period,mktsize,entries,exits,surviv,entryrate,exitrate,survivrate,firms,totresinv,totinninv,totimiinv,costshareinn,firmsres,firmsinn,firmsimi,hindex,div,gini,pcm,cs,totprofits,ts,maxage,minage,avgage,actfirms,inactfirms,profitablefirms,wmc,avgproxopt,price,totoutput,avgoutput,magtechshock
1,32,40,8,32,1.0,0.2,0.8,40,0,0,0,0,0,0,0,389.0045624264125,0.5011084401709401,0.4175828313253014,0.1699335720073276,953494.8096885814,66182.76624375241,1019677.5759323338,0,0,0.0,33,7,32,46.386065093708176,0.5151515151515151,55.88235294117647,7811.764705882353,236.72014260249554,0
2,32,32,18,46,0.5,0.28125,0.71875,64,700,200,500,0.2857142857142857,12,2,10,287.6125370060205,0.4986462466931217,0.508286303075828,0.13899257758942077,988554.948627428,43364.15934891818,1031919.1079763463,1,0,0.5,52,12,32,44.28570016604729,0.5334535256410257,51.43474842767296,7954.088050314468,152.96323173681668,0
3,32,18,12,52,0.28125,0.1875,0.8125,64,1800,1000,800,0.5555555555555556,26,10,16,263.56342653153627,0.49574756117724866,0.45588381307209436,0.13292807841741214,1002880.859733699,38264.54315886124,1041145.4028925602,2,0,1.171875,54,10,37,43.04158156189324,0.5499614197530864,49.64015151515151,8011.515151515138,148.36139169472477,0
4,32,10,5,57,0.16129032258064516,0.08064516129032258,0.9193548387096774,62,1900,1400,500,0.7368421052631579,24,14,10,248.61174240566288,0.4946897585052001,0.40013416554862036,0.12848812481339403,1010938.8429752073,35966.253443526235,1046905.0964187335,3,0,1.8870967741935485,54,8,42,42.387168474984946,0.5601851851851851,48.63636363636364,8043.6363636363685,148.95622895622904,0
5,32,9,6,60,0.13636363636363635,0.09090909090909091,0.9090909090909091,66,1950,1300,650,0.6666666666666666,26,13,13,233.36561790947354,0.49214743589743587,0.3965699793164579,0.12308369447453968,1017562.7818089538,32342.833467705943,1049905.6152766598,4,0,2.4393939393939394,60,6,40,41.92905832430482,0.5638888888888889,47.81420765027323,8069.94535519127,134.49908925318783,0
6,32,8,10,58,0.11764705882352941,0.14705882352941177,0.8529411764705882,68,2200,1500,700,0.6818181818181818,29,15,14,228.74761770129365,0.4901091966637401,0.4069935153347344,0.12275319526749384,1023148.3056185403,31008.547493071077,1054156.8531116114,5,0,3.176470588235294,62,6,39,41.33851510396233,0.5695564516129032,47.12301587301586,8092.063492063464,130.5171530977978,0
7,32,4,2,60,0.06451612903225806,0.03225806451612903,0.967741935483871,62,1900,1400,500,0.7368421052631579,24,14,10,253.69069425546462,0.4888451877313591,0.4319625669526006,0.13281453993374273,1015151.2993947986,37206.88758356047,1052358.186978359,6,0,3.9516129032258065,52,10,39,41.723074022055755,0.5673076923076923,48.11320754716979,8060.377358490535,155.00725689404874,7
8,32,6,4,62,0.09090909090909091,0.06060606060606061,0.9393939393939394,66,2250,1300,950,0.5777777777777777,32,13,19,236.0357366623768,0.49022435897435895,0.42688028729568206,0.1258600980183418,1021097.7747294578,32753.11309251605,1053850.8878219738,7,0,4.515151515151516,53,13,41,41.41372683771124,0.5738993710691824,47.37654320987652,8083.950617283917,152.5273701374324,0
9,32,4,3,63,0.06060606060606061,0.045454545454545456,0.9545454545454546,66,1950,1200,750,0.6153846153846154,27,12,15,226.26422578555812,0.4896367521367522,0.4020204887363561,0.12207180205857884,1024865.32236755,31228.07173999193,1056093.394107542,8,0,5.196969696969697,57,9,41,41.18441905572899,0.5752923976608186,46.91091954022988,8098.850574712629,142.08509780197596,0
10,32,7,2,68,0.1,0.02857142857142857,0.9714285714285714,70,2200,1300,900,0.5909090909090909,31,13,18,213.8590059367064,0.48932022084196,0.40275878375183316,0.11742421972642503,1030470.5791493244,27875.08274077937,1058345.6618901037,9,0,5.571428571428571,61,9,40,40.79243903784623,0.579405737704918,46.219758064516135,8120.96774193549,133.13061872025395,0
11,32,3,3,68,0.04225352112676056,0.04225352112676056,0.9577464788732395,71,2200,1500,700,0.6818181818181818,29,15,14,208.17626546881658,0.48863179074446683,0.39428919441099675,0.11506885882507172,1032584.4301601934,26591.91409039927,1059176.3442505926,10,0,6.338028169014085,65,6,44,40.67107770046387,0.5794871794871794,45.95959595959598,8129.292929292975,125.06604506604576,0
12,32,4,1,71,0.05555555555555555,0.013888888888888888,0.9861111111111112,72,1750,1100,650,0.6285714285714286,24,11,13,202.91468288102982,0.4881243479394888,0.3871594206141431,0.11317184690672791,1035417.4551718486,25870.280913135746,1061287.7360849844,11,0,6.930555555555555,60,12,46,40.449419346177095,0.5862847222222223,45.61133879781421,8140.437158469955,135.67395264116593,0
13,32,5,2,74,0.06578947368421052,0.02631578947368421,0.9736842105263158,76,2900,2400,500,0.8275862068965517,34,24,10,197.6330727332535,0.4867982456140351,0.4035641667318359,0.11177063693233612,1039781.9100091858,22999.058769513475,1062780.9687786992,12,0,7.4605263157894735,65,11,42,40.03761144130755,0.5884615384615385,45.075757575757585,8157.575757575782,125.50116550116587,0
14,32,2,3,73,0.02631578947368421,0.039473684210526314,0.9605263157894737,76,2650,1800,850,0.6792452830188679,35,18,17,201.6535127885973,0.4854422514619883,0.41515200837648547,0.11504299894738322,1042499.4956122469,24194.73707410998,1066694.2326863569,13,0,8.43421052631579,63,13,45,39.595488214414694,0.5930886243386244,44.74283854166665,8168.229166666639,129.65443121693076,0
15,32,3,1,75,0.039473684210526314,0.013157894736842105,0.9868421052631579,76,2850,2000,850,0.7017543859649122,37,20,17,197.59239787344927,0.484594298245614,0.40294505857119556,0.11377612801738252,1045375.1643655414,23261.637080867415,1068636.8014464087,14,0,9.236842105263158,64,12,45,39.340386624869375,0.5960286458333333,44.391025641025614,8179.48717948712,127.80448717948624,0
16,32,1,3,73,0.013157894736842105,0.039473684210526314,0.9605263157894737,76,1800,900,900,0.5,27,9,18,196.28550084486287,0.48436403508771925,0.39971662417382814,0.11347864934680628,1046616.8351762494,24087.141937046737,1070703.977113296,15,0,10.078947368421053,65,11,46,39.219055332716245,0.5969551282051282,44.239267676767646,8184.343434343369,125.91297591297491,0
17,32,1,3,71,0.013513513513513514,0.04054054054054054,0.9594594594594594,74,2550,1700,850,0.6666666666666666,34,17,17,197.6141395403093,0.4829769838331482,0.38615291676516317,0.11488415230902665,1048331.4769436343,24083.02455384734,1072414.5014974817,16,0,10.797297297297296,66,8,43,38.97151866699062,0.5984848484848485,44.029850746268636,8191.044776119358,124.10673903211149,0
18,32,0,2,69,0.0,0.028169014084507043,0.971830985915493,71,2150,1300,850,0.6046511627906976,30,13,17,200.67393265925054,0.4812541918175721,0.36985594069393324,0.1172448125707022,1049860.2138560899,25785.915571396556,1075646.1294274863,17,1,11.71830985915493,66,5,45,38.70288601602329,0.6003787878787878,43.84328358208954,8197.014925373112,124.19719583898654,0
19,32,1,0,70,0.014285714285714285,0.0,1.0,70,2600,1600,1000,0.6153846153846154,36,16,20,204.9468854546063,0.4803269496204279,0.3717188528079898,0.12026374470794135,1051194.521604938,26487.808641975345,1077682.3302469132,18,0,12.785714285714286,59,11,47,38.42736837352122,0.606638418079096,43.68055555555556,8202.222222222219,139.02071563088506,0
20,32,2,1,71,0.027777777777777776,0.013888888888888888,0.9861111111111112,72,1750,1100,650,0.6285714285714286,24,11,13,199.8744745534165,0.47978612415232136,0.3718897328444206,0.11813014610602873,1053382.1829113213,25958.842062666336,1079341.0249739876,19,0,13.402777777777779,61,11,47,38.28547887200974,0.6079234972677596,43.41397849462366,8210.75268817206,134.60250308478788,0
21,32,3,3,71,0.04054054054054054,0.04054054054054054,0.9594594594594594,74,2450,1800,650,0.7346938775510204,31,18,13,192.04622425758672,0.4786614525484389,0.3625256668619956,0.11456132809813782,1056203.0363894154,23317.961037597197,1079520.9974270125,20,0,13.743243243243244,68,6,45,38.1364210588166,0.6070772058823529,43.07065217391305,8221.739130434795,120.90792838874698,0
22,32,0,1,70,0.0,0.014084507042253521,0.9859154929577465,71,2450,1500,950,0.6122448979591837,34,15,19,197.912586395877,0.47752347417840374,0.3544572540493385,0.11837521267353998,1057009.0468057746,25189.078859434376,1082198.125665209,21,1,14.887323943661972,66,5,47,37.88574179369307,0.6092171717171717,42.97263681592041,8224.875621890566,124.61932760440251,0
23,32,3,2,71,0.0410958904109589,0.0273972602739726,0.9726027397260274,73,2000,1200,800,0.6,28,12,16,191.60726119253235,0.4765109715880264,0.3474688409723865,0.11558107265054604,1059573.8995064348,24004.41058310417,1083578.310089539,22,0,15.178082191780822,65,8,52,37.73018245936828,0.6129807692307692,42.66098484848487,8234.848484848539,126.68997668997751,0
24,32,0,2,69,0.0,0.028169014084507043,0.971830985915493,71,2300,1500,800,0.6521739130434783,31,15,16,200.5283929402691,0.47501676727028835,0.35582290807512074,0.12155000928544729,1061032.0553911994,26053.410585141915,1087085.4659763414,23,1,16.239436619718308,64,7,49,37.32004688115835,0.6153971354166667,42.48397435897439,8240.512820512893,128.75801282051395,0
25,32,0,0,69,0.0,0.0,1.0,69,2550,1800,750,0.7058823529411765,33,18,15,201.0218651766043,0.4742380647911339,0.3394891484605944,0.12244059060756836,1062485.2071005953,26366.551610782604,1088851.7587113779,24,2,17.057971014492754,64,5,49,37.12751347429517,0.6171875,42.30769230769232,8246.153846153875,128.8461538461543,0
26,32,0,2,67,0.0,0.028985507246376812,0.9710144927536232,69,2500,1600,900,0.64,34,16,18,201.96422553002253,0.4734477124183007,0.340747364107149,0.12358395193668618,1063867.2233700692,26672.623966942512,1090539.8473370117,25,3,18.057971014492754,65,4,47,36.93230505569838,0.6182692307692308,42.14015151515154,8251.51515151519,126.94638694638753,0
27,32,0,2,65,0.0,0.029850746268656716,0.9701492537313433,67,1700,1200,500,0.7058823529411765,22,12,10,203.3798139351768,0.4732775516357606,0.3275933848365138,0.12462322241364308,1064282.3791503906,28190.710449218743,1092473.0895996094,26,4,19.104477611940297,63,4,52,36.84447179098825,0.6200396825396826,42.08984375,8253.125,131.00198412698413,0
28,32,2,0,67,0.029850746268656716,0.0,1.0,67,1750,800,950,0.45714285714285713,27,8,19,204.13990391932668,0.4713836122418212,0.33247970510463665,0.12628462770287682,1067115.4873438498,28418.170611439677,1095533.6579552896,27,0,19.46268656716418,64,3,42,36.4748164236219,0.6228841145833333,41.74679487179486,8264.10256410254,129.1266025641022,0
29,32,1,1,67,0.014705882352941176,0.014705882352941176,0.9852941176470589,68,1700,1100,600,0.6470588235294118,23,11,12,202.05520087809484,0.4704830626280363,0.33762254901960986,0.12572323610192518,1068837.8698224812,27892.850098619125,1096730.7199211004,28,0,20.16176470588235,64,4,45,36.316111731150784,0.625,41.538461538461526,8270.7692307692,129.23076923076874,0
30,32,1,1,67,0.014705882352941176,0.014705882352941176,0.9852941176470589,68,2500,1600,900,0.64,34,16,18,202.5953206837939,0.4697468539654668,0.34392995116262126,0.1267398634045126,1070428.9940828371,27272.781065088526,1097701.7751479256,29,0,21.058823529411764,64,4,46,36.10594795539029,0.626953125,41.34615384615383,8276.923076923053,129.3269230769227,0
31,32,0,2,65,0.0,0.029850746268656716,0.9701492537313433,67,2100,1100,1000,0.5238095238095238,31,11,20,205.034282980288,0.46882066938037087,0.34177376829991957,0.12851833447376365,1071009.385850691,28418.72829861084,1099428.1141493018,30,1,21.940298507462686,63,4,44,35.97131353799694,0.6283068783068784,41.27604166666665,8279.166666666639,131.41534391534347,0
32,32,0,0,65,0.0,0.0,1.0,65,2100,1600,500,0.7619047619047619,26,16,10,205.26159780599394,0.46732772435897435,0.3219062914195623,0.12901462167236755,1071818.0508083703,28900.617133246145,1100718.6679416164,31,2,22.70769230769231,63,2,46,35.86577160105648,0.6292989417989419,41.17838541666664,8282.291666666617,131.4649470899463,0
33,32,1,2,64,0.015151515151515152,0.030303030303030304,0.9696969696969697,66,2600,2100,500,0.8076923076923077,31,21,10,205.39229194304895,0.46663267288267285,0.3327099492105998,0.12983009834475903,1073481.9567718569,28296.98389217597,1101778.940664033,32,0,23.348484848484848,64,2,42,35.65744292519951,0.6306966145833333,40.97756410256409,8288.71794871792,129.5112179487175,0
34,32,0,2,62,0.0,0.03125,0.96875,64,1900,1200,700,0.631578947368421,26,12,14,205.72019871339975,0.46549995866402116,0.31139653110047916,0.13060607998511678,1074760.054484754,29519.97039556548,1104280.0248803196,33,1,24.234375,62,2,45,35.49162679425836,0.6335685483870968,40.82341269841269,8293.650793650773,133.7685611879157,0
35,32,0,1,61,0.0,0.016129032258064516,0.9838709677419355,62,2000,1300,700,0.65,27,13,14,207.6309231855933,0.4641779041071743,0.2971603875314506,0.13243764174763747,1076127.3702162132,30287.463868655555,1106414.8340848687,34,2,24.951612903225808,61,1,46,35.27387276496504,0.6359289617486339,40.65860215053765,8298.92473118282,136.0479464128331,0
36,32,0,0,61,0.0,0.0,1.0,61,1950,1500,450,0.7692307692307693,24,15,9,211.15787440085006,0.46301229508196723,0.2947309533864595,0.13515008278033044,1077126.8566743876,31338.763503086753,1108465.6201774743,35,3,25.83606557377049,59,2,44,35.05945410951267,0.6385946327683616,40.538194444444464,8302.777777777816,140.72504708097992,0
37,32,1,0,62,0.016129032258064516,0.0,1.0,62,1950,1200,750,0.6153846153846154,27,12,15,209.93399678067428,0.46204609554027853,0.2982810405389327,0.1352828908068014,1079100.8988025992,30957.992923049827,1110058.891725649,36,0,26.403225806451612,60,2,48,34.8485720234964,0.6402777777777777,40.30054644808746,8310.38251366126,138.50637522768767,0
38,32,0,2,60,0.0,0.03225806451612903,0.967741935483871,62,1750,1300,450,0.7428571428571429,22,13,9,210.72307398169875,0.4612473558963512,0.2994602103260835,0.1363616344017141,1080314.3607642555,31379.432593363774,1111693.7933576193,37,1,27.403225806451612,61,1,47,34.67902711323766,0.6410519125683061,40.15456989247314,8315.053763440903,136.3123567777197,0
39,32,0,1,59,0.0,0.016666666666666666,0.9833333333333333,60,1750,1000,750,0.5714285714285714,25,10,15,221.76206444047983,0.4599399717514124,0.3083722897466712,0.14400109076026701,1081311.130401239,34208.75771604972,1115519.8881172887,38,2,28.333333333333332,59,1,48,34.26967855393796,0.6437146892655368,40.03472222222224,8318.888888888923,140.99811676082922,0
40,32,2,2,59,0.03278688524590164,0.03278688524590164,0.9672131147540983,61,1950,1300,650,0.6666666666666666,26,13,13,218.70231486602646,0.45916438979963575,0.3068430652025358,0.14281739249823933,1082935.9313879223,33218.119009227164,1116154.0503971495,39,0,28.229508196721312,60,1,41,34.1497100973635,0.6449652777777778,39.839480874316955,8325.136612021888,138.75227686703147,0
41,32,0,0,59,0.0,0.0,1.0,59,2100,1400,700,0.6666666666666666,28,14,14,224.115923383057,0.4578828170660432,0.3009282527662991,0.14646547063840867,1083157.6225302457,34650.57414855265,1117808.1966787984,40,4,30.1864406779661,58,1,42,33.98164483951959,0.6467313218390804,39.812853107344644,8325.988700564989,143.55152932008602,0
42,32,0,0,59,0.0,0.0,1.0,59,2000,1600,400,0.8,24,16,8,226.69518176767457,0.4567991428014806,0.3042618263065269,0.14891197530191122,1084628.1051501844,35375.99308947007,1120004.0982396544,41,5,31.1864406779661,58,1,47,33.73397979250017,0.6485272988505747,39.63629943502826,8331.638418079126,143.64893824274355,0
43,32,0,0,59,0.0,0.0,1.0,59,1550,900,650,0.5806451612903226,22,9,13,226.4608481575895,0.45567894019092153,0.3076783474461413,0.1494479550721554,1085952.3923521347,35835.13996616563,1121787.5323183003,42,6,32.186440677966104,58,1,46,33.57758425951029,0.6501436781609196,39.47740112994351,8336.723163841816,143.73660627313475,0
44,32,0,0,59,0.0,0.0,1.0,59,2150,1500,650,0.6976744186046512,28,15,13,230.45686979196594,0.45442480031170857,0.31922434214150597,0.15302999339423373,1087719.3654441587,36184.48003447296,1123903.8454786316,43,7,33.186440677966104,58,1,44,33.25673189779702,0.6522988505747127,39.26553672316385,8343.50282485877,143.85349698032363,0
45,32,0,0,59,0.0,0.0,1.0,59,2150,1600,550,0.7441860465116279,27,16,11,228.88031544170502,0.4538890512370933,0.31485749884982583,0.15237714736459246,1088456.0281608088,35875.23181397423,1124331.259974783,44,8,34.186440677966104,58,1,44,33.207540783862456,0.6531968390804598,39.17725988700565,8346.327683615815,143.90220144165198,0
46,32,1,1,59,0.016666666666666666,0.016666666666666666,0.9833333333333333,60,2250,2000,250,0.8888888888888888,25,20,5,243.1302327789808,0.4530014124293786,0.38675083662914633,0.1510716588174874,1068427.7718444655,37703.418575214426,1106131.19041968,45,0,34.6,52,8,39,35.305274566474,0.6338141025641026,41.5880503144654,8269.182389937087,159.0227382680209,8
47,32,0,0,59,0.0,0.0,1.0,59,1950,1200,750,0.6153846153846154,27,12,15,248.16066219402987,0.45226962789791547,0.38676532003246455,0.15472277808097365,1069434.4027366887,39328.309911242824,1108762.7126479317,46,1,35.52542372881356,51,8,40,35.0505578800558,0.6360294117647058,41.46634615384617,8273.076923076942,162.21719457013612,0
48,32,0,0,59,0.0,0.0,1.0,59,1650,1200,450,0.7272727272727273,21,12,9,250.3656541408777,0.4522087473212546,0.391369430598814,0.1562727206794222,1069765.8818211716,40116.52695595015,1109882.4087771217,47,2,36.52542372881356,51,8,42,34.95248424749511,0.636437908496732,41.42628205128206,8274.358974358984,162.2423328305683,0
49,32,0,0,59,0.0,0.0,1.0,59,1800,1000,800,0.5555555555555556,26,10,16,251.46164448635918,0.45157558932398206,0.39434993254982653,0.1576640097177582,1071092.3118014478,40267.72682445772,1111360.0386259055,48,3,37.52542372881356,51,8,40,34.75985857334575,0.6380718954248366,41.26602564102565,8279.48717948719,162.34288587229784,0
50,32,1,0,60,0.016666666666666666,0.0,1.0,60,1700,1000,700,0.5882352941176471,24,10,14,250.11863868631835,0.45182438794726926,0.4013108614232199,0.15748387709255218,1072331.8895613325,39942.03848740172,1112273.9280487343,49,0,37.88333333333333,52,8,42,34.64118964470086,0.6386217948717949,41.11635220125787,8284.276729559764,159.31301402999546,0
51,32,2,0,62,0.03225806451612903,0.0,1.0,62,1650,900,750,0.5454545454545454,24,9,15,281.6267765213118,0.453326062048299,0.47607048605924307,0.16578402640845674,1052163.0625000014,45213.45833333345,1097376.520833335,50,0,37.62903225806452,49,13,39,36.34053334958161,0.6167091836734694,43.56250000000001,8206.000000000011,167.46938775510228,8
52,32,2,1,63,0.03125,0.015625,0.984375,64,1400,500,900,0.35714285714285715,23,5,18,277.1808231860665,0.4541015625,0.47867003621001825,0.1600308794492376,1046200.6553878975,43797.351775643896,1089998.0071635414,51,0,37.421875,53,11,37,37.20233604908469,0.6053459119496856,44.29012345679012,8182.7160493827105,154.39086885627756,8
53,32,3,2,64,0.045454545454545456,0.030303030303030304,0.9696969696969697,66,2250,1600,650,0.7111111111111111,29,16,13,267.3058636722619,0.45498737373737375,0.4750160717902665,0.1556344292548647,1048795.440051017,40619.83418367322,1089415.2742346902,52,0,37.21212121212121,55,11,38,37.12946817785526,0.6068181818181818,43.97321428571427,8192.857142857116,148.96103896103847,0
54,32,2,0,66,0.030303030303030304,0.0,1.0,66,2250,1400,850,0.6222222222222222,31,14,17,265.65707029493296,0.45449689199689197,0.4729455755846641,0.15544708370346202,1050325.3137717554,40355.26914264196,1090680.5829143974,53,0,38.18181818181818,56,10,41,36.98005825011888,0.6078869047619048,43.786549707602326,8198.830409356699,146.40768588136962,0
55,32,0,0,66,0.0,0.0,1.0,66,1900,1200,700,0.631578947368421,26,12,14,267.1634913487388,0.4540112665112665,0.47628577488591106,0.156724119626962,1051099.5906207121,41063.08727709184,1092162.677897804,54,1,39.18181818181818,53,13,42,36.84451907879885,0.6114386792452831,43.692129629629626,8201.851851851843,154.75192173305365,0
56,32,1,0,67,0.014925373134328358,0.0,1.0,67,2050,1300,750,0.6341463414634146,28,13,15,263.26285610697664,0.45528983868536105,0.4763907533665297,0.15513949510011657,1052489.4628099177,39966.276400367315,1092455.739210285,55,0,39.582089552238806,54,13,41,36.77063333825629,0.6122685185185186,43.52272727272727,8207.27272727273,151.98653198653204,0
57,32,1,0,68,0.014705882352941176,0.0,1.0,68,1400,900,500,0.6428571428571429,19,9,10,261.2307230150577,0.45626646180860403,0.4817215623747686,0.15469791914857337,1053983.3342191027,40066.5656887754,1094049.8999078781,56,0,39.98529411764706,55,13,41,36.63604628690148,0.6132575757575758,43.3407738095238,8213.095238095226,149.3290043290041,0
58,32,3,0,71,0.04225352112676056,0.0,1.0,71,2550,1500,1050,0.5882352941176471,36,15,21,267.82840578719845,0.4566566063044936,0.5118128274393092,0.1610498713122781,1058621.7162725066,39955.79332019464,1098577.5095927012,57,0,39.25352112676056,60,11,42,35.88746708269711,0.6151041666666667,42.77663934426229,8231.147540983602,137.1857923497267,0
59,32,0,0,71,0.0,0.0,1.0,71,2500,1900,600,0.76,31,19,12,263.5164169001134,0.455826626425218,0.5044998150171647,0.15917947397250395,1059993.2755824532,39165.1259839405,1099158.4015663937,58,1,40.25352112676056,52,19,41,35.8274154958257,0.6233974358974359,42.61006289308176,8236.477987421384,158.39380745041123,0
60,32,1,0,72,0.013888888888888888,0.0,1.0,72,2850,1900,950,0.6666666666666666,38,19,19,259.5179988333084,0.45515046296296297,0.505191106210952,0.15797505029651715,1062305.010330578,37887.454086317695,1100192.4644168958,59,0,40.68055555555556,54,18,39,35.642533382334925,0.6244212962962963,42.32954545454545,8245.454545454542,152.69360269360263,0
61,32,0,0,72,0.0,0.0,1.0,72,2250,1600,650,0.7111111111111111,29,16,13,280.538593557147,0.4549752217005738,0.5402563566444469,0.1660803180992963,1053888.894628097,42481.30165289243,1096370.1962809896,60,1,41.68055555555556,54,18,39,36.15231348239981,0.6140046296296297,43.35227272727272,8212.727272727258,152.0875420875418,8
62,32,1,0,73,0.0136986301369863,0.0,1.0,73,2550,1800,750,0.7058823529411765,33,18,15,276.7978874272582,0.45593924403855907,0.5406533192834566,0.16465098960939228,1055342.9283921253,41273.3386180473,1096616.2670101726,61,0,42.0958904109589,57,16,39,36.06643356643358,0.6133040935672515,43.17528735632184,8218.390804597699,144.18229481750348,0
63,32,1,2,72,0.013513513513513514,0.02702702702702703,0.972972972972973,74,2450,1900,550,0.7755102040816326,30,19,11,278.14924601497387,0.455440886091571,0.5454299079299074,0.16652356175896463,1057295.157840978,41567.17019375015,1098862.328034728,62,0,42.513513513513516,58,16,37,35.787688873626344,0.6149425287356323,42.93785310734463,8225.98870056497,141.82739138905123,0
64,32,2,0,74,0.02702702702702703,0.0,1.0,74,2050,1500,550,0.7317073170731707,26,15,11,275.78513256312374,0.4548315438726398,0.545354999274202,0.16641670258517863,1059678.8772292084,41598.73592619992,1101277.6131554083,63,0,43.472972972972975,51,23,40,35.55085817700628,0.6239787581699346,42.64823717948718,8235.256410256416,161.4756158873807,0
65,32,2,0,76,0.02631578947368421,0.0,1.0,76,2950,2300,650,0.7796610169491526,36,23,13,270.3028014198211,0.4546783625730994,0.5432578734647724,0.16481108553496499,1062798.2167590037,39305.46706678985,1102103.6838257934,64,0,43.30263157894737,56,20,39,35.30321562788061,0.6233258928571428,42.26973684210527,8247.368421052639,147.2744360902257,0
66,32,2,2,76,0.02564102564102564,0.02564102564102564,0.9743589743589743,78,2250,1500,750,0.6666666666666666,30,15,15,267.64940789652667,0.45579767454767456,0.5530212447310894,0.16442901408641125,1065052.6668595695,39162.14313271618,1104214.8099922857,65,0,43.166666666666664,59,19,36,35.09108012022523,0.6237641242937852,41.996527777777786,8256.111111111124,139.9340866290021,0
67,32,0,0,76,0.0,0.0,1.0,76,1950,1400,550,0.717948717948718,25,14,11,269.05228259382835,0.45480994152046783,0.5459367937555637,0.16556797638504134,1065551.927475557,40187.83566191034,1105739.7631374672,66,1,44.921052631578945,57,19,37,34.99279409376668,0.6259137426900585,41.9360632183908,8258.045977011485,144.87799959669272,0
68,32,0,0,76,0.0,0.0,1.0,76,2450,1900,550,0.7755102040816326,30,19,11,269.71396294884903,0.4542872807017544,0.5474086816484884,0.16688841597265275,1067183.9906196333,39916.88466111774,1107100.8752807511,67,2,45.921052631578945,57,19,39,34.77283263792304,0.6279239766081872,41.73850574712644,8264.367816091959,144.98890905424489,0
69,32,0,1,75,0.0,0.013157894736842105,0.9868421052631579,76,2850,2100,750,0.7368421052631579,36,21,15,265.196893034706,0.4538413742690059,0.5388017415496329,0.16459903546370952,1068096.7316338967,38601.1869379667,1106697.9185718633,68,3,46.921052631578945,53,23,39,34.77614354686176,0.6324685534591195,41.62808641975308,8267.901234567897,155.99813650128107,0
70,32,2,0,77,0.025974025974025976,0.0,1.0,77,3550,2800,750,0.7887323943661971,43,28,15,261.50284393116755,0.45349168375484167,0.5393058971212048,0.16442892333041986,1071933.5992860673,37112.736943735734,1109046.336229803,69,0,46.45454545454545,55,22,40,34.39581087555397,0.6354166666666667,41.16443452380952,8282.738095238084,150.5952380952379,0
71,32,1,1,77,0.01282051282051282,0.01282051282051282,0.9871794871794872,78,1950,1100,850,0.5641025641025641,28,11,17,258.5895970038157,0.45332792207792205,0.5403412278540098,0.16345402747276908,1073477.4539962949,37968.020444316644,1111445.4744406114,70,0,46.84615384615385,58,20,39,34.2800706609411,0.6348778735632183,40.97810734463276,8288.700564971732,142.9086304305471,0
72,32,0,0,77,0.0,0.0,1.0,77,2200,1400,800,0.6363636363636364,30,14,16,266.41363800291236,0.4522955115060378,0.5541294313224134,0.16205952129900483,1062095.8725286995,38991.36506164968,1101087.237590349,71,1,47.55844155844156,55,22,38,35.49089415926649,0.6232954545454545,42.354910714285715,8244.64285714286,149.90259740259745,6
73,32,0,0,77,0.0,0.0,1.0,77,2100,1200,900,0.5714285714285714,30,12,18,264.59436295481134,0.45240943267259054,0.5515989386957136,0.16144800032870188,1063016.2328603312,38753.62058886052,1101769.8534491917,72,2,48.55844155844156,55,22,39,35.42320668254312,0.6244318181818183,42.24330357142857,8248.214285714283,149.9675324675324,0
74,32,1,0,78,0.01282051282051282,0.0,1.0,78,2100,1400,700,0.6666666666666666,28,14,14,263.2285394688776,0.4526896714396715,0.554568710063644,0.16130891782563042,1064305.945632844,38331.13992339522,1102637.0855562391,73,0,48.92307692307692,56,22,41,35.29798176622028,0.6251860119047619,42.086988304093566,8253.216374269003,147.3788638262322,0
75,32,0,1,77,0.0,0.01282051282051282,0.9871794871794872,78,2450,1700,750,0.6938775510204082,32,17,15,260.61876482368143,0.4524052336552336,0.5511022862839301,0.1603571929444534,1065512.898199445,37488.531086488074,1103001.4292859333,74,1,49.92307692307692,56,22,37,35.21528220380992,0.6266741071428572,41.940789473684205,8257.8947368421,147.4624060150375,0
76,32,0,1,76,0.0,0.012987012987012988,0.987012987012987,77,2250,1600,650,0.7111111111111111,29,16,13,264.3915786056328,0.45123462064251535,0.552511992511993,0.16282437430772986,1065779.7054368616,38706.63575325959,1104486.3411901211,75,5,51.55844155844156,55,22,37,35.084759759759756,0.6278409090909092,41.90848214285714,8258.928571428565,150.16233766233753,0
77,32,0,0,76,0.0,0.0,1.0,76,1950,1100,850,0.5641025641025641,28,11,17,265.8950482347872,0.45126461988304095,0.5498376949651311,0.16408881166965794,1066394.2976279038,39559.7926410146,1105954.0902689183,76,6,53.026315789473685,55,21,37,34.96957333621537,0.6285984848484849,41.83407738095237,8261.30952380951,150.20562770562745,0
78,32,2,0,78,0.02564102564102564,0.0,1.0,78,1900,1000,900,0.5263157894736842,28,10,18,258.3034484811614,0.45256132756132755,0.5481307365122012,0.16092629070646358,1069213.4452160452,37736.304012345354,1106949.7492283906,77,0,52.64102564102564,53,25,41,34.81573203492276,0.6338443396226415,41.493055555555536,8272.22222222219,156.07966457023,0
79,32,0,0,78,0.0,0.0,1.0,78,2350,1600,750,0.6808510638297872,31,16,15,256.98575204217127,0.45228035853035853,0.5446967435766041,0.16094307139587366,1070754.5971074342,37083.735078053,1107838.3321854873,78,1,53.64102564102564,54,24,36,34.65877199404544,0.634837962962963,41.306818181818166,8278.181818181789,153.29966329966277,0
80,32,0,0,78,0.0,0.0,1.0,78,2700,2100,600,0.7777777777777778,33,21,12,257.94374201399194,0.4518641081141081,0.5459336049766257,0.16231929400769937,1072166.1157024757,37011.70798898043,1109177.823691456,79,2,54.64102564102564,54,24,42,34.459138132865085,0.6365740740740741,41.13636363636362,8283.636363636335,153.40067340067287,0
81,32,2,0,80,0.025,0.0,1.0,80,2750,1800,950,0.6545454545454545,37,18,19,251.9904576325802,0.45118011603375524,0.5423565082498942,0.1599699494245862,1074738.4024144188,35414.76437194353,1110153.1667863622,80,0,54.25,56,24,36,34.29508649461757,0.6380208333333333,40.82602339181287,8293.567251461995,148.09941520467848,0
82,32,0,0,80,0.0,0.0,1.0,80,2100,1100,1000,0.5238095238095238,31,11,20,253.9554401452747,0.45089992088607594,0.5451996264712105,0.1618039398393038,1075799.6103501907,36541.0327109194,1112340.64306111,81,1,55.25,56,24,37,34.1129865858529,0.6393229166666667,40.698099415204666,8297.66081871343,148.17251461988266,0
83,32,0,2,78,0.0,0.025,0.975,80,3200,2300,900,0.71875,41,23,18,256.2205237386117,0.44996044303797467,0.5495431016268748,0.16409901743638003,1077316.53008618,36006.121114188936,1113322.651200369,82,2,56.25,56,24,36,33.86682160715544,0.6411830357142857,40.51535087719298,8303.50877192982,148.27694235588964,0
84,32,0,1,77,0.0,0.01282051282051282,0.9871794871794872,78,2650,2200,450,0.8301886792452831,31,22,9,259.90481510090086,0.44853063603063603,0.5450091411037312,0.16691080049392873,1078105.208554776,37790.946977749445,1115896.1555325254,83,3,58.30769230769231,55,23,39,33.673787770213785,0.6429924242424243,40.420386904761905,8306.547619047618,151.02813852813853,0
85,32,0,1,76,0.0,0.012987012987012988,0.987012987012987,77,2400,1700,700,0.7083333333333334,31,17,14,260.6973670166907,0.44775290498974707,0.5409890968630215,0.16786601676905033,1078877.905328801,38452.12585034032,1117330.0311791413,84,4,59.116883116883116,55,22,39,33.55778414517668,0.6439393939393939,40.32738095238096,8309.523809523831,151.08225108225147,0
86,32,0,0,76,0.0,0.0,1.0,76,2750,2000,750,0.7272727272727273,35,20,15,261.83984102961165,0.446765350877193,0.5352604445382387,0.16914223958462365,1079805.5068381543,38597.220450680405,1118402.7272888348,85,5,60.61842105263158,55,21,39,33.41358776075231,0.6450757575757575,40.21577380952382,8313.095238095255,151.14718614718646,0
87,32,0,0,76,0.0,0.0,1.0,76,2600,1500,1100,0.5769230769230769,37,15,22,258.980789231985,0.445968567251462,0.5317192354768849,0.1681029507439385,1081197.6564714445,38201.884477749554,1119399.540949194,86,6,61.61842105263158,55,21,40,33.31611508646393,0.646780303030303,40.0483630952381,8318.452380952394,151.24458874458898,0
88,32,1,1,76,0.012987012987012988,0.012987012987012988,0.987012987012987,77,2550,1700,850,0.6666666666666666,34,17,17,260.2948729614353,0.44621496924128506,0.5379267679555737,0.16971034937517704,1082482.0511011956,38402.90559488403,1120884.9566960796,87,0,61.8051948051948,56,21,38,33.12358017752172,0.6475074404761905,39.894005847953224,8323.391812865513,148.63199665831274,0
89,32,0,1,75,0.0,0.013157894736842105,0.9868421052631579,76,2350,1600,750,0.6808510638297872,31,16,15,281.30235833284235,0.44497076023391813,0.5766430438315846,0.1738850089471029,1066887.1589708037,42473.574778702736,1109360.7337495065,88,8,63.61842105263158,57,19,35,34.51047897250429,0.6275584795321638,41.77442528735633,8263.218390804612,144.96874369832653,8
90,32,0,0,75,0.0,0.0,1.0,75,2400,2100,300,0.875,27,21,6,280.2277163115155,0.44425675675675674,0.5697232651926021,0.17356739948286876,1067480.8635552903,42427.54492006864,1109908.408475359,89,9,65.14666666666666,57,18,36,34.46437676725538,0.6282894736842105,41.70258620689655,8265.517241379303,145.0090744101632,0
91,32,1,0,76,0.013157894736842105,0.0,1.0,76,2600,1800,800,0.6923076923076923,34,18,16,264.0193468336626,0.4448611111111111,0.5467211458212484,0.1577944783052186,1056777.9883126423,38001.9668444991,1094779.9551571414,90,0,65.27631578947368,56,20,37,36.21545308018678,0.6158854166666667,43.00073099415204,8223.976608187128,146.8567251461987,8
92,32,0,0,76,0.0,0.0,1.0,76,2100,1300,800,0.6190476190476191,29,13,16,238.8778652887141,0.4445504385964912,0.5025834507889577,0.1436457233923886,1058630.784628281,33276.69239218405,1091907.4770204648,91,1,66.27631578947368,61,15,36,36.63101458741563,0.6144125683060109,42.7755376344086,8231.182795698925,134.93742288031027,8
93,32,1,1,76,0.012987012987012988,0.012987012987012988,0.987012987012987,77,2800,1800,1000,0.6428571428571429,38,18,20,260.7814009131064,0.44471263385737075,0.5490149560970905,0.15021050907309716,1045476.8680225224,36328.18445303186,1081805.0524755544,92,0,66.40259740259741,57,20,36,37.71246106466192,0.6010599415204678,44.37859195402297,8179.885057471235,143.5067553942322,8
94,32,2,2,76,0.02564102564102564,0.02564102564102564,0.9743589743589743,78,2800,1900,900,0.6785714285714286,37,19,18,254.45998066205726,0.4454954767454768,0.5427755417744751,0.14755527671208415,1047546.6571112867,34911.74042222795,1082458.3975335145,93,0,65.34615384615384,60,18,36,37.61470568606512,0.6013888888888889,44.125683060109274,8187.978142076474,136.46630236794124,0
95,32,0,1,75,0.0,0.013157894736842105,0.9868421052631579,76,2400,1600,800,0.6666666666666666,32,16,16,266.12347205707505,0.44186403508771926,0.5494029038112529,0.15484712459179734,1048599.1413706155,38211.36885952319,1086810.5102301387,94,2,68.0657894736842,58,18,36,37.184339080459786,0.6041666666666667,43.99717514124294,8192.090395480229,141.2429378531074,0
96,32,3,0,78,0.038461538461538464,0.0,1.0,78,2700,2200,500,0.8148148148148148,32,22,10,258.9242738862946,0.44378885003885005,0.5499222568799351,0.15235009752918474,1052023.1921487597,36178.86822773185,1088202.0603764916,95,0,66.21794871794872,54,24,40,36.94019745426793,0.6116898148148149,43.57954545454545,8205.45454545454,151.95286195286187,0
97,32,0,1,77,0.0,0.01282051282051282,0.9871794871794872,78,1950,1200,750,0.6153846153846154,27,12,15,259.9509584896719,0.4435390997890998,0.5519215896246055,0.15347789466992973,1053066.8934240374,37199.149659864015,1090266.0430839013,96,1,67.21794871794872,55,23,39,36.78340100541375,0.6121212121212121,43.452380952380956,8209.523809523818,149.26406926406943,0
98,32,0,0,77,0.0,0.0,1.0,77,2550,1800,750,0.7058823529411765,33,18,15,260.59558012554305,0.4425338915470494,0.5479369339147939,0.15419520134065964,1053733.3562901737,36969.651056014634,1090703.0073461884,97,2,69.01298701298701,54,23,37,36.68357933579335,0.6138117283950617,43.37121212121212,8212.121212121207,152.0763187429853,0
99,32,1,1,77,0.01282051282051282,0.01282051282051282,0.9871794871794872,78,2800,2200,600,0.7857142857142857,34,22,12,259.4867377810215,0.44369866244866246,0.5528236703535503,0.15420638893960423,1055053.0189289271,36354.45321357719,1091407.4721425043,98,0,69.11538461538461,55,23,41,36.54722021006881,0.6145833333333333,43.21056547619048,8217.261904761916,149.4047619047621,0
100,32,6,0,83,0.07228915662650602,0.0,1.0,83,2200,1500,700,0.6818181818181818,29,15,14,244.034766377337,0.44663409736507004,0.5527218549786568,0.14760488424034152,1060388.0734670523,32954.31115556945,1093342.3846226218,99,0,64.72289156626506,56,27,39,36.27975556659805,0.6203497023809523,42.56213450292399,8238.011695906453,147.1073517126152,0
101,32,2,0,85,0.023529411764705882,0.0,1.0,85,2750,1800,950,0.6545454545454545,37,18,19,233.03374504635195,0.44672035480859007,0.5363334078878699,0.13866035055925455,1055435.1806640609,29440.402560763767,1084875.5832248246,100,0,64.17647058823529,63,22,44,37.178918462188435,0.6091269841269842,43.16406249999999,8218.749999999987,130.45634920634902,8
102,32,3,0,88,0.03409090909090909,0.0,1.0,88,3000,2000,1000,0.6666666666666666,40,20,20,223.8050724810445,0.4483411703239289,0.5368690627621859,0.13477254185439744,1059057.9081663308,26804.50637975785,1085862.4145460885,101,0,62.95454545454545,67,21,43,36.96567678872681,0.6111629353233831,42.723651960784316,8232.843137254906,122.87825577992396,0
103,32,0,1,87,0.0,0.011363636363636364,0.9886363636363636,88,2650,1700,950,0.6415094339622641,36,17,19,226.64009082686653,0.4484554597701149,0.542374836402234,0.1369196829271894,1060027.7749783567,27798.95824001944,1087826.733218376,102,1,63.95454545454545,60,28,41,36.77229151462879,0.6168402777777777,42.60587431693991,8236.612021857967,137.27686703096612,0
104,32,3,1,89,0.03333333333333333,0.011111111111111112,0.9888888888888889,90,2450,1800,650,0.7346938775510204,31,18,13,219.7319828257468,0.44921452351227636,0.5376258699453329,0.13365989738515072,1062088.7943786988,26224.97534516771,1088313.7697238666,103,0,63.455555555555556,64,26,45,36.694501461715504,0.61669921875,42.35576923076923,8244.615384615388,128.82211538461544,0
105,32,1,0,90,0.011111111111111112,0.0,1.0,90,2600,1600,1000,0.6153846153846154,36,16,20,216.18530372138738,0.4483016021639617,0.5276846379608413,0.13208491917126194,1063412.4310041852,25378.827875547806,1088791.258879733,104,0,64.4,66,24,46,36.62191432476989,0.6171085858585859,42.195273631840806,8249.751243781111,124.99623096638047,0
106,32,0,0,90,0.0,0.0,1.0,90,3700,2800,900,0.7567567567567568,46,28,18,217.05066751214628,0.4475525384935497,0.5304278243168126,0.13324164728187377,1064823.770605927,24524.14203856345,1089347.9126444906,105,1,65.4,66,24,38,36.42487293838766,0.618844696969697,42.024253731343286,8255.223880597026,125.07914970601556,0
107,32,1,1,90,0.01098901098901099,0.01098901098901099,0.989010989010989,91,2300,1500,800,0.6521739130434783,31,15,16,221.35998379839563,0.44818884818884824,0.5394880490429457,0.13642705658386875,1066005.6378556343,26694.198144944407,1092699.8360005787,106,0,65.67032967032966,67,24,39,36.16740850642932,0.6197139303482587,41.8811274509804,8259.803921568642,123.28065554580063,0
108,32,2,2,90,0.021739130434782608,0.021739130434782608,0.9782608695652174,92,2600,1900,700,0.7307692307692307,33,19,14,224.05882932103913,0.44882246376811596,0.5506068772114299,0.13916893483180107,1068316.0400390686,26873.128255208667,1095189.1682942773,107,0,65.91304347826087,63,29,38,35.811917359536395,0.625,41.60156250000002,8268.750000000047,131.25000000000074,0
109,32,1,1,90,0.01098901098901099,0.01098901098901099,0.989010989010989,91,2550,1500,1050,0.5882352941176471,36,15,21,224.90288081310678,0.4476190476190476,0.5472362985316364,0.1400201806352568,1069008.2908163269,27334.608843537477,1096342.8996598644,108,0,67.53846153846153,62,29,45,35.704519286125525,0.6265120967741935,41.517857142857146,8271.428571428574,133.41013824884797,0
110,32,0,1,89,0.0,0.011111111111111112,0.9888888888888889,90,2350,1400,950,0.5957446808510638,33,14,19,223.61379481437694,0.4471702039117769,0.5394096457174833,0.1394623137269879,1069527.626037599,27482.226223415928,1097009.852261015,109,1,68.7,63,27,46,35.673657013954504,0.6264880952380952,41.45507812500001,8273.437500000011,131.32440476190493,0
111,32,1,1,89,0.011111111111111112,0.011111111111111112,0.9888888888888889,90,2800,1700,1100,0.6071428571428571,39,17,22,220.96529075515537,0.4468632958801498,0.5333271402324473,0.13866795763013984,1071357.6964168327,26546.572978303855,1097904.2693951365,110,0,69.05555555555556,64,26,40,35.51614334964184,0.6280924479166667,41.233974358974365,8280.512820512833,129.38301282051302,0
112,32,0,0,89,0.0,0.0,1.0,89,3100,2300,800,0.7419354838709677,39,23,16,218.5755400721261,0.44600676710929515,0.5235130642909378,0.13762766867432707,1072341.467224147,25977.52306805089,1098318.9902921978,111,1,70.10112359550561,67,22,43,35.45660749506904,0.6274875621890548,41.11519607843138,8284.313725490214,123.64647351477932,0
113,32,0,0,89,0.0,0.0,1.0,89,2100,1400,700,0.6666666666666666,28,14,14,218.89678572456467,0.44563968335035753,0.5257815485744859,0.13812803892026002,1072976.0826665226,27074.20313100732,1100050.2857975299,112,2,71.10112359550561,67,22,31,35.370021196884544,0.6282649253731343,41.03860294117647,8286.764705882353,123.68305531167691,0
114,32,0,1,88,0.0,0.011235955056179775,0.9887640449438202,89,2850,1900,950,0.6666666666666666,38,19,19,217.557743992313,0.4452247191011236,0.5210576550146839,0.13779184724082089,1074060.8028628137,26084.049036281293,1100144.8518990949,113,3,72.10112359550561,69,20,32,35.270985296651546,0.6284722222222222,40.9077380952381,8290.952380952394,120.15873015873035,0
115,32,0,1,87,0.0,0.011363636363636364,0.9886363636363636,88,2800,1800,1000,0.6428571428571429,38,18,20,219.3617788877524,0.44469207157784746,0.5188915479651546,0.13928633258796888,1074801.1940192753,26754.06037414974,1101555.254393425,114,4,72.6590909090909,69,19,35,35.1329998468929,0.6293780193236715,40.81845238095239,8293.809523809532,120.2001380262251,0
116,32,1,1,87,0.011363636363636364,0.011363636363636364,0.9886363636363636,88,2000,1300,700,0.65,27,13,14,219.8351639489687,0.4443818573667711,0.5215863453815262,0.14035629698280305,1076406.2499999998,27726.388888888887,1104132.6388888888,115,0,72.36363636363636,65,23,39,34.92302543507364,0.6336538461538461,40.625,8299.999999999998,127.69230769230766,0
117,32,1,0,88,0.011363636363636364,0.0,1.0,88,2500,1800,700,0.72,32,18,14,222.51886079379335,0.44409613375130613,0.52969111601187,0.14282785009428606,1077955.3143795952,27873.0777084726,1105828.3920880677,116,0,73.27272727272727,66,22,40,34.66269841269841,0.6349431818181819,40.4384328358209,8305.970149253737,125.84803256445056,0
118,32,2,0,90,0.022222222222222223,0.0,1.0,90,2300,1500,800,0.6521739130434783,31,15,16,224.96991985616955,0.44509727424053264,0.5431544217818856,0.14538142511471305,1079917.5629827962,28289.793519101728,1108207.356501898,117,0,72.62222222222222,68,22,41,34.3576277916594,0.6361825980392157,40.202294685990324,8313.526570048278,122.25774367718056,0
119,32,1,0,91,0.01098901098901099,0.0,1.0,91,3250,2500,750,0.7692307692307693,40,25,15,224.31478916891183,0.4453144078144078,0.54732577490968,0.14554943362216785,1081094.5035204445,27051.097125771426,1108145.600646216,118,0,72.81318681318682,71,20,40,34.2299423943897,0.6360035211267605,40.06076388888888,8318.055555555531,117.15571205007791,0
120,32,1,0,92,0.010869565217391304,0.0,1.0,92,3250,2500,750,0.7692307692307693,40,25,15,226.8201928526008,0.44534858257684345,0.5608333604095799,0.14826411349967228,1083218.3827160455,27489.160493826923,1110707.5432098724,119,0,73.01086956521739,74,18,38,33.90382014874916,0.6371058558558558,39.80555555555554,8326.222222222192,112.5165165165161,0
121,32,2,4,90,0.02127659574468085,0.0425531914893617,0.9574468085106383,94,2400,1400,1000,0.5833333333333334,34,14,20,223.79583299202432,0.4465225348890414,0.5743366775601615,0.139834845983607,1070075.3086419734,26695.679012345514,1096770.987654319,120,0,72.43617021276596,59,35,42,35.601279985678445,0.6299435028248588,41.38888888888888,8275.55555555554,140.26365348399221,8
122,32,0,0,90,0.0,0.0,1.0,90,3950,3100,850,0.7848101265822784,48,31,17,228.1192492629998,0.4442753849354973,0.5640575496664058,0.14316283832694765,1071368.754822529,26929.967206789945,1098298.7220293188,121,1,75.05555555555556,59,31,40,35.329657273845456,0.6315324858757062,41.23263888888888,8280.55555555554,140.34839924670408,0
123,32,0,0,90,0.0,0.0,1.0,90,2650,1900,750,0.7169811320754716,34,19,15,225.65324919707712,0.44406210986267164,0.5590207678153845,0.14185924089921578,1071875.508562511,27724.43824837991,1099599.946810891,122,2,76.05555555555556,60,30,41,35.33089771502714,0.6314236111111111,41.171448087431685,8282.51366120217,138.0418943533695,0
124,32,1,3,88,0.01098901098901099,0.03296703296703297,0.967032967032967,91,3200,2500,700,0.78125,39,25,14,222.48064817329325,0.44420533170533166,0.5562785521320432,0.14080415415404796,1073841.0483466242,26381.770494249096,1100222.8188408734,123,0,76.20879120879121,63,28,35,35.17053307784132,0.6317791005291005,40.934244791666664,8290.104166666659,131.5889550264549,0
125,32,0,0,88,0.0,0.0,1.0,88,3100,2200,900,0.7096774193548387,40,22,18,221.97332829517526,0.44228110849878094,0.5401598525130107,0.141013221203699,1074943.6061801487,27021.761998685313,1101965.368178834,124,4,79.2840909090909,64,24,38,35.04776183999012,0.6324869791666667,40.801282051282065,8294.358974359006,129.59935897435946,0
126,32,2,0,90,0.022222222222222223,0.0,1.0,90,3250,2400,850,0.7384615384615385,41,24,17,218.1501458392259,0.4424261339991677,0.5416067689783932,0.13961428521322716,1077103.6075341094,25744.061813504548,1102847.6693476138,125,0,78.5,61,29,41,34.88089263744091,0.6371243169398907,40.54099462365592,8302.688172043023,136.10964216463972,0
127,32,0,1,89,0.0,0.011111111111111112,0.9888888888888889,90,2800,2200,600,0.7857142857142857,34,22,12,216.01619861993146,0.44218424885559715,0.537126215756764,0.1386886608530865,1078027.954101563,25774.300130208336,1103802.2542317712,126,1,79.5,63,27,39,34.82254828191621,0.6369047619047619,40.4296875,8306.250000000004,131.84523809523816,0
128,32,1,0,90,0.011111111111111112,0.0,1.0,90,2700,1700,1000,0.6296296296296297,37,17,20,214.88178724275446,0.442389721181856,0.5350014278052899,0.13828193432366517,1078704.024420843,25658.769734700487,1104362.7941555434,127,0,80.4,63,27,41,34.76886531268936,0.6377314814814814,40.348307291666664,8308.854166666659,131.88657407407396,0
129,32,0,0,90,0.0,0.0,1.0,90,3500,2200,1300,0.6285714285714286,48,22,26,215.5716857820379,0.44164846025801086,0.5375008568099247,0.13921980185365868,1079734.1387245231,25052.021696252406,1104786.1604207756,128,1,81.4,64,26,41,34.62433168825825,0.6383463541666667,40.22435897435897,8312.82051282051,129.88782051282047,0
130,32,1,1,90,0.01098901098901099,0.01098901098901099,0.989010989010989,91,2400,1700,700,0.7083333333333334,31,17,14,213.0935853749294,0.4416971916971917,0.5364863458135263,0.1381584710218243,1080864.7714518933,25465.069890827526,1106329.841342721,129,0,81.49450549450549,65,26,43,34.54983402153673,0.639102564102564,40.08838383838384,8317.171717171721,127.95648795648802,0
131,32,0,0,90,0.0,0.0,1.0,90,2650,1800,850,0.6792452830188679,35,18,17,214.53461260664184,0.4413337494798169,0.5342241373497052,0.13966364329986752,1082046.5107195727,25777.285799918547,1107823.7965194911,130,1,82.28888888888889,65,25,41,34.36728722866218,0.6405448717948719,39.946338383838395,8321.717171717197,128.0264180264184,0
132,32,1,0,91,0.01098901098901099,0.0,1.0,91,2350,1700,650,0.723404255319149,30,17,13,210.83366331814915,0.44155982905982905,0.5309394238648548,0.13783250739424002,1083256.3550407174,25127.381129180034,1108383.7361698975,131,0,82.37362637362638,66,25,44,34.315124083811355,0.6414141414141414,39.800995024875625,8326.368159203985,126.1570933212725,0
133,32,0,0,91,0.0,0.0,1.0,91,3150,2300,850,0.7301587301587301,40,23,17,209.46696482644438,0.44107651607651605,0.5280907577849756,0.13743396783126913,1084292.220489594,24074.68008217627,1108366.9005717703,132,1,83.37362637362638,66,25,46,34.223702022615036,0.6426767676767677,39.67661691542289,8330.348258706483,126.21739785918913,0
134,32,1,0,92,0.010869565217391304,0.0,1.0,92,2550,1600,950,0.6274509803921569,35,16,19,209.6013594235098,0.4413869644847906,0.5319245285135059,0.13830122039238066,1085909.660798937,24571.62822291599,1110481.2890218531,133,0,83.45652173913044,61,31,46,34.02204522980349,0.6478825136612022,39.48252688172043,8336.559139784953,136.66490393090086,0
135,32,0,0,92,0.0,0.0,1.0,92,2700,1400,1300,0.5185185185185185,40,14,26,209.33112841204712,0.4409962772734512,0.5329127394344775,0.13876851625196018,1087240.6684027812,24418.663194444645,1111659.331597226,134,1,84.45652173913044,63,29,48,33.86613386613385,0.6481481481481481,39.32291666666668,8341.666666666693,132.40740740740782,0
136,32,0,0,92,0.0,0.0,1.0,92,2600,1500,1100,0.5769230769230769,37,15,22,209.99866518587376,0.4405757286192069,0.5343211220056276,0.1395432855637864,1087919.6209377737,24692.333645290968,1112611.9545830647,135,2,85.45652173913044,63,29,46,33.765643530366376,0.6489748677248677,39.24153645833334,8344.270833333354,132.4487433862437,0
137,32,0,0,92,0.0,0.0,1.0,92,2900,2300,600,0.7931034482758621,35,23,12,208.40830618182966,0.4404139791368052,0.5314363501867991,0.139118312133923,1089213.3505917203,24100.221893491347,1113313.5724852118,136,3,86.45652173913044,64,28,47,33.64888520361155,0.64990234375,39.086538461538474,8349.230769230802,130.45673076923129,0
138,32,0,0,92,0.0,0.0,1.0,92,3450,2700,750,0.782608695652174,42,27,15,210.87683803187537,0.4396475354355789,0.5379143524785575,0.14139091114249122,1090468.6105053083,24140.91451127454,1114609.5250165828,137,4,87.45652173913044,65,27,43,33.431007295004356,0.6508012820512821,38.936237373737384,8354.040404040426,128.52369852369887,0
139,32,1,0,93,0.010752688172043012,0.0,1.0,93,3100,2500,600,0.8064516129032258,37,25,12,210.80426825138605,0.43869311983793047,0.5416519101461483,0.14217375940602064,1092125.9685173526,24344.963126327384,1116470.93164368,138,0,87.50537634408602,68,25,45,33.23040660271966,0.6510416666666667,38.73792270531401,8360.386473429959,122.94685990338175,0
140,32,0,0,93,0.0,0.0,1.0,93,2650,1700,950,0.6415094339622641,36,17,19,211.6773521819764,0.438108734611189,0.5429789255146193,0.14347020536778424,1093518.367346941,25044.614512471737,1118562.9818594127,139,1,88.50537634408602,69,24,45,33.03757779295687,0.6521739130434783,38.57142857142858,8365.714285714303,121.24223602484497,0
141,32,0,0,93,0.0,0.0,1.0,93,2850,2000,850,0.7017543859649122,37,20,17,209.7978207274211,0.43759252766090073,0.5391585802084602,0.14298703575492994,1095075.0434027743,24498.87152777751,1119573.9149305518,140,2,89.50537634408602,59,34,47,32.896799721282086,0.6604872881355932,38.38541666666665,8371.666666666639,141.89265536723116,0
142,32,0,1,92,0.0,0.010752688172043012,0.989247311827957,93,2900,2000,900,0.6896551724137931,38,20,18,207.99470534805846,0.43684743649680535,0.5349379943981369,0.14240066271908794,1096340.5941129888,24106.607766729147,1120447.2018797179,141,3,90.50537634408602,60,33,46,32.78970143736275,0.6612847222222222,38.234289617486326,8376.50273224041,139.60837887067348,0
143,32,0,0,92,0.0,0.0,1.0,92,3100,1900,1200,0.6129032258064516,43,19,24,208.49753897328637,0.43646978021978017,0.5315724864484821,0.1432579864558382,1097342.1123353902,24258.625966735115,1121600.7383021254,142,4,91.19565217391305,60,32,47,32.6545111719701,0.6625,38.11475409836064,8380.327868852431,139.6721311475405,0
144,32,0,0,92,0.0,0.0,1.0,92,2550,1900,650,0.7450980392156863,32,19,13,210.10323702438555,0.43606167383341293,0.5348866063313087,0.14484305385315022,1098270.1938085288,25200.024569314057,1123470.2183778428,143,5,92.19565217391305,61,31,45,32.49941216707279,0.6629098360655737,38.0040322580645,8383.870967741905,137.44050766790008,0
145,32,0,0,92,0.0,0.0,1.0,92,3450,2200,1250,0.6376811594202898,47,22,25,214.3043682515417,0.43502398869246695,0.5417891491951925,0.14846453588935815,1099630.7754516583,25281.135728624013,1124911.9111802822,144,6,93.19565217391305,63,29,44,32.223632064733756,0.6631944444444444,37.84179687499999,8389.062499999985,133.159722222222,0
146,32,0,0,92,0.0,0.0,1.0,92,2600,1900,700,0.7307692307692307,33,19,14,213.35292824832086,0.43465072065615545,0.5398636161286405,0.14838940175751755,1100723.3725653717,25968.510945637747,1126691.8835110094,145,7,94.19565217391305,63,29,46,32.11558847864307,0.6645171957671958,37.71158854166665,8393.229166666637,133.22585978835932,0
147,32,1,0,93,0.010752688172043012,0.0,1.0,93,3000,1900,1100,0.6333333333333333,41,19,22,211.0862710855554,0.43394498987065605,0.5378637313356784,0.14748080529487456,1101977.6738199526,24922.47159723755,1126900.1454171902,146,0,94.17204301075269,66,27,47,32.022487164297004,0.6641414141414141,37.56218905472636,8398.009950248737,127.24257500376875,0
148,32,0,1,92,0.0,0.010752688172043012,0.989247311827957,93,2700,1900,800,0.7037037037037037,35,19,16,210.87113442042653,0.4333946937821412,0.5381122110521677,0.14784442122578176,1102937.5434027791,25215.538194444547,1128153.0815972236,147,1,95.17204301075269,59,34,48,31.911451100972048,0.670021186440678,37.44791666666667,8401.666666666677,142.401129943503,0
149,32,0,0,92,0.0,0.0,1.0,92,2300,1600,700,0.6956521739130435,30,16,14,212.4332673783882,0.4320801481127568,0.5373718949319197,0.14918472233173546,1103390.0100545865,26179.349005713866,1129569.3590603003,148,2,96.98913043478261,58,34,46,31.815444175518802,0.6713362068965517,37.39406779661019,8403.38983050851,144.88603156049155,0
150,32,0,0,92,0.0,0.0,1.0,92,3050,1900,1150,0.6229508196721312,42,19,23,216.17419643889448,0.43164715719063546,0.5446309607293116,0.15230454749103955,1104280.379201381,26293.384723419338,1130573.7639248003,149,3,97.98913043478261,58,34,45,31.608982974910404,0.6724137931034483,37.288135593220346,8406.779661016964,144.94447691408558,0
151,32,0,0,92,0.0,0.0,1.0,92,2500,1800,700,0.72,32,18,14,215.39480890560316,0.4313584965758879,0.5413508732125776,0.15230555871190724,1105272.5742669783,26713.994984568104,1131986.5692515464,150,4,98.98913043478261,59,33,47,31.508920118017464,0.67284604519774,37.1701388888889,8410.555555555578,142.5517890772132,0
152,32,0,0,92,0.0,0.0,1.0,92,2650,2100,550,0.7924528301886793,32,21,11,215.56972997561107,0.4310947204968944,0.5430627674873194,0.15308179559027602,1106441.015625003,26653.038194444685,1133094.0538194478,151,5,99.98913043478261,59,33,49,31.3624397570476,0.6742584745762712,37.031250000000014,8415.000000000024,142.6271186440682,0
153,32,0,0,92,0.0,0.0,1.0,92,3050,2200,850,0.7213114754098361,39,22,17,257.92143086971396,0.4301914118490206,0.6178919215471133,0.17104831294079345,1087355.0034626033,34640.43167128344,1121995.4351338868,152,6,100.98913043478261,56,36,39,32.58543638275499,0.6534598214285714,39.30921052631579,8342.10526315789,148.96616541353373,8
154,32,0,0,92,0.0,0.0,1.0,92,2550,1500,1050,0.5882352941176471,36,15,21,257.93927251477965,0.4298256091734352,0.6169780812073302,0.17148709875982604,1088064.8038049943,35180.928788479345,1123245.7325934737,153,7,101.98913043478261,57,35,37,32.49770431588614,0.6535087719298245,39.224137931034484,8344.827586206899,146.4004839685421,0
155,32,1,0,93,0.010752688172043012,0.0,1.0,93,2700,1800,900,0.6666666666666666,36,18,18,255.86430339419928,0.4303461508493065,0.6189004675330618,0.171092180098826,1089704.012345681,34463.2716049384,1124167.2839506194,154,0,101.88172043010752,59,34,43,32.350430193365256,0.653954802259887,39.027777777777786,8351.111111111126,141.54425612052756,0
156,32,0,0,93,0.0,0.0,1.0,93,2850,2200,650,0.7719298245614035,35,22,13,258.9220826122646,0.43031206171108,0.6238961975130646,0.17349164145089235,1090284.0277777817,35009.722222222495,1125293.7500000042,155,1,102.88172043010752,59,34,41,32.199388135142335,0.6546610169491525,38.95833333333335,8353.333333333365,141.58192090395534,0
157,32,0,1,92,0.0,0.010752688172043012,0.989247311827957,93,3050,2000,1050,0.6557377049180327,41,20,21,258.089390683908,0.4297374162381175,0.6246841010787021,0.16220349800025252,1071790.1607296176,33673.5339047428,1105463.6946343603,156,2,103.88172043010752,57,36,37,34.5019285036893,0.6335891812865497,41.181752873563205,8282.183908045952,145.30147207098162,8
158,32,2,1,93,0.02127659574468085,0.010638297872340425,0.9893617021276596,94,3100,2300,800,0.7419354838709677,39,23,16,247.18159107435864,0.4300431823381377,0.6117703697567323,0.15634210687775413,1073663.2906763507,31177.960093502283,1104841.250769853,157,0,103.73404255319149,62,32,37,34.55258930661049,0.6322244623655914,40.95568783068782,8289.417989417972,133.70029015190278,0
159,32,0,0,93,0.0,0.0,1.0,93,2500,1800,700,0.72,32,18,14,251.31248622639225,0.4292552984260558,0.6091278613323896,0.15120195010892262,1058788.2314266947,32117.340565417602,1090905.5719921123,158,1,105.84946236559139,64,29,36,36.291557645983886,0.6126302083333333,42.75641025641026,8231.794871794886,128.6217948717951,8
160,32,3,0,96,0.03125,0.0,1.0,96,3650,2500,1150,0.684931506849315,48,25,23,240.30433759032596,0.4329107273391813,0.6071291921746065,0.142176912807379,1053707.8592970849,27792.113828421418,1081499.9731255062,159,0,103.51041666666667,60,36,39,37.20749046224824,0.6090277777777777,43.37431693989072,8212.021857923515,136.86703096539193,8
161,32,0,0,96,0.0,0.0,1.0,96,2950,2200,750,0.7457627118644068,37,22,15,242.44243539722098,0.43275539108187133,0.6112316551387782,0.1439717400723782,1054830.018812148,28997.111738182728,1083827.1305503307,160,1,104.51041666666667,60,36,43,37.012697304247595,0.6104166666666666,43.23770491803279,8216.393442622957,136.93989071038263,0
162,32,0,0,96,0.0,0.0,1.0,96,3100,2000,1100,0.6451612903225806,42,20,22,242.58108149092524,0.43228481359649124,0.6125420987326065,0.14458755110734872,1055952.7755382378,28930.83325868205,1084883.60879692,161,2,105.51041666666667,60,36,36,36.86921142426661,0.6118055555555555,43.10109289617487,8220.765027322415,137.01275045537358,0
163,32,1,0,97,0.010309278350515464,0.0,1.0,97,3400,2600,800,0.7647058823529411,42,26,16,238.1637768645763,0.4327346434707904,0.6088143037010376,0.1427055324264856,1057551.0597757634,27574.070924666306,1085125.1307004297,162,0,105.41237113402062,62,35,39,36.78371599459775,0.6123991935483871,42.90674603174604,8226.984126984136,132.69329237071187,0
164,32,1,1,97,0.01020408163265306,0.01020408163265306,0.9897959183673469,98,2750,1700,1050,0.6181818181818182,38,17,21,242.1115069279281,0.43245932393575987,0.6190628328008516,0.1462951769661036,1060086.9979224405,28981.852108341238,1089068.8500307817,163,0,105.3265306122449,56,42,40,36.36670216542421,0.6199776785714286,42.59868421052633,8236.842105263182,147.08646616541395,0
165,32,0,1,96,0.0,0.010309278350515464,0.9896907216494846,97,2850,1800,1050,0.631578947368421,39,18,21,246.77967917237515,0.43159811712485685,0.6216223794524762,0.1496225716555051,1061107.1940233218,30121.93858171507,1091229.132605037,164,1,105.85567010309278,57,40,40,36.11965908826742,0.6204312865497076,42.47485632183909,8240.804597701173,144.57551925791532,0
166,32,1,0,97,0.010309278350515464,0.0,1.0,97,2300,1500,800,0.6521739130434783,31,15,16,241.84023991687994,0.43226034507445593,0.6134843777026149,0.14715666259148957,1062187.8906250056,29675.954861111462,1091863.845486117,165,0,105.16494845360825,59,38,40,36.11258506839162,0.6202330508474576,42.34375000000002,8245.000000000044,139.74576271186515,0
167,32,0,0,97,0.0,0.0,1.0,97,2900,1900,1000,0.6551724137931034,39,19,20,244.35699392572616,0.4318665879152348,0.6166953225183076,0.14936444916156436,1063547.004240206,29677.029770970068,1093224.034011176,166,1,106.16494845360825,60,37,40,35.8789243608425,0.6211805555555556,42.17896174863391,8250.273224043776,137.50455373406294,0
168,32,0,1,96,0.0,0.010309278350515464,0.9896907216494846,97,3250,2600,650,0.8,39,26,13,221.20237958404462,0.4311417167812142,0.5699592681985759,0.13226076395348935,1056907.1494208453,24108.07529025614,1081015.2247111015,167,2,107.16494845360825,63,34,43,37.29979365883521,0.6109457671957672,42.98502604166667,8224.479166666677,130.54728835978852,8
169,32,0,1,95,0.0,0.010416666666666666,0.9895833333333334,96,2500,1600,900,0.64,34,16,18,220.88698697029537,0.43099415204678365,0.5668190740279162,0.13266445983904585,1058260.618014465,25051.199868507632,1083311.8178829728,168,3,107.82291666666667,64,32,44,37.13975261714856,0.6119791666666667,42.820512820512825,8229.743589743597,128.5897435897437,0
170,32,1,1,95,0.010416666666666666,0.010416666666666666,0.9895833333333334,96,2900,2100,800,0.7241379310344828,37,21,16,221.31085016971593,0.43183479532163743,0.5661477684890306,0.13363770567940567,1059887.1271163689,24812.90423721239,1084700.0313535812,169,0,107.86458333333333,60,36,43,36.92691746284501,0.6166666666666667,42.62295081967214,8236.065573770511,137.26775956284186,0
171,32,2,0,97,0.020618556701030927,0.0,1.0,97,3100,2300,800,0.7419354838709677,39,23,16,216.135819807494,0.4330881300114548,0.5573217550332816,0.1314724016286456,1062088.7943787049,23411.086456279172,1085499.8808349841,170,0,106.70103092783505,64,33,44,36.78715452717134,0.61669921875,42.355769230769255,8244.615384615438,128.8221153846162,0
172,32,1,0,98,0.01020408163265306,0.0,1.0,98,3200,2100,1100,0.65625,43,21,22,215.13204976217574,0.4338246896696823,0.5573203616047162,0.13158076531965707,1063729.3348712095,22968.454440600122,1086697.7893118095,171,0,106.60204081632654,67,31,45,36.60983048162229,0.6169154228855722,42.15686274509806,8250.980392156911,123.14896107696882,0
173,32,0,0,98,0.0,0.0,1.0,98,2150,1400,750,0.6511627906976745,29,14,15,213.86600554944124,0.4332987060803703,0.555870138773598,0.13121466559509234,1064660.0890627613,23788.920103153276,1088449.0091659145,172,1,107.60204081632654,68,30,41,36.52728194924018,0.6174938725490196,42.044082125603886,8254.589371980725,121.39102017618713,0
174,32,0,0,98,0.0,0.0,1.0,98,2900,2100,800,0.7241379310344828,37,21,16,214.19707098892704,0.4326828669612175,0.5591865387783741,0.1318029061009624,1065532.5824406687,23146.791640411982,1088679.3740810808,173,2,108.60204081632654,68,30,42,36.41080203580204,0.6185661764705883,41.93840579710147,8257.971014492794,121.44075021312932,0
175,32,2,2,98,0.02,0.02,0.98,100,2150,1400,750,0.6511627906976745,29,14,15,211.74342438646437,0.43399200336700333,0.5653022040445328,0.1310664993987112,1067292.699861147,23048.442218255215,1090341.1420794022,174,0,107.41,70,30,44,36.256556275089004,0.6196428571428572,41.725352112676084,8264.788732394432,118.0684104627776,0
176,32,1,0,99,0.010101010101010102,0.0,1.0,99,2200,1400,800,0.6363636363636364,30,14,16,214.1501742203488,0.4338108980966124,0.5671658315437846,0.13295400921971176,1068181.4617580816,23750.24922688787,1091931.7109849695,175,0,108.68686868686869,63,36,45,36.08458005249345,0.624834656084656,41.61783854166666,8268.229166666648,131.2417328042325,0
177,32,0,1,98,0.0,0.010101010101010102,0.98989898989899,99,3350,2500,850,0.746268656716418,42,25,17,229.37981836797573,0.4334157905586477,0.6026192634828142,0.1414522470397888,1066179.1702097456,25761.99688208587,1091941.1670918316,176,1,109.68686868686869,69,30,37,35.938911146980246,0.61881038647343,41.86011904761903,8260.476190476153,119.71704623878482,8
178,32,2,0,100,0.02,0.0,1.0,100,2950,1800,1150,0.6101694915254238,41,18,23,240.53503260110344,0.43348274410774407,0.6221634870164268,0.14688984029717883,1063265.2512765399,28200.508375884667,1091465.7596524246,177,0,109.56,60,40,43,36.01243706942233,0.6208333333333333,42.21311475409836,8249.180327868862,137.48633879781437,8
179,32,1,1,100,0.009900990099009901,0.009900990099009901,0.9900990099009901,101,3050,2100,950,0.6885245901639344,40,21,19,239.77535114971198,0.43375412541254127,0.6214200755868944,0.1488071454081801,1068069.6997989088,27969.35746433019,1096039.057263239,178,0,109.46534653465346,58,43,40,35.43631269646031,0.6282327586206897,41.63135593220339,8267.796610169495,142.54821741671543,8
180,32,2,1,101,0.0196078431372549,0.00980392156862745,0.9901960784313726,102,2550,1700,850,0.6666666666666666,34,17,17,238.7695311137398,0.43447267520869737,0.6197989496908112,0.1491718555769998,1070037.624294545,28148.47636537374,1098186.1006599187,179,0,109.37254901960785,60,42,41,35.21870597816517,0.6291666666666667,41.39344262295082,8275.409836065579,137.92349726775964,0
181,32,1,1,101,0.00980392156862745,0.00980392156862745,0.9901960784313726,102,2850,1700,1150,0.5964912280701754,40,17,23,234.98636260964565,0.4338821749822041,0.6132220672406323,0.1474949932542742,1071413.680182566,27103.520711263212,1098517.200893829,180,0,110.2843137254902,63,39,41,35.14640595844602,0.62880291005291,41.22721354166668,8280.72916666669,131.44014550264586,0
182,32,2,4,99,0.019417475728155338,0.038834951456310676,0.9611650485436893,103,3550,2200,1350,0.6197183098591549,49,22,27,239.93540672655894,0.43473570658036675,0.6178758380896985,0.15326403819076678,1076547.9896383896,27510.39595090932,1104058.3855892988,181,0,109.97087378640776,60,43,41,34.384189159534785,0.6371527777777778,40.60792349726776,8300.546448087438,138.3424408014573,8
183,32,0,0,99,0.0,0.0,1.0,99,3350,2500,850,0.746268656716418,42,25,17,245.41164488407296,0.43256115577544146,0.6144325514436957,0.15708737410900311,1077151.7094811064,29719.114562689858,1106870.8240437962,182,3,113.67676767676768,57,42,39,34.16763284188181,0.6401681286549707,40.53520114942528,8302.873563218385,145.66444847751552,0
184,32,0,1,98,0.0,0.010101010101010102,0.98989898989899,99,2700,1900,800,0.7037037037037037,35,19,16,245.67300349469946,0.4321488696488696,0.6105934298960023,0.14745574142102577,1058065.6637261077,29487.63390044112,1087553.297626549,183,4,114.67676767676768,68,31,38,36.526579194552106,0.609375,42.844202898550726,8228.985507246376,121.01449275362317,8
185,32,2,2,98,0.02,0.02,0.98,100,3300,2700,600,0.8181818181818182,39,27,12,241.38571619961462,0.43391624579124577,0.6081046860723145,0.1459554831732634,1060290.9476529073,27887.817955832987,1088178.7656087403,184,0,114.47,61,39,39,36.36002697646085,0.6164617486338797,42.57392473118279,8237.634408602145,135.0431870262647,0
186,32,0,2,96,0.0,0.02040816326530612,0.9795918367346939,98,2700,1800,900,0.6666666666666666,36,18,18,242.04819867807024,0.43192238235500385,0.6021952823932657,0.1466257190885415,1060844.6243785396,29055.10608162783,1089899.7304601674,185,1,117.55102040816327,61,37,40,36.274141980947405,0.6171448087431695,42.50672043010752,8239.784946236548,135.07844174158276,0
187,32,0,0,96,0.0,0.0,1.0,96,2550,2000,550,0.7843137254901961,31,20,11,240.280175023327,0.43117461622807013,0.5905278954802275,0.14574003139265293,1061227.0093222435,29248.362307885916,1090475.3716301294,186,2,119.15625,62,34,42,36.27214946070878,0.6169354838709677,42.46031746031745,8241.269841269812,132.92370711725502,0
188,32,0,1,95,0.0,0.010416666666666666,0.9895833333333334,96,3300,2400,900,0.7272727272727273,42,24,18,251.00955659192763,0.4313550804093567,0.6051157584871527,0.14601609094783286,1048521.5852470335,30137.787637984726,1078659.3728850181,187,3,120.15625,68,28,34,37.580964596725046,0.5975796568627452,44.006642512077306,8191.787439613552,120.46746234725812,8
189,32,0,0,95,0.0,0.0,1.0,95,3200,2600,600,0.8125,38,26,12,279.6059695651255,0.43045446061963416,0.6571096474234803,0.14697820925612765,1016473.5412597621,34642.41400824628,1051115.9552680084,188,4,122.18947368421053,63,32,34,40.90172844289467,0.560515873015873,47.949218749999986,8065.624999999973,128.02579365079322,8
190,32,8,1,102,0.07766990291262135,0.009708737864077669,0.9902912621359223,103,3500,2700,800,0.7714285714285715,43,27,16,257.44811977824435,0.43942747001713306,0.6571426938747527,0.13798244653098968,1022746.9529478466,28560.85600907036,1051307.808956917,189,0,113.62135922330097,62,41,37,40.66362566215422,0.5690524193548387,47.17261904761905,8090.476190476196,130.49155145929348,0
191,32,3,0,105,0.02857142857142857,0.0,1.0,105,3150,2200,950,0.6984126984126984,41,22,19,258.43739179362876,0.44046092796092795,0.6665570175438602,0.14029458411654144,1026844.4444444452,28925.00000000006,1055769.4444444452,190,0,112.42857142857143,54,51,41,40.11958607456142,0.5802469135802469,46.66666666666667,8106.666666666673,150.12345679012358,0
192,32,4,1,108,0.03669724770642202,0.009174311926605505,0.9908256880733946,109,2550,1700,850,0.6666666666666666,34,17,17,249.70724254763311,0.4439878525314305,0.6662403700356867,0.13722443879452506,1030741.1663315143,27126.70688499478,1057867.8732165091,191,0,109.26605504587155,58,51,36,39.84853227601559,0.5818965517241379,46.186440677966104,8122.033898305088,140.0350672121567,0
193,32,7,2,113,0.06086956521739131,0.017391304347826087,0.9826086956521739,115,2750,1900,850,0.6909090909090909,36,19,17,244.74345869680363,0.4485094075769133,0.67496613681025,0.1375006432640149,1037710.074266981,25044.550540123855,1062754.624807105,192,0,103.28695652173913,59,56,41,39.0969760492649,0.5898658192090396,45.329861111111136,8149.44444444449,138.12617702448287,0
194,32,3,4,112,0.02586206896551724,0.034482758620689655,0.9655172413793104,116,3350,2300,1050,0.6865671641791045,44,23,21,245.54395842932868,0.44978760619690156,0.6793697352074797,0.1394722753771984,1041140.454279401,24579.149684934982,1065719.603964336,193,0,101.77586206896552,61,55,40,38.64567553623573,0.5927254098360656,44.909274193548406,8162.903225806488,133.81808566895882,0
195,32,0,1,111,0.0,0.008928571428571428,0.9910714285714286,112,3350,2300,1050,0.6865671641791045,44,23,21,250.00620906746917,0.4477574672887173,0.6758876233583138,0.14258712143894564,1042410.0608356299,26371.797520661214,1068781.8583562912,194,1,106.125,54,58,40,38.372474091662355,0.5997299382716049,44.75378787878788,8167.878787878795,151.25701459034806,0
196,32,1,1,111,0.008928571428571428,0.008928571428571428,0.9910714285714286,112,3350,2300,1050,0.6865671641791045,44,23,21,245.8147689691835,0.44823171385671384,0.6695215190002748,0.14113906714407215,1044489.9766167379,25600.21245853431,1070090.1890752723,195,0,107.08928571428571,56,56,41,38.21868368976943,0.6006324404761905,44.49926900584796,8176.023391812874,146.0004177109442,0
197,32,3,1,113,0.02631578947368421,0.008771929824561403,0.9912280701754386,114,3400,2200,1200,0.6470588235294118,46,22,24,242.70681374819048,0.44907299591160793,0.6719559714853267,0.14075829738505485,1047586.9452025269,24651.297918861033,1072238.243121388,196,0,106.14912280701755,58,56,38,37.910399273212356,0.6029094827586207,44.1207627118644,8188.1355932203305,141.1747516072471,0
198,32,2,0,115,0.017391304347826087,0.0,1.0,115,3100,1900,1200,0.6129032258064516,43,19,24,240.81582913481742,0.45084223239257565,0.6711163910891529,0.1403315947810911,1049059.6113040105,24426.0320216048,1073485.6433256152,197,0,106.20869565217392,59,56,40,37.77466551404615,0.6039901129943503,43.940972222222214,8193.888888888874,138.87947269303177,0
199,32,2,0,117,0.017094017094017096,0.0,1.0,117,3500,2200,1300,0.6285714285714286,48,22,26,237.1311847180914,0.45204587877001673,0.6716677606559764,0.13927919942511294,1051479.3402777787,22967.708333333365,1074447.048611112,198,0,105.37606837606837,59,58,37,37.56687660842474,0.6069915254237288,43.645833333333336,8203.33333333334,139.03954802259898,0
200,32,4,0,121,0.03305785123966942,0.0,1.0,121,3200,2000,1200,0.625,44,20,24,228.36573249404665,0.453168044077135,0.6698088923577059,0.13555566507177197,1054702.6668310328,20771.589414858685,1075474.2562458916,199,0,102.85950413223141,64,57,44,37.389988140565514,0.6075846354166667,43.25320512820513,8215.897435897441,128.37339743589752,0
201,32,2,1,122,0.016260162601626018,0.008130081300813009,0.991869918699187,123,3900,2700,1200,0.6923076923076923,51,27,24,226.45698721746385,0.4547542094273402,0.6712531437379696,0.13561993059184224,1057392.7045432047,19390.793235316018,1076783.4977785207,200,0,102.17073170731707,66,57,42,37.10437455901624,0.6096906565656566,42.925995024875625,8226.368159203983,124.64194180612095,0
202,32,1,1,122,0.008130081300813009,0.008130081300813009,0.991869918699187,123,3900,2500,1400,0.6410256410256411,53,25,28,226.527184347207,0.4543738060331423,0.6706415477764489,0.13635304908669502,1058928.0316390719,19475.197086705968,1078403.228725778,201,0,103.15447154471545,66,57,43,36.911776555669704,0.611584595959596,42.73942786069653,8232.33830845774,124.73239861299606,0
203,32,0,0,122,0.0,0.0,1.0,122,4550,3300,1250,0.7252747252747253,58,33,25,232.12939629360906,0.4527277243372623,0.6758721074866738,0.14030911369120885,1060184.842785498,20270.013503086688,1080454.8562885846,202,1,104.90163934426229,59,63,45,36.611488613115704,0.6177612994350282,42.58680555555557,8237.222222222254,139.6139359698687,0
204,32,1,0,123,0.008130081300813009,0.0,1.0,123,3000,1800,1200,0.6,42,18,24,226.65097046599507,0.4531881691767737,0.6712244790419399,0.1379110532124799,1062181.0743330286,20548.874261638965,1082729.9485946675,203,0,105.04065040650407,62,61,45,36.50479154634322,0.618111559139785,42.34457671957673,8244.973544973569,132.98344427376725,0
205,32,2,1,124,0.016,0.008,0.992,125,3000,1900,1100,0.6333333333333333,41,19,22,222.23644309016223,0.45368817204301076,0.6674288512148847,0.13604800463282746,1063997.4596023378,19291.802175798464,1083289.2617781362,204,0,104.344,65,60,47,36.393432380602675,0.6184294871794872,42.12436868686869,8252.020202020212,126.95415695415711,0
206,32,0,1,123,0.0,0.008064516129032258,0.9919354838709677,124,3100,2000,1100,0.6451612903225806,42,20,22,223.62159974828788,0.45277805096599355,0.6672525967130007,0.13707517565965963,1064388.2161259074,19704.03912866046,1084092.2552545678,205,1,106.08064516129032,65,59,42,36.309305266593235,0.6189102564102564,42.07702020202021,8253.535353535368,126.9774669774672,0
207,32,0,1,122,0.0,0.008130081300813009,0.991869918699187,123,4200,3000,1200,0.7142857142857143,54,30,24,255.0175650862592,0.4520080856546271,0.7095600982119481,0.15026419604313426,1052456.154336735,24878.961167800473,1077335.1155045354,206,2,107.6910569105691,55,68,38,36.9862682525868,0.6113636363636363,43.526785714285715,8207.142857142859,149.22077922077924,7
208,32,2,0,124,0.016129032258064516,0.0,1.0,124,3650,2700,950,0.7397260273972602,46,27,19,250.1829198600151,0.45236826864236385,0.7049006688977799,0.14832416411588534,1054329.6489197526,24305.054012345638,1078634.7029320982,207,0,107.78225806451613,59,65,40,36.87638081067677,0.6105225988700564,43.29861111111111,8214.44444444444,139.22787193973627,0
209,32,1,1,124,0.008,0.008,0.992,125,3850,2500,1350,0.6493506493506493,52,25,27,246.28271078380743,0.4528548387096774,0.7033852290101705,0.1467259730028045,1055812.3982874968,23155.66790587945,1078968.0661933762,208,0,107.912,60,65,37,36.791614039752695,0.6116319444444445,43.1181693989071,8220.218579234966,137.00364298724944,0
210,32,3,2,125,0.023622047244094488,0.015748031496062992,0.984251968503937,127,3700,2200,1500,0.5945945945945946,52,22,30,238.4142600183032,0.45462546348373123,0.6967604462390748,0.14318448204291923,1058246.1929321273,21360.196601019852,1079606.3895331472,209,0,106.18110236220473,63,64,40,36.69078170158006,0.6125992063492063,42.82226562499999,8229.687499999987,130.6299603174601,0
211,32,1,0,126,0.007936507936507936,0.0,1.0,126,3700,2500,1200,0.6756756756756757,49,25,24,238.27329327944804,0.45402777777777775,0.6935302699487225,0.14375654818531455,1059627.680547302,21596.19541881391,1081223.8759661159,210,0,107.86507936507937,57,69,42,36.52259694791451,0.6186038011695907,42.654454022988524,8235.057471264397,144.47469247832277,0
212,32,1,0,127,0.007874015748031496,0.0,1.0,127,3350,2300,1050,0.6865671641791045,44,23,21,236.3301573942485,0.45388076490438695,0.6926055790508816,0.14352969894631515,1061615.3983410543,21428.34683642009,1083043.7451774743,211,0,108.00787401574803,59,68,43,36.3256414144818,0.619526836158192,42.413194444444464,8242.777777777817,139.70809792843758,0
213,32,1,3,125,0.0078125,0.0234375,0.9765625,128,3400,2300,1100,0.6764705882352942,45,23,22,230.41502529776483,0.45453601747047245,0.6867808430624152,0.14058472913373246,1062999.1855281235,19986.196844993316,1082985.382373117,212,0,108.15625,62,66,42,36.306316419697666,0.619119623655914,42.24537037037038,8248.14814814817,133.03464755077692,0
214,32,0,0,125,0.0,0.0,1.0,125,3750,3000,750,0.8,45,30,15,233.33096563677333,0.45367204301075265,0.6855304905418402,0.14275388031014055,1063817.6116640083,20894.318118193845,1084711.9297822022,213,1,110.624,62,63,42,36.12963556695523,0.620127688172043,42.146164021164026,8251.322751322761,133.08585082778646,0
215,32,1,1,125,0.007936507936507936,0.007936507936507936,0.9920634920634921,126,3800,2600,1200,0.6842105263157895,50,26,24,234.91510513588514,0.45375396825396824,0.6903560162235236,0.14420621287388796,1064819.759792754,21028.44916449665,1085848.2089572507,214,0,110.73809523809524,63,63,37,35.964511041009494,0.6207010582010581,42.02473958333334,8255.208333333352,131.0350529100532,0
216,32,0,2,123,0.0,0.016,0.984,125,3400,2200,1200,0.6470588235294118,46,22,24,236.64335989535016,0.4529489247311828,0.6905464405069672,0.14585802738361328,1066029.3621487124,22053.75400119389,1088083.1161499063,215,3,112.624,63,62,37,35.76997551337834,0.6221891534391535,41.87825520833335,8259.895833333363,131.10945767195815,0
217,32,0,2,121,0.0,0.016260162601626018,0.983739837398374,123,2750,1500,1250,0.5454545454545454,40,15,25,240.44188061917788,0.45242180905415613,0.6966107977951661,0.14228230101331757,1053759.2785493778,23323.57253086389,1077082.8510802416,216,4,114.30081300813008,59,64,39,37.19754882063769,0.609816384180791,43.368055555555536,8212.222222222184,139.19020715630822,8
218,32,1,0,122,0.00819672131147541,0.0,1.0,122,3500,2200,1300,0.6285714285714286,48,22,26,238.2786859155733,0.4521716795375514,0.6917073596093484,0.14176073719027724,1055391.3225238088,22395.451491534168,1077786.774015343,217,0,115.98360655737704,60,62,42,37.0496730939716,0.6111111111111112,43.169398907103805,8218.579234972638,136.9763205828773,0
219,32,2,2,122,0.016129032258064516,0.016129032258064516,0.9838709677419355,124,3400,2400,1000,0.7058823529411765,44,24,20,234.14125440976784,0.4533189636331847,0.6907120823966122,0.1402574310396374,1057469.4444444422,21319.444444444307,1078788.8888888864,218,0,115.09677419354838,64,60,38,36.89728525121555,0.6110026041666667,42.91666666666666,8226.666666666648,128.54166666666637,0
220,32,1,0,123,0.008130081300813009,0.0,1.0,123,3850,2400,1450,0.6233766233766234,53,24,29,232.83309004350133,0.4532742458572127,0.6862440928651488,0.14014509165610514,1058920.1553254428,20860.33037475342,1079780.4857001961,219,0,115.70731707317073,64,59,41,36.75052949604437,0.61279296875,42.74038461538461,8232.307692307686,128.6298076923076,0
221,32,0,1,122,0.0,0.008130081300813009,0.991869918699187,123,3800,2500,1300,0.6578947368421053,51,25,26,233.72220085868636,0.4530771024923364,0.6863482898865407,0.14130544070263676,1060256.3476562484,21161.089409722117,1081417.4370659704,220,1,116.70731707317073,55,68,41,36.561604282583026,0.6210227272727273,42.57812499999999,8237.499999999987,149.77272727272705,0
222,32,1,0,123,0.008130081300813009,0.0,1.0,123,3650,2500,1150,0.684931506849315,48,25,23,232.37204575945077,0.4528216491181305,0.6835774171208884,0.1413744431070855,1062143.4675980962,21112.490091161224,1083255.9576892576,221,0,117.60975609756098,57,66,42,36.36205213996933,0.6217105263157895,42.34913793103448,8244.827586206886,144.6460980036296,0
223,32,1,1,123,0.008064516129032258,0.008064516129032258,0.9919354838709677,124,3500,2200,1300,0.6285714285714286,48,22,26,229.87499151735068,0.4528299567269866,0.6823025808623155,0.14081620614392734,1064192.8288966022,20626.263503086284,1084819.0923996884,222,0,117.65322580645162,59,65,44,36.17223437675306,0.622704802259887,42.100694444444436,8252.777777777757,139.87758945386028,0
224,32,1,0,124,0.008064516129032258,0.0,1.0,124,3650,2300,1350,0.6301369863013698,50,23,27,227.9783662414198,0.4525212540431856,0.6794451712101592,0.14037531829042632,1065728.4974174812,20142.608339631883,1085871.105757113,223,0,118.45967741935483,62,62,41,36.03089563713241,0.6224798387096775,41.914682539682524,8258.730158730124,133.20532514080847,0
225,32,1,1,124,0.008,0.008,0.992,125,3500,2100,1400,0.6,49,21,28,225.19466819534992,0.4528225806451613,0.6772215363930829,0.13931419114103943,1067125.520514483,19562.195503009567,1086687.7160174926,224,0,118.504,65,60,42,35.92982898409011,0.622275641025641,41.74558080808079,8264.141414141373,127.14063714063651,0
226,32,2,1,125,0.015873015873015872,0.007936507936507936,0.9920634920634921,126,4100,3200,900,0.7804878048780488,50,32,18,221.11239722372815,0.45269708994708996,0.6746609359189781,0.13792860481864416,1069584.0966079885,17999.660726673574,1087583.7573346621,225,0,118.45238095238095,61,65,41,35.73135302272186,0.6279030054644809,41.44825268817204,8273.655913978488,135.63370350784405,0
227,32,1,0,126,0.007936507936507936,0.0,1.0,126,3600,2700,900,0.75,45,27,18,223.09741064305078,0.4524166666666667,0.6793615744778221,0.1397580931278152,1070835.5192796858,18980.126315180933,1089815.6455948667,226,0,119.39682539682539,61,65,45,35.52544702775252,0.6294398907103825,41.29704301075269,8278.494623655917,135.7130266173101,0
228,32,2,0,128,0.015625,0.0,1.0,128,4350,3200,1150,0.735632183908046,55,32,23,216.9447523411064,0.4530199105971129,0.6754534579483313,0.13679643539415987,1072761.8789672833,16596.012030707367,1089357.8909979907,227,0,118.515625,63,65,46,35.44698231608941,0.6304563492063492,41.06445312499999,8285.937499999985,131.52281746031724,0
229,32,0,2,126,0.0,0.015625,0.984375,128,4000,2400,1600,0.6,56,24,32,223.34181758053006,0.4527533423556431,0.6845934389105279,0.14181810819512844,1074810.6878698252,18410.034516765416,1093220.7223865907,228,1,119.515625,64,64,42,35.02867433376614,0.63232421875,40.8173076923077,8293.846153846174,129.59134615384647,0
230,32,1,1,126,0.007874015748031496,0.007874015748031496,0.9921259842519685,127,3500,2600,900,0.7428571428571429,44,26,18,222.4488715734945,0.4519487147439903,0.6798127420252624,0.1420977024385664,1076555.3212528091,18995.703279825706,1095551.0245326348,229,0,119.66141732283465,57,70,45,34.836873110387984,0.6394371345029239,40.607040229885065,8300.57471264369,145.6241177656788,0
231,32,0,1,125,0.0,0.007936507936507936,0.9920634920634921,126,4150,3000,1150,0.7228915662650602,53,30,23,220.48159387597022,0.4510621693121693,0.6740017685871706,0.14147969932652313,1077872.1442194157,18180.193670401422,1096052.337889817,230,1,121.58730158730158,58,68,44,34.725812303017925,0.6402658045977012,40.44844632768363,8305.649717514145,143.20085719851974,0
232,32,0,0,125,0.0,0.0,1.0,125,3550,2400,1150,0.676056338028169,47,24,23,221.58495009568594,0.4511612903225806,0.6734607749830044,0.14283587273915646,1079192.3018608997,19276.554470299357,1098468.856331199,231,2,121.824,58,67,45,34.534755268524805,0.641882183908046,40.289548022598886,8310.734463276867,143.2885252289115,0
233,32,1,2,124,0.007936507936507936,0.015873015873015872,0.9841269841269842,126,4300,2900,1400,0.6744186046511628,57,29,28,220.1169182245647,0.45101984126984124,0.6718899926100506,0.14271850943005493,1080877.8983410534,18083.902391975564,1098961.800733029,232,0,121.84920634920636,59,67,47,34.36567641885422,0.6431850282485876,40.08680555555557,8317.222222222254,140.96986817325853,0
234,32,1,3,122,0.008,0.024,0.976,125,3650,2600,1050,0.7123287671232876,47,26,21,217.00882233813854,0.4511612903225806,0.664492116826052,0.14111044262626243,1081711.8308475018,18298.202104289823,1100010.0329517915,233,0,121.672,61,64,45,34.34403808046869,0.6427595628415301,39.986559139784966,8320.43010752692,136.4004935660151,0
235,32,1,0,123,0.008130081300813009,0.0,1.0,123,3400,2500,900,0.7352941176470589,43,25,18,266.1981109277289,0.4506391887689369,0.7247374629658279,0.1662033384716441,1069851.8292276303,28958.507182593927,1098810.3364102242,234,0,122.86178861788618,53,70,37,34.53243503667787,0.6346305031446541,41.415895061728385,8274.691358024671,156.12625203820133,7
236,32,1,0,124,0.008064516129032258,0.0,1.0,124,3150,1700,1450,0.5396825396825397,46,17,29,265.39082538847043,0.4504204366640441,0.724682370182798,0.16652466269639188,1071317.4127072685,28913.562482284437,1100230.9751895529,235,0,122.86290322580645,55,69,37,34.371555483669994,0.6346590909090909,41.23883928571428,8280.357142857129,150.5519480519478,0
237,32,0,1,123,0.0,0.008064516129032258,0.9919354838709677,124,3200,2000,1200,0.625,44,20,24,261.1723790720915,0.45042863231051666,0.7201908812848636,0.16464023563980454,1072682.8232345714,28031.024986787914,1100713.8482213593,236,1,123.86290322580645,57,67,39,34.31156216041248,0.6346856725146199,41.07399425287355,8285.632183908016,145.36196813873713,0
238,32,0,1,122,0.0,0.008130081300813009,0.991869918699187,123,4100,3000,1100,0.7317073170731707,52,30,22,260.6213335853129,0.4505197920831667,0.7178268499162919,0.1650085770510654,1073957.9909336378,27279.27276234539,1101237.2636959832,237,2,125.5691056910569,59,64,35,34.16796499810135,0.6347104519774012,40.92013888888887,8290.555555555522,140.5178907721275,0
239,32,0,2,120,0.0,0.01639344262295082,0.9836065573770492,122,3750,2600,1150,0.6933333333333334,49,26,23,265.4918318778094,0.45018741814568936,0.720713190349684,0.16876742076654672,1075131.0131685,28937.700438949912,1104068.71360745,238,3,127.20491803278688,60,62,36,33.89657444005269,0.6354166666666667,40.77868852459015,8295.081967213091,138.2513661202182,0
240,32,0,1,119,0.0,0.008333333333333333,0.9916666666666667,120,3800,2500,1300,0.6578947368421053,51,25,26,265.6396475442524,0.44913632119514474,0.7167764168751922,0.16935363927821173,1075981.0870733636,29364.64734688976,1105345.7344202534,239,5,130.18333333333334,60,60,37,33.78756200886781,0.6364583333333333,40.676229508196705,8298.360655737675,138.30601092896126,0
241,32,1,0,120,0.008333333333333333,0.0,1.0,120,3200,2400,800,0.75,40,24,16,262.59582878514834,0.44930555555555557,0.7138442794737776,0.168033326989469,1077058.8646117647,29366.233040623498,1106425.0976523883,240,0,131.11666666666667,52,68,38,33.733239906067745,0.6444310897435898,40.54638364779875,8302.515723270448,159.66376390904708,0
242,32,1,0,121,0.008264462809917356,0.0,1.0,121,3700,2500,1200,0.6756756756756757,49,25,24,257.7109745032224,0.4492883379247015,0.7105148190887092,0.16632969483819804,1079552.485078057,27742.50459136853,1107294.9896694256,241,0,131.02479338842974,54,67,37,33.55207194069755,0.6456404320987654,40.24621212121214,8312.121212121241,153.9281705948378,0
243,32,2,1,122,0.016260162601626018,0.008130081300813009,0.991869918699187,123,3850,2800,1050,0.7272727272727273,49,28,21,249.8694735015598,0.449758985294771,0.704690923920031,0.1629626805267148,1082569.7087762165,25650.224632130165,1108219.9334083467,242,0,129.8780487804878,58,65,39,33.383956650602954,0.6460129310344828,39.8834745762712,8323.728813559343,143.51256575102315,0
244,32,0,0,122,0.0,0.0,1.0,122,3200,2100,1100,0.65625,43,21,22,250.01721755704958,0.4495890349094522,0.7032651121745919,0.16362915458002084,1083573.3130202177,26582.396948077978,1110155.7099682956,243,1,131.78688524590163,57,65,40,33.2565562456867,0.6480263157894737,39.762931034482776,8327.586206896582,146.09800362976458,0
245,32,0,0,122,0.0,0.0,1.0,122,3250,2200,1050,0.676923076923077,43,22,21,249.34114807840285,0.44929407713498626,0.7014468395062281,0.16352717648182735,1084171.641729427,26415.720372572665,1110587.3621019998,244,2,132.78688524590163,57,65,41,33.20051975530104,0.6487573099415205,39.69109195402301,8329.8850574713,146.13833434160176,0
246,32,0,0,122,0.0,0.0,1.0,122,3350,2200,1150,0.6567164179104478,45,22,23,248.2437202816205,0.4489342004245134,0.7000122412532412,0.16323575451574027,1084924.7733410527,26115.15239197553,1111039.9257330282,245,3,133.78688524590163,59,63,42,33.13644520745828,0.6481285310734464,39.60069444444446,8332.777777777803,141.2335216572509,0
247,32,1,1,122,0.008130081300813009,0.008130081300813009,0.991869918699187,123,3650,2800,850,0.7671232876712328,45,28,17,242.7887878696596,0.44905648851570484,0.6955826796937423,0.16063672334128437,1086688.4565817646,24517.154633087735,1111205.6112148524,246,0,133.6910569105691,58,65,41,33.06178443194903,0.6510416666666667,39.38912429378532,8339.548022598896,143.78531073446374,0
248,32,0,0,122,0.0,0.0,1.0,122,3600,2500,1100,0.6944444444444444,47,25,22,237.04195470399821,0.44892149889355554,0.6856034010757188,0.1575122127210645,1087917.394517606,23576.413150586945,1111493.8076681928,247,1,134.84426229508196,60,62,41,33.06074001309758,0.6510416666666667,39.241803278688536,8344.26229508199,139.0710382513665,0
249,32,0,1,121,0.0,0.00819672131147541,0.9918032786885246,122,4100,3000,1100,0.7317073170731707,52,30,22,236.23460284758073,0.4487676692408436,0.6832374998268707,0.1472232415559225,1069306.1020421444,22021.420467684173,1091327.5225098287,248,2,135.84426229508196,61,61,40,35.3747617036026,0.6275614754098361,41.48185483870968,8272.580645161297,135.6160761501852,7
250,32,1,0,122,0.00819672131147541,0.0,1.0,122,3400,2000,1400,0.5882352941176471,48,20,28,234.34706565922716,0.4484741227475952,0.6821507593281706,0.14691758347097675,1071060.7205845274,22399.987402368155,1093460.7079868955,249,0,136.81967213114754,62,60,41,35.2065759202454,0.6290322580645161,41.26984126984126,8279.365079365058,133.5381464413719,0
251,32,0,1,121,0.0,0.00819672131147541,0.9918032786885246,122,3750,3000,750,0.8,45,30,15,234.76877360743907,0.44827936593957457,0.6838242570175146,0.1476963044087309,1072087.6736111133,22188.54166666683,1094276.21527778,250,1,137.81967213114754,63,59,42,35.06874580818244,0.6296296296296297,41.14583333333334,8283.333333333352,131.48148148148178,0
252,32,1,1,121,0.00819672131147541,0.00819672131147541,0.9918032786885246,122,3400,2200,1200,0.6470588235294118,46,22,24,230.76008136731545,0.44820739059748,0.678928626471232,0.14619627725496703,1074146.2195923738,21774.01380670612,1095920.2333990799,251,0,138.31967213114754,64,58,40,34.9183830199571,0.6315104166666667,40.8974358974359,8291.282051282054,129.5512820512821,0
253,32,0,1,120,0.0,0.008264462809917356,0.9917355371900827,121,3900,2600,1300,0.6666666666666666,52,26,26,231.9867734908161,0.44760674931129474,0.6780589600491349,0.14737447268030088,1074943.6061801447,21774.539776462843,1096718.1459566075,252,3,140.46280991735537,64,57,41,34.78821462429413,0.6324869791666667,40.80128205128205,8294.358974358975,129.59935897435898,0
254,32,1,1,120,0.008264462809917356,0.008264462809917356,0.9917355371900827,121,3300,1900,1400,0.5757575757575758,47,19,28,231.07327087969907,0.4484762396694215,0.676696989515825,0.14733570941412016,1076019.1579416355,22227.853270958654,1098247.011212594,253,0,140.40495867768595,66,55,43,34.67925659472421,0.6325757575757576,40.67164179104478,8298.50746268657,125.73496155585713,0
255,32,0,0,120,0.0,0.0,1.0,120,4000,2900,1100,0.725,51,29,22,230.5834437294587,0.44808006535947714,0.6743458849588144,0.1475958799982054,1077151.7094811096,21674.670118245635,1098826.3795993552,254,1,142.475,57,63,43,34.55237246487159,0.6401681286549707,40.5352011494253,8302.87356321841,145.66444847751598,0
256,32,0,1,119,0.0,0.008333333333333333,0.9916666666666667,120,4250,3300,950,0.7764705882352941,52,33,19,230.76166307744612,0.44746586134453786,0.6731831962370975,0.14828444984946537,1078280.3288966075,21515.15239197546,1099795.481288583,255,2,143.475,59,61,42,34.408716756949545,0.6400070621468927,40.399305555555564,8307.22222222224,140.80037664783458,0
257,32,0,0,119,0.0,0.0,1.0,119,3200,2100,1100,0.65625,43,21,22,232.24705009943523,0.4473098561458482,0.6724261687030104,0.14990855753182727,1079578.7229938295,23145.794753086557,1102724.517746916,256,3,145.25210084033614,59,60,44,34.21027714654903,0.64159604519774,40.243055555555564,8312.22222222224,140.88512241054644,0
258,32,0,0,119,0.0,0.0,1.0,119,4150,3100,1050,0.7469879518072289,52,31,21,229.66936626749185,0.4470902767886816,0.6683164981652734,0.14868906030673995,1080444.7530864223,21679.012345679213,1102123.7654321014,257,4,146.25210084033614,59,60,43,34.17067521824337,0.6426553672316384,40.1388888888889,8315.555555555577,140.94161958568773,0
259,32,0,1,118,0.0,0.008403361344537815,0.9915966386554622,119,3350,2000,1350,0.5970149253731343,47,20,27,228.12222503186956,0.4467994825048664,0.6631530093638052,0.14459068038182243,1074279.096811306,21863.387573964348,1096142.4843852704,258,5,147.25210084033614,64,55,41,34.970339332467475,0.6316731770833333,40.88141025641025,8291.794871794855,129.5592948717946,8
260,32,0,0,118,0.0,0.0,1.0,118,3150,2200,950,0.6984126984126984,41,22,19,226.24523720214,0.44593685112752907,0.6590855628876702,0.14406033940917656,1075620.408631772,21920.798898071618,1097541.2075298436,259,6,148.94915254237287,65,53,42,34.85360360360361,0.6326923076923077,40.71969696969697,8296.969696969696,127.64568764568763,0
261,32,3,0,121,0.024793388429752067,0.0,1.0,121,3450,2600,850,0.7536231884057971,43,26,17,195.81823232320644,0.44755509641873276,0.6192349817033478,0.1187624863570616,1061202.9628027685,13910.577662437505,1075113.540465206,260,0,146.23140495867767,67,54,43,37.420195891823255,0.6138059701492538,42.463235294117645,8241.176470588236,123.00263388937665,8
262,32,1,0,122,0.00819672131147541,0.0,1.0,122,3700,2400,1300,0.6486486486486487,50,24,26,197.0685339261654,0.448591259088651,0.6236145101368871,0.11995598206318805,1062293.694135219,13768.932180447631,1076062.6263156668,261,0,146.02459016393442,68,54,44,37.25307104913679,0.6145833333333333,42.330917874396135,8245.410628019325,121.256038647343,0
263,32,0,1,121,0.0,0.00819672131147541,0.9918032786885246,122,4400,3700,700,0.8409090909090909,51,37,14,196.67398367275936,0.448554565776995,0.6229669083757792,0.12004181625015999,1063108.2908163276,13017.148526077146,1076125.4393424047,262,1,147.02459016393442,69,53,47,37.162519724435185,0.615036231884058,42.23214285714286,8248.571428571438,119.54451345755707,0
264,32,1,1,121,0.00819672131147541,0.00819672131147541,0.9918032786885246,122,3250,2500,750,0.7692307692307693,40,25,15,193.72275757324502,0.44833440590705864,0.617321156055525,0.11892406567628919,1064830.8032828828,13606.391912178999,1078437.1951950619,263,0,147.49180327868854,72,50,41,37.025808027730136,0.6155960648148149,42.02340182648404,8255.251141552566,114.65626585489674,0
265,32,0,1,120,0.0,0.008264462809917356,0.9917355371900827,121,3450,2700,750,0.782608695652174,42,27,15,203.8038242819548,0.4476124885215795,0.6337318587219514,0.1203067552079624,1053012.9975550256,15271.615184063732,1068284.6127390894,264,3,149.71074380165288,67,54,44,38.23054129097749,0.6037002487562189,43.45894607843137,8209.313725490187,122.52707052970428,8
266,32,2,1,121,0.01639344262295082,0.00819672131147541,0.9918032786885246,122,2850,1500,1350,0.5263157894736842,42,15,27,205.27535672942233,0.44792654563518947,0.6391708071062667,0.12210294995387862,1055334.3718639857,16076.82793064005,1071411.1997946256,265,0,149.44262295081967,68,54,46,37.90437142409278,0.6060049019607843,43.17632850241545,8218.35748792269,120.85819835180428,0
267,32,1,1,121,0.00819672131147541,0.00819672131147541,0.9918032786885246,122,3400,2200,1200,0.6470588235294118,46,22,24,202.3976317138969,0.44855597705821254,0.6345099576707625,0.12089950543297437,1056612.6736111122,14971.180555555611,1071583.8541666677,266,0,148.672131147541,69,53,43,37.81963586001891,0.6070350241545894,43.020833333333336,8223.333333333341,119.17874396135277,0
268,32,3,0,124,0.024193548387096774,0.0,1.0,124,3200,2400,800,0.75,40,24,16,199.52056189700215,0.44957218725413056,0.6345792905347512,0.12041294369142812,1059720.1199001803,14287.19075520875,1074007.310655389,267,0,146.69354838709677,63,61,45,37.50843241420019,0.6144179894179894,42.64322916666669,8235.416666666719,130.7208994709003,0
269,32,3,0,127,0.023622047244094488,0.0,1.0,127,2900,1800,1100,0.6206896551724138,40,18,22,192.16800030068512,0.4510139357580303,0.6291685896889794,0.11704019192824579,1062465.7733804393,12534.384611688296,1075000.1579921276,268,0,144.20472440944883,67,60,50,37.358072761859475,0.615360696517413,42.310049019607874,8246.078431372616,123.07579748317337,0
270,32,1,1,127,0.0078125,0.0078125,0.9921875,128,4150,2900,1250,0.6987951807228916,54,29,25,190.1203726335382,0.45147945374015747,0.6279837674633875,0.11632390667516566,1063834.6655574932,10701.328607253527,1074535.9941647467,269,0,144.0703125,71,57,49,37.241731190035324,0.6148767605633803,42.14409722222225,8251.388888888956,116.21674491392896,0
271,32,1,0,128,0.0078125,0.0,1.0,128,3600,2600,1000,0.7222222222222222,46,26,20,189.96962555476438,0.4522471190124672,0.6281883319240609,0.11681761845167461,1065335.4822305522,11276.276529908902,1076611.7587604611,270,0,143.015625,73,55,43,37.060341770770854,0.6157248858447488,41.96227477477481,8257.207207207293,113.11242749599032,0
272,32,0,2,126,0.0,0.015625,0.984375,128,3400,2200,1200,0.6470588235294118,46,22,24,187.7962714339767,0.452151000656168,0.6235560431799807,0.1157609852272139,1066056.250000013,11040.277777778498,1077096.5277777915,271,1,144.015625,74,54,46,37.02750874361045,0.6161317567567568,41.87500000000004,8260.000000000104,111.62162162162302,0
273,32,1,1,126,0.007874015748031496,0.007874015748031496,0.9921259842519685,127,3400,2200,1200,0.6470588235294118,46,22,24,188.98831397181874,0.4513420197475316,0.6242936357881295,0.11694634603347787,1067203.7808642115,11537.808641976026,1078741.5895061875,272,0,146.09448818897638,74,53,48,36.855225419019476,0.6175394144144144,41.73611111111116,8264.444444444554,111.68168168168317,0
274,32,1,0,127,0.007874015748031496,0.0,1.0,127,3500,2000,1500,0.5714285714285714,50,20,30,187.44757936576255,0.45146179644211143,0.6216131697230791,0.11651586823509254,1068537.7168637053,11158.961697424002,1079696.6785611294,273,0,146.93700787401573,67,60,48,36.73063623789765,0.6228233830845771,41.57475490196078,8269.607843137248,123.42698273339177,0
275,32,0,0,127,0.0,0.0,1.0,127,4000,3300,700,0.825,47,33,14,188.732198515172,0.4511050701995584,0.6246864169603104,0.1177949239008488,1069746.938775511,10979.138321995504,1080726.0770975065,274,1,147.93700787401573,69,58,50,36.54849600982201,0.6231884057971014,41.42857142857143,8274.285714285721,119.91718426501045,0
276,32,1,0,128,0.0078125,0.0,1.0,128,3950,2700,1250,0.6835443037974683,52,27,25,186.56861689841492,0.4510155224737533,0.623432503308154,0.11720800154785425,1071674.0196461712,10438.14792227016,1082112.1675684415,275,0,147.7734375,72,56,52,36.367301648563725,0.6239872685185186,41.19577625570776,8281.735159817354,115.0240994419077,0
277,32,1,1,128,0.007751937984496124,0.007751937984496124,0.9922480620155039,129,3450,2000,1450,0.5797101449275363,49,20,29,186.9633624811816,0.4508968225129199,0.6269230315620624,0.11832440588389517,1073837.4015907822,10903.65027189359,1084741.0518626757,276,0,147.6201550387597,73,56,41,36.09111243932479,0.6261415525114156,40.93468468468469,8290.090090090107,113.56287794643983,0
278,32,0,1,127,0.0,0.0078125,0.9921875,128,3750,2600,1150,0.6933333333333334,49,26,23,190.71111322149596,0.4501555835793963,0.6305482467738521,0.12100556136886065,1074586.8440289318,11637.130655586316,1086223.974684518,277,2,149.7734375,75,53,42,35.90191100768633,0.6261111111111111,40.844298245614034,8292.98245614035,110.57309941520465,0
279,32,1,1,127,0.0078125,0.0078125,0.9921875,128,4100,3200,900,0.7804878048780488,50,32,18,189.85996322917592,0.4500133284120735,0.6285918181699628,0.1210317803505178,1075957.1626515605,11156.237467438694,1087113.4001189992,278,0,150.75,76,52,45,35.75564713860921,0.6273300438596492,40.67911255411255,8298.268398268385,109.18774208247875,0
280,32,0,0,127,0.0,0.0,1.0,127,3700,2400,1300,0.6486486486486487,50,24,26,193.12257276792545,0.4493188351456068,0.6317051636110731,0.12356301123701906,1077023.898100904,12499.525226757181,1089523.4233276611,279,1,152.251968503937,69,58,44,35.54004158302262,0.6320954106280193,40.55059523809523,8302.380952380929,120.32436162870911,0
281,32,1,0,128,0.0078125,0.0,1.0,128,3600,2300,1300,0.6388888888888888,49,23,26,187.32036476083073,0.44940970513451445,0.622839808326465,0.12047698963673727,1078539.1548601924,11206.469579449633,1089745.624439642,280,0,152.0546875,72,56,46,35.50471741320876,0.6323784722222222,40.368150684931486,8308.219178082141,115.39193302891863,0
282,32,2,0,130,0.015384615384615385,0.0,1.0,130,3050,1900,1150,0.6229508196721312,42,19,23,186.224151710235,0.44956146889286425,0.6265299830430113,0.12068292429013854,1080733.5069444368,11201.736111110706,1091935.2430555476,281,0,150.7,77,53,47,35.264278557114245,0.632711038961039,40.10416666666664,8316.666666666606,108.00865800865722,0
283,32,0,0,130,0.0,0.0,1.0,130,3700,2500,1200,0.6756756756756757,49,25,24,186.71149181818515,0.44896392367322596,0.6281658810653645,0.1213718208416768,1081622.2223363568,10690.259743224064,1092312.482079581,282,1,151.7,77,53,39,35.142780403033896,0.6337932900432901,39.997329059829035,8320.085470085407,108.05305805305723,0
284,32,0,4,126,0.0,0.03076923076923077,0.9692307692307692,130,3950,2900,1050,0.7341772151898734,50,29,21,185.81759779932892,0.44869558735837806,0.6260925541241809,0.12121082283775297,1082622.4637482574,10284.061107458127,1092906.5248557155,283,2,152.7,77,53,42,35.04359619399664,0.6350108225108225,39.87713675213673,8323.931623931565,108.10300810300734,0
285,32,0,2,124,0.0,0.015873015873015872,0.9841269841269842,126,4600,3100,1500,0.6739130434782609,61,31,30,191.76316280497454,0.4471441798941799,0.626603682962215,0.12536956741641284,1083266.442251827,11746.119825340338,1095012.5620771674,284,3,155.86507936507937,76,50,44,34.81010190288031,0.6362390350877193,39.799783549783534,8326.40692640689,109.55798587377485,0
286,32,0,0,124,0.0,0.0,1.0,124,3350,2200,1150,0.6567164179104478,45,22,23,194.11897991857776,0.44686489203601715,0.625558196605897,0.1274087875018114,1084393.1429321044,13950.258147336128,1098343.4010794405,285,4,157.43548387096774,76,48,46,34.610896036860005,0.637609649122807,39.66450216450217,8330.735930735933,109.61494645705174,0
287,32,0,0,124,0.0,0.0,1.0,124,4000,3100,900,0.775,49,31,18,193.43199256324436,0.44637451918874027,0.6252063324618353,0.1273714460712738,1085324.7699202257,13187.306564782915,1098512.0764850087,286,5,158.43548387096774,67,57,47,34.51481198290398,0.6433457711442786,39.55269607843138,8334.313725490218,124.39274217149578,0
288,32,0,0,124,0.0,0.0,1.0,124,4300,3100,1200,0.7209302325581395,55,31,24,190.90797495437573,0.44594697963108665,0.6205339132453147,0.12619817098626188,1086433.9604591848,12381.781462585097,1098815.74192177,287,6,159.43548387096774,69,55,46,34.44495602763975,0.6435688405797102,39.41964285714286,8338.571428571438,120.84886128364404,0
289,32,0,1,123,0.0,0.008064516129032258,0.9919354838709677,124,3150,2100,1050,0.6666666666666666,42,21,21,191.07016625915927,0.4456492044759157,0.6206509346269469,0.1266766684362968,1087271.264519831,13599.020256122249,1100870.2847759533,288,7,160.43548387096774,70,54,46,34.33841737955874,0.644047619047619,39.319248826291094,8341.78403755872,119.168343393696,0
290,32,0,0,123,0.0,0.0,1.0,123,3950,2600,1350,0.6582278481012658,53,26,27,193.56558917199436,0.4453246479186103,0.6205574912891985,0.1289953589009772,1088740.3844034516,13598.534792479699,1102338.9191959312,289,8,160.4471544715447,70,53,45,34.09390232470942,0.6458333333333333,39.143192488262926,8347.41784037562,119.24882629108028,0
291,32,0,0,123,0.0,0.0,1.0,123,3950,2400,1550,0.6075949367088608,55,24,31,193.80785792959927,0.44470267448576123,0.620688678076841,0.1296595706923528,1089842.8752286865,13694.022625581689,1103536.897854268,290,9,161.4471544715447,70,53,46,33.95298124309033,0.647172619047619,39.011150234741805,8351.64319248831,119.30918846411873,0
292,32,1,0,124,0.008064516129032258,0.0,1.0,124,3700,2300,1400,0.6216216216216216,51,23,28,195.1267904428307,0.44441985750502666,0.6269614652466933,0.1315532232340385,1092025.0000000088,14116.666666667139,1106141.666666676,291,0,161.13709677419354,74,50,44,33.65231259968104,0.6478040540540541,38.75000000000003,8360.000000000067,112.97297297297388,0
293,32,0,1,123,0.0,0.008064516129032258,0.9919354838709677,124,3550,2400,1150,0.676056338028169,47,24,23,193.62833875782027,0.444102959174753,0.6232051468886333,0.13081210749473668,1092605.6327160588,13961.88271604991,1106567.5154321087,292,1,162.13709677419354,74,50,44,33.62067056426612,0.6485078828828829,38.680555555555586,8362.222222222295,113.003003003004,0
294,32,0,1,122,0.0,0.008130081300813009,0.991869918699187,123,3450,2400,1050,0.6956521739130435,45,24,21,194.55591808927477,0.4430755475587543,0.6216920390680409,0.13176741725137298,1093308.7103724275,14491.935980301947,1107800.6463527295,293,2,164.2357723577236,75,48,44,33.51073126398211,0.6488888888888888,38.59649122807019,8364.912280701794,111.53216374269059,0
295,32,1,0,123,0.008130081300813009,0.0,1.0,123,3800,2400,1400,0.631578947368421,52,24,28,193.34050632668553,0.44274512417255324,0.6200313041911585,0.13169042034704465,1094904.4318420528,13937.875446335016,1108842.3072883878,294,0,163.10569105691056,68,55,42,33.348121537396146,0.6544117647058824,38.40579710144929,8371.014492753646,123.10315430520068,0
296,32,0,0,123,0.0,0.0,1.0,123,3350,2000,1350,0.5970149253731343,47,20,27,191.48103151487703,0.4425646408103425,0.6170762219392913,0.13082305439862588,1095760.331632654,14013.463718820904,1109773.7953514748,295,1,164.10569105691056,69,54,46,33.29258121990977,0.6548913043478262,38.30357142857143,8374.285714285721,121.36645962732929,0
297,32,0,0,123,0.0,0.0,1.0,123,3950,2800,1150,0.7088607594936709,51,28,23,189.77223762710827,0.44231751743746944,0.6140323298654149,0.12998487662113226,1096469.536605392,13065.895490312769,1109535.4320957046,296,2,165.10569105691056,70,53,46,33.25101813969994,0.6552083333333334,38.218896713615024,8376.995305164324,119.6713615023475,0
298,32,0,0,123,0.0,0.0,1.0,123,4350,3200,1150,0.735632183908046,55,32,23,190.6464990738133,0.4419787640499356,0.6138459466547599,0.13094103858542716,1097232.334605198,12886.70065261349,1110119.0352578114,297,3,166.10569105691056,72,51,43,33.135353095030524,0.6550925925925926,38.12785388127853,8379.90867579907,116.3876204972093,0
299,32,0,1,122,0.0,0.008130081300813009,0.991869918699187,123,3500,2600,900,0.7428571428571429,44,26,18,190.46297928352612,0.4417066506730641,0.6131351181493367,0.13115451815504128,1097954.6944444433,13723.9444444444,1111678.6388888878,298,4,167.10569105691056,74,49,47,33.05233020518531,0.6549831081081081,38.041666666666664,8382.666666666659,113.27927927927917,0
300,32,0,0,122,0.0,0.0,1.0,122,3550,2700,850,0.7605633802816901,44,27,17,242.0764961594591,0.4413852571918891,0.6880704110298286,0.15411200311451792,1075565.8469703824,24123.8423246744,1099689.6892950567,299,5,167.10655737704917,71,51,34,34.44986561389804,0.6292546948356808,40.72627314814816,8296.759259259286,116.85576421491953,7
301,32,0,0,122,0.0,0.0,1.0,122,3900,2700,1200,0.6923076923076923,51,27,24,250.02008769690076,0.44145723253398367,0.7007879851597572,0.14710125591480666,1052003.1398138471,24304.383454734387,1076307.5232685816,300,6,168.10655737704917,61,61,34,37.17102389376664,0.6062158469945356,43.58198924731181,8205.376344085988,134.5143662964916,8
302,32,3,1,124,0.024,0.008,0.992,125,3700,2600,1100,0.7027027027027027,48,26,22,242.50091611297697,0.4438951612903226,0.697990287084282,0.14391690632651538,1054640.8250752438,22450.27325017836,1077091.0983254223,301,0,165.048,65,60,40,37.03478156185325,0.6068910256410256,43.26073232323231,8215.656565656538,126.39471639471597,0
303,32,1,0,125,0.008,0.0,1.0,125,2950,1800,1150,0.6101694915254238,41,18,23,242.83694306293384,0.4441962365591398,0.6981741603630869,0.1448170510326588,1056114.116141925,23342.704697903355,1079456.8208398283,302,0,163.632,66,59,37,36.84253656076651,0.6081123737373737,43.08146766169153,8221.393034825855,124.56656113372507,0
304,32,1,2,124,0.007936507936507936,0.015873015873015872,0.9841269841269842,126,3150,2100,1050,0.6666666666666666,42,21,21,239.0964440775214,0.4450476190476191,0.6966278576786353,0.14356742773565678,1058189.8972263082,22251.8883171137,1080441.785543422,303,0,163.32539682539684,68,58,39,36.68024165932884,0.6095281862745099,42.829106280193244,8229.468599033831,121.02159704461516,0
305,32,0,0,124,0.0,0.0,1.0,124,3350,2600,750,0.7761194029850746,41,26,15,241.52765368904477,0.4431809489465863,0.6970884309184626,0.14544394516907994,1059056.025840946,23008.26340932167,1082064.2892502677,304,1,166.92741935483872,66,58,39,36.509950850052405,0.6117424242424243,42.72388059701493,8232.835820895534,124.73993668023536,0
306,32,1,1,124,0.008,0.008,0.992,125,4000,2800,1200,0.7,52,28,24,214.46561406624713,0.44390053763440857,0.6519140295928292,0.1288602933575195,1058383.716049379,16397.38271604913,1074781.0987654282,305,0,166.584,74,51,43,37.28961910933503,0.6067004504504505,42.80555555555554,8230.222222222194,111.21921921921883,8
307,32,2,0,126,0.015873015873015872,0.0,1.0,126,2900,2000,900,0.6896551724137931,38,20,18,210.62740348628773,0.44468386243386243,0.6493499521643016,0.12737649915726687,1060336.3932823495,16567.18026781551,1076903.573550165,306,0,166.15873015873015,66,60,43,37.14619317953053,0.6133207070707071,42.568407960199025,8237.81094527367,124.81531735263137,0
308,32,4,0,130,0.03076923076923077,0.0,1.0,130,3800,2700,1100,0.7105263157894737,49,27,22,228.64340072181022,0.4465687736036574,0.6878530966209866,0.13560226663296412,1054437.5741873612,18418.03856221079,1072855.612749572,307,0,162.01538461538462,73,57,39,37.41586472555793,0.6023116438356164,43.28547297297297,8214.86486486485,112.53239540910754,8
309,32,2,0,132,0.015151515151515152,0.0,1.0,132,3700,2700,1000,0.7297297297297297,47,27,20,228.71515189461843,0.44787329400879017,0.6930546764538255,0.13678843422510312,1056986.0951311248,18249.747059682868,1075235.8421908077,308,0,160.54545454545453,77,55,38,37.09688593300773,0.6036255411255411,42.975427350427346,8224.786324786308,106.81540681540659,0
310,32,0,1,131,0.0,0.007575757575757576,0.9924242424242424,132,4000,2700,1300,0.675,53,27,26,225.83629351852488,0.44782269257460094,0.689586488140991,0.1356185051165822,1058219.4037543414,17396.86957465283,1075616.2733289942,309,1,161.54545454545453,79,53,42,37.01758771707759,0.604298523206751,42.825520833333336,8229.583333333341,104.17194092827015,0
311,32,1,2,130,0.007575757575757576,0.015151515151515152,0.9848484848484849,132,3150,2100,1050,0.6666666666666666,42,21,21,224.04916846137547,0.4480961812784332,0.6894961631998207,0.13509791587618653,1059456.3115884173,17924.06112650798,1077380.3727149253,310,0,160.25757575757575,62,70,45,36.90992525005892,0.6147513440860215,42.67526455026454,8234.391534391503,132.8127666837339,0
312,32,0,0,130,0.0,0.0,1.0,130,4950,3900,1050,0.7878787878787878,60,39,21,221.79961121286334,0.4479166666666667,0.682469829628956,0.134443528954338,1061032.0553911896,16117.299474030217,1077149.35486522,311,1,161.6769230769231,64,66,43,36.77227892214824,0.6153971354166667,42.48397435897436,8240.512820512819,128.7580128205128,0
313,32,2,1,131,0.015151515151515152,0.007575757575757576,0.9924242424242424,132,4850,3900,950,0.8041237113402062,58,39,19,219.5286195286193,0.4490286934227774,0.6845883073155801,0.13415637860082313,1063476.5625000019,15442.708333333474,1078919.2708333354,312,0,160.21212121212122,67,65,45,36.52777777777776,0.6166044776119404,42.18750000000001,8250.000000000015,123.13432835820917,0
314,32,0,0,131,0.0,0.0,1.0,131,3550,2300,1250,0.647887323943662,48,23,25,217.65444753773033,0.4486225288706205,0.6776949864957564,0.1334158015241741,1064384.546716925,16583.606096674128,1080968.1528135992,313,1,161.7175572519084,70,61,38,36.46366609783845,0.6160714285714286,42.07746478873241,8253.521126760594,117.90744466800848,0
315,32,1,1,131,0.007575757575757576,0.007575757575757576,0.9924242424242424,132,4400,3100,1300,0.7045454545454546,57,31,26,211.22042543118005,0.449005802297787,0.6703591760079806,0.130350772507131,1066400.4444444475,14249.111111111266,1080649.5555555588,314,0,161.4848484848485,74,58,40,36.38032601678504,0.6165540540540541,41.83333333333334,8261.333333333358,111.63963963963997,0
316,32,0,0,131,0.0,0.0,1.0,131,3300,2300,1000,0.696969696969697,43,23,20,218.52237252861536,0.44841211587394797,0.6772962324550591,0.13548387096774192,1067777.7777777817,17166.666666666864,1084944.4444444487,315,1,163.45801526717557,75,56,40,36.02150537634409,0.6177777777777778,41.66666666666668,8266.666666666697,110.22222222222263,0
317,32,1,1,131,0.007575757575757576,0.007575757575757576,0.9924242424242424,132,3850,2900,950,0.7532467532467533,48,29,19,215.92590814127848,0.4490274886267253,0.6762347457277269,0.1349676826045614,1070185.1789275757,15966.141327854664,1086151.3202554304,316,0,163.21212121212122,67,65,41,35.79124217654842,0.6248445273631841,41.37561274509804,8275.98039215686,123.52209540532627,0
318,32,4,4,131,0.02962962962962963,0.02962962962962963,0.9703703703703703,135,4850,3800,1050,0.7835051546391752,59,38,21,206.50070888468764,0.450023032983232,0.665410628019323,0.13048121715241284,1073370.6679652657,12480.360766171787,1085851.0287314374,317,0,158.42222222222222,73,62,38,35.64243659420288,0.6255707762557078,40.990990990991,8288.288288288313,113.53819572997689,0
319,32,0,1,130,0.0,0.007633587786259542,0.9923664122137404,131,3750,2500,1250,0.6666666666666666,50,25,25,213.79784424659317,0.4481845762380114,0.6676040289197571,0.13529103737528356,1073802.2331946748,15965.320520839632,1089767.5537155145,318,1,161.85496183206106,72,59,40,35.40025704580921,0.6265914351851851,40.938926940639256,8289.954337899511,115.13825469304876,0
320,32,0,1,129,0.0,0.007692307692307693,0.9923076923076923,130,4400,3100,1300,0.7045454545454546,57,31,26,215.70793301137047,0.4473961439077718,0.6670342981542206,0.13688635497388157,1074630.4419215561,15961.262275598616,1090591.7041971548,319,2,163.97692307692307,72,58,41,35.24873361964541,0.6276041666666667,40.839041095890394,8293.150684931466,115.18264840182593,0
321,32,1,0,130,0.007692307692307693,0.0,1.0,130,3350,2500,850,0.746268656716418,42,25,17,213.45500119892085,0.4476458457563109,0.6640646990774599,0.13590140570628756,1075588.5562505007,16567.951312798974,1092156.5075632997,320,0,163.33076923076922,73,57,42,35.18915024340807,0.6282819634703196,40.723536036036016,8296.846846846796,113.65543625817529,0
322,32,0,0,130,0.0,0.0,1.0,130,3450,2500,950,0.7246376811594203,44,25,19,212.69716514707932,0.44700606241303914,0.6645668075308524,0.13598223662086883,1076799.278294305,16356.430785123819,1093155.7090794288,321,1,164.33076923076922,65,65,44,35.05981170529899,0.6341346153846155,40.57765151515151,8301.51515151514,127.71561771561753,0
323,32,1,1,130,0.007633587786259542,0.007633587786259542,0.9923664122137404,131,3350,2300,1050,0.6865671641791045,44,23,21,209.01963038070363,0.4472010178117048,0.6597694612743066,0.1345901310015962,1078877.9053287918,15551.332199546065,1094429.2375283379,322,0,164.06870229007635,69,62,44,34.89971346704867,0.6343599033816425,40.32738095238093,8309.523809523758,120.42788129744577,0
324,32,0,1,129,0.0,0.007692307692307693,0.9923076923076923,130,3350,2200,1150,0.6567164179104478,45,22,23,209.0727449165893,0.44693400914331144,0.6581765467892178,0.13508482534247981,1079867.3611111077,15804.166666666453,1095671.5277777743,323,1,166.16923076923078,69,61,42,34.77679764768776,0.6355676328502415,40.20833333333332,8313.333333333307,120.48309178743922,0
325,32,0,0,129,0.0,0.0,1.0,129,3500,2700,800,0.7714285714285715,43,27,16,209.49791348762204,0.44592821382428943,0.6567371182466888,0.13553327407956145,1080238.5239512448,15961.543367346818,1096200.0673185915,324,2,168.31782945736435,69,60,46,34.72017400683425,0.6360205314009661,40.16369047619047,8314.761904761886,120.50379572118676,0
326,32,0,0,129,0.0,0.0,1.0,129,3200,2100,1100,0.65625,43,21,22,209.40157140068195,0.4456077398255814,0.6578238238264154,0.13609966146986044,1081575.926059881,16296.73970121716,1097872.6657610983,325,3,169.31782945736435,71,58,45,34.55851325283325,0.6365903755868545,40.002893518518505,8319.907407407374,117.1817944705264,0
327,32,0,0,129,0.0,0.0,1.0,129,3950,2900,1050,0.7341772151898734,50,29,21,208.77432802838888,0.44547147529069764,0.6579303758526982,0.13627514408469596,1082811.2978513793,15462.640218093875,1098273.938069473,326,4,170.31782945736435,72,57,43,34.423280858610795,0.6375868055555556,39.85445205479452,8324.657534246577,115.62024353120245,0
328,32,0,0,129,0.0,0.0,1.0,129,4150,2900,1250,0.6987951807228916,54,29,25,210.5441654084011,0.4450046430878553,0.6615674799366305,0.13772538718116392,1083427.7985755997,15671.88032627209,1099099.6789018717,327,5,171.31782945736435,73,56,43,34.30163366872226,0.6378424657534247,39.780405405405396,8327.027027027005,114.06886338393157,0
329,32,2,0,131,0.015267175572519083,0.0,1.0,131,3900,2800,1100,0.717948717948718,50,28,22,208.5032939804526,0.44565962027794087,0.6638613339449573,0.13767889508117298,1086121.8880726492,15191.998265483342,1101313.8863381327,328,0,169.68702290076337,65,66,44,34.02466480898148,0.6455128205128204,39.45707070707072,8337.373737373766,128.2672882672887,0
330,32,0,0,131,0.0,0.0,1.0,131,4600,3400,1200,0.7391304347826086,58,34,24,205.82432808575447,0.44536602074770015,0.65934454237634,0.13627326366625564,1086884.0498997567,13941.43585554828,1100825.485755305,329,1,170.68702290076337,66,65,44,34.00118309075004,0.6458333333333333,39.36567164179105,8340.2985074627,126.3681592039803,0
331,32,0,1,130,0.0,0.007633587786259542,0.9923664122137404,131,4100,3300,800,0.8048780487804879,49,33,16,236.60241928565318,0.4452020943433157,0.7051475690900928,0.15256776691867965,1079290.1234567885,20772.530864197426,1100062.654320986,330,2,171.68702290076337,62,69,42,34.13268716577539,0.6391129032258065,40.27777777777777,8311.111111111099,134.05017921146933,7
332,32,0,0,130,0.0,0.0,1.0,130,4300,3100,1200,0.7209302325581395,55,31,24,245.87099290519353,0.4447823494335122,0.7125281406320929,0.14695324716674169,1056789.0392216952,21666.754072952826,1078455.793294648,331,3,173.9923076923077,67,63,35,36.68048767161392,0.6083644278606966,42.99938725490197,8224.01960784315,122.74656131109181,8
333,32,0,0,130,0.0,0.0,1.0,130,4050,2700,1350,0.6666666666666666,54,27,27,243.71293661498228,0.44496124031007755,0.7108504306120691,0.14621917750486096,1057941.4375189648,21516.802900884708,1079458.2404198495,332,4,174.9923076923077,68,62,37,36.59244799311142,0.6092218137254901,42.85929951690822,8228.50241545896,121.00738846263175,0
334,32,2,0,132,0.015151515151515152,0.0,1.0,132,4700,3400,1300,0.723404255319149,60,34,26,241.97253099643603,0.44576249132546847,0.7120267932176576,0.14651240764600545,1060706.1916478833,20232.352367326093,1080938.5440152094,333,0,173.32575757575756,61,71,37,36.29329798803702,0.6169740437158471,42.523521505376365,8239.247311827996,135.06962806275402,0
335,32,2,2,132,0.014925373134328358,0.014925373134328358,0.9850746268656716,134,3750,2300,1450,0.6133333333333333,52,23,29,243.5244555646703,0.44677458571802636,0.7184841020520611,0.14915519901129562,1064148.055182568,21279.215155707745,1085427.2703382757,334,0,171.72388059701493,63,71,41,35.82577311454719,0.6198743386243386,42.106119791666686,8252.604166666706,130.99371693121756,0
336,32,0,1,131,0.0,0.007575757575757576,0.9924242424242424,132,3500,2700,800,0.7714285714285715,43,27,16,242.74115574838999,0.44540707649009176,0.7126899913966163,0.14901035316080527,1064819.7597927554,21795.115831163504,1086614.8756239188,335,1,170.86363636363637,63,69,35,35.76261829653,0.6207010582010581,42.02473958333335,8255.208333333363,131.0350529100534,0
337,32,1,1,131,0.007575757575757576,0.007575757575757576,0.9924242424242424,132,3000,2100,900,0.7,39,21,18,254.29240374609705,0.4444842027141645,0.725562072336265,0.15766129032258078,1067777.7777777826,24905.555555555868,1092683.3333333386,336,0,171.84848484848484,64,68,39,35.09744623655916,0.6236979166666667,41.666666666666686,8266.666666666704,129.16666666666725,0
338,32,0,1,130,0.0,0.007633587786259542,0.9923664122137404,131,3850,2900,950,0.7532467532467533,48,29,19,257.52961793424726,0.4443139557643374,0.727252534100864,0.16029904789784769,1068945.7052571094,25007.035813463513,1093952.741070573,337,1,172.206106870229,58,73,38,34.86893784153005,0.6293103448275862,41.52542372881356,8271.18644067796,142.60666277030967,0
339,32,3,0,133,0.022556390977443608,0.0,1.0,133,3950,2900,1050,0.7341772151898734,50,29,21,252.5014467048071,0.44557178932178937,0.7253909313160207,0.15829898389570538,1071060.7205845255,23538.87629125693,1094599.5968757824,338,0,170.5639097744361,62,71,41,34.736867331288344,0.6290322580645161,41.26984126984125,8279.365079365043,133.53814644137165,0
340,32,2,1,134,0.014814814814814815,0.007407407407407408,0.9925925925925926,135,3150,1800,1350,0.5714285714285714,45,18,27,250.67587664091639,0.44636769854431546,0.7270918260957249,0.15845421173825286,1073481.9567718587,23669.20611439829,1097151.162886257,339,0,169.0222222222222,64,71,35,34.48449648373856,0.6306966145833333,40.977564102564095,8288.717948717933,129.5112179487177,0
341,32,1,3,132,0.007407407407407408,0.022222222222222223,0.9777777777777777,135,4250,3000,1250,0.7058823529411765,55,30,25,245.73067300978065,0.4465335360235858,0.7208379003775425,0.15604752947279982,1074834.8542240546,21573.978420569085,1096408.8326446237,340,0,168.93333333333334,65,70,37,34.44540859822189,0.6317307692307692,40.81439393939392,8293.939393939361,127.5990675990671,0
342,32,0,0,132,0.0,0.0,1.0,132,3800,2900,900,0.7631578947368421,47,29,18,248.96114344770564,0.4445902247667515,0.7196692906411586,0.15809899063024774,1074834.8542240546,23318.422865013526,1098153.2770890682,341,1,173.72727272727272,65,67,37,34.36167945439044,0.6317307692307692,40.81439393939392,8293.939393939361,127.5990675990671,0
343,32,1,0,133,0.007518796992481203,0.0,1.0,133,3950,3100,850,0.7848101265822784,48,31,17,249.83763488500676,0.44441833751044274,0.7243204877286551,0.1596778580455954,1076709.633947199,23250.517680653975,1099960.151627853,342,0,173.41353383458647,56,77,39,34.10737348831747,0.6404389880952381,40.58845029239767,8301.169590643287,148.23517126148727,0
344,32,0,0,133,0.0,0.0,1.0,133,4200,3200,1000,0.7619047619047619,52,32,20,247.2960108302821,0.4440836940836941,0.7212176580393697,0.15869990890405133,1077897.427004888,22511.946756506786,1100409.3737613948,343,1,174.41353383458647,57,76,37,34.02672063843528,0.6410818713450293,40.445402298850574,8305.74712643678,145.71486186731192,0
345,32,1,0,134,0.007462686567164179,0.0,1.0,134,4100,2900,1200,0.7073170731707317,53,29,24,242.4487575313068,0.44385450566715295,0.7178123017630369,0.15664953401116044,1079867.361111112,21462.50000000006,1101329.861111112,344,0,174.1044776119403,59,75,40,33.90971665330125,0.6419491525423728,40.208333333333336,8313.33333333334,140.90395480226,0
346,32,1,0,135,0.007407407407407408,0.0,1.0,135,4200,2800,1400,0.6666666666666666,56,28,28,238.00950473025887,0.44385480007370554,0.7130671450803676,0.15516483708709913,1082453.078196299,20326.824207049056,1102779.9024033481,345,0,173.8074074074074,62,73,39,33.706799737249156,0.6429771505376345,39.89748677248677,8323.280423280423,134.24645844000682,0
347,32,0,0,135,0.0,0.0,1.0,135,3850,2600,1250,0.6753246753246753,51,26,25,237.62853865094684,0.4435853141698913,0.7130794538343144,0.15543632341182884,1083416.6351725876,20640.14235323758,1104056.7775258252,346,1,174.8074074074074,62,73,40,33.59821768966834,0.6441532258064516,39.78174603174603,8326.984126984127,134.3061955965182,0
348,32,1,1,135,0.007352941176470588,0.007352941176470588,0.9926470588235294,136,3600,2500,1100,0.6944444444444444,47,25,22,237.86000649537147,0.4433358297022512,0.7159237777145604,0.15641606787557796,1084939.8877812417,20812.761750946673,1105752.6495321884,347,0,174.51470588235293,66,70,41,33.40497940175533,0.6434659090909092,39.59888059701492,8332.83582089551,126.25508819538652,0
349,32,1,3,133,0.007352941176470588,0.022058823529411766,0.9779411764705882,136,3000,1800,1200,0.6,42,18,24,265.2377283132243,0.44339483478576613,0.7447980912809189,0.16654939784788397,1071531.0702465603,26642.093377847094,1098173.1636244073,348,0,175.0,61,75,36,34.349031032915654,0.6302937158469946,41.2130376344086,8281.182795698924,135.75709501145778,8
350,32,0,1,132,0.0,0.007518796992481203,0.9924812030075187,133,4100,2700,1400,0.6585365853658537,55,27,28,265.86270789477123,0.44262882585251,0.7392492548567271,0.16733464064370127,1072222.497728135,26312.795342339334,1098535.2930704744,349,1,178.06766917293234,63,70,36,34.2471576024311,0.6297949735449735,41.129557291666664,8283.85416666666,131.48974867724857,0
351,32,0,0,132,0.0,0.0,1.0,132,3550,2400,1150,0.676056338028169,47,24,23,267.3109389750364,0.44218424705065923,0.7385066336081219,0.16886538197339251,1073301.395840116,27431.040785047782,1100732.4366251638,350,2,179.83333333333334,63,69,36,34.075978235823946,0.6311177248677249,40.999348958333336,8288.020833333341,131.55588624338637,0
352,32,0,0,132,0.0,0.0,1.0,132,4250,2600,1650,0.611764705882353,59,26,33,267.48699263101275,0.44193726385997384,0.7391835529472566,0.169711608153061,1074573.0665238209,26836.86358534826,1101409.930109169,351,3,180.83333333333334,65,67,38,33.91392610637434,0.6314102564102564,40.845959595959584,8292.929292929268,127.5835275835272,0
353,32,0,1,131,0.0,0.007575757575757576,0.9924242424242424,132,3550,2100,1450,0.5915492957746479,50,21,29,263.4522709971638,0.44161317372195236,0.7348230414981056,0.16753635265471753,1075245.182668741,26705.15705056776,1101950.3397193088,352,4,181.83333333333334,66,66,38,33.93531845987765,0.6316287878787878,40.76492537313431,8295.522388059664,125.68973315241915,0
354,32,0,1,130,0.0,0.007633587786259542,0.9923664122137404,131,3600,2500,1100,0.6944444444444444,47,25,22,263.09000338048196,0.4415639068310824,0.7336060087623477,0.16790271046065539,1076284.481143511,26831.937556481276,1103116.4186999921,353,5,183.05343511450383,70,61,39,33.816160387675836,0.6306547619047619,40.639671361502344,8299.530516431916,118.5647216633131,0
355,32,1,0,131,0.007633587786259542,0.0,1.0,131,4000,2800,1200,0.7,52,28,24,256.8226461038194,0.4415883734586024,0.7269945396899371,0.16501343474515012,1078249.5931499866,25183.78273462911,1103433.3758846156,354,0,183.38931297709922,60,71,39,33.73596675875982,0.6392361111111111,40.40300546448086,8307.10382513659,138.45173041894316,0
356,32,0,0,131,0.0,0.0,1.0,131,3350,2000,1350,0.5970149253731343,47,20,27,254.7593741995641,0.441419553728714,0.7246085015535495,0.16396480378811287,1078740.5167828444,25413.851795862345,1104154.3685787069,355,1,184.38931297709922,62,69,38,33.728933180506026,0.6384408602150538,40.34391534391534,8308.994708994705,134.016043693463,0
357,32,0,0,131,0.0,0.0,1.0,131,3400,2200,1200,0.6470588235294118,46,22,24,252.5947252649004,0.4412947739283617,0.7224753889858029,0.1630068427214936,1079515.588548446,24935.988701714254,1104451.5772501603,356,2,185.38931297709922,63,68,39,33.689519497879964,0.638723544973545,40.25065104166666,8311.979166666648,131.93617724867696,0
358,32,0,0,131,0.0,0.0,1.0,131,3750,2800,950,0.7466666666666667,47,28,19,249.31365183020026,0.4409155412018007,0.7196508558463754,0.16149483048922408,1080602.2504081212,23931.778645036215,1104534.0290531574,357,3,186.38931297709922,65,66,40,33.640785052026416,0.6387820512820512,40.119949494949495,8316.161616161613,127.9409479409479,0
359,32,0,0,131,0.0,0.0,1.0,131,4450,3100,1350,0.6966292134831461,58,31,27,250.70858843411116,0.44040418868663145,0.7205217874652547,0.16323871384730892,1082091.5981349435,23607.931424964514,1105699.529559908,358,4,187.38931297709922,66,65,35,33.42101592236104,0.6399936868686869,39.940920398009936,8321.890547263654,126.08925071611597,0
360,32,0,0,131,0.0,0.0,1.0,131,3450,2300,1150,0.6666666666666666,46,23,23,250.37037674627118,0.44021824231747897,0.7198310100511995,0.16333228457658147,1082645.3504961992,24562.464857266186,1107207.8153534655,359,5,188.38931297709922,67,64,36,33.3616124884675,0.6400808457711442,39.87438725490195,8324.019607843104,124.23909862452393,0
361,32,1,0,132,0.007575757575757576,0.0,1.0,132,3900,2700,1200,0.6923076923076923,51,27,24,250.58331906379925,0.4400071805844707,0.7244740697088807,0.16494365455034757,1085219.1143562568,24087.561517373546,1109306.6758736304,360,0,187.95454545454547,57,75,37,33.039316254051435,0.6500365497076024,39.565373563218394,8333.90804597702,146.20891308731612,0
362,32,0,0,132,0.0,0.0,1.0,132,4500,3400,1100,0.7555555555555555,56,34,22,249.5086480608529,0.43967345207803227,0.7227798343896994,0.16491259009091502,1086394.0009655608,23312.93968846768,1109706.9406540284,361,1,188.95454545454547,58,74,34,32.922849334869134,0.6506824712643677,39.424435028248595,8338.418079096058,143.76582894993203,0
363,32,0,0,132,0.0,0.0,1.0,132,3150,2300,850,0.7301587301587301,40,23,17,248.48224405067188,0.4393746626571054,0.722243748082853,0.16480606787389102,1087385.493827161,24489.197530864214,1111874.6913580252,362,2,189.95454545454547,59,73,41,32.82776149884568,0.6511299435028248,39.30555555555556,8342.222222222224,141.39359698681736,0
364,32,0,0,132,0.0,0.0,1.0,132,2850,1700,1150,0.5964912280701754,40,17,23,251.69050836090815,0.4391108123216902,0.7248926536184266,0.16741365172856265,1088202.3948162107,25528.04279017006,1113730.4376063808,363,3,190.95454545454547,60,72,39,32.64375436528725,0.6513888888888889,39.207650273224054,8345.35519125685,139.08925318761416,0
365,32,0,0,132,0.0,0.0,1.0,132,3750,2600,1150,0.6933333333333334,49,26,23,248.3584013640321,0.43886262433495254,0.7221033975902742,0.16598050962622865,1089545.8531017217,23969.573257830692,1113515.4263595524,364,4,191.95454545454547,65,67,40,32.56572315632436,0.6496794871794872,39.04671717171716,8350.50505050503,128.46930846930815,0
366,32,0,1,131,0.0,0.007575757575757576,0.9924242424242424,132,4350,3100,1250,0.7126436781609196,56,31,25,247.03966405966162,0.43837709152594645,0.7205812818194453,0.16559053889124853,1090387.9274337261,23123.8134575876,1113511.7408913136,365,5,192.95454545454547,66,66,33,32.49682369523356,0.650094696969697,38.94589552238806,8353.731343283576,126.57168701944812,0
367,32,1,0,132,0.007575757575757576,0.0,1.0,132,3900,2900,1000,0.7435897435897436,49,29,20,246.3154154634998,0.438159023440512,0.720353490933966,0.16610950615776957,1092101.839586938,23500.303669261884,1115602.1432562,366,0,193.70454545454547,67,65,35,32.305592201700385,0.6515858208955223,38.74080882352941,8360.294117647061,124.78050921861285,0
368,32,0,0,132,0.0,0.0,1.0,132,3450,2100,1350,0.6086956521739131,48,21,27,246.77839729147206,0.43805661577608146,0.7196124255709746,0.166891374340783,1092896.006944447,24090.625000000153,1116986.6319444473,367,1,194.70454545454547,69,63,35,32.19617709578851,0.6514190821256038,38.64583333333334,8363.333333333354,121.20772946859934,0
369,32,0,0,132,0.0,0.0,1.0,132,3450,2300,1150,0.6666666666666666,46,23,23,250.36689615993785,0.43780481340118743,0.7249627874165407,0.16976827474465297,1093642.8606859434,24912.39370748312,1118555.2543934265,368,2,195.70454545454547,69,63,36,32.010869049651866,0.6523248792270531,38.55654761904763,8366.190476190495,121.24913733609414,0
370,32,1,1,132,0.007518796992481203,0.007518796992481203,0.9924812030075187,133,3600,2300,1300,0.6388888888888888,49,23,26,246.50551858185162,0.4379794182425762,0.7216317669050241,0.1680779283574787,1095196.5617441544,23794.399280360685,1118990.961024515,369,0,195.22556390977442,60,73,37,31.92159998259469,0.6598958333333333,38.37090163934426,8372.13114754098,139.535519125683,0
371,32,0,0,132,0.0,0.0,1.0,132,3750,2600,1150,0.6933333333333334,49,26,23,247.42403317818756,0.4373000038553474,0.7202051785621995,0.16934586550989578,1096258.857709751,24098.15759637191,1120357.0153061228,370,1,197.47727272727272,62,70,38,31.767576274398333,0.6597782258064516,38.24404761904762,8376.190476190479,135.099846390169,0
372,32,0,1,131,0.0,0.007575757575757576,0.9924242424242424,132,3850,2700,1150,0.7012987012987013,50,27,23,244.69678123663635,0.4369349506515537,0.718076652939637,0.16835849937756242,1097720.0359768325,23471.711900499056,1121191.7478773315,371,2,198.47727272727272,63,69,39,31.660310383396503,0.6608796296296297,38.06966145833333,8381.770833333323,133.04398148148132,0
373,32,1,0,132,0.007575757575757576,0.0,1.0,132,3050,1900,1150,0.6229508196721312,42,19,23,242.52353614320583,0.4372144633356465,0.7162528538812785,0.16747233374213247,1098733.9907955276,23843.770545693482,1122577.7613412212,372,0,196.66666666666666,64,68,41,31.593357591324185,0.6614583333333333,37.94871794871794,8385.641025641013,131.02564102564082,0
374,32,0,0,132,0.0,0.0,1.0,132,3600,2400,1200,0.6666666666666666,48,24,24,242.00764726519486,0.4369397698357622,0.7155478192327911,0.1674692919075144,1099320.4775022927,23208.792470155906,1122529.2699724487,373,1,197.66666666666666,65,67,38,31.535254094412327,0.6615384615384615,37.87878787878787,8387.878787878764,129.0442890442887,0
375,32,0,0,132,0.0,0.0,1.0,132,4550,3100,1450,0.6813186813186813,60,31,29,242.3723076368278,0.4362048442439664,0.7158904535305035,0.1684622355799603,1100541.9149587844,22398.17671592264,1122940.091674707,374,2,198.66666666666666,66,66,38,31.376588219021066,0.662405303030303,37.733208955223866,8392.537313432806,127.15965626413342,0
376,32,1,0,133,0.007518796992481203,0.0,1.0,133,3550,2000,1550,0.5633802816901409,51,20,31,238.23663030752581,0.43622788030682763,0.7138342231974735,0.16661231112335584,1102246.3913976941,22369.093211043135,1124615.4846087373,375,0,198.1654135338346,68,65,39,31.277201004639725,0.663296568627451,37.53019323671496,8399.033816425084,123.51520318272183,0
377,32,0,1,132,0.0,0.007518796992481203,0.9924812030075187,133,3800,2900,900,0.7631578947368421,47,29,18,233.96590864732525,0.43551112630059996,0.7091092703804762,0.16463236993655805,1103934.8928006215,21256.626056317007,1125191.5188569385,376,1,199.1654135338346,60,73,39,31.183634551207035,0.6704861111111111,37.3292349726776,8405.46448087432,140.09107468123867,0
378,32,0,2,130,0.0,0.015151515151515152,0.9848484848484849,132,2750,1700,1050,0.6181818181818182,38,17,21,235.637879846047,0.4353940165008867,0.7086851159282423,0.16624301041683345,1104652.6891292704,22909.60352653136,1127562.2926558016,377,2,200.53030303030303,60,72,39,31.052322306709137,0.6713541666666667,37.24385245901641,8408.196721311508,140.13661202185847,0
379,32,0,0,130,0.0,0.0,1.0,130,3000,2000,1000,0.6666666666666666,40,20,20,235.9371422876265,0.43530610216656723,0.7050748939190232,0.16680333288694854,1105227.0941577866,23152.82443488929,1128379.9185926758,378,3,200.76923076923077,60,70,40,30.974541398652878,0.6720486111111111,37.175546448087445,8410.382513661229,140.17304189435382,0
380,32,0,3,127,0.0,0.023076923076923078,0.9769230769230769,130,3600,2500,1100,0.6944444444444444,47,25,22,238.17836254325314,0.4348824786324786,0.7064231998033916,0.16897059718050417,1106172.407937337,23093.266562608635,1129265.6744999455,379,4,201.76923076923077,61,69,41,30.800585729499474,0.6724726775956285,37.063172043010766,8413.97849462368,137.9340736823554,0
381,32,0,0,127,0.0,0.0,1.0,127,3450,2300,1150,0.6666666666666666,46,23,23,239.8588373688853,0.43429987918176893,0.7014266781008816,0.170603820945475,1106879.3402777803,24248.958333333525,1131128.2986111138,380,5,203.86614173228347,61,66,40,30.670379537953817,0.6733265027322404,36.97916666666668,8416.666666666686,137.97814207650305,0
382,32,0,1,126,0.0,0.007874015748031496,0.9921259842519685,127,2650,1700,950,0.6415094339622641,36,17,19,236.69061872346643,0.4335239345081865,0.6969891723006816,0.16899646464710555,1107923.319790884,24397.011211892477,1132320.3310027765,381,6,204.86614173228347,62,65,34,30.626767200754017,0.673891129032258,36.85515873015875,8420.634920634955,135.81669226830573,0
383,32,0,3,123,0.0,0.023809523809523808,0.9761904761904762,126,3400,2600,800,0.7647058823529411,42,26,16,239.72224501906436,0.4332830687830688,0.6990797240169084,0.17159973654242436,1108619.5795190546,24552.154894879997,1133171.7344139346,382,7,206.38888888888889,62,64,34,30.46233773031825,0.674731182795699,36.772486772486786,8423.280423280456,135.8593616658138,0
384,32,0,0,123,0.0,0.0,1.0,123,3750,2500,1250,0.6666666666666666,50,25,25,238.08022303111636,0.4322382158247812,0.6898053707809793,0.17110992645633927,1109709.3278485986,24489.968854781117,1134199.2967033796,383,8,207.29268292682926,61,62,38,30.373139287612954,0.6767418032786885,36.643145161290334,8427.419354838737,138.15441565309405,0
385,32,0,1,122,0.0,0.008130081300813009,0.991869918699187,123,3800,2800,1000,0.7368421052631579,48,28,20,243.34869979419958,0.43180227908836466,0.6954451646807016,0.17554375424267016,1110709.6709568643,25657.950855239433,1136367.6218121038,384,9,208.29268292682926,62,61,38,30.112828156050632,0.6772513440860215,36.52447089947091,8431.216931216963,135.9873698583381,0
386,32,0,0,122,0.0,0.0,1.0,122,2850,1900,950,0.6666666666666666,38,19,19,246.08072529691952,0.43102504177392403,0.6977197014955594,0.1777005772773032,1110992.8554958797,27428.785536024534,1138421.6410319041,385,13,210.9262295081967,63,59,38,30.00643401276509,0.6769179894179894,36.49088541666668,8432.29166666669,133.84589947089984,0
387,32,0,0,122,0.0,0.0,1.0,122,4200,2900,1300,0.6904761904761905,55,29,26,243.03941430588426,0.4303179898839362,0.6949033552051624,0.1762655451107224,1112160.9022391408,25459.786858821,1137620.6890979619,386,14,211.9262295081967,58,64,40,29.944725328690385,0.6819324712643677,36.35240112994351,8436.72316384182,145.46074420416932,0
388,32,0,0,122,0.0,0.0,1.0,122,3750,2700,1050,0.72,48,27,21,241.33505378180323,0.43003855620286324,0.6929946462904901,0.1757835478025275,1113318.074845681,25586.535493827287,1138904.6103395082,387,15,212.9262295081967,59,63,41,29.84922776534598,0.6825564971751412,36.215277777777786,8441.111111111126,143.06967984934113,0
389,32,0,0,122,0.0,0.0,1.0,122,3300,2300,1000,0.696969696969697,43,23,20,239.05817174515207,0.4296984374294359,0.6895599654874891,0.17469635627530358,1114197.530864199,25571.604938271652,1139769.1358024706,388,16,213.9262295081967,62,60,42,29.802631578947373,0.6814516129032258,36.111111111111114,8444.444444444454,136.2007168458783,0
390,32,0,0,122,0.0,0.0,1.0,122,4050,3000,1050,0.7407407407407407,51,30,21,236.58074461938085,0.4295474303391591,0.6866192952822003,0.17333692463737585,1114895.758972315,24302.57376613208,1139198.332738447,389,17,214.9262295081967,62,60,39,29.783380311097194,0.6822916666666667,36.02843915343916,8447.089947089959,136.24338624338642,0
391,32,0,0,122,0.0,0.0,1.0,122,3150,2300,850,0.7301587301587301,40,23,17,236.52896367164323,0.42923835975251773,0.6867202866986966,0.17375335418714555,1115596.3551939544,25224.169953977827,1140820.5251479323,390,18,215.9262295081967,64,58,41,29.699859399971675,0.6818033854166667,35.94551282051283,8449.743589743613,132.02724358974396,0
392,32,0,0,122,0.0,0.0,1.0,122,4450,3400,1050,0.7640449438202247,55,34,21,236.83274519276003,0.4287712256695118,0.6875547111252576,0.17424123396324553,1116002.629848788,24011.193293885888,1140013.8231426738,391,19,216.9262295081967,64,58,41,29.642622370550146,0.6822916666666667,35.89743589743591,8451.282051282085,132.05128205128258,0
393,32,0,0,122,0.0,0.0,1.0,122,3500,2300,1200,0.6571428571428571,47,23,24,235.79031461124623,0.42825328546267444,0.6865531009312991,0.17391513809245612,1116679.9186390536,24760.461867192666,1141440.3805062464,392,20,217.9262295081967,64,58,38,29.588135678900024,0.68310546875,35.81730769230769,8453.846153846156,132.0913461538462,0
394,32,0,0,122,0.0,0.0,1.0,122,3000,2100,900,0.7,39,21,18,235.615757614352,0.4281841326830149,0.686566503849064,0.1741402163739602,1117221.8976002636,25247.016765286033,1142468.9143655496,393,21,218.9262295081967,64,58,38,29.527134251116898,0.6837565104166667,35.75320512820513,8455.897435897441,132.12339743589752,0
395,32,0,0,122,0.0,0.0,1.0,122,3600,2700,900,0.75,45,27,18,236.18162366367432,0.427541999729034,0.6875816045263314,0.17536113533768222,1118441.8310322152,24831.081525312275,1143272.9125575274,394,22,219.9262295081967,64,58,39,29.364544187174225,0.6852213541666667,35.60897435897436,8460.512820512817,132.19551282051276,0
396,32,0,1,121,0.0,0.00819672131147541,0.9918032786885246,122,3600,2400,1200,0.6666666666666666,48,24,24,237.2194674012854,0.42717788917490856,0.6892349726775948,0.17631176631176634,1118713.0177514805,25076.101249178224,1143789.1190006586,395,23,220.9262295081967,64,58,39,29.30429292929294,0.685546875,35.57692307692308,8461.53846153847,132.2115384615386,0
397,32,0,1,120,0.0,0.008264462809917356,0.9917355371900827,121,3900,2700,1200,0.6923076923076923,51,27,24,238.35765477596343,0.42639462809917356,0.6883658216224375,0.1776439125217088,1119439.5727040826,25265.398242630436,1144704.9709467131,396,24,222.1404958677686,69,52,40,29.18629864041256,0.6834239130434783,35.49107142857143,8464.285714285723,122.67080745341627,0
398,32,0,0,120,0.0,0.0,1.0,120,4100,3500,600,0.8536585365853658,47,35,12,235.66333504578512,0.42591474089635856,0.6816270820824168,0.17635335641544017,1120517.9356586528,24712.998739187216,1145230.93439784,397,25,224.25,58,62,41,29.127193275068375,0.6919899425287357,35.363700564971744,8468.361581920888,146.00623417104978,0
399,32,0,0,120,0.0,0.0,1.0,120,3900,2600,1300,0.6666666666666666,52,26,26,234.71587339160862,0.42526114612511673,0.6808397243525621,0.1762425899602989,1121415.187406236,24742.78902933378,1146157.9764355698,398,26,225.25,58,62,40,29.04384794931646,0.6930675287356323,35.25776836158192,8471.75141242937,146.0646795246443,0
400,32,0,0,120,0.0,0.0,1.0,120,3000,2400,600,0.8,36,24,12,216.42815403957346,0.42501896591970123,0.6505958615873717,0.1511663568010713,1101892.444835605,20696.10955718448,1122588.5543927895,399,27,226.25,71,49,45,31.892664516603283,0.6612382629107981,37.57233796296296,8397.685185185182,118.27725612936877,8
401,32,0,0,120,0.0,0.0,1.0,120,3150,2300,850,0.7301587301587301,40,23,17,215.908188049425,0.4247607376283847,0.6503686437876084,0.15137596327637703,1102937.5434027773,20476.64930555552,1123414.1927083328,400,28,227.25,59,61,46,31.779202208556512,0.670021186440678,37.447916666666664,8401.666666666664,142.40112994350278,0
402,32,0,0,120,0.0,0.0,1.0,120,3600,2300,1300,0.6388888888888888,49,23,26,215.73228921640893,0.424234068627451,0.6490854438475313,0.15194549883728697,1104194.1987513006,20042.068447219328,1124236.26719852,401,29,228.25,61,59,44,31.63106506352861,0.6700819672131147,37.29838709677419,8406.451612903225,137.8106821787414,0
403,32,1,0,121,0.008264462809917356,0.0,1.0,121,3650,2700,950,0.7397260273972602,46,27,19,212.51814050950532,0.42395259412304864,0.646745309694126,0.15079012865793673,1106215.2458932747,19168.16141210073,1125383.4073053754,402,0,227.35537190082644,65,56,45,31.470088035214097,0.6698717948717949,37.0580808080808,8414.141414141402,129.44832944832928,0
404,32,0,0,121,0.0,0.0,1.0,121,3400,2600,800,0.7647058823529411,42,26,16,208.1756690520543,0.42358815426997243,0.638442026020785,0.14806860967786897,1106879.340277773,18485.069444444165,1125364.4097222174,403,1,228.35537190082644,69,52,47,31.503712871287146,0.6683272946859904,36.97916666666665,8416.66666666663,121.98067632850189,0
405,32,0,0,121,0.0,0.0,1.0,121,3550,2400,1150,0.676056338028169,47,24,23,207.53043769004262,0.4229740587695133,0.6370830266745882,0.14797786636562693,1107558.606234428,18220.424463840634,1125779.0306982687,404,2,229.35537190082644,70,51,46,31.43831669733638,0.6686011904761905,36.89847417840374,8419.24882629104,120.27498323272913,0
406,32,0,0,121,0.0,0.0,1.0,121,3300,2200,1100,0.6666666666666666,44,22,22,208.09754436629132,0.4227157943067034,0.6387154326494207,0.14858429760166336,1107929.2027595872,18611.469285194347,1126540.6720447815,405,3,230.35537190082644,70,51,40,31.378466027356517,0.6690476190476191,36.85446009389669,8420.657276995256,120.29510395707509,0
407,32,0,0,121,0.0,0.0,1.0,121,3100,2000,1100,0.6451612903225806,42,20,22,205.98834919429225,0.42238578971533514,0.6339184584198234,0.14753688695068704,1108775.7975458498,18378.97923261063,1127154.7767784605,406,4,231.35537190082644,73,48,42,31.331379338003302,0.6685216894977168,36.75394144144142,8423.873873873821,115.39553251881946,0
408,32,0,1,120,0.0,0.008264462809917356,0.9917355371900827,121,3400,2500,900,0.7352941176470589,43,25,18,207.4228881406982,0.42205865472910925,0.636291725992723,0.14916041819537557,1109862.2499999977,18442.166666666548,1128304.4166666642,407,5,232.35537190082644,74,47,43,31.16199968359435,0.6693412162162162,36.62499999999999,8427.999999999982,113.89189189189165,0
409,32,0,0,120,0.0,0.0,1.0,120,2950,2100,850,0.711864406779661,38,21,17,208.80249733628278,0.42093837535014006,0.6362004569821595,0.15028232872799227,1110096.373456788,19408.179012345565,1129504.5524691336,408,36,235.25,74,46,44,31.09730644169083,0.6696227477477478,36.597222222222214,8428.888888888872,113.90390390390368,0
410,32,0,0,120,0.0,0.0,1.0,120,4150,3500,650,0.8433734939759037,48,35,13,210.26912335768284,0.41977999533146587,0.6383627699211583,0.15207181395850713,1111404.6266343913,18588.81530761751,1129993.4419420087,409,37,236.25,63,57,49,30.900247534943084,0.6774140211640212,36.442057291666686,8433.854166666708,133.87070105820172,0
411,32,0,0,120,0.0,0.0,1.0,120,3300,2400,900,0.7272727272727273,42,24,18,216.21506954271237,0.419266456582633,0.6463006845708261,0.15731510232245663,1113025.0000000035,20830.555555555784,1133855.5555555592,410,38,237.25,64,56,47,30.547327540810983,0.6787109375,36.250000000000014,8440.000000000027,131.87500000000043,0
412,32,0,0,120,0.0,0.0,1.0,120,2600,1600,1000,0.6153846153846154,36,16,20,215.86918384787305,0.41929563492063493,0.6459717919121957,0.1573006921345663,1113430.8062130224,21471.079881657097,1134901.8860946796,411,39,238.25,64,56,48,30.5073355203208,0.67919921875,36.201923076923094,8441.538461538497,131.89903846153902,0
413,32,0,0,120,0.0,0.0,1.0,120,3600,2600,1000,0.7222222222222222,46,26,20,212.81688659232535,0.4185603408029879,0.6408469301604123,0.1557995810124158,1114678.9722098513,19844.50168312697,1134523.4738929782,412,40,239.25,66,54,46,30.436890106222144,0.6794507575757576,36.05410447761196,8446.268656716456,127.97376752600691,0
414,32,0,0,120,0.0,0.0,1.0,120,3200,2400,800,0.75,40,24,16,211.30868533001265,0.41782650560224094,0.6385994430262234,0.1551156942226625,1115405.1927143466,19938.960976547874,1135344.1536908944,413,41,240.25,67,53,48,30.38891467471187,0.679726368159204,35.96813725490198,8449.019607843184,126.10477026631618,0
415,32,0,0,120,0.0,0.0,1.0,120,3100,2000,1100,0.6451612903225806,42,20,22,212.3373280664259,0.4175172152194211,0.6404140570633261,0.1564762771443358,1116440.8520761277,20312.41349480989,1136753.2655709377,414,42,241.25,67,53,49,30.236604036186517,0.6809701492537313,35.84558823529413,8452.941176470613,126.16330114135243,0
416,32,0,1,119,0.0,0.008333333333333333,0.9916666666666667,120,2750,1600,1150,0.5818181818181818,39,16,23,211.8336178512225,0.4170678688141924,0.6399662318438322,0.156850909395388,1117710.5547014538,20603.734102581337,1138314.2888040352,415,43,242.25,70,50,41,30.096563049310763,0.6808035714285714,35.695422535211286,8457.746478873281,120.82494969818974,0
417,32,0,0,119,0.0,0.0,1.0,119,3650,3000,650,0.821917808219178,43,30,13,211.9852286742949,0.41634619949674784,0.6383635849057476,0.1575509186143023,1118703.468364967,19979.72211201506,1138683.1904769822,416,44,241.96638655462183,70,49,43,29.972696924300436,0.6819940476190476,35.5780516431925,8461.502347417872,120.87860496311247,0
418,32,0,0,119,0.0,0.0,1.0,119,3650,3100,550,0.8493150684931506,42,31,11,213.39708350659365,0.41594561553434933,0.6419228486755997,0.1589047691887598,1119212.1625568036,20317.322262946105,1139529.4848197496,417,45,242.96638655462183,71,48,43,29.873969786481428,0.6820715962441315,35.51793981481483,8463.425925925963,119.20318205529526,0
419,32,0,0,119,0.0,0.0,1.0,119,2800,1600,1200,0.5714285714285714,40,16,24,217.32535314931678,0.4156073446327684,0.6470393345839489,0.16228068355785316,1119948.633394845,22078.64645232603,1142027.2798471712,418,46,243.96638655462183,72,47,44,29.6811795480287,0.6824363425925926,35.43093607305937,8466.210045662127,117.5862506341962,0
420,32,0,0,119,0.0,0.0,1.0,119,3350,2500,850,0.746268656716418,42,25,17,214.91600305829311,0.415224564402032,0.6435130239240441,0.16115177016207066,1121049.5970507518,21036.299725651414,1142085.8967764033,419,47,244.96638655462183,62,57,42,29.612119224602832,0.6896841397849462,35.30092592592592,8470.37037037035,136.61887694145727,0
421,32,0,1,118,0.0,0.008403361344537815,0.9915966386554622,119,3600,2200,1400,0.6111111111111112,50,22,28,215.88851418553205,0.41473199449271236,0.6452137992701772,0.16231167446793898,1121749.968505917,21034.586797681804,1142784.5553035988,420,48,245.96638655462183,62,57,44,29.501920194829523,0.6905241935483871,35.218253968253954,8473.015873015844,136.66154633896522,0
422,32,0,0,118,0.0,0.0,1.0,118,3550,2400,1150,0.676056338028169,47,24,23,213.11247189787863,0.4142507484668501,0.6372042028969407,0.16058555864024687,1122342.2713562378,20687.02715284146,1143029.2985090793,421,49,247.1949152542373,65,53,43,29.504039787060755,0.6892628205128205,35.14835858585858,8475.252525252516,130.38850038850023,0
423,32,0,1,117,0.0,0.00847457627118644,0.9915254237288136,118,2750,1900,850,0.6909090909090909,36,19,17,209.7059769976404,0.4138146458061713,0.6306321046250376,0.15847448133112113,1123099.060821512,20754.11716294137,1143853.1779844533,422,50,248.1949152542373,66,52,46,29.503110146118193,0.6895517676767677,35.05907960199004,8478.1094527363,128.45620382933788,0
424,32,0,0,117,0.0,0.0,1.0,117,3050,1800,1250,0.5901639344262295,43,18,25,211.88640637040098,0.4132220748600059,0.623671840645333,0.15692810496597123,1117775.148688519,20918.271877150233,1138693.4205656692,423,51,249.33333333333334,72,45,42,30.087368856736667,0.6798321759259259,35.68778538812786,8457.990867579918,117.47209538305441,7
425,32,0,0,117,0.0,0.0,1.0,117,3050,2100,950,0.6885245901639344,40,21,19,210.86988787640746,0.4127646379801552,0.6229993470877153,0.1567546831720744,1118758.829564363,20732.50979019569,1139491.3393545586,424,52,250.33333333333334,73,44,44,29.995508384349222,0.68050799086758,35.57150900900901,8461.711711711721,115.91385906454413,0
426,32,0,0,117,0.0,0.0,1.0,117,3550,2500,1050,0.704225352112676,46,25,21,211.40595769911255,0.41245456331663227,0.6254520118192755,0.15771941893765107,1119711.9279330033,20392.754494359357,1140104.6824273625,425,53,251.33333333333334,73,44,44,29.866339860586386,0.6816495433789954,35.458896396396405,8465.315315315336,115.96322349747035,0
427,32,0,0,117,0.0,0.0,1.0,117,3200,2400,800,0.75,40,24,16,210.99934913559557,0.41212299832989485,0.6252452543381162,0.1578681877267522,1120470.3641528878,20683.703512396412,1141154.0676652843,426,54,252.33333333333334,65,52,46,29.785628019323674,0.6870192307692308,35.369318181818166,8468.181818181783,130.27972027971975,0
428,32,0,0,117,0.0,0.0,1.0,117,2700,1700,1000,0.6296296296296297,37,17,20,202.28862093559192,0.4120032665291286,0.6140364589624703,0.13553262486226775,1090259.8573870403,18009.432602451685,1108269.289989492,427,55,253.33333333333334,71,46,46,33.680709508766085,0.6471537558685446,38.96122685185183,8353.240740740699,117.65127803860139,8
429,32,0,0,117,0.0,0.0,1.0,117,3800,2900,900,0.7631578947368421,47,29,18,200.71639145741443,0.4114997789566755,0.6117437878149279,0.13508497074691028,1091530.7991690994,16617.62463476976,1108148.4238038692,428,56,254.33333333333334,73,44,38,33.56659256265157,0.6476883561643836,38.809121621621614,8358.108108108092,114.49463161791907,0
430,32,0,0,117,0.0,0.0,1.0,117,2850,2200,650,0.7719298245614035,35,22,13,201.05926658451693,0.41113751350820316,0.6124777624856332,0.13545381978912346,1091818.759738572,17654.055815250802,1109472.8155538228,429,57,255.33333333333334,75,42,39,33.52249374748589,0.6470833333333333,38.774671052631575,8359.210526315777,111.45614035087704,0
431,32,0,0,117,0.0,0.0,1.0,117,2950,2100,850,0.711864406779661,38,21,17,199.5047165844353,0.4104621033500344,0.6098931126112068,0.13468834676086588,1092409.5576591538,17238.171838983624,1109647.7294981375,430,58,256.3333333333333,76,41,41,33.49102597290532,0.6473410087719298,38.704004329004334,8361.471861471877,110.01936659831416,0
432,32,0,0,117,0.0,0.0,1.0,117,3300,2400,900,0.7272727272727273,42,24,18,199.58220446157733,0.40996168582375475,0.6111480450868754,0.13517444573470225,1093314.6662590653,16941.23025243156,1110255.8965114967,431,59,257.3333333333333,76,41,43,33.37861615691146,0.6484375,38.59577922077922,8364.935064935062,110.06493506493503,0
433,32,1,0,118,0.00847457627118644,0.0,1.0,118,3000,2100,900,0.7,39,21,18,194.85136424461126,0.4106970399343281,0.604984852020342,0.13265287686645147,1094763.6196145131,16063.236961451286,1110826.8565759645,432,0,256.14406779661016,69,49,43,33.32574809420868,0.6536835748792271,38.42261904761905,8370.476190476194,121.31124913733615,0
434,32,0,0,118,0.0,0.0,1.0,118,4050,3100,950,0.7654320987654321,50,31,19,193.27985390017218,0.41026093727364915,0.6016499374058288,0.13202590624419586,1095704.9468449901,14705.538408779013,1110410.4852537692,433,1,257.14406779661016,71,47,41,33.252248267728156,0.653755868544601,38.310185185185176,8374.074074074051,117.9447052686486,0
435,32,1,0,119,0.008403361344537815,0.0,1.0,119,3500,2800,700,0.8,42,28,14,192.54521575179285,0.4110228837297631,0.604342347226599,0.13224512722593168,1097232.334605198,14953.36731928016,1112185.701924478,434,0,255.9747899159664,72,47,46,33.085630993897134,0.6550925925925926,38.12785388127853,8379.90867579907,116.3876204972093,0
436,32,0,0,119,0.0,0.0,1.0,119,3400,2400,1000,0.7058823529411765,44,24,20,192.1275634088588,0.41109113136780134,0.6030476886065648,0.13258318101754477,1098548.0683524092,15012.272732011255,1113560.3410844204,435,1,256.97478991596637,72,47,47,32.93658897420536,0.6566840277777778,37.970890410958894,8384.931506849298,116.45738203957359,0
437,32,0,0,119,0.0,0.0,1.0,119,3400,2600,800,0.7647058823529411,42,26,16,192.61603482626154,0.4106044960357024,0.6037088425874801,0.13324962643846058,1099235.7530864186,15146.086419753023,1114381.8395061716,436,2,257.97478991596637,74,45,40,32.84020859827611,0.6565315315315315,37.888888888888886,8387.555555555547,113.34534534534524,0
438,32,0,0,119,0.0,0.0,1.0,119,3000,1700,1300,0.5666666666666667,43,17,26,218.51293632274786,0.4102217158049661,0.6542849417879406,0.14011495754991612,1077661.656152443,20296.602569661038,1097958.2587221041,437,3,258.97478991596637,61,58,43,34.80280690964801,0.6378073770491803,40.47379032258063,8304.8387096774,136.14489687995737,7
439,32,0,0,119,0.0,0.0,1.0,119,2850,2000,850,0.7017543859649122,37,20,17,230.01054530574052,0.4102335849594075,0.6678150332183941,0.13809107683167776,1058144.7205642278,22026.88883787366,1080171.6094021015,438,4,259.97478991596637,65,54,38,36.91952047788553,0.6112179487179488,42.83459595959596,8229.292929292926,126.60450660450655,8
440,32,0,0,119,0.0,0.0,1.0,119,3650,2300,1350,0.6301369863013698,50,23,27,231.6051730072607,0.4103849166785358,0.6702276052121248,0.13952799447022818,1059184.0277777803,21612.500000000153,1080796.5277777805,439,5,260.97478991596637,68,51,39,36.74932523616733,0.6107536764705883,42.70833333333334,8233.333333333354,121.07843137254932,0
441,32,1,0,120,0.008333333333333333,0.0,1.0,120,3900,2900,1000,0.7435897435897436,49,29,20,231.33727878583323,0.4112059407096172,0.6731609859426142,0.1405069577467644,1061635.8418367384,21219.18934240386,1082855.0311791422,440,0,259.7916666666667,62,58,40,36.451713845561315,0.6174395161290323,42.4107142857143,8242.857142857172,132.94930875576085,0
442,32,1,0,121,0.008264462809917356,0.0,1.0,121,2750,2000,750,0.7272727272727273,35,20,15,230.42566993613343,0.4120179063360882,0.6744489515158254,0.14112276786943134,1064127.7038057367,22090.467809407364,1086218.171615144,441,0,258.6363636363636,65,56,41,36.166105671154654,0.6185897435897436,42.10858585858587,8252.525252525273,126.96192696192728,0
443,32,1,0,122,0.00819672131147541,0.0,1.0,122,3000,1600,1400,0.5333333333333333,44,16,28,229.58921714064314,0.41289854581583346,0.6748991829166098,0.14151104667161946,1066031.3105323375,21549.858806506767,1087581.1693388443,442,0,257.5081967213115,68,54,37,35.951816976644466,0.6191789215686274,41.87801932367151,8259.903381642536,121.46916737709613,0
444,32,0,1,121,0.0,0.00819672131147541,0.9918032786885246,122,3250,2000,1250,0.6153846153846154,45,20,25,231.18747599016766,0.4126035880413675,0.6766033062920769,0.14285515134883783,1066779.6214614129,21675.217624682195,1088454.839086095,443,1,258.5081967213115,68,54,37,35.817888603055856,0.6200980392156863,41.78743961352658,8262.801932367165,121.51179312304654,0
445,32,1,1,121,0.00819672131147541,0.00819672131147541,0.9918032786885246,122,3250,2200,1050,0.676923076923077,43,22,21,227.60635752639647,0.41367051664182813,0.6715312867169541,0.1415009297104203,1068585.2220323398,20993.35801866351,1089578.5800510033,444,0,258.3524590163934,63,59,39,35.68695679556619,0.6253306878306879,41.569010416666686,8269.791666666704,131.26653439153498,0
446,32,1,0,122,0.00819672131147541,0.0,1.0,122,3000,2100,900,0.7,39,21,18,226.01959017869433,0.41360277514338617,0.6687481962335313,0.1408867089939224,1069368.1130835023,20939.62853385961,1090307.7416173618,445,0,255.827868852459,64,58,42,35.63117303082902,0.6256510416666667,41.47435897435899,8272.82051282055,129.2628205128211,0
447,32,1,0,123,0.008130081300813009,0.0,1.0,123,3700,2700,1000,0.7297297297297297,47,27,20,222.96368060621202,0.41443700297658714,0.6671546798430226,0.1397722224159709,1071042.0532662498,19460.695656055585,1090502.7489223054,446,0,254.739837398374,65,58,40,35.50340338355803,0.6270833333333333,41.272095959595966,8279.29292929294,127.37373737373754,0
448,32,0,0,123,0.0,0.0,1.0,123,3700,2200,1500,0.5945945945945946,52,22,30,221.33517484673757,0.4142287529432671,0.6659231976700684,0.13936893946299564,1072349.15840858,19169.71769462296,1091518.876103203,447,1,255.739837398374,65,58,45,35.38421579385886,0.6286858974358974,41.114267676767675,8284.34343434343,127.45143745143737,0
449,32,0,0,123,0.0,0.0,1.0,123,3900,2700,1200,0.6923076923076923,51,27,24,224.62005492092385,0.4142259762761562,0.6700984892074744,0.1419016114875869,1073311.4627422579,19717.45594168457,1093028.9186839424,448,2,256.739837398374,66,57,35,35.18043299917961,0.6292613636363636,40.998134328358205,8288.05970149253,125.57666214382621,0
450,32,0,0,123,0.0,0.0,1.0,123,3650,2400,1250,0.6575342465753424,49,24,25,225.10610445604638,0.4141371229286063,0.6711897071882174,0.14275301176247587,1074430.9665532869,20122.193877550962,1094553.160430838,449,3,257.739837398374,69,54,35,35.02976532292024,0.6289251207729469,40.863095238095234,8292.380952380943,120.17943409247744,0
451,32,0,0,123,0.0,0.0,1.0,123,2650,1600,1050,0.6037735849056604,37,16,21,222.23493479230984,0.41414822959705005,0.661974370308233,0.1328563364069915,1056857.4298469394,19724.128401360587,1076581.5582482999,450,4,258.739837398374,69,54,40,37.279435180360124,0.6073369565217391,42.99107142857143,8224.28571428572,119.192546583851,8
452,32,0,0,123,0.0,0.0,1.0,123,2750,1900,850,0.6909090909090909,36,19,17,224.7206841322786,0.4137039628593007,0.6649301714649862,0.1349478887343171,1058217.8945149789,20210.689843285185,1078428.584358264,451,5,259.739837398374,70,53,41,37.046465856580525,0.6084821428571429,42.82570422535212,8229.577464788747,117.56539235412495,0
453,32,2,0,125,0.016,0.0,1.0,125,3900,2500,1400,0.6410256410256411,53,25,28,222.1103953240454,0.4154758064516129,0.6680087325028898,0.13459717108080466,1060954.4980543647,18229.804596735732,1079184.3026511003,452,0,256.568,62,63,43,36.7738966653825,0.6165994623655914,42.49338624338624,8240.211640211632,132.90663935825214,0
454,32,0,1,124,0.0,0.008,0.992,125,4150,3200,950,0.7710843373493976,51,32,19,225.22457764349167,0.4156559139784946,0.6702565851809745,0.13708305608128113,1062268.4097290055,18699.790785047866,1080968.2005140535,453,1,257.568,63,62,43,36.5307124207778,0.6175595238095238,42.33398437500001,8245.312500000013,130.8779761904764,0
455,32,0,0,124,0.0,0.0,1.0,124,3450,2600,850,0.7536231884057971,43,26,17,224.55264303809457,0.4151859865372847,0.6664456285809655,0.13710722686882992,1063216.161775585,19499.599849505204,1082715.7616250901,454,2,260.5806451612903,65,59,44,36.430526643400896,0.6174679487179487,42.21906565656566,8248.989898989907,126.90753690753702,0
456,32,2,0,126,0.015873015873015872,0.0,1.0,126,3250,2100,1150,0.6461538461538462,44,21,23,237.7026103044681,0.41698148148148145,0.690743432741582,0.13800028020361468,1047908.9546028497,21368.13877410486,1069277.0933769546,455,0,257.42857142857144,65,61,36,37.998188405797094,0.5985576923076923,44.081439393939405,8189.393939393964,125.99067599067637,8
457,32,2,0,128,0.015625,0.0,1.0,128,3600,2600,1000,0.7222222222222222,46,26,20,231.65444509660273,0.4189747887959318,0.6878933814735075,0.13535030156902148,1049871.4586937723,19441.478037293367,1069312.9367310656,456,0,254.390625,67,61,39,37.907895785990505,0.5998134328358209,43.841911764705884,8197.058823529416,122.34416154521517,0
458,32,0,0,128,0.0,0.0,1.0,128,3800,2800,1000,0.7368421052631579,48,28,20,232.00475907198054,0.41963608308727035,0.6896595528455283,0.1358885017421603,1050625.0000000019,19350.000000000113,1069975.0000000019,457,1,255.390625,64,64,40,37.8048780487805,0.6025390625,43.75000000000001,8200.000000000015,128.12500000000023,0
459,32,1,1,128,0.007751937984496124,0.007751937984496124,0.9922480620155039,129,3650,2100,1550,0.5753424657534246,52,21,31,231.6378490593113,0.42122143491602065,0.692311499232904,0.13621570441269393,1051845.592403628,19279.450113378618,1071125.0425170066,458,0,254.4031007751938,62,67,39,37.66202360224413,0.6053427419354839,43.601190476190474,8204.761904761903,132.3348694316436,0
460,32,2,0,130,0.015384615384615385,0.0,1.0,130,3050,2000,1050,0.6557377049180327,41,20,21,227.96140625651358,0.4237415523752733,0.6900356966124248,0.13473200721938153,1053386.4275147952,18976.290269559642,1072362.717784355,459,0,250.63846153846154,64,66,41,37.5642787250432,0.60595703125,43.41346153846155,8210.769230769249,128.2932692307695,0
461,32,4,3,131,0.029850746268656716,0.022388059701492536,0.9776119402985075,134,4450,3500,950,0.7865168539325843,54,35,19,217.24403999203503,0.427314788837766,0.6828901515377481,0.12962844539626983,1056286.9504783025,14644.40890255473,1070931.3593808573,460,0,244.12686567164178,70,64,37,37.478587335122484,0.6061011904761905,43.06044600938968,8222.06572769955,117.45808182427929,0
462,32,2,3,130,0.015037593984962405,0.022556390977443608,0.9774436090225564,133,3200,2200,1000,0.6875,42,22,20,218.30288391857684,0.42759123186754766,0.6817492603854713,0.13101041666966393,1058025.3733463213,16393.998052106286,1074419.3713984275,461,0,244.2330827067669,73,60,40,37.235420772206425,0.6067351598173516,42.84909909909911,8228.828828828846,112.72368258669651,0
463,32,1,0,131,0.007633587786259542,0.0,1.0,131,3200,2300,900,0.71875,41,23,18,217.1804217463041,0.4266906439616363,0.6760329038841026,0.13078630003096933,1059064.9146144113,16601.632962534244,1075666.5475769455,462,0,246.82442748091603,71,60,42,37.1352438658644,0.6090082159624413,42.722800925925924,8232.870370370367,115.95592070944178,0
464,32,0,0,131,0.0,0.0,1.0,131,4550,3400,1150,0.7472527472527473,57,34,23,214.07373019189333,0.4263676844783715,0.671827788730291,0.12958013954064443,1060613.908179016,14659.915123456985,1075273.8233024732,463,1,247.82442748091603,65,66,40,37.02306698134411,0.6142628205128204,42.534722222222236,8238.888888888918,126.75213675213719,0
465,32,1,0,132,0.007575757575757576,0.0,1.0,132,4000,2700,1300,0.675,53,27,26,218.72159719961732,0.4274050138792505,0.684292462563378,0.12631786624786862,1046294.8936907477,15369.458057968712,1061664.3517487163,464,0,246.93939393939394,66,66,43,38.685427812905324,0.595959595959596,44.27860696517412,8183.084577114407,123.98612995627889,8
466,32,4,5,131,0.029411764705882353,0.03676470588235294,0.9632352941176471,136,3000,1900,1100,0.6333333333333333,41,19,22,209.713478591679,0.4305986746550472,0.6799489644109233,0.12209567057059764,1048778.96477559,13788.616995373959,1062567.581770964,465,0,240.64705882352942,73,63,39,38.606040612858294,0.5953196347031964,43.97522522522524,8192.792792792821,112.23003825743591,0
467,32,5,1,135,0.03676470588235294,0.007352941176470588,0.9926470588235294,136,3200,2200,1000,0.6875,42,22,20,204.87167540385306,0.43251747458242557,0.6729660236949422,0.12034659977677664,1051517.602441767,12685.234585777329,1064202.8370275444,466,0,238.18382352941177,66,70,42,38.38910283623428,0.6024305555555556,43.64116915422884,8203.482587064644,124.29519071310067,0
468,32,1,2,134,0.007352941176470588,0.014705882352941176,0.9852941176470589,136,3650,2400,1250,0.6575342465753424,49,24,25,212.03705608049623,0.43221337145969496,0.6820290799144553,0.12537355193803001,1053516.0793024309,13826.889597750745,1067342.9689001816,467,0,239.13970588235293,67,69,43,37.956751338228536,0.6043221393034826,43.397671568627445,8211.274509803914,122.5563359672226,0
469,32,0,1,133,0.0,0.007462686567164179,0.9925373134328358,134,3200,2000,1200,0.625,44,20,24,210.4313146989287,0.43136993603411516,0.6752920762622789,0.12468129805853077,1054145.1004421376,14365.02787389465,1068510.1283160322,468,1,240.05223880597015,67,67,44,37.9197501392536,0.6050995024875622,43.32107843137255,8213.725490196077,122.59291776412056,0
470,32,0,0,133,0.0,0.0,1.0,133,4150,2800,1350,0.6746987951807228,55,28,27,210.30719266065205,0.43135063036378823,0.6720221467086862,0.12514712377529455,1055458.4449170337,13644.100504095743,1069102.5454211293,469,2,241.14285714285714,68,65,44,37.75972785516958,0.6061580882352942,43.16123188405797,8218.84057971014,120.86530264279618,0
471,32,1,2,132,0.007462686567164179,0.014925373134328358,0.9850746268656716,134,4100,3000,1100,0.7317073170731707,52,30,22,197.63672224882885,0.4322326338233644,0.6581575868268594,0.11613933228779513,1051630.1422529812,10668.146866589865,1062298.289119571,470,0,240.33582089552237,67,67,42,38.560587954110886,0.6019900497512438,43.62745098039216,8203.921568627464,122.44659057652932,8
472,32,1,0,133,0.007518796992481203,0.0,1.0,133,3350,2100,1250,0.6268656716417911,46,21,25,200.10252345458295,0.43053182197919043,0.6588797742429895,0.11792736889123843,1052510.0359537203,12171.982831122683,1064682.018784843,471,0,243.0751879699248,67,66,45,38.3879954806984,0.6030783582089552,43.5202205882353,8207.352941176476,122.4978050921862,0
473,32,2,0,135,0.014814814814814815,0.0,1.0,135,3350,2100,1250,0.6268656716417911,46,21,25,195.5660816141026,0.4322553897180763,0.6556893589751627,0.11593481410220559,1054305.8804065897,10887.29397076459,1065193.1743773543,472,0,240.45925925925926,71,64,46,38.28135274004774,0.6031396713615024,43.30150462962962,8214.351851851827,115.6950965049553,0
474,32,1,0,136,0.007352941176470588,0.0,1.0,136,3550,2500,1050,0.704225352112676,46,25,21,200.3883248141125,0.43307802287581704,0.6636340438115909,0.11954155500600631,1056212.9660493794,11580.549382715915,1067793.5154320954,473,0,239.68382352941177,74,62,37,37.92085608231078,0.6040259009009009,43.069444444444436,8221.777777777752,111.10510510510476,0
475,32,1,2,135,0.0072992700729927005,0.014598540145985401,0.9854014598540146,137,3950,2500,1450,0.6329113924050633,54,25,29,202.47862501334495,0.4338570738514384,0.6713691247697675,0.12171467908105515,1058524.4082840192,11515.71334648238,1070040.1216305017,474,0,238.92700729927006,77,60,41,37.58047767393565,0.6055194805194806,42.788461538461526,8230.769230769196,106.89310689310643,0
476,32,1,3,133,0.007352941176470588,0.022058823529411766,0.9779411764705882,136,3200,2200,1000,0.6875,42,22,20,203.0290094549132,0.43417302106027594,0.6717487286459769,0.12287751393261542,1060571.839106355,12665.36998990783,1073237.209096263,475,0,241.35294117647058,67,69,41,37.31264007060551,0.6130286069651741,42.539828431372555,8238.725490196091,122.96605209247898,0
477,32,1,0,134,0.007462686567164179,0.0,1.0,134,3150,2100,1050,0.6666666666666666,42,21,21,203.69069540686132,0.4323810926570157,0.6684300580579081,0.123849244951287,1061960.5590397937,13312.296953095038,1075272.8559928888,476,0,245.77611940298507,67,67,45,37.12366710270741,0.6147388059701493,42.37132352941177,8244.117647058834,123.04653204565425,0
478,32,1,0,135,0.007407407407407408,0.0,1.0,135,4200,3100,1100,0.7380952380952381,53,31,22,201.19296205836986,0.43295559240832876,0.6651486033142822,0.12312560937109729,1063900.2402521556,11609.848134188556,1075510.088386344,477,0,244.94814814814814,70,65,45,36.94811106053706,0.6154761904761905,42.136150234741784,8251.64319248827,117.88061703554672,0
479,32,0,1,134,0.0,0.007407407407407408,0.9925925925925926,135,3450,2200,1250,0.6376811594202898,47,22,25,200.82842464515983,0.43281278791229044,0.6644028652664333,0.12336800884247795,1065028.7777831363,12327.610328789471,1077356.388111926,478,1,245.94814814814814,71,64,41,36.81803631843587,0.616343896713615,41.9994212962963,8256.01851851852,116.28195096504957,0
480,32,0,1,133,0.0,0.007462686567164179,0.9925373134328358,134,4350,3000,1350,0.6896551724137931,57,30,27,204.09616259131494,0.4316726985373882,0.6664504114704757,0.12577822579591225,1065984.5498167472,12362.671199845798,1078347.221016593,479,3,248.77611940298507,71,63,43,36.615625525475004,0.6175176056338028,41.883680555555564,8259.722222222248,116.33411580594715,0
481,32,0,1,132,0.0,0.007518796992481203,0.9924812030075187,133,4400,3500,900,0.7954545454545454,53,35,18,206.08674948872087,0.4310682008050429,0.6687342666057401,0.1275707991021156,1067305.9881987486,12991.524363545592,1080297.5125622943,480,4,249.5187969924812,72,61,44,36.40101289134437,0.6186342592592593,41.723744292237456,8264.840182648431,114.78944698122821,0
482,32,0,0,132,0.0,0.0,1.0,132,4050,3000,1050,0.7407407407407407,51,30,21,204.71440429860377,0.4308832600817334,0.6640917777281417,0.12698052909072846,1067912.330627443,13273.407321506185,1081185.7379489492,481,5,251.15151515151516,63,69,44,36.36160198660199,0.6245039682539683,41.65039062500001,8267.187500000013,131.2251984126986,0
483,32,1,1,132,0.007518796992481203,0.007518796992481203,0.9924812030075187,133,3450,2600,850,0.7536231884057971,43,26,17,201.00164648467972,0.43115364167995746,0.6607355881436892,0.12554488869619523,1069963.8042684593,12962.897267394428,1082926.7015358538,482,0,250.25563909774436,66,67,45,36.20450810637488,0.6251578282828283,41.402363184079604,8275.124378109458,125.38067239559786,0
484,32,0,0,132,0.0,0.0,1.0,132,3150,2000,1150,0.6349206349206349,43,20,23,201.2305702781078,0.4303158011411828,0.6593932396377775,0.12610697964478537,1070945.9740544513,13551.413819204214,1084497.3878736557,483,1,252.86363636363637,67,65,44,36.077538141196435,0.6257773631840796,41.28370098039216,8278.92156862746,123.56599356160389,0
485,32,0,0,132,0.0,0.0,1.0,132,4350,3100,1250,0.7126436781609196,56,31,25,198.85068419292293,0.43050254452926207,0.6557377483724585,0.12517957167915714,1072275.257298886,11894.533711405198,1084169.7910102913,484,2,253.86363636363637,68,64,46,35.97540529507816,0.6268382352941176,41.1231884057971,8284.057971014488,121.82438192668366,0
486,32,0,0,132,0.0,0.0,1.0,132,4000,3000,1000,0.75,50,30,20,199.54944502995096,0.43029531960829676,0.6561627941388968,0.1261735266849383,1073567.350481857,12445.953798185827,1086013.3042800429,485,3,254.86363636363637,69,63,40,35.79827799161258,0.6278683574879227,40.9672619047619,8289.047619047602,120.13112491373336,0
487,32,1,0,133,0.007518796992481203,0.0,1.0,133,3050,2300,750,0.7540983606557377,38,23,15,198.7623360874821,0.43061251613883195,0.6567372726139822,0.1264331665016534,1075325.792100689,13096.853298610778,1088422.6453992997,486,0,253.93984962406014,71,62,42,35.60239829231541,0.6289612676056338,40.755208333333314,8295.83333333329,116.84272300469424,0
488,32,0,0,133,0.0,0.0,1.0,133,4300,3000,1300,0.6976744186046512,56,30,26,197.9000338704217,0.43017344497607657,0.6544674940362958,0.12635156008649967,1076406.2499999963,11704.16666666642,1088110.4166666628,487,1,254.93984962406014,67,66,43,35.491967871485926,0.6324626865671642,40.624999999999986,8299.99999999997,123.88059701492494,0
489,32,0,0,133,0.0,0.0,1.0,133,3850,2700,1150,0.7012987012987013,50,27,23,195.1682768818877,0.4295943457127667,0.6501400760355711,0.1252077287091943,1077805.2949887055,11620.680447424038,1089425.9754361296,488,2,255.93984962406014,67,66,43,35.39102923527905,0.6341728855721394,40.45649509803921,8305.39215686274,123.96107696810058,0
490,32,2,0,135,0.014814814814814815,0.0,1.0,135,3950,2800,1150,0.7088607594936709,51,28,23,190.09002006611476,0.430456513727658,0.6478821640068257,0.12305827614806354,1080428.4864114244,10125.734532389859,1090554.2209438141,489,0,253.13333333333333,70,65,43,35.201181872929816,0.6357142857142857,40.14084507042253,8315.492957746465,118.79275653923521,0
491,32,1,0,136,0.007352941176470588,0.0,1.0,136,4200,3200,1000,0.7619047619047619,52,32,20,186.51663022826708,0.4307348402323892,0.6436603434563615,0.12132694155239374,1081816.6775173596,8955.360243055522,1090772.037760415,490,0,252.26470588235293,71,65,42,35.12404022700721,0.6368838028169015,39.97395833333333,8320.833333333321,117.194835680751,0
492,32,1,0,137,0.0072992700729927005,0.0,1.0,137,4450,3300,1150,0.7415730337078652,56,33,23,183.04131508619213,0.43128756977243454,0.6398082909882481,0.11958828655843354,1083076.1790084,7799.537628845128,1090875.7166372451,491,0,251.4160583941606,73,64,44,35.06031443308269,0.6374143835616438,39.82263513513514,8325.675675675675,114.05035172158459,0
493,32,0,0,137,0.0,0.0,1.0,137,4100,3000,1100,0.7317073170731707,52,30,22,185.44720108613785,0.4313211142121082,0.6451861493498003,0.12145707760827519,1083779.4752100098,8696.774054460004,1092476.2492644698,492,1,252.4160583941606,73,64,44,34.91169298862388,0.6382705479452055,39.738175675675684,8328.378378378398,114.08737504627943,0
494,32,1,0,138,0.007246376811594203,0.0,1.0,138,3800,2700,1100,0.7105263157894737,49,27,22,183.61593261538812,0.4319748580697486,0.6434593628428651,0.12075241157887276,1084956.712884879,8443.067736736572,1093399.7806216155,493,0,251.57971014492753,76,62,46,34.81544495817965,0.6382949561403508,39.59686147186147,8332.900432900436,109.64342674868995,0
495,32,1,1,138,0.007194244604316547,0.007194244604316547,0.9928057553956835,139,3800,2800,1000,0.7368421052631579,48,28,20,183.53742408458731,0.4324605532964932,0.6468014129668951,0.12136108967002932,1086516.685956794,8283.294753086631,1094799.9807098806,494,0,250.76258992805757,71,68,47,34.62691538974016,0.6426056338028169,39.409722222222236,8338.88888888892,117.44913928012564,0
496,32,0,1,137,0.0,0.007246376811594203,0.9927536231884058,138,3650,2600,1050,0.7123287671232876,47,26,21,180.79123619761705,0.43199248915688143,0.63834378238782,0.11971518484419555,1086922.0864197586,8051.197530864493,1094973.2839506231,495,1,250.15942028985506,74,64,47,34.648988418771545,0.6416103603603603,39.36111111111113,8340.444444444487,112.70870870870928,0
497,32,0,0,137,0.0,0.0,1.0,137,4500,3300,1200,0.7333333333333333,57,33,24,179.1031786539267,0.43104381351080573,0.6333759104651884,0.11917786990657177,1088312.6049382777,7084.049382716352,1095396.6543209942,496,2,252.7007299270073,74,63,45,34.523334043384125,0.6432995495495495,39.194444444444464,8345.777777777825,112.78078078078141,0
498,32,0,0,137,0.0,0.0,1.0,137,3600,2300,1300,0.6388888888888888,49,23,26,180.2989620924551,0.43049592099613565,0.6363426492277746,0.1202456357557043,1088956.3255040047,8267.53905047724,1097223.864554482,497,3,253.7007299270073,75,62,47,34.41363700045535,0.6436111111111111,39.11732456140352,8348.245614035115,111.3099415204682,0
499,32,0,1,136,0.0,0.0072992700729927005,0.9927007299270073,137,4500,3100,1400,0.6888888888888889,59,31,28,180.4901736824439,0.43028347287820234,0.6366812531018853,0.12092841636723825,1090261.4268848118,7456.294859542055,1097717.7217443539,498,4,254.7007299270073,76,61,48,34.24954221945829,0.6447368421052632,38.96103896103899,8353.246753246818,109.91114149008972,0
500,32,0,0,136,0.0,0.0,1.0,136,3950,2400,1550,0.6075949367088608,55,24,31,177.90740711587014,0.42941743827160495,0.6286428709327703,0.1195607803844527,1091121.2840935432,7673.711700404348,1098794.9957939475,499,5,257.25735294117646,78,58,43,34.21221492889003,0.6448985042735043,38.85812236286921,8356.540084388216,107.13512928702842,0
501,32,0,0,136,0.0,0.0,1.0,136,4250,2700,1550,0.6352941176470588,58,27,31,178.71761748971304,0.42910993100944084,0.6303617180949916,0.12058331245960303,1092242.719184031,7590.603298611246,1099833.3224826423,500,6,258.25735294117646,79,57,44,34.054495165952346,0.6458333333333333,38.72395833333334,8360.83333333336,105.83333333333367,0
502,32,0,0,136,0.0,0.0,1.0,136,3900,3000,900,0.7692307692307693,48,30,18,179.93731477073013,0.42868441358024695,0.6321423338949517,0.12182939608844585,1093222.7240668435,8242.312282986237,1101465.0363498298,501,7,259.25735294117646,79,57,45,33.90333125778331,0.6470200421940928,38.60677083333334,8364.58333333336,105.88080168776405,0
503,32,0,1,135,0.0,0.007352941176470588,0.9926470588235294,136,3850,2800,1050,0.7272727272727273,49,28,21,176.557916050203,0.4285403050108933,0.6253802830461155,0.12013016337046083,1094603.2323137533,7602.173119826436,1102205.4054335798,502,8,260.25735294117646,72,64,44,33.82376341152939,0.6519097222222222,38.4417808219178,8369.863013698618,116.2480974124808,0
504,32,0,0,135,0.0,0.0,1.0,135,3950,3100,850,0.7848101265822784,48,31,17,208.7971406960172,0.42761424359683065,0.6790840528560322,0.1306278775894532,1070447.676276755,13751.282814256556,1084198.9590910117,503,9,263.1185185185185,70,65,40,35.94323123463793,0.6235119047619048,41.34389671361503,8276.995305164337,118.24279007377625,8
505,32,0,0,135,0.0,0.0,1.0,135,3800,2500,1300,0.6578947368421053,51,25,26,207.33381410009184,0.4272065597936245,0.6781968589905096,0.13024816526800664,1071662.3685776656,13638.36926094929,1085300.737838615,504,10,264.1185185185185,70,65,39,35.831325585789884,0.625,41.19718309859156,8281.69014084509,118.30985915492987,0
506,32,1,0,136,0.007352941176470588,0.0,1.0,136,3500,2700,800,0.7714285714285715,43,27,16,203.82061642812872,0.42792869462599853,0.6747297859072952,0.12853206167965162,1072787.3936013745,13031.237572031612,1085818.631173406,505,0,263.16911764705884,73,63,42,35.78367083446591,0.6248573059360731,41.06137387387388,8286.03603603606,113.50734295939807,0
507,32,0,1,135,0.0,0.007352941176470588,0.9926470588235294,136,3400,2400,1000,0.7058823529411765,44,24,20,207.0234835966291,0.4278538035584604,0.6804448595323391,0.13117663554434283,1074187.5183883228,13876.408418553829,1088063.9268068767,506,1,264.16911764705884,73,63,38,35.52832029481539,0.6265696347031964,40.892454954954964,8291.441441441459,113.5813896087871,0
508,32,0,0,135,0.0,0.0,1.0,135,3250,2200,1050,0.676923076923077,43,22,21,209.02460877360207,0.4265109637000184,0.681245712607399,0.1326560521244673,1074654.4295562482,14675.844340962773,1089330.273897211,507,13,267.1185185185185,73,62,38,35.418986384951026,0.627140410958904,40.83614864864866,8293.243243243265,113.60607182525021,0
509,32,1,0,136,0.007352941176470588,0.0,1.0,136,3950,2900,1050,0.7341772151898734,50,29,21,216.8867033509113,0.42737041575889617,0.6904122186634185,0.13208165630773383,1062435.1509093507,14935.611480971653,1077370.7623903223,508,0,266.1470588235294,65,71,43,36.724890773973584,0.6165064102564102,42.313762626262644,8245.959595959634,126.86091686091744,8
510,32,4,1,139,0.02857142857142857,0.007142857142857143,0.9928571428571429,140,3750,2400,1350,0.64,51,24,27,211.1207324591082,0.4306676087701267,0.6894578704605974,0.13004327469960258,1065838.1273556894,13254.105226035706,1079092.232581725,509,0,259.51428571428573,70,70,44,36.452412081249065,0.6178571428571429,41.901408450704245,8259.154929577513,117.98792756539304,0
511,32,1,1,139,0.007142857142857143,0.007142857142857143,0.9928571428571429,140,4400,3000,1400,0.6818181818181818,58,30,28,212.28112383764577,0.430364636861939,0.6910100575485381,0.13125849469615458,1066974.2253086478,12899.697530864514,1079873.9228395124,510,0,260.50714285714287,74,66,46,36.282023700675886,0.6172578828828829,41.76388888888891,8263.555555555602,111.6696696696703,0
512,32,0,2,137,0.0,0.014388489208633094,0.9856115107913669,139,4250,3400,850,0.8,51,34,17,215.11892046762583,0.429730128940326,0.6919147350802028,0.13343425652921553,1067912.3306274414,13895.62954372833,1081807.9601711698,511,1,262.8776978417266,63,76,47,36.092801717801706,0.6245039682539683,41.650390625,8267.1875,131.2251984126984,0
513,32,1,1,137,0.007246376811594203,0.007246376811594203,0.9927536231884058,138,4350,2800,1550,0.6436781609195402,59,28,31,211.66837995823687,0.4301235939208012,0.6827852963316285,0.13205946025700638,1069633.2840236651,13331.508875739417,1082964.7928994047,512,0,265.1231884057971,64,74,45,35.96945890665673,0.6259765625,41.44230769230768,8273.846153846127,129.27884615384573,0
514,32,1,0,138,0.007246376811594203,0.0,1.0,138,3550,2700,850,0.7605633802816901,44,27,17,207.49072987051028,0.4307076236820762,0.6758419923867522,0.13013018460203232,1071172.7279104106,13301.68222630306,1084474.4101367136,513,0,264.34057971014494,65,73,49,35.88762148753608,0.6272435897435897,41.25631313131311,8279.797979797928,127.38150738150658,0
515,32,1,0,139,0.007194244604316547,0.0,1.0,139,3300,2000,1300,0.6060606060606061,46,20,26,204.4312676033244,0.43113987071212595,0.6748922807116073,0.12892096788842652,1072796.0980235564,12762.613239770875,1085558.7112633274,514,0,263.431654676259,66,73,51,35.76678675072554,0.6286300505050505,41.06032338308455,8286.069651741236,125.54650987486721,0
516,32,0,0,139,0.0,0.0,1.0,139,4200,2900,1300,0.6904761904761905,55,29,26,203.0168336386207,0.4312093803218295,0.6743172229373806,0.12877524464433948,1074499.9256595974,11628.314530468748,1086128.2401900662,515,1,264.431654676259,67,72,42,35.59369519812418,0.6301305970149254,40.85477941176469,8292.647058823493,123.77085162423124,0
517,32,0,1,138,0.0,0.007194244604316547,0.9928057553956835,139,4050,3100,950,0.7654320987654321,50,31,19,203.9036326701836,0.4310312619469641,0.6750837555489759,0.129961139086298,1075905.1006149456,12026.191684753145,1087931.2922996988,516,2,265.431654676259,68,71,46,35.3978673031767,0.631280637254902,40.685386473429936,8298.067632850207,122.03040636544422,0
518,32,0,0,138,0.0,0.0,1.0,138,3550,2300,1250,0.647887323943662,48,23,25,207.39826551535458,0.43017648718219964,0.6788760910931531,0.1327232336644025,1077081.8116929785,13526.979912651848,1090608.7916056304,517,3,268.3333333333333,63,75,46,35.162539468456615,0.6357473544973544,40.543619791666664,8302.604166666659,131.7873677248676,0
519,32,0,0,138,0.0,0.0,1.0,138,4100,2800,1300,0.6829268292682927,54,28,26,206.63961286389278,0.4298954917310201,0.677071032385042,0.1328397511267882,1078402.366863906,12868.129520052677,1091270.4963839585,518,4,269.3333333333333,64,74,47,35.01993312757202,0.63671875,40.38461538461539,8307.692307692312,129.80769230769238,0
520,32,0,0,138,0.0,0.0,1.0,138,4500,2600,1900,0.5777777777777777,64,26,38,206.91018092224905,0.42991312281815297,0.6784218616092965,0.13358018944547664,1079634.7243880096,12577.483230613085,1092212.2076186228,519,5,270.3333333333333,66,72,42,34.86154337243637,0.6369949494949495,40.2363184079602,8312.43781094527,125.9460274385647,0
521,32,0,0,138,0.0,0.0,1.0,138,4450,3100,1350,0.6966292134831461,58,31,27,210.42045969768725,0.42955939913255053,0.6837878846995886,0.13627190948651086,1080539.5635318446,13423.526335981835,1093963.0898678266,520,6,271.3333333333333,66,72,45,34.65923820919333,0.6380997474747474,40.12748756218906,8315.920398009961,125.99879390924184,0
522,32,0,0,138,0.0,0.0,1.0,138,3600,2200,1400,0.6111111111111112,50,22,28,213.8211875321677,0.4293930057477344,0.6881959255047079,0.13892413415301266,1081476.194019277,15048.504818594261,1096524.6988378714,521,7,272.3333333333333,69,69,46,34.45584826283557,0.637530193236715,40.01488095238096,8319.523809523831,120.5728088336787,0
523,32,0,0,138,0.0,0.0,1.0,138,4900,3400,1500,0.6938775510204082,64,34,30,226.97492891308144,0.4292398356782679,0.6981184023994471,0.13830935323422694,1062617.361111107,15737.499999999745,1078354.8611111068,522,8,273.3333333333333,74,64,35,36.44233360280244,0.6119087837837838,42.29166666666665,8246.666666666633,111.44144144144099,8
524,32,1,0,139,0.007194244604316547,0.0,1.0,139,3800,2600,1200,0.6842105263157895,50,26,24,226.6165610062518,0.4300081673791402,0.7007834202584444,0.1389283392972726,1064425.434774456,16643.28629523411,1081068.7210696903,523,0,272.35971223021585,76,63,32,36.22744676387286,0.6132127192982456,42.07251082251081,8253.679653679617,108.6010480747318,0
525,32,0,0,139,0.0,0.0,1.0,139,3400,2300,1100,0.6764705882352942,45,23,22,228.49081732688865,0.4301254648455149,0.704959514914127,0.14062963134345424,1065598.8623617962,17495.911000729666,1083094.773362526,524,1,273.35971223021585,78,61,33,36.0337259009469,0.6137820512820513,41.93037974683543,8258.227848101229,105.87471600129781,0
526,32,0,0,139,0.0,0.0,1.0,139,3950,2500,1450,0.6329113924050633,54,25,29,234.15207709840536,0.42985177075730724,0.7118323113839264,0.14458946142112447,1066579.0989024153,18198.342279548964,1084777.4411819642,525,2,274.35971223021585,78,61,34,35.76617639548541,0.6149839743589743,41.81170886075948,8262.025316455663,105.92340149302133,0
527,32,2,1,140,0.014184397163120567,0.0070921985815602835,0.9929078014184397,141,3250,2100,1150,0.6461538461538462,44,21,23,208.13833239743542,0.43112124282337044,0.6845505920031871,0.12133817351250652,1049183.3952933876,12225.056455089336,1061408.4517484768,526,0,271.45390070921985,76,65,37,38.59598147463331,0.5944353070175439,43.92586580086583,8194.372294372362,107.82068808384687,8
528,32,2,0,142,0.014084507042253521,0.0,1.0,142,3850,2400,1450,0.6233766233766234,53,24,29,237.13402499976917,0.4314826607398528,0.7195838862965027,0.13706446631223476,1046549.3583079629,17384.492339298555,1063933.8506472614,527,0,270.40845070422534,66,76,46,38.18275075987844,0.5962752525252526,44.24751243781095,8184.079601990051,124.00120609075834,8
529,32,2,0,144,0.013888888888888888,0.0,1.0,144,2750,1900,850,0.6909090909090909,36,19,17,234.8758197640995,0.43388613701113704,0.7307680743863381,0.12957291452353858,1031964.3909679346,16926.696459190614,1048891.0874271253,528,0,267.6388888888889,71,73,37,40.0708765333637,0.5754107981220657,46.035879629629626,8126.851851851844,114.46270213875836,8
530,32,3,1,146,0.02040816326530612,0.006802721088435374,0.9931972789115646,147,4750,3300,1450,0.6947368421052632,62,33,29,227.49728965509468,0.43598957847979375,0.7289612376372532,0.1266882625855495,1034935.3196885881,12938.996039496677,1047874.3157280849,529,0,263.15646258503403,63,84,40,39.884647382567515,0.5836640211640212,45.67057291666668,8138.5416666666915,129.18320105820146,0
531,32,4,1,149,0.02666666666666667,0.006666666666666667,0.9933333333333333,150,3800,2000,1800,0.5263157894736842,56,20,36,217.6672405274464,0.4380667412378822,0.7212922190426123,0.12272361407808653,1038822.0273526149,11423.504818594545,1050245.5321712093,530,0,258.74,69,81,37,39.647148572096036,0.584993961352657,45.19345238095241,8153.809523809581,118.17115251897944,0
532,32,5,0,154,0.032467532467532464,0.0,1.0,154,4250,3300,950,0.7764705882352941,52,33,19,208.0799666805483,0.44105533627592447,0.7167505963424308,0.1185571903179879,1042100.6944444545,8318.055555556133,1050418.7500000107,531,0,252.96103896103895,74,80,43,39.48129251700682,0.5865709459459459,44.7916666666667,8166.666666666746,110.36036036036144,0
533,32,3,2,155,0.01910828025477707,0.012738853503184714,0.9872611464968153,157,4800,3500,1300,0.7291666666666666,61,35,26,215.08154121626924,0.4429269421307638,0.7285275004055667,0.12063752638226062,1037194.0229011024,8416.257797174407,1045610.2806982768,532,0,249.10828025477707,70,87,41,39.91707003188507,0.5824404761904762,45.39319248826292,8147.417840375607,116.39168343393725,8
534,32,3,1,157,0.0189873417721519,0.006329113924050633,0.9936708860759493,158,4900,3200,1700,0.6530612244897959,66,32,34,226.17216249951954,0.4428574068101803,0.7389677524673679,0.1284034150126927,1040981.6602223782,10588.214642967207,1051569.8748653454,533,0,248.4873417721519,75,83,40,39.15972595378831,0.5847222222222221,44.928728070175445,8162.280701754403,108.83040935672537,0
535,32,1,0,158,0.006329113924050633,0.0,1.0,158,4650,3200,1450,0.6881720430107527,61,32,29,226.16933677925692,0.4424408409255825,0.7365749630567227,0.12918005840877142,1042862.6495940698,10922.710762109878,1053785.3603561798,534,0,249.4620253164557,66,92,39,38.92424334693382,0.5916982323232323,44.69838308457712,8169.651741293535,123.78260214081115,0
536,32,5,2,161,0.03067484662576687,0.012269938650306749,0.9877300613496932,163,5200,3800,1400,0.7307692307692307,66,38,28,218.0953674614323,0.44510401676386685,0.7348020692180166,0.12584130414769643,1046012.9555230985,7826.1159808461525,1053839.0715039447,535,0,242.77914110429447,73,90,42,38.73664941642811,0.5918949771689498,44.31306306306309,8181.981981982044,112.08194495865814,0
537,32,0,1,160,0.0,0.006211180124223602,0.9937888198757764,161,4800,3800,1000,0.7916666666666666,58,38,20,217.4415131374562,0.44452478002070395,0.7311838903899193,0.126107971691929,1047592.6517053392,8558.026267698131,1056150.6779730374,536,1,245.40993788819875,75,86,32,38.55617378184869,0.5929166666666666,44.120065789473706,8188.157894736895,109.17543859649194,0
538,32,2,5,157,0.012345679012345678,0.030864197530864196,0.9691358024691358,162,5100,3700,1400,0.7254901960784313,65,37,28,223.0130265630027,0.44482465557344786,0.7420908884976167,0.13043542382880047,1050187.0114690661,9341.076776974398,1059528.0882460405,537,0,244.85185185185185,77,85,37,38.089901306644435,0.5952380952380952,43.803418803418815,8198.290598290625,106.47130647130682,0
539,32,2,0,159,0.012578616352201259,0.0,1.0,159,4600,2900,1700,0.6304347826086957,63,29,34,227.85300977960702,0.44219707825810045,0.7450888374943911,0.13385231239964374,1051531.129636004,11518.906552902603,1063050.0361889068,538,0,250.38364779874215,65,94,41,37.798269510968815,0.6030448717948718,43.63952020202019,8203.535353535335,126.20823620823593,0
540,32,1,0,160,0.00625,0.0,1.0,160,5150,3900,1250,0.7572815533980582,64,39,25,223.16892733564072,0.44271406577568134,0.7414625000000008,0.13209859904964755,1053846.064085505,9887.139139769635,1063733.2032252746,539,0,249.8125,68,92,41,37.63002450980388,0.6041666666666667,43.357487922705296,8212.560386473393,120.77294685990285,0
541,32,2,1,161,0.012345679012345678,0.006172839506172839,0.9938271604938271,162,4600,3100,1500,0.6739130434782609,61,31,30,242.7280048040769,0.4435705978580375,0.7649493027182983,0.14043909300826302,1046859.9967560534,13820.447664359774,1060680.444420413,540,0,247.71604938271605,67,95,39,38.00080848005751,0.5960820895522387,44.209558823529406,8185.294117647043,122.16856892010512,8
542,32,1,1,161,0.006172839506172839,0.006172839506172839,0.9938271604938271,162,5250,4000,1250,0.7619047619047619,65,40,25,238.92270178405747,0.44333017023234417,0.7608914358484551,0.13906608225923298,1048700.9990301752,12461.695210385955,1061162.6942405612,541,0,248.6358024691358,70,92,37,37.867956064947485,0.5967261904761905,43.98474178403756,8192.488262910801,117.03554661301145,0
543,32,0,0,161,0.0,0.0,1.0,161,5500,3800,1700,0.6909090909090909,72,38,34,247.40801696450643,0.4429040502070393,0.7658683458405298,0.1448041787456006,1050400.2313211753,14275.487650046074,1064675.7189712215,542,1,250.8695652173913,75,86,37,37.43826004778716,0.5963888888888889,43.77741228070175,8199.12280701754,109.32163742690054,0
544,32,3,1,163,0.018292682926829267,0.006097560975609756,0.9939024390243902,164,5700,4300,1400,0.7543859649122807,71,43,28,242.78188353376638,0.4446333046535987,0.7620588155113863,0.1436494687849105,1053722.085842139,12664.926544376478,1066387.0123865155,543,0,247.2621951219512,68,96,37,37.14213581191047,0.6040134803921569,43.372584541062785,8212.077294685956,120.76584256891113,0
545,32,0,0,163,0.0,0.0,1.0,163,5450,3400,2050,0.6238532110091743,75,34,41,246.1168965391901,0.4443513469161049,0.7625830460302416,0.14641645936205344,1055375.72873799,13899.159807955688,1069274.8885459455,544,1,249.74233128834356,71,92,40,36.85030794652243,0.6044600938967136,43.17129629629627,8218.51851851846,115.75378195096422,0
546,32,3,3,163,0.018072289156626505,0.018072289156626505,0.9819277108433735,166,5450,3900,1550,0.7155963302752294,70,39,31,241.0737377499116,0.44560134477303154,0.7627883481190814,0.1443011881719062,1057240.9382715984,12324.604938271219,1069565.5432098696,545,0,246.210843373494,74,92,37,36.747510085728656,0.6052927927927928,42.94444444444442,8225.777777777726,111.15915915915846,0
547,32,1,2,162,0.006097560975609756,0.012195121951219513,0.9878048780487805,164,5600,3700,1900,0.6607142857142857,75,37,38,247.37569506339662,0.4451414347348995,0.767460696745877,0.1486287841007336,1058372.9030973515,13963.146507994272,1072336.0496053458,546,0,249.7621951219512,73,91,40,36.44453642384104,0.6071632420091324,42.80686936936936,8230.18018018016,112.74219424904328,0
548,32,0,1,161,0.0,0.006172839506172839,0.9938271604938271,162,4650,3300,1350,0.7096774193548387,60,33,27,250.5099178154952,0.44398116197633103,0.7682401140739095,0.15062347493469327,1058596.685327659,15987.793728237288,1074584.4790558962,547,1,253.7962962962963,72,90,41,36.33605625208031,0.6079282407407407,42.77968036529679,8231.050228310476,114.32014205986772,0
549,32,0,0,161,0.0,0.0,1.0,161,4250,2500,1750,0.5882352941176471,60,25,35,249.9297439644968,0.44402982660455487,0.7651379615185603,0.1481993177390645,1054381.508423885,16254.260088256287,1070635.7685121414,548,2,255.24844720496895,65,96,38,36.87640895583564,0.6065705128205128,43.29229797979798,8214.646464646463,126.37917637917636,8
550,32,1,1,161,0.006172839506172839,0.006172839506172839,0.9938271604938271,162,4850,3500,1350,0.7216494845360825,62,35,27,249.10680467338747,0.4446824757815096,0.7671579021769859,0.14833177914642603,1055655.5171088034,15344.194540561235,1070999.7116493646,549,0,254.66666666666666,67,95,40,36.738629134860055,0.6069651741293532,43.13725490196078,8219.607843137248,122.68071407667534,0
551,32,2,2,161,0.012269938650306749,0.012269938650306749,0.9877300613496932,163,3450,2400,1050,0.6956521739130435,45,24,21,249.4572940229046,0.4449272892524427,0.7695448166170906,0.14969122025533732,1057993.1975522935,16734.82403120687,1074728.0215835003,550,0,254.07361963190183,71,92,37,36.438290011627466,0.60768779342723,42.853009259259245,8228.703703703672,115.897235263432,0
552,32,0,0,161,0.0,0.0,1.0,161,5100,3600,1500,0.7058823529411765,66,36,30,248.97965873887492,0.44476093426501034,0.7664143636683685,0.1499950627036634,1059184.0277777766,15443.055555555482,1074627.083333332,551,1,254.7950310559006,61,100,38,36.302294197031024,0.6150956284153005,42.70833333333333,8233.333333333323,134.97267759562826,0
553,32,0,2,159,0.0,0.012422360248447204,0.9875776397515528,161,4250,3100,1150,0.7294117647058823,54,31,23,245.06091555563972,0.444432582815735,0.7632389543355165,0.14835892166761044,1060658.6074829088,15535.19388834622,1076193.801371255,552,2,255.7950310559006,63,98,40,36.219696251343294,0.6155753968253967,42.52929687499999,8239.062499999989,130.77876984126968,0
554,32,1,2,158,0.00625,0.0125,0.9875,160,4800,3100,1700,0.6458333333333334,65,31,34,237.07419163034618,0.44435845780922434,0.7535046447098572,0.1445995566169195,1062899.448652259,13597.20551471489,1076496.654166974,553,0,258.05625,66,94,40,36.14705231833355,0.6164772727272727,42.25746268656716,8247.761194029836,124.96607869742175,0
555,32,0,0,158,0.0,0.0,1.0,158,4000,2400,1600,0.6,56,24,32,237.9596143760295,0.44411802252143295,0.7523620244272224,0.14569269293087223,1064037.0982986772,15039.571518588524,1079076.6698172658,554,1,259.6898734177215,68,90,42,35.983052335792046,0.6167279411764706,42.119565217391305,8252.173913043482,121.35549872122768,0
556,32,1,0,159,0.006289308176100629,0.0,1.0,159,4250,3100,1150,0.7294117647058823,54,31,23,240.29516251517356,0.4447579147095507,0.7549635922242082,0.14787788177211286,1065564.6400226755,15160.005668934278,1080724.6456916097,555,0,259.0503144654088,69,90,35,35.73333525544922,0.6180555555555556,41.93452380952381,8258.095238095237,119.68253968253967,0
557,32,1,3,157,0.00625,0.01875,0.98125,160,4000,2700,1300,0.675,53,27,26,236.0285792254151,0.44531086215932913,0.7526979802790079,0.1459256706129004,1066940.7505197616,14365.701892575491,1081306.452412337,556,0,258.425,71,89,37,35.67292518721873,0.6186913145539906,41.76793981481482,8263.425925925925,116.38628064684401,0
558,32,1,1,157,0.006329113924050633,0.006329113924050633,0.9936708860759493,158,4950,3100,1850,0.6262626262626263,68,31,37,241.4346961289516,0.4440659517858583,0.7563169705742347,0.150521248352165,1069418.6192995752,15088.951877047348,1084507.5711766225,557,0,259.746835443038,62,96,39,35.22640061396777,0.627016129032258,41.46825396825398,8273.0158730159,133.43573988735324,0
559,32,0,1,156,0.0,0.006369426751592357,0.9936305732484076,157,4950,3400,1550,0.6868686868686869,65,34,31,243.30157209640828,0.4431242854809734,0.7557881386685177,0.15189593956150624,1069829.0265180154,15708.216805240663,1085537.243323256,558,1,262.312101910828,62,95,37,35.1273259159793,0.6275201612903225,41.4186507936508,8274.60317460318,133.46134152585776,0
560,32,0,1,155,0.0,0.00641025641025641,0.9935897435897436,156,5400,3800,1600,0.7037037037037037,70,38,32,245.0630908587475,0.44265836090432864,0.7564892759232384,0.15389032956769708,1071548.461914064,15919.395616319533,1087467.8575303834,559,2,262.6474358974359,63,93,38,34.86897274633126,0.628968253968254,41.21093750000001,8281.250000000011,131.44841269841288,0
561,32,0,1,154,0.0,0.0064516129032258064,0.9935483870967742,155,4200,3100,1100,0.7380952380952381,53,31,22,246.21225605142564,0.4422008099427454,0.7579373523992416,0.1553511849096055,1072950.6944444475,17634.722222222383,1090585.41666667,560,3,264.7032258064516,64,91,41,34.66579511933493,0.6300455729166667,41.04166666666668,8286.666666666692,129.47916666666706,0
562,32,0,0,154,0.0,0.0,1.0,154,4200,3000,1200,0.7142857142857143,54,30,24,246.48629339856467,0.44209160937102115,0.7568489024889766,0.1563013084021488,1074411.9822485216,17965.56541748858,1092377.5476660102,561,4,265.24675324675326,64,90,38,34.478071531642954,0.6318359375,40.86538461538462,8292.3076923077,129.56730769230782,0
563,32,0,1,153,0.0,0.006493506493506494,0.9935064935064936,154,4300,2900,1400,0.6744186046511628,57,29,28,247.47073664018694,0.44185553009082423,0.7574393642886796,0.1573637959471572,1075227.5955578508,18117.473025711668,1093345.0685835625,562,5,266.24675324675326,65,89,39,34.35178843226788,0.6322115384615384,40.76704545454545,8295.454545454542,127.62237762237757,0
564,32,1,1,153,0.006493506493506494,0.006493506493506494,0.9935064935064936,154,4350,2700,1650,0.6206896551724138,60,27,33,248.64597694665548,0.4413568457686105,0.7586787064429483,0.15891062806773412,1076699.3490456117,18393.39230425481,1095092.7413498664,563,0,267.05194805194805,58,96,40,34.13955625127612,0.6388290229885057,40.58968926553672,8301.129943502818,143.1229300603934,0
565,32,0,1,152,0.0,0.006535947712418301,0.9934640522875817,153,4350,3000,1350,0.6896551724137931,57,30,27,247.49306613446038,0.4409005561288843,0.7564871404550575,0.1584926184304207,1077285.6668342405,18374.14655750245,1095659.813391743,564,1,269.5882352941176,58,95,38,34.097094645165676,0.6395474137931034,40.51906779661016,8303.389830508455,143.16189362945613,0
566,32,0,1,151,0.0,0.006578947368421052,0.993421052631579,152,3600,2500,1100,0.6944444444444444,47,25,22,248.48477123026072,0.44028388956663184,0.7568527718916447,0.1596905627696568,1078312.1069935183,19588.827444220868,1097900.9344377392,565,2,272.14473684210526,58,94,41,33.94470325535002,0.6408045977011494,40.39548022598869,8307.344632768345,143.2300798753163,0
567,32,0,1,150,0.0,0.006622516556291391,0.9933774834437086,151,3950,2700,1250,0.6835443037974683,52,27,25,248.5033336193546,0.43991169977924943,0.7534353325102352,0.16045130352366788,1079668.6225327698,19510.25038072188,1099178.8729134917,566,3,272.9801324503311,60,91,40,33.77692501533876,0.6409722222222223,40.23224043715846,8312.568306010911,138.54280510018185,0
568,32,0,0,150,0.0,0.0,1.0,150,4500,3200,1300,0.7111111111111111,58,32,26,247.66874760922684,0.4391769202087994,0.7504101697038017,0.1605774352647881,1080868.8735961877,19039.488050672495,1099908.3616468601,567,4,275.0933333333333,63,87,40,33.65067996326214,0.6403769841269842,40.087890624999986,8317.18749999997,132.01884920634873,0
569,32,0,0,150,0.0,0.0,1.0,150,4900,3600,1300,0.7346938775510204,62,36,26,248.87686731252938,0.4389569351230425,0.7517892692401071,0.1619468904360671,1081915.1744719888,18952.73186409522,1100867.906336084,568,5,276.0933333333333,65,85,34,33.490379946588945,0.6403846153846153,39.9621212121212,8321.212121212091,128.01864801864755,0
570,32,0,0,150,0.0,0.0,1.0,150,4100,3000,1100,0.7317073170731707,52,30,22,247.47634922815098,0.4386306860551827,0.7504719277581471,0.1613728268008445,1082517.8416954982,19479.51268742771,1101997.354382926,569,6,277.0933333333333,67,83,36,33.45259128386334,0.6399253731343284,39.88970588235293,8323.529411764679,124.23178226514446,0
571,32,0,0,150,0.0,0.0,1.0,150,5150,3800,1350,0.7378640776699029,65,38,27,242.07096836019966,0.43818791946308727,0.7440840004640916,0.15842138772183398,1083560.3077084604,17309.69859273238,1100870.0063011928,570,7,278.0933333333333,68,82,37,33.464946629539384,0.640625,39.76449275362317,8327.536231884025,122.46376811594155,0
572,32,0,0,150,0.0,0.0,1.0,150,3800,2500,1300,0.6578947368421053,51,25,26,239.09825834540646,0.4376743102162565,0.7413567725940953,0.1571672551523803,1084824.9355286635,18075.950538914123,1102900.8860675776,571,8,279.0933333333333,70,80,37,33.38686049132297,0.6410714285714285,39.612676056338024,8332.394366197172,119.03420523138817,0
573,32,0,0,150,0.0,0.0,1.0,150,3900,2800,1100,0.717948717948718,50,28,22,237.11572021636852,0.43766778523489935,0.7398180471807889,0.15637330146542,1085758.4867794851,17590.081114750377,1103348.5678942355,572,9,280.0933333333333,62,88,36,33.3238125462816,0.6470094086021505,39.50066137566137,8335.978835978833,134.4512715480457,0
574,32,0,1,149,0.0,0.006666666666666667,0.9933333333333333,150,4150,2700,1450,0.6506024096385542,56,27,29,236.79617086210482,0.43725484712900825,0.7402664002663999,0.15697547485626961,1087240.668402779,17340.8854166667,1104581.5538194457,573,10,281.0933333333333,63,87,39,33.15018315018317,0.6481481481481481,39.32291666666667,8341.666666666675,132.40740740740753,0
575,32,0,0,149,0.0,0.0,1.0,149,4000,2400,1600,0.6,56,24,32,236.43661469106942,0.43651180542959067,0.7398965079737871,0.15736502785387915,1088378.8422776537,17666.52179390285,1106045.3640715566,574,11,283.6979865771812,62,87,39,33.01992202358312,0.6502016129032258,39.186507936507944,8346.031746031762,134.6134152585768,0
576,32,0,1,148,0.0,0.006711409395973154,0.9932885906040269,149,4200,2700,1500,0.6428571428571429,57,27,30,248.6662925337984,0.4366346211983796,0.7521417460996187,0.15670317237728337,1072582.8070411137,19343.03801248147,1091925.8450535953,575,12,284.6979865771812,60,89,38,34.64774875785956,0.6322916666666667,41.086065573770476,8285.245901639311,138.08743169398852,8
577,32,0,3,145,0.0,0.02027027027027027,0.9797297297297297,148,4350,3500,850,0.8045977011494253,52,35,17,233.52266405120582,0.4362857755714899,0.7342571847529169,0.14777288134714625,1073802.2331946748,16201.431631950714,1090003.6648266255,576,13,287.3716216216216,72,76,35,34.88926374736067,0.6265914351851851,40.938926940639256,8289.954337899511,115.13825469304876,8
578,32,1,0,146,0.00684931506849315,0.0,1.0,146,4350,3400,950,0.7816091954022989,53,34,19,231.6171368980219,0.4356006928042828,0.7286165308252206,0.14735396991610353,1075368.9999999998,16264.777777777737,1091633.7777777775,577,0,290.83561643835617,74,72,39,34.745325725918775,0.6275337837837838,40.75,8295.999999999998,112.10810810810808,0
579,32,0,0,146,0.0,0.0,1.0,146,4150,2300,1850,0.5542168674698795,60,23,37,232.61941534947636,0.4353487639741773,0.7292351355068329,0.14858531252501472,1076537.2514603059,16734.693207325487,1093271.9446676313,578,1,291.83561643835617,65,81,39,34.575283946861354,0.6338141025641026,40.609217171717155,8300.505050505017,127.70007770007717,0
580,32,0,0,146,0.0,0.0,1.0,146,3750,2300,1450,0.6133333333333333,52,23,29,230.25455508990757,0.4351893402613762,0.7264140256635907,0.1473346631648912,1077051.558129744,16649.205465210936,1093700.7635949547,579,2,292.83561643835617,66,80,37,34.57324624480667,0.6338383838383839,40.54726368159202,8302.487562189013,125.79526609377292,0
581,32,0,1,145,0.0,0.00684931506849315,0.9931506849315068,146,4050,2500,1550,0.6172839506172839,56,25,31,229.27648192237515,0.4348281766650921,0.723353638813157,0.1472061176315651,1078035.7913836949,16183.650726971384,1094219.4421106663,580,3,293.83561643835617,68,78,37,34.47738552208134,0.6338848039215687,40.42874396135265,8306.280193236704,122.15117931230446,0
582,32,1,0,146,0.00684931506849315,0.0,1.0,146,3500,2100,1400,0.6,49,21,28,223.16116315755394,0.4345723114470162,0.7151102110987548,0.1440943353712213,1079680.1319900989,15488.53481860238,1095168.6668087014,581,0,291.972602739726,73,73,40,34.43381741989091,0.6332762557077626,40.23085585585586,8312.612612612618,113.87140565222765,0
583,32,1,1,146,0.006802721088435374,0.006802721088435374,0.9931972789115646,147,4250,3300,950,0.7764705882352941,52,33,19,222.35517654109157,0.43474513092908396,0.717108824067693,0.14440687487631484,1081352.3951247162,14438.86054421764,1095791.255668934,582,0,290.9795918367347,76,71,42,34.24918908605229,0.6339089912280702,40.029761904761905,8319.047619047617,109.46115288220548,0
584,32,0,0,146,0.0,0.0,1.0,146,3900,3000,900,0.7692307692307693,48,30,18,219.81426495523326,0.4344640607778303,0.7130383840145611,0.14338721543195004,1082622.4637482641,14495.172218569573,1097117.6359668337,583,1,292.1232876712329,77,69,37,34.15926515384877,0.6350108225108225,39.87713675213675,8323.931623931616,108.103008103008,0
585,32,0,1,145,0.0,0.00684931506849315,0.9931506849315068,146,4950,3700,1250,0.7474747474747475,62,37,25,221.26914099513894,0.4339720122815305,0.7137248655435422,0.144848724239504,1083641.4687149464,13805.283385853263,1097446.7521007997,584,2,293.1232876712329,78,68,38,33.99632247386463,0.6358173076923077,39.75474683544303,8327.8481012658,106.76728334956154,0
586,32,0,1,144,0.0,0.006896551724137931,0.993103448275862,145,4550,3500,1050,0.7692307692307693,56,35,21,221.74012411785998,0.4332455300127714,0.7129049059545454,0.14555062513501266,1084418.5004340261,14541.818576388792,1098960.3190104149,585,3,296.1241379310345,79,66,38,33.88870827915043,0.6363396624472574,39.66145833333333,8330.83333333332,105.45358649789011,0
587,32,0,1,143,0.0,0.006944444444444444,0.9930555555555556,144,3100,2000,1100,0.6451612903225806,42,20,22,219.40030064356094,0.4326862373737374,0.7079047457986818,0.14460395896861558,1085587.748446816,15735.655676839368,1101323.4041236555,586,4,295.2083333333333,66,78,40,33.80623035295053,0.6442550505050505,39.52114427860695,8335.323383084542,126.29277853158396,0
588,32,1,0,144,0.006944444444444444,0.0,1.0,144,4000,2700,1300,0.675,53,27,26,216.76008198385696,0.4325435848873349,0.7045437606642444,0.14366198850212636,1087178.6033163194,14331.384637187768,1101509.987953507,587,0,295.94444444444446,69,75,41,33.68007982721546,0.6444746376811594,39.33035714285712,8341.428571428516,120.89026915113791,0
589,32,0,0,144,0.0,0.0,1.0,144,3550,2200,1350,0.6197183098591549,49,22,27,215.39552263902073,0.43257595991970993,0.7035384435067995,0.14323439636769836,1088128.1305792455,14525.585476867203,1102653.7160561127,588,1,296.94444444444446,70,74,41,33.599390529770275,0.6450892857142857,39.216549295774634,8345.070422535176,119.21529175050252,0
590,32,0,1,143,0.0,0.006944444444444444,0.9930555555555556,144,3950,2600,1350,0.6582278481012658,53,26,27,216.32453722092365,0.43226131507381504,0.7050069581176015,0.14435320578640004,1089116.2090031463,14370.51197848238,1103486.7209816286,589,2,297.94444444444446,72,72,40,33.454226828556855,0.6452546296296297,39.09817351598173,8348.858447488568,115.95636732623012,0
591,32,0,0,143,0.0,0.0,1.0,143,3550,2100,1450,0.5915492957746479,50,21,29,215.83423418377075,0.4312641583768344,0.7028000315309522,0.14441654767236728,1089884.27088406,14896.8673910397,1104781.1382750997,590,3,300.7902097902098,73,70,40,33.37305386261081,0.6456906392694064,39.006193693693696,8351.801801801805,114.4082438602987,0
592,32,1,0,144,0.006944444444444444,0.0,1.0,144,4050,2900,1150,0.7160493827160493,52,29,23,212.74327972797417,0.4311767514892515,0.7010572033296392,0.14301116655484847,1091198.9810477411,13579.050012784057,1104778.0310605252,591,0,299.69444444444446,77,67,38,33.29300903434755,0.6454274891774892,38.84882478632479,8356.837606837622,108.53035853035873,0
593,32,0,1,143,0.0,0.006944444444444444,0.9930555555555556,144,3950,2600,1350,0.6582278481012658,53,26,27,214.1525495907541,0.4312151968401969,0.7032673183723415,0.14454756853809833,1092351.5869140627,14035.975477430526,1106387.5623914932,592,1,300.69444444444446,79,65,40,33.1153656085447,0.6459651898734178,38.7109375,8361.250000000002,105.83860759493673,0
594,32,3,2,144,0.02054794520547945,0.0136986301369863,0.9863013698630136,146,4400,2900,1500,0.6590909090909091,59,29,30,208.40939032713698,0.43186112423240436,0.6993669158980507,0.14138042424895025,1093767.3611111152,11990.277777777985,1105757.6388888932,593,0,297.13013698630135,83,63,45,33.09262948207175,0.6460843373493976,38.54166666666668,8366.666666666699,100.80321285140602,0
595,32,0,0,144,0.0,0.0,1.0,144,4650,3400,1250,0.7311827956989247,59,34,25,211.20721124393967,0.4310745677933178,0.6983220631897542,0.14379518071606132,1094778.0614775203,12795.00425914297,1107573.0657366633,594,1,300.34722222222223,68,76,42,32.8961543640946,0.6542585784313726,38.420893719806784,8370.53140096623,123.09605001420927,0
596,32,0,0,144,0.0,0.0,1.0,144,5250,4000,1250,0.7619047619047619,65,40,25,209.4677745919606,0.4304796765734266,0.6948279224169158,0.1432696223116508,1096068.4350619449,11868.203178583739,1107936.6382405285,595,2,301.34722222222223,71,73,43,32.784314944815996,0.6541960093896714,38.26678240740741,8375.462962962978,117.9642670839856,0
597,32,0,1,143,0.0,0.006944444444444444,0.9930555555555556,144,4000,2900,1100,0.725,51,29,22,197.41643959544763,0.43046146561771564,0.6706293078989989,0.12856206547244367,1082141.7344834986,9926.51367187451,1092068.2481553731,596,3,302.34722222222223,79,65,35,34.80078314057308,0.6335706751054853,39.93489583333331,8322.083333333268,105.34282700421859,8
598,32,0,0,143,0.0,0.0,1.0,143,3300,1600,1700,0.48484848484848486,50,16,34,200.16690717495825,0.42988115171213764,0.6750149460330381,0.1308345008043533,1083202.2807286866,11464.250075664142,1094666.5308043507,597,4,305.44055944055947,78,65,38,34.599296440818236,0.6352831196581197,39.80748945147677,8326.160337552687,106.74564535323957,0
599,32,0,1,142,0.0,0.006993006993006993,0.993006993006993,143,5350,4000,1350,0.7476635514018691,67,40,27,201.21220515626237,0.4290747398141765,0.678359680039357,0.13198112303217893,1084212.2749750144,9681.34854104187,1093893.6235160562,598,5,306.44055944055947,80,63,41,34.44838290024042,0.6356770833333334,39.68621399176953,8330.041152263326,104.12551440329158,0
600,32,0,0,142,0.0,0.0,1.0,142,3900,3000,900,0.7692307692307693,48,30,18,201.80831525376925,0.4284079179569141,0.6783004488221596,0.1325676436207083,1084635.4600694415,11477.690972222028,1096113.1510416635,599,6,309.5633802816901,79,63,43,34.3810428752417,0.6366033755274262,39.63541666666666,8331.666666666642,105.46413502109674,0
601,32,1,0,143,0.006993006993006993,0.0,1.0,143,3850,2700,1150,0.7012987012987013,50,27,23,198.82057775668522,0.4287402738106963,0.6759358100765784,0.1310299470275986,1085565.532879819,10716.553287981897,1096282.086167801,600,0,308.3916083916084,69,74,44,34.34500685557589,0.642512077294686,39.523809523809526,8335.238095238097,120.80055210489996,0
602,32,0,0,143,0.0,0.0,1.0,143,3850,2900,950,0.7532467532467533,48,29,19,195.55212613022726,0.4283073147509768,0.670039740130639,0.12929663024584392,1086496.854214883,10043.353975104772,1096540.2081899878,601,1,309.3916083916084,72,71,42,34.31624867666924,0.6420717592592593,39.412100456621005,8338.812785388129,115.81684424150178,0
603,32,0,0,143,0.0,0.0,1.0,143,4050,2800,1250,0.691358024691358,53,28,25,192.37549357856437,0.427671213762763,0.6649984185544346,0.12764511806162052,1087501.3611111152,9191.722222222386,1096693.0833333377,602,2,310.3916083916084,74,69,44,34.276277236162166,0.6423141891891893,39.29166666666668,8342.666666666699,112.73873873873917,0
604,32,0,1,142,0.0,0.006993006993006993,0.993006993006993,143,3450,2100,1350,0.6086956521739131,48,21,27,190.69161943128955,0.42719926786828194,0.6619909415789171,0.12686993477407593,1088269.900353954,9454.789935364606,1097724.6902893186,603,3,311.3916083916084,75,68,43,34.226315605073225,0.6427777777777778,39.19956140350877,8345.61403508771,111.27485380116947,0
605,32,1,0,143,0.006993006993006993,0.0,1.0,143,4150,2900,1250,0.6987951807228916,54,29,25,190.30979605576076,0.42750705866903055,0.661869648975665,0.12737721418197928,1089971.6925998998,8736.458105047925,1098708.1507049478,604,0,311.3986013986014,77,66,46,34.028559489698445,0.6439393939393939,38.9957264957265,8352.136752136768,108.46930846930869,0
606,32,0,1,142,0.0,0.006993006993006993,0.993006993006993,143,4350,2800,1550,0.6436781609195402,59,28,31,194.08491726626016,0.4271910601135953,0.6691583425411645,0.13033108228632564,1090900.922328151,9395.483051149175,1100296.4053793002,605,1,312.3986013986014,78,65,37,33.81663552660374,0.6446314102564102,38.88449367088607,8355.696202531633,107.1243102888671,0
607,32,0,0,142,0.0,0.0,1.0,142,4450,3600,850,0.8089887640449438,53,36,17,195.7633272453952,0.4265245729697333,0.6671780569822747,0.13166330128181772,1091341.668113191,9878.935222275488,1101220.6033354665,606,2,315.51408450704224,78,64,37,33.71903451641678,0.6451655982905983,38.83175105485231,8357.3839662447,107.14594828518847,0
608,32,0,0,142,0.0,0.0,1.0,142,3200,2100,1100,0.65625,43,21,22,199.21140141627217,0.4263351979489229,0.6707795867185982,0.1345223152335403,1092476.5898872106,11926.758497180195,1104403.3483843908,607,3,316.51408450704224,80,62,38,33.49051380481321,0.645703125,38.69598765432098,8361.728395061715,104.52160493827144,0
609,32,1,0,143,0.006993006993006993,0.0,1.0,143,4400,3700,700,0.8409090909090909,51,37,14,207.12959850987343,0.4265323877999934,0.6960117429577908,0.13780977457684754,1088276.939513482,12082.873109796405,1100359.8126232782,608,0,315.2937062937063,64,79,46,33.79675146450371,0.6487630208333333,39.19871794871796,8345.641025641056,130.4006410256415,8
610,32,1,0,144,0.006944444444444444,0.0,1.0,144,3400,2200,1200,0.6470588235294118,46,22,24,206.25415834996568,0.4263488247863248,0.6968701485917035,0.13777777777777794,1089414.0625000068,12739.236111111451,1102153.2986111182,609,0,314.09722222222223,65,79,47,33.68055555555554,0.6495192307692308,39.06250000000002,8350.000000000051,128.46153846153925,0
611,32,0,0,144,0.0,0.0,1.0,144,4850,3400,1450,0.7010309278350515,63,34,29,214.54546415116576,0.4258854571354571,0.7096998524620397,0.14227521668760806,1087340.9311308393,13006.812952005565,1100347.7440828448,610,1,315.09722222222223,64,80,43,33.7179309850208,0.6476236979166667,39.31089743589745,8342.051282051316,130.3445512820518,7
612,32,0,1,143,0.0,0.006944444444444444,0.9930555555555556,144,4800,3500,1300,0.7291666666666666,61,35,26,211.63882151244445,0.4255940818440818,0.70589214050145,0.14101970402445582,1088700.1714066507,12482.244251380043,1101182.4156580307,611,2,316.09722222222223,66,78,41,33.62736917391825,0.6480429292929293,39.14800995024876,8347.263681592058,126.47369214533421,0
613,32,0,0,143,0.0,0.0,1.0,143,3950,2700,1250,0.6835443037974683,52,27,25,212.94889080682555,0.4248908368626678,0.7052291335741101,0.14218574900480851,1089286.1557153522,13842.455726163138,1103128.6114415154,612,3,319.16783216783216,67,76,42,33.52150971643278,0.6481654228855722,39.07781862745099,8349.509803921586,124.61954931226248,0
614,32,1,0,144,0.006944444444444444,0.0,1.0,144,4050,2900,1150,0.7160493827160493,52,29,23,211.91715708465298,0.42513678451178455,0.7058584515366415,0.14228723404255328,1090864.1975308696,13384.567901234901,1104248.7654321045,613,0,317.94444444444446,68,76,43,33.35549645390071,0.6495098039215687,38.88888888888891,8355.555555555598,122.87581699346468,0
615,32,0,0,144,0.0,0.0,1.0,144,3300,1900,1400,0.5757575757575758,47,19,28,215.2184169200433,0.4249374757187257,0.7105812459858689,0.14476199893922118,1091368.8184088366,14876.533874769912,1106245.3522836065,614,1,318.94444444444446,68,76,43,33.20761078998076,0.6501225490196079,38.828502415458956,8357.487922705357,122.90423415743172,0
616,32,0,0,144,0.0,0.0,1.0,144,4350,3400,950,0.7816091954022989,53,34,19,216.1635645678046,0.4246956746956747,0.7119747610849114,0.14606621441888265,1092662.8865524954,14088.780885626951,1106751.6674381224,615,2,319.94444444444446,70,74,43,33.024786660678224,0.6505952380952381,38.673708920187806,8362.441314554018,119.46344735077169,0
617,32,0,0,144,0.0,0.0,1.0,144,4300,3100,1200,0.7209302325581395,55,31,24,215.3853854808264,0.42442858067858064,0.7101937772925773,0.14592678483760108,1093409.2283313503,14000.873626488103,1107410.1019578383,616,3,320.94444444444446,72,72,44,32.95396652110624,0.650462962962963,38.58447488584474,8365.296803652951,116.1846778285132,0
618,32,0,1,143,0.0,0.006944444444444444,0.9930555555555556,144,4150,3000,1150,0.7228915662650602,53,30,23,213.00791031555306,0.4238235722610723,0.7070951484552388,0.14494189970250207,1094624.7695138687,13682.746946758552,1108307.5164606273,617,4,321.94444444444446,60,84,43,32.86775587038366,0.6592013888888889,38.43920765027322,8369.945355191245,139.4990892531874,0
619,32,0,2,141,0.0,0.013986013986013986,0.986013986013986,143,3500,2700,800,0.7714285714285715,43,27,16,211.15903276369613,0.42398798384713876,0.7027653923029216,0.1443102405260695,1095843.411438645,14179.446963970526,1110022.8584026156,618,5,321.0699300699301,62,81,41,32.76748483699772,0.6592741935483871,38.29365079365078,8374.60317460314,135.07424475166354,0
620,32,0,0,141,0.0,0.0,1.0,141,4700,3500,1200,0.7446808510638298,59,35,24,246.3437415785939,0.42275413711583926,0.7388070165516059,0.1660406473193231,1091952.4317611868,20899.129533178966,1112851.5612943657,619,6,321.468085106383,71,70,35,32.323164146868244,0.6492077464788732,38.75868055555555,8359.72222222221,117.74256651017197,8
621,32,0,1,140,0.0,0.0070921985815602835,0.9929078014184397,141,3350,2100,1250,0.6268656716417911,46,21,25,231.8071760562334,0.4223741979061128,0.7212275903832766,0.15230680283349257,1084697.452522673,18738.130668934085,1103435.5831916071,620,7,322.468085106383,69,72,41,33.592365834142996,0.6414553140096618,39.62797619047618,8331.904761904741,120.75224292615567,8
622,32,0,0,140,0.0,0.0,1.0,140,3050,2300,750,0.7540983606557377,38,23,15,232.84245370482,0.4218568002740664,0.7212857428514294,0.15341832819206908,1085503.515625,19500.26041666664,1105003.7760416667,621,8,325.62857142857143,59,81,41,33.46643171365725,0.6488347457627119,39.53125,8335.0,141.27118644067798,0
623,32,1,0,141,0.0070921985815602835,0.0,1.0,141,3600,2700,900,0.75,45,27,18,228.8121468940646,0.42185705842620735,0.7172827172827168,0.1516827543317611,1087240.6684027808,17954.77430555578,1105195.4427083365,622,0,324.31205673758865,63,78,41,33.358308358308356,0.6481481481481481,39.32291666666668,8341.66666666669,132.40740740740776,0
624,32,0,0,141,0.0,0.0,1.0,141,4300,3500,800,0.813953488372093,51,35,16,229.0811858164443,0.4213251435325904,0.7172329573461322,0.15234320134004928,1088143.1993754134,17354.626890203952,1105497.8262656173,623,1,325.31205673758865,64,77,38,33.2406440115529,0.6486002604166667,39.2147435897436,8345.128205128223,130.3926282051285,0
625,32,0,0,141,0.0,0.0,1.0,141,4100,2700,1400,0.6585365853658537,55,27,28,229.1291726972682,0.42095153664302604,0.7181115698105216,0.15295006398869362,1089213.350591721,17614.11078238031,1106827.4613741012,624,2,326.31205673758865,64,77,40,33.10824990274963,0.64990234375,39.08653846153848,8349.230769230808,130.45673076923137,0
626,32,0,1,140,0.0,0.0070921985815602835,0.9929078014184397,141,3200,2400,800,0.75,40,24,16,230.14882378465535,0.4209050996285039,0.7195979418034688,0.1539208868719974,1089748.6234385348,18760.87278106556,1108509.4962196003,625,3,327.31205673758865,64,77,44,33.01606795619692,0.6505533854166667,39.022435897435926,8351.282051282109,130.48878205128295,0
627,32,1,0,141,0.0070921985815602835,0.0,1.0,141,4250,3300,950,0.7764705882352941,52,33,19,226.97799660202145,0.42108029381965556,0.7154939048316573,0.15214321520736762,1090387.9274337317,17048.813457588007,1107436.7408913197,626,0,328.21985815602835,66,75,36,33.02054175848173,0.650094696969697,38.94589552238808,8353.73134328362,126.57168701944879,0
628,32,0,1,140,0.0,0.0070921985815602835,0.9929078014184397,141,3350,2600,750,0.7761194029850746,41,26,15,226.64211817457667,0.4211077338736913,0.7149465401504307,0.15221991908604632,1090949.5296280344,17901.022443291487,1108850.552071326,627,1,329.21985815602835,67,74,38,32.960567484062736,0.6501865671641791,38.87867647058826,8355.88235294123,124.71466198419745,0
629,32,0,3,137,0.0,0.02142857142857143,0.9785714285714285,140,4200,2400,1800,0.5714285714285714,60,24,36,225.19880093285616,0.4205335731414868,0.7107303334724135,0.15164294447082402,1091681.5997707734,16969.07745376828,1108650.6772245418,628,2,328.09285714285716,70,70,39,32.90868625028086,0.6494047619047619,38.79107981220659,8358.685446009427,119.40979208584896,0
630,32,0,0,137,0.0,0.0,1.0,137,4200,3000,1200,0.7142857142857143,54,30,24,231.89561406239199,0.419486635895234,0.7142559009846816,0.15648052235616777,1092273.8236961472,19058.70181405907,1111332.5255102064,629,3,332.48175182481754,69,68,39,32.66127501234004,0.6506642512077294,38.7202380952381,8360.952380952396,121.17322291235357,0
631,32,0,0,137,0.0,0.0,1.0,137,4250,2900,1350,0.6823529411764706,56,29,27,233.17090204917346,0.4192070988979533,0.7162590513856975,0.15817809841714228,1093767.3611111126,19356.94444444454,1113124.3055555571,630,4,333.48175182481754,71,66,42,32.445219123505986,0.6514084507042254,38.54166666666667,8366.666666666679,117.84037558685463,0
632,32,0,1,136,0.0,0.0072992700729927005,0.9927007299270073,137,4050,2900,1150,0.7160493827160493,52,29,23,235.48099209493427,0.4193010233290397,0.7192520246283161,0.16049131930703542,1095075.043402774,20123.871527777486,1115198.9149305515,631,5,334.48175182481754,59,78,40,32.22489050368304,0.6604872881355932,38.38541666666665,8371.666666666637,141.89265536723113,0
633,32,1,0,137,0.0072992700729927005,0.0,1.0,137,3800,2600,1200,0.6842105263157895,50,26,24,231.12454694832078,0.4188068019178474,0.7132923404212177,0.15874026776094932,1097228.538534752,19519.289773522352,1116747.8283082745,632,0,335.08029197080293,62,75,42,32.0758092351728,0.6609543010752688,38.128306878306866,8379.894179894154,135.1595835466799,0
634,32,0,0,137,0.0,0.0,1.0,137,3600,2500,1100,0.6944444444444444,47,25,22,229.56306523474154,0.4184400493774152,0.7110421328799346,0.15821656789450023,1098196.515450359,19421.07166337919,1117617.5871137383,633,1,336.08029197080293,64,73,42,31.998562515292395,0.6608072916666667,38.012820512820504,8383.589743589724,130.99358974358944,0
635,32,0,0,137,0.0,0.0,1.0,137,3700,2300,1400,0.6216216216216216,51,23,28,228.077715889654,0.4175522398740518,0.7096050659834681,0.15798043623549426,1099585.2623456786,19058.17901234566,1118643.4413580243,634,2,337.08029197080293,65,72,40,31.868101545253847,0.6618589743589743,37.84722222222222,8388.888888888887,129.05982905982904,0
636,32,0,0,137,0.0,0.0,1.0,137,4300,3000,1300,0.6976744186046512,56,30,26,225.13234097188854,0.41691936811220837,0.7058747906721932,0.15658323827244133,1100725.3524002873,17861.775070596635,1118587.127470884,635,3,338.08029197080293,68,69,42,31.80638693833697,0.6614583333333333,37.711352657004824,8393.236714975828,123.429951690821,0
637,32,0,1,136,0.0,0.0072992700729927005,0.9927007299270073,137,3200,2300,900,0.71875,41,23,18,223.1036163149322,0.4164251467010162,0.703370767641303,0.155599552630558,1101485.7406240471,18549.09041051105,1120034.8310345581,636,4,339.08029197080293,68,69,42,31.766997506712674,0.6623774509803921,37.62077294685989,8396.135265700446,123.47257743677127,0
638,32,0,0,136,0.0,0.0,1.0,136,3350,2100,1250,0.6268656716417911,46,21,25,222.40262590638537,0.41584399963689184,0.700875483137301,0.15561126213259488,1102375.0035430787,18484.21910430809,1120859.2226473868,637,5,342.375,69,67,43,31.677142978626893,0.6628925120772946,37.514880952380935,8399.52380952377,121.73222912353289,0
639,32,0,0,136,0.0,0.0,1.0,136,4100,2600,1500,0.6341463414634146,56,26,30,224.16028554431875,0.41558982389251997,0.7040741272118598,0.15715751893497049,1102930.3698602533,18146.63732867511,1121077.0071889283,638,6,343.375,60,76,43,31.563414634146348,0.6692708333333333,37.44877049180328,8401.6393442623,140.02732240437166,0
640,32,0,0,136,0.0,0.0,1.0,136,4250,3300,950,0.7764705882352941,52,33,19,224.06013184896767,0.4153208968772694,0.7039854418067364,0.15756779312617664,1103770.5271201862,18012.193967510597,1121782.721087697,639,7,344.375,61,75,42,31.463823855519323,0.6695696721311475,37.34879032258064,8404.83870967741,137.78424114225263,0
641,32,0,0,136,0.0,0.0,1.0,136,4200,3100,1100,0.7380952380952381,53,31,22,222.83973780588286,0.4146536855482934,0.7014757106974674,0.15742488223189444,1105020.3781820715,17848.490268849986,1122868.8684509215,640,8,345.375,65,71,43,31.34390076672071,0.6684294871794871,37.200126262626256,8409.595959595947,129.37839937839917,0
642,32,0,0,136,0.0,0.0,1.0,136,3850,2500,1350,0.6493506493506493,52,25,27,219.54706107166064,0.4141078885257807,0.6973436193400693,0.15571511389396597,1106105.884755861,17518.459246443545,1123624.3440023046,641,9,346.375,67,69,42,31.298551231259207,0.6685323383084577,37.07107843137254,8413.725490196062,125.57799239098601,0
643,32,0,0,136,0.0,0.0,1.0,136,3450,2400,1050,0.6956521739130435,45,24,21,220.690607154397,0.41386052106027593,0.7000356951181235,0.15729959962698029,1107451.19854022,18230.81547994106,1125682.014020161,642,10,347.375,68,68,44,31.10510988695701,0.6695772058823529,36.91123188405796,8418.840579710124,123.80647911338417,0
644,32,0,0,136,0.0,0.0,1.0,136,4200,3200,1000,0.7619047619047619,52,32,20,221.6289221044135,0.4134123093681917,0.7013813440943673,0.15848558769353308,1108341.0493827143,17728.086419752985,1126069.1358024674,643,11,348.375,68,68,40,30.97240545294636,0.6706495098039216,36.80555555555555,8422.222222222208,123.85620915032659,0
645,32,0,0,136,0.0,0.0,1.0,136,3300,2400,900,0.7272727272727273,42,24,18,222.52191764279777,0.4126860929557008,0.702737556561088,0.15969632890768537,1109316.057956098,18869.427297667728,1128185.485253766,644,12,349.375,71,65,41,30.83058608058607,0.67018779342723,36.689814814814795,8425.925925925878,118.67501304120955,0
646,32,0,0,136,0.0,0.0,1.0,136,3350,2300,1050,0.6865671641791045,44,23,21,223.59985691121955,0.4123014251997095,0.7040766362661801,0.1608526306292122,1109961.9076424334,19087.46474515023,1129049.3723875836,645,13,350.375,73,63,41,30.723850052553747,0.6699486301369864,36.613175675675656,8428.378378378331,115.45723805997714,0
647,32,0,0,136,0.0,0.0,1.0,136,3200,2100,1100,0.65625,43,21,22,222.30075242895865,0.41211192810457514,0.7022750125691322,0.1605505434209138,1111029.9488677813,18996.55872088275,1130026.507588664,646,14,351.375,73,63,42,30.62856125356126,0.6712328767123288,36.48648648648647,8432.43243243239,115.51277304701904,0
648,32,0,0,136,0.0,0.0,1.0,136,3200,2200,1000,0.6875,42,22,20,222.70360658548805,0.4120551924473493,0.7036641791613618,0.16106876588755545,1111411.3776165342,19103.064439069738,1130514.442055604,647,15,352.375,60,76,42,30.571708565504725,0.6795138888888889,36.441256830601105,8433.879781420792,140.56466302367986,0
649,32,0,0,136,0.0,0.0,1.0,136,3300,2300,1000,0.696969696969697,43,23,20,248.4980927657113,0.4118271151053014,0.7297054744227791,0.1632216274346889,1084606.5308641968,23404.530864197463,1108011.0617283944,648,16,353.375,74,62,40,33.16896493474161,0.638795045045045,39.638888888888886,8331.555555555551,112.58858858858852,8
650,32,0,0,136,0.0,0.0,1.0,136,4200,3100,1100,0.7380952380952381,53,31,22,245.53784534531064,0.41171704793028324,0.7276785714285716,0.16219330910838184,1086227.1604938318,21941.975308642315,1108169.135802474,649,17,354.375,59,77,38,33.0468194740583,0.6497175141242938,39.444444444444464,8337.777777777814,141.31826741996295,0
651,32,0,0,136,0.0,0.0,1.0,136,3450,2400,1050,0.6956521739130435,45,24,21,246.50653303550402,0.4114061365286856,0.7271027854353103,0.16366995871313147,1087688.9688488594,22974.4873463791,1110663.4561952385,650,18,355.375,62,74,42,32.84199484220097,0.649361559139785,39.269179894179906,8343.386243386267,134.57074586106881,0
652,32,0,0,136,0.0,0.0,1.0,136,4000,2800,1200,0.7,52,28,24,250.78472992449954,0.4113006082062454,0.7306485854682492,0.16728374681480745,1089006.3858032287,23421.234469943945,1112427.6202731726,651,19,356.375,63,73,41,32.56863861334664,0.6502976190476191,39.11132812500002,8348.437500000047,132.5148809523817,0
653,32,0,0,136,0.0,0.0,1.0,136,3900,3000,900,0.7692307692307693,48,30,18,247.15275714015436,0.4108308369644154,0.7263653874200089,0.165405307358428,1089941.272733657,22776.398135394786,1112717.6708690517,652,20,357.375,65,71,40,32.54866612243255,0.6501602564102564,38.99936868686871,8352.020202020258,128.49261849261936,0
654,32,0,0,136,0.0,0.0,1.0,136,4700,3700,1000,0.7872340425531915,57,37,20,250.1567568763723,0.41053581154684093,0.7294709193634052,0.1686234518486038,1091973.7751105404,22732.923635140713,1114706.6987456812,653,21,358.375,67,69,39,32.22093545991169,0.6514303482587065,38.756127450980415,8359.803921568675,124.77319285923396,0
655,32,0,1,135,0.0,0.007352941176470588,0.9926470588235294,136,3900,2700,1200,0.6923076923076923,51,27,24,251.5195121164122,0.410540350399419,0.7323304343394865,0.17031913775110277,1093262.1859611713,23895.35432565549,1117157.5402868267,654,22,359.375,68,68,41,32.027384733853125,0.6524203431372548,38.602053140096636,8364.73429951695,123.01079852230808,0
656,32,0,0,135,0.0,0.0,1.0,135,4250,3000,1250,0.7058823529411765,55,30,25,230.7911751840067,0.4099594619495117,0.7029880230733634,0.14545252512076953,1072610.675090552,18259.81564381183,1090870.490734364,655,23,359.9851851851852,65,70,43,35.1071192725795,0.6290064102564102,41.08270202020202,8285.353535353535,127.46697746697747,7
657,32,1,1,135,0.007352941176470588,0.007352941176470588,0.9926470588235294,136,3950,2700,1250,0.6835443037974683,52,27,25,234.69058943469395,0.4108558006535948,0.7096466276271682,0.1488015746205875,1074372.8974432885,19279.04171472492,1093651.9391580133,656,0,358.33088235294116,67,69,39,34.788563096082584,0.6299751243781094,40.87009803921568,8292.156862745078,123.76353526485191,0
658,32,0,0,135,0.0,0.0,1.0,135,3500,2800,700,0.8,42,28,14,233.91981471732092,0.4094389165284688,0.7067715345819736,0.1484936523738663,1074729.3538526243,19780.098264894274,1094509.4521175185,657,25,361.9851851851852,66,69,40,34.76454709058187,0.6309974747474747,40.827114427860685,8293.532338308434,125.65958088346112,0
659,32,1,0,136,0.007352941176470588,0.0,1.0,136,4250,3100,1150,0.7294117647058823,54,31,23,231.56184990501006,0.41031340777051556,0.7060076655899072,0.14765562964854007,1076035.7461734663,18383.76558956897,1094419.5117630353,658,0,360.31617647058823,69,67,41,34.664541133490175,0.6308876811594203,40.66964285714285,8298.571428571404,120.269151138716,0
660,32,0,0,136,0.0,0.0,1.0,136,2900,2000,900,0.6896551724137931,38,20,18,233.6887544099663,0.41057098765432104,0.7084674145693417,0.1494782803087822,1076946.6824001705,20234.06575520813,1097180.7481553785,659,1,361.31617647058823,63,73,41,34.497072354663324,0.6355820105820106,40.55989583333332,8302.083333333308,131.77910052910013,0
661,32,0,1,135,0.0,0.007352941176470588,0.9926470588235294,136,4300,3200,1100,0.7441860465116279,54,32,22,234.3753391147264,0.4104949618736384,0.7097386358606648,0.15047576119974457,1078027.9541015625,19032.6334635417,1097060.5875651042,660,2,362.31617647058823,63,73,39,34.34599949836971,0.6369047619047619,40.4296875,8306.25,131.8452380952381,0
662,32,0,0,135,0.0,0.0,1.0,135,4350,3200,1150,0.735632183908046,55,32,23,231.06618675518877,0.40979592776856455,0.7048145178056959,0.14929509579467415,1079867.3611111138,18554.166666666817,1098421.5277777805,661,3,365.22962962962964,64,71,40,34.20542635658914,0.6385091145833333,40.20833333333334,8313.333333333356,129.89583333333368,0
663,32,1,0,136,0.007352941176470588,0.0,1.0,136,4050,3100,950,0.7654320987654321,50,31,19,232.38911343928595,0.4101375272331154,0.7083183856502246,0.15117494835752796,1081832.8483515217,19031.235303581318,1100864.0836551029,662,0,363.5367647058824,66,70,35,33.929247633283495,0.6396780303030303,39.97201492537312,8320.895522388026,126.07417458163675,0
664,32,0,0,136,0.0,0.0,1.0,136,3850,3100,750,0.8051948051948052,46,31,15,232.71018470732074,0.40990944989106753,0.7105222684304717,0.15192897076502465,1082868.0331241754,19348.88400039578,1102216.9171245713,663,1,364.5367647058824,66,70,37,33.7936263670591,0.6409406565656566,39.84763681592038,8324.875621890511,126.13447911955319,0
665,32,0,0,136,0.0,0.0,1.0,136,3850,2900,950,0.7532467532467533,48,29,19,234.58490262992092,0.4093647875816993,0.7129098048449432,0.15351033612777687,1083538.1223567836,19786.33698577455,1103324.4593425582,664,2,365.5367647058824,67,69,38,33.662487245899065,0.6411691542288558,39.76715686274509,8327.45098039214,124.29031314018118,0
666,32,1,1,136,0.0072992700729927005,0.0072992700729927005,0.9927007299270073,137,3500,2100,1400,0.6,49,21,28,235.51999999999958,0.41035807571203664,0.7184817518248168,0.15494736842105272,1085069.444444447,20211.111111111262,1105280.5555555583,665,0,363.86131386861314,64,73,39,33.45000000000001,0.6448567708333333,39.58333333333334,8333.333333333354,130.20833333333366,0
667,32,0,0,136,0.0,0.0,1.0,136,4450,3500,950,0.7865168539325843,54,35,19,234.7515518165807,0.4094884713144517,0.7156053151148565,0.15569917412004344,1087385.4938271632,19403.08641975324,1106788.5802469165,666,1,366.0220588235294,59,77,39,33.18571301722606,0.6511299435028248,39.305555555555564,8342.222222222243,141.39359698681767,0
668,32,0,0,136,0.0,0.0,1.0,136,4200,3400,800,0.8095238095238095,50,34,16,230.3987409688988,0.4095837872185912,0.7105487859443971,0.1534953774292803,1088654.8528876603,18764.941490999892,1107419.7943786602,667,2,367.0220588235294,62,74,39,33.14356723292767,0.6505376344086021,39.153439153439166,8347.089947089973,134.63048301758022,0
669,32,0,0,136,0.0,0.0,1.0,136,4500,3400,1100,0.7555555555555555,56,34,22,232.99866433886626,0.40925018155410314,0.7145849960095765,0.1561215649286634,1090284.027777782,19106.94444444474,1109390.9722222267,668,3,368.0220588235294,64,72,43,32.876097366320835,0.6512044270833333,38.95833333333335,8353.333333333367,130.52083333333385,0
670,32,0,0,136,0.0,0.0,1.0,136,4050,2700,1350,0.6666666666666666,54,27,27,232.2759867136312,0.40916507806826435,0.7115829281185782,0.1565556921279244,1091947.0163176686,19476.614130838556,1111423.6304485071,669,4,369.0220588235294,66,70,40,32.69133488067607,0.6519886363636364,38.75932835820897,8359.701492537339,126.66214382632332,0
671,32,0,0,136,0.0,0.0,1.0,136,4150,2700,1450,0.6506024096385542,56,27,29,231.9078806960433,0.40851942628903415,0.7117731545660813,0.15660667572894382,1092486.0780709388,19321.226211072888,1111807.3042820117,670,5,370.0220588235294,67,69,41,32.6349806542385,0.6520522388059702,38.694852941176485,8361.764705882388,124.80245829675205,0
672,32,0,0,136,0.0,0.0,1.0,136,4250,3100,1150,0.7294117647058823,54,31,23,233.52347518078798,0.40858637436456063,0.7135703439624992,0.1583481098828639,1093644.6141638632,19628.33818245977,1113272.952346323,671,6,371.0220588235294,70,66,42,32.451014777403685,0.6517857142857143,38.55633802816904,8366.197183098644,119.51710261569491,0
673,32,0,0,136,0.0,0.0,1.0,136,2900,1800,1100,0.6206896551724138,40,18,22,233.7571654612885,0.40858183551198257,0.7139928813251919,0.15905295244324008,1094610.9376806545,21074.63001503043,1115685.567695685,672,7,372.0220588235294,61,75,42,32.326727903391564,0.6584699453551912,38.44086021505375,8369.892473118261,137.21135201833215,0
674,32,1,0,137,0.0072992700729927005,0.0,1.0,137,4050,3100,950,0.7654320987654321,50,31,19,230.42780995208187,0.4091661299556319,0.7110605415304918,0.15766977042091926,1096182.1540105161,19068.17061143969,1115250.3246219559,673,0,370.2992700729927,64,73,44,32.22183105777669,0.6583658854166667,38.25320512820512,8375.897435897412,130.87339743589706,0
675,32,0,0,137,0.0,0.0,1.0,137,3700,2700,1000,0.7297297297297297,47,27,20,229.20767269819012,0.4089514455417203,0.7102219267606844,0.15721221480029507,1096853.402366863,19181.443129520027,1116034.845496383,674,1,371.2992700729927,64,73,43,32.17180295425796,0.6591796875,38.17307692307692,8378.461538461532,130.91346153846143,0
676,32,0,1,136,0.0,0.0072992700729927005,0.9927007299270073,137,4100,2900,1200,0.7073170731707317,53,29,24,229.76521918104956,0.40884186703878633,0.7110101201120309,0.15809881218417587,1097744.1105884765,18944.68323481354,1116688.7938232902,675,2,372.2992700729927,67,70,43,32.048475057020866,0.6584266169154229,38.06678921568628,8381.862745098048,125.10242903131414,0
677,32,0,0,136,0.0,0.0,1.0,136,5150,3900,1250,0.7572815533980582,64,39,25,226.65182187510456,0.4085250998547567,0.704620882369644,0.15645283933354437,1098628.4049036286,17451.225907029482,1116079.6308106582,676,3,374.97058823529414,69,67,41,32.02215486399002,0.6583635265700483,37.961309523809526,8385.238095238099,121.5251897860594,0
678,32,0,0,136,0.0,0.0,1.0,136,3400,2400,1000,0.7058823529411765,44,24,20,225.78609477024574,0.40853531227305734,0.7035566356014293,0.15592522074133464,1098753.1887755117,19016.638321995528,1117769.8270975072,677,4,375.97058823529414,69,67,46,32.02962332008328,0.6585144927536232,37.94642857142858,8385.714285714297,121.53209109730865,0
679,32,0,0,136,0.0,0.0,1.0,136,4000,3000,1000,0.75,50,30,20,227.89962699412806,0.40817106935366737,0.7061365070462042,0.15802296450253978,1099876.5624999977,18932.291666666577,1118808.8541666642,678,5,376.97058823529414,69,67,41,31.837256654747705,0.6598731884057971,37.81249999999999,8389.999999999982,121.59420289855046,0
680,32,0,2,134,0.0,0.014705882352941176,0.9852941176470589,136,4000,3000,1000,0.75,50,30,20,232.11958674879497,0.4078703703703704,0.7116372821613461,0.16123939602972073,1100376.0239512476,19883.765589569128,1120259.7895408168,679,6,377.97058823529414,69,67,41,31.665709111199384,0.6604770531400966,37.75297619047619,8391.904761904765,121.62180814354733,0
681,32,1,1,134,0.007407407407407408,0.007407407407407408,0.9925925925925926,135,3400,2400,1000,0.7058823529411765,44,24,20,244.9357651762901,0.4073221853694491,0.7212775510655478,0.1607781022295955,1084421.7384780094,22722.733657582852,1107144.4721355923,680,0,377.54814814814813,66,69,40,33.28443814073856,0.642834595959596,39.6610696517413,8330.84577114429,126.22493592642863,8
682,32,0,1,133,0.0,0.007462686567164179,0.9925373134328358,134,4400,3500,900,0.7954545454545454,53,35,18,246.39999999999952,0.40695254928365693,0.7213134328358204,0.16210526315789475,1085069.444444447,22272.222222222365,1107341.6666666693,681,1,380.3955223880597,68,66,41,33.166666666666686,0.6424632352941176,39.58333333333334,8333.333333333354,122.54901960784343,0
683,32,0,0,133,0.0,0.0,1.0,133,3700,2800,900,0.7567567567567568,46,28,18,246.6192062031737,0.4072586769955191,0.7209179688395617,0.1628348825924041,1086099.585248491,23270.60351431577,1109370.1887628068,682,2,381.90977443609023,58,75,40,33.034322694314554,0.650323275862069,39.45974576271186,8337.288135593215,143.74634716540027,0
684,32,0,0,133,0.0,0.0,1.0,133,3900,2900,1000,0.7435897435897436,49,29,20,244.6517707185122,0.4071684894053315,0.7193111470086773,0.16212023082980723,1087130.21481694,22693.66641131206,1109823.881228252,683,3,382.90977443609023,58,75,43,32.958971146030905,0.6515804597701149,39.33615819209039,8341.242937853087,143.81453341126013,0
685,32,0,0,133,0.0,0.0,1.0,133,3950,2900,1050,0.7341772151898734,50,29,21,245.222645517031,0.4073346244398876,0.7200077773637994,0.16317247385484562,1088308.6756679085,22825.586517284035,1111134.2621851924,684,4,383.90977443609023,58,75,41,32.79938396967232,0.6530172413793103,39.19491525423727,8345.762711864383,143.89246054938593,0
686,32,0,0,133,0.0,0.0,1.0,133,4100,2900,1200,0.7073170731707317,53,29,24,244.68623633850228,0.40706406166932485,0.7205429852284466,0.1635778950393213,1089635.2071962054,22623.74756615262,1112258.954762358,685,5,384.90977443609023,58,75,43,32.65058746589091,0.6546336206896552,39.03601694915253,8350.847457627098,143.98012857977756,0
687,32,0,0,133,0.0,0.0,1.0,133,3900,2700,1200,0.6923076923076923,51,27,24,245.79659611521146,0.40694064707222605,0.7204156411375535,0.1649502458267138,1090719.140624997,23119.010416666446,1113838.1510416635,686,6,385.90977443609023,59,74,40,32.488654498304385,0.6551906779661016,38.906249999999986,8354.999999999976,141.61016949152503,0
688,32,0,0,133,0.0,0.0,1.0,133,3650,2500,1150,0.684931506849315,48,25,23,245.35687792379693,0.4068077390445812,0.7190244684077329,0.16526746638486617,1091768.0479037855,23324.559930126044,1115092.6078339114,687,7,386.90977443609023,60,73,40,32.37154343989017,0.6557291666666667,38.78073770491802,8359.016393442593,139.31693989070988,0
689,32,0,0,133,0.0,0.0,1.0,133,4650,3400,1250,0.7311827956989247,59,34,25,245.29518430699315,0.4066677109440267,0.7189577551013395,0.16572857419204906,1092624.6724670774,22353.114082235894,1114977.7865493132,688,8,387.90977443609023,60,73,41,32.26818270927271,0.6567708333333333,38.678278688524586,8362.295081967202,139.37158469945336,0
690,32,0,0,133,0.0,0.0,1.0,133,3750,2700,1050,0.72,48,27,21,244.50598157136628,0.4063734145970988,0.7180584304891764,0.16546021218665058,1093075.7817530301,23102.71338988263,1116178.4951429127,689,9,388.90977443609023,62,71,42,32.23354735998648,0.6559139784946236,38.62433862433862,8364.021164021162,134.90356716163166,0
691,32,0,0,133,0.0,0.0,1.0,133,4000,2700,1300,0.675,53,27,26,246.8214790241428,0.4063900281005544,0.720546385885031,0.16743835468935048,1093767.3611111075,23393.055555555286,1117160.4166666628,690,10,389.90977443609023,56,77,42,32.08831341301458,0.6612723214285714,38.54166666666665,8366.666666666639,149.40476190476141,0
692,32,0,0,133,0.0,0.0,1.0,133,4050,2900,1150,0.7160493827160493,52,29,23,247.10168813645765,0.40621914635072526,0.721684714931984,0.1679024291183618,1094226.108033238,23427.02369959964,1117653.1317328375,691,11,390.90977443609023,56,77,42,32.0248078266946,0.6618303571428572,38.48684210526314,8368.421052631555,149.43609022556348,0
693,32,0,0,133,0.0,0.0,1.0,133,4050,2800,1250,0.691358024691358,53,28,25,239.30401679249016,0.4059011164274322,0.7113918311832836,0.16341776975615463,1095625.5038967987,21787.516796559823,1117413.0206933585,692,12,391.90977443609023,60,73,41,32.057556773688326,0.6604166666666667,38.31967213114753,8373.770491803252,139.56284153005421,0
694,32,0,0,133,0.0,0.0,1.0,133,4600,3500,1100,0.7608695652173914,57,35,22,240.26241622163172,0.4055379927090454,0.7125634331066386,0.1647452310156547,1096769.7602197672,21502.51052584388,1118272.270745611,693,13,392.90977443609023,60,73,41,31.892583050700047,0.6618055555555555,38.18306010928959,8378.142076502683,139.6357012750447,0
695,32,0,0,133,0.0,0.0,1.0,133,3700,2800,900,0.7567567567567568,46,28,18,238.4441781319423,0.4051274018379281,0.7109061382688879,0.1639658708821718,1097566.0164831153,22041.645349173057,1119607.6618322884,694,14,393.90977443609023,61,72,42,31.842899373489868,0.6620560109289617,38.088037634408586,8381.182795698893,137.39643927375235,0
696,32,0,0,133,0.0,0.0,1.0,133,3100,2100,1000,0.6774193548387096,41,21,20,235.0536710088387,0.4051107883344725,0.7008718980549968,0.15744160982667493,1090181.6608996533,21550.240292195278,1111731.9011918486,695,15,394.90977443609023,67,66,45,32.83499608763694,0.6492537313432836,38.970588235294116,8352.941176470584,124.67076382791916,8
697,32,0,0,133,0.0,0.0,1.0,133,3600,2700,900,0.75,45,27,18,235.74024140391768,0.40475003797372217,0.7007618769916477,0.1584181443537126,1091105.98047411,21243.517446845115,1112349.497920955,696,16,395.90977443609023,71,62,37,32.70383194829178,0.648180751173709,38.85995370370371,8356.481481481494,117.69692227438725,0
698,32,0,0,133,0.0,0.0,1.0,133,3550,2700,850,0.7605633802816901,44,27,17,234.02337148755683,0.404878199286094,0.6980461826118594,0.1574354472291569,1091413.1487906869,20933.23695316964,1112346.3857438564,697,17,396.90977443609023,73,60,38,32.71105062699869,0.6475456621004566,38.82319819819821,8357.657657657692,114.488461063804,0
699,32,0,0,133,0.0,0.0,1.0,133,4100,3100,1000,0.7560975609756098,51,31,20,231.34874845227137,0.4044509949115212,0.6961536560486039,0.15643774838464994,1092862.065108418,19866.45419875969,1112728.5193071777,698,18,397.90977443609023,76,57,39,32.603589730317324,0.6478892543859649,38.64989177489179,8363.203463203505,110.04215083162507,0
700,32,0,1,132,0.0,0.007518796992481203,0.9924812030075187,133,3850,3000,850,0.7792207792207793,47,30,17,237.89686828983955,0.4047808916229969,0.6992227312129806,0.15081351925530256,1074332.2500000042,20666.05555555583,1094998.30555556,699,19,398.90977443609023,74,59,34,34.710497400439515,0.6262668918918919,40.875000000000014,8292.000000000033,112.05405405405449,8
701,32,0,1,131,0.0,0.007575757575757576,0.9924242424242424,132,4050,2900,1150,0.7160493827160493,52,29,23,204.65593035645492,0.40472472819801064,0.6589762814803126,0.12722750705197336,1068572.797501643,13287.952005259678,1081860.7495069026,700,20,398.3333333333333,64,68,41,36.28160010748687,0.6246744791666667,41.57051282051282,8269.743589743584,129.2147435897435,8
702,32,1,0,132,0.007575757575757576,0.0,1.0,132,4750,3600,1150,0.7578947368421053,59,36,23,199.26470843219127,0.4055259175726733,0.6561299820419122,0.11912819405877298,1056867.3529948804,10969.272989205025,1067836.6259840855,701,0,396.84090909090907,73,59,42,37.86855990068277,0.6053082191780822,42.98986486486484,8224.324324324274,112.661977045538,8
703,32,1,0,133,0.007518796992481203,0.0,1.0,133,4050,3100,950,0.7654320987654321,50,31,19,198.73235244172338,0.40686232627022095,0.6571612004316558,0.11968048670802656,1059074.0769276333,11444.456543574639,1070518.5334712078,702,0,394.8496240601504,77,56,45,37.60873561726793,0.6061958874458875,42.721688034188006,8232.905982905908,106.92085692085594,0
704,32,1,0,134,0.007462686567164179,0.0,1.0,134,3600,2500,1100,0.6944444444444444,47,25,22,196.6788378485079,0.4080770957243856,0.6552819927569831,0.11902629171995995,1060551.7194100276,11317.615930360489,1071869.3353403881,703,0,392.8955223880597,68,66,45,37.47862182870101,0.6124387254901961,42.54227053140099,8238.647342995218,121.1565785734591,0
705,32,1,1,134,0.007407407407407408,0.007407407407407408,0.9925925925925926,135,3900,2900,1000,0.7435897435897436,49,29,20,193.42917992180875,0.4094481297217616,0.6517396695260487,0.11780132164170157,1062447.9821023247,10201.68837752695,1072649.6704798518,704,0,390.97777777777776,70,65,46,37.32777271692096,0.6136904761904762,42.31220657276998,8246.009389671426,117.80013413816323,0
706,32,2,0,136,0.014705882352941176,0.0,1.0,136,4800,3500,1300,0.7291666666666666,61,35,26,185.72109383043008,0.41099537037037037,0.6388923188981166,0.1137972589582294,1064268.239386165,7531.412309557199,1071799.6516957222,705,0,384.66911764705884,75,61,49,37.30165320366339,0.6134722222222222,42.091557017543884,8253.070175438657,110.04093567251543,0
707,32,1,2,135,0.0072992700729927005,0.014598540145985401,0.9854014598540146,137,3750,2700,1050,0.72,48,27,21,186.30410294929575,0.4121784206383283,0.644642853043556,0.1147291696599962,1065765.7394913943,8561.306010007625,1074327.0455014019,706,0,382.8540145985401,76,61,44,37.101853793199886,0.6148574561403508,41.91017316017318,8258.874458874503,108.66940077466451,0
708,32,1,0,136,0.007352941176470588,0.0,1.0,136,3600,2200,1400,0.6111111111111112,50,22,28,190.17792872153635,0.41133464960058097,0.649755312854392,0.11755557977450523,1066883.3042859123,9779.53139933712,1076662.8356852494,707,0,386.6470588235294,76,60,47,36.86402015227716,0.6162280701754386,41.774891774891806,8263.203463203547,108.7263613579414,0
709,32,0,2,134,0.0,0.014705882352941176,0.9852941176470589,136,3450,2500,950,0.7246376811594203,44,25,19,189.45266843431367,0.4114674110384895,0.6485736234250641,0.11760696038702187,1068146.8572845845,9822.654478458264,1077969.5117630428,708,1,387.6470588235294,69,67,50,36.726984104129485,0.6212258454106281,41.622023809523824,8268.095238095271,119.82746721877204,0
710,32,0,1,133,0.0,0.007462686567164179,0.9925373134328358,134,3750,2600,1150,0.6933333333333334,49,26,23,189.79429441439504,0.4095546702577339,0.6434032050709129,0.11806401523600367,1068762.1315192783,10018.990929705411,1078781.1224489836,709,2,389.84328358208955,69,65,45,36.642340319361274,0.6219806763285024,41.54761904761906,8270.47619047622,119.86197377501767,0
711,32,0,0,133,0.0,0.0,1.0,133,3450,2400,1050,0.6956521739130435,45,24,21,190.99196332275332,0.4094848864585707,0.6429179493371666,0.11905645420904888,1069377.582908163,10798.504818594081,1080176.0877267572,710,3,389.8872180451128,69,64,50,36.53556044820508,0.6227355072463768,41.473214285714285,8272.857142857141,119.89648033126292,0
712,32,0,0,133,0.0,0.0,1.0,133,3300,2400,900,0.7272727272727273,42,24,18,191.5869552464683,0.4088583200425306,0.6439055531142635,0.11997649963993513,1070732.1995464836,11127.664399092882,1081859.8639455764,711,4,390.8872180451128,69,64,47,36.353351741064586,0.6243961352657005,41.3095238095238,8278.095238095224,119.97239475500325,0
713,32,1,1,133,0.007462686567164179,0.007462686567164179,0.9925373134328358,134,3300,2200,1100,0.6666666666666666,44,22,22,190.789515198945,0.40962480828938014,0.6450786538907334,0.11995397815893705,1071905.3896933973,10801.661927747718,1082707.051621145,712,0,388.96268656716416,70,64,49,36.229594150323095,0.625297619047619,41.167840375586835,8282.629107981176,118.32327297115967,0
714,32,0,0,133,0.0,0.0,1.0,133,3350,2200,1150,0.6567164179104478,45,22,23,189.82770758511097,0.40939232551074656,0.6410609414523631,0.11966701242165244,1072686.9567954754,10775.141192986572,1083462.097988462,713,1,389.203007518797,71,62,50,36.15835288968355,0.6257335680751174,41.073495370370345,8285.648148148097,116.69926969222672,0
715,32,0,0,133,0.0,0.0,1.0,133,4300,3100,1200,0.7209302325581395,55,31,24,188.61504317549486,0.4093377382851067,0.6388091186864115,0.11922787163028081,1073488.857147544,9595.229427859402,1083084.0865754033,714,2,390.203007518797,76,57,39,36.09116310649189,0.6243146929824561,40.97673160173161,8288.744588744603,109.06242879927109,0
716,32,1,0,134,0.007462686567164179,0.0,1.0,134,2850,1700,1150,0.5964912280701754,40,17,23,186.03429330433775,0.4104676336363296,0.6370429598041527,0.11811014435368439,1074765.2619772488,10338.639195997845,1085103.9011732466,715,0,388.2835820895522,78,56,43,36.001199803283114,0.625,40.822784810126585,8293.67088607596,106.32911392405079,0
717,32,1,0,135,0.007407407407407408,0.0,1.0,135,3250,2200,1050,0.676923076923077,43,22,21,194.2376088784083,0.4112470057121798,0.6554728503983143,0.12406898958090332,1076537.2514603112,11570.80431843697,1088108.0557787481,716,0,386.4,65,70,47,35.57087262955074,0.6338141025641026,40.60921717171718,8300.50505050506,127.70007770007786,8
718,32,0,1,134,0.0,0.007407407407407408,0.9925925925925926,135,3400,2200,1200,0.6470588235294118,46,22,24,195.57421135396717,0.4109222406486088,0.6566781054305046,0.1255135280257097,1077910.3982881776,11762.295211090286,1089672.6934992678,717,1,387.4,68,67,46,35.367591461641375,0.6337316176470589,40.443840579710155,8305.797101449296,122.14407502131317,0
719,32,0,0,134,0.0,0.0,1.0,134,3700,2800,900,0.7567567567567568,46,28,18,197.27293510433026,0.40968559458347364,0.6574612954546037,0.1272248732295793,1079330.7689446518,12084.549747624962,1091415.3186922767,718,2,391.2761194029851,70,64,45,35.14917433956582,0.634375,40.27288732394366,8311.267605633788,118.73239436619697,0
720,32,1,1,134,0.007407407407407408,0.007407407407407408,0.9925925925925926,135,4050,2700,1350,0.6666666666666666,54,27,27,193.01231957863712,0.4091141514648977,0.652622036094364,0.12523420566897775,1081084.7460636292,10682.534899764545,1091767.2809633936,719,0,389.3703703703704,73,62,48,35.04481208707896,0.6349885844748858,40.06193693693693,8318.018018018003,113.94545230161648,0
721,32,0,1,133,0.0,0.007462686567164179,0.9925373134328358,134,3650,2900,750,0.7945205479452054,44,29,15,195.09393683639536,0.4091618972805147,0.6542942130105645,0.12711652961720013,1082293.444444442,11779.777777777614,1094073.2222222195,720,1,391.4179104477612,74,60,45,34.842598526113406,0.6359797297297297,39.91666666666666,8322.666666666646,112.46846846846819,0
722,32,0,0,133,0.0,0.0,1.0,133,4500,3400,1100,0.7555555555555555,56,34,22,195.44802521337994,0.40823650034176345,0.6524102125570719,0.12797920725170153,1083717.0522478928,11262.071550383056,1094979.1237982758,721,2,391.3308270676692,76,57,46,34.659051529958056,0.6367872807017544,39.745670995670984,8328.138528138501,109.58077010708554,0
723,32,0,1,132,0.0,0.007518796992481203,0.9924812030075187,133,4200,3300,900,0.7857142857142857,51,33,18,213.76950077444872,0.40829820764031294,0.6827061308092579,0.13584706984698797,1075041.5512465332,15162.219144351904,1090203.7703908852,722,3,392.3308270676692,75,58,42,35.248343203609686,0.6266666666666667,40.78947368421051,8294.73684210523,110.59649122806974,8
724,32,1,2,131,0.007518796992481203,0.015037593984962405,0.9849624060150376,133,3600,2300,1300,0.6388888888888888,49,23,26,210.1654703795506,0.40961779448621555,0.6782428527083806,0.13430702754247276,1076676.4492458745,15056.042480468606,1091732.491726343,723,0,390.3609022556391,63,70,44,35.14059689630652,0.6352513227513228,40.59244791666666,8301.041666666648,131.76256613756584,0
725,32,0,0,131,0.0,0.0,1.0,131,3750,2500,1250,0.6666666666666666,50,25,25,209.51034332936786,0.40837737326286944,0.6727052248935999,0.13467118551874838,1078372.108872819,15236.022153351752,1093608.1310261707,724,1,393.1603053435114,65,66,42,34.94912304699375,0.6360576923076924,40.38825757575758,8307.575757575756,127.80885780885778,0
726,32,1,0,132,0.007575757575757576,0.0,1.0,132,3800,2600,1200,0.6842105263157895,50,26,24,208.4904635388493,0.40927644768293625,0.6737074835483061,0.13478081764788055,1080022.4661827676,14834.876921363262,1094857.3431041308,725,0,391.17424242424244,66,66,43,34.77287914148364,0.6374684343434344,40.18967661691542,8313.930348258706,125.96864164028342,0
727,32,1,0,133,0.007518796992481203,0.0,1.0,133,2800,1700,1100,0.6071428571428571,39,17,22,207.82387392103527,0.4103867623604465,0.674862545330795,0.13479952189190078,1080988.3217993074,15531.03613994615,1096519.3579392536,726,0,389.22556390977445,67,66,47,34.671636806537784,0.6380597014925373,40.0735294117647,8317.647058823524,124.14398595258992,0
728,32,0,0,133,0.0,0.0,1.0,133,3550,2200,1350,0.6197183098591549,49,22,27,208.99916291616287,0.41026097440571124,0.6768509255972552,0.13602459485884344,1081971.4604591837,15076.225907029533,1097047.6863662133,727,1,390.22556390977445,69,64,38,34.52044587505964,0.6381340579710144,39.955357142857146,8321.428571428572,120.60041407867496,0
729,32,0,1,132,0.0,0.007518796992481203,0.9924812030075187,133,4200,2800,1400,0.6666666666666666,56,28,28,210.5387232052153,0.4105054302422724,0.6798016692611089,0.1376885986271278,1083358.4606228953,14817.781414622494,1098176.2420375177,728,2,391.22556390977445,70,63,41,34.31027758983612,0.6392857142857142,39.78873239436621,8326.760563380305,118.95372233400435,0
730,32,1,1,132,0.007518796992481203,0.007518796992481203,0.9924812030075187,133,3850,2300,1550,0.5974025974025974,54,23,31,213.21789472074403,0.4096961152882206,0.6842317254680199,0.14034467468217857,1085211.7532995944,15827.313072949528,1101039.0663725438,729,0,392.203007518797,60,73,44,34.01334338731886,0.6477430555555556,39.566256830601105,8333.879781420792,138.8979963570132,0
731,32,1,0,133,0.007518796992481203,0.0,1.0,133,3850,2800,1050,0.7272727272727273,49,28,21,210.7080652561931,0.40948725981620715,0.6801499084894231,0.13949564185776522,1086861.4094300338,15352.092956524597,1102213.5023865583,730,0,393.0676691729323,62,71,42,33.876667935460674,0.648353494623656,39.36838624338627,8340.211640211692,134.51954258405954,0
732,32,0,0,133,0.0,0.0,1.0,133,3650,2800,850,0.7671232876712328,45,28,17,209.4148071055894,0.4092594174831017,0.6781671442368233,0.13922174437534307,1088055.4368760905,15320.983886719065,1103376.4207628095,731,1,394.0676691729323,63,70,44,33.76425123788124,0.6491402116402116,39.225260416666686,8344.791666666708,132.45701058201124,0
733,32,0,0,133,0.0,0.0,1.0,133,3700,2600,1100,0.7027027027027027,48,26,22,206.45376002304002,0.40893664084453557,0.6716737752316082,0.13510480217861784,1083545.0177796078,14440.388614966505,1097985.4063945743,732,2,395.0676691729323,73,60,42,34.393706839040036,0.6379851598173516,39.76632882882884,8327.477477477507,114.07503393804804,7
734,32,0,0,133,0.0,0.0,1.0,133,4250,2600,1650,0.611764705882353,59,26,33,207.17897270983246,0.4085023163970532,0.6731223593946951,0.13586819923014978,1084155.894121268,14072.860880270848,1098228.755001539,733,3,396.0676691729323,75,58,44,34.29996840775061,0.6377777777777778,39.69298245614035,8329.824561403508,111.0643274853801,0
735,32,0,0,133,0.0,0.0,1.0,133,4350,3200,1150,0.735632183908046,55,32,23,207.24610632502498,0.4084667160325055,0.6734632331096342,0.136593283452772,1085587.7484468191,14046.766787950713,1099634.5152347698,734,4,397.0676691729323,66,67,45,34.12282141578131,0.6442550505050505,39.52114427860696,8335.323383084566,126.29277853158433,0
736,32,0,0,133,0.0,0.0,1.0,133,3750,2300,1450,0.6133333333333333,52,23,29,204.33499369495507,0.40814868610921246,0.6689002847995689,0.1353351466609443,1086985.1176530658,14071.819432429833,1101056.9370854956,735,5,398.0676691729323,67,66,45,34.02763492996378,0.6453669154228856,39.353553921568626,8340.6862745098,124.48785484342986,0
737,32,0,0,133,0.0,0.0,1.0,133,3250,2100,1150,0.6461538461538462,44,21,23,221.58538746758046,0.4077333485228222,0.6931272053850495,0.14333019147214127,1080192.1251085037,18020.958116319263,1098213.083224823,736,6,399.0676691729323,63,70,39,34.41180155349536,0.6395502645502645,40.16927083333332,8314.583333333308,131.97751322751284,8
738,32,0,0,133,0.0,0.0,1.0,133,4300,3200,1100,0.7441860465116279,54,32,22,218.70917056604665,0.40769537480063794,0.68928147024517,0.14231644132093896,1081915.17447199,16424.954086317604,1098340.1285583077,737,7,400.0676691729323,65,68,38,34.274854333576116,0.6403846153846153,39.962121212121204,8321.2121212121,128.0186480186477,0
739,32,0,0,133,0.0,0.0,1.0,133,4400,3200,1200,0.7272727272727273,56,32,24,220.84611463669756,0.4074200653148021,0.6915289179142199,0.1441833022323785,1082868.0331241796,16829.439555951572,1099697.4726801312,738,8,401.0676691729323,66,67,39,34.10227295364448,0.6409406565656566,39.847636815920396,8324.875621890544,126.13447911955369,0
740,32,1,0,134,0.007462686567164179,0.0,1.0,134,3700,2400,1300,0.6486486486486487,50,24,26,216.500023156087,0.40849558597987506,0.6879385581381456,0.1421263754264821,1084449.4933390042,16456.66808390035,1100906.1614229046,739,0,399.06716417910445,69,65,42,34.02132752214921,0.6411533816425121,39.6577380952381,8330.952380952396,120.73844030365791,0
741,32,0,0,134,0.0,0.0,1.0,134,3600,2700,900,0.75,45,27,18,215.67999999999972,0.40834595817902963,0.6863283582089552,0.14189473684210535,1085069.444444447,16405.5555555557,1101475.0000000028,740,1,400.06716417910445,71,63,42,33.96666666666668,0.6408450704225352,39.58333333333334,8333.333333333354,117.37089201877963,0
742,32,0,0,134,0.0,0.0,1.0,134,3300,2300,1000,0.696969696969697,43,23,20,213.65219729959526,0.408148402723226,0.6840859155996664,0.14123987539604135,1086447.7478234111,16324.389714733747,1102772.1375381448,741,2,401.06716417910445,62,72,40,33.850597504230116,0.6478494623655914,39.417989417989425,8338.624338624353,134.49394094555407,0
743,32,1,0,135,0.007407407407407408,0.0,1.0,135,3400,2100,1300,0.6176470588235294,47,21,26,209.73029728991523,0.4084761378293717,0.6804362956950829,0.13909938599141125,1087376.44195557,15211.156887478512,1102587.5988430483,742,0,399.0888888888889,63,72,44,33.839111048677466,0.6483134920634921,39.306640625000014,8342.187500000027,132.41567460317503,0
744,32,0,0,135,0.0,0.0,1.0,135,3650,2900,750,0.7945205479452054,44,29,15,210.8968034650816,0.4086488852036116,0.6827169741526793,0.1400732500626292,1087783.8134765662,15232.025824652974,1103015.8393012192,743,1,400.0888888888889,63,72,43,33.75884311277571,0.6488095238095238,39.257812500000014,8343.75000000003,132.44047619047666,0
745,32,0,2,133,0.0,0.014814814814814815,0.9851851851851852,135,4050,2700,1350,0.6666666666666666,54,27,27,209.2629366210394,0.40843467845955406,0.6804720107602922,0.1393868587817451,1088598.7854003941,14510.67572699675,1103109.4611273909,744,2,401.0888888888889,63,72,42,33.70174508091019,0.6498015873015873,39.160156250000014,8346.875000000027,132.4900793650798,0
746,32,0,0,133,0.0,0.0,1.0,133,3700,2500,1200,0.6756756756756757,49,25,24,210.07884430739304,0.40697150072150073,0.6773820779493644,0.1403326679973389,1089414.0625000035,15472.569444444656,1104886.6319444482,745,3,407.7894736842105,65,68,46,33.58075515635396,0.6495192307692308,39.062500000000014,8350.000000000027,128.46153846153888,0
747,32,0,0,133,0.0,0.0,1.0,133,3550,1900,1650,0.5352112676056338,52,19,33,209.17991378226267,0.4063568010936432,0.6751389878256648,0.14034192138016527,1090647.6982314796,15478.318296576828,1106126.0165280565,746,4,408.7894736842105,66,67,41,33.45342305325632,0.6504103535353536,38.914800995024876,8354.726368159205,126.58676315392735,0
748,32,1,1,133,0.007462686567164179,0.007462686567164179,0.9925373134328358,134,3750,2800,950,0.7466666666666667,47,28,19,207.7021877208799,0.4066848557962069,0.675639886582468,0.1399697468499057,1091900.5987811782,14808.028628117863,1106708.627409296,747,0,406.7313432835821,69,65,43,33.33897037880947,0.6502113526570048,38.76488095238095,8359.523809523804,121.15251897860585,0
749,32,0,0,133,0.0,0.0,1.0,133,4550,3300,1250,0.7252747252747253,58,33,25,207.42407363788266,0.40565191387559807,0.6731946516128231,0.14024789053697614,1092837.9290123482,14186.179012345807,1107024.108024694,748,1,410.4887218045113,74,59,44,33.23180723104997,0.6487894144144144,38.652777777777786,8363.11111111113,113.01501501501527,0
750,32,0,0,133,0.0,0.0,1.0,133,3800,2800,1000,0.7368421052631579,48,28,20,208.47463270960222,0.4056827675248728,0.6750652442315226,0.14119717237461074,1093314.6662590657,15185.674696876002,1108500.3409559417,749,2,411.4887218045113,76,57,44,33.14616432921043,0.6484375,38.59577922077922,8364.935064935065,110.06493506493507,0
751,32,0,0,133,0.0,0.0,1.0,133,3600,2200,1400,0.6111111111111112,50,22,28,209.47559935816747,0.4056234335839599,0.6771023813469299,0.14217482567863737,1093907.9346239425,15629.404049601002,1109537.3386735434,750,3,412.4887218045113,61,72,45,33.04759954164795,0.6576161202185793,38.52486559139784,8367.20430107525,137.16728362418442,0
752,32,0,1,132,0.0,0.007518796992481203,0.9924812030075187,133,3950,3000,950,0.759493670886076,49,30,19,211.63395270495954,0.40508705475810736,0.6791128624098499,0.14426650363780824,1095129.5471191409,15803.31895616322,1110932.866075304,751,4,413.4887218045113,63,70,44,32.84211563186928,0.6577380952380952,38.37890625,8371.875000000002,132.8869047619048,0
753,32,0,0,132,0.0,0.0,1.0,132,3900,2900,1000,0.7435897435897436,49,29,20,210.68958966328682,0.4051150821188989,0.6750702541771989,0.14368079535684344,1095242.7514792932,15851.24917817245,1111094.0006574658,752,5,413.8181818181818,64,68,45,32.85301563967494,0.6572265625,38.36538461538463,8372.307692307719,130.8173076923081,0
754,32,0,0,132,0.0,0.0,1.0,132,3100,1900,1200,0.6129032258064516,43,19,24,214.26386517390938,0.4048018351453466,0.6779873042892344,0.14682315380200955,1096588.827013651,17491.872116493763,1114080.6991301447,753,6,414.8181818181818,67,65,42,32.595328652233256,0.6570273631840796,38.204656862745104,8377.450980392174,125.03658179689812,0
755,32,0,1,131,0.0,0.007575757575757576,0.9924242424242424,132,4350,3000,1350,0.6896551724137931,57,30,27,228.54280331082128,0.40474641452694887,0.6872652353291331,0.1482014752362556,1080916.5399281424,18657.139236042094,1099573.6791641845,754,7,415.8181818181818,70,62,42,34.14192443742004,0.6363095238095238,40.08215962441314,8317.37089201876,118.81958417169658,8
756,32,0,0,131,0.0,0.0,1.0,131,4600,3500,1100,0.7608695652173914,57,35,22,228.3845291463099,0.4044773928361715,0.6866359447004629,0.1488910299455976,1082454.9634077612,18643.19342799315,1101098.1568357544,755,8,416.9389312977099,72,59,39,33.95691609977325,0.6371527777777778,39.89726027397258,8323.287671232816,115.60121765601133,0
757,32,0,0,131,0.0,0.0,1.0,131,3700,3000,700,0.8108108108108109,44,30,14,228.31350860679808,0.4043770796633392,0.6873647771527496,0.14947096838252322,1083662.2433243976,19582.94578362099,1103245.1891080185,756,9,417.9389312977099,73,58,41,33.81044461272177,0.6381278538812785,39.75225225225223,8327.927927927867,114.08120449216257,0
758,32,1,1,131,0.007575757575757576,0.007575757575757576,0.9924242424242424,132,3900,3200,700,0.8205128205128205,46,32,14,247.26311164489073,0.4053548365332717,0.7153217164775325,0.1631365772872271,1085883.399115671,23399.781629774465,1109283.1807454454,757,0,415.7651515151515,63,69,36,33.04411887208964,0.6464947089947091,39.48567708333334,8336.458333333354,132.32473544973578,8
759,32,0,0,131,0.0,0.0,1.0,131,4650,3700,950,0.7956989247311828,56,37,19,244.5479177433695,0.4041837933059307,0.7101250545138897,0.1617158881832022,1086538.9587442505,22292.167981591192,1108831.1267258418,758,1,419.6793893129771,64,67,40,33.03430498329336,0.6466471354166667,39.40705128205129,8338.974358974383,130.29647435897473,0
760,32,0,1,130,0.0,0.007633587786259542,0.9923664122137404,131,3500,2600,900,0.7428571428571429,44,26,18,242.48075043430592,0.4042131532589548,0.7067050652642615,0.16083533319946358,1087402.7870597255,23034.848766119583,1110437.6358258452,759,2,420.6793893129771,66,65,38,32.982093869274784,0.6464646464646464,39.30348258706467,8342.288557213924,126.39831147293825,0
761,32,0,0,130,0.0,0.0,1.0,130,3950,3000,950,0.759493670886076,49,30,19,240.23497563658492,0.40411697475650965,0.7021647603042953,0.16004386405085175,1088646.7344290665,22356.204344482907,1111002.9387735494,760,3,419.0923076923077,67,63,38,32.88798841124422,0.6473880597014925,39.154411764705884,8347.058823529416,124.58296751536442,0
762,32,0,0,130,0.0,0.0,1.0,130,3400,2500,900,0.7352941176470589,43,25,18,244.10823623578395,0.40367595905386605,0.7071503414387406,0.16291737772601383,1089158.2564398309,23774.500192233754,1112932.7566320647,761,4,420.0923076923077,67,63,40,32.72418584625018,0.6480099502487562,39.09313725490196,8349.019607843138,124.61223295288266,0
763,32,0,0,130,0.0,0.0,1.0,130,3300,2200,1100,0.6666666666666666,44,22,22,242.8343587267345,0.4038126118067979,0.7069936634592815,0.16294759095033332,1090693.543348713,23671.573433294976,1114365.116782008,762,5,421.0923076923077,67,63,32,32.56913478839083,0.6498756218905473,38.9093137254902,8354.901960784322,124.70002926543764,0
764,32,1,0,131,0.007633587786259542,0.0,1.0,131,3500,2200,1300,0.6285714285714286,48,22,26,242.59750751421592,0.40463887257780384,0.7107044020385636,0.16361623012630644,1092125.9685173528,23289.407570771855,1115415.3760881247,763,0,418.8702290076336,68,63,34,32.39976982934626,0.6510416666666667,38.73792270531401,8360.38647342996,122.94685990338178,0
765,32,0,1,130,0.0,0.007633587786259542,0.9923664122137404,131,2900,2000,900,0.6896551724137931,38,20,18,244.89273922673766,0.4048248189469563,0.714443311417521,0.16554296714010647,1092771.5561224485,24422.363945578185,1117193.9200680268,764,1,419.8702290076336,69,62,34,32.26070493110125,0.651268115942029,38.660714285714285,8362.85714285714,121.20082815734985,0
766,32,0,0,130,0.0,0.0,1.0,130,2900,2000,900,0.6896551724137931,38,20,18,243.78130703466306,0.40310698668256806,0.7111824307816672,0.16522743224732953,1093514.7589500365,24415.69143970701,1117930.4503897435,765,2,424.04615384615386,68,62,34,32.19873053454216,0.6527267156862745,38.57185990338165,8365.700483091809,123.0250071042913,0
767,32,0,1,129,0.0,0.007692307692307693,0.9923076923076923,130,3400,2100,1300,0.6176470588235294,47,21,26,240.02083018996598,0.40302251043530113,0.7061349190822184,0.15158880000081318,1073229.9814073953,22119.510224433147,1095349.4916318285,766,3,425.04615384615386,67,63,35,34.79161737741763,0.6285758706467661,41.007965686274524,8287.745098039246,123.69768803043651,8
768,32,1,0,130,0.007692307692307693,0.0,1.0,130,3700,2300,1400,0.6216216216216216,51,23,28,238.059615923749,0.4033045120254422,0.7030433534309506,0.1510312645286735,1074554.3686224488,21461.600056689313,1096015.968679138,767,0,425.26153846153846,69,61,38,34.67885682840463,0.6290760869565217,40.848214285714285,8292.857142857141,120.18633540372669,0
769,32,1,0,131,0.007633587786259542,0.0,1.0,131,4150,3200,950,0.7710843373493976,51,32,19,240.1770277131003,0.4043990996281073,0.7077888147178133,0.15315450806678488,1076046.0370852624,21338.307773919747,1097384.3448591821,768,0,423.00763358778624,71,60,39,34.43985355648537,0.6298415492957746,40.66840277777778,8298.611111111111,116.88184663536776,0
770,32,0,2,129,0.0,0.015267175572519083,0.9847328244274809,131,4100,3300,800,0.8048780487804879,49,33,16,236.96009715727092,0.40478567234292423,0.7019604219761526,0.15176708053613905,1077323.4276158041,20756.532815529008,1098079.9604313332,769,1,424.00763358778624,65,66,39,34.36574975163717,0.6347756410256411,40.5145202020202,8303.535353535352,127.74669774669772,0
771,32,0,0,129,0.0,0.0,1.0,129,3500,2600,900,0.7428571428571429,44,26,18,234.913077284295,0.4038931282299742,0.6942697696707638,0.1507163302146049,1077826.1831390308,21339.09309175516,1099165.276230786,770,2,430.6821705426357,66,63,38,34.35690467633083,0.6347853535353536,40.45398009950249,8305.472636815917,125.84049449721087,0
772,32,0,0,129,0.0,0.0,1.0,129,3750,2600,1150,0.6933333333333334,49,26,23,235.55614833261905,0.4040016351744186,0.6955268281676956,0.15139786623780072,1078342.7545110239,21252.053167000606,1099594.8076780245,771,3,431.6821705426357,66,63,38,34.2765600670739,0.6354166666666667,40.391791044776106,8307.46268656714,125.87064676616879,0
773,32,0,0,129,0.0,0.0,1.0,129,3700,2700,1000,0.7297297297297297,47,27,20,233.69418813249865,0.4040722908591731,0.6926781824358976,0.1507997062422464,1079496.2620464852,20954.400510204097,1100450.6625566892,772,4,432.6821705426357,69,60,38,34.18283920557624,0.6351147342995169,40.25297619047619,8311.904761904761,120.46238785369219,0
774,32,0,0,129,0.0,0.0,1.0,129,3950,3100,850,0.7848101265822784,48,31,17,232.85204235457124,0.40401172884366926,0.6896316642892217,0.15102598530477346,1080974.1646304866,20591.408393347065,1101565.5730238338,773,5,433.6821705426357,71,58,39,34.02283016067389,0.635856807511737,40.07523148148148,8317.59259259259,117.14919144496605,0
775,32,0,0,129,0.0,0.0,1.0,129,3550,2300,1250,0.647887323943662,48,23,25,233.92120005824137,0.40380480862403095,0.6900756643873762,0.15208583197028464,1081670.2714116168,21255.12159118592,1102925.3930028027,774,6,434.6821705426357,73,56,34,33.90940528395866,0.6357020547945205,39.99155405405406,8320.27027027029,113.97630507219576,0
776,32,0,0,129,0.0,0.0,1.0,129,3200,2100,1100,0.65625,43,21,22,234.37154476115492,0.4035297561369509,0.6917514010537265,0.15293736395431315,1082724.6165084017,21751.968184400743,1104476.5846928025,775,7,435.6821705426357,73,56,35,33.76803751803753,0.636986301369863,39.86486486486487,8324.324324324336,114.03184005923748,0
777,32,0,0,129,0.0,0.0,1.0,129,3650,2800,850,0.7671232876712328,45,28,17,229.44782766881224,0.4034162023578811,0.6871989025293712,0.14036858066717983,1063797.248985172,19367.193571941192,1083164.4425571132,776,8,436.6821705426357,66,63,43,36.232288212239965,0.6175820707070707,42.148631840796014,8251.243781094516,125.01884516809872,8
778,32,3,2,130,0.022727272727272728,0.015151515151515152,0.9848484848484849,132,3500,2500,1000,0.7142857142857143,45,25,20,225.22197434462348,0.40708853805227846,0.687428737758395,0.1388421659642362,1066080.4872269605,18120.950428706787,1084201.4376556673,777,0,427.7348484848485,70,62,38,36.058457428668866,0.6181547619047619,41.87206572769953,8260.09389671361,118.00134138162299,0
779,32,0,0,130,0.0,0.0,1.0,130,4150,3100,1050,0.7469879518072289,52,31,21,227.30162448137872,0.40482011528523154,0.6886168010459812,0.1315368417080759,1046914.5137576085,17443.073934047185,1064357.5876916556,778,1,435.31538461538463,68,62,42,38.38858888101983,0.5955882352941176,44.20289855072462,8185.507246376768,120.37510656436424,8
780,32,0,1,129,0.0,0.007692307692307693,0.9923076923076923,130,3600,2500,1100,0.6944444444444444,47,25,22,209.88498480761132,0.4050698171337706,0.6588976087319507,0.12488941346166009,1055442.716943286,14704.315722189045,1070147.032665475,779,2,436.31538461538463,70,60,45,37.77252561026693,0.6050595238095238,43.1631455399061,8218.779342722994,117.41113346747133,8
781,32,0,0,129,0.0,0.0,1.0,129,4150,2900,1250,0.6987951807228916,54,29,25,208.53619562094784,0.40465267684108525,0.6544350563736223,0.12456147087687026,1056600.9394351628,14117.908039865557,1070718.8474750284,780,3,438.07751937984494,72,57,40,37.66334425379902,0.60546875,43.02226027397259,8223.287671232853,114.21232876712295,0
782,32,3,0,132,0.022727272727272728,0.0,1.0,132,3600,2800,800,0.7777777777777778,44,28,16,206.8900684590323,0.4072885341969312,0.6608942380652558,0.1245454324880059,1058958.3453562597,13817.592913203829,1072775.9382694636,781,0,429.0984848484849,75,57,44,37.41320369383767,0.6069444444444445,42.735745614035075,8232.456140350847,109.76608187134462,0
783,32,2,0,134,0.014925373134328358,0.0,1.0,134,4200,3000,1200,0.7142857142857143,54,30,24,201.72644995876382,0.40934659409718327,0.6572320969683576,0.12242220883191801,1061390.5328798245,11822.108843537746,1073212.6417233623,782,0,423.67910447761193,69,65,47,37.2448193513597,0.6129227053140096,42.44047619047621,8241.904761904809,119.44789510006969,0
784,32,0,0,134,0.0,0.0,1.0,134,3500,2400,1100,0.6857142857142857,46,24,22,202.0836814611923,0.4093875079489769,0.65697791366617,0.12290663249524986,1062044.7530864212,12624.382716049427,1074669.1358024706,783,1,424.67910447761193,71,63,43,37.15464959568731,0.6126760563380282,42.361111111111114,8244.444444444454,116.11893583724584,0
785,32,1,0,135,0.007407407407407408,0.0,1.0,135,3500,2400,1100,0.6857142857142857,46,24,22,202.55076012651722,0.410473097475585,0.6570594837261496,0.12378102007731642,1063476.5625000026,12581.597222222368,1076058.159722225,784,0,422.52592592592595,75,60,45,36.96548821548818,0.6125,42.18750000000001,8250.00000000002,110.00000000000027,0
786,32,1,0,136,0.007352941176470588,0.0,1.0,136,3500,2600,900,0.7428571428571429,44,26,18,202.7274609747435,0.4119133533042847,0.6602065101041723,0.12442259264008347,1064760.431893146,12471.235780813826,1077231.6676739596,785,0,420.4117647058824,76,60,42,36.802205149719455,0.6136239035087719,42.03192640692642,8254.978354978377,108.61813624971549,0
787,32,0,0,136,0.0,0.0,1.0,136,4250,2900,1350,0.6823529411764706,56,29,27,207.80663940501165,0.4121107933914307,0.6671366156274858,0.12797078975367432,1065765.739491394,12844.639343340948,1078610.378834735,786,1,421.4117647058824,76,60,43,36.54689520215261,0.6148574561403508,41.91017316017318,8258.874458874501,108.6694007746645,0
788,32,1,0,137,0.0072992700729927005,0.0,1.0,137,3600,2400,1200,0.6666666666666666,48,24,24,205.91205572642917,0.41336813009875484,0.6672145591813354,0.12729108899452043,1066905.944560172,12937.759262226798,1079843.7038223988,787,0,419.3284671532847,78,59,45,36.454929193899794,0.6153846153846154,41.772151898734194,8263.29113924055,105.93962999026346,0
789,32,1,0,138,0.007246376811594203,0.0,1.0,138,3550,2400,1150,0.676056338028169,47,24,23,203.23520097154838,0.41445506717444197,0.6631677864543404,0.1265668642648541,1069093.769424086,12305.497417267003,1081399.266841353,788,0,417.2826086956522,71,67,46,36.2540460998862,0.6213321596244131,41.50752314814816,8271.759259259285,116.50365153886317,0
790,32,1,0,139,0.007194244604316547,0.0,1.0,139,4100,2800,1300,0.6829268292682927,54,28,26,201.4488032311733,0.4152612692454732,0.6604012972582143,0.12621550143918903,1070880.027777786,11245.500000000386,1082125.5277777864,789,0,415.27338129496405,74,65,45,36.080018253073504,0.6220439189189189,41.29166666666669,8278.66666666673,111.87387387387473,0
791,32,0,0,139,0.0,0.0,1.0,139,3700,2600,1100,0.7027027027027027,48,26,22,203.82320116425177,0.4153590171341188,0.6635824813020299,0.12800261905269691,1071570.0277777822,12182.166666666908,1083752.1944444492,790,1,416.27338129496405,74,65,44,35.933558739870165,0.6228885135135135,41.20833333333335,8281.333333333369,111.90990990991038,0
792,32,0,0,139,0.0,0.0,1.0,139,3750,2800,950,0.7466666666666667,47,28,19,202.1716068035794,0.4151874152851632,0.6606419520285947,0.12731023492596655,1072367.8371141911,11810.46574277136,1084178.3028569624,791,2,417.27338129496405,76,63,49,35.878032955357,0.6229440789473684,41.11201298701301,8284.415584415638,109.00546821599524,0
793,32,0,0,139,0.0,0.0,1.0,139,4250,3000,1250,0.7058823529411765,55,30,25,200.65925104548887,0.415057084766969,0.6584065805632939,0.12657068567898672,1072862.1635072022,11005.943640879843,1083868.107148082,792,3,418.27338129496405,77,62,45,35.85632628502664,0.6231060606060606,41.05235042735045,8286.324786324838,107.61460761460829,0
794,32,0,1,138,0.0,0.007194244604316547,0.9928057553956835,139,4300,3000,1300,0.6976744186046512,56,30,26,199.36177167779823,0.4147225697702707,0.656942512920971,0.12639371195157373,1074353.843858517,10737.017144097706,1085090.8610026147,793,4,419.27338129496405,79,60,39,35.70638200760434,0.6240770042194093,40.872395833333364,8292.083333333412,104.96308016877737,0
795,32,0,0,138,0.0,0.0,1.0,138,4150,2900,1250,0.6987951807228916,54,29,25,209.65646258503375,0.4139713142212349,0.6822049689440981,0.1265168308702791,1059688.58131488,12684.111880046139,1072372.693194926,794,5,423.1231884057971,67,71,44,37.251488095238095,0.6119402985074627,42.64705882352941,8235.294117647067,122.9148375768219,8
796,32,1,0,139,0.007194244604316547,0.0,1.0,139,4150,3300,850,0.7951807228915663,50,33,17,205.04352903615813,0.4147312584714837,0.6763777873362642,0.12430032141469734,1061064.6182575407,11562.886772585938,1072627.5050301268,795,0,421.0719424460432,72,67,43,37.19974233944699,0.6109664351851851,42.48002283105022,8240.639269406378,114.4533231861997,0
797,32,0,2,137,0.0,0.014388489208633094,0.9856115107913669,139,4250,2900,1350,0.6823529411764706,56,29,27,206.44192994796458,0.4149940916831752,0.6796152065564851,0.12571942680064702,1062431.6334916025,11816.087371155083,1074247.7208627576,796,1,422.0719424460432,73,66,44,36.99447357879023,0.6121575342465753,42.3141891891892,8245.945945945969,112.95816364309546,0
798,32,1,0,138,0.007246376811594203,0.0,1.0,138,4750,3500,1250,0.7368421052631579,60,35,25,205.1644549442227,0.4147426742832963,0.6762884312448956,0.12554658109737815,1063877.6419753125,11303.97530864215,1075181.6172839548,797,0,425.4347826086956,74,64,44,36.848495457646585,0.6134572072072072,42.1388888888889,8251.555555555586,111.50750750750791,0
799,32,0,0,138,0.0,0.0,1.0,138,3750,2300,1450,0.6133333333333333,52,23,29,203.7798574451561,0.41486278606438876,0.6737285875565582,0.12505486609338287,1064727.9193149281,12044.020723174912,1076771.9400381031,798,1,426.4347826086956,78,60,40,36.77907551284673,0.6127136752136753,42.035864978902964,8254.852320675132,105.83144000865555,0
800,32,0,1,137,0.0,0.007246376811594203,0.9927536231884058,138,3650,2600,1050,0.7123287671232876,47,26,21,209.36286019715442,0.41433385345040374,0.6842170439866009,0.12901817522312217,1065971.2722696417,13384.958890074406,1079356.2311597161,799,2,427.4347826086956,80,58,42,36.48132463089365,0.6134114583333333,41.885288065843625,8259.670781893014,103.24588477366267,0
801,32,0,0,137,0.0,0.0,1.0,137,3400,2400,1000,0.7058823529411765,44,24,20,213.35044641126208,0.413415092314298,0.6861590204615879,0.13166339415020284,1066396.194791617,14703.220842012657,1081099.4156336298,800,3,431.5255474452555,80,57,42,36.3258613532586,0.6139322916666667,41.83384773662552,8261.31687242801,103.26646090535012,0
802,32,1,0,138,0.007246376811594203,0.0,1.0,138,3550,2500,1050,0.704225352112676,46,25,21,212.66909469302763,0.4135691050460171,0.6873539036933134,0.1318548387096774,1067777.7777777798,14266.666666666748,1082044.4444444466,801,0,429.39130434782606,85,53,45,36.17271505376343,0.6137254901960785,41.66666666666667,8266.666666666682,97.2549019607845,0
803,32,2,1,139,0.014285714285714285,0.007142857142857143,0.9928571428571429,140,3050,1900,1150,0.6229508196721312,42,19,23,204.70086262270507,0.41491092840013705,0.679365574580844,0.12801246921517132,1070326.2449304627,12769.341124997407,1083095.5860554602,802,0,424.24285714285713,70,70,46,36.06415565261786,0.6233630952380953,41.35856807511738,8276.525821596271,118.23608316566101,0
804,32,0,0,139,0.0,0.0,1.0,139,4150,3100,1050,0.7469879518072289,52,31,21,203.93103819156136,0.4139471031870156,0.6761277321046297,0.128170485554798,1071800.0771604986,11764.66049382742,1083564.737654326,803,1,428.15107913669067,74,65,45,35.90242375458367,0.623170045045045,41.18055555555557,8282.222222222259,111.92192192192242,0
805,32,1,0,140,0.007142857142857143,0.0,1.0,140,4200,2800,1400,0.6666666666666666,56,28,28,200.72831191359154,0.4141786570743405,0.6737990777633525,0.12683644422104404,1073376.7287906928,10891.419763497872,1084268.1485541905,804,0,426.0857142857143,76,64,40,35.7912009471082,0.6241776315789473,40.99025974025975,8288.311688311713,109.05673274094359,0
806,32,0,0,140,0.0,0.0,1.0,140,3650,2400,1250,0.6575342465753424,49,24,25,199.10283668891327,0.41431247858855774,0.6710007487805032,0.12617123004752834,1074218.5441480232,11125.991872741459,1085344.5360207646,805,1,427.0857142857143,78,62,40,35.729733855783394,0.6243322649572649,40.88871308016879,8291.561181434643,106.30206642864927,0
807,32,0,0,140,0.0,0.0,1.0,140,3100,2000,1100,0.6451612903225806,42,20,22,202.0063332801137,0.4136080421377184,0.6763814891308133,0.1283693313790329,1075036.005457241,12332.81632130382,1087368.821778545,806,2,428.0857142857143,81,59,40,35.553938985542764,0.6240997942386831,40.790142276422785,8294.715447154524,102.4038944093151,0
808,32,0,0,140,0.0,0.0,1.0,140,4150,3100,1050,0.7469879518072289,52,31,21,205.49847627474475,0.4131498372730387,0.6837192904840235,0.1311560071245799,1076302.0858534602,12085.687730843381,1088387.7735843037,807,3,429.0857142857143,82,58,43,35.30769137714121,0.6252540650406504,40.63755020080323,8299.598393574346,101.2146145557847,0
809,32,0,0,140,0.0,0.0,1.0,140,3400,2200,1200,0.6470588235294118,46,22,24,203.13362307068817,0.41329008221993835,0.6798629212535339,0.12986288813522445,1076787.7176146165,12346.35807141468,1089134.0756860313,808,4,430.0857142857143,67,73,43,35.30933225076276,0.632929104477612,40.57904411764705,8301.470588235272,123.90254609306376,0
810,32,0,0,140,0.0,0.0,1.0,140,4300,2900,1400,0.6744186046511628,57,29,28,203.58763271718104,0.413430327166838,0.68027491988531,0.13043776468339785,1077423.647154938,11570.025951556932,1088993.6731064948,809,5,431.0857142857143,67,73,39,35.21940181031089,0.6337064676616915,40.50245098039215,8303.921568627433,123.93912788996168,0
811,32,0,0,140,0.0,0.0,1.0,140,3650,2500,1150,0.684931506849315,48,25,23,198.92744633141544,0.4135919835560123,0.6719721843637727,0.12813594727381075,1078978.1673565418,11277.674295917355,1090255.8416524592,810,6,432.0857142857143,73,67,46,35.149474197745,0.6324200913242009,40.3153153153153,8309.909909909878,113.83438232753258,0
812,32,0,0,140,0.0,0.0,1.0,140,3800,2700,1100,0.7105263157894737,49,27,22,197.77238291918457,0.41347529119561494,0.6690544717655804,0.12796997853204334,1080289.2862197661,10930.277275549222,1091219.5634953154,811,7,433.0857142857143,77,63,45,35.01862011957992,0.6321699134199135,40.15758547008544,8314.957264957196,107.9864579864571,0
813,32,2,2,140,0.014084507042253521,0.014084507042253521,0.9859154929577465,142,4000,3200,800,0.8,48,32,16,193.4966967041512,0.4143130056937369,0.6677287958331348,0.1259020146705006,1081895.9552019218,9468.658701830549,1091364.6139037523,812,0,427.9718309859155,81,61,39,34.93282852955544,0.6324588477366255,39.96443089430892,8321.13821138205,102.73010137508703,0
814,32,0,0,140,0.0,0.0,1.0,140,4400,3400,1000,0.7727272727272727,54,34,20,191.12050970509947,0.4140780232956492,0.6585251259703133,0.1248352519804781,1083003.6296926094,8996.841143864563,1092000.470836474,813,1,428.79285714285714,83,57,42,34.85899269145214,0.6330321285140562,39.83134920634918,8325.39682539676,100.30598584815372,0
815,32,0,3,137,0.0,0.02142857142857143,0.9785714285714285,140,4250,3300,950,0.7764705882352941,52,33,19,189.92414812472396,0.4140576824254882,0.6573738645255707,0.12472497622391404,1084552.8062208544,8946.553563554357,1093499.3597844087,814,2,429.79285714285714,83,57,46,34.700573549257726,0.6349146586345382,39.64533730158726,8331.3492063491,100.37770128131444,0
816,32,0,0,137,0.0,0.0,1.0,137,3400,2600,800,0.7647058823529411,42,26,16,195.95240382317195,0.4128895627594103,0.6604982694218839,0.1290861711783578,1085446.8927221186,11739.185570258414,1097186.078292377,815,3,435.5109489051095,68,69,46,34.43422882976873,0.6429227941176471,39.538043478260875,8334.782608695663,122.57033248081858,0
817,32,0,0,137,0.0,0.0,1.0,137,3400,2600,800,0.7647058823529411,42,26,16,200.96815686379543,0.41286943609560617,0.6679598761043484,0.12783031161756975,1075312.118895653,12420.698917552343,1087732.8178132053,816,4,436.5109489051095,78,59,42,35.546894868012835,0.6256677350427351,40.756856540084385,8295.780590717291,106.35616141945245,8
818,32,1,2,136,0.007246376811594203,0.014492753623188406,0.9855072463768116,138,3900,2900,1000,0.7435897435897436,49,29,20,197.0943291756829,0.4143151204203251,0.6640589295525852,0.12594699510418922,1076660.5542339482,10940.737937331782,1087601.29217128,817,0,434.34057971014494,67,71,45,35.481624739183495,0.632773631840796,40.59436274509804,8300.98039215686,123.89522973368447,0
819,32,0,0,136,0.0,0.0,1.0,136,3950,2700,1250,0.6835443037974683,52,27,25,197.46448678508375,0.41370846949891066,0.6601864712827281,0.12651469009604066,1077423.6471549396,11400.581507112605,1088824.2286620522,818,1,438.4779411764706,67,69,46,35.37829594647778,0.6337064676616915,40.502450980392155,8303.921568627444,123.93912788996185,0
820,32,1,0,137,0.0072992700729927005,0.0,1.0,137,3550,2300,1250,0.647887323943662,48,23,25,195.08238373392115,0.4146204558465722,0.6582869396676159,0.12565350043997056,1078964.9871057286,11147.412330004838,1090112.3994357334,819,0,436.2700729927007,70,67,48,35.25094161958566,0.6339285714285714,40.31690140845069,8309.859154929543,118.71227364185062,0
821,32,0,0,137,0.0,0.0,1.0,137,4200,3300,900,0.7857142857142857,51,33,18,192.02626033346496,0.4139585122370116,0.6528496802911907,0.12431873117090375,1080444.753086417,9894.753086419561,1090339.5061728365,820,1,437.2700729927007,74,63,45,35.14887315161233,0.6337274774774775,40.13888888888888,8315.555555555533,112.37237237237207,0
822,32,0,0,137,0.0,0.0,1.0,137,3850,2700,1150,0.7012987012987013,50,27,23,190.95951876823102,0.41374382782310004,0.6505203374246069,0.1241140003789859,1081577.48929461,10057.50337324984,1091634.99266786,821,2,438.2700729927007,76,61,49,35.03780980626808,0.6341831140350878,40.00270562770561,8319.913419913373,109.47254499886017,0
823,32,0,0,137,0.0,0.0,1.0,137,3450,2200,1250,0.6376811594202898,47,22,25,191.91134002538726,0.4136141226563618,0.6534401904300813,0.12518583660463742,1082622.4637482592,10703.505551902685,1093325.9693001618,822,3,439.2700729927007,77,60,45,34.88508402642299,0.6350108225108225,39.877136752136735,8323.931623931578,108.1030081030075,0
824,32,0,0,137,0.0,0.0,1.0,137,3750,2500,1250,0.6666666666666666,50,25,25,189.72410894747094,0.4135537426649492,0.6496150648413086,0.12415102832185904,1083531.6633730293,9964.415869963612,1093496.079242993,823,4,440.2700729927007,78,59,46,34.83070277665182,0.6356837606837606,39.76793248945146,8327.426160337509,106.76187385048088,0
825,32,0,3,134,0.0,0.021897810218978103,0.9781021897810219,137,4400,3200,1200,0.7272727272727273,56,32,24,193.30372607087074,0.4128582546157149,0.6563220980939701,0.12693590445360883,1084533.6738344377,10128.880040305266,1094662.553874743,824,5,441.2700729927007,80,57,46,34.61492549600721,0.6360677083333333,39.64763374485595,8331.275720164573,104.14094650205716,0
826,32,0,1,133,0.0,0.007462686567164179,0.9925373134328358,134,3450,2000,1450,0.5797101449275363,49,20,29,198.28690683125652,0.41027007818052597,0.6581390905046691,0.13025443459256902,1084635.460069443,12763.802083333285,1097399.2621527764,825,8,445.8955223880597,79,55,46,34.47272787890912,0.6366033755274262,39.635416666666664,8331.666666666657,105.46413502109692,0
827,32,0,1,132,0.0,0.007518796992481203,0.9924812030075187,133,3750,2400,1350,0.64,51,24,27,196.02629162536425,0.4100592390066074,0.6511691354516587,0.12907807569163365,1085321.0693365133,12200.292888982609,1097521.362225496,826,9,447.54887218045116,68,65,48,34.447696885385255,0.6427696078431373,39.55314009661838,8334.29951690826,122.56322818982736,0
828,32,0,0,132,0.0,0.0,1.0,132,3650,2400,1250,0.6575342465753424,49,24,25,193.5679814833521,0.40979210039324543,0.6437005455978544,0.12800277316110636,1086537.0765280323,12013.757742070997,1098550.8342701034,827,10,446.1136363636364,70,62,48,34.36303625717826,0.643154761904762,39.40727699530519,8338.967136150286,119.12810194500409,0
829,32,0,0,132,0.0,0.0,1.0,132,3400,2200,1200,0.6470588235294118,46,22,24,191.9368527932771,0.4097957147814018,0.6397518221419274,0.12721140443900958,1087181.9581405804,11934.05669182736,1099116.0148324077,828,11,447.1136363636364,73,59,49,34.32673614861217,0.6424086757990868,39.32995495495498,8341.441441441499,114.26632111563697,0
830,32,2,0,134,0.014925373134328358,0.0,1.0,134,4350,3200,1150,0.735632183908046,55,32,23,186.0733211852065,0.41209016010174687,0.6348569815138692,0.12389696648546172,1088498.6846914494,9358.11307325358,1097856.797764703,829,0,441.42537313432837,75,59,50,34.31883867577506,0.6430555555555555,39.172149122807035,8346.491228070221,111.28654970760294,0
831,32,1,0,135,0.007407407407407408,0.0,1.0,135,3350,2400,950,0.7164179104477612,43,24,19,183.1882563890863,0.41333609729132115,0.6318607216365875,0.12251419939615155,1089748.6234385346,9575.83004602274,1099324.4534845573,830,0,439.14814814814815,77,58,49,34.241633404973896,0.6436688311688312,39.02243589743592,8351.282051282107,108.45820845820919,0
832,32,0,1,134,0.0,0.007407407407407408,0.9925925925925926,135,3350,2100,1250,0.6268656716417911,46,21,25,183.31723447771265,0.41321632577851486,0.6326288722451305,0.1231963973135767,1091121.2840935409,9654.26725595977,1100775.5513495007,831,1,440.14814814814815,78,57,42,34.07094168139359,0.6448985042735043,38.8581223628692,8356.5400843882,107.1351292870282,0
833,32,0,2,132,0.0,0.014925373134328358,0.9850746268656716,134,4300,3300,1000,0.7674418604651163,53,33,20,185.7434125252196,0.4115290558485767,0.635236053506566,0.1252661666363073,1092113.187434352,9470.56605957033,1101583.7534939223,832,3,444.42537313432837,78,56,43,33.88670889270214,0.6461004273504274,38.739451476793256,8360.337552742632,107.1838147787517,0
834,32,1,0,133,0.007518796992481203,0.0,1.0,133,2900,2100,800,0.7241379310344828,37,21,16,190.23888145615658,0.41033217513480674,0.6401912309047229,0.12860507206825694,1092787.1120876824,12078.1195746532,1104865.2316623356,833,0,448.7142857142857,79,54,46,33.6871294404863,0.6464926160337553,38.65885416666669,8362.916666666733,105.85970464135106,0
835,32,0,0,133,0.0,0.0,1.0,133,3450,2600,850,0.7536231884057971,43,26,17,191.81617994812794,0.4104318561555404,0.6433128341975094,0.13018331513060002,1093895.5307153475,11915.372392829515,1105810.903108177,834,1,449.7142857142857,67,66,48,33.51086033159527,0.6537624378109452,38.52634803921568,8367.15686274508,124.88293824992657,0
836,32,0,1,132,0.0,0.007518796992481203,0.9924812030075187,133,3300,2700,600,0.8181818181818182,39,27,12,191.401828663967,0.4100331320726058,0.6423219187836506,0.1304783074734858,1095137.3334750538,12022.257653061097,1107159.5911281148,835,2,450.7142857142857,69,64,46,33.37048281288516,0.6541364734299517,38.37797619047618,8371.90476190474,121.33195307108318,0
837,32,0,0,132,0.0,0.0,1.0,132,3450,2200,1250,0.6376811594202898,47,22,25,196.28744895673856,0.40931379636055204,0.6460961328143582,0.13450665281044719,1096592.4419757987,13199.466596134,1109791.9085719327,836,3,454.5833333333333,70,62,46,33.06550287678402,0.6553571428571429,38.20422535211268,8377.464788732397,119.67806841046281,0
838,32,0,0,132,0.0,0.0,1.0,132,3750,2600,1150,0.6933333333333334,49,26,23,196.84397599402283,0.40911018582774306,0.6471252326017223,0.13525561555291268,1097351.9141854823,13051.422770584375,1110403.3369560668,837,4,455.5833333333333,72,60,45,32.95850814580723,0.6552372685185186,38.11358447488584,8380.36529680364,116.39396245560611,0
839,32,1,0,133,0.007518796992481203,0.0,1.0,133,3350,2100,1250,0.6268656716417911,46,21,25,196.09326557118743,0.40949912660438975,0.6484787695882386,0.13523097265937403,1098365.370226643,13126.410447609673,1111491.7806742527,838,0,453.1503759398496,73,60,48,32.85489308547791,0.655964611872146,37.99268018018017,8384.234234234214,114.85252375663308,0
840,32,0,1,132,0.0,0.007518796992481203,0.9924812030075187,133,3650,2800,850,0.7671232876712328,45,28,17,196.92082497815727,0.4093472317156528,0.6514417185221792,0.13626394210026993,1099309.7436541263,13045.39632537942,1112355.1399795057,839,1,454.1503759398496,73,60,40,32.71838023378622,0.6571061643835616,37.880067567567565,8387.837837837831,114.90188818955933,0
841,32,0,1,131,0.0,0.007575757575757576,0.9924242424242424,132,3150,2300,850,0.7301587301587301,40,23,17,196.45669577200522,0.4088318779397024,0.6489679670185944,0.136536318964401,1100517.5586419748,13690.808641975238,1114208.36728395,840,2,455.84090909090907,74,58,41,32.58376140796836,0.658079954954955,37.73611111111111,8392.44444444444,113.41141141141135,0
842,32,0,0,131,0.0,0.0,1.0,131,3700,2800,900,0.7567567567567568,46,28,18,197.93210552889917,0.4075993345077315,0.6493566057909779,0.138137490796114,1101672.452646902,13711.269631117508,1115383.7222780196,841,8,460.30534351145036,73,58,45,32.404768610410756,0.6599600456621004,37.59853603603603,8396.846846846835,115.02529927187445,0
843,32,0,0,131,0.0,0.0,1.0,131,3100,2200,900,0.7096774193548387,40,22,18,200.30234315948633,0.40747210804462713,0.654186356476433,0.14021164021163998,1102499.9999999963,14866.666666666411,1117366.6666666628,842,9,461.30534351145036,66,65,45,32.24206349206348,0.6647727272727273,37.499999999999986,8399.99999999997,127.27272727272683,0
844,32,0,0,131,0.0,0.0,1.0,131,4650,3800,850,0.8172043010752689,55,38,17,199.79153930036742,0.40725435505969854,0.6529159410216827,0.14043528926094873,1103641.599716442,13249.650808653436,1116891.2505250953,843,10,462.30534351145036,68,63,43,32.116887969190095,0.6649816176470589,37.364130434782595,8404.347826086925,123.59335038363125,0
845,32,0,0,131,0.0,0.0,1.0,131,3450,2600,850,0.7536231884057971,43,26,17,200.7796286476117,0.4067650225092973,0.6535732095592461,0.1416849152513288,1104719.4257091843,14711.031210738582,1119430.4569199227,844,11,463.30534351145036,70,61,43,31.96014796203238,0.6651785714285714,37.235915492957744,8408.45070422535,120.12072434607643,0
846,32,1,0,132,0.007575757575757576,0.0,1.0,132,3800,2900,900,0.7631578947368421,47,29,18,197.512719492531,0.4069367337497109,0.6504741324018439,0.1400835015153721,1106098.8224807626,13493.71729113226,1119592.539771895,845,0,460.7878787878788,72,60,42,31.878753753753767,0.6657986111111112,37.07191780821917,8413.698630136963,116.85692541856893,0
847,32,0,0,132,0.0,0.0,1.0,132,4000,2700,1300,0.675,53,27,26,206.1363643831922,0.40671505127611995,0.6671404847875426,0.1432582909707093,1100507.230411796,14970.911890900847,1115478.1423026968,846,1,461.7878787878788,78,54,39,32.331154684095864,0.65625,37.73734177215191,8392.405063291162,107.59493670886106,8
848,32,0,0,132,0.0,0.0,1.0,132,3850,3000,850,0.7792207792207793,47,30,17,204.899841981042,0.4064524057367569,0.6600266321168926,0.13613933546832274,1087886.5859102397,14331.557909260886,1102218.1438195007,847,2,462.7878787878788,73,59,41,33.90263981861369,0.6432648401826484,39.24549549549551,8344.144144144184,114.30334444033129,8
849,32,0,0,132,0.0,0.0,1.0,132,3250,2300,950,0.7076923076923077,42,23,19,202.32182508756097,0.40590904271724887,0.6556309554925235,0.13484771180960242,1088776.3086419832,14406.641975309103,1103182.9506172922,848,3,463.7878787878788,74,58,42,33.86109927945195,0.6438626126126126,39.138888888888914,8347.555555555617,112.80480480480563,0
850,32,1,0,133,0.007518796992481203,0.0,1.0,133,3500,2400,1100,0.6857142857142857,46,24,22,199.59425659357757,0.4069264069264069,0.6534857705157786,0.13349048963113222,1089757.4283673896,13401.864756463889,1103159.2931238534,849,0,461.29323308270676,75,58,44,33.81239824589043,0.6445833333333333,39.02138157894739,8351.315789473741,111.35087719298322,0
851,32,0,0,133,0.0,0.0,1.0,133,3300,2100,1200,0.6363636363636364,45,21,24,197.5456198931554,0.40697150072150073,0.6496517078128174,0.1323970271714529,1090350.1152771178,13178.777884598649,1103528.8931617164,850,1,462.29323308270676,78,55,40,33.79350186887564,0.6439636752136753,38.950421940928294,8353.586497890356,107.0972627934661,0
852,32,0,1,132,0.0,0.007518796992481203,0.9924812030075187,133,3600,2700,900,0.75,45,27,18,195.25887041628485,0.4064659755449229,0.6458123048189741,0.1312020722261119,1091079.1143795894,12408.575081712092,1103487.6894613015,851,2,463.29323308270676,80,53,42,33.76424045438128,0.6440104166666667,38.86316872427985,8356.378600823095,104.45473251028868,0
853,32,0,1,131,0.0,0.007575757575757576,0.9924242424242424,132,3200,2200,1000,0.6875,42,22,20,195.92238627351634,0.4052488144806847,0.6441317637138984,0.13166317406422712,1091111.877953774,13154.648564016585,1104266.5265177907,852,7,467.7878787878788,81,51,42,33.74291603833246,0.6436471193415638,38.8592479674797,8356.504065040726,103.16671685235464,0
854,32,1,0,132,0.007575757575757576,0.0,1.0,132,3350,2400,950,0.7164179104477612,43,24,19,201.77802892224437,0.40536567969774073,0.6523223071203694,0.1362276465049864,1092418.9839419604,14335.229867410124,1106754.2138093705,853,0,468.29545454545456,83,49,43,33.430475139607346,0.6444528112449799,38.702876984126995,8361.507936507967,100.7410594759996,0
855,32,0,0,132,0.0,0.0,1.0,132,3300,2200,1100,0.6666666666666666,44,22,22,201.79809522808551,0.4050415895597193,0.6529245221466573,0.13650606199981055,1092966.1030555943,14411.695549096552,1107377.7986046907,854,1,469.29545454545456,86,46,43,33.363205674408675,0.6440164728682171,38.6374521072797,8363.601532567067,97.25118061124496,0
856,32,0,0,132,0.0,0.0,1.0,132,4600,3500,1100,0.7608695652173914,57,35,22,200.45560080407088,0.4047199090138021,0.6520716828692714,0.13638467662176643,1094591.9346288855,12883.416778264665,1107475.35140715,855,2,470.29545454545456,73,59,42,33.2000766912437,0.651398401826484,38.44313063063063,8369.819819819817,114.655066024929,0
857,32,0,0,132,0.0,0.0,1.0,132,3800,2900,900,0.7631578947368421,47,29,18,202.85382358434492,0.40477894402035625,0.6563295088663947,0.13858490732328577,1095743.716049381,14255.16049382705,1109998.876543208,856,3,471.29545454545456,74,58,42,32.99698368892191,0.6523085585585586,38.30555555555555,8374.22222222221,113.16516516516499,0
858,32,0,1,131,0.0,0.007575757575757576,0.9924242424242424,132,3800,2800,1000,0.7368421052631579,48,28,20,200.94180903374777,0.4045620807309738,0.6525238612015478,0.13762618241368002,1096450.6286982247,13864.554569362255,1110315.1832675869,857,4,472.29545454545456,77,55,43,32.960922354861765,0.6517857142857143,38.22115384615385,8376.923076923076,108.79120879120879,0
859,32,0,0,131,0.0,0.0,1.0,131,3500,2400,1100,0.6857142857142857,46,24,22,201.3373388870327,0.4035672342924251,0.6506329065886436,0.13845813920385136,1097583.6181640597,14496.912977430464,1112080.5311414902,858,5,476.44274809160305,79,52,42,32.812629463915826,0.6522943037974683,38.08593749999999,8381.249999999978,106.09177215189845,0
860,32,0,0,131,0.0,0.0,1.0,131,3150,2100,1050,0.6666666666666666,42,21,21,198.2966312036268,0.4034228811900568,0.6440891963029884,0.13694881838298012,1098768.4068056385,14226.41470850685,1112994.8215141452,859,6,477.44274809160305,81,50,42,32.748143794334844,0.6529063786008231,37.94461382113821,8385.77235772358,103.52805379905654,0
861,32,0,0,131,0.0,0.0,1.0,131,3100,2100,1000,0.6774193548387096,41,21,20,200.02221138280507,0.40324672147191226,0.6466059200042678,0.138687820046405,1099866.0329067276,14699.527225367343,1114565.560132095,860,7,478.44274809160305,82,49,39,32.569447768576595,0.6538363821138211,37.81375502008032,8389.95983935743,102.31658340679793,0
862,32,0,0,131,0.0,0.0,1.0,131,3600,2500,1100,0.6944444444444444,47,25,22,203.51641335679335,0.4034228811900568,0.651601598263494,0.14156196929072004,1100750.6944444461,15004.166666666679,1115754.8611111129,861,8,479.44274809160305,84,47,39,32.37026740799574,0.6541418650793651,37.708333333333336,8393.333333333345,99.92063492063505,0
863,32,0,0,131,0.0,0.0,1.0,131,3350,2800,550,0.835820895522388,39,28,11,203.843557926146,0.403139068310824,0.6513709689782778,0.14221226519246385,1101573.7240484448,15359.74144559796,1116933.4654940427,862,9,480.44274809160305,84,47,40,32.26164899662169,0.6551339285714286,37.610294117647065,8396.470588235308,99.95798319327749,0
864,32,0,0,131,0.0,0.0,1.0,131,3250,2400,850,0.7384615384615385,41,24,17,201.3929891893768,0.4030289684869837,0.6465489538199256,0.1407742016702802,1102106.776641559,14941.315630742496,1117048.0922723017,863,10,481.44274809160305,88,43,40,32.26119336425259,0.6543560606060606,37.54681647940075,8398.501872659188,95.43752128021805,0
865,32,0,0,131,0.0,0.0,1.0,131,3500,2400,1100,0.6857142857142857,46,24,22,197.9456374648904,0.40270356234096694,0.6404523324897666,0.13898487471447418,1103339.200730799,13980.236285731997,1117319.437016531,864,11,482.44274809160305,72,59,40,32.20206397507654,0.6624710648148149,37.40011415525113,8403.196347031939,116.7110603754436,0
866,32,0,0,131,0.0,0.0,1.0,131,4400,3400,1000,0.7727272727272727,54,34,20,195.2960142575488,0.4025274026228225,0.6357656824253868,0.13768404918363122,1104458.105498801,12539.253183671566,1116997.3586824725,865,12,483.44274809160305,75,56,40,32.13592475698609,0.6623611111111112,37.26699561403507,8407.456140350829,112.09941520467771,0
867,32,0,0,131,0.0,0.0,1.0,131,3550,2400,1150,0.676056338028169,47,24,23,195.7703509580204,0.4022631630456058,0.6381005248165266,0.1385797336781524,1105570.3164530243,13537.577772155495,1119107.8942251797,866,13,484.44274809160305,76,55,41,31.988617844338062,0.6632401315789473,37.13474025974025,8411.688311688285,110.68010936431955,0
868,32,0,0,131,0.0,0.0,1.0,131,4250,2900,1350,0.6823529411764706,56,29,27,196.262015492382,0.4019328635740849,0.6393949977245901,0.13937087429269102,1106441.015624995,12980.468749999714,1119421.4843749949,867,14,485.44274809160305,79,52,41,31.870172311348785,0.6629746835443038,37.031249999999986,8414.999999999964,106.51898734177169,0
869,32,0,0,131,0.0,0.0,1.0,131,3150,2200,950,0.6984126984126984,41,22,19,196.86524550621948,0.40178117048346057,0.641846031911286,0.14027420157856912,1107366.4694787338,14250.394375857137,1121616.863854591,868,15,486.44274809160305,80,51,44,31.742190937087543,0.663671875,36.92129629629628,8418.518518518487,105.2314814814811,0
870,32,0,0,131,0.0,0.0,1.0,131,3900,2800,1100,0.717948717948718,50,28,22,196.98414798003404,0.4013138578978273,0.6438196136880916,0.1408622492159107,1108341.049382712,13565.12345678992,1121906.1728395019,869,16,487.44274809160305,80,51,42,31.621042216358813,0.66484375,36.80555555555554,8422.222222222192,105.2777777777774,0
871,32,0,2,129,0.0,0.015267175572519083,0.9847328244274809,131,3500,2700,800,0.7714285714285715,43,27,16,197.55397737869652,0.40118663143472305,0.6453509832243025,0.14172109785744286,1109207.7025013089,14125.67867364371,1123333.3811749525,870,17,488.44274809160305,80,51,42,31.501131516394786,0.6658854166666667,36.70267489711933,8425.514403292153,105.3189300411519,0
872,32,0,0,129,0.0,0.0,1.0,129,3300,2500,800,0.7575757575757576,41,25,16,198.3552135024571,0.400241743378553,0.6419720250529637,0.14259966273891944,1109786.0946799233,14926.37155045881,1124712.466230382,871,18,489.3565891472868,82,47,43,31.41003494559608,0.6657774390243902,36.63403614457831,8427.710843373485,102.77696150455469,0
873,32,0,0,129,0.0,0.0,1.0,129,3650,2700,950,0.7397260273972602,46,27,19,201.3334792001681,0.3994796713501292,0.6468932697436223,0.14560203785635312,1111391.0930370935,15302.04710264701,1126693.1401397404,872,19,490.3565891472868,70,59,44,31.137390521784297,0.6732142857142858,36.44366197183098,8433.80281690139,120.48289738430557,0
874,32,0,1,128,0.0,0.007751937984496124,0.9922480620155039,129,3200,2200,1000,0.6875,42,22,20,201.26842960695606,0.3991718144379845,0.6475227352515223,0.14622468689391369,1112628.7911349137,15787.40990544192,1128416.2010403555,873,20,491.3565891472868,70,59,43,30.98943844812878,0.6747023809523809,36.296948356807505,8438.497652582142,120.54996646545918,0
875,32,0,0,128,0.0,0.0,1.0,128,3200,2400,800,0.75,40,24,16,201.64270673621044,0.3984605684055118,0.6460665444200715,0.14701938254037564,1113586.7606792254,16109.32972179346,1129696.090401019,874,21,489.7890625,71,57,44,30.863780733022576,0.6753227699530516,36.18344907407407,8442.12962962962,118.9032342201355,0
876,32,0,0,128,0.0,0.0,1.0,128,3950,3000,950,0.759493670886076,49,30,19,200.1770227617859,0.3982427001312336,0.6439695932244629,0.1462613070696841,1114157.365489668,15055.740862367338,1129213.1063520354,875,22,490.7890625,72,56,46,30.83351358171557,0.6754918981481481,36.115867579908674,8444.292237442918,117.28183663115163,0
877,32,0,0,128,0.0,0.0,1.0,128,3650,2700,950,0.7397260273972602,46,27,19,224.24876840099648,0.39788898458005245,0.6768436751625051,0.14999522884121558,1089786.8622448968,19626.67233560086,1109413.5345804978,876,23,491.7890625,69,59,45,33.16536473182043,0.6476449275362319,39.01785714285714,8351.428571428562,121.03519668737046,8
878,32,0,0,128,0.0,0.0,1.0,128,2500,1800,700,0.72,32,18,14,228.4127033666682,0.39775954519356954,0.6799119612928959,0.15304872583873566,1090284.0277777791,21706.944444444503,1111990.9722222236,877,24,492.7890625,69,59,37,32.99581005586591,0.6482487922705313,38.958333333333336,8353.333333333343,121.0628019323673,0
879,32,0,0,128,0.0,0.0,1.0,128,4150,2900,1250,0.6987951807228916,54,29,25,232.45129620723904,0.3977633899278215,0.682613779565723,0.15640861909911632,1091468.7051236727,20992.663055126966,1112461.3681787997,878,25,493.7890625,71,57,39,32.745307797411314,0.6486208920187793,38.81655092592593,8357.870370370383,117.7164840897237,0
880,32,0,0,128,0.0,0.0,1.0,128,4250,3200,1050,0.7529411764705882,53,32,21,232.3643410228699,0.39740326648622043,0.6835804956374203,0.15716971656727283,1092943.0982925533,20942.20056204877,1113885.298854602,879,26,494.7890625,73,55,40,32.56713299581696,0.6494006849315068,38.640202702702716,8363.513513513544,114.56867826730883,0
881,32,0,0,128,0.0,0.0,1.0,128,4200,3200,1000,0.7619047619047619,52,32,20,231.56548824050577,0.39694446153215224,0.6838364014066987,0.15724138351952455,1094039.7304958715,20868.368869357302,1114908.0993652288,880,27,495.7890625,63,65,41,32.4538881281381,0.656415343915344,38.509114583333314,8367.708333333292,132.82076719576654,0
882,32,0,0,128,0.0,0.0,1.0,128,3450,2200,1250,0.6376811594202898,47,22,25,224.4371121432046,0.39626778830380577,0.6723018411411754,0.15321656025120792,1095536.3930605163,20125.80486125707,1115662.1979217734,881,28,496.7890625,68,60,40,32.45747514375276,0.6551776960784313,38.33031400966184,8373.429951690832,123.1386757601593,0
883,32,0,0,128,0.0,0.0,1.0,128,3050,2100,950,0.6885245901639344,40,21,19,225.44497546938615,0.396357498769685,0.6744314003287764,0.15418301931805745,1096042.0933102306,20769.43656794801,1116811.5298781786,882,29,497.7890625,68,60,43,32.36935455961239,0.6557904411764706,38.26992753623189,8375.362318840593,123.16709292412637,0
884,32,0,0,128,0.0,0.0,1.0,128,3850,2900,950,0.7532467532467533,48,29,19,224.60508210895392,0.3962754777723097,0.6733160218170604,0.15452310330987168,1097698.900267809,19859.750325112127,1117558.650592921,883,30,498.7890625,70,58,43,32.189151216415546,0.6566964285714285,38.072183098591566,8381.690140845109,119.73843058350155,0
885,32,0,0,128,0.0,0.0,1.0,128,2950,1800,1150,0.6101694915254238,41,18,23,223.78940373801478,0.39616141732283466,0.6719677663268733,0.15402991574165484,1097821.8745178462,20586.180541779846,1118408.055059626,884,31,499.7890625,70,58,44,32.19551641088832,0.6568452380952381,38.057511737089214,8382.159624413172,119.74513749161675,0
886,32,0,0,128,0.0,0.0,1.0,128,2800,1900,900,0.6785714285714286,37,19,18,226.45471251358157,0.3960217253116798,0.67672190708844,0.15644548674565276,1098857.180748457,21368.277391975353,1120225.4581404324,885,32,500.7890625,71,57,45,31.99942033786023,0.6575704225352113,37.93402777777778,8386.111111111113,118.11424100156498,0
887,32,0,0,128,0.0,0.0,1.0,128,4400,3300,1100,0.75,55,33,22,228.91264115958995,0.39649847235892394,0.6818132346538961,0.15885569085908716,1100104.0428681648,20365.544400658928,1120469.5872688238,886,33,501.7890625,72,56,39,31.7829641924249,0.6585648148148149,37.785388127853885,8390.867579908685,116.53982749873174,0
888,32,1,0,129,0.007751937984496124,0.0,1.0,129,4200,2900,1300,0.6904761904761905,55,29,26,227.92694167027457,0.3972565406976744,0.6845757858765342,0.15896629829591324,1101490.6157544353,20211.87746548311,1121702.4932199183,887,0,498.8914728682171,77,52,40,31.639849595358065,0.6578733766233766,37.6201923076923,8396.153846153828,109.0409590409588,0
889,32,0,0,129,0.0,0.0,1.0,129,3500,2800,700,0.8,42,28,14,225.18266565885648,0.3972388767764858,0.6811246462409257,0.15762786596119907,1102499.9999999965,20352.777777777523,1122852.777777774,888,1,499.8914728682171,63,66,42,31.588955026455004,0.6666666666666667,37.499999999999986,8399.999999999973,133.3333333333329,0
890,32,0,0,129,0.0,0.0,1.0,129,3400,2400,1000,0.7058823529411765,44,24,20,225.87134537097356,0.3972489704457364,0.6806891179137451,0.15880761386893547,1103711.8713017758,20659.3770545694,1124371.248356345,889,2,500.8914728682171,64,65,40,31.423388654992177,0.66748046875,37.35576923076923,8404.61538461539,131.32211538461547,0
891,32,0,0,129,0.0,0.0,1.0,129,3200,2000,1200,0.625,44,20,24,198.5663251046979,0.39701429263565896,0.6341582548797182,0.13430628587633586,1092937.4921264837,14404.116276140274,1107341.608402624,890,3,501.8914728682171,83,46,41,33.45116087809199,0.6450803212851406,38.64087301587303,8363.49206349209,100.76496462038664,8
892,32,1,0,130,0.007692307692307693,0.0,1.0,130,3450,2300,1150,0.6666666666666666,46,23,23,195.41950511822307,0.3973650864639237,0.6300575037707379,0.13288526348039253,1094437.8698224926,13324.901380671046,1107762.7712031635,891,0,499.0230769230769,77,53,38,33.35056678921572,0.6493506493506493,38.46153846153849,8369.230769230828,108.69130869130944,0
893,32,0,0,130,0.0,0.0,1.0,130,3400,2200,1200,0.6470588235294118,46,22,24,194.9434712589763,0.39699736632876165,0.6279382010713241,0.13313310841726322,1095643.604568364,13317.713507451146,1108961.3180758152,892,1,500.0230769230769,78,52,40,33.21618126238705,0.6503739316239316,38.31751054852323,8373.839662447317,107.35691874932458,0
894,32,0,0,130,0.0,0.0,1.0,130,4400,3100,1300,0.7045454545454546,57,31,26,200.01938381906302,0.3969389783343272,0.6366853175033695,0.13692361405434716,1096306.1920276391,13456.497801278696,1109762.6898289178,893,2,501.0230769230769,78,52,41,33.00265716300624,0.6511752136752137,38.2383966244726,8376.371308016942,107.38937574380695,0
895,32,0,2,128,0.0,0.015384615384615385,0.9846153846153847,130,3600,2600,1000,0.7222222222222222,46,26,20,207.21557057005464,0.3967998409858875,0.6498915569642478,0.14103689340606623,1094697.1882716098,15767.660493827447,1110464.8487654373,894,3,502.0230769230769,74,56,40,33.01042938813077,0.6510416666666667,38.43055555555557,8370.222222222259,113.11111111111161,8
896,32,0,0,128,0.0,0.0,1.0,128,3150,2100,1050,0.6666666666666666,42,21,21,203.24607892441475,0.3947311761811024,0.6368020652617608,0.13898173952409953,1096003.1891482251,15801.670136606255,1111804.8592848314,895,42,510.7890625,77,51,42,32.955105963193546,0.6512445887445888,38.27457264957266,8375.213675213705,108.76900876900915,0
897,32,0,0,128,0.0,0.0,1.0,128,4500,3200,1300,0.7111111111111111,58,32,26,197.13469496858679,0.3942493028215223,0.6232086842557574,0.13538798629495247,1097213.1434274951,13159.755669020806,1110372.899096516,896,43,511.7890625,80,48,38,32.96778061516804,0.6514322916666666,38.13014403292182,8379.835390946522,104.74794238683153,0
898,32,0,0,128,0.0,0.0,1.0,128,3600,2600,1000,0.7222222222222222,46,26,20,199.11895037534603,0.39375845841535434,0.6247698821796761,0.13712146785482768,1097967.6306965414,14525.232434080246,1112492.8631306216,897,44,512.7890625,80,48,44,32.824005891016185,0.65234375,38.04012345679013,8382.716049382725,104.78395061728406,0
899,32,0,0,128,0.0,0.0,1.0,128,3800,2800,1000,0.7368421052631579,48,28,20,199.90555356824524,0.3932894008366142,0.6242696014879074,0.1382719170892934,1099194.5544360224,14547.019176746962,1113741.5736127694,898,45,513.7890625,81,47,35,32.65415232879369,0.6534207818930041,37.89380081300815,8387.398373983782,103.54812807387385,0
900,32,0,0,128,0.0,0.0,1.0,128,3100,2000,1100,0.6451612903225806,42,20,22,202.31688522035756,0.39290749056758534,0.6272219706707174,0.140310202894313,1099927.9724144577,15806.800269127358,1115734.772683585,899,46,514.7890625,84,44,36,32.50175274596871,0.6531498015873016,37.80637254901961,8390.196078431385,99.88328664799268,0
901,32,0,0,128,0.0,0.0,1.0,128,3600,2400,1200,0.6666666666666666,48,24,24,198.10161063834607,0.3930459010006562,0.6182738919667581,0.13805923058000633,1101279.4077879994,14433.04488912952,1115712.4526771288,900,47,515.7890625,85,43,37,32.448060941828274,0.6544117647058824,37.64534883720932,8395.348837209347,98.76880984952173,0
902,32,0,0,128,0.0,0.0,1.0,128,3250,2100,1150,0.6461538461538462,44,21,23,197.88022040427506,0.39295747211286086,0.6149636051046916,0.1383646670329232,1102198.2965054908,14770.648368344897,1116968.9448738357,901,48,516.7890625,86,42,39,32.3422745312714,0.6551598837209303,37.535919540229905,8398.850574712704,97.66105319433376,0
903,32,0,0,128,0.0,0.0,1.0,128,2900,1600,1300,0.5517241379310345,42,16,26,240.74069993656155,0.3928587906003937,0.6763718412757784,0.156356156190581,1081368.901234564,23565.901234567686,1104934.8024691315,902,49,517.7890625,74,54,38,33.76918830359369,0.6348536036036037,40.027777777777764,8319.11111111108,112.42042042042,8
904,32,1,0,129,0.007751937984496124,0.0,1.0,129,2850,1800,1050,0.631578947368421,39,18,21,237.57702671218738,0.39338057170542634,0.6755979188189056,0.1548780225323656,1082444.0242430316,22782.76657240661,1105226.7908154381,903,0,514.7674418604652,75,54,35,33.71916223147315,0.6356944444444445,39.89857456140349,8323.245614035051,110.97660818713402,0
905,32,0,0,129,0.0,0.0,1.0,129,3050,2100,950,0.6885245901639344,40,21,19,234.5161485840423,0.39349917231912146,0.6711175324374383,0.15338041883760753,1083379.085966338,21963.97813946491,1105343.064105803,904,1,515.7674418604652,76,53,36,33.683822892297,0.6363760964912281,39.7862554112554,8326.839826839792,109.56368193210253,0
906,32,0,0,129,0.0,0.0,1.0,129,3150,2100,1050,0.6666666666666666,42,21,21,237.804480642733,0.39329477551679587,0.6725914546870353,0.15591159921515002,1084080.7457182722,22609.851742063758,1106690.5974603358,905,2,516.7674418604652,78,51,36,33.512001249514505,0.6363514957264957,39.70200421940926,8329.535864978852,106.78892134588273,0
907,32,0,1,128,0.0,0.007751937984496124,0.9922480620155039,129,3550,2500,1050,0.704225352112676,46,25,21,238.8654880130529,0.3936303900193798,0.6767416737716956,0.15702781815185593,1084849.6946714337,22476.630347700484,1107326.3250191342,906,3,517.7674418604652,78,51,39,33.389879143879526,0.6372863247863247,39.6097046413502,8332.48945147676,106.82678783944564,0
908,32,1,0,129,0.007751937984496124,0.0,1.0,129,3250,2300,950,0.7076923076923077,42,23,19,239.33810206341084,0.39505612080103364,0.6749261028400522,0.15805793472900506,1086154.7851562505,22941.64496527777,1109096.4301215282,907,0,517.953488372093,71,58,40,33.21724554389471,0.6421654929577465,39.453125,8337.500000000004,117.42957746478878,0
909,32,0,0,129,0.0,0.0,1.0,129,3350,2200,1150,0.6567164179104478,45,22,23,217.8942999025565,0.3949980822028423,0.650244208450957,0.13413198805044435,1065652.6359464126,17289.927009771247,1082942.562956184,908,1,518.953488372093,80,49,32,36.30053650920203,0.6130208333333333,41.923868312757186,8258.436213991732,103.23045267489665,8
910,32,0,0,129,0.0,0.0,1.0,129,4800,4100,700,0.8541666666666666,55,41,14,218.31006449171474,0.3952605176033592,0.6523482083275416,0.13483317192398747,1066636.8511193306,15971.511951419858,1082608.3630707504,909,2,519.953488372093,82,47,35,36.16805602812747,0.6134400406504066,41.80471887550199,8262.248995983888,100.75913409736448,0
911,32,0,0,129,0.0,0.0,1.0,129,3550,2600,950,0.7323943661971831,45,26,19,217.5935316098207,0.39496527777777773,0.660190624802854,0.13273866806714602,1062946.8767592432,16908.07296553454,1079854.9497247778,910,3,520.953488372093,72,57,44,36.64327631069037,0.61328125,42.25171232876713,8247.945205479462,114.55479452054809,8
912,32,2,1,130,0.015267175572519083,0.007633587786259542,0.9923664122137404,131,3300,2300,1000,0.696969696969697,43,23,20,211.24974386145865,0.39759737717752985,0.6550050632387769,0.12973422279622338,1064947.054021432,15493.958477608587,1080441.0124990407,911,0,513.9847328244275,75,56,39,36.55927367228037,0.6143055555555555,42.0093201754386,8255.701754385982,110.0760233918131,0
913,32,0,0,130,0.0,0.0,1.0,130,3800,3000,800,0.7894736842105263,46,30,16,213.3935701824659,0.39607682369310276,0.6578932987791486,0.13133706285393892,1065597.4104938318,15678.327160494064,1081275.737654326,912,1,518.9384615384615,74,56,41,36.423519545055015,0.6155686936936937,41.93055555555557,8258.222222222259,111.5975975975981,0
914,32,1,0,131,0.007633587786259542,0.0,1.0,131,3400,2400,1000,0.7058823529411765,44,24,20,234.21589339973804,0.3974970640046976,0.695677059347203,0.14389919063659398,1065073.1434240427,20291.4115646262,1085364.554988669,913,0,515.9694656488549,69,62,38,35.95113815511209,0.6174516908212561,41.99404761904764,8256.190476190528,119.65493443754389,8
915,32,2,0,133,0.015037593984962405,0.0,1.0,133,3450,2700,750,0.782608695652174,42,27,15,233.78173214329672,0.399979589124326,0.7006694728202651,0.14482946321895906,1067541.8699568473,19864.357498801488,1087406.2274556488,914,0,509.1954887218045,72,61,40,35.656511251058824,0.6189236111111112,41.69520547945208,8265.75342465759,114.80213089802209,0
916,32,1,1,133,0.007462686567164179,0.007462686567164179,0.9925373134328358,134,3900,2800,1100,0.717948717948718,50,28,22,231.18144011348085,0.4012924101298021,0.6984267418182013,0.14405079691339429,1069258.3253648556,18738.535902235282,1087996.8612670908,915,0,506.3880597014925,63,71,39,35.51130401477471,0.6261574074074074,41.487630208333336,8272.395833333341,131.3078703703705,0
917,32,0,1,132,0.0,0.007518796992481203,0.9924812030075187,133,3400,2400,1000,0.7058823529411765,44,24,20,229.10118103027315,0.40072482342219184,0.6934915413533833,0.14304854230182926,1069866.340169372,19021.528415467874,1088887.8685848399,916,1,506.2706766917293,65,68,41,35.48990885416664,0.6256410256410256,41.41414141414142,8274.747474747486,127.30380730380747,0
918,32,0,0,132,0.0,0.0,1.0,132,4050,2800,1250,0.691358024691358,53,28,25,229.93610990202032,0.39936820495026604,0.6894449270057714,0.1441192770199441,1070993.2961127185,18802.00644786011,1089795.3025605786,917,2,511.0681818181818,66,66,39,35.32903170883161,0.6264204545454546,41.27798507462686,8279.104477611929,125.44097693351408,0
919,32,2,1,133,0.014925373134328358,0.007462686567164179,0.9925373134328358,134,2700,2000,700,0.7407407407407407,34,20,14,224.98618753701905,0.4019353420865597,0.6869077420118628,0.14172011914442617,1072457.4971655307,18757.624716553153,1091215.1218820838,918,0,504.42537313432837,69,65,44,35.27632486492698,0.6265096618357489,41.10119047619047,8284.761904761888,120.06901311249113,0
920,32,1,2,132,0.007462686567164179,0.014925373134328358,0.9850746268656716,134,4550,3400,1150,0.7472527472527473,57,34,23,226.51895770804953,0.4009615924138705,0.6876633780251282,0.14358681038187981,1074304.2366691057,17320.055190325722,1091624.2918594314,919,0,505.3358208955224,73,61,39,35.00878241344344,0.6267123287671232,40.87837837837839,8291.891891891924,113.58756016290307,0
921,32,1,0,133,0.007518796992481203,0.0,1.0,133,3100,1800,1300,0.5806451612903226,44,18,26,227.18085118615335,0.39953102453102457,0.6883234448442266,0.14436078398662539,1075023.3611111129,19144.94444444451,1094168.3055555574,920,0,510.1127819548872,74,59,40,34.90294968654555,0.6271114864864865,40.79166666666667,8294.66666666668,112.09009009009029,0
922,32,0,0,133,0.0,0.0,1.0,133,4150,2900,1250,0.6987951807228916,54,29,25,225.1126496609824,0.39940523657628924,0.6863645812496797,0.14355986340655505,1076069.4257041693,17697.36792788757,1093766.7936320568,921,1,511.1127819548872,76,57,41,34.82763867153538,0.627467105263158,40.665584415584426,8298.701298701324,109.19343814080689,0
923,32,1,0,134,0.007462686567164179,0.0,1.0,134,3350,2200,1150,0.6567164179104478,45,22,23,244.31279620853041,0.40084937156323647,0.7098995543608968,0.1525147928994083,1069804.8827374107,22123.404459823254,1091928.2871972339,922,0,508.2910447761194,67,67,39,35.104166666666686,0.6243781094527363,41.42156862745099,8274.509803921585,123.50014632718784,8
924,32,1,0,135,0.007407407407407408,0.0,1.0,135,2450,1300,1150,0.5306122448979592,36,13,23,244.7654432826138,0.40198083655795097,0.7141363938914824,0.15369945368679327,1071540.8683517375,23005.23512750994,1094546.1034792475,923,0,505.51851851851853,70,65,40,34.87761494415785,0.6248511904761904,41.211854460093896,8281.220657276992,118.30315224681416,0
925,32,1,0,136,0.007352941176470588,0.0,1.0,136,3750,2700,1050,0.72,48,27,21,242.82693598090364,0.4031499636891794,0.713492731005634,0.1530691795898817,1072670.7577509957,21144.67068419773,1093815.4284351934,924,0,502.79411764705884,73,63,40,34.78806494871514,0.624714611872146,41.075450450450454,8285.585585585597,113.50117240528215,0
926,32,1,1,136,0.0072992700729927005,0.0072992700729927005,0.9927007299270073,137,3750,2400,1350,0.64,51,24,27,245.21775169614193,0.4048053527980535,0.7187284809254924,0.15539342308570742,1074217.0864197537,21533.419753086542,1095750.5061728403,925,0,500.11678832116786,74,63,35,34.53502447827331,0.6261261261261262,40.88888888888889,8291.555555555562,112.04804804804813,0
927,32,1,0,137,0.0072992700729927005,0.0,1.0,137,3800,2800,1000,0.7368421052631579,48,28,20,241.25938400982204,0.4043088950908831,0.7129175008064852,0.15355526608108336,1075496.3546475845,20694.717605417136,1096191.0722530016,926,0,501.1021897810219,75,62,38,34.47962923803482,0.6272222222222222,40.73464912280702,8296.49122807018,110.61988304093572,0
928,32,1,1,137,0.007246376811594203,0.007246376811594203,0.9927536231884058,138,3750,2500,1250,0.6666666666666666,50,25,25,235.53386915782107,0.4053915864452202,0.7064418248968498,0.15056796364600844,1076771.5978972425,19373.236130397454,1096144.83402764,927,0,498.463768115942,70,68,40,34.47078950344986,0.63125,40.58098591549296,8301.408450704226,118.59154929577466,0
929,32,0,0,137,0.0,0.0,1.0,137,3750,2500,1250,0.6666666666666666,50,25,25,231.41977591242588,0.40425522398740515,0.7004691651122039,0.1484964546850461,1077868.013538979,18737.99483127233,1096606.0083702514,928,1,503.04379562043795,70,67,37,34.442418932413815,0.6325892857142856,40.448943661971825,8305.63380281689,118.65191146881271,0
930,32,1,0,138,0.007246376811594203,0.0,1.0,138,2850,2200,650,0.7719298245614035,35,22,13,232.10764882805262,0.40452986706160304,0.7046202965414656,0.15001718005723588,1079962.2642615826,19683.500396154937,1099645.7646577377,929,0,500.39130434782606,72,66,42,34.166689551637646,0.6341145833333333,40.19691780821916,8313.698630136947,115.46803652967982,0
931,32,0,0,138,0.0,0.0,1.0,138,2750,1600,1150,0.5818181818181818,39,16,23,232.47076173328628,0.40443289608237243,0.705118543533997,0.1505921123901727,1080616.4399196468,19892.3453859263,1100508.7853055731,930,1,501.39130434782606,73,65,42,34.07675224786047,0.634417808219178,40.118243243243235,8316.216216216197,113.92077008515338,0
932,32,0,1,137,0.0,0.007246376811594203,0.9927536231884058,138,3500,2700,800,0.7714285714285715,43,27,16,232.31231845415888,0.4041243520575479,0.7063074419564077,0.15102689105810074,1081645.6145160014,19155.92009079698,1100801.5346067983,931,2,502.39130434782606,75,63,34,33.95426989984185,0.6347222222222222,39.99451754385964,8320.175438596463,110.93567251461951,0
933,32,0,0,137,0.0,0.0,1.0,137,3800,2700,1100,0.7105263157894737,49,27,22,233.1035289780695,0.4030274974953485,0.7056520459787572,0.151860906289508,1082252.9123564013,19255.394623414024,1101508.3069798152,932,3,506.93430656934305,76,61,36,33.859016038144766,0.6350054824561404,39.92153679653679,8322.510822510812,109.50672134882647,0
934,32,2,0,139,0.014388489208633094,0.0,1.0,139,3400,2400,1000,0.7058823529411765,44,24,20,228.94304923959072,0.4051584819101241,0.7061791031453422,0.14993819358456492,1083767.751736107,18424.21874999977,1102191.9704861068,933,0,500.62589928057554,79,60,40,33.78110199453005,0.635548523206751,39.73958333333332,8328.333333333301,105.42194092826963,0
935,32,0,0,139,0.0,0.0,1.0,139,4200,3200,1000,0.7619047619047619,52,32,20,229.42473419229015,0.4050824557745108,0.7073057168949259,0.15059481731584484,1084418.5004340236,17758.48524305538,1102176.9856770788,934,1,501.62589928057554,79,60,41,33.68864826114501,0.6363396624472574,39.66145833333332,8330.833333333301,105.45358649788989,0
936,32,0,0,139,0.0,0.0,1.0,139,4100,3100,1000,0.7560975609756098,51,31,20,226.09890294742772,0.40485654954297434,0.7029827494843699,0.14881868253538544,1085202.9955621357,17172.64135437252,1102375.6369165082,935,2,502.62589928057554,64,75,43,33.67895309006628,0.64501953125,39.567307692307715,8333.846153846198,130.21634615384684,0
937,32,0,1,138,0.0,0.007194244604316547,0.9928057553956835,139,3350,2400,950,0.7164179104477612,43,24,19,230.7633120084292,0.4049043373996455,0.7071817628953319,0.15210165747708906,1085603.698224855,18953.50098619348,1104557.1992110484,936,3,503.62589928057554,64,75,42,33.5082902670112,0.6455078125,39.51923076923078,8335.384615384637,130.24038461538495,0
938,32,0,0,138,0.0,0.0,1.0,138,4250,3500,750,0.8235294117647058,50,35,15,231.97947981381247,0.4034257202299094,0.7075910745493341,0.1533925987667546,1086516.685956792,18559.91512345687,1105076.6010802488,937,4,508.19565217391306,65,73,40,33.36456251387963,0.6459935897435898,39.40972222222223,8338.888888888903,128.29059829059852,0
939,32,0,1,137,0.0,0.007246376811594203,0.9927536231884058,138,3800,2800,1000,0.7368421052631579,48,28,20,230.92440940075116,0.4032670404457139,0.706794876857666,0.15297700045140022,1087043.1947314057,18804.961547291183,1105848.1562786968,938,5,509.19565217391306,65,73,42,33.327467453829854,0.6466346153846154,39.346590909090914,8340.909090909097,128.32167832167843,0
940,32,0,0,137,0.0,0.0,1.0,137,3700,2800,900,0.7567567567567568,46,28,18,231.14394291057417,0.403141548590239,0.7051516964547946,0.1538056184976156,1088310.8748855249,19211.293346699465,1107522.1682322244,939,6,510.3868613138686,66,71,41,33.16629408842523,0.6475694444444444,39.19465174129354,8345.771144278626,126.45107794361554,0
941,32,1,0,138,0.007246376811594203,0.0,1.0,138,4800,4000,800,0.8333333333333334,56,40,16,229.17228296984155,0.4036857787651187,0.7035079486508917,0.1533187567412758,1089842.8752286842,17552.35595891491,1107395.231187599,940,0,507.6811594202899,70,68,45,33.030009181704074,0.647172619047619,39.0111502347418,8351.643192488293,119.30918846411846,0
942,32,0,1,137,0.0,0.007246376811594203,0.9927536231884058,138,3600,2300,1300,0.6388888888888888,49,23,26,231.61824339019728,0.4033695211396735,0.7073395207522482,0.1554714093013144,1090784.7131002275,19329.127833031038,1110113.8409332586,941,1,508.6811594202899,72,66,38,32.85081247495174,0.6472800925925926,38.89840182648402,8355.251141552513,116.0451547437849,0
943,32,0,0,137,0.0,0.0,1.0,137,3800,2600,1200,0.6842105263157895,50,26,24,229.76931617907962,0.4026562723629598,0.702607505949304,0.1546702175353134,1091589.6267361124,18962.760416666715,1110552.3871527791,942,9,513.3868613138686,75,62,38,32.8005566633433,0.6468055555555556,38.802083333333336,8358.333333333343,111.44444444444457,0
944,32,1,0,138,0.007246376811594203,0.0,1.0,138,4350,3300,1050,0.7586206896551724,54,33,21,227.5361294588095,0.4035039581790613,0.7013284211458113,0.1538596599585143,1092862.0651084154,17783.120865426215,1110645.1859738417,943,0,510.65942028985506,76,62,39,32.70323256897355,0.6478892543859649,38.649891774891785,8363.203463203487,110.04215083162482,0
945,32,0,1,137,0.0,0.007246376811594203,0.9927536231884058,138,3100,1900,1200,0.6129032258064516,43,19,24,230.09715065838714,0.40331883176416655,0.7038625131878504,0.1559069478760101,1093432.1838017763,19619.125986193365,1113051.3097879696,944,1,511.65942028985506,77,61,39,32.56657088122605,0.6481331168831168,38.581730769230774,8365.384615384624,108.64135864135876,0
946,32,0,0,137,0.0,0.0,1.0,137,2950,1700,1250,0.576271186440678,42,17,25,229.95040230458125,0.40158732288535853,0.7039912748813215,0.1563606120881913,1094427.7090666792,19982.818398632928,1114410.5274653123,945,2,516.1678832116788,65,72,39,32.44869299780742,0.6556089743589744,38.46275252525253,8369.191919191937,128.75679875679904,0
947,32,0,0,137,0.0,0.0,1.0,137,3500,2500,1000,0.7142857142857143,45,25,20,233.67975708217517,0.4015649599255761,0.717805650820035,0.14792247551778775,1073901.6699631305,19289.816273425582,1093191.486236556,946,3,517.1678832116788,68,69,37,34.87291921605193,0.6288296568627452,40.926932367149774,8290.338164251241,121.91673770957708,8
948,32,0,1,136,0.0,0.0072992700729927005,0.9927007299270073,137,3250,2600,650,0.8,39,26,13,235.26461858790088,0.4015112888220982,0.7181777579276447,0.1492230824414481,1074485.8110425281,19907.69890260656,1094393.5099451346,947,4,518.1678832116788,71,66,37,34.75975137710289,0.6279342723004695,40.856481481481495,8292.592592592626,116.79707876891023,0
949,32,1,0,137,0.0072992700729927005,0.0,1.0,137,2450,1400,1050,0.5714285714285714,35,14,21,234.82974948051077,0.4017774080435094,0.7164316536588942,0.1494438430231667,1075458.96991827,20659.952096495217,1096118.9220147652,948,0,519.1313868613139,72,65,38,34.650939328893514,0.6286168981481481,40.73915525114156,8296.347031963493,115.22704211060406,0
950,32,0,0,137,0.0,0.0,1.0,137,3500,2600,900,0.7428571428571429,44,26,18,239.1896904888626,0.40164770287677115,0.7218948787852129,0.15271341777365874,1076406.2500000023,20593.055555555682,1096999.305555558,949,1,520.1313868613139,72,65,38,34.421017402945125,0.6297743055555556,40.62500000000001,8300.000000000018,115.27777777777803,0
951,32,0,1,136,0.0,0.0072992700729927005,0.9927007299270073,137,3250,2000,1250,0.6153846153846154,45,20,25,237.1340393249062,0.4017438636038357,0.7196633544937703,0.15184373061702305,1077256.827801669,20440.852593389034,1097697.6803950581,950,2,521.1313868613139,60,77,38,34.369447186574554,0.6380208333333333,40.52254098360657,8303.278688524611,138.38797814207686,0
952,32,1,0,137,0.0072992700729927005,0.0,1.0,137,4500,3400,1100,0.7555555555555555,56,34,22,233.529209744351,0.40238344425361383,0.715482414364502,0.1504652353071463,1079057.4099968222,18498.28484506888,1097555.694841891,951,0,519.051094890511,61,76,39,34.24116096267061,0.6395150273224044,40.30577956989248,8310.215053763455,136.23303366825337,0
953,32,0,0,137,0.0,0.0,1.0,137,3250,2300,950,0.7076923076923077,42,23,19,233.89838696166353,0.40242369758122226,0.7160534851843321,0.1512125692297313,1080034.975141638,19873.687709562037,1099908.6628512,952,1,520.051094890511,61,76,42,34.11121529574068,0.6407103825136612,40.188172043010766,8313.97849462368,136.29472942006032,0
954,32,0,0,137,0.0,0.0,1.0,137,3400,2100,1300,0.6176470588235294,47,21,26,236.93452454110573,0.4023588449978532,0.7203658084770332,0.15380200639286803,1081214.8491083677,20435.42524005487,1101650.2743484227,953,2,521.051094890511,62,75,45,33.887095577322654,0.6414650537634409,40.0462962962963,8318.51851851852,134.16965352449225,0
955,32,0,0,137,0.0,0.0,1.0,137,3400,2200,1200,0.6470588235294118,46,22,24,237.25085790967958,0.4020904894804637,0.7204948632905444,0.15476502902500008,1082629.411485461,20570.95133463548,1103200.3628200965,954,3,522.051094890511,63,74,36,33.70484503399659,0.642526455026455,39.876302083333336,8323.95833333334,132.12632275132285,0
956,32,0,0,137,0.0,0.0,1.0,137,3400,2400,1000,0.7058823529411765,44,24,20,235.15428811107546,0.4014889258623157,0.7182276784329693,0.15391658543473402,1083600.924556212,20162.680802103776,1103763.6053583159,955,4,523.051094890511,64,73,37,33.639951146417054,0.64306640625,39.75961538461538,8327.6923076923,130.12019230769218,0
957,32,0,0,137,0.0,0.0,1.0,137,4050,2500,1550,0.6172839506172839,56,25,31,235.75154695718265,0.40149116215829395,0.7197899679058644,0.15495733154181676,1084806.4132486482,19698.958014488315,1104505.3712631364,956,5,524.051094890511,65,72,38,33.47627995312561,0.6439102564102563,39.61489898989899,8332.323232323231,128.18958818958816,0
958,32,0,1,136,0.0,0.0072992700729927005,0.9927007299270073,137,4200,3100,1100,0.7380952380952381,53,31,22,239.02761531811007,0.40189816802633466,0.7207980010624273,0.14537581193937507,1062044.7530864193,19171.60493827155,1081216.3580246908,957,6,525.051094890511,62,75,39,36.20283018867922,0.6179435483870968,42.36111111111111,8244.44444444444,132.97491039426515,8
959,32,1,0,137,0.0072992700729927005,0.0,1.0,137,4400,3000,1400,0.6818181818181818,58,30,28,239.36632301333384,0.4022403213110062,0.7202509036186941,0.14637646411864402,1063674.8890532532,19121.589414858565,1082796.4784681117,958,0,525.978102189781,64,73,41,35.991723123459074,0.61865234375,42.16346153846153,8250.769230769221,128.91826923076908,0
960,32,2,2,137,0.014388489208633094,0.014388489208633094,0.9856115107913669,139,4150,3200,950,0.7710843373493976,51,32,19,234.69623055805346,0.40513024363118205,0.7179429334318783,0.14435633929214833,1065407.918650376,18059.44450278881,1083467.3631531647,959,0,519.3956834532374,68,71,39,35.89724838627899,0.6184129901960784,41.953502415458935,8257.487922705306,121.43364592213686,0
961,32,1,0,138,0.007246376811594203,0.0,1.0,138,2600,2000,600,0.7692307692307693,32,20,12,243.46099341340403,0.40363398744666595,0.7270554332991948,0.15023977012069145,1066385.2582239963,21724.6428657245,1088109.9010897207,960,0,524.1449275362319,67,71,40,35.54986500919717,0.6201803482587065,41.83517156862744,8261.27450980389,123.30260462393866,0
962,32,1,0,139,0.007194244604316547,0.0,1.0,139,4550,3500,1050,0.7692307692307693,56,35,21,241.1251861577866,0.40435912139853336,0.7273722941701308,0.14971858716246073,1068215.6757716457,19164.740735420597,1087380.4165070662,961,0,521.3669064748201,58,81,41,35.383356109782476,0.6284123563218391,41.61370056497174,8268.361581920875,142.5579583089806,0
963,32,0,0,139,0.0,0.0,1.0,139,4050,2900,1150,0.7160493827160493,52,29,23,243.91215925520999,0.4044872797414243,0.7298252096315025,0.1519728440772245,1069237.7868747774,20310.01947077764,1089547.806345555,962,1,522.3669064748201,58,81,41,35.184742521513456,0.6296695402298851,41.49011299435027,8272.316384180767,142.6261445548408,0
964,32,0,0,139,0.0,0.0,1.0,139,3400,2700,700,0.7941176470588235,41,27,14,243.07538252982513,0.4040463281548674,0.7250970646154973,0.14338782918294052,1052797.7323326617,19981.84230265877,1072779.5746353206,963,2,523.3669064748201,58,81,42,37.24992543648333,0.609375,43.48516949152542,8208.474576271177,141.5254237288134,8
965,32,3,1,141,0.02112676056338028,0.007042253521126761,0.9929577464788732,142,3800,2700,1100,0.7105263157894737,49,27,22,235.77739773267814,0.40771713615023475,0.720672217505709,0.14025867023251287,1055361.0946745551,17566.058514135402,1072927.1531886905,964,0,513.2887323943662,64,78,46,37.11767856400016,0.6083984375,43.17307692307692,8218.46153846153,128.4134615384614,0
966,32,2,1,142,0.013986013986013986,0.006993006993006993,0.993006993006993,143,3950,3000,950,0.759493670886076,49,30,19,230.44913730919785,0.40950334876391215,0.7177687370716856,0.13819538298445444,1057797.125054064,16203.686983371663,1074000.8120374356,965,0,509.7692307692308,67,76,42,36.95145715420513,0.6096082089552239,42.87683823529411,8227.941176470573,122.80509218612795,0
967,32,2,0,144,0.013888888888888888,0.0,1.0,144,3750,2400,1350,0.64,51,24,27,226.42165681175388,0.4100388905076405,0.7142880096663078,0.13629448478278522,1058939.0022675705,15403.344671201636,1074342.3469387721,966,0,507.2083333333333,69,75,46,36.91312856702143,0.6099033816425121,42.73809523809523,8232.380952380927,119.3098688750859,0
968,32,2,0,146,0.0136986301369863,0.0,1.0,146,4250,3200,1050,0.7529411764705882,53,32,21,223.97915334473558,0.41211029759093054,0.7160192957779927,0.13566811960472813,1060818.255542956,14070.23494583001,1074888.490488786,967,0,501.24657534246575,62,84,47,36.742679637834684,0.6164314516129032,42.509920634920626,8239.682539682524,132.89810547875038,0
969,32,0,0,146,0.0,0.0,1.0,146,4200,3300,900,0.7857142857142857,51,33,18,226.22474672388395,0.4120335380255078,0.7174979536896444,0.13752663982461288,1061908.4405881674,14645.993603202442,1076554.43419137,968,1,502.24657534246575,62,84,46,36.549590312988016,0.6177755376344086,42.37764550264549,8243.915343915327,132.96637651476334,0
970,32,1,2,145,0.006802721088435374,0.013605442176870748,0.9863945578231292,147,3450,2200,1250,0.6376811594202898,47,22,25,221.61344768690483,0.4128148976485571,0.7138513030878171,0.13531261461944777,1063216.1617755878,14274.599849505386,1077490.7616250932,969,0,499.82312925170066,65,82,44,36.506293495785634,0.6174679487179487,42.21906565656567,8248.989898989927,126.90753690753733,0
971,32,1,0,146,0.00684931506849315,0.0,1.0,146,3900,2800,1100,0.717948717948718,50,28,22,220.96367807942138,0.41424480396787905,0.7133033487466649,0.1356437406722842,1064823.7706059269,13957.475371896742,1078781.2459778236,970,0,496.9109589041096,66,80,38,36.32392675626267,0.618844696969697,42.024253731343286,8255.223880597025,125.07914970601553,0
972,32,0,1,145,0.0,0.00684931506849315,0.9931506849315068,146,3250,2400,850,0.7384615384615385,41,24,17,219.49205697044775,0.413972209100929,0.7128062723029371,0.13528749783996796,1066031.3105323336,14347.081028728757,1080378.3915610623,971,1,497.9109589041096,68,78,39,36.21244687487817,0.6191789215686274,41.878019323671495,8259.903381642505,121.46916737709567,0
973,32,1,2,144,0.00684931506849315,0.0136986301369863,0.9863013698630136,146,4000,2500,1500,0.625,55,25,30,217.36823791779193,0.41351657219335536,0.7101777723332345,0.13459837794192944,1067403.41446125,13203.91986977539,1080607.3343310254,972,0,498.8904109589041,68,78,41,36.09759483312879,0.6208639705882353,41.71195652173914,8265.217391304366,121.54731457800538,0
974,32,0,1,143,0.0,0.006944444444444444,0.9930555555555556,144,3900,2900,1000,0.7435897435897436,49,29,20,221.97478920020052,0.4122494981869982,0.7126772664070267,0.1374482894125811,1067397.9096080833,14687.085195597801,1082084.994803681,973,1,506.7361111111111,67,77,42,35.97929393274419,0.6214241293532339,41.712622549019606,8265.196078431372,123.36113549897571,0
975,32,0,1,142,0.0,0.006993006993006993,0.993006993006993,143,4050,2900,1150,0.7160493827160493,52,29,23,221.29660194298268,0.4117707409960931,0.7103446544005985,0.13726615719581714,1067912.3306274398,14615.073988172619,1082527.4046156125,974,2,511.23776223776224,63,80,42,35.93320155820153,0.6245039682539683,41.65039062499999,8267.187499999987,131.2251984126982,0
976,32,0,1,141,0.0,0.007042253521126761,0.9929577464788732,142,4300,3100,1200,0.7209302325581395,55,31,24,217.35058291865857,0.4110832251190357,0.7024003711164271,0.13518644364141674,1068719.8257446256,13757.375420464208,1082477.2011650898,975,3,515.5492957746479,63,79,39,35.93536799126727,0.6254960317460317,41.552734374999986,8270.312499999975,131.27480158730117,0
977,32,0,0,141,0.0,0.0,1.0,141,4650,3700,950,0.7956989247311828,56,37,19,219.45921206658866,0.4104968760553867,0.702735160407475,0.13692014414084822,1069633.2840236665,14098.175542406228,1083731.4595660728,976,4,519.8581560283687,64,77,42,35.768020949547534,0.6259765625,41.442307692307686,8273.846153846138,129.2788461538459,0
978,32,1,0,142,0.007042253521126761,0.0,1.0,142,3550,2500,1050,0.704225352112676,46,25,21,214.90207504402449,0.4116222155628808,0.6981439176898312,0.13455881873446152,1070692.3456422968,14068.801362456488,1084761.1470047534,977,0,517.1901408450705,67,75,42,35.75512968555692,0.6254664179104478,41.3143382352941,8277.941176470555,123.5513608428441,0
979,32,0,0,142,0.0,0.0,1.0,142,3850,2700,1150,0.7012987012987013,50,27,23,215.97759082345496,0.41144636732927115,0.6989339696499017,0.13558191905539266,1071453.320988319,14031.981389369312,1085485.3023776885,978,1,518.1901408450705,67,75,44,35.63341078158602,0.6263992537313433,41.222426470588225,8280.882352941155,123.59525899912171,0
980,32,0,0,142,0.0,0.0,1.0,142,3650,2700,950,0.7397260273972602,46,27,19,219.29700480354597,0.41155666267106183,0.7031032416616745,0.138141583234615,1072468.3752943545,14987.820489715294,1087456.1957840698,979,2,519.1901408450705,67,75,47,35.42227530915332,0.6276430348258706,41.09987745098038,8284.8039215686,123.65378987415822,0
981,32,0,0,142,0.0,0.0,1.0,142,4150,3100,1050,0.7469879518072289,52,31,21,220.1912124236555,0.4116159724303266,0.7041382872806203,0.13894484680932745,1072976.0826665189,14701.980908784879,1087678.0635753036,980,3,520.1901408450705,67,75,39,35.33650054224588,0.6282649253731343,41.03860294117646,8286.764705882324,123.68305531167648,0
982,32,1,0,143,0.006993006993006993,0.0,1.0,143,3100,2300,800,0.7419354838709677,39,23,16,218.22521543846403,0.41278029482254835,0.7036366804203738,0.1382301759197726,1074093.8195684233,15178.871035288197,1089272.6906037114,981,0,517.5454545454545,70,73,41,35.24962249905623,0.6279761904761905,40.903755868544586,8291.079812206537,118.44399731723624,0
983,32,1,1,143,0.006944444444444444,0.006944444444444444,0.9930555555555556,144,3700,2200,1500,0.5945945945945946,52,22,30,219.19771251684827,0.41328145234395236,0.7076808872027585,0.13971905402389656,1075925.9795095972,14668.102709190423,1090594.0822187876,982,0,514.9444444444445,71,73,42,34.99869820724539,0.6296948356807512,40.68287037037035,8298.148148148108,116.87532603025504,0
984,32,0,0,143,0.0,0.0,1.0,143,4450,3000,1450,0.6741573033707865,59,30,29,219.33678579664016,0.4133281624478808,0.7058334049452188,0.1402901978570107,1076930.3036679944,14192.086266707607,1091122.389934702,983,1,516.5244755244755,65,78,42,34.87143610333778,0.6342948717948718,40.56186868686869,8302.020202020214,127.72338772338792,0
985,32,1,0,144,0.006944444444444444,0.0,1.0,144,3900,2800,1100,0.717948717948718,50,28,22,214.90423447936746,0.4138844373219373,0.7023002268510325,0.13811081007667195,1078314.263894895,13646.860282102987,1091961.1241769982,984,0,513.9305555555555,67,77,39,34.81620394956827,0.634794776119403,40.39522058823529,8307.352941176463,123.99034240561885,0
986,32,1,0,145,0.006896551724137931,0.0,1.0,145,4400,3100,1300,0.7045454545454546,57,31,26,214.86838240137735,0.4148507343550447,0.7022861282256998,0.13886457356071483,1079940.543102117,13009.01551720337,1092949.5586193204,985,0,511.37931034482756,70,75,42,34.61723985392666,0.6351190476190476,40.19953051643192,8313.615023474169,118.76592890677384,0
987,32,2,3,144,0.013605442176870748,0.02040816326530612,0.9795918367346939,147,3550,2400,1150,0.676056338028169,47,24,23,210.95029692500088,0.41613471872767377,0.7010883175270983,0.13720682692952876,1081787.3955036115,12690.674458242,1094478.0699618536,986,0,505.40816326530614,73,74,34,34.4922946441461,0.6358447488584476,39.97747747747748,8320.72072072072,113.98247562631123,0
988,32,0,0,144,0.0,0.0,1.0,144,4650,3200,1450,0.6881720430107527,61,32,29,215.64259476313782,0.4138722966847967,0.7030621373083414,0.14062525249352387,1082539.092640818,13238.307773919758,1095777.4004147379,987,1,516.3541666666666,71,73,37,34.278011847155014,0.6377640845070423,39.88715277777778,8323.611111111113,117.23395931142413,0
989,32,0,0,144,0.0,0.0,1.0,144,3750,2900,850,0.7733333333333333,46,29,17,215.17436802397208,0.41377719502719507,0.7024745495203324,0.14079088241714052,1083502.687891163,14078.401223851306,1097581.0891150143,988,2,517.3541666666666,71,73,38,34.17195984136691,0.63893779342723,39.771412037037045,8327.314814814832,117.28612415232158,0
990,32,0,0,144,0.0,0.0,1.0,144,3100,1800,1300,0.5806451612903226,44,18,26,214.9645856616654,0.4137498785936286,0.7029422209869673,0.14083076824666285,1083864.1466263724,14698.481438614526,1098562.6280649868,989,3,518.3541666666666,71,73,40,34.13308319436722,0.6393779342723005,39.72800925925926,8328.703703703708,117.30568596765787,0
991,32,0,1,143,0.0,0.006944444444444444,0.9930555555555556,144,4200,2900,1300,0.6904761904761905,55,29,26,215.30318841732893,0.4136072261072261,0.7041383889797801,0.14184225622559657,1085464.0510215845,13740.774219467687,1099204.8252410523,990,4,519.3541666666666,65,79,41,33.928111555474764,0.6447115384615385,39.535984848484865,8334.848484848524,128.22843822843882,0
992,32,0,0,143,0.0,0.0,1.0,143,4400,3100,1300,0.7045454545454546,57,31,26,217.56846590052513,0.41343281132013526,0.7051789573011049,0.13695791493293985,1072264.9783157147,13658.209274201985,1085923.1875899166,991,5,522.5244755244755,72,71,44,35.49211314445304,0.6247106481481481,41.12442922374429,8284.018264840182,115.05580923389142,7
993,32,0,0,143,0.0,0.0,1.0,143,4750,3700,1050,0.7789473684210526,58,37,21,222.219786258622,0.41353335631504645,0.7101285569092355,0.1406537384825951,1073871.63271605,14377.104938271628,1088248.7376543216,992,6,523.5244755244755,74,69,38,35.17351989849711,0.6257038288288288,40.93055555555556,8290.222222222226,112.03003003003009,0
994,32,0,1,142,0.0,0.006993006993006993,0.993006993006993,143,3650,2500,1150,0.684931506849315,48,25,23,222.8557123617832,0.4135826028431662,0.7110077813626863,0.14157544591683602,1074947.0587132946,15661.618504151054,1090608.6772174456,993,7,524.5244755244755,76,67,39,35.02446503131528,0.6260964912280702,40.80086580086581,8294.372294372311,109.13647755753041,0
995,32,0,0,142,0.0,0.0,1.0,142,3700,2500,1200,0.6756756756756757,49,25,24,225.74395597394584,0.4124098907868012,0.7141716659403423,0.1441989357125416,1076547.9896383898,16504.840395353738,1093052.8300337435,994,8,529.0140845070423,60,82,43,34.75230414746543,0.6371527777777778,40.60792349726776,8300.54644808744,138.34244080145734,0
996,32,1,0,143,0.006993006993006993,0.0,1.0,143,4150,3200,950,0.7710843373493976,51,32,19,225.01882543779533,0.4134081880560754,0.7148396259110996,0.14441314479650494,1077916.3692225858,15760.295064527814,1093676.6642871136,995,0,526.3076923076923,62,81,43,34.60260330403022,0.6374327956989247,40.44312169312169,8305.820105820103,133.96484041645328,0
997,32,0,0,143,0.0,0.0,1.0,143,4600,3400,1200,0.7391304347826086,58,34,24,224.36752191746925,0.4133774089760005,0.7120026268542348,0.14470053433014,1079334.5208744227,15233.522353714543,1094568.0432281373,996,1,527.3076923076923,64,79,41,34.4449929043006,0.6378580729166667,40.27243589743589,8311.282051282036,129.86378205128182,0
998,32,1,1,143,0.006944444444444444,0.006944444444444444,0.9930555555555556,144,3400,2400,1000,0.7058823529411765,44,24,20,220.71390826303752,0.4147787975912976,0.706750098604273,0.1430953645776615,1080857.2704081594,15512.04648526053,1096369.31689342,997,0,524.6388888888889,69,75,44,34.35269475934196,0.6367753623188406,40.0892857142857,8317.142857142828,120.53830227743228,0
999,32,0,0,143,0.0,0.0,1.0,143,4600,3000,1600,0.6521739130434783,62,30,32,219.35904871258776,0.4142925736235596,0.7038978602347936,0.14275016443012412,1081937.0632930316,14266.536994169797,1096203.6002872013,998,1,525.7902097902098,71,72,40,34.255266866956,0.6370305164319249,39.95949074074072,8321.296296296243,117.20135628586257,0
1000,32,1,1,143,0.006944444444444444,0.006944444444444444,0.9930555555555556,144,4000,2600,1400,0.65,54,26,28,218.71445717383807,0.4151217705905206,0.7069627786193471,0.14295325411602583,1083193.3791899967,14582.010388766936,1097775.3895787636,999,0,523.1319444444445,73,71,41,34.11779557094423,0.6375570776255708,39.808558558558545,8326.126126126095,114.05652227569993,0
1001,32,0,0,143,0.0,0.0,1.0,143,3400,2300,1100,0.6764705882352942,45,23,22,223.75284029751205,0.4149799730785646,0.7106568330305894,0.14667898481498248,1084041.7273824608,16511.48310056929,1100553.2104830302,1000,1,526.5174825174826,75,68,42,33.88255182279323,0.6376388888888889,39.70668859649122,8329.385964912259,111.05847953216345,0
1002,32,0,0,143,0.0,0.0,1.0,143,4550,3400,1150,0.7472527472527473,57,34,23,226.13893730076524,0.41459831248563644,0.7125236019436816,0.1484248877699837,1084393.1429321025,15894.702591780442,1100287.845523883,1001,2,527.5174825174826,76,67,42,33.77730288228366,0.637609649122807,39.66450216450216,8330.73593073592,109.61494645705159,0
1003,32,0,1,142,0.0,0.006993006993006993,0.993006993006993,143,4100,3200,900,0.7804878048780488,50,32,18,230.18263681071926,0.41446083259463545,0.7189990890084592,0.1517953482552773,1085747.7188110412,17284.05456543011,1103031.7733764714,1002,3,528.5174825174826,63,80,41,33.505740393626986,0.6463293650793651,39.50195312500002,8335.937500000047,132.316468253969,0
1004,32,0,0,142,0.0,0.0,1.0,142,3400,2400,1000,0.7058823529411765,44,24,20,232.7151089594604,0.4130394066526821,0.7206860149026564,0.15383025988608495,1086426.205105257,18765.558539496862,1105191.763644754,1003,4,533.1197183098592,63,79,42,33.35649594003748,0.6471560846560847,39.420572916666686,8338.541666666708,132.35780423280488,0
1005,32,1,0,143,0.006993006993006993,0.0,1.0,143,4350,3100,1250,0.7126436781609196,56,31,25,228.2782213027068,0.4136113299845694,0.7169683405075717,0.1516910589417198,1087921.6479790132,16719.76374347184,1104641.411722485,1004,0,530.3846153846154,66,77,41,33.28874016217505,0.6470959595959596,39.24129353233832,8344.278606965196,126.4284637418969,0
1006,32,0,0,143,0.0,0.0,1.0,143,4300,3500,800,0.813953488372093,51,35,16,226.85541596778782,0.4135908105978528,0.7163421168546,0.15136623202208613,1089089.5375423932,16513.172013069343,1105602.7095554625,1005,1,531.3846153846154,66,77,41,33.18274139403692,0.6485164141414141,39.101368159204,8348.756218905517,126.49630634705329,0
1007,32,0,0,143,0.0,0.0,1.0,143,3550,2400,1150,0.676056338028169,47,24,23,226.10781317285623,0.4137713812009587,0.7162767819871008,0.15127522732710322,1089855.3058414457,17134.959975728852,1106990.2658171745,1006,2,532.3846153846154,68,75,45,33.10846637359248,0.6482843137254901,39.0096618357488,8351.69082125606,122.81898266553029,0
1008,32,0,0,143,0.0,0.0,1.0,143,3700,2700,1000,0.7297297297297297,47,27,20,226.2722509784115,0.413410239994747,0.7167337157224798,0.15210143759122866,1091191.1216910256,17081.254270537316,1108272.3759615629,1007,3,533.3846153846154,70,73,40,32.940660112359566,0.6488095238095238,38.849765258215974,8356.807511737114,119.38296445338733,0
1009,32,0,0,143,0.0,0.0,1.0,143,3700,2900,800,0.7837837837837838,45,29,16,228.5807237753157,0.41330969499983583,0.7205314344532419,0.15413408177500587,1092073.380165468,17625.38473079573,1109698.7648962636,1008,4,534.3846153846154,71,72,41,32.772409273821395,0.6493544600938967,38.74421296296297,8360.185185185199,117.7490871152845,0
1010,32,1,1,143,0.006944444444444444,0.006944444444444444,0.9930555555555556,144,3000,2000,1000,0.6666666666666666,40,20,20,225.41340413039313,0.4137680895493396,0.7190028244530611,0.15253192740135396,1093060.8311013754,17478.11257203171,1110538.9436734072,1009,0,531.6666666666666,73,71,42,32.73440866006033,0.6495433789954338,38.62612612612614,8363.963963963992,114.57484882142454,0
1011,32,0,0,143,0.0,0.0,1.0,143,4150,3000,1150,0.7228915662650602,53,30,23,230.44586437354474,0.4125853606487409,0.7232787447786813,0.15640647636065397,1093905.703227794,17667.2090646959,1111572.91229249,1010,1,536.3496503496503,62,81,42,32.49955208465075,0.6569220430107527,38.52513227513228,8367.195767195773,134.9547704386415,0
1012,32,0,0,143,0.0,0.0,1.0,143,4900,3800,1100,0.7755102040816326,60,38,22,231.80038883226143,0.41233707606947045,0.7261864778295515,0.1581038514173145,1095289.6055541525,17277.7112902772,1112567.3168444298,1011,2,537.3496503496503,62,81,41,32.294958080552725,0.6586021505376345,38.35978835978835,8372.486772486747,135.0401092336572,0
1013,32,1,0,144,0.006944444444444444,0.0,1.0,144,4200,2700,1500,0.6428571428571429,57,27,30,227.01446602056473,0.41339476495726496,0.7224381027384019,0.15550684290778347,1096492.5808376705,16783.935546874833,1113276.5163845452,1012,0,534.6111111111111,63,81,43,32.2732736466882,0.6593915343915344,38.21614583333332,8377.083333333308,132.96957671957634,0
1014,32,0,0,144,0.0,0.0,1.0,144,4050,2800,1250,0.691358024691358,53,28,25,225.92878830468098,0.41329763986013984,0.7219468581296988,0.15526191162637054,1097390.548980932,16736.423405654,1114126.972386586,1013,1,535.6111111111111,64,80,41,32.192102149879645,0.6598307291666667,38.10897435897435,8380.512820512808,130.94551282051262,0
1015,32,0,0,144,0.0,0.0,1.0,144,3900,2900,1000,0.7435897435897436,49,29,20,228.4069997880176,0.4131964678839679,0.7245788660000809,0.15760652578888876,1098526.3142791537,17482.219926538015,1116008.5342056917,1014,2,536.6111111111111,65,79,41,31.988615829418148,0.6605769230769231,37.973484848484844,8384.848484848475,128.99766899766885,0
1016,32,0,0,144,0.0,0.0,1.0,144,3900,2700,1200,0.6923076923076923,51,27,24,228.63115129640164,0.41304066304066306,0.7254545619271648,0.15846309512171028,1099759.1682445947,17587.840956906835,1117347.0092015015,1015,3,537.6111111111111,66,78,37,31.832389452252475,0.6614583333333333,37.82649253731342,8389.552238805945,127.11442786069614,0
1017,32,0,0,144,0.0,0.0,1.0,144,3350,2500,850,0.746268656716418,42,25,17,229.4925182694795,0.41258741258741255,0.7262478989415218,0.15952665064115887,1100570.697718421,18364.548190599475,1118935.2459090205,1016,4,538.6111111111111,67,77,38,31.710874072776114,0.6618470149253731,37.72977941176469,8392.647058823493,125.26338893766408,0
1018,32,0,1,143,0.0,0.006944444444444444,0.9930555555555556,144,3950,2800,1150,0.7088607594936709,51,28,23,229.03273169502745,0.41188426735301736,0.7252585742200657,0.15997014710112092,1101892.4448356072,17723.887334962412,1119616.3321705696,1017,5,539.6111111111111,71,73,41,31.561885532094752,0.6612382629107981,37.57233796296297,8397.6851851852,118.27725612936902,0
1019,32,1,0,144,0.006944444444444444,0.0,1.0,144,4100,3200,900,0.7804878048780488,50,32,18,231.00006903733194,0.4115068958818959,0.7278011582070631,0.15115709576727068,1083524.1426627918,17158.830351744284,1100682.973014536,1018,0,540.5694444444445,72,72,37,33.757493922611516,0.6384548611111112,39.768835616438366,8327.397260273998,115.6582952815833,8
1020,32,0,0,144,0.0,0.0,1.0,144,5000,3300,1700,0.66,67,33,34,233.34024874338655,0.4115129662004662,0.7320846453224228,0.1537543674477664,1085518.4851450012,16859.03066785582,1102377.515812857,1019,1,541.5694444444445,57,87,38,33.45162782412833,0.6504020467836258,39.52945402298851,8335.057471264381,146.22907844323476,0
1021,32,0,0,144,0.0,0.0,1.0,144,4550,3600,950,0.7912087912087912,55,36,19,214.91911708394414,0.41149273180523177,0.7078234251250961,0.14235950209056958,1087013.722587309,13374.005903319015,1100387.728490628,1020,2,542.5694444444445,66,78,41,33.74826026443981,0.6459911616161615,39.35012437810944,8340.796019900474,126.3756972712193,7
1022,32,0,0,144,0.0,0.0,1.0,144,4350,3400,950,0.7816091954022989,53,34,19,215.13920935924224,0.4112054033929034,0.7088448059830068,0.14319625404810202,1088391.0184784664,13681.116637831426,1102072.1351162978,1021,3,543.5694444444445,67,77,44,33.573896785308754,0.6470771144278606,39.18504901960783,8346.078431372523,124.56833479660483,0
1023,32,0,0,144,0.0,0.0,1.0,144,3400,2300,1100,0.6764705882352942,45,23,22,215.49898084809087,0.41104453995079,0.7100485495476099,0.14388844142632431,1089286.1557153503,14748.011281718593,1104034.1669970688,1022,4,544.5694444444445,67,77,44,33.45497221080645,0.6481654228855722,39.07781862745098,8349.509803921572,124.61954931226227,0
1024,32,0,0,144,0.0,0.0,1.0,144,4400,3400,1000,0.7727272727272727,54,34,20,216.09296391007751,0.41064288720538716,0.7109882265508884,0.14500348334186464,1090693.5433487128,13938.240099961648,1104631.7834486745,1023,5,545.5694444444445,67,77,40,33.26732770085273,0.6498756218905473,38.9093137254902,8354.90196078432,124.70002926543762,0
1025,32,0,0,144,0.0,0.0,1.0,144,4100,3400,700,0.8292682926829268,48,34,14,220.30886431220534,0.41067829739704736,0.7158991650610149,0.14818597793939187,1091368.8184088324,15187.644985880735,1106556.4633947131,1024,6,546.5694444444445,68,76,41,33.07466281310212,0.6501225490196079,38.82850241545894,8357.487922705326,122.90423415743126,0
1026,32,0,0,144,0.0,0.0,1.0,144,5000,3500,1500,0.7,65,35,30,220.911417258913,0.4102513516576016,0.717035529353047,0.1491445163525871,1092417.5235292844,14465.500672265345,1106883.0242015498,1025,7,547.5694444444445,70,74,43,32.930703724499345,0.6502976190476191,38.703051643192495,8361.502347417858,119.45003353454082,0
1027,32,0,0,144,0.0,0.0,1.0,144,3350,2300,1050,0.6865671641791045,44,23,21,221.2455716158794,0.4097161519036519,0.7171375014759724,0.1497784768996704,1093186.419753083,16222.53086419734,1109408.9506172803,1026,8,548.5694444444445,74,70,44,32.827997697484925,0.6492117117117118,38.6111111111111,8364.444444444418,113.03303303303268,0
1028,32,0,1,143,0.0,0.006944444444444444,0.9930555555555556,144,3950,2800,1150,0.7088607594936709,51,28,23,224.2134585728088,0.4097009761072261,0.7216543080599138,0.15204111113542937,1093655.629634187,16292.462241580368,1109948.0918757676,1027,9,549.5694444444445,77,67,44,32.6930730789532,0.6484036796536796,38.55502136752134,8366.239316239253,108.65245865245782,0
1029,32,0,0,143,0.0,0.0,1.0,143,4850,3300,1550,0.6804123711340206,64,33,31,227.98066892054328,0.4089903640959979,0.7241645246523927,0.1559035496244168,1096017.6212567892,16524.16608856492,1112541.7873453542,1028,19,554.3496503496503,61,82,43,32.305976376941835,0.6601775956284153,38.27284946236558,8375.268817204274,137.29948880662744,0
1030,32,0,0,143,0.0,0.0,1.0,143,4050,3100,950,0.7654320987654321,50,31,19,228.59717650763724,0.40867231360189105,0.7253398158126991,0.15708245894596373,1097367.0993603189,17521.004101228897,1114888.1034615478,1029,20,555.3496503496503,62,81,42,32.125081549761106,0.661122311827957,38.11177248677248,8380.423280423269,135.16811742618177,0
1031,32,0,0,143,0.0,0.0,1.0,143,4100,3100,1000,0.7560975609756098,51,31,20,228.087013393477,0.40799722577891595,0.7249763215732297,0.15770224030378502,1099084.6803453208,17437.388441297597,1116522.0687866185,1030,21,556.3496503496503,63,80,38,31.92889782442197,0.6625330687830688,37.90690104166666,8386.979166666646,133.1266534391531,0
1032,32,0,0,143,0.0,0.0,1.0,143,4000,2800,1200,0.7,52,28,24,232.41189486342984,0.40773047375160054,0.7289808848828891,0.1612133114557895,1099982.4993941945,18529.803400163248,1118512.3027943578,1031,22,557.3496503496503,65,78,38,31.706030919560995,0.6623397435897436,37.79987373737374,8390.40404040404,129.0831390831391,0
1033,32,0,0,143,0.0,0.0,1.0,143,4100,3100,1000,0.7560975609756098,51,31,20,234.95591950025033,0.40736317672937394,0.7317624280314772,0.16378062813515604,1101342.2158845142,19053.374603517805,1120395.590488032,1032,23,558.3496503496503,67,76,39,31.473514042155667,0.6627798507462687,37.63786764705882,8395.588235294108,125.30728709394191,0
1034,32,0,0,143,0.0,0.0,1.0,143,3850,2700,1150,0.7012987012987013,50,27,23,231.84566324965226,0.40727494336649267,0.7278979218917081,0.16184503287572097,1101739.2617097239,18636.693971854584,1120375.9556815785,1033,24,559.3496503496503,68,75,39,31.506731101139085,0.6626838235294117,37.59057971014492,8397.101449275355,123.48678601875521,0
1035,32,0,0,143,0.0,0.0,1.0,143,4400,3500,900,0.7954545454545454,53,35,18,231.27284184132702,0.4069014905282511,0.7274630347541109,0.1617442658365315,1102250.0141723354,17984.09863945579,1120234.1128117912,1034,25,560.3496503496503,69,74,40,31.459538118456347,0.6627415458937198,37.529761904761905,8399.047619047618,121.72532781228432,0
1036,32,0,0,143,0.0,0.0,1.0,143,3550,2500,1050,0.704225352112676,46,25,21,231.34874845227137,0.406345415148232,0.7119387160797157,0.15643774838464994,1092862.065108418,18416.45419875972,1111278.5193071777,1035,26,561.3496503496503,76,67,39,32.603589730317324,0.6478892543859649,38.64989177489179,8363.203463203505,110.04215083162507,7
1037,32,0,0,143,0.0,0.0,1.0,143,3750,2200,1550,0.5866666666666667,53,22,31,229.9963492642966,0.40635157096424707,0.7108907029225742,0.1560245504468612,1093767.361111115,17962.500000000196,1111729.8611111152,1036,27,562.3496503496503,78,65,39,32.528220451527254,0.6481036324786325,38.54166666666668,8366.666666666697,107.26495726495766,0
1038,32,0,0,143,0.0,0.0,1.0,143,4100,3300,800,0.8048780487804879,49,33,16,232.72655474444485,0.406142273219738,0.7150521609537994,0.15874479053654678,1095305.8919646333,18281.35332564423,1113587.2452902775,1037,28,563.3496503496503,67,76,39,32.26873536299767,0.6554726368159204,38.35784313725492,8372.549019607875,124.96341820310262,0
1039,32,0,0,143,0.0,0.0,1.0,143,3800,2900,900,0.7631578947368421,47,29,18,231.40571588339043,0.40599248169670704,0.7151955465396032,0.15868996957554948,1096800.8624763722,18361.197752573047,1115162.0602289452,1038,29,564.3496503496503,68,75,40,32.120668281150884,0.6567095588235294,38.17934782608696,8378.260869565229,123.2097186700769,0
1040,32,0,0,143,0.0,0.0,1.0,143,3400,2100,1300,0.6176470588235294,47,21,26,230.8231841756301,0.4062366623986342,0.7135969912440481,0.1585909868181299,1097330.018845472,18657.841808283432,1115987.8606537555,1039,30,565.3496503496503,70,73,38,32.07131185807656,0.65625,38.116197183098606,8380.281690140882,119.71830985915547,0
1041,32,0,0,143,0.0,0.0,1.0,143,4450,3600,850,0.8089887640449438,53,36,17,233.74200805957736,0.40649931054860633,0.7154356536709463,0.16109246501403363,1098189.1536873756,18288.587602427204,1116477.7412898028,1040,31,566.3496503496503,72,71,40,31.889978213507618,0.65625,38.013698630137,8383.561643835652,116.43835616438406,0
1042,32,0,0,143,0.0,0.0,1.0,143,4550,3300,1250,0.7252747252747253,58,33,25,234.3272609341914,0.4061710003611412,0.7161192096494104,0.16242445980272913,1099782.0825470781,18391.784605551722,1118173.86715263,1041,32,567.3496503496503,73,70,33,31.680257270693538,0.6576769406392694,37.823761261261275,8389.63963963967,114.92657040602288,0
1043,32,0,1,142,0.0,0.006993006993006993,0.993006993006993,143,4100,3300,800,0.8048780487804879,49,33,16,235.555443939399,0.4060622476115434,0.7175883267884695,0.16400917822006864,1101023.2221332125,19170.402775435603,1120193.6249086482,1042,33,568.3496503496503,76,67,34,31.496678012136226,0.6577576754385965,37.67586580086582,8394.372294372346,110.45226703121507,0
1044,32,0,1,141,0.0,0.007042253521126761,0.9929577464788732,142,3750,2500,1250,0.6666666666666666,50,25,25,237.42306057978595,0.40515641128092433,0.7200096133041145,0.16578590817590763,1101818.287232255,20169.41399149227,1121987.7012237473,1043,34,572.8591549295775,76,66,36,31.350740626181413,0.658717105263158,37.58116883116885,8397.40259740265,110.49213943950855,0
1045,32,0,0,141,0.0,0.0,1.0,141,4250,2800,1450,0.6588235294117647,57,28,29,241.29144752908962,0.4040822357311719,0.721355985390941,0.1690666359814182,1102765.1674573994,20767.560708090838,1123532.7281654903,1044,35,573.6595744680851,65,76,37,31.133772193499254,0.6657051282051283,37.46843434343433,8401.010101010079,129.2463092463089,0
1046,32,0,0,141,0.0,0.0,1.0,141,3300,2100,1200,0.6363636363636364,45,21,24,238.43501835474865,0.40386482607227286,0.7163526386908352,0.1677407935025772,1103875.42871315,21140.511621315098,1125015.9403344651,1045,36,574.6595744680851,69,72,35,31.07348733782789,0.6647041062801933,37.33630952380952,8405.23809523808,121.81504485852291,0
1047,32,0,0,141,0.0,0.0,1.0,141,3300,2500,800,0.7575757575757576,41,25,16,240.53082216479714,0.40384582911178657,0.7206126836964593,0.16967849488469072,1104626.0239512431,21639.321145124442,1126265.3450963676,1046,37,575.6595744680851,69,72,36,30.927004870589556,0.6656099033816425,37.247023809523796,8408.095238095208,121.85645272601751,0
1048,32,0,0,141,0.0,0.0,1.0,141,3750,2400,1350,0.64,51,24,27,237.2127392167265,0.4034933299560959,0.7167177889218896,0.16792337607846985,1105583.1384039714,20501.68093852602,1126084.8193424975,1047,38,576.6595744680851,70,71,36,30.897680973377245,0.6662202380952381,37.1332159624413,8411.73708920184,120.16767270288344,0
1049,32,0,0,141,0.0,0.0,1.0,141,3300,2400,900,0.7272727272727273,42,24,18,235.46550741611767,0.40329280648429583,0.7132789646806028,0.16715667236255588,1106353.3611111129,20601.61111111118,1126954.972222224,1048,39,577.6595744680851,74,67,40,30.849904927903655,0.6651182432432432,37.04166666666667,8414.66666666668,113.7117117117119,0
1050,32,0,0,141,0.0,0.0,1.0,141,3300,2500,800,0.7575757575757576,41,25,16,248.62419012943215,0.4030986153326579,0.7278028231411431,0.17268387627357196,1100343.5212985573,23214.40336940445,1123557.9246679617,1049,40,578.6595744680851,72,69,37,31.236850219465314,0.6588541666666667,37.7568493150685,8391.780821917826,116.55251141552536,8
1051,32,0,0,141,0.0,0.0,1.0,141,4300,3400,900,0.7906976744186046,52,34,18,247.8002378121285,0.40245905099628504,0.7262114912885282,0.17259448878180997,1101118.8538781165,22071.502770083134,1123190.3566481995,1050,41,579.6595744680851,75,66,38,31.163793103448278,0.6583333333333333,37.66447368421053,8394.736842105263,111.9298245614035,0
1052,32,0,0,141,0.0,0.0,1.0,141,4050,2700,1350,0.6666666666666666,54,27,27,249.04349455641352,0.4015303107058426,0.7280057943194715,0.17426041638434184,1102389.2432881128,22658.57390197436,1125047.8171900872,1051,42,580.6595744680851,78,63,40,30.9761223020378,0.6585202991452992,37.51318565400844,8399.578059071731,107.68689819322732,0
1053,32,0,1,140,0.0,0.0070921985815602835,0.9929078014184397,141,3900,3200,700,0.8205128205128205,46,32,14,247.82630587112106,0.4015471968929416,0.7269850901144517,0.17365066523462988,1102773.454454209,22559.25428602429,1125332.7087402332,1052,43,581.6595744680851,63,78,40,30.961200661293674,0.6669973544973544,37.467447916666664,8401.041666666659,133.3498677248676,0
1054,32,0,0,140,0.0,0.0,1.0,140,3450,2200,1250,0.6376811594202898,47,22,25,244.29076083544973,0.400921762589928,0.7199886701839835,0.17198069562815665,1104067.7210960127,22492.70872008123,1126560.429816094,1053,44,585.8714285714286,66,74,39,30.896242700441935,0.6666666666666667,37.3134328358209,8405.970149253733,127.36318407960202,0
1055,32,1,0,141,0.0070921985815602835,0.0,1.0,141,3800,2700,1100,0.7105263157894737,49,27,22,239.46728833556514,0.40141632894292467,0.7158639762565524,0.1694691578990152,1105502.040816326,20946.315192743717,1126448.3560090696,1054,0,582.7092198581561,69,72,38,30.84828842089372,0.6666666666666667,37.14285714285714,8411.428571428565,121.90476190476181,0
1056,32,0,0,141,0.0,0.0,1.0,141,3200,2100,1100,0.65625,43,21,22,239.12849247784732,0.40139099966227626,0.7143361227287826,0.16997212668180517,1106699.1963522458,21528.662090031634,1128227.8584422774,1055,1,583.7092198581561,72,69,41,30.711505072974884,0.6665219907407407,37.000570776255714,8415.981735159827,116.88863521055315,0
1057,32,0,0,141,0.0,0.0,1.0,141,3600,2400,1200,0.6666666666666666,48,24,24,242.58153265889823,0.4010300574130361,0.7159635627623795,0.17295894428324704,1107539.9934321647,21933.749817560183,1129473.7432497249,1056,2,584.7092198581561,72,69,41,30.518381422424724,0.6675347222222222,36.90068493150685,8419.17808219179,116.93302891933041,0
1058,32,0,0,141,0.0,0.0,1.0,141,4350,3300,1050,0.7586206896551724,54,33,21,243.42444904343012,0.400983620398514,0.7188788691312462,0.1745023944215901,1109012.9688387744,21442.17418431962,1130455.143023094,1057,3,585.7092198581561,73,68,33,30.31705029496161,0.6688070776255708,36.7257882882883,8424.7747747748,115.40787362705206,0
1059,32,0,1,140,0.0,0.0070921985815602835,0.9929078014184397,141,3600,2500,1100,0.6944444444444444,47,25,22,244.89844799319346,0.400983620398514,0.720348498415269,0.17603352429290967,1109745.1975308699,22554.97530864229,1132300.1728395121,1058,4,586.7092198581561,74,67,35,30.189216151601467,0.6692004504504505,36.63888888888891,8427.5555555556,113.8858858858865,0
1060,32,0,0,140,0.0,0.0,1.0,140,4250,3400,850,0.8,51,34,17,247.987464631467,0.4006112966769442,0.7227107355573155,0.1788816244874984,1110696.9978073887,22837.786492007297,1133534.784299396,1059,5,586.2,76,64,35,29.992148456219635,0.669407894736842,36.52597402597403,8431.168831168841,110.9364319890637,0
1061,32,0,0,140,0.0,0.0,1.0,140,3600,2800,800,0.7777777777777778,44,28,16,246.50954994268776,0.400497816032888,0.7223213734329648,0.17828178393130628,1111404.626634387,23194.370863172844,1134598.99749756,1060,6,587.2,63,77,39,29.94510230758148,0.6774140211640212,36.44205729166667,8433.854166666677,133.87070105820123,0
1062,32,0,0,140,0.0,0.0,1.0,140,3750,2500,1250,0.6666666666666666,50,25,25,245.31907053764388,0.40013489208633096,0.7195446188053192,0.17794420639736586,1112199.269366645,22818.738202734326,1135018.0075693794,1061,7,588.2,65,75,39,29.879963583757338,0.6770833333333333,36.34785353535353,8436.868686868676,129.79797979797965,0
1063,32,0,0,140,0.0,0.0,1.0,140,3900,3100,800,0.7948717948717948,47,31,16,244.04679882373435,0.399934695101062,0.7182111061510861,0.17727099592502607,1112578.900429445,22404.263817727282,1134983.1642471724,1062,8,589.2,66,74,39,29.86741642591829,0.676925505050505,36.30286069651741,8438.308457711446,127.85315845017342,0
1064,32,0,0,140,0.0,0.0,1.0,140,3850,2700,1150,0.7012987012987013,50,27,23,240.30154877023148,0.39976447413497773,0.7134466224791984,0.17512623662175889,1113464.6267361126,21663.454861111146,1135128.0815972239,1063,9,590.2,67,73,40,29.858711747285287,0.6773942786069651,36.19791666666667,8441.666666666679,125.99502487562206,0
1065,32,0,0,140,0.0,0.0,1.0,140,4250,3500,750,0.8235294117647058,50,35,15,239.82213957734,0.3994700668036999,0.7130411688757414,0.17542136586155088,1114452.5105603419,21204.077107983976,1135656.5876683258,1064,10,591.2,68,72,40,29.751553979331145,0.6780024509803921,36.08091787439614,8445.410628019341,124.19721511793148,0
1066,32,0,0,140,0.0,0.0,1.0,140,4050,2600,1450,0.6419753086419753,55,26,29,238.1388650912888,0.3994036913326482,0.7170882088917583,0.16655031960239652,1102256.957840365,20448.04419581631,1122705.0020361813,1065,11,592.2,71,69,44,31.278479035754966,0.6616784037558685,37.52893518518519,8399.074074074086,118.29681794470544,8
1067,32,0,0,140,0.0,0.0,1.0,140,2750,1700,1050,0.6181818181818182,38,17,21,235.73620422782744,0.3993769270298047,0.7140970841309076,0.16518725632628178,1102786.9039087475,21243.35975992128,1124030.2636686687,1066,12,593.2,60,80,44,31.27696652356793,0.6690972222222222,37.465846994535525,8401.092896174874,140.01821493624792,0
1068,32,0,0,140,0.0,0.0,1.0,140,3700,2900,800,0.7837837837837838,45,29,16,234.6795899115429,0.3991906474820144,0.7123956296932381,0.16546074964096955,1104476.6916695556,20139.62741357372,1124616.3190831293,1067,13,594.2,61,79,42,31.098925693822746,0.6704234972677596,37.26478494623655,8407.526881720418,137.8283095364003,0
1069,32,0,0,140,0.0,0.0,1.0,140,3850,2700,1150,0.7012987012987013,50,27,23,232.96468207195426,0.39900436793422406,0.7103138650703769,0.16456625141562847,1105001.4172335595,19635.260770974994,1124636.6780045344,1068,14,595.2,62,78,45,31.080124575311427,0.6703629032258065,37.20238095238095,8409.523809523806,135.63748079877107,0
1070,32,1,0,141,0.0070921985815602835,0.0,1.0,141,3450,2600,850,0.7536231884057971,43,26,17,229.6067077536838,0.3994343127321851,0.7086027318642436,0.16319080471830694,1106677.0258053923,19170.093688362926,1125847.1194937553,1069,0,591.9716312056737,64,77,43,30.96462230617675,0.6710611979166667,37.00320512820513,8415.897435897445,131.49839743589757,0
1071,32,0,1,140,0.0,0.0070921985815602835,0.9929078014184397,141,3050,2000,1050,0.6557377049180327,41,20,21,222.22914672118736,0.399233789260385,0.704260654557237,0.14386828975967086,1080436.8425647914,16770.91152186145,1097207.754086653,1070,1,592.9716312056737,72,69,42,34.364990024344245,0.634693287037037,40.1398401826484,8315.525114155245,115.4934043632673,8
1072,32,0,0,140,0.0,0.0,1.0,140,3350,2200,1150,0.6567164179104478,45,22,23,223.2031894505237,0.39920884720794797,0.7030983583729169,0.14482326410377272,1081084.7460636313,16910.31267754242,1097995.0587411737,1071,2,595.9,73,67,44,34.26003646341022,0.6349885844748858,40.06193693693694,8318.01801801802,113.94545230161671,0
1073,32,1,0,141,0.0070921985815602835,0.0,1.0,141,2950,2200,750,0.7457627118644068,37,22,15,220.11028753103258,0.40079998311381293,0.7007761950892812,0.14343450605044197,1082329.947676207,16496.391197291447,1098826.3388734984,1072,0,592.6666666666666,75,66,37,34.187482433951665,0.6355555555555555,39.91228070175438,8322.807017543852,110.97076023391801,0
1074,32,0,0,141,0.0,0.0,1.0,141,4100,3100,1000,0.7560975609756098,51,31,20,220.29056527258678,0.40050869638635594,0.7009086303288274,0.14402001130023623,1083266.4422518357,15426.675380896362,1098693.117632732,1073,1,593.6666666666666,76,65,37,34.067818273196764,0.6362390350877193,39.79978354978356,8326.406926406957,109.55798587377575,0
1075,32,0,0,141,0.0,0.0,1.0,141,3550,2500,1050,0.704225352112676,46,25,21,226.88123718820498,0.4007535460992908,0.7107212748639211,0.14013077856234085,1066645.037415356,16650.34914589095,1083295.3865612468,1074,2,594.6666666666666,75,66,40,35.9457391088934,0.6163888888888889,41.80372807017543,8262.280701754366,110.1637426900582,8
1076,32,0,0,141,0.0,0.0,1.0,141,3100,1900,1200,0.6129032258064516,43,19,24,224.7880297441686,0.40066489361702123,0.7075532784035596,0.1389598729327589,1066905.9445601676,16665.5370400043,1083571.481600172,1075,3,595.6666666666666,78,63,40,35.96749897875818,0.6153846153846154,41.77215189873418,8263.291139240515,105.93962999026301,0
1077,32,2,0,143,0.013986013986013986,0.0,1.0,143,3800,3000,800,0.7894736842105263,46,30,16,221.8452137757043,0.40313618306576054,0.7081709363172477,0.13816074510432855,1069102.9750164356,15035.075608152514,1084138.050624588,1076,0,588.3216783216783,64,79,40,35.77185368877869,0.6253255208333333,41.506410256410255,8271.794871794866,129.24679487179478,0
1078,32,1,0,144,0.006944444444444444,0.0,1.0,144,3850,2700,1150,0.7012987012987013,50,27,23,218.03507964696257,0.40463731869981867,0.7047753437372706,0.13654067332502096,1070735.8767419104,14041.596433256465,1084777.4731751669,1077,0,585.2291666666666,66,78,42,35.66871005869743,0.626104797979798,41.30907960199004,8278.109452736304,125.4259007990349,0
1079,32,1,1,144,0.006896551724137931,0.006896551724137931,0.993103448275862,145,4000,2900,1100,0.725,51,29,22,219.68555951909178,0.4052422573435504,0.7087514863258035,0.13849741795768766,1072704.0816326484,14131.519274376114,1086835.6009070245,1078,0,582.1862068965518,69,76,43,35.383141762452105,0.6268115942028986,41.071428571428555,8285.714285714248,120.0828157349891,0
1080,32,0,1,143,0.0,0.006944444444444444,0.9930555555555556,144,3850,2600,1250,0.6753246753246753,51,26,25,221.17935702790277,0.40461910774410775,0.709200995569653,0.13986900887122627,1073607.3089554503,14841.95485904449,1088449.2638144947,1079,1,587.1666666666666,70,74,39,35.23306524694154,0.6273809523809524,40.96244131455398,8289.201877934242,118.41716968477488,0
1081,32,0,0,143,0.0,0.0,1.0,143,4250,3100,1150,0.7294117647058823,54,31,23,224.46907906366053,0.4037168817098395,0.7113610008082372,0.1422590660307907,1074245.876736107,15376.996527777454,1089622.8732638846,1080,3,592.2657342657343,71,72,42,35.06909547738692,0.6276408450704225,40.88541666666665,8291.666666666633,116.78403755868497,0
1082,32,0,0,143,0.0,0.0,1.0,143,3950,2700,1250,0.6835443037974683,52,27,25,223.35295322383024,0.40369841426179454,0.7109234361229813,0.14208951086436145,1075354.986532135,15486.742401184665,1090841.7289333197,1081,4,593.2657342657343,73,70,43,34.9613016054008,0.6279965753424658,40.75168918918917,8295.945945945905,113.6430951499439,0
1083,32,0,0,143,0.0,0.0,1.0,143,3450,2100,1350,0.6086956521739131,48,21,27,224.06723172753607,0.4036799468137496,0.7121018164891084,0.14283820302577746,1075957.1626515589,16167.34857854971,1092124.5112301086,1082,5,594.2657342657343,76,67,43,34.868581216199736,0.6273300438596492,40.67911255411254,8298.268398268374,109.18774208247861,0
1084,32,0,0,143,0.0,0.0,1.0,143,4100,3100,1000,0.7560975609756098,51,31,20,224.38883828496074,0.4031525985751338,0.7106203963192765,0.14377251822703524,1077438.83582708,15653.049738867643,1093091.8855659477,1083,6,595.2657342657343,66,77,43,34.67774549158227,0.6343118686868687,40.50062189054725,8303.98009950246,125.81788029549182,0
1085,32,0,0,143,0.0,0.0,1.0,143,4100,2800,1300,0.6829268292682927,54,28,26,225.93707628049327,0.40266628910995106,0.7109192452152748,0.14554551192952656,1079001.562499996,16057.291666666424,1095058.8541666626,1084,7,596.2657342657343,69,74,43,34.445196550340924,0.6345108695652174,40.312499999999986,8309.999999999969,120.4347826086952,0
1086,32,0,0,143,0.0,0.0,1.0,143,4200,2800,1400,0.6666666666666666,56,28,28,222.51532410361872,0.40238722545060573,0.7062334118185627,0.1439354009450364,1080199.5403817627,15272.190164925298,1095471.730546688,1085,8,597.2657342657343,72,71,45,34.38672725941382,0.6344039351851851,40.16837899543377,8314.611872146073,115.48072044647324,0
1087,32,0,1,142,0.0,0.006993006993006993,0.993006993006993,143,4100,2700,1400,0.6585365853658537,55,27,28,223.56630852624264,0.40216561607406676,0.7068364571703081,0.14537634115733822,1081715.5586419697,15667.03086419724,1097382.589506167,1086,9,598.2657342657343,74,69,39,34.17307658066698,0.6352759009009009,39.98611111111109,8320.4444444444,112.43843843843783,0
1088,32,0,0,142,0.0,0.0,1.0,142,4300,3100,1200,0.7209302325581395,55,31,24,223.8131090526658,0.40168939166916395,0.7071726080521956,0.146165041148339,1082955.9802806922,15775.948982759466,1098731.9292634516,1087,10,603.2535211267606,77,65,41,34.01428528651846,0.6354166666666667,39.837072649572626,8325.213675213616,108.11965811965734,0
1089,32,0,0,142,0.0,0.0,1.0,142,3300,2500,800,0.7575757575757576,41,25,16,225.4058579436541,0.40119618419738284,0.7105217511968371,0.14760448116955335,1083734.3852728405,17156.015779092384,1100890.401051933,1088,11,604.2535211267606,77,65,41,33.87725779967157,0.6363636363636364,39.74358974358972,8328.20512820508,108.15850815850753,0
1090,32,1,0,143,0.006993006993006993,0.0,1.0,143,3450,2500,950,0.7246376811594203,44,25,19,227.08808252462646,0.4014269181522703,0.7162373899496737,0.14934415664310294,1084962.2797380078,17226.400743450075,1102188.6804814578,1089,0,601.020979020979,80,63,43,33.68273330370224,0.6365885416666667,39.59619341563784,8332.92181069954,104.16152263374424,0
1091,32,0,0,143,0.0,0.0,1.0,143,3050,2100,950,0.6885245901639344,40,21,19,224.36921992439508,0.401554138349913,0.7131075958463977,0.14810218982803278,1086019.0878974078,17083.85111490888,1103102.9390123168,1090,1,602.020979020979,63,80,41,33.623896316195015,0.6466600529100529,39.46940104166667,8336.979166666675,132.33300264550277,0
1092,32,0,0,143,0.0,0.0,1.0,143,3450,2200,1250,0.6376811594202898,47,22,25,227.23764907708807,0.401195049082373,0.7173405322203668,0.15081312676192954,1087569.831044029,17377.362322722365,1104947.1933667513,1091,2,603.020979020979,65,78,44,33.358998224267005,0.6472756410256411,39.283459595959606,8342.929292929315,128.35275835275868,0
1093,32,0,0,143,0.0,0.0,1.0,143,3350,2000,1350,0.5970149253731343,47,20,27,225.62016734012843,0.4012914901999409,0.7152980175616657,0.14994756254197955,1087964.8919753113,17143.36419753098,1105108.2561728423,1092,3,604.020979020979,65,78,41,33.35275188637375,0.6477564102564102,39.23611111111112,8344.444444444465,128.3760683760687,0
1094,32,0,0,143,0.0,0.0,1.0,143,3300,2300,1000,0.696969696969697,43,23,20,223.01175766603416,0.40125455530385107,0.7118706991857096,0.14856980475497783,1088646.7344290668,16656.204344482932,1105302.9387735496,1093,4,605.020979020979,67,76,44,33.33724845352751,0.6473880597014925,39.154411764705884,8347.058823529418,124.58296751536444,0
1095,32,0,0,143,0.0,0.0,1.0,143,4800,3600,1200,0.75,60,36,24,223.70414234026185,0.40078055747069835,0.7136886148232304,0.14969656438404597,1089911.1429988637,15363.52749433094,1105274.6704931946,1094,5,606.020979020979,69,74,43,33.16436465400917,0.6477958937198067,39.00297619047618,8351.904761904743,121.04209799861947,0
1096,32,0,0,143,0.0,0.0,1.0,143,3600,2600,1000,0.7222222222222222,46,26,20,222.41687577545025,0.40073541481992186,0.7117710024918735,0.14919225298398842,1090589.773684158,16313.114043097208,1106902.8877272552,1095,6,607.020979020979,73,70,40,33.1149130137848,0.646546803652968,38.921734234234236,8354.504504504512,114.44526718499331,0
1097,32,0,0,143,0.0,0.0,1.0,143,3500,2300,1200,0.6571428571428571,47,23,24,221.3932651302642,0.4002491053547392,0.7103364972402972,0.14900079921987855,1091530.7991691013,16231.513523658803,1107762.31269276,1096,7,608.020979020979,73,70,40,33.026531482978534,0.6476883561643836,38.80912162162162,8358.108108108107,114.49463161791927,0
1098,32,0,0,143,0.0,0.0,1.0,143,3400,2400,1000,0.7058823529411765,44,24,20,220.69487297497648,0.39973406874815326,0.7100222962291918,0.148934338806384,1092296.4454376828,16212.845055377691,1108509.2904930604,1097,8,609.020979020979,76,67,41,32.95116236926583,0.647203947368421,38.71753246753248,8361.038961038988,110.01367053998669,0
1099,32,0,0,143,0.0,0.0,1.0,143,4100,3100,1000,0.7560975609756098,51,31,20,217.7902217655916,0.3995063035555993,0.7069038440105062,0.14762677913030484,1093543.9038644119,14932.633866608046,1108476.53773102,1098,9,610.020979020979,77,66,42,32.87465093311539,0.6482683982683983,38.568376068376054,8365.811965811929,108.64690864690816,0
1100,32,0,1,142,0.0,0.006993006993006993,0.993006993006993,143,4250,3400,850,0.8,51,34,17,229.499213273668,0.39969097803604847,0.7114997656899646,0.14554204706251722,1074437.2145890114,16466.499092026028,1090903.7136810373,1099,10,611.020979020979,78,65,36,34.91515290286471,0.624599358974359,40.86234177215191,8292.405063291164,106.3128854268098,8
1101,32,0,0,142,0.0,0.0,1.0,142,3200,2100,1100,0.65625,43,21,22,228.63919005101945,0.39964060366929716,0.7068347585513066,0.1454976663961039,1075445.8161865615,17577.812071330805,1093023.6282578923,1100,11,610.7464788732394,80,62,38,34.8130580357143,0.625,40.740740740740755,8296.296296296332,103.70370370370415,0
1102,32,0,0,142,0.0,0.0,1.0,142,4200,3300,900,0.7857142857142857,51,33,18,227.2241175446859,0.39976754736456566,0.7058544707156966,0.14513447970339755,1076528.02574445,16322.626132381076,1092850.6518768312,1101,12,611.7464788732394,70,72,39,34.71636972096532,0.6309523809523809,40.61032863849765,8300.469483568068,118.57813547954382,0
1103,32,0,0,142,0.0,0.0,1.0,142,3850,2400,1450,0.6233766233766234,53,24,29,229.19964753421934,0.3995386325042453,0.7140059727403292,0.14135706768739428,1066212.695133151,16625.11478420572,1082837.8099173568,1102,13,612.7464788732394,76,66,36,35.939410613842,0.6154057017543859,41.85606060606061,8260.606060606071,108.69218500797462,8
1104,32,1,0,143,0.006993006993006993,0.0,1.0,143,4250,3000,1250,0.7058823529411765,55,30,25,228.0554353353192,0.40047276666994974,0.7162463506853058,0.1412918090625257,1067562.5108506975,15842.686631944587,1083405.197482642,1103,0,609.4545454545455,79,64,39,35.80187014820043,0.6157700421940928,41.69270833333334,8265.833333333358,104.63080168776402,0
1105,32,0,0,143,0.0,0.0,1.0,143,5050,3800,1250,0.7524752475247525,63,38,25,222.828863449623,0.40058767523556255,0.7095386567234501,0.13863424498452565,1068806.2176678772,13982.17494616452,1082788.3926140417,1104,1,610.4545454545455,66,77,40,35.783104748155274,0.6237373737373737,41.54228855721392,8270.646766169135,125.31282979044144,0
1106,32,0,0,143,0.0,0.0,1.0,143,3850,2600,1250,0.6753246753246753,51,26,25,241.868954410672,0.4005979349289208,0.7163388307646568,0.1510380357309666,1069900.4097236851,19305.138684683676,1089205.5484083688,1105,2,611.4545454545455,68,75,39,35.15553544670831,0.6239276960784313,41.41002415458939,8274.879227053174,121.6894003978408,8
1107,32,0,0,143,0.0,0.0,1.0,143,4050,2700,1350,0.6666666666666666,54,27,27,240.22968155599062,0.4003332348402771,0.7138611503544765,0.15043778040955874,1070732.199546488,18794.33106575981,1089526.5306122478,1106,3,612.4545454545455,69,74,40,35.09501073784322,0.6243961352657005,41.30952380952382,8278.095238095259,119.97239475500375,0
1108,32,0,0,143,0.0,0.0,1.0,143,4350,3000,1350,0.6896551724137931,57,30,27,236.2795081856904,0.3999761975114087,0.7098732475369105,0.14861602006845429,1072026.91058322,17709.598238885796,1089736.5088221058,1107,4,613.4545454545455,70,73,40,35.03714882200688,0.6254464285714285,41.15316901408452,8283.098591549315,118.32997987927592,0
1109,32,1,0,144,0.006944444444444444,0.0,1.0,144,4150,2900,1250,0.6987951807228916,54,29,25,232.7606070833303,0.40171446030821034,0.7096355817590123,0.14724968897059273,1073720.708673204,17033.976797743908,1090754.685470948,1108,0,610.1875,73,71,37,34.919068901809496,0.6259988584474886,40.948761261261275,8289.63963963967,113.55670739232426,0
1110,32,1,1,144,0.006896551724137931,0.006896551724137931,0.993103448275862,145,3450,2500,950,0.7246376811594203,44,25,19,229.9715360612788,0.40200550766283527,0.7084277153242666,0.14600518452262648,1074765.261977252,16983.083640442557,1091748.3456176945,1109,0,606.9724137931034,78,67,38,34.862446581196615,0.625,40.8227848101266,8293.670886075988,106.32911392405113,0
1111,32,0,0,144,0.0,0.0,1.0,144,3100,1900,1200,0.6129032258064516,43,19,24,229.71993337808257,0.40114688552188554,0.7068590645037052,0.14617940535286134,1075433.8134765702,17509.71679687532,1092943.5302734454,1110,1,612.1458333333334,79,65,40,34.7865187584752,0.6253955696202531,40.74218750000002,8296.25000000006,105.01582278481088,0
1112,32,1,1,144,0.006896551724137931,0.006896551724137931,0.993103448275862,145,3700,1900,1800,0.5135135135135135,55,19,36,230.4158966619206,0.4019037356321839,0.7083957148419155,0.14717494187528307,1076531.5555788914,16909.996732712418,1093441.552311604,1111,0,608.9172413793103,68,77,41,34.633143211888374,0.632046568627451,40.6099033816425,8300.483091787424,122.0659278204033,0
1113,32,0,0,144,0.0,0.0,1.0,144,4250,3200,1050,0.7529411764705882,53,32,21,228.276278986456,0.4018712768712769,0.704752199731127,0.1463031984286951,1077518.1441326493,16144.366496598434,1093662.5106292476,1112,1,610.2986111111111,69,75,38,34.56709817076666,0.6326992753623188,40.491071428571416,8304.285714285686,120.3519668737056,0
1114,32,0,1,143,0.0,0.006944444444444444,0.9930555555555556,144,3650,2600,1050,0.7123287671232876,47,26,21,226.65050989273897,0.40190567534317534,0.7030927244416827,0.14580276530613567,1078599.2672584774,16443.01477881355,1095042.282037291,1113,2,611.2986111111111,70,74,43,34.47618240379727,0.6334821428571429,40.36091549295774,8308.450704225328,118.69215291750469,0
1115,32,0,0,143,0.0,0.0,1.0,143,4050,2700,1350,0.6666666666666666,54,27,27,226.43441277757736,0.40192553924948293,0.7012841445237241,0.14621618208022547,1079696.6127752422,16246.093698340195,1095942.7064735824,1114,3,615.8461538461538,70,73,42,34.34676098497685,0.6348214285714286,40.228873239436616,8312.676056338021,118.75251509054316,0
1116,32,0,0,143,0.0,0.0,1.0,143,3300,2200,1100,0.6666666666666666,44,22,22,226.86867538479368,0.40165263140615254,0.7012311189932237,0.1471108936642761,1080906.7777777717,17144.777777777468,1098051.5555555492,1115,4,616.8461538461538,74,69,47,34.186638345623585,0.6342905405405406,40.083333333333314,8317.333333333287,112.39639639639577,0
1117,32,0,1,142,0.0,0.006993006993006993,0.993006993006993,143,4150,3500,650,0.8433734939759037,48,35,13,225.26488984799175,0.4019029679240947,0.7003593075699353,0.14656123080233466,1081873.7015235396,15991.632040627524,1097865.3335641671,1116,5,617.8461538461538,75,68,37,34.10947712418301,0.635,39.967105263157876,8321.0526315789,110.94736842105199,0
1118,32,0,0,142,0.0,0.0,1.0,142,3650,2300,1350,0.6301369863013698,50,23,27,226.12198825930776,0.4012357240368927,0.700332925171663,0.1477166466780908,1083041.1723918184,16929.884653585774,1099971.057045404,1117,6,622.2183098591549,76,66,37,33.94375259983359,0.6359649122807017,39.826839826839816,8325.5411255411,109.54659375711974,0
1119,32,1,1,142,0.006993006993006993,0.006993006993006993,0.993006993006993,143,2950,1900,1050,0.6440677966101694,40,19,21,222.54786660039431,0.4025944712564431,0.697787359631288,0.14590247117081268,1084068.073019389,16701.40738001281,1100769.4803994019,1118,0,618.8601398601398,77,66,39,33.91068313580625,0.6367694805194806,39.70352564102562,8329.487179487132,108.17515817515756,0
1120,32,0,0,142,0.0,0.0,1.0,142,3950,2600,1350,0.6582278481012658,53,26,27,225.53946579625713,0.40243752705357444,0.7016611576384324,0.14858594028086344,1085464.0510215783,16612.996441689542,1102077.0474632678,1119,1,618.7535211267606,65,77,43,33.661493364842755,0.6447115384615385,39.535984848484844,8334.848484848477,128.2284382284381,0
1121,32,1,0,143,0.006993006993006993,0.0,1.0,143,3650,2600,1050,0.7123287671232876,47,26,21,221.35583368503805,0.4031997931645819,0.6979049723968653,0.14664405381343149,1087054.4784580502,15875.170068027242,1102929.6485260774,1120,0,615.4195804195804,69,74,45,33.57549288269773,0.6443236714975845,39.345238095238095,8340.952380952382,120.88336783988959,0
1122,32,0,0,143,0.0,0.0,1.0,143,3150,2500,650,0.7936507936507936,38,25,13,220.58284560042995,0.4030253783774911,0.6967266849059666,0.14651800573088516,1087806.1374085182,16240.274650236603,1104046.4120587548,1121,1,616.4195804195804,72,71,44,33.50355260037579,0.6436631944444444,39.255136986301366,8343.835616438346,115.88660578386592,0
1123,32,0,0,143,0.0,0.0,1.0,143,4700,3400,1300,0.723404255319149,60,34,26,221.39796572641865,0.40286327522243015,0.6975534853145342,0.14752699399051633,1088708.9401479163,14907.588923382686,1103616.529071299,1122,2,617.4195804195804,73,70,41,33.371726206536785,0.644263698630137,39.14695945945945,8347.297297297284,114.34653831914088,0
1124,32,0,1,142,0.0,0.006993006993006993,0.993006993006993,143,3400,2800,600,0.8235294117647058,40,28,12,221.63258313711984,0.4029227814439082,0.6979607219128188,0.14805056553559548,1089414.0624999953,16289.930555555326,1105703.9930555506,1123,3,618.4195804195804,75,68,45,33.279274783765814,0.6441666666666667,39.062499999999986,8349.999999999964,111.33333333333285,0
1125,32,0,0,142,0.0,0.0,1.0,142,3050,2000,1050,0.6557377049180327,41,20,21,219.92409595789553,0.40187252355742015,0.6929995021439932,0.1472316275992932,1090035.4308390007,16495.01133786839,1106530.4421768691,1124,4,622.887323943662,76,66,49,33.247814519194236,0.6444627192982456,38.988095238095234,8352.380952380941,109.89974937343344,0
1126,32,0,0,142,0.0,0.0,1.0,142,4250,3600,650,0.8470588235294118,49,36,13,218.94944846569544,0.40200987247361236,0.6900933109394771,0.14724124532995636,1091310.586967636,15138.370224267503,1106448.9571919034,1125,5,623.887323943662,77,65,36,33.11728710711118,0.6455627705627706,38.83547008547008,8357.264957264939,108.53590853590829,0
1127,32,0,0,142,0.0,0.0,1.0,142,3550,2400,1150,0.676056338028169,47,24,23,205.55071054799856,0.40180280857723166,0.6866730296791712,0.13621855555040271,1087148.8826346204,12742.845059401869,1099891.7276940222,1126,6,624.887323943662,70,72,44,33.97591039567736,0.6438988095238095,39.33392018779343,8341.314553990625,119.16163648558036,7
1128,32,1,0,143,0.006993006993006993,0.0,1.0,143,3800,2500,1300,0.6578947368421053,51,25,26,205.60252846543423,0.40255343248300995,0.6893083615413704,0.13670179179599629,1088085.6193469246,12342.63090492125,1100428.250251846,1127,0,621.5104895104895,71,72,43,33.85997457235323,0.644512910798122,39.221643518518526,8344.907407407427,117.53390714658347,0
1129,32,0,0,143,0.0,0.0,1.0,143,4050,3000,1050,0.7407407407407407,51,30,21,203.66636251060484,0.4024610952427854,0.6866200969249241,0.13593647926302016,1089178.9963527753,11715.824862024348,1100894.8212147995,1128,1,622.5104895104895,73,70,46,33.77680739142162,0.6448344748858448,39.09065315315316,8349.099099099127,114.37122053560448,0
1130,32,0,0,143,0.0,0.0,1.0,143,4150,3300,850,0.7951807228915663,50,33,17,193.50495467374253,0.40228257657835126,0.6725158091973762,0.12807158764779739,1086783.3882781253,9309.594057787053,1096092.9823359123,1129,2,623.5104895104895,75,68,43,34.3345713910071,0.6409722222222223,39.37774122807018,8339.912280701765,111.19883040935686,8
1131,32,0,0,143,0.0,0.0,1.0,143,4850,3700,1150,0.7628865979381443,60,37,23,194.24672260717904,0.4024077448373223,0.6730589220215766,0.12884438572934948,1087407.7755177554,8795.079306377549,1096202.854824133,1130,3,624.5104895104895,77,66,44,34.23892858972391,0.640827922077922,39.30288461538463,8342.307692307724,108.34165834165876,0
1132,32,0,1,142,0.0,0.006993006993006993,0.993006993006993,143,3400,2000,1400,0.5882352941176471,48,20,28,195.97003833695143,0.4019932532256476,0.6757762925317192,0.1303441045178474,1088187.7785082944,10650.440134414644,1098838.218642709,1131,4,625.5104895104895,77,66,43,34.098687354909195,0.6417748917748918,39.20940170940172,8345.29914529917,108.3805083805087,0
1133,32,0,0,142,0.0,0.0,1.0,142,4100,3000,1100,0.7317073170731707,52,30,22,196.90542709123875,0.4007019362035095,0.6740885501008265,0.1314053182412934,1089138.8293587235,10391.469271306312,1099530.29863003,1132,5,630.8380281690141,78,64,45,33.958112228567565,0.6424946581196581,39.0954641350211,8348.945147679344,107.03775830358133,0
1134,32,1,0,143,0.006993006993006993,0.0,1.0,143,3900,2900,1000,0.7435897435897436,49,29,20,199.1537643004188,0.4008954660363111,0.6787507242915203,0.1336339313635821,1090687.3001561612,10942.89630015223,1101630.1964563134,1133,0,627.4195804195804,81,62,42,33.710356557842324,0.6431327160493827,38.91006097560977,8354.87804878052,103.14664257753728,0
1135,32,0,0,143,0.0,0.0,1.0,143,4100,2900,1200,0.7073170731707317,53,29,24,203.09869614793627,0.40069642798516036,0.6836112045356253,0.13675487424545513,1091668.3022249707,11643.281761584803,1103311.5839865555,1134,1,628.4195804195804,82,61,43,33.487583881868716,0.6439278455284553,38.79267068273094,8358.63453815266,101.93456753844708,0
1136,32,0,0,143,0.0,0.0,1.0,143,3600,2600,1000,0.7222222222222222,46,26,20,201.01136535901037,0.40052611707541286,0.6812422041506645,0.13580333061341104,1092612.6292317908,11725.511282076284,1104338.1405138671,1135,2,629.4195804195804,82,61,44,33.4268842250184,0.6450711382113821,38.67971887550202,8362.24899598397,101.97864629248744,0
1137,32,0,0,143,0.0,0.0,1.0,143,4000,2800,1200,0.7,52,28,24,222.68801707346185,0.40010546964772314,0.7104517576899472,0.1467833206443036,1085612.04698351,15750.558810764065,1101362.605794274,1136,3,630.4195804195804,63,80,41,33.717612263600785,0.6461640211640212,39.51822916666668,8335.416666666692,132.30820105820146,8
1138,32,0,0,143,0.0,0.0,1.0,143,3950,3000,950,0.759493670886076,49,30,19,225.81721663557994,0.3998941199645425,0.7150128189360756,0.14939949458615986,1086672.600262987,16527.87639710727,1103200.4766600942,1137,4,631.4195804195804,64,79,42,33.50602631902594,0.6468098958333333,39.39102564102565,8339.487179487196,130.30448717948744,0
1139,32,0,0,143,0.0,0.0,1.0,143,3450,2300,1150,0.6666666666666666,46,23,23,223.76803094879247,0.39992900292196065,0.7122801409858579,0.14860537084585987,1087751.8600117713,16630.818375144037,1104382.6783869155,1138,5,632.4195804195804,67,76,42,33.42715126412472,0.6462997512437811,39.261642156862735,8343.62745098037,124.53175299970701,0
1140,32,0,0,143,0.0,0.0,1.0,143,3350,2600,750,0.7761194029850746,41,26,15,220.19720523839206,0.40008905413834994,0.7070533300565263,0.14664196859492903,1088544.444444443,15988.888888888836,1104533.3333333319,1139,6,633.4195804195804,69,74,42,33.423189563365305,0.6461352657004831,39.166666666666664,8346.666666666657,120.96618357487908,0
1141,32,0,1,142,0.0,0.006993006993006993,0.993006993006993,143,4100,2900,1200,0.7073170731707317,53,29,24,218.73206851980476,0.3999105354739158,0.705815913298518,0.14604905138713842,1089289.8100907025,14952.522675736882,1104242.3327664393,1140,7,634.4195804195804,69,74,41,33.37016653359187,0.6470410628019323,39.07738095238095,8349.523809523806,121.007591442374,0
1142,32,0,0,142,0.0,0.0,1.0,142,3250,2100,1150,0.6461538461538462,44,21,23,218.5352603739911,0.3994626743915027,0.7037280074687235,0.1462739495395252,1089981.3917769378,15989.873450955693,1105971.2652278934,1141,14,639.8380281690141,68,74,45,33.29067615246687,0.6484375,38.994565217391305,8352.17391304348,122.82608695652176,0
1143,32,0,0,142,0.0,0.0,1.0,142,3500,2700,800,0.7714285714285715,43,27,16,217.2872306415861,0.39948764692171945,0.7023722560863892,0.1458278096215067,1090738.0605440026,15500.690506196152,1106238.7510501987,1142,15,640.8380281690141,68,74,39,33.23070251517779,0.6493566176470589,38.903985507246375,8355.07246376811,122.86871270247221,0
1144,32,0,1,141,0.0,0.007042253521126761,0.9929577464788732,142,4000,2600,1400,0.65,54,26,28,216.53382183447204,0.3990662354743116,0.7016398757173854,0.14572859052295445,1091527.4376417235,14870.521541950158,1106397.9591836736,1143,16,641.8380281690141,69,73,39,33.15386660589488,0.6497584541062802,38.80952380952381,8358.095238095239,121.13181504485853,0
1145,32,0,1,140,0.0,0.0070921985815602835,0.9929078014184397,141,3300,2200,1100,0.6666666666666666,44,22,22,217.92265597516115,0.39825439040864574,0.7010334574119548,0.14680714678916904,1091804.2365106114,16085.775805065008,1107890.0123156763,1144,26,647.2765957446809,70,71,40,33.08375456332491,0.6495535714285714,38.77640845070422,8359.154929577451,119.41649899396359,0
1146,32,0,0,140,0.0,0.0,1.0,140,3200,2300,900,0.71875,41,23,18,214.74653209700216,0.3982142857142857,0.694054544894882,0.14507112888823662,1092589.9379108818,15725.980034088068,1108315.9179449698,1145,27,648.2285714285714,73,67,41,33.070728291316556,0.648972602739726,38.68243243243243,8362.162162162147,114.55016660496092,0
1147,32,0,0,140,0.0,0.0,1.0,140,3850,2500,1350,0.6493506493506493,52,25,27,215.25585403413055,0.39838878896882496,0.6945550942336454,0.14578375058569146,1093302.59567901,15217.95679012335,1108520.5524691334,1146,28,649.2285714285714,74,66,41,32.97037440447727,0.6493524774774775,38.597222222222214,8364.88888888887,113.03903903903878,0
1148,32,0,0,140,0.0,0.0,1.0,140,3200,1900,1300,0.59375,45,19,26,216.4307828302882,0.3980836759164097,0.6973075931474098,0.1471784278163306,1094448.3481513096,16174.462551540615,1110622.8107028503,1147,29,650.2285714285714,63,77,42,32.79976196403012,0.6569113756613756,38.46028645833332,8369.270833333308,132.8455687830684,0
1149,32,0,1,139,0.0,0.007142857142857143,0.9928571428571429,140,4200,3200,1000,0.7619047619047619,52,32,20,216.10411916960695,0.39837701267557385,0.6973915820232193,0.14758528489839015,1095645.3032544362,15154.692636423326,1110799.9958908595,1148,30,651.2285714285714,64,76,44,32.66223691999918,0.65771484375,38.317307692307686,8373.846153846142,130.84134615384596,0
1150,32,0,0,139,0.0,0.0,1.0,139,3850,2900,950,0.7532467532467533,48,29,19,213.89800328310014,0.39845732109964205,0.6897348485306565,0.14676807630117233,1096961.1994148,15277.562046772087,1112238.761461572,1149,31,654.2805755395683,70,69,43,32.55951046861285,0.6558035714285715,38.16021126760564,8378.873239436629,119.69818913480898,0
1151,32,0,0,139,0.0,0.0,1.0,139,2850,2100,750,0.7368421052631579,36,21,15,214.79921559468266,0.3981271504535502,0.6911576435373292,0.14777689387329013,1097698.9002678066,16506.97254733427,1114205.872815141,1150,32,655.2805755395683,70,69,43,32.445994137306535,0.6566964285714285,38.07218309859156,8381.69014084509,119.73843058350128,0
1152,32,0,0,139,0.0,0.0,1.0,139,2450,1700,750,0.6938775510204082,32,17,15,215.1500272907824,0.39814670003127933,0.6911735316005225,0.14818263766276893,1098008.0569755223,16997.29268475649,1115005.3496602788,1151,33,656.2805755395683,71,68,45,32.399129710425065,0.656543427230047,38.035300925925924,8382.870370370365,118.06859676577979,0
1153,32,0,0,139,0.0,0.0,1.0,139,3350,2300,1050,0.6865671641791045,44,23,21,229.0734596106197,0.3979512042539881,0.7100707174469627,0.1469143513976998,1077716.6233037421,18225.25507601251,1095941.8783797547,1152,34,657.2805755395683,65,74,38,34.52196343144412,0.6352564102564102,40.46717171717171,8305.050505050487,127.7700077700075,8
1154,32,0,0,139,0.0,0.0,1.0,139,3750,3200,550,0.8533333333333334,43,32,11,231.27889548770474,0.3977774302297293,0.7106789362277373,0.14930489643614506,1079619.9546485227,18388.662131519115,1098008.6167800417,1153,35,658.2805755395683,69,70,39,34.230350595783676,0.6352657004830917,40.23809523809523,8312.380952380927,120.46928916494097,0
1155,32,1,0,140,0.007142857142857143,0.0,1.0,140,3300,2200,1100,0.6666666666666666,44,22,22,227.75008935707143,0.3981050873586845,0.7087174348697403,0.14759388907685483,1080733.50694444,17927.430555555315,1098660.9374999953,1154,0,654.5714285714286,71,69,42,34.18503674014695,0.6355633802816901,40.10416666666665,8316.666666666631,117.1361502347413,0
1156,32,0,0,140,0.0,0.0,1.0,140,3000,2000,1000,0.6666666666666666,40,20,20,228.62054555878126,0.39799481843096945,0.710443963872281,0.14840512870665373,1081214.849108366,18437.58573388195,1099652.434842248,1155,1,655.5714285714286,71,69,45,34.10322054021964,0.636150234741784,40.04629629629629,8318.518518518507,117.16223265519024,0
1157,32,1,2,139,0.0070921985815602835,0.014184397163120567,0.9858156028368794,141,3400,2500,900,0.7352941176470589,43,25,18,226.02392481706312,0.39922745694022294,0.7095925138619221,0.14732857779495742,1082409.0401234527,17330.06790123434,1099739.108024687,1156,0,651.9148936170212,74,67,35,34.023958277709546,0.6361204954954955,39.902777777777764,8323.111111111079,112.47447447447404,0
1158,32,2,1,140,0.014184397163120567,0.0070921985815602835,0.9929078014184397,141,4050,2700,1350,0.6666666666666666,54,27,27,226.00776035211413,0.40014775413711584,0.7105075630839004,0.14851612078143464,1084735.6026051927,16781.732823800055,1101517.3354289928,1157,0,652.2482269503546,77,64,37,33.73868415653689,0.6375811688311688,39.62339743589743,8332.051282051272,108.20845820845808,0
1159,32,0,0,140,0.0,0.0,1.0,140,3850,2600,1250,0.6753246753246753,51,26,25,230.50243690443077,0.39914354230900995,0.7161766412281869,0.15200624238382454,1085747.7188110373,18203.499009874246,1103951.2178209114,1158,1,657.8857142857142,63,77,35,33.49740966364678,0.6463293650793651,39.50195312500001,8335.937500000016,132.3164682539685,0
1160,32,0,1,139,0.0,0.007142857142857143,0.9928571428571429,140,3350,2400,950,0.7164179104477612,43,24,19,229.62692787706607,0.39908251969852687,0.7157146426117755,0.1518610798116361,1086561.9277954123,18550.775485568676,1105112.703280981,1159,2,658.8857142857142,63,77,37,33.42031780234422,0.6473214285714286,39.40429687500001,8339.062500000016,132.3660714285717,0
1161,32,0,0,139,0.0,0.0,1.0,139,4550,3300,1250,0.7252747252747253,58,33,25,229.57630050008996,0.3992349598582004,0.7122998937411804,0.15243571078221482,1087701.5100500009,17592.097745128383,1105293.6077951293,1160,3,660.1510791366907,65,74,39,33.28188054882972,0.6474358974358974,39.26767676767679,8343.43434343439,128.3605283605291,0
1162,32,0,0,139,0.0,0.0,1.0,139,4000,2600,1400,0.65,54,26,28,228.72006660834134,0.39917848330031624,0.7111872594578894,0.15257859202532983,1089030.3646734457,18016.61950932343,1107046.9841827692,1161,4,661.1510791366907,67,72,40,33.1413427475388,0.6478544776119404,39.10845588235295,8348.529411764726,124.60491659350338,0
1163,32,0,1,138,0.0,0.007194244604316547,0.9928057553956835,139,3750,2600,1150,0.6933333333333334,49,26,23,229.441555011502,0.3992610259618392,0.7123503727941667,0.15380562474462278,1090408.3368764168,18486.996882086165,1108895.333758503,1162,5,662.1510791366907,69,70,36,32.95373035778754,0.6483997584541064,38.94345238095238,8353.809523809521,121.06970324361625,0
1164,32,0,0,138,0.0,0.0,1.0,138,4200,3000,1200,0.7142857142857143,54,30,24,233.576473253398,0.39852648189287354,0.7162097949695954,0.15736779108445373,1091831.4900548707,19205.22976680394,1111036.7198216747,1163,6,665.2463768115942,71,67,38,32.67150347068382,0.6490610328638498,38.77314814814815,8359.259259259268,117.73604590506011,0
1165,32,0,0,138,0.0,0.0,1.0,138,4300,3600,700,0.8372093023255814,50,36,14,234.94644826015733,0.3983865351387566,0.716752178610232,0.15911936317756126,1093302.5956790142,19473.51234567915,1112776.1080246933,1164,7,666.2463768115942,74,64,40,32.455656801799414,0.6493524774774775,38.59722222222223,8364.888888888903,113.03903903903924,0
1166,32,0,1,137,0.0,0.007246376811594203,0.9927536231884058,138,3350,2200,1150,0.6567164179104478,45,22,23,237.93021998563785,0.39796889876229763,0.7201315660833256,0.16164923064497835,1094189.1087481214,21118.131070065898,1115307.2398181874,1165,8,667.2463768115942,61,77,41,32.269180319091966,0.6579576502732241,38.491263440860216,8368.279569892475,137.18491098184384,0
1167,32,0,0,137,0.0,0.0,1.0,137,3950,2800,1150,0.7088607594936709,51,28,23,237.27216923055795,0.39750161013310437,0.7182373010371224,0.1618501748325654,1095314.1665582696,20627.513657648098,1115941.6802159178,1166,9,665.3503649635037,61,76,39,32.148791177037175,0.6593237704918034,38.356854838709666,8372.580645161266,137.25542041247976,0
1168,32,0,0,137,0.0,0.0,1.0,137,4250,2900,1350,0.6823529411764706,56,29,27,241.1611302232515,0.3973763775583226,0.7203443238067411,0.1652230279024116,1096535.8656322588,21238.365737241318,1117774.2313695,1167,10,666.3503649635037,62,75,39,31.89764521358346,0.660114247311828,38.21097883597883,8377.248677248659,135.11691414917192,0
1169,32,1,0,138,0.007246376811594203,0.0,1.0,138,3750,2700,1050,0.72,48,27,21,235.93445394429867,0.39798102013470155,0.7151352513654152,0.162530480333664,1098064.1722977129,20464.234177371676,1118528.4064750846,1168,0,662.5144927536232,66,72,42,31.84779920870422,0.6594065656565656,38.02860696517412,8383.084577114409,127.01643298658195,0
1170,32,0,0,138,0.0,0.0,1.0,138,3650,2500,1150,0.684931506849315,48,25,23,237.85711050755575,0.398334743820304,0.71880034524841,0.16452889054311504,1099205.363602419,21040.762328175762,1120246.1259305947,1169,1,663.5144927536232,68,70,34,31.65809910532583,0.6596200980392157,37.89251207729469,8387.439613526578,123.34470019892026,0
1171,32,0,1,137,0.0,0.007246376811594203,0.9927536231884058,138,4000,3000,1000,0.75,50,30,20,238.02536371405776,0.39836449627984066,0.718825809068173,0.16502141683121935,1099838.5646397823,20757.894875026337,1120596.4595148086,1170,2,664.5144927536232,68,70,34,31.576409281971564,0.6603860294117647,37.81702898550725,8389.855072463773,123.38022165387902,0
1172,32,0,0,137,0.0,0.0,1.0,137,3800,2600,1200,0.6842105263157895,50,26,24,238.70740109744787,0.39757988049234294,0.7191598380890718,0.16579713172586016,1100345.2567446136,21332.11130948209,1121677.3680540957,1171,14,670.3503649635037,68,69,37,31.496699479976215,0.6609987745098039,37.75664251207729,8391.787439613518,123.40863881784584,0
1173,32,0,0,137,0.0,0.0,1.0,137,3250,2000,1250,0.6153846153846154,45,20,25,240.48643020996823,0.39730481608701873,0.721762925748241,0.1678150528406275,1101637.4926987593,22335.773600916942,1123973.2662996762,1172,15,671.3503649635037,70,67,40,31.292400521852578,0.6614583333333333,37.60269953051643,8396.713615023476,119.95305164319252,0
1174,32,0,0,137,0.0,0.0,1.0,137,3350,2500,850,0.746268656716418,42,25,17,244.11967662093505,0.3969894983540862,0.7261457969121214,0.1708073967315264,1102376.7640073565,23072.371828781485,1125449.135836138,1173,16,672.3503649635037,70,67,41,31.10688800700538,0.6623511904761905,37.51467136150233,8399.530516431883,119.99329309188404,0
1175,32,0,0,137,0.0,0.0,1.0,137,3200,2300,900,0.71875,41,23,18,242.94837689601258,0.39691570058680403,0.7255610887509376,0.17052247331639442,1103241.6501085267,23006.153643589132,1126247.803752116,1174,17,673.3503649635037,58,79,39,31.032183598915275,0.6711566091954023,37.41172316384181,8402.82485875707,144.87629066822535,0
1176,32,0,0,137,0.0,0.0,1.0,137,3350,2300,1050,0.6865671641791045,44,23,21,241.92389963726157,0.3964729139831115,0.7245424026759972,0.1703373906659567,1104104.750192903,22671.86535493841,1126776.6155478414,1175,18,674.3503649635037,59,78,42,30.953905337827425,0.671433615819209,37.309027777777786,8406.111111111124,142.47645951035804,0
1177,32,0,0,137,0.0,0.0,1.0,137,3700,2600,1100,0.7027027027027027,48,26,22,243.44742970289917,0.3965534206383283,0.7264008271477282,0.17186661828279323,1104834.5679012362,22693.82716049391,1127528.3950617302,1176,19,675.3503649635037,59,78,41,30.82496476391825,0.672316384180791,37.22222222222223,8408.888888888901,142.5235404896424,0
1178,32,0,0,137,0.0,0.0,1.0,137,3400,2300,1100,0.6764705882352942,45,23,22,241.2592765861528,0.39600105553170173,0.7242899381529047,0.17103271319645183,1105974.9560832558,22565.343565409654,1128540.2996486654,1177,20,676.3503649635037,62,75,41,30.743611512902753,0.6715389784946236,37.08664021164021,8413.227513227508,135.69721795528238,0
1179,32,0,0,137,0.0,0.0,1.0,137,4300,3100,1200,0.7209302325581395,55,31,24,243.09036573131885,0.39573046371833404,0.7267574002984278,0.17338848004852034,1107644.8771381015,22151.559656784735,1129796.4367948861,1178,21,677.3503649635037,62,75,43,30.492233813024985,0.6735551075268817,36.88822751322753,8419.576719576748,135.7996245093024,0
1180,32,0,1,136,0.0,0.0072992700729927005,0.9927007299270073,137,3100,2100,1000,0.6774193548387096,41,21,20,241.8164841144761,0.3956566659510519,0.7255742605589754,0.17277643533570403,1108112.593756787,23091.97828504807,1131204.5720418352,1179,22,678.3503649635037,63,74,40,30.468862741459994,0.6734457671957672,36.832682291666686,8421.354166666708,133.672288359789,0
1181,32,0,0,136,0.0,0.0,1.0,136,3250,1800,1450,0.5538461538461539,47,18,29,241.34596568809087,0.3953646968046478,0.7229687740650661,0.17255658661277884,1108296.059335967,23046.55654174913,1131342.615877716,1180,23,680.8455882352941,64,72,40,30.458934624205895,0.6730143229166667,36.81089743589745,8422.051282051312,131.59455128205175,0
1182,32,1,1,136,0.0072992700729927005,0.0072992700729927005,0.9927007299270073,137,3800,2700,1100,0.7105263157894737,49,27,22,238.98160221524972,0.3953279304422499,0.7215095403336249,0.17192676437192506,1109975.865652635,21852.762158785197,1131828.6278114202,1181,0,676.8686131386861,67,70,42,30.317019502927394,0.6731965174129353,36.61151960784314,8428.43137254903,125.79748317237359,0
1183,32,0,0,136,0.0,0.0,1.0,136,4250,2900,1350,0.6823529411764706,56,29,27,241.42923208705065,0.39490400326797387,0.7229804407528966,0.17471143993347474,1111565.1682546542,22222.864997286983,1133788.0332519412,1182,1,679.0,58,78,42,30.059503873891984,0.6812140804597702,36.42302259887006,8434.463276836172,145.42178063510642,0
1184,32,0,0,136,0.0,0.0,1.0,136,3850,2500,1350,0.6493506493506493,52,25,27,248.62678750257737,0.39451706608569354,0.724739960425463,0.16502097897626233,1087591.0690542313,23030.854723089753,1110621.9237773211,1183,2,680.0,61,75,40,32.798739098681125,0.649931693989071,39.280913978494645,8343.010752688215,136.77066807685597,8
1185,32,0,1,135,0.0,0.007352941176470588,0.9926470588235294,136,4250,2900,1350,0.6823529411764706,56,29,27,251.76812983184382,0.3943945170660857,0.7275794952869579,0.16773201082040473,1088654.852887662,23367.719268777837,1112022.5721564398,1184,3,681.0,62,74,38,32.58615407369847,0.6505376344086021,39.15343915343917,8347.089947089986,134.63048301758042,0
1186,32,0,0,135,0.0,0.0,1.0,135,3600,2200,1400,0.6111111111111112,50,22,28,235.79204147787436,0.39349778883360975,0.7138962246790916,0.14718720309184624,1069787.9822530833,19849.498456789974,1089637.4807098731,1185,4,686.8444444444444,59,76,44,35.32658564970238,0.629590395480226,41.4236111111111,8274.44444444442,140.2448210922783,8
1187,32,0,0,135,0.0,0.0,1.0,135,3950,2600,1350,0.6582278481012658,53,26,27,236.18663157372472,0.39390316933849273,0.714741483828075,0.14812499344391844,1071168.4433694617,19649.133297500535,1090817.5766669621,1186,5,687.8444444444444,60,75,42,35.145662838789164,0.6305555555555555,41.25683060109289,8279.781420765004,137.99635701275008,0
1188,32,0,0,135,0.0,0.0,1.0,135,3150,2400,750,0.7619047619047619,39,24,15,235.9833042520723,0.39403906393956145,0.7141217676428955,0.14846038254845534,1072087.6736111094,20448.95833333326,1092536.6319444426,1187,6,688.8444444444444,61,74,43,35.03730717639168,0.6309767759562841,41.14583333333333,8283.33333333332,135.79234972677574,0
1189,32,0,1,134,0.0,0.007407407407407408,0.9925925925925926,135,3750,2700,1050,0.72,48,27,21,217.2188780309734,0.39396766169154224,0.6924700758679037,0.12899484298785246,1054834.3359631826,15075.986193293906,1069910.3221564766,1188,7,689.8444444444444,64,71,42,37.65980630799316,0.6077473958333333,43.23717948717949,8216.410256410261,128.38141025641033,8
1190,32,3,1,136,0.021897810218978103,0.0072992700729927005,0.9927007299270073,137,3300,2700,600,0.8181818181818182,39,27,12,211.3938492728154,0.3972198368398454,0.6889226681098726,0.1263993586279151,1056915.0236687814,13985.067041522543,1070900.090710304,1189,0,680.7007299270073,67,70,40,37.55090992172291,0.6085199004975124,42.98406862745098,8224.50980392157,122.7538776704712,0
1191,32,2,0,138,0.014492753623188406,0.0,1.0,138,4050,2900,1150,0.7160493827160493,52,29,23,208.35979602212757,0.3983865351387566,0.6869245323724946,0.1253232351168426,1058700.9060426718,12468.140966298552,1071169.0470089703,1190,0,676.7536231884058,70,68,42,37.407317629612706,0.609077380952381,42.76701877934272,8231.45539906103,117.59221998658613,0
1192,32,0,0,138,0.0,0.0,1.0,138,4150,3400,750,0.8192771084337349,49,34,15,207.23903856703961,0.398646593673966,0.6852864281225024,0.12490270039772455,1059313.9770495358,12156.242028874622,1071470.2190784104,1191,1,677.7536231884058,65,73,42,37.36013566010344,0.6126602564102563,42.692550505050505,8233.838383838385,126.67443667443669,0
1193,32,0,2,136,0.0,0.014492753623188406,0.9855072463768116,138,3500,2600,900,0.7428571428571429,44,26,18,205.42983808490638,0.3989044483232836,0.6824800073536172,0.1240748255926894,1059952.201832872,12449.16184005322,1072401.3636729252,1192,2,678.7536231884058,66,72,40,37.327594885734406,0.6128472222222222,42.61504975124377,8236.31840796017,124.79270315091168,0
1194,32,0,0,136,0.0,0.0,1.0,136,3350,2300,1050,0.6865671641791045,44,23,21,205.72265733024426,0.3989969135802469,0.6782137895315179,0.12461232962393029,1060824.2660575225,13097.11739475177,1073921.3834522744,1193,3,681.0588235294117,67,69,42,37.21202183354152,0.613339552238806,42.50919117647057,8239.705882352913,122.98068481123751,0
1195,32,1,0,137,0.0072992700729927005,0.0,1.0,137,3950,2700,1250,0.6835443037974683,52,27,25,203.93632711183474,0.3998541935022184,0.678005784327228,0.1240334055057221,1062044.7530864167,11967.901234567722,1074012.6543209844,1194,0,677.0802919708029,68,69,42,37.10691823899371,0.6142769607843137,42.3611111111111,8244.44444444442,121.24183006535911,0
1196,32,1,1,137,0.007246376811594203,0.007246376811594203,0.9927536231884058,138,3200,2200,1000,0.6875,42,22,20,200.4914224909368,0.40067967840897073,0.6742066761849859,0.12244820245353621,1063295.0121503628,11836.305902708631,1075131.3180530714,1195,0,673.1666666666666,70,68,45,37.0410287784797,0.6147321428571428,42.209507042253506,8249.295774647855,117.84708249496936,0
1197,32,1,1,137,0.007246376811594203,0.007246376811594203,0.9927536231884058,138,3100,2000,1100,0.6451612903225806,42,20,22,200.63848926590103,0.4016438784865475,0.6746442152050034,0.12307234375499486,1064595.221247474,12019.755374158236,1076614.9766216322,1196,0,672.7391304347826,72,66,37,36.8765097453486,0.615306712962963,42.05194063926941,8254.337899543394,114.6435819381027,0
1198,32,0,0,137,0.0,0.0,1.0,137,3800,2200,1600,0.5789473684210527,54,22,32,204.51313245579587,0.3998899742378703,0.6778375431493524,0.12568184714736966,1065148.2258444803,12367.360039437712,1077515.585883918,1197,2,678.6496350364963,71,66,39,36.70820716982544,0.6164906103286385,41.98495370370371,8256.481481481493,116.28847157016187,0
1199,32,2,0,139,0.014388489208633094,0.0,1.0,139,3000,2100,900,0.7,39,21,18,201.91003963788165,0.4019284572342126,0.6791909690738456,0.12479237759829234,1066847.0497524599,12281.426020615498,1079128.4757730754,1198,0,669.8705035971223,73,66,43,36.565543683674946,0.6175799086757991,41.779279279279294,8263.0630630631,113.19264469949452,0
1200,32,2,1,140,0.014184397163120567,0.0070921985815602835,0.9929078014184397,141,2900,2000,900,0.6896551724137931,38,20,18,201.15686916619848,0.4044790611279973,0.6828011198747048,0.12536868142786917,1069320.6232518998,11920.237741640049,1081240.86099354,1199,0,661.354609929078,66,75,45,36.279794122363846,0.6243686868686869,41.48009950248756,8272.6368159204,125.34298205939999,0
1201,32,0,1,139,0.0,0.007142857142857143,0.9928571428571429,140,2900,1800,1100,0.6206896551724138,40,18,22,203.89004211699245,0.40363566289825287,0.685448494997638,0.12746000941812,1070221.1308197833,12741.486287468242,1082962.6171072517,1200,1,667.0428571428571,66,74,43,36.09808636409179,0.6254734848484849,41.371268656716424,8276.119402985089,125.3957485300771,0
1202,32,4,0,143,0.027972027972027972,0.0,1.0,143,4400,3100,1300,0.7045454545454546,57,31,26,194.61638860240222,0.40753348763912145,0.6772828266766486,0.12278599716582254,1072926.716954942,8761.824577760362,1081688.5415327025,1201,0,653.9440559440559,71,72,48,36.0048629346146,0.6260269953051643,41.04456018518517,8286.574074074037,116.71231090245122,0
1203,32,1,3,141,0.006944444444444444,0.020833333333333332,0.9791666666666666,144,4050,3100,950,0.7654320987654321,50,31,19,194.2486761956015,0.4086983618233618,0.6790514036739341,0.12332781469356552,1074771.1732002236,8904.575521467214,1083675.7487216908,1202,0,650.3958333333334,73,71,41,35.787575132160185,0.6272831050228311,40.82207207207206,8293.693693693665,113.61224237936528,0
1204,32,0,0,141,0.0,0.0,1.0,141,3700,2500,1200,0.6756756756756757,49,25,24,199.769387793213,0.4057539682539682,0.6816941305693602,0.1268557154836412,1074823.792126781,11043.378187749286,1085867.1703145304,1203,1,665.2127659574468,70,71,41,35.63801935922111,0.6288690476190476,40.81572769953051,8293.896713615011,118.48423876592874,0
1205,32,1,0,142,0.007042253521126761,0.0,1.0,142,4500,3400,1100,0.7555555555555555,56,34,22,201.363272698537,0.40668077614623915,0.6865816841012413,0.1284082925900015,1076055.7717768438,10435.622362227037,1086491.3941390708,1204,0,661.5211267605633,73,69,43,35.44522019576974,0.6288527397260274,40.667229729729726,8298.648648648645,113.68011847463897,0
1206,32,0,0,142,0.0,0.0,1.0,142,3450,2400,1050,0.6956521739130435,45,24,21,203.20937982135567,0.40652781939866145,0.6893974761367787,0.1298024735601559,1076543.4898239134,11902.746983567042,1088446.2368074805,1205,1,662.5211267605633,62,80,43,35.33738632500423,0.635752688172043,40.60846560846561,8300.529100529104,133.87950162143716,0
1207,32,1,0,143,0.006993006993006993,0.0,1.0,143,3900,2900,1000,0.7435897435897436,49,29,20,202.47195268221617,0.40692406185363933,0.6908079069072113,0.13017453112591817,1078433.5708618162,11170.510186089368,1089604.0810479056,1206,0,658.8811188811189,63,80,44,35.12429993939772,0.6374007936507937,40.380859375,8307.812499999998,131.87003968253964,0
1208,32,1,0,144,0.006944444444444444,0.0,1.0,144,4100,3300,800,0.8048780487804879,49,33,16,201.4923836928692,0.40727891899766905,0.6918604264709789,0.13054832115542644,1080668.8572065053,10649.308804237528,1091318.1660107428,1207,0,655.2986111111111,66,78,46,34.87539383425058,0.6382575757575757,40.11194029850746,8316.417910447764,126.00633197648128,0
1209,32,0,1,143,0.0,0.006944444444444444,0.9930555555555556,144,3400,2200,1200,0.6470588235294118,46,22,24,200.74132941166351,0.407210122053872,0.6906921614066783,0.13049339655703418,1081625.4903462604,11225.387771530099,1092850.8781177904,1208,1,656.2986111111111,67,77,40,34.77760020817375,0.6388370646766169,39.9969362745098,8320.09803921568,124.18056774948776,0
1210,32,0,1,142,0.0,0.006993006993006993,0.993006993006993,143,4250,3000,1250,0.7058823529411765,55,30,25,201.59462180616737,0.4066880889063988,0.6895900385163309,0.131471435795619,1082554.799995329,10797.4450979018,1093352.2450932309,1209,2,660.965034965035,68,75,40,34.64149255175083,0.6393995098039216,39.88526570048308,8323.671497584515,122.40693378800758,0
1211,32,1,0,143,0.006993006993006993,0.0,1.0,143,3700,2700,1000,0.7297297297297297,47,27,20,203.27943453755066,0.406710660231787,0.6917993191019509,0.13318307780046357,1083880.6530305815,11766.129250849346,1095646.782281431,1210,0,661.9440559440559,72,71,41,34.435192799707586,0.6388888888888888,39.72602739726025,8328.767123287627,115.6773211567726,0
1212,32,1,2,142,0.006944444444444444,0.013888888888888888,0.9861111111111112,144,4600,3900,700,0.8478260869565217,53,39,14,201.8272300988683,0.4072394619269619,0.6921511743531614,0.13344482065826946,1086495.0782468244,10456.858431721947,1096951.9366785465,1211,0,658.3402777777778,66,78,42,34.152944335063545,0.6453598484848485,39.412313432835816,8338.805970149246,126.3455450022613,0
1213,32,0,0,142,0.0,0.0,1.0,142,4350,3400,950,0.7816091954022989,53,34,19,204.1190855158033,0.40598258582226215,0.691671393253465,0.1352340906686168,1087073.5741288636,11628.492767915937,1098702.0668967795,1212,1,668.5281690140845,64,78,43,34.02244082385491,0.6472981770833333,39.34294871794872,8341.02564102565,130.32852564102578,0
1214,32,1,0,143,0.006993006993006993,0.0,1.0,143,4250,2800,1450,0.6588235294117647,57,28,29,202.98102869496532,0.4069302176696543,0.6921325074538194,0.13515167124145855,1088491.7514794432,11338.635088256422,1099830.3865676995,1213,0,664.8461538461538,65,78,44,33.87868611077494,0.6483974358974358,39.17297979797981,8346.464646464663,128.40714840714867,0
1215,32,1,0,144,0.006944444444444444,0.0,1.0,144,3300,2300,1000,0.696969696969697,43,23,20,200.67164332760237,0.40780906015281015,0.6905125884616643,0.13410911903043177,1089541.9767937812,11628.035791522525,1101170.0125853037,1214,0,661.2222222222222,67,77,45,33.81059827805499,0.648476368159204,39.04718137254902,8350.49019607843,124.63418203102134,0
1216,32,0,0,144,0.0,0.0,1.0,144,4250,3100,1150,0.7294117647058823,54,31,23,199.71161375373651,0.4078191773504274,0.6890578099471865,0.13405279169560277,1090781.306689341,10518.33900226748,1101299.6456916085,1215,1,662.2222222222222,69,75,43,33.68431551350735,0.648852657004831,38.89880952380952,8355.238095238084,121.09040717736355,0
1217,32,0,0,144,0.0,0.0,1.0,144,4450,3100,1350,0.6966292134831461,58,31,27,202.96828057139584,0.4076411146723647,0.6939619716527456,0.1370816541089889,1092522.6757369617,11099.48979591834,1103622.16553288,1216,2,663.2222222222222,69,75,45,33.38672171602123,0.6509661835748792,38.69047619047619,8361.904761904763,121.18702553485164,0
1218,32,0,0,144,0.0,0.0,1.0,144,3250,2500,750,0.7692307692307693,40,25,15,202.37774003587205,0.4074903684278684,0.6931440903054444,0.13728868310541634,1093767.3611111145,12220.833333333543,1105988.194444448,1217,3,664.2222222222222,70,74,46,33.25033200531211,0.6519345238095238,38.54166666666668,8366.666666666693,119.5238095238099,0
1219,32,0,0,144,0.0,0.0,1.0,144,3900,2700,1200,0.6923076923076923,51,27,24,206.4896347398562,0.4070826453638954,0.6993311456643421,0.14063161907960692,1094874.3429985172,12516.040634360823,1107390.383632878,1218,4,665.2222222222222,62,82,42,33.00781661504752,0.6580981182795699,38.40939153439154,8370.899470899478,135.01450759515288,0
1220,32,0,0,144,0.0,0.0,1.0,144,3400,2400,1000,0.7058823529411765,44,24,20,204.67999636971948,0.40706848128723133,0.6967320461534272,0.13998466083376343,1096047.9289940875,12667.817225509876,1108715.7462195973,1219,5,666.2222222222222,64,80,46,32.91212547963099,0.658203125,38.26923076923079,8375.384615384652,130.86538461538518,0
1221,32,1,0,145,0.006896551724137931,0.0,1.0,145,4250,3400,850,0.8,51,34,17,202.59678294529172,0.40792624521072796,0.6952086611145638,0.13906839991085415,1097071.093670292,11202.614847974932,1108273.708518267,1220,0,662.6206896551724,65,80,47,32.842040363249154,0.6588141025641026,38.14709595959597,8379.292929292955,128.9121989121993,0
1222,32,0,0,145,0.0,0.0,1.0,145,3200,2000,1200,0.625,44,20,24,202.10309499283142,0.4077805715197957,0.694478145125593,0.13886114514352207,1097335.6074954108,12154.984504132342,1109490.5919995431,1221,1,663.6206896551724,65,80,48,32.82276411739891,0.6591346153846154,38.11553030303031,8380.303030303048,128.9277389277392,0
1223,32,0,0,145,0.0,0.0,1.0,145,4250,2900,1350,0.6823529411764706,56,29,27,199.71505890053174,0.40760296934865897,0.6905872677211338,0.1378939535559047,1098698.9340474738,10635.34446544872,1109334.2785129226,1222,2,664.6206896551724,68,77,50,32.71942332065906,0.6590073529411764,37.952898550724655,8385.507246376848,123.31628303495366,0
1224,32,0,0,145,0.0,0.0,1.0,145,4050,2700,1350,0.6666666666666666,54,27,27,201.42083923309661,0.4068306992337165,0.6932952366041703,0.1397257947750857,1100001.417233564,11262.641723356213,1111264.0589569202,1223,3,665.6206896551724,69,76,45,32.516316685584556,0.6600241545893719,37.79761904761906,8390.47619047622,121.60110420980028,0
1225,32,0,0,145,0.0,0.0,1.0,145,4200,2900,1300,0.6904761904761905,55,29,26,204.40900770063308,0.40662515964240104,0.6981479307997465,0.1423112949347067,1101000.510204086,11810.884353741787,1112811.3945578279,1224,4,666.6206896551724,69,76,45,32.31648513728162,0.661231884057971,37.678571428571445,8394.285714285748,121.65631469979346,0
1226,32,1,2,144,0.00684931506849315,0.0136986301369863,0.9863013698630136,146,4000,3000,1000,0.75,50,30,20,204.88003640685594,0.407124862226421,0.7001921051552964,0.1435654366325892,1102786.9039087477,11987.804204365722,1114774.7081131134,1225,0,663.0479452054794,60,86,47,32.087046311955255,0.6690972222222222,37.465846994535525,8401.092896174876,140.01821493624794,0
1227,32,0,2,142,0.0,0.013888888888888888,0.9861111111111112,144,3800,2600,1200,0.6842105263157895,50,26,24,205.15387489946173,0.4062722578347578,0.6960538865045296,0.14405736475817021,1103360.823703307,12671.74967899914,1116032.5733823061,1226,1,671.4097222222222,60,84,44,32.010149781072506,0.6697916666666667,37.39754098360656,8403.2786885246,140.05464480874335,0
1228,32,0,1,141,0.0,0.007042253521126761,0.9929577464788732,142,4350,3200,1150,0.735632183908046,55,32,23,205.86943433418128,0.4053738803982286,0.6930177150359003,0.14544759222471842,1105041.7859001046,12748.865475777602,1117790.651375882,1227,2,678.1619718309859,61,81,46,31.787282103737812,0.6711065573770492,37.197580645161295,8409.677419354843,137.86356425171874,0
1229,32,1,0,142,0.007042253521126761,0.0,1.0,142,4500,3500,1000,0.7777777777777778,55,35,20,222.19605653834134,0.4058629257816402,0.7105885791656119,0.14938863513629097,1091242.6522497607,15593.962811267493,1106836.6150610282,1228,0,670.5774647887324,68,74,35,33.04080679037326,0.649969362745098,38.843599033816425,8357.004830917873,122.8971298664393,8
1230,32,0,0,142,0.0,0.0,1.0,142,4650,3500,1150,0.7526881720430108,58,35,23,221.19474928616665,0.40559655212599477,0.7085485008717887,0.14951590413482418,1092757.127500063,15292.427769609807,1108049.5552696728,1229,1,671.5774647887324,68,74,36,32.88178999865211,0.6518075980392157,38.66243961352659,8362.801932367187,122.98238135834099,0
1231,32,0,0,142,0.0,0.0,1.0,142,4050,2800,1250,0.691358024691358,53,28,25,218.21164412458364,0.4055268371458063,0.7057752343522232,0.1483785455391257,1094427.7090666827,15313.373954188766,1109741.0830208715,1230,2,672.5774647887324,65,77,35,32.755705248124265,0.6556089743589744,38.46275252525255,8369.191919191964,128.75679875679944,0
1232,32,0,0,142,0.0,0.0,1.0,142,3800,2500,1300,0.6578947368421053,51,25,26,218.0508685395264,0.40582858855259213,0.7063988661699923,0.14861888145194085,1095088.2563003819,15556.989082746953,1110645.2453831288,1231,3,673.5774647887324,65,77,37,32.67927525740027,0.6564102564102564,38.3838383838384,8371.717171717206,128.79564879564933,0
1233,32,0,0,142,0.0,0.0,1.0,142,4100,2900,1200,0.7073170731707317,53,29,24,215.7900792239332,0.40549562148303536,0.703830443753169,0.14754712403150705,1095979.8179500548,14800.314348655054,1110780.1322987098,1232,4,674.5774647887324,66,76,38,32.62964833075921,0.6568813131313131,38.27736318407962,8375.124378109484,126.89582391074975,0
1234,32,0,0,142,0.0,0.0,1.0,142,4400,3500,900,0.7954545454545454,53,35,18,217.4721340186023,0.40476829654047214,0.7063739479459816,0.1494334245651943,1097358.9484813563,14928.998462130172,1112287.9469434863,1233,5,675.5774647887324,67,75,41,32.41742707845892,0.657960199004975,38.11274509803923,8380.392156862768,125.08047995317565,0
1235,32,0,0,142,0.0,0.0,1.0,142,4450,3400,1050,0.7640449438202247,55,34,21,219.63982917380986,0.4045144091499351,0.708448107105232,0.15137528179040158,1098192.6211813628,15391.367943242843,1113583.9891246057,1234,6,676.5774647887324,68,74,44,32.25901329184435,0.6583946078431373,38.013285024154605,8383.574879227092,123.28786587098664,0
1236,32,0,0,142,0.0,0.0,1.0,142,4100,2600,1500,0.6341463414634146,56,26,30,219.8019914916877,0.4041439832850531,0.7090163236199634,0.1519706242248982,1099078.745274104,15815.939403486756,1114894.6846775906,1235,7,677.5774647887324,68,74,35,32.14676573930072,0.6594669117647058,37.90760869565218,8386.956521739145,123.3375959079286,0
1237,32,0,0,142,0.0,0.0,1.0,142,5050,3500,1550,0.693069306930693,66,35,31,220.72062236108917,0.40374026071321545,0.7108103111791468,0.15330419556315428,1100345.2567446174,15123.777976148953,1115469.0347207664,1236,8,678.5774647887324,68,74,38,31.968390804597714,0.6609987745098039,37.756642512077306,8391.787439613547,123.40863881784628,0
1238,32,0,0,142,0.0,0.0,1.0,142,3350,2000,1350,0.5970149253731343,47,20,27,221.5615321014141,0.4038182998701429,0.7125683498540014,0.15445318356961388,1101358.9910207933,17053.75708884688,1118412.7481096403,1237,9,679.5774647887324,68,74,41,31.82288969445884,0.6622242647058824,37.63586956521739,8395.652173913038,123.46547314577998,0
1239,32,0,0,142,0.0,0.0,1.0,142,3300,2100,1200,0.6363636363636364,45,21,24,220.8151243552512,0.40377980055272533,0.711948251469465,0.1541449193390752,1101739.2617097239,16956.13841629902,1118695.400126023,1238,10,680.5774647887324,68,74,41,31.79618283281553,0.6626838235294117,37.59057971014492,8397.101449275355,123.48678601875521,0
1240,32,0,0,142,0.0,0.0,1.0,142,4200,3000,1200,0.7142857142857143,54,30,24,219.26962121836854,0.40356233143542103,0.7101327120715901,0.15341814503516168,1102373.192052322,15743.390452519208,1118116.5825048413,1239,11,681.5774647887324,68,74,42,31.7596000843542,0.6634497549019608,37.51509661835748,8399.51690821255,123.52230747371398,0
1241,32,0,0,142,0.0,0.0,1.0,142,4850,3400,1450,0.7010309278350515,63,34,29,219.45617612530984,0.4034978190656944,0.7112802172806587,0.15448884798375603,1104052.9658414277,15208.248424673417,1119261.2142661011,1240,12,682.5774647887324,61,81,42,31.550407739047028,0.6699112021857924,37.315188172043015,8405.913978494631,137.801868499912,0
1242,32,0,0,142,0.0,0.0,1.0,142,4150,3400,750,0.8192771084337349,49,34,15,217.63442750297656,0.4029744364532348,0.7089603549834489,0.15389309873609064,1105279.5274488402,15559.375437417786,1120838.902886258,1241,13,683.5774647887324,62,80,42,31.44921154168764,0.6706989247311828,37.16931216931217,8410.582010582015,135.65454855777443,0
1243,32,0,0,142,0.0,0.0,1.0,142,3450,2300,1150,0.6666666666666666,46,23,23,217.0715755802415,0.4024864315919156,0.7086639555643715,0.15412081866197203,1106392.3182441741,16183.264746227956,1122575.5829904021,1242,14,684.5774647887324,62,80,44,31.32885856807513,0.6720430107526882,37.03703703703705,8414.814814814847,135.72281959378785,0
1244,32,0,0,142,0.0,0.0,1.0,142,3950,3100,850,0.7848101265822784,48,31,17,216.33184383699825,0.40259464588952154,0.7074092662881528,0.15417936171874996,1107427.3681640655,15564.360894097488,1122991.729058163,1243,15,685.5774647887324,63,79,45,31.222675905303987,0.6726190476190477,36.914062500000014,8418.750000000024,133.63095238095275,0
1245,32,0,0,142,0.0,0.0,1.0,142,5000,4000,1000,0.8,60,40,20,215.92519079749445,0.4021503429560816,0.7063186473933707,0.15445798491542106,1108431.0322156537,14467.63642340606,1122898.6686390596,1244,16,686.5774647887324,64,78,41,31.11161004221464,0.6731770833333333,36.79487179487182,8422.564102564149,131.60256410256483,0
1246,32,0,0,142,0.0,0.0,1.0,142,3750,2600,1150,0.6933333333333334,49,26,23,216.46856046887655,0.4018735640795125,0.7068915868338905,0.15561873677801982,1109781.2130177577,15896.548323471836,1125677.7613412295,1245,17,687.5774647887324,64,78,43,30.93358281611295,0.6748046875,36.63461538461541,8427.692307692356,131.68269230769306,0
1247,32,0,0,142,0.0,0.0,1.0,142,4250,3200,1050,0.7529411764705882,53,32,21,217.05709458341258,0.4012752638764026,0.7082912569758169,0.15666961496195783,1110868.0914256242,15574.36007805351,1126442.4515036778,1246,18,688.5774647887324,65,77,44,30.78635070380354,0.6754807692307692,36.505681818181834,8431.818181818215,129.72027972028022,0
1248,32,0,0,142,0.0,0.0,1.0,142,4450,3500,950,0.7865168539325843,54,35,19,211.84303681379856,0.40052296640362267,0.7010820323844535,0.15360042570769547,1112091.0814073377,14267.750379774447,1126358.8317871122,1247,19,689.5774647887324,63,79,43,30.775661604313292,0.6782407407407407,36.36067708333334,8436.458333333354,133.91203703703735,0
1249,32,0,0,142,0.0,0.0,1.0,142,3400,1800,1600,0.5294117647058824,50,18,32,216.67703601120425,0.4005989245163653,0.7039785637082185,0.1482916495237653,1096240.2539541072,15706.01779658903,1111946.2717506962,1248,20,690.5774647887324,66,76,45,32.574666389482864,0.6571969696969697,38.24626865671641,8376.119402985054,126.91090004522809,8
1250,32,0,0,142,0.0,0.0,1.0,142,5000,3600,1400,0.72,64,36,28,217.879986570479,0.4002857273665634,0.7069015058539336,0.15002593360995856,1097939.5085066175,14443.809073724056,1112383.3175803416,1249,21,691.5774647887324,68,74,44,32.33596991701245,0.6580882352941176,38.04347826086957,8382.608695652183,123.2736572890027,0
1251,32,0,1,141,0.0,0.007042253521126761,0.9929577464788732,142,3000,1900,1100,0.6333333333333333,41,19,22,217.82528504484702,0.4001816751573269,0.7068973912620049,0.15019300047490375,1098319.1884583093,16448.338059231362,1114767.5265175407,1250,22,692.5774647887324,68,74,42,32.29112647651973,0.6585477941176471,37.99818840579711,8384.05797101451,123.29497016197809,0
1252,32,0,1,140,0.0,0.0070921985815602835,0.9929078014184397,141,3600,2300,1300,0.6388888888888888,49,23,26,217.4240182081959,0.3998585781830463,0.704321786176288,0.15017895642825999,1098805.9164848265,15981.359518614183,1114787.2760034406,1251,23,689.7375886524823,70,71,43,32.24233008621657,0.6580357142857143,37.94014084507043,8385.915492957763,119.79879275653948,0
1253,32,0,1,139,0.0,0.007142857142857143,0.9928571428571429,140,3450,2200,1250,0.6376811594202898,47,22,25,215.70478612178138,0.39916709489551216,0.7000415747225681,0.14938810536527145,1099544.2372545165,15985.390905684679,1115529.6281602012,1252,24,695.3928571428571,70,70,39,32.19745727930754,0.6589285714285714,37.85211267605635,8388.732394366223,119.83903420523175,0
1254,32,0,0,139,0.0,0.0,1.0,139,3600,2100,1500,0.5833333333333334,51,21,30,220.45746903120005,0.3990199145031801,0.7043670528750987,0.15357492454639873,1101163.5996709985,17151.948034550885,1118315.5477055495,1253,25,693.2158273381295,71,68,40,31.875643394180038,0.6603579812206573,37.659143518518526,8394.907407407425,118.23813249869613,0
1255,32,0,0,139,0.0,0.0,1.0,139,3300,2200,1100,0.6666666666666666,44,22,22,220.20521510388994,0.39892216661453445,0.7030847207570214,0.15387221117043784,1102013.942472566,17433.8434499315,1119447.7859224975,1254,26,694.2158273381295,71,68,40,31.778757809628814,0.6613849765258216,37.557870370370374,8398.148148148155,118.28377673448105,0
1256,32,0,0,139,0.0,0.0,1.0,139,4100,2700,1400,0.6585365853658537,55,27,28,219.56536102118537,0.3987049490842109,0.702923774715351,0.1539284047529974,1102916.706034261,16532.46094734162,1119449.1669816026,1255,27,695.2158273381295,62,77,43,31.68571698469678,0.6678427419354839,37.45039682539681,8401.587301587266,135.50947260624622,0
1257,32,0,0,139,0.0,0.0,1.0,139,3350,2400,950,0.7164179104477612,43,24,19,209.22898053594133,0.39857679074132,0.6899137553321188,0.14420327083914666,1098198.6480291672,14804.996710618165,1113003.6447397855,1256,28,696.2158273381295,62,77,47,32.53102976753972,0.662130376344086,38.012566137566125,8383.597883597859,135.21932070319127,8
1258,32,0,0,139,0.0,0.0,1.0,139,3400,2600,800,0.7647058823529411,42,26,16,210.4320332368793,0.3985528968129844,0.6917948438417327,0.14542388837683376,1098948.1777615002,15050.779893663124,1113998.9576551632,1257,29,697.2158273381295,63,76,47,32.40824121227176,0.6623677248677249,37.92317708333333,8386.458333333321,133.11838624338606,0
1259,32,0,0,139,0.0,0.0,1.0,139,4500,3300,1200,0.7333333333333333,57,33,24,209.29211582085662,0.3986984325583012,0.6902378668837428,0.1453150231660478,1100247.3639488285,13754.619745433967,1114001.9836942626,1258,30,698.2158273381295,65,74,41,32.28000551710303,0.6626602564102564,37.76830808080807,8391.414141414118,129.09867909867873,0
1260,32,0,0,139,0.0,0.0,1.0,139,3550,2400,1150,0.676056338028169,47,24,23,210.58400921714937,0.3987462204149724,0.6924594732179192,0.14671323581875145,1101194.4165985931,15028.787034974053,1116223.203633567,1259,31,699.2158273381295,66,73,41,32.13091639998421,0.6631944444444444,37.6554726368159,8395.024875621844,127.19734660033097,0
1261,32,1,0,140,0.007142857142857143,0.0,1.0,140,3950,3000,950,0.759493670886076,49,30,19,210.84104462194762,0.39975483898595404,0.6938526150381914,0.14738816900504453,1102125.0318877501,14524.638605441905,1116649.670493192,1260,0,695.2142857142857,69,71,43,32.01100669048025,0.6625905797101449,37.54464285714284,8398.57142857139,121.71842650103463,0
1262,32,0,0,140,0.0,0.0,1.0,140,3500,2100,1400,0.6,49,21,28,210.5088597001618,0.39950860739979444,0.6936138529229163,0.14743048811025458,1102638.893263068,14923.051216371408,1117561.9444794394,1261,1,696.2142857142857,62,78,43,31.9572599777456,0.6675067204301075,37.483465608465615,8400.529100529113,135.49240484724376,0
1263,32,0,0,140,0.0,0.0,1.0,140,3100,2000,1100,0.6451612903225806,42,20,22,209.11147756040356,0.3990878725590956,0.6915555090582557,0.14680808360346065,1103307.8402366864,15042.866535174242,1118350.7067718606,1262,2,697.2142857142857,64,76,43,31.912659180601327,0.6669921875,37.40384615384615,8403.076923076922,131.2980769230769,0
1264,32,0,0,140,0.0,0.0,1.0,140,3500,2500,1000,0.7142857142857143,45,25,20,209.6524983520224,0.3991135662898253,0.6925266735907851,0.14753685116586462,1103958.8155864172,14789.544753086222,1118748.3603395035,1263,3,698.2142857142857,65,75,43,31.819371006829684,0.6671474358974359,37.32638888888888,8405.555555555535,129.316239316239,0
1265,32,0,0,140,0.0,0.0,1.0,140,3350,2300,1050,0.6865671641791045,44,23,21,208.18101784564107,0.39905254367934223,0.6906013231167893,0.14692690827096552,1104754.9397064073,14647.801563615905,1119402.7412700232,1264,4,699.2142857142857,65,75,42,31.761354535807953,0.6681089743589743,37.23169191919192,8408.585858585857,129.36285936285933,0
1266,32,0,0,140,0.0,0.0,1.0,140,4400,3200,1200,0.7272727272727273,56,32,24,207.47795385568762,0.39844338814662555,0.6898688779432769,0.14697296697720208,1105767.3425472118,13484.469134427241,1119251.811681639,1265,5,700.2142857142857,66,74,45,31.65695783310663,0.6687184343434344,37.11131840796019,8412.437810945255,127.46117895371599,0
1267,32,0,0,140,0.0,0.0,1.0,140,4050,3200,850,0.7901234567901234,49,32,17,211.11821443007392,0.39848942274751625,0.695771543424653,0.1500536014831564,1106683.064775622,14678.19051508611,1121361.255290708,1266,6,701.2142857142857,66,74,46,31.45013103964689,0.6698232323232323,37.002487562189046,8415.920398009932,127.5139454243929,0
1268,32,0,0,140,0.0,0.0,1.0,140,2450,1400,1050,0.5714285714285714,35,14,21,214.2249128432191,0.3983748715313464,0.7003300469325044,0.15284748840466425,1107730.0685626576,17010.67547832964,1124740.7440409872,1267,7,702.2142857142857,66,74,47,31.24138304577326,0.6710858585858586,36.87810945273631,8419.900497512424,127.57424996230947,0
1269,32,0,1,139,0.0,0.007142857142857143,0.9928571428571429,140,3750,2800,950,0.7466666666666667,47,28,19,212.6857165095534,0.3983791538198013,0.6980277815284897,0.15204154599128894,1108253.7560951468,15391.948837900023,1123645.7049330468,1268,8,703.2142857142857,66,74,38,31.218370943604267,0.6717171717171717,36.81592039800995,8421.890547263687,127.60440223126798,0
1270,32,0,0,139,0.0,0.0,1.0,139,3300,2300,1000,0.696969696969697,43,23,20,211.9927466069076,0.39830092447780907,0.6953258759220953,0.15193108186765286,1108943.209943291,15917.583381391814,1124860.7933246829,1269,9,701.31654676259,67,72,39,31.15302183948175,0.6719527363184079,36.73406862745098,8424.509803921568,125.73895229733684,0
1271,32,0,0,139,0.0,0.0,1.0,139,3400,2500,900,0.7352941176470589,43,25,18,211.91029663423137,0.3982227261668925,0.6955305131718552,0.15246181218051236,1109994.577615577,15843.856040980947,1125838.433656558,1270,10,702.31654676259,68,71,41,31.02777936990122,0.672640931372549,36.6092995169082,8428.502415458912,123.94856493321929,0
1272,32,0,0,139,0.0,0.0,1.0,139,4250,3000,1250,0.7058823529411765,55,30,25,210.3946594382801,0.3975689014006187,0.6932485066779559,0.15179900748971897,1110758.1601962708,14689.516966556994,1125447.6771628277,1271,11,703.31654676259,68,71,42,30.975214385301495,0.6735600490196079,36.518719806763286,8431.400966183575,123.99119067917023,0
1273,32,0,0,139,0.0,0.0,1.0,139,5000,3900,1100,0.78,61,39,22,211.38654553716216,0.3978034963333681,0.6947821859471506,0.15273422233882178,1111147.02570838,14176.306269676985,1125323.3319780568,1272,12,704.31654676259,72,67,42,30.901988123601182,0.671875,36.472602739726,8432.876712328703,117.12328767123199,0
1274,32,0,0,139,0.0,0.0,1.0,139,3500,2300,1200,0.6571428571428571,47,23,24,210.4260572612966,0.3977861189309422,0.6868851208785622,0.14524530293889515,1098614.540466394,14935.42524005494,1113549.965706449,1273,13,705.31654676259,71,68,43,32.44902090694936,0.6572769953051643,37.96296296296297,8385.185185185199,118.10119979134083,8
1275,32,0,0,139,0.0,0.0,1.0,139,3400,2600,800,0.7647058823529411,42,26,16,212.13064200331874,0.3975841066277413,0.6875848846204544,0.1466778133790888,1099099.8478223605,15430.551268861496,1114530.3990912219,1274,14,706.31654676259,71,68,38,32.34525649517921,0.6578638497652582,37.905092592592595,8387.037037037046,118.12728221178938,0
1276,32,0,0,139,0.0,0.0,1.0,139,4050,2800,1250,0.691358024691358,53,28,25,232.27856906797297,0.39772312584714836,0.7175984049400965,0.1481697441920789,1076148.1808928011,18143.23191257648,1094291.4128053777,1275,15,707.31654676259,66,73,41,34.63209140139478,0.6327335858585859,40.65609452736319,8299.00497512439,125.74249962309682,8
1277,32,0,0,139,0.0,0.0,1.0,139,3550,2400,1150,0.676056338028169,47,24,23,229.4748359614655,0.397820873735794,0.7142444502642005,0.14680102519726623,1076982.716049383,18078.08641975312,1095060.802469136,1276,16,708.31654676259,59,80,41,34.60195842255533,0.6384180790960452,40.55555555555556,8302.222222222223,140.7156308851224,0
1278,32,1,0,140,0.007142857142857143,0.0,1.0,140,3450,2300,1150,0.6666666666666666,46,23,23,227.91515281245808,0.3985632922233642,0.7133331513728918,0.14654888327031995,1078465.7659360026,17709.737969261652,1096175.5039052642,1277,0,704.25,62,78,42,34.459782193351145,0.6381048387096775,40.37698412698412,8307.936507936496,133.99897593445962,0
1279,32,0,0,140,0.0,0.0,1.0,140,3750,2400,1350,0.64,51,24,27,228.97219075693727,0.3987013960260363,0.7136160288060225,0.14785787459853025,1079702.4203199798,17694.36570924664,1097396.7860292264,1278,1,705.25,62,78,39,34.28012220737063,0.639616935483871,40.2281746031746,8312.698412698412,134.0757808499744,0
1280,32,2,0,142,0.014084507042253521,0.0,1.0,142,3650,2800,850,0.7671232876712328,45,28,17,227.3743600570577,0.39976650684247333,0.7167608711262494,0.14795497457741202,1081915.17447199,17149.954086317608,1099065.1285583077,1279,0,696.3028169014085,65,77,38,34.049526584122376,0.6403846153846153,39.962121212121204,8321.2121212121,128.0186480186477,0
1281,32,0,0,142,0.0,0.0,1.0,142,4000,2800,1200,0.7,52,28,24,225.43631829533294,0.3998310192121999,0.7137497884503285,0.14682765426365582,1082177.8549382703,16392.43827160484,1098570.2932098752,1280,1,697.3028169014085,65,77,38,34.06764574988874,0.6407051282051281,39.93055555555555,8322.222222222212,128.03418803418788,0
1282,32,0,0,142,0.0,0.0,1.0,142,4600,3100,1500,0.6739130434782609,61,31,30,228.02045157828314,0.39965413045649784,0.7159778673234223,0.14927001716733956,1083644.746571864,16418.632892749993,1100063.379464614,1281,2,698.3028169014085,66,76,40,33.820220244140444,0.6418876262626263,39.754353233830834,8327.86069651739,126.17970752299075,0
1283,32,0,0,142,0.0,0.0,1.0,142,4400,3600,800,0.8181818181818182,52,36,16,230.39999999999958,0.39910785635800616,0.7190985915492951,0.15157894736842115,1085069.4444444473,17200.00000000015,1102269.4444444475,1282,3,699.3028169014085,68,74,41,33.58333333333333,0.6424632352941176,39.58333333333334,8333.333333333356,122.54901960784346,0
1284,32,0,0,142,0.0,0.0,1.0,142,3450,2200,1250,0.6376811594202898,47,22,25,230.3852655431396,0.39903501981154066,0.7186468481986972,0.15201506074518875,1085909.6607989403,18185.517111805104,1104095.1779107454,1283,4,700.3028169014085,61,81,40,33.48058815942216,0.6478825136612022,39.482526881720446,8336.559139784978,136.6649039309013,0
1285,32,0,0,142,0.0,0.0,1.0,142,3450,2500,950,0.7246376811594203,44,25,19,227.2151780309054,0.3992108680451503,0.7147622962283262,0.15058932104167103,1087174.8418528747,17554.52504846461,1104729.3669013393,1284,5,701.3028169014085,65,77,41,33.40800839589893,0.6467948717948717,39.33080808080809,8341.414141414161,128.32944832944864,0
1286,32,1,0,143,0.006993006993006993,0.0,1.0,143,4050,2800,1250,0.691358024691358,53,28,25,208.2442783510611,0.3999187432286024,0.6943391422749974,0.13468019936243444,1080148.23522847,12336.937951464959,1092485.173179935,1285,0,697.3916083916084,73,70,39,34.76383320692025,0.6338470319634704,40.174549549549546,8314.414414414403,113.89608786869046,8
1287,32,1,0,144,0.006944444444444444,0.0,1.0,144,3350,2300,1050,0.6865671641791045,44,23,21,204.61541990885593,0.40098905723905726,0.6908788533867625,0.13281095325090173,1081189.5126385002,12095.609225915461,1093285.1218644157,1286,0,693.5416666666666,75,69,41,34.73035080319165,0.6341666666666667,40.04934210526314,8318.421052631547,110.91228070175397,0
1288,32,0,0,144,0.0,0.0,1.0,144,3850,2700,1150,0.7012987012987013,50,27,23,204.80622087698924,0.4009283540533541,0.6901224317914239,0.13335731575955226,1082104.7002127448,11674.354848759682,1093779.0550615045,1287,1,694.5416666666666,78,66,37,34.61314201693452,0.6339476495726496,39.93934599156116,8321.940928269994,106.69155036243582,0
1289,32,0,0,144,0.0,0.0,1.0,144,2650,1700,950,0.6415094339622641,36,17,19,208.65516196991967,0.40103154946904945,0.6949618460325517,0.13622655015441743,1082872.9481564506,13739.406078085494,1096612.3542345362,1288,2,695.5416666666666,78,66,37,34.41882074674775,0.6348824786324787,39.84704641350209,8324.894514767888,106.72941685599856,0
1290,32,1,1,144,0.006896551724137931,0.006896551724137931,0.993103448275862,145,4100,2800,1300,0.6829268292682927,54,28,26,208.4811623520705,0.4019316730523627,0.6980311913143591,0.1367540326158323,1084222.7262211577,12108.002842223206,1096330.729063381,1289,0,691.7379310344828,81,64,42,34.25788112434121,0.6352880658436214,39.68495934959348,8330.081300812955,102.8405098865797,0
1291,32,0,1,143,0.0,0.006944444444444444,0.9930555555555556,144,4400,3500,900,0.7954545454545454,53,35,18,207.25763636383368,0.40117926055426056,0.694535703856068,0.13647190186756247,1085317.474489794,11788.066893423955,1097105.541383218,1290,1,697.3402777777778,69,75,44,34.15562031005981,0.6422101449275363,39.55357142857142,8334.285714285701,120.78674948240146,0
1292,32,0,0,143,0.0,0.0,1.0,143,4150,2800,1350,0.6746987951807228,55,28,27,211.04265483013643,0.4008749466495945,0.6986833051592345,0.13950803807967183,1086433.9604591795,13106.781462584717,1099540.741921764,1291,2,696.083916083916,69,74,42,33.92028582034147,0.6435688405797102,39.41964285714284,8338.571428571395,120.8488612836434,0
1293,32,0,0,143,0.0,0.0,1.0,143,3600,2700,900,0.75,45,27,18,208.87073723967012,0.4007415706359368,0.6974687863576743,0.1380299627213208,1086346.3721885837,13181.193531334167,1099527.5657199179,1292,3,697.083916083916,67,76,42,33.98760533019791,0.644589552238806,39.430147058823536,8338.235294117665,124.45127304653231,8
1294,32,0,0,143,0.0,0.0,1.0,143,3600,2600,1000,0.7222222222222222,46,26,20,203.28283307632233,0.4009652319511474,0.6869552455485519,0.12717801089906186,1070447.6762767532,11320.727258700877,1081768.403535454,1293,4,698.083916083916,70,73,46,36.08586216676119,0.6235119047619048,41.343896713615024,8276.995305164322,118.24279007377604,8
1295,32,1,0,144,0.006944444444444444,0.0,1.0,144,3450,2100,1350,0.6086956521739131,48,21,27,206.75394991715103,0.4022982226107226,0.6973211889425657,0.12514054863406496,1060592.559590108,11606.34018959922,1072198.8997797072,1294,0,694.2291666666666,66,78,42,37.21417069243156,0.6136363636363636,42.537313432835816,8238.805970149246,124.83039348710979,8
1296,32,1,0,145,0.006896551724137931,0.0,1.0,145,3450,2300,1150,0.6666666666666666,46,23,23,205.4023631572254,0.40271591634738185,0.6970354728876405,0.12487322149191507,1061920.2935016,11174.18755396867,1073094.4810555687,1295,0,690.4344827586207,68,77,41,37.08455415567926,0.6141237745098039,42.376207729468604,8243.961352657016,121.23472577436787,0
1297,32,1,0,146,0.00684931506849315,0.0,1.0,146,3900,2400,1500,0.6153846153846154,54,24,30,205.63170642380064,0.40326621791843803,0.7003756893158486,0.12579106301421136,1063779.1808558698,10649.345643501027,1074428.5264993708,1296,0,686.6986301369863,70,76,43,36.848624940730225,0.6153273809523809,42.15082159624413,8251.17370892018,117.87391012743115,0
1298,32,1,0,147,0.006802721088435374,0.0,1.0,147,5900,4200,1700,0.711864406779661,76,42,34,202.31828141499003,0.40466289255428195,0.6968072981409645,0.12462726716799767,1065852.4768438397,7828.288271391422,1073680.7651152313,1297,0,683.0204081632653,75,72,40,36.677829554104065,0.6154166666666667,41.89967105263159,8259.210526315814,110.12280701754418,0
1299,32,1,0,148,0.006756756756756757,0.0,1.0,148,4000,3000,1000,0.75,50,30,20,204.53954214359987,0.4056132024882025,0.702866172624236,0.1268145161290323,1067777.7777777817,10080.555555555746,1077858.3333333374,1298,0,679.3986486486486,77,71,44,36.382728494623656,0.6168831168831168,41.66666666666668,8266.666666666697,107.35930735930775,0
1300,32,0,0,148,0.0,0.0,1.0,148,4150,3200,950,0.7710843373493976,51,32,19,209.2021116533998,0.4052474030152602,0.7091712247962243,0.13017020280655975,1068837.869822484,10970.627876397026,1079808.497698881,1299,1,680.3986486486486,64,84,42,36.13139157572749,0.625,41.53846153846153,8270.769230769221,129.23076923076908,0
1301,32,0,1,147,0.0,0.006756756756756757,0.9932432432432432,148,4200,2900,1300,0.6904761904761905,55,29,26,208.57035276237954,0.40496874425445856,0.7078575931064512,0.13044272137424578,1070349.8056978753,10848.647310709935,1081198.4530085854,1300,2,681.3986486486486,66,82,43,35.96116855013222,0.6256313131313131,41.35572139303481,8276.616915422857,125.40328659731603,0
1302,32,0,0,147,0.0,0.0,1.0,147,4050,2700,1350,0.6666666666666666,54,27,27,206.36086542521133,0.4041736557636753,0.7025826136693036,0.1292298998799428,1070735.8767419085,10741.59643325635,1081477.4731751648,1301,3,686.9591836734694,66,81,40,35.970711380892254,0.626104797979798,41.309079601990035,8278.10945273629,125.4259007990347,0
1303,32,3,0,150,0.02,0.0,1.0,150,4550,3100,1450,0.6813186813186813,60,31,29,215.9751573571475,0.40691368381804627,0.7133361665958349,0.1326865653423938,1065060.210834103,11455.309325946442,1076515.5201600494,1302,0,674.2,75,75,33,36.42336024932708,0.6144444444444445,41.99561403508772,8256.140350877195,110.08187134502926,8
1304,32,0,0,150,0.0,0.0,1.0,150,4350,2700,1650,0.6206896551724138,60,27,33,219.02671703523225,0.4068316554809843,0.7187759665950335,0.1349309245823448,1065877.46961733,12341.128586421128,1078218.598203751,1303,1,675.2,76,74,35,36.24349197197618,0.6149945175438596,41.89664502164504,8259.30735930741,108.67509683299222,0
1305,32,2,0,152,0.013157894736842105,0.0,1.0,152,4450,3000,1450,0.6741573033707865,59,30,29,213.3755486799363,0.40823875188799813,0.7155728841892983,0.1320531671783636,1067239.6511501782,10694.56922743087,1077934.2203776091,1304,0,667.3026315789474,79,73,38,36.22095832283005,0.6153744725738397,41.73177083333335,8264.58333333337,104.61497890295405,0
1306,32,1,1,152,0.006535947712418301,0.006535947712418301,0.9934640522875817,153,4000,2900,1100,0.725,51,29,22,244.41397734564595,0.40899122807017546,0.7454161869595224,0.14040348541334136,1044641.6278371838,16465.00303210326,1061106.630869287,1305,0,663.9346405228758,66,87,37,38.235473075753,0.5939078282828283,44.480721393034834,8176.616915422897,123.8881350821651,8
1307,32,4,3,153,0.02564102564102564,0.019230769230769232,0.9807692307692307,156,3800,2900,900,0.7631578947368421,47,29,18,238.5223456242575,0.4125344637441412,0.7448831150883792,0.13834613335659077,1047619.5233805043,14976.13320769699,1062595.6565882014,1306,0,652.1346153846154,70,86,36,38.01339754983468,0.5953869047619047,44.116784037558695,8188.262910798139,116.97518443997342,0
1308,32,3,1,155,0.019230769230769232,0.00641025641025641,0.9935897435897436,156,4500,3300,1200,0.7333333333333333,57,33,24,235.83922459302943,0.4129127033360904,0.7436372481366067,0.13755627441570048,1049338.2937438765,13795.025906465715,1063133.3196503422,1307,0,653.1025641025641,72,84,39,37.8672851544362,0.5964988425925926,43.90696347031964,8194.977168949781,113.81912734652474,0
1309,32,2,1,156,0.012738853503184714,0.006369426751592357,0.9936305732484076,157,3900,2700,1200,0.6923076923076923,51,27,24,231.37777736620262,0.41470344057923675,0.7408032451472857,0.13563940738675467,1050891.9440375445,13330.608452691053,1064222.5524902355,1308,0,649.9299363057324,63,94,42,37.787639188788695,0.6035052910052909,43.71744791666667,8201.041666666677,130.1752645502647,0
1310,32,2,0,158,0.012658227848101266,0.0,1.0,158,3800,2900,900,0.7631578947368421,47,29,18,233.68061288102624,0.4162148270579698,0.7439598280536397,0.13819055949843545,1053559.2598264879,13839.274708546762,1067398.5345350346,1309,0,646.620253164557,66,92,42,37.395991113803895,0.6049558080808081,43.39241293532338,8211.44278606964,124.41579978893394,0
1311,32,2,1,159,0.0125,0.00625,0.99375,160,5050,3800,1250,0.7524752475247525,63,38,25,230.752179355373,0.4178262578616352,0.7428173154906741,0.1374480372682002,1055756.249999998,11673.611111110993,1067429.861111109,1310,0,639.525,69,91,32,37.19755339280888,0.6059782608695652,43.12499999999999,8219.999999999984,119.13043478260846,0
1312,32,1,0,160,0.00625,0.0,1.0,160,5000,3600,1400,0.72,64,36,28,235.78697242304554,0.41784673087002094,0.7499195338512776,0.14144078705270516,1057892.089405971,12887.434582264517,1070779.5239882357,1311,0,640.51875,72,88,37,36.80239548649648,0.6070601851851851,42.86529680365295,8228.310502283068,114.28209030948705,0
1313,32,1,0,161,0.006211180124223602,0.0,1.0,161,3550,2400,1150,0.676056338028169,47,24,23,236.3921249468409,0.4197366718426501,0.7530522054795781,0.14247417260309633,1059315.976331364,14332.790927021844,1073648.7672583857,1312,0,637.5341614906832,64,97,39,36.60975647732932,0.61328125,42.6923076923077,8233.846153846176,128.6538461538465,0
1314,32,3,2,162,0.018292682926829267,0.012195121951219513,0.9878048780487805,164,3700,2500,1200,0.6756756756756757,49,25,24,229.4373939934885,0.42220232305850663,0.7477028844757736,0.1394321582746775,1061806.211955588,12223.610039437533,1074029.8219950255,1313,0,626.8536585365854,71,93,42,36.4795106518402,0.6123826291079812,42.39004629629629,8243.518518518506,116.1058946270212,0
1315,32,1,0,163,0.006134969325153374,0.0,1.0,163,4700,3400,1300,0.723404255319149,60,34,26,234.92529114645325,0.4211085233154081,0.7563168677441368,0.1435364122401076,1063416.0439948037,12664.664749057989,1076080.7087438616,1314,0,631.6319018404907,70,93,43,36.138340352075254,0.6148809523809524,42.19483568075119,8249.765258216004,117.85378940308578,0
1316,32,2,1,164,0.012121212121212121,0.006060606060606061,0.9939393939393939,165,5200,3800,1400,0.7307692307692307,66,38,28,237.31352338262784,0.4221837275190934,0.7616927637441562,0.14581694837680859,1065103.0284930237,12352.670491437566,1077455.6989844614,1315,0,624.9636363636364,73,92,40,35.867511866441156,0.615439497716895,41.99042792792794,8256.306306306336,113.10008638775804,0
1317,32,1,0,165,0.006060606060606061,0.0,1.0,165,3950,2600,1350,0.6582278481012658,53,26,27,238.17534105129545,0.42246550874599653,0.7641614161416135,0.14675897009606395,1065941.530864201,13826.197530864407,1079767.7283950655,1316,0,625.9575757575758,74,91,41,35.74131869708713,0.615990990990991,41.8888888888889,8259.555555555584,111.615615615616,0
1318,32,0,2,163,0.0,0.012121212121212121,0.9878787878787879,165,4250,3100,1150,0.7294117647058823,54,31,23,238.1178100697236,0.4222514781966002,0.7644764476447634,0.14724427847168695,1066995.0929752123,13564.106978879961,1080559.1999540923,1317,1,626.9575757575758,76,89,42,35.612241779733566,0.6163651315789473,41.761363636363654,8263.636363636408,108.73205741626852,0
1319,32,2,0,165,0.012121212121212121,0.0,1.0,165,4400,3100,1300,0.7045454545454546,57,31,26,234.7247689287216,0.42250092387287513,0.761003441869446,0.14587077458152153,1068472.3351326713,12759.384394149452,1081231.7195268208,1318,0,627.8969696969697,61,104,41,35.516966278742174,0.6265368852459017,41.58266129032257,8269.354838709654,135.56319407720744,0
1320,32,0,0,165,0.0,0.0,1.0,165,4950,3400,1550,0.6868686868686869,65,34,31,231.46667075655003,0.4224562700172456,0.7580613231566706,0.14462343419783039,1070066.3291083453,11586.938137478319,1081653.2672458238,1319,1,628.8969696969697,63,102,40,35.404013783120384,0.6271494708994709,41.389973958333336,8275.520833333341,131.35747354497366,0
1321,32,0,0,165,0.0,0.0,1.0,165,4600,3300,1300,0.717391304347826,59,33,26,232.8546711209734,0.4228258191672826,0.7578141894701822,0.1461022706861219,1071303.4105257138,12291.600665748483,1083595.0111914624,1320,2,629.8969696969697,65,100,43,35.21519518145776,0.6274038461538461,41.24053030303031,8280.303030303046,127.38927738927764,0
1322,32,1,0,166,0.006024096385542169,0.0,1.0,166,5450,3900,1550,0.7155963302752294,70,39,31,236.42214878967178,0.4236187172934161,0.7613798435567756,0.14940312363846783,1073401.104022265,12105.159105229983,1085506.2631274948,1321,0,627.0963855421687,68,98,40,34.86368537623125,0.6282169117647058,40.98731884057971,8288.405797101454,121.88832054560962,0
1323,32,0,1,165,0.0,0.006024096385542169,0.9939759036144579,166,4100,2600,1500,0.6341463414634146,56,26,30,240.72664321357806,0.4235244006328344,0.7652914647721325,0.1527369046596494,1074580.4403888104,14436.028455553318,1089016.4688443637,1322,1,628.0963855421687,70,96,40,34.606520795591805,0.6285714285714286,40.84507042253521,8292.957746478864,118.47082494969806,0
1324,32,1,0,166,0.006024096385542169,0.0,1.0,166,5450,3900,1550,0.7155963302752294,70,39,31,241.55482603296005,0.42293796397712063,0.7663992875626782,0.15391906491588234,1075829.9382716017,13324.382716049198,1089154.320987651,1323,0,629.066265060241,74,92,41,34.43079360828426,0.6280968468468469,40.694444444444436,8297.777777777754,112.1321321321318,0
1325,32,0,2,164,0.0,0.012048192771084338,0.9879518072289156,166,5500,3700,1800,0.6727272727272727,73,37,36,241.60084316059505,0.42312279420713156,0.764355747854963,0.1544675426849862,1076811.5615844668,13331.716240776543,1090143.2778252433,1324,1,630.066265060241,63,103,43,34.3084703139051,0.6354166666666667,40.57617187499998,8301.562499999955,131.7708333333326,0
1326,32,0,0,164,0.0,0.0,1.0,164,4900,3800,1100,0.7755102040816326,60,38,22,242.74632303081643,0.4218414883535338,0.7608924396231569,0.15622760466041125,1078730.2642570743,14671.561038093248,1093401.8252951675,1325,2,636.560975609756,66,98,42,34.04212322615414,0.6358901515151515,40.34514925373135,8308.955223880608,125.893260967888,0
1327,32,0,0,164,0.0,0.0,1.0,164,4050,2800,1250,0.691358024691358,53,28,25,246.14670245514336,0.42153209012918347,0.7652008385058704,0.15891109368703793,1079634.7243880122,16299.705452835435,1095934.4298408476,1326,3,637.560975609756,66,98,40,33.84232104381133,0.6369949494949495,40.236318407960205,8312.437810945288,125.94602743856497,0
1328,32,0,1,163,0.0,0.006097560975609756,0.9939024390243902,164,4050,2400,1650,0.5925925925925926,57,24,33,243.97492379548657,0.4213801187091626,0.7643457647001324,0.1581084246414908,1080733.5069444454,15884.37500000008,1096617.8819444454,1327,4,638.560975609756,67,97,40,33.76336005344022,0.6377487562189055,40.10416666666667,8316.666666666675,124.12935323383097,0
1329,32,0,0,163,0.0,0.0,1.0,163,4150,2800,1350,0.6746987951807228,55,28,27,247.27143732845133,0.42121582216162995,0.76735947002413,0.16090859493700738,1081926.5946988293,16755.908831011402,1098682.5035298408,1328,5,635.9570552147239,68,95,35,33.530720851475564,0.6386335784313726,39.96074879227054,8321.256038647367,122.37141233304952,0
1330,32,0,0,163,0.0,0.0,1.0,163,4700,3100,1600,0.6595744680851063,63,31,32,244.246630323712,0.42079451639778837,0.765026069782077,0.15967923105677848,1083261.748890822,15616.606385031057,1098878.355275853,1329,6,636.9570552147239,71,92,36,33.44505838198501,0.6386443661971831,39.800347222222236,8326.388888888921,117.27308294209749,0
1331,32,0,0,163,0.0,0.0,1.0,163,4750,3700,1050,0.7789473684210526,58,37,21,251.50607881200946,0.4206951071726123,0.7713001896637104,0.16539676331117487,1084952.1428100364,17224.41182736771,1102176.5546374042,1330,7,637.9570552147239,73,90,39,33.04812647530497,0.6396974885844748,39.5974099099099,8332.882882882857,114.1490805874364,0
1332,32,0,0,163,0.0,0.0,1.0,163,4150,3100,1050,0.7469879518072289,52,31,21,248.62840941217348,0.42065408114317454,0.7678793176963976,0.16396570072368347,1085758.4867794868,17240.081114750537,1102998.5678942373,1331,8,638.9570552147239,62,101,38,33.02390775415214,0.6470094086021505,39.50066137566138,8335.978835978845,134.4512715480459,0
1333,32,0,0,163,0.0,0.0,1.0,163,4900,3500,1400,0.7142857142857143,63,35,28,248.37552731916048,0.4204615743896589,0.7680015940957152,0.16418217144425118,1086426.205105253,16468.336317274378,1102894.5414225275,1332,9,639.9570552147239,63,100,39,32.94841765563191,0.6471560846560847,39.42057291666667,8338.541666666677,132.3578042328044,0
1334,32,1,0,164,0.006097560975609756,0.0,1.0,164,4750,2900,1850,0.6105263157894737,66,29,37,244.01011188724686,0.4212359406952965,0.7650436594249632,0.16212100408058955,1087879.6766868483,15540.728325643846,1103420.405012492,1333,0,637.0487804878048,67,97,39,32.88367015235186,0.646455223880597,39.246323529411754,8344.117647058802,124.5390693590866,0
1335,32,1,1,164,0.006060606060606061,0.006060606060606061,0.9939393939393939,165,4250,2700,1550,0.6352941176470588,58,27,31,214.69808809932175,0.421789541759054,0.7372201571090018,0.13622782970332276,1074592.4571118897,8892.589205574981,1083485.0463174647,1334,0,634.1818181818181,80,85,39,35.279583498742895,0.6239583333333334,40.84362139917695,8293.004115226335,103.66255144032918,8
1336,32,1,0,165,0.006060606060606061,0.0,1.0,165,3900,2700,1200,0.6923076923076923,51,27,24,212.41999848968126,0.4215246982015275,0.7348635552155063,0.13543070147610425,1075994.5830183935,8812.553539934514,1084807.136558328,1335,0,635.0060606060606,83,82,42,35.16601313440446,0.6244979919678715,40.67460317460318,8298.412698412707,99.98087588449044,0
1337,32,0,0,165,0.0,0.0,1.0,165,4100,2900,1200,0.7073170731707317,53,29,24,212.0086864090597,0.42164172209903916,0.7338410280818659,0.1358847620943969,1077534.2627599204,8589.3247216969,1086123.5874816172,1336,1,636.0060606060606,68,97,42,34.98727457824315,0.6332720588235294,40.489130434782595,8304.347826086927,122.12276214833716,0
1338,32,0,0,165,0.0,0.0,1.0,165,4950,3300,1650,0.6666666666666666,66,33,33,208.3759575044547,0.42130758807588076,0.7293427107753765,0.13417566267353204,1078877.905328793,7012.443310657247,1085890.3486394503,1337,2,637.0060606060606,69,96,45,34.916427889207235,0.6343599033816425,40.327380952380935,8309.52380952377,120.42788129744594,0
1339,32,1,1,165,0.006024096385542169,0.006024096385542169,0.9939759036144579,166,4550,2700,1850,0.5934065934065934,64,27,37,207.58614629709032,0.4218388706340514,0.7303168525737347,0.13444144092725252,1080550.48945866,7111.462397231529,1087661.9518558914,1338,0,634.1626506024096,70,96,44,34.73155309659573,0.6358630952380953,40.126173708920184,8315.962441314545,118.79946344735065,0
1340,32,1,1,165,0.006024096385542169,0.006024096385542169,0.9939759036144579,166,4450,3200,1250,0.7191011235955056,57,32,25,204.9015955408281,0.4218563648533528,0.7276770633937615,0.13345330005224354,1082177.85493827,6697.993827160386,1088875.8487654305,1339,0,635.1265060240963,74,92,38,34.601691143747225,0.6358389639639639,39.93055555555555,8322.22222222221,112.4624624624623,0
1341,32,0,0,165,0.0,0.0,1.0,165,4400,3100,1300,0.7045454545454546,57,31,26,201.38741139148402,0.42177106430155215,0.721496556292448,0.13170306597545,1083356.853190401,6234.8864554476495,1089591.7396458487,1340,1,639.0727272727273,75,90,42,34.54860196646473,0.6368055555555556,39.78892543859648,8326.754385964885,111.02339181286513,0
1342,32,0,0,165,0.0,0.0,1.0,165,4100,2600,1500,0.6341463414634146,56,26,30,200.56765173309716,0.42166481892091645,0.7207878378399668,0.1314862755365082,1084055.0712364812,6385.275997451183,1090440.3472339325,1341,2,640.0727272727273,76,89,43,34.484412625816404,0.6371984649122807,39.70508658008657,8329.437229437211,109.59785828206857,0
1343,32,0,1,164,0.0,0.006060606060606061,0.9939393939393939,165,5350,3600,1750,0.6728971962616822,71,36,35,202.804363359281,0.42130912786400593,0.7229188132413942,0.1333720836810328,1084958.158124224,5656.849705968274,1090615.0078301923,1342,3,641.0727272727273,77,88,45,34.31559524420055,0.6378517316017316,39.596688034188034,8332.905982905984,108.21955821955824,0
1344,32,0,1,163,0.0,0.006097560975609756,0.9939024390243902,164,4450,3300,1150,0.7415730337078652,56,33,23,207.40960406924043,0.4212273679485261,0.7267033878572666,0.13707353959781085,1086365.4364991006,7814.525011757365,1094179.961510858,1343,4,638.9512195121952,66,98,43,34.02334427207638,0.6452020202020202,39.42786069651743,8338.308457711475,126.33800693502235,0
1345,32,0,0,163,0.0,0.0,1.0,163,4200,2600,1600,0.6190476190476191,58,26,32,205.75116576751418,0.42084343204827185,0.7236207132712855,0.13657897197204008,1087624.0508458337,7955.983275663501,1095580.0341214973,1344,5,643.5214723926381,67,96,47,33.91255385820604,0.6461442786069651,39.276960784313744,8343.137254902002,124.52443664032837,0
1346,32,0,0,163,0.0,0.0,1.0,163,5050,3800,1250,0.7524752475247525,63,38,25,203.14781738067862,0.42083712035143533,0.7198477435978221,0.13529929809960392,1088568.5958129794,6578.066861711639,1095146.662674691,1345,6,644.5214723926381,71,92,46,33.86494213027161,0.645099765258216,39.163773148148174,8346.75925925932,117.55998956703266,0
1347,32,0,0,163,0.0,0.0,1.0,163,3800,2300,1500,0.6052631578947368,53,23,30,203.42472186056028,0.4206256785074099,0.7211177204900314,0.13591625460957557,1089473.638086159,7925.174360418134,1097398.8124465772,1346,7,645.5214723926381,72,91,47,33.74710632325333,0.6456886574074074,39.05536529680367,8350.228310502327,115.97539320142121,0
1348,32,0,0,163,0.0,0.0,1.0,163,4700,3000,1700,0.6382978723404256,64,30,34,203.03122403504105,0.4204347496781035,0.7215593218347931,0.13637692186791067,1090980.2500000042,7000.611111111324,1097980.8611111154,1347,8,646.5214723926381,74,89,43,33.573347162384984,0.6465371621621622,38.875000000000014,8356.000000000033,112.91891891891936,0
1349,32,0,0,163,0.0,0.0,1.0,163,3950,2600,1350,0.6582278481012658,53,26,27,204.57205253249916,0.4202990481961171,0.7245180563931823,0.13786441189838022,1091908.8919753125,8124.808641975513,1100033.700617288,1348,9,647.5214723926381,74,89,44,33.41972814432805,0.6476632882882882,38.7638888888889,8359.555555555586,112.96696696696738,0
1350,32,0,0,163,0.0,0.0,1.0,163,5550,4000,1550,0.7207207207207207,71,40,31,205.61357024640202,0.42042370420863945,0.7268415943235258,0.13903565150823416,1092862.0651084154,6791.454198759572,1099653.519307175,1349,10,648.5214723926381,76,87,44,33.27617889124696,0.6478892543859649,38.649891774891785,8363.203463203487,110.04215083162482,0
1351,32,0,1,162,0.0,0.006134969325153374,0.9938650306748467,163,3550,1800,1750,0.5070422535211268,53,18,35,206.3210966605869,0.4204678860864955,0.7285272898826987,0.1397948412296347,1093427.831187571,8969.445849965356,1102397.2770375363,1350,11,649.5214723926381,76,87,44,33.188651417925904,0.6485745614035088,38.582251082251084,8365.367965367963,110.07063112326267,0
1352,32,0,1,161,0.0,0.006172839506172839,0.9938271604938271,162,4600,3100,1500,0.6739130434782609,61,31,30,227.39211090043477,0.4204304373386499,0.7545939960090347,0.15061383345522944,1086999.3141289463,12435.01371742133,1099434.3278463676,1351,12,653.0370370370371,62,100,39,33.42491859088218,0.648521505376344,39.35185185185186,8340.740740740759,134.52807646356064,8
1353,32,0,0,161,0.0,0.0,1.0,161,5100,3700,1400,0.7254901960784313,65,37,28,231.17006399983632,0.4201070781573499,0.7562756732085798,0.15394942559989117,1088544.444444446,13027.777777777861,1101572.2222222236,1352,13,657.6459627329192,64,97,41,33.136980830670915,0.6490885416666667,39.16666666666667,8346.666666666679,130.41666666666686,0
1354,32,0,1,160,0.0,0.006211180124223602,0.9937888198757764,161,4250,2800,1450,0.6588235294117647,57,28,29,230.43739995500454,0.4196363871635611,0.7555172501889811,0.15386070662585355,1089282.2798694014,13752.275278032896,1103034.5551474344,1353,14,658.6459627329192,65,96,39,33.065670618598276,0.6493589743589744,39.07828282828283,8349.494949494952,128.4537684537685,0
1355,32,1,1,160,0.006211180124223602,0.006211180124223602,0.9937888198757764,161,5550,4400,1150,0.7927927927927928,67,44,23,225.73410195575545,0.41965256211180124,0.7511144474828393,0.15190298319473108,1091494.9918609571,11527.528355387696,1103022.5202163449,1354,0,659.1677018633541,68,93,35,32.91753366857407,0.6502757352941176,38.81340579710146,8357.971014492781,122.91133844842325,0
1356,32,0,0,160,0.0,0.0,1.0,160,4900,3500,1400,0.7142857142857143,63,35,28,229.8304727004996,0.4188908542976939,0.7549594863943603,0.15521403246090384,1092504.6420278242,13318.171660949256,1105822.8136887734,1355,16,664.2875,68,92,37,32.68699327902631,0.6515012254901961,38.692632850241566,8361.835748792315,122.96817277635758,0
1357,32,1,0,161,0.006211180124223602,0.0,1.0,161,4250,3000,1250,0.7058823529411765,55,30,25,228.48773511055455,0.4195506599378882,0.7556186929107549,0.15539601025547298,1094481.8447848542,13565.135566902547,1108046.9803517568,1356,0,661.1552795031056,60,101,38,32.480331026377634,0.6590277777777778,38.45628415300546,8369.398907103821,139.4899817850637,0
1358,32,0,0,161,0.0,0.0,1.0,161,3950,2500,1450,0.6329113924050633,54,25,29,225.28038774241674,0.419524780020704,0.7518726464796,0.15374744779581068,1095454.839432305,13206.89819632331,1108661.7376286283,1357,1,662.1552795031056,61,100,39,32.44536834895768,0.6594945355191257,38.340053763440864,8373.118279569899,137.26423409130982,0
1359,32,0,0,161,0.0,0.0,1.0,161,3650,2200,1450,0.6027397260273972,51,22,29,224.89032834255642,0.4191171713250517,0.7516532411530898,0.15384675443658874,1096120.366871027,13451.373841717677,1109571.7407127446,1358,2,663.1552795031056,62,99,40,32.37431564539902,0.6596102150537635,38.260582010582006,8375.661375661368,135.09131251066722,0
1360,32,0,0,161,0.0,0.0,1.0,161,4000,3000,1000,0.75,50,30,20,226.521714855402,0.4193290631469979,0.7533995081866582,0.15539679432319178,1096901.6562567803,13494.408840603228,1110396.0650973835,1359,3,664.1552795031056,63,98,39,32.236238888543554,0.6598875661375662,38.16731770833333,8378.645833333321,132.9943783068781,0
1361,32,0,0,161,0.0,0.0,1.0,161,3600,2600,1000,0.7222222222222222,46,26,20,226.35067455291568,0.4193161231884058,0.7532467532467528,0.15573584461650544,1097720.0359768309,13893.934122721177,1111613.970099552,1360,4,665.1552795031056,63,98,41,32.14085057685534,0.6608796296296297,38.06966145833332,8381.77083333331,133.04398148148113,0
1362,32,0,0,161,0.0,0.0,1.0,161,3800,2500,1300,0.6578947368421053,51,25,26,222.75100799788527,0.4187613224637681,0.7490402688705979,0.15392344934685287,1098923.3600206582,12957.257231404767,1111880.617252063,1361,5,666.1552795031056,65,96,42,32.08841463414634,0.6610576923076923,37.92613636363635,8386.363636363614,129.02097902097867,0
1363,32,0,0,161,0.0,0.0,1.0,161,4050,3200,850,0.7901234567901234,49,32,17,220.09603167566266,0.41868691770186334,0.7460686588801024,0.15261922196457098,1099889.6066929006,12166.267542882437,1112055.874235783,1362,6,667.1552795031056,66,95,38,32.04026822422517,0.6616161616161615,37.81094527363183,8390.049751243758,127.12196592793572,0
1364,32,0,0,161,0.0,0.0,1.0,161,4200,3100,1100,0.7380952380952381,53,31,22,193.88521636009372,0.4182809265010352,0.7067083601697233,0.13210421447905338,1094995.2094216296,6060.676618395668,1101055.8860400252,1363,7,668.1552795031056,70,91,47,33.322817938795716,0.6534226190476191,38.394953051643185,8371.361502347403,119.5908786049629,8
1365,32,0,0,161,0.0,0.0,1.0,161,3700,2700,1000,0.7297297297297297,47,27,20,192.46278361414912,0.4178134704968944,0.7042799421157035,0.1312871131082233,1095319.9474573103,6261.665207147536,1101581.6126644579,1364,8,669.1552795031056,72,89,47,33.32049429173938,0.6527777777777778,38.35616438356165,8372.602739726037,116.28614916286162,0
1366,32,0,0,161,0.0,0.0,1.0,161,4100,3000,1100,0.7317073170731707,52,30,22,193.05169095498616,0.4175967261904762,0.7046209095925255,0.13217928000732426,1096359.9241133041,6030.827449070792,1102390.7515623749,1365,9,670.1552795031056,73,88,47,33.178506130350605,0.6535388127853881,38.23198198198199,8376.57657657659,114.74762433666562,0
1367,32,1,0,162,0.006172839506172839,0.0,1.0,162,4200,3100,1100,0.7380952380952381,53,31,22,189.01424190984318,0.41802616108171664,0.7006576115959995,0.13010603505511179,1097845.8313421793,4901.699509004751,1102747.5308511842,1366,0,667.0123456790124,76,86,47,33.10351357399854,0.6539199561403508,38.05465367965368,8382.251082251089,110.29277739804064,0
1368,32,1,0,163,0.006134969325153374,0.0,1.0,163,4600,3200,1400,0.6956521739130435,60,32,28,185.82925041472126,0.41780277209725064,0.6970727432077115,0.12829549449729938,1098675.1980251775,3633.1976996530007,1102308.3957248305,1367,0,663.9141104294479,79,84,50,33.08618012422361,0.6536128691983123,37.95572916666668,8385.416666666697,106.14451476793288,0
1369,32,0,1,162,0.0,0.006134969325153374,0.9938650306748467,163,3800,2500,1300,0.6578947368421053,51,25,26,185.85993063814533,0.4177649019162311,0.6977798472141907,0.12863779172147097,1099369.5093270005,4465.748149841682,1103835.2574768423,1368,1,664.9141104294479,80,83,39,33.00105071219477,0.6540364583333333,37.87294238683128,8388.065843621405,104.85082304526756,0
1370,32,0,1,161,0.0,0.006172839506172839,0.9938271604938271,162,4700,3000,1700,0.6382978723404256,64,30,34,188.9142594114811,0.41736558418321706,0.7014198106152123,0.1309552875423959,1099801.036533218,4453.6196633303725,1104254.6561965484,1369,3,670.0123456790124,80,82,39,32.868576380373085,0.6545572916666667,37.821502057613166,8389.711934156378,104.87139917695472,0
1371,32,0,1,160,0.0,0.006211180124223602,0.9937888198757764,161,4000,3000,1000,0.75,50,30,20,188.43686379082374,0.41751423395445136,0.6992476979640927,0.1310529789139574,1100708.559640166,5282.813785261457,1105991.3734254274,1370,4,668.5962732919255,82,79,40,32.77090610396032,0.6548526422764227,37.713353413654616,8393.172690763042,102.3557645215005,0
1372,32,0,0,160,0.0,0.0,1.0,160,3650,2500,1150,0.684931506849315,48,25,23,216.01851589992427,0.4167534722222222,0.7284625455117553,0.1419723463286737,1084776.8611742319,11216.377526687029,1095993.2387009189,1371,5,673.58125,88,72,40,33.99372199997005,0.6334043560606061,39.61844569288389,8332.209737827696,94.68420156622382,8
1373,32,0,0,160,0.0,0.0,1.0,160,5150,3900,1250,0.7572815533980582,64,39,25,209.54345644053006,0.41660770440251577,0.7192051593733122,0.1384243175843758,1086242.8095325045,8373.014568622657,1094615.8241011272,1372,6,674.58125,73,87,40,33.9827570682514,0.6412671232876712,39.442567567567565,8337.83783783783,114.21695668270999,0
1374,32,0,0,160,0.0,0.0,1.0,160,4150,3300,850,0.7951807228915663,50,33,17,207.34172054842122,0.41665192610062896,0.7162819744204629,0.13724047217252644,1086806.2500000005,8918.055555555582,1095724.305555556,1373,7,675.58125,74,86,40,33.971156408206774,0.6414695945945945,39.375,8340.000000000004,112.70270270270275,0
1375,32,0,0,160,0.0,0.0,1.0,160,4750,3600,1150,0.7578947368421053,59,36,23,205.08844661500987,0.41604756289308176,0.7099243675723672,0.1364050052117337,1088179.5230444141,7884.609603887953,1096064.132648302,1374,8,676.58125,80,80,43,33.861897365090314,0.6404947916666667,39.21039094650204,8345.267489711883,104.31584362139854,0
1376,32,0,0,160,0.0,0.0,1.0,160,4850,3600,1250,0.7422680412371134,61,36,25,208.35661348839886,0.4161458333333334,0.7134638843708436,0.13910323563889737,1089252.9959228686,8540.613092515941,1097793.6090153845,1375,9,677.58125,80,80,42,33.64538666272364,0.641796875,39.08179012345676,8349.382716049313,104.36728395061641,0
1377,32,0,0,160,0.0,0.0,1.0,160,5150,3800,1350,0.7378640776699029,65,38,27,205.82392331649794,0.4161613928197065,0.7097667941469936,0.13784243594937717,1090139.0094521497,7725.337577159984,1097864.3470293097,1376,10,678.58125,83,77,43,33.6031897794036,0.6416917670682731,38.975694444444414,8352.777777777694,100.6358768406951,0
1378,32,0,1,159,0.0,0.00625,0.99375,160,3500,2300,1200,0.6571428571428571,47,23,24,206.35702862702422,0.4160246331236897,0.711354890182093,0.1386209194824907,1091000.7304882668,9527.13379469399,1100527.8642829608,1377,11,679.58125,84,76,34,33.48400053188161,0.6423611111111112,38.872549019607824,8356.078431372496,99.47712418300591,0
1379,32,2,0,161,0.012422360248447204,0.0,1.0,161,5200,4200,1000,0.8076923076923077,62,42,20,215.30300097423577,0.4170791278467909,0.7338051517703834,0.1378834606239155,1077296.4462286094,8989.031562379601,1086285.477790989,1378,0,676.0869565217391,67,94,36,34.931039317551225,0.6335509950248757,40.51776960784312,8303.431372548983,123.93181153058184,8
1380,32,0,0,161,0.0,0.0,1.0,161,5300,3900,1400,0.7358490566037735,67,39,28,217.132344733796,0.4168542960662526,0.7347555168857458,0.13963538586695634,1078506.9763321953,9335.749716553008,1087842.7260487482,1379,1,677.0869565217391,69,92,41,34.73466068665101,0.6339070048309179,40.372023809523796,8308.095238095206,120.40717736369864,0
1381,32,0,0,161,0.0,0.0,1.0,161,4150,3000,1150,0.7228915662650602,53,30,23,214.89389039957325,0.4166132893374741,0.733076972563312,0.13891520819998276,1080011.6946373407,10067.58294753056,1090079.2775848713,1380,2,678.0869565217391,71,90,41,34.60783494821249,0.6346830985915493,40.19097222222221,8313.88888888885,117.09702660406832,0
1382,32,0,0,161,0.0,0.0,1.0,161,3600,2300,1300,0.6388888888888888,49,23,26,218.05269886701836,0.4167653338509317,0.7370038974584183,0.14151286124903711,1081148.9054909195,11349.487343883606,1092498.392834803,1381,3,679.0869565217391,72,89,42,34.386035937128355,0.6355613425925926,40.05422374429224,8318.264840182646,115.53145611364786,0
1383,32,0,0,161,0.0,0.0,1.0,161,4400,3300,1100,0.75,55,33,22,216.0335375440346,0.4167604813664596,0.7350225968071962,0.1406273281391298,1082021.6627100091,10150.593498904362,1092172.2562089134,1382,4,680.0869565217391,73,88,37,34.331357583631046,0.6361301369863014,39.94932432432433,8321.621621621636,113.99481673454297,0
1384,32,1,1,161,0.006172839506172839,0.006172839506172839,0.9938271604938271,162,3450,2500,950,0.7246376811594203,44,25,19,216.42616447208226,0.41778094087876694,0.7353977972634251,0.1413696302136636,1083014.4972491534,11028.534741458923,1094043.0319906124,1383,0,676.8827160493827,75,87,38,34.19928528781654,0.6363888888888889,39.83004385964912,8325.438596491225,111.00584795321633,0
1385,32,0,0,161,0.0,0.0,1.0,161,4050,2800,1250,0.691358024691358,53,28,25,221.1057009856078,0.41772289078674946,0.7407298381953233,0.14488603387566223,1083927.566655124,11682.512888581037,1095610.079543705,1384,1,681.7142857142857,75,86,39,33.9654642794453,0.6375,39.7203947368421,8328.947368421048,111.0526315789473,0
1386,32,0,0,161,0.0,0.0,1.0,161,3950,2700,1250,0.6835443037974683,52,27,25,223.03999999999948,0.41775524068322983,0.7441490683229803,0.14673684210526322,1085069.4444444473,12252.777777777917,1097322.2222222253,1385,2,682.7142857142857,73,88,41,33.775,0.6398401826484018,39.58333333333334,8333.333333333356,114.15525114155282,0
1387,32,0,0,161,0.0,0.0,1.0,161,5000,3300,1700,0.66,67,33,34,221.61918953246317,0.4176565734989648,0.7427999195018609,0.1463979502315547,1086235.8024863221,10946.139637632594,1097181.9421239547,1386,3,683.7142857142857,66,95,41,33.66897388467889,0.6450441919191919,39.443407960198996,8337.810945273613,126.33046886778202,0
1388,32,0,0,161,0.0,0.0,1.0,161,4900,3400,1500,0.6938775510204082,64,34,30,217.95703801004976,0.41742527173913047,0.7379463399415753,0.1446442161339421,1087551.0204081633,10307.87981859411,1097858.9002267574,1387,4,684.7142857142857,69,92,40,33.60326293759512,0.644927536231884,39.285714285714285,8342.857142857143,120.91097308488614,0
1389,32,0,0,161,0.0,0.0,1.0,161,4450,3400,1050,0.7640449438202247,55,34,21,220.19720523839146,0.4172926371635611,0.7398051316651124,0.14664196859492895,1088544.444444446,11288.888888888958,1099833.333333335,1388,5,685.7142857142857,69,92,40,33.42318956336529,0.6461352657004831,39.16666666666667,8346.666666666679,120.96618357487941,0
1390,32,0,0,161,0.0,0.0,1.0,161,4800,2900,1900,0.6041666666666666,67,29,38,223.78891967232457,0.4166084368530021,0.7429554805168508,0.14968217730697325,1089776.5058352642,11775.981385031007,1101552.4872202952,1389,6,686.7142857142857,71,90,42,33.17863379344755,0.6465669014084507,39.01909722222223,8351.388888888903,117.62519561815357,0
1391,32,1,0,162,0.006172839506172839,0.0,1.0,162,3350,2600,750,0.7761194029850746,41,26,15,222.27882054999222,0.417185063773228,0.7433927979828028,0.1491395518739719,1090665.4918840327,12736.367830112034,1103401.8597141448,1390,0,683.4691358024692,72,90,38,33.109252882986276,0.6471354166666667,38.91267123287672,8354.794520547961,116.03881278538834,0
1392,32,0,0,162,0.0,0.0,1.0,162,4150,3300,850,0.7951807228915663,50,33,17,213.7928600021157,0.4168831314060783,0.7329855871142457,0.13968744084641474,1083092.4976410416,9761.488543502335,1092853.986184544,1391,1,684.4691358024692,78,84,37,34.25822690722343,0.6351495726495726,39.820675105485215,8325.738396624427,106.74023585415932,8
1393,32,1,1,162,0.006134969325153374,0.006134969325153374,0.9938650306748467,163,4750,3700,1050,0.7789473684210526,58,37,21,214.80973931936322,0.4175534600722058,0.7356297251504675,0.14121648057592345,1084855.1203237928,9257.48911920582,1094112.6094429987,1392,0,681.2638036809816,80,83,39,34.01560236401948,0.6364583333333333,39.60905349794237,8332.510288065796,104.15637860082245,0
1394,32,0,0,162,0.0,0.0,1.0,162,4400,3000,1400,0.6818181818181818,58,30,28,218.81721843105308,0.4165700163586637,0.7382998665622063,0.14427554849170104,1085698.5613724927,10713.907850824902,1096412.4692233177,1393,1,686.3086419753087,68,94,37,33.80783347821886,0.6432291666666667,39.50785024154589,8335.74879227052,122.58454106280178,0
1395,32,0,0,162,0.0,0.0,1.0,162,4400,3100,1300,0.7045454545454546,57,31,26,220.3493755849318,0.4163671305881451,0.7394996407342085,0.14596297563914618,1087026.5076373743,11105.122440432937,1098131.6300778072,1394,2,687.3086419753087,70,92,39,33.60515403955121,0.64375,39.348591549295776,8340.84507042254,119.15492957746486,0
1396,32,1,0,163,0.006134969325153374,0.0,1.0,163,4800,3800,1000,0.7916666666666666,58,38,20,215.97615135519055,0.4171447777020374,0.736966376686653,0.14391420570884755,1088708.9401479224,9627.033367827522,1098335.97351575,1395,0,684.0858895705521,73,90,39,33.513155882934925,0.644263698630137,39.146959459459474,8347.29729729733,114.3465383191415,0
1397,32,0,0,163,0.0,0.0,1.0,163,4750,3800,950,0.8,57,38,19,215.67330125039558,0.41687653058648283,0.7376035418918161,0.14421712919910837,1089704.0123456817,9654.012345679148,1099358.0246913608,1396,1,685.0858895705521,74,89,39,33.3993037076459,0.6449887387387387,39.027777777777786,8351.111111111131,112.85285285285313,0
1398,32,0,0,163,0.0,0.0,1.0,163,4900,3300,1600,0.673469387755102,65,33,32,214.7984605348454,0.41657356913832716,0.7376927925473822,0.14420261171419377,1090826.5194852103,9361.57141920162,1100188.0909044119,1397,2,686.0858895705521,76,87,39,33.28486865965495,0.645422149122807,38.893398268398286,8355.4112554113,109.93962178172762,0
1399,32,0,1,162,0.0,0.006134969325153374,0.9938650306748467,163,4350,2900,1450,0.6666666666666666,58,29,29,217.66723883734613,0.4165530561236083,0.742867887953109,0.14680649234525614,1092133.856879346,10594.352213541975,1102728.209092888,1398,3,687.0858895705521,79,84,40,33.0501391311571,0.645701476793249,38.736979166666686,8360.416666666712,105.82805907173052,0
1400,32,0,2,160,0.0,0.012345679012345678,0.9876543209876543,162,4350,3300,1050,0.7586206896551724,54,33,21,217.47051933853896,0.4158870740996345,0.7416227463855753,0.14719320414176962,1093129.7508097081,10794.698922599242,1103924.4497323073,1399,4,692.2345679012345,81,81,40,32.93359577501296,0.6460905349794239,38.6178861788618,8364.22764227646,103.26206965773409,0
1401,32,0,0,160,0.0,0.0,1.0,160,3550,2500,1050,0.704225352112676,46,25,21,217.2818865486273,0.4149092636268344,0.7392159631391191,0.14760425410936684,1094157.632236829,11998.126902799597,1106155.7591396286,1400,5,700.69375,66,94,41,32.8129954419342,0.6546717171717171,38.4950248756219,8368.159203980123,126.79029096939581,0
1402,32,0,0,160,0.0,0.0,1.0,160,4900,3600,1300,0.7346938775510204,62,36,26,211.65289062818835,0.4147258254716981,0.7302126472328299,0.14473196746781541,1096006.212082013,9494.576586721765,1105500.7886687347,1401,6,701.69375,73,87,40,32.734709747395975,0.6531107305936072,38.27421171171171,8375.225225225215,114.729112674318,0
1403,32,0,1,159,0.0,0.00625,0.99375,160,3950,3000,950,0.759493670886076,49,30,19,210.7298865780598,0.4145882468553459,0.729853596435392,0.14456622349962056,1096907.111111108,10280.222222222084,1107187.33333333,1402,7,702.69375,74,86,42,32.64905580309781,0.6537162162162162,38.16666666666666,8378.666666666642,113.2252252252249,0
1404,32,1,0,160,0.00625,0.0,1.0,160,4250,2900,1350,0.6823529411764706,56,29,27,207.52692046594504,0.41520243710691823,0.7259958966255491,0.14305211263882234,1098241.3000401706,9332.926985170161,1107574.2270253408,1403,0,703.1625,77,83,43,32.57042851802766,0.6539502164502164,38.00747863247861,8383.760683760625,108.88000888000812,0
1405,32,0,0,160,0.0,0.0,1.0,160,4850,3600,1250,0.7422680412371134,61,36,25,206.82377342588822,0.414925642033543,0.724663076961297,0.14290223438869995,1098893.5791015553,8605.463324652463,1107499.0424262078,1404,1,704.1625,79,81,46,32.50945040658483,0.653876582278481,37.92968749999998,8386.249999999945,106.15506329113855,0
1406,32,0,0,160,0.0,0.0,1.0,160,4750,3500,1250,0.7368421052631579,60,35,25,205.42354980989236,0.4150239124737945,0.7228413496486563,0.1421977507657535,1099407.6592347426,8418.844809636834,1107826.5040443796,1405,2,705.1625,81,79,42,32.48359381310069,0.6536779835390947,37.868394308943074,8388.211382113781,103.55816521128125,0
1407,32,0,0,160,0.0,0.0,1.0,160,4000,3000,1000,0.75,50,30,20,207.73865915211206,0.4148257337526205,0.7258741766757075,0.1445211534424798,1100793.3439090464,9735.466653446905,1110528.8105624933,1406,3,706.1625,81,79,44,32.254334560247955,0.6553497942386831,37.70325203252032,8393.49593495933,103.62340660443617,0
1408,32,0,0,160,0.0,0.0,1.0,160,3250,1800,1450,0.5538461538461539,47,18,29,209.0759549884586,0.41476759040880506,0.7277801363310217,0.14573967452596615,1101340.6663803803,10802.770318220619,1112143.4366986009,1407,4,707.1625,82,78,44,32.152694730128374,0.655614837398374,37.63805220883534,8395.582329317263,102.3851503575276,0
1409,32,0,0,160,0.0,0.0,1.0,160,3950,2900,1050,0.7341772151898734,50,29,21,213.6263690188031,0.4144146357442348,0.7337276444146907,0.1493099809131414,1102078.3535749381,11136.599409686718,1113214.9529846248,1408,5,708.1625,82,78,44,31.943581038000506,0.6565040650406504,37.55020080321284,8398.393574297155,102.41943383289214,0
1410,32,0,1,159,0.0,0.00625,0.99375,160,4300,3000,1300,0.6976744186046512,56,30,26,213.91949505590478,0.4141222811844864,0.7341901752412527,0.15024175430308867,1103414.3686109232,10908.368914135674,1114322.737525059,1409,6,709.1625,66,94,45,31.773454305053953,0.6658775252525253,37.39116915422885,8403.48258706466,127.32549374340394,0
1411,32,0,0,159,0.0,0.0,1.0,159,4200,2900,1300,0.6904761904761905,55,29,26,210.9810466372766,0.4133511795769976,0.728800824841521,0.1487121569310857,1104402.9943814261,10601.619932786889,1115004.614314213,1410,7,714.0188679245283,68,91,45,31.730520599896572,0.6659007352941176,37.27355072463766,8407.246376811545,123.63597612958154,0
1412,32,0,1,158,0.0,0.006289308176100629,0.9937106918238994,159,3800,2400,1400,0.631578947368421,52,24,28,210.69287518712406,0.4132383966244726,0.7286651470004302,0.14878421413315437,1104910.7366857997,10959.36398749067,1115870.1006732904,1411,8,715.0188679245283,68,91,46,31.676432852683757,0.6665134803921569,37.213164251207715,8409.178743961322,123.66439329354886,0
1413,32,0,0,158,0.0,0.0,1.0,158,4600,3400,1200,0.7391304347826086,58,34,24,211.48949623611486,0.4130082775672552,0.7285087423886556,0.14980647315586135,1105752.3951247095,10571.003401360109,1116323.3985260695,1412,9,716.5759493670886,69,89,43,31.553313332578586,0.6669685990338164,37.11309523809521,8412.380952380896,121.91856452725936,0
1414,32,0,1,157,0.0,0.006329113924050633,0.9936708860759493,158,4350,3200,1150,0.735632183908046,55,32,23,211.2934668145191,0.41294780832594263,0.7284419301061349,0.15025220069749556,1106817.599159111,10822.665531529978,1117640.264690641,1413,10,717.5759493670886,70,88,44,31.429198973615193,0.6677083333333333,36.98650234741782,8416.43192488258,120.23474178403686,0
1415,32,0,0,157,0.0,0.0,1.0,157,4250,3200,1050,0.7529411764705882,53,32,21,226.34082146047237,0.41258540203603894,0.7433268936830164,0.15243142525845116,1091717.6686851238,13770.05478662068,1105487.7234717445,1414,11,720.2929936305733,67,90,39,32.87444288060052,0.6511194029850746,38.78676470588236,8358.823529411786,124.75856014047442,8
1416,32,0,1,156,0.0,0.006369426751592357,0.9936305732484076,157,4700,3700,1000,0.7872340425531915,57,37,20,226.0542431818276,0.4127980565082476,0.7434951090287003,0.15276595607498053,1092693.1386960188,13301.584099580614,1105994.7227955994,1415,12,721.2929936305733,72,85,41,32.762617851552534,0.6495949074074074,38.6700913242009,8362.557077625532,116.14662607813239,0
1417,32,0,1,155,0.0,0.00641025641025641,0.9935897435897436,156,4350,3400,950,0.7816091954022989,53,34,19,219.67596462106442,0.4130307416597739,0.7207294540779332,0.14204902420208254,1080098.2993827146,11904.327160493747,1092002.6265432083,1416,13,725.6089743589744,74,82,42,34.472946846991334,0.6333051801801801,40.18055555555555,8314.22222222221,112.35435435435419,8
1418,32,0,1,154,0.0,0.0064516129032258064,0.9935483870967742,155,4600,3500,1100,0.7608695652173914,57,35,22,219.06709541749956,0.4128142019271051,0.7180387314481269,0.14219118862725125,1081189.5126385,11770.60922591546,1092960.1218644155,1417,14,727.341935483871,75,80,44,34.35467854757634,0.6341666666666667,40.04934210526314,8318.421052631546,110.91228070175394,0
1419,32,1,1,154,0.0064516129032258064,0.0064516129032258064,0.9935483870967742,155,4000,3000,1000,0.75,50,30,20,218.17677214626477,0.4134844993715961,0.7136783051598143,0.14230335735510094,1082590.7029478452,12239.22902494327,1094829.9319727884,1418,0,719.2322580645161,76,79,37,34.20575896262397,0.6354166666666667,39.88095238095238,8323.80952380952,109.52380952380946,0
1420,32,0,0,154,0.0,0.0,1.0,154,4650,3400,1250,0.7311827956989247,59,34,25,222.77976604257142,0.4128920507596978,0.7193895404057071,0.14571546630881133,1083400.7488905287,12821.953073635514,1096222.7019641642,1419,16,724.9025974025974,77,77,38,33.98656017449319,0.6359577922077921,39.78365384615383,8326.923076923045,108.14185814185772,0
1421,32,0,0,154,0.0,0.0,1.0,154,4250,3300,950,0.7764705882352941,52,33,19,221.6158789673324,0.4128929349517585,0.7190942154429378,0.14541405540511543,1084310.0287543375,13010.064019097095,1097320.0927734345,1420,17,725.9025974025974,79,75,39,33.9052522549559,0.636207805907173,39.67447916666666,8330.416666666644,105.44831223628664,0
1422,32,0,0,154,0.0,0.0,1.0,154,4550,3300,1250,0.7252747252747253,58,33,25,218.9713649154931,0.41275676937441647,0.7158586386191497,0.14431004410695808,1085565.5328798236,12191.553287982102,1097757.0861678056,1421,18,726.9025974025974,69,85,42,33.82012682815356,0.642512077294686,39.52380952380954,8335.238095238134,120.80055210490049,0
1423,32,0,0,154,0.0,0.0,1.0,154,5100,3300,1800,0.6470588235294118,69,33,36,218.6068500937119,0.41248620660385366,0.7175975215326926,0.14485618308710663,1087119.9879168873,11630.37524648528,1098750.3631633725,1422,19,727.9025974025974,71,83,40,33.63912092283217,0.6433392018779343,39.33738425925928,8341.203703703753,117.48174230568667,0
1424,32,0,1,153,0.0,0.006493506493506494,0.9935064935064936,154,3950,2500,1450,0.6329113924050633,54,25,29,219.5012991652477,0.4124941643323996,0.7192301871133178,0.14604387494878954,1088282.435859349,13025.881705969707,1101308.317565319,1423,20,728.9025974025974,72,82,43,33.473422881216855,0.6442418981481481,39.19805936073061,8345.66210045666,115.91197361745361,0
1425,32,1,0,154,0.006493506493506494,0.0,1.0,154,4050,2800,1250,0.691358024691358,53,28,25,216.34937605406685,0.41350568004979765,0.7158632251059509,0.14475491281874742,1089871.895679443,12308.620921822228,1102180.5166012652,1424,0,728.6298701298701,75,79,42,33.36112278122045,0.6447222222222222,39.0076754385965,8351.754385964936,111.35672514619914,0
1426,32,0,1,153,0.0,0.006493506493506494,0.9935064935064936,154,4750,3400,1350,0.7157894736842105,61,34,27,218.47351820525535,0.41323600147129563,0.7199121019655372,0.1467091644458348,1090902.3720038896,12116.655846029775,1103019.0278499194,1425,1,729.6298701298701,75,79,39,33.17963405245571,0.6459722222222222,38.88432017543861,8355.701754385995,111.4093567251466,0
1427,32,0,0,153,0.0,0.0,1.0,153,4050,2600,1450,0.6419753086419753,55,26,29,220.4585994560517,0.4120746617360394,0.7216428380121302,0.1485231688594166,1091818.7597385752,13490.166926361977,1105308.9266649373,1426,23,735.3921568627451,75,78,40,33.01573403641324,0.6470833333333333,38.77467105263158,8359.210526315803,111.45614035087738,0
1428,32,1,0,154,0.006493506493506494,0.0,1.0,154,4200,2600,1600,0.6190476190476191,58,26,32,216.5243709278189,0.41276295871884106,0.7181372207433836,0.14636149964374778,1092761.9832758082,12321.920200526098,1105083.9034763342,1427,0,731.6103896103896,77,77,42,33.00325131585674,0.6473214285714286,38.661858974358985,8362.820512820535,108.6080586080589,0
1429,32,0,0,154,0.0,0.0,1.0,154,4750,3500,1250,0.7368421052631579,60,35,25,216.59166059114045,0.41281158928217754,0.7190979399018511,0.14713846758239435,1094163.545971072,11847.339876032904,1106010.885847105,1428,1,732.6103896103896,65,89,45,32.83032319391634,0.6552884615384615,38.49431818181817,8368.1818181818,128.74125874125846,0
1430,32,0,0,154,0.0,0.0,1.0,154,4500,3400,1100,0.7555555555555555,56,34,22,216.64899110525354,0.41275765356647715,0.7185251066787646,0.1475753817752058,1094921.157877978,12142.712838811916,1107063.8707167897,1429,2,733.6103896103896,67,87,44,32.736343717670955,0.6550062189054726,38.40379901960784,8371.078431372536,124.94146912496323,0
1431,32,1,0,155,0.0064516129032258064,0.0,1.0,155,4750,3600,1150,0.7578947368421053,59,36,23,196.89170285600434,0.4131894986733697,0.6997520791503697,0.12704784356922497,1079487.7902097497,6758.437845332377,1086246.228055082,1430,0,729.8709677419355,72,83,44,35.13981211888147,0.6335358796296297,40.25399543378994,8311.87214611869,115.44266869609292,8
1432,32,1,0,156,0.00641025641025641,0.0,1.0,156,4700,3500,1200,0.7446808510638298,59,35,24,194.27584833749034,0.4140999793217535,0.6965183845194531,0.12577512534236804,1080444.7530864172,6080.864197530686,1086525.617283948,1431,0,726.1858974358975,74,82,45,35.090415107785475,0.6337274774774775,40.13888888888888,8315.555555555535,112.3723723723721,0
1433,32,0,1,155,0.0,0.00641025641025641,0.9935897435897436,156,3450,2700,750,0.782608695652174,42,27,15,193.82997090262666,0.41413616625310173,0.696309478795053,0.12578785490338235,1081137.8271604897,7261.382716049191,1088399.209876539,1432,1,727.1858974358975,74,82,51,35.01705314525897,0.634572072072072,40.05555555555554,8318.22222222219,112.40840840840796,0
1434,32,2,1,156,0.012738853503184714,0.006369426751592357,0.9936305732484076,157,4400,3000,1400,0.6818181818181818,58,30,28,190.8469884014931,0.41490929010833466,0.6940373267972118,0.12455243910595572,1082763.1817595058,5528.4184781638405,1088291.6002376697,1433,0,723.3566878980891,78,79,43,34.89554294017266,0.6347489316239316,39.86023206751053,8324.472573839617,106.72400735691816,0
1435,32,0,2,154,0.0,0.01282051282051282,0.9871794871794872,156,3600,2200,1400,0.6111111111111112,50,22,28,193.6572279457452,0.41404052936311,0.6973302690324397,0.12659989315109016,1083248.3641763553,7155.775076630893,1090404.1392529863,1434,1,728.9935897435897,80,76,44,34.76303151616994,0.6345052083333333,39.80195473251027,8326.337448559618,104.07921810699523,0
1436,32,1,0,155,0.0064516129032258064,0.0,1.0,155,4850,3400,1450,0.7010309278350515,63,34,29,193.0245113181851,0.41255411255411256,0.6941032307826291,0.12671203996153213,1084442.0251286225,6014.778390670862,1090456.8035192934,1435,0,734.6258064516129,82,73,46,34.63340805373439,0.6351626016260163,39.6586345381526,8330.923694779081,101.59663042413514,0
1437,32,0,0,155,0.0,0.0,1.0,155,3600,2400,1200,0.6666666666666666,48,24,24,192.80881582189602,0.4126675743611228,0.6944109473723039,0.12680213978841118,1084966.1069578219,7238.206057885747,1092204.3130157075,1436,1,735.6258064516129,83,72,46,34.574910313189505,0.6354166666666667,39.595734126984105,8332.936507936449,100.39682539682468,0
1438,32,0,0,155,0.0,0.0,1.0,155,4750,3200,1550,0.6736842105263158,63,32,31,192.66478704675566,0.4124354140483173,0.6922087343425047,0.12723506233681867,1086154.785156257,6102.756076389254,1092257.5412326462,1437,2,736.6258064516129,71,84,47,34.43330418124271,0.6421654929577465,39.45312500000002,8337.500000000053,117.42957746478947,0
1439,32,0,0,155,0.0,0.0,1.0,155,4050,2600,1450,0.6419753086419753,55,26,29,190.97871817849023,0.4122015081692501,0.6896501747210202,0.1265763744892374,1087181.958140578,6475.723358493862,1093657.6814990717,1438,3,737.6258064516129,73,82,48,34.351711847931725,0.6424086757990868,39.32995495495497,8341.44144144148,114.26632111563671,0
1440,32,2,1,156,0.012738853503184714,0.006369426751592357,0.9936305732484076,157,4050,2900,1150,0.7160493827160493,52,29,23,189.3287571516557,0.41342070880287446,0.6903580057105192,0.12629557529123814,1089018.738521584,5786.512855831252,1094805.2513774154,1439,0,729.2165605095541,76,81,44,34.17044767090139,0.6432291666666667,39.1098484848485,8348.484848484884,109.84848484848533,0
1441,32,0,0,156,0.0,0.0,1.0,156,3100,1900,1200,0.6129032258064516,43,19,24,189.5235407820963,0.41340811965811963,0.6890850745185821,0.12672465943105604,1089689.330413576,7004.356050490594,1096693.6864640666,1440,1,727.4166666666666,78,78,49,34.08353122473725,0.6431623931623931,39.02953586497891,8351.054852320696,107.06480579898329,0
1442,32,0,0,156,0.0,0.0,1.0,156,4400,3000,1400,0.6818181818181818,58,30,28,193.46504526270306,0.4132047835676868,0.695945531203124,0.12978145274548242,1090610.3542751765,6598.996310764047,1097209.3505859405,1441,2,728.4166666666666,79,77,40,33.868271324788466,0.6438554852320675,38.91927083333334,8354.583333333358,105.75421940928301,0
1443,32,1,1,156,0.006369426751592357,0.006369426751592357,0.9936305732484076,157,4850,3600,1250,0.7422680412371134,61,36,25,200.8099178769939,0.41332543959932494,0.7085013156349593,0.12608106013849468,1071501.8697395402,6783.640493488621,1078285.5102330288,1442,0,724.7707006369427,80,77,38,36.01993572860244,0.6201822916666666,41.21656378600824,8281.069958847751,103.51337448559688,8
1444,32,0,0,156,0.0,0.0,1.0,156,4600,3200,1400,0.6956521739130435,60,32,28,205.325410605127,0.4127998345740281,0.7129566654949149,0.12933702022222793,1072460.5412454035,8240.680197801772,1080701.2214432051,1443,1,724.525641025641,80,76,42,35.78496506391155,0.6213541666666667,41.10082304526748,8284.773662551417,103.55967078189272,0
1445,32,1,3,154,0.006369426751592357,0.01910828025477707,0.9808917197452229,157,4800,3800,1000,0.7916666666666666,58,38,20,206.12099145031425,0.414147136479939,0.7158240802657008,0.13038747730695507,1073699.6202682233,8062.406049902489,1081762.026318126,1444,0,720.9044585987261,82,75,37,35.6117678407054,0.6220782520325203,40.95130522088354,8289.558232931742,101.09217357233833,0
1446,32,0,0,154,0.0,0.0,1.0,154,5250,4000,1250,0.7619047619047619,65,40,25,206.21904331971163,0.41183986220750923,0.7118788717335924,0.1308673400292581,1074636.1449815363,8272.087546975272,1082908.2325285117,1445,3,734.2792207792207,82,72,39,35.49394673123488,0.6232215447154472,40.83835341365463,8293.172690763082,101.13625232637905,0
1447,32,0,1,153,0.0,0.006493506493506494,0.9935064935064936,154,4600,3300,1300,0.717391304347826,59,33,26,206.93411791840595,0.41158521489403843,0.7150384045946394,0.13193311810700367,1075994.583018396,9131.997984379119,1085126.581002775,1446,4,735.2792207792207,83,71,41,35.308275950012735,0.6244979919678715,40.674603174603185,8298.412698412725,99.98087588449066,0
1448,32,0,0,153,0.0,0.0,1.0,153,3800,2800,1000,0.7368421052631579,48,28,20,207.77612019819912,0.4109566706799679,0.7143361480845389,0.13301555358482856,1077192.3783287434,10362.970615243496,1087555.348943987,1447,5,741.0392156862745,65,88,39,35.13914233576644,0.6346153846153846,40.53030303030304,8303.030303030315,127.73892773892793,0
1449,32,2,0,155,0.012903225806451613,0.0,1.0,155,4200,2700,1500,0.6428571428571429,57,27,30,204.40950890298836,0.41211597542242706,0.713199505399756,0.1317901425520452,1079248.8981009102,8921.747448979815,1088170.6455498901,1448,0,732.4645161290323,69,86,40,34.97387029928001,0.6348128019323671,40.28273809523811,8310.952380952407,120.4485852311943,0
1450,32,0,0,155,0.0,0.0,1.0,155,3950,3000,950,0.759493670886076,49,30,19,204.13701568155116,0.4120653540008379,0.713009022343007,0.1320164445309679,1080131.979943631,9148.98378557961,1089280.9637292107,1449,1,733.4645161290323,71,84,42,34.87254533474393,0.6348298122065728,40.17650462962963,8314.35185185186,117.10354720918112,0
1451,32,0,0,155,0.0,0.0,1.0,155,4350,3100,1250,0.7126436781609196,56,31,25,204.08487922459827,0.4121229576874738,0.7130190508634475,0.1323648505402955,1080967.6600164375,8771.830868030322,1089739.490884468,1450,2,734.4645161290323,73,82,43,34.77135797454645,0.6348458904109588,40.07601351351352,8317.567567567585,113.93928174750116,0
1452,32,0,0,155,0.0,0.0,1.0,155,4450,3300,1150,0.7415730337078652,56,33,23,204.9309072531543,0.411749406507471,0.7142115325854463,0.13345430072266587,1082138.805824407,8902.737450288167,1091041.543274695,1451,3,735.4645161290323,73,82,36,34.60571718538563,0.6362728310502284,39.93524774774775,8322.072072072084,114.00098728865868,0
1453,32,0,1,154,0.0,0.0064516129032258064,0.9935483870967742,155,3800,2500,1300,0.6578947368421053,51,25,26,203.5191003082685,0.4113706186286831,0.7126423719620849,0.1330865739712189,1083334.0277777815,9295.833333333543,1092629.861111115,1452,4,736.4645161290323,74,81,37,34.49593007739524,0.6372466216216216,39.79166666666668,8326.666666666695,112.5225225225229,0
1454,32,0,0,154,0.0,0.0,1.0,154,3850,2300,1550,0.5974025974025974,54,23,31,204.7507010314328,0.4112677899442605,0.7124871606139613,0.13405376086397605,1083681.0000000023,9726.888888888996,1093407.8888888913,1453,5,733.2337662337662,74,80,39,34.421363005656964,0.6376689189189189,39.75000000000001,8328.000000000018,112.54054054054079,0
1455,32,0,2,152,0.0,0.012987012987012988,0.987012987012987,154,3650,2500,1150,0.684931506849315,48,25,23,202.23999999999953,0.4113641668788728,0.7085714285714277,0.13305263157894745,1085069.4444444475,9438.888888889032,1094508.3333333365,1454,6,734.2337662337662,76,78,40,34.31666666666666,0.6384320175438596,39.58333333333334,8333.333333333358,109.64912280701786,0
1456,32,1,0,153,0.006535947712418301,0.0,1.0,153,4500,3100,1400,0.6888888888888889,59,31,28,203.4669916937404,0.4101289273019149,0.7092940355277839,0.13444177451159975,1086309.8781179124,9105.640589569022,1095415.5187074814,1455,0,739.9477124183006,69,84,41,34.132876451551475,0.6434178743961353,39.4345238095238,8338.095238095228,120.8419599723946,0
1457,32,0,0,153,0.0,0.0,1.0,153,4500,3700,800,0.8222222222222222,53,37,16,205.45455367806545,0.40980642988189425,0.7112057290092659,0.1362283448649636,1087302.7352607672,9578.259637187939,1096880.994897955,1456,1,740.9477124183006,69,84,40,33.95959394146972,0.6446256038647342,39.315476190476176,8341.90476190473,120.8971704623874,0
1458,32,0,0,153,0.0,0.0,1.0,153,4250,2700,1550,0.6352941176470588,58,27,31,202.82884600528118,0.40987630432289873,0.708166980068786,0.13508685868596992,1088568.5958129687,9308.622417266624,1097877.2182302354,1457,2,741.9477124183006,71,82,41,33.873262059274865,0.645099765258216,39.16377314814814,8346.759259259237,117.55998956703151,0
1459,32,0,0,153,0.0,0.0,1.0,153,3350,1900,1450,0.5671641791044776,48,19,29,204.9217979738806,0.409745513702557,0.7117012150438629,0.1372623379837492,1090188.67217635,10730.684566626971,1100919.356742977,1458,3,742.9477124183006,72,81,44,33.62067001949742,0.646556712962963,38.96974885844748,8352.968036529666,116.01344495180092,0
1460,32,0,0,153,0.0,0.0,1.0,153,4950,3600,1350,0.7272727272727273,63,36,27,213.77631804685663,0.40941943297786954,0.7128401599874399,0.13971175961186086,1083164.7931951883,10760.99626545048,1093925.7894606388,1459,4,743.9477124183006,81,72,39,34.249788432119225,0.6340020576131687,39.8119918699187,8326.016260162603,102.79032419953832,8
1461,32,0,0,153,0.0,0.0,1.0,153,5250,4100,1150,0.780952380952381,64,41,23,215.47996365620241,0.40941943297786954,0.7165031512104636,0.1413039649205665,1084139.5842191011,10872.07164115633,1095011.6558602573,1460,5,744.9477124183006,83,70,42,34.0858879996189,0.6344126506024097,39.69494047619047,8329.761904761881,100.3585771658058,0
1462,32,1,0,154,0.006493506493506494,0.0,1.0,154,4250,2900,1350,0.6823529411764706,56,29,27,214.92243957883628,0.409848661686897,0.7184064592444674,0.14165265746277872,1085587.7484468238,11613.433454617607,1097201.1819014414,1461,0,741.1038961038961,66,88,44,33.92286916557238,0.6442550505050505,39.521144278606975,8335.323383084602,126.29277853158487,0
1463,32,0,0,154,0.0,0.0,1.0,154,4000,2900,1100,0.725,51,29,22,214.61043470509577,0.4096002037178508,0.7187863446141582,0.14189686375116844,1086495.0782468284,11834.636209499899,1098329.7144563282,1462,1,742.1038961038961,66,88,44,33.819829763538365,0.6453598484848485,39.41231343283583,8338.805970149277,126.34554500226177,0
1464,32,0,0,154,0.0,0.0,1.0,154,3450,2500,950,0.7246376811594203,44,25,19,213.76269332726798,0.40944370172311345,0.7179339231525417,0.14164275660657316,1087112.889273359,12226.83583237235,1099339.7251057313,1463,2,743.1038961038961,67,87,46,33.766259207020866,0.6455223880597014,39.33823529411766,8341.176470588256,124.49517120280979,0
1465,32,1,0,155,0.0064516129032258064,0.0,1.0,155,3750,2400,1350,0.64,51,24,27,211.22294142321044,0.40945922357212683,0.7171926467070271,0.14078852331364602,1088792.8713151964,11245.60657596388,1100038.4778911602,1464,0,739.3032258064516,69,86,46,33.62687773340938,0.6464371980676329,39.13690476190477,8347.619047619075,120.9799861973779,0
1466,32,1,0,156,0.00641025641025641,0.0,1.0,156,4650,3500,1150,0.7526881720430108,58,35,23,209.1130069166731,0.4101400951199338,0.7162416292726277,0.13995192131404602,1089950.3014167792,9734.556983799572,1099684.8584005788,1465,0,735.5576923076923,72,84,47,33.540402383685965,0.6462673611111112,38.99828767123289,8352.054794520573,116.00076103500795,0
1467,32,0,0,156,0.0,0.0,1.0,156,4750,3500,1250,0.7368421052631579,60,35,25,206.6265033017866,0.409760993934381,0.7121593519432117,0.1386989158773553,1090790.7497908114,9127.25569264189,1099918.0054834534,1466,1,736.5576923076923,78,78,41,33.50261337238662,0.6444978632478633,38.89767932489452,8355.274261603387,107.118900789787,0
1468,32,0,0,156,0.0,0.0,1.0,156,3950,2500,1450,0.6329113924050633,54,25,29,205.47244811207946,0.4097179142542046,0.7108390805033018,0.13832783870084367,1091616.4991151434,9709.422894545336,1101325.9220096888,1467,2,737.5576923076923,80,76,43,33.431904715014866,0.6446614583333333,38.79886831275721,8358.436213991785,104.48045267489731,0
1469,32,0,0,156,0.0,0.0,1.0,156,4300,3100,1200,0.7209302325581395,55,31,24,202.1375307074955,0.4093810311552247,0.7057600288552317,0.13692106104411192,1093347.3880461652,8701.308245028522,1102048.6962911938,1468,3,738.5576923076923,82,74,45,33.307828028229885,0.6459603658536586,38.59186746987953,8365.06024096389,102.01292976785233,0
1470,32,0,1,155,0.0,0.00641025641025641,0.9935897435897436,156,4300,3300,1000,0.7674418604651163,53,33,20,200.6196172278941,0.4096929280397022,0.703953982435175,0.13627709832028526,1094140.9049036263,8401.225907029353,1102542.1308106557,1469,4,739.5576923076923,69,87,46,33.250761110795,0.6529287439613527,38.4970238095238,8368.095238095224,121.2767425810902,0
1471,32,0,0,155,0.0,0.0,1.0,155,5200,3800,1400,0.7307692307692307,66,38,28,201.1432870339264,0.40906472559698365,0.7035922479358276,0.13729010808457967,1095486.5416088048,7869.952776124504,1103356.4943849293,1470,5,744.341935483871,70,85,45,33.07307728249696,0.6540178571428572,38.33626760563379,8373.239436619695,119.61770623742422,0
1472,32,0,1,154,0.0,0.0064516129032258064,0.9935483870967742,155,3950,2900,1050,0.7341772151898734,50,29,21,198.51778548068953,0.4086702276218405,0.6999003089192757,0.1360555028096451,1096634.5344394364,8590.291851712565,1105224.826291149,1471,6,745.341935483871,72,83,43,33.001989426064185,0.654369212962963,38.199200913241995,8377.625570776225,116.35591070522534,0
1473,32,1,1,154,0.0064516129032258064,0.0064516129032258064,0.9935483870967742,155,4050,2700,1350,0.6666666666666666,54,27,27,199.911062222033,0.40902283200670303,0.7037086232342411,0.13777654288275173,1098189.1536873647,8858.032046871069,1107047.1857342357,1472,0,745.825806451613,72,83,46,32.77630265068989,0.65625,38.013698630136965,8383.561643835566,116.43835616438287,0
1474,32,0,0,154,0.0,0.0,1.0,154,4450,2400,2050,0.5393258426966292,65,24,41,200.82881152355301,0.40876729479670654,0.7008458900150292,0.13893113383696792,1099235.7530864172,8901.64197530847,1108137.3950617258,1473,1,748.0974025974026,74,80,41,32.62494259573263,0.6565315315315315,37.88888888888888,8387.555555555535,113.34534534534507,0
1475,32,0,0,154,0.0,0.0,1.0,154,4000,3000,1000,0.75,50,30,20,198.59352730622635,0.4084560591913533,0.6972748384854397,0.13780532357255712,1100083.562370147,8893.894996537103,1108977.4573666842,1474,2,749.0974025974026,75,79,41,32.580464952171845,0.6570833333333334,37.7878289473684,8390.78947368417,111.8771929824556,0
1476,32,0,0,154,0.0,0.0,1.0,154,3800,2500,1300,0.6578947368421053,51,25,26,197.54872917823465,0.4082067170302464,0.6970359405908937,0.1377855647359861,1101503.3898814258,8920.118971318545,1110423.5088527442,1475,3,750.0974025974026,78,76,45,32.435361073420765,0.6574519230769231,37.61867088607594,8396.202531645544,107.64362220058389,0
1477,32,0,0,154,0.0,0.0,1.0,154,5600,4300,1300,0.7678571428571429,69,43,26,195.70212563930866,0.4079635642135642,0.6953763725064186,0.13737057196812452,1103261.0008401566,6782.104599873808,1110043.1054400303,1476,4,751.0974025974026,68,86,45,32.270466827641734,0.6645220588235294,37.40942028985506,8402.898550724614,123.57203751065609,0
1478,32,0,0,154,0.0,0.0,1.0,154,4100,2500,1600,0.6097560975609756,57,25,32,192.487578728815,0.4079096284978638,0.689884762102952,0.13589456139581402,1104842.7925731207,7633.7028036764095,1112476.4953767972,1477,5,752.0974025974026,70,84,48,32.16307948560474,0.665327380952381,37.22124413145539,8408.920187793412,120.1274312541916,0
1479,32,0,0,154,0.0,0.0,1.0,154,3850,2700,1150,0.7012987012987013,50,27,23,192.92887893118478,0.4078539243980421,0.6909631200848461,0.1367357093579361,1105905.4033779122,8022.217935527954,1113927.6213134401,1478,6,753.0974025974026,71,83,47,32.022708929488594,0.6660798122065728,37.0949074074074,8412.962962962942,118.4924360980696,0
1480,32,0,0,154,0.0,0.0,1.0,154,4550,3500,1050,0.7692307692307693,56,35,21,191.05832176155522,0.4073994496788615,0.6876886317907438,0.13565140845070423,1106392.3182441706,6927.091906721601,1113319.4101508923,1479,7,754.0974025974026,71,83,47,32.01291079812205,0.6666666666666667,37.03703703703704,8414.81481481482,118.51851851851858,0
1481,32,0,0,154,0.0,0.0,1.0,154,4200,3200,1000,0.7619047619047619,52,32,20,187.84866142799697,0.4064613219024984,0.6822538786489603,0.133950330786472,1107571.6085718668,6611.168821175621,1114182.7773930423,1480,8,755.0974025974026,75,79,49,31.954573869556125,0.6661111111111111,36.8969298245614,8419.298245614023,112.25730994152032,0
1482,32,0,0,154,0.0,0.0,1.0,154,4100,3000,1100,0.7317073170731707,52,30,22,189.1620516536412,0.40599535268652914,0.6832663739138565,0.13553363494771195,1108872.8191000915,7051.331496786012,1115924.1505968776,1481,9,756.0974025974026,76,78,42,31.762589928057547,0.6672149122807017,36.74242424242424,8424.242424242422,110.84529505582134,0
1483,32,0,0,154,0.0,0.0,1.0,154,4050,2900,1150,0.7160493827160493,52,29,23,190.62547638913577,0.4056876538494186,0.6856428361282723,0.13698435396335606,1109670.7128099203,7456.301652892671,1117127.014462813,1482,10,757.0974025974026,76,78,44,31.627562028047457,0.6681743421052632,36.64772727272728,8427.27272727275,110.88516746411513,0
1484,32,0,0,154,0.0,0.0,1.0,154,4900,3800,1100,0.7755102040816326,60,38,22,188.47125684982385,0.4053366296013355,0.6820476435322009,0.13579038011549344,1110377.9470214893,6154.8654506934545,1116532.8124721828,1483,11,758.0974025974026,78,76,45,31.598803743931096,0.6681356837606838,36.563818565400844,8429.957805907177,108.0763821270151,0
1485,32,0,0,154,0.0,0.0,1.0,154,4700,3200,1500,0.6808510638297872,62,32,30,189.5771020339086,0.4048158404776052,0.683823032451935,0.13686809274008813,1110933.7891007527,6621.521657854182,1117555.3107586068,1484,12,759.0974025974026,78,76,45,31.502493661595942,0.6688034188034189,36.49789029535866,8432.067510548548,108.10342962241728,0
1486,32,0,0,154,0.0,0.0,1.0,154,4200,3000,1200,0.7142857142857143,54,30,24,185.39879615661988,0.4042437682143565,0.6763287972173047,0.1343710779574764,1111979.750020296,6231.941400860602,1118211.6914211567,1485,13,760.0974025974026,73,81,46,31.48627723195214,0.6723744292237444,36.37387387387389,8436.03603603608,115.56213747994629,0
1487,32,0,0,154,0.0,0.0,1.0,154,4950,3500,1450,0.7070707070707071,64,35,29,187.0253217074139,0.40415181224004754,0.6798120747680381,0.1359689329525971,1112811.1589207544,5874.772999351202,1118685.9319201056,1486,14,761.0974025974026,73,81,47,31.343018859532066,0.6733732876712328,36.27533783783787,8439.189189189261,115.605331358757,0
1488,32,0,0,154,0.0,0.0,1.0,154,3850,2500,1350,0.6493506493506493,52,25,27,184.47639741910803,0.4039166171519113,0.6757512410739048,0.1346918754100013,1113962.9753086483,6449.975308642261,1120412.9506172906,1487,15,762.0974025974026,74,80,48,31.271274169210795,0.6742680180180181,36.13888888888891,8443.555555555604,114.10210210210275,0
1489,32,0,0,154,0.0,0.0,1.0,154,4600,3300,1300,0.717391304347826,59,33,26,184.3051966895541,0.40392634326457855,0.6768657073677569,0.13513141962076614,1115085.053213497,5703.19401161941,1120788.2472251162,1488,16,763.0974025974026,75,79,47,31.14048465811746,0.675138888888889,36.00603070175441,8447.807017543922,112.63742690058564,0
1490,32,0,0,154,0.0,0.0,1.0,154,4350,3200,1150,0.735632183908046,55,32,23,185.773379895543,0.4034329640947288,0.676343122950462,0.13679173148079216,1116228.3699503343,6323.103404193605,1122551.473354528,1489,17,764.0974025974026,77,77,51,30.96390770890216,0.6755952380952381,35.87072649572652,8452.136752136823,109.76800976801069,0
1491,32,0,0,154,0.0,0.0,1.0,154,4300,3500,800,0.813953488372093,51,35,16,185.40506540143636,0.403306524630054,0.6759066978216661,0.1366939097542243,1116567.022906174,6303.436381401571,1122870.4592875754,1490,18,765.0974025974026,77,77,41,30.932829061557385,0.6760010822510822,35.83066239316242,8453.418803418868,109.78465978466063,0
1492,32,0,0,154,0.0,0.0,1.0,154,4000,2800,1200,0.7,52,28,24,183.62776895818405,0.4027698200492318,0.6725257105051909,0.1357281533199704,1117244.4829105553,6231.422355541281,1123475.9052660966,1491,19,766.0974025974026,77,77,42,30.89818020248987,0.6768127705627706,35.75053418803421,8455.982905982957,109.81795981796049,0
1493,32,0,0,154,0.0,0.0,1.0,154,3150,2000,1150,0.6349206349206349,43,20,23,185.4345560979922,0.4027043898367428,0.6747252898670051,0.1374131849063113,1117922.148371873,7510.2794670905905,1125432.4278389635,1492,20,767.0974025974026,77,77,43,30.768821889893708,0.6776244588744589,35.670405982906,8458.547008547048,109.85125985126037,0
1494,32,0,0,154,0.0,0.0,1.0,154,4050,2900,1150,0.7160493827160493,52,29,23,188.0829692457789,0.40205804544039836,0.6805609773308288,0.14021302289258947,1119511.321302679,7262.202682974742,1126773.5239856537,1493,21,768.0974025974026,78,76,44,30.50747304055962,0.6790865384615384,35.48259493670887,8464.55696202534,108.51996105160694,0
1495,32,0,0,154,0.0,0.0,1.0,154,4300,3600,700,0.8372093023255814,50,36,14,185.0546265104963,0.40158146591970123,0.6747290082510915,0.13830987260717992,1120190.262009758,6359.278111382101,1126549.5401211402,1494,22,769.0974025974026,72,82,45,30.505896205216693,0.6827256944444444,35.40239726027397,8467.123287671233,117.59893455098934,0
1496,32,0,0,154,0.0,0.0,1.0,154,3650,2000,1650,0.547945205479452,53,20,33,188.3517114332644,0.401403743315508,0.679707550479727,0.14121872335690241,1121023.1008035091,7779.323918513222,1128802.4247220224,1495,23,770.0974025974026,73,81,42,30.318460611217482,0.6832191780821918,35.30405405405406,8470.270270270292,116.03109959274373,0
1497,32,0,0,154,0.0,0.0,1.0,154,3300,2200,1100,0.6666666666666666,44,22,22,188.6726371447914,0.40125962000961996,0.6810006172612408,0.1417051934300242,1121481.0,8218.55555555553,1129699.5555555555,1496,24,771.0974025974026,74,80,45,30.25489193159164,0.683277027027027,35.25,8472.0,114.48648648648648,0
1498,32,0,0,154,0.0,0.0,1.0,154,4000,2800,1200,0.7,52,28,24,186.89089628779232,0.4004859519565402,0.6787659716874244,0.14097788687189183,1122623.8962950122,7161.637234533613,1129785.5335295459,1497,25,772.0974025974026,75,79,46,30.164674531718912,0.6841666666666666,35.11513157894736,8476.31578947367,113.01754385964894,0
1499,32,0,1,153,0.0,0.006493506493506494,0.9935064935064936,154,4700,3400,1300,0.723404255319149,60,34,26,188.62910968333415,0.3999572051042639,0.6820574546408984,0.143144801515695,1124196.615974212,6911.241356046494,1131107.8573302585,1498,26,773.0974025974026,76,78,45,29.929655336667686,0.6855811403508771,34.929653679653676,8482.251082251072,111.60856687172463,0
1500,32,0,0,153,0.0,0.0,1.0,153,3650,2700,950,0.7397260273972602,46,27,19,191.697292472718,0.3989812664832015,0.6840869667592853,0.1456646700499357,1124540.8895307388,8864.288759580679,1133405.1782903194,1499,27,777.9346405228758,76,77,49,29.80696450136925,0.6859923245614035,34.88906926406925,8483.549783549748,111.62565504670721,0
1501,32,0,0,153,0.0,0.0,1.0,153,3850,2500,1350,0.6493506493506493,52,25,27,194.76763327422879,0.39816964797614957,0.6875363347413925,0.14844112952044514,1125322.6006560498,9385.283919955613,1134707.8845760054,1500,28,778.9346405228758,78,75,47,29.631643713021425,0.686030982905983,34.796940928270025,8486.497890295313,108.80125500378607,0
1502,32,0,0,153,0.0,0.0,1.0,153,4000,2800,1200,0.7,52,28,24,193.61025229292954,0.3973831126017659,0.6851513814732,0.14767077822815713,1125520.1612220323,8982.448474995184,1134502.6096970274,1501,29,779.9346405228758,80,73,38,29.638608740625784,0.6854166666666667,34.77366255144032,8487.242798353882,106.09053497942352,0
1503,32,0,1,152,0.0,0.006535947712418301,0.9934640522875817,153,4850,3500,1350,0.7216494845360825,62,35,27,192.99601073708766,0.3969889490884073,0.6845870356972821,0.14760982876201248,1126240.9074047168,8022.000451605536,1134262.9078563224,1502,30,780.9346405228758,82,71,38,29.568353831598866,0.6854674796747968,34.688755020080315,8489.95983935741,103.53609560191964,0
1504,32,0,1,151,0.0,0.006578947368421052,0.993421052631579,152,3500,2200,1300,0.6285714285714286,48,22,26,194.38841412956273,0.3968145477518299,0.686861189280703,0.14902636181947426,1126855.6068849496,9909.534875074038,1136765.1417600235,1503,31,783.5394736842105,81,71,40,29.45761133183344,0.6865997942386831,34.616361788617866,8492.276422764178,104.84291879955775,0
1505,32,0,0,151,0.0,0.0,1.0,151,4250,2800,1450,0.6588235294117647,57,28,29,197.37773201593816,0.3967954378219279,0.6904472844050609,0.15183012883873234,1127733.111159492,10067.88075998747,1137800.9919194796,1504,32,789.2450331125827,82,69,42,29.272931045349978,0.6872459349593496,34.513052208835326,8495.582329317229,103.60466255264913,0
1506,32,0,0,151,0.0,0.0,1.0,151,4950,3900,1050,0.7878787878787878,60,39,21,198.17920192573635,0.3964385577630611,0.6924469075781103,0.15321232408485821,1129030.9600167505,9600.09092111345,1138631.050937864,1505,33,790.2450331125827,70,81,45,29.095902831473904,0.6943452380952381,34.36032863849765,8500.469483568068,121.43527833668668,0
1507,32,0,0,151,0.0,0.0,1.0,151,3950,2800,1150,0.7088607594936709,51,28,23,195.97771085952363,0.3962288447387785,0.6880638927598604,0.15185859073006405,1129624.2695398077,10126.235695154492,1139750.505234962,1506,34,791.2450331125827,73,78,45,29.083227378681915,0.6934931506849316,34.29054054054053,8502.702702702683,116.47537948907785,0
1508,32,0,2,149,0.0,0.013245033112582781,0.9867549668874173,151,4300,3500,800,0.813953488372093,51,35,16,195.41411402143606,0.39592531272994846,0.6869377557570071,0.15235479615594322,1131207.204817189,9710.77074080324,1140917.9755579922,1507,35,792.2450331125827,76,75,45,28.908462647333167,0.6939418859649122,34.10443722943723,8508.65800865801,111.95602642971066,0
1509,32,0,0,149,0.0,0.0,1.0,149,3750,2600,1150,0.6933333333333334,49,26,23,195.39762416354958,0.39439544410182,0.6840040476641458,0.15302645476607724,1132358.560676336,10702.034491482551,1143060.5951678187,1508,36,796.4362416107383,76,73,47,28.770976353928308,0.6953125,33.96915584415584,8512.987012987009,112.01298701298695,0
1510,32,0,0,149,0.0,0.0,1.0,149,3600,2600,1000,0.7222222222222222,46,26,20,195.13009924477862,0.39387017050607653,0.6840007206882568,0.15302307782880015,1132704.081632654,10804.93197278915,1143509.013605443,1509,37,797.4362416107383,76,73,47,28.736717002237125,0.6957236842105263,33.92857142857143,8514.285714285721,112.03007518797001,0
1511,32,0,1,148,0.0,0.006711409395973154,0.9932885906040269,149,3650,2300,1350,0.6301369863013698,50,23,27,194.12456294208457,0.39368689158957615,0.6828563548247286,0.15261177178985402,1133337.67361111,10551.736111111051,1143889.409722221,1510,38,798.4362416107383,77,72,47,28.68762230919765,0.6960227272727273,33.854166666666664,8516.666666666659,110.60606060606051,0
1512,32,0,0,148,0.0,0.0,1.0,148,4100,3100,1000,0.7560975609756098,51,31,20,195.02008212631,0.39300078139363853,0.6822697170379297,0.1535205480624645,1133678.9119000626,10518.03090072305,1144196.9428007856,1511,39,802.75,77,71,47,28.622943006221163,0.6964285714285714,33.814102564102555,8517.948717948693,110.6227106227103,0
1513,32,0,1,147,0.0,0.006756756756756757,0.9932432432432432,148,3000,2100,900,0.7,39,21,18,197.4523153662084,0.3929548170619599,0.6854968149671468,0.15578182870819476,1134247.7565243938,12191.96914493357,1146439.7256693274,1512,40,803.75,77,71,41,28.490108424871675,0.6971049783549783,33.74732905982904,8520.085470085429,110.65046065046012,0
1514,32,0,0,147,0.0,0.0,1.0,147,4750,3600,1150,0.7578947368421053,59,36,23,198.40429304455407,0.3925581648184388,0.6849014844265748,0.15699651118864025,1135001.695421006,10887.84179687498,1145889.537217881,1513,41,807.5374149659864,79,68,41,28.374531491892768,0.6971255274261603,33.658854166666664,8522.91666666666,107.88502109704633,0
1515,32,0,0,147,0.0,0.0,1.0,147,4300,3200,1100,0.7441860465116279,54,32,22,195.14441949495048,0.3920359239586246,0.6847295915425495,0.15102140416336127,1129296.9087910901,10375.197940695907,1139672.106731786,1514,42,808.5374149659864,67,80,48,29.144623671414003,0.6963619402985075,34.32904411764706,8501.470588235296,126.88762071992979,7
1516,32,0,1,146,0.0,0.006802721088435374,0.9931972789115646,147,3200,2200,1000,0.6875,42,22,20,194.4705658823205,0.3919194390084801,0.6835392126729205,0.15108476629943954,1130298.0477607672,11361.940192743525,1141659.9879535106,1515,43,809.5374149659864,69,78,47,29.042501819606976,0.6964070048309179,34.21130952380951,8505.238095238066,123.26432022084154,0
1517,32,0,0,146,0.0,0.0,1.0,146,3850,2800,1050,0.7272727272727273,49,28,21,194.64929816476564,0.3910545583372697,0.68180766893516,0.15179965059975042,1131276.918159973,10990.451629967347,1142267.3697899405,1516,44,811.054794520548,70,76,44,28.920446185536687,0.6970238095238095,34.096244131455386,8508.920187793396,121.5560026827628,0
1518,32,0,0,146,0.0,0.0,1.0,146,3850,2500,1350,0.6493506493506493,52,25,27,197.08871942119208,0.3905812076838293,0.6845613552684655,0.15445146231563936,1132525.636998831,11591.605501553888,1144117.242500385,1517,45,812.054794520548,70,76,49,28.70597588323956,0.6985119047619048,33.94953051643192,8513.615023474173,121.62307176391676,0
1519,32,0,0,146,0.0,0.0,1.0,146,3900,2200,1700,0.5641025641025641,56,22,34,196.8837465569557,0.39008817509053695,0.6839521939619699,0.15489129162913873,1133519.9726079467,11534.331800837857,1145054.3044087845,1518,46,813.054794520548,72,74,43,28.5923622652299,0.6986400462962963,33.83276255707761,8517.351598173474,118.29654997463159,0
1520,32,0,0,146,0.0,0.0,1.0,146,4600,3300,1300,0.717391304347826,59,33,26,196.16390865874104,0.389417020941584,0.6827861166533911,0.1550636592855703,1134738.8739804493,10718.962565404403,1145457.8365458536,1519,47,814.054794520548,75,71,40,28.465645908389092,0.6986111111111111,33.68969298245612,8521.929824561355,113.62573099415141,0
1521,32,0,0,146,0.0,0.0,1.0,146,4800,3500,1300,0.7291666666666666,61,35,26,197.57186105302662,0.38860612501968195,0.6853753730772192,0.15648390764819298,1135239.5124716498,10858.276643990659,1146097.7891156406,1520,48,815.054794520548,76,70,40,28.36824953445065,0.6987390350877193,33.630952380952365,8523.809523809481,112.15538847117739,0
1522,32,0,0,146,0.0,0.0,1.0,146,3650,2700,950,0.7397260273972602,46,27,19,197.92581602667673,0.3883679735474728,0.6864908249223829,0.15719140614763746,1135931.4855418701,12116.033245253759,1148047.518787124,1521,49,816.054794520548,76,70,41,28.276045897644185,0.6995614035087719,33.549783549783534,8526.406926406888,112.18956482114326,0
1523,32,0,0,146,0.0,0.0,1.0,146,4350,3200,1150,0.735632183908046,55,32,23,196.93485498339507,0.38758266414737835,0.6855159193978222,0.15705846008675686,1136990.291019063,11232.603615873268,1148222.8946349362,1522,50,817.054794520548,78,68,44,28.1758544789039,0.6999198717948718,33.42563291139239,8530.379746835408,109.36384290814625,0
1524,32,0,0,146,0.0,0.0,1.0,146,4200,2900,1300,0.6904761904761905,55,29,26,196.60393457900477,0.387099472524012,0.6848575849549883,0.15707603466150105,1137444.4688585051,11325.211588541608,1148769.6804470466,1523,51,818.054794520548,79,67,45,28.130392228679323,0.7000263713080168,33.37239583333333,8532.08333333332,108.0010548523205,0
1525,32,0,0,146,0.0,0.0,1.0,146,3550,2400,1150,0.676056338028169,47,24,23,194.59938738230335,0.3863889544953551,0.6815822379054597,0.15623651860212123,1138679.7277941161,11567.275490676722,1150247.0032847929,1524,52,819.054794520548,68,78,47,28.036283553090733,0.7069546568627452,33.227657004830924,8536.714975845425,125.5399261153739,0
1526,32,0,0,146,0.0,0.0,1.0,146,4050,3100,950,0.7654320987654321,50,31,19,182.6838890180466,0.38605239332388597,0.6486053838439281,0.13707679224920627,1121230.1982340775,7716.1386195755595,1128946.3368536532,1525,53,820.054794520548,75,71,49,30.443590141866,0.6825,35.27960526315791,8471.05263157899,112.9473684210532,8
1527,32,0,0,146,0.0,0.0,1.0,146,4000,2700,1300,0.675,53,27,26,205.67956999549625,0.3857935758148323,0.6833760523157968,0.143087403616747,1100790.8927680224,12082.039495897352,1112872.9322639196,1526,54,821.054794520548,86,60,38,32.308641834421294,0.6534641472868217,37.7035440613027,8393.486590038365,97.59868127951587,8
1528,32,0,0,146,0.0,0.0,1.0,146,4350,3300,1050,0.7586206896551724,54,33,21,207.0202187590084,0.3858014485907731,0.6857143739843412,0.14460107907647243,1101903.4897985589,12073.260301882747,1113976.7501004415,1527,55,822.054794520548,87,59,39,32.13821229890243,0.6544540229885057,37.57102272727274,8397.727272727312,96.52560083594612,0
1529,32,0,0,146,0.0,0.0,1.0,146,3650,2700,950,0.7397260273972602,46,27,19,207.97251444667216,0.3855259014328452,0.6871183105118182,0.1458243589582887,1102960.5744075084,13027.096799015,1115987.6712065234,1528,56,823.054794520548,75,71,40,31.984756734182515,0.6605555555555556,37.445175438596486,8401.7543859649,112.02339181286533,0
1530,32,0,0,146,0.0,0.0,1.0,146,4050,3000,1050,0.7407407407407407,51,30,21,209.10528131996918,0.3853822232719257,0.6896231906554395,0.14704016794013738,1103750.3543083873,12910.005668934087,1116660.3599773215,1529,57,824.054794520548,76,70,38,31.859065155807365,0.661047149122807,37.35119047619047,8404.761904761885,110.58897243107742,0
1531,32,1,0,147,0.006802721088435374,0.0,1.0,147,4150,3200,950,0.7710843373493976,51,32,19,208.87160296621312,0.385848631690119,0.6924051242091347,0.14757248914284218,1105048.939917922,12612.66868735402,1117661.608605276,1530,0,819.4421768707483,78,69,41,31.707515929958333,0.6617254273504274,37.19672995780589,8409.704641350178,107.81672617115612,0
1532,32,0,1,146,0.0,0.006802721088435374,0.9931972789115646,147,4400,3400,1000,0.7727272727272727,54,34,20,210.0726406548522,0.3858136862050756,0.6927348349700424,0.14885667219781995,1105851.3083413667,12661.820902978292,1118513.129244345,1531,1,820.4421768707483,80,67,42,31.57855582187871,0.6618489583333333,37.10133744855964,8412.757201646009,105.15946502057511,0
1533,32,0,0,146,0.0,0.0,1.0,146,4050,3000,1050,0.7407407407407407,51,30,21,211.36196977203068,0.3855416469847268,0.6947909579397973,0.15054388766213883,1107258.2092838062,13556.455232094902,1120814.6645159011,1532,2,824.9657534246576,80,66,43,31.37394488984488,0.6635416666666667,36.9341563786008,8418.106995884704,105.2263374485588,0
1534,32,0,1,145,0.0,0.00684931506849315,0.9931506849315068,146,4600,3400,1200,0.7391304347826086,58,34,24,211.4840697509825,0.38545406235238544,0.6965741809086494,0.15146369206052054,1108758.8577097424,13096.967120181023,1121855.8248299235,1533,3,825.9657534246576,83,63,35,31.18876012813265,0.6641566265060241,36.75595238095236,8423.809523809461,101.49168100975254,0
1535,32,0,0,145,0.0,0.0,1.0,145,3250,1800,1450,0.5538461538461539,47,18,29,211.5037800969445,0.38524505108556834,0.6949804595026221,0.1517248318992596,1109201.3288158325,14670.054786620181,1123871.3836024527,1534,4,828.4551724137931,84,61,35,31.134609417422983,0.6643105158730158,36.703431372549,8425.490196078374,100.30345471521873,0
1536,32,0,1,144,0.0,0.006896551724137931,0.993103448275862,145,3350,2600,750,0.7761194029850746,41,26,15,209.6112407375886,0.3847421775223499,0.6974533276352604,0.15097979503908954,1110303.3934207524,14196.414378015945,1124499.8077987684,1535,5,829.4551724137931,81,64,40,31.050929497998748,0.666795267489712,36.57266260162603,8429.674796747999,104.0700592191111,8
1537,32,0,0,144,0.0,0.0,1.0,144,4000,2800,1200,0.7,52,28,24,208.87687668921507,0.3835905124967625,0.693044576196749,0.15098814229249016,1111267.3611111145,13623.611111111255,1124890.9722222257,1536,64,836.1805555555555,76,68,41,30.953557312252983,0.6700932017543859,36.45833333333334,8433.33333333336,110.9649122807021,0
1538,32,0,0,144,0.0,0.0,1.0,144,3100,2300,800,0.7419354838709677,39,23,16,208.74925231486566,0.38341447325822325,0.6930251304827859,0.151036223733697,1111518.3673469396,14505.725623582817,1126024.0929705224,1537,65,837.1805555555555,69,75,41,30.92653756398673,0.6739130434782609,36.42857142857143,8434.285714285721,122.23602484472059,0
1539,32,0,0,144,0.0,0.0,1.0,144,4150,3000,1150,0.7228915662650602,53,30,23,206.74839596416484,0.3829288477725978,0.6900742203922152,0.15006793910613786,1112381.1964116471,13046.605611761352,1125427.8020234085,1538,66,838.1805555555555,70,74,40,30.8748794420951,0.674404761904762,36.32629107981221,8437.558685446013,120.53655264922875,0
1540,32,0,0,144,0.0,0.0,1.0,144,3300,2500,800,0.7575757575757576,41,25,16,206.67973470589482,0.38255855833980834,0.6891779319340678,0.15059013329659696,1113405.2126450788,13923.65879392917,1127328.871439008,1539,67,839.1805555555555,73,71,42,30.75284596229098,0.6740867579908676,36.20495495495496,8441.44144144145,115.63618412933492,0
1541,32,0,0,144,0.0,0.0,1.0,144,3600,2500,1100,0.6944444444444444,47,25,22,208.788994815651,0.38250999579124584,0.6899702892702151,0.15244324840537027,1113962.9753086416,14116.641975308583,1128079.61728395,1540,68,840.1805555555555,74,70,43,30.6297592729059,0.6742680180180181,36.138888888888886,8443.555555555553,114.10210210210207,0
1542,32,0,0,144,0.0,0.0,1.0,144,3600,2200,1400,0.6111111111111112,50,22,28,204.5762757238062,0.3826506248381248,0.6828554223042214,0.14983829924635583,1114806.8814302618,13212.607990854889,1128019.4894211167,1541,69,841.1805555555555,76,68,42,30.638944410277418,0.674342105263158,36.03896103896105,8446.753246753275,111.14149008885887,0
1543,32,0,0,144,0.0,0.0,1.0,144,4200,3100,1100,0.7380952380952381,53,31,22,204.41982383042057,0.3824907731157731,0.6832781328362523,0.1502980995475644,1115831.1969235674,12619.60333992049,1128450.800263488,1542,70,842.1805555555555,78,66,42,30.519356234604913,0.6746794871794872,35.917721518987335,8450.632911392386,108.34144758195366,0
1544,32,0,1,143,0.0,0.006944444444444444,0.9930555555555556,144,3600,2800,800,0.7777777777777778,44,28,16,219.43069747866397,0.38248976139601143,0.7030206129383858,0.1495961442684994,1095157.194450281,15662.221405400505,1110819.4158556815,1543,71,843.1805555555555,68,76,39,32.63476149259475,0.654718137254902,38.37560386473431,8371.98067632852,123.11736288718411,8
1545,32,0,0,143,0.0,0.0,1.0,143,4100,3000,1100,0.7317073170731707,52,30,22,219.28580491373995,0.38228233034571063,0.7005514810392852,0.15002014868252733,1096134.2155612262,15373.334750566963,1111507.550311793,1544,72,849.3706293706293,69,74,41,32.51931841870865,0.6553442028985508,38.25892857142858,8375.714285714299,121.38716356107679,0
1546,32,0,0,143,0.0,0.0,1.0,143,4300,3200,1100,0.7441860465116279,54,32,22,212.86888529029676,0.38233362881250205,0.6917099620698359,0.13111690173267,1065830.914686469,12476.447743448894,1078307.3624299178,1545,73,850.3706293706293,83,60,38,36.408184387962656,0.6120732931726908,41.902281746031726,8259.126984126926,99.50755402562561,8
1547,32,0,0,143,0.0,0.0,1.0,143,3800,2800,1000,0.7368421052631579,48,28,20,212.51628569014915,0.382477264519518,0.6921617749773195,0.13132166811443352,1066788.2242627025,12941.974207659598,1079730.198470362,1546,74,851.3706293706293,86,57,39,36.29893891619522,0.6121608527131783,41.78639846743293,8262.835249042095,96.07947964002436,0
1548,32,1,0,144,0.006944444444444444,0.0,1.0,144,4350,3300,1050,0.7586206896551724,54,33,21,209.48372790348063,0.3841985560735561,0.689814273843836,0.1300988202756163,1068277.030969221,11607.330976218986,1079884.3619454398,1547,0,846.4513888888889,68,76,42,36.19335222403991,0.6219362745098039,41.60628019323673,8268.599033816452,121.59704461494782,0
1549,32,1,0,145,0.006896551724137931,0.0,1.0,145,4050,2800,1250,0.691358024691358,53,28,25,201.208633367713,0.3846384099616858,0.6777130408719734,0.12570875809212012,1070045.0619421427,10010.460911049955,1080055.5228531926,1548,0,841.6068965517242,75,70,43,36.18913857677905,0.6205555555555555,41.392543859649145,8275.43859649128,110.3391812865504,0
1550,32,0,0,145,0.0,0.0,1.0,145,3300,2200,1100,0.6666666666666666,44,22,22,199.03933476667544,0.38476612388250314,0.6740527916747936,0.12482418875444204,1071159.494672334,10340.5746497182,1081500.0693220522,1549,1,842.6068965517242,78,67,41,36.1079260731455,0.6205929487179487,41.257911392405084,8279.746835443086,106.15060045439853,0
1551,32,0,0,145,0.0,0.0,1.0,145,3900,3100,800,0.7948717948717948,47,31,16,201.13838731873395,0.3845446200510856,0.6767057941927961,0.12649256569152595,1071979.820421013,10223.25846354198,1082203.078884555,1550,2,843.6068965517242,79,66,46,35.95256510220164,0.6211761603375527,41.158854166666686,8282.916666666715,104.84704641350272,0
1552,32,0,0,145,0.0,0.0,1.0,145,3450,2500,950,0.7246376811594203,44,25,19,198.4884718070007,0.38483397190293744,0.673224306718404,0.12524804670537257,1072971.4944113889,10144.494443638427,1083115.9888550274,1551,3,844.6068965517242,82,63,36,35.89908242060033,0.6211890243902439,41.03915662650605,8286.746987951872,101.05789009697405,0
1553,32,0,0,145,0.0,0.0,1.0,145,4050,2900,1150,0.7160493827160493,52,29,23,195.40032767705543,0.38484195402298854,0.6671677358425916,0.12371842849417951,1073966.457612465,8920.679546328736,1082887.1371587936,1552,4,845.6068965517242,84,61,36,35.85666871639627,0.6216517857142857,40.91911764705885,8290.58823529418,98.6974789915974,0
1554,32,1,0,146,0.00684931506849315,0.0,1.0,146,3750,2300,1450,0.6133333333333333,52,23,29,194.4343673624787,0.38598645882538185,0.6675376451515225,0.12366950266446257,1075300.6716280663,8865.08116249066,1084165.752790557,1553,0,840.8082191780821,85,61,38,35.717685604821774,0.6229166666666667,40.758236434108554,8295.736434108598,97.59689922480703,0
1555,32,1,2,145,0.006802721088435374,0.013605442176870748,0.9863945578231292,147,4000,2900,1100,0.725,51,29,22,195.64200577409903,0.386933883142298,0.6725131819796173,0.1249098959942335,1076406.25000001,8718.05555555605,1085124.305555566,1554,0,836.0816326530612,86,61,41,35.550535475234284,0.6239098837209303,40.62500000000003,8300.000000000076,96.51162790697764,0
1556,32,1,0,146,0.00684931506849315,0.0,1.0,146,3900,2600,1300,0.6666666666666666,52,26,26,196.26364068258496,0.3858673830892773,0.6727572779850988,0.12579741952214132,1077544.1602223737,9196.547976300288,1086740.708198674,1555,0,842.7123287671233,75,71,41,35.39466039928169,0.6297222222222223,40.48793859649122,8304.385964912262,110.72514619883016,0
1557,32,0,0,146,0.0,0.0,1.0,146,4050,2700,1350,0.6666666666666666,54,27,27,197.6751410715043,0.38588411273815143,0.6751333328166083,0.12712545211945453,1078513.316463035,9389.054395865187,1087902.3708589002,1556,1,843.7123287671233,77,69,40,35.239045916705216,0.6300054112554112,40.37126068376068,8308.119658119651,107.89765789765781,0
1558,32,0,0,146,0.0,0.0,1.0,146,3800,2800,1000,0.7368421052631579,48,28,20,195.96178901421223,0.3858929696110849,0.6740447154330218,0.12644124735640197,1079472.7769098566,9307.08331107881,1088779.8602209354,1557,2,844.7123287671233,78,68,42,35.165807909030946,0.6307425213675213,40.2558016877637,8311.814345991525,106.56172238450672,0
1559,32,0,0,146,0.0,0.0,1.0,146,4000,2700,1300,0.675,53,27,26,202.05054369242418,0.385890017320107,0.693702224126729,0.12436775701813221,1065626.0850694473,9862.065972222374,1075488.1510416698,1558,3,845.7123287671233,75,71,41,36.71270602085436,0.6151388888888889,41.92708333333334,8258.333333333356,110.11111111111141,8
1560,32,1,0,147,0.006802721088435374,0.0,1.0,147,4050,2900,1150,0.7160493827160493,52,29,23,198.05412370065082,0.3875124250613487,0.6886562457405536,0.12081301545739738,1062931.957944856,8653.611496837178,1071585.5694416931,1559,0,840.952380952381,70,77,47,37.14874582574376,0.6142857142857143,42.253521126760575,8247.887323943693,117.82696177062418,8
1561,32,1,0,148,0.006756756756756757,0.0,1.0,148,3900,2300,1600,0.5897435897435898,55,23,32,196.02414294717212,0.3887395048109334,0.6871623137609217,0.12017601170777861,1064431.6379458222,8230.859910837104,1072662.4978566593,1560,0,836.2635135135135,71,77,41,37.01574302595172,0.6156103286384976,42.07175925925928,8253.703703703752,116.24934793948945,0
1562,32,1,0,149,0.006711409395973154,0.0,1.0,149,4450,3100,1350,0.6966292134831461,58,31,27,191.83784980659348,0.38955083439143845,0.6815321093133362,0.11794707251662126,1065286.542493849,6622.455947984252,1071908.9984418333,1561,0,831.6442953020135,75,74,43,37.01817521866923,0.6147222222222222,41.96820175438598,8257.017543859687,110.09356725146249,0
1563,32,1,0,150,0.006666666666666667,0.0,1.0,150,3950,3100,850,0.7848101265822784,48,31,17,188.46732189745975,0.39074478001491425,0.6794529827248743,0.11654981052610558,1067014.904239888,6269.4882853534,1073284.3925252415,1562,0,827.0933333333334,78,72,48,36.89196664113697,0.6155181623931624,41.758966244725755,8263.713080168814,105.94503948934377,0
1564,32,1,0,151,0.006622516556291391,0.0,1.0,151,4750,3500,1250,0.7368421052631579,60,35,25,189.82852861851194,0.3920584988962472,0.6820193916941151,0.11799145798444789,1068526.7013232545,5617.370300357252,1074144.0716236117,1563,0,822.6092715231788,68,83,46,36.670463839233534,0.6222426470588236,41.57608695652175,8269.565217391328,121.61125319693129,0
1565,32,1,0,152,0.006578947368421052,0.0,1.0,152,3350,2400,950,0.7164179104477612,43,24,19,189.32845448564711,0.39361130475194606,0.6827464809184036,0.11827644193875847,1070020.2019609679,6767.054221137991,1076787.2561821057,1564,0,818.1907894736842,72,80,52,36.49942982214129,0.6219618055555556,41.39554794520548,8275.342465753421,114.93531202435308,0
1566,32,0,0,152,0.0,0.0,1.0,152,4250,2900,1350,0.6823529411764706,56,29,27,187.82446769258485,0.3937011662019287,0.6815936961240843,0.11764955921112225,1070805.4464937919,5574.69259800347,1076380.1390917953,1565,1,819.1907894736842,73,79,48,36.44166938731094,0.6224315068493151,41.30067567567568,8278.378378378384,113.40244353942991,0
1567,32,0,0,152,0.0,0.0,1.0,152,4600,3300,1300,0.717391304347826,59,33,26,184.23781789465139,0.3933644126873475,0.676184107381073,0.11592866311786146,1072143.7033835615,4505.883276175762,1076649.5866597372,1566,2,820.1907894736842,76,76,49,36.3698719623726,0.6226699561403508,41.13906926406928,8283.549783549817,108.9940760993397,0
1568,32,1,1,152,0.006535947712418301,0.006535947712418301,0.9934640522875817,153,4600,3300,1300,0.717391304347826,59,33,26,180.6900690607215,0.39506650613461763,0.6713159998777531,0.11405092934143776,1073058.5964626782,3578.2063802085713,1076636.8028428867,1567,0,815.8235294117648,79,74,39,36.349290646421,0.6224947257383966,41.02864583333335,8287.08333333337,104.89978902953634,0
1569,32,1,0,153,0.006535947712418301,0.0,1.0,153,3750,2600,1150,0.6933333333333334,49,26,23,181.77620695758253,0.3947063840155945,0.6733650598661276,0.11526430978326818,1074403.8792426824,4710.212381849515,1079114.091624532,1568,0,816.8169934640523,81,72,40,36.1559288036995,0.6233281893004115,40.866361788617894,8292.27642276425,102.37378299708949,0
1570,32,1,1,153,0.006493506493506494,0.006493506493506494,0.9935064935064936,154,3650,2400,1250,0.6575342465753424,49,24,25,176.31373572016216,0.3956962835639306,0.6650428448879937,0.11248914321263194,1076197.9267471484,3499.6953678166774,1079697.622114965,1569,0,812.5064935064935,82,72,44,36.07740543592228,0.6251270325203252,40.65010040160642,8299.196787148589,101.2097169164462,0
1571,32,0,0,153,0.0,0.0,1.0,153,4200,3100,1100,0.7380952380952381,53,31,22,179.90089253614457,0.3942745958032336,0.6691468586421785,0.11509036273285908,1076990.5071879276,3950.3106992125277,1080940.8178871402,1570,1,818.7777777777778,73,80,41,35.887171522615866,0.6299942922374429,40.554617117117104,8302.252252252225,113.72948290756473,0
1572,32,1,0,154,0.006493506493506494,0.0,1.0,154,3800,2600,1200,0.6842105263157895,50,26,24,214.56003794720434,0.3948412698412698,0.7099680424287762,0.13676042004482922,1075920.5838207866,11569.912258553264,1087490.4960793399,1571,0,814.4545454545455,88,66,37,35.119625233194945,0.6226325757575757,40.68352059925094,8298.127340823976,94.29690160027245,8
1573,32,1,0,155,0.0064516129032258064,0.0,1.0,155,3950,2600,1350,0.6582278481012658,53,26,27,213.97825550569897,0.39591362938137137,0.7115538310071234,0.13736678653447193,1077999.4926323465,11183.690173899533,1089183.182806246,1572,0,810.1935483870968,75,80,39,34.87894709050586,0.6302777777777777,40.43311403508771,8306.140350877178,110.74853801169571,0
1574,32,0,1,154,0.0,0.0064516129032258064,0.9935483870967742,155,3550,2700,850,0.7605633802816901,44,27,17,214.22323368443946,0.3962243401759531,0.7122891270806313,0.13773986736084987,1078454.9212257576,11656.020121575606,1090110.9413473331,1573,1,811.1935483870968,75,80,41,34.81658923732096,0.6308333333333334,40.3782894736842,8307.894736842074,110.77192982456098,0
1575,32,0,0,154,0.0,0.0,1.0,154,4750,3200,1550,0.6736842105263158,63,32,31,218.63907588593733,0.3957749766573296,0.7146061834525741,0.1412007737096032,1079734.1387245227,11664.414858645549,1091398.5535831682,1574,2,817.4350649350649,77,77,41,34.54464836520664,0.6314935064935066,40.22435897435897,8312.820512820506,107.95870795870788,0
1576,32,0,1,153,0.0,0.006493506493506494,0.9935064935064936,154,3750,2600,1150,0.6933333333333334,49,26,23,217.69424099798624,0.3956458846164728,0.7141463488563791,0.14099690423362854,1080569.0221697036,12496.73062543408,1093065.7527951377,1575,3,818.4350649350649,78,76,43,34.46659309621663,0.6320779914529915,40.12394514767933,8316.033755274273,106.6158173753112,0
1577,32,0,0,153,0.0,0.0,1.0,153,5200,4000,1200,0.7692307692307693,64,40,24,204.8693391136561,0.39512742231395487,0.7062652358483299,0.13187150208175386,1078776.2746033175,8401.636485894476,1087177.911089212,1576,4,824.6928104575163,72,81,43,35.01996666117123,0.6326678240740741,40.3396118721461,8309.132420091279,115.4046169457122,8
1578,32,0,0,153,0.0,0.0,1.0,153,4200,2600,1600,0.6190476190476191,58,26,32,222.19433615950868,0.3950055899552804,0.7342739211003402,0.13826997861645893,1068871.5321519584,12699.440105260435,1081570.9722572188,1577,5,825.6928104575163,62,91,42,35.791432105083565,0.6263440860215054,41.534391534391546,8270.899470899494,133.40160436934667,7
1579,32,1,1,153,0.006493506493506494,0.006493506493506494,0.9935064935064936,154,3850,2700,1150,0.7012987012987013,50,27,23,215.76509354828826,0.3958121127238774,0.7265082114231707,0.1351191340440338,1070735.8767419157,11555.485322145745,1082291.3620640615,1578,0,821.3246753246754,66,88,42,35.72743253801313,0.626104797979798,41.309079601990064,8278.109452736344,125.42590079903552,0
1580,32,0,0,153,0.0,0.0,1.0,153,3850,2800,1050,0.7272727272727273,49,28,21,214.90916067348084,0.3951704219699576,0.7243674252732997,0.13481843803576138,1071250.7464233579,11594.319756936868,1082845.0661802948,1579,1,827.5686274509804,66,87,41,35.68604918984958,0.6267361111111112,41.24689054726369,8280.099502487577,125.4560530679936,0
1581,32,0,0,153,0.0,0.0,1.0,153,4600,3200,1400,0.6956521739130435,60,32,28,213.96303258477695,0.39561296009631924,0.7232055731340394,0.13466522486592777,1072214.566663067,10682.856052960697,1082897.4227160278,1580,2,828.5686274509804,67,86,41,35.59166469416334,0.6273320895522387,41.13051470588237,8283.823529411802,123.63915715540003,0
1582,32,1,1,153,0.006493506493506494,0.006493506493506494,0.9935064935064936,154,4150,3100,1050,0.7469879518072289,52,31,21,212.01346978190318,0.396782955606485,0.7224874493685529,0.13422380032374287,1073937.4291383207,10587.840136054352,1084525.2692743752,1581,0,824.1818181818181,69,85,39,35.42982959984687,0.6283212560386473,40.922619047619044,8290.47619047618,120.15182884748087,0
1583,32,0,0,153,0.0,0.0,1.0,153,5150,4100,1050,0.7961165048543689,62,41,21,215.67454689406617,0.395879916294003,0.7262528819664587,0.1367585370312762,1074402.3525928264,10594.248115475342,1084996.6007083016,1582,4,830.5686274509804,68,85,39,35.2776968637732,0.6294424019607843,40.86654589371981,8292.270531400969,121.94515487354366,0
1584,32,0,0,153,0.0,0.0,1.0,153,3450,2300,1150,0.6666666666666666,46,23,23,215.37218367678352,0.39604116500401326,0.7259510784128784,0.13699159415294318,1075310.5782582818,12268.397474046193,1087578.975732328,1583,5,831.5686274509804,70,83,41,35.17367006225241,0.6294642857142857,40.75704225352113,8295.774647887323,118.51106639839033,0
1585,32,0,0,153,0.0,0.0,1.0,153,3050,1900,1150,0.6229508196721312,42,19,23,214.62227112653574,0.39614508083935324,0.7251122318751659,0.13670788300241718,1075723.7924168946,12524.85668667265,1088248.6491035672,1584,6,832.5686274509804,75,78,42,35.14223667054303,0.6275,40.70723684210525,8297.368421052608,110.63157894736811,0
1586,32,0,0,153,0.0,0.0,1.0,153,4650,3000,1650,0.6451612903225806,63,30,33,216.15167840035048,0.39632962102969843,0.7275872496687035,0.13789829705867274,1076181.6946131059,11273.695910871143,1087455.3905239769,1585,7,833.5686274509804,76,77,43,35.04620694451691,0.6276041666666667,40.652056277056275,8299.13419913419,109.1991341991341,0
1587,32,0,0,153,0.0,0.0,1.0,153,3800,2400,1400,0.631578947368421,52,24,28,220.80778854426856,0.39655895252837975,0.7325330098576439,0.1411080406503027,1076676.4492458755,13147.709147135396,1089824.158393011,1586,8,834.5686274509804,63,90,43,34.86452712594641,0.6352513227513228,40.592447916666664,8301.041666666657,131.76256613756598,0
1588,32,0,0,153,0.0,0.0,1.0,153,3450,2300,1150,0.6666666666666666,46,23,23,216.19023125461297,0.39634216259603255,0.7222501633701812,0.13874425703473564,1077910.3982881776,12556.739655534746,1090467.1379437123,1587,9,835.5686274509804,68,85,40,34.83248996684698,0.6337316176470589,40.443840579710155,8305.797101449296,122.14407502131317,8
1589,32,0,1,152,0.0,0.006535947712418301,0.9934640522875817,153,4550,3300,1250,0.7252747252747253,58,33,25,218.3528870863135,0.3963134961586974,0.7252092814203053,0.1405999217585298,1078877.9053287948,11965.221088435193,1090843.12641723,1588,10,836.5686274509804,69,84,42,34.65735434574976,0.6343599033816425,40.32738095238094,8309.523809523784,120.42788129744613,0
1590,32,0,0,152,0.0,0.0,1.0,152,3800,2800,1000,0.7368421052631579,48,28,20,221.64536050204717,0.39506179563146276,0.7249745019079614,0.14327960345197102,1080011.6946373433,13675.916280864043,1093687.6109182073,1589,11,842.8552631578947,71,81,41,34.43242565987304,0.6346830985915493,40.190972222222214,8313.88888888887,117.0970266040686,0
1591,32,0,0,152,0.0,0.0,1.0,152,4600,2900,1700,0.6304347826086957,63,29,34,216.58268514306553,0.39525422621122347,0.7172273395666293,0.14080101224002536,1081645.6145160014,11853.142313019207,1093498.7568290206,1590,12,843.8552631578947,75,77,36,34.363248989632744,0.6347222222222222,39.99451754385964,8320.175438596463,110.93567251461951,0
1592,32,0,0,152,0.0,0.0,1.0,152,3550,2700,850,0.7605633802816901,44,27,17,214.1859634322265,0.39512261095619844,0.7143259829415445,0.139518663100806,1082215.8771208397,12409.090056555546,1094624.9671773952,1591,13,844.8552631578947,75,77,37,34.355566534914345,0.6354166666666667,39.925986842105246,8322.368421052592,110.96491228070123,0
1593,32,0,0,152,0.0,0.0,1.0,152,4450,3300,1150,0.7415730337078652,56,33,23,210.1431045380603,0.3950599802486348,0.7074387621692317,0.1373969211013269,1083289.548177361,10679.165753524328,1093968.7139308853,1592,14,845.8552631578947,77,75,38,34.329022103606356,0.6358225108225108,39.797008547008524,8326.495726495668,108.13630813630738,0
1594,32,0,0,152,0.0,0.0,1.0,152,4600,3800,800,0.8260869565217391,54,38,16,207.205793672862,0.3953577030324155,0.7039203852927483,0.13595882615364338,1084310.0287543354,9935.064019097006,1094245.0927734324,1593,15,846.8552631578947,79,73,39,34.28038355090945,0.636207805907173,39.67447916666665,8330.416666666628,105.44831223628643,0
1595,32,0,1,151,0.0,0.006578947368421052,0.993421052631579,152,4500,3000,1500,0.6666666666666666,60,30,30,211.50313480137055,0.39559461049146044,0.7080955297805092,0.13920540875902987,1085190.0110650272,11004.217839077397,1096194.2289041046,1594,16,847.8552631578947,71,81,41,34.06066561116975,0.6409917840375587,39.56886574074073,8333.796296296283,117.3774126238913,0
1596,32,0,2,149,0.0,0.013245033112582781,0.9867549668874173,151,4400,3200,1200,0.7272727272727273,56,32,24,214.025707847544,0.39491905813097866,0.7100455596780308,0.14140143060653923,1086275.4120584675,11898.172796639054,1098173.5848551067,1595,17,852.5364238410596,71,80,40,33.86197482879882,0.64231220657277,39.4386574074074,8337.96296296294,117.43609806990057,0
1597,32,0,0,149,0.0,0.0,1.0,149,3750,2800,950,0.7466666666666667,47,28,19,218.96500326013552,0.393702007376504,0.7113701104113155,0.14510821383524186,1087148.8826346202,14059.511726068542,1101208.3943606887,1596,24,860.3020134228188,70,79,42,33.626245286204764,0.6438988095238095,39.33392018779343,8341.314553990624,119.16163648558033,0
1598,32,1,0,150,0.006666666666666667,0.0,1.0,150,3400,2700,700,0.7941176470588235,41,27,14,218.2371066047342,0.3943241983594333,0.7119989644587441,0.14516391452608624,1088206.353416495,14097.401191700927,1102303.754608196,1597,0,855.56,71,79,42,33.515708791005565,0.6446596244131455,39.207175925925924,8345.370370370369,117.54042775169533,0
1599,32,0,0,150,0.0,0.0,1.0,150,4700,3500,1200,0.7446808510638298,59,35,24,216.31412415966406,0.3936772930648769,0.7106134483998567,0.1446776284963988,1089766.7092768452,12446.386251116037,1102213.0955279612,1598,1,856.56,73,77,44,33.37491010427905,0.6455479452054795,39.020270270270274,8351.351351351357,114.40207330618297,0
1600,32,0,1,149,0.0,0.006666666666666667,0.9933333333333333,150,2900,2000,900,0.6896551724137931,38,20,18,213.79383447042073,0.39370339299030577,0.706652502116045,0.14329904910648553,1090374.4336922118,13723.066237514427,1104097.4999297261,1599,2,857.56,76,74,36,33.36636955658047,0.6448739035087719,38.94751082251083,8353.67965367967,109.91683754841671,0
1601,32,0,0,149,0.0,0.0,1.0,149,4750,3300,1450,0.6947368421052632,62,33,29,215.41458090255585,0.39299156539089425,0.7080331041297816,0.14509329209552294,1091757.0677186048,12486.078238001257,1104243.1459566061,1600,3,864.0671140939597,77,72,37,33.155035787321054,0.6461038961038961,38.78205128205128,8358.974358974348,108.55810855810842,0
1602,32,0,1,148,0.0,0.006711409395973154,0.9932885906040269,149,4550,3200,1350,0.7032967032967034,59,32,27,261.9743644202269,0.3932220811415443,0.7523843164959363,0.16218862336578155,1067347.2656250047,21573.524305555766,1088920.7899305604,1601,4,865.0671140939597,79,70,37,34.95244336895881,0.615506329113924,41.718750000000014,8265.000000000036,104.62025316455743,8
1603,32,0,1,147,0.0,0.006756756756756757,0.9932432432432432,148,3250,2400,850,0.7384615384615385,41,24,17,262.1330834782581,0.3923879236379237,0.7516027471648761,0.1627510977316169,1068194.4850922127,23151.82282633868,1091346.3079185514,1602,30,871.8851351351351,61,87,38,34.84317088237207,0.6261953551912569,41.61626344086024,8268.279569892517,135.54556671954944,0
1604,32,0,0,147,0.0,0.0,1.0,147,4450,3100,1350,0.6966292134831461,58,31,27,261.80047328072595,0.3912554747926568,0.749632452917206,0.1631427022616247,1069281.834390139,22137.69806276443,1091419.5324529035,1603,31,878.5578231292517,62,85,37,34.71684788402089,0.6268481182795699,41.484788359788375,8272.486772486805,133.4272060078517,0
1605,32,1,1,147,0.006756756756756757,0.006756756756756757,0.9932432432432432,148,3400,2900,500,0.8529411764705882,39,29,10,251.81236877744266,0.3930534488570203,0.7445544588132045,0.15755126632327254,1070470.4454210084,20911.539713541715,1091381.9851345501,1604,0,873.6148648648649,63,85,38,34.82779595603657,0.6276455026455027,41.341145833333336,8277.083333333343,131.38227513227528,8
1606,32,0,0,147,0.0,0.0,1.0,147,4350,3200,1150,0.735632183908046,55,32,23,249.53744067523988,0.3926882396794334,0.7409160840457054,0.15666915210045795,1071490.401051941,19725.394477317615,1091215.7955292587,1605,1,878.3877551020408,64,83,38,34.760367640987525,0.6282552083333333,41.21794871794872,8281.025641025653,129.39102564102583,0
1607,32,0,0,147,0.0,0.0,1.0,147,3250,2100,1150,0.6461538461538462,44,21,23,248.12861069839528,0.39277560339204176,0.7394845262048475,0.15610116394569953,1072087.6736111122,20553.12500000004,1092640.7986111122,1606,2,879.3877551020408,65,82,42,34.72292085848423,0.6283653846153846,41.145833333333336,8283.333333333341,127.43589743589756,0
1608,32,0,0,147,0.0,0.0,1.0,147,3250,2600,650,0.8,39,26,13,249.07967348604396,0.3928959711738577,0.74225344008781,0.15731005004215742,1073229.9814073937,20813.95466887746,1094043.936076271,1607,3,880.3877551020408,67,80,35,34.5570005520396,0.6285758706467661,41.00796568627452,8287.745098039235,123.69768803043634,0
1609,32,0,0,147,0.0,0.0,1.0,147,4550,2800,1750,0.6153846153846154,63,28,35,248.5814179216459,0.3927794862237132,0.7428712540837337,0.1574226676889773,1074026.8296809725,19446.622441597196,1093473.4521225698,1608,4,881.3877551020408,68,79,35,34.47138542516414,0.6289828431372548,40.91183574879227,8290.821256038646,121.92384200056831,0
1610,32,1,0,148,0.006756756756756757,0.0,1.0,148,4050,2900,1150,0.7160493827160493,52,29,23,244.76568227996339,0.394304061714776,0.7409249694491042,0.155752768151575,1075432.2920110656,18995.783739998737,1094428.0757510643,1609,0,876.4256756756756,70,78,36,34.396633844528715,0.6296130952380952,40.74237089201878,8296.244131455407,118.51777330650582,0
1611,32,2,1,149,0.013333333333333334,0.006666666666666667,0.9933333333333333,150,3350,2300,1050,0.6865671641791045,44,23,21,211.1586132738296,0.3962947427293065,0.7011962413552844,0.13213073418158708,1070504.5515542494,11859.251321904088,1082363.8028761535,1610,0,865.7266666666667,78,72,43,35.87513381250956,0.6197916666666667,41.33702531645573,8277.215189873505,106.11814345991672,8
1612,32,1,0,150,0.006666666666666667,0.0,1.0,150,3900,2400,1500,0.6153846153846154,54,24,30,215.09881244399614,0.3951882923191648,0.7078681064927987,0.13534679121476206,1072142.284890254,12223.306450177763,1084365.5913404317,1611,0,866.68,78,72,44,35.571176310785155,0.6217948717948718,41.13924050632915,8283.544303797562,106.19928594612259,0
1613,32,0,0,150,0.0,0.0,1.0,150,4600,3400,1200,0.7391304347826086,58,34,24,213.37182992638975,0.39496457867263235,0.7058772856017543,0.13467954063490986,1073058.5964626856,11192.095269097797,1084250.6917317833,1612,1,867.68,79,71,34,35.50292665962764,0.6224947257383966,41.02864583333337,8287.083333333427,104.89978902953705,0
1614,32,0,1,149,0.0,0.006666666666666667,0.9933333333333333,150,3750,2500,1250,0.6666666666666666,50,25,25,212.37257646927085,0.3951286353467562,0.7067906322243414,0.13449361956033068,1074029.9587673715,11868.901909722737,1085898.8606770942,1613,2,868.68,79,71,37,35.409128220591704,0.6236814345991561,40.911458333333364,8290.833333333414,104.94725738396727,0
1615,32,0,0,149,0.0,0.0,1.0,149,4250,2700,1550,0.6352941176470588,58,27,31,212.1131287881007,0.3946958703670113,0.7053334256962507,0.13458765023104016,1074592.4571118986,11537.033650019866,1086129.4907619185,1614,3,874.489932885906,80,69,39,35.34657436813553,0.6239583333333334,40.84362139917698,8293.004115226404,103.66255144033005,0
1616,32,1,0,150,0.006666666666666667,0.0,1.0,150,4000,3000,1000,0.75,50,30,20,211.8229530614493,0.39556860551826994,0.7073562105738631,0.13495140404571868,1075781.340724357,11575.0360881283,1087356.3768124853,1615,0,869.6533333333333,82,68,40,35.20773841214529,0.6246189024390244,40.70030120481932,8297.590361445891,101.19012635909624,0
1617,32,0,0,150,0.0,0.0,1.0,150,3450,2500,950,0.7246376811594203,44,25,19,213.33840504172932,0.39600577926920205,0.7096823666647547,0.13626609521005356,1076529.7654478392,12483.028628117532,1089012.7940759568,1616,1,870.6533333333333,69,81,41,35.07633669898452,0.6314915458937198,40.61011904761902,8300.476190476138,120.29675638371215,0
1618,32,1,2,149,0.006622516556291391,0.013245033112582781,0.9867549668874173,151,3500,2300,1200,0.6571428571428571,47,23,24,209.7385051002934,0.39718727005150845,0.7077122903889062,0.1347303278525605,1078183.5241133347,11527.320114259122,1089710.8442275939,1617,0,865.8807947019867,72,79,42,34.966377162122534,0.6319444444444444,40.41095890410956,8306.849315068435,115.37290715372826,0
1619,32,1,0,150,0.006666666666666667,0.0,1.0,150,3450,2400,1050,0.6956521739130435,45,24,21,208.13893249607617,0.3965529455630126,0.7047194139194153,0.13414053014973681,1079132.0030858342,11471.876628927337,1090603.8797147616,1618,0,872.2666666666667,72,78,44,34.89136904761904,0.6331018518518519,40.296803652968016,8310.502283104974,115.42364282090242,0
1620,32,0,0,150,0.0,0.0,1.0,150,4050,2500,1550,0.6172839506172839,56,25,31,207.9955019725831,0.3965473527218493,0.7052683279162164,0.13462822462881707,1080382.3248924538,10892.932797662186,1091275.257690116,1619,1,873.2666666666667,73,77,44,34.741558324304805,0.6341324200913242,40.146396396396376,8315.315315315267,113.90842897692147,0
1621,32,1,1,150,0.006622516556291391,0.006622516556291391,0.9933774834437086,151,3850,2800,1050,0.7272727272727273,49,28,21,201.6259581401293,0.3980353200883002,0.6966417258842357,0.13113667198295925,1081775.5345475187,9572.805729138483,1091348.3402766571,1620,0,868.476821192053,78,73,38,34.73620267072348,0.6335470085470085,39.97890295358648,8320.675105485174,106.67532186519453,0
1622,32,0,0,150,0.0,0.0,1.0,150,5200,4200,1000,0.8076923076923077,62,42,20,204.68292970307797,0.39675242356450413,0.7005086612596396,0.1333443195658595,1082250.0976562423,9103.624131944118,1091353.7217881863,1621,3,875.2666666666667,79,71,40,34.59851974233169,0.6337025316455696,39.92187499999998,8322.499999999942,105.34810126582205,0
1623,32,0,0,150,0.0,0.0,1.0,150,4450,3500,950,0.7865168539325843,54,35,19,203.03406524425498,0.39672259507829977,0.6980418520349343,0.13258163782734822,1082927.155836669,9524.220562583241,1092451.3763992523,1622,4,876.2666666666667,80,70,42,34.55841159993407,0.6341145833333333,39.84053497942384,8325.102880658367,104.06378600822958,0
1624,32,0,0,150,0.0,0.0,1.0,150,4150,3300,850,0.7951807228915663,50,33,17,202.87038666762845,0.3967216629381059,0.6985279906291202,0.1329264903240489,1083905.2920921654,9828.457143564903,1093733.7492357304,1623,5,877.2666666666667,81,69,42,34.44282094457186,0.6349022633744856,39.72306910569103,8328.86178861782,102.8254541804669,0
1625,32,1,0,151,0.006622516556291391,0.0,1.0,151,3900,2900,1000,0.7435897435897436,49,29,20,200.59189904633965,0.3977980132450331,0.6986401155506354,0.13202552934223355,1085193.4559240371,9436.203231292613,1094629.6591553297,1624,0,872.4503311258278,69,82,44,34.34440651010421,0.6420591787439613,39.56845238095239,8333.809523809532,120.77984817115264,0
1626,32,0,0,151,0.0,0.0,1.0,151,4450,2900,1550,0.651685393258427,60,29,31,199.3226940689911,0.39767476085356884,0.6970068162060616,0.13147487122727047,1085813.6196145127,8635.459183673494,1094449.0787981863,1625,1,873.4503311258278,69,82,39,34.30157279408968,0.6428140096618358,39.49404761904762,8336.190476190477,120.81435472739823,0
1627,32,1,0,152,0.006578947368421052,0.0,1.0,152,3750,2300,1450,0.6133333333333333,52,23,29,198.28293250117218,0.398620853665621,0.6970065051237204,0.13148569487709344,1087329.9432090695,8969.793947165583,1096299.7371562351,1626,0,868.6973684210526,72,80,44,34.1432207564727,0.6430844907407407,39.31221461187216,8342.00913242012,115.86123795027945,0
1628,32,0,0,152,0.0,0.0,1.0,152,4250,3000,1250,0.7058823529411765,55,30,25,196.81908151700367,0.3984148077146508,0.694485401296167,0.13085959895762306,1088080.790123461,8181.012345679246,1096261.8024691404,1627,1,869.6973684210526,74,78,41,34.08961795199546,0.6430180180180181,39.222222222222236,8344.888888888921,112.7687687687692,0
1629,32,0,0,152,0.0,0.0,1.0,152,4350,3000,1350,0.6896551724137931,57,30,27,199.6487882047697,0.3982314540490299,0.6989614007437808,0.13320415995365598,1089070.7507358077,8736.331130732702,1097807.0818665405,1628,2,870.6973684210526,75,77,46,33.89485377812801,0.64375,39.103618421052644,8348.68421052635,111.31578947368466,0
1630,32,0,1,151,0.0,0.006578947368421052,0.993421052631579,152,3350,2700,650,0.8059701492537313,40,27,13,202.17670162942045,0.3982831924596259,0.6960292605403398,0.13074801134255698,1080130.4573029547,9925.442637397544,1090055.8999403522,1629,3,871.6973684210526,78,74,42,34.92366573627672,0.6315438034188035,40.17668776371306,8314.345991561135,106.59417937898891,8
1631,32,1,0,152,0.006578947368421052,0.0,1.0,152,3450,2300,1150,0.6666666666666666,46,23,23,200.13632139242918,0.3976441777041943,0.6930587271870381,0.12986694909486826,1081107.8749216686,9423.790623041528,1090531.6655447101,1630,0,872.6578947368421,80,72,45,34.8567959563977,0.6319010416666666,40.059156378600804,8318.106995884722,103.97633744855902,0
1632,32,0,0,152,0.0,0.0,1.0,152,3950,2800,1150,0.7088607594936709,51,28,23,200.53927341572174,0.39746627018705705,0.691597236334079,0.13050168797656228,1081934.1623522164,9044.058160352039,1090978.2205125685,1631,1,873.6578947368421,82,70,34,34.745012870012886,0.6321138211382114,39.95983935742971,8321.28514056222,101.47908708002709,0
1633,32,0,1,151,0.0,0.006578947368421052,0.993421052631579,152,3750,2600,1150,0.6933333333333334,49,26,23,202.12201603282338,0.39722482427094224,0.6920724149044313,0.13203232001159457,1083027.92195309,9630.757400999335,1092658.6793540893,1632,2,874.6578947368421,84,68,34,34.56979117600877,0.6326884920634921,39.828431372549005,8325.490196078394,99.11297852474279,0
1634,32,0,0,151,0.0,0.0,1.0,151,4850,3200,1650,0.6597938144329897,65,32,33,202.7980846051537,0.39671449595290653,0.692804978475589,0.13285747689010766,1083858.5421549154,8910.887266390098,1092769.4294213054,1633,7,881.4370860927153,85,66,36,34.45042969719531,0.6333333333333333,39.728682170542626,8328.682170542612,97.98449612403073,0
1635,32,0,0,151,0.0,0.0,1.0,151,3800,2600,1200,0.6842105263157895,50,26,24,202.29867679322564,0.39648270787343637,0.6915167110596696,0.1328166297728417,1084477.669091481,9877.679493801512,1094355.3485852825,1634,8,882.4370860927153,87,64,37,34.387598132824095,0.6333812260536398,39.654356060606055,8331.060606060591,95.75931731104129,0
1636,32,0,0,151,0.0,0.0,1.0,151,4300,3200,1100,0.7441860465116279,54,32,22,201.35610489171773,0.39619389256806475,0.6892163479008906,0.13263192957619932,1085416.6944444482,9211.055555555722,1094627.750000004,1635,9,883.4370860927153,74,77,39,34.29717911800779,0.6397804054054055,39.54166666666668,8334.666666666697,112.63063063063105,0
1637,32,0,0,151,0.0,0.0,1.0,151,4850,3500,1350,0.7216494845360825,62,35,27,199.60905685974447,0.39599889624724066,0.6870362810243231,0.1319529690200787,1086440.4913050174,8322.672360726385,1094763.1636657438,1636,10,884.4370860927153,75,76,38,34.21742408303529,0.6405555555555555,39.41885964912281,8338.596491228072,111.18128654970764,0
1638,32,0,0,151,0.0,0.0,1.0,151,3800,2900,900,0.7631578947368421,47,29,18,201.5484896428272,0.3957818248712288,0.691661085765592,0.13380792424685556,1087663.8866634828,9843.402719214511,1097507.2893826973,1637,11,885.4370860927153,76,75,39,34.01725643819508,0.6415844298245614,39.272186147186154,8343.290043290059,109.7801321485534,0
1639,32,0,0,151,0.0,0.0,1.0,151,4450,3000,1450,0.6741573033707865,59,30,29,202.25813530406947,0.3958278145695364,0.6924568417411825,0.1346319489600708,1088410.6878698224,9377.983234713936,1097788.6711045364,1638,12,886.4370860927153,77,74,38,33.907450076804906,0.6420454545454546,39.18269230769231,8346.153846153846,108.39160839160839,0
1640,32,0,0,151,0.0,0.0,1.0,151,3400,2100,1300,0.6176470588235294,47,21,26,196.27741223724811,0.39575974981604123,0.6835363963100589,0.12703335655560033,1080359.203796849,8810.02176158789,1089169.2255584367,1639,13,887.4370860927153,80,71,48,35.0488922432281,0.6309895833333333,40.14917695473252,8315.226337448577,103.94032921810722,8
1641,32,2,0,153,0.013071895424836602,0.0,1.0,153,4100,3200,900,0.7804878048780488,50,32,18,191.5605082129505,0.39704986526774455,0.6892465433576218,0.12011379022211595,1071110.003086423,6336.475308642168,1077446.4783950653,1640,0,876.8235294117648,74,79,44,36.30752679514018,0.6223254504504505,41.2638888888889,8279.555555555582,111.88588588588624,6
1642,32,1,0,154,0.006493506493506494,0.0,1.0,154,3850,2800,1050,0.7272727272727273,49,28,21,188.3453596797129,0.39873436748436747,0.6848634678881762,0.11866920663342842,1072530.2050231926,5751.217446489858,1078281.4224696825,1641,0,872.1233766233767,77,77,48,36.21601029899764,0.6227002164502164,41.09241452991453,8285.042735042725,107.59795759795747,0
1643,32,1,1,154,0.0064516129032258064,0.0064516129032258064,0.9935483870967742,155,4900,3900,1000,0.7959183673469388,59,39,20,185.27814954167792,0.3996020108923335,0.6812643864483705,0.11742150241654144,1074245.8767361147,3906.8576388891343,1078152.734375004,1642,0,867.4903225806452,79,76,41,36.08458961474039,0.623945147679325,40.88541666666668,8291.666666666695,104.95780590717335,0
1644,32,0,0,154,0.0,0.0,1.0,154,3250,1900,1350,0.5846153846153846,46,19,27,191.17996853875923,0.39801109837874543,0.6901495470268701,0.12143039099338052,1074893.760850696,7049.6310763889505,1081943.391927085,1643,2,874.1233766233767,79,75,41,35.85204628420243,0.6247362869198312,40.80729166666667,8294.166666666679,104.9894514767934,0
1645,32,1,0,155,0.0064516129032258064,0.0,1.0,155,4050,3100,950,0.7654320987654321,50,31,19,192.72849533870678,0.39916212819438623,0.695573759578554,0.12310043437576247,1076526.334367491,6445.460123027728,1082971.7944905187,1644,0,869.4774193548387,71,84,46,35.61135822782455,0.6304284037558685,40.61053240740738,8300.462962962907,116.90792905581559,0
1646,32,0,0,155,0.0,0.0,1.0,155,4500,3200,1300,0.7111111111111111,58,32,26,193.4246686297386,0.39893520458036585,0.6975651279504878,0.12414942563073135,1077946.4695273177,6200.287733783331,1084146.757261101,1645,1,870.4774193548387,72,83,45,35.418957302547156,0.6316550925925926,40.439497716894955,8305.936073059309,115.36022323693484,0
1647,32,1,0,156,0.00641025641025641,0.0,1.0,156,4350,3000,1350,0.6896551724137931,57,30,27,192.34120060949368,0.39985266749379655,0.6968703793620896,0.12373112196124755,1078597.6419753027,5941.753086419438,1084539.3950617223,1646,0,865.8910256410256,74,82,47,35.36718554973078,0.6314752252252251,40.36111111111109,8308.444444444398,112.27627627627565,0
1648,32,1,0,157,0.006369426751592357,0.0,1.0,157,3650,2400,1250,0.6575342465753424,49,24,25,190.7415442029481,0.40117691491099133,0.6954770602798848,0.12329826174411279,1080002.3220376219,6150.2621296447505,1086152.5841672667,1647,0,861.3694267515923,76,81,44,35.236483554629864,0.6322642543859649,40.19209956709954,8313.852813852747,109.39280018227299,0
1649,32,0,1,156,0.0,0.006369426751592357,0.9936305732484076,157,4450,3500,950,0.7865168539325843,54,35,19,191.6003551754311,0.4010850481789972,0.6964150947101253,0.12421472726263166,1080844.576393443,5568.04094528396,1086412.617338727,1648,1,862.3694267515923,77,80,46,35.11094269174115,0.6328463203463204,40.09081196581193,8317.094017093927,108.01420801420684,0
1650,32,0,0,156,0.0,0.0,1.0,156,5700,4000,1700,0.7017543859649122,74,40,34,194.62062246143148,0.40014991728701405,0.697434292866083,0.12683676781948056,1082358.4662543351,5229.8556857636195,1087588.3219400987,1649,2,868.6538461538462,79,77,40,34.84694409678764,0.6338343881856541,39.90885416666665,8322.916666666626,105.35337552742564,0
1651,32,0,0,156,0.0,0.0,1.0,156,4050,2600,1450,0.6419753086419753,55,26,29,195.85089238718544,0.3999431348221671,0.6982236577783028,0.12793863105860898,1083034.2199910157,7172.643694219632,1090206.8636852354,1650,3,869.6538461538462,80,76,40,34.732176692534566,0.6342447916666667,39.827674897119316,8325.514403292114,104.06893004115143,0
1652,32,1,0,157,0.006369426751592357,0.0,1.0,157,4950,3700,1250,0.7474747474747475,62,37,25,195.20000000000024,0.40030247972126953,0.699210191082803,0.1284210526315788,1085069.444444441,6011.111111110906,1091080.555555552,1651,0,865.108280254777,70,87,47,34.49999999999999,0.6413690476190477,39.58333333333332,8333.333333333307,119.04761904761867,0
1653,32,0,2,155,0.0,0.012738853503184714,0.9872611464968153,157,3750,3000,750,0.8,45,30,15,196.7648918593875,0.39994181773640375,0.7012141167150605,0.12999764132016,1086275.4120584675,7598.17279663905,1093873.5848551067,1652,1,866.108280254777,71,86,44,34.31172496761058,0.64231220657277,39.4386574074074,8337.96296296294,117.43609806990057,0
1654,32,0,2,153,0.0,0.012903225806451613,0.9870967741935484,155,3200,2300,900,0.71875,41,23,18,198.25570394312712,0.3990521575198995,0.6998133217947244,0.1312482940384636,1086853.8532609807,8894.995152311076,1095748.8484132919,1653,2,876.2193548387097,72,83,46,34.20213979377681,0.642505787037037,39.36929223744291,8340.18264840181,115.8358701166918,0
1655,32,0,0,153,0.0,0.0,1.0,153,5000,4000,1000,0.8,60,40,20,198.61925130016257,0.39734907120743035,0.6970579894000288,0.1318907939178897,1087723.4573259584,7608.563743141247,1095332.0210690997,1654,3,887.9150326797386,71,82,43,34.08634816705507,0.6440727699530516,39.26504629629629,8343.518518518506,117.51434533124656,0
1656,32,0,0,153,0.0,0.0,1.0,153,4800,3400,1400,0.7083333333333334,62,34,28,198.25813591486246,0.3975443613117762,0.6981969565172321,0.13213113316294528,1088758.8385615358,7771.059558807964,1096529.8981203437,1655,4,888.9150326797386,72,81,44,33.969239465382984,0.6448206018518519,39.140981735159805,8347.488584474857,115.93734145103969,0
1657,32,0,1,152,0.0,0.006535947712418301,0.9934640522875817,153,4100,2700,1400,0.6585365853658537,55,27,28,195.91768180338912,0.39730786320376105,0.6953566596054783,0.13100687690696397,1089704.0123456812,7998.456790123593,1097702.4691358048,1656,5,889.9150326797386,74,79,45,33.91487049849211,0.6449887387387387,39.027777777777786,8351.111111111128,112.85285285285308,0
1658,32,0,0,152,0.0,0.0,1.0,152,3750,2500,1250,0.6666666666666666,50,25,25,197.94963625310498,0.39673920936447077,0.6980399738899687,0.13266989534925294,1090354.580720923,9017.058528122667,1099371.6392490456,1657,6,896.6644736842105,73,79,39,33.78240990383753,0.6462614155251142,38.949887387387385,8353.603603603598,114.43292607676162,0
1659,32,0,0,152,0.0,0.0,1.0,152,4100,3200,900,0.7804878048780488,50,32,18,198.84628142592067,0.39678459393516907,0.6988220459304026,0.13369149775192285,1091245.9723184058,8898.040743305693,1100144.0130617113,1658,7,897.6644736842105,75,77,40,33.65019593436201,0.6463888888888889,38.843201754385966,8357.01754385965,111.42690058479535,0
1660,32,0,0,152,0.0,0.0,1.0,152,3700,2600,1100,0.7027027027027027,48,26,22,191.860709277174,0.3967537324270942,0.6868852334977742,0.12044973770144703,1071471.4427437729,7014.654195011811,1078486.0969387847,1659,8,898.6644736842105,76,76,48,36.25527122867552,0.6218475877192983,41.22023809523812,8280.952380952449,108.95989974937433,8
1661,32,0,0,152,0.0,0.0,1.0,152,5150,3800,1350,0.7378640776699029,65,38,27,192.16148816500078,0.39677097856395954,0.687845938212224,0.12102460782973508,1072411.2657335147,5665.228949653197,1078076.494683168,1660,9,899.6644736842105,79,73,44,36.13184001408237,0.6217035864978904,41.10677083333336,8284.583333333394,104.86814345991638,0
1662,32,2,2,152,0.012987012987012988,0.012987012987012988,0.987012987012987,154,3950,3000,950,0.759493670886076,49,30,19,190.33994808350792,0.3995027303850833,0.6881784031329989,0.12063992392918833,1074271.280276826,6145.347943099292,1080416.628219925,1661,0,888.9675324675325,84,70,38,35.95030899230674,0.6220238095238095,40.8823529411765,8291.764705882426,98.7114845938384,0
1663,32,0,0,152,0.0,0.0,1.0,152,3850,2800,1050,0.7272727272727273,49,28,21,199.9961309533427,0.39676099395840597,0.7002136009609206,0.12701668590263873,1074862.9047973426,8743.684452948164,1083606.5892502908,1662,11,901.6644736842105,83,69,39,35.62733242428594,0.6231174698795181,40.811011904761926,8294.047619047673,99.92828456683944,0
1664,32,1,0,153,0.006535947712418301,0.0,1.0,153,4400,3000,1400,0.6818181818181818,58,30,28,205.92002111270787,0.39797256621947025,0.7111228098988245,0.1315277349950752,1076529.7654478427,9335.806405895559,1085865.5718537383,1663,0,896.7647058823529,69,84,41,35.26876207140535,0.6314915458937198,40.61011904761904,8300.476190476165,120.29675638371255,0
1665,32,1,1,153,0.006493506493506494,0.006493506493506494,0.9935064935064936,154,3600,2400,1200,0.6666666666666666,48,24,24,202.68547254650957,0.3993064397476162,0.708105679926853,0.129995519914616,1077727.5464302471,9287.943404920594,1087015.4898351678,1664,0,891.9350649350649,71,83,41,35.20547642938104,0.6318955399061033,40.46585648148145,8305.092592592528,116.97313510693701,0
1666,32,0,0,153,0.0,0.0,1.0,153,4900,3400,1500,0.6938775510204082,64,34,30,205.8281503271508,0.39841868765049876,0.7106133501143421,0.1324740426006496,1078744.2298717608,8907.18590211818,1087651.415773879,1665,1,898.0849673202614,73,80,41,34.99900610791859,0.632134703196347,40.34346846846846,8309.009009008987,113.8220412193012,0
1667,32,0,0,153,0.0,0.0,1.0,153,4500,3200,1300,0.7111111111111111,58,32,26,205.728712824171,0.3983058135534916,0.7108721061266006,0.13292419942577202,1079867.3611111054,9331.944444444176,1089199.3055555497,1666,2,899.0849673202614,74,79,41,34.86367281475539,0.6330236486486487,40.208333333333314,8313.333333333288,112.34234234234174,0
1668,32,1,0,154,0.006493506493506494,0.0,1.0,154,4300,3200,1100,0.7441860465116279,54,32,22,203.97312321958344,0.398549571343689,0.7115241080758343,0.13239405390084177,1081189.5126384972,9006.720337026425,1090196.2329755237,1667,0,894.2402597402597,75,79,44,34.747047347885704,0.6341666666666667,40.049342105263136,8318.421052631524,110.91228070175364,0
1669,32,0,0,154,0.0,0.0,1.0,154,3400,2400,1000,0.7058823529411765,44,24,20,204.6317300851851,0.39853365588659706,0.7131532359419983,0.13305216008921697,1081690.0451640699,10069.62107156903,1091759.6662356388,1668,1,895.2402597402597,76,78,39,34.668531044051335,0.6343201754385965,39.989177489177486,8320.34632034631,109.4782410571883,0
1670,32,1,1,154,0.0064516129032258064,0.0064516129032258064,0.9935483870967742,155,3200,2200,1000,0.6875,42,22,20,205.0622130210952,0.39876064795419636,0.7162959528383135,0.1338676913421892,1082844.802396082,10210.110307546176,1093054.9127036282,1669,0,890.4580645161291,77,78,40,34.51574264202602,0.6352813852813852,39.850427350427346,8324.786324786308,108.11410811410789,0
1671,32,0,0,154,0.0,0.0,1.0,154,4300,3100,1200,0.7209302325581395,55,31,24,207.22599760443825,0.3983488597459186,0.7152222144989402,0.1357870446862064,1083919.3143054105,9823.252245931306,1093742.566551342,1670,1,897.2272727272727,82,72,41,34.32773598855614,0.6345274390243902,39.72138554216866,8328.915662650572,101.572142227446,0
1672,32,1,1,154,0.0064516129032258064,0.0064516129032258064,0.9935483870967742,155,4300,3000,1300,0.6976744186046512,56,30,26,208.2087645870035,0.3996997626029884,0.7181390514642698,0.13715510937710806,1085436.2594778342,9899.468524763477,1095335.7280025976,1671,0,892.4322580645161,70,85,42,34.116299592557134,0.6418154761904762,39.53931924882628,8334.741784037535,119.06773977196478,0
1673,32,0,0,154,0.0,0.0,1.0,154,4700,3500,1200,0.7446808510638298,59,35,24,206.9321599563765,0.3996689584924879,0.7152688796961735,0.1367726654302491,1086396.045658648,9462.056059241959,1095858.10171789,1672,1,890.3701298701299,71,83,38,34.032038291414466,0.6424589201877935,39.4241898148148,8338.425925925905,117.44261867501275,0
1674,32,0,0,154,0.0,0.0,1.0,154,4100,3000,1100,0.7317073170731707,52,30,22,207.54363989485185,0.3995982231276349,0.7162502230376784,0.13762666995423004,1087329.9432090626,10233.682836054108,1097563.6260451167,1673,2,891.3701298701299,72,82,42,33.90180542631418,0.6430844907407407,39.312214611872136,8342.009132420068,115.86123795027872,0
1675,32,1,0,155,0.0064516129032258064,0.0,1.0,155,4900,3500,1400,0.7142857142857143,63,35,28,213.49710471346935,0.40049748638458316,0.7207288686918774,0.13654103167918646,1076900.3543083898,10083.021541950115,1086983.37585034,1674,0,886.6129032258065,69,86,38,35.0266242208711,0.6319444444444444,40.56547619047619,8301.904761904761,120.31746031746032,8
1676,32,0,0,155,0.0,0.0,1.0,155,3400,2400,1000,0.7058823529411765,44,24,20,214.2487216481221,0.4002984918307499,0.7201353934141606,0.13730548509101392,1077502.479666733,11770.70576825586,1089273.1854349887,1675,1,887.6129032258065,70,85,38,34.93305254032864,0.6321428571428571,40.49295774647887,8304.225352112677,118.63179074446681,0
1677,32,0,0,155,0.0,0.0,1.0,155,4550,3500,1050,0.7692307692307693,56,35,21,215.7069968900961,0.39980449657869016,0.7206094687636466,0.13892087862146918,1078929.428288969,10996.525366512433,1089925.9536554813,1676,2,888.6129032258065,71,84,40,34.71972672572288,0.633362676056338,40.321180555555564,8309.722222222244,117.03834115805978,0
1678,32,0,0,155,0.0,0.0,1.0,155,3650,2100,1550,0.5753424657534246,52,21,31,215.63432390500023,0.3996578690127077,0.7207567305360174,0.13922021883186936,1079650.8789062523,11911.957465277928,1091562.8363715303,1677,3,889.6129032258065,71,84,36,34.63293650793652,0.6342429577464789,40.23437500000001,8312.500000000018,117.07746478873266,0
1679,32,0,2,153,0.0,0.012903225806451613,0.9870967741935484,155,4800,3500,1300,0.7291666666666666,61,35,26,220.76688205050942,0.3997259460969138,0.727769416280956,0.14333325221654244,1081267.605450262,11941.615583494944,1093209.221033757,1678,4,890.6129032258065,72,83,39,34.30089746404655,0.6357060185185186,40.039954337899545,8318.721461187217,115.53779807204468,0
1680,32,0,1,152,0.0,0.006535947712418301,0.9934640522875817,153,3550,2800,750,0.7887323943661971,43,28,15,219.83943770286794,0.3987340184611856,0.7238112041334317,0.14320205831209715,1082217.4396905843,13432.814682763143,1095650.2543733474,1679,5,895.6797385620915,72,81,36,34.208342477778984,0.6368634259259259,39.925799086758,8322.374429223762,115.58853373921892,0
1681,32,0,0,152,0.0,0.0,1.0,152,4550,3400,1150,0.7472527472527473,57,34,23,219.0792216368484,0.3979373620309051,0.7217337720959491,0.1430167112352743,1082841.7976676058,12495.627637773228,1095337.425305379,1680,6,902.1644736842105,73,79,37,34.151459607164135,0.63712899543379,39.85078828828831,8324.77477477482,114.03801061335369,0
1682,32,0,1,151,0.0,0.006578947368421052,0.993421052631579,152,3400,2300,1100,0.6764705882352942,45,23,22,224.12419206397672,0.3980934849541071,0.7252109645377314,0.14661979268542863,1083449.6790123482,14765.456790123591,1098215.1358024718,1681,7,903.1644736842105,74,78,38,33.94556824651296,0.6373873873873874,39.777777777777786,8327.11111111113,112.52852852852878,0
1683,32,0,0,151,0.0,0.0,1.0,151,3950,3000,950,0.759493670886076,49,30,19,223.98873495958742,0.39816961000735834,0.7238776769927702,0.1467752269455683,1083927.566655126,14407.512888581183,1098335.0795437072,1682,8,908.5165562913908,75,76,39,33.89042478497454,0.6375,39.72039473684211,8328.947368421062,111.0526315789475,0
1684,32,1,0,152,0.006578947368421052,0.0,1.0,152,4450,3200,1250,0.7191011235955056,57,32,25,234.7038403073299,0.3993043453003369,0.7379675567059241,0.14639265859137301,1069555.4129573654,15355.752568517186,1084911.1655258825,1683,0,903.5328947368421,62,90,41,35.383492144699545,0.6271841397849462,41.45171957671958,8273.544973544986,133.4442737668546,8
1685,32,1,0,153,0.006535947712418301,0.0,1.0,153,3250,2100,1150,0.6461538461538462,44,21,23,234.06183422537055,0.40036083877995643,0.7388552051147506,0.14668844144931642,1070959.6318211735,16284.155161078383,1087243.7869822518,1684,0,898.6209150326797,64,89,43,35.226451519656415,0.6276041666666667,41.28205128205129,8278.974358974383,129.35897435897473,0
1686,32,0,0,153,0.0,0.0,1.0,153,4600,3600,1000,0.782608695652174,56,36,20,235.7661956338015,0.4005686704506364,0.7417758419200595,0.14829032678649412,1072021.3017751498,15349.276791584569,1087370.5785667344,1685,1,899.6209150326797,64,89,43,35.05112885917123,0.62890625,41.15384615384616,8283.076923076938,129.42307692307716,0
1687,32,1,0,154,0.006493506493506494,0.0,1.0,154,3450,2600,850,0.7536231884057971,43,26,17,234.9722327339902,0.40143026907732793,0.7436107622493351,0.14844150265891373,1073311.4627422618,16189.678163906983,1089501.1409061688,1686,0,894.7727272727273,66,88,35,34.91230966244472,0.6292613636363636,40.99813432835822,8288.05970149256,125.57666214382668,0
1688,32,0,1,153,0.0,0.006493506493506494,0.9935064935064936,154,5000,3200,1800,0.64,68,32,36,252.17335136218017,0.4018201977760801,0.7503764761829292,0.1521186955737741,1059579.8980933533,17639.562787639334,1077219.4608809927,1687,1,895.7727272727273,64,90,36,36.170833852285476,0.6136067708333333,42.66025641025639,8234.871794871746,128.66987179487103,8
1689,32,0,1,152,0.0,0.006535947712418301,0.9934640522875817,153,4350,3300,1050,0.7586206896551724,54,33,21,251.88789428635366,0.4012727898176815,0.7491542898916637,0.15232869808595423,1060336.39328234,18467.180267814932,1078803.573550155,1688,2,902.6078431372549,66,87,35,36.08401779603012,0.6133207070707071,42.56840796019899,8237.810945273597,124.81531735263026,0
1690,32,0,0,152,0.0,0.0,1.0,152,3750,2800,950,0.7466666666666667,47,28,19,251.59060257520338,0.40163257377715816,0.7483128997617476,0.15252396754027175,1061076.7230452208,19241.38642589375,1080318.1094711146,1689,3,903.578947368421,67,85,34,35.999556342077625,0.6136504975124378,42.47855392156862,8240.686274509786,122.99531752999681,0
1691,32,2,0,154,0.012987012987012988,0.0,1.0,154,4200,3200,1000,0.7619047619047619,52,32,20,243.9789241822719,0.40366196983844044,0.7445041675172275,0.14912757787974634,1063535.4246158376,16896.045745501753,1080431.4703613394,1690,0,892.8311688311688,72,82,39,35.89010958600843,0.6140046296296297,42.180365296803664,8250.228310502313,114.58650431253211,0
1692,32,0,0,154,0.0,0.0,1.0,154,4050,2900,1150,0.7160493827160493,52,29,23,242.0618377301036,0.40403509888804007,0.742327762676599,0.14869512889134986,1065024.0000000042,16710.33333333352,1081734.3333333377,1691,1,893.8311688311688,74,80,34,35.75480458656334,0.6148648648648649,42.000000000000014,8256.000000000033,111.567567567568,0
1693,32,0,0,154,0.0,0.0,1.0,154,4150,2900,1250,0.6987951807228916,54,29,25,243.92071999613128,0.4041650751209575,0.7453299844809269,0.15032323441622109,1065989.2055996,17053.370907591932,1083042.5765071919,1692,2,894.8311688311688,76,78,34,35.587111285814125,0.6151315789473684,41.8831168831169,8259.740259740296,108.68079289131968,0
1694,32,0,0,154,0.0,0.0,1.0,154,4100,2800,1300,0.6829268292682927,54,28,26,246.6986705841194,0.40410760263701445,0.7483746084283915,0.15249889688026091,1066894.7695229815,17740.304258894328,1084635.073781876,1693,3,895.8311688311688,77,77,36,35.40309095297201,0.6158008658008658,41.773504273504294,8263.247863247916,107.314907314908,0
1695,32,0,0,154,0.0,0.0,1.0,154,4000,2500,1500,0.625,55,25,30,252.3413111342339,0.40390247007894065,0.755184331797234,0.1564516129032258,1067777.7777777833,19088.88888888918,1086866.6666666726,1694,4,896.8311688311688,77,77,36,35.14784946236563,0.6168831168831168,41.666666666666686,8266.66666666671,107.35930735930792,0
1696,32,2,1,155,0.01282051282051282,0.00641025641025641,0.9935897435897436,156,3950,2900,1050,0.7341772151898734,50,29,21,246.73700875105555,0.4053668665563827,0.753301493493564,0.15407795198311486,1069900.4097236833,17646.805351350187,1087547.2150750335,1695,0,886.3205128205128,68,88,36,35.02965244127891,0.6239276960784313,41.41002415458938,8274.87922705316,121.68940039784059,0
1697,32,0,0,155,0.0,0.0,1.0,155,3800,2600,1200,0.6842105263157895,50,26,24,248.996236363162,0.40478634268956853,0.7554894112927097,0.15577256209677676,1070438.74726668,18507.04386534048,1088945.7911320205,1696,1,892.9806451612903,67,88,40,34.90456272825979,0.6251554726368159,41.34497549019609,8276.960784313755,123.53672812408588,0
1698,32,3,0,158,0.0189873417721519,0.0,1.0,158,4700,3100,1600,0.6595744680851063,63,31,32,241.81237684018964,0.40764415195248466,0.7533739241638022,0.15237585549056515,1072567.0867626928,15571.999314129145,1088139.086076822,1697,0,877.006329113924,71,87,38,34.82714945611682,0.6255868544600939,41.087962962962976,8285.185185185219,116.69274908711576,0
1699,32,0,1,157,0.0,0.006329113924050633,0.9936708860759493,158,4350,3100,1250,0.7126436781609196,56,31,25,240.48541975037477,0.40810774946921446,0.7523998266968532,0.1522913195826244,1074018.5952648907,15707.16254039707,1089725.7578052878,1698,1,878.006329113924,75,83,34,34.68216023911549,0.6254166666666667,40.912828947368425,8290.789473684223,110.54385964912296,0
1700,32,0,0,157,0.0,0.0,1.0,157,3850,3200,650,0.8311688311688312,45,32,13,240.48059760970852,0.4074119440361479,0.7521017812034667,0.1526201532456837,1074655.907284268,16436.77896170492,1091092.6862459728,1699,2,884.5923566878981,78,79,37,34.60357839396253,0.6248664529914529,40.83597046413502,8293.248945147685,106.32370442497032,0
1701,32,1,0,158,0.006329113924050633,0.0,1.0,158,4600,2900,1700,0.6304347826086957,63,29,34,238.47325198020724,0.4084100956757774,0.7526063919624233,0.15181115355771882,1075552.509885857,15098.100941590861,1090650.610827448,1700,0,879.9873417721519,80,78,39,34.5449341137179,0.6251302083333333,40.72788065843621,8296.70781893004,103.70884773662549,0
1702,32,0,0,158,0.0,0.0,1.0,158,4700,3400,1300,0.723404255319149,60,34,26,237.53655882792702,0.4082715203311027,0.7525360427486496,0.15180085830758994,1076680.738396177,14850.207510987686,1091530.9459071648,1701,1,880.9873417721519,62,96,39,34.43004121783841,0.6359206989247312,40.5919312169312,8301.058201058166,133.88803550093814,0
1703,32,0,0,158,0.0,0.0,1.0,158,4600,3300,1300,0.717391304347826,59,33,26,264.6147788086117,0.4079305409981456,0.773721917339012,0.15822190872597566,1056915.0236687788,19735.067041522325,1076650.0907103012,1702,2,881.9873417721519,67,91,34,36.18304724440736,0.6085199004975124,42.984068627450974,8224.50980392155,122.7538776704709,8
1704,32,1,1,158,0.006289308176100629,0.006289308176100629,0.9937106918238994,159,3350,2300,1050,0.6865671641791045,44,23,21,260.8138598784247,0.4091002574105034,0.7722814053692166,0.15662234154878005,1058217.8945149728,20049.57873217368,1078267.4732471465,1703,0,877.433962264151,70,89,37,36.118242151101974,0.6084821428571429,42.8257042253521,8229.577464788697,117.56539235412424,0
1705,32,0,0,158,0.0,0.0,1.0,158,4800,3500,1300,0.7291666666666666,61,35,26,261.0672371619344,0.4085612687790588,0.7722161328854269,0.15721747403080788,1059069.6790123407,18897.67901234545,1077967.358024686,1704,1,883.8037974683544,74,84,37,36.005542359461586,0.607545045045045,42.72222222222221,8232.88888888885,111.25525525525474,0
1706,32,2,0,160,0.0125,0.0,1.0,160,5200,3900,1300,0.75,65,39,26,250.6386913846549,0.4105476939203354,0.7640177860163009,0.1521075792006757,1061394.2494707135,16005.293146107317,1077399.542616821,1705,0,873.74375,65,95,36,35.98457575014809,0.6152243589743589,42.44002525252524,8241.919191919162,126.79875679875633,0
1707,32,1,0,161,0.006211180124223602,0.0,1.0,161,5850,4400,1450,0.7521367521367521,73,44,29,249.32803131477928,0.4117737448240166,0.7635506488546153,0.1522086569431481,1063165.2175371645,14965.378130177969,1078130.5956673424,1706,0,869.3105590062112,68,93,41,35.79819424109321,0.615655637254902,42.22524154589372,8248.792270531394,121.30576868428521,0
1708,32,1,0,162,0.006172839506172839,0.0,1.0,162,3750,2500,1250,0.6666666666666666,50,25,25,248.10062319829254,0.4126648646576183,0.763525253929926,0.1519551482431912,1064142.3797086116,16652.877515484142,1080795.2572240958,1707,0,864.9382716049382,70,92,43,35.70846133424356,0.6157738095238094,42.10680751173709,8252.582159624413,117.89403085177733,0
1709,32,0,0,162,0.0,0.0,1.0,162,4750,3700,1050,0.7789473684210526,58,37,21,246.32821591598207,0.4126033599161618,0.7633005439623954,0.15142168239477027,1065232.3482168443,15329.35677444949,1080561.7049912938,1708,1,865.9382716049382,70,92,33,35.61887568469131,0.6171130952380952,41.97476525821596,8256.80751173709,117.95439302481557,0
1710,32,0,1,161,0.0,0.006172839506172839,0.9938271604938271,162,3250,2200,1050,0.676923076923077,43,22,21,246.87594944752956,0.4125586291951026,0.7638867266825946,0.15226434725172022,1066223.5598047401,16994.990730023943,1083218.550534764,1709,2,866.9382716049382,71,91,35,35.48175988716397,0.6178110328638498,41.85474537037037,8260.64814814814,116.347157016171,0
1711,32,0,1,160,0.0,0.006211180124223602,0.9937888198757764,161,5250,3700,1550,0.7047619047619048,68,37,31,244.09178983919023,0.41145671583850935,0.7604875869060717,0.15097652811037832,1067070.1325034932,14642.611705344003,1081712.7442088372,1710,3,873.304347826087,72,89,38,35.44866836114489,0.6183449074074074,41.75228310502283,8263.926940639276,114.77676306443439,0
1712,32,0,0,160,0.0,0.0,1.0,160,4650,3700,950,0.7956989247311828,56,37,19,245.3153213097091,0.41067872117400417,0.7622386518826811,0.15216674851873394,1067916.67118309,15745.264264655223,1083661.9354477453,1711,4,879.73125,61,99,40,35.31214096811256,0.625853825136612,41.64986559139787,8267.20430107531,135.52793936189033,0
1713,32,2,0,162,0.012345679012345678,0.0,1.0,162,4350,3100,1250,0.7126436781609196,56,31,25,237.86672747280662,0.4129396390869821,0.758072682486655,0.14923461852260028,1071278.9069281723,14214.321560330116,1085493.2284885026,1712,0,869.858024691358,63,99,35,35.08853314882377,0.6286375661375662,41.24348958333335,8280.208333333365,131.43187830687882,0
1714,32,1,0,163,0.006134969325153374,0.0,1.0,163,4300,3200,1100,0.7441860465116279,54,32,22,233.42107232601495,0.41323152566335936,0.7548981754250483,0.14700936824405486,1072409.6557015944,13164.602361327874,1085574.2580629224,1713,0,865.5153374233129,66,97,39,35.06385619345023,0.6281565656565656,41.106965174129364,8284.577114427882,125.52389567314974,0
1715,32,0,0,163,0.0,0.0,1.0,163,3700,2400,1300,0.6486486486486487,50,24,26,234.4777825163866,0.41311160342346437,0.7554235291641458,0.1480239503817048,1073103.0282823977,14023.763696655453,1087126.791979053,1714,1,866.5153374233129,67,96,30,34.95085571197601,0.6284203980099503,41.02328431372551,8287.254901960834,123.69037167105722,0
1716,32,0,1,162,0.0,0.006134969325153374,0.9938650306748467,163,4500,3300,1200,0.7333333333333333,57,33,24,233.15329649147793,0.413020083819334,0.7555394583906876,0.14779389704427104,1074307.5715703005,12995.67035147431,1087303.2419217748,1715,2,867.5153374233129,69,94,35,34.83646078600282,0.6287741545893719,40.87797619047621,8291.904761904807,120.17253278122908,0
1717,32,0,1,161,0.0,0.006172839506172839,0.9938271604938271,162,4400,3100,1300,0.7045454545454546,57,31,26,232.9121907341723,0.4129140786749483,0.7542971696240706,0.14782794146597558,1074677.7777777847,13261.111111111506,1087938.8888888962,1716,4,873.858024691358,69,93,37,34.79702572347268,0.6292270531400966,40.83333333333336,8293.333333333389,120.19323671497665,0
1718,32,0,0,161,0.0,0.0,1.0,161,3700,2400,1300,0.6486486486486487,50,24,26,227.01179604690756,0.41296745600414075,0.7442370819592525,0.14369612656989825,1073890.5802132853,12857.165874414772,1086747.7460877001,1717,5,877.7142857142857,78,83,33,35.04703616992398,0.6239316239316239,40.92827004219409,8290.295358649792,106.28583793140758,8
1719,32,0,1,160,0.0,0.006211180124223602,0.9937888198757764,161,3950,2300,1650,0.5822784810126582,56,23,33,226.3203848311129,0.41280570652173915,0.7435892596085742,0.14366485660623451,1074719.9191123038,12496.205135831999,1087216.1242481358,1718,6,878.7142857142857,81,80,34,34.96266705878509,0.6237139917695473,40.82825203252033,8293.495934959372,102.38883870320213,0
1720,32,0,0,160,0.0,0.0,1.0,160,3900,3000,900,0.7692307692307693,48,30,18,225.94276131691254,0.41172038784067083,0.7436348660036234,0.1438913479325906,1075668.317573045,12707.893986714573,1088376.2115597595,1719,7,884.7625,81,79,35,34.85554153805956,0.6248713991769548,40.71392276422766,8297.154471544765,102.43400582154031,0
1721,32,0,0,160,0.0,0.0,1.0,160,4100,3000,1100,0.7317073170731707,52,30,22,230.16076100537094,0.4119071016771489,0.7477694050733019,0.1472795932334482,1077061.3370128018,13479.451395265605,1090540.7884080673,1720,8,885.7625,65,95,34,34.57447482612487,0.6344551282051283,40.54608585858585,8302.525252525229,127.73115773115737,0
1722,32,0,0,160,0.0,0.0,1.0,160,5300,3600,1700,0.6792452830188679,70,36,34,227.93376753517876,0.4117269392033543,0.744979704631239,0.14604385850017898,1077438.8358270815,11816.938627756608,1089255.7744548381,1721,9,886.7625,66,94,36,34.58575479799494,0.6343118686868687,40.50062189054726,8303.980099502473,125.817880295492,0
1723,32,0,1,159,0.0,0.00625,0.99375,160,4450,2800,1650,0.6292134831460674,61,28,33,201.23652414603342,0.41158608490566034,0.7159611932992489,0.12645026428397102,1071737.8992167916,6684.561926792099,1078422.4611435838,1722,10,887.7625,73,87,42,35.97982160339393,0.6235730593607306,41.18806306306309,8281.98198198204,113.45180797235672,8
1724,32,1,0,160,0.00625,0.0,1.0,160,4550,3700,850,0.8131868131868132,54,37,17,197.3581853808633,0.41290536556603774,0.7107827053344595,0.12464172028599,1073223.2994767714,5811.880578640041,1079035.1800554115,1723,0,881.6625,75,85,38,35.897368049675414,0.6244444444444445,41.00877192982459,8287.719298245687,110.50292397660917,0
1725,32,2,0,162,0.012345679012345678,0.0,1.0,162,4650,3300,1350,0.7096774193548387,60,33,27,204.00544335114202,0.4139213186616568,0.7217217785515728,0.1267943500065987,1068505.6012916293,6546.191782935401,1075051.7930745645,1724,0,871.7654320987655,70,92,37,36.306702055183365,0.6211309523809524,41.57863849765258,8269.483568075106,118.13547954393009,8
1726,32,1,1,162,0.006134969325153374,0.006134969325153374,0.9938650306748467,163,3800,2900,900,0.7631578947368421,47,29,18,201.20022302867207,0.41425244262667577,0.7198698108227131,0.1256043166675328,1069811.924645279,6649.279567472728,1076461.2042127517,1725,0,867.4110429447853,71,92,40,36.218096663496134,0.622212441314554,41.4207175925926,8274.53703703706,116.54277516953606,0
1727,32,0,1,161,0.0,0.006172839506172839,0.9938271604938271,162,4750,3700,1050,0.7789473684210526,58,37,21,197.53988083476563,0.4130498683638781,0.7133514367067744,0.12395976826650536,1071340.0030864275,5176.475308642401,1076516.47839507,1726,1,873.7530864197531,74,88,39,36.12449233356592,0.6226069819819819,41.236111111111136,8280.444444444505,111.89789789789872,0
1728,32,1,0,162,0.006172839506172839,0.0,1.0,162,5000,4200,800,0.84,58,42,16,195.48099446740747,0.412924462592337,0.7110264295583166,0.12330437484460183,1072862.1635072043,4544.832529768866,1077406.996036973,1727,0,874.3641975308642,77,85,44,35.99041602200446,0.6231060606060606,41.052350427350454,8286.324786324854,107.6146076146085,0
1729,32,0,0,162,0.0,0.0,1.0,162,3700,2500,1200,0.6756756756756757,49,25,24,195.85046257167852,0.41321441351634586,0.7118720938004242,0.12377060024691204,1073415.541789949,5945.786078238406,1079361.3278681873,1728,1,875.3641975308642,77,85,39,35.91276746584172,0.6237824675324675,40.98557692307695,8288.461538461603,107.64235764235848,0
1730,32,0,0,162,0.0,0.0,1.0,162,5150,3800,1350,0.7378640776699029,65,38,27,193.08224558077296,0.4133565933082841,0.708917021463646,0.12276833596759386,1075202.736384841,3970.5117591554763,1079173.2481439963,1729,2,876.3641975308642,78,84,42,35.764771956595425,0.625534188034188,40.77004219409283,8295.358649789046,106.35075192037239,0
1731,32,0,0,162,0.0,0.0,1.0,162,3700,2800,900,0.7567567567567568,46,28,18,211.8931442539779,0.41367210464432685,0.7251880512149298,0.1291571035316881,1062705.4683504943,8936.00062093625,1071641.4689714306,1730,3,877.3641975308642,77,85,41,36.82009361937337,0.6106601731601732,42.28098290598289,8247.0085470085,107.10400710400648,8
1732,32,0,0,162,0.0,0.0,1.0,162,3400,2300,1100,0.6764705882352942,45,23,22,208.7452470528054,0.4139452815479385,0.7207434179951926,0.12754334594926348,1063422.172372656,8596.864818671933,1072019.037191328,1731,4,878.3641975308642,78,84,42,36.8125170485543,0.6111111111111112,42.194092827004205,8249.789029535825,105.76652601969006,0
1733,32,0,0,162,0.0,0.0,1.0,162,4450,3200,1250,0.7191011235955056,57,32,25,211.57894910604574,0.4139948048462541,0.7233647022903771,0.1296891015669572,1064378.5669528656,8190.019729377045,1072568.5866822426,1732,5,879.3641975308642,80,82,33,36.62110673447678,0.6114583333333333,42.07818930041151,8253.497942386799,103.16872427983499,0
1734,32,0,0,162,0.0,0.0,1.0,162,4500,3400,1100,0.7555555555555555,56,34,22,212.10673449851683,0.4143039260792884,0.7236200985442041,0.13044275197906022,1065363.8319824468,8294.168690924509,1073658.0006733714,1733,6,880.3641975308642,81,81,34,36.4856147130737,0.6122685185185186,41.95884146341462,8257.3170731707,101.94218608852715,0
1735,32,1,1,162,0.006134969325153374,0.006134969325153374,0.9938650306748467,163,3750,2900,850,0.7733333333333333,46,29,17,208.61485464088224,0.4150051124744376,0.7211643918994881,0.12872526443657892,1066359.9480968805,8141.705113417656,1074501.6532102982,1734,0,875.9570552147239,84,79,36,36.452597392322524,0.6123511904761905,41.83823529411763,8261.176470588192,98.34733893557372,0
1736,32,1,0,163,0.006134969325153374,0.0,1.0,163,4850,3700,1150,0.7628865979381443,60,37,23,208.11654526534824,0.41533332070993967,0.7196220067286758,0.12903225806451613,1067777.7777777796,6994.44444444452,1074772.222222224,1735,0,876.8957055214723,82,81,39,36.29032258064517,0.6148373983739837,41.66666666666667,8266.66666666668,100.81300813008147,0
1737,32,0,0,163,0.0,0.0,1.0,163,4250,2900,1350,0.6823529411764706,56,29,27,204.9901914658991,0.41502246964073825,0.7148612045476788,0.12752646069541004,1068784.508465932,6968.068205244113,1075752.5766711761,1736,1,877.8957055214723,76,87,39,36.24683765157466,0.6185581140350878,41.544913419913456,8270.562770562858,108.82319434951128,0
1738,32,0,0,163,0.0,0.0,1.0,163,4550,2800,1750,0.6153846153846154,63,28,35,203.60163859372778,0.4148504759019415,0.7115180426917722,0.12710861178349186,1069823.8959418505,6413.57964409771,1076237.4755859482,1737,2,878.8957055214723,79,84,40,36.15452481662387,0.618539029535865,41.419270833333364,8274.583333333414,104.74156118143561,0
1739,32,1,0,164,0.006097560975609756,0.0,1.0,164,4300,3300,1000,0.7674418604651163,53,33,20,199.007511744555,0.4152280038904683,0.7081594166457099,0.1248854902722313,1071351.2232302323,5541.388227907265,1076892.6114581395,1738,0,874.530487804878,81,83,40,36.0851333660612,0.6195987654320987,41.23475609756101,8280.487804878143,102.22824450466842,0
1740,32,1,0,165,0.006060606060606061,0.0,1.0,165,3900,2700,1200,0.6923076923076923,51,27,24,197.82434432777882,0.41577974870657797,0.7091109868204022,0.12477696703420911,1072849.1445597953,5547.135717032452,1078396.2802768277,1739,0,870.2242424242424,84,81,45,35.93133775043384,0.6202876984126984,41.05392156862748,8286.274509804003,98.64612511671433,0
1741,32,1,2,164,0.006024096385542169,0.012048192771084338,0.9879518072289156,166,4700,3600,1100,0.7659574468085106,58,36,22,200.72237975547404,0.4166925276865036,0.7169902152774079,0.1274497769141741,1074798.3237936515,5247.2154618116165,1080045.539255463,1740,0,865.9759036144578,85,81,39,35.61645169330467,0.6223039215686275,40.81879844961243,8293.798449612475,97.5740994072056,0
1742,32,0,0,164,0.0,0.0,1.0,164,3900,2900,1000,0.7435897435897436,49,29,20,194.02665025341014,0.4157719836400818,0.7125169554423758,0.1186825402384471,1063755.5986582006,4579.3870991925605,1068334.985757393,1741,1,877.4268292682926,76,88,47,37.150773871983205,0.612390350877193,42.15367965367967,8251.082251082287,108.56687172476694,8
1743,32,0,0,164,0.0,0.0,1.0,164,4250,3200,1050,0.7529411764705882,53,32,21,195.3646382511676,0.4157314579280762,0.7139205257691335,0.11985884562977085,1064648.7603305832,4548.943985307882,1069197.704315891,1742,2,878.4268292682926,76,88,37,37.005934899657376,0.6134868421052632,42.04545454545456,8254.545454545492,108.61244019138806,0
1744,32,0,2,162,0.0,0.012195121951219513,0.9878048780487805,164,4950,3400,1550,0.6868686868686869,65,34,31,191.98848302997553,0.415311393336326,0.7095117349045488,0.11827408032705596,1065877.46961733,3177.2396975322536,1069054.7093148623,1743,3,879.4268292682926,76,88,40,36.94135786292084,0.6149945175438596,41.89664502164504,8259.30735930741,108.67509683299222,0
1745,32,1,1,162,0.006134969325153374,0.006134969325153374,0.9938650306748467,163,4750,3400,1350,0.7157894736842105,61,34,27,188.78648751607057,0.4150808528364766,0.7029269425366009,0.11671282848899969,1066927.4670189202,2934.297786584171,1069861.7648055044,1744,0,884.5950920245399,80,83,44,36.894505312085,0.6145833333333333,41.76954732510289,8263.374485596738,103.29218106995923,0
1746,32,2,0,164,0.012195121951219513,0.0,1.0,164,4400,3200,1200,0.7272727272727273,56,32,24,214.69596520359713,0.4162964798743079,0.7361867074641799,0.12209912490760758,1041520.7562126943,7522.060806932912,1049042.8170196272,1745,0,880.1585365853658,87,77,38,39.38499427793759,0.5806992337164751,44.86268939393939,8164.393939393933,93.84360849878084,8
1747,32,4,0,168,0.023809523809523808,0.0,1.0,168,4500,3200,1300,0.7111111111111111,58,32,26,207.98102174587774,0.4211220416310237,0.7360662379554404,0.11932635414827521,1044256.901234576,5337.123456790601,1049594.0246913666,1746,0,860.1785714285714,74,94,43,39.21444039723103,0.5892454954954955,44.52777777777781,8175.111111111175,110.47447447447534,0
1748,32,4,1,171,0.023255813953488372,0.005813953488372093,0.9941860465116279,172,5050,3700,1350,0.7326732673267327,64,37,27,204.29078334083763,0.4243902715444943,0.7366839070515641,0.11826985629266491,1047042.6679537401,3330.233365510225,1050372.9013192502,1747,0,841.1511627906976,80,92,46,38.96122394262347,0.5901041666666667,44.18724279835393,8186.008230452729,102.3251028806591,0
1749,32,3,3,171,0.017241379310344827,0.017241379310344827,0.9827586206896551,174,4700,3600,1100,0.7659574468085106,58,36,22,203.01025792570644,0.42638086062941555,0.7403675452849465,0.11852607635225841,1049643.4286049914,3117.6766342248475,1052761.1052392162,1748,0,832.3965517241379,86,88,38,38.67002461979559,0.5910852713178294,43.86973180076631,8196.16858237555,95.30428584157617,0
1750,32,2,2,171,0.011560693641618497,0.011560693641618497,0.9884393063583815,173,5350,3900,1450,0.7289719626168224,68,39,29,203.25203252032358,0.42558223551552626,0.741247239061984,0.11904761904761911,1050625.0000000098,2758.333333333809,1053383.3333333435,1749,0,838.179190751445,86,87,42,38.54166666666669,0.592296511627907,43.75000000000003,8200.000000000076,95.34883720930321,0
1751,32,3,0,174,0.017241379310344827,0.0,1.0,174,4650,3700,950,0.7956989247311828,56,37,19,199.0006052324443,0.4253745598299116,0.737827947611065,0.11739809832295894,1052822.5765306077,2452.4659863942697,1055275.042517002,1750,0,834.3103448275862,69,105,44,38.37742197470706,0.6023550724637681,43.48214285714284,8208.571428571391,118.96480331262886,0
1752,32,2,0,176,0.011363636363636364,0.0,1.0,176,4250,2800,1450,0.6588235294117647,57,28,29,198.19866157710874,0.42754261363636364,0.738694782819582,0.11765715993919161,1054724.3105074891,2358.989335084342,1057083.2998425735,1751,0,825.8181818181819,72,104,44,38.16183145297243,0.6031539351851851,43.250570776255685,8215.981735159767,114.11085743277454,0
1753,32,3,0,179,0.01675977653631285,0.0,1.0,179,5250,4000,1250,0.7619047619047619,65,40,25,196.14556093010344,0.43006821082585317,0.7404087780737163,0.11758015319143265,1057683.6914062407,441.9921874995548,1058125.6835937402,1752,0,812.9608938547486,79,100,44,37.84753874202365,0.6036392405063291,42.89062499999997,8227.499999999927,104.14556962025225,0
1754,32,0,1,178,0.0,0.00558659217877095,0.994413407821229,179,5050,3600,1450,0.7128712871287128,65,36,29,176.88288886226272,0.4302826773795326,0.7146350949139846,0.10154464731583746,1044441.4171006961,-3901.2369791666406,1040540.1801215295,1753,1,813.9608938547486,79,100,42,39.98594264940711,0.587289029535865,44.505208333333336,8175.833333333347,103.49156118143476,8
1755,32,3,0,181,0.016574585635359115,0.0,1.0,181,5300,3900,1400,0.7358490566037735,67,39,28,179.73604555641043,0.43135870677307137,0.7221964985713432,0.10394496618727724,1046717.9964839286,-3873.409299849943,1042844.5871840786,1754,0,805.9337016574585,82,99,48,39.62974321229969,0.5889227642276422,44.22690763052209,8184.738955823301,99.81388970516221,0
1756,32,0,1,180,0.0,0.0055248618784530384,0.994475138121547,181,4600,3200,1400,0.6956521739130435,60,32,28,178.09322604355535,0.4310837425823613,0.7206845634529115,0.10331610119226249,1047678.1605292613,-3483.123307193013,1044195.0372220683,1755,1,806.9337016574585,83,98,40,39.55238874081259,0.5897339357429718,44.10962301587303,8188.492063492089,98.65653088544686,0
1757,32,2,1,181,0.01098901098901099,0.005494505494505495,0.9945054945054945,182,4150,2800,1350,0.6746987951807228,55,28,27,181.81715069457107,0.431743670693947,0.7283343937611295,0.10625722274321452,1049945.659094502,-2370.3743758606233,1047575.2847186413,1756,0,803.4560439560439,87,95,44,39.17530189609229,0.5911159003831418,43.832859848484865,8197.348484848531,94.22239637756932,0
1758,32,2,0,183,0.01092896174863388,0.0,1.0,183,4150,3300,850,0.7951807228915663,50,33,17,180.5946283634898,0.4321581196581197,0.7281652514216217,0.106216698599966,1051895.0908256164,-2756.679398993921,1049138.4114266224,1757,0,800.0437158469946,73,110,43,38.964623936316244,0.5991723744292237,43.59515765765764,8204.954954954903,112.39664321856031,0
1759,32,2,0,185,0.010810810810810811,0.0,1.0,185,5100,3600,1500,0.7058823529411765,66,36,30,192.5868855205382,0.4330738347042695,0.7391720237642847,0.11139363714937271,1046764.4656242153,-1781.3783383723085,1044983.087285843,1758,0,792.3837837837838,83,102,45,39.29526649212967,0.5886044176706827,44.221230158730165,8184.920634920656,98.61350162555007,8
1760,32,3,2,186,0.015957446808510637,0.010638297872340425,0.9893617021276596,188,5200,3900,1300,0.75,65,39,26,191.11305670185473,0.4344321263321576,0.7419874647988458,0.11133763882353416,1048975.553206067,-2705.4151242539147,1046270.1380818131,1759,0,780.7234042553191,87,101,36,39.057804770930595,0.5899185823754789,43.95123106060606,8193.560606060611,94.17885754092657,0
1761,32,2,0,188,0.010638297872340425,0.0,1.0,188,4400,2800,1600,0.6363636363636364,60,28,32,193.66779033643962,0.43418086528615313,0.7482701954679125,0.11343399148277204,1050625.0000000023,-1305.555555555431,1049319.4444444468,1760,0,781.7127659574468,91,97,42,38.787262872628745,0.5906593406593407,43.75000000000001,8200.000000000018,90.10989010989032,0
1762,32,3,0,191,0.015706806282722512,0.0,1.0,191,5250,4200,1050,0.8,63,42,21,186.04411264376242,0.4360912096996418,0.7408218840248095,0.10977104112592878,1052868.3837890625,-4274.007161458377,1048594.376627604,1761,0,770.4188481675393,79,112,42,38.704094969798504,0.5977056962025317,43.4765625,8208.75,103.90822784810126,0
1763,32,2,0,193,0.010362694300518135,0.0,1.0,193,5550,3800,1750,0.6846846846846847,73,38,35,184.62056297867164,0.43709970495106504,0.7418164403008862,0.10987592023471088,1055497.399589122,-5176.695173066353,1050320.7044160557,1762,0,763.4248704663213,85,108,41,38.41463294820407,0.5986519607843137,43.15649224806203,8218.992248062053,96.69402644778886,0
1764,32,1,2,192,0.005154639175257732,0.010309278350515464,0.9896907216494846,194,4150,3000,1150,0.7228915662650602,53,30,23,187.09507388189974,0.43750778982604205,0.7475048203817256,0.1118808961497582,1056943.6575449181,-3400.209660525316,1053543.447884393,1763,0,760.4845360824743,87,107,37,38.17188051704815,0.5997365900383143,42.980587121212146,8224.621212121281,94.53587600139403,0
1765,32,1,3,190,0.0051813471502590676,0.015544041450777202,0.9844559585492227,193,4900,3600,1300,0.7346938775510204,62,36,26,195.656016195345,0.43713793537708695,0.7489239923404749,0.11533976203338837,1052597.0784023665,-2310.6097961868427,1050286.4686061796,1764,0,765.4145077720207,77,116,41,38.49122669998954,0.5982142857142857,43.50961538461538,8207.692307692303,106.59340659340653,8
1766,32,2,1,191,0.010416666666666666,0.005208333333333333,0.9947916666666666,192,5850,4300,1550,0.7350427350427351,74,43,31,193.3229913050985,0.4369330370127981,0.742350755731386,0.11466775260443164,1054472.2656249956,-3479.253472222479,1050993.012152773,1765,0,770.3177083333334,79,113,42,38.31828633258946,0.5996835443037974,43.281249999999986,8214.999999999965,103.98734177215147,0
1767,32,1,0,192,0.005208333333333333,0.0,1.0,192,6100,4300,1800,0.7049180327868853,79,43,36,202.68648228917743,0.437184704952007,0.7525097887899217,0.12118355783866011,1056891.5841333135,-1656.4725301965345,1055235.111603117,1766,0,771.2708333333334,85,107,38,37.77761086761863,0.6003676470588235,42.98691860465116,8224.41860465115,96.75786593707235,0
1768,32,0,0,192,0.0,0.0,1.0,192,6150,4600,1550,0.7479674796747967,77,46,31,206.78840496427156,0.4373608156995346,0.7584923682214633,0.12425964449247678,1058413.2566910759,-776.4821711623354,1057636.7745199136,1767,1,772.2708333333334,88,104,39,37.48340917709519,0.6012073863636364,42.801966292134836,8230.337078651697,93.5265577119511,0
1769,32,1,0,193,0.0051813471502590676,0.0,1.0,193,6050,4100,1950,0.6776859504132231,80,41,39,208.15649696114139,0.4373954285405872,0.7617300539634086,0.1260445119789819,1060723.9389290612,-490.68412594083384,1060233.2548031204,1768,0,769.2642487046633,77,116,39,37.16178250345781,0.6082251082251082,42.5213675213675,8239.316239316193,107.0041070041064,0
1770,32,1,0,194,0.005154639175257732,0.0,1.0,194,5100,3500,1600,0.6862745098039216,67,35,32,207.2385468533219,0.4377008662286559,0.7635074881864166,0.12628279924017646,1062617.3611111068,143.05555555530736,1062760.416666662,1769,0,766.2938144329897,79,115,42,36.95095661546748,0.609704641350211,42.29166666666665,8246.666666666631,104.388185654008,0
1771,32,0,1,193,0.0,0.005154639175257732,0.9948453608247423,194,4500,2900,1600,0.6444444444444445,61,29,32,207.61146821753013,0.4375595365276071,0.7632718941997305,0.12687367502182298,1063476.5624999912,857.9861111106238,1064334.5486111017,1770,1,767.2938144329897,79,115,38,36.83501683501682,0.610759493670886,42.18749999999997,8249.99999999993,104.43037974683457,0
1772,32,0,2,191,0.0,0.010362694300518135,0.9896373056994818,193,5450,3900,1550,0.7155963302752294,70,39,31,204.59197368785914,0.4370839630109384,0.7586961448589011,0.1254842982753367,1064564.001487869,-489.74996371076577,1064074.2515241583,1771,2,772.2176165803108,82,111,35,36.778390016056036,0.6108993902439024,42.055722891566234,8254.2168674698,100.66118131060732,0
1773,32,0,1,190,0.0,0.005235602094240838,0.9947643979057592,191,5150,3900,1250,0.7572815533980582,64,39,25,202.76982666798716,0.4366319922843758,0.7547749430669481,0.12489637177983942,1065830.9146864654,-126.33003432910755,1065704.5846521363,1772,3,779.3089005235602,83,108,37,36.66883878665572,0.6120732931726908,41.90228174603171,8259.126984126897,99.50755402562527,0
1774,32,1,1,190,0.005235602094240838,0.005235602094240838,0.9947643979057592,191,4800,2700,2100,0.5625,69,27,42,201.54937302479414,0.43642532378065585,0.754583331184677,0.12466591767512672,1067076.9884058903,13.739596478317253,1067090.7280023687,1773,0,780.1884816753927,85,106,41,36.5464702249738,0.6128676470588235,41.75145348837208,8263.953488372055,97.22298221614183,0
1775,32,0,1,189,0.0,0.005263157894736842,0.9947368421052631,190,5300,3900,1400,0.7358490566037735,67,39,28,202.0268578316106,0.4359202404158544,0.7550369593385582,0.12512990831423418,1067477.4113071596,-168.17855747866815,1067309.232749681,1774,1,785.2736842105263,85,105,43,36.48471082454084,0.6133578431372548,41.70300387596898,8265.503875968965,97.24122207022312,0
1776,32,1,0,190,0.005263157894736842,0.0,1.0,190,5150,3600,1550,0.6990291262135923,67,36,31,200.8186119589942,0.4355814304279217,0.7539146274888047,0.12484570373274384,1068581.6327160555,-231.78395061695392,1068349.8487654387,1775,0,786.1368421052632,74,116,43,36.37967789899858,0.6192286036036037,41.569444444444464,8269.777777777825,111.75375375375438,0
1777,32,0,1,189,0.0,0.005263157894736842,0.9947368421052631,190,5100,3700,1400,0.7254901960784313,65,37,28,201.67797018938228,0.43527046783625734,0.7560003166319416,0.12586787700354501,1069730.5216049443,48.216049383117934,1069778.7376543274,1776,1,787.1368421052632,74,116,43,36.2157794847004,0.6206362612612613,41.43055555555558,8274.22222222227,111.81381381381446,0
1778,32,0,0,189,0.0,0.0,1.0,189,4700,2900,1800,0.6170212765957447,65,29,36,208.41298626672796,0.4348087639311044,0.7606713865940615,0.1306239010981992,1070981.744580507,2141.300725034895,1073123.045305542,1777,2,784.1428571428571,77,112,43,35.88730664670762,0.620806277056277,41.279380341880355,8279.059829059865,107.52025752025799,0
1779,32,1,0,190,0.005263157894736842,0.0,1.0,190,5350,3700,1650,0.6915887850467289,70,37,33,209.71805462977366,0.43476341316253597,0.7641898864809069,0.1324219716376581,1073166.503906259,1662.4782986115592,1074828.9822048706,1778,0,781.0105263157894,79,111,35,35.584255069549215,0.622626582278481,41.01562500000003,8287.500000000071,104.90506329114014,0
1780,32,0,0,190,0.0,0.0,1.0,190,6500,4600,1900,0.7076923076923077,84,46,38,211.58693060756403,0.4341055184256939,0.7670390254347679,0.1342639182371675,1074614.567325176,974.879577302152,1075589.446902478,1779,1,782.0105263157894,81,109,39,35.35748860349981,0.6235853909465021,40.84095528455286,8293.089430894355,102.38382013449821,0
1781,32,0,0,190,0.0,0.0,1.0,190,4150,2600,1550,0.6265060240963856,57,26,31,211.7333906196359,0.43413452613014014,0.7677124183006521,0.13460613060168086,1075156.612897381,3379.311019177493,1078535.9239165585,1780,2,783.0105263157894,82,108,39,35.28695634632458,0.6238567073170731,40.77560240963858,8295.180722891631,101.16074052306868,0
1782,32,0,0,190,0.0,0.0,1.0,190,5300,3600,1700,0.6792452830188679,70,36,34,207.7449855805011,0.4341525109068969,0.7632520100154752,0.13259036842893537,1076303.3258731817,1419.3237827542325,1077722.6496559358,1781,3,784.0105263157894,83,107,39,35.249272850426344,0.6248744979919678,40.63740079365082,8299.60317460324,99.99521897112338,0
1783,32,0,1,189,0.0,0.005263157894736842,0.9947368421052631,190,5500,4400,1100,0.8,66,44,22,205.22502320686195,0.43406954887218047,0.7604755220468,0.13145533804215445,1077353.9470872104,719.9977585951247,1078073.9448458054,1782,4,785.0105263157894,72,118,38,35.18547795802398,0.630931712962963,40.510844748858425,8303.65296803648,115.32851344495111,0
1784,32,0,0,189,0.0,0.0,1.0,189,5250,3700,1550,0.7047619047619048,68,37,31,204.79417178470223,0.43341799879920445,0.759673574179351,0.1318468262977539,1078828.4444444387,1137.5555555552592,1079965.999999994,1783,5,790.005291005291,74,115,38,35.01551133932391,0.6317567567567568,40.333333333333314,8309.333333333288,112.28828828828769,0
1785,32,0,1,188,0.0,0.005291005291005291,0.9947089947089947,189,4550,3100,1450,0.6813186813186813,60,31,29,204.4929401715462,0.43371702502908177,0.7604138257059223,0.13223876797759945,1080114.7959183634,1825.1700680270533,1081939.9659863904,1784,6,791.005291005291,76,113,38,34.865406643757126,0.6324013157894737,40.178571428571416,8314.285714285685,109.39849624060112,0
1786,32,0,0,188,0.0,0.0,1.0,188,5250,3800,1450,0.7238095238095238,67,38,29,211.93276831631357,0.4330626351120719,0.7656735943130779,0.1374518816125361,1080961.4977685395,2968.2325330868425,1083929.7303016263,1785,7,796.0957446808511,75,113,40,34.568129086690575,0.633888888888889,40.0767543859649,8317.543859649086,110.90058479532114,0
1787,32,0,2,186,0.0,0.010638297872340425,0.9893617021276596,188,4950,3700,1250,0.7474747474747475,62,37,25,210.98533836246068,0.433001005044184,0.7655102828095024,0.13732503686967273,1081987.7540445123,3106.710478223961,1085094.4645227361,1786,8,797.0957446808511,75,113,37,34.46679711519879,0.6351388888888889,39.953399122807014,8321.491228070165,110.95321637426886,0
1788,32,0,0,186,0.0,0.0,1.0,186,5150,3300,1850,0.6407766990291263,70,33,37,211.69502057026395,0.43214847912428556,0.7636449331758897,0.1382920732203574,1083041.1723918228,3504.884653586025,1086546.0570454088,1787,9,806.2043010752689,76,110,37,34.31910357737103,0.6359649122807017,39.82683982683983,8325.541125541135,109.54659375712019,0
1789,32,1,1,186,0.0053475935828877,0.0053475935828877,0.9946524064171123,187,5200,3800,1400,0.7307692307692307,66,38,28,210.1316442524355,0.43233209706169856,0.764443797850479,0.13803522859631048,1084635.460069442,2983.246527777579,1087618.7065972195,1788,0,802.8877005347593,79,108,40,34.164332866573275,0.6366033755274262,39.63541666666666,8331.666666666646,105.46413502109678,0
1790,32,0,0,186,0.0,0.0,1.0,186,5600,4200,1400,0.75,70,42,28,206.11444001999672,0.43222113242274535,0.7592018728309924,0.13613194003433143,1086185.8028628132,1975.7157029479422,1088161.5185657612,1789,1,807.9784946236559,69,117,39,34.079080758467065,0.6432669082125604,39.449404761904766,8337.619047619059,120.83505866114578,0
1791,32,0,1,185,0.0,0.005376344086021506,0.9946236559139785,186,5550,4300,1250,0.7747747747747747,68,43,25,204.25014306167506,0.4322205269785915,0.757655466201947,0.13553118156108906,1087516.0489541313,1675.0617161497548,1089191.110670281,1790,2,808.9784946236559,70,116,42,33.964898705683744,0.6443452380952381,39.289906103286384,8342.723004694833,119.18175720992619,0
1792,32,0,0,185,0.0,0.0,1.0,185,4550,2700,1850,0.5934065934065934,64,27,37,205.18430688339345,0.4316612808460634,0.7577973923290378,0.13644410979619603,1088128.1305792504,3103.3632546452445,1091231.4938338955,1791,3,813.5621621621622,70,115,42,33.865682137834035,0.6450892857142857,39.21654929577465,8345.070422535213,119.21529175050304,0
1793,32,0,1,184,0.0,0.005405405405405406,0.9945945945945946,185,6100,4200,1900,0.6885245901639344,80,42,38,205.0037914568419,0.43157192518605564,0.7578047947887749,0.1370864476034435,1089711.9567200432,1579.0165446925776,1091290.973264736,1792,4,814.5621621621622,72,113,41,33.676777480088234,0.6459780092592593,39.026826484018265,8351.141552511415,115.98807711821411,0
1794,32,0,1,183,0.0,0.005434782608695652,0.9945652173913043,184,4850,3400,1450,0.7010309278350515,63,34,29,202.72636982714045,0.431209536113091,0.7538077180067284,0.13587135990040933,1090354.5807209252,2558.72519478949,1092913.3059157147,1793,5,819.7826086956521,73,111,37,33.657713220095275,0.6462614155251142,38.94988738738739,8353.603603603615,114.43292607676185,0
1795,32,0,0,183,0.0,0.0,1.0,183,5150,3500,1650,0.6796116504854369,68,35,33,202.99297611148177,0.43116855821773853,0.7505318904732767,0.13663156437911692,1091560.604938272,2565.827160493892,1094126.4320987659,1794,6,824.8196721311475,74,109,37,33.50349179339926,0.647240990990991,38.80555555555556,8358.222222222224,112.94894894894898,0
1796,32,0,0,183,0.0,0.0,1.0,183,5100,3100,2000,0.6078431372549019,71,31,40,207.37041019931155,0.43113853359755,0.755588287949662,0.14033638162735204,1093088.3539710657,3634.8360694140238,1096723.1900404796,1795,7,825.8196721311475,76,107,38,33.20264651588084,0.6481633771929824,38.6228354978355,8364.06926406927,110.05354294827987,0
1797,32,0,2,181,0.0,0.01092896174863388,0.9890710382513661,183,5800,4300,1500,0.7413793103448276,73,43,30,207.77447977016192,0.4310784843571729,0.7553610693836665,0.14094971465489403,1093767.3611111147,3051.3888888890915,1096818.7500000037,1796,8,826.8196721311475,77,106,41,33.10922974767599,0.648538961038961,38.54166666666668,8366.666666666695,108.65800865800902,0
1798,32,0,1,180,0.0,0.0055248618784530384,0.994475138121547,181,5050,3200,1850,0.6336633663366337,69,32,37,207.919041996964,0.4298611111111111,0.7537136160340578,0.141429030333624,1094525.3426275998,4264.532136105898,1098789.8747637058,1797,9,835.756906077348,68,113,39,33.01298701298704,0.6539522058823529,38.45108695652174,8369.56521739131,123.08184143222513,0
1799,32,0,1,179,0.0,0.005555555555555556,0.9944444444444445,180,5350,3800,1550,0.7102803738317757,69,38,31,208.19810134285342,0.429199643078833,0.7535208775654623,0.14211783439490439,1095511.1111111124,4266.666666666719,1099777.7777777791,1798,10,840.8333333333334,69,111,41,32.88548301486197,0.6545893719806763,38.333333333333336,8373.333333333343,121.35265700483106,0
1800,32,0,1,178,0.0,0.00558659217877095,0.994413407821229,179,5900,4300,1600,0.7288135593220338,75,43,32,212.01251489365987,0.42887295210595694,0.7555090491237233,0.14556317692484333,1097131.5511621325,4821.123866213207,1101952.6750283458,1799,11,843.7597765363129,69,110,39,32.58811871341706,0.6565519323671498,38.139880952380956,8379.523809523818,121.44237405106983,0
1801,32,0,0,178,0.0,0.0,1.0,178,5150,3800,1350,0.7378640776699029,65,38,27,211.74336309026117,0.42798726168560486,0.7545753219193292,0.14606120978868162,1098436.8490874807,5767.342513610536,1104204.1916010913,1800,12,849.2865168539325,70,108,40,32.436143307762634,0.6575892857142858,37.98415492957746,8384.507042253506,119.77867203219294,0
1802,32,0,0,178,0.0,0.0,1.0,178,4600,3200,1400,0.6956521739130435,60,32,28,213.39430234467946,0.4278411254999048,0.7574197245714862,0.1475515718044358,1099099.8478223607,6708.329046639265,1105808.1768689998,1801,13,850.2865168539325,71,107,37,32.312136601162855,0.6578638497652582,37.905092592592595,8387.037037037047,118.1272822117894,0
1803,32,0,0,178,0.0,0.0,1.0,178,4300,3000,1300,0.6976744186046512,56,30,26,211.55317198390009,0.42741858693582174,0.7553012478415917,0.1468089534885251,1100104.0428681623,6646.099956214393,1106750.1428243767,1802,14,851.2865168539325,72,106,38,32.23815483964592,0.6585648148148149,37.78538812785388,8390.867579908665,116.53982749873146,0
1804,32,0,0,178,0.0,0.0,1.0,178,5300,3700,1600,0.6981132075471698,69,37,32,211.30074685312982,0.4272453395120506,0.7541989385618668,0.1472154025832444,1101199.7079427422,5636.864144550035,1106836.572087292,1803,15,852.2865168539325,73,105,39,32.11146956770582,0.6593892694063928,37.65484234234235,8395.045045045063,115.00061705541182,0
1805,32,0,2,176,0.0,0.011235955056179775,0.9887640449438202,178,5100,3400,1700,0.6666666666666666,68,34,34,213.80479770472564,0.4267507247296811,0.7550203235497064,0.14947095812540748,1102145.298803874,6428.79053039544,1108574.0893342695,1804,16,853.2865168539325,73,105,40,31.930756681862903,0.6605308219178082,37.54222972972974,8398.648648648668,115.04998148833792,0
1806,32,0,0,176,0.0,0.0,1.0,176,4900,3800,1100,0.7755102040816326,60,38,22,218.25396825396797,0.4256236471861472,0.7571699134199128,0.15277777777777776,1102500.0000000023,8025.000000000131,1110525.0000000026,1805,17,863.3238636363636,74,102,41,31.770833333333325,0.660472972972973,37.50000000000001,8400.000000000018,113.51351351351376,0
1807,32,0,0,176,0.0,0.0,1.0,176,5000,3800,1200,0.76,62,38,24,220.8800098902925,0.4254701028138528,0.7590587663457631,0.15504386166391176,1103261.0008401547,8537.660155429254,1111798.660995584,1806,18,864.3238636363636,68,108,42,31.609319305507636,0.6645220588235294,37.409420289855056,8402.8985507246,123.57203751065587,0
1808,32,1,1,176,0.005649717514124294,0.005649717514124294,0.9943502824858758,177,4200,3100,1100,0.7380952380952381,53,31,22,219.41438539950533,0.4253579224447868,0.7593565946171679,0.15464115665581882,1104375.797193876,8863.187358276566,1113238.9845521525,1807,0,860.4350282485875,69,108,41,31.51226045501744,0.6653079710144927,37.27678571428571,8407.142857142846,121.8426501035195,0
1809,32,0,0,176,0.0,0.0,1.0,176,4850,3600,1250,0.7422680412371134,61,36,25,215.90332676423887,0.42468952922077924,0.7537690092425333,0.15267869744359358,1105296.9104991823,7677.4560078016,1112974.366506984,1808,1,862.625,71,105,42,31.49259875965577,0.6653462441314554,37.16724537037036,8410.648148148124,118.45983307250879,0
1810,32,0,1,175,0.0,0.005681818181818182,0.9943181818181818,176,5800,4500,1300,0.7758620689655172,71,45,26,214.7380960616594,0.4244717261904762,0.7528338736548243,0.15212498805210137,1105783.691406246,6490.7769097219625,1112274.468315968,1809,2,863.625,71,105,43,31.464111771504026,0.6659330985915493,37.109374999999986,8412.499999999969,118.48591549295732,0
1811,32,0,1,174,0.0,0.005714285714285714,0.9942857142857143,175,5400,4100,1300,0.7592592592592593,67,41,26,217.48003243350897,0.42364258347016964,0.7533146794608461,0.15458443801704574,1106699.196352242,7736.995423364707,1114436.1917756067,1810,3,869.1942857142857,72,103,42,31.280858336498277,0.6665219907407407,37.0005707762557,8415.981735159798,116.88863521055275,0
1812,32,0,0,174,0.0,0.0,1.0,174,4900,3800,1100,0.7755102040816326,60,38,22,219.38196912456533,0.42297300290124684,0.752812469998865,0.1564178169651482,1107539.9934321626,8894.860928671153,1116434.8543608338,1811,4,872.2873563218391,72,102,46,31.12876035000181,0.6675347222222222,36.900684931506845,8419.178082191771,116.93302891933016,0
1813,32,0,0,174,0.0,0.0,1.0,174,4650,3200,1450,0.6881720430107527,61,32,29,215.9977666767716,0.42254252209155535,0.7494473437609037,0.15468659936541454,1108741.6859531696,8447.145597464536,1117188.8315506342,1812,5,873.2873563218391,72,102,40,31.072022260769007,0.6689814814814814,36.757990867579906,8423.744292237438,116.99644850329774,0
1814,32,1,0,175,0.005714285714285714,0.0,1.0,175,4900,3300,1600,0.673469387755102,65,33,32,213.84461498151904,0.4226860974274767,0.7479273794241703,0.1541882220201809,1110582.9427156544,7598.4363580142945,1118181.3790736687,1813,0,869.2914285714286,76,99,43,30.905541292255027,0.6692708333333333,36.53950216450217,8430.735930735935,110.93073593073598,0
1815,32,0,1,174,0.0,0.005714285714285714,0.9942857142857143,175,4950,3400,1550,0.6868686868686869,65,34,31,213.4100790462683,0.42245347564313085,0.7479670837428314,0.15406973757091216,1110925.1255598653,7466.523772043208,1118391.6493319084,1814,1,870.2914285714286,76,99,43,30.875539069719704,0.6696820175438596,36.49891774891775,8432.034632034627,110.94782410571878,0
1816,32,0,1,173,0.0,0.005747126436781609,0.9942528735632183,174,5700,3700,2000,0.6491228070175439,77,37,40,215.30975040246713,0.4220006145771045,0.7475865491833158,0.1560057618891241,1111904.0263483424,7380.755676912106,1119284.7820252546,1815,2,875.9770114942529,68,106,41,30.70691596991564,0.6749387254901961,36.3828502415459,8435.748792270553,124.05512929809638,0
1817,32,0,1,172,0.0,0.005780346820809248,0.9942196531791907,173,4850,3200,1650,0.6597938144329897,65,32,33,218.9820075516305,0.4213828023479858,0.7488941661556114,0.15903119564815166,1112522.675736964,9274.489795918536,1121797.1655328826,1816,3,881.4046242774566,69,104,42,30.5351768246802,0.6751207729468599,36.30952380952382,8438.095238095257,122.29123533471386,0
1818,32,0,1,171,0.0,0.005813953488372093,0.9941860465116279,172,4600,3100,1500,0.6739130434782609,61,31,30,217.77389636767612,0.42023026315789475,0.746703512972742,0.15852329827996178,1113150.5987811824,9483.028628118074,1122633.6274093005,1817,4,887.1279069767442,69,103,43,30.49100846262342,0.6758756038647342,36.23511904761906,8440.476190476214,122.32574189095963,0
1819,32,0,0,171,0.0,0.0,1.0,171,4800,3300,1500,0.6875,63,33,30,215.1260535997146,0.41975404196766425,0.7422186066745862,0.15715910641935343,1114114.9380634401,8935.029976415855,1123049.968039856,1818,5,892.2865497076024,70,101,42,30.44416490603804,0.6764880952380952,36.12089201877936,8444.131455399098,120.63044936284426,0
1820,32,0,0,171,0.0,0.0,1.0,171,5150,3800,1350,0.7378640776699029,65,38,27,214.32426023072952,0.41963077628712303,0.7398803725718759,0.15687993041107295,1114639.3977658963,8428.852870040457,1123068.2506359369,1819,6,893.2865497076024,72,99,44,30.4018894955939,0.6760706018518519,36.05878995433791,8446.118721461211,117.30720446473904,0
1821,32,1,0,172,0.005813953488372093,0.0,1.0,172,4850,3200,1650,0.6597938144329897,65,32,33,211.83590042374308,0.41982439140486877,0.736883687576608,0.1558866296258105,1116064.193067039,8034.492653811088,1124098.68572085,1820,0,889.0872093023256,76,96,47,30.29535675869488,0.6758497807017544,35.89015151515153,8451.515151515188,111.20414673046301,0
1822,32,0,1,171,0.0,0.005813953488372093,0.9941860465116279,172,5450,4200,1250,0.7706422018348624,67,42,25,212.28811348278055,0.4193158121401695,0.740318001688707,0.1572140246474636,1117755.5365668442,7607.242838541877,1125362.7794053862,1821,1,890.0872093023256,79,93,40,30.079119250537822,0.6765559071729959,35.69010416666668,8457.916666666697,107.06223628692021,0
1823,32,0,0,171,0.0,0.0,1.0,171,4550,3000,1550,0.6593406593406593,61,30,31,212.34110681556672,0.4187865497076024,0.7404760665625203,0.15791573885889776,1118872.062291494,8766.506418398627,1127638.5687098927,1822,2,893.7719298245614,80,91,45,29.94293958404254,0.6774739583333333,35.55812757201648,8462.13991769553,105.77674897119411,0
1824,32,0,0,171,0.0,0.0,1.0,171,5250,3800,1450,0.7238095238095238,67,38,29,214.06899157632242,0.41858731796812293,0.744386147724295,0.14943305809621182,1101734.5079210096,7719.439019097439,1109453.946940107,1823,3,894.7719298245614,79,92,45,31.973785954117687,0.657304852320675,37.59114583333334,8397.083333333354,106.29219409282726,8
1825,32,0,1,170,0.0,0.005847953216374269,0.9941520467836258,171,5100,3800,1300,0.7450980392156863,64,38,26,214.8795872142814,0.41851135190918476,0.7471298760937648,0.1505583696971094,1102761.2094997582,8092.174698645671,1110853.384198404,1824,4,895.7719298245614,66,105,46,31.827648150341478,0.6650883838383839,37.46890547263679,8400.99502487557,127.28780340720562,0
1826,32,0,0,170,0.0,0.0,1.0,170,4250,3100,1150,0.7294117647058823,54,31,23,214.57895510110163,0.41855783733611784,0.744561477044561,0.15117825816475072,1104276.077037962,9140.881350789487,1113416.9583887514,1825,5,898.1176470588235,68,102,46,31.651414588361487,0.6657475490196079,37.28864734299514,8406.763285024088,123.62887183858953,0
1827,32,0,0,170,0.0,0.0,1.0,170,4500,3000,1500,0.6666666666666666,60,30,30,211.89325417412155,0.4183489964032951,0.7401959689759572,0.14979699113161793,1105212.93449271,8337.433048997897,1113550.367541708,1826,6,899.1176470588235,70,100,46,31.608192847307485,0.6657738095238095,37.17723004694834,8410.328638497613,120.14755197853732,0
1828,32,0,0,170,0.0,0.0,1.0,170,5700,4000,1700,0.7017543859649122,74,40,34,206.8853217643272,0.4177130467571644,0.7338293544588377,0.14695937571107057,1106523.9352528187,6084.712076941637,1112608.6473297605,1827,7,900.1176470588235,73,97,46,31.580755094029897,0.665810502283105,37.02139639639639,8415.315315315302,115.27829199062057,0
1829,32,0,0,170,0.0,0.0,1.0,170,4100,2800,1300,0.6829268292682927,54,28,26,205.90138221743067,0.41769346791971224,0.7327082119976716,0.14645098312648144,1106879.3402777705,7481.597222221761,1114360.9374999923,1828,8,901.1176470588235,75,95,46,31.563531353135307,0.6652777777777779,36.97916666666664,8416.66666666661,112.22222222222146,0
1830,32,0,0,170,0.0,0.0,1.0,170,4750,3300,1450,0.6947368421052632,62,33,29,205.09198186820768,0.4176013748694744,0.7320602677387236,0.14650056457142652,1108044.9291424006,6700.226103366137,1114745.1552457667,1829,9,902.1176470588235,78,92,41,31.443531415973514,0.6653311965811965,36.84071729957803,8421.097046413433,107.96278264632608,0
1831,32,0,1,169,0.0,0.0058823529411764705,0.9941176470588236,170,5150,3400,1750,0.6601941747572816,69,34,35,206.96744918823356,0.4169929806242023,0.7365647977941183,0.14883052525895352,1109857.9146132795,6790.892309776213,1116648.8069230558,1830,10,903.1176470588235,80,90,44,31.174519856770793,0.6666666666666667,36.62551440329216,8427.983539094592,105.34979423868239,0
1832,32,0,1,168,0.0,0.005917159763313609,0.9940828402366864,169,5250,3900,1350,0.7428571428571429,66,39,27,212.53991968758635,0.41649056072133,0.7415965016865038,0.15357356067679548,1111157.5547960014,8183.0674913192,1119340.6222873207,1831,11,909.3254437869823,79,90,45,30.870318444587184,0.6686445147679325,36.47135416666665,8432.916666666624,106.74578059071676,0
1833,32,0,0,168,0.0,0.0,1.0,168,4700,3600,1100,0.7659574468085106,58,36,22,209.54363916802072,0.41633474123182207,0.7370204065823398,0.1520516491298476,1112301.0981353365,8315.123990773016,1120616.2221261095,1832,12,914.9404761904761,67,101,43,30.810868386397086,0.6759950248756219,36.335784313725505,8437.254901960816,125.92917764120621,0
1834,32,0,0,168,0.0,0.0,1.0,168,4000,2500,1500,0.625,55,25,30,209.4574052738152,0.4160384587966923,0.7379683563034303,0.1523543788170382,1112947.427822238,9023.016087562828,1121970.4439098008,1833,13,915.9404761904761,67,101,43,30.73494462837118,0.6767723880597014,36.25919117647061,8439.70588235299,125.96575943810433,0
1835,32,0,0,168,0.0,0.0,1.0,168,4250,3000,1250,0.7058823529411765,55,30,25,208.02648931926825,0.4157213846117289,0.7361786882340631,0.15206684919983174,1114281.3066893474,8510.00566893453,1122791.3123582818,1834,14,916.9404761904761,69,99,44,30.611396188113282,0.6772342995169083,36.101190476190496,8444.761904761943,122.38785369220207,0
1836,32,0,1,167,0.0,0.005952380952380952,0.9940476190476191,168,4250,3100,1150,0.7294117647058823,54,31,23,204.96967142214223,0.415510496863416,0.7327084458639623,0.15040175045366616,1115297.3391685975,7870.4258294754745,1123167.764998073,1835,15,917.9404761904761,71,97,46,30.56931201709686,0.6773767605633803,35.980902777777786,8448.611111111124,118.99452269170597,0
1837,32,0,1,166,0.0,0.005988023952095809,0.9940119760479041,167,4050,2700,1350,0.6666666666666666,54,27,27,208.61683624488617,0.41458498665319965,0.736851778697746,0.15376683224554388,1116496.847354115,9134.007994481195,1125630.8553485961,1836,16,924.3053892215569,73,94,46,30.328120004263038,0.677796803652968,35.83896396396398,8453.153153153185,115.79661853634501,0
1838,32,1,1,166,0.005988023952095809,0.005988023952095809,0.9940119760479041,167,4000,2400,1600,0.6,56,24,32,206.91282190635272,0.41500132265589307,0.7346991198049244,0.1530496772412201,1117436.6139362152,8842.392618204703,1126279.0065544199,1837,0,918.7305389221557,76,91,43,30.259683474106318,0.6774945175438596,35.727813852813874,8456.70995671001,111.27249943039487,0
1839,32,0,0,166,0.0,0.0,1.0,166,5450,4000,1450,0.7339449541284404,69,40,29,205.37855493583479,0.4149248509188268,0.7308279389532251,0.1523865769681335,1118261.0581488837,7283.368032727294,1125544.4261816111,1838,1,923.0240963855422,77,89,43,30.20075604499228,0.678030303030303,35.630341880341895,8459.829059829099,109.86790986791037,0
1840,32,0,0,166,0.0,0.0,1.0,166,4600,3100,1500,0.6739130434782609,61,31,30,207.24071958561592,0.4146540708287696,0.7331097336446533,0.15423477227193788,1119064.9229334765,8583.163978351431,1127648.086911828,1839,2,924.0240963855422,78,88,43,30.05455285768893,0.6785523504273504,35.53533755274264,8462.869198312297,108.49832305528587,0
1841,32,0,0,166,0.0,0.0,1.0,166,4800,3400,1400,0.7083333333333334,62,34,28,207.92824889827855,0.4142471400754533,0.7338643098668431,0.15540974065842728,1120197.266126394,8584.131193259887,1128781.397319654,1840,3,925.0240963855422,68,98,44,29.899821228200302,0.6848958333333333,35.40157004830917,8467.149758454081,124.51690821256001,0
1842,32,0,0,166,0.0,0.0,1.0,166,4000,2700,1300,0.675,53,27,26,205.69525868142776,0.4139832055494706,0.7307018273310006,0.1540385980326397,1120708.6257847275,8904.890137459131,1129613.5159221867,1841,4,926.0240963855422,68,98,44,29.897277204190658,0.6855085784313726,35.34118357487921,8469.082125603827,124.54532537652688,0
1843,32,0,1,165,0.0,0.006024096385542169,0.9939759036144579,166,4400,2900,1500,0.6590909090909091,59,29,30,203.64593700410128,0.4135739929414628,0.7275076374996783,0.1531989965057981,1121907.5822241518,8094.384162808643,1130001.9663869604,1842,5,927.0240963855422,71,95,46,29.80710129486968,0.6852992957746479,35.19965277777778,8473.611111111115,119.34663536776218,0
1844,32,0,0,165,0.0,0.0,1.0,165,4050,2800,1250,0.691358024691358,53,28,25,204.03291457060158,0.4133037694013304,0.7265273051369301,0.15406665924464225,1122893.4444444473,8771.444444444596,1131664.8888888918,1843,6,930.3333333333334,74,91,44,29.678161371500476,0.6849662162162162,35.08333333333334,8477.333333333356,114.55855855855886,0
1845,32,0,0,165,0.0,0.0,1.0,165,4450,3400,1050,0.7640449438202247,55,34,21,202.75804624154915,0.41292652131066765,0.7256378430561294,0.1536257673247103,1123785.9726069602,8121.329639889413,1131907.3022468495,1844,7,931.3333333333334,75,90,42,29.604537305199305,0.6855555555555555,34.97807017543861,8480.701754385998,113.07602339181331,0
1846,32,0,0,165,0.0,0.0,1.0,165,4150,3200,950,0.7710843373493976,51,32,19,203.739243808357,0.41266937669376696,0.7281133012010177,0.1548149655258777,1124540.8895307481,8672.6220929146,1133213.5116236627,1845,8,932.3333333333334,76,89,47,29.487719208722417,0.6859923245614035,34.88906926406928,8483.549783549819,111.62565504670815,0
1847,32,0,0,165,0.0,0.0,1.0,165,4150,3000,1150,0.7228915662650602,53,30,23,205.77701650042954,0.41260316580438533,0.730547047755085,0.15673625687184667,1125163.3639464204,9156.552021696487,1134319.9159681168,1846,9,933.3333333333334,77,88,43,29.358821826056282,0.6862824675324675,34.81570512820514,8485.897435897463,110.20646020646056,0
1848,32,0,0,165,0.0,0.0,1.0,165,5000,3800,1200,0.76,62,38,24,202.49211150813127,0.41210735402808574,0.7260022950908545,0.15492571360329374,1126329.9262048486,7614.585002403587,1133944.511207252,1847,10,934.3333333333334,78,87,38,29.305714309379443,0.687232905982906,34.6782700421941,8490.295358649808,108.84994049551035,0
1849,32,0,0,165,0.0,0.0,1.0,165,3450,2600,850,0.7536231884057971,43,26,17,203.61165520329882,0.41195645479182064,0.7283586527625374,0.15613291032180768,1126914.9414062526,9440.603298611224,1136355.5447048638,1848,11,935.3333333333334,79,86,40,29.205712556831195,0.6875,34.60937500000001,8492.50000000002,107.50000000000026,0
1850,32,0,0,165,0.0,0.0,1.0,165,4350,3400,950,0.7816091954022989,53,34,19,204.47523909232407,0.4115946045824095,0.728115758250887,0.15747110263107814,1128031.9337541675,8780.919871631893,1136812.8536257995,1849,12,936.3333333333334,80,85,40,29.048610774769532,0.6884114583333334,34.477880658436206,8496.707818930021,106.20884773662526,0
1851,32,0,0,165,0.0,0.0,1.0,165,4450,3400,1050,0.7640449438202247,55,34,21,204.29726816438932,0.4110818551367332,0.7281441374417048,0.1579444081994989,1129034.5749025645,8681.735863147285,1137716.3107657118,1850,13,937.3333333333334,68,97,41,28.932948776237016,0.6954656862745099,34.35990338164251,8500.483091787439,125.00710429099175,0
1852,32,0,0,165,0.0,0.0,1.0,165,3550,2200,1350,0.6197183098591549,49,22,27,203.29435321569946,0.41077851687607786,0.7280546095933291,0.15778504363664383,1130044.9298469375,9396.35062358271,1139441.2804705203,1851,14,938.3333333333334,69,96,42,28.838342479048826,0.6961050724637681,34.24107142857142,8504.285714285705,123.25051759834355,0
1853,32,0,0,165,0.0,0.0,1.0,165,5450,4000,1450,0.7339449541284404,69,40,29,202.08108501704965,0.4103058019216556,0.7271876591935349,0.1577262175668101,1131490.1921778517,7280.55314428991,1138770.7453221416,1852,15,939.3333333333334,71,94,45,28.697262118491906,0.6967429577464789,34.07118055555554,8509.722222222197,119.85524256650982,0
1854,32,0,0,165,0.0,0.0,1.0,165,4650,3300,1350,0.7096774193548387,60,33,27,200.62578919677694,0.40983924611973394,0.7248436735536468,0.157088054934712,1132304.9228800419,7783.913752840526,1140088.8366328825,1853,16,940.3333333333334,72,93,43,28.63831822489228,0.697193287037037,33.97545662100455,8512.785388127804,118.23313039066394,0
1855,32,0,0,165,0.0,0.0,1.0,165,3750,2100,1650,0.56,54,21,33,203.3206225001391,0.40953898743532885,0.7267598229197725,0.15976640436357534,1133217.7912709983,9331.30934989027,1142549.1006208886,1854,17,941.3333333333334,73,92,46,28.457235798159317,0.6977739726027397,33.868243243243235,8516.216216216197,116.66049611255065,0
1856,32,0,0,165,0.0,0.0,1.0,165,3700,2600,1100,0.7027027027027027,48,26,22,203.53441247877845,0.4091632791327913,0.7276547197867007,0.1603851170332768,1133937.180423662,9459.047561074314,1143396.2279847364,1855,18,942.3333333333334,73,92,47,28.365367667794686,0.6986301369863014,33.78378378378377,8518.918918918882,116.69751943724496,0
1857,32,0,0,165,0.0,0.0,1.0,165,3400,2300,1100,0.6764705882352942,45,23,22,202.32368488546786,0.408839923626509,0.7254248967193586,0.15990743338804392,1134698.3827160443,9515.271604937987,1144213.6543209823,1856,19,943.3333333333334,74,91,40,28.306452313897296,0.6990427927927928,33.69444444444443,8521.777777777741,115.15915915915866,0
1858,32,0,0,165,0.0,0.0,1.0,165,4150,2500,1650,0.6024096385542169,58,25,33,203.79193873044474,0.40836258930771124,0.7263199947745553,0.16164792786217166,1135613.5657507775,9135.77804258853,1144749.343793366,1857,20,944.3333333333334,77,88,43,28.157791952813017,0.698728354978355,33.587072649572626,8525.213675213616,110.71706071705995,0
1859,32,0,0,165,0.0,0.0,1.0,165,3750,2500,1250,0.6666666666666666,50,25,25,201.07017007661815,0.4081932126139443,0.7229500259841801,0.15994182553276823,1136333.791775168,8946.56575520807,1145280.357530376,1858,21,945.3333333333334,79,86,43,28.144136496148274,0.698707805907173,33.50260416666665,8527.916666666622,107.94831223628636,0
1860,32,0,0,165,0.0,0.0,1.0,165,4250,2600,1650,0.611764705882353,59,26,33,205.16077851853476,0.40745719389012075,0.7288564835020637,0.16398968775036796,1137563.5977645498,9426.686666343914,1146990.2844308936,1859,22,946.3333333333334,82,83,46,27.887994602905632,0.6989329268292683,33.35843373493975,8532.53012048191,104.0552453717306,0
1861,32,0,1,164,0.0,0.006060606060606061,0.9939393939393939,165,4450,3300,1150,0.7415730337078652,56,33,23,203.1438136198207,0.4070260532150776,0.7265694602933097,0.16292406528569506,1138412.7869897955,8802.303004535168,1147215.0899943307,1860,23,947.3333333333334,69,96,43,27.840248721524873,0.7060688405797102,33.25892857142857,8535.714285714283,123.7060041407867,0
1862,32,0,1,163,0.0,0.006097560975609756,0.9939024390243902,164,4450,3600,850,0.8089887640449438,53,36,17,201.5427998021165,0.4067066936006783,0.7220072477968178,0.16205948333496883,1139066.3871969038,8664.125767229252,1147730.5129641332,1861,24,953.670731707317,68,96,44,27.80484987363736,0.7074142156862745,33.18236714975846,8538.164251207752,125.5612389883493,0
1863,32,0,0,163,0.0,0.0,1.0,163,4050,3000,1050,0.7407407407407407,51,30,21,204.09319138214573,0.4062697240526143,0.723784093228661,0.1650453879827397,1140495.4480667016,9903.47115054873,1150398.9192172503,1862,25,956.398773006135,71,92,46,27.566065171055953,0.7074530516431925,33.0150462962963,8543.518518518524,120.33124673969752,0
1864,32,0,0,163,0.0,0.0,1.0,163,5200,3700,1500,0.7115384615384616,67,37,30,201.6148795096081,0.4054018657375849,0.720233021651032,0.16374397646658728,1141573.5308641985,8231.641975308696,1149805.1728395072,1863,26,957.398773006135,74,89,45,27.503531440654484,0.7072072072072072,32.88888888888889,8547.555555555564,115.50750750750763,0
1865,32,0,1,162,0.0,0.006134969325153374,0.9938650306748467,163,4700,3300,1400,0.7021276595744681,61,33,28,199.05068366978182,0.40474071549395335,0.7165908816296636,0.16212165167677797,1142284.3960242514,8174.497994790296,1150458.8940190417,1864,27,958.398773006135,76,87,48,27.487215837172805,0.7070997807017544,32.805735930735935,8550.216450216461,112.50284802916397,0
1866,32,0,0,162,0.0,0.0,1.0,162,4850,3800,1050,0.7835051546391752,59,38,21,200.82742043182415,0.4037354944661708,0.7174946482062574,0.16410042071513625,1143094.2190925998,8662.932666179644,1151757.1517587795,1865,28,962.895061728395,76,86,48,27.343143705503273,0.7080592105263157,32.71103896103897,8553.246753246785,112.5427204374577,0
1867,32,0,0,162,0.0,0.0,1.0,162,4650,3500,1150,0.7526881720430108,58,35,23,209.29428561819486,0.40338883137796183,0.7292040054842395,0.15910322120699638,1124651.3006507177,10026.618107853212,1134677.918758571,1866,29,963.895061728395,78,84,42,29.32716218232457,0.6852297008547008,34.876054852320685,8483.966244725761,108.76879800930463,8
1868,32,0,0,162,0.0,0.0,1.0,162,3600,2500,1100,0.6944444444444444,47,25,22,208.17035098510308,0.4028097282928201,0.7280525640046398,0.1585488918535013,1125146.3650173647,10844.422743055755,1135990.7877604205,1867,30,964.895061728395,79,83,43,29.297399260204912,0.6853902953586498,34.81770833333334,8485.833333333361,107.41561181434635,0
1869,32,0,0,162,0.0,0.0,1.0,162,5150,3900,1250,0.7572815533980582,64,39,25,207.77927658986866,0.40250140582266186,0.727707482727755,0.15869959230978936,1125884.9002743086,9237.110020490529,1135122.0102947992,1868,31,965.895061728395,81,81,36,29.21894454554162,0.6854423868312758,34.73069105691057,8488.61788617887,104.79775168122062,0
1870,32,0,1,161,0.0,0.006172839506172839,0.9938271604938271,162,4050,2900,1150,0.7160493827160493,52,29,23,203.18731905291233,0.40216193160033736,0.7217352971070496,0.15583661782868793,1126963.48899465,9346.937999868023,1136310.4269945181,1869,32,966.895061728395,81,81,37,29.2111414257451,0.6867283950617284,34.60365853658538,8492.682926829299,104.84793736826295,0
1871,32,0,0,161,0.0,0.0,1.0,161,5550,4200,1350,0.7567567567567568,69,42,27,201.91781063473695,0.4015172101449275,0.7177071824681989,0.15550796160233185,1128042.5941073482,7804.378180977181,1135846.9722883254,1870,33,973.2111801242236,81,80,39,29.11523618154564,0.6880144032921811,34.47662601626018,8496.74796747971,104.89812305530506,0
1872,32,0,0,161,0.0,0.0,1.0,161,4100,3000,1100,0.7317073170731707,52,30,22,203.6427715980473,0.40110636645962733,0.719613912140292,0.15709799937375635,1128474.3807422891,9661.13011435025,1138135.5108566394,1871,34,974.2111801242236,81,80,39,29.017586657737837,0.6885288065843622,34.4258130081301,8498.373983739884,104.91819733012203,0
1873,32,0,0,161,0.0,0.0,1.0,161,4650,3500,1150,0.7526881720430108,58,35,23,205.50055239228382,0.400389816252588,0.7207674161923523,0.1594017798286091,1129890.2606309995,9588.614540466275,1139478.8751714658,1872,35,975.2111801242236,71,90,39,28.79827235772358,0.6948356807511737,34.25925925925925,8503.703703703688,119.77047470005195,0
1874,32,0,1,160,0.0,0.006211180124223602,0.9937888198757764,161,4400,3200,1200,0.7272727272727273,56,32,24,207.44867494987037,0.39980266563147,0.7209336437059757,0.1614952875145611,1130821.4760368483,10317.48336174016,1141138.9593985884,1873,36,976.2111801242236,73,88,40,28.63474707896501,0.6949200913242009,34.14977477477478,8507.207207207211,116.53708503023577,0
1875,32,0,0,160,0.0,0.0,1.0,160,4400,2900,1500,0.6590909090909091,59,29,30,207.79711206046886,0.3996716129454927,0.7207600010444948,0.16227157837413808,1131623.16049383,10629.604938271743,1142252.7654321017,1874,37,974.51875,74,86,42,28.529306803147424,0.6953828828828829,34.055555555555564,8510.222222222243,115.00300300300327,0
1876,32,0,0,160,0.0,0.0,1.0,160,4800,3700,1100,0.7708333333333334,59,37,22,209.48581049859575,0.3990885416666667,0.7244812871907285,0.16434599334693292,1132805.4444444461,10661.333333333405,1143466.7777777796,1875,38,975.51875,74,86,39,28.34259839231652,0.6967905405405406,33.91666666666667,8514.66666666668,115.06306306306325,0
1877,32,0,0,160,0.0,0.0,1.0,160,4700,3500,1200,0.7446808510638298,59,35,24,208.79615956804463,0.39868645178197065,0.7246820375684837,0.16433586850601947,1133633.410493827,10639.660493827134,1144273.0709876542,1876,39,976.51875,74,86,45,28.261696669275572,0.6977759009009009,33.81944444444444,8517.777777777777,115.1051051051051,0
1878,32,0,0,160,0.0,0.0,1.0,160,4150,2900,1250,0.6987951807228916,54,29,25,208.4036311247287,0.3983433241614256,0.7234013124035008,0.1647389158972121,1134738.8739804544,11146.740343182399,1145885.6143236367,1877,40,977.51875,75,85,37,28.139689483616404,0.6986111111111111,33.68969298245614,8521.929824561394,113.62573099415191,0
1879,32,0,0,160,0.0,0.0,1.0,160,4650,3400,1250,0.7311827956989247,59,34,25,208.6734520343217,0.39785852332285115,0.7232163705583747,0.16602855432456137,1136392.9180487636,10777.006615318347,1147169.924664082,1878,41,978.51875,76,84,39,27.93443316412857,0.700109649122807,33.495670995671,8528.13852813854,112.21234905445446,0
1880,32,0,0,160,0.0,0.0,1.0,160,3900,2600,1300,0.6666666666666666,52,26,26,212.18959504788532,0.39743186582809226,0.7264087858144672,0.16944612302143844,1137321.9829790276,12365.57820147528,1149687.5611805029,1879,42,979.51875,77,83,40,27.729496426901747,0.7007575757575757,33.386752136752115,8531.62393162388,110.80031080031014,0
1881,32,0,1,159,0.0,0.00625,0.99375,160,3950,2600,1350,0.6582278481012658,53,26,27,211.3242646592027,0.39724924659329136,0.7262770812713071,0.1699002244514709,1139030.078357472,12190.938746721542,1151221.0171041936,1880,43,980.51875,70,90,39,27.548205579383403,0.70625,33.18661971830987,8538.028169014111,121.97183098591587,0
1882,32,0,0,159,0.0,0.0,1.0,159,4400,3200,1200,0.7272727272727273,56,32,24,213.74415538203618,0.39666759546745217,0.7271337637744972,0.17253155115442678,1140032.4147545723,12535.053119972066,1152567.4678745444,1881,44,986.4905660377359,70,89,44,27.363760030779396,0.7074404761904762,33.069248826291094,8541.784037558717,122.02548625083881,0
1883,32,0,0,159,0.0,0.0,1.0,159,3700,2700,1000,0.7297297297297297,47,27,20,213.00487987370943,0.39640885810577714,0.726897651279786,0.17253679655457943,1140909.8207200998,13103.871861844224,1154013.6925819442,1882,45,987.4905660377359,70,89,42,27.278606486823065,0.7084821428571428,32.96654929577466,8545.070422535246,122.07243460764637,0
1884,32,0,0,159,0.0,0.0,1.0,159,3650,2700,950,0.7397260273972602,46,27,19,216.50402778958335,0.3962031950747021,0.7309628994031936,0.1758986539029434,1141662.1516068298,13984.890839560388,1155647.0424463903,1883,46,988.4905660377359,70,89,44,27.095233518243912,0.709375,32.87852112676058,8547.887323943705,122.11267605633864,0
1885,32,0,1,158,0.0,0.006289308176100629,0.9937106918238994,159,4550,3500,1050,0.7692307692307693,56,35,21,215.40332220138953,0.3957636732744208,0.7301896807824686,0.17535582926283091,1142163.8432905797,12855.17726861993,1155019.0205591996,1884,47,989.4905660377359,70,89,44,27.064686178683246,0.7099702380952381,32.8198356807512,8549.765258216015,122.13950368880022,0
1886,32,0,0,158,0.0,0.0,1.0,158,3750,2200,1550,0.5866666666666667,53,22,31,218.65829838359215,0.39479527802413394,0.7320629430996342,0.1787579965015607,1143216.360168045,14644.748799726003,1157861.1089677708,1885,48,990.5443037974684,71,87,38,26.851952081980258,0.710680751173709,32.69675925925928,8553.703703703753,120.47470005216555,0
1887,32,0,0,158,0.0,0.0,1.0,158,4500,3500,1000,0.7777777777777778,55,35,20,219.68510867599866,0.3944887325647021,0.7348048874196389,0.18022369567947175,1144082.7847704529,14167.590181327423,1158250.3749517803,1886,49,991.5443037974684,71,87,40,26.721007141697772,0.7117077464788732,32.59548611111113,8556.944444444485,120.5203442879505,0
1888,32,0,0,158,0.0,0.0,1.0,158,3600,2200,1400,0.6111111111111112,50,22,28,218.05765692152016,0.394253574404042,0.7331184262144228,0.1794244779182022,1144825.6956500823,14727.601755401527,1159553.297405484,1887,50,992.5443037974684,71,87,40,26.675827519065404,0.712588028169014,32.50868055555557,8559.72222222226,120.5594679186234,0
1889,32,0,0,158,0.0,0.0,1.0,158,3950,2800,1150,0.7088607594936709,51,28,23,218.8721660678729,0.3934725133704211,0.7326020230488264,0.18100380717676529,1146072.9029836776,14618.691749546664,1160691.5947332243,1888,51,993.5443037974684,72,86,42,26.505185007464302,0.7135416666666667,32.36301369863015,8564.383561643861,118.94977168949806,0
1890,32,0,0,158,0.0,0.0,1.0,158,4250,2800,1450,0.6588235294117647,57,28,29,215.89074464268492,0.39329782445107364,0.7252751663996884,0.1650841236748107,1126183.5346811318,12776.52038132813,1138960.05506246,1889,52,994.5443037974684,77,81,38,28.967834491090315,0.6875,34.695512820512825,8489.743589743597,110.25641025641035,8
1891,32,0,0,158,0.0,0.0,1.0,158,4750,3600,1150,0.7578947368421053,59,36,23,196.6158158003707,0.39259486952081485,0.7068694921888357,0.14206665562495344,1111156.1648774242,7344.175167797229,1118500.3400452214,1890,53,995.5443037974684,78,80,47,31.290132259248143,0.6690705128205128,36.471518987341774,8432.911392405069,108.11424862057781,8
1892,32,0,0,158,0.0,0.0,1.0,158,4200,3200,1000,0.7619047619047619,52,32,20,198.04886591230274,0.3922034991534306,0.7075907919908506,0.13266151929821332,1090194.7845898154,7382.368142304031,1097577.1527321194,1891,54,996.5443037974684,77,81,44,33.79932808076673,0.6442099567099567,38.96901709401709,8352.991452991444,108.48040848040836,8
1893,32,0,0,158,0.0,0.0,1.0,158,4350,2900,1450,0.6666666666666666,58,29,29,205.4772559476536,0.3921010373834288,0.7154568934860643,0.12695162353955,1066740.5465234402,7888.18406154729,1074628.7305849874,1892,55,997.5443037974684,82,76,37,36.48658501020706,0.6135670731707317,41.792168674698786,8262.650602409616,100.76403173670263,8
1894,32,1,0,159,0.006289308176100629,0.0,1.0,159,4150,3000,1150,0.7228915662650602,53,30,23,213.10921311545505,0.3933454740864581,0.7246940857083881,0.12448652088398487,1049801.8681150286,8794.490008225628,1058596.3581232543,1893,0,992.2641509433962,82,77,40,38.39161767107627,0.5927337398373984,43.8504016064257,8196.787148594363,99.96081888529712,8
1895,32,1,0,160,0.00625,0.0,1.0,160,4100,2900,1200,0.7073170731707317,53,29,24,210.36789849612023,0.39465900157232703,0.7240492916860193,0.12341201238750542,1051113.1519274325,8124.092970521157,1059237.2448979537,1894,0,987.05625,69,91,42,38.29854660164105,0.6002415458937198,43.69047619047617,8201.90476190472,118.86818495514086,0
1896,32,2,0,162,0.012345679012345678,0.0,1.0,162,4200,2800,1400,0.6666666666666666,56,28,28,207.07373989256578,0.39781825908033636,0.7226155297295243,0.122374301132777,1053355.3595732548,7024.446748542302,1060379.8063217972,1895,0,975.858024691358,71,91,44,38.10409031106097,0.6019659624413145,43.41724537037035,8210.64814814811,115.64293166405788,0
1897,32,3,0,165,0.01818181818181818,0.0,1.0,165,5350,4100,1250,0.7663551401869159,66,41,25,202.05945259291,0.40159830007390984,0.7220304147318388,0.12043656637599914,1055956.4218249205,4323.195311181937,1060279.6171361024,1896,0,959.0969696969697,76,89,36,37.90975513428119,0.602796052631579,43.10064935064933,8220.779220779159,108.16814764183104,0
1898,32,0,0,165,0.0,0.0,1.0,165,3850,2400,1450,0.6233766233766234,53,24,29,202.31750193894868,0.40156288494703124,0.7224527234172229,0.12096848919613377,1056905.4549662548,5916.094286883816,1062821.5492531385,1897,1,960.0969696969697,78,87,36,37.78537348655855,0.6030982905982907,42.98523206751052,8224.472573839601,105.44195607486668,0
1899,32,1,0,166,0.006024096385542169,0.0,1.0,166,3550,2400,1150,0.676056338028169,47,24,23,203.23416649098746,0.40239138371668487,0.7281791604694228,0.11628156475631853,1043400.7717389005,5660.937232081813,1049061.7089709823,1898,0,955.3072289156627,71,95,43,39.442583517458885,0.5896420187793427,44.63252314814816,8171.759259259283,115.09520083463778,8
1900,32,2,2,166,0.011904761904761904,0.011904761904761904,0.9880952380952381,168,4150,3000,1150,0.7228915662650602,53,30,23,203.53980793166872,0.4051769971960841,0.7320742865423062,0.11716431296110469,1045279.0401234621,4801.179012345872,1050080.219135808,1899,0,944.922619047619,74,94,44,39.20035682587979,0.5905123873873874,44.40277777777779,8179.111111111153,110.5285285285291,0
1901,32,1,0,167,0.005988023952095809,0.0,1.0,167,4150,2300,1850,0.5542168674698795,60,23,37,200.44964132339362,0.4062432364187288,0.7271875543902921,0.11617457706807427,1047383.8327191146,4439.5427192935185,1051823.3754384082,1900,0,950.7724550898204,78,89,38,39.016976740191026,0.5913461538461539,44.14556962025316,8187.341772151891,104.96592015579347,0
1902,32,0,0,167,0.0,0.0,1.0,167,4850,3800,1050,0.7835051546391752,59,38,21,199.9269407364453,0.4063033571411394,0.7270139748989144,0.1162082732405988,1048277.3546006975,3665.776909722338,1051943.1315104198,1901,1,951.7724550898204,79,88,40,38.9190575507851,0.5920358649789029,44.03645833333334,8190.833333333358,103.68143459915642,0
1903,32,2,2,167,0.011834319526627219,0.011834319526627219,0.9881656804733728,169,4050,3100,950,0.7654320987654321,50,31,19,198.8602794874987,0.409411101718794,0.7297302040070026,0.11632269174498203,1050223.0776624396,3919.530949634852,1054142.6086120745,1902,0,941.4970414201183,84,85,43,38.70419975126757,0.5925099206349207,43.79901960784314,8198.431372549036,97.60037348272661,0
1904,32,0,0,167,0.0,0.0,1.0,167,4000,2300,1700,0.575,57,23,34,201.16885089644785,0.40693011567226994,0.7309121154486504,0.11792273524924349,1050872.599127165,4880.56664099491,1055753.16576816,1903,1,953.7065868263473,68,99,43,38.564247565190044,0.6004901960784313,43.719806763285014,8200.96618357486,120.60244387610088,0
1905,32,2,0,169,0.011834319526627219,0.0,1.0,169,3900,2600,1300,0.6666666666666666,52,26,26,200.34590232759885,0.40861422231614536,0.7327287706502479,0.11830615670913408,1053117.796344516,4497.567033178719,1057615.3633776947,1904,0,943.4082840236687,71,98,42,38.30622991033663,0.6016725352112676,43.446180555555536,8209.722222222179,115.62989045383351,0
1906,32,4,2,171,0.023121387283236993,0.011560693641618497,0.9884393063583815,173,4800,3500,1300,0.7291666666666666,61,35,26,192.58075879175334,0.4114912398619886,0.7279178446273116,0.11477078416641712,1055913.9861543886,1269.7433344872452,1057183.729488876,1905,0,922.5722543352601,75,98,36,38.15852362659836,0.6031944444444444,43.10581140350875,8220.61403508768,109.60818713450239,0
1907,32,0,0,171,0.0,0.0,1.0,171,6400,4900,1500,0.765625,79,49,30,196.74149501079083,0.41096491228070176,0.7323029635517693,0.11782787991459326,1057402.670606806,1006.9964487169295,1058409.6670555228,1906,1,932.6374269005848,76,95,39,37.86704730831973,0.604577850877193,42.924783549783534,8226.406926406891,108.24219640009068,0
1908,32,1,0,172,0.005813953488372093,0.0,1.0,172,4500,2800,1700,0.6222222222222222,62,28,34,193.54023173838362,0.4118812049503604,0.7298328764253126,0.11647195730902306,1058862.4376085012,2086.4963107635817,1060948.9339192647,1907,0,928.2093023255813,79,93,41,37.768522970761374,0.6050896624472574,42.747395833333314,8232.083333333288,104.20358649788973,0
1909,32,2,0,174,0.011494252873563218,0.0,1.0,174,4300,2900,1400,0.6744186046511628,57,29,28,187.01529652288855,0.41377649325626203,0.723309266703752,0.11301738472282713,1060124.1145149202,551.8851254145093,1060675.9996403346,1908,0,918.528735632184,72,102,43,37.780295470924166,0.6098090277777778,42.59417808219179,8236.986301369876,114.40258751902606,0
1910,32,2,1,175,0.011363636363636364,0.005681818181818182,0.9943181818181818,176,4850,3500,1350,0.7216494845360825,62,35,27,187.5197334260682,0.41501420454545457,0.7276849147941624,0.11422328082689703,1062502.8271604972,-201.95061728382325,1062300.8765432134,1909,0,909.0795454545455,74,102,43,37.47327620279545,0.6117680180180181,42.305555555555564,8246.222222222248,111.43543543543578,0
1911,32,2,1,176,0.011299435028248588,0.005649717514124294,0.9943502824858758,177,5100,3600,1500,0.7058823529411765,66,36,30,186.05612384693725,0.41587083761342236,0.7264268265985521,0.1140949810248839,1064510.23918888,-888.2702202280911,1063621.968968652,1910,0,898.9209039548023,78,99,41,37.26314623589954,0.6124465811965811,42.06223628691984,8254.008438818593,105.82062101049479,0
1912,32,1,0,177,0.005649717514124294,0.0,1.0,177,5500,3700,1800,0.6727272727272727,73,37,36,190.1167011682331,0.4159604519774011,0.7320004332780341,0.11702214338988806,1065626.0850694492,-381.33680555526826,1065244.7482638939,1911,0,899.9152542372881,79,98,42,37.020686175580245,0.6133966244725738,41.92708333333335,8258.33333333337,104.53586497890342,0
1913,32,0,1,176,0.0,0.005649717514124294,0.9943502824858758,177,4800,3000,1800,0.625,66,30,36,193.57062088091337,0.4156862587741825,0.7370002023314808,0.11967468312856512,1066937.8346222527,1105.5638178334684,1068043.3984400863,1912,1,900.9152542372881,81,96,42,36.76968549127642,0.6141975308641976,41.76829268292684,8263.414634146373,102.01746461909103,0
1914,32,0,0,176,0.0,0.0,1.0,176,5200,3700,1500,0.7115384615384616,67,37,30,196.61029122636134,0.4145698051948052,0.7398913943783121,0.12241314205010043,1069026.1295479483,1636.307731802468,1070662.4372797508,1913,2,906.9602272727273,68,108,44,36.43363314254566,0.6228553921568627,41.51570048309179,8271.49758454107,121.6396703608981,0
1915,32,0,0,176,0.0,0.0,1.0,176,5100,3300,1800,0.6470588235294118,69,33,36,191.72178293279694,0.4146415043290043,0.73325193301917,0.12017387466481685,1071009.3858506994,767.1657986114028,1071776.5516493109,1914,3,907.9602272727273,71,105,49,36.315739808756916,0.6236795774647887,41.276041666666686,8279.166666666706,116.60798122065783,0
1916,32,0,0,176,0.0,0.0,1.0,176,4950,3500,1450,0.7070707070707071,64,35,29,191.0253280595343,0.4144426406926407,0.7323906184907081,0.1202747086663373,1072327.36679098,818.3374056926623,1073145.7041966727,1915,4,908.9602272727273,71,105,48,36.17157520211617,0.625293427230047,41.116898148148145,8284.259259259254,116.6797078768909,0
1917,32,0,0,176,0.0,0.0,1.0,176,4850,3600,1250,0.7422680412371134,61,36,25,191.73665990944212,0.41484172077922077,0.73326510601636,0.12103751793726797,1073092.5941129222,1100.237953753939,1074192.832066676,1916,5,909.9602272727273,72,104,42,36.05903447389204,0.6257233796296297,41.024543378995425,8287.214611872123,115.10020294266837,0
1918,32,0,0,176,0.0,0.0,1.0,176,4900,3800,1100,0.7755102040816326,60,38,22,194.96766218671604,0.4147050865800866,0.7335553785434867,0.11795446820154959,1060459.2800148106,1251.0533337391148,1061710.3333485497,1917,6,910.9602272727273,73,103,42,37.53411659102925,0.6097317351598174,42.55349099099099,8238.288288288277,112.85326422312708,6
1919,32,0,0,176,0.0,0.0,1.0,176,5300,3500,1800,0.660377358490566,71,35,36,195.20970922983727,0.41464353354978356,0.7344311590872814,0.11853234460601995,1061555.1449724874,945.1742363032286,1062500.3192087905,1918,7,911.9602272727273,75,101,43,37.392302541726515,0.6101388888888889,42.4205043859649,8242.54385964909,109.9005847953212,0
1920,32,2,0,178,0.011235955056179775,0.0,1.0,178,5850,4300,1550,0.7350427350427351,74,43,31,190.75671263717365,0.4165073054867856,0.7298218735967534,0.11649190398874953,1063266.9691693052,-884.9376611146758,1062382.0315081906,1919,0,902.7022471910112,81,97,43,37.29544465250742,0.6096965020576132,42.212906504065025,8249.186991869876,101.8418147144429,0
1921,32,3,1,180,0.016574585635359115,0.0055248618784530384,0.994475138121547,181,5500,4000,1500,0.7272727272727273,70,40,30,190.27629851729736,0.41890218948229996,0.733252697597321,0.11702212077403176,1065376.029084779,-1156.8385313387862,1064219.1905534402,1920,0,888.7237569060774,85,96,38,37.04742458380273,0.6107843137254902,41.95736434108524,8257.36434108518,97.14546283629623,0
1922,32,1,0,181,0.0055248618784530384,0.0,1.0,181,5600,4300,1300,0.7678571428571429,69,43,26,201.58192550800476,0.4186272252915899,0.7436930838262905,0.12234190315376633,1061408.7029416163,992.1620179846368,1062400.8649596008,1921,0,889.7182320441989,80,101,39,37.24629269023365,0.6078125,42.438271604938244,8241.975308641908,103.02469135802384,8
1923,32,0,2,179,0.0,0.011049723756906077,0.988950276243094,181,5050,3300,1750,0.6534653465346535,68,33,35,202.20006392758393,0.41857990587272353,0.7444218232725122,0.1231350434335338,1062428.8024034884,1714.6343528979846,1064143.4367563864,1922,1,890.7182320441989,81,100,41,37.10413072056529,0.6086676954732511,42.31453252032518,8245.93495934953,101.801666164809,0
1924,32,1,0,180,0.005555555555555556,0.0,1.0,180,5250,3600,1650,0.6857142857142857,69,36,33,203.5071252365519,0.41790813159528245,0.7442258143836142,0.1241955110148836,1063067.3756771141,2018.357111362639,1065085.7327884769,1923,0,896.6333333333333,83,97,42,36.99144456204497,0.6086847389558233,42.23710317460315,8248.41269841263,99.37846624593531,0
1925,32,0,1,179,0.0,0.005555555555555556,0.9944444444444445,180,6000,4400,1600,0.7333333333333333,76,44,32,204.25930846840754,0.41782472067039106,0.7444325791108228,0.1250522167649958,1064019.9149307825,1467.194404074964,1065487.1093348574,1924,1,897.6333333333333,86,94,42,36.854242114711965,0.6087693798449613,42.12164750957854,8252.107279693468,95.95473581038915,0
1926,32,1,1,179,0.005555555555555556,0.005555555555555556,0.9944444444444445,180,5550,4200,1350,0.7567567567567568,69,42,27,206.33656108946352,0.4175971187668115,0.7442546583850926,0.126794604333602,1065129.8487836982,2405.046022353847,1067534.894806052,1925,0,898.6055555555556,90,90,30,36.66343167701864,0.6087962962962963,41.987179487179496,8256.410256410281,91.73789173789201,0
1927,32,3,1,181,0.016483516483516484,0.005494505494505495,0.9945054945054945,182,5400,3800,1600,0.7037037037037037,70,38,32,208.80916325427438,0.419307672070103,0.7543697993191278,0.12956333273728765,1068010.523192116,2802.0767389013317,1070812.5999310175,1926,0,889.7142857142857,73,109,35,36.243688932476125,0.6190068493150684,41.63851351351353,8267.567567567607,113.25435024065214,0
1928,32,1,1,181,0.005494505494505495,0.005494505494505495,0.9945054945054945,182,5300,3500,1800,0.660377358490566,71,35,36,207.01573892316893,0.4189067148321292,0.7518556222515098,0.12938655110106884,1070158.489270735,2607.9300842566095,1072766.4193549918,1927,0,890.6923076923077,75,107,37,36.02497261822743,0.6206944444444444,41.37883771929824,8275.87719298244,110.34502923976586,0
1929,32,2,0,183,0.01092896174863388,0.0,1.0,183,4750,3200,1550,0.6736842105263158,63,32,31,207.44609084342642,0.4189347765167437,0.7554253723623594,0.1307038467072315,1072530.2050231956,3148.4396687121994,1075678.6446919078,1928,0,886.7704918032787,77,106,37,35.72147788036656,0.6227002164502164,41.092414529914535,8285.042735042749,107.59795759795777,0
1930,32,0,1,182,0.0,0.00546448087431694,0.994535519125683,183,5150,3500,1650,0.6796116504854369,68,35,33,202.93291985314724,0.418784653415801,0.745839918165154,0.12676234854206692,1069989.8832531916,1677.2342443798825,1071667.1174975715,1929,1,887.7704918032787,73,110,42,36.15135040734496,0.6214326484018264,41.399211711711736,8275.225225225273,113.35924966062018,8
1931,32,0,0,182,0.0,0.0,1.0,182,4750,2900,1850,0.6105263157894737,66,29,37,225.09902037334967,0.41849627122417177,0.7738010497414769,0.13483054801831626,1057446.2839105933,6456.02452114243,1063902.3084317357,1930,2,893.6428571428571,73,109,38,37.132624705689075,0.6060216894977168,42.91948198198196,8226.576576576525,112.69282981611677,8
1932,32,1,0,183,0.00546448087431694,0.0,1.0,183,4450,3100,1350,0.6966292134831461,58,31,27,231.2600198721287,0.4195402730238796,0.7785407453315472,0.13422062124228978,1047818.657346593,7413.712704072036,1055232.370050665,1931,0,889.7540983606557,72,111,35,38.17434760789564,0.5946180555555556,44.092465753424655,8189.041095890402,113.7366818873667,8
1933,32,1,0,184,0.005434782608695652,0.0,1.0,184,6150,4200,1950,0.6829268292682927,81,42,39,231.7731384769077,0.4205070236398194,0.7812698962916849,0.1351496877684133,1049258.777777779,5688.000000000113,1054946.777777779,1932,0,885.9130434782609,74,110,37,37.981342878837204,0.5954391891891893,43.91666666666667,8194.666666666677,110.73873873873887,0
1934,32,2,4,182,0.010752688172043012,0.021505376344086023,0.978494623655914,186,5550,4000,1550,0.7207207207207207,71,40,31,232.8756879870838,0.42192131647776804,0.7849069782208389,0.13669620611660738,1051292.4236721443,6214.089287651761,1057506.512959796,1933,0,877.3763440860215,63,123,37,37.69928513979723,0.6040013227513228,43.66861979166666,8202.60416666665,130.20006613756587,0
1935,32,1,0,183,0.00546448087431694,0.0,1.0,183,5200,3500,1700,0.6730769230769231,69,35,34,232.13120918674772,0.42119788226345606,0.781220329061759,0.1367959459373511,1052494.320339626,7063.355848524268,1059557.6761881502,1934,0,890.8306010928961,63,120,37,37.56848373313026,0.6054894179894179,43.522135416666664,8207.29166666666,130.2744708994708,0
1936,32,1,1,183,0.005434782608695652,0.005434782608695652,0.9945652173913043,184,5750,4000,1750,0.6956521739130435,75,40,35,229.94932187137482,0.4213490932129564,0.7768967927772321,0.13644100438598672,1054580.8310747251,5950.029392836748,1060530.860467562,1935,0,886.9836956521739,66,118,41,37.36450069642097,0.6062184343434344,43.26803482587064,8215.422885572134,124.47610432685052,0
1937,32,4,5,182,0.0213903743315508,0.026737967914438502,0.9732620320855615,187,4550,3500,1050,0.7692307692307693,56,35,21,224.399854766648,0.42484618480823416,0.7748462117822821,0.13424492141851932,1057070.3572955076,5491.286931047958,1062561.6442265555,1936,0,865.9144385026738,72,115,35,37.19732508003478,0.6060474537037037,42.965182648401814,8225.114155251114,114.23769660070992,0
1938,32,1,0,183,0.00546448087431694,0.0,1.0,183,4750,3700,1050,0.7789473684210526,58,37,21,229.77697301128853,0.42303814127584616,0.7761271758678439,0.13765408198553203,1057493.58386233,7247.5349357490695,1064741.1187980792,1937,0,880.327868852459,70,113,36,37.0064819570469,0.6075892857142857,42.9137323943662,8226.76056338029,117.52515090543272,0
1939,32,1,3,181,0.005434782608695652,0.016304347826086956,0.9836956521739131,184,5500,3900,1600,0.7090909090909091,71,39,32,232.8826686407864,0.4236525649402075,0.7808015226675875,0.14018836837812135,1058949.0712505986,7022.177133504261,1065971.248384103,1938,0,876.5380434782609,72,112,37,36.745659770369976,0.6083622685185186,42.73687214611872,8232.420091324195,114.33916793505826,0
1940,32,0,2,179,0.0,0.011049723756906077,0.988950276243094,181,5250,3700,1550,0.7047619047619048,68,37,31,235.66405026543282,0.42239487415592386,0.7801857627738988,0.142346758605232,1059975.842373439,8509.640039447793,1068485.4824128868,1939,1,891.6906077348066,64,117,40,36.54647386007513,0.6140950520833333,42.61217948717949,8236.410256410261,128.69391025641033,0
1941,32,3,0,182,0.016483516483516484,0.0,1.0,182,4500,3200,1300,0.7111111111111111,58,32,26,230.17472982846942,0.4246839141521462,0.776493396008201,0.13995222726880704,1061960.5590397934,7987.29695309503,1069947.8559928886,1940,0,884.3461538461538,67,115,39,36.44136242914336,0.6147388059701493,42.37132352941177,8244.117647058833,123.04653204565422,0
1942,32,2,0,184,0.010869565217391304,0.0,1.0,184,5450,4000,1450,0.7339449541284404,69,40,29,231.2764439253086,0.4259046834164885,0.7766470558719467,0.14162617573235417,1064090.490362819,6969.812925170484,1071060.3032879895,1941,0,875.7228260869565,69,115,44,36.14877861127142,0.616243961352657,42.11309523809526,8252.380952381009,119.59972394755086,0
1943,32,0,2,182,0.0,0.010869565217391304,0.9891304347826086,184,5500,3600,1900,0.6545454545454545,74,36,38,229.19229045187657,0.4260568870277976,0.7747949575652364,0.14079180556763116,1065028.7777831408,6519.276995456296,1071548.054778597,1942,1,876.7228260869565,71,113,35,36.086246939195114,0.616343896713615,41.99942129629631,8256.018518518555,116.28195096505007,0
1944,32,0,0,182,0.0,0.0,1.0,182,4750,3700,1050,0.7789473684210526,58,37,21,233.7837708843845,0.4246592495901888,0.7786712642630105,0.1438427430584611,1065506.6102162695,8669.63064771982,1074176.2408639893,1943,2,887.2362637362637,71,111,36,35.908563192614594,0.616930751173709,41.941550925925945,8257.870370370416,116.30803338549882,0
1945,32,1,2,181,0.00546448087431694,0.01092896174863388,0.9890710382513661,183,5250,4200,1050,0.8,63,42,21,230.50503589027238,0.4257303488860866,0.7765311523609413,0.14252677526797009,1066974.2253086492,7338.586419753539,1074312.8117284027,1944,0,883.3825136612022,74,109,39,35.81141648290579,0.6172578828828829,41.763888888888914,8263.555555555613,111.66966966967044,0
1946,32,1,1,181,0.005494505494505495,0.005494505494505495,0.9945054945054945,182,4900,2700,2200,0.5510204081632653,71,27,44,231.23223042447913,0.42533847368101513,0.7764568845922295,0.14367989786489554,1068430.2343192024,8111.101226915579,1076541.335546118,1945,0,889.1868131868132,65,117,40,35.61242848999368,0.6238782051282051,41.587752525252526,8269.191919191922,127.21833721833727,0
1947,32,0,0,181,0.0,0.0,1.0,181,4950,3500,1450,0.7070707070707071,64,35,29,235.22495002358477,0.4243388070390833,0.7772616585059313,0.14684161081353936,1069804.8827374068,9178.960015378634,1078983.8427527854,1946,1,894.8618784530387,67,114,42,35.3391587677725,0.6243781094527363,41.421568627450974,8274.509803921554,123.50014632718737,0
1948,32,0,0,181,0.0,0.0,1.0,181,4800,3400,1400,0.7083333333333334,62,34,28,232.67992101243686,0.42404465930018415,0.7753145415843259,0.14581562842222778,1070945.9740544476,8837.524930315143,1079783.4989847627,1947,2,895.8618784530387,67,114,42,35.263892178340924,0.6257773631840796,41.28370098039215,8278.921568627431,123.56599356160345,0
1949,32,0,0,181,0.0,0.0,1.0,181,4700,3400,1300,0.723404255319149,60,34,26,235.0124056731184,0.4239807141395539,0.7792745917490296,0.1479133945426454,1072214.566663063,9496.744941849352,1081711.3116049122,1948,3,896.8618784530387,67,114,43,35.0467606564491,0.6273320895522387,41.130514705882355,8283.82352941177,123.63915715539954,0
1950,32,1,1,181,0.005494505494505495,0.005494505494505495,0.9945054945054945,182,5800,4000,1800,0.6896551724137931,76,40,36,237.49506438261798,0.4240388409932609,0.7809902182990864,0.15031139236087004,1073850.550486017,8806.84112499737,1082657.3916110145,1949,0,892.9285714285714,70,112,35,34.78038754860876,0.6276785714285714,40.9330985915493,8290.14084507044,118.4305835010063,0
1951,32,0,1,180,0.0,0.0055248618784530384,0.994475138121547,181,4500,3100,1400,0.6888888888888889,59,31,28,239.3919943392548,0.42358809085328425,0.7826867850921624,0.1518269585642466,1074458.7748517736,10743.36578941581,1085202.1406411894,1950,5,898.8618784530387,70,111,36,34.65613146124668,0.628422619047619,40.85974178403757,8292.488262910818,118.4641180415831,0
1952,32,0,2,178,0.0,0.011111111111111112,0.9888888888888889,180,4450,3100,1350,0.6966292134831461,58,31,27,237.48013749830366,0.42351670804883096,0.7797267800225718,0.1509996133319592,1075205.7747127928,10618.003043552846,1085823.7777563457,1951,6,896.6611111111112,71,109,37,34.613470625441835,0.6288145539906103,40.76967592592593,8295.370370370381,116.83620239958283,0
1953,32,0,0,178,0.0,0.0,1.0,178,4950,3800,1150,0.7676767676767676,61,38,23,243.39493105038736,0.42195534183964956,0.784244022651204,0.155078825069893,1075805.9286319013,11819.14196459186,1087625.070596493,1952,7,907.6179775280899,71,107,39,34.38604260819431,0.6295481220657277,40.69733796296296,8297.685185185182,116.86880542514342,0
1954,32,0,0,178,0.0,0.0,1.0,178,5100,3800,1300,0.7450980392156863,64,38,26,245.51437866905422,0.4222039717302524,0.7864003904300281,0.15720990239680885,1077256.8278016648,12196.40814894436,1089453.2359506092,1953,8,908.6179775280899,60,118,36,34.1519962707031,0.6380208333333333,40.522540983606554,8303.27868852458,138.38797814207635,0
1955,32,0,0,178,0.0,0.0,1.0,178,4750,3000,1750,0.631578947368421,65,30,35,244.90916307911206,0.4222972079392285,0.7854273219554471,0.15740150509640286,1078328.4036351116,12468.501371741779,1090796.9050068534,1954,9,909.6179775280899,62,116,40,34.035517907564255,0.6379368279569892,40.3935185185185,8307.407407407369,133.99044205495755,0
1956,32,0,0,178,0.0,0.0,1.0,178,5100,4000,1100,0.7843137254901961,62,40,22,250.13421673148798,0.4220208055608456,0.7862070881813548,0.15569928040333028,1068952.34303261,12776.311409550712,1081728.6544421606,1955,10,910.6179775280899,65,113,36,35.05926757037308,0.6245192307692308,41.524621212121254,8271.21212121221,127.2494172494186,8
1957,32,0,0,178,0.0,0.0,1.0,178,4650,3200,1450,0.6881720430107527,61,32,29,248.0352088783106,0.4221510717535284,0.7842898329218337,0.15477213643833762,1069678.1323589562,12813.567798443402,1082491.7001573995,1956,11,911.6179775280899,67,111,38,35.02361168710629,0.6242226368159204,41.43688725490199,8274.019607843198,123.49282996780893,0
1958,32,0,0,178,0.0,0.0,1.0,178,4850,3600,1250,0.7422680412371134,61,36,25,241.53186108650246,0.42211073552127637,0.7771872252278258,0.15149419706266223,1071201.3699933323,11295.852098580319,1082497.2220919125,1957,12,912.6179775280899,72,106,37,35.00328590599093,0.6234085648148149,41.252853881278554,8279.90867579912,114.99873160832112,0
1959,32,0,0,178,0.0,0.0,1.0,178,5150,3700,1450,0.7184466019417476,66,37,29,244.57189588275924,0.4219712118326668,0.7804648462719512,0.1539539198702724,1072260.2500000042,11698.944444444707,1083959.194444449,1958,13,913.6179775280899,74,104,38,34.793645045335076,0.6237331081081081,41.125000000000014,8284.000000000033,111.94594594594639,0
1960,32,1,0,179,0.00558659217877095,0.0,1.0,179,4400,3400,1000,0.7727272727272727,54,34,20,249.59172857068683,0.4229555060364489,0.7866653039661766,0.15833041820575988,1074522.7263907199,13438.396933669617,1087961.1233243896,1959,0,909.5083798882681,77,102,33,34.38391093360818,0.6251352813852814,40.85202991452993,8292.73504273508,107.69785769785817,0
1961,32,1,0,180,0.005555555555555556,0.0,1.0,180,4300,3000,1300,0.6976744186046512,56,30,26,247.8466459886053,0.4233330746948065,0.7869929520547556,0.15753046277044958,1075093.3594375935,12991.656652246056,1088085.0160898396,1960,0,905.45,78,102,34,34.35862709191719,0.625400641025641,40.783227848101276,8294.936708860785,106.34534242129212,0
1962,32,0,0,180,0.0,0.0,1.0,180,5150,4000,1150,0.7766990291262136,63,40,23,247.4155290512083,0.4232936323194703,0.7838694657960705,0.1577342441769721,1075979.3376052126,12092.79941235263,1088072.1370175653,1961,1,906.45,80,100,34,34.26037275807919,0.6256510416666667,40.67644032921812,8298.353909465046,103.72942386831308,0
1963,32,1,2,179,0.0055248618784530384,0.011049723756906077,0.988950276243094,181,4900,3400,1500,0.6938775510204082,64,34,30,246.55305740257577,0.42341416001636994,0.7856771757311571,0.15808401915812195,1077641.7233560083,12039.172335600819,1089680.895691609,1962,0,902.4364640883978,69,112,35,34.077551605504595,0.6328502415458936,40.476190476190474,8304.7619047619,120.35886818495506,0
1964,32,1,0,180,0.005555555555555556,0.0,1.0,180,4300,3400,900,0.7906976744186046,52,34,18,242.1915878362376,0.42312293089178565,0.7809218304148957,0.15610704464087205,1079169.885036219,11973.173600394206,1091143.0586366132,1963,0,906.5444444444445,71,109,36,34.002342023657,0.633656103286385,40.29224537037036,8310.64814814812,117.05138236828338,0
1965,32,0,0,180,0.0,0.0,1.0,180,3900,2600,1300,0.6666666666666666,52,26,26,238.5259506536626,0.42307378957169456,0.7768733850129204,0.15411495360886848,1079867.3611111075,11615.277777777555,1091482.638888885,1964,1,907.5444444444445,74,106,38,34.01162790697673,0.6330236486486487,40.20833333333332,8313.333333333305,112.34234234234195,0
1966,32,1,0,181,0.0055248618784530384,0.0,1.0,181,4950,3800,1150,0.7676767676767676,61,38,23,237.23103591912337,0.42358681195007164,0.7772165003456599,0.15415266379417475,1081511.1129373906,10163.600336036037,1091674.7132734265,1965,0,903.5248618784531,77,104,40,33.842930278748014,0.6336580086580086,40.01068376068375,8319.658119658085,108.04750804750759,0
1967,32,1,0,182,0.005494505494505495,0.0,1.0,182,5450,3600,1850,0.6605504587155964,73,36,37,234.9869167724927,0.4238649242102281,0.7758190237190039,0.15323541744692876,1082530.281247935,9026.09062066235,1091556.3718685973,1966,0,899.554945054945,81,101,35,33.775924659764286,0.6332304526748971,39.88821138211382,8323.577235772362,102.76021278731311,0
1968,32,0,0,182,0.0,0.0,1.0,182,5800,4500,1300,0.7758620689655172,71,45,26,234.3879686746909,0.4237902980996904,0.7754070479220574,0.15342688429841148,1083623.1674382733,8597.646604938403,1092220.8140432118,1967,1,900.554945054945,83,99,38,33.65716032910831,0.633785140562249,39.75694444444445,8327.777777777792,100.33467202141918,0
1969,32,0,0,182,0.0,0.0,1.0,182,5150,3200,1950,0.6213592233009708,71,32,39,240.10415867942902,0.4237042883451723,0.7821385269721521,0.14999942517062867,1070025.3360638577,9833.506616257404,1079858.842680115,1968,2,901.554945054945,68,114,41,35.18571220081729,0.6240808823529411,41.394927536231904,8275.362318840622,121.69650468883268,8
1970,32,1,2,181,0.00546448087431694,0.01092896174863388,0.9890710382513661,183,5450,3800,1650,0.6972477064220184,71,38,33,237.30353472494852,0.42409776016333395,0.7780661744175925,0.1489703321763907,1071455.0123456882,8802.012345679443,1080257.0246913675,1969,0,897.6229508196722,74,109,40,35.08133408472879,0.6227477477477478,41.22222222222225,8280.88888888896,111.90390390390486,0
1971,32,0,2,179,0.0,0.011049723756906077,0.988950276243094,181,5200,3700,1500,0.7115384615384616,67,37,30,237.8777642229021,0.42353565582156744,0.7770850604166877,0.14987768004515525,1072530.2050231998,9626.217446490218,1082156.42246969,1970,1,904.2817679558011,77,104,44,34.93357877271714,0.6227002164502164,41.09241452991455,8285.042735042782,107.5979575979582,0
1972,32,0,0,179,0.0,0.0,1.0,179,4300,3100,1200,0.7209302325581395,55,31,24,234.7717424389111,0.42345636390266356,0.7735053136316483,0.14860809263658958,1073890.580213289,10323.832541081647,1084214.4127543706,1971,2,912.9888268156425,78,101,35,34.84599789630838,0.6239316239316239,40.92827004219411,8290.295358649822,106.28583793140798,0
1973,32,2,2,179,0.011049723756906077,0.011049723756906077,0.988950276243094,181,4900,3100,1800,0.6326530612244898,67,31,36,233.76492119327511,0.4243452015551463,0.7779630123291335,0.14903685796410543,1075989.6236552668,9205.725915711213,1085195.349570978,1972,0,903.889502762431,82,99,39,34.61309667844296,0.6248729674796748,40.67520080321286,8298.393574297213,101.1999216377709,0
1974,32,0,0,179,0.0,0.0,1.0,179,5200,3800,1400,0.7307692307692307,66,38,28,237.05659239233867,0.4231268177348147,0.7799725173728969,0.15170289599864561,1077081.8116929773,10065.868801540642,1087147.680494518,1973,1,914.9217877094972,63,116,36,34.39303525500283,0.6357473544973544,40.54361979166666,8302.604166666648,131.78736772486744,0
1975,32,0,1,178,0.0,0.00558659217877095,0.994413407821229,179,5300,3500,1800,0.660377358490566,71,35,36,232.49736034772434,0.4228783503860398,0.7743554819369882,0.14927407071765397,1078035.7913836967,9028.095171415895,1087063.8865551127,1974,2,915.9217877094972,68,111,38,34.39378077623978,0.6338848039215687,40.42874396135266,8306.280193236718,122.15117931230468,0
1976,32,1,0,179,0.00558659217877095,0.0,1.0,179,5000,3200,1800,0.64,68,32,36,232.05168071506046,0.4227488858200992,0.7751028257964558,0.1497803502391598,1079574.6579437521,9303.42276664693,1088878.080710399,1975,0,916.6480446927375,70,109,39,34.21585239574508,0.6346726190476191,40.243544600938975,8312.20657276997,118.74580818242815,0
1977,32,1,0,180,0.005555555555555556,0.0,1.0,180,4000,2400,1600,0.6,56,24,32,231.2405525575996,0.4234171322160149,0.7741784853753011,0.14994826147513968,1080911.5251193668,9990.115666896008,1090901.640786263,1976,0,912.55,72,108,41,34.07242199652303,0.6352719907407407,40.08276255707762,8317.351598173507,115.51877219685427,0
1978,32,1,0,181,0.0055248618784530384,0.0,1.0,181,4700,3300,1400,0.7021276595744681,61,33,28,230.54899571414498,0.423744117045222,0.775188638729355,0.1501773839229622,1082215.8771208415,9000.756723222385,1091216.6338440639,1977,0,908.5027624309392,75,106,37,33.93000658761528,0.6354166666666667,39.92598684210525,8322.368421052606,110.96491228070141,0
1979,32,0,0,181,0.0,0.0,1.0,181,5300,3800,1500,0.7169811320754716,68,38,30,232.39079261561716,0.423572744014733,0.7744175573194374,0.15204997573993206,1083491.735537188,8858.700642791406,1092350.4361799792,1978,1,909.5027624309392,76,105,38,33.725285055798146,0.6365131578947368,39.772727272727266,8327.27272727271,109.5693779904304,0
1980,32,0,1,180,0.0,0.0055248618784530384,0.994475138121547,181,5100,3400,1700,0.6666666666666666,68,34,34,231.4037919695523,0.4233604460814406,0.7741268788087416,0.15182612308523943,1084290.5600527748,8881.789438600113,1093172.349491375,1979,2,910.5027624309392,77,104,40,33.65283905333536,0.6370400432900433,39.676816239316224,8330.341880341843,108.1862581862577,0
1981,32,0,0,180,0.0,0.0,1.0,180,4900,3300,1600,0.673469387755102,65,33,32,231.82406197365816,0.4224711618042624,0.7735320595053237,0.15239885405645087,1084849.6946714337,9398.852569922728,1094248.5472413565,1980,3,916.5388888888889,78,102,41,33.57323104449393,0.6372863247863247,39.6097046413502,8332.48945147676,106.82678783944564,0
1982,32,0,0,180,0.0,0.0,1.0,180,5450,4000,1450,0.7339449541284404,69,40,29,231.39449843352745,0.4223276174218911,0.7746630304024491,0.15266026649900313,1085870.8744247248,8802.909270217195,1094673.783694942,1981,4,917.5388888888889,64,116,37,33.45905614337271,0.6458333333333333,39.4871794871795,8336.41025641029,130.2564102564108,0
1983,32,0,0,180,0.0,0.0,1.0,180,4350,3300,1050,0.7586206896551724,54,33,21,226.69534764010365,0.4223702927788124,0.7701314470612768,0.15031421344727464,1087306.4969454703,8947.464863279612,1096253.96180875,1982,5,918.5388888888889,65,115,41,33.4054181550322,0.6469551282051282,39.315025252525274,8341.919191919236,128.337218337219,0
1984,32,0,1,179,0.0,0.005555555555555556,0.9944444444444445,180,4450,3200,1250,0.7191011235955056,57,32,25,225.08661074079504,0.4221582091868405,0.768933010043193,0.14957023119431948,1087921.6479790132,8525.319299027426,1096446.9672780405,1983,6,919.5388888888889,66,114,41,33.3719641863423,0.6470959595959596,39.24129353233832,8344.278606965196,126.4284637418969,0
1985,32,0,0,179,0.0,0.0,1.0,179,4550,3200,1350,0.7032967032967034,59,32,27,226.56222351667682,0.4223134140982989,0.7680126831760339,0.15104997736595557,1088862.8558321777,8989.037944411437,1097851.893776589,1984,7,925.391061452514,70,109,40,33.21815889620006,0.6459821428571428,39.12852112676057,8347.887323943674,119.25553319919534,0
1986,32,0,0,179,0.0,0.0,1.0,179,5400,4100,1300,0.7592592592592593,67,41,26,226.67108708070452,0.422015253279769,0.7689972083839509,0.1515754117593786,1089711.9567200437,8201.238766914837,1097913.1954869586,1985,8,926.391061452514,72,107,43,33.11131919004135,0.6459780092592593,39.026826484018265,8351.141552511419,115.98807711821415,0
1987,32,0,0,179,0.0,0.0,1.0,179,5400,3500,1900,0.6481481481481481,73,35,38,226.5533558980851,0.4217524009792229,0.7685431886549197,0.15233760137974695,1091278.6989795924,8246.570294784568,1099525.269274377,1986,9,927.391061452514,76,103,36,32.922602089268764,0.645970394736842,38.839285714285715,8357.142857142862,109.96240601503766,0
1988,32,0,0,179,0.0,0.0,1.0,179,4050,2700,1350,0.6666666666666666,54,27,27,227.7109794960091,0.42145685560646956,0.769168349448756,0.15356927664172654,1092113.1874343501,9887.232726236936,1102000.4201605872,1987,10,928.391061452514,78,101,37,32.790261936004825,0.6461004273504274,38.73945147679325,8360.337552742618,107.18381477875151,0
1989,32,0,1,178,0.0,0.00558659217877095,0.994413407821229,179,5600,4100,1500,0.7321428571428571,71,41,30,225.21142435662415,0.4216425522566066,0.7665028812295345,0.15235975609546126,1092995.2576154137,7831.003756520705,1100826.2613719346,1988,11,929.391061452514,78,101,39,32.747704570679055,0.6471688034188035,38.63396624472575,8363.7130801688,107.22709077139487,0
1990,32,0,0,178,0.0,0.0,1.0,178,4500,2700,1800,0.6,63,27,36,224.22711928058538,0.4215466895194566,0.7642377410684995,0.15217824306215447,1093891.8686224532,8956.044501134,1102847.9131235871,1989,12,935.3483146067416,69,109,39,32.6638471534536,0.6526268115942029,38.52678571428573,8367.14285714289,121.2629399585926,0
1991,32,0,1,177,0.0,0.0056179775280898875,0.9943820224719101,178,4650,3500,1150,0.7526881720430108,58,35,23,219.71609726707632,0.4214785807994244,0.7598458734186131,0.14983545554737235,1095240.8617392974,7878.409541757803,1103119.2712810552,1990,13,936.3483146067416,70,108,39,32.61708162769395,0.653720238095238,38.36561032863851,8372.3004694836,119.60429242119429,0
1992,32,0,0,177,0.0,0.0,1.0,177,4400,3000,1400,0.6818181818181818,58,30,28,218.7424166113416,0.42094274310905666,0.7655360473603117,0.14197877351481464,1081186.10925472,7500.252468998191,1088686.361723718,1991,14,942.4971751412429,66,111,40,34.36353668261563,0.6388888888888888,40.04975124378109,8318.407960198992,126.03648424543928,8
1993,32,1,1,177,0.0056179775280898875,0.0056179775280898875,0.9943820224719101,178,4850,3800,1050,0.7835051546391752,59,38,21,220.62700181183575,0.4216333132313422,0.7671616151034688,0.1440874812355739,1082962.3334750528,7336.146541949873,1090298.4800170027,1992,0,938.1966292134831,69,109,36,34.096396022803106,0.6393417874396135,39.83630952380951,8325.238095238066,120.65562456866763,0
1994,32,0,3,174,0.0,0.01694915254237288,0.9830508474576272,177,4600,3200,1400,0.6956521739130435,60,32,28,224.0297142697527,0.42074746404725216,0.7699969007300325,0.14657377506464728,1083480.628981239,8546.371145495568,1092027.0001267346,1993,16,944.4971751412429,70,107,37,33.944226757625266,0.6394345238095238,39.774061032863834,8327.230046948327,118.96042924211896,0
1995,32,0,0,174,0.0,0.0,1.0,174,4500,2600,1900,0.5777777777777777,64,26,38,226.96100149421795,0.41945371846831886,0.7698999377986322,0.14872803598486434,1083937.4934362439,9902.307813483974,1093839.8012497278,1994,18,957.0344827586207,68,106,38,33.811843860564906,0.6410845588235294,39.71920289855069,8328.985507246307,122.48508098891628,0
1996,32,0,0,174,0.0,0.0,1.0,174,5300,3700,1600,0.6981132075471698,69,37,32,227.3119436961801,0.41915957965140743,0.770219235512994,0.14916505654382367,1084336.0003526548,9196.504771980359,1093532.5051246353,1995,19,958.0344827586207,70,104,38,33.753780620679265,0.6404761904761904,39.67136150234739,8330.516431924814,119.00737759892591,0
1997,32,0,0,174,0.0,0.0,1.0,174,5000,3500,1500,0.7,65,35,30,232.27100427370831,0.4191415852767258,0.773914496535379,0.15295705933609755,1085345.0351333949,10618.836258783364,1095963.8713921783,1996,20,959.0344827586207,62,112,38,33.50077238869141,0.646505376344086,39.55026455026455,8334.391534391534,134.4256699095409,0
1998,32,0,0,174,0.0,0.0,1.0,174,4650,3300,1350,0.7096774193548387,60,33,27,267.993246897998,0.4189561047992381,0.7975941179207959,0.1614495902044041,1059184.0277777803,17320.833333333478,1076504.8611111138,1997,21,960.0344827586207,61,113,38,35.81309041835356,0.6150956284153005,42.70833333333334,8233.333333333354,134.97267759562877,8
1999,32,0,0,174,0.0,0.0,1.0,174,5500,4200,1300,0.7636363636363637,68,42,26,267.2505361770784,0.4188668250171639,0.7975410718831375,0.1617279017896346,1060538.627269933,16385.90335487869,1076924.5306248118,1998,22,961.0344827586207,56,118,37,35.66333049403746,0.6205357142857143,42.54385964912282,8238.596491228102,147.1177944862161,0
2000,32,1,0,175,0.005714285714285714,0.0,1.0,175,4450,2700,1750,0.6067415730337079,62,27,35,263.8247994420218,0.41984948002189376,0.7968761639197322,0.16043097702398557,1061995.3975508711,16586.144553442045,1078581.5421043132,1999,0,956.5371428571428,57,118,37,35.57010282328338,0.6215277777777778,42.36709770114945,8244.252873563262,144.63601532567128,0
2001,32.304411493777785,1,0,176,0.005681818181818182,0.0,1.0,176,4850,3500,1350,0.7216494845360825,62,35,27,262.24642209269325,0.42074945887445886,0.7964030070552772,0.15998894760264293,1073078.6785853016,16232.208816590402,1089310.887401892,2000,0,952.0965909090909,58,118,40,35.48987373564402,0.6219468390804598,42.249293785310755,8326.484876371189,143.56008407536532,0
2002,32.417502958862734,0,0,176,0.0,0.0,1.0,176,5100,4200,900,0.8235294117647058,60,42,18,264.6955207952006,0.42073795995671,0.7987830814231272,0.162461822008133,1078664.896809257,16803.55332488588,1095468.450134143,2001,1,953.0965909090909,62,114,36,35.2020841345127,0.6213037634408602,42.03042328042331,8362.729516603496,134.88273413876607,0
2003,32.28630971530125,0,1,175,0.0,0.005681818181818182,0.9943181818181818,176,5850,4500,1350,0.7692307692307693,72,45,27,265.83443543857584,0.4208150703463203,0.799019573255058,0.16371944867067995,1075327.3499554647,16121.80779741445,1091449.1577528792,2002,2,954.0965909090909,64,112,36,35.04605195073995,0.6212565104166667,41.9070512820513,8332.868877643092,130.2010762131733,0
2004,31.805746369887714,1,1,175,0.005681818181818182,0.005681818181818182,0.9943181818181818,176,4600,3500,1100,0.7608695652173914,57,35,22,266.77624848718034,0.4211803300865801,0.8003675018339813,0.16466533958346713,1059979.5759682637,16755.474949969383,1076735.050918233,2003,0,955.0795454545455,64,112,37,34.93947858472999,0.6220703125,41.826923076923094,8211.387404148933,128.30292818982707,0
2005,31.56261813430094,1,1,175,0.005681818181818182,0.005681818181818182,0.9943181818181818,176,5100,3900,1200,0.7647058823529411,63,39,24,266.09993506177653,0.4213392857142857,0.7999289216893513,0.1646251777024648,1052549.4539685247,15716.668270066719,1068266.1222385913,2004,0,955.4659090909091,66,110,39,34.87222322557343,0.6216856060606061,41.744402985074636,8151.222789628019,123.50337560042453,0
2006,31.913802579483754,1,1,175,0.005681818181818182,0.005681818181818182,0.9943181818181818,176,5550,3900,1650,0.7027027027027027,72,39,33,263.70599986504857,0.4215638528138528,0.7991016611915065,0.16391501292710528,1065654.9966215051,15453.923279051673,1081108.9199005568,2005,0,956.4318181818181,56,120,39,34.760477806850055,0.6303943452380952,41.57529239766081,8247.315100081854,147.2734839300331,0
2007,31.972529513945304,0,0,175,0.0,0.0,1.0,175,4100,2700,1400,0.6585365853658537,55,27,28,263.1678807365469,0.4213368910782704,0.7972041964844019,0.1639020037836916,1068196.6185693864,17123.0080637701,1085319.6266331566,2006,1,956.0228571428571,57,118,40,34.702271358762346,0.6302997076023391,41.50502873563217,8264.738097956428,144.99540522730575,0
2008,32.14570986109278,0,0,175,0.0,0.0,1.0,175,4750,3700,1050,0.7789473684210526,58,37,21,268.21607137522534,0.42160509031198684,0.799658243033678,0.16752924509308828,1074840.1940015913,17907.88283825825,1092748.0768398496,2007,2,957.0228571428571,58,117,41,34.46581780114245,0.6305675287356323,41.40183615819208,8312.821545470078,143.32450940465654,0
2009,31.832963506033142,2,1,176,0.011299435028248588,0.005649717514124294,0.9943502824858758,177,4450,3700,750,0.8314606741573034,52,37,15,261.9972975701171,0.42326335387776065,0.7966809606023633,0.1645146504065432,1065937.7954606034,16004.564357705134,1081942.3598183086,2008,0,947.1977401129943,61,116,42,34.432889155792175,0.6302937158469946,41.21303763440859,8237.955928821024,135.048457849525,0
2010,32.21501340867515,0,2,174,0.0,0.011363636363636364,0.9886363636363636,176,4900,3300,1600,0.673469387755102,65,33,32,260.5810758674207,0.4231709956709957,0.7966445898499845,0.16466327363707672,1080601.4705820698,16216.858757638378,1096818.3293397082,2009,1,952.9261363636364,62,114,35,34.239413767422064,0.631888440860215,40.9887566137566,8344.050678685424,134.58146255944231,0
2011,32.31558442282778,2,2,174,0.011363636363636364,0.011363636363636364,0.9886363636363636,176,5300,3900,1400,0.7358490566037735,67,39,28,262.1072555676176,0.42468208874458874,0.7973789151327046,0.16712007435900325,1086624.9507635417,16462.45673518577,1103087.4074987276,2010,0,950.2556818181819,65,111,38,33.875182581705324,0.633173076923077,40.67234848484848,8380.324615711523,128.9280710109465,0
2012,31.83798925431181,0,1,173,0.0,0.005747126436781609,0.9942528735632183,174,5200,3800,1400,0.7307692307692307,66,38,28,268.5440557410368,0.42341386508094697,0.800881687670222,0.17145505097312325,1070956.5818991878,17519.80480515306,1088476.3867043408,2011,1,962.1551724137931,55,119,39,33.65963855421687,0.6409090909090909,40.62499999999999,8257.97846283711,150.14506296067475,0
2013,31.47529468592594,0,0,173,0.0,0.0,1.0,173,4050,2700,1350,0.6666666666666666,54,27,27,260.37867474360655,0.4232885804543622,0.7934330857539313,0.1674188199433636,1060775.2482790567,16590.65066954402,1077365.8989486007,2012,2,968.4913294797688,58,115,38,33.61781706902414,0.6409841954022988,40.37782485875705,8171.684469571678,140.89111154433928,0
2014,31.176965670445878,0,1,172,0.0,0.005780346820809248,0.9942196531791907,173,4550,3100,1450,0.6813186813186813,60,31,29,262.7680129917127,0.4230673365595734,0.7954063729207848,0.16938288655162528,1051435.6670914553,16106.732206047458,1067542.3992975028,2013,3,969.4913294797688,58,115,39,33.46518808067074,0.641882183908046,40.289548022598865,8096.983845555408,139.60316975095532,0
2015,31.2376321324324,0,1,171,0.0,0.005813953488372093,0.9941860465116279,172,4200,3100,1100,0.7380952380952381,53,31,22,262.3713029909304,0.4225245364703749,0.7936778644858293,0.16994530655435924,1054845.174346339,16752.220569388875,1071597.394915728,2014,4,976.0755813953489,59,113,42,33.303062440154115,0.6428319209039548,40.121527777777786,8117.988114416343,137.5930188884126,0
2016,31.277023613159507,1,1,171,0.005813953488372093,0.005813953488372093,0.9941860465116279,172,5350,3900,1450,0.7289719626168224,68,39,29,259.74109800909,0.4228213257627272,0.7917746153564145,0.1686987404475419,1056941.2232926134,15156.21477381879,1072097.4380664323,2015,0,976.3779069767442,60,112,38,33.274763531266416,0.6430555555555555,40.02732240437158,8131.171575934766,135.51952626557943,0
2017,31.594762444122154,0,0,171,0.0,0.0,1.0,171,4550,3100,1450,0.6813186813186813,60,31,29,264.68758522712085,0.4220014906547414,0.7955090217756231,0.17239217507401175,1068473.507783262,17812.33453086055,1086285.8423141227,2016,6,983.0877192982456,59,112,38,33.046840231419665,0.644774011299435,39.93055555555556,8216.832316197047,139.26834434232285,0
2018,31.56915337996925,0,0,171,0.0,0.0,1.0,171,4900,3500,1400,0.7142857142857143,63,35,28,264.5495455099755,0.42208605664488014,0.7960506807748815,0.17304575009293383,1068829.5603179233,17451.67488194662,1086281.2351998698,2017,7,984.0877192982456,62,109,38,32.89768394967595,0.6441532258064516,39.781746031746025,8214.869971791588,132.49790277083207,0
2019,31.889679860671947,0,0,171,0.0,0.0,1.0,171,4050,3100,950,0.7654320987654321,50,31,19,261.8664033341295,0.4220373237014104,0.7937579756501356,0.1717281347987983,1080411.366442996,18334.6877303476,1098746.0541733436,2018,8,985.0877192982456,65,106,40,32.87726863922068,0.6431089743589744,39.693813131313114,8301.080964994631,127.70893792299432,0
2020,31.836865918697907,0,0,171,0.0,0.0,1.0,171,4900,3900,1000,0.7959183673469388,59,39,20,264.2640527565494,0.4219699575736728,0.7964596726830289,0.17395380514386377,1079694.8548703403,17964.907617686178,1097659.7624880264,2019,9,986.0877192982456,54,117,42,32.68201706542555,0.6525848765432098,39.564393939393945,8291.453470606351,153.54543464085836,0
2021,31.755620286036276,0,0,171,0.0,0.0,1.0,171,4300,3100,1200,0.7209302325581395,55,31,24,263.41804227473597,0.4218266253869969,0.7955988786760553,0.17386583883600173,1077706.0689901938,18277.444568199757,1095983.5135583936,2020,10,987.0877192982456,55,116,41,32.608941406064055,0.6526515151515151,39.4717261904762,8273.236936871743,150.4224897613044,0
2022,31.512796480130127,0,0,171,0.0,0.0,1.0,171,4500,3400,1100,0.7555555555555555,56,34,22,230.9842585353548,0.42150842793257653,0.7637751717735151,0.15483523977997551,1073798.5886912886,10906.114165033341,1084704.702856322,2021,11,988.0877192982456,74,97,33,32.914472050790934,0.6458333333333333,38.94444444444443,8226.590592229493,111.1701431382364,8
2023,31.75698276449774,0,0,171,0.0,0.0,1.0,171,3750,2600,1150,0.6933333333333334,49,26,23,230.2092217793272,0.42112143102855176,0.763805766588225,0.15469598956021804,1082810.2083734446,11904.579080872225,1094714.7874543169,2022,12,989.0877192982456,74,97,33,32.849453072368185,0.646677927927928,38.8611111111111,8292.983193584512,112.06734045384476,0
2024,31.43175320580986,0,0,171,0.0,0.0,1.0,171,5200,4100,1100,0.7884615384615384,63,41,22,226.952153302752,0.4209107327141383,0.7599174774720527,0.1528782424032918,1072394.9433142284,9276.468315229222,1081671.4116294577,2023,13,990.0877192982456,78,93,34,32.85054178654955,0.6456997863247863,38.77900843881856,8210.633738927978,105.26453511446125,0
2025,31.159874422104597,0,0,171,0.0,0.0,1.0,171,4400,2900,1500,0.6590909090909091,59,29,30,209.6517137764806,0.4205782020410503,0.7468910438308625,0.13941486017122817,1059560.497000273,5827.734809193175,1065388.2318094661,2024,14,991.0877192982456,70,101,40,33.74917955930613,0.6450892857142857,39.216549295774634,8125.9795753067365,116.08542250438195,8
2026,31.202833492896065,0,0,171,0.0,0.0,1.0,171,5100,3700,1400,0.7254901960784313,65,37,28,211.20601711744123,0.4206312349501204,0.74701119685249,0.1411440931983821,1062389.7893346623,5576.623206322216,1067966.4125409846,2025,15,992.0877192982456,73,98,41,33.53696910849786,0.6452625570776256,39.048423423423415,8142.428593627618,111.54011772092628,0
2027,31.442436723911054,0,0,171,0.0,0.0,1.0,171,5100,3700,1400,0.7254901960784313,65,37,28,211.78944926032156,0.4204692695791767,0.7465906380564828,0.14222068374544874,1071894.6501155184,6103.195522610021,1077997.8456381285,2026,16,993.0877192982456,75,96,38,33.354165573110755,0.6459722222222222,38.88432017543859,8210.113240504772,109.46817654006362,0
2028,31.76656474062275,0,0,171,0.0,0.0,1.0,171,4650,3300,1350,0.7096774193548387,60,33,27,210.25761901109507,0.4205036693039789,0.7435803879545742,0.14157727507171286,1083708.6982692145,6721.602119939624,1090430.300389154,2027,17,994.0877192982456,78,93,38,33.30010095911156,0.6455662393162394,38.792194092827,8297.674677106232,106.38044457828502,0
2029,31.573524735915083,0,0,171,0.0,0.0,1.0,171,3550,2200,1350,0.6197183098591549,49,22,27,209.22987039911345,0.42009660589381953,0.7425407314545283,0.14121590980343401,1077775.7562524702,7350.57636000205,1085126.3326124724,2028,18,995.0877192982456,78,93,39,33.246177331449324,0.6463675213675213,38.713080168776365,8249.749026462185,105.7660131597716,0
2030,31.269954134361083,0,0,171,0.0,0.0,1.0,171,5150,3800,1350,0.7378640776699029,65,38,27,208.51649257234538,0.4199332072010091,0.7422032086053882,0.1410748733368956,1068078.3628545443,5192.390802968441,1073270.7536575128,2029,19,996.0877192982456,80,91,40,33.18172685823,0.6463541666666667,38.63168724279835,8172.9751520930295,102.16218940116286,0
2031,30.96895599075099,0,1,170,0.0,0.005847953216374269,0.9941520467836258,171,5400,4000,1400,0.7407407407407407,68,40,28,211.7267586603296,0.41933981194817105,0.7454837514887767,0.14382196868720423,1058887.5478637791,5238.965658996505,1064126.5135227756,2030,20,997.0877192982456,69,102,37,32.960306056639915,0.6529287439613527,38.49702380952381,8098.474161093263,117.36919074048208,0
2032,31.090564380547377,0,0,170,0.0,0.0,1.0,170,4800,3700,1100,0.7708333333333334,59,37,22,190.32594229386393,0.41880801137022855,0.7062952395596624,0.1211261033859113,1044904.2736766251,974.4780988782804,1045878.7517755034,2031,21,1003.7941176470588,82,88,41,35.80352244489625,0.6242378048780488,40.73795180722895,8060.603400770017,98.30004147280509,8
2033,30.756252015853505,0,0,170,0.0,0.0,1.0,170,3950,3000,950,0.759493670886076,49,30,19,189.1289302432117,0.419008875739645,0.7046969750459606,0.12066927122233452,1034378.4133198761,1176.1765555722855,1035554.5898754484,2032,22,1004.7941176470588,86,84,44,35.743867626917876,0.6236676356589148,40.648946360153296,7976.666366324367,92.7519344921438,0
2034,31.271641952918216,0,1,169,0.0,0.0058823529411764705,0.9941176470588236,170,5200,4000,1200,0.7692307692307693,64,40,24,186.87793864483297,0.4187231697412693,0.7020935751822341,0.11976952848767808,1052989.4535503972,156.09969884955171,1053145.5532492467,2033,23,1005.7941176470588,77,93,43,35.64181075888572,0.6287878787878788,40.491452991452995,8115.258365773337,105.39296578926411,0
2035,31.43687796192244,0,0,169,0.0,0.0,1.0,169,3900,2500,1400,0.6410256410256411,53,25,28,185.04183241027803,0.4185289870386024,0.6969866633247583,0.11894510735638165,1059400.2785187787,1506.67375861475,1060906.9522773935,2034,24,1001.8757396449704,78,91,43,35.58374388406383,0.6294070512820513,40.38765822784811,8161.401505700052,104.63335263718015,0
2036,31.021493465590748,0,0,169,0.0,0.0,1.0,169,3850,2800,1050,0.7272727272727273,49,28,21,189.58823362711422,0.4186537287498826,0.7024633005131375,0.1192725976109825,1039305.0237958634,1758.0007322489628,1041063.0245281124,2035,25,1002.8757396449704,83,86,49,36.238262910798156,0.6197289156626506,41.14583333333335,8030.042839790978,96.7475040938672,8
2037,30.73544049351104,1,1,169,0.0058823529411764705,0.0058823529411764705,0.9941176470588236,170,5200,3700,1500,0.7115384615384616,67,37,30,187.69573758147794,0.4192206172409792,0.7018135099891605,0.11852658774268086,1030781.7669583386,-505.3311930429618,1030276.4357652956,2036,0,997.9705882352941,85,85,39,36.15151373429367,0.620343137254902,41.01259689922482,7960.091916572859,93.64814019497481,0
2038,30.764896005310817,0,0,169,0.0,0.0,1.0,169,4650,3300,1350,0.7096774193548387,60,33,27,201.7276567329785,0.41869188503803884,0.7302008619303881,0.12278384146030918,1021273.1969531891,2753.809781112983,1024027.006734302,2037,27,1004.8757396449704,74,95,44,37.135484044846955,0.6114864864864865,42.33333333333334,7927.088204035104,107.12281356804195,8
2039,30.73764371441633,2,1,170,0.011695906432748537,0.005847953216374269,0.9941520467836258,171,4350,3300,1050,0.7586206896551724,54,33,21,199.79826639651918,0.42030730420823303,0.7295445125238107,0.12225857963993778,1021899.1147310783,2284.7343110815714,1024183.8490421599,2038,0,994.1111111111111,76,95,47,36.9881564450973,0.6125274122807017,42.14015151515152,7926.004150980672,104.28952830237726,0
2040,30.898532324499932,3,0,173,0.017341040462427744,0.0,1.0,173,5550,4200,1350,0.7567567567567568,69,42,27,224.35331579730752,0.4226094457140297,0.7618698940856463,0.13251372105725903,1016937.384108317,5480.654816588386,1022418.0389249054,2039,0,982.8554913294797,69,104,36,37.68143524157532,0.6028079710144927,43.437500000000014,7927.404699504542,114.88992318122524,8
2041,31.331244933686694,0,0,173,0.0,0.0,1.0,173,5600,4600,1000,0.8214285714285714,66,46,20,222.88325144888177,0.42246241654344224,0.7584844617027915,0.13205612407979195,1032108.1977334942,5807.926191577281,1037916.1239250716,2040,1,983.8554913294797,72,101,40,37.60099325476243,0.6024305555555556,43.321917808219176,8042.0438622596475,111.69505364249511,0
2042,31.70818127069727,1,0,174,0.005747126436781609,0.0,1.0,174,6000,4700,1300,0.7833333333333333,73,47,26,222.0559963867993,0.4230145283812814,0.7584651961334556,0.1321405943566918,1045838.2185781526,5646.92953715328,1051485.148115306,2041,0,979.1954022988506,75,99,39,37.45736387569596,0.602638888888889,43.160635964912274,8143.90911227515,108.58545483033532,0
2043,31.573133239048378,3,1,176,0.01694915254237288,0.005649717514124294,0.9943502824858758,177,4650,3300,1350,0.7096774193548387,60,33,27,218.15943404198168,0.4253793228899161,0.7590700735710127,0.13072741407502902,1043462.7140594482,5478.247028624282,1048940.9610880725,2042,0,963.5819209039548,84,93,39,37.295628962295616,0.6015625,42.904411764705905,8117.313262524523,96.63468169672052,0
2044,31.840592816606886,1,0,177,0.005649717514124294,0.0,1.0,177,4750,3400,1350,0.7157894736842105,61,34,27,218.33583817834023,0.4254247988358158,0.7601386944897228,0.1312336450964504,1053221.2246140959,5841.187772667732,1059062.4123867636,2043,0,964.5706214689266,86,91,40,37.17637634608821,0.6019864341085271,42.792145593869755,8189.650561378762,95.22849489975304,0
2045,31.630930012570204,2,1,178,0.0111731843575419,0.00558659217877095,0.994413407821229,179,4250,2700,1550,0.6352941176470588,58,27,31,198.63474556453312,0.42681721172556647,0.7422039385785602,0.1173276190949497,1041053.7527842029,1307.8894606580507,1042361.642244861,2044,0,954.7821229050279,72,107,41,38.33982202447165,0.6012731481481481,43.436073059360695,8115.355616809447,112.71327245568676,8
2046,31.8716505288574,1,2,177,0.00558659217877095,0.0111731843575419,0.9888268156424581,179,5850,4000,1850,0.6837606837606838,77,40,37,199.26544562882646,0.4265438976419141,0.7413026476755753,0.11849053172793665,1051005.580567705,235.81907404099138,1051241.399641746,2045,0,955.7653631284916,75,104,46,38.07067344469943,0.6023611111111111,43.188048245614,8185.020777949485,109.1336103726598,0
2047,31.886007697715804,3,2,178,0.016666666666666666,0.011111111111111112,0.9888888888888889,180,4750,3400,1350,0.7157894736842105,61,34,27,194.65647117229923,0.42814375129319265,0.7373132438592045,0.11664619190582791,1053809.203102968,276.1561529830615,1054085.359255951,2046,0,950.6055555555556,79,101,41,37.89909892799862,0.6035073839662447,42.903645833333314,8197.776328012958,103.76932060775897,0
2048,31.8160986998985,0,0,178,0.0,0.0,1.0,178,4700,3000,1700,0.6382978723404256,64,30,34,198.60708514154595,0.4267447734822997,0.7394760510696967,0.11913370554737793,1051802.1289460375,1479.070995128643,1053281.1999411662,2047,1,962.2865168539325,78,100,42,37.759708903816865,0.6043002136752137,42.86656118143457,8180.982868495716,104.88439574994507,0
2049,32.26962816129994,1,0,179,0.00558659217877095,0.0,1.0,179,4650,3100,1550,0.6666666666666666,62,31,31,197.83966300054058,0.42769861695227335,0.7413204261190147,0.11918633356374059,1068108.58533678,1812.8485142026284,1069921.4338509825,2048,0,957.9050279329609,73,106,43,37.618083670715244,0.608162100456621,42.70833333333334,8302.706412334484,113.73570427855458,0
2050,31.867571659706744,2,0,181,0.011049723756906077,0.0,1.0,181,4700,3100,1600,0.6595744680851063,63,31,32,191.35730117058262,0.4284530386740331,0.73485675154547,0.11617305563435074,1057110.3291263732,-442.8440757660278,1056667.4850506072,2049,0,948.3093922651934,73,108,44,37.49795059569356,0.6110159817351598,42.426801801801815,8208.232351200957,112.44153905754736,0
2051,32.21579286756762,0,1,180,0.0,0.0055248618784530384,0.994475138121547,181,4100,2700,1400,0.6585365853658537,55,27,28,192.73797396113923,0.4281716799672601,0.7362803516517165,0.11754301792277916,1070030.2559784902,947.0927228826549,1070977.348701373,2050,1,949.3093922651934,76,105,44,37.29431293302541,0.6112938596491229,42.26190476190476,8303.237090271887,109.25311960884062,0
2052,32.30022330993088,1,0,181,0.0055248618784530384,0.0,1.0,181,5000,3700,1300,0.74,63,37,26,190.91215233133104,0.4280834356455903,0.7329998544973733,0.11677469936938267,1073728.5998066806,-202.43239824023476,1073526.1674084403,2051,0,950.2651933701658,78,103,45,37.23195261229013,0.6115117521367521,42.15453586497889,8328.466071013925,106.77520603864006,0
2053,32.65007413698825,1,0,182,0.005494505494505495,0.0,1.0,182,5850,4000,1850,0.6837606837606838,77,40,37,187.44796845661153,0.4284367221176613,0.730280272149558,0.11540958153717847,1087353.3971248663,-1485.5629429096784,1085867.8341819565,2052,0,946.0384615384615,82,100,45,37.07996985022369,0.6122967479674797,41.91767068273092,8426.407185655451,102.76106323970062,0
2054,32.72983929221729,0,2,180,0.0,0.01098901098901099,0.989010989010989,182,5050,3500,1550,0.693069306930693,66,35,31,188.4158906609838,0.42832541537652036,0.731002184196069,0.11658164888779675,1091516.7048988496,-318.18157502837676,1091198.5233238211,2053,1,947.0384615384615,85,97,45,36.87329987806019,0.6129901960784314,41.7393410852713,8452.829861781167,99.4450571974255,0
2055,32.63563244827137,1,0,181,0.0055248618784530384,0.0,1.0,181,4400,3100,1300,0.7045454545454546,57,31,26,191.3517441302237,0.42769081235932066,0.7356559381370413,0.11878799785233166,1089369.4630533874,1090.5493514942987,1090460.0124048817,2054,0,953.182320441989,68,113,47,36.677256792287444,0.6217830882352942,41.62137681159421,8432.349778867236,124.00514380687112,0
2056,32.152436727547425,0,1,180,0.0,0.0055248618784530384,0.994475138121547,181,4750,3300,1450,0.6947368421052632,62,33,29,191.17672337695745,0.42782893390628196,0.7358018110453344,0.11907245829261848,1074224.3463769872,123.33814242125482,1074347.6845194085,2055,1,954.182320441989,69,112,43,36.56111478901617,0.6224335748792271,41.50297619047619,8311.309202295037,120.45375655500054,0
2057,31.975674219626548,0,1,179,0.0,0.005555555555555556,0.9944444444444445,180,5300,3700,1600,0.6981132075471698,69,37,32,191.54354723043446,0.42755793503000206,0.7353167278806296,0.11986724119471262,1069716.5245720255,-320.54047049242763,1069395.9841015332,2056,2,959.6611111111112,71,109,44,36.37933003337249,0.6230927230046948,41.33391203703704,8271.02256036897,116.49327549815452,0
2058,31.618193295189734,0,1,178,0.0,0.00558659217877095,0.994413407821229,179,4500,3200,1300,0.7111111111111111,58,32,26,187.5628411376034,0.42734160860377046,0.7278548432913536,0.11772561305445385,1058623.1423183684,-588.3271465496109,1058034.8151718187,2057,3,954.5586592178771,75,104,47,36.37447033898305,0.6222222222222222,41.22807017543862,8181.900896562307,109.0920119541641,0
2059,31.53669632383199,0,0,178,0.0,0.0,1.0,178,4400,2600,1800,0.5909090909090909,62,26,36,187.79214551541932,0.4268836359212002,0.7269551639837379,0.11827610568427344,1056892.8159152619,-304.7661038877559,1056588.0498113742,2058,4,960.629213483146,77,101,49,36.24393892499741,0.622564935064935,41.10576923076925,8164.668735761355,106.03465890599162,0
2060,31.369412466628777,0,0,178,0.0,0.0,1.0,178,5250,3800,1450,0.7238095238095238,67,38,29,189.0109023460095,0.4272096320277619,0.7296733155953243,0.11934688405276667,1052018.834575167,-1081.394158389926,1050937.440416777,2059,5,961.629213483146,79,99,40,36.1205379587733,0.622626582278481,41.01562500000002,8124.187681787112,102.83781875679888,0
2061,31.549957119096703,0,1,177,0.0,0.0056179775280898875,0.9943820224719101,178,4900,3400,1500,0.6938775510204082,64,34,30,189.20531630098696,0.42732997947480905,0.7300745309101659,0.12002766747462669,1059420.0194303687,-410.42002561568006,1059009.599404753,2060,6,962.629213483146,82,96,42,35.947664939383664,0.6230945121951219,40.85090361445785,8176.14287841656,99.70905949288488,0
2062,31.4954629244311,0,0,177,0.0,0.0,1.0,177,4050,2900,1150,0.7160493827160493,52,29,23,191.69247507701888,0.42725453689436743,0.7313658380612502,0.12182875665962145,1058118.245883343,1116.6610955066067,1059234.9069788496,2061,7,957.4971751412429,83,94,43,35.8172770256263,0.6233684738955823,40.78621031746034,8164.058302447764,98.3621482222622,0
2063,31.136122194371804,0,0,177,0.0,0.0,1.0,177,4600,2800,1800,0.6086956521739131,64,28,36,209.96859421633556,0.4269843562746105,0.7476558159656397,0.13729525371188614,1054070.1896046228,4264.32718332638,1058334.5167879493,2062,8,958.4971751412429,93,84,40,34.3303717189785,0.6300403225806452,39.79388297872344,8101.8094552975745,87.11623070212445,8
2064,31.199816725854763,0,0,177,0.0,0.0,1.0,177,4550,3200,1350,0.7032967032967034,59,32,27,209.31472716816174,0.4269067796610169,0.7470227055573688,0.13723014457603427,1056966.9409174474,4297.749372781078,1061264.6902902285,2063,9,959.4971751412429,95,82,40,34.25428495004655,0.6303728070175438,39.70269097222226,8121.228335899953,85.48661406210476,0
2065,31.460517071832957,0,0,177,0.0,0.0,1.0,177,4650,3300,1350,0.7096774193548387,60,33,27,215.0638268656078,0.42648545839753466,0.7539333324658621,0.1414460444086369,1066690.2282439,5831.296513257079,1072521.524757157,2064,10,960.4971751412429,98,79,41,33.993461015259946,0.6306335034013606,39.59385521885526,8192.511963497536,83.59706085201567,0
2066,31.623828029749177,0,0,177,0.0,0.0,1.0,177,4050,2900,1150,0.7160493827160493,52,29,23,212.87524466821557,0.42619655238828963,0.7501611860401587,0.14067462012047915,1073572.5981147948,6257.405898555887,1079830.0040133507,2065,11,961.4971751412429,74,103,40,33.88367713163831,0.6409065315315315,39.430555555555564,8240.203300918418,111.3540986610597,0
2067,31.93498221565061,0,0,177,0.0,0.0,1.0,177,5250,4000,1250,0.7619047619047619,65,40,25,211.79898486964083,0.42589560862865944,0.7506681232019778,0.14057363189777766,1085373.9328065433,5326.219434479117,1090700.1522410223,2066,12,962.4971751412429,75,102,42,33.75981319875233,0.6419444444444444,39.281798245614034,8326.031136322721,111.01374848430295,0
2068,31.690059730759728,1,0,178,0.0056179775280898875,0.0,1.0,178,5750,4100,1650,0.7130434782608696,74,41,33,209.7411868304974,0.4262964461795637,0.7498694960557237,0.14005343695089473,1078754.7290433052,3901.8594337110503,1082656.5884770162,2067,0,958.0842696629213,79,99,39,33.6028598399787,0.6422732067510548,39.07552083333334,8268.712330009068,104.66724468365909,0
2069,31.949917656118558,0,0,178,0.0,0.0,1.0,178,4650,3500,1150,0.7526881720430108,58,35,23,208.88300673617462,0.4260008675596183,0.7477757395092881,0.1403839658738127,1089426.3917260536,5262.532064295747,1094688.9237903494,2068,1,959.0842696629213,85,93,35,33.40174706246136,0.642156862745098,38.85658914728681,8343.510473182094,98.15894674331875,0
2070,32.037980894185964,0,0,178,0.0,0.0,1.0,178,4550,3300,1250,0.7252747252747253,58,33,25,224.65839110673255,0.42557568399669904,0.7645429980635345,0.14119382875585326,1073064.311663499,8064.5803624751825,1081128.8920259743,2069,2,960.0842696629213,72,106,40,35.36693222332487,0.6241319444444444,41.18150684931508,8292.021938623666,115.16697136977314,8
2071,32.18527277193011,2,1,179,0.011111111111111112,0.005555555555555556,0.9944444444444445,180,4200,2700,1500,0.6428571428571429,57,27,30,221.10792273731806,0.4268744827229464,0.7621516533769732,0.13971393692173992,1079591.3375990828,7541.239612347506,1087132.5772114303,2070,0,950.4055555555556,76,104,37,35.26334917650338,0.6241776315789473,40.990259740259766,8336.29914084657,109.68814659008645,0
2072,31.974267995859226,0,0,179,0.0,0.0,1.0,179,4900,3600,1300,0.7346938775510204,62,36,26,227.42029017002304,0.4260705019563535,0.767111180855601,0.14408801910772362,1073297.9898153096,8117.948056540436,1081415.93787185,2071,1,956.7150837988827,76,103,38,35.00300214065682,0.6251370614035088,40.8955627705628,8284.674714890376,109.00887782750495,0
2073,32.048518569557416,0,1,178,0.0,0.00558659217877095,0.994413407821229,179,4750,3500,1250,0.7368421052631579,60,35,25,228.00115796982922,0.42589003619776955,0.7677971582029475,0.14471093903799456,1076307.2099188145,8529.858038553502,1084837.067957368,2072,2,957.7150837988827,79,100,38,34.924303322615216,0.6244725738396624,40.83333333333336,8305.907729277025,105.13807252249399,0
2074,32.28011706001863,1,2,177,0.00558659217877095,0.0111731843575419,0.9888268156424581,179,5850,4200,1650,0.717948717948718,75,42,33,223.86819970633064,0.4259070365953173,0.763779668501968,0.1426793027753462,1085309.66650978,6943.2642330848685,1092252.930742865,2073,0,957.7765363128492,83,96,40,34.88181061004579,0.6243724899598393,40.68700396825399,8370.653867088964,100.8512514107104,0
2075,31.97260608543716,0,0,177,0.0,0.0,1.0,177,4250,3200,1050,0.7529411764705882,53,32,21,232.22539864120887,0.42483762412258175,0.7761205850560611,0.13904590917986112,1056425.3468904826,9415.759463264025,1065841.1063537467,2074,1,969.0508474576271,73,104,36,36.96382287445698,0.60587899543379,42.933558558558566,8219.084069992321,112.59019273962083,8
2076,31.777735207503607,0,1,176,0.0,0.005649717514124294,0.9943502824858758,177,4050,2700,1350,0.6666666666666666,54,27,27,232.26819252827906,0.42505831621297724,0.7767926753540799,0.13939856028074832,1050691.9046873737,9358.461921166228,1060050.3666085398,2075,2,970.0508474576271,74,103,38,36.874381132415145,0.6062781531531531,42.84722222222222,8171.732880096237,110.4288227040032,0
2077,31.395219891020158,3,0,179,0.01675977653631285,0.0,1.0,179,4750,3200,1550,0.6736842105263158,63,32,31,227.32807833393355,0.42609404096834264,0.7736994927598331,0.13747619872364006,1040296.6945484488,6747.729693768322,1047044.4242422171,2076,0,960.1843575418994,66,113,39,36.7162650481137,0.6133207070707071,42.568407960198996,8082.121438984929,122.4563854391656,0
2078,31.914634716865034,2,1,180,0.011049723756906077,0.0055248618784530384,0.994475138121547,181,4900,3600,1300,0.7346938775510204,62,36,26,224.32136107860416,0.42761535706977694,0.7734002735155932,0.13674838622035737,1059905.0482807804,6451.868608885747,1066356.916889666,2077,0,950.5635359116022,69,112,40,36.49550349327328,0.6145833333333333,42.27678571428572,8225.142241984924,119.20496002876702,0
2079,31.91920130152371,0,0,180,0.0,0.0,1.0,180,5200,3700,1500,0.7115384615384616,67,37,30,225.36758920738268,0.42755728843368507,0.7729759972455847,0.137968938758666,1061319.8073498572,6637.417272096227,1067957.2246219534,2078,1,945.3555555555556,72,108,45,36.311582374206886,0.6145833333333333,42.12328767123287,8231.218691797034,114.32248183051436,0
2080,32.22155657274734,1,1,180,0.0055248618784530384,0.0055248618784530384,0.994475138121547,181,5000,3300,1700,0.66,67,33,34,223.54754996522814,0.42766907100470636,0.7729406524845599,0.1376266212579753,1073062.627308004,6776.104258791191,1079838.7315667951,2079,0,941.1270718232045,73,108,39,36.150730882513336,0.6161529680365296,41.92004504504506,8315.737868873199,113.91421738182464,0
2081,31.85947984394863,0,0,180,0.0,0.0,1.0,180,5300,3700,1600,0.6981132075471698,69,37,32,223.37431161026595,0.42744930684874816,0.7720796078979233,0.13807541645132018,1062198.3477731904,6153.564945479846,1068351.9127186702,2080,1,946.4222222222222,76,104,40,36.006806195864776,0.6162280701754386,41.774891774891785,8226.917630699312,108.248916193412,0
2082,31.43640613758603,0,0,180,0.0,0.0,1.0,180,4700,3700,1000,0.7872340425531915,57,37,20,212.86996904102838,0.4274958617835713,0.7634428458556126,0.13394637906254947,1053263.7941385133,4141.646250060379,1057405.4403885736,2081,2,947.4222222222222,72,108,43,35.628318909284694,0.6245659722222222,41.13869863013699,8137.669003167081,113.0231805995428,8
2083,30.965630332858595,1,2,179,0.0055248618784530384,0.011049723756906077,0.988950276243094,181,5450,3500,1950,0.6422018348623854,74,35,39,218.77225322592844,0.42747851442602824,0.7714484022321544,0.13864865729923503,1039521.8970502513,3833.7095390750574,1043355.6065893263,2082,0,943.182320441989,75,106,37,35.216708542713576,0.6256944444444444,40.88541666666667,8023.646401352694,106.98195201803591,0
2084,31.246630458898814,2,0,181,0.011049723756906077,0.0,1.0,181,4750,3400,1350,0.7157894736842105,61,34,27,212.55599033711326,0.4280348373235114,0.7650323945806554,0.135454507646458,1050530.3809131144,3709.305098842642,1054239.686011957,2083,0,943.4640883977901,78,103,39,35.17915861554629,0.6263354700854701,40.690928270042214,8102.534738986129,103.87865049982217,0
2085,31.454989378708497,0,1,180,0.0,0.0055248618784530384,0.994475138121547,181,5750,3800,1950,0.6608695652173913,77,38,39,212.43067498731367,0.4277099959075097,0.7640275402080552,0.13580912807809598,1058453.9164761466,3019.615983998521,1061473.5324601452,2084,1,944.4640883977901,66,115,37,35.067446761756365,0.6335227272727273,40.57835820895521,8160.104987144401,123.63795435067274,0
2086,31.315737916699838,3,1,182,0.01639344262295082,0.00546448087431694,0.994535519125683,183,5200,3900,1300,0.75,65,39,26,204.8557858311273,0.429642306691487,0.7571269127535023,0.1321708029283626,1056370.567494944,1480.7245466099785,1057851.2920415539,2085,0,931.1475409836065,70,113,40,34.937255234222015,0.6345238095238095,40.258215962441305,8134.005634936215,116.20008049908878,0
2087,31.25623158948648,1,2,181,0.00546448087431694,0.01092896174863388,0.9890710382513661,183,4850,3700,1150,0.7628865979381443,60,37,23,200.24629437620456,0.4289917732540683,0.7512037561282723,0.1299237418010508,1055948.320700453,839.9476546083424,1056788.2683550613,2086,0,932.0983606557377,75,108,39,34.85790710958784,0.6340277777777779,40.06304824561403,8124.649562700242,108.32866083600324,0
2088,31.262916673970906,0,2,179,0.0,0.011049723756906077,0.988950276243094,181,5550,4300,1250,0.7747747747747747,68,43,25,200.88025304402768,0.4281154082259055,0.7511095941265187,0.13049797374147515,1056526.402409099,697.0582127271055,1057223.4606218261,2087,1,943.3038674033149,73,108,34,34.79721650693955,0.6354166666666667,40.0197072072072,8127.742230455617,111.33893466377558,0
2089,31.389555264406532,0,4,175,0.0,0.0223463687150838,0.9776536312849162,179,4700,3100,1600,0.6595744680851063,63,31,32,232.43353011798195,0.4268655974724332,0.7774153587240211,0.14608036622591697,1051346.263813283,8373.624694894657,1059719.8885081778,2088,2,952.7709497206704,72,107,39,35.16569724703202,0.6241319444444444,41.18150684931508,8124.197394203869,112.83607491949819,8
2090,31.173737500783282,1,0,176,0.005681818181818182,0.0,1.0,176,4750,3300,1450,0.6947368421052632,62,33,29,233.85784217620903,0.4242261904761904,0.776479145062795,0.14750845540395122,1045154.2010534935,8933.501239954085,1054087.7022934477,2089,0,969.9318181818181,72,104,35,34.99740544809978,0.6254340277777778,41.05308219178083,8072.34324239035,112.11587836653263,0
2091,31.57586065579871,0,0,176,0.0,0.0,1.0,176,5300,3800,1500,0.7169811320754716,68,38,30,233.10915509911044,0.4241064664502165,0.7758007277922343,0.14739143266035823,1059334.7052342899,8888.123620866372,1068222.8288551562,2090,1,970.9318181818181,75,101,35,34.929372365380885,0.6248611111111111,40.967653508771946,8179.169278151627,109.05559037535502,0
2092,31.85819820401822,0,0,176,0.0,0.0,1.0,176,4400,3300,1100,0.75,55,33,22,232.2458992384669,0.42395900974025974,0.7746040593170938,0.1473389575091301,1069784.9134107218,10090.631841364015,1079875.545252086,2091,2,971.9318181818181,78,98,37,34.830484040568535,0.624732905982906,40.849156118143476,8256.078949126808,105.84716601444626,0
2093,32.256437615314034,0,0,176,0.0,0.0,1.0,176,4900,3600,1300,0.7346938775510204,62,36,26,233.16159312500452,0.4238074945887446,0.7760512464289899,0.14839298104914714,1084098.6585980505,10454.034068680527,1094552.692666731,2092,3,972.9318181818181,83,93,39,34.691580571100616,0.6238704819277108,40.73660714285715,8362.91345763111,100.75799346543506,0
2094,31.829073930350823,0,0,176,0.0,0.0,1.0,176,5550,4000,1550,0.7207207207207207,71,40,31,236.45084543354895,0.4236228354978355,0.779495756016588,0.15103475445589049,1070791.0647287164,9887.890507559001,1080678.9552362754,2093,4,973.9318181818181,63,113,40,34.47539530651942,0.6350859788359788,40.60872395833333,8256.184102018238,131.0505413018768,0
2095,31.71684460102742,0,0,176,0.0,0.0,1.0,176,5750,4000,1750,0.6956521739130435,75,40,35,222.63560139631622,0.42366341991341994,0.7652987258119854,0.14189070931680203,1066365.392724546,6532.180103490083,1072897.572828036,2094,5,974.9318181818181,82,94,37,34.91453715355085,0.6247459349593496,40.68775100401609,8224.566304548624,100.29958907986126,8
2096,31.393557108237882,0,4,172,0.0,0.022727272727272728,0.9772727272727273,176,4850,3400,1450,0.7010309278350515,63,34,29,225.8322015491701,0.42363636363636364,0.7694198956560929,0.14450018880386506,1056630.676103286,7674.246361758822,1064304.9224650448,2095,6,975.9318181818181,67,109,38,34.689154415382475,0.6332400497512438,40.54840686274511,8145.108405977742,121.56878217877227,0
2097,31.314593377816184,0,0,172,0.0,0.0,1.0,172,4800,3400,1400,0.7083333333333334,62,34,28,224.69615466258313,0.4203768869849041,0.7614063119591328,0.14453036528941665,1055466.9748565594,8231.874124723756,1063698.8489812831,2096,7,998.9360465116279,71,101,36,34.53067535941155,0.6329225352112676,40.36458333333334,8130.377499396567,114.51235914643053,0
2098,31.046956584168605,0,0,172,0.0,0.0,1.0,172,5200,3900,1300,0.75,65,39,26,224.58062959636896,0.42042009497257354,0.7607849348101527,0.1452117934549249,1047913.2743945089,7468.204585182262,1055381.4789796912,2097,8,999.9360465116279,72,100,36,34.3476539616286,0.6342592592592593,40.182648401826484,8066.538034882161,112.03525048447446,0
2099,31.47166442507307,2,0,174,0.011494252873563218,0.0,1.0,174,4700,3100,1600,0.6595744680851063,63,31,32,222.36370275837047,0.42134866454056213,0.7621709811547275,0.1448845754298278,1064424.2529066275,7837.863636426085,1072262.1165430536,2098,0,989.4310344827586,74,100,37,34.133357364092674,0.6359797297297297,39.91666666666667,8185.255389221103,110.61155931379868,0
2100,31.25902432163037,0,0,174,0.0,0.0,1.0,174,4400,3000,1400,0.6818181818181818,58,30,28,221.49494988018287,0.42102061324828916,0.7626737941073138,0.14492098149303392,1058402.9535450789,7686.1818297009595,1066089.1353747798,2099,1,990.4310344827586,76,98,39,34.0088245997089,0.6365131578947368,39.77272727272727,8134.450647333357,107.03224535964944,0
2101,31.520552171529904,0,0,174,0.0,0.0,1.0,174,5050,3400,1650,0.6732673267326733,67,34,33,222.45460468840875,0.42063996301463913,0.7641796892263635,0.14612154682024261,1068367.9905279747,7682.67579893002,1076050.6663269047,2100,2,991.4310344827586,76,98,41,33.84556098236866,0.6378837719298245,39.637445887445885,8206.77147041753,107.98383513707277,0
2102,31.153630684630244,0,0,174,0.0,0.0,1.0,174,4300,2900,1400,0.6744186046511628,57,29,28,224.15562577224793,0.4206538048413173,0.7660641689333443,0.14787820779363442,1057138.807172008,8292.722169953979,1065431.529341962,2101,3,992.4310344827586,65,109,41,33.64912758996732,0.6451923076923076,39.488636363636374,8115.874811876704,124.85961249041084,0
2103,30.724850997124804,1,0,175,0.005714285714285714,0.0,1.0,175,4650,3200,1450,0.6881720430107527,61,32,29,219.99426042449343,0.4208702791461412,0.7631718767306526,0.1458538459682675,1043946.9912280805,6282.469251519423,1050229.4604796,2102,0,987.7542857142857,66,109,42,33.58419812727381,0.6463068181818181,39.319029850746276,8009.383965621774,121.35430250942082,0
2104,30.925557416014136,0,1,174,0.0,0.005714285714285714,0.9942857142857143,175,4750,3400,1350,0.7157894736842105,61,34,27,224.19075836709078,0.420511767925561,0.7663273454743855,0.1495268427380049,1052409.193945399,7438.083060623685,1059847.2770060226,2103,1,988.7542857142857,68,107,41,33.26654514592136,0.6472120098039216,39.11533816425122,8068.003588558907,118.64711159645451,0
2105,31.149316681747695,0,1,173,0.0,0.005747126436781609,0.9942528735632183,174,4300,2900,1400,0.6744186046511628,57,29,28,222.2702499114488,0.41989527273935284,0.7636719582872991,0.14876552843960425,1060989.927692523,8065.2992763494885,1069055.2269688726,2104,2,995.1436781609195,70,104,45,33.19514708637815,0.6473214285714286,38.99647887323945,8130.081334628709,116.14401906612441,0
2106,31.091917640206177,0,0,173,0.0,0.0,1.0,173,3750,2400,1350,0.64,51,24,27,225.63265915814543,0.4191857664560649,0.7661586967945351,0.1516906938720181,1060260.510677972,9495.879684928856,1069756.390362901,2105,3,1001.5549132947976,71,102,39,32.95298736912083,0.6483274647887324,38.845486111111114,8119.794637201421,114.36330474931579,0
2107,31.352639581919274,0,0,173,0.0,0.0,1.0,173,5050,3700,1350,0.7326732673267327,64,37,27,224.60921764740712,0.4190905475646369,0.7652105539880605,0.15121264174460403,1069535.9684382658,8395.527423336083,1077931.495861602,2106,4,1002.5549132947976,72,101,39,32.931689884366754,0.6482928240740741,38.79851598173516,8189.355986687098,113.74105537065414,0
2108,31.13580515796152,0,1,172,0.0,0.005780346820809248,0.9942196531791907,173,5100,3800,1300,0.7450980392156863,64,38,26,225.8650703146626,0.4189967289510239,0.766105409182464,0.1522640697410035,1062510.7755668517,8296.814206698804,1070807.5897735506,2107,5,1003.5549132947976,73,100,39,32.852153941483934,0.6482591324200913,38.75281531531532,8134.141440408335,111.42659507408679,0
2109,31.193950658142505,0,0,172,0.0,0.0,1.0,172,4350,3000,1350,0.6896551724137931,57,30,27,227.0066925238566,0.41815840473276217,0.7677850570181997,0.1537421000356782,1065763.3507509427,9637.082653422773,1075400.4334043656,2108,10,1010.3604651162791,74,98,40,32.66320422223402,0.6493524774774775,38.597222222222214,8154.185351901374,110.19169394461316,0
2110,30.9412169396261,0,0,172,0.0,0.0,1.0,172,5000,3700,1300,0.74,63,37,26,223.1655576779247,0.41811165510675913,0.7633339123763208,0.1514640762186677,1057709.5872058186,7808.869978014869,1065518.4571838335,2109,11,1011.3604651162791,63,109,40,32.69017792302106,0.65625,38.52539062500001,8090.342612875878,128.41813671231552,0
2111,31.004645721093315,0,0,172,0.0,0.0,1.0,172,4450,2900,1550,0.651685393258427,60,29,31,223.24763314095108,0.4178198241080738,0.7633516150860074,0.1521719253038011,1061045.4272738402,8525.176058782952,1069570.6033326231,2110,12,1012.3604651162791,64,108,41,32.54083716181727,0.6570638020833333,38.38141025641027,8111.391689052084,126.74049514143881,0
2112,31.424788092598266,0,0,172,0.0,0.0,1.0,172,5100,3900,1200,0.7647058823529411,63,39,24,230.44407752450311,0.41761511741239404,0.7530795419711243,0.1461209423402259,1055083.8526142149,9127.565025336371,1064211.4176395512,2111,13,1013.3604651162791,85,87,38,34.895687264342044,0.6218137254901961,40.867248062015506,8143.191817503,95.80225667650588,8
2113,31.01737879550104,0,0,172,0.0,0.0,1.0,172,4900,3100,1800,0.6326530612244898,67,31,36,230.44371792400932,0.41736366109071127,0.752519253049079,0.1463215037429661,1041794.5855586571,8715.003521847926,1050509.589080505,2112,14,1014.3604651162791,85,87,38,34.846130479484074,0.6223039215686275,40.81879844961241,8039.121505161485,94.57790006072335,0
2114,30.77857080558925,0,0,172,0.0,0.0,1.0,172,5950,4400,1550,0.7394957983193278,75,44,31,227.65815944359605,0.4171270796500295,0.7492651859814277,0.14501261829538367,1034666.2365751346,6760.04221142568,1041426.2787865603,2113,15,1015.3604651162791,88,84,39,34.80391050525114,0.6223958333333333,40.70692883895132,7980.670150129052,90.68943352419377,0
2115,31.07376666065121,0,0,172,0.0,0.0,1.0,172,4200,3100,1100,0.7380952380952381,53,31,22,231.36205087163776,0.41682674871934355,0.7557996877091238,0.14795949701248942,1045716.36836914,9787.816723185002,1055504.1850923249,2114,16,1016.3604651162791,71,101,39,34.56483753438917,0.630868544600939,40.567129629629626,8061.556477991852,113.54304898580074,0
2116,31.28342926147114,1,0,173,0.005780346820809248,0.0,1.0,173,4750,3400,1350,0.7157894736842105,61,34,27,229.05988555107245,0.41722257695926873,0.7548953007683197,0.14701132021149432,1053787.8365989698,8926.10424929455,1062713.9408482644,2115,0,1011.4797687861271,73,100,39,34.49657203029812,0.6311358447488584,40.44200450450451,8119.86419133259,111.23101631962452,0
2117,31.810494476186573,0,1,172,0.0,0.005780346820809248,0.9942196531791907,173,4750,3600,1150,0.7578947368421053,59,36,23,232.19966444121133,0.4171819689026303,0.7582851129379109,0.14976799323216308,1072974.0097158407,10478.841002031852,1083452.8507178726,2116,1,1012.4797687861271,75,98,37,34.237686895338626,0.6319444444444444,40.26864035087719,8262.182981410844,110.16243975214459,0
2118,31.801337657705716,0,0,172,0.0,0.0,1.0,172,4100,3000,1100,0.7317073170731707,52,30,22,221.53576616751275,0.4167275828460039,0.7574061280419446,0.13715789274414988,1060731.3963374163,8497.98851710921,1069229.3848545256,2117,2,1018.5523255813954,81,91,41,35.99559807200472,0.6147119341563786,41.717479674796756,8213.729639945053,101.40406962895128,8
2119,32.18827913155736,0,0,172,0.0,0.0,1.0,172,4400,3300,1100,0.75,55,33,22,223.47561097838144,0.4163868772383154,0.7591780578732479,0.138982648301215,1074979.1560065616,9246.324735518141,1084225.4807420797,2118,3,1019.5523255813954,65,107,39,35.78059796437658,0.624198717948718,41.556186868686865,8318.861596894747,127.98248610607303,0
2120,32.45010212008498,1,0,173,0.005780346820809248,0.0,1.0,173,4350,3100,1250,0.7126436781609196,56,31,25,221.0968758742452,0.41674088139086796,0.7559858377512767,0.13845634330684028,1085792.788079585,9063.07865823662,1094855.8667378216,2119,0,1014.6531791907514,69,104,42,35.58995819911032,0.6243961352657005,41.30952380952382,8394.53236987438,121.65988941846926,0
2121,32.55463061918607,0,0,173,0.0,0.0,1.0,173,5800,4600,1200,0.7931034482758621,70,46,24,218.44294889773698,0.41664146166599453,0.7519903253162696,0.13709923965814685,1089957.703474358,7218.714984149076,1097176.418458507,2120,1,1015.6531791907514,73,100,41,35.577651000018136,0.6231449771689498,41.23029279279282,8424.15223356562,115.39934566528245,0
2122,32.42513300519691,1,0,174,0.005747126436781609,0.0,1.0,174,4050,2700,1350,0.6666666666666666,54,27,27,213.36782064089596,0.41713936504772664,0.7476419697261747,0.13456584694851467,1087068.973740194,7539.107562656487,1094608.0813028505,2121,0,1010.8103448275862,76,98,45,35.53290928721943,0.6234923245614035,41.05790043290046,8396.232019108213,110.47673709352911,0
2123,32.807181859533266,0,1,173,0.0,0.005747126436781609,0.9942528735632183,174,5050,3700,1350,0.7326732673267327,64,37,27,215.28517678768108,0.4171940402631054,0.7496508979397252,0.13603465329296968,1100452.048288357,7532.202752425421,1107984.2510407823,2122,1,1011.8103448275862,76,98,39,35.41416396810474,0.6241776315789473,40.99025974025977,8497.379652091859,111.80762700120867,0
2124,32.961792559638596,1,0,174,0.005747126436781609,0.0,1.0,174,4400,3100,1300,0.7045454545454546,57,31,26,212.33678359547545,0.41722933692113484,0.7466081704186822,0.13481861810105195,1107089.5463991628,7815.166686914879,1114904.7130860777,2123,0,1012.6666666666666,79,95,41,35.316974378296955,0.6246044303797469,40.820312500000036,8543.027095047046,108.13958348160817,0
2125,32.71461716097421,0,0,174,0.0,0.0,1.0,174,4650,3300,1350,0.7096774193548387,60,33,27,211.96224156766152,0.41704939317431844,0.7465477120311796,0.13487952035326786,1099450.1715578958,7158.384571072844,1106608.5561289687,2124,1,1013.6666666666666,79,95,42,35.24690079185711,0.6253955696202531,40.742187500000036,8481.520081929228,107.36101369530668,0
2126,32.49274152395278,0,0,174,0.0,0.0,1.0,174,4600,2900,1700,0.6304347826086957,63,29,34,216.93198496798328,0.4173712156445862,0.7511194202095723,0.13850272886417475,1092980.9392505474,8020.504936758722,1101001.444187306,2125,2,1014.6666666666666,80,94,43,34.998326639892916,0.626171875,40.62500000000002,8427.804832775306,105.34756040969133,0
2127,32.27783706583378,0,0,174,0.0,0.0,1.0,174,4500,3200,1300,0.7111111111111111,58,32,26,218.33155457448777,0.4172417945651452,0.753370448132201,0.14010813005475328,1087247.5746275093,8176.0906351528,1095423.665262662,2126,3,1015.6666666666666,69,105,42,34.77955509689254,0.6331521739130435,40.44642857142855,8377.827888426627,121.41779548444387,0
2128,32.27908519802826,0,1,173,0.0,0.005747126436781609,0.9942528735632183,174,5300,4000,1300,0.7547169811320755,66,40,26,217.67495848012993,0.41694073483489474,0.7525105936467984,0.1403234564827111,1088621.060132284,7293.108812977855,1095914.1689452617,2127,4,1016.6666666666666,70,104,40,34.63426919745413,0.6342261904761906,40.287558685445994,8383.280020180373,119.7611431454339,0
2129,31.99009696883463,0,1,172,0.0,0.005780346820809248,0.9942196531791907,173,5200,4000,1200,0.7692307692307693,64,40,24,214.74593108986838,0.4159091163686875,0.7469044968094922,0.13879585258619848,1079628.048637818,6569.1461070928635,1086197.194744911,2128,5,1023.2890173410404,72,101,38,34.61775232969003,0.6341145833333333,40.196917808219155,8311.12579211713,115.43230266829346,0
2130,31.872478216558815,0,0,172,0.0,0.0,1.0,172,4950,3800,1150,0.7676767676767676,61,38,23,213.87044046928972,0.41516926197923754,0.7447477933174804,0.13865533050649417,1076543.330508956,6698.159256045177,1083241.4897650012,2129,6,1030.0639534883721,73,99,40,34.5313853986135,0.634703196347032,40.09009009009008,8283.972941871343,113.47908139549786,0
2131,32.27828505530478,0,0,172,0.0,0.0,1.0,172,4800,3500,1300,0.7291666666666666,61,35,26,213.54386634437722,0.4151218040255678,0.7441354797346758,0.13888038013092768,1091167.0783084766,7402.40734593779,1098569.4856544144,2130,7,1031.0639534883721,75,97,34,34.42826111784652,0.6348611111111111,39.98081140350875,8392.973489366554,111.90631319155405,0
2132,32.03108448984125,1,0,173,0.005780346820809248,0.0,1.0,173,3950,2600,1350,0.6582278481012658,53,26,27,210.513389186615,0.41605474526145986,0.7429442973970646,0.1374263009837544,1083896.6673416928,7084.952194035019,1090981.619535728,2131,0,1026.0982658959538,77,96,36,34.373930527036265,0.6352813852813852,39.850427350427324,8332.872941534491,108.21912911083756,0
2133,32.275724734315226,0,0,173,0.0,0.0,1.0,173,5050,3900,1150,0.7722772277227723,62,39,23,212.24743683221064,0.4156752699735628,0.7460287386228441,0.1390491920222695,1093200.0746130317,6755.782756279158,1099955.857369311,2132,1,1027.0982658959538,78,95,39,34.20417700998023,0.6360844017094017,39.72837552742614,8400.4553076298,107.69814496961281,0
2134,32.18713428700725,2,0,175,0.011428571428571429,0.0,1.0,175,5000,3500,1500,0.7,65,35,30,209.87545664844853,0.416676245210728,0.7472429044735678,0.13843555931001272,1092163.3995373026,5843.658442522604,1098007.0579798252,2133,0,1016.3485714285714,69,106,40,34.02666704748848,0.6428140096618358,39.49404761904761,8384.94007185042,121.52087060652784,0
2135,32.3653913525191,0,0,175,0.0,0.0,1.0,175,6400,5300,1100,0.828125,75,53,22,207.11472527876387,0.4166064586754242,0.74345835423016,0.13710150656189923,1099239.6731362434,4133.744583426313,1103373.4177196696,2134,1,1017.3485714285714,73,102,40,33.974198847781075,0.641980593607306,39.37218468468469,8435.321240032268,115.55234575386669,0
2136,32.41101043353034,0,0,175,0.0,0.0,1.0,175,5150,3700,1450,0.7184466019417476,66,37,29,206.39251279271346,0.4163574165298303,0.7423537646843987,0.13722471034688363,1102056.1825379804,5341.228950551913,1107397.4114885323,2135,2,1018.3485714285714,74,101,41,33.839964138616665,0.6430180180180181,39.22222222222223,8452.071276388431,114.21717941065448,0
2137,32.40546069899152,1,0,176,0.005681818181818182,0.0,1.0,176,5750,4100,1650,0.7130434782608696,74,41,33,202.0909334009343,0.4168864989177489,0.739592805900777,0.13523285786809006,1103719.42903051,3660.3379251045626,1107379.7669556146,2136,0,1013.5568181818181,78,98,44,33.72865514802466,0.6434294871794872,39.003164556962034,8457.722693510546,108.43234222449418,0
2138,32.869312069709295,0,0,176,0.0,0.0,1.0,176,4100,2800,1300,0.6829268292682927,54,28,26,202.6121476286641,0.41680600649350646,0.7406389599239696,0.13595130922382898,1120310.0139058013,6097.6835854708115,1126407.6974912721,2137,1,1014.5568181818181,78,98,38,33.62088194198946,0.6443643162393162,38.910864978902964,8581.820257018937,110.02333662844791,0
2139,32.887733422715684,0,0,176,0.0,0.0,1.0,176,4200,2900,1300,0.6904761904761905,55,29,26,200.87185746194208,0.4168039772727273,0.7392504669594615,0.13520457439563818,1121843.8286496962,5669.370728616488,1127513.1993783128,2138,2,1015.5568181818181,78,98,41,33.55871489390347,0.6454326923076923,38.80537974683546,8590.099042333582,110.1294749017126,0
2140,32.52651524202148,0,1,175,0.0,0.005681818181818182,0.9943181818181818,176,5250,3600,1650,0.6857142857142857,69,36,33,200.7856332902816,0.41680938852813854,0.7399770613471943,0.135688887731687,1110670.3785247852,4151.33106577131,1114821.7095905566,2139,3,1016.5568181818181,80,96,43,33.42314190574609,0.6459635416666667,38.67026748971195,8500.145527689316,106.25181909611645,0
2141,32.982649483029284,0,1,174,0.0,0.005714285714285714,0.9942857142857143,175,4150,2800,1350,0.6746987951807228,55,28,27,204.17319830276926,0.41621647509578547,0.7417058534185912,0.13845367316528792,1127243.6491532486,6880.588222821061,1134124.2373760697,2140,4,1023.2628571428571,80,95,47,33.2165109034268,0.6471354166666667,38.55452674897122,8623.164403163466,107.78955503954333,0
2142,32.673769478970605,1,0,175,0.005714285714285714,0.0,1.0,175,4200,3200,1000,0.7619047619047619,52,32,20,203.633732895288,0.4167200328407225,0.7398340062808424,0.13880721425798132,1118176.0666966077,6339.67329912036,1124515.739995728,2141,0,1021.7142857142857,70,105,46,33.0528217062958,0.6535714285714286,38.38028169014086,8548.1023672096,122.11574810299429,0
2143,32.94409380489777,0,0,175,0.0,0.0,1.0,175,3750,2600,1150,0.6933333333333334,49,26,23,206.32714751743808,0.41640120415982484,0.7428199809384988,0.1409520233729813,1128059.5624094266,7799.862348341284,1135859.424757768,2142,1,1022.7142857142857,70,105,48,32.9074863112257,0.6543154761904761,38.306924882629104,8621.241214758818,123.16058878226883,0
2144,32.502443624163995,1,0,176,0.005681818181818182,0.0,1.0,176,5550,4000,1550,0.7207207207207207,71,40,31,210.1335444039508,0.41648336038961037,0.7475477751965247,0.14438715613798953,1114581.8352088137,6092.206312137535,1120674.041520951,2143,0,1017.8977272727273,72,104,44,32.610472402332036,0.6552372685185186,38.11358447488583,8511.948456539385,118.22150634082479,0
2145,32.00127759293671,0,0,176,0.0,0.0,1.0,176,5700,4400,1300,0.7719298245614035,70,44,26,210.79024419353962,0.4162357954545455,0.7476078483090092,0.1453047416640797,1098291.1993649276,5401.814021949624,1103693.0133868773,2144,1,1018.8977272727273,73,103,48,32.48419478472671,0.6558219178082192,38.00675675675675,8384.118504500802,114.85093841781921,0
2146,32.3736713051034,0,0,176,0.0,0.0,1.0,176,3550,2000,1550,0.5633802816901409,51,20,31,212.122738688532,0.4162614989177489,0.750194285741447,0.14688846850676512,1112347.823871885,8440.853354786483,1120788.6772266715,2145,2,1019.8977272727273,75,101,36,32.29569695702184,0.6563888888888889,37.856359649122794,8486.55204744251,113.15402729923348,0
2147,32.45869917862171,0,0,176,0.0,0.0,1.0,176,5350,4100,1250,0.7663551401869159,66,41,25,213.97875630319248,0.4161458333333334,0.7529351322582614,0.14874170485657912,1116344.9689709793,7224.821613147249,1123569.7905841265,2146,3,1020.8977272727273,76,100,38,32.117957050257026,0.6572094298245614,37.72997835497836,8512.943736146366,112.01241758087323,0
2148,32.28150653095733,0,2,174,0.0,0.011363636363636364,0.9886363636363636,176,4750,3900,850,0.8210526315789474,56,39,17,219.20018588773297,0.4161992694805195,0.7589319974784259,0.15300957205723575,1111416.7802300157,8774.552965033223,1120191.333195049,2147,4,1021.8977272727273,78,98,41,31.840317906972853,0.657719017094017,37.592299578059084,8470.915894944414,108.60148583262068,0
2149,32.49208144702071,0,0,174,0.0,0.0,1.0,174,4700,3100,1600,0.6595744680851063,63,31,32,223.4494387259228,0.41500564746528473,0.7627925964677678,0.1562889854981802,1119228.8294970382,10518.210751396851,1129747.040248435,2148,12,1034.5862068965516,78,96,41,31.661412806858916,0.6583867521367521,37.52637130801687,8528.314521154965,109.33736565583288,0
2150,32.47261629330201,0,0,174,0.0,0.0,1.0,174,5200,4200,1000,0.8076923076923077,62,42,20,220.23477949334364,0.4146512967023232,0.7601983863837314,0.15475957477910593,1119859.637499852,9326.408065655001,1129186.0455655071,2149,13,1035.5862068965516,65,109,40,31.589793669871792,0.6666666666666667,37.37373737373736,8528.161854806565,131.20249007394716,0
2151,31.964995560714993,0,0,174,0.0,0.0,1.0,174,4750,3500,1250,0.7368421052631579,60,35,25,222.92956253860063,0.4146305339623059,0.7626567288265043,0.1571077687560348,1103148.7982758188,9634.895802922198,1112783.6940787411,2150,14,1036.5862068965516,65,109,43,31.422213544795568,0.6676282051282052,37.2790404040404,8397.874307191623,129.1980662644865,0
2152,32.11860196664899,0,1,173,0.0,0.005747126436781609,0.9942528735632183,174,4350,2800,1550,0.6436781609195402,59,28,31,225.13225041832155,0.41444920603282176,0.7652499716992331,0.15912148701043669,1109249.1510084786,10795.551528230248,1120044.702536709,2151,15,1037.5862068965516,65,109,43,31.26751541356395,0.6685897435897437,37.18434343434343,8441.27146383584,129.86571482824368,0
2153,32.369627529968554,0,0,173,0.0,0.0,1.0,173,4050,2500,1550,0.6172839506172839,56,25,31,223.40911660986205,0.41419097548953715,0.7624621927884052,0.15857131186269663,1119086.4345918684,11352.822352449895,1130439.2569443183,2152,16,1032.7225433526012,68,105,42,31.17249397175339,0.6681985294117647,37.04710144927536,8511.687384012557,125.17187329430232,0
2154,32.084634565217144,0,2,171,0.0,0.011560693641618497,0.9884393063583815,173,4350,3100,1250,0.7126436781609196,56,31,25,222.87921881346358,0.4139963368732356,0.7619254394770412,0.1587453195078327,1110183.617942687,10537.371501314157,1120720.989444001,2153,17,1033.7225433526012,69,104,45,31.07134102651127,0.668780193236715,36.9345238095238,8440.35967029625,122.32405319269927,0
2155,31.582558461613512,0,0,171,0.0,0.0,1.0,171,5150,3900,1250,0.7572815533980582,64,39,25,221.5580280154458,0.4135936245843366,0.757243789618812,0.15841187188546002,1093843.6842959574,9119.969929952287,1102963.6542259096,2154,18,1042.795321637427,73,98,39,30.979067497459457,0.6679509132420092,36.81024774774774,8312.205737004311,113.86583201375768,0
2156,31.683815899344044,0,0,171,0.0,0.0,1.0,171,5450,3900,1550,0.7155963302752294,70,39,31,214.09931622521532,0.4135979245499369,0.7420136052031265,0.13926916433281827,1071127.5139781209,6215.533666545817,1077343.0476446666,2155,19,1043.795321637427,79,92,33,34.406818561175044,0.6331751054852321,39.97395833333331,8238.61723320177,104.28629409116165,7
2157,31.913627306395643,0,0,171,0.0,0.0,1.0,171,4400,3100,1300,0.7045454545454546,57,31,26,212.90630810415618,0.41373122348354546,0.7420562252523293,0.13875378480849837,1079437.0219988318,7363.7902369426365,1086800.8122357745,2156,20,1044.795321637427,79,92,36,34.37134960367123,0.6338343881856541,39.90885416666663,8300.4518938183,105.06901131415569,0
2158,32.124803397106234,0,0,171,0.0,0.0,1.0,171,4150,3100,1050,0.7469879518072289,52,31,21,214.222907100718,0.4134646256163284,0.7446124567899299,0.14019184745628405,1087776.8423632705,8255.343489579467,1096032.1858528499,2157,21,1045.795321637427,79,92,38,34.190808565996164,0.6352848101265822,39.76562499999997,8359.978134043748,105.82250802587022,0
2159,32.39560265241476,0,1,170,0.0,0.005847953216374269,0.9941520467836258,171,5200,4000,1200,0.7692307692307693,64,40,24,215.32876209513543,0.4132195275771127,0.7456924525964008,0.1415047532015632,1098158.2528465034,7893.011433998303,1106051.2642805018,2158,22,1046.795321637427,80,91,38,34.015224477700365,0.636328125,39.621913580246876,8435.105027050338,105.43881283812922,0
2160,32.45854254528306,0,1,169,0.0,0.0058823529411764705,0.9941176470588236,170,5450,4400,1050,0.8073394495412844,65,44,21,218.7012615373481,0.4128125362571064,0.7483152546850396,0.14442192891176955,1101703.7063293017,8738.798082917903,1110442.5044122196,2159,23,1053.8058823529411,72,98,35,33.75675465980249,0.6416377314814814,39.454908675799075,8456.913931711206,117.45713794043341,0
2161,32.41916424314614,0,0,169,0.0,0.0,1.0,169,4600,2900,1700,0.6304347826086957,63,29,34,218.48687485851016,0.41266319150934533,0.7457368134615843,0.14467624183467867,1101159.5512232808,9717.781813474752,1110877.3330367557,2160,24,1053.7869822485206,74,95,36,33.66649348111831,0.6416103603603603,39.3611111111111,8449.694947039989,114.18506685189173,0
2162,32.06824408696411,0,0,169,0.0,0.0,1.0,169,4950,3700,1250,0.7474747474747475,62,37,25,218.6296991885472,0.41274390673429134,0.7458152099125903,0.14550792227286144,1090689.446086575,8941.421101205944,1099630.867187781,2161,25,1054.7869822485206,78,91,38,33.48563363667004,0.641559829059829,39.18776371308015,8363.790454115859,107.22808274507511,0
2163,31.98068000724253,0,0,169,0.0,0.0,1.0,169,5100,3200,1900,0.6274509803921569,70,32,38,212.6382182957934,0.4126910749506903,0.7352664907682069,0.13137593703356318,1066096.5021599135,6438.57215013224,1072535.0743100457,2162,26,1055.7869822485206,82,87,43,36.30168335439554,0.6135670731707317,41.79216867469879,8257.662028978508,100.70319547534766,8
2164,32.093764107284485,2,0,171,0.011695906432748537,0.0,1.0,171,5500,4500,1000,0.8181818181818182,65,45,20,230.45325014907826,0.4144493177387914,0.7621402747346977,0.13581410655564988,1055594.0254515046,8953.014800649566,1064547.0402521542,2163,0,1044.4269005847952,67,104,40,37.609560711939324,0.6030783582089552,43.52022058823529,8231.401538729526,122.85673938402277,8
2165,31.649943804553885,2,0,173,0.011560693641618497,0.0,1.0,173,5000,3800,1200,0.76,62,38,24,228.53725298298477,0.41654204194112116,0.7635318795907227,0.13587660858720735,1043650.2814862386,8102.593681156627,1051752.8751673952,2164,0,1033.3410404624278,72,101,41,37.32450778833509,0.6037326388888888,43.19349315068492,8127.911510424581,112.88765986700807,0
2166,31.168124821285964,2,0,175,0.011428571428571429,0.0,1.0,175,5150,3700,1450,0.7184466019417476,66,37,29,229.7796063539655,0.418128078817734,0.7686135243523222,0.1352035336281108,1024679.2111474423,6940.077155310168,1031619.2883027525,2165,0,1022.52,66,109,40,37.68694799814062,0.6030618686868687,43.57898009950248,7992.162355060145,121.09336901606281,8
2167,30.807087270131362,2,0,177,0.011299435028248588,0.0,1.0,177,4700,3200,1500,0.6808510638297872,62,32,30,226.33624506824376,0.4200506120527307,0.7662102315124386,0.1338276175200664,1014240.8505293338,5811.893140725981,1020052.7436700598,2166,0,1011.9548022598871,70,107,39,37.59005145797598,0.6026785714285714,43.39788732394364,7905.163678911307,112.93090969873296,0
2168,30.562160263334476,2,0,179,0.0111731843575419,0.0,1.0,179,4400,3000,1400,0.6818181818181818,58,30,28,223.1016078443882,0.4217445546418932,0.7622571161823846,0.13264143823288493,1007773.3803091024,4767.172297946759,1012540.5526070491,2167,0,1001.6368715083798,74,105,44,37.46507120966286,0.602759009009009,43.19444444444443,7848.532545403502,106.06125061356083,0
2169,30.425709722933984,1,3,177,0.005555555555555556,0.016666666666666666,0.9833333333333333,180,3900,2700,1200,0.6923076923076923,51,27,24,221.11637651661883,0.4228739913097455,0.7626116726814562,0.13206671964242633,1004600.0245723064,4526.703456386802,1009126.7280286932,2168,0,997.0666666666667,78,102,32,37.34264627909761,0.6026976495726496,43.02478902953585,7818.653174977035,100.23914326893635,0
2170,30.93514618251653,1,2,176,0.0056179775280898875,0.011235955056179775,0.9887640449438202,178,4100,2800,1300,0.6829268292682927,54,28,26,218.4680600639378,0.4218594606318373,0.764186881312785,0.1258499106565501,1010715.2712026457,4461.800915327767,1015177.0721179735,2169,0,1008.8089887640449,69,109,37,38.79041021461562,0.5932971014492754,44.375,7907.796742905785,114.60574989718529,8
2171,31.385114200060052,0,0,176,0.0,0.0,1.0,176,3950,2700,1250,0.6835443037974683,52,27,25,217.98273445708867,0.4199594155844156,0.7614155451043181,0.12605812492314789,1026591.5061418003,5605.844735842255,1032197.3508776425,2170,1,1021.2329545454545,73,103,39,38.65322876536417,0.5927511415525114,44.22860360360361,8027.414485009741,109.96458198643481,0
2172,30.939601506114325,1,0,177,0.005649717514124294,0.0,1.0,177,4850,3200,1650,0.6597938144329897,65,32,33,234.44854168316215,0.4210831835302174,0.7775315929708717,0.13687370458486964,1014844.8998683402,7335.781361745589,1022180.6812300858,2171,0,1016.457627118644,76,101,35,37.86686385323688,0.594983552631579,43.87175324675326,7924.505889005199,104.26981432901577,0
2173,31.031227019608334,0,1,176,0.0,0.005649717514124294,0.9943502824858758,177,4600,3000,1600,0.6521739130434783,62,30,32,236.04364087996993,0.4207889274096901,0.7773929337550134,0.13837279710236355,1019073.095016287,8109.144734092788,1027182.2397503798,2172,1,1017.457627118644,64,113,34,37.66857387026848,0.6028645833333333,43.717948717948715,7952.746514384232,124.26166428725362,0
2174,31.1684518598568,2,0,178,0.011235955056179775,0.0,1.0,178,3900,2900,1000,0.7435897435897436,49,29,20,229.5128143006765,0.4222046329799615,0.7731455975200412,0.13538548169992343,1025435.6437919673,7570.124098184047,1033005.7678901514,2173,0,1012.6910112359551,66,112,38,37.59836454734631,0.6040088383838385,43.48569651741293,7995.153719461705,121.13869271911675,0
2175,31.344922199320735,2,0,180,0.011111111111111112,0.0,1.0,180,5350,3900,1450,0.7289719626168224,68,39,29,224.04572940287107,0.4236059383405752,0.7703659611992932,0.1306933421516755,1027893.418344774,4709.026132293297,1032602.4444770673,2174,0,1002.4277777777778,81,99,41,38.164682539682545,0.5925925925925926,43.90243902439026,8027.358124216332,99.10318671872015,8
2176,31.568126936051144,2,1,181,0.01098901098901099,0.005494505494505495,0.9945054945054945,182,5000,3100,1900,0.62,69,31,38,226.56390306070415,0.4250481907595167,0.7747513768891447,0.13315831451745586,1037483.0834177888,5611.243347717671,1043094.3267655065,2175,0,992.4010989010989,64,118,42,37.81319019044047,0.6038411458333333,43.621794871794876,8093.379723124143,126.45905817381474,0
2177,31.090119295927828,3,0,184,0.016304347826086956,0.0,1.0,184,4350,2600,1750,0.5977011494252874,61,26,35,216.9076250030364,0.4266953997386553,0.7666988687580532,0.1286641965522453,1024506.7252242058,3294.6641136037974,1027801.3893378095,2176,0,981.1304347826087,72,112,41,37.710637726270555,0.6028645833333333,43.27910958904107,7981.483108633464,110.85393206435367,0
2178,31.073884380464765,2,3,183,0.010752688172043012,0.016129032258064516,0.9838709677419355,186,4800,3400,1400,0.7083333333333334,62,34,28,215.49192291728895,0.4286369030320643,0.7665149255683776,0.12835823234638408,1025201.488951649,2184.5280463713425,1027386.0169980204,2177,0,971.5698924731183,74,112,37,37.58955123006217,0.6034628378378378,43.12499999999997,7982.104050231817,107.86627094907861,0
2179,31.434792137938413,2,3,182,0.010810810810810811,0.016216216216216217,0.9837837837837837,185,4100,2500,1600,0.6097560975609756,57,25,32,212.95537652129158,0.4279487367802585,0.7636651614207728,0.12745538206721985,1038532.6287336855,3132.2213963253444,1041664.8501300109,2178,0,977.7891891891892,77,108,40,37.4746726932668,0.6038961038961039,42.94871794871792,8080.353620072564,104.9396574035398,0
2180,31.63215057280693,0,0,182,0.0,0.0,1.0,182,5600,4100,1500,0.7321428571428571,71,41,30,218.63631063133283,0.426806331329812,0.76580508458072,0.1312017167626301,1045843.0221972929,3731.8519745474223,1049574.8741718403,2179,1,993.8076923076923,79,103,41,37.22936393403883,0.6040348101265822,42.85156249999997,8134.158094561962,102.96402651344255,0
2181,32.043622034272445,0,1,181,0.0,0.005494505494505495,0.9945054945054945,182,4350,2900,1450,0.6666666666666666,58,29,29,222.142150519104,0.42665391698540867,0.7675833942869319,0.1337343291412859,1060418.4403120787,6362.726556207483,1066781.1668682862,2180,2,994.8076923076923,81,101,42,37.01877180854564,0.6044238683127572,42.733739837398346,8243.742802821136,101.77460250396464,0
2182,31.906821683139036,2,0,183,0.01092896174863388,0.0,1.0,183,4700,3400,1300,0.723404255319149,60,34,26,232.55015643712431,0.4279897015552753,0.7854922012914332,0.13501792664782353,1044877.9786864405,7297.3074802478495,1052175.2861666884,2181,0,990.2677595628415,75,108,33,38.12749928591831,0.5933333333333333,44.07894736842107,8165.6273912770675,108.87503188369423,8
2183,32.15427224695792,2,0,185,0.010810810810810811,0.0,1.0,185,5100,4100,1000,0.803921568627451,61,41,20,232.4679970554997,0.4288985996866432,0.7887472874334178,0.13577150376140393,1054809.9628335054,6941.911866818483,1061751.874700324,2182,0,980.5513513513514,77,108,35,37.902328814737594,0.5946969696969697,43.85683760683762,8236.096977786538,106.96229841281217,0
2184,31.729429556537113,1,1,185,0.005376344086021506,0.005376344086021506,0.9946236559139785,186,5150,3900,1250,0.7572815533980582,64,39,25,229.73916915575734,0.4292217620846653,0.7878426617068279,0.13479629045696243,1042271.0302437878,5540.096104664673,1047811.1263484525,2183,0,976.2741935483871,63,123,37,37.796333926001175,0.6038359788359788,43.684895833333336,8132.73204193273,129.09098479258301,0
2185,31.674922223057944,1,0,186,0.005376344086021506,0.0,1.0,186,5250,3600,1650,0.6857142857142857,69,36,33,228.35166207529846,0.43014990797248864,0.7853613554903875,0.1347568821259808,1042224.7408242531,5148.750364643089,1047373.4911888961,2184,0,966.5645161290323,66,120,39,37.61224747474746,0.6041666666666667,43.47014925373134,8125.563070280722,123.11459197395034,0
2186,31.62957256593574,1,0,187,0.0053475935828877,0.0,1.0,187,5100,3800,1300,0.7450980392156863,64,38,26,228.96105968227974,0.43060347306077856,0.7866583052158469,0.13631705746476155,1043393.9146957753,5279.315274957315,1048673.2299707325,2185,0,962.3903743315508,71,116,39,37.26132139236229,0.6047535211267605,43.14236111111111,8124.297328351017,114.42672293452137,0
2187,31.16007744112911,0,0,187,0.0,0.0,1.0,187,4850,3100,1750,0.6391752577319587,66,31,35,230.19404259202048,0.43065857819178505,0.7877647438970135,0.13733843376116361,1028524.9658226437,5102.06395790681,1033627.0297805505,2186,1,963.3903743315508,72,115,35,37.15057943648412,0.6050347222222222,43.06506849315068,8006.112363084625,111.19600504284202,0
2188,30.937313792402797,3,0,190,0.015789473684210527,0.0,1.0,190,5350,3800,1550,0.7102803738317757,69,38,31,211.60703434945952,0.4323198041399796,0.7685679241111392,0.12698962361499905,1022883.9377697115,-60.112688971084935,1022823.8250807404,2187,0,949.1631578947369,80,110,38,37.408314996332585,0.6036458333333333,42.84979423868311,7955.53660741876,99.4442075927345,8
2189,30.567018630996426,0,0,190,0.0,0.0,1.0,190,5500,4100,1400,0.7454545454545455,69,41,28,214.34572890427438,0.43241959064327484,0.7722019415917833,0.12900073225798556,1011463.9392224915,-139.4049373931848,1011324.5342850983,2188,1,950.1631578947369,84,106,41,37.23094909171749,0.6031746031746033,42.74509803921569,7863.515381150467,93.61327834702936,0
2190,31.017278717150845,2,0,192,0.010416666666666666,0.0,1.0,192,5400,4000,1400,0.7407407407407407,68,40,28,208.19613284899128,0.4335295547920302,0.7680889940817337,0.1261223544059342,1028273.4982176858,-983.4868319947609,1027290.0113856911,2189,0,941.2552083333334,71,121,43,37.144857100048725,0.6112089201877935,42.50578703703704,7986.769771525615,112.48971509191007,0
2191,30.645520397994424,0,1,191,0.0,0.005208333333333333,0.9947916666666666,192,5300,3600,1700,0.6792452830188679,70,36,34,210.42972544960958,0.4331960805700989,0.7708728280814092,0.12772861923557483,1016520.0044073379,-918.7949117054723,1015601.2094956324,2190,1,942.2552083333334,71,121,41,37.013483214439496,0.6119424882629108,42.43344907407408,7893.260990241554,111.17269000340217,0
2192,30.700333629833697,0,1,190,0.0,0.005235602094240838,0.9947643979057592,191,5250,4000,1250,0.7619047619047619,65,40,25,216.045650830168,0.4322529163222191,0.7741038449703546,0.13166989931420556,1019504.1581187946,601.8878729677099,1020106.0459917623,2191,2,948.1570680628272,73,118,40,36.71823792877429,0.6124429223744292,42.28603603603605,7911.904674760671,108.38225581863932,0
2193,30.965777203422995,0,0,190,0.0,0.0,1.0,190,5700,4100,1600,0.7192982456140351,73,41,32,224.23543662112542,0.4320598951081407,0.7821678746028415,0.1281680952880402,1009375.221388491,1567.538696518911,1010942.7600850099,2192,3,953.7894736842105,68,122,35,38.94551035692464,0.5908394607843137,44.67089371980678,7906.46421862161,116.27153262678837,8
2194,31.408533765559945,5,0,195,0.02564102564102564,0.0,1.0,195,4450,2800,1650,0.6292134831460674,61,28,33,216.9059029284645,0.4348323640849414,0.7803806617514797,0.12226334721825446,1019543.223526717,778.9886947317182,1020322.2122214488,2193,0,930.3076923076923,80,115,37,39.67649607160279,0.5798177083333333,45.2031893004115,8002.794232214961,100.03492790268702,8
2195,31.366008464814115,3,1,197,0.015151515151515152,0.005050505050505051,0.9949494949494949,198,5600,3900,1700,0.6964285714285714,73,39,34,216.58336415375035,0.43607180091951664,0.7853307284994464,0.12304583264804698,1020571.6511640243,-992.2316861898043,1019579.4194778345,2194,0,917.1969696969697,84,114,41,39.37696163207788,0.5813492063492063,44.90196078431371,8001.407257396653,95.25484830234112,0
2196,31.267834685712412,7,0,204,0.03431372549019608,0.0,1.0,204,5600,3800,1800,0.6785714285714286,74,38,36,206.7431182814496,0.43999977864709106,0.7832066570850205,0.11964764157358368,1022980.5163620953,-4101.163621226311,1018879.3527408689,2195,0,891.0490196078431,73,131,45,38.91197079756403,0.5930365296803652,44.200450450450475,7998.298027995075,109.56572641089144,0
2197,31.182520289390503,2,0,206,0.009708737864077669,0.0,1.0,206,6150,4600,1550,0.7479674796747967,77,46,31,205.1439680353686,0.44079445891546293,0.7837112286685484,0.1195226737257383,1022205.6868628917,-5410.133849724981,1016795.5530131666,2196,0,883.3883495145631,78,128,41,38.69502806529688,0.593349358974359,43.94778481012661,7984.353395301686,102.36350506797034,0
2198,31.701165047707807,0,3,203,0.0,0.014563106796116505,0.9854368932038835,206,6200,4200,2000,0.6774193548387096,82,42,40,205.40661028934804,0.4408807916962665,0.7837704999892989,0.1201884766138455,1040507.8121869942,-4654.563463816448,1035853.2487231778,2197,1,884.3883495145631,82,124,44,38.52487958200672,0.5933689024390244,43.78765060240966,8122.229975514054,99.05158506724456,0
2199,31.439866489280227,1,1,203,0.004901960784313725,0.004901960784313725,0.9950980392156863,204,6650,4800,1850,0.7218045112781954,85,48,37,201.85775334844936,0.439858917705013,0.7781478801778332,0.11898838018857215,1034153.7763645179,-5699.608417249048,1028454.1679472688,2198,0,893.9558823529412,69,135,44,38.33449369536632,0.6020531400966184,43.51190476190474,8063.951470375447,116.86886188949923,0
2200,31.885716975316335,1,0,204,0.004901960784313725,0.0,1.0,204,5700,3900,1800,0.6842105263157895,75,39,36,198.46889025020462,0.43975679352200653,0.7745482105812291,0.11756382577391843,1050303.7692835291,-4809.475296938526,1045494.2939865906,2199,0,894.8970588235294,71,133,45,38.23634753771864,0.6028462441314554,43.33043981481479,8184.092952243676,115.26891482033346,0
2201,32.268506025969565,1,2,203,0.004878048780487805,0.00975609756097561,0.9902439024390244,205,4900,3900,1000,0.7959183673469388,59,39,20,193.31628926223607,0.44007352941176475,0.7704943968358609,0.11536617262423682,1065190.6044934413,-4716.260996466284,1060474.343496975,2200,0,891.5268292682927,74,131,43,38.08840090090091,0.6041666666666667,43.05555555555553,8291.213353894895,112.04342370128236,0
2202,32.66775360993453,0,2,201,0.0,0.009852216748768473,0.9901477832512315,203,5350,3700,1650,0.6915887850467289,70,37,33,194.5630779659343,0.43891747549139154,0.7700084763460819,0.11644745412587915,1079266.8162867844,-3952.9052553500933,1075313.9110314343,2201,1,901.1182266009852,77,126,43,37.94744908561927,0.6038961038961039,42.94871794871792,8397.287947168994,109.05568762557135,0
2203,33.020940933081185,0,3,198,0.0,0.014925373134328358,0.9850746268656716,201,4950,3400,1550,0.6868686868686869,65,34,31,192.7368145576589,0.43833126036484243,0.76596669235068,0.1158342603385526,1092230.4038263087,-3047.398240698593,1089183.0055856102,2202,2,910.9203980099503,82,119,44,37.8389203344068,0.6034044715447154,42.79618473895581,8493.111991498025,103.57453648168323,0
2204,33.20909656298519,1,0,199,0.005025125628140704,0.0,1.0,199,5750,3700,2050,0.6434782608695652,78,37,41,192.65212338000555,0.4370611474882831,0.7640104197247295,0.11643408559084376,1100207.6159004674,-3158.5333275843223,1097049.082572883,2203,0,920.6381909547739,70,129,47,37.631922675026125,0.6108630952380952,42.59096244131455,8548.321584471458,122.11887977816369,0
2205,33.28553981677537,3,0,202,0.01485148514851485,0.0,1.0,202,6000,4800,1200,0.8,72,48,24,187.53908230000934,0.43836305272318277,0.7613869699312503,0.1145431010355446,1106025.6040188419,-4915.394644398371,1101110.2093744434,2204,0,907.950495049505,76,126,46,37.37318080044783,0.611842105263158,42.207792207792224,8580.752796922,112.90464206476315,0
2206,33.286087407256495,1,0,203,0.0049261083743842365,0.0,1.0,203,5250,3600,1650,0.6857142857142857,69,36,33,188.34368616725573,0.43892763660602513,0.7626166902161358,0.11548790319341637,1107266.5971707164,-4140.6655037986475,1103125.9316669176,2205,0,904.4729064039409,80,123,46,37.20729254956707,0.6115885416666667,42.065329218106996,8585.635997008018,107.32044996260022,0
2207,33.1845501731579,1,1,203,0.004901960784313725,0.004901960784313725,0.9950980392156863,204,5700,4100,1600,0.7192982456140351,73,41,32,189.36522046874728,0.43936238288418816,0.7656956340924241,0.11678575554310822,1105671.0033555909,-4624.873336733459,1101046.1300188573,2206,0,901.0343137254902,81,123,43,36.96888891622787,0.6132973251028806,41.85721544715447,8566.352185832598,105.75743439299504,0
2208,33.24193987648666,2,0,205,0.00975609756097561,0.0,1.0,205,4550,3100,1450,0.6813186813186813,60,31,29,189.46604603745453,0.4393950263032042,0.7681236585650859,0.11756787207704884,1109478.1961798004,-3508.3106010089873,1105969.8855787914,2207,0,897.5073170731707,68,137,47,36.74136184799965,0.6216299019607843,41.6364734299517,8588.504816518638,126.30154141939174,0
2209,33.54762199731047,1,0,206,0.0048543689320388345,0.0,1.0,206,5500,4000,1500,0.7272727272727273,70,40,30,186.74334319812485,0.43952018707080276,0.766056885930595,0.11635140407181647,1120945.2212798877,-4834.188367246223,1116111.0329126415,2208,0,894.1456310679612,70,136,46,36.6631195611048,0.6220238095238095,41.49061032863851,8672.3752874503,123.89107553500429,0
2210,33.14003165414177,4,1,209,0.01904761904761905,0.004761904761904762,0.9952380952380953,210,5750,4000,1750,0.6956521739130435,75,40,35,184.85846580338466,0.44077523353839143,0.7674841610463903,0.11641087170861875,1110579.7397973556,-6689.986629747368,1103889.7531676083,2209,0,878.0952380952381,74,136,50,36.32533082975679,0.6238738738738738,41.111111111111136,8579.585972683435,115.94035098220859,0
2211,33.494013390930704,1,1,209,0.004761904761904762,0.004761904761904762,0.9952380952380953,210,6650,5000,1650,0.7518796992481203,83,50,33,181.99700549031508,0.4408478582820688,0.7639069235439793,0.1151632206485586,1123924.4202707051,-7739.824222658709,1116184.5960480464,2210,0,878.9238095238095,75,135,43,36.225431194116695,0.6251388888888889,40.94024122807018,8676.951029358304,115.69268039144406,0
2212,33.373669207956134,0,2,207,0.0,0.009569377990430622,0.9904306220095693,209,5500,4000,1500,0.7272727272727273,70,40,30,184.0504146930145,0.44011950220831797,0.7656818536164594,0.116598158155387,1120241.682174084,-6063.810767891895,1114177.8714061922,2211,2,884.1291866028708,75,134,44,36.130360417548324,0.6255555555555555,40.89912280701755,8647.146966929873,115.29529289239831,0
2213,33.56645128978757,1,0,208,0.004807692307692308,0.0,1.0,208,5550,3600,1950,0.6486486486486487,75,36,39,184.11522627488355,0.43967981620834884,0.764089618881858,0.11718450942852242,1128143.625019441,-5608.316241795812,1122535.308777645,2212,0,889.3557692307693,75,133,47,35.96117924860789,0.6272222222222222,40.73464912280701,8702.617771348954,116.03490361798606,0
2214,33.927828063446604,0,0,208,0.0,0.0,1.0,208,4650,2900,1750,0.6236559139784946,64,29,35,185.64216706182202,0.4396890096618358,0.7664697250540631,0.11852538358562437,1141253.9430130995,-3877.02897023992,1137376.9140428596,2213,1,890.3557692307693,69,139,47,35.80990629183399,0.6313405797101449,40.624999999999986,8800.030403956429,127.53667252110766,0
2215,33.521325284870244,2,3,207,0.009523809523809525,0.014285714285714285,0.9857142857142858,210,6850,5300,1550,0.7737226277372263,84,53,31,183.33092087604263,0.4404197045644414,0.7653725342379707,0.11776681188477928,1129441.8946434632,-7437.6754758066645,1122004.2191676565,2214,0,882.8666666666667,72,138,45,35.65188910876575,0.6319444444444444,40.41095890410956,8701.768686962829,120.85789843003928,0
2216,33.10637209496178,1,0,208,0.004807692307692308,0.0,1.0,208,5650,4000,1650,0.7079646017699115,73,40,33,184.30152439381976,0.43982787919608574,0.7646374189787022,0.11844937513333377,1115610.6678534395,-6128.250656921042,1109482.4171965185,2215,0,892.1153846153846,71,137,47,35.608931490563165,0.6326291079812207,40.39351851851849,8594.62877418967,121.05110949562916,0
2217,33.06360364647596,0,1,207,0.0,0.004807692307692308,0.9951923076923077,208,5600,3700,1900,0.6607142857142857,75,37,38,188.76010801436243,0.43985981435030347,0.7688377899845558,0.11834023776111371,1106665.8066696494,-5421.128559446941,1101244.6781102025,2216,1,893.1153846153846,75,133,45,36.385383005774244,0.6218055555555555,41.26918859649124,8554.572999376767,114.06097332502357,8
2218,32.93326801784212,1,0,208,0.004807692307692308,0.0,1.0,208,5400,3400,2000,0.6296296296296297,74,34,40,189.09568658976795,0.4399415876997399,0.768627515024823,0.11898539831947458,1103412.3730366456,-5269.8959457979345,1098142.4770908477,2217,0,893.4375,76,132,47,36.244120721191514,0.6226699561403508,41.13906926406928,8525.136411274507,112.17284751676982,0
2219,33.032950886814156,1,2,207,0.004784688995215311,0.009569377990430622,0.9904306220095693,209,5700,3700,2000,0.6491228070175439,77,37,40,183.43793472757665,0.44036774628879893,0.7624323408205476,0.1160122549204897,1108289.3951000813,-6839.536456472852,1101449.8586436084,2218,0,890.1578947368421,80,129,43,36.20757417796093,0.6227864583333333,40.959362139917715,8556.876668121167,106.96095835151459,0
2220,33.01331896762827,0,2,205,0.0,0.00966183574879227,0.9903381642512077,207,6600,5000,1600,0.7575757575757576,82,50,32,187.447314542728,0.4402994700060973,0.7661198897665216,0.11925665118168871,1109430.3596960872,-6408.051680558894,1103022.3080155284,2219,1,898.2415458937198,83,124,45,35.88941771102395,0.6237449799196787,40.74900793650795,8558.73569366617,103.11729751405025,0
2221,33.07095832657005,0,1,204,0.0,0.004878048780487805,0.9951219512195122,205,5750,3800,1950,0.6608695652173913,77,38,39,187.55984584534687,0.4397586880280568,0.7636171274532264,0.11966623508064822,1112220.5901135511,-5028.415514456035,1107192.174599095,2220,2,907.9463414634147,84,121,45,35.78513600781236,0.6243799603174602,40.64950980392159,8576.969253250087,102.1067768244058,0
2222,32.52101763757631,1,0,205,0.004878048780487805,0.0,1.0,205,5350,3700,1650,0.6915887850467289,70,37,33,183.92700015527907,0.4398413837079547,0.7588900058197985,0.11809240539217748,1095595.0443721807,-6048.0980207271205,1089546.9463514537,2221,0,908.819512195122,73,132,44,35.653696673897315,0.6312785388127854,40.42792792792792,8441.54793407806,115.63764293257617,0
2223,32.800794243829756,1,2,204,0.0048543689320388345,0.009708737864077669,0.9902912621359223,206,4950,3300,1650,0.6666666666666666,66,33,33,184.9137807772601,0.4402922487962744,0.7616816364674721,0.11923750691499145,1106299.1646532398,-5236.007758649153,1101063.1568945907,2222,0,905.4029126213592,74,132,48,35.47515597147946,0.6323198198198199,40.277777777777764,8519.09517166131,115.12290772515284,0
2224,32.43866224975484,0,0,204,0.0,0.0,1.0,204,6150,4600,1550,0.7479674796747967,77,46,31,187.52868483915375,0.4397598119707653,0.7627780625266618,0.12126163523283925,1094904.497819075,-5884.799899903108,1089019.6979191718,2223,1,913.0049019607843,74,130,47,35.30819568432495,0.6333051801801801,40.18055555555554,8428.195204252246,113.89452978719251,0
2225,32.052784418263506,1,1,204,0.004878048780487805,0.004878048780487805,0.9951219512195122,205,5700,4100,1600,0.7192982456140351,73,41,32,185.94903369255925,0.43977164036346245,0.7618594356408763,0.12081029511506365,1083248.8298343774,-6414.185368740611,1076834.6444656367,2224,0,909.5463414634146,76,129,49,35.18186075554167,0.634046052631579,40.016233766233746,8333.203611339075,109.64741593867204,0
2226,32.41258430934606,1,0,205,0.004878048780487805,0.0,1.0,205,6400,4400,2000,0.6875,84,44,40,182.48170701694295,0.4399041527179978,0.7569409363348072,0.11921556112963282,1097023.1895807188,-7362.667145628009,1089660.5224350907,2225,0,909.6634146341463,81,124,44,35.076971746171225,0.6338734567901234,39.8246951219512,8432.954004569521,104.11054326629039,0
2227,32.35309263980988,1,0,206,0.0048543689320388345,0.0,1.0,206,5850,3600,2250,0.6153846153846154,81,36,45,186.87999999999985,0.4400288104822796,0.7638446601941731,0.12294736842105265,1097042.2580230685,-6046.948564129838,1090995.3094589387,2226,0,906.242718446602,70,136,47,34.71666666666667,0.6413690476190477,39.583333333333336,8425.284541617166,120.36120773738809,0
2228,32.124186754605,0,1,205,0.0,0.0048543689320388345,0.9951456310679612,206,5600,3900,1700,0.6964285714285714,73,39,34,185.1978018748094,0.43961835977583075,0.7619184236289733,0.12219574516907822,1090116.1937275308,-6422.5754267054945,1083693.6183008254,2227,1,907.242718446602,72,134,45,34.65873820087272,0.6413483796296297,39.483447488584474,8368.88238554257,116.23447757698015,0
2229,31.9952040230869,0,0,205,0.0,0.0,1.0,205,5700,4000,1700,0.7017543859649122,74,40,34,183.38007451752443,0.4389755699027578,0.7586750112105447,0.12138014456159946,1086643.3656973739,-6846.251724888454,1079797.1139724855,2228,2,912.6439024390244,74,131,46,34.59565680788707,0.6414695945945945,39.375,8338.750048517019,112.6858114664462,0
2230,32.06576835398285,0,0,205,0.0,0.0,1.0,205,5950,4100,1850,0.6890756302521008,78,41,37,184.24250612390966,0.4390124342419895,0.7603868797308655,0.12238231272699945,1090048.142292847,-6783.359693650712,1083264.7825991963,2229,3,913.6439024390244,75,130,48,34.45034342584805,0.6422222222222222,39.25438596491229,8361.00845896616,111.48011278621547,0
2231,32.40427415187868,1,1,205,0.0048543689320388345,0.0048543689320388345,0.9951456310679612,206,6000,4200,1800,0.7,78,42,36,187.22934962160906,0.4389360841423948,0.7638905793497914,0.1252661136478987,1103628.976724897,-5873.652892847017,1097755.32383205,2230,0,910.2038834951456,77,129,47,34.12256519811012,0.6438041125541125,39.00908119658121,8457.221284056724,109.83404265008733,0
2232,32.38551013784819,1,0,206,0.0048543689320388345,0.0,1.0,206,5650,4200,1450,0.7433628318584071,71,42,29,187.7579051606076,0.438844324729655,0.7652937666331285,0.12643878265951486,1104850.3626809735,-5361.122077416663,1099489.2406035569,2231,0,910.9368932038835,79,127,40,33.88462065699616,0.6451740506329113,38.7890625,8459.44946452308,107.0816387914314,0
2233,32.18927837377833,0,2,204,0.0,0.009708737864077669,0.9902912621359223,206,6050,4100,1950,0.6776859504132231,80,41,39,188.43982495136757,0.43848764701239246,0.7661759062335773,0.12726258823588799,1098969.8112771872,-5832.064227217908,1093137.7470499694,2232,1,911.9368932038835,82,124,41,33.76819076893521,0.644944105691057,38.69226907630522,8411.307291923182,102.57691819418514,0
2234,32.62652498439857,0,0,204,0.0,0.0,1.0,204,5450,3400,2050,0.6238532110091743,75,34,41,240.47193643755972,0.43837434399046976,0.8142856961178557,0.15207532059041387,1094639.3648269658,6396.009552144097,1101035.37437911,2233,2,915.3578431372549,61,143,35,34.7318610282354,0.6328551912568305,40.96102150537634,8451.54170378791,138.54986399652313,7
2235,32.677383024277574,1,1,204,0.004878048780487805,0.004878048780487805,0.9951219512195122,205,6050,4500,1550,0.743801652892562,76,45,31,238.0809582788085,0.4385750438386737,0.8135093703696443,0.1517285539940685,1098648.607058079,5263.462636013066,1103912.069694092,2234,0,911.8878048780488,64,141,37,34.515403868734936,0.6336263020833333,40.68910256410256,8473.601517881976,132.40002371690588,0
2236,32.73383771145212,0,0,204,0.0,0.0,1.0,204,5650,3700,1950,0.6548672566371682,76,37,39,239.24558648414296,0.43827020750829065,0.8142834259153677,0.15290545359190091,1101395.8495423603,6250.81919499254,1107646.6687373528,2235,1,917.3137254901961,57,147,39,34.382788701190805,0.6396198830409356,40.589080459770116,8491.514940808449,148.9739463299728,0
2237,32.53353009631936,0,1,203,0.0,0.004901960784313725,0.9950980392156863,204,5900,4400,1500,0.7457627118644068,74,44,30,239.37337177187132,0.43824756914259955,0.8145095284752488,0.1535131932482927,1095671.8675154718,5754.933856552232,1101426.801372024,2236,2,918.3137254901961,59,145,39,34.25626296073319,0.6393008474576272,40.46875,8443.467732810379,143.1096225900064,0
2238,32.39765188152826,1,0,204,0.004901960784313725,0.0,1.0,204,6000,4600,1400,0.7666666666666667,74,46,28,237.44430199014926,0.4380367808042757,0.8125015058082985,0.15343089183759587,1093314.7457627053,5120.27133263251,1098435.0170953379,2237,0,919.1323529411765,61,143,37,34.03628823643535,0.6405396174863388,40.20497311827956,8416.748841466238,137.97948920436457,0
2239,32.623266946598825,0,0,204,0.0,0.0,1.0,204,5600,3900,1700,0.6964285714285714,73,39,34,237.01780847917757,0.4384115715251618,0.8122089665435479,0.15363640954573976,1101853.1487581886,5831.763716909367,1107684.912475098,2238,1,920.1323529411765,62,142,39,33.935709438683546,0.6409610215053764,40.09589947089947,8478.920852076499,136.75678793671773,0
2240,32.63339845083535,0,0,204,0.0,0.0,1.0,204,6000,4600,1400,0.7666666666666667,74,46,28,238.7307427589457,0.438445780611095,0.8138750732333617,0.15556067040589158,1103738.491476493,5899.261976364452,1109637.7534528575,2239,2,921.1323529411765,62,142,38,33.70496927315111,0.6428091397849462,39.91402116402117,8487.489378830043,136.89498998112973,0
2241,32.68249749879044,0,0,204,0.0,0.0,1.0,204,5450,3100,2350,0.5688073394495413,78,31,47,238.86016616347112,0.43820732315914873,0.8137150644068465,0.15610869240757377,1106273.3341032153,6598.926481222291,1112872.2605844375,2240,3,922.1323529411765,63,141,38,33.59632386671672,0.6431878306878307,39.81119791666667,8503.619873301834,134.97809322701323,0
2242,32.28383410256473,0,0,204,0.0,0.0,1.0,204,6600,5100,1500,0.7727272727272727,81,51,30,236.16128414192303,0.4381575187546283,0.8114906241453528,0.1546584422359135,1093367.3109469244,4242.205638405205,1097609.5165853295,2241,4,923.1323529411765,65,139,39,33.59485546796037,0.6426282051282051,39.741161616161605,8402.153162110022,129.26389480169266,0
2243,31.88231907091589,0,0,204,0.0,0.0,1.0,204,5750,4300,1450,0.7478260869565218,72,43,29,230.436724011911,0.4381167696963843,0.8077659414801344,0.14220249394993567,1062463.5954755836,2416.1260646620167,1064879.7215402457,2242,5,924.1323529411765,67,137,41,35.886105836745195,0.6201803482587065,41.83517156862746,8230.893432937293,122.84915571548198,8
2244,32.375671458397655,2,0,206,0.009708737864077669,0.0,1.0,206,5100,3400,1700,0.6666666666666666,68,34,34,231.5150830708438,0.43904116346988714,0.8106078930845702,0.14430686906688653,1081911.0315126881,3795.744467184205,1085706.7759798723,2243,0,916.1504854368932,59,147,40,35.490466836791796,0.6290607344632768,41.47569444444442,8369.89798067703,141.8626776385937,0
2245,32.81660114165686,0,0,206,0.0,0.0,1.0,206,6950,5300,1650,0.762589928057554,86,53,33,230.3855196808625,0.4389839371694688,0.8096848954394318,0.144209911244863,1097923.446640873,2439.132764831903,1100362.579405705,2244,1,917.1504854368932,60,146,42,35.36564232902032,0.6298611111111111,41.32513661202183,8488.829817175802,141.48049695293003,0
2246,33.03268308344654,3,2,207,0.014354066985645933,0.009569377990430622,0.9904306220095693,209,5500,4200,1300,0.7636363636363637,68,42,26,222.58840981742406,0.44031407189301924,0.8053135838205929,0.14044537736195783,1107576.2579295957,2006.7276008161607,1109582.9855304118,2245,0,904.9712918660288,64,145,47,35.27755430410299,0.6300455729166667,41.04166666666665,8554.08855681747,133.65763370027298,0
2247,32.6341199956723,1,2,206,0.004807692307692308,0.009615384615384616,0.9903846153846154,208,5700,4000,1700,0.7017543859649122,74,40,34,222.57140332942086,0.4403373900656509,0.8037022501308209,0.14113645458183255,1095702.798546447,1474.4219008912996,1097177.2204473382,2246,0,910.1634615384615,64,144,42,35.09778911564622,0.6318359375,40.865384615384606,8456.630133493913,132.13484583584238,0
2248,32.37768999049167,0,1,205,0.0,0.0048543689320388345,0.9951456310679612,206,4950,2900,2050,0.5858585858585859,70,29,41,229.90976686162813,0.44031592864472335,0.807097117982859,0.14638764730634657,1088303.524022584,3892.321896543975,1092195.845919128,2247,1,910.3786407766991,64,142,44,34.760079939015625,0.63330078125,40.72115384615383,8394.850101861579,131.16953284158717,0
2249,32.31918429411605,1,1,205,0.0048543689320388345,0.0048543689320388345,0.9951456310679612,206,4600,3000,1600,0.6521739130434783,62,30,32,228.60354461708607,0.44038746152024627,0.8065350479790729,0.14610396453314956,1087444.0007894456,3918.710630610316,1091362.711420056,2248,0,911.3252427184466,57,149,45,34.658854887842715,0.6396198830409356,40.5890804597701,8383.94931652677,147.08683011450475,0
2250,32.59267550160956,0,0,205,0.0,0.0,1.0,205,6250,4500,1750,0.72,80,45,35,234.17451716536198,0.44032759445241515,0.8123120977614235,0.1406120162112072,1077788.7481055825,3228.1319387770313,1081016.8800443595,2249,1,915.609756097561,68,137,39,36.8068192936112,0.6095281862745099,42.829106280193244,8381.887487468599,123.26305128630293,8
2251,32.2373680967468,2,1,206,0.00966183574879227,0.004830917874396135,0.9951690821256038,207,5450,3700,1750,0.6788990825688074,72,37,35,229.3416839448934,0.4410596751246814,0.8104581570876468,0.13894107079972098,1068741.1435429985,2171.3787122686053,1070912.522255267,2250,0,907.7536231884058,60,147,40,36.59794526604327,0.6178819444444444,42.50341530054646,8301.012184611445,138.3502030768574,0
2252,32.14920884642211,1,2,205,0.004830917874396135,0.00966183574879227,0.9903381642512077,207,6050,4300,1750,0.7107438016528925,78,43,35,225.38395400197564,0.4413147053765458,0.8058167482274252,0.13725639004066625,1067389.0485113938,664.4728423809929,1068053.521353775,2251,0,908.7391304347826,65,142,42,36.50592831914416,0.6165064102564102,42.31376262626263,8284.408662176997,127.45244095656918,0
2253,32.57152922907809,0,0,205,0.0,0.0,1.0,205,4750,3000,1750,0.631578947368421,65,30,35,223.4634441350047,0.4407669775227164,0.8029022852510463,0.13667998078747903,1082735.6446325534,2640.3672474648515,1085376.0118800183,2252,1,908.3073170731707,65,140,42,36.39406204729547,0.6181089743589744,42.15593434343433,8398.375521077136,129.20577724734056,0
2254,32.52756987566823,2,0,207,0.00966183574879227,0.0,1.0,207,6450,4500,1950,0.6976744186046512,84,45,39,219.78688598,0.44188437065178304,0.8017034806571124,0.13535578540036333,1083353.0081910884,-228.64318252297835,1083124.3650085654,2253,0,900.5217391304348,68,139,44,36.235693534550016,0.6188725490196079,41.90821256038648,8395.098650278158,123.45733309232585,0
2255,32.99631224901665,2,0,209,0.009569377990430622,0.0,1.0,209,7250,5300,1950,0.7310344827586207,92,53,39,218.4111352198113,0.44310130658814867,0.8021953278919223,0.13554390795224538,1101313.9213326273,-942.1552416718278,1100371.7660909556,2254,0,892.8947368421053,60,149,47,35.9894800616876,0.6267361111111112,41.63251366120218,8525.174254228508,142.08623757047513,0
2256,33.12121718269603,2,0,211,0.009478672985781991,0.0,1.0,211,5950,4300,1650,0.7226890756302521,76,43,33,213.0891458601592,0.44434006620025573,0.798044344445636,0.13300554616842067,1107248.3783261678,-961.4777614859695,1106286.9005646817,2255,0,885.4218009478673,64,147,47,35.91635678132426,0.6261393229166667,41.42628205128206,8564.276269916687,133.81681671744823,0
2257,33.17762719412293,0,0,211,0.0,0.0,1.0,211,6350,4200,2150,0.6614173228346457,85,42,43,214.13359198814425,0.44451308959602803,0.7996552158716319,0.13441555797234378,1110863.786555268,-975.3494350737815,1109888.4371201943,2256,1,886.4218009478673,65,146,46,35.683500040660334,0.6275641025641026,41.22474747474748,8585.548855347863,132.08536700535174,0
2258,33.36636373987056,1,0,212,0.0047169811320754715,0.0,1.0,212,5550,4100,1450,0.7387387387387387,70,41,29,213.3986854734909,0.4445819920116844,0.7998648363298821,0.13479631251779134,1119103.6489883584,-186.95047945942406,1118916.698508899,2257,0,883.2358490566038,68,144,47,35.47544105074998,0.6280637254901961,41.0024154589372,8641.807613544983,127.08540608154387,0
2259,33.780337518163186,1,1,212,0.004694835680751174,0.004694835680751174,0.9953051643192489,213,6050,4200,1850,0.6942148760330579,79,42,37,218.8599824218593,0.44455701715534296,0.8037929659047096,0.13903629304016524,1134750.6584854238,1020.3018338627398,1135770.9603192864,2258,0,880.0845070422536,70,143,41,35.1282287126658,0.6290178571428571,40.801056338028175,8755.827801252786,125.08325430361123,0
2260,33.750812193978774,0,3,209,0.0,0.014150943396226415,0.9858490566037735,212,6750,4800,1950,0.7111111111111111,87,48,39,224.42499234768894,0.4443132619452144,0.8078095060179875,0.14304766461397056,1134785.8559936092,1784.8614095263365,1136570.7174031355,2259,1,885.2311320754717,70,142,41,34.863979255068365,0.6302083333333333,40.68368544600939,8752.136231346467,125.03051759066382,0
2261,33.489689156285415,0,1,208,0.0,0.004784688995215311,0.9952153110047847,209,6550,4200,2350,0.6412213740458015,89,42,47,226.4397974382681,0.44286168874984666,0.807326884716151,0.14479140050295553,1126976.0910423717,2688.4475546813046,1129664.538597053,2260,2,898.8325358851674,58,151,45,34.69755228891609,0.6390086206896552,40.572033898305094,8688.161943193132,149.7958955722954,0
2262,32.98114889977337,1,0,209,0.004784688995215311,0.0,1.0,209,5800,4100,1700,0.7068965517241379,75,41,34,222.92832409972283,0.44237190988835723,0.8039347771342227,0.1430958837126601,1111017.3072518401,1935.445270287948,1112952.7525221282,2261,0,899.799043062201,60,149,44,34.65076754385966,0.6388888888888888,40.43715846994536,8560.680725351021,142.67801208918368,0
2263,33.14471951011819,0,2,207,0.0,0.009569377990430622,0.9904306220095693,209,5950,4400,1550,0.7394957983193278,75,44,31,233.5750178019787,0.44233357103422893,0.814955593112046,0.14607401054274943,1108624.3000761021,4039.3881251965977,1112663.6882012987,2262,1,900.799043062201,63,146,39,35.31617739601032,0.6274801587301587,41.35742187500002,8572.635705327004,136.07358262423816,8
2264,33.09764734842355,0,0,207,0.0,0.0,1.0,207,6000,4100,1900,0.6833333333333333,79,41,38,235.95995452644993,0.4416391116739365,0.8132823890059904,0.1480992156916109,1108150.6126767618,4895.833635133511,1113046.4463118953,2263,5,910.0772946859903,68,139,38,35.12290220329426,0.625765931372549,41.228864734299535,8564.715778975404,125.95170263199122,0
2265,32.58433555845408,0,0,207,0.0,0.0,1.0,207,6250,4300,1950,0.688,82,43,39,234.32801979514704,0.44144368619358065,0.8120605358457016,0.14796140678493627,1092763.0460429501,3563.0001369118004,1096326.046179862,2264,6,911.0772946859903,71,136,35,34.946895424836605,0.6263204225352113,41.015625000000014,8438.833779396538,118.85681379431745,0
2266,32.77524510959048,0,0,207,0.0,0.0,1.0,207,5550,4000,1550,0.7207207207207207,71,40,31,238.1768639989125,0.4412306724199928,0.8147146140586092,0.1510227601333892,1100422.482102708,5469.035172224632,1105891.5172749327,2265,7,912.0772946859903,72,135,35,34.695645190895746,0.6273148148148149,40.867579908675815,8493.128584334556,117.96011922686883,0
2267,32.50621772244756,0,0,207,0.0,0.0,1.0,207,5050,3300,1750,0.6534653465346535,68,33,35,241.06943825845988,0.4411261197880025,0.8167116677421882,0.15318620790662754,1092029.4822811016,6200.986771036526,1098230.4690521383,2266,8,913.0772946859903,74,133,36,34.54294593580884,0.6271114864864865,40.79166666666668,8425.882518806122,113.8632772811638,0
2268,32.015881143689185,1,0,208,0.004807692307692308,0.0,1.0,208,6600,4200,2400,0.6363636363636364,90,42,48,238.06352024492978,0.44155237752384496,0.8140373031310788,0.15206486261095947,1077075.6175029266,3082.482614545485,1080158.100117472,2267,0,909.6826923076923,63,145,38,34.43356392880298,0.6350859788359788,40.60872395833332,8304.640263459849,131.8196867215849,0
2269,31.718809275256984,1,0,209,0.004784688995215311,0.0,1.0,209,6300,4200,2100,0.6666666666666666,84,42,42,237.38836203896693,0.4415984235063182,0.8143720287719465,0.15232733405638307,1068398.4190110993,2625.070138813351,1071023.4891499127,2268,0,906.3253588516747,64,145,39,34.28727257759118,0.6360677083333333,40.44871794871795,8232.657612533045,128.63527519582883,0
2270,31.870219064578936,0,2,207,0.0,0.009569377990430622,0.9904306220095693,209,5550,4100,1450,0.7387387387387387,70,41,29,236.12057155630447,0.4413827674518464,0.8130006491501176,0.15203106345926748,1074483.9687497597,3391.553765855986,1077875.5225156157,2269,1,907.3253588516747,66,143,39,34.1982497106135,0.6360479797979798,40.32960199004975,8275.752469163519,125.39018892671999,0
2271,31.77819712806968,0,1,206,0.0,0.004830917874396135,0.9951690821256038,207,5650,4400,1250,0.7787610619469026,69,44,25,236.8140705291329,0.44029751575129367,0.8121199502014929,0.1526815533843753,1071766.4242171776,3711.8739150646024,1075478.2981322422,2270,2,916.7053140096618,66,141,38,34.13249526089993,0.6365214646464646,40.282960199004975,8253.339288314739,125.05059527749604,0
2272,31.33122394229453,1,0,207,0.004830917874396135,0.0,1.0,207,5050,3600,1450,0.7128712871287128,65,36,29,235.51234145462612,0.44062289917608616,0.8111513547281199,0.15252480984950836,1057962.5989324101,3382.6497691986788,1061345.2487016087,2271,0,917.328502415459,68,139,42,34.00647728593007,0.6369485294117647,40.1268115942029,8142.145062540124,119.73742739029593,0
2273,31.028860838927127,0,0,207,0.0,0.0,1.0,207,6050,4100,1950,0.6776859504132231,80,41,39,234.76125726911835,0.4406434188515235,0.8110639802050197,0.15243547700506097,1048483.2158593204,1778.6475961404972,1050261.8634554609,2272,1,918.328502415459,68,139,34,33.93328977932638,0.6378676470588236,40.03623188405797,8066.379584032681,118.6232291769512,0
2274,30.714183593848585,1,4,204,0.004807692307692308,0.019230769230769232,0.9807692307692307,208,5750,3700,2050,0.6434782608695652,78,37,41,234.15570162037542,0.4403775509414096,0.8111316424139534,0.15333916696210192,1040196.923371827,1363.6080830971896,1041560.5314549241,2273,0,914.9086538461538,71,137,37,33.64839855837825,0.639231220657277,39.742476851851855,7993.59734765253,112.58587813595112,0
2275,30.94174010401459,0,1,203,0.0,0.004901960784313725,0.9950980392156863,204,5200,3700,1500,0.7115384615384616,67,37,30,230.88431297879794,0.4391420361247948,0.7994013976878753,0.1435771929327427,1033323.0035216302,1715.6143506560566,1035038.6178722862,2274,1,933.1470588235294,67,137,37,35.59244907434851,0.6229788557213931,41.559436274509814,7996.60075512916,119.35225007655463,8
2276,31.480008938782174,0,1,202,0.0,0.0049261083743842365,0.9950738916256158,203,6050,4400,1650,0.7272727272727273,77,44,33,236.31194249177355,0.43871018875286544,0.8019799003570016,0.14733050068096304,1052046.802229634,3072.244685428831,1055119.046915063,2275,2,938.7142857142857,67,136,37,35.358093361774415,0.6239116915422885,41.46752450980393,8138.604639396872,121.4717110357742,0
2277,31.99666311952426,1,0,203,0.0049261083743842365,0.0,1.0,203,5650,4500,1150,0.7964601769911505,68,45,23,183.0974926986526,0.43899063551675366,0.7544943517581195,0.10860631728638238,1054372.7425367886,-7639.3988943426975,1046733.3436424459,2276,0,939.3152709359606,81,122,45,38.579500470087595,0.5988940329218106,43.27997967479673,8214.184006382897,101.40967909114687,8
2278,32.10147104799346,0,1,202,0.0,0.0049261083743842365,0.9950738916256158,203,4200,2700,1500,0.6428571428571429,57,27,30,185.15266000791124,0.43902721552943474,0.7578157196393436,0.11014430332563577,1058710.7970157804,-5595.375950686721,1053115.4210650937,2277,1,940.3152709359606,82,121,47,38.417464816262694,0.5995934959349594,43.17269076305219,8244.534431803886,100.54310282687666,0
2279,31.856900304641606,1,1,202,0.0049261083743842365,0.0049261083743842365,0.9950738916256158,203,5100,4100,1000,0.803921568627451,61,41,20,183.20009507858316,0.4393848867645385,0.7557500797391645,0.10963053101133069,1052433.86867498,-7138.803038964543,1045295.0656360155,2278,0,939.64039408867,88,115,42,38.24503688188691,0.5996685606060606,42.95411985018726,8188.6849776514255,93.05323838240257,0
2280,32.14010114972558,1,0,203,0.0049261083743842365,0.0,1.0,203,5750,4000,1750,0.6956521739130435,75,40,35,188.19693131860112,0.44006568144499175,0.7634117520678902,0.11312961601736148,1063158.7984906866,-6333.355323936301,1056825.4431667503,2279,0,939.9113300492611,90,113,43,37.94781931464174,0.6006944444444444,42.78846153846154,8266.804863030386,91.85338736700429,0
2281,32.00603935386983,0,0,203,0.0,0.0,1.0,203,5850,3900,1950,0.6666666666666666,78,39,39,190.78213918157135,0.4398401047001252,0.7663607142365729,0.11521139647718827,1060108.9534261993,-6000.029219962422,1054108.9242062368,2280,1,940.9113300492611,70,133,44,37.70996028805411,0.6105654761904762,42.62030516431926,8237.704641797838,117.68149488282626,0
2282,32.05183617243787,1,0,204,0.004901960784313725,0.0,1.0,204,5600,4000,1600,0.7142857142857143,72,40,32,188.7221198194529,0.4401803824978267,0.7647468531764274,0.11456143083639186,1063191.757543622,-6270.439548359369,1056921.3179952628,2281,0,937.2941176470588,74,130,45,37.56965039992808,0.6105011261261262,42.43055555555557,8255.573636359211,111.5618058967461,0
2283,32.49557796966036,2,0,206,0.009708737864077669,0.0,1.0,206,6150,4300,1850,0.6991869918699187,80,43,37,185.958045234095,0.4411915897071592,0.7633655569605593,0.11362087573324899,1079892.5549036555,-7187.058285452862,1072705.4966182027,2282,0,929.1844660194175,80,126,44,37.39981875924907,0.6102864583333334,42.19393004115226,8377.557247399438,104.71946559249298,0
2284,32.13598961739037,0,1,205,0.0,0.0048543689320388345,0.9951456310679612,206,4600,3000,1600,0.6521739130434783,62,30,32,189.0893616964605,0.44097896440129447,0.766343228813607,0.11579217802825618,1068612.5296957197,-5387.347771799376,1063225.1819239203,2283,1,930.1844660194175,83,123,46,37.236728216964785,0.6099397590361446,42.11309523809523,8287.450893889483,99.84880595047571,0
2285,31.93086780219547,0,1,204,0.0,0.004878048780487805,0.9951219512195122,205,5700,3900,1800,0.6842105263157895,75,39,36,189.84097029627654,0.4408835485413678,0.7660006456443054,0.11683280511647734,1063274.0210328777,-6329.405631259271,1056944.6154016184,2284,2,935.2536585365854,85,120,38,37.033973215682586,0.6110294117647059,41.9331395348837,8240.298805639199,96.9446918310494,0
2286,31.61450209201044,1,1,204,0.004878048780487805,0.004878048780487805,0.9951219512195122,205,6600,4900,1700,0.7424242424242424,83,49,34,186.81988306654966,0.4414245576279292,0.7630702627062138,0.1154557227483296,1053969.4100650924,-8219.511611184087,1045749.8984539083,2284,0,925.1073170731707,89,116,41,36.95838936202003,0.611189138576779,41.78240740740739,8163.420621212368,91.72382720463335,0
2287,31.173839259272416,1,0,205,0.004878048780487805,0.0,1.0,205,6450,4700,1750,0.7286821705426356,82,47,35,185.0455158643373,0.4413876932886976,0.7619072507967979,0.11481953770526757,1040440.2429386417,-8944.239703880317,1031496.0032347614,2285,0,926.0878048780488,72,133,40,36.857257262785815,0.6195023148148149,41.6381278538813,8054.131473007845,111.86293712510896,0
2288,31.64143692465721,0,0,205,0.0,0.0,1.0,205,5800,4100,1700,0.7068965517241379,75,41,34,176.25518774744296,0.4414933046389287,0.7439689544932624,0.10363215592519825,1040014.2894755966,-10138.417229691142,1029875.8722459055,2286,1,927.0878048780488,79,126,42,39.08770715893894,0.5963871308016877,43.60677083333332,8112.650188586239,102.69177453906632,8
2289,31.228429538794618,2,0,207,0.00966183574879227,0.0,1.0,207,6250,4600,1650,0.736,79,46,33,171.83952951060704,0.4422185482231915,0.7410431982076604,0.10186363862742169,1028868.3350868913,-12289.949874061473,1016578.3852128298,2287,0,919.1207729468599,83,124,42,38.892512077294725,0.5978915662650602,43.30357142857143,8016.226332503084,96.58104015063957,0
2290,30.862498161474303,3,0,210,0.014285714285714285,0.0,1.0,210,5600,3700,1900,0.6607142857142857,75,37,38,168.26974949693528,0.4431428951165793,0.7380477187533794,0.1004294354415774,1018808.2282311479,-13313.078930025491,1005495.1493011224,2288,0,906.9761904761905,90,120,37,38.728077991119775,0.5980324074074075,43.05173992673994,7930.065204105055,88.11183560116729,0
2291,31.160170374037115,1,2,209,0.004739336492890996,0.009478672985781991,0.990521327014218,211,5450,3800,1650,0.6972477064220184,71,38,33,189.22196599655717,0.44338091476717073,0.7720718829682274,0.11466304048854815,1033099.8857559881,-8552.961709286821,1024546.9240467013,2289,0,903.6729857819905,77,134,42,37.62209141513674,0.608495670995671,42.494658119658105,8023.910325216096,104.20662760020903,8
2292,31.494795459036904,1,4,206,0.004761904761904762,0.01904761904761905,0.9809523809523809,210,5850,4000,1850,0.6837606837606838,77,40,37,185.02119674409647,0.4429843548264601,0.7651746727422419,0.11277560923538145,1045922.6309943236,-9146.428622339532,1036776.2023719841,2290,0,907.9047619047619,82,128,44,37.51329031734439,0.6086128048780488,42.28162650602408,8116.78745922841,98.98521291741963,0
2293,31.054832118651895,0,3,203,0.0,0.014563106796116505,0.9854368932038835,206,5500,4000,1500,0.7272727272727273,70,40,30,187.66291136421404,0.4409454179493251,0.7630526154486053,0.1147979326759017,1032356.1389247373,-7953.008280933168,1024403.1306438042,2291,1,926.3155339805825,85,121,44,37.31229644244014,0.6088235294117648,42.15116279069766,8007.4523515244555,94.20532178264065,0
2294,31.21907225323513,1,2,202,0.004901960784313725,0.00980392156862745,0.9901960784313726,204,6750,4500,2250,0.6666666666666666,90,45,45,186.4678570691011,0.4414707693422197,0.7595825679455619,0.1147306596551798,1039505.2761672375,-8783.135748214536,1030722.140419023,2292,0,926.0049019607843,90,114,40,37.12942837709962,0.6092592592592593,41.94139194139192,8056.350330550911,89.5150036727879,0
2295,30.88517273643862,2,1,203,0.00980392156862745,0.004901960784313725,0.9950980392156863,204,6200,4500,1700,0.7258064516129032,79,45,34,187.6893987801739,0.44180279870568917,0.7624619278452247,0.11633149627664463,1030489.745500354,-8317.599843581049,1022172.1456567729,2293,0,926.4509803921569,93,111,42,36.829313414267915,0.6109991039426523,41.677748226950335,7978.32736767637,85.78846631910075,0
2296,30.968601996921237,1,0,204,0.004901960784313725,0.0,1.0,204,5550,3900,1650,0.7027027027027027,72,39,33,185.02242832166542,0.4409536084548762,0.7588728340463988,0.11530673012315942,1034839.3938309966,-8056.3004860935325,1026783.0933449031,2294,0,927.4313725490196,78,126,45,36.69890594715904,0.6183226495726496,41.482067510548546,8005.9389603328345,102.64024308119019,0
2297,31.339064527435003,2,0,206,0.009708737864077669,0.0,1.0,206,6550,5000,1550,0.7633587786259542,81,50,31,187.32960695907232,0.4418181190307049,0.7614271797598922,0.11803939497757149,1050402.7209314483,-8395.694227833985,1042007.0267036143,2295,0,919.4174757281553,82,124,43,36.23919453869771,0.620680894308943,41.0893574297189,8114.0173343497645,98.95143090670445,0
2298,31.669050258632883,1,0,207,0.004830917874396135,0.0,1.0,207,5600,3800,1800,0.6785714285714286,74,38,36,186.03567095720803,0.4419566780795147,0.7619182477076785,0.11784095461787551,1062986.7483823306,-7449.309409214268,1055537.4389731165,2296,0,915.9710144927536,85,122,40,36.08346773565205,0.6214460784313726,40.903585271317844,8205.337379874267,96.53338093969725,0
2299,31.44122027022519,0,0,207,0.0,0.0,1.0,207,5500,3900,1600,0.7090909090909091,71,39,32,186.27748501119285,0.4418990275628098,0.762034212130215,0.11833910450538987,1056178.9541059497,-7551.528141478203,1048627.4259644714,2297,1,916.9710144927536,88,119,40,35.97225985128993,0.6214488636363636,40.80056179775282,8149.546630435506,92.60848443676711,0
2300,31.139079055308486,0,2,205,0.0,0.00966183574879227,0.9903381642512077,207,6450,4700,1750,0.7286821705426356,82,47,35,185.22943465747665,0.4414690915060269,0.7609055255534571,0.11814759679280191,1047172.5271553898,-9056.564961233003,1038115.9621941567,2298,2,917.9710144927536,91,116,41,35.855208105944854,0.6219093406593407,40.65896739130436,8075.640916687538,88.74330677678614,0
2301,30.78150450363708,1,1,205,0.0048543689320388345,0.0048543689320388345,0.9951456310679612,206,6250,4300,1950,0.688,82,43,39,188.50917238705193,0.4409533112321415,0.7639961965972568,0.12103690696710702,1036998.5763968148,-8353.251319377061,1028645.3250774377,2299,0,923.1650485436893,78,128,43,35.5340301059975,0.6290064102564102,40.427215189873415,7990.04084465452,102.43642108531435,0
2302,30.964323279123448,0,1,204,0.0,0.004878048780487805,0.9951219512195122,205,4450,3100,1350,0.6966292134831461,58,31,27,189.5657873181742,0.44048501514426913,0.7640626108397284,0.12202456199803187,1043870.3957134087,-5873.577315690735,1037996.818397718,2300,1,928.5365853658536,79,126,44,35.416248788152295,0.6294831223628692,40.338541666666664,8040.24133896197,101.77520682230342,0
2303,30.996930604652782,0,1,203,0.0,0.004901960784313725,0.9950980392156863,204,5550,3700,1850,0.6666666666666666,74,37,37,189.20444611319758,0.4402809974564539,0.7624980820267435,0.12232699698424163,1046199.849018742,-6760.867408539588,1039438.9816102023,2301,2,933.9901960784314,82,122,43,35.26994171255594,0.6298272357723578,40.18574297188755,8053.444495199821,98.21273774633929,0
2304,31.2492446119609,1,0,204,0.004901960784313725,0.0,1.0,204,5500,3500,2000,0.6363636363636364,75,35,40,188.8813018915787,0.4400460615280595,0.7628711250777449,0.12271138810526573,1056083.416975621,-6405.117859107837,1049678.299116513,2302,0,934.4607843137255,83,121,39,35.106775180856985,0.6311495983935743,40.01736111111109,8124.261077501938,97.8826635843607,0
2305,31.355506667712795,0,0,204,0.0,0.0,1.0,204,5800,3800,2000,0.6551724137931034,78,38,40,189.13090426929642,0.43966573698444894,0.7632764291336374,0.12329681354823466,1060645.7501939323,-6479.822031287374,1054165.9281626449,2303,1,935.4607843137255,85,119,39,34.97892800596071,0.6316176470588235,39.89825581395347,8155.621974109254,95.94849381305005,0
2306,31.21397390541177,1,1,204,0.004878048780487805,0.004878048780487805,0.9951219512195122,205,6250,4500,1750,0.72,80,45,35,187.6871261677622,0.43973377969073807,0.7631476773442085,0.12297543640891803,1057275.186466917,-7562.611736708067,1049712.5747302088,2304,0,931.8926829268293,88,117,40,34.83873324939294,0.6323390151515151,39.72378277153557,8124.255052768538,92.32108014509703,0
2307,30.916345616554768,0,0,204,0.0,0.0,1.0,204,4700,3600,1100,0.7659574468085106,58,36,22,187.19999999999956,0.4393538306127049,0.7617647058823522,0.12315789473684223,1048324.4363252381,-6250.733103983073,1042073.703221255,2305,1,937.4362745098039,76,128,41,34.708333333333336,0.6384320175438596,39.58333333333334,8051.131670977829,105.93594303918196,0
2308,31.05678243552402,0,0,204,0.0,0.0,1.0,204,6050,4100,1950,0.6776859504132231,80,41,39,188.50237734886792,0.43920391432435046,0.7634835043867867,0.12437124768611418,1053883.5080254762,-7118.090657686559,1046765.4173677897,2306,2,938.4362745098039,73,131,41,34.5740237927991,0.6408390410958904,39.4847972972973,8090.763971484285,110.83238317101761,0
2309,31.26840395172984,0,0,204,0.0,0.0,1.0,204,6450,4700,1750,0.7286821705426356,82,47,35,185.23034701750973,0.43884723429601724,0.7587382779198641,0.1230230774781352,1062907.5969588852,-7873.451393551612,1055034.1455653335,2307,3,939.4362745098039,76,128,38,34.4289370827713,0.6417214912280702,39.25865800865801,8152.965608301421,107.27586326712395,0
2310,31.435228677476392,0,0,204,0.0,0.0,1.0,204,5250,3500,1750,0.6666666666666666,70,35,35,185.6925351358626,0.43884824044560355,0.7596131163010145,0.12368248249352276,1069375.8565051209,-6334.977238496107,1063040.8792666248,2308,4,940.4362745098039,78,126,43,34.31781417450209,0.6418269230769231,39.16139240506328,8199.521277661344,105.12206766232492,0
2311,31.10114127157809,0,0,204,0.0,0.0,1.0,204,5950,4600,1350,0.773109243697479,73,46,27,184.87824683779945,0.4386917841849383,0.7575998861044504,0.12345135582747924,1058707.4783198652,-7603.603498831302,1051103.8748210338,2309,5,941.4362745098039,79,125,44,34.25159480679341,0.6422732067510548,39.07552083333332,8115.049087775402,102.72214035158737,0
2312,31.090278577119385,0,0,204,0.0,0.0,1.0,204,5400,4000,1400,0.7407407407407407,68,40,28,184.54935734819966,0.43835573022312374,0.757684037256642,0.12362979720969416,1059225.9458069333,-7104.106482958616,1052121.8393239747,2310,6,942.4362745098039,80,124,35,34.14868459946792,0.64296875,38.96604938271603,8115.618242777332,101.44522803471665,0
2313,31.308335727241577,0,0,204,0.0,0.0,1.0,204,6350,4700,1650,0.7401574803149606,80,47,33,185.95695136341138,0.4379175520783026,0.7601434678356216,0.12501317874849557,1067631.893787482,-7443.285570587099,1060188.608216895,2311,7,943.4362745098039,81,123,37,33.99021467717349,0.643775720164609,38.84654471544714,8176.280054377913,100.94172906639399,0
2314,30.999458514970193,0,1,203,0.0,0.004901960784313725,0.9950980392156863,204,5500,3700,1800,0.6727272727272727,73,37,36,186.5554985566827,0.43751207379503526,0.7604777434041792,0.12581149947478162,1057961.0850144473,-6826.308466312332,1051134.776548135,2312,8,944.4362745098039,83,121,37,33.866131890386704,0.6440763052208835,38.74007936507935,8098.9160713465935,97.57730206441678,0
2315,31.545795031768574,0,0,203,0.0,0.0,1.0,203,7050,5300,1750,0.75177304964539,88,53,35,186.89435637304592,0.43690049423661576,0.7593390153940345,0.126517510037694,1077656.821243126,-7368.40440054888,1070288.416842577,2313,9,943.1970443349753,87,116,40,33.72750807595929,0.6439176245210728,38.61268939393938,8245.670524283967,94.77782211820652,0
2316,31.40263555047059,0,0,203,0.0,0.0,1.0,203,4600,2800,1800,0.6086956521739131,64,28,36,187.45734194695288,0.43652351688370805,0.7598767491609906,0.1271670076450953,1073349.3068116324,-4958.5583928973865,1068390.7484187349,2314,10,944.1970443349753,82,121,40,33.64043824701195,0.6464684959349594,38.54166666666667,8210.480753300137,100.12781406463581,0
2317,31.544771635599556,0,1,202,0.0,0.0049261083743842365,0.9950738916256158,203,5150,3600,1550,0.6990291262135923,67,36,31,186.82936268381204,0.43626542457201384,0.7582293583332893,0.12706037916051383,1078904.2549131515,-5435.801131544439,1073468.453781607,2315,11,945.1970443349753,73,130,40,33.57081987800503,0.6512557077625571,38.45720720720722,8250.307671585606,113.01791330939186,0
2318,31.69121866064172,0,0,202,0.0,0.0,1.0,202,6250,4300,1950,0.688,82,43,39,191.7250533414071,0.43564151191238526,0.7619335824430291,0.1261852351416721,1074712.2757359059,-5440.146321573702,1069272.129414332,2316,12,950.7425742574258,75,127,43,34.57652448116764,0.6390277777777778,39.56962719298245,8253.355890499626,110.04474520666169,8
2319,31.669093326419276,0,0,202,0.0,0.0,1.0,202,5250,4000,1250,0.7619047619047619,65,40,25,192.89954196845616,0.43535622218938314,0.7634071676064562,0.12746656907759188,1075092.685877514,-4173.022664118045,1070919.663213396,2317,13,951.7425742574258,75,127,43,34.40623191836307,0.6404166666666666,39.432565789473685,8251.93439183877,110.02579189118359,0
2320,32.075113045457876,0,1,201,0.0,0.0049504950495049506,0.995049504950495,202,4550,2700,1850,0.5934065934065934,64,27,37,189.64239008750647,0.4351294271218167,0.7585188182121236,0.12562082610098294,1089574.9996534996,-3624.07857722326,1085950.9210762763,2318,14,952.7425742574258,79,123,44,34.40590968128683,0.6395042194092827,39.348958333333336,8360.41162687469,105.8279952768948,0
2321,31.98450647617618,0,0,201,0.0,0.0,1.0,201,6100,4600,1500,0.7540983606557377,76,46,30,189.73604895062604,0.43522699004975124,0.7568991592385137,0.12637454254678457,1088058.7834934555,-5011.205078785646,1083047.57841467,2319,15,955.4029850746268,83,118,42,34.212663623973874,0.6398092369477912,39.16170634920634,8342.784092508533,100.51547099407871,0
2322,31.6729604213714,0,0,201,0.0,0.0,1.0,201,6400,4700,1700,0.734375,81,47,34,189.62393121710724,0.4352435737976783,0.7551261590167588,0.1265127207967159,1077933.9528884017,-5719.58525218129,1072214.3676362203,2320,16,956.4029850746268,86,115,43,34.15720131558822,0.6392926356589148,39.10440613026818,8263.335818746149,96.08530021797847,0
2323,31.451488168694468,0,1,200,0.0,0.004975124378109453,0.9950248756218906,201,5750,4000,1750,0.6956521739130435,75,40,35,192.52504574795506,0.4351679104477612,0.7583651250474108,0.12885079592375054,1071268.785181535,-4700.785624914004,1066567.9995566208,2321,17,957.4029850746268,88,113,44,33.973187593423,0.6396780303030303,38.99812734082395,8208.897309947115,93.28292397667177,0
2324,31.16858771781619,0,1,199,0.0,0.005,0.995,200,6050,4300,1750,0.7107438016528925,78,43,35,191.37168130325728,0.4346435301507538,0.7561472535180405,0.12850690085983452,1062552.8169920016,-5381.496187745923,1057171.3208042558,2322,18,963.03,90,110,35,33.88807300571358,0.6401620370370371,38.88507326007324,8138.583498524506,90.42870553916117,0
2325,31.28485596886575,2,0,201,0.009950248756218905,0.0,1.0,201,5850,4300,1550,0.7350427350427351,74,43,31,191.1413702001074,0.43503627694859043,0.7588200320986549,0.1291179459923165,1068157.9273976404,-5216.166033421981,1062941.7613642185,2323,0,958.457711442786,94,107,38,33.68938472082351,0.6409574468085106,38.684210526315766,8175.226836074589,86.97049825611265,0
2326,31.571381074238968,0,1,200,0.0,0.004975124378109453,0.9950248756218906,201,4550,2800,1750,0.6153846153846154,63,28,35,194.3446582717956,0.43487458540630186,0.7627691107370471,0.13162657189839191,1078669.273347059,-2823.277736616202,1075845.995610443,2324,1,959.457711442786,95,106,39,33.51567148174282,0.6415570175438596,38.59592013888887,8252.887819655884,86.87250336479877,0
2327,31.770759169764045,0,0,200,0.0,0.0,1.0,200,6450,5100,1350,0.7906976744186046,78,51,27,194.6438872702631,0.4343781407035176,0.7633085307063523,0.13247446307652233,1086842.8734186243,-4140.535653163478,1082702.3377654608,2325,2,964.51,75,125,40,33.34075665478936,0.6505555555555556,38.43201754385964,8310.213377135067,110.80284502846756,0
2328,31.966629502162643,0,1,199,0.0,0.005,0.995,200,6300,4500,1800,0.7142857142857143,81,45,36,194.7121217931812,0.434026905360134,0.7632378157693294,0.13298654675975533,1094525.0764233905,-3676.5400027516016,1090848.536420639,2326,3,965.51,77,123,39,33.2193055201157,0.6508387445887446,38.31463675213675,8365.199053083285,108.63894874134135,0
2329,31.867937065998465,0,0,199,0.0,0.0,1.0,199,5050,3600,1450,0.7128712871287128,65,36,29,191.55962348852725,0.4342651811244776,0.7569451687756645,0.13132189633894736,1092183.3473078816,-3006.353841852512,1089176.9934660292,2327,4,963.3366834170854,82,117,42,33.17504354217597,0.650025406504065,38.19026104417671,8343.33628430967,101.74800346719108,0
2330,32.31168843177782,0,1,198,0.0,0.005025125628140704,0.9949748743718593,199,6450,4600,1850,0.7131782945736435,83,46,37,190.474817759236,0.4340875251679272,0.7548129890859754,0.13085384519972446,1107985.7877302426,-4041.321800451874,1103944.4659297906,2328,5,964.3366834170854,83,116,41,33.13188591091328,0.6503514056224899,38.12003968253967,8461.783684304077,101.94920101571176,0
2331,32.2960346585084,0,0,198,0.0,0.0,1.0,198,5300,3400,1900,0.6415094339622641,72,34,38,190.32522985996184,0.43392736587533537,0.7553056287855173,0.1312630133679352,1108547.459582606,-2703.0899888526606,1105844.3695937535,2329,6,967.0656565656566,84,114,43,33.00348846273777,0.6512896825396826,37.99019607843138,8461.877708319988,100.73663938476176,0
2332,31.986586133390432,0,0,198,0.0,0.0,1.0,198,4950,3100,1850,0.6262626262626263,68,31,37,187.06512442859423,0.4335967543454853,0.7517570829343143,0.12960427506826228,1099192.0469154194,-3425.9005945689723,1095766.1463208504,2330,7,968.0656565656566,85,113,40,32.935032033511995,0.6524509803921569,37.83914728682172,8385.6306961132,98.65447877780235,0
2333,32.42040593139194,0,0,198,0.0,0.0,1.0,198,4600,3500,1100,0.7608695652173914,57,35,22,186.1997403350279,0.4333916576936882,0.7508615835630061,0.12935889768336625,1114869.7991978617,-2682.3065763985637,1112187.492621463,2331,8,969.0656565656566,87,111,40,32.865464906341735,0.6526580459770115,37.748579545454554,8502.297507220524,97.72755755425891,0
2334,32.360260550967595,0,0,198,0.0,0.0,1.0,198,4850,3300,1550,0.6804123711340206,64,33,31,188.80552008324764,0.43292645148609615,0.7527172406706599,0.1314600224177026,1113421.2787996468,-2405.9832768954384,1111015.2955227513,2332,9,970.0656565656566,88,110,41,32.722731599220694,0.6530539772727273,37.67556179775282,8488.887169110947,96.46462692171531,0
2335,32.774108113089476,0,0,198,0.0,0.0,1.0,198,5250,3600,1650,0.6857142857142857,69,36,33,198.51739838004437,0.4325360200994719,0.7633452179227442,0.1387663540587517,1128772.182254172,-33.816603027141355,1128738.3656511449,2333,10,971.0656565656566,89,109,41,32.33613365084969,0.6540262172284644,37.54629629629631,8601.686059865979,96.64815797602223,0
2336,32.70364642249399,0,1,197,0.0,0.005050505050505051,0.9949494949494949,198,6150,4100,2050,0.6666666666666666,82,41,41,199.35654273301208,0.4321957946640688,0.7636974399953385,0.14024299397478848,1128136.8703744458,-769.706758502025,1127367.1636159439,2334,11,972.0656565656566,76,122,40,32.10131678340885,0.6611842105263157,37.33766233766234,8590.016219414816,113.02652920282652,0
2337,33.07412551865133,0,0,197,0.0,0.0,1.0,197,5350,3400,1950,0.6355140186915887,73,34,39,203.54356152202587,0.43195768154977726,0.7656742762103914,0.14374993554691587,1142026.872796073,1740.443408554771,1143767.316204628,2335,12,972.2335025380711,78,119,41,31.86099264090984,0.6615918803418803,37.20991561181434,8691.55223611181,111.43015687322833,0
2338,33.318259521571825,0,0,197,0.0,0.0,1.0,197,5700,4400,1300,0.7719298245614035,70,44,26,206.9835199893396,0.4315141665803377,0.7683788644472744,0.14692556014708957,1151907.4469430922,2585.17161404274,1154492.6185571349,2336,13,973.2335025380711,79,118,38,31.601520590905356,0.6628428270042195,37.04427083333332,8761.22722705912,110.90161046910279,0
2339,32.984613384404376,0,0,197,0.0,0.0,1.0,197,5500,4200,1300,0.7636363636363637,68,42,26,207.9114386701192,0.43099079733416207,0.7704333328371336,0.14832175854918467,1141774.0212500673,2577.575878853439,1144351.5971289207,2337,14,974.2335025380711,80,117,41,31.41220674486805,0.6640625,36.8827160493827,8678.821885865613,108.48527357332016,0
2340,32.84720679637796,0,0,197,0.0,0.0,1.0,197,5850,4000,1850,0.6837606837606838,77,40,37,203.15646612289223,0.4302505266065817,0.766149807163985,0.14561147116100517,1138327.9492063795,1001.7366899371059,1139329.6858963165,2338,15,975.2335025380711,83,114,37,31.382673889150542,0.6644076305220883,36.73115079365077,8647.646332925335,104.188510035245,0
2341,32.93074997355165,0,0,197,0.0,0.0,1.0,197,5700,4300,1400,0.7543859649122807,71,43,28,203.5937509002165,0.43001851755930803,0.7658144279844554,0.1464570089046087,1142239.1725382998,1410.5515124460717,1143649.7240507458,2339,16,976.2335025380711,86,111,37,31.251609994847993,0.6644864341085271,36.61398467432948,8673.499017219638,100.85463973511206,0
2342,32.85309454723837,0,0,197,0.0,0.0,1.0,197,6050,4000,2050,0.6611570247933884,81,40,41,190.55510408669616,0.42997535308539664,0.7550983121907566,0.12556550617418755,1114465.6333158968,-2976.5770484887144,1111489.0562674082,2340,17,977.2335025380711,75,122,42,34.565091559671686,0.6394444444444445,39.52850877192982,8557.294528175946,114.09726037567928,8
2343,33.06297526816827,0,0,197,0.0,0.0,1.0,197,4750,3300,1450,0.6947368421052632,62,33,29,175.89074671931928,0.4297994578542077,0.7362938845172771,0.11169993687260858,1110547.32683332,-5083.00028322859,1105464.3265500914,2341,18,978.2335025380711,93,104,42,36.25453382644263,0.6197356630824373,40.813386524822704,8569.480591170106,92.14495259322695,7
2344,33.00416227336256,0,0,197,0.0,0.0,1.0,197,4650,2900,1750,0.6236559139784946,64,29,35,178.61159828571587,0.42991600193376844,0.7418288530264425,0.11396694082426258,1110000.1036471517,-4398.2214780543,1105601.8821690974,2342,19,979.2335025380711,96,101,42,36.01412294867019,0.6205512152777778,40.64647766323025,8559.745737370939,89.16401809761395,0
2345,32.762570293239115,1,0,198,0.005050505050505051,0.0,1.0,198,5450,3800,1650,0.6972477064220184,71,38,33,183.8069200004001,0.43050428139260627,0.7487125403152155,0.11804462870531578,1103806.567529085,-4472.542909253022,1099334.0246198322,2343,0,975.2828282828283,80,118,41,35.647964660226236,0.6282552083333333,40.419238683127574,8504.532939416562,106.30666174270702,0
2346,32.928107915090415,0,0,198,0.0,0.0,1.0,198,4700,2800,1900,0.5957446808510638,66,28,38,184.94151552719424,0.43059240886017536,0.7494708797091696,0.11901259765916454,1109985.0491081488,-3243.5365610821445,1106741.5125470667,2344,1,976.2828282828283,82,116,43,35.54686870639793,0.6281758130081301,40.348895582329334,8549.819586537511,104.26609251875013,0
2347,32.62498264916637,0,0,198,0.0,0.0,1.0,198,5250,3900,1350,0.7428571428571429,66,39,27,185.73922975601096,0.4305528850262353,0.7511206870364839,0.11998307505885515,1100894.8726584062,-3954.1268620171463,1096940.745796389,2345,2,977.2828282828283,83,115,41,35.390561601985816,0.6291415662650602,40.21577380952381,8475.455871991395,102.11392616857103,0
2348,32.859872416642645,1,0,199,0.005025125628140704,0.0,1.0,199,6000,4200,1800,0.7,78,42,36,183.9011591465079,0.43067293538399065,0.7504596377226409,0.119651449201434,1110950.1284080148,-4938.996726360767,1106011.131681654,2346,0,973.3668341708543,86,113,39,35.1844284311017,0.6305717054263567,39.96647509578545,8544.668452402375,99.35660991165553,0
2349,33.00733645726816,0,1,198,0.0,0.005025125628140704,0.9949748743718593,199,5250,4000,1250,0.7619047619047619,65,40,25,183.35953067738402,0.43065707324501296,0.7509504568846872,0.11968198413118097,1116887.654405494,-4091.6007737689,1112796.053631725,2347,1,974.3668341708543,87,112,40,35.08559137583232,0.631345785440613,39.85558712121212,8586.674163368625,98.69740417665086,0
2350,32.45721638861644,0,0,198,0.0,0.0,1.0,198,5400,4100,1300,0.7592592592592593,67,41,26,185.8032568059925,0.43013254371122395,0.7535510179332103,0.12177728208366467,1099472.6320574186,-4142.880838935225,1095329.7512184833,2348,2,980.030303030303,87,111,40,34.87733450058362,0.6327825670498084,39.71354166666665,8448.17390115155,97.10544713967298,0
2351,31.95673126745466,0,0,198,0.0,0.0,1.0,198,5200,3700,1500,0.7115384615384616,67,37,30,185.29023017925445,0.4301314754994958,0.7534206178293028,0.12177700888619956,1083310.0824280572,-4654.6450942797765,1078655.4373337775,2349,3,981.030303030303,88,110,41,34.79382987968414,0.6334043560606061,39.61844569288388,8320.943357994624,94.55617452266618,0
2352,32.44681079004839,0,1,197,0.0,0.005050505050505051,0.9949494949494949,198,6450,4600,1850,0.7131782945736435,83,46,37,182.82742709758898,0.4299359927532516,0.7501723028200697,0.1206092194924818,1101010.1358180374,-5791.029932004058,1095219.1058860333,2350,4,982.030303030303,77,121,41,34.7270103894329,0.6389339826839826,39.48985042735045,8452.723532071015,109.77563028663656,0
2353,32.8683376517138,1,0,198,0.005050505050505051,0.0,1.0,198,4550,3200,1350,0.7032967032967034,59,32,27,184.62389587438582,0.430259126801005,0.7528355017991921,0.12252980666532474,1117078.2571305842,-2902.1320343963193,1114176.125096188,2351,0,976.6515151515151,79,119,44,34.47041111055622,0.6401635021097046,39.283854166666686,8569.306312503508,108.47223180384186,0
2354,33.304395135638195,0,1,197,0.0,0.005050505050505051,0.9949494949494949,198,5050,3700,1350,0.7326732673267327,64,37,27,181.5633472468842,0.4298270351569844,0.7496388895190982,0.12105230156709972,1133255.429189834,-3498.4701981176354,1129756.9589917164,2352,1,977.6515151515151,79,119,44,34.39111762748521,0.6417457805907173,39.127604166666686,8688.197350814002,109.97718165587344,0
2355,33.70982883708894,0,0,197,0.0,0.0,1.0,197,6750,4900,1850,0.725925925925926,86,49,37,180.76961423299963,0.4294152940363963,0.7475770263568144,0.12125251670093407,1148853.2664692812,-4614.4476420051715,1144238.818827276,2353,2,982.8578680203045,81,116,48,34.20328110808354,0.6430041152263375,38.92276422764229,8800.868931146537,108.65270285366095,0
2356,33.18640445662314,0,0,197,0.0,0.0,1.0,197,7050,5300,1750,0.75177304964539,88,53,35,184.9650204466417,0.4290926395939086,0.7527201880570282,0.12460147603800843,1132275.4599870406,-4563.729278453133,1127711.7307085874,2354,3,983.8578680203045,83,114,46,33.945575203734485,0.6436997991967872,38.77728174603176,8669.042781234746,104.44629856909333,0
2357,33.52076571021854,0,0,197,0.0,0.0,1.0,197,5250,3800,1450,0.7238095238095238,67,38,29,185.81511902148532,0.4289717790669567,0.7540821603744685,0.1255095609821397,1144473.958579186,-2117.8870339234236,1142356.0715452624,2355,4,984.8578680203045,85,112,46,33.83142517227528,0.6438725490196078,38.68701550387598,8759.411330332583,103.05189800391274,0
2358,33.817444918388276,0,1,196,0.0,0.005076142131979695,0.9949238578680203,197,5850,4200,1650,0.717948717948718,75,42,33,186.95994732469362,0.42877214337511654,0.7553427813985754,0.12678439160813704,1155782.1838254265,-2033.0047586358073,1153749.1790667907,2356,5,985.8578680203045,86,111,46,33.66564007449471,0.6448643410852712,38.553639846743295,8841.447883595862,102.80753353018444,0
2359,33.589548056214795,0,0,196,0.0,0.0,1.0,196,4500,2800,1700,0.6222222222222222,62,28,34,188.50880198501594,0.42824764521193087,0.7566556073792687,0.12816010313443554,1148742.8087885107,-390.3738652749953,1148352.4349232358,2357,6,991.1938775510204,70,126,47,33.538207300198216,0.6526785714285714,38.468309859154935,8784.731274209009,125.4961610601287,0
2360,33.16196389058125,0,1,195,0.0,0.00510204081632653,0.9948979591836735,196,5000,3500,1500,0.7,65,35,30,185.1875329627975,0.428105376766091,0.7521935525802677,0.12641062032677927,1135290.622137414,-2151.6660981145474,1133138.9560392995,2358,7,992.1938775510204,74,122,48,33.48759288747343,0.652027027027027,38.333333333333336,8677.38055136877,117.26189934282121,0
2361,33.05611368551647,0,1,194,0.0,0.005128205128205128,0.9948717948717949,195,5950,4800,1150,0.8067226890756303,71,48,23,184.52975212995392,0.42773372103269014,0.7497033570939207,0.1262987680920582,1132439.2946627503,-3156.251530732531,1129283.0431320178,2359,8,997.9230769230769,76,119,45,33.41387151790792,0.6520010964912281,38.24404761904763,8652.634519765415,113.85045420743968,0
2362,32.7553887209773,0,1,193,0.0,0.005154639175257732,0.9948453608247423,194,5050,3500,1550,0.693069306930693,66,35,31,184.49209471612565,0.42765978046044545,0.7470768775878236,0.1266563733179286,1123003.5378978055,-2412.944983922662,1120590.5929138828,2360,9,1002.8041237113403,80,114,47,33.31194954654092,0.6513020833333334,38.14300411522635,8577.227689513147,107.21534611891434,0
2363,32.50011901172406,0,0,193,0.0,0.0,1.0,193,5100,3700,1400,0.7254901960784313,65,37,28,186.63102335956472,0.4270023747841105,0.7486256955449251,0.12867119590201143,1115455.9442788828,-2064.2631213441823,1113391.6811575387,2361,10,1008.8082901554404,80,113,49,33.11183919893977,0.652734375,38.001543209876566,8514.981026567117,106.43726283208896,0
2364,32.831416400166944,0,1,192,0.0,0.0051813471502590676,0.9948186528497409,193,6000,4400,1600,0.7333333333333333,76,44,32,185.0241952262118,0.42667291846574557,0.7463541063601535,0.12778252840045345,1127316.3465995055,-2883.8400410144,1124432.5065584911,2362,11,1009.8082901554404,81,112,46,33.09595512789438,0.6529063786008231,37.94461382113823,8603.649503544822,106.21789510549164,0
2365,32.8183294746538,0,1,191,0.0,0.005208333333333333,0.9947916666666666,192,4400,2700,1700,0.6136363636363636,61,27,34,186.88116208072145,0.42655500109075045,0.7469546203449688,0.12954234520362712,1127918.120507845,-642.6701815179385,1127275.450326327,2363,12,1013.65625,83,109,36,32.92281556459495,0.6533634538152611,37.82242063492065,8604.230180470402,103.66542386108918,0
2366,32.816607652830946,0,0,191,0.0,0.0,1.0,191,5900,4400,1500,0.7457627118644068,74,44,30,185.95615400355052,0.42628478919812623,0.7453968927637125,0.12946022809227228,1129088.0956296045,-2107.824041104863,1126980.2715884997,2364,13,1019.5340314136125,86,105,41,32.80158838833355,0.6537063953488372,37.67959770114944,8608.465721574199,100.0984386229558,0
2367,33.04009580728126,0,0,191,0.0,0.0,1.0,191,4700,2800,1900,0.5957446808510638,66,28,38,188.24366308807026,0.42601612014329016,0.7491845645278392,0.1315784787911515,1137919.2139847912,-58.78377224093674,1137860.4302125503,2365,14,1020.5340314136125,86,105,41,32.60739811435524,0.6550387596899225,37.54789272030652,8671.442769343957,100.83072987609253,0
2368,32.62405606623401,0,0,191,0.0,0.0,1.0,191,5850,4200,1650,0.717948717948718,75,42,33,185.8200003872409,0.4256498576283641,0.7458796159585368,0.13029754312867728,1124482.930147251,-2259.7162969184155,1122223.2138503327,2366,15,1021.5340314136125,73,118,42,32.56487239974265,0.6615296803652968,37.44369369369369,8565.65165748024,117.3376939380855,0
2369,33.008937624092056,0,0,191,0.0,0.0,1.0,191,5200,3900,1300,0.75,65,39,26,182.5953214277803,0.42521700192890605,0.7417807912031702,0.12857810534195976,1138946.5092828292,-1806.7392096906833,1137139.7700731386,2367,16,1022.5340314136125,74,117,41,32.508877903493016,0.6624436936936937,37.30555555555556,8671.264530862187,117.17925041705658,0
2370,32.71524377187832,0,0,191,0.0,0.0,1.0,191,5850,4400,1450,0.7521367521367521,73,44,29,184.6952158841753,0.42511137136033805,0.7443409178822309,0.1305004807677509,1129767.9454717732,-2317.453082413871,1127450.4923893593,2368,17,1023.5340314136125,74,117,44,32.340551562555085,0.6635698198198199,37.19444444444445,8597.747814603918,116.18578127843132,0
2371,33.0802894947652,0,0,191,0.0,0.0,1.0,191,5200,3500,1700,0.6730769230769231,69,35,34,184.80032169180217,0.424923073390282,0.7439268335448059,0.1312507655596252,1143834.5987627343,-1123.799637286661,1142710.7991254476,2369,18,1024.5340314136126,76,115,42,32.166756691873736,0.6643366228070176,37.02651515151515,8699.239008235127,114.46367116098851,0
2372,32.528621506451216,0,0,191,0.0,0.0,1.0,191,4600,3200,1400,0.6956521739130435,60,32,28,192.8991449390505,0.42467621934417193,0.750435586792189,0.13049530472181714,1111040.8471182531,63.76588029399045,1111104.612998547,2370,19,1025.5340314136126,77,114,41,33.593443956193695,0.6475919913419914,38.63514957264958,8501.83829464154,110.41348434599404,8
2373,32.353134033986045,0,0,191,0.0,0.0,1.0,191,5600,3900,1700,0.6964285714285714,73,39,34,192.52491675802054,0.4240045467070819,0.7506170582058964,0.13071578731347627,1106078.986518613,-1210.4470385416766,1104868.5394800713,2371,20,1026.5340314136126,72,119,42,33.478854024556654,0.6511863425925926,38.51312785388128,8459.919822671149,117.49888642598818,0
2374,32.29578823058776,0,0,191,0.0,0.0,1.0,191,5300,4100,1200,0.7735849056603774,65,41,24,192.77978890838114,0.4235648020574998,0.7501444816022937,0.13150335600536023,1105444.4083693698,-878.5320609203782,1104565.8763084493,2372,21,1027.5340314136126,72,119,42,33.31220004363,0.6527777777777778,38.35616438356165,8449.993906907224,117.36102648482256,0
2375,32.256763452377534,0,1,190,0.0,0.005235602094240838,0.9947643979057592,191,5500,4400,1100,0.8,66,44,22,193.44822098768105,0.42346491228070177,0.7518144409139986,0.13239490869583861,1105038.1038900393,-946.4689357741972,1104091.634954265,2373,22,1028.5340314136126,73,118,39,33.1824751277225,0.6533961187214612,38.246058558558566,8443.334971804075,115.66212290142569,0
2376,32.7352898548341,1,0,191,0.005235602094240838,0.0,1.0,191,6300,4800,1500,0.7619047619047619,78,48,30,190.40287970139428,0.4232341324515477,0.7484671550381485,0.13108994332547733,1123132.89818802,-1730.4523795256314,1121402.4458084945,2374,0,1018.7853403141361,77,114,43,33.05989251423229,0.6535443722943723,38.04754273504273,8575.089616754416,111.36480021758982,0
2377,32.632398247708146,1,1,191,0.005208333333333333,0.005208333333333333,0.9947916666666666,192,5100,3700,1400,0.7254901960784313,65,37,28,187.88703037805203,0.4233446725930774,0.7472599975161458,0.12997133750894105,1120944.4900090299,-1377.8137107126477,1119566.6762983173,2375,0,1014.4739583333334,79,113,36,32.96592978970032,0.6542721518987342,37.890625,8553.257509457873,108.26908239820092,0
2378,32.8761458561936,0,0,191,0.0,0.0,1.0,191,5200,3800,1400,0.7307692307692307,66,38,28,189.74652194743908,0.42344309727197577,0.7485971113281906,0.1315834044035508,1130023.9519584766,-516.3770797157695,1129507.5748787608,2376,1,1017.5392670157069,80,111,37,32.83365214832256,0.6546875,37.808641975308646,8619.841328653241,107.74801660816551,0
2379,32.42480807522666,0,0,191,0.0,0.0,1.0,191,6300,4800,1500,0.7619047619047619,78,48,30,191.07260202916618,0.42290346284559566,0.7502050940390401,0.1331319627903622,1115838.855851442,-1858.753273443575,1113980.1025779985,2377,2,1018.5392670157069,81,110,39,32.639695913228756,0.6558641975308642,37.65243902439024,8506.569313637954,105.01937424244387,0
2380,31.90446121322951,0,0,191,0.0,0.0,1.0,191,5450,4100,1350,0.7522935779816514,68,41,27,191.62848588447187,0.4226049416735556,0.7513742997091868,0.13388985400378361,1098695.2809476273,-1541.7373727183626,1097153.543574909,2378,3,1019.5392670157069,84,107,40,32.53220094949023,0.6556299603174602,37.56127450980392,8372.966138251355,99.67816831251614,0
2381,31.750101075944933,0,0,191,0.0,0.0,1.0,191,5900,4300,1600,0.7288135593220338,75,43,32,194.0049492334952,0.4224843850463856,0.7554761613369385,0.13603685387605857,1094359.5308279945,-1637.7669557045406,1092721.76387229,2379,4,1020.5392670157069,73,118,40,32.34997140610483,0.6615296803652968,37.4436936936937,8336.189263351998,114.19437347057531,0
2382,32.095361095237905,0,0,191,0.0,0.0,1.0,191,6050,4600,1450,0.7603305785123967,75,46,29,194.74934792318263,0.42186667585193355,0.755771154525928,0.13712586342012253,1107402.7240634626,-1116.808320056687,1106285.915743406,2380,5,1021.5392670157069,75,116,40,32.19220668544992,0.6619444444444444,37.30811403508773,8431.190936832958,112.41587915777278,0
2383,32.16717308180798,0,0,191,0.0,0.0,1.0,191,5050,3700,1350,0.7326732673267327,64,37,27,195.3044641074866,0.42163819233948746,0.7562707033730118,0.1380776975502276,1111002.8509535368,146.76328547420053,1111149.614239011,2381,6,1022.5392670157069,76,115,44,32.04224143847365,0.662828947368421,37.17532467532468,8454.326821338836,111.24114238603732,0
2384,32.42527064776397,0,0,191,0.0,0.0,1.0,191,4950,3600,1350,0.7272727272727273,63,36,27,195.97249600172674,0.4214717093781574,0.7572146735120437,0.1391595535077531,1121133.9060557727,792.2819843829543,1121926.1880401557,2382,7,1023.5392670157069,77,114,39,31.879147410830672,0.6638257575757576,37.032585470085465,8526.789587675206,110.73752711266502,0
2385,32.21298176479254,0,0,191,0.0,0.0,1.0,191,5800,4600,1200,0.7931034482758621,70,46,24,192.75654810356386,0.42103655736199136,0.7524618757203712,0.13731666166758544,1114676.9393448322,-1027.7441842488124,1113649.1951605834,2383,8,1024.5392670157069,81,110,41,31.857475413266343,0.6631944444444444,36.92835365853659,8474.322146431521,104.62126106705581,0
2386,31.767843872995332,0,0,191,0.0,0.0,1.0,191,5100,3300,1800,0.6470588235294118,69,33,36,191.8027640809704,0.4207173693395793,0.7525497786588935,0.1372993574687465,1100580.0102978507,-1081.1423865218685,1099498.8679113288,2384,9,1025.5392670157069,82,109,38,31.723304249705986,0.6643800813008129,36.77208835341366,8362.18320020337,101.97784390491914,0
2387,31.481426042111575,0,0,191,0.0,0.0,1.0,191,6150,4600,1550,0.7479674796747967,77,46,31,191.04474187416108,0.4204946266189033,0.7515073035399529,0.13727635078478145,1091669.9665800577,-2638.438604587836,1089031.5279754698,2385,10,1026.5392670157069,86,105,38,31.618739107372882,0.6641230620155039,36.64990421455938,8290.636563652324,96.4027507401433,0
2388,31.22947541166655,0,0,191,0.0,0.0,1.0,191,5900,4500,1400,0.7627118644067796,73,45,28,190.9192759577727,0.4199239919169652,0.7522162259538303,0.13776112520363656,1084038.2692345988,-2707.2397054427147,1081331.0295291562,2386,11,1027.5392670157069,90,101,40,31.485142062733527,0.6641203703703704,36.51556776556776,8228.480597822101,91.42756219802335,0
2389,30.884146297899985,0,0,191,0.0,0.0,1.0,191,4850,3700,1150,0.7628865979381443,60,37,23,189.81705697636238,0.4197207678883072,0.7512364712455764,0.13721061547148516,1072516.992394903,-2333.596189291914,1070183.396205611,2387,12,1028.5392670157069,76,115,40,31.45586297760213,0.6700932017543859,36.45833333333334,8139.259388925747,107.09551827533878,0
2390,31.1601567194557,0,0,191,0.0,0.0,1.0,191,5850,4400,1450,0.7521367521367521,73,44,29,184.46963643397396,0.4192729861302471,0.7440023161912626,0.13408095050872096,1083546.727060357,-4073.7058399905654,1079473.0212203665,2388,13,1029.5392670157069,76,115,40,31.417679798912523,0.671875,36.28246753246754,8217.479641356478,108.12473212311156,0
2391,31.562717765465607,0,0,191,0.0,0.0,1.0,191,5850,4000,1850,0.6837606837606838,77,40,37,182.65730238977616,0.41916276292826304,0.7413755192516818,0.13327997545279208,1098574.3254516656,-3917.475447666141,1094656.8500039994,2389,14,1030.5392670157069,79,112,46,31.339602970932205,0.6718090717299579,36.158854166666664,8327.543620854554,105.41194456777917,0
2392,31.376050836922513,0,0,191,0.0,0.0,1.0,191,5150,3700,1450,0.7184466019417476,66,37,29,179.57503763487642,0.41908124368512906,0.7368903305666819,0.13136799232049978,1092752.9478206069,-4103.76965389848,1088649.1781667084,2390,15,1031.5392670157069,81,110,46,31.337841740469766,0.6718106995884774,36.077235772357724,8280.854067427625,102.23276626453857,0
2393,31.46829078708919,0,0,191,0.0,0.0,1.0,191,5750,4300,1450,0.7478260869565218,72,43,29,199.13381221857378,0.418578350326077,0.7568510221145166,0.1404030684211238,1086132.211617662,-692.870425436985,1085439.3411922252,2391,16,1032.5392670157069,74,117,41,32.03192454758506,0.662865990990991,37.26388888888888,8267.856344713397,111.72778844207292,8
2394,31.00691543505191,0,0,191,0.0,0.0,1.0,191,5350,3400,1950,0.6355140186915887,73,34,39,197.71321043989485,0.4182717920455589,0.7553004071536178,0.1398968564765893,1071149.9057684608,-1193.9026536255642,1069956.0031148354,2392,17,1033.5392670157069,76,115,42,31.951342425802018,0.6631030701754386,37.148268398268385,8150.221413731819,107.23975544383973,0
2395,30.92073727171635,0,0,191,0.0,0.0,1.0,191,4800,3400,1400,0.7083333333333334,62,34,28,197.14759025742336,0.41790552953063287,0.7539713684989671,0.1400515998322212,1069221.8563162165,-841.0975153378545,1068380.7588008787,2393,18,1034.5392670157069,77,114,43,31.834628275441773,0.663961038961039,37.01923076923076,8131.559272898466,105.60466588179825,0
2396,30.99126416735343,0,2,189,0.0,0.010471204188481676,0.9895287958115183,191,5150,3600,1550,0.6990291262135923,67,36,31,200.4732905305825,0.4177585652613209,0.7639876747349252,0.13332786964108154,1053861.1838354557,-1095.7961428103035,1052765.3876926454,2394,19,1035.5392670157069,72,119,39,33.984232508937026,0.6440972222222222,39.21232876712328,8082.139610766988,112.2519390384304,8
2397,31.4927333136547,0,0,189,0.0,0.0,1.0,189,5550,3900,1650,0.7027027027027027,72,39,33,197.430257932112,0.417358531276971,0.7579379868151628,0.1316411975413156,1071631.038642357,-1035.5215265564666,1070595.5171158006,2395,20,1034.3015873015872,74,115,42,33.97453814619603,0.6440033783783784,39.125,8215.66680319967,111.02252436756312,0
2398,31.26497854275793,0,0,189,0.0,0.0,1.0,189,4350,2800,1550,0.6436781609195402,59,28,31,197.3090478625782,0.41699149123794516,0.7581011052606119,0.132228998085527,1065285.5807649153,-111.90327150805751,1065173.6774934072,2396,21,1035.3015873015872,75,114,37,33.8021544331268,0.6452777777777778,38.95285087719299,8161.633515972721,108.82178021296961,0
2399,30.934134797348694,0,0,189,0.0,0.0,1.0,189,5150,3400,1750,0.6601941747572816,69,34,35,199.3810862749807,0.41674523434275207,0.7610736544622119,0.13413470602957683,1055068.7941295735,-877.8475463223085,1054190.9465832512,2397,22,1036.3015873015872,77,112,38,33.61472235005371,0.645698051948052,38.82211538461539,8079.311888778694,104.92612842569733,0
2400,30.772865177002128,0,0,189,0.0,0.0,1.0,189,5250,3500,1750,0.6666666666666666,70,35,35,200.96519998520105,0.41616477166122556,0.7632638261423088,0.13563782026249127,1050444.9001372345,-829.4261140972094,1049615.4740231372,2398,23,1037.3015873015872,78,111,40,33.462122359036464,0.6463675213675213,38.71308016877637,8040.5471564804075,103.08393790359497,0
2401,30.996310903843476,0,0,189,0.0,0.0,1.0,189,5550,4300,1250,0.7747747747747747,68,43,25,199.62603172009872,0.4163594318736163,0.7570683690086666,0.12340970888631597,1033452.69030614,-2089.188092744843,1031363.5022133952,2399,24,1038.3015873015872,79,110,45,36.61590695172785,0.6149789029535865,41.77083333333335,8004.151534440456,101.31837385367666,8
2402,31.398399782304264,0,1,188,0.0,0.005291005291005291,0.9947089947089947,189,5450,3800,1650,0.6972477064220184,71,38,33,204.68449526210242,0.4163910934744268,0.7624886010262182,0.12174195458451081,1035470.7318222045,-861.0391796587328,1034609.6926425458,2400,25,1039.3015873015872,72,117,43,37.92250064822018,0.6038773148148149,43.179223744292216,8063.761405278375,111.99668618442188,7
2403,31.537214347305454,0,1,187,0.0,0.005319148936170213,0.9946808510638298,188,6100,4500,1600,0.7377049180327869,77,45,32,206.87020840008347,0.41587495733302987,0.7584195322482079,0.11954026828188369,1031333.724457691,-1029.5554982802919,1030304.1689594106,2401,26,1045.6914893617022,77,111,39,38.966927763272466,0.5906385281385281,44.25747863247866,8065.406714087928,104.74554174140167,8
2404,32.00183578258558,3,2,188,0.015789473684210527,0.010526315789473684,0.9894736842105263,190,5300,3900,1400,0.7358490566037735,67,39,28,204.50099972833303,0.41851967882669633,0.7571251765228557,0.1187968154288766,1048155.7873278979,-430.2187240810954,1047725.5686038168,2402,0,1025.8263157894737,80,110,36,38.82461561652096,0.59140625,44.05864197530867,8190.593309478178,102.38241636847722,0
2405,31.561533280928,2,0,190,0.010526315789473684,0.0,1.0,190,5700,4200,1500,0.7368421052631579,72,42,30,203.57946290837276,0.41825860948667964,0.7576225572647475,0.1187661883611224,1035026.0781418022,-1557.989383146315,1033468.0887586559,2403,0,1026.8157894736842,83,107,39,38.68511524307577,0.5918674698795181,43.89880952380954,8082.946246499606,97.38489453613983,0
2406,31.988881017805703,0,0,190,0.0,0.0,1.0,190,5750,4100,1650,0.7130434782608696,74,41,33,203.25371482682496,0.41844890002784735,0.7580102369576036,0.11893556792178049,1049968.8693975883,-1067.9853684833615,1048900.8840291048,2404,1,1027.8157894736842,87,103,41,38.57785670285673,0.5915948275862069,43.78551136363639,8196.014792026635,94.2070665750188,0
2407,31.87545319239537,0,0,190,0.0,0.0,1.0,190,5200,3900,1300,0.75,65,39,26,200.41860296562345,0.4184227930938457,0.754403014619403,0.11778715765772439,1047570.9391742897,-1209.4591726608442,1046361.4800016289,2405,2,1028.8157894736842,73,117,40,38.48504502278595,0.5988869863013699,43.62331081081079,8172.123155871249,111.94689254618149,0
2408,31.799460643692782,0,0,190,0.0,0.0,1.0,190,5800,4100,1700,0.7068965517241379,75,41,34,199.3871020476334,0.4184071289334447,0.7529442863409872,0.11764593322583486,1046275.8006824327,-2077.2200318727705,1044198.58065056,2406,3,1029.8157894736842,75,115,43,38.36111704780225,0.5994444444444444,43.47587719298243,8157.328747359508,108.76438329812677,0
2409,31.46718417694241,2,0,192,0.010416666666666666,0.0,1.0,192,5250,3600,1650,0.6857142857142857,69,36,33,196.261569208614,0.4198264343368237,0.750395328220353,0.11645467744292681,1037027.6656468464,-2944.264605480818,1034083.4010413656,2407,0,1020.078125,81,111,46,38.228599703117254,0.599022633744856,43.267276422764226,8078.655897052919,99.73649255620887,0
2410,31.97257129997367,1,0,193,0.0051813471502590676,0.0,1.0,193,5400,3900,1500,0.7222222222222222,69,39,30,186.70046976509363,0.42087763565054687,0.7338328779475924,0.11117830999948136,1054768.854060131,-4614.831890676718,1050154.0221694543,2408,0,1015.7875647668394,82,111,51,38.33935929382259,0.599974593495935,43.135040160642575,8212.633242928738,100.15406393815533,6
2411,32.12575224151468,0,0,193,0.0,0.0,1.0,193,6350,4900,1450,0.7716535433070866,78,49,29,185.35929631182364,0.4207213406735751,0.7328548409853481,0.11070347719631533,1060714.319758134,-5627.348020351535,1055086.9717377825,2409,1,1016.7875647668394,84,109,37,38.26372661230071,0.6003224206349207,43.02696078431373,8255.452190592181,98.27919274514501,0
2412,32.43188827429098,1,1,193,0.005154639175257732,0.005154639175257732,0.9948453608247423,194,4650,3500,1150,0.7526881720430108,58,35,23,182.22951936659473,0.421426250378363,0.7294941060333853,0.10919515278365759,1071838.0931714762,-4385.891888510683,1067452.2012829655,2410,0,1012.5412371134021,89,105,40,38.22006445174751,0.5998361423220974,42.90509259259261,8338.073312926264,93.6862169991715,0
2413,32.48214632767625,0,0,193,0.0,0.0,1.0,193,5400,4300,1100,0.7962962962962963,65,43,22,187.99598631961285,0.42110364493379393,0.7389763513568031,0.11311469345543979,1074760.2004443835,-3589.8792120784983,1071170.3212323051,2411,1,1018.7720207253886,90,103,43,37.91800160192235,0.6010416666666667,42.75412087912089,8355.898287796143,92.84331430884603,0
2414,32.13643227427447,1,0,194,0.005154639175257732,0.0,1.0,194,5700,3800,1900,0.6666666666666666,76,38,38,183.2797479970108,0.4210528951444901,0.7322548881264608,0.11084271889438448,1064869.8499762232,-5466.184449348994,1059403.6655268741,2412,0,1014.5154639175257,80,114,43,37.848644553235424,0.6065104166666666,42.566872427983505,8272.982269372676,103.41227836715845,0
2415,31.6577329843752,1,0,195,0.005128205128205128,0.0,1.0,195,5600,4000,1600,0.7142857142857143,72,40,32,205.49271294881646,0.42147656181161336,0.7598377307685966,0.12180672486232737,1042997.6457883246,-1734.3168335456403,1041263.328954779,2413,0,1010.3076923076923,81,114,39,38.030498919516354,0.5986368312757202,43.305386178861795,8126.369542876916,100.3255499120607,8
2416,31.40168515068357,2,1,196,0.01015228426395939,0.005076142131979695,0.9949238578680203,197,6400,4800,1600,0.75,80,48,32,199.71336304171075,0.42297515452881657,0.754402710706207,0.11904364510008987,1036226.4881976321,-4410.344633829508,1031816.1435638026,2414,0,1001.0406091370559,87,110,36,37.96830123331644,0.5985392720306513,43.09895833333335,8067.125625299357,92.7255818999926,0
2417,31.615184669083295,0,0,196,0.0,0.0,1.0,196,5400,3600,1800,0.6666666666666666,72,36,36,203.6652782468853,0.4219747514390371,0.7569457911728126,0.1218585895597585,1044402.5636258833,-2058.2922554748457,1042344.2713704085,2415,1,1007.1479591836735,86,110,38,37.72475312092417,0.6002906976744187,42.95977011494253,8126.374335199719,94.49272482790371,0
2418,31.883411570154053,0,1,195,0.0,0.00510204081632653,0.9948979591836735,196,4550,3300,1250,0.7252747252747253,58,33,25,205.56707604595258,0.42170820251177393,0.7585329270597116,0.12334024562757202,1054104.6274214238,-412.15877889371404,1053692.46864253,2416,2,1008.1479591836735,90,106,38,37.571132330246925,0.6,42.85714285714287,8198.591546611075,91.09546162901194,0
2419,31.44070030541788,0,0,195,0.0,0.0,1.0,195,5700,4400,1300,0.7719298245614035,70,44,26,211.6312764889868,0.4215635738831615,0.7645894490209819,0.12729814589762461,1040213.5760337167,-671.6546165623295,1039541.9214171544,2417,3,1013.7333333333333,91,104,38,37.32104736123947,0.6006181318681318,42.76494565217391,8087.650251797864,88.87527749228423,0
2420,31.497839923084058,0,0,195,0.0,0.0,1.0,195,6050,4800,1250,0.7933884297520661,73,48,25,211.5581102157243,0.4214446206714248,0.7632870981044391,0.12773756249616847,1043229.3445858265,-909.2742675671834,1042320.0703182593,2418,4,1014.7333333333333,75,120,35,37.181142826712126,0.6080555555555556,42.62609649122804,8106.722013098509,108.08962684131345,0
2421,31.117484602433684,1,0,196,0.00510204081632653,0.0,1.0,196,5650,3800,1850,0.672566371681416,75,38,37,205.9718604431572,0.42193714024071166,0.75659026497197,0.12533121692648075,1032894.2291067063,-2300.570797978693,1030593.6583087277,2419,0,1010.5510204081633,79,117,38,37.03675628326931,0.6091772151898734,42.343749999999964,8017.614392095717,101.48878977336351,0
2422,31.263231769739406,1,0,197,0.005076142131979695,0.0,1.0,197,5800,4000,1800,0.6896551724137931,76,40,36,208.01527924885227,0.4230560879174005,0.7610815434049716,0.12738179467782929,1039590.8632558696,-1949.8432550555208,1037641.0200008141,2420,0,1006.4162436548223,83,114,45,36.74865358722829,0.6099397590361446,42.1130952380952,8062.37807395204,97.13708522833782,0
2423,31.792888848489707,0,0,197,0.0,0.0,1.0,197,5800,4100,1700,0.7068965517241379,75,41,34,210.63681508290793,0.42293522739044853,0.764349648395662,0.12956779257357048,1058534.879402886,-606.7168696818444,1057928.162533204,2421,1,1007.4162436548223,87,110,36,36.515290519877645,0.6101532567049808,41.950757575757535,8204.130881830806,94.30035496357249,0
2424,32.25217241071911,1,1,197,0.005050505050505051,0.005050505050505051,0.9949494949494949,198,6800,5100,1700,0.75,85,51,34,210.88001646653322,0.4236372822984498,0.768724333961744,0.13045734460496547,1075532.0256741003,-1038.357743113178,1074493.6679309872,2422,0,1003.3232323232323,91,107,41,36.299861531266856,0.6109203296703296,41.74592391304343,8329.254987727347,91.5302745904104,0
2425,32.131088324379355,1,0,198,0.005050505050505051,0.0,1.0,198,6000,4300,1700,0.7166666666666667,77,43,34,211.1545765701482,0.4232970568630467,0.7712999186826826,0.13123771036367687,1072882.745318612,-291.17964056591336,1072591.565678046,2423,0,1004.3030303030303,70,128,39,36.12195318118166,0.6211309523809524,41.5786384976526,8303.359591338323,118.61942273340462,0
2426,31.80327414265011,2,0,200,0.01,0.0,1.0,200,6200,4400,1800,0.7096774193548387,80,44,36,210.69436407845012,0.4237913525963149,0.7726828471919898,0.13187055975155393,1063990.8569522998,-1364.624601829686,1062626.23235047,2424,0,995.25,73,127,44,35.878773037295055,0.6221461187214612,41.328828828828854,8226.590169557183,112.69301602133127,0
2427,31.89291257204654,0,1,199,0.0,0.005,0.995,200,6400,4200,2200,0.65625,86,42,44,207.4626306582225,0.4237615159128978,0.7661610691573928,0.13049399468402237,1068446.8681025167,-2067.440404982529,1066379.4276975342,2425,1,996.25,80,120,41,35.782140136459994,0.6208333333333333,41.15226337448561,8255.408233669685,103.19260292087105,0
2428,31.739965367897828,0,0,199,0.0,0.0,1.0,199,7050,5300,1750,0.75177304964539,88,53,35,203.75448307409349,0.42341124815999187,0.7617259948423103,0.1287691342804414,1064700.7209948665,-3462.4909930153126,1061238.2300018512,2426,2,1000.9949748743719,83,116,36,35.70706859130875,0.6213604417670683,40.98462301587301,8221.139095229188,99.04986861721913,0
2429,31.764696727402644,2,0,201,0.009950248756218905,0.0,1.0,201,5500,3800,1700,0.6909090909090909,72,38,34,203.8590961967766,0.42436048922056385,0.7614154603701309,0.12961271889545145,1067278.8238611342,-2185.1007155420157,1065093.7231455923,2427,0,992.0248756218906,91,110,38,35.48759736478128,0.620764652014652,40.772192028985515,8234.29270350866,90.48673300558967,0
2430,31.625474529115706,0,2,199,0.0,0.009950248756218905,0.9900497512437811,201,5300,3300,2000,0.6226415094339622,73,33,40,202.79339517240766,0.4242464759535655,0.7615405051327211,0.12926738462659815,1063343.7442210317,-2372.182374815151,1060971.5618462164,2428,1,993.0248756218906,91,110,39,35.4228066919909,0.6216804029304029,40.68161231884059,8201.067064541898,90.121616093867,0
2431,31.57590397954757,1,0,200,0.005,0.0,1.0,200,5800,4200,1600,0.7241379310344828,74,42,32,201.78423887897338,0.4240912897822446,0.7605335365853647,0.12926802803184295,1063112.7741872245,-2896.1196036232323,1060216.6545836013,2429,0,998.94,78,122,37,35.27015582655829,0.6282051282051282,40.50632911392407,8193.747235199095,105.04804147691146,0
2432,31.685959645988014,0,0,200,0.0,0.0,1.0,200,6400,5000,1400,0.78125,78,50,28,200.20477919204282,0.42414939279731995,0.7607926013965236,0.12895486782216684,1068380.7536607843,-3621.013424062754,1064759.7402367215,2430,1,999.94,80,120,42,35.117367404546144,0.629296875,40.31635802469137,8228.325400352853,102.85406750441066,0
2433,31.625797630847394,2,0,202,0.009900990099009901,0.0,1.0,202,5350,3500,1850,0.6542056074766355,72,35,37,196.4321616345694,0.42516788992332066,0.7585648028943757,0.12725282260821247,1067993.674671193,-3792.3387744581178,1064201.3358967348,2431,0,991.0297029702971,83,119,46,35.01162101763928,0.6301455823293173,40.11656746031746,8219.020845109986,99.02434753144561,0
2434,31.84440381561213,0,0,202,0.0,0.0,1.0,202,5150,3700,1450,0.7184466019417476,66,37,29,193.66976608130085,0.42518123080964815,0.7551014788477985,0.12579639980553334,1076137.9285083276,-3866.923822915245,1072271.0046854124,2432,1,992.0297029702971,84,118,43,34.98957056660692,0.6307043650793651,40.02450980392157,8278.764491965638,98.55672014244807,0
2435,31.990088853958348,0,1,201,0.0,0.0049504950495049506,0.995049504950495,202,5750,4200,1550,0.7304347826086957,73,42,31,191.03548304222858,0.42512838037535094,0.7636725581912129,0.118367287075648,1067259.930220145,-5373.096739756298,1061886.8334803886,2433,2,993.0297029702971,91,111,41,36.75466088074574,0.611492673992674,41.68931159420287,8263.38187402851,90.80639422009351,8
2436,32.279036211766574,2,2,201,0.009852216748768473,0.009852216748768473,0.9901477832512315,203,5950,4000,1950,0.6722689075630253,79,40,39,192.0559529000539,0.42521826074233043,0.7667466112657013,0.11958358445710707,1078363.0261578015,-5128.792287815204,1073234.2338699864,2434,0,989.1182266009852,74,129,41,36.549509250801485,0.6197916666666667,41.513888888888914,8343.682540794338,112.75246676749106,0
2437,32.04138784249545,0,1,200,0.0,0.004975124378109453,0.9950248756218906,201,5700,3800,1900,0.6666666666666666,76,38,38,193.67393178408216,0.42445169983416253,0.7663638081170652,0.1210810408060205,1071623.7282333686,-4390.883831985055,1067232.8444013835,2435,1,999.6766169154229,76,125,43,36.36004027617952,0.6203399122807017,41.36904761904764,8286.894653312127,109.03808754358062,0
2438,32.475699838587154,0,1,199,0.0,0.005,0.995,200,5750,4400,1350,0.7652173913043478,71,44,27,192.42289799967514,0.4248010887772194,0.7627649105367786,0.1206841866506697,1087106.1984089934,-3913.174973746045,1083193.0234352474,2436,2,1004.65,80,120,40,36.27630053015244,0.6197916666666667,41.25514403292183,8402.92027716534,105.03650346456675,0
2439,31.970063796089097,3,2,200,0.01485148514851485,0.009900990099009901,0.9900990099009901,202,4950,3600,1350,0.7272727272727273,63,36,27,195.306016960939,0.42649222944682524,0.7690027388507874,0.12348738499860558,1072555.772365605,-3454.6808261618903,1069101.091539443,2437,0,995.559405940594,84,118,35,35.90908911703017,0.621155753968254,40.968137254901976,8281.26517718062,98.58649020453119,0
2440,32.29853391827846,1,0,201,0.004975124378109453,0.0,1.0,201,5600,3600,2000,0.6428571428571429,76,36,40,196.62298437142744,0.42593283582089553,0.7697482646371709,0.1246853574787818,1084443.0789333535,-3154.7130878366665,1081288.3658455168,2438,0,1001.4676616915423,86,115,36,35.76926334919685,0.6214874031007752,40.864463601532584,8369.697911797228,97.32206874182823,0
2441,32.69505989910224,1,0,202,0.0049504950495049506,0.0,1.0,202,5800,4400,1400,0.7586206896551724,72,44,28,208.0645676192573,0.4262818539316618,0.7800878213886118,0.12910560379757335,1091218.4243862235,-791.2220703824814,1090427.202315841,2439,0,997.5049504950495,70,132,39,36.26171209540033,0.6205357142857143,41.63732394366198,8447.183169354343,120.67404527649062,8
2442,32.86653584133703,0,1,201,0.0,0.0049504950495049506,0.995049504950495,202,6900,5000,1900,0.7246376811594203,88,50,38,204.25548314636785,0.42604428353283086,0.7758313242348891,0.12760158983321743,1098995.5412095308,-2404.826950908411,1096590.7142586224,2440,1,998.5049504950495,72,130,39,36.11341021538008,0.6219618055555556,41.39554794520549,8499.432492188262,118.04767350261474,0
2443,32.59347603793063,1,1,201,0.0049504950495049506,0.0049504950495049506,0.995049504950495,202,5200,3800,1400,0.7307692307692307,66,38,28,204.34599900981732,0.4264768361164475,0.7764507785650547,0.1282307277720424,1091209.2099710642,-1003.1527719494293,1090206.0571991147,2441,0,999.4702970297029,74,128,42,35.94837457284458,0.6226069819819819,41.23611111111114,8434.014611981818,113.97317043218673,0
2444,32.51755569393673,0,1,200,0.0,0.004975124378109453,0.9950248756218906,201,6400,4500,1900,0.703125,83,45,38,205.43604406484843,0.42602197346600335,0.7777628278440367,0.1291668730496807,1089251.8538977539,-1845.6816289884073,1087406.1722687655,2442,1,1005.4278606965174,74,127,44,35.84929705945482,0.6233108108108107,41.166666666666686,8416.627332114003,113.73820719072978,0
2445,32.584157588154774,1,1,200,0.004975124378109453,0.004975124378109453,0.9950248756218906,201,5450,4000,1450,0.7339449541284404,69,40,29,206.50339044407062,0.4257607794361526,0.7793436502155098,0.13076329741655068,1093605.6831145287,-483.3437255888862,1093122.3393889398,2443,0,1006.3980099502487,78,123,38,35.56489303951006,0.624065170940171,40.915084388185676,8442.063719009197,108.23158614114355,0
2446,32.538883720209405,0,1,199,0.0,0.005,0.995,200,5150,3700,1450,0.7184466019417476,66,37,29,208.17051399422962,0.4260453308207705,0.7807613838717866,0.13211467396049734,1092753.2376987217,345.8006321205057,1093099.0383308423,2444,1,1008.95,78,122,38,35.44093954040532,0.6248664529914529,40.83597046413504,8432.90822152847,108.11420796831372,0
2447,32.550939807681594,0,0,199,0.0,0.0,1.0,199,6600,5300,1300,0.803030303030303,79,53,26,206.9356911322556,0.42613530616043177,0.7783206101670659,0.13164984822048142,1093879.2508320534,-1127.4682427666748,1092751.7825892868,2445,2,1007.608040201005,82,117,38,35.38570460376629,0.6241107723577235,40.75050200803215,8438.814804308275,102.91237566229603,0
2448,32.064941295807984,0,0,199,0.0,0.0,1.0,199,5700,4300,1400,0.7543859649122807,71,43,28,207.5191259870763,0.42621038695159297,0.7779653542167211,0.13240270362315448,1078391.576569746,-742.62451168385,1077648.9520580622,2446,3,1008.608040201005,86,113,39,35.266915962636396,0.6236676356589148,40.64894636015328,8316.076309967702,96.69856174381049,0
2449,32.39581211852916,1,2,198,0.005,0.01,0.99,200,4350,2700,1650,0.6206896551724138,60,27,33,206.01709596231078,0.42639290201005026,0.778346713497241,0.1320231743578409,1090814.8289116034,595.3006569986655,1091410.1295686022,2447,0,1004.56,71,129,39,35.14854072587391,0.6316021126760563,40.494791666666664,8406.881972946427,118.40678835135812,0
2450,32.524034464561616,0,0,198,0.0,0.0,1.0,198,5650,4200,1450,0.7433628318584071,71,42,29,206.1837633729456,0.42603114478114473,0.7755975287268748,0.13263590063640227,1096260.8400312457,-43.762872794248324,1096217.0771584515,2448,1,1010.9040404040404,74,124,40,35.00777878820298,0.6314752252252251,40.361111111111114,8444.504170562714,114.11492122382046,0
2451,32.59462495861599,0,0,198,0.0,0.0,1.0,198,4900,3500,1400,0.7142857142857143,63,35,28,204.11852295796132,0.4259611769129536,0.7736847735048538,0.13187371727337166,1099910.87186178,402.4365099660117,1100313.308371746,2449,2,1011.9040404040404,77,121,42,34.908229664661874,0.6316287878787878,40.21100427350427,8467.724884080613,109.97045304000797,0
2452,32.58917329568579,0,1,197,0.0,0.005050505050505051,0.9949494949494949,198,5400,3800,1600,0.7037037037037037,70,38,32,201.34445275345706,0.42570320378061494,0.7702289666870608,0.1305305820529962,1100741.8972494856,-674.3450151001016,1100067.5522343854,2450,3,1012.9040404040404,79,119,40,34.858025232536775,0.6319883966244726,40.09114583333333,8470.214689520613,107.21790746228625,0
2453,32.229243687175945,0,0,197,0.0,0.0,1.0,197,5300,3800,1500,0.7169811320754716,68,38,30,204.2938334220387,0.42543121309437476,0.7726099056048297,0.13317148167195922,1090178.8909029507,-156.63505232999069,1090022.2558506206,2451,4,1017.746192893401,81,116,37,34.587250712250714,0.6331018518518519,39.90091463414634,8382.79680506767,103.49131858108234,0
2454,32.040849174850635,0,0,197,0.0,0.0,1.0,197,6100,4500,1600,0.7377049180327869,77,45,32,204.81665387378692,0.42541826375220143,0.7741997286789466,0.13397358681070876,1084799.6562840303,-1062.9928552942883,1083736.663428736,2452,5,1018.746192893401,83,114,38,34.452042826280326,0.6335341365461847,39.781746031746025,8337.613827939782,100.45317864987689,0
2455,32.13208831608619,1,1,197,0.005050505050505051,0.005050505050505051,0.9949494949494949,198,4150,2600,1550,0.6265060240963856,57,26,31,204.72698705493113,0.4253923541677349,0.7754724393168761,0.13449912328034191,1089142.974934855,845.3919460913348,1089988.3668809463,2453,0,1014.5959595959596,85,113,40,34.30134288549807,0.634313725490196,39.631782945736425,8366.17454508947,98.42558288340554,0
2456,32.035929927777175,0,1,196,0.0,0.005076142131979695,0.9949238578680203,197,5200,3700,1500,0.7115384615384616,67,37,30,200.66032343261202,0.42495856210504507,0.7634975573460583,0.12308862836100681,1065797.5785323903,-1827.3426355993897,1063970.2358967909,2454,1,1020.4873096446701,83,114,38,36.875080124352976,0.6105672690763052,42.05109126984125,8263.633165025907,99.56184536175792,8
2457,31.78780573428832,1,0,197,0.005076142131979695,0.0,1.0,197,4800,3500,1300,0.7291666666666666,61,35,26,200.19519763045585,0.4250405746054767,0.7639991574307818,0.12336194419229482,1058886.6036559253,-1803.1974225722233,1057083.406233353,2455,0,1021.3654822335026,84,113,41,36.71996170037665,0.6118551587301587,41.887254901960766,8204.837798720302,97.67664046095598,0
2458,31.88475082190909,1,0,198,0.005050505050505051,0.0,1.0,198,7350,5800,1550,0.7891156462585034,89,58,31,199.33007758848385,0.4258372643524928,0.7654704065915361,0.12363449793322588,1064051.308163508,-4530.514037127789,1059520.7941263802,2456,0,1017.2020202020202,71,127,45,36.502550353736176,0.6198650234741784,41.6521990740741,8237.355257911371,116.01908813959678,0
2459,31.554065125482605,2,0,200,0.01,0.0,1.0,200,6300,4500,1800,0.7142857142857143,81,45,36,194.97166829325056,0.4272859087102177,0.7620138089758335,0.12189235953009768,1055325.2273873624,-5148.295964866196,1050176.9314224962,2457,0,1008.02,76,124,46,36.32647679324894,0.6203399122807017,41.36904761904764,8160.857914894218,107.37970940650287,0
2460,31.99794454403623,0,2,198,0.0,0.01,0.99,200,5350,4000,1350,0.7476635514018691,67,40,27,192.64030536172197,0.4274487018425461,0.7591062801932362,0.12083800972689872,1071156.1920057926,-4080.428816380765,1067075.763189412,2458,1,1009.02,79,121,47,36.26543209876543,0.620253164556962,41.250000000000014,8279.468150769411,104.80339431353686,0
2461,32.094783778415035,0,0,198,0.0,0.0,1.0,198,4400,2900,1500,0.6590909090909091,59,29,30,220.98584744270056,0.4271415508725154,0.7817830022556307,0.13286370529862054,1061714.2249708828,2924.7635494321416,1064638.988520315,2459,2,1016.2121212121212,84,114,35,37.09770594120726,0.6028025793650793,42.78186274509804,8255.36049908276,98.27810117955667,8
2462,31.750662205141264,0,2,196,0.0,0.010101010101010102,0.98989898989899,198,5450,3800,1650,0.6972477064220184,71,38,33,218.51165935933497,0.42710416346203145,0.7807106272035571,0.1318453588673671,1051397.4003826675,898.5181207415371,1052295.918503409,2460,3,1017.2121212121212,72,126,35,37.027885592828746,0.6092303240740741,42.65125570776255,8170.9930489400995,113.48601456861249,0
2463,31.516349731803082,0,2,194,0.0,0.01020408163265306,0.9897959183673469,196,5050,3600,1450,0.7128712871287128,65,36,29,223.79963741409023,0.4260204081632653,0.7834188137197156,0.13534549500756862,1044317.2122485073,2493.562689301718,1046810.774937809,2461,5,1028.561224489796,73,123,36,36.806239063867025,0.6095890410958904,42.567567567567565,8113.330572849295,111.1415146965657,0
2464,31.72824594397204,3,0,197,0.015228426395939087,0.0,1.0,197,4700,3100,1600,0.6595744680851063,63,31,32,220.8079690094072,0.42642399599433684,0.784463690273864,0.13507109004739348,1054737.0126850014,2478.86752200505,1057215.8802070064,2462,0,1024.2690355329948,72,125,43,36.458333333333336,0.6142939814814814,42.15182648401828,8181.070265519081,113.62597590998723,8
2465,31.414124458395847,0,0,197,0.0,0.0,1.0,197,5950,4200,1750,0.7058823529411765,77,42,35,219.59325398953294,0.42650492938292067,0.7834219439979144,0.13478932913422323,1045299.7677853615,558.155480498307,1045857.9232658598,2463,1,1025.2690355329948,74,123,39,36.362881806108916,0.6145833333333333,42.027777777777786,8103.97149569786,109.51312832024135,0
2466,31.646293176792298,1,1,197,0.005050505050505051,0.005050505050505051,0.9949494949494949,198,5400,3500,1900,0.6481481481481481,73,35,38,214.8012762392255,0.4272649293271121,0.7798392505236222,0.13259170834691192,1054682.106075042,309.41248231875215,1054991.5185573606,2464,0,1021.0858585858585,78,120,41,36.27926029962546,0.6148504273504274,41.82489451476794,8170.285079134953,104.74724460429427,0
2467,31.963462915478207,1,0,198,0.005050505050505051,0.0,1.0,198,5750,4100,1650,0.7130434782608696,74,41,33,219.15689902043627,0.4279731537028491,0.7840332990476133,0.13616365301389488,1067181.9784636637,1426.0586181180743,1068608.0370817818,2465,0,1020.8030303030303,68,130,40,35.927976086152164,0.6220894607843137,41.591183574879224,8259.640620836955,121.46530324760228,0
2468,31.5166627851011,0,0,198,0.0,0.0,1.0,198,5450,4200,1250,0.7706422018348624,67,42,25,214.6947439190053,0.42799451793741133,0.7793112730947307,0.13383178278094288,1053225.3959519705,174.3913345803021,1053399.7872865507,2466,1,1021.8030303030303,69,129,42,35.9227800802011,0.6227355072463768,41.473214285714285,8147.90152627323,118.08552936627869,0
2469,31.456382287161443,2,0,200,0.01,0.0,1.0,200,5600,3600,2000,0.6428571428571429,76,36,40,212.2853093663901,0.4292362855946399,0.7783063156176901,0.13323457979113562,1053187.3821083796,-884.7581536686885,1052302.623954711,2467,0,1012.575,73,127,42,35.73699205787957,0.6231449771689498,41.23029279279281,8139.958834246781,111.50628540064083,0
2470,31.403738514216453,0,0,200,0.0,0.0,1.0,200,5400,3600,1800,0.6666666666666666,72,36,36,213.28708903939852,0.4293535385259632,0.7790319773765493,0.1341286933398247,1051996.8549812639,-524.5306244885996,1051472.3243567753,2468,1,1013.575,73,127,44,35.63918497570877,0.6238584474885844,41.15990990990992,8128.546506185446,111.34995213952665,0
2471,31.30494742267071,0,0,200,0.0,0.0,1.0,200,6500,4900,1600,0.7538461538461538,81,49,32,212.3563424393175,0.429009108040201,0.778544699094903,0.13395820960621138,1049579.117953756,-1923.0434821309773,1047656.0744716249,2469,2,1014.575,75,125,39,35.550920534942414,0.6240277777777778,41.0498903508772,8106.419567660619,108.08559423547491,0
2472,31.590147881578662,0,2,198,0.0,0.01,0.99,200,6550,4800,1750,0.732824427480916,83,48,35,216.40093880669852,0.42902742881072026,0.7880672368733659,0.1325810118540607,1050604.3773219644,-1079.6452866199002,1049524.7320353445,2470,3,1015.575,67,133,36,36.51451255246693,0.6175373134328358,42.09558823529413,8147.238506958642,121.600574730726,8
2473,31.94626226239994,0,1,197,0.0,0.005050505050505051,0.9949494949494949,198,5100,3600,1500,0.7058823529411765,66,36,30,217.7028359400253,0.4276510878668239,0.7876593330399142,0.13364199618027553,1063035.607469206,1585.1732902548652,1064620.7807594608,2471,4,1026.7929292929293,66,132,37,36.40804857470016,0.618844696969697,42.02425373134329,8241.360847636874,124.86910375207384,0
2474,32.26461843186326,0,0,197,0.0,0.0,1.0,197,4100,2900,1200,0.7073170731707317,53,29,24,218.73857288452857,0.42711031112952796,0.7883719402578511,0.13458254195809993,1074310.5458882533,3498.6311284791486,1077809.1770167325,2472,5,1032.9593908629442,67,130,38,36.29768688907359,0.619092039800995,41.94240196078432,8326.12993417846,124.27059603251432,0
2475,32.401560693891454,1,0,198,0.005050505050505051,0.0,1.0,198,5400,3700,1700,0.6851851851851852,71,37,34,212.77053179123183,0.4279507212565588,0.7839428770463253,0.13180679938262083,1080924.3625250305,997.7702881099481,1081922.1328131405,2473,0,1028.7373737373737,68,130,41,36.20093025521141,0.6210171568627452,41.69685990338166,8369.424871263358,123.0797775185788,0
2476,31.919405108854825,0,0,198,0.0,0.0,1.0,198,5350,4000,1350,0.7476635514018691,67,40,27,210.34329000967173,0.4278118537319045,0.7821919198182599,0.13082168291500165,1066013.6986247578,-104.23428717768593,1065909.4643375801,2474,1,1029.7373737373737,64,134,40,36.11825923399683,0.6248372395833333,41.554487179487204,8249.427022283733,128.89729722318333,0
2477,31.7116471890648,1,1,198,0.005025125628140704,0.005025125628140704,0.9949748743718593,199,6250,4400,1850,0.704,81,44,37,208.3900665766918,0.42833379862274334,0.781038898035672,0.1302895086223675,1060614.049277626,-1845.713531772065,1058768.3357458538,2475,0,1025.5577889447236,65,134,44,35.97713380525213,0.6261217948717949,41.366792929292934,8201.68501400261,126.17976944619402,0
2478,31.345931128232184,0,1,197,0.0,0.005050505050505051,0.9949494949494949,198,4600,3100,1500,0.6739130434782609,61,31,30,208.50812280150643,0.4277723298979644,0.7797032616445714,0.13059444558041589,1048894.342184953,-459.40193877903494,1048434.9402461739,2476,1,1030.828282828283,65,133,48,35.909632826957896,0.6267628205128205,41.303661616161605,8109.077606105621,124.75504009393264,0
2479,31.38328048946935,0,1,196,0.0,0.005076142131979695,0.9949238578680203,197,5550,3700,1850,0.6666666666666666,74,37,37,209.26893901613477,0.42778043958700235,0.7793087068231421,0.13162518192971734,1051362.730670303,-946.4873663039962,1050416.243303999,2477,2,1034.3350253807107,66,131,47,35.73675596131901,0.6276830808080809,41.15360696517412,8123.448956299344,123.08255994392945,0
2480,30.954870547768696,0,0,196,0.0,0.0,1.0,196,7100,5300,1800,0.7464788732394366,89,53,36,212.30916263480472,0.42741583813012385,0.7811917821616037,0.1338553441259266,1037686.7895910912,-2237.917324943488,1035448.8722661478,2478,3,1040.3316326530612,67,129,36,35.57190291664202,0.6279539800995024,41.06924019607842,8015.168150565749,119.62937538157834,0
2481,31.289026414482258,0,0,196,0.0,0.0,1.0,196,5400,3500,1900,0.6481481481481481,73,35,38,209.13672483107334,0.4274545395081109,0.7768523065821853,0.1324271593810532,1050129.9877868947,-675.8507414709366,1049454.1370454237,2479,4,1041.3316326530612,67,129,38,35.49765712765326,0.6295087064676617,40.91605392156861,8106.484432416304,120.99230496143737,0
2482,31.768426651636275,0,1,195,0.0,0.00510204081632653,0.9948979591836735,196,4750,3000,1750,0.631578947368421,65,30,35,211.05913518770032,0.4274539944182801,0.7793457808655384,0.1340510723489447,1067102.49895447,1094.3461171927902,1068196.845071663,2480,5,1042.3316326530612,67,129,40,35.33835697399527,0.6305970149253731,40.80882352941176,8234.095878457187,122.89695340980876,0
2483,32.172734399130135,0,0,195,0.0,0.0,1.0,195,5100,3300,1800,0.6470588235294118,69,33,36,212.83219251106053,0.42678429817605074,0.7787207113782137,0.13160391660980958,1072744.326956447,1562.9054219886152,1074307.2323784356,2481,8,1048.6512820512821,75,120,40,36.26648665145161,0.6168055555555556,41.762609649122815,8308.202971683282,110.77603962244376,8
2484,32.28280375111271,0,0,195,0.0,0.0,1.0,195,5300,4000,1300,0.7547169811320755,66,40,26,209.63681387375414,0.4269495109701295,0.7758203416026928,0.130370099402297,1078122.1994867793,902.8205733942305,1079025.0200601735,2482,9,1049.6512820512821,66,129,40,36.13993663398104,0.6235795454545454,41.557835820895505,8343.237667206839,126.41269192737634,0
2485,32.325453435722736,0,0,195,0.0,0.0,1.0,195,5100,3200,1900,0.6274509803921569,70,32,38,207.0811542014606,0.42711141950832676,0.772742992396172,0.12920506112963212,1080529.374420401,651.4540007115761,1081180.8284211126,2483,10,1050.6512820512821,68,127,40,36.085931570035605,0.6236213235294117,41.44021739130433,8358.062213067946,122.91267960394038,0
2486,32.55091802668214,0,0,195,0.0,0.0,1.0,195,5650,4000,1650,0.7079646017699115,73,40,33,206.0294179604695,0.42712683936910745,0.7708440195171884,0.12921532059569077,1089617.983797852,248.67180022613047,1089866.6555980782,2484,11,1051.6512820512821,70,125,41,35.92497826415663,0.6244047619047619,41.25586854460092,8422.359012889723,120.31941446985319,0
2487,32.04694152124505,0,0,195,0.0,0.0,1.0,195,4400,3200,1200,0.7272727272727273,56,32,24,207.07754338601276,0.42692968543484006,0.7727793883645402,0.13035616314827628,1073842.9100179602,1073.750357801167,1074916.6603757613,2485,12,1052.6512820512821,70,125,44,35.76308208179839,0.6257440476190477,41.1238262910798,8296.189600093418,118.51699428704882,0
2488,31.990515848454205,0,0,195,0.0,0.0,1.0,195,6550,5200,1350,0.7938931297709924,79,52,27,206.6839748088641,0.42681183364173053,0.7721616563918972,0.13078938872969373,1073483.9799724927,-1175.6128251294067,1072308.3671473633,2486,13,1053.6512820512821,72,123,40,35.58454971082345,0.6265914351851851,40.938926940639256,8287.497363423,115.10413004754166,0
2489,31.869393514791547,0,0,195,0.0,0.0,1.0,195,5750,4400,1350,0.7652173913043478,71,44,27,209.8167695773024,0.42694180103973917,0.7759902524287756,0.13309403954919216,1070126.5365423693,156.09858725315007,1070282.6351296224,2487,14,1054.6512820512821,72,123,41,35.41597837857678,0.6274594907407407,40.85331050228309,8258.847825658195,114.70621980080826,0
2490,31.989980687540235,0,0,195,0.0,0.0,1.0,195,5650,4100,1550,0.7256637168141593,72,41,31,207.34611380772577,0.4270310159485417,0.7735535951752179,0.13202643246640733,1075283.6281017011,-58.82369440824277,1075224.804407293,2488,15,1055.6512820512821,76,119,42,35.34362064767471,0.6269188596491229,40.71969696969696,8294.37188659895,109.13647219209145,0
2491,32.467521951002865,0,1,194,0.0,0.005128205128205128,0.9948717948717949,195,5350,4100,1250,0.7663551401869159,66,41,25,208.32869327955825,0.4267358357564543,0.7751390959343565,0.1329113040596491,1091913.3182118284,1145.3749515234067,1093058.6931633519,2489,16,1056.6512820512821,79,116,43,35.24805870736689,0.6263185654008439,40.65104166666667,8420.417997657238,106.58756959059795,0
2492,32.06338422413534,0,0,194,0.0,0.0,1.0,194,5550,4300,1250,0.7747747747747747,68,43,25,208.65494946908984,0.4265658663176825,0.774444999060995,0.13351356582592677,1079184.9355474303,685.4556388903475,1079870.3911863207,2490,17,1061.6237113402062,66,128,41,35.13365392297854,0.6338383838383839,40.547263681592035,8318.932772580383,126.04443594818763,0
2493,32.42022018408253,0,1,193,0.0,0.005154639175257732,0.9948453608247423,194,6150,4500,1650,0.7317073170731707,78,45,33,210.7668797119273,0.42670942168331466,0.7761689941167467,0.13534476244885946,1092241.7298377862,1091.6762578137477,1093333.4060956,2491,18,1062.6237113402062,66,128,41,34.951859726880734,0.6351010101010102,40.422885572139315,8415.54720450005,127.50829097727348,0
2494,32.602376357602765,0,0,193,0.0,0.0,1.0,193,5050,3400,1650,0.6732673267326733,67,34,33,214.41193862058873,0.426515499064479,0.7789023654102971,0.13226517070392416,1086348.2327855066,2935.2061217179134,1089283.4389072245,2492,19,1067.5906735751296,85,108,37,36.313273197891725,0.6118872549019607,41.84835271317827,8416.357162180024,99.01596661388264,8
2495,32.3304484446368,0,0,193,0.0,0.0,1.0,193,5900,4600,1300,0.7796610169491526,72,46,26,212.1135443435872,0.42641430087795046,0.7764502747513375,0.1313389926087045,1078413.2225091255,1249.2101786794665,1079662.432687805,2493,20,1068.5906735751296,88,105,37,36.234876291462754,0.6122159090909092,41.71348314606738,8350.518917090782,94.89226042148616,0
2496,32.66043981125792,0,0,193,0.0,0.0,1.0,193,5700,4200,1500,0.7368421052631579,72,42,30,210.5943137793088,0.4261073330454807,0.7749979700604508,0.13078233618762916,1090310.5718885087,1622.6413386369036,1091933.2132271456,2494,21,1069.5906735751296,70,123,37,36.16639223256867,0.6208333333333333,41.60798122065725,8439.196977052095,120.55995681502993,0
2497,33.1048320274034,2,0,195,0.010256410256410256,0.0,1.0,195,4950,3300,1650,0.6666666666666666,66,33,33,209.87496008487784,0.4270585514142215,0.7756679589051421,0.13125399988425937,1107293.9103965175,2528.6530493393975,1109822.5634458568,2495,0,1059.6102564102564,73,122,40,35.92871267370558,0.6218607305936072,41.356981981981974,8562.333666547142,117.29224200749509,0
2498,33.42034224803069,0,1,194,0.0,0.005128205128205128,0.9948717948717949,195,6650,4700,1950,0.706766917293233,86,47,39,210.3739351201517,0.426940699621112,0.7746405945896531,0.13227547554159372,1119501.933373911,1452.8054196972143,1120954.7387936083,2496,1,1060.6102564102564,78,117,40,35.72041093564271,0.6215277777777778,41.16561181434597,8650.333838724138,110.9017158810787,0
2499,33.67550701322691,0,1,193,0.0,0.005154639175257732,0.9948453608247423,194,5450,4100,1350,0.7522935779816514,68,41,27,207.77675910317197,0.4263700078343393,0.7727008857997335,0.13119618217657433,1129357.066520473,2680.8302303778673,1132037.8967508508,2497,2,1056.979381443299,79,115,41,35.63453159041392,0.622626582278481,41.015625,8721.43013662869,110.39784983074293,0
2500,33.11979446652829,0,1,192,0.0,0.0051813471502590676,0.9948186528497409,193,3750,2900,850,0.7733333333333333,46,29,17,205.866440754271,0.4262197754749568,0.7694721044448467,0.13029153154240608,1111423.7601362313,3410.9707337949235,1114834.7308700262,2498,3,1053.7875647668393,80,113,39,35.600335070737145,0.623046875,40.93364197530864,8580.224530969805,107.25280663712256,0
2501,33.06286116641135,0,0,192,0.0,0.0,1.0,192,5250,4300,950,0.819047619047619,62,43,19,205.08354253688785,0.4255642361111111,0.7686137269616864,0.13033216884790436,1110759.7456061502,1909.708707256489,1112669.4543134067,2499,4,1060.1145833333333,82,110,39,35.47214421742358,0.623729674796748,40.78815261044178,8570.285322929994,104.51567466987798,0
2502,33.16975270123262,0,0,192,0.0,0.0,1.0,192,4850,3400,1450,0.7010309278350515,63,34,29,224.6277733872884,0.42548981511780104,0.7780319272703102,0.13768748847968953,1103286.682697466,6315.766188435699,1109602.4488859018,2500,5,1061.1145833333333,80,112,35,36.2845490958649,0.6114583333333333,42.07818930041151,8555.20267715945,106.94003346449313,8
2503,32.73768256221823,2,1,193,0.010309278350515464,0.005154639175257732,0.9948453608247423,194,5200,3700,1500,0.7115384615384616,67,37,30,222.91137098810256,0.4263115841390239,0.7807049892898754,0.13777114623250805,1091437.7593925046,4658.777458873027,1096096.5368513777,2501,0,1051.1649484536083,82,112,37,36.023592547590106,0.613694105691057,41.77961847389557,8453.536881496451,103.09191318898111,0
2504,32.23352654817376,0,0,193,0.0,0.0,1.0,193,4750,3400,1350,0.7157894736842105,61,34,27,223.07492195629482,0.4260522362550374,0.7805448771519297,0.13830645161290323,1075570.1046109407,4636.543428922005,1080206.6480398627,2502,1,1056.4922279792745,79,114,38,35.903897849462375,0.6160337552742616,41.66666666666668,8326.99435827825,105.40499187693989,0
2505,32.01915595455829,1,0,194,0.005154639175257732,0.0,1.0,194,4450,2700,1750,0.6067415730337079,62,27,35,218.20215813344305,0.4267066396025853,0.7762185792230234,0.13585587653478418,1069664.4297658168,3430.6174106961694,1073095.047176513,2503,0,1052.041237113402,75,119,38,35.875720257348405,0.6193055555555556,41.51589912280703,8276.442737760644,110.3525698368086,0
2506,31.640485162379647,0,0,194,0.0,0.0,1.0,194,5150,3400,1750,0.6601941747572816,69,34,35,219.69968352871496,0.4268129150864448,0.7782318568243265,0.13714368879712208,1057772.7761994689,2528.468835262927,1060301.2450347317,2504,1,1053.041237113402,76,118,39,35.74223518537896,0.6197916666666667,41.42316017316019,8181.496663876189,107.65127189310775,0
2507,31.957980024820642,0,0,194,0.0,0.0,1.0,194,5250,3900,1350,0.7428571428571429,66,39,27,214.1548537182661,0.4268908133468654,0.7738052089538279,0.1344530761060364,1070080.0457494657,1782.5671328625963,1071862.6128823282,2505,2,1054.041237113402,78,116,39,35.67641988518634,0.6209935897435898,41.218354430379755,8270.138659904156,106.02741871671995,0
2508,32.15624446493878,0,0,194,0.0,0.0,1.0,194,6450,5000,1450,0.7751937984496124,79,50,29,213.46056170245248,0.4267322347452949,0.7728796089483954,0.1344882702437127,1077755.8649769882,761.6744632202203,1078517.5394402083,2506,3,1055.041237113402,79,115,39,35.56712264467245,0.6218354430379747,41.09375000000001,8325.452668500573,105.38547681646295,0
2509,32.45241675626656,0,0,194,0.0,0.0,1.0,194,5350,3700,1650,0.6915887850467289,70,37,33,213.00277070239355,0.4265953563734131,0.7728180707755665,0.13446551085908495,1088271.4053908382,2210.964924887402,1090482.3703157254,2507,4,1056.041237113402,80,114,33,35.50739480915023,0.6221354166666666,41.02366255144034,8404.408032892201,105.05510041115251,0
2510,32.59781700086467,1,0,195,0.005128205128205128,0.0,1.0,195,6350,4700,1650,0.7401574803149606,80,47,33,226.45555012677886,0.4266785619878403,0.7802203257154865,0.1379720432107475,1082422.8900936672,3674.134209195481,1086097.0243028626,2508,0,1051.6205128205129,75,120,32,36.461325036343624,0.6113888888888889,42.29714912280699,8400.550373495795,112.00733831327726,8
2511,32.84592508955562,2,0,197,0.01015228426395939,0.0,1.0,197,4850,3800,1050,0.7835051546391752,59,38,21,224.0879983299892,0.42805237577264404,0.7819209848639339,0.1376178837201676,1093097.6285828713,4740.011913678301,1097837.6404965497,2509,0,1041.9340101522844,78,119,30,36.228236055742954,0.6129807692307692,42.00949367088605,8473.93684470254,108.64021595772488,0
2512,32.65274103325708,1,0,198,0.005050505050505051,0.0,1.0,198,5150,3900,1250,0.7572815533980582,64,39,25,220.35429001127093,0.4286231605394042,0.7825767636524632,0.13622888372617906,1088690.821307419,3229.5385941964196,1091920.3599016154,2510,0,1037.6666666666667,80,118,35,36.07932851925631,0.6145833333333333,41.76954732510286,8431.932098094114,105.39915122617643,0
2513,32.23877827379285,0,1,197,0.0,0.005050505050505051,0.9949494949494949,198,5600,3500,2100,0.625,77,35,42,217.07424372195047,0.42823219504691584,0.7793960103390232,0.134538968940948,1075640.8245439883,1498.7837008680208,1077139.6082448564,2511,1,1038.6666666666667,82,116,36,36.07173800385432,0.6147103658536586,41.67921686746986,8327.946450922118,101.56032257222095,0
2514,31.885864481347706,1,1,197,0.005050505050505051,0.005050505050505051,0.9949494949494949,198,5750,3800,1950,0.6608695652173913,77,38,39,214.7810463996306,0.42859538703447336,0.7790233085204064,0.13378530239591524,1065342.6039193748,413.07984878243815,1065755.6837681571,2512,0,1039.3181818181818,74,124,38,35.94790995056954,0.6199324324324325,41.50000000000002,8242.495968428431,111.38508065443826,0
2515,32.36391895507493,1,0,198,0.005050505050505051,0.0,1.0,198,5850,3900,1950,0.6666666666666666,78,39,39,214.11551261866174,0.4288218479208327,0.778318253524865,0.13418474157336904,1083132.0229207063,933.0736642712045,1084065.0965849776,2513,0,1039.7626262626263,75,123,41,35.74336017517839,0.6216666666666666,41.282894736842124,8373.099427028474,111.64132569371299,0
2516,32.247888479086825,0,0,198,0.0,0.0,1.0,198,5800,4400,1400,0.7586206896551724,72,44,28,216.30736257422646,0.42851046420208855,0.7799306656493732,0.13603080147351357,1080281.1413317656,1334.5529040302008,1081615.6942357959,2514,1,1040.7626262626263,77,121,41,35.560270697898424,0.6220238095238095,41.15918803418806,8347.069638109855,108.40350179363448,0
2517,32.718988411077184,1,0,199,0.005025125628140704,0.0,1.0,199,5350,4100,1250,0.7663551401869159,66,41,25,212.886682200949,0.4291871816997445,0.7790658823083945,0.13445402610260657,1097348.6583540577,1572.1830189318985,1098920.8413729896,2515,0,1036.5276381909548,78,121,34,35.49377609204766,0.6231303418803419,41.007383966244745,8473.976402563052,108.64072310978271,0
2518,33.08546188557394,0,0,199,0.0,0.0,1.0,199,5600,4000,1600,0.7142857142857143,72,40,32,213.92558675095432,0.42945789553829755,0.7794870720487492,0.13554002269994506,1110602.3467193793,2117.251733786365,1112719.5984531657,2516,1,1037.5276381909548,80,119,34,35.35214413341277,0.6234375,40.895061728395085,8572.606559549231,107.15758199436539,0
2519,33.47583167155145,0,1,198,0.0,0.005025125628140704,0.9949748743718593,199,5900,4200,1700,0.711864406779661,76,42,34,215.85280140644127,0.4293595502766357,0.7816239960694069,0.13746975576624904,1125287.1596376882,2879.2771588990267,1128166.4367965872,2517,2,1038.5276381909548,82,117,36,35.116065666344035,0.6244918699186992,40.71285140562252,8679.852940942015,105.8518651334392,0
2520,33.89660634803774,0,1,197,0.0,0.005050505050505051,0.9949494949494949,198,5000,3800,1200,0.76,62,38,24,211.15889673191094,0.4288149045446,0.7746867908037327,0.134870162632188,1140325.8299028361,3557.988831436861,1143883.818734273,2518,3,1044.7474747474748,74,124,38,35.1338839508817,0.6289414414414414,40.61111111111112,8792.40305772159,118.81625753677825,0
2521,33.311539382885144,0,2,195,0.0,0.01015228426395939,0.9898477157360406,197,6900,5200,1700,0.7536231884057971,86,52,34,215.45722209320573,0.4281052522531856,0.7774485823918029,0.1379428314991527,1121363.5871361238,2021.1766881643216,1123384.763824288,2519,4,1051.0253807106599,74,123,40,34.937261356742674,0.6297860360360361,40.527777777777786,8643.419149320298,116.80296147730132,0
2522,33.11951784655218,0,0,195,0.0,0.0,1.0,195,5150,3800,1350,0.7378640776699029,65,38,27,214.6353295712108,0.4276841571944665,0.7730850476097619,0.13768071140787455,1115477.5888024557,3734.179980383083,1119211.7687828387,2520,5,1058.4205128205128,75,120,39,34.889892268694545,0.63,40.46052631578948,8595.822230568987,114.61096307425316,0
2523,33.541700948559196,2,0,197,0.01015228426395939,0.0,1.0,197,4950,3400,1550,0.6868686868686869,65,34,31,211.43080490362934,0.4293537846610726,0.7736858137658562,0.13628421819558734,1131171.9931080334,3482.9209974547434,1134654.9141054882,2521,0,1048.6649746192893,77,120,40,34.800086988567216,0.6308170995670996,40.29113247863247,8711.07716809066,113.13087231286572,0
2524,33.78802619249669,0,0,197,0.0,0.0,1.0,197,5850,4500,1350,0.7692307692307693,72,45,27,213.69742646107218,0.42920486722607826,0.7753257143975845,0.13825086952862364,1140599.389406061,3498.6308278289425,1144098.02023389,2522,1,1049.6649746192893,78,119,42,34.61086301972327,0.6316773504273504,40.16350210970463,8779.362396483879,112.55592816004973,0
2525,33.69641118053834,0,0,197,0.0,0.0,1.0,197,5300,3400,1900,0.6415094339622641,72,34,38,216.37735281846653,0.42897609551434784,0.7769879522361522,0.14032893817291195,1138254.3423833773,4558.492287807932,1142812.8346711851,2523,2,1050.6649746192893,79,118,42,34.45400427478877,0.6321202531645569,40.078125,8758.434374816488,110.86625790906947,0
2526,33.45359911786002,0,0,197,0.0,0.0,1.0,197,5500,3800,1700,0.6909090909090909,72,38,34,217.50275645208998,0.42879156738837665,0.7783961840946889,0.1415553021634276,1131111.9931397971,4303.995272784439,1135415.9884125816,2524,3,1051.6649746192893,80,117,43,34.30025303727149,0.6329427083333333,39.9562757201646,8699.398505172903,108.74248131466129,0
2527,32.96360342975822,0,0,197,0.0,0.0,1.0,197,6200,4500,1700,0.7258064516129032,79,45,34,217.17462927575855,0.4283879795573051,0.7793661253321127,0.14198493237967927,1115890.664201176,2868.6282620339766,1118759.29246321,2525,4,1052.6649746192893,81,116,34,34.14838931471624,0.634130658436214,39.79928861788617,8577.153062140955,105.89077854495005,0
2528,32.98723219644798,0,0,197,0.0,0.0,1.0,197,5700,4300,1400,0.7543859649122807,71,43,28,198.76734766284446,0.42868149797990257,0.7661108522041498,0.12203834704815393,1097725.9243666248,-1461.5859105804388,1096264.3384560444,2526,5,1053.6649746192893,79,118,37,36.890393933276144,0.6124736286919832,42.01822916666666,8510.104576929973,107.72284274594902,8
2529,32.51894235586924,0,0,197,0.0,0.0,1.0,197,5450,4000,1450,0.7339449541284404,69,40,29,200.10658917653353,0.42859948547947097,0.7668398840316986,0.12335809146042291,1083366.0189235166,-1492.26422469124,1081873.7546988253,2527,6,1054.6649746192893,80,117,39,36.707125182675654,0.6135416666666667,41.87242798353908,8394.035634863754,104.92544543579693,0
2530,32.38843282962231,1,0,198,0.005050505050505051,0.0,1.0,198,4450,2900,1550,0.651685393258427,60,29,31,198.87722522676307,0.42941310311234165,0.7670311295256631,0.12317460645176087,1080424.02593744,-1075.6535306467504,1079348.3724067933,2528,0,1050.3333333333333,82,116,43,36.56740440211846,0.6144563008130082,41.704317269076306,8365.79237031196,102.02185817453609,0
2531,32.414580135002815,1,0,199,0.005025125628140704,0.0,1.0,199,5850,3700,2150,0.6324786324786325,80,37,43,195.7624306773474,0.4296196893558703,0.7656331617798899,0.12208099320130068,1083356.7488909573,-3233.8899092794554,1080122.8589816778,2529,0,1046.0502512562814,69,130,44,36.39705882352939,0.6228864734299517,41.458333333333336,8380.51957240386,121.4568053971574,0
2532,32.691491375392836,0,0,199,0.0,0.0,1.0,199,5100,3400,1700,0.6666666666666666,68,34,34,194.41549550360787,0.42948010253286634,0.7644609699822473,0.12154465150549286,1093366.430986616,-2386.524710545193,1090979.906276071,2530,1,1047.0502512562814,69,130,46,36.34086114307631,0.623792270531401,41.36904761904761,8455.03154917153,122.53668911842797,0
2533,32.230726650188195,1,1,199,0.005,0.005,0.995,200,5450,3700,1750,0.6788990825688074,72,37,35,189.33558014614147,0.42964353015075374,0.7591531617413398,0.11892995423551112,1079360.2924863717,-4577.738567076567,1074782.553919295,2531,0,1042.81,75,125,46,36.30066553684284,0.6225,41.200657894736864,8341.290852643331,111.21721136857775,0
2534,32.41474348752013,0,0,199,0.0,0.0,1.0,199,5250,3800,1450,0.7238095238095238,67,38,29,189.86757829042344,0.4296387239226435,0.7581892322037629,0.11956221934004134,1086266.5113851023,-3800.6416210645184,1082465.8697640377,2532,1,1042.9045226130654,76,123,45,36.19656947274915,0.6229440789473684,41.11201298701301,8391.78769102647,110.41825909245354,0
2535,32.45220987014231,0,1,198,0.0,0.005025125628140704,0.9949748743718593,199,4900,3400,1500,0.6938775510204082,64,34,30,190.06466714075398,0.429552010896232,0.7591707033154378,0.11986912005737037,1087976.7393238696,-3342.81263670498,1084633.9266871647,2533,2,1043.9045226130654,76,123,45,36.13632603660556,0.6234923245614035,41.05790043290045,8403.24335936685,110.56899157061645,0
2536,32.47720325094063,2,1,199,0.01,0.005,0.995,200,5450,4200,1250,0.7706422018348624,67,42,25,188.12506375718894,0.43001832077051927,0.7576479418886206,0.11938483609667987,1090661.765667895,-4413.837159239677,1086247.9285086554,2534,0,1039.525,82,118,41,35.962873284907225,0.6232215447154472,40.83835341365463,8416.84547103321,102.64445696381964,0
2537,32.71358591870521,0,0,199,0.0,0.0,1.0,199,5450,3700,1750,0.6788990825688074,72,37,35,191.419261479305,0.4295710454630053,0.7620137992689404,0.12195541613443885,1099778.3954355894,-3146.2463509646986,1096632.1490846246,2535,1,1045.748743718593,83,116,43,35.73589191774269,0.6242469879518072,40.69940476190477,8482.652301092867,102.200630133649,0
2538,32.62612413986909,0,1,198,0.0,0.005025125628140704,0.9949748743718593,199,6000,4300,1700,0.7166666666666667,77,43,34,193.10152515698044,0.4297962878364889,0.7635416395013437,0.12407221061220722,1099348.962172198,-3342.80774496118,1096006.1544272369,2536,2,1046.748743718593,74,125,43,35.3899158240151,0.631052927927928,40.402777777777764,8469.65119858737,114.45474592685635,0
2539,32.35501582817615,0,1,197,0.0,0.005050505050505051,0.9949494949494949,198,6200,3800,2400,0.6129032258064516,86,38,48,192.18283927836998,0.4290937078056367,0.760469330208069,0.123735202878431,1090815.1831592263,-3872.8081945010804,1086942.3749647252,2537,3,1053.0,77,121,46,35.34080778989234,0.6304112554112554,40.33119658119657,8401.588244698916,109.11153564544047,0
2540,32.06134087610217,0,1,196,0.0,0.005076142131979695,0.9949238578680203,197,5150,3700,1450,0.7184466019417476,66,37,29,192.38893144254757,0.42886278877033046,0.7603548836433598,0.12410521816338628,1081470.2252844989,-2937.419794116894,1078532.805490382,2538,4,1057.2893401015228,77,120,44,35.267398066738636,0.6310876623376623,40.264423076923066,8327.470869381797,108.14897232963374,0
2541,31.637521314848186,2,0,198,0.010101010101010102,0.0,1.0,198,5450,3700,1750,0.6788990825688074,72,37,35,189.57746464172544,0.429096378334957,0.7585057143261922,0.12304045852104643,1068919.8385851919,-4521.377419155603,1064398.4611660363,2539,0,1052.8232323232323,79,119,47,35.124056635276816,0.6323839662447257,40.052083333333314,8224.107754292,104.10262980116455,0
2542,31.528250228365263,0,2,196,0.0,0.010101010101010102,0.98989898989899,198,4850,3200,1650,0.6597938144329897,65,32,33,192.45581942642264,0.4286920601958673,0.761777069211977,0.12527068615193254,1066050.5996257176,-3416.471659800868,1062634.1279659166,2540,1,1053.8232323232323,81,117,38,34.94694730757326,0.6325874485596708,39.9517276422764,8198.867002348345,101.22058027590549,0
2543,31.290101467364487,0,0,196,0.0,0.0,1.0,196,5750,4200,1550,0.7304347826086957,73,42,31,194.30352168175895,0.42804105616605614,0.7619903762118043,0.12650372876524532,1058065.8176016177,-3832.8170937833147,1054233.0005078344,2541,2,1065.341836734694,80,116,38,34.89042462005076,0.6330729166666667,39.94341563786007,8137.196911947562,101.71496139934452,0
2544,30.962478445053907,0,0,196,0.0,0.0,1.0,196,5600,4100,1500,0.7321428571428571,71,41,30,195.38178882322327,0.4276703950811094,0.7637667070585608,0.1274423554507356,1047505.1496438568,-3867.314012209328,1043637.8356316475,2542,3,1066.341836734694,80,116,40,34.7968268486017,0.6337239583333334,39.879115226337426,8053.98728791282,100.67484109891025,0
2545,31.106186955205438,0,1,195,0.0,0.00510204081632653,0.9948979591836735,196,4050,2800,1250,0.691358024691358,53,28,25,194.98487287669784,0.4276060744810745,0.7634290716433068,0.1273838973329386,1052807.3943012934,-2193.6968117031834,1050613.6974895902,2543,4,1067.341836734694,81,115,40,34.751670247221014,0.6338734567901234,39.8246951219512,8093.061674664109,99.91434166251986,0
2546,31.11106885883681,1,0,196,0.00510204081632653,0.0,1.0,196,4700,2700,2000,0.574468085106383,67,27,40,190.81883007129713,0.42773744113029827,0.758445310380834,0.12513208566156125,1054023.16428847,-3674.5065844857395,1050348.6577039843,2544,0,1066.6275510204082,83,113,42,34.72782978419318,0.6344126506024097,39.69494047619045,8098.368631148799,97.57070639938313,0
2547,31.1323846833801,1,0,197,0.005076142131979695,0.0,1.0,197,5800,4200,1600,0.7241379310344828,74,42,32,188.32665019690734,0.42808798646362095,0.7570775900418967,0.12421280818481747,1056353.8637171846,-5412.083084716447,1050941.7806324682,2545,0,1062.208121827411,71,126,40,34.59055314895033,0.641725352112676,39.49652777777778,8110.094308578451,114.2266804025134,0
2548,30.954545228373764,0,0,197,0.0,0.0,1.0,197,5250,3700,1550,0.7047619047619048,68,37,31,190.37199704895895,0.4281516540626403,0.7595678655681994,0.12577401565853813,1050786.2929073202,-4641.942989512286,1046144.349917808,2546,1,1063.208121827411,71,126,43,34.478299093096446,0.64231220657277,39.438657407407405,8065.557864048193,113.59940653589004,0
2549,31.45784579003681,0,1,196,0.0,0.005076142131979695,0.9949238578680203,197,5200,3600,1600,0.6923076923076923,68,36,32,191.01712099668353,0.4280750371214475,0.760444326380266,0.12661468673321552,1068791.0368082104,-3768.5226403670276,1065022.5141678434,2547,2,1064.208121827411,72,125,45,34.34717356397342,0.6429398148148149,39.32648401826484,8200.22726730013,113.89204537916847,0
2550,31.936295878606693,0,0,196,0.0,0.0,1.0,196,6400,4700,1700,0.734375,81,47,34,190.79371258288836,0.4278813448456305,0.7587809735293098,0.12697650527068086,1086189.8148121084,-4152.362532455565,1082037.452279653,2548,3,1068.7244897959183,73,123,43,34.21308290155441,0.6438356164383562,39.18918918918919,8329.33122239337,114.10042770401877,0
2551,31.566982943680078,0,0,196,0.0,0.0,1.0,196,6250,4600,1650,0.736,79,46,33,184.93967949450504,0.42778758939473227,0.7495494380958487,0.12368188175203086,1074994.1300698705,-5688.1860252807655,1069305.9440445898,2549,4,1069.7244897959183,79,117,44,34.196945317567206,0.6428006329113924,39.0234375,8238.242697137759,104.28155312832607,0
2552,31.52392812901796,0,0,196,0.0,0.0,1.0,196,4850,3600,1250,0.7422680412371134,61,36,25,186.41137704391144,0.4275139542996686,0.7516392059611763,0.1251000738071462,1074497.4085411876,-3990.2916887446117,1070507.116852443,2550,5,1070.7244897959183,82,114,36,34.038526244952884,0.6427845528455285,38.90562248995984,8230.720391517192,100.37463892094136,0
2553,31.506104918538803,0,0,196,0.0,0.0,1.0,196,4250,2800,1450,0.6588235294117647,57,28,29,183.9657252420467,0.42719780219780223,0.7478996824731554,0.12378249014281305,1074618.6303545847,-3911.4008616408682,1070707.2294929437,2551,6,1071.7244897959183,86,110,38,34.012178723144174,0.6421996124031008,38.81704980842911,8228.857431669103,95.6843887403384,0
2554,31.760256460683536,0,0,196,0.0,0.0,1.0,196,4650,3000,1650,0.6451612903225806,63,30,33,186.82426520666252,0.4270975056689343,0.7523178129795647,0.12610782368094658,1084181.3666933272,-3339.7225633526996,1080841.6441299745,2552,7,1072.7244897959183,86,110,39,33.82774671982158,0.6432897286821706,38.70929118773947,8298.659922671191,96.49604561245572,0
2555,31.948361908791274,0,1,195,0.0,0.00510204081632653,0.9948979591836735,196,5850,3600,2250,0.6153846153846154,81,36,45,186.23972694052708,0.42675137362637366,0.7522625939667231,0.1262075596649755,1091705.7471233252,-4386.20395126943,1087319.5431720559,2553,8,1073.7244897959183,87,109,42,33.70844653233719,0.6442768199233717,38.57717803030304,8352.030927505413,96.00035548856796,0
2556,31.867932901994536,0,1,194,0.0,0.005128205128205128,0.9948717948717949,195,4700,3100,1600,0.6595744680851063,63,31,32,183.7875611460515,0.4266036655211913,0.7479137773477396,0.1248812915479583,1089710.1309504379,-3644.966535294808,1086065.164415143,2554,9,1079.7179487179487,75,120,44,33.680555555555564,0.65,38.486842105263165,8333.883768778192,111.1184502503759,0
2557,31.68782066430309,0,2,192,0.0,0.010309278350515464,0.9896907216494846,194,4900,3600,1300,0.7346938775510204,62,36,26,182.7251425009953,0.4263661129213183,0.7449152054391353,0.12440751251405845,1084105.9655739078,-4081.3165908654682,1080024.6489830425,2555,10,1085.819587628866,76,118,44,33.64018756033651,0.6502192982456141,38.419913419913435,8288.902872902696,109.0645114855618,0
2558,31.9476447322778,0,0,192,0.0,0.0,1.0,192,5050,3900,1150,0.7722772277227723,62,39,23,185.2532105109915,0.4247819635325771,0.7462666701578005,0.12670470300565495,1094268.7881041847,-2906.638768345646,1091362.149335839,2556,11,1097.75,75,117,43,33.41886608015639,0.6522222222222223,38.267543859649116,8361.735523678393,111.48980698237858,0
2559,32.3071671344342,0,0,192,0.0,0.0,1.0,192,5550,3600,1950,0.6486486486486487,75,36,39,181.6996235143949,0.4246121018760907,0.7414193186454507,0.1247467163119838,1107653.203248087,-3697.965997061766,1103955.2372510254,2557,12,1098.75,77,115,44,33.3830579355365,0.6525974025974026,38.14102564102564,8459.921650266908,109.86911234112867,0
2560,31.89422221952479,0,0,192,0.0,0.0,1.0,192,5100,3500,1600,0.6862745098039216,67,35,32,180.2264974122646,0.42449280104712045,0.7389680912869856,0.12401531416530442,1094123.356009085,-4061.9959619060637,1090061.3600471788,2558,13,1099.75,80,112,43,33.34509606572402,0.6520833333333333,38.06584362139918,8354.186190422863,104.42732738028579,0
2561,31.79118220709022,1,2,191,0.0051813471502590676,0.010362694300518135,0.9896373056994818,193,4150,2800,1350,0.6746987951807228,55,28,27,177.4399460962614,0.42470067825273455,0.7365093207233548,0.12254464841043801,1091598.3320047606,-4011.3701620612032,1087586.9618426994,2559,0,1095.0466321243523,81,112,47,33.29470446135703,0.6529063786008231,37.94461382113822,8331.050530361603,102.85247568347658,0
2562,32.247525703680544,0,1,190,0.0,0.005235602094240838,0.9947643979057592,191,4200,2800,1400,0.6666666666666666,56,28,28,178.81344588916335,0.4239195829888858,0.7349404522179372,0.12380887503412748,1107982.0367200782,-2775.5828061577563,1105206.4539139206,2560,1,1105.3979057591623,80,111,42,33.172668105703806,0.6541666666666667,37.860082304526756,8453.363733845496,105.6670466730687,0
2563,32.508128821816904,0,0,190,0.0,0.0,1.0,190,5100,3800,1300,0.7450980392156863,64,38,26,180.94446697914773,0.4239777684953123,0.7368227254181965,0.12549374322747367,1117406.4952323686,-2662.2954642282734,1114744.1997681402,2561,2,1110.3526315789475,81,109,42,33.06060239018088,0.654320987654321,37.804878048780495,8523.472800842253,105.22805926965745,0
2564,32.88638556318958,0,1,189,0.0,0.005263157894736842,0.9947368421052631,190,4800,2600,2200,0.5416666666666666,70,26,44,180.66638385122715,0.4239174324700641,0.7360534965975931,0.12554938045295955,1130972.483769561,-1934.2582244225273,1129038.2255451384,2562,3,1111.3526315789475,86,104,42,33.00129732773312,0.6531007751937985,37.73946360153257,8624.801118008923,100.28838509312702,0
2565,32.509616710438436,0,0,189,0.0,0.0,1.0,189,5650,4100,1550,0.7256637168141593,72,41,31,180.98659825953763,0.42315964013659046,0.7358454040588616,0.12597116895008564,1118460.3731678573,-2964.7323544512356,1115495.640813406,2563,4,1118.111111111111,88,101,42,32.93975697542986,0.6529356060606061,37.687265917603,8527.686443285893,96.90552776461242,0
2566,32.63705751023927,0,1,188,0.0,0.005291005291005291,0.9947089947089947,189,4950,3600,1350,0.7272727272727273,63,36,27,214.13531486597472,0.4230974895868513,0.7682863152368502,0.1397920660867163,1104404.8933972586,4548.417917428937,1108953.3113146876,2564,5,1119.111111111111,81,108,39,34.27937358594981,0.633616255144033,39.850101626016254,8490.527194514594,104.82132338906906,8
2567,32.11382732196975,0,0,188,0.0,0.0,1.0,188,6250,4300,1950,0.688,82,43,39,214.01484088818478,0.422686265028255,0.7688235532624466,0.14029267677211033,1087892.320643686,2715.02038120702,1090607.341024893,2565,6,1124.404255319149,83,105,40,34.13669207559154,0.6342871485943775,39.70734126984125,8358.993495636669,100.7107650076707,0
2568,31.92250135430751,1,1,188,0.005291005291005291,0.005291005291005291,0.9947089947089947,189,4800,2900,1900,0.6041666666666666,67,29,38,211.21759558786204,0.4228500600397764,0.7670190763241651,0.13930124105306455,1083143.8259372755,3155.806918062096,1086299.6328553376,2566,0,1119.4497354497355,73,116,40,33.99663172304478,0.6406963470319635,39.49887387387389,8315.847551559933,113.91571988438264,0
2569,31.623176659853648,0,0,188,0.0,0.0,1.0,188,4550,3100,1450,0.6813186813186813,60,31,29,189.8859869006917,0.42225603974665304,0.7454957440187846,0.12651629576431062,1075859.9460655972,-1291.8544748817012,1074568.0915907156,2567,1,1126.2925531914893,76,112,48,34.197265152300915,0.6428179824561404,39.15043290043291,8248.891942035987,108.53805186889457,8
2570,31.3820232225263,0,0,188,0.0,0.0,1.0,188,5500,4200,1300,0.7636363636363637,68,42,26,193.70291370260455,0.42215707607994846,0.7499967337126587,0.12954628129966803,1068703.6439832475,-1697.7980551707724,1067005.8459280767,2568,2,1127.2925531914893,77,111,48,33.967224439668406,0.6436688311688312,39.0224358974359,8190.00397722501,106.36368801590922,0
2571,31.560596373914667,0,0,188,0.0,0.0,1.0,188,4200,3000,1200,0.7142857142857143,54,30,24,193.56452371742932,0.4217043321196951,0.7498896541187126,0.12994808818565867,1075849.3777460586,-150.74552097814012,1075698.6322250804,2569,3,1128.2925531914893,79,109,38,33.83912839309164,0.6441191983122363,38.89322916666668,8240.685404767099,104.31247347806453,0
2572,32.07480562314518,0,0,188,0.0,0.0,1.0,188,5150,4000,1150,0.7766990291262136,63,40,23,194.49501115801357,0.42156625706375395,0.7513885037682029,0.13104834238051824,1094407.4910429998,-178.640563635312,1094228.8504793644,2570,4,1129.2925531914893,81,107,41,33.689538351812224,0.6445473251028806,38.77032520325206,8378.891042103185,103.4430992852245,0
2573,31.749504857066068,0,0,188,0.0,0.0,1.0,188,5650,4500,1150,0.7964601769911505,68,45,23,194.3418205592528,0.42146729339704936,0.7510844278582829,0.13125547573155777,1083970.4374926786,-1117.8423490522955,1082852.5951436264,2571,5,1130.2925531914893,83,105,43,33.61213933181473,0.6445783132530121,38.69047619047621,8296.447995388156,99.95720476371272,0
2574,31.83822498319923,0,1,187,0.0,0.005319148936170213,0.9946808510638298,188,5250,4000,1250,0.7619047619047619,65,40,25,195.01415279733098,0.4212782550157394,0.7521651835752092,0.13196400978195102,1087540.2814431395,-432.8506762790166,1087107.4307668605,2572,6,1131.2925531914893,86,102,43,33.528305848221095,0.6441375968992248,38.62547892720307,8321.700806791665,96.76396286967052,0
2575,32.030974728665335,0,1,186,0.0,0.0053475935828877,0.9946524064171123,187,5050,3400,1650,0.6732673267326733,67,34,33,196.89486927408382,0.4205959020949533,0.7539402043232506,0.13363015998566014,1094954.3781294848,668.179828578377,1095622.5579580632,2573,14,1138.3101604278074,67,120,44,33.378065987072056,0.6537624378109452,38.526348039215705,8375.255938167762,125.00381997265316,0
2576,32.07484022653026,0,0,186,0.0,0.0,1.0,186,5500,3400,2100,0.6181818181818182,76,34,42,203.82002351594824,0.42010195679550516,0.756578753595776,0.13226161762980201,1083645.8242970316,1473.7434782357595,1085119.5677752674,2574,15,1143.3978494623657,78,108,37,34.75987876635895,0.6327457264957265,40.058016877637115,8337.597576817172,106.89227662586119,8
2577,31.946109284572312,0,0,186,0.0,0.0,1.0,186,6350,4800,1550,0.7559055118110236,79,48,31,202.0721661349262,0.4198216361522813,0.7542896475478251,0.13195351584601472,1081103.4146121687,142.18176130898064,1081245.5963734777,2575,16,1144.3978494623657,80,106,34,34.58343631570275,0.6341145833333333,39.84053497942385,8311.082700963147,103.88853376203933,0
2578,32.287423084830586,0,1,185,0.0,0.005376344086021506,0.9946236559139785,186,5200,3500,1700,0.6730769230769231,69,35,34,200.69316543891213,0.41945352610675196,0.7537391577872088,0.13151260847322196,1093668.8579751123,1498.3730097968214,1095167.230984909,2576,17,1145.3978494623657,83,103,35,34.496095176838665,0.6341616465863453,39.71974206349204,8403.778808624807,101.25034709186515,0
2579,32.13640300856595,0,0,185,0.0,0.0,1.0,185,4400,3000,1400,0.6818181818181818,58,30,28,201.42325736194869,0.41908906188797496,0.7531752018408979,0.13237364519546221,1089386.998194766,2485.57554082867,1091872.5737355947,2577,18,1152.2324324324325,84,101,37,34.375441238763116,0.634796626984127,39.62009803921566,8367.673464742591,99.61516029455466,0
2580,32.60621262678827,0,0,185,0.0,0.0,1.0,185,5900,4300,1600,0.7288135593220338,75,43,32,200.28558426649542,0.4188246670583627,0.7509982146666805,0.13207874009026185,1106314.4851751504,1415.768609158561,1107730.253784309,2578,19,1153.2324324324325,76,109,37,34.284768383880355,0.6392543859649122,39.50216450216451,8493.847813060565,111.76115543500744,0
2581,32.816194489992455,0,0,185,0.0,0.0,1.0,185,5600,4200,1400,0.75,70,42,28,201.03098119518742,0.4186178025851939,0.752304453986697,0.13277972214743886,1113901.7094351253,2185.7507205480447,1116087.4601556733,2579,20,1154.2324324324325,76,109,37,34.210150571131884,0.6398026315789473,39.448051948051955,8550.323402019156,112.50425528972573,0
2582,32.35828524865452,0,1,184,0.0,0.005405405405405406,0.9945945945945946,185,5650,4300,1350,0.7610619469026548,70,43,27,200.41520749320443,0.4182175381903643,0.7526124349293493,0.13273976633797108,1099157.1309664224,1407.5608940542957,1100564.6918604767,2580,21,1155.2324324324325,76,109,37,34.1295998339129,0.6407620614035088,39.353354978354986,8434.078488715208,110.97471695677905,0
2583,32.72240463737181,0,0,184,0.0,0.0,1.0,184,4700,3300,1400,0.7021276595744681,61,33,28,207.88916489515435,0.41824562445553176,0.7630746344631485,0.12777703757947811,1089242.9611671497,3788.361912992719,1093031.3230801425,2581,22,1160.2445652173913,79,105,37,36.615193109944826,0.6128691983122363,41.979166666666664,8443.062113205198,106.87420396462277,8
2584,32.95751127200304,0,0,184,0.0,0.0,1.0,184,4550,3200,1350,0.7032967032967034,59,32,27,206.9035949850212,0.41822644432565137,0.7620765813194994,0.12737737683986947,1097566.0149960434,4068.070847213085,1101634.0858432564,2582,23,1161.2445652173913,81,103,39,36.58097886723109,0.6126543209876543,41.920731707317074,8505.650393826398,105.00802955341231,0
2585,33.35835062035709,0,0,184,0.0,0.0,1.0,184,4250,2900,1350,0.6823529411764706,56,29,27,208.0051230090939,0.41810765126316624,0.7634804694894939,0.12207455685968119,1095858.520012787,4538.837251164662,1100397.3572639518,2583,24,1162.2445652173913,69,115,38,38.34391630382196,0.6003925120772946,43.67559523809524,8550.55936660195,123.92115024060797,8
2586,33.63490436783923,0,0,184,0.0,0.0,1.0,184,5700,3800,1900,0.6666666666666666,76,38,38,228.20626739134215,0.41838359764789734,0.7769638285248615,0.12856143086392835,1091629.586675793,7323.342669846991,1098952.92934564,2584,25,1163.2445652173913,76,108,39,39.410432043045,0.5812774122807017,45.22456709956708,8569.34732088086,112.75457001159025,8
2587,33.07747999333519,3,1,186,0.016042780748663103,0.0053475935828877,0.9946524064171123,187,4200,2800,1400,0.6666666666666666,56,28,28,224.12950564692267,0.42106788952139995,0.7785283343619054,0.12715027083563818,1075795.9052225996,6623.520882904673,1082419.4261055044,2585,0,1145.566844919786,81,106,36,39.24053851006952,0.5819187242798354,44.956808943089406,8436.186049621261,104.15044505705261,0
2588,32.942788478315215,0,0,186,0.0,0.0,1.0,186,5350,4300,1050,0.8037383177570093,64,43,21,225.80541593954064,0.4200456504891989,0.7798782632680805,0.1283262720069176,1071979.1266982607,5861.738516520907,1077840.8652147816,2586,1,1152.725806451613,84,102,38,39.129177274983554,0.5814732142857143,44.88970588235292,8404.044457758377,100.04814830664733,0
2589,32.73013000948104,1,1,186,0.0053475935828877,0.0053475935828877,0.9946524064171123,187,5550,4200,1350,0.7567567567567568,69,42,27,252.90541982263238,0.4211337760910816,0.8059009323517732,0.13841676937206507,1052934.8728658683,10308.587213606139,1063243.4600794744,2587,0,1147.5561497326203,62,125,35,39.93084979249501,0.5774529569892473,46.34589947089945,8302.131687755387,133.90534980250624,8
2590,32.34541286346378,5,2,189,0.02617801047120419,0.010471204188481676,0.9895287958115183,191,6350,4900,1450,0.7716535433070866,78,49,29,212.8960397224791,0.42595182327546616,0.7732852543906887,0.11722107247370225,1042485.6683829532,-161.78594676558623,1042323.8824361876,2588,0,1120.151832460733,74,117,37,40.7059172137126,0.5731981981981982,46.11111111111111,8212.14093255718,110.97487746698893,8
2591,32.30259324200053,2,0,191,0.010471204188481676,0.0,1.0,191,5300,3900,1400,0.7358490566037735,67,39,28,212.53455028673494,0.4265833103701662,0.7747482944749962,0.1177430683548131,1043068.2487540893,837.6082334646544,1043905.856987554,2589,0,1120.8429319371728,80,111,40,40.470813724001836,0.573046875,45.871913580246925,8208.996206985274,102.61245258731591,0
2592,32.76069681306335,3,0,194,0.015463917525773196,0.0,1.0,194,5950,4300,1650,0.7226890756302521,76,43,33,203.70372039704563,0.42862182397663945,0.7690261610479092,0.11366937404407385,1060194.112669251,-1556.9029812456001,1058637.2096880053,2590,0,1104.4948453608247,68,126,42,40.40939749980222,0.5814950980392157,45.59178743961355,8334.590318444241,122.56750468300355,0
2593,32.48697835254175,8,3,199,0.039603960396039604,0.01485148514851485,0.9851485148514851,202,5200,3500,1700,0.6730769230769231,69,35,34,193.24800135498316,0.43300873930676653,0.7672987374137981,0.10964498900408427,1056631.199091674,-4761.626521242821,1051869.5725704313,2591,0,1061.7128712871288,77,125,41,40.02316996544142,0.5836038961038961,44.95192307692309,8285.741353857426,107.60703056957695,0
2594,32.00909915408335,2,1,200,0.009950248756218905,0.004975124378109453,0.9950248756218906,201,5550,3500,2050,0.6306306306306306,76,35,41,189.93294988425137,0.43345460199004976,0.7621649252873646,0.10850995383735311,1043236.1344040395,-6121.016713359057,1037115.1176906804,2592,0,1067.0796019900497,70,131,45,39.83976937516761,0.5895833333333333,44.688967136150275,8172.276166070491,116.74680237243558,0
2595,32.233815671518286,5,0,205,0.024390243902439025,0.0,1.0,205,4950,3000,1950,0.6060606060606061,69,30,39,181.45703872366093,0.43589291407619957,0.7557368278926142,0.10478104274670347,1053893.8946057719,-7702.7069511777645,1046191.1876545941,2593,0,1045.4439024390244,77,128,50,39.64404463477476,0.5903679653679654,44.28418803418806,8242.696347198684,107.04800450907382,0
2596,31.805965217412346,0,0,205,0.0,0.0,1.0,205,4750,3200,1550,0.6736842105263158,63,32,31,180.57519060493712,0.4360573091025028,0.7555696468476032,0.10453060671011181,1040665.663078275,-8166.319906725099,1032499.34317155,2594,1,1046.4439024390244,77,128,52,39.571423910206235,0.591314935064935,44.19070512820516,8136.261534983163,105.66573422056057,0
2597,31.613322137403564,2,1,206,0.00966183574879227,0.004830917874396135,0.9951690821256038,207,6050,4400,1650,0.7272727272727273,77,44,33,186.46916344044516,0.4366391507590326,0.7622039511387528,0.10807321815999167,1034731.2559117636,-8860.905664890255,1025870.3502468733,2595,0,1037.3236714975844,86,121,37,39.37421030464688,0.5882994186046512,44.14511494252875,8088.422901750246,94.05142909011914,8
2598,32.10194094735175,0,2,204,0.0,0.009708737864077669,0.9902912621359223,206,5800,4000,1800,0.6896551724137931,76,40,36,190.05068155044458,0.4362400347304444,0.7660546174872198,0.11047462198513003,1051636.2572233854,-7027.162514307147,1044609.0947090782,2596,1,1043.3446601941748,87,119,40,39.169441361450225,0.5890804597701149,44.03409090909093,8217.002498171625,94.44830457668535,0
2599,32.32353810365717,2,3,203,0.009708737864077669,0.014563106796116505,0.9854368932038835,206,5500,4100,1400,0.7454545454545455,69,41,28,189.47217299515222,0.43670277843555133,0.7609623437600637,0.1072988032481521,1050717.0201908655,-6883.672596289357,1043833.3475945762,2597,0,1044.3058252427184,84,122,42,40.19343378512607,0.580109126984127,45.024509803921546,8241.709972851544,98.11559491489933,8
2600,32.103319203299165,1,0,204,0.004901960784313725,0.0,1.0,204,5200,3600,1600,0.6923076923076923,68,36,32,188.37665722088553,0.435504805370424,0.7580846865211792,0.10716052617763805,1044969.2233023843,-6630.438163118525,1038338.7851392657,2598,0,1055.2696078431372,85,119,46,40.045840256349344,0.5814950980392157,44.85222868217053,8191.090346626616,96.36576878384254,0
2601,32.42747865317841,0,0,204,0.0,0.0,1.0,204,5500,3600,1900,0.6545454545454545,74,36,38,188.1945844312925,0.43531212772465305,0.7581840821035846,0.1073460962407248,1056371.3253765772,-6539.327483124124,1049831.997893453,2599,1,1056.2696078431372,73,131,48,39.94575957278628,0.5874714611872146,44.74943693693695,8277.132184939288,113.38537239642861,0
2602,32.54799549074679,2,3,203,0.009708737864077669,0.014563106796116505,0.9854368932038835,206,5000,3400,1600,0.68,66,34,32,182.39155071968588,0.43668847186044674,0.7524833890899492,0.10462628227105301,1062084.0490943666,-7456.968658207042,1054627.0804361596,2600,0,1047.004854368932,80,126,47,39.87498951254297,0.5865885416666667,44.534465020576135,8314.891080551517,103.93613850689397,0
2603,32.288998893255076,3,2,204,0.014563106796116505,0.009708737864077669,0.9902912621359223,206,6600,4400,2200,0.6666666666666666,88,44,44,177.60392297092685,0.4366963651432631,0.7458484208174696,0.10234303406556738,1055049.5950184034,-10323.810599168743,1044725.7844192346,2601,0,1047.8398058252428,84,122,45,39.8225271652285,0.5868055555555556,44.36274509803922,8254.271040604192,98.26513143576419,0
2604,32.06095866171232,5,4,205,0.023923444976076555,0.019138755980861243,0.9808612440191388,209,5650,3800,1850,0.672566371681416,75,38,37,174.38999356543525,0.4384757238375659,0.7469702759933825,0.10165487080298352,1051154.5780821298,-10787.831978395536,1040366.7461037342,2602,0,1029.7033492822966,92,117,44,39.46359315312162,0.5885416666666667,43.929211469534074,8209.87496554742,89.23777136464587,0
2605,31.87972243918699,1,2,204,0.0048543689320388345,0.009708737864077669,0.9902912621359223,206,6050,4200,1850,0.6942148760330579,79,42,37,181.3918778414506,0.4366105256926356,0.7536980785514296,0.10643895536595448,1047235.9577866521,-9257.980614797892,1037977.9771718542,2603,0,1045.626213592233,75,131,42,39.03205933729033,0.5973611111111111,43.68146929824562,8171.363614792164,108.95151486389553,8
2606,32.15614334816262,1,1,204,0.004878048780487805,0.004878048780487805,0.9951219512195122,205,6250,4500,1750,0.72,80,45,35,179.44379469234727,0.43598656942451774,0.7499146561547811,0.10590369279653744,1058084.0692912815,-9276.675900570153,1048807.3933907114,2604,0,1051.7024390243903,80,125,44,38.863754093977654,0.5973958333333333,43.46707818930043,8249.109407267902,103.11386759084878,0
2607,32.55326935514224,2,1,205,0.009708737864077669,0.0048543689320388345,0.9951456310679612,206,5750,4100,1650,0.7130434782608696,74,41,33,179.88854815351843,0.4369213237035283,0.7505925632130686,0.10701276887830258,1073611.1654486486,-8323.929233207073,1065287.2362154415,2605,0,1047.5776699029127,82,124,44,38.55266158457131,0.5995934959349594,43.172690763052216,8360.568575346788,101.95815335788765,0
2608,32.123628858277556,2,3,204,0.00966183574879227,0.014492753623188406,0.9855072463768116,207,5700,4200,1500,0.7368421052631579,72,42,30,176.4315398949866,0.4378136578959711,0.7475111886122292,0.10564002624481492,1061418.0194567323,-9646.476870992285,1051771.54258574,2606,0,1041.792270531401,87,120,40,38.39777018004327,0.6002155172413793,42.93323863636365,8257.91723384489,94.91858889476885,0
2609,32.11798613833791,1,1,204,0.004878048780487805,0.004878048780487805,0.9951219512195122,205,5700,4000,1700,0.7017543859649122,74,40,34,173.68588206564098,0.4378048780487805,0.7403967187028435,0.10447006032229737,1062611.1410358143,-9787.889335283311,1052823.251700531,2607,0,1050.760975609756,89,116,42,38.2984158230221,0.6012406367041199,42.76620370370372,8261.831503756523,92.82956745793845,0
2610,32.068170768571115,4,1,207,0.019230769230769232,0.004807692307692308,0.9951923076923077,208,6700,5000,1700,0.746268656716418,84,50,34,175.59134823988833,0.43919982116313633,0.748549870029845,0.10672131855867176,1064102.3647605036,-10930.566221290388,1053171.7985392131,2608,0,1036.5721153846155,83,125,46,37.86243220692528,0.6071787148594378,42.38591269841266,8261.212543976797,99.53268125273249,0
2611,32.384097099649196,0,2,205,0.0,0.00966183574879227,0.9903381642512077,207,5700,4400,1300,0.7719298245614035,70,44,26,175.04151591384576,0.4387262948892328,0.7476680832516083,0.106791383562116,1075735.9338300163,-9440.31028387976,1066295.6235461365,2609,1,1042.502415458937,85,122,41,37.7363330200501,0.607843137254902,42.24806201550385,8347.063787312605,98.20075043897182,0
2612,32.678455473640156,4,2,207,0.019138755980861243,0.009569377990430622,0.9904306220095693,209,5700,3800,1900,0.6666666666666666,76,38,38,168.65408141953316,0.43934122346951293,0.7416817906836075,0.10384389875410048,1088314.6946262622,-10790.256976485944,1077524.4376497762,2610,0,1033.377990430622,91,118,40,37.56306484162499,0.6092032967032968,41.91576086956518,8433.794316872112,92.67905842716607,0
2613,32.46425695730288,2,1,208,0.009569377990430622,0.004784688995215311,0.9952153110047847,209,5900,4200,1700,0.711864406779661,76,42,34,166.30271986235877,0.43941310882100354,0.7386704778039233,0.10288035631517535,1082604.532886853,-11691.984329119798,1070912.5485577332,2611,0,1034.267942583732,91,118,45,37.451088386163335,0.6109203296703296,41.745923913043455,8384.02668635774,92.13216138854659,0
2614,32.27569068684692,0,1,207,0.0,0.004807692307692308,0.9951923076923077,208,7050,5500,1550,0.7801418439716312,86,55,31,169.87433601812086,0.4388712761674718,0.7434611078148021,0.10558690944275154,1077727.7520788913,-12034.34274145897,1065693.4093374324,2612,1,1040.173076923077,80,128,43,37.18669652484033,0.6165364583333333,41.576646090535,8340.79223703952,104.259902962994,0
2615,32.43337329110166,0,2,205,0.0,0.00966183574879227,0.9903381642512077,207,5650,4200,1450,0.7433628318584071,71,42,29,169.89843511620447,0.43797586104466646,0.741889297459807,0.10582379112885446,1083622.7087093953,-10228.839506777967,1073393.8692026173,2613,2,1046.1739130434783,81,126,45,37.10967574164171,0.6168981481481481,41.50152439024393,8383.977554632032,103.50589573619793,0
2616,32.135156115623005,0,0,205,0.0,0.0,1.0,205,4900,3000,1900,0.6122448979591837,68,30,38,167.95820875108055,0.4371712099473936,0.7367902252135154,0.10498806177351162,1074714.5592117582,-9798.573543216879,1064915.9856685414,2614,3,1056.6195121951218,81,124,46,37.03066416163208,0.6181841563786008,41.37449186991873,8310.971079242558,102.60458122521676,0
2617,32.28530332871938,2,3,204,0.00966183574879227,0.014492753623188406,0.9855072463768116,207,6250,4300,1950,0.688,82,43,39,165.18449250938062,0.43840091146444043,0.7353939395602447,0.10404554528184884,1082004.604197952,-11903.92371254934,1070100.6804854027,2615,0,1047.4009661835748,84,123,49,36.82636324907699,0.6197916666666667,41.10294117647062,8358.57007503104,99.5067866075124,0
2618,31.974292123031304,1,0,205,0.004878048780487805,0.0,1.0,205,4800,3600,1200,0.75,60,36,24,169.55563793350316,0.4375547983421011,0.7399783495327112,0.10709470568101298,1072393.1505246456,-9433.939049454468,1062959.2114751912,2616,0,1058.3268292682926,84,121,39,36.613494053815295,0.6207837301587302,41.00490196078435,8281.18492313912,98.58553479927525,0
2619,31.525254084284313,1,0,206,0.0048543689320388345,0.0,1.0,206,5250,3300,1950,0.6285714285714286,72,33,39,181.26565116957028,0.43812800931407375,0.7543795488175331,0.10928221714410052,1043689.6449404303,-8612.983378187324,1035076.661562243,2617,0,1054.1844660194174,76,130,43,38.01697246902552,0.6070449561403508,42.68127705627703,8112.038121444362,106.73734370321529,8
2620,31.54629022888045,1,0,207,0.004830917874396135,0.0,1.0,207,6100,4800,1300,0.7868852459016393,74,48,26,176.77037702087637,0.4386432390600816,0.7501767191070348,0.10734869526362041,1046539.2725580079,-10500.57164455373,1036038.7009134542,2618,0,1050.0869565217392,81,126,44,37.862839259588014,0.6076388888888888,42.41615853658534,8125.814621074751,100.31869902561421,0
2621,32.002863875563925,2,2,207,0.009569377990430622,0.009569377990430622,0.9904306220095693,209,5200,3700,1500,0.7115384615384616,67,37,30,173.39044381478394,0.43962493099006256,0.7459376878461834,0.10570764428872445,1062855.6501653288,-10142.197421357008,1052713.4527439717,2619,0,1041.0287081339713,83,126,44,37.80558830133603,0.6083082329317269,42.27430555555552,8247.960316540644,99.37301586193547,0
2622,32.04143164652034,0,0,207,0.0,0.0,1.0,207,5550,3700,1850,0.6666666666666666,74,37,37,173.7022231877153,0.4392070415709082,0.7441432181839818,0.10616930190073015,1064904.1045549272,-9954.757911417404,1054949.3466435098,2620,1,1049.9855072463768,84,123,44,37.70300567227554,0.6088789682539683,42.181372549019585,8260.87792867022,98.34378486512166,0
2623,32.407546191757895,2,1,208,0.009569377990430622,0.004784688995215311,0.9952153110047847,209,6200,4300,1900,0.6935483870967742,81,43,38,174.22235738202113,0.43980608207581895,0.7460143505947883,0.1071778609251889,1079026.4091022017,-10401.89506575173,1068624.51403645,2621,0,1040.9282296650717,88,121,35,37.45171519714561,0.6098484848484849,41.947565543071136,8362.846189558428,95.03234306316395,0
2624,32.013624123510205,0,2,206,0.0,0.009615384615384616,0.9903846153846154,208,5650,4700,950,0.831858407079646,66,47,19,178.33756511170208,0.4389956297225319,0.7507054574185907,0.10998828110735212,1066666.6393033487,-9204.653752152084,1057461.9855511966,2622,1,1046.8798076923076,87,121,36,37.25238444607479,0.6111111111111112,41.85606060606058,8264.123045519707,94.98992006344491,0
2625,32.149408259172816,1,0,207,0.004830917874396135,0.0,1.0,207,5500,3800,1700,0.6909090909090909,72,38,34,179.6424278364196,0.4383676891327799,0.7525322781744941,0.1110076962384012,1071769.0671218631,-8392.960540451017,1063376.106581412,2623,0,1052.9033816425122,86,121,38,37.147786639463355,0.6121608527131783,41.78639846743293,8301.414493741817,96.52807550862578,0
2626,32.59223497556775,2,0,209,0.009569377990430622,0.0,1.0,209,6300,4100,2200,0.6507936507936508,85,41,44,177.37620441583442,0.43919170193841245,0.7512578287715046,0.11040831008218827,1088730.886274779,-9477.009552458425,1079253.8767223204,2624,0,1043.8181818181818,80,129,40,36.94047796739473,0.6170572916666667,41.525205761316876,8424.271229088694,105.30339036360867,0
2627,32.46961662293989,0,0,209,0.0,0.0,1.0,209,5400,3700,1700,0.6851851851851852,71,37,34,174.44716448256142,0.4392712550607287,0.7481872635005486,0.10904420699111109,1085900.1148506175,-9313.560810604158,1076586.5540400133,2625,1,1044.8181818181818,81,128,44,36.86284321430329,0.6181841563786008,41.37449186991872,8397.471097896812,103.67248269008411,0
2628,32.94343061821226,0,1,208,0.0,0.004784688995215311,0.9952153110047847,209,5050,3600,1450,0.7128712871287128,65,36,29,173.26440230691128,0.43922237302171513,0.7471090640790587,0.10866130911132323,1102743.6544543337,-8636.7559626459,1094106.8984916878,2626,2,1045.8181818181818,83,126,44,36.774352983465164,0.6185993975903614,41.257440476190496,8523.867557651327,102.69719948977502,0
2629,33.216236886209714,1,1,208,0.004784688995215311,0.004784688995215311,0.9952153110047847,209,6000,4500,1500,0.75,75,45,30,172.55186621524507,0.43900000766777086,0.7466138392232569,0.10870309874302637,1113251.5581139862,-9381.273216080226,1103870.284897906,2627,0,1046.7607655502393,85,124,46,36.62997076023391,0.6194852941176471,41.09738372093025,8599.770632785094,101.17377215041287,0
2630,32.786625432250844,0,0,208,0.0,0.0,1.0,208,6100,4300,1800,0.7049180327868853,79,43,36,179.52131691230878,0.4383806360708535,0.754488003812879,0.11348103346644255,1099881.415995153,-8209.567950634744,1091671.8480445181,2628,1,1052.6057692307693,85,123,40,36.326231392720736,0.6207107843137255,40.9762596899225,8492.514351607184,99.91193354831981,0
2631,32.29703000008898,2,3,207,0.009523809523809525,0.014285714285714285,0.9857142857142858,210,5550,4000,1550,0.7207207207207207,71,40,31,182.01691935884344,0.43883477633477636,0.759056574654327,0.11601526483544433,1085901.9108918759,-8019.495890715434,1077882.4150011605,2629,0,1043.5714285714287,87,123,44,35.964199038359155,0.6229645593869733,40.68418560606064,8375.130636978653,96.26586939055923,0
2632,32.58508979402833,1,1,207,0.004807692307692308,0.004807692307692308,0.9951923076923077,208,5200,3500,1700,0.6730769230769231,69,35,34,182.2464320028014,0.4391736924005946,0.7572659913192259,0.11644587813231602,1096313.0752355838,-6840.170736059302,1089472.9044995245,2630,0,1046.5336538461538,77,131,46,35.870786998901735,0.6277056277056277,40.598290598290596,8452.62799357913,109.77438952700169,0
2633,32.861765902715646,0,2,205,0.0,0.00966183574879227,0.9903381642512077,207,6550,4500,2050,0.6870229007633588,86,45,41,182.11266087156707,0.43881032784578583,0.7546275694850415,0.11679116977130226,1106726.270093825,-7640.226819349769,1099086.0432744753,2631,1,1050.8309178743962,79,128,44,35.74235734831762,0.6281645569620253,40.46875,8528.655181939168,107.95766053087554,0
2634,32.764261245693,0,0,205,0.0,0.0,1.0,205,6750,5000,1750,0.7407407407407407,85,50,35,184.09290163094252,0.4385800255061374,0.7547914627952783,0.11837979206770917,1104244.3048837816,-7093.292360900285,1097151.0125228814,2632,2,1050.4,78,127,43,35.5949509057051,0.6295405982905983,40.37447257383966,8506.438606641545,109.05690521335313,0
2635,32.263149572821554,0,0,205,0.0,0.0,1.0,205,5200,3700,1500,0.7115384615384616,67,37,30,185.70486366291692,0.4384116451458632,0.7581343602909723,0.11989682945227152,1088529.306018143,-5770.962726562222,1082758.3432915807,2633,3,1051.4,79,126,44,35.410401002506305,0.6305379746835442,40.234375,8380.85721325247,106.08680016775278,0
2636,32.275862150868385,0,2,203,0.0,0.00975609756097561,0.9902439024390244,205,6600,4900,1700,0.7424242424242424,83,49,34,185.65916492730764,0.43864080184919496,0.7575633785894511,0.12020821353923816,1089787.004688789,-7134.210952169473,1082652.7937366194,2634,4,1052.4,82,123,46,35.31092034514957,0.6303353658536586,40.135542168674704,8387.349418874017,102.28474901065874,0
2637,32.00491410970195,0,1,202,0.0,0.0049261083743842365,0.9950738916256158,203,6500,4300,2200,0.6615384615384615,87,43,44,185.99167783813377,0.43759246614316605,0.7569660435701544,0.12083407269527291,1081621.6351050036,-6865.475460159085,1074756.1596448445,2635,5,1063.5320197044334,83,120,45,35.18190038953813,0.6311495983935743,40.0173611111111,8320.722027652515,100.24966298376523,0
2638,32.23714872425254,1,1,202,0.0049261083743842365,0.0049261083743842365,0.9950738916256158,203,6400,5100,1300,0.796875,77,51,26,184.36146013390223,0.43745427498414863,0.7542648569185995,0.1205673439286635,1091382.8261296945,-6758.213721933207,1084624.6124077612,2636,0,1064.3004926108374,85,118,41,34.991960697605855,0.6327205882352941,39.78924418604649,8388.45283482452,98.68768040970023,0
2639,31.776363868217093,0,2,200,0.0,0.009900990099009901,0.9900990099009901,202,5550,3800,1750,0.6846846846846847,73,38,35,183.89356823261716,0.43724652315977863,0.7532213576855338,0.12059983750037101,1076584.4037868918,-6354.610496808962,1070229.7932900828,2637,1,1068.4405940594058,85,117,43,34.905454608906034,0.6337009803921569,39.692344961240295,8271.630764193922,97.3133031081638,0
2640,31.565295085890185,0,0,200,0.0,0.0,1.0,200,4400,3200,1200,0.7272727272727273,56,32,24,186.03636673157047,0.4363065326633166,0.7544821092278737,0.12195717374625085,1069322.1558670474,-4613.438251385243,1064708.7176156621,2638,2,1079.88,84,116,44,34.863465160075314,0.6339285714285714,39.70588235294115,8216.26063265076,97.81262657917571,0
2641,31.33205843848234,0,0,200,0.0,0.0,1.0,200,4900,3600,1300,0.7346938775510204,62,36,26,187.85543489199654,0.43625418760469015,0.7557083065035437,0.12324540933680639,1061639.1942945505,-5013.061491481914,1056626.1328030685,2639,3,1080.88,86,114,45,34.78884953852761,0.6334786821705427,39.67911877394634,8156.389063331879,94.84173329455673,0
2642,31.186305061789408,0,1,199,0.0,0.005,0.995,200,5050,3300,1750,0.6534653465346535,68,33,35,188.80000000000013,0.436222257118928,0.7577600000000002,0.12421052631578942,1057478.334614711,-5119.6180849485245,1052358.7165297626,2640,4,1081.88,71,129,47,34.66666666666667,0.6408450704225352,39.58333333333333,8121.43360984098,114.38638887099972,0
2643,30.887501535845942,0,0,199,0.0,0.0,1.0,199,5400,3700,1700,0.6851851851851852,71,37,34,185.8646892842192,0.4360491430215048,0.7517714823459754,0.12276885834930508,1048449.1391144446,-6226.065305637376,1042223.0738088072,2641,5,1085.9447236180904,75,124,45,34.603498158863765,0.6402777777777777,39.446271929824555,8047.853675937914,107.30471567917219,0
2644,31.219033581361685,1,1,199,0.005,0.005,0.995,200,6100,4000,2100,0.6557377049180327,82,40,42,184.3480542959625,0.43642430904522617,0.7522921469187032,0.12227857179447771,1060869.370641327,-6986.159132017898,1053883.211509309,2642,0,1081.51,77,123,47,34.49698401721223,0.640827922077922,39.30288461538461,8138.711999756423,105.6975584383951,0
2645,31.559953376090224,1,1,199,0.005,0.005,0.995,200,5550,4000,1550,0.7207207207207207,71,40,31,181.20145583367648,0.43652114740368514,0.7473724191663413,0.12081665899351914,1073910.027989808,-6631.187898772394,1067278.8400910357,2643,0,1082.25,81,119,47,34.39894169588366,0.6409465020576132,39.12601626016261,8233.170763864207,101.6440835044964,0
2646,32.031878700837844,0,0,199,0.0,0.0,1.0,199,5700,4500,1200,0.7894736842105263,69,45,24,179.42373776050553,0.436318799384126,0.743833191040721,0.12011802901981936,1091121.3343828255,-6345.3863669606435,1084775.948015865,2644,1,1084.9698492462312,83,116,48,34.3049220828582,0.641566265060241,38.988095238095234,8360.701672807967,100.73134545551767,0
2647,32.29659888179428,0,1,198,0.0,0.005025125628140704,0.9949748743718593,199,5900,3900,2000,0.6610169491525424,79,39,40,195.93327056185186,0.43617075275366735,0.763495762997292,0.12386967782978164,1083476.4433413348,-3242.1833758816347,1080234.2599654533,2645,2,1085.9698492462312,83,116,38,35.89700625558537,0.6214859437751004,40.97222222222224,8365.716238131487,100.79176190519863,8
2648,31.926697510718373,1,1,198,0.005025125628140704,0.005025125628140704,0.9949748743718593,199,6500,4800,1700,0.7384615384615385,82,48,34,197.33338650175557,0.43550771534439875,0.7674840614358338,0.1256430241361275,1073138.2518500276,-3946.7989155717733,1069191.4529344558,2646,0,1086.9547738693468,85,114,41,35.60547665763496,0.6232843137254902,40.72189922480622,8277.893494603222,97.38698228944968,0
2649,32.247999189216586,0,0,198,0.0,0.0,1.0,198,5950,3900,2050,0.6554621848739496,80,39,41,211.7309750008191,0.4352775854996667,0.7784627684430365,0.1308188806527679,1075015.7099529258,-27.175118093988658,1074988.5348348317,2647,1,1093.358585858586,91,107,38,36.32413396185045,0.6104624542124542,41.79121376811593,8326.716729054366,91.50238163796006,8
2650,31.99527489515845,0,0,198,0.0,0.0,1.0,198,5900,4200,1700,0.711864406779661,76,42,34,211.7588603215459,0.43524447093609525,0.7813026750417633,0.13121194297203617,1067442.5951305153,-291.9145192979372,1067150.6806112174,2648,2,1094.358585858586,96,102,41,36.218161913472464,0.6100260416666667,41.68814432989689,8264.7588308434,86.09123782128542,0
2651,32.080304390634495,1,2,197,0.005025125628140704,0.010050251256281407,0.9899497487437185,199,6000,4700,1300,0.7833333333333333,73,47,26,205.18087698313568,0.4356092330338561,0.7757213424999079,0.12781348795516684,1071857.7374993337,-1815.0578837452126,1070042.6796155884,2649,0,1089.854271356784,73,126,41,36.1937758658244,0.620433789954338,41.49774774774776,8292.830937916868,113.60042380708038,0
2652,32.27723824263448,1,0,198,0.005050505050505051,0.0,1.0,198,6250,4900,1350,0.784,76,49,27,205.55296541210456,0.43519533319660225,0.7748164636051229,0.12863637190305974,1079809.9008887103,-1458.374558194706,1078351.5263305155,2650,0,1096.3030303030303,74,124,43,36.016363294673546,0.6216216216216216,41.33333333333336,8349.045625428174,112.82494088416452,0
2653,32.34321023899427,1,0,199,0.005025125628140704,0.0,1.0,199,5100,3500,1600,0.6862745098039216,67,35,32,201.82084313489582,0.4359888668933895,0.7719017371796781,0.1269441161256779,1083529.5277150627,-1164.2314309977646,1082365.2962840649,2651,0,1091.788944723618,76,123,43,35.928517299048835,0.622532894736842,41.15259740259743,8371.955962025448,110.15731528980852,0
2654,31.85211227830754,0,0,199,0.0,0.0,1.0,199,6300,5200,1100,0.8253968253968254,74,52,22,199.81254899521838,0.4358175557924302,0.7693403676334605,0.12626020408554373,1068421.7079432555,-3403.18702680629,1065018.5209164494,2652,1,1092.788944723618,79,120,36,35.81423017628527,0.6228902953586498,40.989583333333364,8250.028872917961,104.43074522680963,0
2655,31.481186739709567,2,0,201,0.009950248756218905,0.0,1.0,201,5450,3400,2050,0.6238532110091743,75,34,41,197.55171271013734,0.4366614842454395,0.769498276194349,0.12586247144329724,1058347.1076831585,-3834.3432470738335,1054512.7644360845,2653,0,1082.9054726368158,83,118,40,35.57687709230035,0.6242469879518072,40.699404761904795,8163.090460408409,98.3504874748001,0
2656,31.549787905182573,1,2,200,0.0049504950495049506,0.009900990099009901,0.9900990099009901,202,6150,4500,1650,0.7317073170731707,78,45,33,238.82894940194348,0.4371649385087763,0.7955018242200687,0.1532507415259253,1062703.350529222,4210.86494656358,1066914.2154757855,2654,0,1078.539603960396,70,132,37,34.250113051834255,0.6325892857142856,40.44894366197181,8188.780778030838,116.98258254329768,8
2657,31.90472432723653,1,0,201,0.004975124378109453,0.0,1.0,201,6250,4800,1450,0.768,77,48,29,232.87393595234474,0.4360437396351575,0.7890094741025269,0.15043941997412158,1076606.7607646005,3692.7307704312752,1080299.4915350317,2655,0,1084.8756218905473,75,126,38,34.16407266715907,0.6325000000000001,40.21381578947367,8288.4065912615,110.51208788348667,0
2658,32.01985541186223,0,1,200,0.0,0.004975124378109453,0.9950248756218906,201,5000,3700,1300,0.74,63,37,26,232.5582781495142,0.4358810116086236,0.79110019339074,0.15073919162646596,1081460.3723691334,5100.512417019476,1086560.884786153,2656,1,1085.8756218905473,76,125,39,34.05315254354915,0.6332236842105263,40.097402597402585,8322.043589998579,109.50057355261288,0
2659,32.3373165032843,0,0,200,0.0,0.0,1.0,200,5650,4200,1450,0.7433628318584071,71,42,29,233.74519455967015,0.43550931742043547,0.7917630689206772,0.15227893478175603,1093661.0926084334,5477.6049748195,1099138.697583253,2657,2,1092.015,76,124,32,33.84232769830947,0.6350054824561404,39.92153679653676,8410.23958029809,110.66104710918539,0
2660,32.14624329819026,0,1,199,0.0,0.005,0.995,200,6650,5100,1550,0.7669172932330827,82,51,31,232.76113969137933,0.435536013400335,0.7887915105476593,0.15212630944673233,1088128.5898868314,4004.810142565805,1092133.400029397,2658,3,1093.015,77,123,33,33.754159609231976,0.6356872294372294,39.81036324786321,8364.119366701834,108.62492684028356,0
2661,31.858743648145932,0,1,198,0.0,0.005025125628140704,0.9949748743718593,199,5700,4100,1600,0.7192982456140351,73,41,32,229.52336059017463,0.43509635720691,0.7840651635901199,0.15040480223000724,1079148.239568229,4037.9461041337236,1083186.1856723628,2659,4,1099.3969849246232,83,116,34,33.74570211380563,0.6341616465863453,39.719742063492035,8292.202014272427,99.90604836472804,0
2662,31.458466676768726,0,0,198,0.0,0.0,1.0,198,5800,3800,2000,0.6551724137931034,78,38,40,223.9448194760319,0.4345330419251739,0.7879405747552584,0.13875525451532797,1049517.6389885526,1606.807640040155,1051124.4466285927,2660,5,1105.9242424242425,88,110,38,35.905357951971,0.6124526515151515,41.690074906367016,8126.034170836605,92.34129739587051,7
2663,31.061883785016555,1,1,198,0.005025125628140704,0.005025125628140704,0.9949748743718593,199,6650,5000,1650,0.7518796992481203,83,50,33,219.73992398249752,0.4351227941052062,0.7856070142519174,0.13690073088281993,1037868.2430211932,-837.7822349348198,1037030.4607862583,2661,0,1101.3618090452262,71,128,38,35.812625923438546,0.6214788732394366,41.493055555555564,8029.712665953086,113.09454459088853,0
2664,31.38734868270863,0,0,198,0.0,0.0,1.0,198,5550,3700,1850,0.6666666666666666,74,37,37,217.55371353225587,0.4346168965458306,0.7831960064563162,0.13614651750083157,1050039.3377977128,537.991458568858,1050577.3292562817,2662,1,1107.5707070707072,74,124,41,35.705943943298976,0.6216216216216216,41.33333333333335,8118.860859260666,109.71433593595495,0
2665,31.864283436035503,0,1,197,0.0,0.005050505050505051,0.9949494949494949,198,5650,4100,1550,0.7256637168141593,72,41,31,231.7351183039924,0.43454746278350337,0.7984981613262254,0.1369657142284058,1048926.2471282906,3364.6095940874984,1052290.8567223782,2663,2,1108.5707070707072,70,128,37,37.46652657861132,0.6025297619047619,43.412558685446015,8175.974956174085,116.79964223105836,8
2666,32.03615486016865,0,0,197,0.0,0.0,1.0,197,6150,4800,1350,0.7804878048780488,75,48,27,231.62733828825054,0.434175256396975,0.7980879734778386,0.137633417102745,1056207.8377611216,3379.3220279594634,1059587.159789081,2664,3,1101.7309644670052,73,124,38,37.26724957058803,0.6030251141552512,43.215090090090094,8226.401139628339,112.69042657025122,0
2667,32.06243367022576,2,1,198,0.010050251256281407,0.005025125628140704,0.9949748743718593,199,5050,3700,1350,0.7326732673267327,64,37,27,228.72663686601084,0.4353311168637802,0.7985523076605867,0.13686852192700566,1059210.6658409783,3603.9386660829587,1062814.6045070612,2665,0,1091.6482412060302,79,120,36,37.076442007328254,0.6029799578059072,42.955729166666664,8241.464883905288,104.32234030259858,0
2668,32.10153984228371,0,0,198,0.0,0.0,1.0,198,5600,4000,1600,0.7142857142857143,72,40,32,228.46124801087655,0.4345608154301048,0.798540056020691,0.1371948345838496,1061577.2609843,3305.853180888137,1064883.114165188,2666,1,1098.090909090909,79,119,37,36.95008058663699,0.604298523206751,42.82552083333333,8255.696789387295,104.50249100490247,0
2669,32.164766235117696,1,0,199,0.005025125628140704,0.0,1.0,199,5850,4200,1650,0.717948717948718,75,42,33,228.6386526971242,0.4354093700827369,0.7987756339322907,0.13833656167639044,1065944.2522015658,3093.2115347218823,1069037.4637362876,2667,0,1093.5678391959798,65,134,39,36.66421448422429,0.6141025641025641,42.550505050505045,8280.802822399608,127.39696649845551,0
2670,32.05488896473205,2,0,201,0.009950248756218905,0.0,1.0,201,4800,3300,1500,0.6875,63,33,30,225.27252238854473,0.43630389718076285,0.7969326062280973,0.13713904023258286,1064149.1937844413,2944.7146163115676,1067093.9084007528,2668,0,1083.676616915423,70,131,41,36.52221051832452,0.6135416666666667,42.326877934272304,8259.683317012757,117.99547595732511,0
2671,32.36421139712656,2,0,203,0.009852216748768473,0.0,1.0,203,5400,3400,2000,0.6296296296296297,74,34,40,221.77657297281715,0.4371118454209953,0.7961416229936331,0.13563544197472752,1075815.5537662702,1718.1373330273395,1077533.6910992975,2669,0,1073.9901477832511,73,130,41,36.441045203908935,0.6137271689497716,42.159346846846844,8344.80940542183,114.31245760851823,0
2672,32.73908697936135,0,1,202,0.0,0.0049261083743842365,0.9950738916256158,203,5900,4100,1800,0.6949152542372882,77,41,36,220.97455483796642,0.43685476922076444,0.7958036137698752,0.13551331134039182,1089108.7036514375,1633.0621919064051,1090741.765843344,2670,1,1074.9901477832511,73,130,43,36.36101106017612,0.6147260273972603,42.06081081081082,8444.693550250833,115.6807335650799,0
2673,32.481481663387946,1,1,202,0.0049261083743842365,0.0049261083743842365,0.9950738916256158,203,5100,3100,2000,0.6078431372549019,71,31,40,219.45259342851594,0.4372866165926938,0.794686521650585,0.13520434406098006,1081939.7025255666,1786.8947305027218,1083726.5972560693,2671,0,1065.0541871921182,77,126,40,36.229486814646194,0.6145833333333333,41.89369658119659,8383.67516170274,108.8788982039317,0
2674,32.220676636618386,0,1,201,0.0,0.0049504950495049506,0.995049504950495,202,5450,3600,1850,0.6605504587155964,73,36,37,220.85278496536154,0.4367210974828826,0.7951581954031439,0.13639069097968523,1073964.1758625463,1587.5958384545056,1075551.7717010009,2672,1,1071.3168316831684,80,122,41,36.105888163902335,0.6141927083333334,41.80812757201647,8319.116831705096,103.9889603963137,0
2675,32.42230305870589,0,0,201,0.0,0.0,1.0,201,5600,4100,1500,0.7321428571428571,71,41,30,224.40348977586677,0.4362790215588723,0.7986077773604032,0.13903289062513247,1081658.9849349654,2745.6101933657087,1084404.595128331,2673,2,1077.6268656716418,82,119,42,35.895240177501385,0.6145833333333333,41.6917670682731,8374.94781067127,102.133509886235,0
2676,31.993455325299692,1,1,201,0.0049504950495049506,0.0049504950495049506,0.995049504950495,202,6150,4500,1650,0.7317073170731707,78,45,33,224.9138078255719,0.4371043914092902,0.7930174167036319,0.13343682781226157,1054327.9011984929,876.5805910588933,1055204.4817895517,2674,0,1073.2871287128712,71,131,39,37.49841504649194,0.6034330985915493,43.272569444444414,8213.59758025808,115.6844729613814,7
2677,31.826918610457298,0,0,201,0.0,0.0,1.0,201,6450,4800,1650,0.7441860465116279,81,48,33,223.58832309468372,0.4373828772802653,0.7908361497887959,0.1329071938161061,1049424.5229884745,277.81386188604847,1049702.3368503605,2675,1,1079.313432835821,73,128,41,37.459288037420706,0.603167808219178,43.201013513513495,8173.120442153288,111.96055400209984,0
2678,31.504719259074207,3,2,202,0.014705882352941176,0.00980392156862745,0.9901960784313726,204,5000,3500,1500,0.7,65,35,30,220.50259773185292,0.4389558984513346,0.7909782119228259,0.1318767245477691,1040626.5683703437,92.17231888843708,1040718.7406892321,2676,0,1064.4264705882354,77,127,35,37.30796875541237,0.6036255411255411,42.975427350427324,8097.487004008242,105.16216888322393,0
2679,32.025771098833495,1,0,203,0.0049261083743842365,0.0,1.0,203,6100,4500,1600,0.7377049180327869,77,45,32,221.68216878135647,0.4388900404818807,0.7929727843060048,0.13350131233425422,1059926.9988872728,293.3831726485014,1060220.3820599213,2677,0,1064.3497536945813,77,126,38,37.01828661648928,0.6061958874458875,42.721688034188,8239.536327711287,107.00696529495177,0
2680,32.274361517491464,3,0,206,0.014563106796116505,0.0,1.0,206,5300,3600,1700,0.6792452830188679,70,36,34,219.81532813183995,0.44026807561764936,0.795470896182255,0.13349352182672797,1070703.2439637017,571.3969807412432,1071274.640944443,2678,0,1049.8349514563106,70,136,40,36.752790909608706,0.6126488095238095,42.41490610328638,8313.394441939501,118.76277774199288,0
2681,31.954916961263724,1,0,207,0.004830917874396135,0.0,1.0,207,5650,3800,1850,0.672566371681416,75,38,37,218.97740511939125,0.4406248534308897,0.7952501822378093,0.133611971514201,1061514.4669787728,-560.4633048589467,1060954.003673914,2679,0,1045.7584541062802,73,134,43,36.59952806145668,0.61287100456621,42.243806306306304,8236.577765733386,112.82983240730665,0
2682,32.42614244654288,1,2,206,0.004807692307692308,0.009615384615384616,0.9903846153846154,208,5050,2900,2150,0.5742574257425742,72,29,43,219.07485901799717,0.4408899650068128,0.7967347128512989,0.13453983919398863,1079128.9022414065,632.0024241562514,1079760.9046655628,2680,0,1041.7259615384614,75,133,34,36.35739299438631,0.6143055555555555,42.00932017543859,8365.642533871647,111.54190045162196,0
2683,32.74946298526795,2,2,206,0.009615384615384616,0.009615384615384616,0.9903846153846154,208,5850,4300,1550,0.7350427350427351,74,43,31,214.47569542621827,0.44130415427969777,0.7932171760823452,0.1323907350707867,1091447.6586932126,-632.2008760910785,1090815.4578171214,2681,0,1042.3076923076924,78,130,38,36.2876659856997,0.6148504273504274,41.824894514767934,8455.096060806256,108.39866744623406,0
2684,33.20862554150816,0,5,201,0.0,0.024271844660194174,0.9757281553398058,206,5800,4100,1700,0.7068965517241379,75,41,34,212.23317589147163,0.4407939655852869,0.7876299844818744,0.13153683150612036,1107995.56044673,30.683333452270745,1108026.2437801824,2682,1,1049.6456310679612,79,127,39,36.19727346808475,0.6159018987341772,41.67968750000001,8578.462527577889,108.58813326047961,0
2685,33.22115551538714,0,0,201,0.0,0.0,1.0,201,5750,4400,1350,0.7652173913043478,71,44,27,215.82355025724456,0.4391158789386402,0.7878239347898346,0.13376144173013868,1108412.2047240136,1894.2914343992857,1110306.496158413,2683,2,1075.3681592039802,78,123,41,36.104695183162335,0.6163194444444444,41.67985232067511,8581.693798812637,110.0217153693928,0
2686,33.55009145998628,3,0,204,0.014705882352941176,0.0,1.0,204,5800,4200,1600,0.7241379310344828,74,42,32,209.9188105913989,0.44027294825976365,0.7855402439546051,0.1312598313026388,1122136.099794118,511.4950780905492,1122647.5948722085,2684,0,1060.5392156862745,71,133,42,35.93356687363655,0.6227992957746479,41.36284722222223,8677.3001306449,122.2154947978155,0
2687,33.10797820381954,0,0,204,0.0,0.0,1.0,204,5750,4300,1450,0.7478260869565218,72,43,29,209.25995101283593,0.4404339321935671,0.7848788337488299,0.13123190581941124,1108243.083366423,-167.82133288552632,1108075.2620335375,2685,1,1061.5392156862745,73,131,43,35.84402145331229,0.622859589041096,41.25844594594595,8566.409732044032,117.34807852115112,0
2688,33.24499453646516,0,1,203,0.0,0.004901960784313725,0.9950980392156863,204,5450,3600,1850,0.6605504587155964,73,36,37,253.16402980792884,0.44047266895263854,0.8140705697017494,0.14789168059116872,1090661.4294886715,8973.248529085959,1099634.6780177574,2686,2,1062.5392156862745,73,131,35,37.363702350204285,0.5966038812785388,43.84853603603606,8515.754019989585,116.65416465739158,8
2689,33.56808075410676,1,1,203,0.004901960784313725,0.004901960784313725,0.9950980392156863,204,5650,3900,1750,0.6902654867256637,74,39,35,256.4617691895146,0.44087714108631954,0.8183438215862482,0.1508500326666497,1103466.3049971038,10149.384164114901,1113615.6891612187,2687,0,1063.5245098039215,65,139,36,37.01629118962618,0.6035256410256411,43.59217171717173,8607.118685783145,132.41721055050994,0
2690,33.88890566516242,5,0,208,0.02403846153846154,0.0,1.0,208,5350,3800,1550,0.7102803738317757,69,38,31,254.04104551500794,0.4433175205933358,0.819937860357193,0.15104396945294493,1117488.3262985281,9827.580552738907,1127315.906851267,2688,0,1044.0192307692307,70,138,40,36.66852338513104,0.6047619047619048,43.1924882629108,8702.925539363308,124.32750770519011,0
2691,33.54648464302094,2,2,208,0.009523809523809525,0.009523809523809525,0.9904761904761905,210,6350,4200,2150,0.6614173228346457,85,42,43,227.14276870544438,0.44414017999544314,0.7995659274540139,0.13386924879022957,1103390.0120774796,1775.4124610423796,1105165.424538522,2689,0,1035.0666666666666,71,139,42,37.692727135980725,0.6009389671361502,43.518518518518505,8604.052079737747,121.18383210898234,8
2692,33.02965129751142,3,2,209,0.014218009478672985,0.009478672985781991,0.990521327014218,211,6850,5100,1750,0.7445255474452555,86,51,35,225.01678135545984,0.44475569848792595,0.7995510288626844,0.13390249176944893,1089424.567695718,-22.238049509480334,1089402.3296462086,2690,0,1031.137440758294,75,136,40,37.38131926285641,0.602638888888889,43.16063596491227,8483.314633553508,113.11086178071344,0
2693,32.79329855089901,1,3,207,0.004761904761904762,0.014285714285714285,0.9857142857142858,210,6200,3800,2400,0.6129032258064516,86,38,48,223.40525350443946,0.4450662641452115,0.7974480723762642,0.13376869847427914,1083551.3333730185,214.21206345424253,1083765.5454364729,2691,0,1036.2571428571428,78,132,36,37.18946621529203,0.6036324786324787,42.932489451476776,8430.091621154055,108.07809770710327,0
2694,32.65730106807869,3,1,209,0.014285714285714285,0.004761904761904762,0.9952380952380953,210,6000,4400,1600,0.7333333333333333,76,44,32,228.5684164988563,0.4446523505734032,0.8056887203426089,0.13798699121801228,1081584.03095833,1443.1898533190188,1083027.220811649,2692,0,1037.2238095238095,67,143,40,36.74911463603355,0.6120957711442786,42.631740196078425,8404.952745784154,125.44705590722619,0
2695,32.5085264643271,0,1,208,0.0,0.004784688995215311,0.9952153110047847,209,5750,4400,1350,0.7652173913043478,71,44,27,231.33815562797034,0.4443521117040854,0.8077405532581932,0.14013981468582454,1077707.1839470922,2312.9584482667997,1080020.142395359,2693,1,1043.1722488038276,66,143,39,36.54940526506458,0.6139520202020202,42.506218905472636,8370.743397111093,126.82944541077414,0
2696,32.63336774713816,0,0,208,0.0,0.0,1.0,208,6250,4300,1950,0.688,82,43,39,227.43814109790887,0.44438638052768487,0.8038258753548744,0.13855706882731267,1083573.297280023,1439.1792953400095,1085012.4765753632,2694,2,1049.1298076923076,68,140,37,36.43966022261279,0.6148897058823529,42.30072463768116,8409.595221069563,123.67051795690534,0
2697,32.24309932286527,2,1,209,0.009523809523809525,0.004761904761904762,0.9952380952380953,210,5800,4100,1700,0.7068965517241379,75,41,34,225.17551265034,0.4444368497000076,0.8046705608038267,0.1381030001734745,1072638.2912680611,506.3754249339554,1073144.666692995,2695,0,1040.1285714285714,71,139,35,36.2490535083291,0.6157570422535211,42.05729166666666,8316.872364400513,117.13904738592272,0
2698,32.70474863646681,0,1,208,0.0,0.004784688995215311,0.9952153110047847,209,6150,4300,1850,0.6991869918699187,80,43,37,222.70401272769095,0.4442687246963563,0.8022037949716367,0.1370255769238989,1088972.683050524,553.7172532383834,1089526.4003037624,2696,1,1046.1052631578948,71,138,37,36.19448571321786,0.616930751173709,41.94155092592593,8439.736710484074,118.8695311335785,0
2699,32.94087848280458,1,0,209,0.004784688995215311,0.0,1.0,209,5900,4300,1600,0.7288135593220338,75,43,32,224.38878289933032,0.44427926788124156,0.8045274465140313,0.13856964634063065,1097959.1111072788,1573.9417229184346,1099533.0528301974,2697,0,1047.043062200957,72,137,39,36.01585240042742,0.6177662037037037,41.8093607305936,8505.026473571139,118.12536768848804,0
2700,32.78685965378443,0,1,208,0.0,0.004784688995215311,0.9952153110047847,209,6450,4100,2350,0.6356589147286822,88,41,47,224.24441088071268,0.4443377346337873,0.8047102118218428,0.1388136454399234,1093556.895428108,794.8043559636967,1094351.6997840717,2698,1,1048.043062200957,73,136,42,35.9312549960032,0.6181506849315068,41.72297297297298,8468.09263693185,116.00126899906643,0
2701,32.54600783078154,1,0,209,0.004784688995215311,0.0,1.0,209,6350,4500,1850,0.7086614173228346,82,45,37,220.38460613790676,0.4443914090295669,0.8000670592475465,0.13748441042464563,1087855.5580328645,-200.67626159882093,1087654.8817712658,2699,0,1048.933014354067,65,144,41,35.74756846945835,0.6253205128205128,41.44570707070708,8414.910042358968,129.46015449783027,0
2702,32.74325179479319,0,0,209,0.0,0.0,1.0,209,6900,5000,1900,0.7246376811594203,88,50,38,217.5689806328767,0.4446051481413324,0.7968555329871589,0.1364046058978947,1095950.1989179875,-1011.0464794029776,1094939.1524385845,2700,1,1049.933014354067,67,142,41,35.639184922044606,0.6259328358208955,41.268382352941174,8471.714503891797,126.44350005808653,0
2703,32.48935260733335,1,1,209,0.004761904761904762,0.004761904761904762,0.9952380952380953,210,6500,4700,1800,0.7230769230769231,83,47,36,214.4884758569423,0.44491626794258377,0.7947321654185031,0.1350812659739515,1088799.7563875876,-1792.9999478032514,1087006.7564397843,2701,0,1045.9285714285713,68,142,45,35.55515870701886,0.6269914215686274,41.10809178743961,8411.230493103249,123.69456607504777,0
2704,32.393420524203435,1,1,209,0.004761904761904762,0.004761904761904762,0.9952380952380953,210,5600,3700,1900,0.6607142857142857,75,37,38,213.24432795111008,0.44501120224804436,0.7943379231860379,0.13496302304518626,1087052.8894387737,-1238.4274288633678,1085814.4620099103,2702,0,1046.4,70,140,38,35.408643863027116,0.6276785714285714,40.93309859154929,8392.063081226279,119.88661544608969,0
2705,32.349604330647246,1,0,210,0.004761904761904762,0.0,1.0,210,6250,4400,1850,0.704,81,44,37,214.95275511722133,0.4451298701298701,0.7968446248645507,0.13649731746588142,1086566.3875145991,-1537.9122771942707,1085028.475237405,2703,0,1047.3904761904762,70,140,40,35.24449035812671,0.6288690476190476,40.815727699530505,8384.5086576469,119.77869510924143,0
2706,32.284800546534335,1,1,210,0.004739336492890996,0.004739336492890996,0.995260663507109,211,7600,6300,1300,0.8289473684210527,89,63,26,213.53057187521813,0.4454515534491838,0.7959734804285035,0.13611571551663337,1085521.1188235013,-3441.610942998341,1082079.5078805028,2704,0,1043.4218009478673,74,137,42,35.14329262849696,0.6282376126126126,40.68055555555555,8372.076541726965,113.13616948279682,0
2707,32.3860231954457,0,0,210,0.0,0.0,1.0,210,6250,4500,1750,0.72,80,45,35,211.17253537471942,0.44554663173084225,0.7927781553098174,0.13494867075051664,1089660.4320349446,-2228.728773933666,1087431.703261011,2705,1,1048.8619047619047,64,146,46,35.11498424661767,0.6346028645833333,40.59294871794872,8401.16277988269,131.26816843566704,0
2708,32.23802936564029,0,0,210,0.0,0.0,1.0,210,5950,4100,1850,0.6890756302521008,78,41,37,213.09162290664656,0.4453092959671907,0.7949852247166234,0.13667401318705494,1085753.4455015364,-1677.0072443189101,1084076.4382572174,2706,2,1049.8619047619047,64,146,45,34.93426469074817,0.6359049479166667,40.464743589743584,8366.905217572816,130.73289402457524,0
2709,32.04250136766401,1,0,211,0.004739336492890996,0.0,1.0,211,6200,4500,1700,0.7258064516129032,79,45,34,213.45519876261676,0.4454863461972467,0.7946840882190269,0.13737631115739715,1080162.9989936796,-2286.7184707561105,1077876.2805229235,2707,0,1045.8815165876777,66,145,46,34.802681476159094,0.6358901515151515,40.345149253731336,8319.990910157892,126.06046833572564,0
2710,32.16051984176684,0,0,211,0.0,0.0,1.0,211,8100,6400,1700,0.7901234567901234,98,64,34,213.40356736186408,0.4452973369442564,0.7936178329853203,0.13844697147085774,1086470.212334794,-3928.6761710708342,1082541.536163723,2708,1,1046.8815165876777,68,143,45,34.51934990513804,0.6375612745098039,40.066425120772934,8359.598892444737,122.93527783006967,0
2711,31.756353595100418,2,1,212,0.009389671361502348,0.004694835680751174,0.9953051643192489,213,4750,3200,1550,0.6736842105263158,63,32,31,208.8693885999142,0.4457002760799598,0.7905946574206479,0.13598070482011745,1073818.72423566,-2492.427920351734,1071326.2963153082,2709,0,1038.0422535211267,71,142,41,34.513270746407024,0.6371772300469484,39.94502314814813,8258.397799073025,116.315461958775,0
2712,31.514870347172184,0,1,211,0.0,0.0047169811320754715,0.9952830188679245,212,6150,3900,2250,0.6341463414634146,84,39,45,210.34156697068656,0.44538305910757403,0.7905475171381116,0.1372831838729548,1066364.680582942,-3689.8364247978097,1062674.8441581442,2710,1,1043.938679245283,71,141,43,34.38635457798047,0.6380575117370892,39.85821759259258,8198.334544451694,115.4695006260802,0
2713,31.866170717413663,0,1,210,0.0,0.004739336492890996,0.995260663507109,211,4800,3500,1300,0.7291666666666666,61,35,26,224.15577359496768,0.4450613104641541,0.8010300374350645,0.14158057254973655,1068765.4750075156,913.990368380757,1069679.4653758963,2711,2,1048.1469194312797,73,138,37,35.19954662391071,0.6254280821917808,41.00506756756758,8253.176731836938,113.0572155046156,7
2714,31.731141609946057,0,1,209,0.0,0.004761904761904762,0.9952380952380953,210,5350,3400,1950,0.6355140186915887,73,34,39,223.81119276245076,0.44473351940457206,0.7989218709066359,0.14178709075004636,1065107.5622801452,326.59878684538035,1065434.1610669906,2712,3,1054.1190476190477,75,135,37,35.100155169981676,0.6255555555555555,40.899122807017555,8221.566625471794,109.62088833962393,0
2715,31.86610787009347,2,1,210,0.009478672985781991,0.004739336492890996,0.995260663507109,211,6650,4400,2250,0.6616541353383458,89,44,45,217.9668366753205,0.4445939592266606,0.7961122608468127,0.13934572967521877,1072282.2988343476,-2105.6038600274624,1070176.6949743202,2713,0,1045.3270142180095,67,144,41,34.92452760555065,0.632929104477612,40.57904411764705,8266.736163909798,123.38412184939997,0
2716,31.39403244864371,0,0,210,0.0,0.0,1.0,210,5350,4000,1350,0.7476635514018691,67,40,27,223.83268416126992,0.4438193020429863,0.7964217198646517,0.13549637027754793,1040549.3723298855,-768.2081978155429,1039781.1641320699,2714,1,1051.2857142857142,70,140,43,36.769307842802064,0.6114583333333333,42.53227699530515,8082.950050487776,115.47071500696823,8
2717,31.596497226673172,3,0,213,0.014084507042253521,0.0,1.0,213,6400,4700,1700,0.734375,81,47,34,222.32343441974984,0.4446114580565152,0.7992167348811472,0.13583830117509493,1050010.1270642546,-2311.6284751115,1047698.4985891432,2715,0,1037.4647887323943,74,139,43,36.46282279208419,0.6128941441441442,42.194444444444436,8145.752521132026,110.07773677205441,0
2718,31.37749632240669,0,0,213,0.0,0.0,1.0,213,5000,3200,1800,0.64,68,32,36,222.62976156912435,0.4445330262497416,0.8008942116485522,0.13651578634634537,1043786.620233386,-1124.4067216799704,1042662.2135117061,2716,1,1038.4647887323943,75,138,36,36.321724941105636,0.61375,42.064144736842096,8093.381349936536,107.91175133248714,0
2719,31.480856579345954,1,1,213,0.004672897196261682,0.004672897196261682,0.9953271028037384,214,5500,4100,1400,0.7454545454545455,69,41,28,223.4673791244019,0.44520634972869405,0.800470989842567,0.1376888242480376,1048632.8002957169,-1432.955290806858,1047199.84500491,2717,0,1034.607476635514,78,136,37,36.12292464878671,0.6141826923076923,41.89082278481012,8125.4979897243575,104.17305115031228,0
2720,31.53377678057838,0,2,211,0.0,0.009389671361502348,0.9906103286384976,213,5650,3800,1850,0.672566371681416,75,38,37,222.07766866379637,0.44507651253432545,0.7987413805929444,0.13720798663930767,1051198.6961519509,-1560.4488512304606,1049638.2473007203,2718,1,1040.3474178403756,82,131,38,36.05794935355302,0.6135670731707317,41.79216867469879,8142.268116009279,99.29595263425949,0
2721,31.345400386665595,2,1,212,0.009389671361502348,0.004694835680751174,0.9953051643192489,213,5450,3500,1950,0.6422018348623854,74,35,39,219.95748297806233,0.4456319942717099,0.799078766274216,0.13696678322072142,1047194.389629462,-1982.3515736710515,1045212.0380557909,2719,0,1041.1830985915492,66,147,41,35.825539315930875,0.6240530303030303,41.51119402985074,8102.435118605437,122.76416846371875,0
2722,31.62872678255238,1,0,213,0.004694835680751174,0.0,1.0,213,4450,2800,1650,0.6292134831460674,61,28,33,220.02748772442177,0.44602692148699324,0.7991813767316553,0.13768995524726982,1058104.573618654,-487.58178339332244,1057616.9918352605,2720,0,1039.718309859155,68,145,40,35.6431899536983,0.6246936274509804,41.33454106280194,8181.259128808174,120.31263424717903,0
2723,31.634630275024904,1,1,213,0.004672897196261682,0.004672897196261682,0.9953271028037384,214,6150,4300,1850,0.6991869918699187,80,43,37,216.8948358048567,0.44622877451625637,0.7965945531145016,0.1365056820825235,1059962.0595674508,-2969.9406261477816,1056992.118941303,2721,0,1035.8551401869158,73,141,43,35.51703824542325,0.6241438356164384,41.13175675675678,8189.201164945264,112.18083787596252,0
2724,31.75047113852255,1,0,214,0.004672897196261682,0.0,1.0,214,6200,4300,1900,0.6935483870967742,81,43,38,216.89627451033365,0.4460514384332997,0.797060936123694,0.1369408942498674,1064769.2536204725,-2811.1031353139606,1061958.1504851584,2722,0,1036.771028037383,73,141,39,35.40194586368085,0.625285388127854,41.019144144144164,8222.764189281266,112.64060533262008,0
2725,31.86119274721727,1,1,214,0.004651162790697674,0.004651162790697674,0.9953488372093023,215,6600,4700,1900,0.7121212121212122,85,47,38,230.36389252055827,0.4462589654422952,0.7970255945040785,0.14075297023345332,1058810.6747999387,-817.650302153681,1057993.024497785,2723,0,1032.9441860465117,80,135,38,36.25500906203754,0.6102864583333334,42.19393004115224,8214.008886361375,102.67511107951718,8
2726,32.08632742134144,2,0,216,0.009259259259259259,0.0,1.0,216,4850,3200,1650,0.6597938144329897,65,32,33,227.91649453454892,0.44700733921906405,0.7962809023159603,0.139967854228159,1067815.9912450307,624.5755065000776,1068440.5667515306,2724,0,1029.138888888889,84,132,36,36.12978181012096,0.6106150793650793,42.009803921568604,8277.957902868564,98.54711789129243,0
2727,32.09524694616247,1,0,217,0.004608294930875576,0.0,1.0,217,6900,4800,2100,0.6956521739130435,90,48,42,230.43335614997704,0.4474979732036184,0.7966959083050533,0.14240909073977734,1069996.5601637338,-987.4203145082629,1069009.1398492255,2725,0,1025.3917050691243,89,128,43,35.83221275959958,0.611189138576779,41.78240740740739,8287.557400102787,93.11862247306503,0
2728,32.46463444878364,0,2,215,0.0,0.009216589861751152,0.9907834101382489,217,5450,3800,1650,0.6972477064220184,71,38,33,229.81349423334703,0.4474846390168971,0.7979649395867974,0.142602640703338,1083531.3443402415,952.0248708377057,1084483.3692110793,2726,1,1026.3917050691243,69,148,44,35.69937219214376,0.6210748792270531,41.63690476190479,8387.663441961093,121.56033973856657,0
2729,32.38455703769759,3,0,218,0.013761467889908258,0.0,1.0,218,5950,4200,1750,0.7058823529411765,77,42,35,222.40094337351178,0.44783034921574427,0.7924728653614548,0.1394845517941925,1084052.40749493,-1331.1443813597507,1082721.2631135704,2727,0,1020.7155963302753,75,143,39,35.50097997669247,0.6219444444444444,41.255482456140385,8379.326586590752,111.7243544878767,0
2730,32.65041673449157,0,1,217,0.0,0.0045871559633027525,0.9954128440366973,218,7400,5600,1800,0.7567567567567568,92,56,36,227.20275693463657,0.44754056920193347,0.7945318915073718,0.1431818756987833,1094392.9874687642,-1270.179215432263,1093122.8082533318,2728,1,1021.7155963302753,76,142,44,35.20233554522182,0.6232182017543859,41.08495670995674,8453.684062248922,111.23268502959108,0
2731,32.85435553684281,1,3,215,0.0045871559633027525,0.013761467889908258,0.9862385321100917,218,5750,3800,1950,0.6608695652173913,77,38,39,212.8892016405748,0.44731905043757664,0.7848793871954942,0.13573855150005015,1104741.3532886961,-2312.49905580805,1102428.8542328882,2729,0,1013.802752293578,87,131,44,35.1515428154099,0.6230842911877394,40.67234848484849,8520.042863413279,97.93152716566986,8
2732,32.4559689398353,1,1,215,0.004629629629629629,0.004629629629629629,0.9953703703703703,216,5450,3500,1950,0.6422018348623854,74,35,39,213.8480161474168,0.4466812015503876,0.7839521866779269,0.13696683187117464,1092679.5576093758,-1916.5288640799772,1090763.0287452957,2730,0,1024.0277777777778,74,142,45,34.96482988099693,0.6299268018018018,40.513888888888864,8421.873162540818,113.80909679109213,0
2733,32.30900725468589,0,1,214,0.0,0.004651162790697674,0.9953488372093023,215,6750,4500,2250,0.6666666666666666,90,45,45,212.43480165283142,0.4461575382163298,0.7797560684671194,0.1366564416643546,1089011.6201816807,-3481.2064938153635,1085530.4136878652,2731,1,1019.5953488372093,78,137,45,34.845657068373015,0.6296741452991452,40.361286919831215,8388.66906450446,107.54703928851872,0
2734,32.40374263205967,0,1,213,0.0,0.004672897196261682,0.9953271028037384,214,6050,4500,1550,0.743801652892562,76,45,31,210.8634937751201,0.44537865824228867,0.7772328120662522,0.13617143779595342,1093340.444051367,-2740.8828163374983,1090599.5612350295,2732,2,1025.303738317757,80,134,42,34.74865924092407,0.6302083333333333,40.22633744855967,8417.638903904386,105.22048629880483,0
2735,32.6888238197168,1,0,214,0.004672897196261682,0.0,1.0,214,6150,4400,1750,0.7154471544715447,79,44,35,207.79088196088438,0.4450418110950229,0.7743019428765616,0.13480713464437571,1104320.8925204861,-3056.4375550675504,1101264.4549654187,2733,0,1026.2616822429907,81,133,46,34.6648665819568,0.6314300411522633,40.0660569105691,8496.934870414687,104.90043049894675,0
2736,32.72033203667234,0,2,212,0.0,0.009345794392523364,0.9906542056074766,214,6050,4400,1650,0.7272727272727273,77,44,33,206.77784129072361,0.4449508577947436,0.7752440478868943,0.13491691374045078,1107065.774806067,-3066.6657837520142,1103999.1090223151,2734,1,1027.2616822429907,83,131,39,34.4896096518409,0.6326556224899598,39.868551587301575,8511.587365243957,102.54924536438502,0
2737,32.21883658546335,1,0,213,0.004694835680751174,0.0,1.0,213,5750,3900,1850,0.6782608695652174,76,39,37,205.62839312667265,0.44423498538400213,0.7742455477257322,0.13499623341065073,1091880.1706338825,-3445.6870051355563,1088434.483628747,2735,0,1032.8591549295775,85,128,46,34.30259607332279,0.6340686274509804,39.656007751937985,8387.98054224745,98.68212402644058,0
2738,32.23853179407002,0,0,213,0.0,0.0,1.0,213,5800,4000,1800,0.6896551724137931,76,40,36,208.5768574759291,0.4441620899400596,0.7775214303093465,0.1373951395952851,1093522.0969933206,-2783.319485729133,1090738.7775075915,2736,1,1033.8591549295775,71,142,46,34.10733627728713,0.6412852112676056,39.53993055555555,8396.85022987039,118.2654961953576,0
2739,32.12777912273517,0,2,211,0.0,0.009389671361502348,0.9906103286384976,213,5600,3900,1700,0.6964285714285714,73,39,34,205.52387280804462,0.4442469808368028,0.7741821824467057,0.1358166036545163,1090680.8395241091,-3367.8099726953005,1087313.0295514138,2737,2,1034.8591549295775,74,139,43,34.075231419789304,0.6409065315315315,39.43055555555555,8371.517557244908,113.1286156384447,0
2740,31.851169291862785,0,0,211,0.0,0.0,1.0,211,6050,4500,1550,0.743801652892562,76,45,31,205.1403809117022,0.44364515158354023,0.771878225887028,0.13609958790796953,1082411.5685143792,-3840.7357063454547,1078570.8328080338,2738,3,1045.222748815166,75,136,45,33.947402432399265,0.6418055555555555,39.29550438596491,8303.743024952328,110.71657366603104,0
2741,31.675777990096243,0,1,210,0.0,0.004739336492890996,0.995260663507109,211,5700,4000,1700,0.7017543859649122,74,40,34,216.93023456844284,0.4435633416083653,0.800884892831677,0.13790142704310035,1064245.330794675,-1726.6021504679993,1062518.7286442071,2739,4,1046.222748815166,74,137,39,35.1544640305758,0.6272522522522522,40.777777777777786,8211.065561210524,110.96034542176383,8
2742,31.90326179950083,0,1,209,0.0,0.004761904761904762,0.9952380952380953,210,5750,4100,1650,0.7130434782608696,74,41,33,197.76382805623678,0.44315808460545303,0.7761341748896202,0.11992697044768748,1057956.1468973293,-5904.9084947916435,1052051.2384025375,2740,5,1052.147619047619,77,133,41,37.37489628707735,0.6087662337662338,42.46794871794871,8216.112453813734,106.7027591404381,8
2743,32.23589858581104,1,1,209,0.004761904761904762,0.004761904761904762,0.9952380952380953,210,6100,4200,1900,0.6885245901639344,80,42,38,199.3574774106811,0.44326630971367814,0.7773381873473988,0.12136585120123072,1070166.0133007525,-5430.88063554361,1064735.132665209,2741,0,1053.1190476190477,78,132,41,37.18902449425167,0.609775641025641,42.32594936708858,8306.354564397612,106.49172518458477,0
2744,32.3477531488622,2,0,211,0.009478672985781991,0.0,1.0,211,5250,3400,1850,0.6476190476190476,71,34,37,196.53990211633504,0.44374200707139094,0.7766179203696468,0.12046201993417163,1075923.4973551854,-5157.620229029677,1070765.877126156,2742,0,1048.9336492890995,82,129,47,37.01168231878414,0.610645325203252,42.08082329317267,8343.105860470165,101.74519342036787,0
2745,32.0575996559548,2,1,212,0.009389671361502348,0.004694835680751174,0.9953051643192489,213,5050,3400,1650,0.6732673267326733,67,34,33,196.83410529839603,0.4445071898898633,0.7783355203956368,0.12150969975806668,1068411.1208024742,-5590.050589198163,1062821.070213276,2743,0,1040.075117370892,86,127,39,36.74050070336531,0.611797480620155,41.8223180076628,8276.556769412664,96.23903220247284,0
2746,31.994263538477856,1,1,212,0.004694835680751174,0.004694835680751174,0.9953051643192489,213,5800,4400,1400,0.7586206896551724,72,44,28,197.1391842219557,0.4443088035550831,0.7807722197885816,0.1225627593339279,1068400.9370748918,-6275.262168616482,1062125.6749062752,2744,0,1040.6291079812206,73,140,40,36.47342584018737,0.6197203196347032,41.568130630630634,8268.337335345097,113.26489500472735,0
2747,32.384786421794175,0,3,209,0.0,0.014150943396226415,0.9858490566037735,212,5800,4200,1600,0.7241379310344828,74,42,32,195.8660261288744,0.44369196920921633,0.7775082906973916,0.12219309458495745,1082477.2787295047,-5795.895408090757,1076681.383321414,2745,1,1046.5235849056603,74,138,41,36.38021952442343,0.6204954954954955,41.44444444444445,8373.266444835017,113.15224925452726,0
2748,32.34318319938473,2,1,210,0.009478672985781991,0.004739336492890996,0.995260663507109,211,6200,4300,1900,0.6935483870967742,81,43,38,215.38316523706285,0.44345238095238093,0.7941149404131966,0.13049685893774982,1072277.5955071023,-2209.8914933786764,1070067.7040137236,2746,0,1050.8104265402844,74,137,40,36.95388349514562,0.6097972972972974,42.5,8328.369673841571,112.5455361329942,8
2749,32.67186108865208,0,1,209,0.0,0.004761904761904762,0.9952380952380953,210,6050,4200,1850,0.6942148760330579,79,42,37,214.79512375463077,0.4428125237335763,0.7900838977054483,0.1306065248496962,1084270.0148766714,-1470.8175942261487,1082799.1972824452,2747,1,1056.6666666666667,79,131,41,36.836020418477695,0.6089135021097046,42.36979166666666,8417.258378907141,106.5475744165461,0
2750,32.906797585868716,1,0,210,0.004761904761904762,0.0,1.0,210,5550,3700,1850,0.6666666666666666,74,37,37,216.73720140919082,0.443300486063644,0.7938232025305638,0.13266222108232878,1094103.7641694716,-123.40242052960366,1093980.361748942,2748,0,1054.8761904761905,80,130,43,36.54061938958705,0.6109375,42.129629629629626,8485.688081170767,106.07110101463459,0
2751,32.65136191875791,2,4,208,0.009433962264150943,0.018867924528301886,0.9811320754716981,212,5800,4100,1700,0.7068965517241379,75,41,34,214.85128509317946,0.44396395943247186,0.7954875059823356,0.13247465493186056,1087839.502926024,-1455.2569642438784,1086384.24596178,2749,0,1045.9150943396226,83,129,40,36.31901742249548,0.6124497991967872,41.86507936507935,8428.456717520616,101.54767129542911,0
2752,32.79012029818482,2,1,209,0.009523809523809525,0.004761904761904762,0.9952380952380953,210,5650,4100,1550,0.7256637168141593,72,41,31,219.25704532054445,0.44358908635224426,0.7990679545839676,0.1357075544825399,1093623.5743813599,306.93472235008085,1093930.5091037098,2750,0,1056.8333333333333,84,126,42,36.06514432582051,0.6134672619047619,41.727941176470594,8468.771878483414,100.81871283908826,0
2753,32.60743271616138,0,0,209,0.0,0.0,1.0,209,5900,4300,1600,0.7288135593220338,75,43,32,221.05311453438253,0.44348086124401914,0.8004934283570546,0.13753669466622523,1089110.470504874,450.2523154219125,1089560.7228202957,2751,1,1062.755980861244,65,144,41,35.82707417358739,0.6243589743589744,41.54040404040404,8427.70388509878,129.65698284767353,0
2754,32.771444646635274,1,0,210,0.004761904761904762,0.0,1.0,210,6300,5300,1000,0.8412698412698413,73,53,20,219.3300214705903,0.4436009531404268,0.799313171237426,0.1376705665017175,1097248.773174888,-168.0806041947435,1097080.6925706933,2752,0,1058.6904761904761,70,140,42,35.5508466568394,0.624702380952381,41.22652582159623,8480.380585055036,121.1482940722148,0
2755,32.53481018162583,2,2,210,0.009433962264150943,0.009433962264150943,0.9905660377358491,212,5800,4300,1500,0.7413793103448276,73,43,30,212.24066345416884,0.4439374124415035,0.7939026728228396,0.1340407612510019,1091159.885342957,-1882.3004000471956,1089277.58494291,2753,0,1049.6933962264152,75,137,37,35.51192492238218,0.6244444444444445,41.00877192982456,8426.23044396932,112.34973925292427,0
2756,32.51850827095942,0,1,209,0.0,0.004761904761904762,0.9952380952380953,210,6300,4500,1800,0.7142857142857143,81,45,36,201.32602324241898,0.4431514392040708,0.7843570402298852,0.12291483524274067,1080417.4007260061,-4796.772253984185,1075620.628472022,2754,1,1060.6380952380953,74,136,43,37.03248473419543,0.6126126126126126,42.22222222222224,8382.548798736254,113.27768646940883,8
2757,32.31847721919945,2,3,208,0.009478672985781991,0.014218009478672985,0.985781990521327,211,5350,3900,1450,0.7289719626168224,68,39,29,198.01938313401197,0.4436658391634695,0.7809713326225423,0.12147548423489121,1075214.6053132704,-4967.333423837121,1070247.2718894333,2755,0,1056.2417061611375,78,133,36,36.94112184566106,0.6125801282051282,42.049050632911396,8336.58188079113,106.87925488193756,0
2758,32.19879814132451,3,2,209,0.014218009478672985,0.009478672985781991,0.990521327014218,211,5600,4200,1400,0.75,70,42,28,200.1486102496778,0.4434834123222749,0.7834415506228853,0.1234721328258156,1072914.2206418656,-4851.541964282756,1068062.6786775829,2756,0,1057.218009478673,80,131,39,36.679805552788046,0.6138020833333333,41.84670781893005,8312.225744456657,103.90282180570821,0
2759,32.42650406499194,0,0,209,0.0,0.0,1.0,209,6700,5100,1600,0.7611940298507462,83,51,32,200.3231421453057,0.44282622530977794,0.7815828565857761,0.12366149634050858,1080700.9026189111,-5202.119893622201,1075498.782725289,2757,1,1068.3349282296651,79,130,39,36.65103221034227,0.614451476793249,41.82291666666668,8371.780242196124,105.97190179995094,0
2760,32.60017197048673,3,0,212,0.014150943396226415,0.0,1.0,212,6800,5100,1700,0.75,85,51,34,196.98310978612784,0.44420614250797347,0.7808942325061559,0.12237618517878421,1088413.6441517354,-6320.179128267636,1082093.4650234678,2758,0,1054.2028301886792,71,141,43,36.50417343187207,0.6204518779342723,41.594328703703724,8424.06932240837,118.64886369589253,0
2761,32.955506076308346,2,3,211,0.009345794392523364,0.014018691588785047,0.985981308411215,214,5800,4000,1800,0.6896551724137931,76,40,36,199.20949029773706,0.4451012278238486,0.7776048918933589,0.1200564931415535,1090927.0218666291,-5135.396804384452,1085791.6250622447,2759,0,1045.3411214953271,75,139,41,37.56885997620696,0.6073611111111111,42.69462719298243,8479.628777008389,113.06171702677852,8
2762,32.62916988936271,3,1,213,0.014018691588785047,0.004672897196261682,0.9953271028037384,214,6450,4400,2050,0.6821705426356589,85,44,41,195.14705030327212,0.44497828090035535,0.7737644501489978,0.11856204320973072,1082601.9064807468,-6996.686259516889,1075605.2202212298,2760,0,1046.1214953271028,80,134,44,37.37269731915528,0.608203125,42.39969135802467,8405.284234231227,105.06605292789034,0
2763,32.94558659868179,0,0,213,0.0,0.0,1.0,213,5850,4100,1750,0.7008547008547008,76,41,35,199.5894437564807,0.4446197626007618,0.7775639975605004,0.12184323082751147,1094578.1774332684,-4756.750083622632,1089821.4273496459,2761,1,1051.6901408450703,81,132,42,37.080705039752935,0.6095679012345678,42.22560975609754,8492.528496702826,104.84603082349167,0
2764,32.67426033342278,1,2,212,0.004672897196261682,0.009345794392523364,0.9906542056074766,214,6200,4600,1600,0.7419354838709677,78,46,32,204.96076394836595,0.4450916297368845,0.7861239780587144,0.12514281185942636,1085613.878356252,-4498.35002783114,1081115.528328421,2762,0,1047.771028037383,80,134,43,36.93616446329089,0.6100260416666667,42.21965020576129,8422.782258017676,105.28477822522095,8
2765,32.1566365167614,4,2,214,0.018518518518518517,0.009259259259259259,0.9907407407407407,216,6250,4400,1850,0.704,81,44,37,199.5161754153434,0.4457346396784381,0.782336516136573,0.12267540931172706,1070519.3049441145,-6732.81651385205,1063786.4884302625,2763,0,1038.5925925925926,86,130,34,36.81780041142712,0.610343992248062,41.96599616858235,8297.505670171447,96.48262407176102,0
2766,32.32816269930135,2,1,215,0.009259259259259259,0.004629629629629629,0.9953703703703703,216,6500,5000,1500,0.7692307692307693,80,50,30,203.09814471022082,0.44624111757105944,0.7880419433443047,0.12544035465727546,1077581.0578480794,-5929.057275235971,1071652.0005728435,2764,0,1039.5833333333333,90,126,40,36.56011704202872,0.6106481481481482,41.80402930402928,8347.00134896331,92.74445943292565,0
2767,31.906748013898905,2,2,215,0.009216589861751152,0.009216589861751152,0.9907834101382489,217,6200,4300,1900,0.6935483870967742,81,43,38,201.14551090774103,0.4467005888376856,0.7866202918852088,0.12522930195223933,1065893.0674951705,-6720.078873132656,1059172.988622038,2765,0,1033.0138248847927,76,141,39,36.31860487430437,0.6188322368421053,41.51785714285716,8247.324598235517,108.51742892415153,0
2768,31.451273671444053,2,0,217,0.009216589861751152,0.0,1.0,217,6000,4600,1400,0.7666666666666667,74,46,28,197.55233048346832,0.44625789383853903,0.7831503199592629,0.1236024266158778,1052114.341754029,-7830.471970281973,1044283.869783747,2766,0,1033.6359447004609,79,138,43,36.23127988925247,0.6193301687763713,41.34114583333336,8135.150409938026,102.97658746756996,0
2769,31.250648762602815,1,0,218,0.0045871559633027525,0.0,1.0,218,5200,3900,1300,0.75,65,39,26,194.51318947657361,0.4460476296171028,0.7819570975942538,0.12247918414294229,1047236.1772185536,-8059.7502067926425,1039176.427011761,2767,0,1029.8899082568807,82,136,45,36.07879257966519,0.6204268292682926,41.114457831325325,8090.341148029316,98.66269692718679,0
2770,31.525071578265656,1,1,218,0.0045662100456621,0.0045662100456621,0.995433789954338,219,6850,5000,1850,0.7299270072992701,87,50,37,211.01898946810562,0.4462920489296636,0.8038010276375314,0.12929602007179622,1048468.1796044882,-6400.660850079355,1042067.5187544088,2768,0,1026.1826484018266,70,149,36,36.649790469689215,0.615922619047619,42.092136150234744,8130.5638684614505,116.15091240659216,8
2771,32.00801122098924,0,1,217,0.0,0.0045871559633027525,0.9954128440366973,218,5950,4000,1950,0.6722689075630253,79,40,39,231.40192764209118,0.44614451655181164,0.8180803287794585,0.1343376664936313,1048160.5256449387,-1040.7267774828324,1047119.7988674559,2769,1,1031.6743119266055,71,147,36,38.16078024007389,0.5952171361502347,44.082754629629626,8191.4020614594565,115.37186002055573,8
2772,32.322981803208016,5,1,221,0.02252252252252252,0.0045045045045045045,0.9954954954954955,222,6600,4600,2000,0.696969696969697,86,46,40,222.30034701157518,0.44793662440721266,0.8150690098965956,0.13042477006748487,1061752.1148419154,-3794.4272860736655,1057957.6875558419,2770,0,1014.0360360360361,65,157,42,37.98901888341542,0.6025641025641026,43.686868686868685,8284.804679357607,127.45853352857857,0
2773,32.28333173416203,1,0,222,0.0045045045045045045,0.0,1.0,222,4750,3300,1450,0.6947368421052632,62,33,29,221.15712142253943,0.447875477287242,0.8141113927862189,0.13058874640217608,1062426.5947101056,-2157.358518232513,1060269.236191873,2771,0,1014.9954954954954,68,154,43,37.77423894707934,0.6032475490196079,43.44806763285023,8282.35113964898,121.79928146542616,0
2774,32.67869245800525,3,3,222,0.013333333333333334,0.013333333333333334,0.9866666666666667,225,7050,5300,1750,0.75177304964539,88,53,35,230.9653472000412,0.4494204695767196,0.8161369249325128,0.13241151333881926,1066161.370660373,-2800.7337708306377,1063360.6368895425,2772,0,1002.4488888888889,70,155,36,38.65707502919612,0.5909226190476191,44.55692488262913,8347.545692287753,119.2506527469679,8
2775,32.44186689275735,0,0,222,0.0,0.0,1.0,222,5900,3900,2000,0.6610169491525424,79,39,40,229.87062854442286,0.44930818827877655,0.8128549745397564,0.13217561141304357,1059367.1349548579,-1596.5221657244074,1057770.6127891336,2773,1,1015.7747747747748,71,151,40,38.56997282608695,0.5915492957746479,44.44444444444446,8290.69931703802,116.77041291602843,0
2776,32.43874404094153,3,1,224,0.013333333333333334,0.0044444444444444444,0.9955555555555555,225,6700,5400,1300,0.8059701492537313,80,54,26,224.0914148380645,0.45059771825396827,0.8117561790367984,0.1301396943341014,1062376.1541690503,-4086.1249044068145,1058290.0292646436,2774,0,1003.2177777777778,74,151,35,38.33426041497079,0.5938907657657657,44.069444444444464,8302.06578392268,112.1900781611173,0
2777,32.479007313883656,2,1,225,0.008849557522123894,0.004424778761061947,0.995575221238938,226,6950,5500,1450,0.7913669064748201,84,55,29,230.81524708620807,0.45094231399541135,0.8148813913470998,0.13009586653949887,1054272.599954135,-3481.5618690735582,1050791.0380850614,2775,0,999.7522123893805,72,154,45,39.324433430406216,0.5833333333333333,45.20547945205479,8275.473096414178,114.93712633908581,8
2778,31.97629782217009,5,0,230,0.021739130434782608,0.0,1.0,230,6850,5200,1650,0.7591240875912408,85,52,33,223.2949952580682,0.4530310581608759,0.8129980994828621,0.12718220536270325,1041221.2173937701,-6350.102639891619,1034871.1147538784,2776,0,983.3391304347826,78,152,42,39.10647239158145,0.5846688034188035,44.80485232067511,8160.1960449667795,104.6178980123946,0
2779,31.97526082120295,2,3,229,0.008620689655172414,0.01293103448275862,0.9870689655172413,232,6050,4300,1750,0.7107438016528925,78,43,35,219.38355121492208,0.45379829700950386,0.8112272821303821,0.12593099935837582,1043603.5678224501,-6660.108646109235,1036943.4591763408,2777,0,975.8534482758621,69,163,43,38.90387471605804,0.5919384057971014,44.5089285714286,8169.393646417224,118.39700936836556,0
2780,32.288543819508,5,2,232,0.021367521367521368,0.008547008547008548,0.9914529914529915,234,7450,5400,2050,0.7248322147651006,95,54,41,210.96663940050325,0.45519736681217365,0.8069583948085681,0.12273200335867274,1058000.0954118615,-9609.455077109398,1048390.6403347522,2778,0,968.3247863247864,77,157,38,38.60307223468446,0.5932088744588744,44.00373931623933,8265.746480717846,107.34735689243955,0
2781,32.76581194656889,0,1,231,0.0,0.004310344827586207,0.9956896551724138,232,6250,4400,1850,0.704,81,44,37,227.56071293080294,0.4542511786585062,0.818765020595867,0.13230416652068547,1073444.5098492843,-3795.2404094078447,1069649.2694398765,2779,1,977.6379310344828,78,154,37,38.20195659266128,0.5925480769230769,44.02689873417722,8387.166499456007,107.52777563405137,8
2782,32.45740940850565,0,4,227,0.0,0.017316017316017316,0.9826839826839827,231,5800,3800,2000,0.6551724137931034,78,38,40,227.34832932002126,0.4544019386410691,0.8179381418648304,0.13265871603891694,1064466.4445289504,-3599.066443823801,1060867.3780851266,2780,2,982.1038961038961,80,151,38,38.06887605657378,0.5930989583333333,43.8914609053498,8312.619706409358,103.90774633011696,0
2783,32.453231899415265,3,1,229,0.013043478260869565,0.004347826086956522,0.9956521739130435,230,8300,6200,2100,0.7469879518072289,104,62,42,222.61230647010564,0.45352469780393645,0.8137263511723154,0.13085593408984714,1066619.583779963,-6811.470865712164,1059808.1129142507,2781,0,987.2826086956521,69,161,41,37.90864966045618,0.6009963768115942,43.616071428571395,8320.48708921162,120.58676940886406,0
2784,32.47437035286403,1,2,228,0.004347826086956522,0.008695652173913044,0.991304347826087,230,6900,4800,2100,0.6956521739130435,90,48,42,218.23424747745685,0.4533712265046516,0.8095239864049184,0.12933832236575288,1069852.4716244608,-6204.310188627973,1063648.1614358327,2782,0,988.2478260869565,75,155,44,37.70957923964116,0.6011111111111112,43.31140350877191,8335.800547812969,111.14400730417292,0
2785,32.252893060784054,0,0,228,0.0,0.0,1.0,228,6200,4300,1900,0.6935483870967742,81,43,38,217.56149623476344,0.4527816420640441,0.8079307011924439,0.12913060670055665,1063009.9473030425,-5545.9930704629105,1057463.9542325796,2783,1,997.4824561403509,75,153,42,37.670830664104194,0.6016666666666667,43.2565789473684,8280.718103270336,110.40957471027114,0
2786,31.74150618980756,2,2,228,0.008695652173913044,0.008695652173913044,0.991304347826087,230,6500,4500,2000,0.6923076923076923,85,45,40,215.0394969124502,0.453160005695842,0.8076577615506131,0.12841958240599438,1048004.0010893316,-7427.549368703143,1040576.4517206284,2784,0,989.8,80,150,35,37.503961899042444,0.6018229166666667,43.029835390946495,8156.620070534123,101.95775088167655,0
2787,31.649099217695476,0,0,228,0.0,0.0,1.0,228,7650,5100,2550,0.6666666666666666,102,51,51,216.01183643946663,0.45233684661359713,0.8074520150686901,0.12927079601054034,1045580.6463537522,-8078.440887112401,1037502.2054666398,2785,1,999.4517543859649,80,148,36,37.400148422386714,0.6026041666666666,42.95267489711933,8135.316295824271,101.69145369780338,0
2788,31.762010503046312,2,2,228,0.008695652173913044,0.008695652173913044,0.991304347826087,230,6650,4700,1950,0.706766917293233,86,47,39,215.51351567675,0.45293770963863045,0.8094339935257935,0.12974692384863817,1051106.4071731756,-7344.472567950328,1043761.9346052252,2786,0,991.7521739130435,84,146,40,37.188388192889704,0.6032986111111112,42.7328431372549,8171.322138363372,97.27764450432585,0
2789,32.20836537524296,1,3,226,0.004366812227074236,0.013100436681222707,0.9868995633187773,229,5700,4300,1400,0.7543859649122807,71,43,28,218.97111892059047,0.45241355754743484,0.812168005268749,0.1324006076968645,1067190.9651275116,-4763.200052816757,1062427.765074695,2787,0,997.0349344978166,69,160,40,36.93752769909628,0.6115640096618358,42.57440476190476,8291.257628367974,120.16315403431845,0
2790,31.90603949711042,0,0,226,0.0,0.0,1.0,226,5650,3700,1950,0.6548672566371682,76,37,39,223.1348842578906,0.4515560471976401,0.8120760667711036,0.1353727285006979,1058181.8517339367,-3626.5429979093005,1054555.3087360275,2788,1,1010.9955752212389,68,158,43,36.70488960531457,0.6133578431372548,42.45169082125605,8217.346525071041,120.84333125104473,0
2791,32.161533483819014,1,1,226,0.004405286343612335,0.004405286343612335,0.9955947136563876,227,7100,4800,2300,0.676056338028169,94,48,46,223.60983573104758,0.45124621522227853,0.8121034129844698,0.13665045516897373,1068844.9085656425,-4699.153114734025,1064145.7554509086,2789,0,1007.5374449339207,71,156,39,36.422558922558906,0.6144366197183099,42.18750000000001,8291.645351297106,116.78373734221276,0
2792,32.31034477275938,1,0,227,0.004405286343612335,0.0,1.0,227,6500,4400,2100,0.676923076923077,86,44,42,222.16922995682089,0.45192438891271297,0.8120053983001458,0.1367129106663331,1075876.2181200506,-4094.6818182822053,1071781.5363017684,2790,0,1008.3436123348017,76,151,36,36.20386873558402,0.6145833333333333,41.93722943722945,8338.097089896639,109.71180381442946,0
2793,31.844685996544648,0,0,227,0.0,0.0,1.0,227,6700,4900,1800,0.7313432835820896,85,49,36,224.02991697928448,0.45171484542512963,0.8130435842450354,0.13853746417104038,1061826.3493998104,-4523.82621950859,1057302.5231803018,2791,1,1009.3436123348017,77,150,38,35.974804347451354,0.6159361471861472,41.76014957264958,8223.56694865365,106.79957076173571,0
2794,31.726085936366047,2,0,229,0.008733624454148471,0.0,1.0,229,6000,3700,2300,0.6166666666666667,83,37,46,223.50240987566912,0.45236487780586837,0.8141393301975275,0.1390904105027061,1059735.7485378913,-4429.30127407664,1055306.4472638147,2792,0,1001.5196506550218,69,160,38,35.75593250427009,0.6221316425120773,41.53273809523813,8200.15456292778,118.84281975257653,0
2795,32.1217542065834,1,0,230,0.004347826086956522,0.0,1.0,230,7650,5900,1750,0.7712418300653595,94,59,35,221.9493652179603,0.4527268843744067,0.8124741172656462,0.13875044869512182,1074294.8738791207,-5962.186937123441,1068332.6869419971,2793,0,998.1608695652174,73,157,39,35.63080562056645,0.6217180365296804,41.3710585585586,8307.615287690933,113.80294914645113,0
2796,31.97011533131217,0,0,230,0.0,0.0,1.0,230,7550,5800,1750,0.7682119205298014,93,58,35,226.18136041868388,0.4526695304094677,0.8146773256424424,0.14204372391915668,1070569.2929260405,-5121.4361807033665,1065447.8567453371,2794,1,999.1608695652174,74,156,38,35.354948210164814,0.6228885135135135,41.20833333333337,8273.599430115915,111.80539770426913,0
2797,31.500160707838507,0,1,229,0.0,0.004347826086956522,0.9956521739130435,230,6300,4100,2200,0.6507936507936508,85,41,44,228.4891898736601,0.45256747990633506,0.815420501596112,0.14402366652997478,1055900.5576016412,-4047.6274012907506,1051852.9302003505,2795,2,1000.1608695652174,75,155,42,35.161198895417584,0.62375,41.07730263157897,8156.10657801236,108.74808770683147,0
2798,31.100375146349396,1,3,227,0.004347826086956522,0.013043478260869565,0.9869565217391304,230,7950,6000,1950,0.7547169811320755,99,60,39,231.5167907373435,0.4522807100816404,0.8173131003946048,0.14675335807503118,1044099.1157121469,-5604.704703724866,1038494.411008422,2796,0,1001.0565217391304,77,153,36,34.879647047707444,0.6248647186147186,40.87873931623934,8058.768415660007,104.65933007350658,0
2799,31.1800914027196,0,1,226,0.0,0.004405286343612335,0.9955947136563876,227,7200,4400,2800,0.6111111111111112,100,44,56,236.2085736923828,0.45154591114056636,0.8200397772254666,0.15028888134929838,1047841.9860842825,-3098.1478024071703,1044743.8382818754,2797,1,1014.8105726872246,76,151,39,34.6229692826828,0.6266447368421053,40.74675324675328,8083.539930218135,106.3623675028702,0
2800,31.193007207734283,1,1,226,0.004405286343612335,0.004405286343612335,0.9955947136563876,227,5950,4500,1450,0.7563025210084033,74,45,29,231.38351034799356,0.45145738307798267,0.8161742875060847,0.14779299162822332,1049383.0178914268,-2788.0147241423274,1046595.0031672844,2798,0,1014.9471365638766,68,159,40,34.60804427113649,0.632046568627451,40.609903381642496,8091.157153431278,118.98760519751879,0
2801,31.48568108869798,0,1,225,0.0,0.004424778761061947,0.995575221238938,226,6900,4800,2100,0.6956521739130435,90,48,42,231.2610860049519,0.4511746148803671,0.8153655885275479,0.14815322622168725,1060078.1843919766,-3069.0335654710516,1057009.1508265056,2799,1,1020.4159292035398,69,157,38,34.504864854532265,0.6325483091787439,40.50595238095236,8170.346827748688,118.4108235905607,0
2802,31.634100641035367,0,1,224,0.0,0.0044444444444444444,0.9955555555555555,225,6550,4500,2050,0.6870229007633588,86,45,41,231.2662504414534,0.4506894841269841,0.8150683142455304,0.14870957731874754,1066145.6812949718,-2237.2971725129955,1063908.3841224588,2800,2,1025.92,70,155,43,34.37135039933693,0.6333333333333333,40.37558685446007,8212.984814315694,117.3283544902242,0
2803,32.09751793135866,0,0,224,0.0,0.0,1.0,224,6750,4900,1850,0.725925925925926,86,49,37,232.9400307639667,0.4504257420456972,0.8147009353788877,0.15026850062182756,1082699.8018950128,-1109.1749676874824,1081590.6269273253,2801,3,1031.2767857142858,71,153,38,34.213002933585834,0.633949530516432,40.263310185185155,8336.90305876269,117.42116984172802,0
2804,31.701320372523114,0,0,224,0.0,0.0,1.0,224,6600,4300,2300,0.6515151515151515,89,43,46,233.43471770155372,0.4502776832425795,0.8156120873763888,0.15121655291951025,1070530.2488033695,-1420.2147159228307,1069110.0340874468,2802,4,1032.2767857142858,73,151,42,34.05170079081354,0.634417808219178,40.11824324324321,8238.594829919983,112.85746342356141,0
2805,31.988699202567055,0,1,223,0.0,0.004464285714285714,0.9955357142857143,224,7650,5800,1850,0.7581699346405228,95,58,37,239.18796835913304,0.4499919923126201,0.8190256184927303,0.15570302457729665,1081645.6298980739,-706.6758600295179,1080938.9540380444,2803,5,1033.2767857142858,76,148,32,33.72847630442695,0.6347313596491229,39.94859307359304,8318.706233373106,109.45666096543562,0
2806,32.20484218813004,0,1,222,0.0,0.004484304932735426,0.9955156950672646,223,6300,4200,2100,0.6666666666666666,84,42,42,241.9611905479652,0.4495128536608357,0.8204293862450092,0.158125707706727,1090087.416749066,1851.7698315915159,1091939.1865806575,2804,6,1038.3946188340808,76,147,35,33.51780360144888,0.6361019736842105,39.81331168831166,8379.271236530021,110.2535689017108,0
2807,32.59676337334591,0,0,222,0.0,0.0,1.0,222,6400,4500,1900,0.703125,83,45,38,245.7600000000002,0.4492682727976846,0.8232792792792798,0.16168421052631582,1105304.7476313568,3527.93895557644,1108832.6865869332,2805,7,1043.7522522522522,65,157,40,33.18333333333334,0.6442307692307692,39.58333333333333,8488.74046180882,130.5960071047511,0
2808,32.5991071887955,1,0,223,0.004484304932735426,0.0,1.0,223,6550,4700,1850,0.7175572519083969,84,47,37,244.07385025073825,0.4493091746454975,0.8225140997807932,0.16143796036024696,1106945.3159220924,2885.281054824858,1109830.5969769172,2806,0,1040.067264573991,67,156,38,33.038933301982894,0.6449004975124378,39.39950980392156,8495.343313354595,126.79616885603873,0
2809,32.7183400457806,0,0,223,0.0,0.0,1.0,223,6850,5300,1550,0.7737226277372263,84,53,31,244.32928525693364,0.4489826149018974,0.8237316730182467,0.16233306376438408,1112300.5372104442,2903.5190495061906,1115204.0562599504,2807,1,1041.067264573991,67,156,41,32.87534758939413,0.646455223880597,39.24632352941176,8531.427454952156,127.33473813361427,0
2810,33.11198694698453,0,2,221,0.0,0.008968609865470852,0.9910313901345291,223,7150,5200,1950,0.7272727272727273,91,52,39,241.54982673689395,0.4489262244307088,0.8215929584735855,0.161042274810975,1126700.395917851,2680.857083669369,1129381.2530015204,2808,2,1042.067264573991,70,153,37,32.827175074517726,0.6459821428571428,39.12852112676055,8637.973003291236,123.39961433273194,0
2811,32.64656439422661,0,1,220,0.0,0.004524886877828055,0.995475113122172,221,6350,4500,1850,0.7086614173228346,82,45,37,245.9489773591569,0.44868452625805566,0.8235187278627008,0.16447144395731847,1111738.2979815933,4136.17949591633,1115874.4774775095,2809,3,1048.3710407239819,70,151,42,32.607188366689144,0.6470238095238094,39.02582159624412,8519.910320488576,121.71300457840823,0
2812,32.14504895577661,0,0,220,0.0,0.0,1.0,220,6150,5000,1150,0.8130081300813008,73,50,23,244.351176591484,0.4482193510446935,0.8203753018213618,0.1640182622623242,1095729.0000881066,3398.534079387514,1099127.5341674942,2810,4,1049.6363636363637,72,148,31,32.518353554122484,0.6472800925925926,38.898401826484005,8393.123655719151,116.57116188498821,0
2813,32.39792051952407,0,1,219,0.0,0.004545454545454545,0.9954545454545455,220,6050,4400,1650,0.7272727272727273,77,44,33,245.8461112478,0.4482764286702643,0.8223935155753344,0.16543997133381322,1105072.9996517932,4285.579921866856,1109358.57957366,2811,5,1050.6363636363637,72,148,32,32.39159928613052,0.6481481481481481,38.81278538812784,8461.922619711284,117.52670305154561,0
2814,31.94498076195516,0,1,218,0.0,0.0045662100456621,0.995433789954338,219,7100,5400,1700,0.7605633802816901,88,54,34,242.31090148970088,0.44785426528702893,0.8179355548273832,0.16352175930719987,1090418.404245578,1944.053306741187,1092362.4575523192,2812,6,1056.2237442922374,76,143,32,32.3863734424079,0.647203947368421,38.71753246753245,8346.663398760807,109.82451840474747,0
2815,31.649146116232263,0,1,217,0.0,0.0045871559633027525,0.9954128440366973,218,5950,4400,1550,0.7394957983193278,75,44,31,247.662314099245,0.44763701574148457,0.8214627321243337,0.1674618796185953,1080867.9457689007,3988.051336964414,1084855.997105865,2813,15,1062.0412844036698,75,143,33,32.178693797636534,0.6483333333333333,38.65131578947367,8271.46269386396,110.28616925151945,0
2816,32.16062853844611,0,0,217,0.0,0.0,1.0,217,6600,4600,2000,0.696969696969697,86,46,40,250.4829837481006,0.44723573419809975,0.8232618910164788,0.17000334287995142,1099392.4398712756,5075.8197298126015,1104468.2596010882,2814,16,1067.3041474654378,64,153,36,31.976153264689074,0.6555989583333333,38.52564102564105,8409.179731302722,131.39343330160503,0
2817,32.63897794540315,0,1,216,0.0,0.004608294930875576,0.9953917050691244,217,5100,3700,1400,0.7254901960784313,65,37,28,247.092571883158,0.44694860471070147,0.8215970657208516,0.16840124370505916,1116934.9306790251,6697.2649295236,1123632.1956085488,2815,17,1068.3041474654378,66,151,34,31.921911214120154,0.6557765151515151,38.386194029850756,8538.807243272704,129.3758673223137,0
2818,32.42424582555787,0,2,214,0.0,0.009259259259259259,0.9907407407407407,216,5350,3800,1550,0.7102803738317757,69,38,31,247.06866158880177,0.44674759546368076,0.8211273550453717,0.1692247037230878,1110997.0244018561,6348.509569621621,1117345.5339714778,2816,18,1071.263888888889,67,149,41,31.752211461563974,0.6568718905472637,38.219975490196084,8488.019866926463,126.68686368546959,0
2819,31.9365164870101,0,1,213,0.0,0.004672897196261682,0.9953271028037384,214,5950,4100,1850,0.6890756302521008,78,41,37,245.5495858641776,0.44615336097582375,0.819087048727857,0.16927184873176235,1096078.9757830082,5078.347715589813,1101157.323498598,2817,19,1081.3738317757009,67,147,41,31.572250969615464,0.6590485074626866,38.00551470588235,8367.1911991013,124.88345073285522,0
2820,32.071197886050165,0,1,212,0.0,0.004694835680751174,0.9953051643192489,213,6500,4000,2500,0.6153846153846154,90,40,50,229.53575460338072,0.4456652124486964,0.8130078748010972,0.15108544641588967,1087626.2777605844,829.823678448492,1088456.101439033,2818,20,1086.8779342723005,60,153,43,33.58837125434396,0.6477430555555556,39.5662568306011,8352.422113390574,139.20703522317623,8
2821,32.19506349025905,0,0,212,0.0,0.0,1.0,212,6250,4500,1750,0.72,80,45,35,231.68639552255877,0.44538585352767596,0.8140397338510537,0.15358813372058416,1093868.1983881008,2036.8760122590074,1095905.0744003598,2819,21,1092.0754716981132,63,149,41,33.28338328338326,0.6481481481481481,39.32291666666668,8392.515248372243,133.21452775194038,0
2822,31.822426058107208,0,1,211,0.0,0.0047169811320754715,0.9952830188679245,212,6100,4400,1700,0.7213114754098361,78,44,34,230.13800989675912,0.44520887358788636,0.812952998341663,0.1528304253477668,1081705.9457795508,1288.3307310397422,1082994.2765105905,2820,22,1093.0754716981132,64,148,43,33.262266953493146,0.6481119791666667,39.26282051282053,8297.289614830237,129.64515023172245,0
2823,32.249594438930146,0,0,211,0.0,0.0,1.0,211,6100,4500,1600,0.7377049180327869,77,45,32,229.65439303558108,0.44489769051380423,0.8120228889052072,0.1531637804108535,1097453.4378329073,2107.000630065948,1099560.4384629733,2821,23,1098.2985781990521,66,145,43,33.12562077870482,0.6483585858585859,39.1169154228856,8413.373673589107,127.47535869074405,0
2824,32.19849001636118,0,0,211,0.0,0.0,1.0,211,5600,4300,1300,0.7678571428571429,69,43,26,228.56819230957413,0.4446804709245467,0.8108976080165535,0.1526147400865934,1096042.7940550423,2304.1040262195356,1098346.898081262,2822,24,1099.2985781990521,67,144,43,33.11396749447151,0.6481654228855722,39.077818627451,8401.300251971252,125.3925410741978,0
2825,32.150446998351455,0,0,211,0.0,0.0,1.0,211,6600,4600,2000,0.696969696969697,86,46,40,229.85775731125284,0.4444792371925073,0.8127514243322287,0.15382232792887449,1095050.016596465,1541.1481917030214,1096591.164788168,2823,25,1100.2985781990521,67,144,43,33.001966193215196,0.6489427860696517,39.0012254901961,8391.227266512176,125.24219800764442,0
2826,31.66678019363497,0,0,211,0.0,0.0,1.0,211,5950,4100,1850,0.6890756302521008,78,41,37,230.1716061345174,0.44427894380501015,0.8133320548995959,0.15481993725222282,1080004.2650856173,1567.2632653773653,1081571.5283509947,2824,26,1101.2985781990521,68,143,41,32.81707610789983,0.6501225490196079,38.828502415458956,8270.460406852173,121.62441774782607,0
2827,32.160220477140136,0,1,210,0.0,0.004739336492890996,0.995260663507109,211,7050,5300,1750,0.75177304964539,88,53,35,231.09904434412857,0.44375987361769353,0.8142388697964957,0.1561584285985443,1098133.7293348939,1505.5310822696856,1099639.2604171636,2825,27,1102.2985781990521,70,141,42,32.634483307133806,0.6505952380952381,38.673708920187806,8404.311137600085,120.06158768000121,0
2828,31.76950738830562,0,0,210,0.0,0.0,1.0,210,6450,4600,1850,0.7131782945736435,83,46,37,233.29922947087167,0.44285239614186983,0.8148421445327569,0.1584288996524014,1086177.5065250953,2230.8750681793526,1088408.3815932747,2826,28,1107.7666666666667,59,151,44,32.40633160713494,0.6592514124293785,38.506944444444436,8307.50556046282,140.80517899089526,0
2829,31.670783432271662,1,0,211,0.004739336492890996,0.0,1.0,211,5850,4000,1850,0.6837606837606838,77,40,37,232.89694931942554,0.4430922289927029,0.8144914811130277,0.15900893528598903,1084295.2835032817,2455.812737871096,1086751.0962411528,2827,0,1103.5118483412323,62,149,44,32.232428703820695,0.6589381720430108,38.32671957671957,8287.397794297798,133.6677063596419,0
2830,32.03251672602377,0,0,211,0.0,0.0,1.0,211,7100,5400,1700,0.7605633802816901,88,54,34,232.1667473171844,0.4424697209057398,0.8129673351238784,0.15939515341020113,1098236.797179942,1694.8129970617838,1099931.6101770038,2828,1,1104.5118483412323,64,147,42,32.06153100775192,0.6595052083333333,38.141025641025635,8388.001976013265,131.06253087520727,0
2831,32.31606068707237,0,1,210,0.0,0.004739336492890996,0.995260663507109,211,5300,3700,1600,0.6981132075471698,69,37,32,236.19028754218374,0.4426145339652449,0.8159515623400908,0.16270554700598694,1108907.6135035327,4882.641618223048,1113790.2551217559,2829,2,1105.5118483412323,64,147,44,31.841341938378083,0.66064453125,38.028846153846146,8465.875705954662,132.2793079055416,0
2832,32.350761257782885,0,0,210,0.0,0.0,1.0,210,5750,4300,1450,0.7478260869565218,72,43,29,233.1188391109682,0.44250730994152043,0.8121079972134,0.16125136592209663,1111254.071599257,4060.8518257110245,1115314.923424968,2830,3,1111.2333333333333,68,142,38,31.78229274661137,0.6596200980392157,37.89251207729468,8479.376765664643,124.69671714212711,0
2833,31.860485104531968,0,0,210,0.0,0.0,1.0,210,5700,3800,1900,0.6666666666666666,76,38,38,232.27890246975372,0.44228943571048834,0.8115504165112528,0.16098700644028768,1094956.9728045296,3167.0807789278697,1098124.0535834574,2831,4,1112.2333333333333,69,141,40,31.737664131380814,0.6597222222222222,37.82738095238095,8352.94682398279,121.05720034757665,0
2834,32.09175084058387,0,0,210,0.0,0.0,1.0,210,6250,4300,1950,0.688,82,43,39,239.07841183019403,0.44187647148173465,0.8158528413635098,0.16614818336338033,1103656.2783820766,4522.078048401687,1108178.3564304784,2832,5,1113.2333333333333,69,141,40,31.46797927069148,0.6606280193236715,37.73809523809523,8416.443702595954,121.97744496515875,0
2835,32.273136059278244,0,0,210,0.0,0.0,1.0,210,6000,4000,2000,0.6666666666666666,80,40,40,247.36000000000004,0.4417967266651477,0.823314285714285,0.16273684210526304,1094331.056697531,6138.746036940143,1100469.8027344712,2833,6,1114.2333333333333,61,149,35,33.14166666666666,0.6468579234972678,39.58333333333333,8404.462515437037,137.778074023558,8
2836,32.55831237117857,0,0,210,0.0,0.0,1.0,210,6800,5500,1300,0.8088235294117647,81,55,26,243.54336002283299,0.4416163514847726,0.8206830175819921,0.1610917295229921,1105568.459985273,5050.771496016499,1110619.2314812895,2834,7,1115.2333333333333,61,149,35,33.05174553542647,0.6487363387978142,39.398521505376344,8484.744341218933,139.09416952817924,0
2837,32.435327451243445,0,1,209,0.0,0.004761904761904762,0.9952380952380953,210,5750,4100,1650,0.7130434782608696,74,41,33,246.8967253604161,0.44146445659603556,0.823099359584047,0.16408800065988707,1102765.547708619,6703.840513908707,1109469.3882225277,2835,8,1116.2333333333333,62,148,36,32.79793608521971,0.6496975806451613,39.23611111111111,8457.962123570765,136.41874392856073,0
2838,32.61547019281585,1,0,210,0.004761904761904762,0.0,1.0,210,6950,4800,2150,0.6906474820143885,91,48,43,249.08634148434197,0.44120860864281913,0.8259099027345354,0.16659232262664603,1110719.0681620196,6382.989821074882,1117102.0579830946,2836,0,1117.1904761904761,62,148,37,32.52053767528299,0.6518817204301075,39.02116402116401,8511.947445823484,137.28947493263684,0
2839,32.24209814294571,0,1,209,0.0,0.004761904761904762,0.9952380952380953,210,5700,3800,1900,0.6666666666666666,76,38,38,249.41479376238217,0.4409684248500038,0.8255139198185719,0.1675170919028961,1099207.149634033,7131.704905621671,1106338.8545396547,2837,1,1118.1904761904761,64,146,38,32.36544126672396,0.6520182291666667,38.87820512820513,8419.114537518553,131.5486646487274,0
2840,32.32964271979079,1,0,210,0.004761904761904762,0.0,1.0,210,4550,2900,1650,0.6373626373626373,62,29,33,253.63516958973906,0.44054311916154026,0.8287201392184773,0.1711753050370215,1103567.6028614836,9430.71122110301,1112998.3140825867,2838,0,1118.9238095238095,65,145,39,32.08817829457365,0.6530448717948718,38.715277777777786,8447.241717584246,129.95756488591147,0
2841,32.13304513473258,0,1,209,0.0,0.004761904761904762,0.9952380952380953,210,6500,4800,1700,0.7384615384615385,82,48,34,254.68517608725512,0.4403717627401838,0.8299812342065869,0.17296445436882257,1098627.4506913119,7460.825146721663,1106088.2758380335,2839,1,1119.9238095238095,55,155,39,31.844560629771898,0.6625,38.50446428571428,8402.647851638203,152.77541548433098,0
2842,31.676932657004752,0,0,209,0.0,0.0,1.0,209,5650,4000,1650,0.7079646017699115,73,40,33,256.64411687722884,0.43981950067476383,0.8304845880345006,0.17505354079710728,1084238.9335477736,8202.70871685527,1092441.642264629,2840,2,1125.6794258373207,56,153,38,31.644053689087556,0.6631324404761905,38.35891812865496,8287.986930744453,147.99976662043667,0
2843,31.654961379071707,1,0,210,0.004761904761904762,0.0,1.0,210,6200,4500,1700,0.7258064516129032,79,45,34,257.16267430751236,0.43960137085137085,0.8303789746750916,0.17658503635782502,1085337.3195328726,7621.649523364031,1092958.9690562366,2841,0,1121.3142857142857,58,152,40,31.401418104998225,0.6637931034482758,38.13559322033898,8289.307683163688,142.91909798558083,0
2844,31.21188468491628,0,0,210,0.0,0.0,1.0,210,5850,4200,1650,0.717948717948718,75,42,33,253.7854384626638,0.4394570707070707,0.8279371390703403,0.17486859663934193,1071083.9480585344,6515.101877671044,1077599.0499362054,2842,1,1122.3142857142857,61,149,39,31.372183565275,0.6627390710382514,38.02083333333332,8176.863539850441,134.04694327623673,0
2845,30.893052159587405,0,1,209,0.0,0.004761904761904762,0.9952380952380953,210,5700,4300,1400,0.7543859649122807,71,43,28,253.26186685656214,0.43924584187742083,0.8278845670525283,0.17528072048667523,1061328.597070197,6058.812368450882,1067387.409438648,2843,2,1123.3142857142857,63,147,36,31.235705784952913,0.6628637566137566,37.874348958333336,8097.861409996015,128.53748269834944,0
2846,31.160267849021192,0,0,209,0.0,0.0,1.0,209,5950,4100,1850,0.6890756302521008,78,41,37,258.4510113089047,0.439046972764078,0.8300868167841888,0.17951155980725422,1071472.3018501052,7634.620000527896,1079106.921850633,2844,3,1128.8947368421052,64,145,36,30.97869815855943,0.6634114583333333,37.75641025641025,8171.580498099068,127.68094528279794,0
2847,30.764796315830402,0,1,208,0.0,0.004784688995215311,0.9952153110047847,209,6650,4700,1950,0.706766917293233,86,47,39,261.44459501761406,0.4386501656238498,0.8326895893077177,0.18222194981038997,1058796.5585754968,6913.3274925628675,1065709.8860680596,2845,4,1129.8947368421052,65,144,36,30.782838536966835,0.6639423076923077,37.64204545454545,8071.389033428801,124.17521589890463,0
2848,30.902095532587417,0,1,207,0.0,0.004807692307692308,0.9951923076923077,208,6650,5100,1550,0.7669172932330827,82,51,31,263.3878690758167,0.43833321720549984,0.8335993291495343,0.1846912508344996,1065134.7077585512,7858.7121910436645,1072993.419949595,2846,5,1135.9567307692307,54,154,36,30.527753732958242,0.6741898148148149,37.443181818181834,8113.555878186757,150.25103478123623,0
2849,31.327339725163462,0,0,207,0.0,0.0,1.0,207,5500,3500,2000,0.6363636363636364,75,35,40,264.02930437031733,0.4382416396979503,0.8336212942012962,0.18632464744831073,1081506.306751311,10209.87156873204,1091716.178320043,2847,6,1141.8695652173913,54,153,36,30.2970784681178,0.6763117283950617,37.23484848484849,8231.733169449219,152.4395031379485,0
2850,31.112157919480033,0,1,206,0.0,0.004830917874396135,0.9951690821256038,207,5650,4300,1350,0.7610619469026548,70,43,27,261.2383901676096,0.4379729296624611,0.8312857229300572,0.18485526747413594,1074799.3907294937,9105.77251746021,1083905.1632469539,2848,7,1142.8695652173913,55,152,37,30.27983688344773,0.6763257575757575,37.14657738095239,8177.937194199645,148.68976716726627,0
2851,31.264854327574078,0,0,206,0.0,0.0,1.0,206,6250,4300,1950,0.688,82,43,39,258.1177456599929,0.4374052806062041,0.8281981044069051,0.18314185736609262,1080797.430444254,8344.599252276894,1089142.029696531,2849,8,1146.3543689320388,58,148,36,30.27163208666264,0.6747485632183908,37.05861581920905,8220.824073103144,141.73834608798524,0
2852,31.55559945593889,0,0,206,0.0,0.0,1.0,206,5400,3400,2000,0.6296296296296297,74,34,40,256.7199644324787,0.43691688373194415,0.8274497654914024,0.1826446934020083,1091578.40137932,9445.993675472331,1101024.3950547925,2850,9,1147.3543689320388,60,146,38,30.218139323508414,0.6741319444444445,36.97062841530056,8300.049494874114,138.3341582479019,0
2853,32.05954746784995,0,0,206,0.0,0.0,1.0,206,5800,4000,1800,0.6896551724137931,76,40,36,252.8767423802433,0.43654737943010496,0.8248554666536578,0.18101608537290778,1110682.5635430885,9173.157697462691,1119855.7212405512,2851,10,1148.3543689320388,62,144,36,30.116075167504203,0.674731182795699,36.77248677248677,8438.954955161556,136.11217669615414,0
2854,31.855169115512574,0,0,206,0.0,0.0,1.0,206,6650,5000,1650,0.7518796992481203,83,50,33,252.34699037028446,0.43594600994553634,0.8245382663685425,0.18150209132322215,1104892.833923385,7913.276264452101,1112806.1101878372,2852,11,1149.3543689320388,64,142,38,29.972239123821108,0.6749674479166667,36.618589743589745,8390.05936560015,131.09467758750233,0
2855,31.837459767944743,0,1,205,0.0,0.0048543689320388345,0.9951456310679612,206,6350,4400,1950,0.6929133858267716,83,44,39,251.26640981163737,0.43547043965585286,0.823980571065829,0.1811898119433192,1104970.6592333193,7978.4020985507095,1112949.06133187,2853,12,1150.3543689320388,66,140,38,29.91610606239425,0.6745580808080809,36.536069651741286,8388.022282767271,127.09124670859502,0
2856,31.812579347988855,0,0,205,0.0,0.0,1.0,205,5200,3400,1800,0.6538461538461539,70,34,36,249.9042645712483,0.43520644029969713,0.8222587381951254,0.1805587174892554,1104630.3577193914,9010.367433787684,1113640.7251531791,2854,13,1156.5365853658536,67,138,38,29.88801614059563,0.6745957711442786,36.4736519607843,8383.45285728325,125.12616204900372,0
2857,32.1875526899304,0,0,205,0.0,0.0,1.0,205,5850,4000,1850,0.6837606837606838,77,40,37,247.28554520761097,0.43486768691216326,0.8189476016822188,0.17962793621034936,1119106.3474386162,8497.764654331224,1127604.1120929474,2855,14,1157.5365853658536,59,146,38,29.781215024030555,0.6816737288135593,36.302083333333336,8487.790586933213,143.8608574056477,0
2858,32.24856428036684,0,0,205,0.0,0.0,1.0,205,5850,4100,1750,0.7008547008547008,76,41,35,245.65489830832743,0.43437649450023913,0.8176272318132503,0.179125327960333,1122261.3121347658,8287.79770156717,1130549.109836333,2856,15,1158.5365853658536,59,146,38,29.699701675879616,0.682909604519774,36.18055555555555,8507.798312577324,144.19997139961566,0
2859,32.174784090372135,0,0,205,0.0,0.0,1.0,205,6750,4700,2050,0.6962962962962963,88,47,41,243.9438756881004,0.4339869281045752,0.8166813678229297,0.1786186871866871,1120814.9710911394,6933.18959544375,1127748.160686583,2857,16,1159.5365853658536,60,145,37,29.609562010739467,0.6835069444444444,36.04849726775956,8492.582610739099,141.54304351231832,0
2860,32.0835321072082,0,0,205,0.0,0.0,1.0,205,4950,3300,1650,0.6666666666666666,66,33,33,243.26101249178183,0.4337368483978958,0.8165103189493434,0.178743961352657,1118576.367814909,8471.203956806827,1127047.5717717158,2858,17,1160.5365853658536,61,144,40,29.513888888888914,0.6839139344262295,35.9375,8472.057697059665,138.88619175507648,0
2861,32.11421078442037,0,1,204,0.0,0.004878048780487805,0.9951219512195122,205,4850,3200,1650,0.6597938144329897,65,32,33,245.20194862093447,0.4333562490036665,0.8172350620484727,0.18058170318008243,1120257.5980359353,9087.869199163828,1129345.467235099,2859,18,1161.5365853658536,64,141,40,29.388752376329737,0.6826171875,35.86538461538462,8482.474713923355,132.53866740505242,0
2862,32.19242482273111,0,0,204,0.0,0.0,1.0,204,6100,4500,1600,0.7377049180327869,77,45,32,241.56678974188048,0.4325759039247883,0.813115475878387,0.17839248751318107,1123720.7644856307,7390.723528617077,1131111.4880142477,2860,19,1167.862745098039,68,136,37,29.396283281910627,0.6810661764705883,35.778985507246375,8505.915145643718,125.08698743593702,0
2863,32.04137837548538,0,0,204,0.0,0.0,1.0,204,6000,4400,1600,0.7333333333333333,76,44,32,241.02183474672276,0.43241491999098486,0.8130379847451623,0.17844055051840546,1119122.1134593769,7146.57301832188,1126268.6864776986,2861,20,1168.862745098039,69,135,39,29.32918332301108,0.68131038647343,35.699404761904766,8468.555376889828,122.73268662159171,0
2864,32.44246557729628,0,0,204,0.0,0.0,1.0,204,6300,4300,2000,0.6825396825396826,83,43,40,240.22945062977482,0.4321100566663447,0.8118987468475345,0.17845899254945616,1134045.9815810877,7386.248628825781,1141432.2302099136,2862,21,1169.862745098039,70,134,39,29.24088151518514,0.6818452380952381,35.59272300469484,8578.02398230684,122.54319974724058,0
2865,32.29845911655144,0,0,204,0.0,0.0,1.0,204,4550,3000,1550,0.6593406593406593,61,30,31,239.97089589668192,0.4315863558066905,0.8121607758529512,0.17910871215477,1130272.2921263117,8896.49090974948,1139168.783036061,2863,22,1170.862745098039,72,132,39,29.096660373966184,0.6822916666666667,35.445205479452056,8544.712214909592,118.67655854041101,0
2866,32.72029125713066,0,0,204,0.0,0.0,1.0,204,5400,3600,1800,0.6666666666666666,72,36,36,240.0326165196843,0.4310329735342413,0.8116997025876653,0.17977953114841658,1145974.9960181974,8814.275352076535,1154789.271370274,2864,23,1171.862745098039,64,140,39,28.98375214451508,0.68798828125,35.33653846153846,8659.865546658857,135.31039916654464,0
2867,32.22547163014099,0,0,204,0.0,0.0,1.0,204,6350,4400,1950,0.6929133858267716,83,44,39,225.03439883429363,0.430635041372871,0.7998109016359263,0.15571125366279992,1107043.7445058252,2674.584705626817,1109718.329211452,2865,24,1172.862745098039,70,134,37,31.982886488301805,0.6586309523809524,37.88145539906104,8446.893722771416,120.66991032530593,7
2868,32.60510742766718,0,0,204,0.0,0.0,1.0,204,6200,4300,1900,0.6935483870967742,81,43,38,225.21011554135842,0.43034023954409345,0.8002190611910556,0.15606242844072496,1120501.6530874884,3469.661351223247,1123971.3144387116,2866,25,1173.862745098039,71,133,38,31.928483067527527,0.6585974178403755,37.832754629629626,8547.991199316504,120.39424224389442,0
2869,32.294495884501465,0,0,204,0.0,0.0,1.0,204,5600,3900,1700,0.6964285714285714,73,39,34,224.64764696353342,0.43003084854631507,0.800131047067693,0.15608232642805567,1110562.2949259088,3497.041272305383,1114059.3361982142,2867,26,1174.862745098039,71,133,39,31.85447352935767,0.6594776995305165,37.745949074074076,8469.362368321157,119.2867939200163,0
2870,32.4013185637407,0,1,203,0.0,0.004901960784313725,0.9950980392156863,204,5750,4500,1250,0.782608695652174,70,45,25,227.66474372209572,0.4298019495154384,0.802541359564312,0.15876023158560815,1115263.7635113113,4231.24778046874,1119495.01129178,2868,27,1175.862745098039,74,130,41,31.65164628659152,0.6592060810810811,37.625000000000014,8501.295958161496,114.88237781299318,0
2871,32.30897698930882,0,1,202,0.0,0.0049261083743842365,0.9950738916256158,203,5700,3900,1800,0.6842105263157895,75,39,36,230.78329295771337,0.42937822107333884,0.805287484557436,0.16171125885183427,1113425.7003701273,5092.009919033121,1118517.7102891605,2869,28,1182.1379310344828,62,141,42,31.40810660452619,0.6676747311827957,37.46693121693121,8482.174878244778,136.80927222975447,0
2872,32.2021852488962,0,1,201,0.0,0.0049504950495049506,0.995049504950495,202,5900,4200,1700,0.711864406779661,76,42,34,231.25344327519025,0.42922916358800056,0.8046022208370185,0.16283103273912827,1111092.100190258,5088.774792971766,1116180.8749832297,2870,29,1188.1138613861385,64,138,43,31.232842240117126,0.66796875,37.30769230769229,8459.2663557677,132.17603680887032,0
2873,31.939446383361403,0,0,201,0.0,0.0,1.0,201,5450,3800,1650,0.6972477064220184,71,38,33,205.83433586708475,0.42860696517412933,0.7809351363643131,0.13886402889476782,1090144.8225076087,-772.1528920411474,1089372.6696155674,2871,30,1192.7562189054727,83,118,37,33.349797095258445,0.6442018072289157,38.72767857142856,8344.893301724198,100.5408831533036,8
2874,31.911451884173516,0,0,201,0.0,0.0,1.0,201,5300,3400,1900,0.6415094339622641,72,34,38,204.91738226377325,0.4283271144278607,0.7815107728290809,0.139011521481641,1090740.7661430223,-797.6514947177875,1089943.1146483046,2872,31,1193.7562189054727,83,118,44,33.1839309428951,0.6460843373493976,38.54166666666667,8343.515023882881,100.52427739617929,0
2875,32.20532198755751,0,0,201,0.0,0.0,1.0,201,5250,3300,1950,0.6285714285714286,72,33,39,202.35821508448333,0.42800891376451083,0.7787245052597336,0.1377853892673588,1101832.8701742613,-857.0134140245227,1100975.8567602367,2873,32,1194.7562189054727,66,135,41,33.123947498761744,0.6554608585858586,38.417288557213936,8424.355448393284,127.64174921808007,0
2876,31.901551425095878,0,1,200,0.0,0.004975124378109453,0.9950248756218906,201,4750,2900,1850,0.6105263157894737,66,29,37,199.44248332936573,0.4280120232172471,0.7755385173928429,0.13627652536517795,1092418.0133508055,-1375.0877167164654,1091042.925634089,2874,33,1195.7562189054727,68,133,47,33.08071339294297,0.655484068627451,38.30012077294687,8348.632155103243,122.77400228093005,0
2877,31.875513316907085,0,0,200,0.0,0.0,1.0,200,5500,4500,1000,0.8181818181818182,65,45,20,194.47154374051684,0.42736442629815746,0.7683909287257029,0.1333410888764868,1092490.8814474253,-3008.322352496313,1089482.5590949291,2875,34,1200.55,69,131,47,33.0929578265318,0.6560990338164252,38.18452380952381,8345.50269788189,120.94931446205638,0
2878,31.4268569017167,0,0,200,0.0,0.0,1.0,200,5400,3400,2000,0.6296296296296297,74,34,40,194.50712242848024,0.42690274288107205,0.7676043125175018,0.1339346190112039,1078279.8707710071,-3453.3770327555744,1074826.4937382515,2876,35,1201.55,70,130,44,32.9475870437786,0.6569940476190477,38.042840375586856,8232.490169896595,117.60700242709422,0
2879,31.561587928519415,0,0,200,0.0,0.0,1.0,200,5850,4400,1450,0.7521367521367521,73,44,29,193.41808147790425,0.426750418760469,0.7522502969935108,0.12241608245302041,1059141.119246805,-4878.5913401841835,1054262.5279066209,2877,36,1202.55,87,113,39,35.92193639769716,0.6204501915708812,40.93276515151518,8176.573312068913,93.98360128814842,8
2880,31.896072858314334,1,0,201,0.004975124378109453,0.0,1.0,201,6200,4400,1800,0.7096774193548387,80,44,36,194.4760183970016,0.42705016583747923,0.7542640432415502,0.12359491793471317,1071570.2596845073,-4721.056492782767,1066849.2031917246,2878,0,1197.5621890547263,89,112,40,35.74596654164434,0.6212546816479401,40.78703703703707,8267.875552486286,92.89747811782344,0
2881,31.560323855690747,0,0,201,0.0,0.0,1.0,201,5400,3600,1800,0.6666666666666666,72,36,36,195.1461503182285,0.42691334991708124,0.7566230441188371,0.12438832141905948,1061142.8861898314,-4184.410164495751,1056958.4760253357,2879,1,1198.5621890547263,89,112,41,35.622396414490815,0.6223080524344569,40.682870370370395,8184.132592439317,91.95654598246423,0
2882,31.291102114904664,0,0,201,0.0,0.0,1.0,201,6450,4700,1750,0.7286821705426356,82,47,35,196.18707000370347,0.4263598673300166,0.7568666475529653,0.12558780623073795,1053309.8075598308,-5320.84700973432,1047988.9605500965,2880,2,1199.5621890547263,78,123,41,35.44228749534167,0.6279380341880342,40.53270042194094,8119.017766575625,104.08997136635416,0
2883,31.678312377717347,0,0,201,0.0,0.0,1.0,201,6400,5000,1400,0.78125,78,50,28,196.46598552309865,0.42637023217247094,0.7576384683803452,0.1262673941341863,1067488.2505037033,-4654.973766092372,1062833.2767376108,2881,3,1200.5621890547263,80,121,39,35.293134195274185,0.628515625,40.39351851851852,8223.895215650466,102.79869019563083,0
2884,31.53064736404956,0,0,201,0.0,0.0,1.0,201,5650,4000,1650,0.7079646017699115,73,40,33,196.00149040137512,0.4260064262023217,0.7565590037211298,0.12656717697065392,1063866.1335381302,-4146.130447795472,1059720.0030903348,2882,4,1201.5621890547263,83,118,39,35.13660810896823,0.6290160642570282,40.22817460317461,8190.773821702769,98.68402194822613,0
2885,32.046812843405185,0,0,201,0.0,0.0,1.0,201,5950,4100,1850,0.6890756302521008,78,41,37,193.14562702595956,0.4258322968490879,0.7547312573664453,0.1253473261213052,1082727.68944683,-4325.176304684799,1078402.5131421452,2883,5,1202.5621890547263,83,118,43,35.03383105937729,0.6307730923694779,40.05456349206349,8330.42275326709,100.36653919598903,0
2886,31.625043754332175,0,1,200,0.0,0.004975124378109453,0.9950248756218906,201,5750,4200,1550,0.7304347826086957,73,42,31,192.50440384429248,0.42587271973466007,0.7535156451484342,0.12530501379067088,1069329.5811758225,-4779.869292536383,1064549.7118832862,2884,6,1203.5621890547263,84,117,37,34.944922243166836,0.6314484126984127,39.95098039215685,8224.06162336919,97.9054955162999,0
2887,31.347280636095405,0,0,200,0.0,0.0,1.0,200,5550,3900,1650,0.7027027027027027,72,39,33,192.09518377586446,0.4257370184254607,0.7527269515240029,0.12534904598863417,1060637.0617766064,-4801.345739706026,1055835.7160369004,2885,7,1210.04,84,116,38,34.86813178185016,0.6323164682539683,39.86519607843137,8154.51870174505,97.07760359220298,0
2888,31.743365197097415,0,0,200,0.0,0.0,1.0,200,6600,5000,1600,0.7575757575757576,82,50,32,191.57342635224038,0.4254030569514238,0.7524368046180363,0.12519588595900408,1074465.7875922166,-5432.1815145402425,1069033.6060776764,2886,8,1211.04,85,115,38,34.828986468662244,0.6324754901960784,39.813468992248055,8259.196073144956,97.16701262523478,0
2889,31.793692160402898,0,0,200,0.0,0.0,1.0,200,5800,4000,1800,0.6896551724137931,76,40,36,190.94492154076585,0.4254653475711893,0.7533242870285206,0.1251852410825158,1077082.767138244,-4667.303107175706,1072415.4640310681,2887,9,1212.04,86,114,41,34.732827353572496,0.6332364341085271,39.703065134099596,8275.800617422825,96.2302397374747,0
2890,31.666467839803666,0,1,199,0.0,0.005,0.995,200,4450,2800,1650,0.6292134831460674,61,28,33,194.35629301442995,0.4253004606365159,0.7573954868290946,0.12769196971054325,1073373.859555901,-2726.6071276248795,1070647.2524282762,2888,10,1213.04,88,112,41,34.569697923222144,0.6332859848484849,39.630149812734075,8244.993487409529,93.69310781147192,0
2891,31.34513046010186,1,1,199,0.005,0.005,0.995,200,4850,3500,1350,0.7216494845360825,62,35,27,192.76203156106308,0.42512091708542715,0.7559793190548862,0.12696904283379137,1063199.520664128,-3861.10008840688,1059338.4205757212,2889,0,1213.415,75,125,42,34.52157773334034,0.6393055555555556,39.5422149122807,8164.083252923727,108.85444337231635,0
2892,31.632727305590674,0,0,199,0.0,0.0,1.0,199,5100,3500,1600,0.6862745098039216,67,35,32,190.8016118718654,0.42456601187756965,0.7526938952289999,0.1260232868536395,1073730.503106872,-3926.0978582439293,1069804.4052486282,2890,1,1219.9949748743718,76,123,41,34.47667878158531,0.6398026315789473,39.44805194805195,8241.968721667703,108.44695686404873,0
2893,31.527338871875784,0,0,199,0.0,0.0,1.0,199,6000,4300,1700,0.7166666666666667,77,43,34,186.140941768731,0.42423079200717395,0.7451632982180196,0.12346426654744257,1071338.0132520604,-5916.026652124288,1065421.9865999362,2891,2,1220.9949748743718,81,118,46,34.451239320404135,0.6391460905349795,39.303861788617866,8219.055491979552,101.46982088863645,0
2894,31.327703797008628,0,1,198,0.0,0.005025125628140704,0.9949748743718593,199,6700,4800,1900,0.7164179104477612,86,48,38,186.56316012414192,0.42411446965467064,0.7460998837782935,0.12430649582550873,1065816.802901588,-6731.569827454266,1059085.2330741338,2892,3,1221.9949748743718,83,116,43,34.282792567942316,0.6399347389558233,39.14930555555554,8171.853290799529,98.45606374457263,0
2895,30.86689656342565,0,0,198,0.0,0.0,1.0,198,6700,4900,1800,0.7313432835820896,85,49,36,186.9858008091835,0.4238519928558,0.7455652787036813,0.1250402254573141,1051131.1667183572,-6990.679407135384,1044140.4873112219,2893,4,1228.4141414141413,85,113,45,34.14632259661502,0.6404411764705882,39.02616279069767,8055.452438899802,94.77002869293884,0
2896,30.84762062579443,0,1,197,0.0,0.005050505050505051,0.9949494949494949,198,6500,4800,1700,0.7384615384615385,82,48,34,187.18355756143663,0.42370564784904885,0.7454455446874679,0.1255515762091371,1051300.496763066,-6742.766589957155,1044557.7301731088,2894,5,1229.4141414141413,89,109,36,34.0366903843596,0.6400983146067416,38.92361111111108,8053.5853987967275,90.4897235819857,0
2897,30.980244486234042,0,0,197,0.0,0.0,1.0,197,5050,3500,1550,0.693069306930693,66,35,31,187.81667019683718,0.4234564384129286,0.7466922991193341,0.12646174674599026,1056873.0194249419,-4750.3257341461685,1052122.6936907957,2895,6,1234.3197969543148,90,107,38,33.88760462772251,0.6410879629629629,38.793498168498154,8092.241288133828,89.91379209037586,0
2898,30.84677063905531,0,0,197,0.0,0.0,1.0,197,5650,4300,1350,0.7610619469026548,70,43,27,188.69105174292037,0.4230744328188128,0.7498053896297536,0.12765956150156926,1053619.304297103,-5288.293067107418,1048331.0112299956,2896,7,1235.3197969543148,91,106,39,33.70047074452723,0.6423992673992673,38.63224637681157,8062.35114845955,88.59726536768737,0
2899,30.879125510335218,0,0,197,0.0,0.0,1.0,197,5550,4300,1250,0.7747747747747747,68,43,25,190.0746938008315,0.4229093287061017,0.7511772639633056,0.12889957881170816,1055365.184991234,-4830.35712294676,1050534.8278682872,2897,8,1236.3197969543148,92,105,39,33.583419015794114,0.6428894927536232,38.552867383512535,8073.258822381747,87.75281328675813,0
2900,30.546565154108734,0,0,197,0.0,0.0,1.0,197,5500,4100,1400,0.7454545454545455,69,41,28,188.43976775759236,0.4227852308436065,0.7499315716134165,0.12813904207516377,1044728.6780517739,-5526.3141076452175,1039202.3639441287,2898,9,1237.3197969543148,77,120,37,33.53311376633989,0.6493506493506493,38.46153846153849,7989.101655690038,103.75456695701348,0
2901,30.15148609701148,0,0,197,0.0,0.0,1.0,197,6200,4500,1700,0.7258064516129032,79,45,34,187.26856000503412,0.42252084844089915,0.7472273844194568,0.12767398072193156,1031903.1001529129,-6951.398473926467,1024951.7016789864,2899,10,1238.3197969543148,80,117,40,33.47506226241972,0.6489583333333333,38.37448559670784,7888.398060154395,98.60497575192994,0
2902,30.455496090710106,0,0,197,0.0,0.0,1.0,197,6350,4800,1550,0.7559055118110236,79,48,31,187.30281114698113,0.42203416899754825,0.7488655974044041,0.1281758360572428,1043303.7042434368,-6667.256663028829,1036636.447580408,2900,11,1239.3197969543148,81,116,39,33.34683127072718,0.6498199588477367,38.24949186991873,7971.7415770971475,98.4165626802117,0
2903,30.96525492829334,1,0,198,0.005050505050505051,0.0,1.0,198,5150,3800,1350,0.7378640776699029,65,38,27,194.55951227496354,0.4222870626741185,0.756859796207205,0.13413204938880824,1062766.1668549213,-3395.7465828745208,1059370.4202720467,2901,0,1234.0555555555557,86,112,40,32.905470249520185,0.6504360465116279,38.00287356321841,8112.807810595286,94.33497454180565,0
2904,31.228266035749595,0,0,198,0.0,0.0,1.0,198,6350,4400,1950,0.6929133858267716,83,44,39,193.5513385522049,0.4219665991556854,0.7557949775508042,0.13386005792273295,1072651.7439963885,-4427.363829828183,1068224.3801665604,2902,1,1235.0555555555557,88,110,34,32.82491962132714,0.6508049242424243,37.89794007490638,8184.992855858841,93.01128245294137,0
2905,31.53232014859705,0,1,197,0.0,0.005050505050505051,0.9949494949494949,198,4300,2800,1500,0.6511627906976745,58,28,30,194.49290698372363,0.4215232912885197,0.7584801216283652,0.13501343979342934,1084114.1921591037,-1729.495852932626,1082384.6963061711,2903,2,1236.0555555555557,90,108,36,32.67462967813282,0.6513888888888889,37.77472527472529,8268.571313691227,91.87301459656919,0
2906,32.01880260175067,1,0,198,0.005050505050505051,0.0,1.0,198,4850,3100,1750,0.6391752577319587,66,31,35,195.53928212226273,0.4220584653643029,0.7604649054090138,0.13626588589639044,1101911.0157033606,-1356.6222053499996,1100554.3934980105,2904,0,1236.3484848484848,91,107,38,32.51716405564426,0.6523580586080586,37.64719202898553,8400.22277043898,92.31014033449429,0
2907,31.90688233172581,0,0,198,0.0,0.0,1.0,198,5550,4300,1250,0.7747747747747747,68,43,25,198.05043841189786,0.42192066605137674,0.7631064913618539,0.13844824626172997,1098920.5797387927,-1621.659480574811,1097298.920258218,2905,1,1237.3484848484848,93,105,40,32.34638011597145,0.6527777777777778,37.54432624113477,8374.142299917974,90.04454085933305,0
2908,31.477424611425093,0,0,198,0.0,0.0,1.0,198,5650,3900,1750,0.6902654867256637,74,39,35,195.95254567300373,0.4217118306585312,0.7609543381337724,0.13739936659504648,1084954.739167358,-2730.0713840334092,1082224.6677833246,2906,2,1238.3484848484848,74,124,39,32.299601495274366,0.6610360360360361,37.444444444444436,8264.57270631081,111.68341495014607,0
2909,31.72280237317238,0,2,196,0.0,0.010101010101010102,0.98989898989899,198,4500,3000,1500,0.6666666666666666,60,30,30,193.54537302131888,0.4213064443077133,0.7566050991920443,0.13614629458452354,1094284.575755854,-1741.2567187718168,1092543.3190370821,2907,3,1239.3484848484848,77,121,41,32.256075859263795,0.6607142857142857,37.33974358974357,8332.319405389297,108.21194032973112,0
2910,31.42964523341995,0,1,195,0.0,0.00510204081632653,0.9948979591836735,196,6450,4900,1550,0.7596899224806202,80,49,31,190.99245797907565,0.4206872492586778,0.7503126667514921,0.1351051264288904,1085681.09070388,-4178.619981012573,1081502.4707228674,2908,4,1237.4897959183672,81,115,37,32.136909364780166,0.6608796296296297,37.15701219512194,8261.061858799421,101.9884180098694,0
2911,31.116244556650326,0,0,195,0.0,0.0,1.0,195,5200,3500,1700,0.6730769230769231,69,35,34,189.6407560935602,0.4203167679971804,0.7480480534948835,0.13462779487659587,1075802.8633725448,-3396.786316483007,1072406.0770560617,2909,5,1244.6820512820514,83,112,42,32.05439951269353,0.6612700803212852,37.04117063492061,8182.291242854233,98.58182220306306,0
2912,30.851357794751124,1,1,195,0.00510204081632653,0.00510204081632653,0.9948979591836735,196,5500,3900,1600,0.7090909090909091,71,39,32,187.53333593915053,0.42024136577708004,0.7463575876709339,0.1337877486001655,1067937.5099236304,-4645.223237894238,1063292.2866857362,2910,0,1239.3265306122448,90,106,37,31.94752603033735,0.6604166666666667,36.881868131868146,8117.551628550279,90.1950180950031,0
2913,30.90731047082818,0,1,194,0.0,0.005128205128205128,0.9948717948717949,195,4250,3200,1050,0.7529411764705882,53,32,21,207.19351689247569,0.4198299409639616,0.7745919791765064,0.1386777429502239,1052752.9221124707,374.7160702626052,1053127.6381827334,2911,7,1246.6820512820514,77,118,35,33.58788716059487,0.6439393939393939,38.99572649572649,8066.9401154095185,104.76545604427946,8
2914,31.343500846381897,0,0,194,0.0,0.0,1.0,194,5300,3800,1500,0.7169811320754716,68,38,30,208.79869035229444,0.4193808646261774,0.775036084530325,0.14033735032525552,1068768.6558759334,531.4991272954703,1069300.155003229,2912,8,1249.8298969072166,79,115,37,33.401475867570795,0.6445147679324894,38.85416666666667,8185.224648112454,103.61043858370195,0
2915,31.41332657029024,0,0,194,0.0,0.0,1.0,194,5800,3700,2100,0.6379310344827587,79,37,42,208.06390160508727,0.41899860673397077,0.7663647040679522,0.13570063831793877,1062729.0015008564,-376.89151977037,1062352.109981086,2913,9,1250.8298969072166,86,108,35,34.47056003068663,0.6314195736434108,39.88266283524906,8171.1508589506575,95.0133820808216,8
2916,31.760795498345313,0,0,194,0.0,0.0,1.0,194,5050,3800,1250,0.7524752475247525,63,38,25,212.94056312751997,0.4188472615422965,0.7721002517545468,0.1396112994387052,1075979.5671264706,1973.9389875232282,1077953.506113994,2914,10,1251.8298969072166,87,107,38,34.15889798393212,0.6329022988505747,39.701704545454554,8267.280930499704,95.02621759195063,0
2917,32.01342589534165,0,0,194,0.0,0.0,1.0,194,6050,4800,1250,0.7933884297520661,73,48,25,210.2539967622086,0.4188450358777131,0.77071370341085,0.13838168602268283,1085642.0525372764,802.1161198179825,1086444.1686570945,2915,11,1252.8298969072166,73,121,40,34.093596292092315,0.6399828767123288,39.56925675675675,8337.280299686301,114.20931917378495,0
2918,32.24328105102088,0,0,194,0.0,0.0,1.0,194,5650,4100,1550,0.7256637168141593,72,41,31,210.24591966327932,0.41877604027562626,0.7716553613873611,0.13871733458853108,1094146.2533939965,1557.957058190269,1095704.2104521869,2916,12,1253.8298969072166,73,121,38,34.00757145944776,0.6408390410958904,39.484797297297284,8399.864898806885,115.06664244940939,0
2919,31.887469433272177,0,0,194,0.0,0.0,1.0,194,6150,4400,1750,0.7154471544715447,79,44,35,209.479721401286,0.418160087602158,0.7706387523685867,0.138644514529949,1082961.6273220773,421.69999594216097,1083383.3273180195,2917,13,1254.8298969072166,75,119,41,33.91823341221843,0.6409722222222223,39.37774122807016,8310.58431022022,110.80779080293627,0
2920,32.00315130330325,1,2,193,0.005128205128205128,0.010256410256410256,0.9897435897435898,195,5500,3800,1700,0.6909090909090909,72,38,34,191.29247065932694,0.41878359326812936,0.7512002927733277,0.12623769656937112,1086055.608379731,-2949.147879924731,1083106.4604998063,2918,0,1249.3897435897436,78,117,38,34.49425549144648,0.6386217948717949,39.47784810126581,8337.529845077315,106.89140827022199,8
2921,31.812212596502242,1,0,194,0.005154639175257732,0.0,1.0,194,4500,2900,1600,0.6444444444444445,61,29,32,188.6506851329187,0.4185523609849901,0.7461714917583351,0.1251166038180386,1080990.450671673,-2514.0821717294907,1078476.3684999435,2919,0,1255.1907216494844,82,112,37,34.38924192823672,0.6387195121951219,39.307228915662634,8293.213856106191,101.13675434275842,0
2922,31.50800595312539,0,1,193,0.0,0.005154639175257732,0.9948453608247423,194,5450,4000,1450,0.7339449541284404,69,40,29,188.68147807611746,0.41843273151363,0.7463388537959079,0.12568065667705414,1071868.003245911,-3801.6721690132317,1068066.331076898,2920,1,1256.1907216494844,85,109,42,34.23782021515362,0.639093137254902,39.15939922480618,8218.567202041551,96.6890259063712,0
2923,31.926863799831544,0,0,193,0.0,0.0,1.0,193,5150,3800,1350,0.7378640776699029,65,38,27,190.08005833030123,0.4186242893638457,0.7472398319984566,0.12708542795604966,1087173.5830428754,-2419.9963840098494,1084753.5866588654,2921,2,1262.678756476684,86,107,46,34.0720965620603,0.6400193798449613,39.03256704980841,8331.871687992378,96.88222893014392,0
2924,32.22898155482645,0,0,193,0.0,0.0,1.0,193,6350,4700,1650,0.7401574803149606,80,47,33,192.24456494114125,0.41851971790443293,0.7503245599570822,0.12910825538340875,1098735.7294444167,-2704.8055415343547,1096030.9239028823,2922,3,1263.678756476684,88,105,38,33.86121694307483,0.6408617424242424,38.881086142322076,8415.596658335362,95.63178020835639,0
2925,31.89164304901365,0,1,192,0.0,0.0051813471502590676,0.9948186528497409,193,5250,3900,1350,0.7428571428571429,66,39,27,194.8499010105833,0.4184803630541163,0.7526906868516205,0.13122862476061184,1088031.8043833582,-1449.4221239078297,1086582.3822594504,2923,4,1264.678756476684,93,100,39,33.69569828610212,0.6402329749103943,38.785460992907765,8330.560837226729,89.57592298093257,0
2926,32.012818737856854,0,0,192,0.0,0.0,1.0,192,4450,2800,1650,0.6292134831460674,61,28,33,195.3548082269911,0.4186067253853985,0.7521785051306318,0.13184959331403215,1092767.8336073684,-154.5098858022011,1092613.3237215662,2924,5,1267.65625,96,96,39,33.60913032756564,0.6400824652777778,38.71348797250855,8364.517748182823,87.13039321023774,0
2927,32.273205487628424,0,1,191,0.0,0.005208333333333333,0.9947916666666666,192,5350,3900,1450,0.7289719626168224,68,39,29,198.9687643182475,0.4186629672047702,0.755583157241567,0.13480717069775894,1102750.477282222,132.5799632399212,1102883.0572454617,2925,6,1268.65625,98,94,39,33.382387468974294,0.6408375850340136,38.583754208754186,8436.740218225184,86.08918590025698,0
2928,32.00580559857304,0,0,191,0.0,0.0,1.0,191,4800,3700,1100,0.7708333333333334,59,37,22,201.81744716821777,0.41778152842840083,0.7579424520324713,0.1371353559267544,1094430.746341322,1175.0438658025032,1095605.7902071245,2926,8,1276.2670157068062,74,117,39,33.208304565652284,0.6504786036036037,38.48611111111111,8369.962689104592,113.10760390681881,0
2929,32.46692952831464,0,0,191,0.0,0.0,1.0,191,5500,4100,1400,0.7454545454545455,69,41,28,201.80024460932887,0.4174175622301828,0.7557464038055433,0.13754444016811007,1111070.6827528821,1142.8671115570614,1112213.5498644393,2927,9,1277.2670157068062,78,113,36,33.10401021453891,0.6497061965811965,38.383438818565395,8493.886455317634,108.89598019637992,0
2930,32.566179919665664,0,1,190,0.0,0.005235602094240838,0.9947643979057592,191,5500,4500,1000,0.8181818181818182,65,45,20,199.02244886410827,0.4169525580968127,0.7530612581961136,0.13619586711540818,1115608.6915165673,706.2347519420591,1116314.9262685094,2928,10,1278.2670157068062,81,110,40,33.04006915797136,0.6498199588477367,38.24949186991869,8524.214141828117,105.23721162750762,0
2931,32.3405623979137,0,0,190,0.0,0.0,1.0,190,5600,3900,1700,0.6964285714285714,73,39,34,198.84150772178927,0.41667943005662306,0.7517979912150343,0.13631392351574914,1108381.2428906625,478.43949338602397,1108859.6823840486,2929,11,1284.3947368421052,82,108,37,32.9843967211543,0.650025406504065,38.19026104417671,8467.074199082306,103.257002427833,0
2932,31.91736430141019,1,0,191,0.005235602094240838,0.0,1.0,191,5150,3600,1550,0.6990291262135923,67,36,31,197.93440307818858,0.41672522274272067,0.752517022196818,0.13641011183125473,1095344.8052771136,11.28403946405524,1095356.0893165777,2930,0,1278.6649214659685,84,107,40,32.82911560170893,0.6510416666666667,38.01470588235295,8361.880073965054,99.54619135672684,0
2933,32.07557795381479,0,0,191,0.0,0.0,1.0,191,4900,3600,1300,0.7346938775510204,62,36,26,202.38261802933528,0.4166678148250207,0.7576831704143066,0.14004877167630056,1101916.8647609353,1501.7639881991126,1103418.6287491345,2931,1,1279.6649214659685,87,104,32,32.573910163776496,0.6513409961685823,37.87878787878789,8407.689372742396,96.64010773267121,0
2934,32.44503606552163,0,0,191,0.0,0.0,1.0,191,4950,3500,1450,0.7070707070707071,64,35,29,198.96155337472834,0.41665977771654267,0.7542339289784843,0.12582990799457375,1088564.2496266018,166.4868107810562,1088730.7364373829,2932,2,1280.6649214659685,80,111,35,35.805449370335474,0.6227864583333333,40.959362139917715,8404.582837806143,105.0572854725768,8
2935,32.65381720459082,0,1,190,0.0,0.005235602094240838,0.9947643979057592,191,4900,3200,1700,0.6530612244897959,66,32,34,191.23390895611675,0.4171087076329567,0.7405412282660113,0.11801956860025095,1088196.894957803,-1479.9708126625765,1086716.9241451405,2933,3,1281.6649214659685,87,104,40,36.895346171480945,0.6113505747126438,41.83238636363633,8430.158063827159,96.89836854973746,8
2936,32.45696819064902,1,0,191,0.005235602094240838,0.0,1.0,191,5700,4100,1600,0.7192982456140351,73,41,32,188.9765287279239,0.4176609718012308,0.7383409550961972,0.11701443438102946,1082637.7712012096,-2981.3744257322637,1079656.3967754773,2934,0,1278.7905759162304,89,102,43,36.83194419549496,0.6118913857677903,41.712962962962926,8383.214145167996,94.19341736143816,0
2937,32.70070269102983,1,0,192,0.005208333333333333,0.0,1.0,192,5750,4300,1450,0.7478260869565218,72,43,29,186.30488525635,0.41832097149505526,0.7366374645469476,0.11588267653967392,1092136.8240456237,-3455.914862389095,1088680.9091832344,2935,0,1273.125,80,112,41,36.735893416927915,0.616796875,41.550925925925924,8451.46633206824,105.64332915085299,0
2938,32.655218256595276,0,0,192,0.0,0.0,1.0,192,5700,4000,1700,0.7017543859649122,74,40,34,186.68264051910762,0.41850162703606747,0.7363844268659612,0.11663985720244807,1091971.579600097,-3329.5724296865087,1088642.0071704104,2936,1,1274.125,82,110,45,36.562772978744064,0.6176321138211383,41.39056224899599,8444.947632974447,102.98716625578594,0
2939,32.18849786288561,1,1,192,0.0051813471502590676,0.0051813471502590676,0.9948186528497409,193,4500,2800,1700,0.6222222222222222,62,28,34,186.86333512134274,0.4192753310305124,0.7369814081650328,0.11709325816998133,1077228.9300578139,-2841.08188804022,1074387.8481697736,2937,0,1268.518134715026,84,109,46,36.45236290717317,0.6179315476190477,41.286764705882355,8327.59042136494,99.13798120672547,0
2940,32.30873906635656,0,0,192,0.0,0.0,1.0,192,4750,3400,1350,0.7157894736842105,61,34,27,191.3631453649976,0.41894247200407214,0.7423797390185765,0.1202439234443142,1082072.5900322946,-1736.23713163395,1080336.3529006606,2938,1,1275.3125,84,108,43,36.23603153558408,0.6189236111111112,41.18872549019609,8361.865935568469,99.54602304248176,0
2941,31.941680680668135,0,0,192,0.0,0.0,1.0,192,5250,3800,1450,0.7238095238095238,67,38,29,192.87295725923832,0.4188981602675974,0.7417892212877466,0.12174479396761792,1071112.7616612522,-2332.262820056681,1068780.4988411956,2939,2,1276.3125,87,105,31,36.03258219825091,0.6194923371647509,41.02746212121214,8272.018109986524,95.08066793087959,0
2942,32.1986604389313,1,0,193,0.0051813471502590676,0.0,1.0,193,4750,3500,1250,0.7368421052631579,60,35,25,193.29993092033126,0.4192236075129534,0.7436312464876824,0.12245574968882479,1080795.5686949745,-1566.4582464521231,1079229.1104485225,2940,0,1270.6943005181347,90,103,32,35.891318754141814,0.6197916666666667,40.899725274725284,8342.681765512963,92.69646406125516,0
2943,32.24981725209242,2,1,194,0.010256410256410256,0.005128205128205128,0.9948717948717949,195,4900,3200,1700,0.6530612244897959,66,32,34,190.29884726422938,0.42077605956471936,0.7532374588208159,0.11468874952878073,1067572.90393523,-3268.4214021199678,1064304.48253311,2941,0,1258.6512820512821,71,124,41,37.79735966638554,0.6093016431924883,42.69386574074074,8298.07580770347,116.8743071507531,8
2944,32.68577500829266,2,0,196,0.01020408163265306,0.0,1.0,196,5500,4300,1200,0.7818181818181819,67,43,24,187.41029981408158,0.42171801412872845,0.7367654308379132,0.11421586072540199,1085431.5326603204,-4015.7902072946467,1081415.7424530257,2942,0,1253.1989795918366,83,113,42,37.45689378628942,0.6081827309236948,42.28670634920632,8423.558732915815,101.48865943272067,8
2945,32.61673763527222,2,0,198,0.010101010101010102,0.0,1.0,198,4700,2900,1800,0.6170212765957447,65,29,36,185.37445179836462,0.42305243637730944,0.736456800559367,0.11362589454790839,1084889.8735064801,-4077.8268874282753,1080812.0466190518,2943,0,1241.530303030303,85,113,44,37.29728248959017,0.6095588235294118,42.07848837209299,8412.558275260166,98.97127382659019,0
2946,32.840801193340326,1,3,196,0.005025125628140704,0.01507537688442211,0.9849246231155779,199,6450,4700,1750,0.7286821705426356,82,47,35,183.081683029621,0.4236809045226131,0.7368080874369181,0.11270997703463428,1093674.4977423064,-6203.6464533529615,1087470.8512889536,2944,0,1236.286432160804,89,110,37,37.19634795347864,0.6097846441947565,41.92129629629627,8475.511400568235,95.23046517492399,0
2947,32.37971127786398,0,2,194,0.0,0.01020408163265306,0.9897959183673469,196,4750,2900,1850,0.6105263157894737,66,29,37,185.94182081846876,0.42183248299319726,0.7373944074557297,0.11460280793576849,1078666.4758429555,-3836.158285184443,1074830.317557771,2945,1,1256.1785714285713,87,109,38,37.080199639243,0.6108716475095786,41.879734848484816,8357.859660571665,96.06735242036396,0
2948,32.45590531957871,0,0,194,0.0,0.0,1.0,194,5350,4100,1250,0.7663551401869159,66,41,25,186.99183495529533,0.4198588260954721,0.7383938255549192,0.11552021481234186,1081911.2631124342,-3688.285530361327,1078222.9775820728,2946,2,1270.0979381443299,88,106,41,36.96719701433905,0.6113873106060606,41.795411985018696,8380.26366169497,95.23026888289738,0
2949,32.42832796348748,0,0,194,0.0,0.0,1.0,194,5550,3800,1750,0.6846846846846847,73,38,35,185.96183312585234,0.4197197220590068,0.7363082278823119,0.11518485234164869,1081779.389508531,-4116.064337846083,1077663.3251706848,2947,3,1271.0979381443299,89,105,42,36.89802056728052,0.6120084269662922,41.70138888888886,8376.192073624328,94.11451768117223,0
2950,31.939724836366025,0,0,194,0.0,0.0,1.0,194,5600,3800,1800,0.6785714285714286,74,38,36,208.2547055697053,0.4196863370902551,0.7622802855967339,0.12351414417537379,1052460.9419161805,-564.0112835259961,1051896.9306326546,2948,4,1272.0979381443299,84,110,42,37.9380887594679,0.597718253968254,43.28431372549021,8199.428380786743,97.61224262841361,8
2951,31.919285742968153,4,1,197,0.020202020202020204,0.005050505050505051,0.9949494949494949,198,5450,3900,1550,0.7155963302752294,70,39,31,210.1891336546504,0.4229386718282657,0.7720431668602381,0.12620142543699792,1055500.815509564,-679.0396032532062,1054821.7759063109,2949,0,1247.378787878788,92,106,36,37.426139663182354,0.5996376811594203,42.83154121863801,8208.63351992107,89.22427739044642,0
2952,31.630419381399054,1,0,198,0.005050505050505051,0.0,1.0,198,5600,3600,2000,0.6428571428571429,76,36,40,214.24580178496262,0.42353954092532775,0.7766347215781695,0.12932186348706715,1047531.8137835796,-314.14133213644163,1047217.6724514432,2950,0,1248.0707070707072,72,126,37,37.12309177940416,0.609375,42.636986301369845,8140.500056548376,113.0625007853941,0
2953,31.266470516445477,0,1,197,0.0,0.005050505050505051,0.9949494949494949,198,6200,5000,1200,0.8064516129032258,74,50,24,214.82587674506343,0.4234498111401665,0.7763705496444804,0.13016925350438677,1036603.8718950626,-1262.1328765632734,1035341.7390184994,2951,1,1249.0707070707072,73,125,39,36.96535787824123,0.6103025114155252,42.497184684684676,8051.204182957988,110.29046825969847,0
2954,31.69462901540345,1,0,198,0.005050505050505051,0.0,1.0,198,5300,3600,1700,0.6792452830188679,70,36,34,216.31653919890283,0.42407738553043123,0.7862410171107834,0.13022375798549124,1048861.359837751,477.2118919112313,1049338.5717296621,2952,0,1235.6363636363637,78,120,37,37.16963080655353,0.6056356837606838,42.73470464135019,8153.928094930554,104.53753967859684,8
2955,32.04899840680443,1,0,199,0.005025125628140704,0.0,1.0,199,6200,4600,1600,0.7419354838709677,78,46,32,214.42285507879956,0.42477750706393924,0.7845004356282295,0.1297270024570637,1062088.2559946387,-452.8007607934096,1061635.4552338452,2953,0,1230.4221105527638,66,133,37,37.03260563238523,0.6134785353535354,42.552860696517406,8250.922957373654,125.01398420263112,0
2956,31.996811525290386,3,0,202,0.01485148514851485,0.0,1.0,202,5750,3900,1850,0.6782608695652174,76,39,37,204.680934403305,0.42687552337323287,0.7767643273465887,0.12460350956413313,1062221.1552744033,-2666.716279095486,1059554.4389953078,2954,0,1213.1336633663366,70,132,41,37.05280039476932,0.6135416666666667,42.3268779342723,8244.71832187022,117.7816903124317,0
2957,31.79530774819124,0,1,201,0.0,0.0049504950495049506,0.995049504950495,202,5950,4200,1750,0.7058823529411765,77,42,35,205.6260981063298,0.42687808892829576,0.776946622107006,0.1257346181618704,1056849.3550098662,-2886.8381686260664,1053962.5168412402,2955,1,1214.1336633663366,72,130,44,36.86435792425334,0.6141493055555556,42.16609589041096,8197.908329082009,113.8598379039168,0
2958,31.723401706047834,1,1,201,0.0049504950495049506,0.0049504950495049506,0.995049504950495,202,6050,4000,2050,0.6611570247933884,81,40,41,205.7723792959999,0.4274348143769601,0.7787810804761828,0.1265977088516457,1056273.0066276777,-2979.6380480163516,1053293.3685796612,2956,0,1214.1633663366338,74,128,38,36.63437387872262,0.615427927927928,41.944444444444464,8186.400051366286,110.62702772116603,0
2959,31.296732098927347,0,2,199,0.0,0.009950248756218905,0.9900497512437811,201,6250,4900,1350,0.784,76,49,27,203.90358898570048,0.4268190298507463,0.7758373471089017,0.12578072667176438,1042837.7892408128,-3922.326408776852,1038915.462832036,2957,1,1221.1442786069651,79,122,42,36.585165943710294,0.6141877637130801,41.84895833333334,8079.28399210072,102.2694176215281,0
2960,31.692163340694506,2,0,201,0.009950248756218905,0.0,1.0,201,6400,4700,1700,0.734375,81,47,34,206.48220502937184,0.4266210613598673,0.7793950734729684,0.12828878052587156,1058123.9481200948,-2903.2467995555317,1055220.7013205392,2958,0,1222.1044776119404,68,133,44,36.255501353430304,0.6220894607843137,41.59118357487923,8189.53441882048,120.43432968853647,0
2961,31.774636373241414,0,0,201,0.0,0.0,1.0,201,6100,4700,1400,0.7704918032786885,75,47,28,207.27972921732604,0.4263951077943615,0.7791184493338239,0.12963096475967217,1062801.3859737997,-2240.563300710094,1060560.8226730896,2959,1,1223.1044776119404,73,128,45,35.9958365081093,0.6218607305936072,41.356981981982,8218.287848000298,112.57928558904518,0
2962,32.16113606270093,0,0,201,0.0,0.0,1.0,201,4950,3600,1350,0.7272727272727273,63,36,27,210.30382703510145,0.4261774461028192,0.7808502167955891,0.13207250452123592,1076965.920752299,148.01094411835493,1077113.9316964173,2960,2,1224.1044776119404,74,127,44,35.76584554285407,0.6228885135135135,41.20833333333336,8323.034003559871,112.4734324805388,0
2963,32.364102837118146,1,0,202,0.0049504950495049506,0.0,1.0,202,5200,3700,1500,0.7115384615384616,67,37,30,208.87212781585453,0.4268031747204571,0.7799647778435863,0.13160755485128448,1084745.4621690316,-285.3814356321709,1084460.0807333994,2961,0,1219.039603960396,75,127,43,35.683121581083505,0.6236111111111111,41.09100877192984,8379.357217559826,111.72476290079767,0
2964,32.80299961413262,0,0,202,0.0,0.0,1.0,202,5800,4200,1600,0.7241379310344828,74,42,32,212.56515775034148,0.42681856805083496,0.7831096442977616,0.13445386484208466,1100620.3054369432,590.7057696869861,1101211.0112066302,2962,1,1220.039603960396,75,127,36,35.44753086419756,0.625,40.95394736842108,8497.487564516337,113.29983419355116,0
2965,32.29697656921678,0,2,200,0.0,0.009900990099009901,0.9900990099009901,202,5400,3500,1900,0.6481481481481481,73,35,38,200.64875784239425,0.4268591038208298,0.7719161229100016,0.1251666060826368,1079517.7748742593,-2479.219880538763,1077038.5549937205,2963,2,1221.039603960396,75,127,40,36.259541984732856,0.62,41.447368421052644,8350.468284014627,111.33957712019503,7
2966,32.05732693036448,1,0,201,0.004975124378109453,0.0,1.0,201,5400,3200,2200,0.5925925925925926,76,32,44,202.69992207366556,0.4265505804311775,0.7731090019467419,0.12685282037624712,1072457.3685570857,-2122.5949932298354,1070334.773563856,2964,0,1228.0746268656717,77,124,40,36.08961699967302,0.6202651515151515,41.33279914529916,8292.179023961444,107.69063667482395,0
2967,31.68187878854581,0,1,200,0.0,0.004975124378109453,0.9950248756218906,201,5250,3500,1750,0.6666666666666666,70,35,35,200.66011217633857,0.4267464759535655,0.7711130937576296,0.1258406321903583,1060510.7897940273,-2889.557191142383,1057621.232602885,2965,1,1229.0746268656717,78,123,39,36.06598973993109,0.6205929487179487,41.257911392405084,8197.43548876105,105.09532677898781,0
2968,31.64377284981866,2,0,202,0.009900990099009901,0.0,1.0,202,5000,3800,1200,0.76,62,38,24,198.21369310994282,0.42748509925619427,0.7690859063127244,0.12503036166118867,1060924.23000426,-3342.058052206232,1057582.171952054,2966,0,1221.2821782178219,82,120,37,35.918997075881656,0.6210619918699187,41.05170682730926,8194.10096900494,99.92806059762121,0
2969,31.337617071038117,1,2,201,0.0049261083743842365,0.009852216748768473,0.9901477832512315,203,5100,3300,1800,0.6470588235294118,69,33,36,203.95295999118403,0.4276376221365979,0.7766114138930136,0.12950105156947753,1052550.571863722,-2765.839065595681,1049784.7327981263,2967,0,1216.2610837438424,85,118,42,35.53272112658503,0.6223039215686275,40.81879844961243,8122.121246197672,95.55436760232556,0
2970,31.47438729268951,1,1,201,0.0049504950495049506,0.0049504950495049506,0.995049504950495,202,5700,4100,1600,0.7192982456140351,73,41,32,206.07723285849988,0.4270453631184014,0.7770981520534701,0.13152855645577205,1058630.3034921242,-2468.0792872372845,1056162.224204887,2968,0,1222.5,88,114,43,35.291817087846,0.6231060606060606,40.63670411985022,8163.3008240403515,92.76478209136764,0
2971,31.54142264787685,0,0,201,0.0,0.0,1.0,201,5650,3800,1850,0.672566371681416,75,38,37,204.64625243674004,0.42618055555555556,0.7742270243872664,0.13076647563046123,1061217.4983408323,-2415.1631888513407,1058802.3351519809,2969,1,1229.5621890547263,71,130,45,35.287460494515734,0.630575117370892,40.59606481481481,8181.969156198362,115.23900219997692,0
2972,31.485235428776978,0,1,200,0.0,0.004975124378109453,0.9950248756218906,201,5900,4100,1800,0.6949152542372882,77,41,36,205.42064121734109,0.426155679933665,0.7752229042122132,0.13158659360265051,1060036.1618670046,-2549.338383142272,1057486.8234838622,2970,2,1230.5621890547263,71,130,45,35.178783823966704,0.6314553990610329,40.509259259259245,8170.127063809919,115.07221216633688,0
2973,31.725548938006188,2,0,202,0.009900990099009901,0.0,1.0,202,5050,3000,2050,0.594059405940594,71,30,41,225.52268981417848,0.4266369267523767,0.7945794996116677,0.13620532833421375,1050850.2185595613,1948.113576273934,1052798.3321358352,2971,0,1225.2623762376238,67,135,39,36.81183787644329,0.6122512437810945,42.61642156862745,8165.635313363666,121.87515393080098,8
2974,31.365524507956007,2,0,204,0.00980392156862745,0.0,1.0,204,5800,4000,1800,0.6896551724137931,76,40,36,222.68074193009366,0.42814934881998773,0.7925188943501931,0.1354336971410896,1040987.2103586923,-238.43913151755623,1040748.7712271748,2972,0,1214.2401960784314,71,133,40,36.623989218328816,0.6126760563380282,42.36111111111111,8080.978883646991,113.81660399502803,0
2975,30.91638065019841,0,0,204,0.0,0.0,1.0,204,5250,3600,1650,0.6857142857142857,69,36,33,223.74710308698516,0.42807942142374195,0.7915010491749235,0.1364989723566161,1026965.840384859,-93.87364891940888,1026871.9667359396,2973,1,1215.2401960784314,74,130,42,36.48291841793295,0.6123310810810811,42.24999999999999,7968.697112588625,107.6850961160625,0
2976,31.292032059383903,2,2,204,0.009708737864077669,0.009708737864077669,0.9902912621359223,206,5050,3700,1350,0.7326732673267327,64,37,27,223.57281244578581,0.42943306496171757,0.7940802180885007,0.13723406476057257,1041241.4757339011,308.65703300542737,1041550.1327669065,2974,0,1204.4320388349515,77,129,32,36.25967412124036,0.6132305194805194,42.02724358974357,8072.491764037327,104.83755537710815,0
2977,31.81487313416806,0,1,203,0.0,0.004901960784313725,0.9950980392156863,204,5500,4100,1400,0.7454545454545455,69,41,28,228.10172434744575,0.42884962893203254,0.7948059148991327,0.1404536899127276,1059568.120522106,2037.8630709346926,1061605.9835930408,2975,1,1217.1421568627452,79,125,33,36.02707776264231,0.6135284810126582,41.914062499999986,8210.971359275289,103.93634631994037,0
2978,32.227404068228225,1,2,202,0.004901960784313725,0.00980392156862745,0.9901960784313726,204,5550,3100,2450,0.5585585585585585,80,31,49,230.42908545384614,0.42915499533146595,0.7993849743386021,0.14271625060865395,1075052.3753981064,3194.6671355936924,1078247.0425337001,2976,0,1211.7401960784314,82,122,35,35.752433474239965,0.6144563008130082,41.70431726907628,8324.199336448288,101.51462605424742,0
2979,32.13231054404355,3,1,204,0.014634146341463415,0.004878048780487805,0.9951219512195122,205,4450,3100,1350,0.6966292134831461,58,31,27,229.5788338190261,0.42913478399489874,0.7987317737453372,0.14327540252218526,1074142.1642747996,3870.061086010541,1078012.2253608103,2977,0,1206.7756097560975,70,135,38,35.4957491678015,0.6226190476190476,41.431924882629104,8308.38968644693,118.69128123495614,0
2980,31.97320137166913,0,0,204,0.0,0.0,1.0,204,5600,3900,1700,0.6964285714285714,73,39,34,234.11176684234374,0.42882045059403073,0.8016447249120524,0.14687517058348007,1070374.4780650476,3717.4520485519834,1074091.9301135996,2978,1,1213.4019607843138,73,131,37,35.186595582635185,0.6230022831050228,41.24436936936937,8273.245884206397,113.33213540008764,0
2981,32.46227505359711,2,0,206,0.009708737864077669,0.0,1.0,206,5950,4300,1650,0.7226890756302521,76,43,33,231.55677392253395,0.4294996645354803,0.8027211143113488,0.14614874128582542,1088541.6225659251,3261.8372803534894,1091803.4598462787,2979,0,1202.611650485437,76,130,36,35.034237928572715,0.623766447368421,41.03084415584417,8406.727967410876,110.6148416764589,0
2982,32.028348404896946,0,1,205,0.0,0.0048543689320388345,0.9951456310679612,206,6000,4000,2000,0.6666666666666666,80,40,40,236.27028066128366,0.4290670139711106,0.8063715971825614,0.14987293922544143,1075461.1151536515,3619.899903530135,1079081.0150571815,2980,1,1203.611650485437,81,125,36,34.73080065359476,0.6234567901234568,40.85365853658537,8300.029312244651,102.46949768203272,0
2983,31.615595947162014,0,1,204,0.0,0.004878048780487805,0.9951219512195122,205,5500,3800,1700,0.6909090909090909,72,38,34,237.75902331128742,0.42898732663797223,0.8091116214474394,0.1475423777453655,1055212.7526582682,3677.2706915292674,1058890.0233497976,2981,2,1210.4682926829269,64,141,37,35.49174523425549,0.6240234375,41.63461538461541,8168.375606733152,127.6308688552055,8
2984,31.74815983945304,0,1,203,0.0,0.004901960784313725,0.9950980392156863,204,7050,5500,1550,0.7801418439716312,86,55,31,234.3911519209321,0.42895225618983224,0.8042599310221632,0.146059464537629,1060860.6808199694,1881.2714010034201,1062741.9522209729,2982,3,1216.2696078431372,68,136,34,35.426156271899096,0.6231617647058824,41.48550724637681,8207.359436757157,120.69646230525231,0
2985,31.63693244700896,0,1,202,0.0,0.0049261083743842365,0.9950738916256158,203,4850,3600,1250,0.7422680412371134,61,36,25,236.19619213080446,0.42858158968606225,0.8070041535227914,0.1477013521457966,1058168.3485920762,4537.0669141581175,1062705.4155062344,2983,4,1223.0985221674878,67,136,35,35.251322751322746,0.625,41.360294117647065,8182.566903114279,122.12786422558625,0
2986,31.304723649194504,2,1,203,0.00980392156862745,0.004901960784313725,0.9950980392156863,204,6150,4200,1950,0.6829268292682927,81,42,39,237.5809946617941,0.42891402250555394,0.8096207565262756,0.14984222138854217,1049517.6498412087,2919.0894328765908,1052436.7392740853,2984,0,1218.0735294117646,69,135,35,34.90454332126505,0.6269625603864735,41.05654761904762,8106.153217554073,117.48048141382715,0
2987,30.87868874034191,0,3,200,0.0,0.014778325123152709,0.9852216748768473,203,5950,4400,1550,0.7394957983193278,75,44,31,241.7586333060717,0.42876550586093093,0.811735512402985,0.15305519294031641,1036305.6125301627,3557.1657145406807,1039862.7782447033,2985,1,1225.0492610837439,69,134,36,34.659199693662664,0.6283212560386473,40.922619047619044,7999.969806091548,115.94159139263112,0
2988,31.168441279660254,0,0,200,0.0,0.0,1.0,200,4850,3100,1750,0.6391752577319587,66,31,35,244.09865457068477,0.42853381490787273,0.8109930780395225,0.1549533415300933,1046797.7225220987,6254.383135060103,1053052.105657159,2986,2,1235.23,71,129,37,34.50118157121058,0.6282276995305165,40.82754629629628,8078.001404569327,113.77466766999052,0
2989,31.575202124368335,0,0,200,0.0,0.0,1.0,200,5850,4300,1550,0.7350427350427351,74,43,31,244.6662071506828,0.42844849246231154,0.8126789157917313,0.15577860692663456,1061320.945406524,6083.874056437989,1067404.819462962,2987,3,1236.23,74,126,38,34.37857117348762,0.6278153153153153,40.72222222222221,8186.74823969035,110.63173296878851,0
2990,31.65408895492064,0,1,199,0.0,0.005,0.995,200,6300,4600,1700,0.7301587301587301,80,46,34,240.9663349054153,0.42828255862646564,0.809530338206689,0.15391905729008343,1064904.2347014714,5021.214092253644,1069925.448793725,2988,4,1237.23,63,137,38,34.358267448913395,0.6350859788359788,40.60872395833331,8210.79452595324,130.33007184052764,0
2991,31.713931516339734,0,0,199,0.0,0.0,1.0,199,5200,3800,1400,0.7307692307692307,66,38,28,240.00672959602153,0.42803347545809856,0.8076354043108658,0.15406520979454144,1068342.0511521108,6281.856357384476,1074623.9075094953,2989,5,1240.5527638190954,65,134,37,34.205885929709346,0.635576923076923,40.43560606060604,8231.807413474125,126.643190976525,0
2992,32.18432108333859,0,0,199,0.0,0.0,1.0,199,4950,3300,1650,0.6666666666666666,66,33,33,238.69807000634452,0.4279647395225285,0.8059017437212608,0.15380647589576416,1085293.4680085364,7061.491240825918,1092354.9592493623,2990,6,1241.5527638190954,67,132,39,34.104398926443686,0.6357276119402986,40.303308823529406,8358.16169310414,124.74868198662897,0
2993,31.81145813041049,0,1,198,0.0,0.005025125628140704,0.9949748743718593,199,6800,4600,2200,0.6764705882352942,90,46,44,227.1353055968387,0.42810961372519163,0.7945427205309155,0.141143923560118,1062155.3868365106,1650.5976760879603,1063805.9845125985,2991,7,1242.5527638190954,63,136,36,35.715775965232744,0.625165343915344,41.58528645833334,8220.54884011277,130.48490222401222,8
2994,31.388214553775356,0,0,198,0.0,0.0,1.0,198,5550,4000,1550,0.7207207207207207,71,40,31,224.28737261744908,0.4283395503255909,0.7906014393064389,0.1342334303535075,1036984.4437609271,1366.5032672608804,1038350.9470281879,2992,8,1246.3030303030303,68,130,39,37.18456960513694,0.6083026960784313,42.949879227053124,8068.344341895086,118.65212267492772,8
2995,31.35519740013212,1,0,199,0.005025125628140704,0.0,1.0,199,5850,4100,1750,0.7008547008547008,76,41,35,223.3020620064878,0.428905893101873,0.7915315108460617,0.13364373320859257,1035893.643433735,613.437319633189,1036507.0807533682,2993,0,1241.035175879397,68,131,38,37.20989702629159,0.6083026960784313,42.94987922705313,8059.85727856353,118.52731292005191,8
2996,31.299100764022977,2,0,201,0.009950248756218905,0.0,1.0,201,5950,4300,1650,0.7226890756302521,76,43,33,224.59205747000598,0.4299523217247098,0.7939382559053261,0.13536224004273334,1036113.671379208,390.580245571623,1036504.2516247797,2994,0,1229.676616915423,64,137,40,36.91338129048334,0.61328125,42.69230769230769,8053.499388896684,125.83592795151068,0
2997,31.80712987136174,1,0,202,0.0049504950495049506,0.0,1.0,202,5300,3700,1600,0.6981132075471698,69,37,32,223.00314441485713,0.4302440971709111,0.79390669220861,0.13526353303669403,1054836.8555156467,1346.38712493403,1056183.2426405807,2995,0,1224.5841584158416,66,136,40,36.71634470268636,0.614425505050505,42.459577114427866,8191.621677846833,124.11547996737626,0
2998,32.094245001137985,1,0,203,0.0049261083743842365,0.0,1.0,203,5200,3800,1400,0.7307692307692307,66,38,28,218.29948277464945,0.43020127135866293,0.7904158173779197,0.13327039306291175,1066305.2007449316,754.7747605076183,1067059.975505439,2996,0,1219.5467980295566,70,133,41,36.59694555112884,0.6145833333333333,42.22417840375588,8273.120373679516,118.18743390970737,0
2999,32.469077078823375,1,0,204,0.004901960784313725,0.0,1.0,204,4850,3200,1650,0.6597938144329897,65,32,33,219.25737644985267,0.4309595246144435,0.792812547435668,0.13431209596546695,1079792.4683804715,1700.4927454826684,1081492.961125954,2997,0,1214.563725490196,71,133,45,36.446061932009435,0.6153169014084507,42.10069444444446,8373.752430658385,117.94017507969556,0
3000,32.50184236220841,5,4,205,0.023923444976076555,0.019138755980861243,0.9808612440191388,209,5600,4200,1400,0.75,70,42,28,210.0369611840236,0.4335463056680162,0.7889904397771779,0.12988438498290614,1083738.5122270186,-1874.9712347482873,1081863.5409922702,2998,0,1186.4832535885168,77,132,40,36.33615822861183,0.6159361471861472,41.76014957264958,8393.270910230041,109.00351831467586,0
3001,32.89006498932088,1,1,205,0.0048543689320388345,0.0048543689320388345,0.9951456310679612,206,6500,4700,1800,0.7230769230769231,83,47,36,215.4137441491273,0.4320723814034257,0.7925789591635382,0.13340361513277407,1097128.1768121733,-432.7023242766454,1096695.4744878968,2999,0,1204.7524271844661,75,131,43,36.14381577783674,0.6173611111111111,41.70778508771931,8495.247734700575,113.26996979600767,0
3002,33.173383019729144,3,0,208,0.014423076923076924,0.0,1.0,208,5900,4300,1600,0.7288135593220338,75,43,32,210.84115763627855,0.4330256913477022,0.791045138439344,0.13186291347507967,1109597.6271721341,-710.2303553119909,1108887.3968168222,3000,0,1194.1346153846155,66,142,45,35.90243548128554,0.6256313131313131,41.35572139303481,8580.105720090365,130.00160181955098,0
3003,32.669818066040605,0,0,208,0.0,0.0,1.0,208,5700,4400,1300,0.7719298245614035,70,44,26,210.8845067936054,0.43345826752756106,0.791265432660998,0.13227070940403937,1093621.7845714542,-1174.421868381386,1092447.3627030728,3001,1,1195.1346153846155,67,141,45,35.79649172142952,0.6260883084577115,41.253063725490186,8453.215333233618,126.16739303333759,0
3004,33.0402785601601,1,1,208,0.004784688995215311,0.004784688995215311,0.9952153110047847,209,6250,4600,1650,0.736,79,46,33,214.591448170647,0.43411755459452833,0.792934805721333,0.12801627508077693,1090553.6165425873,-1245.304023678228,1089308.312518909,3002,0,1190.4114832535886,77,132,34,37.55538879359632,0.6026785714285714,43.068910256410234,8489.074775893645,110.24772436225513,8
3005,32.745637588402765,1,0,209,0.004784688995215311,0.0,1.0,209,6900,4700,2200,0.6811594202898551,91,47,44,213.55281246772873,0.4346801772788615,0.7922218770894434,0.12806763444750272,1082456.1868426036,-2467.687385334095,1079988.4994572694,3003,0,1191.2344497607655,80,129,36,37.384548697942705,0.6033854166666667,42.87551440329216,8419.705220454221,105.24631525567777,0
3006,33.04609116376475,4,1,212,0.018779342723004695,0.004694835680751174,0.9953051643192489,213,6300,4900,1400,0.7777777777777778,77,49,28,208.2802149521935,0.4369223728112912,0.7890804071133175,0.1262030464432091,1095605.1478000425,-3261.4248626953877,1092343.7229373471,3004,0,1169.8450704225352,73,140,40,37.133910512217774,0.6103025114155252,42.49718468468469,8509.461509836005,116.56796588816445,0
3007,32.82681351557831,0,0,212,0.0,0.0,1.0,212,5800,4300,1500,0.7413793103448276,73,43,30,222.38247373333962,0.43629793361948194,0.8062690098006087,0.13240035005572465,1082888.4073474722,-36.919439382702876,1082851.4879080895,3005,1,1176.3349056603774,71,141,40,37.430297397769515,0.6047535211267605,43.14236111111111,8431.817811857301,118.75799735010284,7
3008,32.84583227764817,2,2,212,0.009345794392523364,0.009345794392523364,0.9906542056074766,214,5850,4100,1750,0.7008547008547008,76,41,35,217.87212683420506,0.43743692685709273,0.8035145041874017,0.1304927953191798,1085375.6433536154,-1355.380033700896,1084020.2633199145,3006,0,1166.3317757009345,77,137,36,37.32099567099566,0.6041666666666667,42.92200854700854,8443.940589539607,109.66156609791697,0
3009,32.8657269649553,2,0,214,0.009345794392523364,0.0,1.0,214,5850,4600,1250,0.7863247863247863,71,46,25,216.04961018269142,0.4375082269316835,0.801021124705436,0.12993406133522453,1087308.5955496717,-1667.4803566405494,1085641.115193031,3007,0,1167.3130841121495,82,132,38,37.2136636416862,0.6036585365853658,42.77108433734941,8454.015309660212,103.09774767878307,0
3010,32.46880338758783,2,1,215,0.009259259259259259,0.004629629629629629,0.9953703703703703,216,6500,4200,2300,0.6461538461538462,88,42,46,217.6458444317215,0.43861209804766005,0.8042887338243716,0.1324580725616306,1077802.7750240709,-2784.140979806876,1075018.634044264,3008,0,1157.4953703703704,72,144,34,36.72940780122205,0.6124131944444444,42.337328767123275,8365.998612580925,116.19442517473506,0
3011,32.628829581963544,3,0,218,0.013761467889908258,0.0,1.0,218,5150,3700,1450,0.7184466019417476,66,37,29,213.69307458771266,0.43996357051254953,0.8045321802734746,0.13128454425715066,1085989.628557376,-2336.3074606413556,1083653.3210967348,3009,0,1147.8440366972477,75,143,37,36.482238985692014,0.6144444444444445,41.99561403508771,8418.381141048254,112.24508188064338,0
3012,32.882014990318304,1,0,219,0.0045662100456621,0.0,1.0,219,5800,4200,1600,0.7241379310344828,74,42,32,210.7126528440518,0.4403137349363942,0.8033558763865565,0.13011556150549863,1095977.1849521685,-3412.7479804347427,1092564.4369717338,3010,0,1143.5981735159817,78,141,39,36.37135488483735,0.6149839743589743,41.81170886075948,8489.751259565135,108.84296486621967,0
3013,32.40815443586819,0,3,216,0.0,0.0136986301369863,0.9863013698630136,219,6200,4400,1800,0.7096774193548387,80,44,36,216.33821694814776,0.43984157904291116,0.808672853875614,0.13436969992572984,1081933.8377514817,-3187.2725369954783,1078746.565214486,3011,1,1144.5981735159817,64,155,41,36.012440047961626,0.6243489583333333,41.602564102564116,8374.184008396483,130.84662513119505,0
3014,32.3174501389578,0,0,216,0.0,0.0,1.0,216,6050,4300,1750,0.7107438016528925,78,43,35,222.85404488509943,0.43862017298306055,0.811712461643209,0.13892518245505983,1080001.688568654,-1113.4510439476044,1078888.2375247064,3012,2,1161.4259259259259,63,153,40,35.70993872240409,0.6263227513227514,41.47135416666667,8354.986621211043,132.61883525731815,0
3015,32.14777575003207,1,1,216,0.004608294930875576,0.004608294930875576,0.9953917050691244,217,5300,3600,1700,0.6792452830188679,70,36,34,220.4151225611764,0.43863607270865335,0.8097091018941571,0.13801075916539088,1075636.794530768,-1282.6768204378714,1074354.11771033,3013,0,1157.069124423963,67,150,43,35.61251505102543,0.6254664179104478,41.31433823529412,8316.168644160423,124.12192006209587,0
3016,32.34290486052778,0,0,216,0.0,0.0,1.0,216,5950,4200,1750,0.7058823529411765,77,42,35,220.65370089521764,0.43832050315819693,0.8094187563869055,0.1386099814747787,1083133.604911321,-1350.512302467806,1081783.0926088532,3014,1,1163.3333333333333,68,148,42,35.48812440451885,0.6260723039215687,41.198671497584535,8370.38674553181,123.09392272840898,0
3017,32.60493918553422,0,0,216,0.0,0.0,1.0,216,5850,4000,1850,0.6837606837606838,77,40,37,217.81438237844046,0.43848469351134084,0.8063384825537114,0.13745590501829993,1093283.6799855502,-1423.4180959038558,1091860.2618896463,3015,2,1164.3333333333333,70,146,42,35.39518535304891,0.6266369047619047,41.03579812206572,8443.51205346044,120.62160076372056,0
3018,32.374303494132135,0,0,216,0.0,0.0,1.0,216,7500,5800,1700,0.7733333333333333,92,58,34,214.98707479785807,0.43814689204708585,0.80327732197811,0.13637374311574862,1087080.6579694576,-3958.341854763325,1083122.3161146943,3016,3,1165.3333333333333,72,144,42,35.28199163041679,0.6274594907407407,40.85331050228309,8389.69357529867,116.52352187914819,0
3019,32.090794129678684,0,0,216,0.0,0.0,1.0,216,6300,4100,2200,0.6507936507936508,85,41,44,211.51807715744846,0.4381607988802756,0.7987095149332508,0.13466821511106233,1078640.3414647891,-3869.6138057829885,1074770.7276590061,3017,4,1166.3333333333333,73,143,44,35.239370125052,0.6282819634703196,40.72353603603602,8320.387627738597,113.97791270874791,0
3020,32.43385861036186,0,0,216,0.0,0.0,1.0,216,6700,4800,1900,0.7164179104477612,86,48,38,212.2996354530281,0.43806928294573644,0.7990977363125211,0.13560608273107352,1091133.031332854,-3570.5710434554417,1087562.4602893984,3018,5,1167.3333333333333,65,151,44,35.102360308285164,0.6338141025641026,40.60921717171718,8413.043975083618,129.4314457705172,0
3021,32.627399091595755,0,0,216,0.0,0.0,1.0,216,6400,4500,1900,0.703125,83,45,38,235.43184183142546,0.4382958297444732,0.8197804659498207,0.14596774193548384,1088712.8655216515,1663.5350310663148,1090376.4005527177,3019,6,1168.3333333333333,79,137,37,35.58467741935485,0.6160337552742616,41.66666666666667,8428.744765328915,106.69297171302424,8
3022,32.558583364618805,1,1,216,0.004608294930875576,0.004608294930875576,0.9953917050691244,217,6300,4400,1900,0.6984126984126984,82,44,38,236.560923510246,0.4388014166239973,0.8217184637037149,0.14792160962928647,1088979.159544692,1821.9831330610332,1090801.142677753,3020,0,1163.9447004608294,64,153,38,35.24381931966043,0.6267903645833333,41.36217948717951,8420.881040410035,131.5762662564068,0
3023,32.74776690747152,0,1,215,0.0,0.004629629629629629,0.9953703703703703,216,5750,4200,1550,0.7304347826086957,73,42,31,232.92625363022177,0.43816977103072063,0.8175970876447465,0.1460957055353914,1096231.1211431748,2118.2016321477913,1098349.3227753227,3021,1,1170.2824074074074,67,149,37,35.226168275018296,0.6260883084577115,41.253063725490215,8473.38435714007,126.46842324089657,0
3024,33.15250034104066,0,0,215,0.0,0.0,1.0,215,6850,5000,1850,0.7299270072992701,87,50,37,233.40215379988354,0.4382453089907991,0.8175993902248804,0.14686776995253675,1110764.3706457291,2000.9592945773775,1112765.3299403065,3022,2,1174.8046511627906,68,147,39,35.09639684298515,0.6266850490196079,41.13828502415461,8581.91309401914,126.2046043238109,0
3025,32.64145679266905,0,2,213,0.0,0.009302325581395349,0.9906976744186047,215,6650,5100,1550,0.7669172932330827,82,51,31,236.43288336663898,0.438017097732377,0.8202494027527807,0.14961446488397856,1095327.1624592433,2144.271850007861,1097471.4343092511,3023,3,1175.8046511627906,72,143,34,34.813871293491246,0.6265914351851851,40.938926940639284,8456.130822929637,117.4462614295783,0
3026,32.19936643399313,0,0,213,0.0,0.0,1.0,213,5950,4100,1850,0.6890756302521008,78,41,37,192.27498776057016,0.43818466353677626,0.7757203117180231,0.11340770236177417,1059320.4175625676,-7813.835935726713,1051506.5816268409,3024,4,1176.0985915492959,79,134,38,38.55752961082914,0.5975738396624473,43.48958333333336,8259.472900386316,104.5502898783078,8
3027,32.2607794749439,2,0,215,0.009302325581395349,0.0,1.0,215,6750,4700,2050,0.6962962962962963,88,47,41,191.60008401596235,0.4394488516989061,0.7765743174924158,0.1135773693909061,1062880.6813918387,-9020.39442927599,1053860.2869625627,3025,0,1166.1488372093024,83,132,42,38.38526570048311,0.5978915662650602,43.303571428571445,8281.226874148588,99.77381776082636,0
3028,31.983851768794555,0,0,215,0.0,0.0,1.0,215,5750,4200,1550,0.7304347826086957,73,42,31,195.86958801152022,0.43940357168731436,0.7810659922698859,0.11651544013503948,1054820.7819623107,-7428.537602210385,1047392.2443601002,3026,1,1167.1488372093024,84,131,44,38.14357971083651,0.5988343253968254,43.17401960784315,8214.284087238111,97.78909627664419,0
3029,31.675832808136814,0,0,215,0.0,0.0,1.0,215,5200,3500,1700,0.6730769230769231,69,35,34,172.40339073611187,0.43937006447873656,0.755965784400104,0.10285249824315365,1045528.882357793,-12149.455113795528,1033379.4272439976,3027,2,1168.1488372093024,86,129,38,38.63792581201361,0.5992005813953488,43.067528735632195,8138.550002751562,94.6343023575763,8
3030,31.53920637264467,0,1,214,0.0,0.004651162790697674,0.9953488372093023,215,5600,4000,1600,0.7142857142857143,72,40,32,172.24191287277313,0.43961548214156343,0.756380185769244,0.10319136030145556,1042280.9277921525,-12695.10784925431,1029585.8199428982,3028,3,1169.1488372093024,86,129,40,38.48374239319423,0.6007751937984496,42.911877394636,8108.355354806313,94.2832018000734,0
3031,31.4304845747942,2,1,215,0.009259259259259259,0.004629629629629629,0.9953703703703703,216,5700,4100,1600,0.7192982456140351,73,41,32,173.08086468155676,0.43953667815101927,0.7593346713717093,0.10410430333801977,1039860.1608011329,-12904.020844127514,1026956.1399570054,3029,0,1164.712962962963,88,128,42,38.31464039797374,0.6015625,42.76685393258426,8084.962429597669,91.87457306360987,0
3032,31.074110725229293,0,0,215,0.0,0.0,1.0,215,7200,5500,1700,0.7638888888888888,89,55,34,176.32971271040805,0.4387642179236398,0.7625662730449436,0.10634885797846504,1028870.7114702829,-13915.904606058353,1014954.8068642245,3030,1,1170.9953488372093,74,141,41,38.129115392918784,0.6081081081081081,42.66666666666667,7996.404493292354,108.0595201796264,0
3033,30.661580417252686,0,0,215,0.0,0.0,1.0,215,5950,4200,1750,0.7058823529411765,77,42,35,178.10830943306345,0.4388285155401,0.7656065883108656,0.10774855168574662,1016088.6246459071,-12755.234566030118,1003333.390079877,3031,2,1171.9953488372093,74,141,41,37.9702560782621,0.6092342342342343,42.555555555555564,7893.6535363082985,106.67099373389593,0
3034,30.730119412838064,3,2,216,0.013761467889908258,0.009174311926605505,0.9908256880733946,218,6800,4900,1900,0.7205882352941176,87,49,38,173.62906137076976,0.4400203814879015,0.7622328253566388,0.10597822560161137,1020925.8284312176,-14947.521336062548,1005978.307095155,3032,0,1156.8532110091744,82,136,46,37.75581414220102,0.6091209349593496,42.23142570281123,7921.259069029594,96.60072035401943,0
3035,30.480394312710235,1,0,217,0.004608294930875576,0.0,1.0,217,6650,4900,1750,0.7368421052631579,84,49,35,175.60253500268223,0.43984770580872734,0.7630082824643241,0.10756413047402434,1013640.9138503631,-14450.4171890883,999190.4966612748,3033,0,1162.815668202765,85,132,38,37.57397144467399,0.6093137254901961,42.10271317829455,7860.81099450366,92.4801293471019,0
3036,31.00888061277528,0,1,216,0.0,0.004608294930875576,0.9953917050691244,217,5700,4100,1600,0.7192982456140351,73,41,32,172.9500755777234,0.43993926722421345,0.759153995547347,0.10610720853011579,1031673.9469884314,-13414.382579356876,1018259.5644090745,3034,1,1163.815668202765,87,130,39,37.58412873225652,0.6091954022988506,42.04545454545452,7998.881703522638,91.94116900600734,0
3037,31.28299530831091,0,0,216,0.0,0.0,1.0,216,7350,5200,2150,0.7074829931972789,95,52,43,174.16409262746143,0.4392396999712891,0.7600057681884844,0.10709740635221474,1041462.5704152585,-14272.923283632754,1027189.6471316258,3035,2,1170.1944444444443,87,129,41,37.46850964111501,0.6100335249042146,41.96259469696968,8072.182939463373,92.78371194785487,0
3038,30.919872739328635,0,0,216,0.0,0.0,1.0,216,7600,5900,1700,0.7763157894736842,93,59,34,178.0324737900475,0.43942721791559003,0.764918835753648,0.10995893972640462,1030639.1205985226,-14102.553555009226,1016536.5670435134,3036,3,1171.1944444444443,90,126,43,37.20730256546668,0.6106481481481482,41.80402930402929,7983.386555726807,88.70429506363119,0
3039,30.621331298640673,0,0,216,0.0,0.0,1.0,216,6350,4700,1650,0.7401574803149606,80,47,33,177.47431377401608,0.4393186548952053,0.7645939738524306,0.10989682265383426,1021419.9011344629,-13294.840794207796,1008125.0603402551,3037,4,1172.1944444444443,92,124,44,37.12751156403579,0.6109601449275363,41.71146953405016,7909.138662036846,85.9688985004005,0
3040,30.229858544461763,0,0,216,0.0,0.0,1.0,216,5700,4200,1500,0.7368421052631579,72,42,30,198.2310045333903,0.43909928581682456,0.7865293780073268,0.11645282882486699,993368.5582691387,-9516.710564484638,983851.8477046541,3038,5,1173.1944444444443,74,142,40,38.55701683100372,0.5982545045045045,43.63888888888889,7749.760125189944,104.72648817824249,8
3041,30.40222131363084,3,0,219,0.0136986301369863,0.0,1.0,219,5550,4000,1550,0.7207207207207207,71,40,31,193.62757351617918,0.4403137349363942,0.7845033540518607,0.1148917575091604,1001930.9138710833,-10549.709663258487,991381.2042078248,3039,0,1158.109589041096,81,138,41,38.29622299191818,0.599022633744856,43.26727642276425,7805.245080646382,96.3610503783504,0
3042,30.09745851901027,2,3,218,0.00904977375565611,0.013574660633484163,0.9864253393665159,221,5400,3500,1900,0.6481481481481481,73,35,38,189.78312892930083,0.44111562457150694,0.7827958310376124,0.11324527465477575,993492.6174778555,-11890.372497378128,981602.2449804774,3040,0,1148.6199095022625,85,136,36,38.183297584814355,0.5996323529411764,43.05959302325583,7733.253240840217,90.97944989223784,0
3043,30.639510724274135,2,1,219,0.00909090909090909,0.004545454545454545,0.9954545454545455,220,6650,4800,1850,0.7218045112781954,85,48,37,202.89266155382714,0.4410699460356995,0.7964231135569901,0.12167327302062152,1012831.5094276028,-9550.783869330482,1003280.7255582722,3041,0,1154.8227272727272,86,134,38,37.65909972836637,0.6011385658914729,42.875957854406145,7878.154846788673,91.60645170684504,0
3044,30.97475604039404,1,0,220,0.004545454545454545,0.0,1.0,220,6150,4700,1450,0.7642276422764228,76,47,29,202.71521762642917,0.4412182613809326,0.7961776093796169,0.12222145761257963,1025482.8259799324,-8573.805151862507,1016909.0208280699,3042,0,1155.65,70,150,38,37.462702168500684,0.6099702380952381,42.67899061032864,7970.455489913016,113.86364985590023,0
3045,31.12182976252837,0,1,219,0.0,0.004545454545454545,0.9954545454545455,220,7100,5400,1700,0.7605633802816901,88,54,34,198.7522246115356,0.44143187007056867,0.7903550775524437,0.12074745387502064,1032578.0334243848,-10054.563754379813,1022523.4696700049,3043,1,1156.65,77,143,38,37.2813412653153,0.6094426406926408,42.40117521367521,8016.946772027367,104.11619184451126,0
3046,31.37063210829104,2,1,220,0.00904977375565611,0.004524886877828055,0.995475113122172,221,5150,3000,2150,0.5825242718446602,73,30,43,197.14844265386154,0.4415946798299739,0.7898889411620249,0.12033018832381175,1042196.3751577985,-8256.52153962839,1033939.8536181701,3044,0,1152.2262443438915,80,141,43,37.150664371715585,0.6098958333333333,42.232510288065825,8086.329089230733,101.07911361538416,0
3047,31.023450519971757,0,1,219,0.0,0.004545454545454545,0.9954545454545455,220,6200,4400,1800,0.7096774193548387,80,44,36,196.7370358607162,0.4413907914764079,0.7887956240633336,0.12069711069169917,1032149.7762115445,-9587.582492768004,1022562.1937187766,3045,1,1156.7545454545455,84,136,39,36.971669279617394,0.6102430555555556,42.04656862745097,8002.605514643168,95.26911326956153,0
3048,30.708945350347307,0,1,218,0.0,0.0045662100456621,0.995433789954338,219,5700,3800,1900,0.6666666666666666,76,38,38,195.89126542031147,0.4413427031404913,0.7875771628479336,0.12048654544345111,1022419.4232354554,-9443.393078420704,1012976.0301570348,3046,2,1160.2146118721462,86,133,39,36.89912769116552,0.6104651162790697,41.95402298850573,7924.319805922904,92.14325355724307,0
3049,31.205436576226198,0,0,218,0.0,0.0,1.0,218,5400,3600,1800,0.6666666666666666,72,36,36,199.15670129005568,0.44090425456954013,0.7913493934004869,0.12297868611526115,1040093.3551754286,-7571.687669911187,1032521.6675055174,3047,3,1166.5275229357799,85,133,39,36.670028773378384,0.6122549019607844,41.81201550387596,8056.868774937453,94.78669146985239,0
3050,31.613228445364253,1,1,218,0.0045662100456621,0.0045662100456621,0.995433789954338,219,6200,4700,1500,0.7580645161290323,77,47,30,185.00762482817353,0.44121091840866883,0.769556757095694,0.11722091581127969,1061189.9805637565,-10734.352440888728,1050455.6281228678,3048,0,1162.1963470319636,88,131,35,36.10053979582619,0.6205018939393939,40.89419475655431,8191.171012681124,93.08148878046732,8
3051,31.16984018598552,0,0,218,0.0,0.0,1.0,218,7200,5900,1300,0.8194444444444444,85,59,26,183.3586951068891,0.4404872003551346,0.7674191398550816,0.11653543785280716,1047186.3660073484,-12397.854879033399,1034788.511128315,3049,5,1168.5275229357799,90,128,35,36.03232869654816,0.6209490740740741,40.78525641025642,8079.68213154356,89.77424590603955,0
3052,31.542728200376015,1,0,219,0.0045662100456621,0.0,1.0,219,6500,4700,1800,0.7230769230769231,83,47,36,185.7202015255922,0.44106691522488933,0.7727650478872545,0.1186203049730872,1061133.9434265373,-10885.198036235513,1050248.7453903018,3050,0,1164.1872146118722,77,142,40,35.79427954830184,0.6275703463203464,40.6116452991453,8181.816370671794,106.25735546327006,0
3053,31.32600761477669,0,1,218,0.0,0.0045662100456621,0.995433789954338,219,7500,5300,2200,0.7066666666666667,97,53,44,192.89032889386732,0.4407361442754807,0.7830862722618359,0.12486596733711866,1057660.5668403092,-10497.501080819762,1047163.0657594894,3051,1,1165.1872146118722,81,138,41,35.12987224612176,0.6306584362139918,40.142276422764226,8140.305027539023,100.49759293258053,8
3054,31.799730688551403,0,0,218,0.0,0.0,1.0,218,6250,4900,1350,0.784,76,49,27,194.90165861891063,0.4400089312137995,0.7841122550377335,0.12671327368256438,1074892.4154894184,-7950.33707684496,1066942.0784125736,3052,8,1171.5275229357799,83,135,34,34.924971383602795,0.6314006024096386,39.992559523809526,8268.166584162418,99.61646486942672,0
3055,31.604798323677826,0,1,217,0.0,0.0045871559633027525,0.9954128440366973,218,6050,3900,2150,0.6446280991735537,82,39,43,195.30392229766525,0.43971738961935763,0.7853085262635255,0.12762380961224154,1069753.2407698948,-7864.599237400159,1061888.6415324947,3053,9,1172.5275229357799,84,134,35,34.734684345218454,0.6328125,39.81617647058823,8223.057269730432,97.8935389253623,0
3056,31.664484580798995,0,1,216,0.0,0.004608294930875576,0.9953917050691244,217,6200,4100,2100,0.6612903225806451,83,41,42,192.6446656890534,0.4390938797860841,0.7813801905852917,0.12625572467332905,1072606.8873349358,-8273.60095471712,1064333.2863802188,3054,10,1178.8709677419354,86,131,38,34.70078737139091,0.6331153100775193,39.71503831417624,8241.789155914608,95.83475762691405,0
3057,32.15319742138338,0,0,216,0.0,0.0,1.0,216,6400,4800,1600,0.75,80,48,32,198.81482115792338,0.43835818619006606,0.7863978148001616,0.13075566251869344,1090168.2816836673,-6251.677609004245,1083916.604074663,3055,11,1185.212962962963,90,126,38,34.4175384998608,0.6329861111111111,39.594780219780226,8372.860441152154,93.03178267946838,0
3058,31.87915417833638,0,1,215,0.0,0.004629629629629629,0.9953703703703703,216,6100,4500,1600,0.7377049180327869,77,45,32,195.91784890544992,0.43811952698822854,0.7842521526963484,0.12952116565060104,1082355.8401620227,-6889.4344090410905,1075466.4057529815,3056,12,1186.212962962963,74,142,39,34.31137405393881,0.6410472972972974,39.41666666666667,8307.176259638167,112.25913864375902,0
3059,32.1638494351092,0,0,215,0.0,0.0,1.0,215,6600,4300,2300,0.6515151515151515,89,43,46,194.2128030954654,0.43758422082156057,0.7810451357909405,0.12892269822620742,1093199.5943616512,-7137.328487239754,1086062.2658744114,3057,13,1192.4418604651162,77,138,40,34.21258472912291,0.6410984848484849,39.2761752136752,8385.881844573112,108.90755642302743,0
3060,32.212236792056466,0,0,215,0.0,0.0,1.0,215,5450,3800,1650,0.6972477064220184,71,38,33,194.10476783472342,0.4375833152213287,0.7807489412289181,0.129265515600571,1095764.1063475616,-5911.39250715665,1089852.713840405,3058,14,1193.4418604651162,79,136,38,34.10376730564432,0.6413502109704641,39.166666666666664,8402.025096594722,106.35474805816104,0
3061,31.783567357570085,1,1,215,0.004629629629629629,0.004629629629629629,0.9953703703703703,216,6150,4300,1850,0.6991869918699187,80,43,37,194.5557166230707,0.43756145923054834,0.7821739916613641,0.13040987651053013,1083011.5491584572,-7208.782388483026,1075802.7667699743,3059,0,1188.912037037037,84,132,35,33.86712515256783,0.6416170634920635,38.94607843137254,8297.22490013427,98.77648690636036,0
3062,31.47818210815233,0,0,215,0.0,0.0,1.0,215,6000,4100,1900,0.6833333333333333,79,41,38,195.5676544256615,0.4371902847207129,0.7830215818133173,0.13144918676974118,1073370.9371809876,-7016.672697368071,1066354.2644836195,3060,1,1195.1581395348837,86,129,40,33.74577812418813,0.6418362403100775,38.852969348659,8220.433787846141,95.58643939355979,0
3063,31.267241039751752,0,0,215,0.0,0.0,1.0,215,6700,4900,1800,0.7313432835820896,85,49,36,192.35148343435839,0.43674925740780984,0.7791987872141408,0.12961254164128205,1066871.0518631535,-8657.154108189841,1058213.8977549637,3061,2,1196.1581395348837,91,124,42,33.74328190013867,0.641025641025641,38.76811594202897,8168.000286109026,89.758244902297,0
3064,30.95116737764021,0,0,215,0.0,0.0,1.0,215,6650,4800,1850,0.7218045112781954,85,48,37,195.07030779886077,0.43646218213431864,0.7819953588965511,0.13176605351489284,1056752.542687434,-8421.791246146888,1048330.7514412871,3062,3,1197.1581395348837,93,122,42,33.58826138275162,0.6412410394265233,38.68572695035459,8087.981803325901,86.96754627232151,0
3065,30.596875370924295,1,0,216,0.004629629629629629,0.0,1.0,216,6200,4800,1400,0.7741935483870968,76,48,28,190.03759903682393,0.4363556022107378,0.77801099442998,0.12897002052029516,1045917.8878876317,-9647.255159233631,1036270.6327283981,3063,0,1192.611111111111,75,141,40,33.55900866663169,0.6495833333333334,38.527960526315795,8000.227404757729,106.66969873010306,0
3066,30.77548175212376,1,1,216,0.004608294930875576,0.004608294930875576,0.9953917050691244,217,5950,4400,1550,0.7394957983193278,75,44,31,187.14381414022725,0.4363070347613358,0.774610941478278,0.12764656487894557,1053380.3680754171,-9923.276035585872,1043457.0920398312,3064,0,1188.110599078341,79,138,42,33.46293255034672,0.6495253164556962,38.359375000000014,8052.116280301786,101.92552253546565,0
3067,30.915814743847665,0,1,215,0.0,0.004629629629629629,0.9953703703703703,216,6750,4900,1850,0.725925925925926,86,49,37,184.36962852262343,0.4358414979902383,0.7683569849349576,0.12616300419170054,1059060.7326132157,-10898.273229040566,1048162.4593841751,3065,1,1183.2175925925926,85,131,43,33.42511183094246,0.6482843137254901,38.25096899224807,8092.184552017316,95.20217120020371,0
3068,31.41445052431758,0,0,215,0.0,0.0,1.0,215,5300,3900,1400,0.7358490566037735,67,39,28,183.9735043591273,0.43507389697891763,0.7675854214365248,0.12624149880231444,1076902.4127572784,-8675.69785444875,1068226.7149028296,3066,2,1189.613953488372,86,129,45,33.3413355282211,0.6488614341085271,38.158524904214566,8225.606064610902,95.6465821466384,0
3069,31.44317155840013,0,2,213,0.0,0.009302325581395349,0.9906976744186047,215,6300,4400,1900,0.6984126984126984,82,44,38,183.02399206424053,0.43508657538216333,0.7666635144866909,0.12591127938535657,1078587.1025818035,-9818.536539295066,1068768.5660425085,3067,3,1190.613953488372,88,127,47,33.279618541191915,0.6490293560606061,38.073501872659186,8235.799816308976,93.58863427623837,0
3070,31.191634884280052,0,0,213,0.0,0.0,1.0,213,6850,4900,1950,0.7153284671532847,88,49,39,185.92041529092427,0.4346450822334426,0.7694015230069329,0.12846493632689676,1071145.804424197,-9620.425440864323,1061525.3789833325,3068,4,1195.0328638497654,89,124,40,33.05579170899026,0.6501638576779026,37.92824074074075,8174.4466282957765,91.84771492467165,0
3071,31.67784396639335,0,0,213,0.0,0.0,1.0,213,5800,4300,1500,0.7413793103448276,73,43,30,183.99479526615073,0.4346939867717838,0.7628741936431702,0.11433875642544604,1057701.1449797552,-9477.698875335092,1048223.4461044201,3069,5,1196.0328638497654,75,138,38,36.82971783175985,0.6186111111111111,41.58442982456143,8186.048110504184,109.14730814005578,8
3072,31.889487217619067,2,0,215,0.009302325581395349,0.0,1.0,215,6300,4600,1700,0.7301587301587301,80,46,34,179.55422380306106,0.4355955227124538,0.7599471545953718,0.11246281419788881,1067090.6040661468,-10979.874971872483,1056110.7290942743,3070,0,1185.8976744186045,82,133,39,36.65769174792609,0.6185213414634146,41.30271084337352,8249.723895793002,100.60638897308539,0
3073,32.05013774376589,1,1,215,0.004629629629629629,0.004629629629629629,0.9953703703703703,216,6800,5100,1700,0.75,85,51,34,180.94151991289996,0.43588411570485214,0.7618136571907861,0.11387167737274809,1073867.9160172534,-11138.54141802763,1062729.3745992258,3071,0,1181.4027777777778,85,131,42,36.449755131324515,0.6191176470588236,41.133720930232585,8296.699901402251,97.60823413414413,0
3074,32.05319996395565,0,0,215,0.0,0.0,1.0,215,6600,4900,1700,0.7424242424242424,83,49,34,182.55611904006702,0.4353528218503224,0.7632599914579374,0.11537484857378372,1075214.877162742,-10342.588978205269,1064872.2881845366,3072,1,1187.3627906976744,89,126,38,36.255297004632325,0.6192649812734082,40.98379629629631,8302.298171219529,93.28424911482617,0
3075,31.869425448645615,0,1,214,0.0,0.004651162790697674,0.9953488372093023,215,6650,4800,1850,0.7218045112781954,85,48,37,177.0843587650977,0.43496975295225676,0.7606094370249441,0.11568379252195982,1078625.6109037767,-11448.455069098434,1067177.1558346783,3073,2,1188.3627906976744,89,126,39,35.219121179767775,0.6309691011235955,39.82638888888889,8291.583503010483,93.16385958438745,8
3076,32.19746446481877,0,0,214,0.0,0.0,1.0,214,5850,3600,2250,0.6153846153846154,81,36,45,175.37506976631266,0.4343733089084873,0.7573805303623211,0.11484238439535999,1090421.8549726503,-10403.438221891634,1080018.4167507587,3074,3,1194.9018691588785,90,124,40,35.17934113300492,0.6314814814814815,39.74358974358975,8379.59652097209,93.106628010801,0
3077,31.98021826506156,0,1,213,0.0,0.004672897196261682,0.9953271028037384,214,6050,4100,1950,0.6776859504132231,80,41,39,204.24927280841632,0.43424350620859115,0.7848997002598708,0.13301236427202973,1081474.081694627,-4671.941050544754,1076802.140644082,3075,4,1195.9018691588785,82,132,35,34.62292491072288,0.6323678861788617,39.93473895582328,8316.943811352945,101.42614404088957,8
3078,31.73264097184112,0,1,212,0.0,0.004694835680751174,0.9953051643192489,213,6200,4300,1900,0.6935483870967742,81,43,38,202.93436705355003,0.433599632385508,0.783960445442381,0.1328147686813882,1074520.0908980882,-5188.58909345482,1069331.5018046333,3076,6,1202.4976525821596,86,127,38,34.4818265470439,0.6326308139534884,39.762931034482754,8258.009477047004,96.02336601217446,0
3079,31.518508866661396,0,0,212,0.0,0.0,1.0,212,6900,5300,1600,0.7681159420289855,85,53,32,204.91547740705397,0.4330587349846493,0.7868203955742783,0.13476690679366016,1068646.7761886409,-5503.5471355593445,1063143.2290530815,3077,7,1208.7830188679245,88,124,43,34.25893673123887,0.6336410984848485,39.59503745318351,8207.576120954423,93.26791046539118,0
3080,31.756602967529226,0,0,212,0.0,0.0,1.0,212,6200,4500,1700,0.7258064516129032,79,45,34,176.47828918124475,0.43285939968404424,0.7567829631520075,0.11593673841206067,1076406.0589662408,-10607.540049861831,1065798.518916379,3078,8,1209.7830188679245,104,108,45,35.03802311551412,0.6287059294871795,39.63293650793654,8268.373461139043,79.5035909724908,8
3081,32.17413570799852,0,1,211,0.0,0.0047169811320754715,0.9952830188679245,212,6150,4400,1750,0.7154471544715447,79,44,35,172.79278559379657,0.43260417598140033,0.751936150794392,0.11410631799642434,1092051.8825381293,-10810.262640657606,1081241.6198974717,3079,9,1210.7830188679245,80,132,43,34.95269825600526,0.6380208333333333,39.454732510288046,8382.818794290715,104.78523492863394,0
3082,32.28466764758349,1,0,212,0.0047169811320754715,0.0,1.0,212,6250,4800,1450,0.768,77,48,29,168.6453547264969,0.4322497503651375,0.743197934577831,0.11183609295819386,1097012.2354806138,-11648.796481613208,1085363.4389990005,3080,0,1211.7075471698113,87,125,46,34.914681999122145,0.6368534482758621,39.311079545454525,8416.255156282272,96.73856501473875,0
3083,32.06709115249819,1,0,213,0.004694835680751174,0.0,1.0,213,6100,4500,1600,0.7377049180327869,77,45,32,167.16559671195955,0.4318769008179053,0.7428102623292177,0.11140665845087674,1091035.0415924047,-12223.295247709895,1078811.7463446949,3081,0,1207.0140845070423,91,122,46,34.781104865662556,0.6372481684981686,39.14175724637679,8364.965048260878,91.92269283803162,0
3084,32.34733691255966,0,1,212,0.0,0.004694835680751174,0.9953051643192489,213,6300,4800,1500,0.7619047619047619,78,48,30,184.03694825702962,0.4315041190539463,0.7641972208948509,0.115537997479775,1083101.4922068492,-9033.861344323,1074067.6308625261,3082,1,1208.0140845070423,83,130,43,36.45773433007476,0.6189759036144578,41.220238095238116,8370.836144485367,100.85344752392008,8
3085,32.76254357261116,0,1,211,0.0,0.0047169811320754715,0.9952830188679245,212,5100,3500,1600,0.6862745098039216,67,35,32,186.47305036927594,0.43083996542370856,0.766439229496501,0.11765786883706127,1098518.5586874885,-6531.1786948566405,1091987.379992632,3083,2,1214.7028301886792,84,128,47,36.21279163314561,0.6204117063492063,41.04166666666668,8484.133679324128,101.00159142052533,0
3086,33.1978860403298,1,2,210,0.0047169811320754715,0.009433962264150943,0.9905660377358491,212,6550,4700,1850,0.7175572519083969,84,47,37,188.94509639833078,0.43135367298578203,0.7677988803261453,0.11968387791106636,1114302.8492165683,-6841.588147567933,1107461.2610690005,3084,0,1215.5849056603774,85,127,37,36.008085565580544,0.6214460784313726,40.903585271317844,8601.453249620858,101.19356764259832,0
3087,32.77857801194014,0,0,210,0.0,0.0,1.0,210,5950,4500,1450,0.7563025210084033,74,45,29,192.37320932322365,0.4303941672362725,0.7712091258060658,0.12212268536190195,1100885.6284672425,-5593.819710788278,1095291.8087564541,3085,4,1227.652380952381,87,123,39,35.84042209027939,0.6215277777777778,40.82623106060608,8495.347603828513,97.64767360722429,0
3088,33.15797946404239,0,0,210,0.0,0.0,1.0,210,5400,3900,1500,0.7222222222222222,69,39,30,202.47150299001112,0.4301644262170578,0.7752887437281064,0.12698649127677844,1109945.1337842776,-2453.548105249313,1107491.5856790282,3086,5,1228.652380952381,80,130,42,36.016298045062996,0.6197916666666667,41.255144032921834,8579.456620583045,107.24320775728806,8
3089,32.73707574387367,2,0,212,0.009433962264150943,0.0,1.0,212,5850,4100,1750,0.7008547008547008,76,41,35,198.4716342547611,0.4313201399445587,0.7736764325067627,0.12518524274039192,1097560.7408501247,-4683.065213921601,1092877.675636203,3087,0,1218.051886792453,84,128,48,35.914576431613845,0.6202876984126984,41.05392156862747,8477.137383186955,100.91830218079708,0
3090,32.392896800973986,0,1,211,0.0,0.0047169811320754715,0.9952830188679245,212,5650,3700,1950,0.6548672566371682,76,37,39,196.5098408108998,0.4312186093475215,0.7718682724326353,0.12444473062063476,1087209.3890137854,-5320.531207356744,1081888.8578064286,3088,1,1219.051886792453,86,126,37,35.821029160312435,0.6210029069767442,40.912356321839106,8392.599304074252,97.5883640008634,0
3091,32.80514718633328,0,0,211,0.0,0.0,1.0,211,5950,4400,1550,0.7394957983193278,75,44,31,201.44436052428273,0.4305358083201685,0.7767888105421314,0.1279597276006371,1101961.9075913993,-3753.19764062588,1098208.7099507733,3089,2,1225.824644549763,86,125,38,35.58325249445677,0.622093023255814,40.804597701149454,8502.943322434745,98.87143398179936,0
3092,32.409397807033955,1,2,210,0.0047169811320754715,0.009433962264150943,0.9905660377358491,212,6100,4400,1700,0.7213114754098361,78,44,34,200.06879648682076,0.4308972510357984,0.7768833002855033,0.12735413734988776,1089292.1452605773,-4913.326295033296,1084378.818965544,3090,0,1221.0377358490566,88,124,40,35.543160136029854,0.6221590909090908,40.730337078651715,8402.773644913663,95.48606414674617,0
3093,32.20232335509115,0,0,210,0.0,0.0,1.0,210,6450,4500,1950,0.6976744186046512,84,45,39,203.6210516364076,0.43054938482570065,0.7785896196505229,0.12987859058011528,1082928.2480747355,-4348.6022560497395,1078579.6458186859,3091,1,1224.009523809524,91,119,41,35.37823801207891,0.6219093406593407,40.658967391304365,8351.383791308504,91.77344825613741,0
3094,32.444181478429755,0,0,210,0.0,0.0,1.0,210,5250,3400,1850,0.6476190476190476,71,34,37,201.17932211720367,0.4303723323460165,0.7763098403052846,0.12870309218820408,1091939.8583047225,-3314.8559027003594,1088625.002402022,3092,2,1225.009523809524,73,137,43,35.33511249163549,0.6299942922374429,40.5546171171171,8417.49308599289,115.30812446565602,0
3095,32.07227608377778,0,1,209,0.0,0.004761904761904762,0.9952380952380953,210,5950,4100,1850,0.6890756302521008,78,41,37,198.0637608305624,0.4300984468747627,0.7731950244534267,0.1273380781942819,1080864.070571096,-5133.9994472116905,1075730.0711238843,3093,3,1226.009523809524,76,134,44,35.239391728761746,0.630345394736842,40.3814935064935,8326.556416717774,109.55995285154967,0
3096,31.6985101551783,0,0,209,0.0,0.0,1.0,209,5600,3700,1900,0.6607142857142857,75,37,38,197.53409436146347,0.42962040700527543,0.7706459462032438,0.12767728489777333,1069800.557877304,-5135.583130463807,1064664.9747468403,3094,4,1232.1148325358852,79,130,43,35.06328413438248,0.6309335443037974,40.195312499999986,8235.421525081636,104.24584208964096,0
3097,31.83800732743331,0,1,208,0.0,0.004784688995215311,0.9952153110047847,209,5350,3800,1550,0.7102803738317757,69,38,31,204.2658099046219,0.4294775947736474,0.780801740953545,0.1252842492082867,1059174.8899966495,-3879.3566528391957,1055295.5333438104,3095,5,1233.1148325358852,82,127,37,36.78680322418466,0.6108993902439024,42.05572289156626,8212.43178464779,100.1516071298511,8
3098,31.8687685630173,1,0,209,0.004784688995215311,0.0,1.0,209,4950,3600,1350,0.7272727272727273,63,36,27,206.28508975190448,0.4297948487915593,0.7809429675517647,0.12701592239087128,1061353.327477771,-2961.7267165533194,1058391.6007612178,3096,0,1233.5454545454545,87,122,38,36.59134255224817,0.6105124521072797,41.9152462121212,8224.843288109168,94.53842859895596,0
3099,31.469394720918324,1,1,209,0.004761904761904762,0.004761904761904762,0.9952380952380953,210,4950,3300,1650,0.6666666666666666,66,33,33,210.49575424455497,0.43025271512113616,0.7851957161645908,0.13026066615079437,1049520.3017886782,-2766.086496004009,1046754.2152926741,3097,0,1228.6666666666667,91,119,39,36.298224462954856,0.6110347985347986,41.73460144927535,8127.45576974801,89.31270076646166,0
3100,31.984791403975652,0,0,209,0.0,0.0,1.0,209,5350,3800,1550,0.7102803738317757,69,38,31,208.83681454127645,0.4297660946509631,0.7824779106554007,0.12983525493272272,1068084.6292040749,-2538.9216753040855,1065545.7075287707,3098,1,1235.2344497607655,73,136,38,36.17112179312601,0.6197203196347032,41.56813063063064,8265.889433918785,113.2313621084765,0
3101,31.997073540836926,0,0,209,0.0,0.0,1.0,209,6350,4800,1550,0.7559055118110236,79,48,31,210.59365638752251,0.4295159336277757,0.7846288686257132,0.13163694110748836,1070092.379123027,-3079.06664161153,1067013.3124814155,3099,2,1236.2344497607655,74,135,39,35.92852156167768,0.6211993243243243,41.37500000000002,8275.243144499,111.8276100607973,0
3102,31.831543914326783,1,1,209,0.004761904761904762,0.004761904761904762,0.9952380952380953,210,5500,3700,1800,0.6727272727272727,73,37,36,207.98968403109615,0.42989291410344044,0.7830751997610321,0.13062516925524956,1065942.385383889,-3158.9960137299713,1062783.389370159,3100,0,1231.3428571428572,76,134,42,35.82407649416276,0.621984649122807,41.206709956709986,8237.789976746168,108.39197337823904,0
3103,31.43746952665579,1,0,210,0.004761904761904762,0.0,1.0,210,5700,3900,1800,0.6842105263157895,75,39,36,203.21309724762722,0.4299702855623908,0.7776503302050739,0.12833203403794258,1054340.491498861,-4848.840633785895,1049491.6508650752,3101,0,1229.9952380952382,80,130,38,35.74780277074336,0.622265625,41.010802469135825,8141.965005109631,101.77456256387039,0
3104,31.163102048088362,0,1,209,0.0,0.004761904761904762,0.9952380952380953,210,6150,4800,1350,0.7804878048780488,75,48,27,207.46481240405885,0.4297604807473228,0.7797020789745956,0.1314363186892191,1046050.9270872407,-4746.248129350336,1041304.6789578904,3102,1,1230.9952380952382,83,127,38,35.52235889090971,0.6222389558232932,40.89781746031749,8074.427755366622,97.28226211285086,0
3105,31.511458253312764,1,1,209,0.004761904761904762,0.004761904761904762,0.9952380952380953,210,6000,3900,2100,0.65,81,39,42,212.51959557711777,0.42952077162603475,0.7843862196261158,0.13521359532132166,1058971.4402006285,-2989.5635601686563,1055981.8766404598,3103,0,1231.9809523809524,84,126,39,35.2379264161349,0.6233878968253967,40.74754901960786,8169.4227861376785,97.2550331683057,0
3106,31.941972166289254,0,0,209,0.0,0.0,1.0,209,5700,4200,1500,0.7368421052631579,72,42,30,202.71529977781117,0.4293405333701386,0.7782620927947153,0.12467930836768104,1063460.9480962716,-4384.0390209338175,1059076.9090753377,3104,1,1234.4258373205741,82,127,40,36.72436084496539,0.6119156504065041,41.95532128514056,8242.455945169098,100.51775542889145,8
3107,32.20725555866607,0,0,209,0.0,0.0,1.0,209,6700,5500,1200,0.8208955223880597,79,55,24,203.08302543209194,0.42937791375291373,0.7798735143497006,0.12547758918537136,1073661.9686281653,-4891.495823923345,1068770.472804242,3105,2,1235.4258373205741,83,126,41,36.54688150353791,0.6132028112449799,41.7906746031746,8316.213730686317,100.1953461528472,0
3108,32.364047364957806,0,3,206,0.0,0.014354066985645933,0.9856459330143541,209,7900,6400,1500,0.810126582278481,94,64,30,207.46618106139402,0.4293970831799779,0.783917271183824,0.1286290322580645,1079925.3304765453,-4890.403170913339,1075034.927305632,3106,3,1236.4258373205741,85,124,43,36.30712365591399,0.6137254901960785,41.66666666666667,8360.712235947447,98.36132042291113,0
3109,32.12968652076612,0,1,205,0.0,0.0048543689320388345,0.9951456310679612,206,5700,4500,1200,0.7894736842105263,69,45,24,208.17841218434833,0.42879518904412345,0.7819551959522577,0.1294409717835267,1072957.7577078668,-2226.6715318992874,1070731.0861759675,3107,10,1254.8592233009708,70,136,42,36.183886838868425,0.6212797619047619,41.563967136150254,8303.468721585945,118.62098173694207,0
3110,31.945787277608662,2,0,207,0.00966183574879227,0.0,1.0,207,6000,4200,1800,0.7,78,42,36,202.36485667291643,0.42957940528117816,0.777173376330951,0.12694760949763523,1069432.5515252936,-4116.886997846139,1065315.6645274474,3108,0,1249.4685990338164,76,131,40,36.01104895348635,0.6215734649122807,41.2472943722944,8266.058891488441,108.76393278274264,0
3111,31.527921027015235,1,1,207,0.004807692307692308,0.004807692307692308,0.9951923076923077,208,5600,3900,1700,0.6964285714285714,73,39,34,199.93213884688512,0.4297145964944878,0.7752532604196076,0.12591861630322015,1056590.552953995,-4950.718172498429,1051639.8347814966,3109,0,1244.4567307692307,79,129,46,35.93066312930646,0.6217035864978904,41.10677083333337,8162.365283595718,103.3210795391863,0
3112,31.335523953071228,1,2,206,0.004807692307692308,0.009615384615384616,0.9903846153846154,208,5950,4300,1650,0.7226890756302521,76,43,33,233.10942174719764,0.42992507819274123,0.8016226291555784,0.1368446992268367,1029487.1999143601,446.633173635636,1029933.8330879956,3110,0,1236.7403846153845,73,135,35,37.69014277869303,0.598458904109589,43.66554054054055,8032.374594389471,110.03252869026673,8
3113,31.399792091579517,0,1,205,0.0,0.0048543689320388345,0.9951456310679612,206,6300,4900,1400,0.7777777777777778,77,49,28,234.88678371737436,0.4287739758465546,0.8024367208466359,0.13815648499566313,1032182.30096151,989.1961765698443,1033171.4971380798,3111,1,1249.7330097087379,72,134,35,37.57037583245221,0.599681712962963,43.593036529680376,8051.125343801283,111.82118533057337,0
3114,31.14265103350894,2,1,206,0.00966183574879227,0.004830917874396135,0.9951690821256038,207,6050,4700,1350,0.7768595041322314,74,47,27,230.7699425599107,0.4291074527461189,0.8017078272274776,0.13684657593802704,1026150.3807352176,-89.06711598068432,1026061.3136192369,3112,0,1244.2463768115942,76,131,38,37.365949093591915,0.6008771929824561,43.29004329004329,7994.628598645371,105.1924815611233,0
3115,31.071905116935916,3,1,208,0.014354066985645933,0.004784688995215311,0.9952153110047847,209,6250,4800,1450,0.768,77,48,29,228.1605737640155,0.4310667402772666,0.8021960837556958,0.13624051204940496,1025863.806582273,-1237.66505729058,1024626.1415249824,3113,0,1233.1244019138755,79,130,38,37.17089983954057,0.6021888185654009,43.03385416666666,7984.42770159803,101.06870508351936,0
3116,30.892848868287878,2,1,209,0.009523809523809525,0.004761904761904762,0.9952380952380953,210,5500,3700,1800,0.6727272727272727,73,37,36,227.58172134499003,0.4307772271588061,0.8035350292253249,0.13667730491335778,1021629.3367822532,-999.167391711233,1020630.169390542,3114,0,1228.2428571428572,81,129,41,36.969776488021715,0.6035236625514404,42.82266260162599,7944.940616596589,98.08568662464926,0
3117,31.36244350610971,1,0,210,0.004761904761904762,0.0,1.0,210,6400,5200,1200,0.8125,76,52,24,225.36034713165282,0.43076251234145974,0.8023121741796988,0.1359415634473399,1038463.330119334,-1594.3086881628751,1036869.0214311712,3115,0,1229.2285714285715,65,145,41,36.86158386997851,0.6129807692307692,42.660984848484844,8070.7803246073,124.16585114780462,0
3118,31.601506038773344,4,1,213,0.018691588785046728,0.004672897196261682,0.9953271028037384,214,6300,4500,1800,0.7142857142857143,81,45,36,216.9186879684958,0.43284767013294717,0.7981859184722497,0.13225322204512763,1049545.1558838135,-3566.808364398653,1045978.3475194148,3116,0,1207.233644859813,73,141,46,36.681356618784946,0.6125856164383562,42.27195945945945,8144.594229503098,111.56978396579586,0
3119,31.922678531164408,0,1,212,0.0,0.004694835680751174,0.9953051643192489,213,4900,3200,1700,0.6530612244897959,66,32,34,214.52240147560937,0.43270920069684354,0.7950033231480049,0.13114660039511453,1061019.6938732136,-1977.5014514806644,1059042.192421733,3117,1,1213.4037558685445,75,138,44,36.6428441691918,0.612638888888889,42.17379385964911,8230.503095528113,109.74004127370817,0
3120,32.4172286755527,3,1,214,0.013953488372093023,0.004651162790697674,0.9953488372093023,215,6400,4700,1700,0.734375,81,47,34,209.54652295626485,0.43346555096718103,0.7914853100588948,0.1289374081229995,1079416.39741712,-4162.409419853354,1075253.9879972667,3118,0,1202.6930232558138,83,132,40,36.53191574563509,0.6116967871485943,41.939484126984105,8365.606755186596,100.79044283357345,0
3121,32.20793268855659,1,0,215,0.004651162790697674,0.0,1.0,215,5400,3700,1700,0.6851851851851852,71,37,34,211.44164185552992,0.4338241686589872,0.7934556525636385,0.1305139486952953,1073390.944862615,-3008.0912530782334,1070382.8536095368,3119,0,1203.6883720930232,84,131,44,36.36710653312449,0.6124751984126984,41.82598039215685,8315.251445463464,98.99108863646981,0
3122,32.04904474513117,1,1,215,0.004629629629629629,0.004629629629629629,0.9953703703703703,216,7950,6000,1950,0.7547169811320755,99,60,39,225.59647958168037,0.4341816501579099,0.8022191604253117,0.13635107979748107,1061789.2724354854,-3242.815616192119,1058546.4568192933,3120,0,1199.111111111111,69,147,34,36.78219061933943,0.6114130434782609,42.589285714285715,8249.767500019034,119.56184782636281,8
3123,32.01218677789055,0,1,214,0.0,0.004651162790697674,0.9953488372093023,215,7000,5000,2000,0.7142857142857143,90,50,40,228.08752026475008,0.4336901398246758,0.7992012332551535,0.13772629526158095,1060283.1659312916,-1632.5283808549202,1058650.6375504367,3121,1,1205.6837209302325,73,142,29,36.75344563552831,0.6090182648401826,42.623873873873855,8239.172621719421,112.8653783797181,8
3124,31.54150942532827,3,1,216,0.013824884792626729,0.004608294930875576,0.9953917050691244,217,6050,3800,2250,0.628099173553719,83,38,45,219.11223252126058,0.43477004750526255,0.7931782148480102,0.1334520035033739,1047246.0182034138,-3557.117390490077,1043688.9008129238,3122,0,1194.0276497695852,80,137,35,36.66336044848119,0.6091145833333333,42.30967078189299,8127.941947848833,101.59927434811041,0
3125,31.43663939638196,4,4,216,0.01818181818181818,0.01818181818181818,0.9818181818181818,220,5850,3900,1950,0.6666666666666666,78,39,39,216.04435645888293,0.4359844160785942,0.7927035595658216,0.1324522449866029,1045697.8193114748,-4666.577515279313,1041031.2417961955,3123,0,1178.709090909091,84,136,29,36.498669644129805,0.6099950396825398,42.07107843137253,8108.418497250567,96.52879163393533,0
3126,31.606114350122162,1,0,217,0.004608294930875576,0.0,1.0,217,5750,3800,1950,0.6608695652173913,77,38,39,220.72316044409263,0.43483760738465044,0.7938671843504057,0.13553496546277657,1051801.445606099,-2718.612153231613,1049082.8334528673,3124,0,1195.967741935484,83,134,30,36.31953790937641,0.6109437751004017,42.013888888888864,8153.938528521035,98.24022323519318,0
3127,31.519511262831166,0,2,215,0.0,0.009216589861751152,0.9907834101382489,217,7150,5400,1750,0.7552447552447552,89,54,35,218.13602239653602,0.43529541446208114,0.7944125369836486,0.13465303554538444,1050463.0591379802,-4721.233321029137,1045741.8258169511,3125,1,1196.967741935484,85,132,36,36.19238212526387,0.6121323529411764,41.82412790697671,8137.577308227225,95.73620362620265,0
3128,31.802952119411625,0,0,215,0.0,0.0,1.0,215,5050,3400,1650,0.6732673267326733,67,34,33,207.96317885206534,0.4348982105339419,0.7864120894036741,0.12569740584426253,1053645.5607292,-4226.103961478001,1049419.456767722,3126,2,1208.3488372093022,77,138,36,37.2349221789883,0.6075487012987013,42.588141025641,8186.457025930219,106.31762371337946,8
3129,31.733467091205114,2,0,217,0.009216589861751152,0.0,1.0,217,6350,4400,1950,0.6929133858267716,83,44,39,204.91245757343842,0.4356127681060477,0.7859902268148331,0.12481363071359756,1053643.4993707638,-6569.064227532301,1047074.4351432315,3127,0,1198.2027649769586,82,135,39,37.026270718680486,0.6083587398373984,42.30672690763049,8177.501001301559,99.72562196709218,0
3130,31.77550585248265,1,0,218,0.0045871559633027525,0.0,1.0,218,7200,5700,1500,0.7916666666666666,87,57,30,215.19281849945315,0.43583750827942896,0.8045770308964744,0.12651496505791354,1044394.0508265196,-5850.780115716181,1038543.2707108035,3128,0,1193.7018348623853,66,152,42,38.09274755927474,0.6027462121212122,43.61007462686566,8146.919574211598,123.4381753668424,8
3131,32.231915511650705,4,3,219,0.018018018018018018,0.013513513513513514,0.9864864864864865,222,7350,5200,2150,0.7074829931972789,95,52,43,212.28772377556865,0.43741804587392824,0.8044314451437746,0.1265268111986971,1063594.1803916357,-6592.402484743926,1057001.777906892,3129,0,1173.1756756756756,73,149,37,37.648858447488585,0.6041666666666667,43.10247747747746,8280.299241098279,113.42875672737368,0
3132,32.43078706559057,0,2,217,0.0,0.0091324200913242,0.9908675799086758,219,5350,3500,1850,0.6542056074766355,72,35,37,222.0571187473889,0.4359194559646991,0.8081006544255853,0.1301138360649466,1064892.2844960834,-1856.6175056949332,1063035.6669903884,3130,1,1190.164383561644,69,150,37,38.04457493757621,0.5997886473429952,43.735119047619044,8310.871786555577,120.44741719645764,8
3133,32.58921781842403,2,1,218,0.0091324200913242,0.0045662100456621,0.995433789954338,219,6200,3600,2600,0.5806451612903226,88,36,52,218.0901555690242,0.4362318992361722,0.8039406743555437,0.12851237498278206,1071851.8973372243,-3247.9305925541403,1068603.9667446702,3131,0,1191.0913242009133,73,146,38,37.9313025978778,0.5998858447488584,43.52477477477478,8358.326979894227,114.49762986156476,0
3134,32.19514571879658,2,1,219,0.00909090909090909,0.004545454545454545,0.9954545454545455,220,7200,4900,2300,0.6805555555555556,95,49,46,214.7353854273298,0.4371372111526221,0.8032756300025383,0.12747772536832314,1061165.5307808,-5626.042149117655,1055539.4886316822,3132,0,1186.1090909090908,76,144,39,37.73611623373202,0.6012883771929824,43.249458874458874,8266.12108491667,108.7647511173246,0
3135,31.803842453214862,2,1,220,0.00904977375565611,0.004524886877828055,0.995475113122172,221,6450,4500,1950,0.6976744186046512,84,45,39,216.53591724641993,0.4375282805429865,0.8063443667651444,0.12968444383888156,1050924.9198566482,-5137.401704344046,1045787.5181523041,3133,0,1181.6696832579185,81,140,37,37.35767612129596,0.6024948559670782,42.924288617886184,8175.995423344897,100.93821510302342,0
3136,31.470836447479417,2,2,220,0.009009009009009009,0.009009009009009009,0.990990990990991,222,5800,4100,1700,0.7068965517241379,75,41,34,221.60652174190346,0.43791571548924485,0.8143031207811655,0.1334592309602108,1041568.5692241127,-4036.3224437106537,1037532.246780402,3134,0,1177.3333333333333,83,139,40,37.01925780434116,0.6037901606425703,42.72073412698412,8096.79369761724,97.55173129659325,0
3137,31.779555074334127,0,2,218,0.0,0.00909090909090909,0.990909090909091,220,5950,4500,1450,0.7563025210084033,74,45,29,226.3434467221129,0.4369050089940501,0.8164129798444415,0.13653458745112998,1052274.5967091068,-2314.908176548056,1049959.6885325587,3135,1,1188.9863636363636,65,155,40,36.83628488193804,0.6129807692307692,42.66098484848484,8178.11940478246,125.81722161203786,0
3138,31.476647155544228,1,0,219,0.0045662100456621,0.0,1.0,219,6450,5000,1450,0.7751937984496124,79,50,29,225.8799664939823,0.43638986636504545,0.8149030665047718,0.13687967688406014,1043598.8827597655,-3104.383865813513,1040494.498893952,3136,0,1195.3744292237443,67,152,40,36.67732500495737,0.6134950248756219,42.49387254901959,8105.429514165079,120.97655991291163,0
3139,31.592836029494304,1,1,219,0.004545454545454545,0.004545454545454545,0.9954545454545455,220,6050,4200,1850,0.6942148760330579,79,42,37,223.8176312978838,0.43675453161754535,0.8131659088283782,0.13616227927939398,1048612.1803735164,-3110.4211277380764,1045501.7592457783,3137,0,1190.9363636363637,69,151,41,36.58455585075659,0.6138285024154589,42.35119047619047,8139.856592480109,117.96893612290013,0
3140,31.70004770484891,0,0,219,0.0,0.0,1.0,219,5900,4400,1500,0.7457627118644068,74,44,30,224.69029968212948,0.43607655034700404,0.8124188983367437,0.13722971447117463,1053333.133700668,-2365.252504736244,1050967.881195932,3138,1,1197.2785388127854,72,147,41,36.416588250488985,0.6137152777777778,42.208904109589035,8171.990037611293,113.49986163349018,0
3141,31.611013433781192,1,0,220,0.004545454545454545,0.0,1.0,220,5850,3800,2050,0.6495726495726496,79,38,41,220.54046566663425,0.4364120658641206,0.8100322639850857,0.13538854027323513,1051889.9631075023,-3453.1395412425454,1048436.8235662598,3139,0,1192.831818181818,75,145,38,36.333590125030994,0.6141666666666667,42.02302631578947,8154.913580737793,108.7321810765039,0
3142,31.372612939891546,0,0,220,0.0,0.0,1.0,220,6900,5200,1700,0.7536231884057971,86,52,34,222.49013764722622,0.43630007264425075,0.8100952049227919,0.13708669954184588,1045027.1858655895,-4398.351514334371,1040628.8343512552,3140,1,1193.831818181818,78,142,39,36.14814814814813,0.6141826923076923,41.89082278481012,8097.559313006008,103.81486298725652,0
3143,31.259893864379105,1,2,219,0.004524886877828055,0.00904977375565611,0.9909502262443439,221,5700,3900,1800,0.6842105263157895,75,39,36,216.47116925776993,0.4366532976827095,0.8067331523091359,0.13084825641034434,1035672.7695928304,-5061.34091956127,1030611.4286732692,3141,0,1189.4253393665158,67,154,38,37.01350868840754,0.6125621890547264,42.5857843137255,8046.7410615353465,120.10061285873651,8
3144,31.540493129293417,0,1,218,0.0,0.0045662100456621,0.995433789954338,219,5300,3800,1500,0.7169811320754716,68,38,30,219.73126928474346,0.4362380084621507,0.8086489228127196,0.1332789628598237,1045994.2386650927,-3132.471654717994,1042861.7670103747,3142,1,1200.9086757990867,66,153,41,36.80060871315022,0.614425505050505,42.45957711442787,8122.9519385377325,123.07502937178383,0
3145,31.871728372090715,1,0,219,0.0045662100456621,0.0,1.0,219,5800,4300,1500,0.7413793103448276,73,43,30,216.80713843693155,0.43605385893622667,0.8058395808955836,0.1321023719639447,1058332.7076782996,-3709.182826811475,1054623.5248514882,3143,0,1201.890410958904,67,152,41,36.70749618577744,0.6155161691542288,42.29473039215688,8213.512352997612,122.58973661190466,0
3146,31.72097626267079,0,1,218,0.0,0.0045662100456621,0.995433789954338,219,6350,4300,2050,0.6771653543307087,84,43,41,222.70704666253908,0.43605124069652157,0.8101359545405091,0.13641106052836718,1054882.732815495,-3164.0363998705243,1051718.6964156246,3144,1,1202.890410958904,68,151,43,36.360953384456295,0.6168811274509804,42.10446859903382,8180.698029818929,120.30438279145484,0
3147,31.879615414269516,0,0,218,0.0,0.0,1.0,218,5750,4000,1750,0.6956521739130435,75,40,35,220.4566793208573,0.43570230696599443,0.8073555893874946,0.1353899202757954,1060943.9245172075,-2571.565091059594,1058372.359426148,3145,2,1209.1926605504586,69,149,35,36.32134308127124,0.6173007246376812,42.00892857142857,8224.656137458192,119.19791503562598,0
3148,32.14282976637454,1,2,217,0.0045662100456621,0.0091324200913242,0.9908675799086758,219,6200,4200,2000,0.6774193548387096,82,42,40,220.56867769808125,0.4359526203342969,0.8079713002140008,0.13606737512028683,1071044.998614792,-2752.2041800783345,1068292.7944347137,3146,0,1204.6666666666667,74,145,36,36.15318053836912,0.6164132882882882,41.84722222222223,8297.76078982784,112.13190256524108,0
3149,32.51564203999359,1,2,216,0.0045871559633027525,0.009174311926605505,0.9908256880733946,218,6500,4700,1800,0.7230769230769231,83,47,36,225.7536551509327,0.43576308149776627,0.81209681995012,0.13969681256344743,1084400.503822126,-1138.5245229283446,1083261.9792991977,3147,0,1211.0275229357799,74,144,37,35.90570942009503,0.6175394144144144,41.736111111111114,8397.616162967794,113.48129949956478,0
3150,32.72763230198305,0,2,214,0.0,0.009259259259259259,0.9907407407407407,216,6550,4800,1750,0.732824427480916,83,48,35,226.65192507804358,0.4353937876830319,0.8105958781362013,0.14052419354838708,1092057.452854366,-246.61520294660204,1091810.8376514195,3148,1,1222.3287037037037,76,140,38,35.81149193548388,0.6173245614035088,41.66666666666667,8454.638344678964,111.24524137735479,0
3151,32.63232666398342,2,0,216,0.009259259259259259,0.0,1.0,216,6050,4300,1750,0.7107438016528925,78,43,35,220.58457396690758,0.43578587065747915,0.8056296166554244,0.13768850520791492,1090914.47715252,-1122.2189645959688,1089792.258187924,3149,0,1222.6944444444443,68,148,40,35.72135781566249,0.6237745098039216,41.425120772946855,8437.89992603724,124.08676361819471,0
3152,32.10499535289076,0,0,216,0.0,0.0,1.0,216,6400,4400,2000,0.6875,84,44,40,219.46950773606088,0.4354704995693368,0.8050402188409,0.13758779839763352,1074569.179796577,-2432.9662163405937,1072136.2135802363,3150,1,1223.6944444444443,70,146,39,35.59221718174085,0.6242559523809523,41.27053990610328,8306.508113970478,118.66440162814969,0
3153,32.38484340085274,0,0,216,0.0,0.0,1.0,216,6150,4600,1550,0.7479674796747967,77,46,31,219.79892922470214,0.43551760335917317,0.8055933317814459,0.13813974283706335,1084681.9531805317,-1667.6136283121132,1083014.3395522197,3151,2,1224.6944444444443,72,144,41,35.49270408350791,0.6241319444444444,41.18150684931507,8381.796369929612,116.41383847124462,0
3154,32.8260379641607,0,1,215,0.0,0.004629629629629629,0.9953703703703703,216,6650,5100,1550,0.7669172932330827,82,51,31,218.27923294526326,0.4355180519666954,0.8046148357476539,0.13797856975011305,1101198.007436151,-1776.2687231969167,1099421.738712954,3152,3,1225.6944444444443,73,143,34,35.32297837074073,0.6257134703196348,40.976914414414416,8502.701641026484,116.47536494556827,0
3155,33.1775203864646,0,0,215,0.0,0.0,1.0,215,6000,3800,2200,0.6333333333333333,82,38,44,216.88898693428752,0.43550405708903867,0.8032428753594587,0.13749567887302075,1113865.003944105,-682.9895426014273,1113182.0144015036,3153,4,1231.6837209302325,74,141,37,35.25486412606532,0.6262668918918919,40.875,8597.124970142633,116.17736446138693,0
3156,33.013665942842465,0,1,214,0.0,0.004651162790697674,0.9953488372093023,215,6900,4700,2200,0.6811594202898551,91,47,44,213.00837067797295,0.43564442512497287,0.8000098343647124,0.135679877322757,1109799.560300593,-2620.6807762480385,1107178.879524345,3154,5,1232.6837209302325,75,140,39,35.18408394121998,0.6275,40.70723684210525,8560.204664291285,114.13606219055046,0
3157,33.22654243384224,1,0,215,0.004651162790697674,0.0,1.0,215,5350,3700,1650,0.6915887850467289,70,37,33,210.68270585682114,0.4363453597044121,0.7973825538772552,0.13486047171550025,1118445.0751039824,-1222.5930449715152,1117222.4820590108,3155,0,1220.0325581395348,68,147,41,35.06792924885088,0.6328125,40.53442028985507,8621.144094360598,126.78153079942055,0
3158,32.92917838830834,0,0,215,0.0,0.0,1.0,215,6400,4200,2200,0.65625,86,42,44,204.54666302812709,0.4364485981308411,0.7839081376517345,0.12318567537614628,1089835.5426503925,-4815.555300283268,1085019.9873501093,3156,1,1221.0325581395348,84,131,47,37.45802372106316,0.6034226190476191,42.72058823529409,8471.999645638945,100.85713863855888,7
3159,33.25072926408603,1,0,216,0.004629629629629629,0.0,1.0,216,6450,4800,1650,0.7441860465116279,81,48,33,202.97073956360776,0.4367396102497847,0.7838285191795005,0.12299704874060007,1102418.0478776214,-4898.278702802055,1097519.7691748193,3157,0,1216.375,67,149,47,37.26725163593097,0.6134950248756219,42.493872549019606,8562.26652771578,127.79502280172805,0
3160,32.74344065124029,1,1,216,0.004608294930875576,0.004608294930875576,0.9953917050691244,217,5500,4000,1500,0.7272727272727273,70,40,30,201.32076950640513,0.4369177405131706,0.784061196310007,0.12280566939890719,1087626.5462898104,-5107.637353068276,1082518.9089367422,3158,0,1211.7649769585253,70,147,49,37.0645491803279,0.6142857142857143,42.25352112676057,8439.506534052081,120.56437905788688,0
3161,32.88193967138899,0,0,216,0.0,0.0,1.0,216,5850,4200,1650,0.717948717948718,75,42,33,202.1720638831988,0.4366485429227677,0.785107322274482,0.12372479786946762,1093221.9848858647,-4846.211006627426,1088375.7738792372,3159,1,1218.3333333333333,70,146,50,36.92286356395084,0.6154761904761905,42.13615023474179,8479.063551413352,121.12947930590502,0
3162,32.61832440298251,1,2,215,0.004608294930875576,0.009216589861751152,0.9907834101382489,217,6650,5000,1650,0.7518796992481203,83,50,33,202.1056617985169,0.437022636115378,0.7855326340645736,0.12418352916879077,1085683.6283120175,-6165.43835923677,1079518.1899527807,3160,0,1213.7142857142858,73,144,41,36.77590839653011,0.615439497716895,41.99042792792794,8415.839920921571,115.28547836878865,0
3163,32.81024903500084,1,0,216,0.004629629629629629,0.0,1.0,216,5350,4100,1250,0.7663551401869159,66,41,25,202.15004782495961,0.4371666846109676,0.7856726051775156,0.1247132705792045,1093304.4846145406,-4347.6892295855505,1088956.7953849551,3161,0,1219.1296296296296,75,141,42,36.62623882842225,0.6159722222222221,41.84484649122807,8470.134876291679,112.93513168388905,0
3164,32.670776196001235,3,1,218,0.0136986301369863,0.0045662100456621,0.995433789954338,219,6000,4200,1800,0.7,78,42,36,194.1325031919252,0.4378089522851996,0.7790834127625008,0.12061582784523343,1090797.441784963,-7448.152430187318,1083349.2893547758,3162,0,1203.4155251141553,68,151,48,36.574628536932096,0.6220894607843137,41.591183574879224,8442.41660849868,124.15318541909822,0
3165,32.461954702319915,2,0,220,0.00909090909090909,0.0,1.0,220,6750,5400,1350,0.8,81,54,27,199.18592939021136,0.43839897260273974,0.783035442633264,0.12456363069244533,1085777.5649886474,-7495.677321339155,1078281.887667308,3163,0,1198.9136363636364,70,150,48,36.206794675440094,0.6233630952380953,41.35856807511737,8396.006447288695,119.94294924698136,0
3166,32.107650626478716,1,1,220,0.004524886877828055,0.004524886877828055,0.995475113122172,221,6100,4300,1800,0.7049180327868853,79,43,36,195.9494416709086,0.4384298299739476,0.7808607157199798,0.12317940268020822,1075466.4476787797,-8152.590008309244,1067313.8576704704,3164,0,1194.4841628959275,75,146,45,36.10154981289274,0.6227777777777778,41.1732456140351,8310.319002610016,110.80425336813356,0
3167,31.867661611715917,0,1,219,0.0,0.004545454545454545,0.9954545454545455,220,5950,4800,1150,0.8067226890756303,71,48,23,196.12539153250756,0.4379605126608552,0.7803435631195694,0.12359709807509651,1068156.2100261617,-8051.4890181477185,1060104.721008014,3165,1,1200.6909090909091,76,144,47,36.00697528606511,0.6232182017543859,41.08495670995673,8251.016985749922,108.56601297039371,0
3168,31.909700538000067,1,0,220,0.004545454545454545,0.0,1.0,220,5350,3400,1950,0.6355140186915887,73,34,39,196.2081194451531,0.4381550954753009,0.7811516004349444,0.12425681606364336,1070999.1985346007,-7322.252265651651,1063676.946268949,3166,0,1201.0863636363636,79,141,41,35.82793078031292,0.6236814345991561,40.91145833333335,8267.437777410529,104.6511111064624,0
3169,31.530602042842386,0,0,220,0.0,0.0,1.0,220,7300,5400,1900,0.7397260273972602,92,54,38,197.5235744919126,0.4381486093814861,0.7830586914900619,0.12557246633211694,1059385.4779686753,-9449.278725360422,1049936.1992433148,3167,1,1202.0863636363636,82,138,42,35.655309448882456,0.6238567073170731,40.77560240963857,8173.5013202172895,99.67684536850354,0
3170,31.405447461969477,1,1,220,0.004524886877828055,0.004524886877828055,0.995475113122172,221,6300,3800,2500,0.6031746031746031,88,38,50,197.2548829857581,0.4384538255861785,0.7835504915589968,0.12593965606013804,1056406.872878458,-8823.717181001837,1047583.1556974561,3168,0,1197.6425339366515,85,136,43,35.50870147255693,0.6242647058823529,40.62500000000001,8145.787935448349,95.83279924056882,0
3171,31.597652459628776,0,0,220,0.0,0.0,1.0,220,7250,5400,1850,0.7448275862068966,91,54,37,196.64629263804798,0.4381715269129653,0.7818965942379217,0.12595475185857324,1063795.3389387128,-9411.718094413829,1054383.620844299,3169,1,1204.0636363636363,73,147,42,35.409659686810585,0.6304223744292237,40.51238738738735,8199.199400912026,112.3178000124935,0
3172,31.198732330787486,2,0,222,0.009009009009009009,0.0,1.0,222,7150,5200,1950,0.7272727272727273,91,52,39,192.0484062140593,0.4390414169825934,0.7787893888992934,0.12385412666791011,1052301.6544937748,-11131.42887961111,1041170.2256141637,3170,0,1194.2072072072071,76,146,44,35.28525791273853,0.6314418859649122,40.27326839826836,8103.144778392605,106.62032603148164,0
3173,31.099298723778816,1,0,223,0.004484304932735426,0.0,1.0,223,5700,4100,1600,0.7192982456140351,73,41,32,191.27513811146244,0.4394980743074914,0.7775920264273954,0.12381342772364573,1049990.3966333792,-10132.588373648747,1039857.8082597305,3171,0,1189.847533632287,77,146,47,35.173835954363255,0.6323051948051948,40.144230769230724,8081.332192404914,104.95236613512876,0
3174,31.63480797842852,0,0,223,0.0,0.0,1.0,223,5950,4000,1950,0.6722689075630253,79,40,39,192.95965011170748,0.43938950160923257,0.780826185430104,0.12550014182727007,1069430.040974139,-9278.630694936714,1060151.4102792023,3172,1,1190.847533632287,78,145,38,34.961544962812674,0.6335470085470085,39.978902953586456,8225.717475403517,105.45791635132714,0
3175,31.77980112717984,0,1,222,0.0,0.004484304932735426,0.9955156950672646,223,5500,3800,1700,0.6909090909090909,72,38,34,194.50012020832867,0.43937603522805313,0.7822624817942996,0.12680595304443634,1075018.1534623154,-8281.767985089287,1066736.3854772262,3173,2,1191.847533632287,79,144,39,34.83680416499797,0.6339662447257384,39.89583333333329,8266.058689017404,104.63365429135953,0
3176,31.40600557372807,0,2,220,0.0,0.009009009009009009,0.990990990990991,222,5950,4000,1950,0.6722689075630253,79,40,39,195.5224967438856,0.4386426868044515,0.7827499630778334,0.12789414188508869,1063305.9025906113,-8769.9550245952,1054535.947566016,3174,4,1198.2072072072071,83,139,41,34.69389376032527,0.6335341365461847,39.78174603174599,8172.415934512664,98.46284258448992,0
3177,30.9994845709739,0,1,219,0.0,0.004545454545454545,0.9954545454545455,220,6150,4500,1650,0.7317073170731707,78,45,33,197.67928692194872,0.43805434481804345,0.7846953094547209,0.1295842670984277,1050142.6961838135,-8631.708130418589,1041510.988053395,3175,5,1209.8681818181817,83,137,42,34.561894552961704,0.6342871485943775,39.70734126984123,8068.93825824323,97.21612359329193,0
3178,31.052893512288456,2,0,221,0.00904977375565611,0.0,1.0,221,5700,4100,1600,0.7192982456140351,73,41,32,196.07717284500947,0.43851038667215136,0.7864687357140459,0.13108816110254776,1057398.7232887892,-8433.649553522027,1048965.0737352672,3176,0,1202.0633484162895,73,148,49,33.91740609885466,0.6454052511415524,39.034346846846866,8103.738637729713,111.01011832506457,8
3179,30.996697421023406,0,2,219,0.0,0.00904977375565611,0.9909502262443439,221,6250,4600,1650,0.736,79,46,33,193.5300660280457,0.4384144042232278,0.7830945084929191,0.1298883152895839,1056549.7001987095,-9555.173351726196,1046994.5268469834,3177,1,1203.0633484162895,74,147,40,33.849761512137206,0.6462556306306306,38.90277777777779,8093.15159469196,109.36691344178324,0
3180,30.97669717607597,0,0,219,0.0,0.0,1.0,219,6900,5300,1600,0.7681159420289855,85,53,32,195.40975459277527,0.43751658218479883,0.7841645847543706,0.13169317791047552,1056998.621099279,-9390.431769217528,1047608.1893300615,3178,2,1214.9041095890411,79,140,40,33.6581954343817,0.6454377637130801,38.76302083333334,8092.258794838723,102.43365563086991,0
3181,30.78282082566664,0,0,219,0.0,0.0,1.0,219,5750,4200,1550,0.7304347826086957,73,42,31,192.6757906747304,0.4372128663790094,0.7796499520011952,0.12659166766861418,1043429.8044531485,-9341.267482681982,1034088.5369704665,3179,3,1215.9041095890411,90,129,44,34.61240437879191,0.6326388888888889,39.62912087912088,8014.950120199336,89.05500133554818,8
3182,30.92645892415471,0,2,217,0.0,0.0091324200913242,0.9908675799086758,219,5700,4200,1500,0.7368421052631579,72,42,30,193.63686967158122,0.43694144219624925,0.7816372419538566,0.12760173206563183,1049120.8894113787,-8870.303013463103,1040250.5863979155,3180,4,1216.9041095890411,73,146,42,34.48330991497336,0.6404109589041096,39.52702702702703,8055.5066995011175,110.34940684248106,0
3183,31.30464018711835,0,0,217,0.0,0.0,1.0,217,5850,4200,1650,0.717948717948718,75,42,33,176.00496970213425,0.43628481111680034,0.7604272262170384,0.10901266276206814,1044281.1334014761,-12490.266151032592,1031790.8672504434,3181,5,1228.2442396313363,85,132,47,37.15684837827278,0.6133578431372548,41.70300387596899,8085.894525076283,95.12817088325039,8
3184,31.442692660055545,1,0,218,0.0045871559633027525,0.0,1.0,218,6750,5100,1650,0.7555555555555555,84,51,33,175.67662617242303,0.43687596006144397,0.7601767747146169,0.10940787568189939,1050483.6332935311,-13440.915890728622,1037042.7174028025,3182,0,1223.605504587156,77,141,42,36.96528208307501,0.6185064935064934,41.50641025641027,8127.734496902213,105.55499346626252,0
3185,31.58341544094842,2,1,219,0.00909090909090909,0.004545454545454545,0.9954545454545455,220,5600,4000,1600,0.7142857142857143,72,40,32,175.89333579065095,0.4373149301231493,0.7619092806984231,0.11023744951515042,1057027.292807246,-12415.188689274346,1044612.1041179717,3183,0,1213.4727272727273,80,140,47,36.73016701461379,0.61953125,41.280864197530875,8171.233948572568,102.1404243571571,0
3186,31.449519359640867,1,0,220,0.004545454545454545,0.0,1.0,220,5800,4200,1600,0.7241379310344828,74,42,32,175.2276998586751,0.43772658087726585,0.7609137304936688,0.1102776426102562,1053748.4816207534,-12870.815467204646,1040877.6661535488,3184,0,1213.6772727272728,81,139,49,36.59706546275397,0.6206275720164609,41.13313008130083,8141.2386370778,100.50911897626914,0
3187,31.60808574931075,1,1,220,0.004524886877828055,0.004524886877828055,0.995475113122172,221,6600,4100,2500,0.6212121212121212,91,41,50,204.31168580032931,0.4381847319347319,0.7910295834509702,0.12337762696496456,1046917.9267091502,-8020.486699893722,1038897.4400092565,3185,0,1209.1809954751131,71,150,43,37.362984822934216,0.6100352112676056,42.62152777777777,8135.240820026584,114.58085662009273,8
3188,31.19595232770615,0,0,220,0.0,0.0,1.0,220,6100,3800,2300,0.6229508196721312,84,38,46,201.77113434645085,0.4375769683132697,0.7878441141060966,0.12231654892678506,1034403.7889930613,-8357.43482452076,1026046.3541685406,3186,1,1215.6727272727273,72,148,48,37.2840130400251,0.6109664351851851,42.48002283105022,8033.580931194519,111.5775129332572,0
3189,30.786962584644773,3,1,222,0.013452914798206279,0.004484304932735426,0.9955156950672646,223,7000,5400,1600,0.7714285714285715,86,54,32,197.19951201270953,0.4390376924009211,0.7876893506934299,0.12069328623965925,1023598.1138789868,-11229.390289186678,1012368.7235898001,3187,0,1200.304932735426,75,148,49,37.047544381843316,0.6130555555555556,42.1326754385965,7938.9516730744,105.85268897432533,0
3190,30.76387841022323,1,2,221,0.004484304932735426,0.008968609865470852,0.9910313901345291,223,6350,4400,1950,0.6929133858267716,83,44,39,193.9386198942225,0.43894342773266537,0.7872385930818042,0.12020183062964213,1026435.6512256425,-11136.897278214286,1015298.7539474282,3188,0,1201.1883408071749,86,137,42,36.66879103901122,0.6132509689922481,41.67863984674329,7946.966914518254,92.40659202928202,8
3191,30.65599736552382,1,1,221,0.0045045045045045045,0.0045045045045045045,0.9954954954954955,222,5300,3700,1600,0.6981132075471698,69,37,32,192.70554853788485,0.4382677360618537,0.7848944802090783,0.11998805499627296,1024141.2993898871,-10228.457824153671,1013912.8415657334,3189,0,1207.509009009009,74,148,42,36.53271810577972,0.6197916666666667,41.513888888888914,7924.149541246777,107.08310190874022,0
3192,30.858661020812292,0,1,220,0.0,0.004524886877828055,0.995475113122172,221,7550,5400,2150,0.7152317880794702,97,54,43,189.09625964876616,0.43775023995612233,0.7795449320706249,0.11829510196632215,1032250.1711016168,-12711.070724576866,1019539.10037704,3190,1,1213.9411764705883,77,144,43,36.455106361007864,0.6201298701298701,41.346153846153875,7981.711360190941,103.65858909338885,0
3193,30.587421981975794,1,0,221,0.004524886877828055,0.0,1.0,221,6800,4900,1900,0.7205882352941176,87,49,38,186.88646066233636,0.43818730289318525,0.7773950955315847,0.11752976752630893,1024659.3476056368,-12701.008228280378,1011958.3393773565,3191,0,1201.9276018099547,79,142,49,36.32146360480912,0.6211761603375527,41.15885416666671,7917.2833539024,100.21877663167595,0
3194,30.31569401625726,1,2,220,0.0045045045045045045,0.009009009009009009,0.990990990990991,222,6550,4300,2250,0.6564885496183206,88,43,45,189.0894146773787,0.4385051057845175,0.7795780181240786,0.11934293522021915,1016556.1876891685,-12505.997096637042,1004050.1905925315,3192,0,1197.509009009009,81,141,38,36.1346839334184,0.6216563786008231,41.031504065040686,7850.809682614672,96.9235763285762,0
3195,30.276407172671238,0,0,220,0.0,0.0,1.0,220,5400,3900,1500,0.7222222222222222,69,39,30,189.68812022541417,0.4380798567870486,0.7787082982242595,0.11993582820206099,1015736.8767801176,-10865.356239988778,1004871.5205401288,3193,1,1205.5318181818182,81,139,38,36.054458257728115,0.6222993827160495,40.96798780487809,7842.558671975957,96.82171199970317,0
3196,29.9889131206512,0,2,218,0.0,0.00909090909090909,0.990909090909091,220,7400,5700,1700,0.7702702702702703,91,57,34,191.3871877932492,0.4381088280060883,0.7805871883826188,0.12143008881679788,1007042.8340540463,-12852.98080061022,994189.853253436,3194,2,1206.5318181818182,84,136,39,35.88570482810803,0.6223958333333333,40.845588235294144,7771.7591392453005,92.52094213387262,0
3197,30.03795776430167,0,1,217,0.0,0.0045871559633027525,0.9954128440366973,218,6600,5000,1600,0.7575757575757576,82,50,32,200.31322959666537,0.4372824447920631,0.7886685060374721,0.1246224536623003,1003265.6848723154,-10006.522103943204,993259.1627683722,3195,3,1218.5091743119267,75,143,38,36.366082003146495,0.6190277777777777,41.543311403508774,7763.51109596268,103.5134812795024,8
3198,30.560562585963755,2,0,219,0.0091324200913242,0.0,1.0,219,6400,4700,1700,0.734375,81,47,34,194.31286555692716,0.43791630011310795,0.7832332664995356,0.12170895374795225,1022626.8981233527,-10458.087406011688,1012168.810717341,3196,0,1210.8584474885845,79,140,37,36.275249983222615,0.6197257383966245,41.30208333333335,7905.953873150141,100.07536548291317,0
3199,30.621871990901056,1,0,220,0.004545454545454545,0.0,1.0,220,5800,4000,1800,0.6896551724137931,76,40,36,191.41726513554426,0.4379298118167981,0.7808477593264092,0.12074327213517921,1026662.8482457291,-10495.801074506497,1016167.0471712226,3197,0,1206.35,82,138,33,36.09498941824587,0.6210619918699187,41.05170682730926,7929.481485796511,96.70099372922574,0
3200,30.241834325558763,1,1,220,0.004524886877828055,0.004524886877828055,0.995475113122172,221,6350,5100,1250,0.8031496062992126,76,51,25,192.76406253408877,0.4378745029480324,0.7839417281209697,0.12214481118866254,1015176.4757133182,-11412.091670492187,1003764.384042826,3198,0,1201.8868778280544,85,136,36,35.89679163550238,0.6215686274509804,40.89147286821707,7835.917149858971,92.18726058657613,0
3201,30.128901912921624,1,2,219,0.004524886877828055,0.00904977375565611,0.9909502262443439,221,5750,4300,1450,0.7478260869565218,72,43,29,197.16325799711237,0.4376782531194296,0.7884782882233647,0.12550461181471387,1012643.8138245435,-10018.769295146238,1002625.0445293973,3199,0,1202.8733031674208,88,133,38,35.618491934513095,0.6221590909090908,40.730337078651694,7811.510243153575,88.7671618540179,0
3202,30.634996334208083,0,0,219,0.0,0.0,1.0,219,5850,3800,2050,0.6495726495726496,79,38,41,196.0563067834594,0.4367747476016924,0.785268420520173,0.12513362814365234,1030399.7181844749,-9246.727348406619,1021152.9908360683,3200,1,1214.648401826484,90,129,38,35.551460852678986,0.6224537037037037,40.63644688644691,7945.601498860952,88.28446109845503,0
3203,31.085143139124273,0,2,217,0.0,0.0091324200913242,0.9908675799086758,219,6650,4700,1950,0.706766917293233,86,47,39,196.9070250426492,0.436780856827671,0.7855501562175256,0.12640763526297225,1047180.266636869,-9210.569802633243,1037969.6968342358,3201,2,1215.648401826484,75,144,41,35.322059703594206,0.6302777777777777,40.43311403508771,8068.673804396026,107.58231739194702,0
3204,31.044381322370494,0,0,217,0.0,0.0,1.0,217,6950,5000,1950,0.7194244604316546,89,50,39,195.95927821785045,0.436211917562724,0.7829665590576407,0.12635994836806175,1047059.1921894001,-9313.80728944,1037745.3848999601,3202,3,1225.0184331797236,77,140,37,35.18827985739746,0.6309523809523809,40.277777777777764,8062.915704560086,104.7131909683128,0
3205,30.614655849016696,0,1,216,0.0,0.004608294930875576,0.9953917050691244,217,6150,4200,1950,0.6829268292682927,81,42,39,196.592080237348,0.43605812994253856,0.7836349111505148,0.1274951047143067,1034148.5466797256,-8888.917186760531,1025259.6294929651,3203,4,1226.0184331797236,81,136,43,34.968914438851144,0.6313014403292181,40.078760162601625,7957.3993054716775,98.23949759841577,0
3206,30.50774199506895,0,1,215,0.0,0.004629629629629629,0.9953703703703703,216,6450,4700,1750,0.7286821705426356,82,47,35,196.99708009355834,0.4356364843525696,0.7840589765071404,0.12822938771734044,1031550.5402498718,-9007.511120368634,1022543.0291295032,3204,5,1232.5046296296296,84,132,37,34.82809063776312,0.6314484126984127,39.95098039215686,7933.508396266686,94.44652852698435,0
3207,30.168707243344606,0,0,215,0.0,0.0,1.0,215,6500,4300,2200,0.6615384615384615,87,43,44,201.5445625923201,0.4356516699268275,0.7871598365035535,0.13164184074937937,1021021.183506841,-8343.746434524066,1012677.4370723169,3205,6,1228.827906976744,87,128,40,34.588366546855326,0.6315852490421456,39.83191287878789,7848.93485442085,90.21764200483736,0
3208,29.76616755074548,0,0,215,0.0,0.0,1.0,215,6000,4000,2000,0.6666666666666666,80,40,40,196.97059940494367,0.43555567630225317,0.7725812250458877,0.12414198290701327,997744.2255299406,-9694.744368909347,988049.4811610312,3206,7,1229.827906976744,88,127,33,35.981526685350964,0.6186079545454546,41.081460674157306,7707.01262356732,87.57968890417409,8
3209,30.24592294620202,0,0,215,0.0,0.0,1.0,215,6350,4300,2050,0.6771653543307087,84,43,41,197.59864074994894,0.43525954502644354,0.7724560428224869,0.1251494518760333,1015183.7237483202,-9230.215215172091,1005953.5085331482,3207,8,1230.827906976744,91,124,35,35.788440108377394,0.6193910256410257,40.9080615942029,7836.474805003858,86.11510774729514,0
3210,30.000946776762387,0,0,215,0.0,0.0,1.0,215,6350,4600,1750,0.7244094488188977,81,46,35,197.38391838123601,0.4351309497935232,0.7732716536440141,0.1253562886269656,1007712.7298959496,-9568.742554097034,998143.9873418525,3208,9,1231.827906976744,94,121,39,35.69543743125479,0.6194592198581561,40.81140350877193,7775.90328847708,82.72237540933064,0
3211,30.291438960409753,1,2,214,0.004629629629629629,0.009259259259259259,0.9907407407407407,216,6150,4100,2050,0.6666666666666666,82,41,41,195.39646834657137,0.4349106373815676,0.7723234290770193,0.12480057891139316,1019039.1228029777,-9526.67085946187,1009512.4519435158,3209,0,1227.1203703703704,77,139,38,35.54328845526783,0.6275703463203464,40.61164529914531,7857.246513462079,102.04216251249453,0
3212,30.67812122532065,0,1,213,0.0,0.004672897196261682,0.9953271028037384,214,6150,4700,1450,0.7642276422764228,76,47,29,193.35356668566575,0.4340903938689249,0.7664266818424508,0.12408442087175797,1033374.4039890419,-8988.674653408927,1024385.729335633,3210,1,1239.4252336448599,80,134,36,35.42636955193313,0.6279947916666666,40.44495884773662,7962.661017112214,99.53326271390267,0
3213,30.6001616203272,0,0,213,0.0,0.0,1.0,213,6150,4500,1650,0.7317073170731707,78,45,33,198.91842201441864,0.4344430049901084,0.7829408508590712,0.11779577379101493,1007873.1881475002,-8653.091164611576,999220.0969828885,3211,2,1246.018779342723,78,135,40,38.235829266204306,0.5994925213675213,43.3412447257384,7853.799392664415,100.68973580338994,7
3214,30.34409384382433,4,3,214,0.018433179723502304,0.013824884792626729,0.9861751152073732,217,6700,4600,2100,0.6865671641791045,88,46,42,196.66736720461606,0.43590967599704156,0.7844395001861597,0.11744226585824946,1001852.0401397534,-10693.679387428067,991158.3607523253,3212,0,1224.032258064516,86,131,36,37.977879507967565,0.5995639534883721,43.03160919540231,7797.472965471271,90.66829029617757,0
3215,30.59311475494074,0,0,214,0.0,0.0,1.0,214,6850,5400,1450,0.7883211678832117,83,54,29,200.42987778458098,0.43468090474310034,0.7863333073418513,0.11994341473699245,1010688.4939936636,-9135.565734113623,1001552.92825955,3213,1,1241.9252336448599,84,130,38,37.801450139054445,0.6010664682539683,42.95343137254902,7863.855171383356,93.61732346884948,0
3216,30.29449129624338,2,1,215,0.009259259259259259,0.004629629629629629,0.9953703703703703,216,6050,4000,2050,0.6611570247933884,81,40,41,198.52326552500776,0.43553779069767445,0.7862299196168556,0.1197380792802002,1003066.2382425404,-9423.602969241198,993642.6352732992,3214,0,1231.4166666666667,72,144,40,37.556837085505144,0.6090856481481481,42.665525114155244,7795.81700965257,108.27523624517458,0
3217,30.66280007541168,2,0,217,0.009216589861751152,0.0,1.0,217,6950,5200,1750,0.7482014388489209,87,52,35,200.71116599604892,0.43654260539341183,0.788559560554235,0.12195092606562703,1017379.5901716376,-9510.111239213817,1007869.4789324237,3215,0,1226.3087557603687,76,141,38,37.22681003396,0.6099232456140351,42.39718614718613,7898.823580032291,103.9318892109512,0
3218,31.063267674625177,3,2,218,0.013636363636363636,0.00909090909090909,0.990909090909091,220,7950,5900,2050,0.7421383647798742,100,59,41,195.46616457163535,0.43791294797287944,0.7837694291224784,0.11978767143776806,1033160.7372516188,-11560.40666068508,1021600.3305909337,3216,0,1210.5727272727272,86,134,36,37.04437661513696,0.6091327519379846,42.08572796934862,8011.660069194112,93.15883801388503,0
3219,31.018531452598193,1,0,219,0.0045662100456621,0.0,1.0,219,6000,4300,1700,0.7166666666666667,77,43,34,196.27994506835273,0.43786568081214305,0.7850550030986629,0.12059299422846667,1032409.1695342319,-9271.756983152034,1023137.4125510799,3217,0,1214.5890410958905,85,134,37,36.929555341689735,0.6104166666666666,41.99370155038756,8002.976483427649,94.15266451091352,0
3220,31.23652084236773,0,4,215,0.0,0.0182648401826484,0.9817351598173516,219,6550,4800,1750,0.732824427480916,83,48,35,195.53100858508654,0.43774436903914093,0.7844352984972978,0.12052098555996207,1040602.634701078,-9655.983460120555,1030946.6512409574,3218,1,1215.5890410958905,88,131,39,36.83024243523466,0.6105587121212122,41.877340823969995,8062.853823239328,91.62333890044691,0
3221,31.635428297491362,0,0,215,0.0,0.0,1.0,215,6250,4900,1350,0.784,76,49,27,188.83514488726064,0.4362892124900384,0.7743846156996197,0.11348092992748753,1046379.7397176421,-9731.346048664862,1036648.3936689772,3219,2,1235.2976744186046,91,124,42,37.942052591418694,0.6002747252747253,42.79891304347827,8136.666544449916,89.4139180708782,8
3222,31.99652616862996,0,0,215,0.0,0.0,1.0,215,5750,3500,2250,0.6086956521739131,80,35,45,190.8490847456493,0.43602387162211115,0.776623213649301,0.11528080959929488,1059869.5729783992,-8294.972409462056,1051574.6005689371,3220,3,1236.2976744186046,74,141,41,37.69886772429675,0.6086711711711712,42.61111111111111,8235.55031884791,111.29122052497176,0
3223,31.816219425262876,1,1,215,0.004629629629629629,0.004629629629629629,0.9953703703703703,216,6050,4600,1450,0.7603305785123967,75,46,29,187.33079344231226,0.43674005885730693,0.7736487751015304,0.11407004314533359,1056301.0849176638,-9674.455929679876,1046626.6289879839,3221,0,1231.5694444444443,79,137,41,37.49052551793834,0.6094409282700421,42.317708333333314,8198.476333671206,103.77818143887602,0
3224,31.57821443414249,1,2,214,0.004629629629629629,0.009259259259259259,0.9907407407407407,216,7100,5300,1800,0.7464788732394366,89,53,36,186.79718921862965,0.43727165877117424,0.7733261241777056,0.11445087174844398,1050225.539856649,-11064.16422183236,1039161.3756348166,3222,0,1230.1157407407406,82,134,38,37.275750202757465,0.6105182926829269,42.093373493975875,8144.230755793459,99.31988726577389,0
3225,31.430482819307716,1,2,213,0.004651162790697674,0.009302325581395349,0.9906976744186047,215,7000,5400,1600,0.7714285714285715,86,54,32,186.7841301643327,0.4369004926465261,0.7729259891469971,0.11502879322374504,1046808.0759203649,-10894.57281804345,1035913.5031023215,3223,0,1235.9348837209302,85,130,43,37.088182842125015,0.6112745098039216,41.90891472868215,8111.92742143658,95.43444025219506,0
3226,31.089112252367606,0,2,211,0.0,0.009389671361502348,0.9906103286384976,213,5150,3600,1550,0.6990291262135923,67,36,31,188.43300754830227,0.4359664274957924,0.7720162993121371,0.11621456528883897,1035862.6926216759,-8711.855484443206,1027150.8371372327,3224,1,1248.0610328638497,87,126,44,36.991776718023935,0.6111111111111112,41.85606060606058,8025.465909086497,92.24673458720112,0
3227,30.83341729547989,1,0,212,0.0047169811320754715,0.0,1.0,212,6150,4300,1850,0.6991869918699187,80,43,37,190.5242338099614,0.436219224119944,0.7737726585478042,0.11797608093574377,1028490.4656469818,-9359.528410351966,1019130.9372366299,3225,0,1253.2216981132076,91,121,47,36.7909433631422,0.6112637362637363,41.711956521739104,7963.903026998197,87.51541787910107,0
3228,30.736460252445283,0,1,211,0.0,0.0047169811320754715,0.9952830188679245,212,5350,3800,1550,0.7102803738317757,69,38,31,189.27315682572396,0.43608043458821427,0.7726343194699004,0.11748951150645881,1025955.8495055503,-8912.819520053175,1017043.0299854971,3226,1,1254.2216981132076,72,140,46,36.733491651479184,0.6196469907407407,41.62385844748861,7941.568005008999,110.29955562512498,0
3229,31.059056868723363,1,0,212,0.0047169811320754715,0.0,1.0,212,6550,4800,1750,0.732824427480916,83,48,35,191.244935338449,0.4360152314525023,0.7738257185125308,0.11925465174509765,1038030.578198965,-9246.381838600682,1028784.1963603643,3227,0,1254.9198113207547,75,137,47,36.51664855360582,0.6198611111111111,41.46107456140355,8029.975187976092,107.06633583968122,0
3230,30.650062662698485,1,0,213,0.004694835680751174,0.0,1.0,213,5500,3600,1900,0.6545454545454545,74,36,38,187.74758795530062,0.4360891502052145,0.76965730642626,0.11765555487930382,1025762.9250673039,-9583.097000927504,1016179.8280663764,3228,0,1250.0234741784038,78,135,43,36.426957511509826,0.6203258547008548,41.28428270042199,7929.652947057169,101.6622172699637,0
3231,31.009166984320043,2,2,213,0.009302325581395349,0.009302325581395349,0.9906976744186047,215,5700,4000,1700,0.7017543859649122,74,40,34,186.7936543244389,0.43676465261175107,0.7697519672399955,0.11792008184280853,1039872.9311125658,-9851.667032883173,1030021.2640796826,3229,0,1239.386046511628,80,135,33,36.186148905882746,0.6221354166666666,41.02366255144037,8030.640492930094,100.38300616162618,0
3232,30.869684770101834,0,1,212,0.0,0.004694835680751174,0.9953051643192489,213,6450,4900,1550,0.7596899224806202,80,49,31,189.98834146649736,0.4362792319957481,0.7729545750579057,0.12022926341658591,1035884.4253461784,-9688.807215500445,1026195.618130678,3230,1,1251.943661971831,79,134,36,36.01561452888356,0.6234177215189873,40.93750000000003,7997.177710754573,101.23009760448826,0
3233,30.73705116559941,0,0,212,0.0,0.0,1.0,212,5600,3800,1800,0.6785714285714286,74,38,36,194.4351097785988,0.4352667926018659,0.7753255146932354,0.12360258100131223,1032708.6107114844,-7841.037581401259,1024867.5731300832,3231,2,1258.8396226415093,81,131,37,35.737242314351995,0.6242283950617284,40.777439024390276,7967.737119985109,98.36712493808776,0
3234,30.8945349362001,2,1,213,0.009345794392523364,0.004672897196261682,0.9953271028037384,214,6650,4800,1850,0.7218045112781954,85,48,37,191.24140427652978,0.43597344712093955,0.7731419611108081,0.12229367307364877,1039666.1823486462,-9684.55586176553,1029981.6264868807,3232,0,1248.0654205607477,74,140,40,35.60805806877597,0.6293637387387387,40.56944444444442,8014.986362128863,108.31062651525491,0
3235,30.60779903518004,0,0,213,0.0,0.0,1.0,213,6050,4300,1750,0.7107438016528925,78,43,35,190.4376682794346,0.4354607730238875,0.773007572134911,0.12217431202979066,1030917.2848533834,-9384.90321671162,1021532.3816366718,3233,1,1254.9014084507041,73,140,43,35.51338720757852,0.6309931506849316,40.456081081081045,7944.068111073256,108.82285083661993,0
3236,30.70113903855674,1,1,213,0.004672897196261682,0.004672897196261682,0.9953271028037384,214,6900,5100,1800,0.7391304347826086,87,51,36,190.81232464535702,0.435713384669387,0.7731607804142799,0.1229765961693943,1035336.6651557833,-10189.00082621107,1025147.6643295722,3234,0,1250.0327102803737,75,139,42,35.34058123988461,0.6316666666666666,40.29605263157892,7973.206997019837,106.30942662693116,0
3237,31.077603628653968,1,2,212,0.004672897196261682,0.009345794392523364,0.9906542056074766,214,5550,3800,1750,0.6846846846846847,73,38,35,191.68597716475142,0.436083139543387,0.7744367239151202,0.12422247091585735,1049581.4861570096,-8111.989442392693,1041469.4967146169,3235,0,1244.2056074766356,77,137,47,35.12232798931195,0.632711038961039,40.104166666666636,8076.939693071977,104.89532068924645,0
3238,30.850843727132748,0,0,212,0.0,0.0,1.0,212,5050,3800,1250,0.7524752475247525,63,38,25,191.4489407016749,0.43569853050761576,0.7740125480021371,0.12461240952205932,1043139.3068182997,-7508.4169410718805,1035630.8898772278,3236,1,1245.2311320754718,78,134,39,34.97395041070883,0.6338141025641026,39.952531645569586,8022.6838078389455,102.85492061331982,0
3239,31.202180659353928,0,0,212,0.0,0.0,1.0,212,6700,4700,2000,0.7014925373134329,87,47,40,191.68935156858333,0.43555135771558023,0.7739711734155676,0.1251388661387626,1055850.1174330555,-8620.95512712947,1047229.1623059261,3237,2,1246.2311320754718,81,131,41,34.86330509302212,0.633616255144033,39.85010162601623,8117.244127577531,100.21289046392013,0
3240,31.57542414744606,0,1,211,0.0,0.0047169811320754715,0.9952830188679245,212,5450,3500,1950,0.6422018348623854,74,35,39,189.5401971057073,0.43536040567528095,0.771075012206647,0.12393648974350355,1068939.979534378,-7328.581116976945,1061611.3984174011,3238,3,1247.2311320754718,83,129,42,34.8621999555195,0.6334086345381527,39.7941468253968,8216.110179636109,98.9892792727242,0
3241,32.01952552312483,0,0,211,0.0,0.0,1.0,211,5850,4400,1450,0.7521367521367521,73,44,29,188.5977586143782,0.4347701797938765,0.7691496079003524,0.12359796385679621,1084620.8271960372,-7138.588608871303,1077482.238587166,3239,4,1254.0379146919431,85,126,42,34.807682612809664,0.6334558823529413,39.71656976744184,8334.151937577813,98.04884632444487,0
3242,31.852137498590622,0,1,210,0.0,0.004739336492890996,0.995260663507109,211,4900,3500,1400,0.7142857142857143,63,35,28,187.67518146515638,0.43468178740690594,0.7687533019790784,0.1233005762099027,1079662.9488152235,-6574.812031979835,1073088.1367832436,3240,5,1255.0379146919431,87,124,46,34.744195914408664,0.6336206896551724,39.63068181818179,8293.319323141488,95.32550946139641,0
3243,31.54125313200887,0,1,209,0.0,0.004761904761904762,0.9952380952380953,210,5300,3700,1600,0.6981132075471698,69,37,32,190.33653761422892,0.43442745120376697,0.77234771602985,0.1257879203062121,1070786.2955874235,-6538.048794624501,1064248.246792799,3241,6,1259.0666666666666,73,137,46,34.46886310842203,0.6414098173515982,39.428490990991,8218.751924642707,112.58564280332476,0
3244,31.25849490607314,0,0,209,0.0,0.0,1.0,209,6200,4100,2100,0.6612903225806451,83,41,42,191.416085571999,0.4338856045270519,0.7729521564684487,0.1270231931522396,1062333.862824023,-7330.442081528655,1055003.4207424943,3242,7,1265.8516746411483,73,136,48,34.29727291542933,0.6428367579908676,39.28772522522524,8149.473312998067,111.63662072600091,0
3245,31.185842471791364,1,0,210,0.004761904761904762,0.0,1.0,210,6350,5000,1350,0.7874015748031497,77,50,27,193.36999114089673,0.43420198222829803,0.7758207623003397,0.12872368180201757,1060736.2630180165,-7327.08764347545,1053409.175374541,3243,0,1260.8190476190475,74,136,47,34.13709018939597,0.6434403153153153,39.18055555555557,8133.874108024622,109.9172176760084,0
3246,31.053760897469346,0,0,210,0.0,0.0,1.0,210,6550,5100,1450,0.7786259541984732,80,51,29,192.94743845642034,0.43384835194045723,0.7741374394069,0.1288888888888889,1057200.1192254934,-7753.189011923713,1049446.9302135697,3244,1,1261.8190476190475,75,135,49,34.027777777777786,0.6441666666666667,39.06250000000001,8103.090734183422,108.04120978911229,0
3247,31.357414239397926,0,0,210,0.0,0.0,1.0,210,5800,4200,1600,0.7241379310344828,74,42,32,195.36887812086934,0.4339841079972659,0.7774407137356096,0.13082295762777205,1068210.7457516321,-6060.973001169312,1062149.7727504629,3245,2,1262.8190476190475,75,135,37,33.88074984247008,0.645,38.98026315789474,8184.904012816538,109.13205350422051,0
3248,31.23903423445502,0,0,210,0.0,0.0,1.0,210,7050,5800,1250,0.8226950354609929,83,58,25,194.17252286044612,0.4336333257385889,0.7753668135603813,0.13059338405082743,1065389.3666148575,-7676.13177113999,1057713.2348437174,3246,3,1263.8190476190475,78,132,39,33.76058127597988,0.6451655982905983,38.83175105485233,8158.643869750169,104.59799833013037,0
3249,30.987194837523916,0,2,208,0.0,0.009523809523809525,0.9904761904761905,210,4900,3400,1500,0.6938775510204082,64,34,30,192.85479431939896,0.4332236842105263,0.7747266808687152,0.13022986260471514,1057899.5295709025,-6095.800762802759,1051803.7288080996,3247,4,1264.8190476190475,80,130,41,33.65661449874504,0.645703125,38.695987654321,8097.07834238234,101.21347927977925,0
3250,30.63118716201337,0,0,208,0.0,0.0,1.0,208,5600,4200,1400,0.75,70,42,28,205.03768192255689,0.432642469497089,0.7769109441113324,0.12491264036460051,1017096.806718074,-5491.365691938339,1011605.4410261357,3248,13,1276.6201923076924,73,135,44,37.016293858451235,0.6123002283105023,42.30011261261261,7893.653482192821,108.13223948209344,8
3251,31.010043789458972,2,1,209,0.009523809523809525,0.004761904761904762,0.9952380952380953,210,5600,4200,1400,0.75,70,42,28,201.43501235934883,0.43350326574010783,0.7746212039260654,0.12349817888660912,1031513.8124796215,-6043.400486865808,1025470.4119927557,3249,0,1265.452380952381,79,131,37,36.87470552105943,0.6119462025316456,42.0703125,7998.410903976468,101.24570764527175,0
3252,30.707927301056124,0,1,208,0.0,0.004784688995215311,0.9952153110047847,209,5500,4000,1500,0.7272727272727273,70,40,30,206.78428081563388,0.432771860814624,0.7803952787463915,0.127373462222732,1022805.3985602155,-4999.984248875389,1017805.4143113401,3250,1,1272.5071770334928,79,130,42,36.56396091884437,0.6136603375527426,41.901041666666686,7925.684048978363,100.3251145440299,0
3253,30.892063732756213,1,0,209,0.004784688995215311,0.0,1.0,209,5450,3700,1750,0.6788990825688074,72,37,35,215.17344070620734,0.4328418292234082,0.78846560232953,0.1278528298935563,1018479.6423151656,-3420.0462147634644,1015059.5961004022,3251,0,1272.9473684210527,79,130,40,37.69083929144905,0.6003428270042195,43.21614583333335,7932.583188459483,100.41244542353776,8
3254,30.500189245832455,1,1,209,0.004761904761904762,0.004761904761904762,0.9952380952380953,210,5500,4000,1500,0.7272727272727273,70,40,30,214.60049746665717,0.4336295283663705,0.7896337747759059,0.12809710160735757,1006883.642356279,-4284.453891860174,1002599.1884644188,3252,0,1267.8809523809523,82,128,35,37.5329686431572,0.6008638211382114,43.0471887550201,7837.1093702206035,95.5745045148854,0
3255,30.804223286752695,0,0,209,0.0,0.0,1.0,209,7550,5900,1650,0.7814569536423841,92,59,33,213.2652394565746,0.43384630720157036,0.7864549423193801,0.1280134096381834,1018548.7008350908,-5905.793483644135,1012642.9073514467,3253,1,1272.5071770334928,85,124,39,37.357274347259505,0.6018382352941176,42.84156976744187,7921.565704954557,93.1948906465242,0
3256,31.212278802988283,3,0,212,0.014150943396226415,0.0,1.0,212,5950,4500,1450,0.7563025210084033,74,45,29,206.91232934504953,0.4351373178038094,0.7827137009047616,0.12503117703788047,1034003.337472297,-5560.392178610382,1028442.9452936866,3254,0,1255.4858490566037,74,138,40,37.27124138923362,0.6088119369369369,42.597222222222214,8034.127264663615,108.56928736031912,0
3257,30.886240287381103,0,0,212,0.0,0.0,1.0,212,6300,4500,1800,0.7142857142857143,81,45,36,208.65014885459001,0.4350851552952398,0.7847618818124151,0.1266457880256923,1024498.6891636781,-5947.639200933557,1018551.0499627446,3255,1,1256.4858490566037,75,137,42,37.06009649496243,0.61,42.43421052631577,7955.238863493183,106.06985151324244,0
3258,30.512931074315773,1,0,213,0.004694835680751174,0.0,1.0,213,6250,4600,1650,0.736,79,46,33,204.83801482348088,0.43536296394720525,0.7803407342775528,0.12522491178537415,1014160.9043463666,-7302.258728420809,1006858.6456179458,3256,0,1251.5821596244132,77,136,40,36.89289167443624,0.6117424242424243,42.174145299145295,7867.022533663724,102.1691238138146,0
3259,30.11435534397062,0,2,211,0.0,0.009389671361502348,0.9906103286384976,213,6100,4600,1500,0.7540983606557377,76,46,30,215.4417100897753,0.4351627321581481,0.7973298534940936,0.1275122331530703,991718.7120536173,-5968.484949427957,985750.2271041893,3257,1,1252.5821596244132,74,139,41,37.832039001334905,0.6010698198198199,43.3611111111111,7728.514695081767,104.43938777137524,8
3260,29.778322856650032,0,1,210,0.0,0.004739336492890996,0.995260663507109,211,6150,3900,2250,0.6341463414634146,84,39,45,213.99577997225512,0.4346244263898293,0.7929043784824412,0.1272001500181293,981865.4221556947,-6326.98863160098,975538.4335240937,3258,4,1265.436018957346,77,134,34,37.707098219702864,0.6013257575757576,43.20245726495725,7647.000136358461,99.31169008257741,0
3261,29.815554954486917,1,1,210,0.004739336492890996,0.004739336492890996,0.995260663507109,211,5950,4500,1450,0.7563025210084033,74,45,29,215.09879502032214,0.43494508387873315,0.794917363895218,0.1288144072036017,985203.5906296126,-5766.7789611752805,979436.8116684373,3259,0,1266.1516587677725,80,131,38,37.39734450558609,0.6028645833333333,42.926954732510275,7664.775508490113,95.80969385612642,0
3262,30.36467959406703,0,0,210,0.0,0.0,1.0,210,6350,4900,1450,0.7716535433070866,78,49,29,214.4716631655659,0.4347806068200805,0.7939506617088492,0.12889307699950142,1004361.1425104707,-5268.59906938241,999092.5434410883,3260,1,1272.647619047619,81,129,40,37.28098607201068,0.6037808641975309,42.79725609756097,7809.878909312418,96.41825813965949,0
3263,30.343459074204823,0,1,209,0.0,0.004761904761904762,0.9952380952380953,210,6000,4500,1500,0.75,75,45,30,214.55850776114949,0.4346225412014886,0.7947754000385572,0.12925841809025376,1004353.3499664535,-4901.488793257158,999451.8611731963,3261,2,1273.647619047619,73,137,42,37.18792172739541,0.608162100456621,42.70833333333334,7807.119157633972,106.94683777580784,0
3264,30.522294929475887,1,0,210,0.004761904761904762,0.0,1.0,210,5350,3800,1550,0.7102803738317757,69,38,31,210.75138094289193,0.4351285410495937,0.7910565973472687,0.12770111206902035,1011933.1895699645,-4696.7365752367405,1007236.4529947278,3262,0,1272.4285714285713,68,142,42,37.0700689843857,0.6128982843137255,42.49698067632852,7859.583101027667,115.58210442687745,0
3265,30.92662773618787,0,0,210,0.0,0.0,1.0,210,5700,3900,1800,0.6842105263157895,75,39,36,243.16699103643026,0.435238664843928,0.8190014958863137,0.14423880524210594,1019115.5647002795,1863.053077311787,1020978.6177775913,3263,1,1273.4285714285713,61,149,39,37.0369764397906,0.6092896174863388,43.27956989247311,7939.497174209507,130.15569138048372,8
3266,30.618574925090805,2,1,211,0.009433962264150943,0.0047169811320754715,0.9952830188679245,212,4900,3500,1400,0.7142857142857143,63,35,28,241.62983212550546,0.43643206578437505,0.8190182236200179,0.1443219708975601,1010974.3605388378,1556.3130040380893,1012530.6735428759,3264,0,1262.4056603773586,65,147,35,36.81468288089097,0.6092948717948719,43.02398989898991,7868.23921922869,121.04983414197984,0
3267,30.795184816183554,1,0,212,0.0047169811320754715,0.0,1.0,212,5700,4000,1700,0.7017543859649122,74,40,34,239.95565310273238,0.43619826596917943,0.8179511240752046,0.14375189433569852,1017678.4486552731,739.5393591302836,1018417.9880144034,3265,0,1263.4009433962265,70,142,38,36.744802069660835,0.6075892857142857,42.9137323943662,7917.01912461832,113.10027320883314,0
3268,30.794653758984285,1,0,213,0.004694835680751174,0.0,1.0,213,7200,5300,1900,0.7361111111111112,91,53,38,238.10467511856243,0.43658742286001123,0.8183061526237416,0.14384576224697807,1020099.6345426538,-1221.9015857313116,1018877.7329569225,3266,0,1258.4647887323943,60,153,39,36.477199849620746,0.6168402777777777,42.605874316939904,7926.362980006344,132.1060496667724,0
3269,31.109886925358882,0,0,213,0.0,0.0,1.0,213,6450,4500,1950,0.6976744186046512,84,45,39,232.51724479895645,0.43640656834086283,0.813635435803225,0.1410794816602256,1031807.241120027,-1067.4046262317606,1030739.8364937953,3267,1,1259.4647887323943,63,150,40,36.45938658577686,0.6164021164021164,42.447916666666664,8012.416189890605,127.18120936334293,0
3270,30.727727851579093,0,1,212,0.0,0.004694835680751174,0.9953051643192489,213,7450,5100,2350,0.6845637583892618,98,51,47,228.90732733611537,0.43609837747659963,0.8111961267747243,0.13961831024937882,1020640.1559931278,-3323.5979439395087,1017316.5580491883,3268,2,1260.4647887323943,66,147,40,36.357547150842485,0.6164772727272727,42.25746268656716,7919.8425423426215,119.9976142779185,0
3271,30.63690539051182,0,0,212,0.0,0.0,1.0,212,7150,4700,2450,0.6573426573426573,96,47,49,226.8074388690583,0.43581543041521353,0.8084251363300359,0.1389466144588065,1018881.315670417,-3332.0276562514537,1015549.2880141656,3269,3,1267.1650943396226,69,143,35,36.248809935952906,0.6163949275362319,42.09821428571427,7901.312608972595,114.51177694163181,0
3272,30.366945997203956,0,2,210,0.0,0.009433962264150943,0.9905660377358491,212,7350,5600,1750,0.7619047619047619,91,56,35,223.57578073156478,0.4354926748934394,0.8060453507064886,0.13772762183187576,1011470.830047956,-4521.923896964894,1006948.9061509911,3270,4,1268.1650943396226,71,141,40,36.12761584454409,0.6173708920187793,41.89814814814815,7837.764996963533,110.39105629526102,0
3273,30.173573286870536,0,0,210,0.0,0.0,1.0,210,7450,5700,1750,0.7651006711409396,92,57,35,221.04959413044674,0.43507300448089925,0.8023165066897155,0.13673724401201184,1006192.5487692722,-4966.309095494413,1001226.2396737777,3271,5,1279.6714285714286,75,135,42,36.04027350245903,0.6169444444444445,41.74890350877193,7792.358386392751,103.89811181857,0
3274,30.113000509592087,0,0,210,0.0,0.0,1.0,210,6200,4300,1900,0.6935483870967742,81,43,38,218.46090980109312,0.43529515075567704,0.7992572905131046,0.135748831234784,1005435.7032953948,-4270.3203023168735,1001165.3829930779,3272,6,1280.6714285714286,64,146,41,35.94121447028427,0.62451171875,41.58653846153849,7781.6046989931965,121.5875734217687,0
3275,29.9266497067753,0,1,209,0.0,0.004761904761904762,0.9952380952380953,210,6150,4900,1250,0.7967479674796748,74,49,25,218.6499151757332,0.4357902331586542,0.7987672403271084,0.13664368840845062,1000791.6390183581,-4385.3986040103355,996406.2404143477,3273,7,1281.6714285714286,65,145,40,35.727907970218496,0.6259615384615385,41.38257575757577,7739.553063371557,119.07004712879319,0
3276,29.663366403497854,0,2,207,0.0,0.009569377990430622,0.9904306220095693,209,4400,2600,1800,0.5909090909090909,62,26,36,218.80085059171563,0.4353769859526439,0.7972591553183659,0.13708005097312334,992670.2650312912,-2760.580330809949,989909.6847004812,3274,8,1288.7655502392345,66,143,40,35.63301282051283,0.6262626262626263,41.29353233830847,7674.104741203443,116.27431426065823,0
3277,29.73121502194174,0,0,207,0.0,0.0,1.0,207,6700,5000,1700,0.746268656716418,84,50,34,220.7937460103007,0.43447969920110063,0.7978615384436853,0.13905663610300834,996376.3145397084,-4101.2682153678925,992275.0463243405,3275,9,1301.0434782608695,66,141,35,35.390768876611425,0.6281565656565656,41.10696517412937,7697.2044860910455,116.62431039531887,0
3278,29.778583462707243,0,1,206,0.0,0.004830917874396135,0.9951690821256038,207,6350,4600,1750,0.7244094488188977,81,46,35,220.04410873817685,0.4342246689492362,0.7979386529761523,0.13924928713278517,999270.6776120304,-3773.2748713333367,995497.402740697,3276,10,1302.0434782608695,69,138,37,35.236982308001615,0.6281702898550725,40.9375,7714.5142783075935,111.80455475808107,0
3279,30.305491741348195,1,1,206,0.004830917874396135,0.004830917874396135,0.9951690821256038,207,6400,4800,1600,0.75,80,48,32,219.47857189102098,0.4347767459312415,0.7986118355735723,0.1397255945598221,1018610.9966449076,-3087.3426287771968,1015523.6540161305,3277,0,1301.7053140096618,71,136,41,35.03577041831744,0.6292546948356808,40.72627314814815,7857.4177878573755,110.66785616700528,0
3280,30.379594957379812,1,1,206,0.004830917874396135,0.004830917874396135,0.9951690821256038,207,5950,4100,1850,0.6890756302521008,78,41,37,218.7661361507841,0.43518225380297987,0.7976636836017372,0.1398651742499564,1022278.4260916197,-2622.0197307262124,1019656.4063608934,3278,0,1289.3236714975844,64,143,41,34.90162466024216,0.634765625,40.57692307692308,7881.16799952027,123.14324999250422,0
3281,30.283193739721906,0,1,205,0.0,0.0048543689320388345,0.9951456310679612,206,5400,4000,1400,0.7407407407407407,68,40,28,247.44949143091492,0.4349953626963454,0.8190332747350162,0.15200712299991354,1007889.7754995567,3280.3624731565915,1011170.1379727132,3279,1,1295.3543689320388,71,135,32,35.615210097385,0.616343896713615,41.99942129629628,7813.081509844598,110.04340154710702,7
3282,30.0892039263479,1,0,206,0.0048543689320388345,0.0,1.0,206,6300,4900,1400,0.7777777777777778,77,49,28,245.4746779335025,0.43555085247454417,0.8192223401750007,0.1517828628805327,1003262.6577959012,1755.1155610318224,1005017.773356933,3280,0,1296.3446601941748,74,132,36,35.424846268308876,0.6172578828828829,41.76388888888889,7770.119008369267,105.00160822120631,0
3283,30.302220605110556,2,0,208,0.009615384615384616,0.0,1.0,208,6250,4400,1850,0.704,81,44,37,244.0773178510516,0.43601549919484706,0.8215157503922608,0.15261276324123038,1013494.9272749623,1624.224700983957,1015119.1519759463,3281,0,1284.8701923076924,61,147,34,35.051535230176256,0.6287568306010929,41.36424731182796,7837.23763432581,128.47930548075098,0
3284,30.536198812831447,3,2,209,0.014218009478672985,0.009478672985781991,0.990521327014218,211,5950,3900,2050,0.6554621848739496,80,39,41,234.7535127884202,0.43694331603099373,0.8164835272662538,0.14813393556133864,1023894.0931786932,-77.4529805972088,1023816.640198096,3282,0,1267.5876777251185,67,144,33,34.9593931775609,0.6282649253731343,41.03860294117649,7907.696705436863,118.02532396174423,0
3285,30.79407460864809,0,0,209,0.0,0.0,1.0,209,4950,3600,1350,0.7272727272727273,63,36,27,240.765789316312,0.4364466399828242,0.8201901991686915,0.15225689967609785,1033151.6787227186,2999.515882229909,1036151.1946049485,3283,1,1280.7177033492824,67,142,34,34.725261186674544,0.629042288557214,40.96200980392159,7976.835196572333,119.05724173988557,0
3286,31.044865415718377,1,0,210,0.004761904761904762,0.0,1.0,210,5500,4200,1300,0.7636363636363637,68,42,26,242.182741635151,0.4367428989139515,0.8224265746137724,0.1541091547509824,1043332.8365375402,3035.441358128498,1046368.2778956686,3284,0,1275.6142857142856,70,140,36,34.46359855129874,0.6296130952380952,40.742370892018805,8048.618203655566,114.98026005222236,0
3287,31.584451051994137,3,1,212,0.014084507042253521,0.004694835680751174,0.9953051643192489,213,6150,4800,1350,0.7804878048780488,75,48,27,234.8278062370751,0.4380194953789825,0.8197909246577506,0.1505234154216033,1063566.2536490273,1200.9860264369618,1064767.2396754643,3285,0,1258.6338028169014,59,154,39,34.39200338952815,0.6391242937853108,40.4861111111111,8196.603720923731,138.92548679531748,0
3288,31.78062420643296,0,1,211,0.0,0.0047169811320754715,0.9952830188679245,212,5250,3300,1950,0.6285714285714286,72,33,39,235.88253767291695,0.4374520291215833,0.8199814362136437,0.1514246380741851,1070601.7364340185,2857.25088541738,1073458.987319436,3286,1,1265.5330188679245,59,153,42,34.31131975564619,0.63965395480226,40.434027777777764,8249.168619971837,139.81641728765825,0
3289,32.271652160901574,2,0,213,0.009389671361502348,0.0,1.0,213,5300,3700,1600,0.6981132075471698,69,37,32,228.67055056184515,0.43800196356335075,0.8149035933182267,0.14773321095508604,1089006.7711713372,1904.755585865169,1090911.5267572023,3287,0,1246.5962441314555,62,151,42,34.27104548540392,0.6397849462365591,40.21164021164019,8383.799582541047,135.22257391195237,0
3290,32.32678759458223,0,0,213,0.0,0.0,1.0,213,5100,3900,1200,0.7647058823529411,63,39,24,230.62992425759705,0.4379945817462427,0.8166921089074886,0.14967048030548855,1092180.351701528,2677.894357711694,1094858.2460592398,3288,1,1247.5962441314555,63,150,42,34.06023678333647,0.640707671957672,40.05533854166666,8403.175857309107,133.38374376681122,0
3291,31.909015410671117,0,1,212,0.0,0.004694835680751174,0.9953051643192489,213,5150,3700,1450,0.7184466019417476,66,37,29,228.11011032066017,0.43784509994980364,0.8146574148943513,0.14856910663493336,1079100.9328222524,1480.766566641917,1080581.6993888943,3289,2,1248.5962441314555,68,145,38,33.99810858923005,0.6389399509803921,39.93055555555553,8298.559910622394,122.03764574444698,0
3292,31.89101163467532,2,1,213,0.009345794392523364,0.004672897196261682,0.9953271028037384,214,7000,5000,2000,0.7142857142857143,90,50,40,227.30471225171863,0.4383711406549369,0.8149746012434733,0.14922390377013445,1080764.6822810753,-667.4189764561979,1080097.2633046191,3290,0,1242.9065420560748,70,144,40,33.73896402742557,0.640625,39.65669014084506,8302.61152372816,118.60873605325942,0
3293,31.506474330774505,0,1,212,0.0,0.004694835680751174,0.9953051643192489,213,6350,4600,1750,0.7244094488188977,81,46,35,256.7907537998846,0.43806839991732366,0.8312074244704537,0.16497604727492765,1061590.812649406,5571.341001454533,1067162.1536508605,3291,1,1249.7276995305165,61,152,37,33.74046717580309,0.6384904371584699,40.40658602150537,8178.873233951542,134.0798890811728,8
3294,31.439201410575098,0,0,212,0.0,0.0,1.0,212,6600,4900,1700,0.7424242424242424,83,49,34,256.99523461732826,0.43769095204029923,0.8301633613750572,0.16589549015978777,1060680.9659426827,5517.990739314731,1066198.9566819975,3292,2,1256.5943396226414,64,148,38,33.564686285396995,0.63818359375,40.24038461538461,8166.634866410439,127.60366978766311,0
3295,31.13653323385415,1,1,212,0.004694835680751174,0.004694835680751174,0.9953051643192489,213,7050,5300,1750,0.75177304964539,88,53,35,255.47434493148776,0.4376042681666519,0.8283173569176949,0.1659158663923071,1052173.8996346334,4110.687552633011,1056284.5871872664,3293,0,1251.6901408450703,69,144,36,33.388189276855535,0.6373792270531401,40.02976190476188,8094.5719582652955,117.31263707630863,0
3296,31.181518326298658,0,0,212,0.0,0.0,1.0,212,5400,3500,1900,0.6481481481481481,73,35,38,259.3005538108714,0.4369909498047632,0.8304718843602847,0.16851600519738896,1053886.363507285,6854.663542232554,1060741.0270495175,3294,4,1258.5943396226414,68,144,36,33.26438083072036,0.6381740196078431,40.006038647342976,8107.006470644821,119.2206833918356,0
3297,31.347800078055208,0,0,212,0.0,0.0,1.0,212,6250,4700,1550,0.752,78,47,31,259.7257674813449,0.43653639080151424,0.8298342695067027,0.1695146651572426,1060711.5450250502,6448.824021590411,1067160.3690466406,3295,5,1259.5943396226414,71,141,37,33.10166518361973,0.6380575117370892,39.85821759259257,8154.872586856289,114.85736037825758,0
3298,31.121821278415794,0,0,212,0.0,0.0,1.0,212,6400,4700,1700,0.734375,81,47,34,263.3383193244603,0.43625974321142214,0.8331499680115781,0.17252208174242625,1054119.57066839,6718.015221366942,1060837.585889757,3296,6,1260.5943396226414,71,141,37,32.874050398369455,0.6393779342723005,39.728009259259245,8100.138379610797,114.08645605085628,0
3299,31.623021631472167,0,1,211,0.0,0.0047169811320754715,0.9952830188679245,212,5700,3800,1900,0.6666666666666666,76,38,38,263.9999999999997,0.43612561104652897,0.8344528301886791,0.1736842105263159,1072286.7035411317,8516.737946971789,1080803.4414881035,3297,7,1261.5943396226414,65,147,38,32.70833333333334,0.6442307692307692,39.58333333333334,8235.161883195893,126.69479820301375,0
3300,31.326176598812953,0,0,211,0.0,0.0,1.0,211,6300,5100,1200,0.8095238095238095,75,51,24,263.52209017264204,0.43585533739562177,0.8337810068915081,0.17453461719240582,1064094.372415402,7582.474631970692,1071676.8470473727,3298,8,1258.6255924170616,58,153,37,32.485210774684475,0.6514008620689655,39.35381355932205,8165.04846624783,140.7766976939281,0
3301,31.38018043268325,0,0,211,0.0,0.0,1.0,211,6650,4700,1950,0.706766917293233,86,47,39,260.79358732123455,0.43545757165425414,0.8318506370200673,0.173608904355697,1067350.0230475664,6821.608287595535,1074171.6313351619,3299,9,1259.6255924170616,61,150,38,32.378091986601426,0.6509562841530054,39.180107526881734,8184.57528623952,134.17336534818887,0
3302,31.37166262214796,0,0,211,0.0,0.0,1.0,211,6100,4700,1400,0.7704918032786885,75,47,28,256.84338359669755,0.4351867524260889,0.8290360946425672,0.17144621798459797,1067819.8085511134,6552.490539969263,1074372.2990910825,3300,10,1260.6255924170616,62,149,40,32.38593155893537,0.6512096774193548,39.087301587301596,8185.265148437431,132.02040561995855,0
3303,31.898493857251392,1,2,210,0.0047169811320754715,0.009433962264150943,0.9905660377358491,212,6900,5000,1900,0.7246376811594203,88,50,38,254.09625059296053,0.4348853542579511,0.827738677078653,0.1707667165845303,1087666.8311116097,5974.412735957592,1093641.2438475674,3301,0,1255.6745283018868,65,147,37,32.221785728675634,0.6516025641025641,38.857323232323246,8330.05807073995,128.15473954984537,0
3304,32.370878843914724,0,1,209,0.0,0.004761904761904762,0.9952380952380953,210,6600,5000,1600,0.7575757575757576,82,50,32,269.2163562399209,0.43447349434191535,0.8383730928574982,0.16781570261987963,1081767.0180644826,9645.874980768745,1091412.8930452513,3302,1,1264.557142857143,53,157,38,34.513816345819045,0.6340408805031447,41.47376543209875,8368.721417170986,157.90040409756577,8
3305,32.29061791660623,1,1,209,0.004761904761904762,0.004761904761904762,0.9952380952380953,210,5900,4800,1100,0.8135593220338984,70,48,22,263.45805979389536,0.4348575036075036,0.8348488737836841,0.16548496550394828,1081357.7827742456,9078.48467854604,1090436.2674527916,3303,0,1265.2333333333333,55,155,40,34.38338544287118,0.6350378787878788,41.20163690476189,8356.759060151431,151.94107382093512,0
3306,32.70195013376476,1,0,210,0.004761904761904762,0.0,1.0,210,5950,4500,1450,0.7563025210084033,74,45,29,260.62397083310617,0.43524720893141944,0.8332725880146834,0.164878954179681,1097277.8955731622,9245.384450334468,1106523.2800234966,3304,0,1261.6714285714286,57,153,37,34.19676696246994,0.6359649122807017,40.94827586206897,8471.496564824414,148.6227467513055,0
3307,32.61910075919165,0,1,209,0.0,0.004761904761904762,0.9952380952380953,210,5700,4100,1600,0.7192982456140351,73,41,32,244.3349268513586,0.4351484772537404,0.8157797381900962,0.14777847383058143,1080886.7676159595,5119.677860009634,1086006.4454759692,3305,1,1262.6714285714286,64,146,35,36.27404444721115,0.6145833333333333,42.56410256410258,8397.327477494508,131.20824183585168,8
3308,32.68619018161727,2,0,211,0.009478672985781991,0.0,1.0,211,6400,5100,1300,0.796875,77,51,26,238.59169869442863,0.4352074400060182,0.8118572833765536,0.14511068887808773,1084818.649399115,3165.7448671064913,1087984.3942662214,3306,0,1257.6682464454977,68,143,40,36.21406109613661,0.6142769607843137,42.361111111111136,8421.233720402835,123.84167235886522,0
3309,32.650621616488756,2,1,212,0.009389671361502348,0.004694835680751174,0.9953051643192489,213,5800,4300,1500,0.7413793103448276,73,43,30,234.2245800372082,0.4362893819942717,0.8102323652523657,0.14308014369842434,1084977.3077635549,2425.670852164233,1087402.9786157191,3307,0,1246.849765258216,71,142,41,36.16370400508823,0.6142899061032864,42.20196759259262,8417.26600960962,118.5530423888679,0
3310,32.616651706360216,1,0,213,0.004694835680751174,0.0,1.0,213,4900,3400,1500,0.6938775510204082,64,34,30,232.52652275082676,0.436869777364396,0.8099688716216025,0.14274522936544032,1085350.4824025475,2974.55472779969,1088325.0371303472,3308,0,1247.5727699530516,72,141,37,36.02476169404654,0.6155960648148149,42.02340182648404,8414.332851017261,116.8657340419064,0
3311,32.6979210667183,0,2,211,0.0,0.009389671361502348,0.9906103286384976,213,5700,3900,1800,0.6842105263157895,75,39,36,226.53059071937832,0.43668246375527797,0.7926236545793903,0.1439106825631295,1098393.0712790773,1463.9262557844922,1099856.9975348618,3309,1,1248.5727699530516,82,131,35,34.92904582062332,0.6236026422764227,40.800702811244996,8475.278160026814,103.35705073203431,7
3312,32.305648959309266,0,0,211,0.0,0.0,1.0,211,5000,3300,1700,0.66,67,33,34,228.9186016529577,0.43566632814263145,0.7938809588972258,0.14573896430041533,1085846.4464524505,2514.0900263459216,1088360.5364787965,3310,2,1261.3744075829384,82,129,36,34.79012375558675,0.624364837398374,40.72540160642572,8376.034159768747,102.14675804596034,0
3313,31.953627351157724,0,0,211,0.0,0.0,1.0,211,5950,3700,2250,0.6218487394957983,82,37,45,229.55177293856386,0.43530805687203794,0.7951500875607211,0.14679525243781166,1075313.096715697,1218.0055630291163,1076531.1022787262,3311,3,1262.3744075829384,73,138,37,34.61340206185567,0.629851598173516,40.568693693693696,8289.77128493577,113.5585107525448,0
3314,32.05734273936163,0,0,211,0.0,0.0,1.0,211,5450,4400,1050,0.8073394495412844,65,44,21,227.75240767879072,0.435257278266757,0.7932261003733361,0.14651078833954986,1080530.4464584307,1568.682150229377,1082099.12860866,3312,4,1263.3744075829384,74,137,35,34.447772903962026,0.6314752252252251,40.361111111111114,8323.332849578153,112.47747094024531,0
3315,32.29990834881854,0,0,211,0.0,0.0,1.0,211,6250,4600,1650,0.736,79,46,33,226.89950244393418,0.43496201008049346,0.7940007936906162,0.14642769132872493,1089638.417519527,997.6829557951387,1090636.1004753222,3313,5,1264.3744075829384,74,137,36,34.3562854240188,0.6326013513513513,40.24999999999999,8389.901193605598,113.3770431568324,0
3316,31.959268601435525,0,2,209,0.0,0.009478672985781991,0.990521327014218,211,6800,5000,1800,0.7352941176470589,86,50,36,225.76723321952727,0.4345078236665914,0.7953247325497328,0.14645524331727708,1079646.3134410498,-250.2477917504657,1079396.0656492994,3314,6,1265.3744075829384,74,137,39,34.201064208745194,0.6344313063063063,40.069444444444436,8307.19044272034,112.25933030703163,0
3317,31.734545969494405,0,0,209,0.0,0.0,1.0,209,6150,4100,2050,0.6666666666666666,82,41,41,227.46561013056575,0.433692951785057,0.7969705714383732,0.14775916756700536,1072446.7188130834,838.9494454681808,1073285.6682585515,3315,8,1278.4162679425838,75,134,40,34.10832278925908,0.6344444444444444,40.02192982456139,8250.286019042867,110.00381358723823,0
3318,31.327530079191813,0,0,209,0.0,0.0,1.0,209,5650,3600,2050,0.6371681415929203,77,36,41,226.04176052705878,0.433522343884186,0.7959619436033212,0.14727879846987085,1059545.036168597,450.2850666509148,1059995.321235248,3316,9,1279.4162679425838,77,132,33,34.03824347454001,0.6346049783549783,39.91720085470083,8147.7517133047,105.81495731564546,0
3319,31.05515193342076,0,0,209,0.0,0.0,1.0,209,5850,4400,1450,0.7521367521367521,73,44,29,230.13020574060818,0.4333047708870077,0.7999488896098017,0.15047678860454378,1051325.6533094135,738.3577792946453,1052064.0110887082,3317,10,1280.4162679425838,78,131,34,33.80618475727171,0.6354166666666667,39.79430379746833,8080.727429511088,103.59906960911651,0
3320,31.31351781874445,0,0,209,0.0,0.0,1.0,209,5950,4400,1550,0.7394957983193278,75,44,31,232.179655127625,0.4330939071893019,0.8015283359499845,0.1522991515004887,1060963.3642816856,1516.8216043930215,1062480.1858860785,3318,11,1281.4162679425838,81,128,36,33.640973713318985,0.6352880658436214,39.68495934959348,8151.379663893646,100.63431683819316,0
3321,31.14037032145699,0,0,209,0.0,0.0,1.0,209,7100,5400,1700,0.7605633802816901,88,54,34,231.03999999999957,0.4329913507545087,0.8018755980861245,0.15200000000000005,1055920.7601405527,-108.0135154252821,1055812.7466251273,3319,12,1282.4162679425838,74,135,38,33.56666666666668,0.6393581081081081,39.58333333333334,8109.471437879445,109.58745186323574,0
3322,30.719192570373767,2,0,211,0.009478672985781991,0.0,1.0,211,6300,4500,1800,0.7142857142857143,81,45,36,228.07024971191316,0.43424452719476414,0.7995981524828379,0.15140218183154314,1044105.4699584635,-874.1209481997466,1043231.3490102637,3320,0,1271.2511848341233,70,141,38,33.328878509931926,0.6444940476190476,39.27523474178404,8009.254271832635,114.41791816903765,0
3323,31.17563004678663,0,1,210,0.0,0.004739336492890996,0.995260663507109,211,5100,3400,1700,0.6666666666666666,68,34,34,226.70540136550053,0.4339436169412472,0.7993465888344427,0.15121063192353032,1060931.3719937918,803.7745018205687,1061735.1464956123,3321,1,1272.2511848341233,70,141,40,33.19941982529151,0.6461309523809524,39.11384976525821,8133.290104048685,116.18985862926692,0
3324,31.16780968812896,0,0,210,0.0,0.0,1.0,210,5700,4400,1300,0.7719298245614035,70,44,26,224.0986841055402,0.43365990734411786,0.7966931430934014,0.15007085227045985,1061769.8251714618,-111.75587122118759,1061658.0693002406,3322,2,1278.3238095238096,73,137,33,33.12857277678908,0.6459760273972603,38.97804054054054,8135.482756854946,111.44496927198557,0
3325,30.852048395978645,0,0,210,0.0,0.0,1.0,210,5650,3800,1850,0.672566371681416,75,38,37,224.35286954312824,0.43342589428115746,0.7965385233565652,0.15075587666825882,1051946.2711800726,-448.5670911113539,1051497.7040889612,3323,3,1279.3238095238096,77,133,34,33.00347754935049,0.6452922077922079,38.86217948717949,8056.63667648193,104.63164514911598,0
3326,31.115413990865612,0,2,208,0.0,0.009523809523809525,0.9904761904761905,210,5550,3400,2150,0.6126126126126126,77,34,43,227.2138909948564,0.4328524910761753,0.7991149081383753,0.1532939479081745,1062030.7529176823,711.6279453248317,1062742.3808630072,3324,4,1280.3238095238096,78,132,36,32.789763647068746,0.6462339743589743,38.72626582278482,8129.640403863438,104.22615902389023,0
3327,31.34892724619591,0,0,208,0.0,0.0,1.0,208,6400,4300,2100,0.671875,85,43,42,225.35603566327325,0.4318586066208349,0.7966076731487681,0.1525808571986585,1070979.988770612,270.3609088086723,1071250.3496794207,3325,18,1293.5961538461538,79,129,40,32.71611664591117,0.6470200421940928,38.60677083333334,8194.397323794074,103.72654840245663,0
3328,31.047493814513267,0,0,208,0.0,0.0,1.0,208,6500,4300,2200,0.6615384615384615,87,43,44,227.38248361780674,0.43177780100334445,0.7981532268447182,0.1548077129133893,1062191.0966246293,204.7299254462423,1062395.8265500756,3326,19,1294.5961538461538,68,140,40,32.4730430349551,0.6542585784313726,38.420893719806784,8121.375684240255,119.43199535647435,0
3329,30.658153305807133,0,0,208,0.0,0.0,1.0,208,5000,3400,1600,0.68,66,34,32,227.8675541471546,0.43143038523473304,0.7988134312459214,0.15541804726187958,1049355.3785686966,1222.8087091223515,1050578.1872778188,3327,20,1295.5961538461538,68,140,40,32.39859211816976,0.6548713235294117,38.360507246376834,8021.383679694242,117.96152470138591,0
3330,31.11885323479899,0,0,208,0.0,0.0,1.0,208,5400,3600,1800,0.6666666666666666,72,36,36,224.6422114530174,0.43133699910194473,0.795619598249887,0.15400462018359973,1066516.3796488668,916.9196150375792,1067433.2992639043,3328,21,1296.5961538461538,70,138,39,32.30818623330533,0.6555059523809523,38.189553990610335,8147.240844703475,116.38915492433536,0
3331,30.98045598955499,0,0,208,0.0,0.0,1.0,208,6350,4800,1550,0.7559055118110236,79,48,31,225.46219427634526,0.431165710547504,0.7976201604405304,0.15508235430011272,1062672.4779474635,-31.506264976569582,1062640.971682487,3329,22,1297.5961538461538,71,137,42,32.17336868463692,0.6561032863849765,38.07870370370372,8114.44119263463,114.2879041216145,0
3332,30.634968705651605,0,0,208,0.0,0.0,1.0,208,5300,4200,1100,0.7924528301886793,64,42,22,225.50675796141905,0.43093200328254677,0.7983842714092804,0.1557905954886786,1051982.97950655,545.8542278232235,1052528.833734373,3330,23,1298.5961538461538,71,137,34,32.02426300099372,0.6575704225352113,37.934027777777786,8028.382857843957,113.07581489921066,0
3333,30.430470587013776,0,0,208,0.0,0.0,1.0,208,6250,4100,2150,0.656,84,41,43,224.3426328805023,0.4308603911185433,0.796302907277564,0.15578570251624746,1046317.922435522,-903.2564901514734,1045414.6659453704,3331,24,1299.5961538461538,74,134,36,31.880814928587817,0.6577984234234234,37.76388888888889,7979.968266019553,107.83740900026423,0
3334,30.264940025401707,0,0,208,0.0,0.0,1.0,208,6450,4200,2250,0.6511627906976745,87,42,45,228.08810205617706,0.4306658769973987,0.800405064553823,0.1591898231306745,1041949.5183569733,-518.7423839219045,1041430.7759730514,3332,25,1300.5961538461538,74,134,39,31.61212706646203,0.6594876126126126,37.59722222222223,7941.604331943267,107.3189774586928,0
3335,30.71504237093938,0,0,208,0.0,0.0,1.0,208,6350,4500,1850,0.7086614173228346,82,45,37,232.09076236766612,0.4303905572587638,0.8030454983723736,0.16276300560880788,1058716.1281240033,1193.646661448598,1059909.7747854518,3333,26,1301.5961538461538,68,140,38,31.345829500153307,0.6642156862745099,37.439613526570035,8064.553395461589,118.59637346267043,0
3336,31.23158364510762,0,0,208,0.0,0.0,1.0,208,6900,5100,1800,0.7391304347826086,87,51,36,216.5628519360947,0.43020330112721417,0.7880353654491168,0.14439829776058458,1062744.6683245138,-2469.796749552842,1060274.8715749609,3334,27,1302.5961538461538,74,134,38,33.47541660011713,0.6440033783783784,39.125,8147.539383417452,110.1018835596953,8
3337,31.49143977711393,0,0,208,0.0,0.0,1.0,208,6550,4400,2150,0.6717557251908397,87,44,43,218.69485613040172,0.4299347555122011,0.7908261587254115,0.1466643479414484,1073198.2182539548,-1209.4140119097146,1071988.8042420452,3335,28,1303.5961538461538,77,131,34,33.21946348491824,0.644615800865801,38.92895299145299,8221.503154417733,106.77276823919134,0
3338,31.48453313037586,0,0,208,0.0,0.0,1.0,208,6850,5000,1850,0.7299270072992701,87,50,37,219.98780424707283,0.42946347005450264,0.7930279812087175,0.14833669449656683,1074476.086169806,-1175.6730175033936,1073300.4131523026,3336,29,1304.5961538461538,81,127,38,32.99762553081136,0.6448045267489713,38.74491869918698,8225.494262694461,101.54931188511681,0
3339,31.94731260318299,0,2,206,0.0,0.009615384615384616,0.9903846153846154,208,7000,5300,1700,0.7571428571428571,87,53,34,220.97637604812513,0.42916153768735293,0.7945497790603306,0.14936041899290842,1090943.0950483908,-385.46967629626306,1090557.6253720946,3337,30,1305.5961538461538,84,124,39,32.889312231340355,0.644469246031746,38.6642156862745,8348.975995868575,99.3925713793878,0
3340,31.499120954360134,0,0,206,0.0,0.0,1.0,206,5850,4100,1750,0.7008547008547008,76,41,35,218.8328699833382,0.4293087457573605,0.7905739899908939,0.1487041159875658,1077117.3260598422,91.73515409102856,1077209.0612139332,3338,31,1312.2961165048544,72,134,38,32.761772248594966,0.6514756944444444,38.4845890410959,8237.505561223741,114.40979946144085,0
3341,31.772995520074918,0,0,206,0.0,0.0,1.0,206,5550,3700,1850,0.6666666666666666,74,37,37,204.03299986208762,0.4292983858236641,0.7786805131990344,0.13032016414241065,1068887.9416050315,-3132.3173515830404,1065755.6242534486,3339,32,1313.2961165048544,72,134,43,35.31833351670517,0.6299189814814814,40.610730593607286,8241.574094804775,114.46630687228854,8
3342,32.014044669830454,0,1,205,0.0,0.0048543689320388345,0.9951456310679612,206,5550,3800,1750,0.6846846846846847,73,38,35,203.37801638111245,0.42917949325124316,0.7784010599776301,0.13037124860925467,1078047.8661461624,-2899.752683860812,1075148.1134623017,3340,33,1314.2961165048544,73,133,44,35.20625406812754,0.6307077625570776,40.48423423423421,8308.14931775042,113.81026462671808,0
3343,32.48229434050817,1,0,206,0.0048543689320388345,0.0,1.0,206,6400,5100,1300,0.796875,77,51,26,199.59442040705815,0.4292362262214855,0.7733579992767143,0.128521130483511,1095138.427448773,-3883.2960615731954,1091255.1313872,3341,0,1315.0242718446602,76,130,42,35.14446036294173,0.6308936403508771,40.327380952380935,8434.762444075364,110.98371636941269,0
3344,32.29137179103367,0,2,204,0.0,0.009708737864077669,0.9902912621359223,206,6250,4800,1450,0.768,77,48,29,199.17845557012515,0.42922537295761304,0.7723870725546751,0.12890672656553132,1090186.7109644266,-4021.6589254064747,1086165.0520390202,3342,1,1316.0242718446602,78,128,42,34.97467059082221,0.6318108974358974,40.15031645569618,8390.902741111493,107.57567616809607,0
3345,32.1404416298248,0,1,203,0.0,0.004901960784313725,0.9950980392156863,204,4850,2900,1950,0.5979381443298969,68,29,39,201.73498582510356,0.42880737064940916,0.7723761379551848,0.13080921186132938,1085641.8504056244,-1847.6113394568001,1083794.2390661675,3343,2,1329.186274509804,78,126,46,34.84098095914504,0.6324786324786325,40.084388185653985,8353.802550199123,107.10003269486056,0
3346,32.46341418268498,0,0,203,0.0,0.0,1.0,203,5100,3800,1300,0.7450980392156863,64,38,26,200.2979431591063,0.4292014176787137,0.768709714818534,0.13029152849795847,1097483.2147494366,-1735.273886809192,1095747.9408626275,3344,3,1331.1182266009853,79,124,36,34.7656902019696,0.6331751054852321,39.97395833333331,8441.333088909036,106.85231758112704,0
3347,32.04565454659034,0,0,203,0.0,0.0,1.0,203,5800,3800,2000,0.6551724137931034,78,38,40,200.20487188008445,0.4289666959306768,0.7693265623900851,0.13066267582904198,1084314.586660838,-2982.9874199722326,1081331.5992408658,3345,4,1332.1182266009853,82,121,38,34.651296957416704,0.6331300813008129,39.859437751004,8336.374591387068,101.66310477301302,0
3348,32.52576157170893,0,0,203,0.0,0.0,1.0,203,6200,4100,2100,0.6612903225806451,83,41,42,199.34823066359723,0.42886610089580385,0.7690678504723092,0.13034017238563006,1101090.772152605,-2899.90055427314,1098190.871598332,3346,5,1333.1182266009853,82,121,39,34.60957973600859,0.633765243902439,39.79668674698792,8463.310927036084,103.2111088662937,0
3349,32.398430238908674,0,0,203,0.0,0.0,1.0,203,5700,3700,2000,0.6491228070175439,77,37,40,198.14543625336393,0.42876550586093093,0.7687497869480753,0.13003409027896745,1097855.933511456,-2792.9714222060475,1095062.9620892499,3347,6,1334.1182266009853,84,119,43,34.51078002165419,0.6343005952380952,39.6691176470588,8434.311930945234,100.40847536839564,0
3350,32.125538615207816,0,0,203,0.0,0.0,1.0,203,4800,3600,1200,0.75,60,36,24,184.2763155152851,0.4286517013770343,0.7551514897628804,0.1141432415381527,1071684.877105925,-5902.771890694192,1065782.1052152307,3348,7,1335.1182266009853,91,112,46,36.94078851239783,0.6113782051282051,41.70063405797099,8298.006254854276,91.18688192147556,8
3351,32.26412768546571,0,0,203,0.0,0.0,1.0,203,7050,4800,2250,0.6808510638297872,93,48,45,199.4716461849465,0.4284220601863142,0.7697999227804833,0.12092809734957434,1069836.4928487805,-4969.590724544836,1064866.9021242356,3349,8,1336.1182266009853,76,127,40,37.341528332282714,0.6091008771929824,42.47835497835497,8308.71123674951,109.32514785196724,8
3352,31.92161561379692,2,1,204,0.00975609756097561,0.004878048780487805,0.9951219512195122,205,6000,4500,1500,0.75,75,45,30,195.97844965197868,0.42924238801211545,0.7670677141700466,0.11956008441492089,1060361.3454539336,-5438.4054894107085,1054922.9399645228,3350,0,1324.0731707317073,83,122,44,37.198149707320965,0.6085592369477912,42.24950396825395,8227.812258590831,99.13026817579315,0
3353,31.816152487591257,0,0,204,0.0,0.0,1.0,204,5350,3800,1550,0.7102803738317757,69,38,31,196.97822764413186,0.429236996522747,0.768037744602964,0.12049921410427798,1057671.8183182299,-4482.33595970603,1053189.4823585239,3351,1,1331.078431372549,83,121,44,37.07121988169094,0.6095632530120482,42.1502976190476,8203.785449832352,98.84078855219701,0
3354,31.696523151766097,2,1,205,0.009708737864077669,0.0048543689320388345,0.9951456310679612,206,5950,4100,1850,0.6890756302521008,78,41,37,196.0269738880424,0.43004232772910256,0.769503533317353,0.12041018339052209,1054908.0174975859,-5791.9147199430645,1049116.102777643,3352,0,1319.1456310679612,86,120,39,36.94445733556087,0.6099806201550387,42.00191570881224,8177.642251846887,95.08886339356846,0
3355,31.921100923158487,0,0,205,0.0,0.0,1.0,205,5150,3300,1850,0.6407766990291263,70,33,37,197.04663281713977,0.42950542005420056,0.7698400691109131,0.12104927871709024,1062413.6787924855,-4280.992387014319,1058132.6864054713,3353,1,1326.580487804878,87,118,40,36.914265614485814,0.6096743295019157,41.99810606060605,8235.704494805394,94.6632700552344,0
3356,32.34175573324878,0,1,204,0.0,0.004878048780487805,0.9951219512195122,205,5800,4400,1400,0.7586206896551724,72,44,28,201.50384478279045,0.4295851267336203,0.7752578401899355,0.12425049074344921,1077538.2136394663,-3374.3814102536708,1074163.8322292126,3354,2,1327.580487804878,89,116,40,36.66187471042762,0.6103698501872659,41.86342592592592,8348.590024521354,93.80438229799275,0
3357,32.58803368724158,0,0,204,0.0,0.0,1.0,204,4500,3300,1200,0.7333333333333333,57,33,24,201.9617550842118,0.4290272143340095,0.7754856763397775,0.1248576386118038,1086532.1931725303,-1412.4102622757218,1085119.7829102546,3355,3,1335.0686274509803,90,114,42,36.554423954962544,0.6109953703703703,41.769688644688635,8415.218085513741,93.5024231723749,0
3358,32.10126037015223,1,0,205,0.004878048780487805,0.0,1.0,205,6750,5000,1750,0.7407407407407407,85,50,35,202.00773819323308,0.42963693607524306,0.7766036492354451,0.1254416117143103,1071623.628699654,-4454.7469143912995,1067168.8817852626,3356,0,1329.551219512195,73,132,43,36.39068969274354,0.6192922374429224,41.61036036036039,8294.633099021947,113.62511094550612,0
3359,32.2779918389045,0,0,205,0.0,0.0,1.0,205,6150,4500,1650,0.7317073170731707,78,45,33,202.28354986327037,0.4293549736967958,0.7764799588302307,0.12613800334118636,1078768.8329770104,-3506.5621967103934,1075262.2707803,3357,1,1330.551219512195,75,130,42,36.23125739984807,0.6198611111111111,41.46107456140353,8345.117325346198,111.26823100461598,0
3360,32.17846369404336,0,0,205,0.0,0.0,1.0,205,5500,3500,2000,0.6363636363636364,75,35,40,203.99729489024656,0.4293280726924917,0.778321909916398,0.12766473682485338,1076509.92150677,-2578.977618021131,1073930.9438887488,3358,2,1331.551219512195,77,128,42,36.05605822018003,0.6202651515151515,41.33279914529917,8323.513131542872,108.09757313692042,0
3361,32.34075774852017,0,1,204,0.0,0.004878048780487805,0.9951219512195122,205,5850,4300,1550,0.7350427350427351,74,43,31,203.35291426628098,0.42911983899250755,0.7780733179565194,0.1279321498611927,1083503.9917947415,-2783.261129877886,1080720.7306648635,3359,3,1332.551219512195,79,126,44,35.88195841716972,0.6213080168776371,41.14583333333336,8371.539896361786,105.96885944761755,0
3362,32.23067098610217,1,2,203,0.004878048780487805,0.00975609756097561,0.9902439024390244,205,6450,4300,2150,0.6666666666666666,86,43,43,205.36857653539025,0.42890861629204524,0.7801293215807386,0.1302556664492317,1082219.8349448417,-2999.2105998024,1079220.6243450393,3360,0,1332.6048780487804,84,121,39,35.53587754973358,0.6222718253968254,40.85784313725492,8352.32559647206,99.43244757704832,0
3363,32.38324347154002,1,1,203,0.004901960784313725,0.004901960784313725,0.9950980392156863,204,6300,4500,1800,0.7142857142857143,81,45,36,204.0147379959354,0.42932704691071827,0.7789124994045431,0.12980771260597607,1088280.5450306172,-2694.945947900585,1085585.5990827165,3361,0,1339.3333333333333,85,119,41,35.45696287298324,0.6230392156862745,40.746124031007774,8395.48138644438,98.77036925228683,0
3364,32.79156502784006,1,1,203,0.004901960784313725,0.004901960784313725,0.9950980392156863,204,5150,3600,1550,0.6990291262135923,67,36,31,202.5285827392505,0.4289975329212145,0.7782203404827632,0.12926363460546683,1102933.1282794112,-1274.9033346803594,1101658.224944731,3362,0,1339.612745098039,88,116,43,35.383856046931434,0.6231060606060606,40.6367041198502,8504.92838268889,96.64691343964647,0
3365,33.04187524725843,0,2,201,0.0,0.009852216748768473,0.9901477832512315,203,5300,3700,1600,0.6981132075471698,69,37,32,201.59627636551778,0.42828082069290674,0.7755460674219026,0.12908351362426107,1112320.6363836047,-1052.0603161086278,1111268.576067496,3363,1,1345.4285714285713,71,132,45,35.292781804664955,0.6313086854460094,40.52372685185184,8573.58264698464,120.75468516879775,0
3366,33.404941335129465,0,0,201,0.0,0.0,1.0,201,6200,4600,1600,0.7419354838709677,78,46,32,201.65769957830503,0.42695169983416253,0.7741559759729792,0.12938981153200219,1125169.979256298,-1020.1620697212506,1124149.8171865768,3364,2,1359.6716417910447,71,130,44,35.21739130434782,0.6320422535211268,40.45138888888888,8670.20612778097,122.1155792645207,0
3367,33.41901735511858,1,0,202,0.0049504950495049506,0.0,1.0,202,6200,4300,1900,0.6935483870967742,81,43,38,199.73378573894146,0.42716799665041133,0.7735528186965042,0.12875920149837417,1127069.0284112382,-1577.2472332625352,1125491.7811779757,3365,0,1353.9356435643565,73,129,45,35.099819331526646,0.6327054794520548,40.28716216216216,8679.347835049797,118.89517582259997,0
3368,33.672019726136554,0,0,202,0.0,0.0,1.0,202,6150,4100,2050,0.6666666666666666,82,41,41,215.5993460919254,0.42690784936702625,0.7857731950042512,0.12777672638004975,1109308.4527016182,1283.235403342766,1110591.688104961,3366,1,1354.9356435643565,75,127,34,37.777214153495684,0.6011111111111112,43.311403508771924,8643.22348452692,115.24297979369226,8
3369,33.803756664278694,2,1,203,0.00980392156862745,0.004901960784313725,0.9950980392156863,204,5500,4500,1000,0.8181818181818182,65,45,20,217.2978411539023,0.42774135516275474,0.7895748816768107,0.1297395933948292,1116022.2787840508,2201.8463718862886,1118224.1251559372,3367,0,1342.6421568627452,78,126,32,37.45424534756432,0.6025641025641026,43.037974683544284,8686.281775757636,111.36258686868764,0
3370,33.59874895325666,1,0,204,0.004901960784313725,0.0,1.0,204,5550,3900,1650,0.7027027027027027,72,39,33,211.69437739085163,0.42823638075920023,0.7794145823295544,0.12266287862305889,1099636.0674655319,207.35453172808957,1099843.42199726,3368,0,1343.637254901961,84,120,38,38.73830451373921,0.5889136904761905,44.154411764705884,8596.091689915927,102.33442487995151,8
3371,33.647810794693726,4,0,208,0.019230769230769232,0.0,1.0,208,5400,4000,1400,0.7407407407407407,68,40,28,182.87267647233088,0.43057587792642144,0.7535480289489556,0.10337242751437468,1093163.9700489314,-7018.035794807016,1086145.9342541243,3369,0,1318.7788461538462,85,123,35,40.43295121564898,0.5790441176470589,45.09447674418602,8577.012817033952,100.9060331415759,8
3372,33.9790763950983,3,1,210,0.014218009478672985,0.004739336492890996,0.995260663507109,211,5550,3700,1850,0.6666666666666666,74,37,37,185.50689795716914,0.432298954336869,0.7612857554124546,0.10573332739758201,1106667.9127782825,-6691.093686352994,1099976.8190919296,3370,0,1301.0142180094788,76,135,44,40.04359694688859,0.5858004385964912,44.77813852813854,8672.20312865161,114.10793590331066,0
3373,34.267828121848176,4,0,214,0.018691588785046728,0.0,1.0,214,6650,4900,1750,0.7368421052631579,84,49,35,189.34531924394696,0.4342407638980299,0.7764515309391467,0.10483891756624793,1106341.3918876983,-7553.887192046264,1098787.504695652,3371,0,1282.588785046729,86,128,43,41.081805902401484,0.5706153100775193,45.89319923371647,8707.688173251714,101.25218806106645,7
3374,33.882603488526286,1,0,215,0.004651162790697674,0.0,1.0,215,7400,5500,1900,0.7432432432432432,93,55,38,185.832562032429,0.43539447946098675,0.773172621391286,0.10342231643810815,1095616.2715479997,-9679.764250763696,1085936.507297236,3372,0,1277.6186046511627,74,141,45,40.968619151647566,0.5774211711711712,45.69444444444443,8616.534303818238,116.43965275430051,0
3375,33.75381684347612,5,1,219,0.022727272727272728,0.004545454545454545,0.9954545454545455,220,7250,5300,1950,0.7310344827586207,92,53,39,179.22823605980454,0.4386121488861215,0.7689916508402925,0.10082085030681137,1095002.602594238,-11998.923011228402,1083003.6795830096,3373,0,1249.5590909090909,82,138,48,40.71584302325583,0.5782520325203252,45.28112449799193,8597.734270270877,104.85041793013265,0
3376,33.750047893974354,5,4,220,0.022321428571428572,0.017857142857142856,0.9821428571428571,224,7100,5200,1900,0.7323943661971831,90,52,38,174.20676617813575,0.44160060324578265,0.7659656322133883,0.09881178081590687,1097613.702495162,-13657.65327510202,1083956.04922006,3374,0,1226.267857142857,90,134,41,40.52045930580485,0.5787037037037037,44.96336996336993,8607.49847845398,95.638871982822,0
3377,33.63457432230673,3,1,222,0.013452914798206279,0.004484304932735426,0.9955156950672646,223,5700,3500,2200,0.6140350877192983,79,35,44,175.09371095376875,0.44132529390376923,0.7684085293310137,0.09976269577598491,1095331.664331852,-11942.862833393536,1083388.8014984585,3375,0,1232.7443946188341,79,144,45,40.32312925170066,0.5843881856540085,44.79166666666668,8583.823655172066,108.65599563508944,0
3378,33.46482656881671,4,1,225,0.017699115044247787,0.004424778761061947,0.995575221238938,226,6600,4500,2100,0.6818181818181818,87,45,42,176.95826519742116,0.4423377581120944,0.7735322696077445,0.10207851044114541,1093810.7561192731,-13088.229228570433,1080722.5268907028,3376,0,1217.3362831858408,79,147,45,39.798499354926314,0.5891350210970464,44.32291666666669,8556.18925137097,108.30619305532873,0
3379,33.131615602806704,6,0,231,0.025974025974025976,0.0,1.0,231,5500,3700,1800,0.6727272727272727,73,37,36,200.37454933305835,0.44389390802434275,0.7998359898659004,0.11303468671600483,1075732.537448897,-8590.11552115421,1067142.421927743,3377,0,1191.9437229437228,81,150,44,40.06667497507474,0.5797325102880658,45.17276422764226,8442.838020735511,104.23256815722853,8
3380,33.35933630485503,3,1,233,0.01282051282051282,0.004273504273504274,0.9957264957264957,234,6450,4100,2350,0.6356589147286822,88,41,47,197.8915612775349,0.44542149652128193,0.7999585766289259,0.11253494712474715,1085742.4519016289,-10278.146209577633,1075464.3056920513,3378,0,1177.6495726495727,84,150,42,39.81629361000364,0.5817212301587302,44.86519607843137,8511.12772709284,101.32294913205763,0
3381,33.624399367131375,0,1,232,0.0,0.004291845493562232,0.9957081545064378,233,7000,5200,1800,0.7428571428571429,88,52,36,201.1521642083035,0.4447301563810369,0.8030455286819111,0.11486796584266741,1095735.1276585383,-9518.101534484427,1086217.0261240539,3379,1,1183.6866952789699,72,161,43,39.5707571777244,0.5883969907407407,44.70605022831052,8584.105723135695,119.22369059910687,0
3382,33.505073532247415,3,1,234,0.01276595744680851,0.00425531914893617,0.9957446808510638,235,7600,5700,1900,0.75,95,57,38,198.14602958886218,0.44527035218524585,0.8004545674682406,0.11394753865945857,1094124.0373233745,-11240.733225327125,1082883.3040980473,3380,0,1174.5787234042552,76,159,42,39.37611384609958,0.5892269736842105,44.439935064935085,8562.558767555327,112.66524694151747,0
3383,33.91817509334829,4,3,235,0.01680672268907563,0.012605042016806723,0.9873949579831933,238,7850,5600,2250,0.7133757961783439,101,56,45,217.6190320766833,0.4474073384628113,0.8211670539104803,0.12424563653335023,1105240.3105206077,-7345.734682474414,1097894.5758381332,3381,0,1160.7268907563025,66,172,42,39.158419610231455,0.591540404040404,44.71393034825872,8658.837609340499,131.19450923243178,8
3384,34.31861751360372,3,1,237,0.012605042016806723,0.004201680672268907,0.9957983193277311,238,7550,5800,1750,0.7682119205298014,93,58,35,215.97880304988257,0.44776301870959356,0.8195555734255418,0.12423734817640088,1120783.5581262389,-6736.901727581047,1114046.6563986577,3382,0,1161.6638655462184,68,170,44,38.90956347096698,0.5932904411764706,44.429347826086975,8770.831459658819,128.98281558321793,0
3385,33.725587437094454,2,1,238,0.008368200836820083,0.0041841004184100415,0.99581589958159,239,7200,5100,2100,0.7083333333333334,93,51,42,216.96525460166575,0.44856969984646583,0.8185577159734172,0.1255217834213832,1103282.144857534,-7125.221708702339,1096156.9231488316,3383,0,1157.397489539749,71,168,44,38.6632730015083,0.5938967136150235,44.21296296296298,8626.56808286796,121.50095891363324,0
3386,33.73880533019604,0,1,237,0.0,0.004201680672268907,0.9957983193277311,238,6500,4800,1700,0.7384615384615385,82,48,34,215.80849879254333,0.4485231328818447,0.8148216468982983,0.12532944239679292,1104953.4534294438,-6408.330795950438,1098545.1226334933,3384,1,1163.2226890756303,74,164,32,38.54624554548582,0.5938907657657657,44.069444444444485,8634.791191937913,116.68636745862045,0
3387,33.43863640266753,1,2,236,0.004201680672268907,0.008403361344537815,0.9915966386554622,238,5600,3600,2000,0.6428571428571429,76,36,40,214.23903143552633,0.44870928329137566,0.8120354722055632,0.12495346752374883,1096502.9747733811,-6217.252943675061,1090285.721829706,3385,0,1164.1554621848738,78,160,34,38.42174252565823,0.59375,43.908227848101305,8563.359654702219,109.78666223977204,0
3388,33.66293258019069,2,3,235,0.008403361344537815,0.012605042016806723,0.9873949579831933,238,6250,4500,1750,0.72,80,45,35,221.96747702386958,0.4485674544079235,0.8207014859415296,0.13037806044075825,1106134.2197795676,-4744.835597152657,1101389.384182415,3386,0,1165.1302521008404,68,170,37,37.95406140195905,0.6012561274509804,43.644323671497574,8629.683848795541,126.90711542346384,0
3389,33.92709923692321,2,1,236,0.008438818565400843,0.004219409282700422,0.9957805907172996,237,6700,4800,1900,0.7164179104477612,86,48,38,221.11898093026124,0.4476455040644592,0.8214596314290059,0.13058182978208788,1116560.7221802156,-4721.4461929508725,1111839.2759872647,3387,0,1170.9831223628692,67,170,39,37.77067908606004,0.6038557213930349,43.44362745098039,8704.21351133562,129.91363449754655,0
3390,33.73527583309627,0,2,234,0.0,0.00847457627118644,0.9915254237288136,236,7200,5300,1900,0.7361111111111112,91,53,38,226.2540100365266,0.4476518361581921,0.8248425871455838,0.13402323113358505,1111229.426348539,-4115.977243610839,1107113.4491049282,3388,1,1176.8983050847457,66,170,37,37.522967270377784,0.6055871212121212,43.33022388059701,8658.825695407117,131.19432871828965,0
3391,33.5885091875202,4,4,234,0.01680672268907563,0.01680672268907563,0.9831932773109243,238,7050,5100,1950,0.723404255319149,90,51,39,219.926637438924,0.4480651437790306,0.8212910570836796,0.13175297325956467,1109988.529915735,-5826.791003971608,1104161.7389117633,3389,0,1167.4957983193278,70,168,36,37.2597205577432,0.6075892857142857,42.9137323943662,8635.144461457112,123.35920659224446,0
3392,33.871128957011756,0,3,231,0.0,0.01282051282051282,0.9871794871794872,234,5700,4200,1500,0.7368421052631579,72,42,30,222.74935492945264,0.4475762077693408,0.8220321712054925,0.13408696781839974,1120865.3133219376,-2565.5948989479284,1118299.7184229896,3390,1,1185.6196581196582,71,163,38,37.006757770029616,0.6088615023474178,42.73726851851852,8713.77915384235,122.7292838569345,0
3393,33.887311468546805,1,0,232,0.004310344827586207,0.0,1.0,232,7100,5200,1900,0.7323943661971831,90,52,38,234.73136807695693,0.4466509304871374,0.8315187507624282,0.13733634167468345,1112236.8772341306,-1284.623236237714,1110952.2539978928,3391,0,1196.6077586206898,76,156,42,37.77654575215162,0.5958059210526316,43.790584415584426,8682.248267083472,114.24010877741411,8
3394,33.68966712845338,2,0,234,0.008547008547008548,0.0,1.0,234,7400,5300,2100,0.7162162162162162,95,53,42,239.9713201851128,0.4471043034615996,0.83483410215204,0.1417881518515037,1108912.202839106,-978.5749430636515,1107933.6278960425,3392,0,1187.371794871795,63,171,42,37.267402520510835,0.6064814814814814,43.424479166666664,8643.943890184557,137.20545857435803,0
3395,33.59868997291255,3,1,236,0.012658227848101266,0.004219409282700422,0.9957805907172996,237,6200,4500,1700,0.7258064516129032,79,45,34,230.68749635802067,0.44823550620992153,0.8297883048281629,0.13736391828591266,1108395.0761729218,-2461.422980422167,1105933.6531924997,3393,0,1173.3291139240507,67,170,43,37.21175254452926,0.6069651741293532,43.137254901960794,8630.251738140307,128.80972743492995,0
3396,33.374865023041664,1,5,232,0.004219409282700422,0.02109704641350211,0.9789029535864979,237,7450,5300,2150,0.7114093959731543,96,53,43,229.22790397782728,0.4489022384323822,0.8283348648578057,0.13733580086601443,1102952.7782376788,-4284.4892916111385,1098668.2889460677,3394,0,1174.1940928270042,71,166,37,37.01767960982931,0.6071009389671361,42.910879629629626,8580.314691253614,120.84950269371288,0
3397,33.05379714656927,0,1,231,0.0,0.004310344827586207,0.9956896551724138,232,6350,4600,1750,0.7244094488188977,81,46,35,222.94488360603037,0.4470353939642733,0.8245895289965024,0.1333346270652131,1091787.3909945965,-4068.317438435719,1087719.0735561608,3395,3,1200.344827586207,69,163,38,37.24597614636407,0.607487922705314,42.976190476190474,8495.612861838454,123.12482408461527,8
3398,32.58755597880421,1,2,230,0.004310344827586207,0.008620689655172414,0.9913793103448276,232,6900,5000,1900,0.7246376811594203,88,50,38,224.5977305436586,0.4475578600039807,0.8261581929550039,0.13504331857171392,1078033.710690366,-4875.215025877088,1073158.495664489,3396,0,1201.3275862068965,72,160,41,37.002570361329944,0.6079282407407407,42.7796803652968,8382.181564981789,116.41918840252485,0
3399,32.74125449658931,2,1,231,0.008620689655172414,0.004310344827586207,0.9956896551724138,232,6600,4400,2200,0.6666666666666666,88,44,44,222.1553390049635,0.4482832481216102,0.8237955669845638,0.13463720367453866,1085559.8932852577,-4767.414779404282,1080792.4785058536,3397,0,1199.5560344827586,61,171,42,36.76919542854658,0.6173155737704918,42.48991935483872,8431.203085840483,138.21644403017186,0
3400,32.44253182489465,0,3,228,0.0,0.012987012987012988,0.987012987012987,231,6950,4900,2050,0.7050359712230215,90,49,41,222.18543330425058,0.4480323420540812,0.8234673919262661,0.13537850521814104,1077284.7759345924,-5278.603053380048,1072006.1728812123,3398,1,1205.6450216450216,62,169,42,36.56914324821424,0.6186155913978495,42.294973544973544,8360.60352220251,134.8484439064921,0
3401,32.70671020384794,0,1,227,0.0,0.0043859649122807015,0.9956140350877193,228,6550,4800,1750,0.732824427480916,83,48,35,222.39162920287208,0.44669297601566327,0.8201748933836239,0.1359961582001145,1087165.8233554664,-3794.6842660591974,1083371.1390894072,3399,2,1222.2543859649122,64,164,45,36.42939275281249,0.61865234375,42.16346153846154,8432.984943424837,131.76538974101308,0
3402,32.41580060232837,1,0,228,0.0043859649122807015,0.0,1.0,228,7000,5200,1800,0.7428571428571429,88,52,36,221.6232068859433,0.4465798651364093,0.819464117818534,0.13625841194584712,1079125.3065923194,-4768.157784246646,1074357.1488080728,3400,0,1223.1666666666667,68,160,42,36.25002437787658,0.6182598039215687,41.96859903381643,8364.29444285926,123.00433004204794,0
3403,32.17158340189516,0,1,227,0.0,0.0043859649122807015,0.9956140350877193,228,5750,3500,2250,0.6086956521739131,80,35,45,221.77541696377688,0.4465066047092769,0.8200323343735314,0.1369243025600907,1072248.8700713539,-3790.311950197445,1068458.5581211564,3401,1,1224.1666666666667,68,160,45,36.09178263750829,0.6197916666666667,41.817632850241544,8306.135557657171,122.14905231848782,0
3404,32.26746461125209,0,0,227,0.0,0.0,1.0,227,6350,4100,2250,0.6456692913385826,86,41,45,218.84628233582123,0.4462943290060167,0.8169537270972849,0.13552073113220328,1076340.786965634,-4639.364049231686,1071701.4229164023,3402,2,1230.409691629956,71,156,45,36.05749033775836,0.6192781690140845,41.71006944444445,8334.361193644163,117.38536892456568,0
3405,32.195513831217234,0,0,227,0.0,0.0,1.0,227,6050,4700,1350,0.7768595041322314,74,47,27,219.45114516903982,0.4463349382090367,0.81768541598465,0.13637891167050523,1075000.495126157,-4267.982057456046,1070732.513068701,3403,3,1231.409691629956,61,166,43,35.91166319918514,0.6265368852459017,41.582661290322584,8319.879002653775,136.39145905989795,0
3406,32.137708615818006,1,0,228,0.0043859649122807015,0.0,1.0,228,6550,4600,1950,0.7022900763358778,85,46,39,219.62332412822278,0.44682581085606826,0.8188996017976504,0.1376629479630215,1075618.3614773683,-4903.823991797684,1070714.5374855706,3404,0,1227.0043859649122,63,165,43,35.59386009058882,0.6283068783068784,41.276041666666664,8314.795184847699,131.98087594996346,0
3407,32.147783029052384,1,1,228,0.004366812227074236,0.004366812227074236,0.9956331877729258,229,7900,5800,2100,0.7341772151898734,100,58,42,214.31119952678398,0.44770279501519444,0.814684310268931,0.13517598943286407,1077803.7975691385,-7502.915057686954,1070300.8825114516,3405,0,1222.64192139738,67,162,45,35.504417100489,0.6281094527363185,41.05392156862745,8324.54234563575,124.24690068113058,0
3408,31.7393688854394,0,0,228,0.0,0.0,1.0,228,5950,4600,1350,0.773109243697479,73,46,27,214.88948114822222,0.4471458220624984,0.8140596245859395,0.1359698929389195,1065030.9059584893,-5777.21224235173,1059253.6937161374,3406,1,1228.8991228070176,68,160,40,35.3751456876457,0.6286764705882353,40.94202898550725,8222.336504742463,120.91671330503623,0
3409,31.32715080783741,0,0,228,0.0,0.0,1.0,228,6350,4800,1550,0.7559055118110236,79,48,31,216.66964601343275,0.4470979210139887,0.8162283767433491,0.13756599418486018,1052179.0827217877,-6354.946120786291,1045824.1366010015,3407,2,1229.8991228070176,68,160,43,35.20563936781606,0.6299019607843137,40.82125603864735,8119.33159826319,119.40193526857632,0
3410,31.614804196056664,0,2,226,0.0,0.008771929824561403,0.9912280701754386,228,6950,4700,2250,0.6762589928057554,92,47,45,217.86529537072596,0.44673363152742357,0.8175376815539457,0.1389292588795638,1063098.148635973,-6227.561567870314,1056870.5870681028,3408,3,1230.8991228070176,72,156,44,35.01785976303144,0.6293402777777778,40.66780821917808,8198.736464884889,113.8713397900679,0
3411,31.672851158585836,0,0,226,0.0,0.0,1.0,226,6950,4800,2150,0.6906474820143885,91,48,43,220.3733606366116,0.44618362831858405,0.8179824523087762,0.141111387057451,1066243.59895414,-5155.662968240136,1061087.9359858998,3409,4,1242.1637168141592,60,166,41,34.80434901831743,0.6380208333333333,40.522540983606554,8218.39093843428,136.973182307238,0
3412,31.448150114733497,1,1,226,0.004405286343612335,0.004405286343612335,0.9955947136563876,227,7200,5000,2200,0.6944444444444444,94,50,44,197.690160923841,0.4461944303665874,0.795934098066756,0.12392718819168483,1052568.131464821,-10983.527341482579,1041584.6041233385,3410,0,1237.6872246696034,73,154,43,36.157734856728354,0.6227168949771689,41.27252252252253,8136.500550518051,111.4589116509322,8
3413,31.316332063879706,1,0,227,0.004405286343612335,0.0,1.0,227,5850,3400,2450,0.5811965811965812,83,34,49,202.07363631242816,0.44623991267396984,0.7993414225180338,0.1273239156084647,1049627.399499908,-8829.594921979126,1040797.804577929,3411,0,1238.1145374449338,75,152,42,35.85914063878597,0.6236111111111111,41.09100877192983,8108.079943622371,108.10773258163161,0
3414,31.38104390623698,0,0,227,0.0,0.0,1.0,227,6450,4500,1950,0.6976744186046512,84,45,39,201.10038622597682,0.4458460034046756,0.7981240720832832,0.12721437786854775,1052938.09289701,-9500.748569273375,1043437.3443277366,3412,1,1239.1145374449338,79,148,37,35.74102580212785,0.6232858649789029,40.95052083333335,8129.243079617028,102.90181113439276,0
3415,31.092085078286626,1,0,228,0.0043859649122807015,0.0,1.0,228,5700,3100,2600,0.543859649122807,83,31,52,200.2064557575896,0.4460610041991911,0.7968560886476073,0.12719499508343915,1044466.464597649,-9478.214193048792,1034988.2504046003,3413,0,1234.6754385964912,83,145,39,35.6092319714222,0.6232429718875502,40.79861111111112,8059.111635743415,97.09773055112548,0
3416,31.29763716382966,0,1,227,0.0,0.0043859649122807015,0.9956140350877193,228,5950,4000,1950,0.6722689075630253,79,40,39,202.19361180394597,0.44591367828528733,0.7991575593645426,0.12882927481135834,1052197.286621916,-9000.486057520451,1043196.8005643956,3414,1,1235.6754385964912,86,142,41,35.45389481460963,0.6231831395348837,40.69683908045978,8115.576245893932,94.36716564992943,0
3417,31.53640693027627,0,0,227,0.0,0.0,1.0,227,6150,4600,1550,0.7479674796747967,77,46,31,202.41609006306274,0.44575503878991074,0.799285246713727,0.1292348882710329,1060812.0475716516,-8604.91460775076,1052207.132963901,3415,2,1240.0704845814978,89,138,42,35.37483266398928,0.6228932584269663,40.625000000000014,8179.755547540446,91.90736570270164,0
3418,31.86909496000951,0,0,227,0.0,0.0,1.0,227,7400,5800,1600,0.7837837837837838,90,58,32,202.7539418399445,0.4455398100139046,0.7977762085861864,0.1299189752457199,1073050.380631362,-9286.961106827946,1063763.4195245341,3416,3,1241.0704845814978,73,154,35,35.23681177108757,0.6305650684931507,40.49831081081079,8270.083975053101,113.28882157606988,0
3419,31.575914944459775,1,0,228,0.0043859649122807015,0.0,1.0,228,6000,3700,2300,0.6166666666666667,83,37,46,198.2748465250188,0.44594225790246544,0.7924976505747756,0.1277403697190131,1064734.3602695132,-9377.991625529961,1055356.3686439833,3417,0,1236.622807017544,78,150,40,35.159515951595175,0.6302083333333333,40.308544303797454,8199.995316866198,105.12814508802818,0
3420,31.295536163175353,0,0,228,0.0,0.0,1.0,228,6700,4800,1900,0.7164179104477612,86,48,38,196.6546348911821,0.44577279284849425,0.7907710714954714,0.12691890363779293,1055777.0598675862,-10775.309553050904,1045001.7503145353,3418,1,1237.622807017544,79,149,40,35.139240479890375,0.6304061181434599,40.24739583333332,8129.097017176862,102.89996224274509,0
3421,31.490200738003992,0,0,228,0.0,0.0,1.0,228,6750,4800,1950,0.7111111111111111,87,48,39,194.97247143949744,0.44569228688461243,0.7935836160523262,0.12164586805029576,1052599.766491626,-11304.404418097827,1041295.3620735281,3419,2,1238.622807017544,73,155,44,36.40026132404185,0.6210045662100456,41.44144144144146,8142.060911538013,111.53508097997278,8
3422,31.98861680322901,1,0,229,0.004366812227074236,0.0,1.0,229,7350,4900,2450,0.6666666666666666,98,49,49,189.24482476810533,0.44576278760948956,0.7877356002710143,0.11865466780120723,1070711.2975969203,-12624.685621807592,1058086.6119751127,3420,0,1234.2096069868996,77,152,42,36.36961907711368,0.6209415584415585,41.26602564102567,8276.541959745784,107.48755791877642,0
3423,32.395339641151786,2,0,231,0.008658008658008658,0.0,1.0,231,6400,4400,2000,0.6875,84,44,40,198.01457775385768,0.44658855637116507,0.8003459922279106,0.12128846494428377,1077313.393763809,-9935.248645056929,1067378.145118752,3421,0,1224.5151515151515,80,151,44,36.997190917855114,0.6111979166666667,42.103909465020564,8354.631445005863,104.4328930625733,8
3424,32.714362708243506,0,1,230,0.0,0.004329004329004329,0.9956709956709957,231,7300,5700,1600,0.7808219178082192,89,57,32,199.12368895413942,0.4466034569295439,0.8014884010894279,0.12236865578635212,1088923.5453340695,-10133.905332812192,1078789.6400012574,3422,1,1225.5151515151515,84,147,39,36.84761011367593,0.6108630952380952,41.98529411764704,8440.786672296006,100.4855556225715,0
3425,32.664811358025744,0,1,229,0.0,0.004347826086956522,0.9956521739130435,230,6800,4400,2400,0.6470588235294118,92,44,48,225.48783322520597,0.44611377444465544,0.8175390879862914,0.13141972661418477,1070902.601098551,-4504.898576610186,1066397.7025219407,3423,2,1231.791304347826,89,141,37,38.16123515940454,0.5894194756554307,43.93518518518518,8364.308871353714,93.98099855453611,8
3426,32.658674675995925,3,1,231,0.01293103448275862,0.004310344827586207,0.9956896551724138,232,5450,4100,1350,0.7522935779816514,68,41,27,205.1470322214151,0.4468589061800268,0.8029136148684846,0.1183800256165718,1067570.098453634,-8048.232522782358,1059521.8659308515,3424,0,1222.0818965517242,79,153,44,39.064489229515715,0.5892668776371308,44.30989583333334,8350.4999298507,105.70253075760378,8
3427,32.52586237908322,2,1,232,0.008583690987124463,0.004291845493562232,0.9957081545064378,233,6150,4700,1450,0.7642276422764228,76,47,29,202.07507140396746,0.44780335824576983,0.7999906807542592,0.11711272115749075,1064585.249630518,-9724.771933060365,1054860.4776974577,3425,0,1212.7682403433475,83,150,49,38.97667054413857,0.5893574297188755,44.146825396825406,8321.845146394435,100.26319453487271,0
3428,32.03181549265688,2,1,233,0.008547008547008548,0.004273504273504274,0.9957264957264957,234,6150,3800,2350,0.6178861788617886,85,38,47,199.1234459919178,0.44824642651895874,0.7993523430929164,0.1160837163564393,1050229.0228428175,-11124.955578162779,1039104.0672646547,3426,0,1208.457264957265,88,146,41,38.82651934122521,0.58984375,43.925561797752806,8202.529156880144,93.21055860091073,0
3429,31.78477609219285,2,0,235,0.00851063829787234,0.0,1.0,235,6300,4600,1700,0.7301587301587301,80,46,34,197.99690973755125,0.4484565375522822,0.8007491825806756,0.11605824082527451,1043791.2191940704,-11966.512837676726,1031824.7063563938,3427,0,1204.3021276595746,72,163,45,38.64722531551594,0.5983796296296297,43.7214611872146,8145.755973398714,113.1354996305377,0
3430,31.618117683417253,1,2,234,0.00423728813559322,0.00847457627118644,0.9915254237288136,236,6750,5000,1750,0.7407407407407407,85,50,35,198.39774657161672,0.44865067916816925,0.8029919112080302,0.11706217606665709,1040309.1978810115,-12670.999880536532,1027638.198000475,3428,0,1200.1949152542372,75,161,46,38.386496402365175,0.5994444444444444,43.47587719298244,8110.809903547617,108.14413204730157,0
3431,32.01597931258476,5,2,237,0.02092050209205021,0.008368200836820083,0.9916317991631799,239,5350,3700,1650,0.6915887850467289,70,37,33,191.39266686122397,0.4505526059796303,0.7990049185160684,0.11415265960684842,1056680.4798233707,-12701.82098928173,1043978.658834089,3429,0,1184.163179916318,81,158,36,38.15940461475071,0.600951646090535,43.0767276422764,8225.650172726402,101.55123670032596,0
3432,32.26854241101008,0,3,234,0.0,0.012658227848101266,0.9873417721518988,237,7300,5300,2000,0.726027397260274,93,53,40,192.39242473174215,0.4497954361248182,0.7975815988135693,0.11521027386804872,1066242.014891006,-13672.622680852255,1052569.3922101539,3430,1,1194.9367088607594,84,153,38,37.983068757845906,0.6013144841269842,42.928921568627445,8295.308997006827,98.75367853579556,0
3433,32.604340170462315,0,2,232,0.0,0.008547008547008548,0.9914529914529915,234,5950,3800,2150,0.6386554621848739,81,38,43,182.8409681069651,0.449173422349388,0.786718454960023,0.10713134731983419,1070579.7440785188,-13600.832631395338,1056978.9114471234,3431,2,1210.957264957265,76,158,44,39.0509247039364,0.5963541666666667,43.73647186147186,8355.30324471141,109.93820058830802,8
3434,32.90468099482617,3,1,234,0.01276595744680851,0.00425531914893617,0.9957446808510638,235,5900,4200,1700,0.711864406779661,76,42,34,179.15600566697532,0.45008334848760384,0.7836830726864155,0.10577043968779164,1082822.9350716872,-14101.153621593385,1068721.7814500937,3432,0,1206.5617021276596,80,155,45,38.85804635152978,0.5975260416666667,43.454218106995874,8441.55711375752,105.519463921969,0
3435,32.428929398416344,3,1,236,0.012658227848101266,0.004219409282700422,0.9957805907172996,237,6450,4700,1750,0.7286821705426356,82,47,35,174.35795256378063,0.4506744797253808,0.7798351930324174,0.10374902747422111,1069588.512682384,-16551.747368591794,1053036.7653137923,3433,0,1197.3544303797469,86,151,49,38.6851623078955,0.5982315891472868,43.16331417624522,8328.938751501815,96.84812501746296,0
3436,32.75984682143602,1,3,234,0.004219409282700422,0.012658227848101266,0.9873417721518988,237,6650,5000,1650,0.7518796992481203,83,50,33,175.63195383458688,0.45073780066270946,0.7813850749620421,0.10493073061815326,1081759.3591033877,-16051.69803636427,1065707.6610670234,3434,0,1198.113924050633,91,146,39,38.50054522624135,0.5980998168498168,43.01403985507248,8418.820689607544,92.51451307261038,0
3437,32.338346555295274,0,0,234,0.0,0.0,1.0,234,8200,6400,1800,0.7804878048780488,100,64,36,213.8422182816647,0.44981116185515324,0.8068629252780428,0.12633598154982237,1064399.467500627,-9477.291346368555,1054922.1761542584,3435,2,1214.2264957264956,80,154,42,37.94191602760099,0.5977864583333333,43.42849794238684,8297.098149751768,103.7137268718971,8
3438,32.32569834546245,2,1,235,0.00847457627118644,0.00423728813559322,0.9957627118644068,236,5600,3300,2300,0.5892857142857143,79,33,46,210.4079552797097,0.4504947259285972,0.8072724393571238,0.1251869911461671,1066151.7383565449,-7934.638542898251,1058217.0998136466,3436,0,1204.927966101695,83,153,43,37.76319548388136,0.5992720883534137,43.1671626984127,8302.300823820364,100.02772076892005,0
3439,32.669133556539435,2,2,235,0.008438818565400843,0.008438818565400843,0.9915611814345991,237,7250,5000,2250,0.6896551724137931,95,50,45,207.38935392128178,0.45042864549810485,0.8067755377245116,0.12409644035273207,1079243.5895248472,-9885.27384895115,1069358.3156758961,3437,0,1200.789029535865,87,150,36,37.626112901987916,0.5999760536398467,42.95691287878789,8397.374942948109,96.52155106836906,0
3440,32.26993339706858,0,1,234,0.0,0.00425531914893617,0.9957446808510638,235,7050,5000,2050,0.7092198581560284,91,50,41,210.79357261134268,0.45004167424380187,0.8081022134824234,0.12631123896454793,1066485.6633248497,-9088.33537779505,1057397.3279470545,3438,1,1211.9914893617022,89,146,39,37.48569718933359,0.5998361423220974,42.90509259259262,8296.435538762618,93.21837684002942,0
3441,32.64297244599772,1,1,234,0.00425531914893617,0.00425531914893617,0.9957446808510638,235,6650,4300,2350,0.6466165413533834,90,43,47,216.12604010667675,0.4497643510941383,0.8145345103418931,0.13025723342920145,1080594.7561910183,-6941.066876879234,1073653.689314139,3439,0,1212.9617021276595,67,168,45,37.13194072354192,0.6114738805970149,42.69301470588235,8399.264831118611,125.36216165848674,0
3442,32.303832228804936,2,0,236,0.00847457627118644,0.0,1.0,236,6400,4400,2000,0.6875,84,44,40,197.57728391433594,0.4501562687823056,0.798370475973821,0.11593639116667738,1061167.7924374887,-11667.469958565744,1049500.322478923,3440,0,1208.7711864406779,75,161,40,38.617197386949,0.5973611111111111,43.681469298245624,8280.070812923286,110.40094417231049,8
3443,32.35972817238463,2,0,238,0.008403361344537815,0.0,1.0,238,6700,4800,1900,0.7164179104477612,86,48,38,203.1083530351993,0.45047808152796986,0.8031460375397341,0.12040540246313199,1066156.3444025847,-10990.948162072636,1055165.3962405121,3441,0,1199.6050420168067,78,160,41,38.0879306211903,0.5998931623931624,43.301687763713076,8306.687606276148,106.4959949522583,0
3444,32.38640368646482,2,2,238,0.008333333333333333,0.008333333333333333,0.9916666666666667,240,7250,5200,2050,0.7172413793103448,93,52,41,237.45853944061338,0.4515919194560669,0.8326991828396331,0.13437682665454298,1052532.8618590923,-5263.4167819385275,1047269.4450771537,3442,0,1190.6,79,161,31,38.99812734082393,0.5817510548523206,45.052083333333314,8256.846148189814,104.51703985050398,6
3445,32.2030839718134,4,1,241,0.01652892561983471,0.004132231404958678,0.9958677685950413,242,7050,4900,2150,0.6950354609929078,92,49,43,243.31194706368947,0.45242825749002663,0.8391970129953845,0.1396815261908374,1051072.9383502717,-4302.279372808293,1046770.6589774634,3443,0,1181.603305785124,68,174,35,38.28832821240053,0.5925245098039216,44.5048309178744,8227.732384344363,120.99606447565239,0
3446,31.721317665307655,1,1,241,0.004132231404958678,0.004132231404958678,0.9958677685950413,242,5650,3500,2150,0.6194690265486725,78,35,43,239.0561621724909,0.4525425654127087,0.8368081278442161,0.13781828409810068,1036642.4674122608,-4486.846039080632,1032155.6213731802,3444,0,1182.590909090909,69,173,37,38.23365347303067,0.5935990338164252,44.3452380952381,8109.705915029561,117.53196978303711,0
3447,32.020274159201904,1,0,242,0.004132231404958678,0.0,1.0,242,7800,5500,2300,0.7051282051282052,101,55,46,236.81392269786414,0.4526722334625013,0.8349093781789454,0.13756392148538593,1048751.15396955,-6528.225058911568,1042222.9289106384,3445,0,1183.5661157024792,73,169,32,37.99866168004989,0.5944634703196348,44.0596846846847,8195.279064789005,112.26409677793157,0
3448,32.14797329024393,1,2,241,0.00411522633744856,0.00823045267489712,0.9917695473251029,243,7400,5400,2000,0.7297297297297297,94,54,40,234.61357936392017,0.45301287283610514,0.8344625657231088,0.13690741783135182,1054339.4184592564,-6527.531034159536,1047811.8874250968,3446,0,1179.6913580246915,74,169,34,37.88017443962402,0.5957207207207207,43.888888888888914,8233.453159334758,111.26288053155079,0
3449,32.038988593018104,3,1,243,0.012295081967213115,0.004098360655737705,0.9959016393442623,244,7800,5800,2000,0.7435897435897436,98,58,40,232.19664922969372,0.45378416706019925,0.835373331100135,0.1365042261382991,1053037.271312396,-7697.654817456519,1045339.6164949395,3447,0,1175.7090163934427,67,177,36,37.65889197586188,0.6021455223880596,43.61213235294117,8214.407966932331,122.60310398406465,0
3450,31.823718558955438,4,0,247,0.016194331983805668,0.0,1.0,247,6750,4700,2050,0.6962962962962963,88,47,41,225.18897904856902,0.4548079666019332,0.831662853958421,0.1334222448987364,1048331.1747292373,-8935.474611587451,1039395.7001176499,3448,0,1162.3967611336031,72,175,41,37.54181028092803,0.6024305555555556,43.321917808219155,8168.45104792361,113.45070899893902,0
3451,31.84973265728057,0,3,244,0.0,0.012145748987854251,0.9878542510121457,247,7200,5200,2000,0.7222222222222222,92,52,40,221.32468427337872,0.4548388247040365,0.82876908932828,0.13163443991312412,1050344.0992291367,-10106.584771941172,1040237.5144571955,3449,1,1163.3967611336031,74,173,43,37.49650730986244,0.6028997747747749,43.180555555555536,8179.630646746832,110.5355492803626,0
3452,31.771258061698273,1,2,243,0.004081632653061225,0.00816326530612245,0.9918367346938776,245,6400,4200,2200,0.65625,86,42,44,220.15233777063955,0.454353462696554,0.8274112537848803,0.13131439441142803,1048623.1256493249,-9228.633489589447,1039394.4921597354,3450,0,1173.7020408163266,73,172,33,37.418045510994205,0.6044520547945205,43.07432432432431,8162.851944568051,111.81988965161715,0
3453,31.487176352765378,0,2,241,0.0,0.00823045267489712,0.9917695473251029,243,7800,5700,2100,0.7307692307692307,99,57,42,225.94034744968306,0.4542790418211294,0.8307701091151583,0.13553412320383768,1040938.5869162917,-9361.994799670332,1031576.5921166214,3451,3,1182.6913580246915,72,171,36,37.05558638549759,0.6070601851851851,42.86529680365296,8096.445745959347,112.45063536054649,0
3454,31.692096543596715,1,2,240,0.004132231404958678,0.008264462809917356,0.9917355371900827,242,7600,5500,2100,0.7236842105263158,97,55,42,229.87853175979663,0.45394712401266535,0.8328950501165784,0.13843732148647858,1048883.6841503487,-7776.831740142752,1041106.8524102059,3452,0,1188.5495867768595,77,165,38,36.80741197335406,0.6061958874458875,42.721688034188006,8153.68910139404,105.89206625187066,0
3455,31.517741506151857,1,0,241,0.004149377593360996,0.0,1.0,241,6550,4300,2250,0.6564885496183206,88,43,45,230.5467292038201,0.45358171968649147,0.8331008346051694,0.13985358836981177,1045270.3082396261,-6553.2698602971095,1038717.038379329,3453,0,1189.2904564315352,65,176,40,36.51821097356702,0.6150641025641026,42.45580808080808,8117.211267319857,124.88017334338242,0
3456,31.594460830184076,1,1,241,0.004132231404958678,0.004132231404958678,0.9958677685950413,242,6300,4900,1400,0.7777777777777778,77,49,28,228.0505113636198,0.4536520666872421,0.8324846382756557,0.13918773865490144,1049624.7208408061,-6826.509134471541,1042798.2117063346,3454,0,1185.3719008264463,67,175,40,36.355076662506676,0.6161380597014925,42.23345588235294,8143.994981456923,121.55216390234213,0
3457,31.639175486156333,1,1,241,0.004132231404958678,0.004132231404958678,0.9958677685950413,242,7000,5100,1900,0.7285714285714285,89,51,38,226.32549787168952,0.45370600573825776,0.8321334917867809,0.13899416070143422,1052942.1566907112,-7738.468431376753,1045203.6882593344,3455,0,1186.0619834710744,69,173,38,36.16993280267634,0.6173007246376812,42.00892857142858,8162.624782790078,118.29890989550837,0
3458,32.037781852058245,1,1,241,0.004132231404958678,0.004132231404958678,0.9958677685950413,242,7800,5100,2700,0.6538461538461539,105,51,54,224.90619516622394,0.4541885994993313,0.8298790660949706,0.13867954966234802,1067408.0542343576,-8186.663166473481,1059221.3910678842,3456,0,1186.4462809917356,73,169,40,36.05809430326824,0.6167237442922374,41.86373873873875,8270.113226394236,113.2892222793731,0
3459,32.34747141494915,0,0,241,0.0,0.0,1.0,241,7100,5200,1900,0.7323943661971831,90,52,38,225.06996045291987,0.45421565237436606,0.8295139268647085,0.1390050021534816,1078211.9199553085,-6765.377163158141,1071446.5427921505,3457,1,1186.0373443983403,74,167,41,35.99437421552807,0.6168355855855856,41.80555555555557,8351.93741116538,112.86401906980242,0
3460,31.86627380993184,0,0,241,0.0,0.0,1.0,241,7350,5200,2150,0.7074829931972789,95,52,43,226.326742976066,0.45449155716920236,0.8306451612903223,0.14032258064516134,1063315.594838354,-7418.648932915257,1055896.9459054389,3458,2,1187.0373443983403,75,166,41,35.8198924731183,0.6177777777777778,41.66666666666668,8232.12073423242,109.7616097897656,0
3461,31.433867923598434,1,0,242,0.004132231404958678,0.0,1.0,242,7050,4900,2150,0.6950354609929078,92,49,43,220.73082943068385,0.4549044528651281,0.8264755403586572,0.137479929653654,1050216.7070714522,-9086.959033231346,1041129.7480382208,3459,0,1183.1280991735537,69,173,39,35.797149943392235,0.6224335748792271,41.50297619047619,8125.561305071854,117.76175804451962,0
3462,31.158024377615718,1,0,243,0.00411522633744856,0.0,1.0,243,7250,5200,2050,0.7172413793103448,93,52,41,216.33776944253378,0.4553312303733179,0.8230330076297214,0.13531188436560987,1042211.0707584394,-10756.076332760753,1031454.9944256786,3460,0,1179.2551440329219,72,171,41,35.75722259001807,0.6223958333333333,41.35273972602741,8058.937640819974,111.92968945583297,0
3463,30.84142802565606,1,1,243,0.004098360655737705,0.004098360655737705,0.9959016393442623,244,8450,6700,1750,0.7928994082840237,102,67,35,219.42549419013497,0.45543208471069735,0.8254175594068116,0.13831054423576444,1033819.5208450936,-11880.728147031132,1021938.7926980625,3461,0,1175.4180327868853,75,169,37,35.39587854886809,0.62375,41.077302631578966,7985.545735096928,106.47394313462571,0
3464,30.8855486350837,0,1,242,0.0,0.00411522633744856,0.9958847736625515,243,8250,6300,1950,0.7636363636363637,102,63,39,225.96756079924074,0.45510449613984966,0.8286797651417463,0.14296970637813608,1036361.2003854947,-10013.197488383088,1026348.0028971117,3462,1,1181.201646090535,74,169,37,35.09062924440632,0.6255630630630631,40.94444444444446,8001.072960299767,108.12260757161847,0
3465,30.530520441860137,1,1,242,0.00411522633744856,0.00411522633744856,0.9958847736625515,243,6400,3800,2600,0.59375,90,38,52,228.7398989082201,0.45485721411647334,0.8317891585543169,0.14512267166706885,1025217.352919891,-8098.377266830008,1017118.975653061,3463,0,1182.1851851851852,74,169,38,34.91936420315484,0.6265484234234234,40.847222222222236,7912.069179509315,106.91985377715291,0
3466,30.64096518565442,0,0,242,0.0,0.0,1.0,242,7500,5800,1700,0.7733333333333333,92,58,34,230.34929328276928,0.45447686979184526,0.8327789576030482,0.14618961870489758,1029014.0300825735,-8493.469078484803,1020520.5610040887,3464,1,1188.0578512396694,73,169,38,34.86632764832617,0.627140410958904,40.83614864864866,7941.030546636905,108.7812403648891,0
3467,30.685124875357804,0,0,242,0.0,0.0,1.0,242,7150,5400,1750,0.7552447552447552,89,54,35,233.89159358146455,0.4542571842529406,0.8343133172206978,0.14869215829936908,1030977.2779466619,-7322.616302954955,1023654.661643707,3465,2,1189.0578512396694,75,167,40,34.71273066144981,0.6268055555555556,40.775767543859644,7954.32794363543,106.05770591513907,0
3468,31.191608491103626,1,2,241,0.00411522633744856,0.00823045267489712,0.9917695473251029,243,7700,5400,2300,0.7012987012987013,100,54,46,238.2224909956246,0.45443704724007755,0.8367506391794948,0.15223697119038762,1049477.196139657,-6298.185618501385,1043179.0105211555,3466,0,1185.1604938271605,63,180,40,34.4127765926298,0.6352513227513228,40.59244791666667,8091.338804218914,128.4339492733161,0
3469,31.097610544564002,0,1,240,0.0,0.004149377593360996,0.995850622406639,241,6250,4200,2050,0.672,83,42,41,233.42517670887128,0.4544973201936376,0.8312533452038389,0.149637823806003,1047197.9926738257,-5561.524702187247,1041636.4679716384,3467,1,1193.0871369294605,65,176,40,34.42517332603542,0.6350961538461539,40.482954545454554,8070.360009221383,124.15938475725204,0
3470,31.017182278941185,0,1,239,0.0,0.004166666666666667,0.9958333333333333,240,7550,5200,2350,0.6887417218543046,99,52,47,231.7581291132595,0.45427490120874015,0.8299285321064853,0.14940027836449427,1046059.5597395772,-7063.43869874303,1038996.1210408342,3468,2,1198.8625,67,173,38,34.26895324603832,0.6358830845771144,40.28799019607843,8055.534748118392,120.2318619122148,0
3471,31.183189223976907,0,2,237,0.0,0.008368200836820083,0.9916317991631799,239,7350,5500,1850,0.7482993197278912,92,55,37,232.8113494276031,0.45398588305615134,0.8296538696243068,0.15051402417915255,1052474.6096294906,-6144.393178773889,1046330.2164507167,3469,3,1204.744769874477,68,171,39,34.13846116598879,0.6363357843137255,40.18719806763284,8101.791765468617,119.14399655100908,0
3472,31.49775511270551,1,1,237,0.004201680672268907,0.004201680672268907,0.9957983193277311,238,6300,4200,2100,0.6666666666666666,84,42,42,233.69439363084476,0.4536854826318713,0.8290999073467269,0.15191386180334002,1064647.4945596592,-4139.569865656457,1060507.9246940026,3470,0,1210.2563025210084,72,166,37,33.921025190714005,0.6361400462962963,39.99714611872146,8189.506220157061,113.74314194662584,0
3473,31.563829297275205,0,0,237,0.0,0.0,1.0,237,6100,4000,2100,0.6557377049180327,82,40,42,235.38282462954666,0.45344272211494907,0.8301476511579444,0.15330585708480882,1067427.4088300932,-3249.1842845150086,1064178.2245455782,3471,5,1216.3628691983122,74,163,37,33.80896751223857,0.6358389639639639,39.93055555555555,8208.787549881625,110.92956148488682,0
3474,31.126674220069688,0,0,237,0.0,0.0,1.0,237,6250,4600,1650,0.736,79,46,33,239.4191289171324,0.4533227848101266,0.8326318765436054,0.15651283551524903,1053679.4847584504,-3195.795120255926,1050483.6896381944,3472,6,1217.3628691983122,75,162,37,33.57300884955752,0.6366666666666667,39.80263157894736,8099.078719761539,107.98771626348719,0
3475,31.311544276304478,0,0,237,0.0,0.0,1.0,237,6000,4100,1900,0.6833333333333333,79,41,38,239.986834787723,0.45321998140599296,0.8338122784919757,0.15757579786727194,1061173.5246938604,-2466.464929637672,1058707.0597642227,3473,7,1218.3628691983122,76,161,39,33.40294015761673,0.6377467105263157,39.65097402597404,8151.93005407848,107.2622375536642,0
3476,31.739831929590434,0,1,236,0.0,0.004219409282700422,0.9957805907172996,237,7000,4800,2200,0.6857142857142857,92,48,44,242.35165251804887,0.4528422906386326,0.8354528353646575,0.1597542525782243,1076803.1104911051,-2206.997347180981,1074596.1131439242,3474,8,1219.3628691983122,61,176,38,33.203259373925,0.6475409836065573,39.51612903225807,8267.714284885265,135.53629975221747,0
3477,31.385532163842587,0,0,236,0.0,0.0,1.0,236,5450,3800,1650,0.6972477064220184,71,38,33,241.75568387720162,0.4526186290419521,0.8341528388348198,0.15965449618425123,1065298.3107635335,-1141.615669626749,1064156.6950939067,3475,9,1224.7288135593221,63,173,39,33.15425620523074,0.6468253968253967,39.45312500000001,8177.402325501186,129.80003691271725,0
3478,31.695393335866502,0,1,235,0.0,0.00423728813559322,0.9957627118644068,236,5450,3700,1750,0.6788990825688074,72,37,35,236.59832865708916,0.45220203750450777,0.8303472853975853,0.15710456494565855,1077359.0665089062,-1669.7291000862997,1075689.33740882,3476,10,1225.7288135593221,68,168,39,33.09738868623701,0.6456801470588236,39.26630434782608,8264.057039609743,121.53025058249622,0
3479,32.01332710937685,0,1,234,0.0,0.00425531914893617,0.9957446808510638,235,6150,5100,1050,0.8292682926829268,72,51,21,238.23706871914294,0.45227768685215497,0.8301069838753348,0.15858644525030022,1088873.5383760778,-1267.9920022885954,1087605.5463737892,3477,11,1230.2893617021277,69,166,41,32.96788526273751,0.6459842995169083,39.181547619047606,8349.66643223283,121.00965843815696,0
3480,31.96011418859712,0,2,232,0.0,0.008547008547008548,0.9914529914529915,234,6700,4300,2400,0.6417910447761194,91,43,48,236.38994996361475,0.45192116637932084,0.8284447980872538,0.15807911390799909,1088362.086811559,-2044.4281512640682,1086317.658660295,3478,12,1236.1581196581196,70,164,42,32.85665429877819,0.6470238095238094,39.02582159624413,8340.764542059349,119.15377917227642,0
3481,31.937449970575347,1,1,232,0.004291845493562232,0.004291845493562232,0.9957081545064378,233,7550,4900,2650,0.6490066225165563,102,49,53,238.211359089992,0.4514207488530413,0.8295299791410307,0.16030223223467713,1089366.6344710009,-2250.0986910744505,1087116.5357799265,3479,0,1241.587982832618,72,161,37,32.59100925116552,0.6481481481481481,38.81278538812786,8341.6535996206,115.85629999473056,0
3482,32.36017369210631,0,0,232,0.0,0.0,1.0,232,5800,3900,1900,0.6724137931034483,77,39,38,243.51210924637297,0.45108178459471565,0.8313677357257354,0.1640771506799169,1104147.3261944246,1574.648864069427,1105721.9750584941,3480,14,1247.9396551724137,72,160,37,32.40870978314306,0.6485821759259259,38.769977168949765,8453.448912405667,117.40901267230093,0
3483,32.43766421478858,0,1,231,0.0,0.004310344827586207,0.9956896551724138,232,7050,4600,2450,0.6524822695035462,95,46,49,240.7416598251968,0.450858259317311,0.8299263925381699,0.16284862402293968,1107913.2721453693,-105.82398427190037,1107807.4481610975,3481,15,1248.9396551724137,75,157,39,32.34552808222771,0.6484722222222222,38.6376096491228,8477.985456576238,113.03980608768317,0
3484,32.63869694139327,1,0,232,0.004310344827586207,0.0,1.0,232,6600,3900,2700,0.5909090909090909,93,39,54,237.2676865292896,0.45059858125590885,0.8278652430012081,0.16135426764919564,1116303.775348286,-27.43715184029861,1116276.3381964457,3482,0,1249.7931034482758,62,170,43,32.25347178320057,0.6575940860215054,38.458994708994695,8536.357609440425,137.68318724903912,0
3485,32.293928922896455,0,0,232,0.0,0.0,1.0,232,6000,4000,2000,0.6666666666666666,80,40,40,238.99943593188215,0.45026426518883417,0.827540194530924,0.16328181488201657,1105813.76294226,457.7731177825053,1106271.5360600424,3483,1,1250.7931034482758,65,167,42,32.05042669320308,0.6572115384615385,38.30492424242425,8451.162175987165,130.01787963057177,0
3486,32.08532177915723,0,0,232,0.0,0.0,1.0,232,7200,5200,2000,0.7222222222222222,92,52,40,239.2005401968578,0.450001088470916,0.8274056424865022,0.16406162251383227,1099770.0294415662,-986.8829730524722,1098783.1464685136,3484,2,1251.7931034482758,67,165,40,31.911128013105532,0.6573383084577115,38.17401960784314,8400.770831025678,125.38463926903998,0
3487,32.314248719382405,0,0,232,0.0,0.0,1.0,232,7750,5900,1850,0.7612903225806451,96,59,37,244.77190136400972,0.4497196409911927,0.8303105951633543,0.1688498060442667,1109232.7997265167,151.80428887657035,1109384.6040153932,3485,3,1252.7931034482758,68,164,42,31.569654106168837,0.6587009803921569,37.98309178743961,8466.879540664262,124.51293442153326,0
3488,32.59961515336396,0,0,232,0.0,0.0,1.0,232,5450,3800,1650,0.6972477064220184,71,38,33,239.22491472481315,0.44950622294372294,0.825926951667769,0.16580112303783429,1120358.8333889681,1753.5492757332077,1122112.3826647014,3486,4,1253.7931034482758,69,163,36,31.55555870889619,0.6597222222222222,37.82738095238094,8546.726484701858,123.86560122756316,0
3489,32.70702751078855,0,0,232,0.0,0.0,1.0,232,6800,4700,2100,0.6911764705882353,89,47,42,237.63227473647476,0.4492368263919988,0.8248559280681831,0.16538059322745902,1125222.3913699603,277.8312891317328,1125500.222659092,3487,5,1254.7931034482758,70,162,38,31.45741279340751,0.6605654761904762,37.690727699530505,8579.356585466356,122.56223693523366,0
3490,32.44844832488955,0,0,232,0.0,0.0,1.0,232,5400,3500,1900,0.6481481481481481,73,35,38,238.39634337999107,0.4491765717520028,0.8253042320601522,0.16644300511609794,1117221.3084687125,1468.2949370296856,1118689.6034057422,3488,6,1255.7931034482758,72,160,39,31.32975348921513,0.6605902777777778,37.58561643835615,8514.939564707707,118.26304950982927,0
3491,31.959942175003572,1,1,232,0.004291845493562232,0.004291845493562232,0.9957081545064378,233,7050,4500,2550,0.6382978723404256,96,45,51,239.00514931834448,0.44889096492526265,0.8261636305697972,0.16820667249793772,1102599.29492498,-944.618175631058,1101654.6767493489,3489,0,1251.3991416309013,64,169,42,31.04561954731255,0.6678059895833333,37.323717948717935,8395.118785103869,131.17373101724795,0
3492,32.373470824783766,0,0,232,0.0,0.0,1.0,232,6400,4400,2000,0.6875,84,44,40,238.81560236969872,0.44844029892521275,0.8243207477893708,0.16884892338183782,1118143.5078393565,606.0230720846048,1118749.5309114412,3490,1,1255.6163793103449,66,166,42,30.89680074928519,0.6680871212121212,37.17350746268655,8508.60578813693,128.91826951722624,0
3493,32.80639299680298,0,1,231,0.0,0.004310344827586207,0.9956896551724138,232,6350,4000,2350,0.6299212598425197,87,40,47,274.955852829216,0.4481572964870379,0.8461476353901589,0.1789029932285252,1109156.4438467475,8243.811187780575,1117400.255034528,3491,2,1256.6163793103449,70,162,30,32.81496840442339,0.6375,39.96478873239437,8530.81733385176,121.86881905502516,8
3494,33.05099431384366,0,0,231,0.0,0.0,1.0,231,6900,4900,2000,0.7101449275362319,89,49,40,276.03376012426156,0.4478896103896104,0.8471350920061842,0.1801036308899527,1118252.0030315921,8635.061032659312,1126887.0640642515,3492,3,1255.5324675324675,72,159,31,32.68821996708722,0.6374421296296297,39.86872146118721,8597.597407839163,119.41107510887726,0
3495,33.44419854930106,1,0,232,0.004310344827586207,0.0,1.0,232,6850,4900,1950,0.7153284671532847,88,49,39,272.513980080471,0.44790811439518335,0.8462092932051255,0.1787149692571925,1133085.1556683315,8506.30910825523,1141591.4647765867,3493,0,1251.1163793103449,75,157,33,32.59925231676495,0.6377777777777778,39.69298245614034,8705.759578513213,116.07679438017617,0
3496,33.48820450629743,0,0,232,0.0,0.0,1.0,232,6800,4400,2400,0.6470588235294118,92,44,48,243.27247616018025,0.44761772590436383,0.8265060993180302,0.15673872746142167,1129232.3582067322,1742.2303882298283,1130974.588594962,3494,1,1252.1163793103449,71,161,45,33.98909006499536,0.6335093896713615,40.30671296296294,8696.661905208837,122.48819584801178,8
3497,33.50907992692609,0,2,230,0.0,0.008620689655172414,0.9913793103448276,232,6050,3900,2150,0.6446280991735537,82,39,43,243.10452681241708,0.4473047905159974,0.8260617171084739,0.15689067844680468,1130439.932571025,2513.01297950755,1132952.9455505325,3495,2,1253.1163793103449,71,161,46,33.93417437154208,0.6340962441314554,40.24884259259257,8704.022294676312,122.59186330530017,0
3498,33.25867067899581,0,0,230,0.0,0.0,1.0,230,6350,4400,1950,0.6929133858267716,83,44,39,241.78900275985654,0.4466746566672995,0.8245350025669664,0.15662837084043663,1123120.8220498825,1961.652708453823,1125082.4747583363,3496,3,1264.8,73,157,42,33.8345881630737,0.634417808219178,40.11824324324322,8643.32176345181,118.40166799249054,0
3499,33.575694151915506,0,1,229,0.0,0.004347826086956522,0.9956521739130435,230,6750,4900,1850,0.725925925925926,86,49,37,238.978702162703,0.4463238086197076,0.8219766547527505,0.1553846635848146,1134952.9413625079,1495.9161885104204,1136448.8575510182,3497,4,1265.8,76,154,43,33.77547259798819,0.6343201754385965,39.989177489177465,8730.043852811297,114.86899806330655,0
3500,33.570751959296516,1,0,230,0.004347826086956522,0.0,1.0,230,6550,4700,1850,0.7175572519083969,84,47,37,236.39216434936662,0.4466078096323018,0.8188649555684688,0.15417584940278448,1135714.5055850397,1144.8020116435373,1136859.3075966833,3498,0,1265.895652173913,79,151,36,33.733846006240526,0.6340981012658228,39.88281249999999,8732.329581912305,110.53581749256082,0
3501,33.932657974473535,0,0,230,0.0,0.0,1.0,230,6700,4400,2300,0.6567164179104478,90,44,46,237.9162815324415,0.4464911239794949,0.8198044051292721,0.15571734643685597,1149031.8045808733,1974.674861678417,1151006.4794425517,3499,1,1266.895652173913,81,149,39,33.56967359822967,0.6345164609053497,39.761178861788615,8830.594909363112,109.01969023905076,0
3502,33.84743340477191,0,0,230,0.0,0.0,1.0,230,5950,3800,2150,0.6386554621848739,81,38,43,239.7099942033269,0.44621819821530284,0.8233046460195341,0.15747656565372387,1147275.8101552925,3052.6955603880115,1150328.5057156805,3500,2,1267.895652173913,83,147,39,33.39167777989457,0.6350401606425703,39.632936507936485,8812.75684234357,106.17779328124783,0
3503,33.4516250587422,0,0,230,0.0,0.0,1.0,230,7500,5500,2000,0.7333333333333333,95,55,40,241.98476810594107,0.4458337288779191,0.8246101747693744,0.1595613848726895,1134969.0470019646,1429.0443292382097,1136398.0913312028,3501,3,1268.895652173913,66,164,40,33.2020292450015,0.6444128787878788,39.50559701492537,8713.961098557607,132.0297136145092,0
3504,32.973591233060084,0,0,230,0.0,0.0,1.0,230,6500,4300,2200,0.6615384615384615,87,43,44,241.58182440569416,0.44567907094487685,0.8247814152358128,0.15951253795865322,1119150.6590625404,1573.2916002326365,1120723.950662773,3502,4,1269.895652173913,66,164,39,33.164757130922546,0.6448863636363636,39.458955223880594,8590.973909882157,130.16627136185087,0
3505,32.49128705317236,1,0,231,0.004329004329004329,0.0,1.0,231,6150,3800,2350,0.6178861788617886,85,38,47,240.41590117627285,0.44562943095551794,0.8244197261397701,0.15935744205799235,1103900.8045511018,729.0613470730532,1104629.8658981747,3503,0,1265.3939393939395,68,163,43,33.05968996737514,0.6450674019607843,39.32669082125604,8469.611315626915,124.55310758274875,0
3506,32.33559101941534,0,1,230,0.0,0.004329004329004329,0.9956709956709957,231,7650,6000,1650,0.7843137254901961,93,60,33,239.74761513616696,0.4454670932931803,0.8228840415248182,0.15940430700219116,1099496.611915914,-1129.6618885728276,1098366.9500273413,3504,1,1266.3939393939395,71,160,37,32.969544613962086,0.644512910798122,39.22164351851851,8432.42228190047,118.76651101268267,0
3507,32.328074777034075,0,2,228,0.0,0.008695652173913044,0.991304347826087,230,5350,3900,1450,0.7289719626168224,68,39,29,238.64130686830805,0.4450889184228846,0.8210024445226531,0.15924516988248666,1100282.1951729243,1164.5561959994575,1101446.7513689238,3505,2,1270.878260869565,72,158,38,32.87197823233429,0.6452546296296297,39.09817351598173,8434.453756040093,117.14519105611241,0
3508,32.09491165931384,1,0,229,0.004366812227074236,0.0,1.0,229,7000,4700,2300,0.6714285714285714,93,47,46,240.00683006112286,0.4448977246609975,0.8207418818849181,0.1610813423177101,1093983.2986385447,-287.30727079024473,1093695.9913677545,3506,0,1275.7991266375545,74,155,32,32.63626611344576,0.6462556306306306,38.902777777777786,8379.892281714476,113.24178759073615,0
3509,31.802142498353565,0,0,229,0.0,0.0,1.0,229,5900,3600,2300,0.6101694915254238,82,36,46,241.17580639090716,0.4445218532138206,0.8208615747314287,0.1624448613294124,1085006.6825366155,635.472320058092,1085642.1548566737,3507,1,1276.7991266375545,77,152,34,32.48210633946831,0.6461038961038961,38.78205128205128,8307.290428255805,107.88688867864681,0
3510,31.462843891656956,0,1,228,0.0,0.004366812227074236,0.9956331877729258,229,6500,5600,900,0.8615384615384616,74,56,18,239.75411193892387,0.4442816466201895,0.8202408036013904,0.16176550135058676,1073908.1926714375,-805.2189924248814,1073102.9736790126,3508,2,1277.7991266375545,79,150,36,32.459757799262434,0.6458333333333333,38.723958333333336,8220.487311588398,104.05680141251138,0
3511,31.25784542570001,1,1,228,0.004366812227074236,0.004366812227074236,0.9956331877729258,229,6400,4300,2100,0.671875,85,43,42,242.28565512481953,0.44403585382670646,0.8214411529264338,0.164436335877756,1068525.5440926452,-422.3177063816338,1068103.2263862635,3509,0,1278.4279475982532,67,162,41,32.19121653289589,0.6537624378109452,38.526348039215705,8173.102995883517,121.98661187885847,0
3512,31.676062936780113,1,0,229,0.004366812227074236,0.0,1.0,229,7300,5600,1700,0.7671232876712328,90,56,34,247.81684855369292,0.44393450420082226,0.8239924345673513,0.16916193575186933,1084421.2157343004,647.569637608035,1085068.7853719085,3510,0,1276.4934497816594,69,160,40,31.848792462845022,0.6545893719806763,38.33333333333335,8288.569801790833,120.1242000259541,0
3513,31.759163672081744,0,1,228,0.0,0.004366812227074236,0.9956331877729258,229,7300,5000,2300,0.684931506849315,96,50,46,247.1629331887358,0.4436073124952118,0.8227742538006109,0.16946732055855518,1088499.7618910596,707.3587848470506,1089207.1206759065,3511,1,1277.4934497816594,72,157,40,31.713833478671603,0.6545138888888888,38.184931506849324,8315.027612091288,115.48649461237899,0
3514,31.86759663992799,1,1,228,0.004366812227074236,0.004366812227074236,0.9956331877729258,229,5500,3400,2100,0.6181818181818182,76,34,42,244.61899599316092,0.4434995786409255,0.8203840154523308,0.16802517921497537,1092716.2370512562,2159.8297625809555,1094876.0668138373,3512,0,1278.4323144104803,74,155,43,31.71904004242908,0.6541385135135135,38.12500000000002,8345.326870081193,112.77468743352964,0
3515,31.621318343248902,0,1,227,0.0,0.0043859649122807015,0.9956140350877193,228,6600,4900,1700,0.7424242424242424,83,49,34,243.64576914890912,0.4433036749362393,0.8182282299780947,0.16804877052266531,1085407.3915924162,690.9837528892531,1086098.3753453055,3513,1,1284.7456140350878,78,150,39,31.604054484760034,0.6537126068376069,37.98786919831225,8285.168997873167,106.22011535734829,0
3516,31.800553589611287,0,0,227,0.0,0.0,1.0,227,5800,4000,1800,0.6896551724137931,76,40,36,240.94844224276162,0.44297980585552216,0.8168889939106145,0.16695807989033876,1092835.2598684581,1463.3906986538223,1094298.650567112,3514,2,1290.4229074889868,83,144,33,31.51799228986331,0.6532379518072289,37.83482142857144,8336.99781049075,100.44575675290059,0
3517,31.453264607929004,0,1,226,0.0,0.004405286343612335,0.9955947136563876,227,7400,5600,1800,0.7567567567567568,92,56,36,232.59413197434074,0.44258914532246957,0.827843760997143,0.15562206829227865,1071247.5514706876,-2966.821127207349,1068280.7303434804,3515,3,1291.4229074889868,66,161,40,32.937565775103785,0.6494633838383839,39.008084577114445,8209.04777632628,124.3795117625194,8
3518,31.72239333924784,0,1,225,0.0,0.004424778761061947,0.995575221238938,226,7500,5500,2000,0.7333333333333333,95,55,40,231.6637689394518,0.442726974762373,0.8270151137752033,0.15538156686482052,1081104.678227387,-2609.443124753838,1078495.235102633,3516,4,1297.7566371681417,67,159,37,32.87646198830411,0.6497201492537313,38.92463235294119,8281.935503688766,123.61097766699652,0
3519,31.69712533027121,0,0,225,0.0,0.0,1.0,225,6350,4600,1750,0.7244094488188977,81,46,35,228.6087719554462,0.4421899801587301,0.8242587241038284,0.15390618569545284,1081289.1600398172,-1911.5625989121759,1079377.597440905,3517,5,1291.2933333333333,68,157,37,32.82700940161062,0.6504289215686274,38.79830917874397,8279.342730440123,121.75504015353123,0
3520,31.53474141840909,0,1,224,0.0,0.0044444444444444444,0.9955555555555555,225,7400,5400,2000,0.7297297297297297,94,54,40,230.74081261611488,0.44207423941798946,0.8250744717290897,0.15582044682554122,1076605.4278177526,-2716.637743682484,1073888.79007407,3518,6,1292.2933333333333,74,151,37,32.66505882144499,0.6483671171171171,38.694444444444436,8240.203125638162,111.35409629240759,0
3521,31.636204444041866,0,0,224,0.0,0.0,1.0,224,6450,4400,2050,0.6821705426356589,85,44,41,230.6253236396422,0.44171362841661327,0.8240302345702757,0.15588593429218361,1080325.8918267125,-1419.8983122358486,1078905.9935144766,3519,7,1298.46875,76,148,37,32.63633657728546,0.6477521929824561,38.663419913419915,8267.69747632577,108.78549310954959,0
3522,31.4829665968283,0,1,223,0.0,0.004464285714285714,0.9955357142857143,224,6550,5000,1550,0.7633587786259542,81,50,31,229.92823736665,0.44113807588618403,0.8243007008953653,0.15591635271655366,1075985.1142564549,-1870.1278492519705,1074114.986407203,3520,8,1299.46875,77,147,39,32.54366305698863,0.6484036796536796,38.55502136752136,8231.063529194804,106.89692895058187,0
3523,31.88256791439531,0,1,222,0.0,0.004484304932735426,0.9955156950672646,223,6550,4300,2250,0.6564885496183206,88,43,45,213.59435402958331,0.44091961917074024,0.7931924706661284,0.13789694135072736,1075675.834656571,-5198.342990259297,1070477.4916663116,3521,9,1304.9730941704036,82,141,40,34.687530196154206,0.629319105691057,40.2359437751004,8281.945164309167,100.99933127206302,8
3524,32.18615202188829,0,1,221,0.0,0.0045045045045045045,0.9954954954954955,222,5500,3800,1700,0.6909090909090909,72,38,34,211.5916533622937,0.44032847893142013,0.7905170270942077,0.1370745928303559,1086919.086219155,-3903.3986951709658,1083015.6875239841,3522,10,1311.8018018018017,85,137,40,34.61735645041012,0.6294117647058823,40.11627906976745,8364.656949874483,98.40772882205275,0
3525,32.52579349576926,0,0,221,0.0,0.0,1.0,221,6450,5100,1350,0.7906976744186046,78,51,27,210.24472115408383,0.43996554915672564,0.7883198680916879,0.13681264194950915,1099700.9748439898,-4408.735038209755,1095292.2398057801,3523,11,1318.1266968325792,90,131,33,34.493899575941654,0.6292824074074075,39.96108058608061,8457.972193720205,93.97746881911338,0
3526,32.11603557819252,0,0,221,0.0,0.0,1.0,221,5700,3800,1900,0.6666666666666666,76,38,38,208.52320751656174,0.4396356094885507,0.7889371657754007,0.13638544924056295,1087318.4805187196,-4553.772570040014,1082764.7079486796,3524,12,1319.1266968325792,92,129,37,34.35885847107443,0.6304347826086957,39.784946236559165,8357.075924648012,90.83778178965231,0
3527,32.32549871887086,0,1,220,0.0,0.004524886877828055,0.995475113122172,221,6000,4100,1900,0.6833333333333333,79,41,38,210.32046087280207,0.43931681064034006,0.7915210927274912,0.1379723144951983,1095276.0157438042,-4128.20871716693,1091147.8070266373,3525,13,1320.1266968325792,94,127,39,34.20699773949425,0.6308732269503546,39.682017543859665,8414.908608385067,89.52030434452199,0
3528,32.40824438857848,0,0,220,0.0,0.0,1.0,220,6050,4200,1850,0.6942148760330579,79,42,37,208.43250571401626,0.43928237858032376,0.7891091307210545,0.13703917900599327,1098727.2945070048,-4247.903381904494,1094479.3911251002,3526,14,1325.15,94,126,42,34.177790410420535,0.6316489361702128,39.60526315789475,8438.936269078562,89.77591775615491,0
3529,32.010029183523216,0,0,220,0.0,0.0,1.0,220,7100,5400,1700,0.7605633802816901,88,54,34,213.35584886182284,0.43910206517227063,0.7917777267706256,0.14098394309044543,1086666.6719890796,-4730.661953583519,1081936.010035496,3527,15,1326.15,75,145,39,33.87320717830029,0.6404166666666666,39.432565789473685,8340.771173354715,111.2102823113962,0
3530,31.712802362019676,0,0,220,0.0,0.0,1.0,220,5500,3900,1600,0.7090909090909091,71,39,32,212.30874568714313,0.438945101701951,0.7913362207020518,0.14062958609308246,1077256.1637068125,-3757.8190199327046,1073498.3446868798,3528,16,1327.15,75,145,42,33.81650847487337,0.64125,39.35032894736842,8265.931503817537,110.21242005090049,0
3531,31.66088276133246,0,0,220,0.0,0.0,1.0,220,6600,4900,1700,0.7424242424242424,83,49,34,210.78179783374233,0.4385468555417185,0.7888111189788849,0.14015729903765536,1076578.616278562,-5215.364750288466,1071363.2515282736,3529,17,1328.15,79,141,42,33.72195592836696,0.6408227848101266,39.21874999999999,8256.56458260371,104.5134757291609,0
3532,31.379749547519246,1,0,221,0.004524886877828055,0.0,1.0,221,6900,5300,1600,0.7681159420289855,85,53,32,209.58169138760317,0.4387563416975182,0.7883976400784769,0.13973927319272075,1067778.121003805,-6342.65107466931,1061435.4699291356,3530,0,1323.1357466063348,81,140,43,33.658575185040924,0.6409465020576132,39.12601626016259,8186.160273219666,101.063707076786,0
3533,31.562964620500228,0,0,221,0.0,0.0,1.0,221,5850,4500,1350,0.7692307692307693,72,45,27,211.26974610317598,0.4386166529548883,0.7898620331308159,0.14123379089481086,1074744.8044080609,-4637.78760940039,1070107.0167986604,3531,1,1324.1357466063348,81,140,46,33.52373679598891,0.64184670781893,39.037093495934954,8236.7629852507,101.68843191667531,0
3534,31.094001212045683,0,0,221,0.0,0.0,1.0,221,7050,4600,2450,0.6524822695035462,95,46,49,211.20392636922557,0.43854552310434664,0.7907435876689057,0.14190873795788025,1060173.5754109859,-6467.435648060224,1053706.1397629257,3532,2,1325.1357466063348,86,135,38,33.34966758367719,0.6417151162790697,38.86494252873562,8119.733793519077,94.41550922696601,0
3535,31.30555744270494,0,1,220,0.0,0.004524886877828055,0.995475113122172,221,5750,4300,1450,0.7478260869565218,72,43,29,212.90892652972224,0.4382892842451666,0.7940016866961852,0.14348210266133363,1068211.7406338893,-4463.636999038872,1063748.1036348504,3533,3,1326.1357466063348,88,133,39,33.20209826762244,0.6420454545454546,38.7640449438202,8178.137197111065,92.93337723989846,0
3536,31.821695470219645,0,0,220,0.0,0.0,1.0,220,5750,4100,1650,0.7130434782608696,74,41,33,211.30715235789353,0.4373192541856925,0.7926374388077815,0.14291248162546807,1086825.2055626803,-3819.212140353864,1083005.9934223264,3534,22,1333.15,91,129,39,33.12092051870782,0.6422847985347986,38.64356884057969,8316.80476153844,91.39345891800484,0
3537,31.919296448035873,0,0,220,0.0,0.0,1.0,220,6950,5200,1750,0.7482014388489209,87,52,35,212.27117654098242,0.43711213158987133,0.7952828764926723,0.14395367291739175,1090918.3418322192,-4635.896013827822,1086282.4458183914,3535,23,1334.15,95,125,42,33.00274088676761,0.6419956140350878,38.552517361111086,8345.219703943334,87.84441793624562,0
3538,31.799114138598398,0,0,220,0.0,0.0,1.0,220,6300,4800,1500,0.7619047619047619,78,48,30,213.63894909794342,0.43684447211844474,0.7923207920399391,0.14579447002638585,1088562.6011593563,-3788.125972198309,1084774.475187158,3536,24,1335.15,72,148,41,32.751858719165234,0.6529224537037037,38.34189497716895,8320.495946910367,115.56244370708843,0
3539,31.58930878829424,0,0,220,0.0,0.0,1.0,220,5950,4200,1750,0.7058823529411765,77,42,35,210.41961822720435,0.4364985471149854,0.7891259260688392,0.14411297108816704,1082369.8364586525,-4399.630446345635,1077970.206012307,3537,25,1336.15,74,146,41,32.71390421618563,0.6531531531531531,38.222222222222236,8269.379056135716,111.74836562345563,0
3540,31.305601488798956,0,0,220,0.0,0.0,1.0,220,6100,4600,1500,0.7540983606557377,76,46,30,208.4154164039142,0.43617294520547945,0.7866768730804261,0.14316911393708223,1073468.0216930504,-5354.543052511249,1068113.478640539,3538,26,1337.15,76,144,43,32.66435926576438,0.653234649122807,38.12229437229438,8198.239091181971,107.87156698923646,0
3541,31.752646096181365,0,1,219,0.0,0.004545454545454545,0.9954545454545455,220,6550,4700,1850,0.7175572519083969,84,47,37,203.89506703397603,0.43589231354642316,0.781017520661158,0.14059965755853424,1089852.3647363805,-6106.895806987587,1083745.468929393,3539,27,1338.15,81,139,43,32.65328282828282,0.652391975308642,37.9954268292683,8319.338487471308,102.70788256137418,0
3542,31.7123359171654,0,0,219,0.0,0.0,1.0,219,5450,3600,1850,0.6605504587155964,73,36,37,202.1384961521813,0.43551537430354825,0.7777182101618072,0.1397716138767124,1089225.1457000892,-5215.133415408404,1084010.0122846807,3540,28,1340.9315068493152,84,135,34,32.6064509593055,0.6521577380952381,37.90441176470589,8311.663336524738,98.94837305386594,0
3543,31.34951108102338,0,0,219,0.0,0.0,1.0,219,6450,5100,1350,0.7906976744186046,78,51,27,204.769625158346,0.4351819851144345,0.7782140234398633,0.1420704215677437,1077682.0637520317,-6114.689553124569,1071567.374198907,3541,29,1341.9315068493152,88,131,35,32.42339195643442,0.6518702651515151,37.79260299625469,8220.073697895245,93.40992838517323,0
3544,31.1806557380676,0,1,218,0.0,0.0045662100456621,0.995433789954338,219,5750,4100,1650,0.7130434782608696,74,41,33,188.4731793572052,0.435079001019368,0.7738373618454024,0.12516520509228046,1059898.9710740047,-9597.494224850605,1050301.476849154,3542,30,1342.9315068493152,80,139,42,34.347616111796135,0.6399739583333333,39.261831275720155,8129.987076765929,101.62483845957411,8
3545,31.004797155951085,0,0,218,0.0,0.0,1.0,218,5450,4200,1250,0.7706422018348624,67,42,25,176.4047109883686,0.43484794035992613,0.7613826829199899,0.11667950790568091,1052808.4338055355,-11905.92650168365,1040902.5073038519,3543,31,1349.2201834862385,84,134,43,34.80239438827495,0.6370287698412698,39.39950980392155,8079.865337270792,96.18887306274753,7
3546,31.15653332502677,0,0,218,0.0,0.0,1.0,218,6400,4800,1600,0.75,80,48,32,173.74965483492252,0.43453261742696486,0.7575030177013484,0.11534086490036112,1058967.4057450474,-13200.955754073111,1045766.4499909743,3544,32,1350.2201834862385,87,131,39,34.74549017827413,0.6372126436781609,39.275568181818166,8123.26944859181,93.37091320220472,0
3547,30.962482633344955,0,0,218,0.0,0.0,1.0,218,6950,5100,1850,0.7338129496402878,88,51,37,173.67668790220193,0.4339464514719768,0.7567781594471739,0.1157793217576962,1053531.6387554922,-13955.222876153595,1039576.4158793385,3545,33,1351.2201834862385,89,129,41,34.601274457606806,0.6379915730337078,39.13194444444443,8077.1226397333085,90.7541869632956,0
3548,31.418146128140936,1,1,218,0.0045662100456621,0.0045662100456621,0.995433789954338,219,6150,4700,1450,0.7642276422764228,76,47,29,171.4304900514751,0.43419927247846063,0.7533557400569459,0.11462537437386747,1069872.2032928988,-13268.256779409523,1056603.9465134894,3546,0,1346.0456621004566,95,124,42,34.5561255249262,0.637171052631579,39.02994791666666,8199.19523142269,86.30731822550199,0
3549,31.59534765626428,0,2,216,0.0,0.009174311926605505,0.9908256880733946,218,6900,5200,1700,0.7536231884057971,86,52,34,168.73443866002714,0.43357695993461015,0.7484628147569783,0.11329312310030386,1077069.7989612306,-14152.246414921654,1062917.5525463088,3547,1,1347.0550458715597,98,120,37,34.48304521276597,0.6377551020408163,38.888888888888886,8249.896332469001,84.18261563743879,0
3550,31.495662196124997,0,0,216,0.0,0.0,1.0,216,6050,3500,2550,0.5785123966942148,86,35,51,172.30026068430575,0.4330480189491817,0.752592532301144,0.11592995633994392,1074254.406968465,-12231.137127614013,1062023.269840851,3548,36,1359.2916666666667,97,119,38,34.317855011123754,0.6387457044673539,38.818027210884345,8226.099186683476,84.80514625446882,0
3551,31.54853780120748,0,1,215,0.0,0.004629629629629629,0.9953703703703703,216,5950,4200,1750,0.7058823529411765,77,42,35,173.3506307023995,0.43280038759689926,0.7541379483454114,0.11701634070341722,1076961.946126435,-11811.593479299921,1065150.352647135,3549,37,1360.2916666666667,99,117,38,34.178825811938545,0.6393097643097643,38.70833333333333,8243.370022973828,83.2663638684225,0
3552,31.21504984565749,0,0,215,0.0,0.0,1.0,215,6100,4300,1800,0.7049180327868853,79,43,36,172.2295820164383,0.4326215315511121,0.7511876548850798,0.11669348343679915,1066600.9179731612,-12359.953943826595,1054240.9640293347,3550,38,1362.3069767441862,100,115,38,34.0805453636854,0.6403125000000001,38.58292079207921,8160.147157981435,81.60147157981436,0
3553,31.262900738224136,0,1,214,0.0,0.004651162790697674,0.9953488372093023,215,5800,4400,1400,0.7586206896551724,72,44,28,171.81925854965954,0.43243044990219515,0.7516916191476424,0.11702788426933732,1069675.3028064244,-12041.836516583466,1057633.4662898409,3551,39,1363.3069767441862,84,131,39,33.91218885661639,0.6470734126984127,38.40686274509804,8178.160283800639,97.35905099762665,0
3554,31.54312493166672,0,0,214,0.0,0.0,1.0,214,6400,4600,1800,0.71875,82,46,36,173.51957204925768,0.4322457329647668,0.7524376525357417,0.11869529700577489,1080450.0422412034,-11704.154209940618,1068745.8880312627,3552,40,1370.1915887850466,85,129,41,33.72143358477179,0.6481617647058824,38.263081395348856,8256.000322776044,97.12941556207112,0
3555,31.70815625955157,0,0,214,0.0,0.0,1.0,214,5250,3400,1850,0.6476190476190476,71,34,37,174.4608535641393,0.4318156472584207,0.7528345495366746,0.1199179888957885,1087441.3655856973,-10106.810231793006,1077334.5553539044,3553,41,1371.1915887850466,89,125,40,33.53275440457248,0.6484082397003745,38.10185185185186,8304.307405568698,93.30682478167076,0
3556,32.076539635260204,0,0,214,0.0,0.0,1.0,214,5850,3600,2250,0.6153846153846154,81,36,45,174.47292008584773,0.4312447896099338,0.7536030177949733,0.12030105395668997,1100946.2181484287,-10232.939692434582,1090713.278455994,3554,42,1372.1915887850466,91,123,44,33.426966292134836,0.6488095238095238,37.9981884057971,8404.111494111428,92.35287356166405,0
3557,31.630808464213867,0,0,214,0.0,0.0,1.0,214,6350,4800,1550,0.7559055118110236,79,48,31,180.49373605986307,0.43063188319950857,0.7612186471836542,0.12504852899030042,1086959.7038716478,-9912.116420336846,1077047.587451311,3555,43,1373.1915887850466,94,120,39,33.10808691287797,0.6494902482269503,37.83991228070175,8292.33552161063,88.2163353362833,0
3558,31.47419706515659,0,1,213,0.0,0.004672897196261682,0.9953271028037384,214,5700,3800,1900,0.6666666666666666,76,38,38,185.16664771688295,0.43025298729030464,0.7672558197906179,0.1288569953599021,1082788.002184821,-8400.755089475264,1074387.2470953458,3556,44,1374.1915887850466,96,118,41,32.83625371871502,0.650390625,37.69329896907215,8255.892799758498,85.99888333081769,0
3559,31.677298139452702,0,2,211,0.0,0.009389671361502348,0.9906103286384976,213,7250,5600,1650,0.7724137931034483,89,56,33,183.6258329978497,0.42963928750701275,0.7654026485520242,0.12819882058949128,1090660.2183741187,-9795.321776687346,1080864.8965974313,3557,45,1365.3896713615025,95,118,44,32.76822141360678,0.6517543859649123,37.58680555555554,8312.540996142803,87.5004315383453,0
3560,31.713378616148546,0,1,210,0.0,0.004739336492890996,0.995260663507109,211,6050,4100,1950,0.6776859504132231,80,41,39,183.2653369482216,0.429011509817197,0.7627432741979412,0.12849223201806248,1093064.1114641302,-8185.84746130366,1084878.2640028265,3558,46,1370.6872037914693,78,133,42,32.63557569974555,0.6591880341880342,37.44725738396623,8326.434533290441,106.74916068321079,0
3561,32.079825997959,0,0,210,0.0,0.0,1.0,210,5850,4200,1650,0.717948717948718,75,42,33,180.62747407077458,0.42844943798891166,0.7581960437576718,0.1272762109457469,1107069.5527216403,-7856.5646142458445,1099212.9881073944,3559,47,1377.4095238095238,81,129,45,32.53867277533324,0.6595936213991769,37.28404471544714,8427.882132415987,104.04792756069119,0
3562,31.940865831581778,0,0,210,0.0,0.0,1.0,210,5650,4000,1650,0.7079646017699115,73,40,33,177.97881993686292,0.4281314080656186,0.754922854922857,0.1259949071830259,1103547.330149105,-8368.389687117557,1095178.9404619874,3560,48,1378.4095238095238,84,126,43,32.4538655788656,0.6599702380952381,37.13235294117645,8396.220246169414,99.95500293058826,0
3563,31.943643547968104,0,0,210,0.0,0.0,1.0,210,5100,3100,2000,0.6078431372549019,71,31,40,180.31944987376747,0.42796005164426215,0.7573449377929842,0.12799533801317622,1104376.7586916802,-7271.878083868482,1097104.8806078117,3561,49,1379.4095238095238,86,124,41,32.30342940837203,0.6601259689922481,37.04501915708811,8399.740177208736,97.67139740940391,0
3564,32.405418314924525,0,0,210,0.0,0.0,1.0,210,6600,4800,1800,0.7272727272727273,84,48,36,180.6718851108298,0.42792777398040555,0.7576631714744302,0.12855299260479494,1121003.6450398269,-8093.231646908636,1112910.4133929182,3562,50,1380.4095238095238,87,123,42,32.21506870377868,0.6605603448275862,36.96732954545454,8523.683716571224,97.9733760525428,0
3565,31.887353736103766,0,0,210,0.0,0.0,1.0,210,4950,3500,1450,0.7070707070707071,64,35,29,183.83116507742545,0.4276368003341688,0.7609235472865903,0.13128594762239648,1104087.247587917,-6356.870985756919,1097730.37660216,3563,51,1381.4095238095238,90,120,35,32.00996491075446,0.6607638888888889,36.84752747252748,8391.235978013869,93.2359553112652,0
3566,31.72403326552664,0,0,210,0.0,0.0,1.0,210,6550,5000,1550,0.7633587786259542,81,50,31,186.81101809049034,0.4273667122351333,0.7651800528762887,0.13391256420301859,1099437.5072140584,-7472.591990094135,1091964.9152239643,3564,52,1382.4095238095238,92,118,36,31.808923633269544,0.6613451086956521,36.727150537634415,8352.076634254086,90.78344167667485,0
3567,31.63101157610877,0,1,209,0.0,0.004761904761904762,0.9952380952380953,210,6450,4900,1550,0.7596899224806202,80,49,31,190.48534998050474,0.4269603934077619,0.768316605565238,0.13712406932273172,1097345.2184879186,-6644.362401379058,1090700.8560865396,3565,53,1383.4095238095238,93,117,38,31.573762445659817,0.662410394265233,36.59131205673759,8331.883257580967,89.59014255463404,0
3568,32.03430985573269,0,0,209,0.0,0.0,1.0,209,5800,4200,1600,0.7241379310344828,74,42,32,192.3561176811402,0.42636831370384004,0.7693041927832289,0.13899986084723212,1112369.108751323,-4805.7993624328055,1107563.3093888902,3566,54,1373.9712918660287,97,112,40,31.399781860471354,0.6624785223367697,36.46896258503403,8442.034909153752,87.03128772323456,0
3569,32.228674292130776,0,0,209,0.0,0.0,1.0,209,5900,4500,1400,0.7627118644067796,73,45,28,191.90200010039308,0.4262398785425101,0.7690777898605703,0.13894943793035802,1119662.3211266324,-4726.912227750113,1114935.4088988823,3567,55,1374.9712918660287,77,132,40,31.346472118080193,0.6701839826839826,36.404914529914535,8495.32015462177,110.3288331769061,0
3570,32.17062832460652,0,0,209,0.0,0.0,1.0,209,6750,4800,1950,0.7111111111111111,87,48,39,193.98301286583467,0.42582390197521774,0.7694292249587751,0.14107105063306918,1118828.8621415894,-5143.241288103989,1113685.6208534853,3568,56,1375.9712918660287,80,129,39,31.149429490930387,0.6703125,36.265432098765444,8484.506760301347,106.05633450376683,0
3571,32.3036999233562,0,1,208,0.0,0.004784688995215311,0.9952153110047847,209,6100,4100,2000,0.6721311475409836,81,41,40,196.04916492379215,0.4252238989081094,0.772619059835199,0.14303501662789922,1124333.494290045,-3815.0714697173744,1120518.4228203276,3569,57,1376.9712918660287,80,129,44,30.99004029375449,0.6713541666666667,36.162551440329224,8522.92576681555,106.53657208519436,0
3572,31.84579811079058,0,2,206,0.0,0.009615384615384616,0.9903846153846154,208,5200,3600,1600,0.6923076923076923,68,36,32,195.6021701218341,0.4247210996531649,0.7706744548736981,0.14310763103138538,1109141.0873638699,-3409.9192680671968,1105731.1680958027,3570,58,1379.0288461538462,83,125,44,30.911457109743303,0.6710592369477912,36.073908730158735,8404.937018749468,101.26430143071649,0
3573,31.646457119502745,0,0,206,0.0,0.0,1.0,206,6500,4900,1600,0.7538461538461538,81,49,32,195.36381911742973,0.4242057384166074,0.7676488279961238,0.14344257239082914,1103140.137738466,-4597.265933937189,1098542.8718045289,3571,59,1385.7233009708739,87,119,42,30.80281090289607,0.6707375478927203,35.96117424242424,8355.893377220982,96.04475146231015,0
3574,31.443674509761845,0,0,206,0.0,0.0,1.0,206,5000,3300,1700,0.66,67,33,34,192.88742583714046,0.42419932512431924,0.765179556792783,0.14191407773117282,1096608.209220401,-3895.613074320081,1092712.5961460809,3572,60,1386.7233009708739,88,118,43,30.802311839870022,0.6710464015151515,35.89653558052434,8304.383372106455,94.36799286484607,0
3575,31.390700937925523,0,0,206,0.0,0.0,1.0,206,5550,3900,1650,0.7027027027027027,72,39,33,192.59213336937313,0.4237247414949878,0.7654492651477474,0.1424663435789399,1096177.220649557,-4526.978104838318,1091650.2425447186,3573,61,1387.7233009708739,90,116,40,30.63601810542733,0.6721064814814814,35.7257326007326,8295.754493519757,92.17504992799729,0
3576,31.018730816872445,0,2,204,0.0,0.009708737864077669,0.9902912621359223,206,6000,4300,1700,0.7166666666666667,77,43,34,192.94779645362615,0.42343417002131184,0.7677994928722987,0.14319801757368156,1084032.5411576964,-5367.661979919348,1078664.879177777,3574,62,1388.7233009708739,90,116,40,30.521609080937527,0.6731481481481482,35.622710622710635,8200.647973288567,91.11831081431741,0
3577,30.895345057792174,0,0,204,0.0,0.0,1.0,204,6450,5000,1450,0.7751937984496124,79,50,29,194.2846394018594,0.4232795848224347,0.7672601329331223,0.14477853453691736,1080763.3057152792,-5254.858174069148,1075508.44754121,3575,63,1401.1911764705883,92,112,42,30.356147222810343,0.6737998188405797,35.49507168458781,8171.971029791244,88.8257720629483,0
3578,31.375107190214276,0,0,204,0.0,0.0,1.0,204,5900,3600,2300,0.6101694915254238,82,36,46,194.0603881207759,0.4227030611095013,0.7663656013586528,0.14497452524316817,1098196.8399977582,-4076.698999405029,1094120.140998353,3576,64,1402.1911764705883,93,111,42,30.282152230971136,0.6742831541218638,35.41666666666667,8301.330444077543,89.26161767825315,0
3579,31.587998724997874,0,0,204,0.0,0.0,1.0,204,6150,4300,1850,0.6991869918699187,80,43,37,191.48241986547058,0.4223921608873435,0.7634151278829011,0.1435457864784601,1106553.199150476,-4572.903143357604,1101980.2960071182,3577,65,1403.1911764705883,76,128,41,30.24006354560634,0.6817434210526316,35.30844155844157,8361.07661056968,110.01416592854842,0
3580,31.538097100356563,0,0,204,0.0,0.0,1.0,204,6300,4600,1700,0.7301587301587301,80,46,34,190.41566631798796,0.4219756149586271,0.7616600806148555,0.14323072199366774,1105685.5637072064,-4992.0293297021435,1100693.5343775041,3578,66,1404.1911764705883,77,127,43,30.160841570842607,0.6823593073593073,35.20299145299147,8351.193767439541,108.45706191479924,0
3581,32.04980367656496,0,0,204,0.0,0.0,1.0,204,6300,4500,1800,0.7142857142857143,81,45,36,189.6403340528346,0.42171049454264464,0.7595991009095966,0.14304239212594871,1124353.6550243194,-4455.439453532166,1119898.2155707872,3579,67,1405.1911764705883,79,125,42,30.093940995264557,0.6823575949367089,35.11718750000002,8489.44213792142,107.46129288508126,0
3582,31.620825094912746,0,2,202,0.0,0.00980392156862745,0.9901960784313726,204,5000,3000,2000,0.6,70,30,40,191.57173371306476,0.4214292757332818,0.7636191268960417,0.1450471698113209,1110286.2211451281,-3260.1087394999354,1107026.1124056282,3580,68,1406.1911764705883,79,125,42,29.9233490566038,0.6835443037974683,35.000000000000014,8379.518650151911,106.06985633103685,0
3583,31.34173464420151,0,0,202,0.0,0.0,1.0,202,5150,4100,1050,0.7961165048543689,62,41,21,190.2651560562528,0.42091214718486775,0.7598412507293761,0.1446610610413478,1101558.0718753478,-3632.376309922213,1097925.6955654256,3581,69,1401.079207920792,83,119,46,29.826551294044304,0.6832329317269077,34.87103174603176,8309.601769506833,100.11568396996185,0
3584,31.49833873218271,0,0,202,0.0,0.0,1.0,202,6000,3900,2100,0.65,81,39,42,190.241786136222,0.42015941332939266,0.7595909331429704,0.14505173191070897,1107787.2288725078,-4250.515784079669,1103536.7130884281,3582,70,1402.079207920792,83,119,36,29.73871393837376,0.6841114457831325,34.7842261904762,8353.85628057035,100.64887085024517,0
3585,31.32734901090177,0,0,202,0.0,0.0,1.0,202,5600,4400,1200,0.7857142857142857,68,44,24,189.18098551831923,0.4198022880646273,0.7588034917443527,0.1446864632260224,1102557.2334448977,-4283.42719730834,1098273.8062475894,3583,71,1403.079207920792,85,117,38,29.670760287314334,0.6843137254901961,34.68992248062017,8311.461394559054,97.78189875951827,0
3586,31.83178307679213,0,1,201,0.0,0.0049504950495049506,0.995049504950495,202,4650,3200,1450,0.6881720430107527,61,32,29,190.87462277217543,0.419368196147973,0.7617467497548458,0.1463283059810492,1120924.4892622654,-2258.7921911941053,1118665.6970710712,3584,72,1404.079207920792,85,117,40,29.55176479537501,0.6850490196078431,34.61724806201552,8447.606192012106,99.38360225896596,0
3587,31.87606983324808,0,0,201,0.0,0.0,1.0,201,4950,3600,1350,0.7272727272727273,63,36,27,191.98235741059798,0.4184711857379768,0.7633242384891199,0.1475369444072921,1123115.3593017343,-2026.333135440395,1121089.0261662938,3585,73,1409.9004975124378,86,115,42,29.446311247425314,0.6854408914728682,34.5426245210728,8461.737838517058,98.39230044787277,0
3588,31.864666604099696,0,0,201,0.0,0.0,1.0,201,5850,4100,1750,0.7008547008547008,76,41,35,191.43122132849888,0.41823486733001664,0.7627963689775599,0.14752238365036863,1123430.694426128,-3038.05801761638,1120392.6364085115,3586,74,1410.9004975124378,87,114,44,29.37455422814603,0.6859434865900382,34.45785984848486,8461.411765267178,97.25760649732388,0
3589,31.80784447494591,0,0,201,0.0,0.0,1.0,201,5000,3600,1400,0.72,64,36,28,188.28241420882728,0.41771662520729685,0.7596273960772444,0.14576425239726157,1122609.6241504925,-2926.4699501763985,1119683.1542003162,3587,75,1411.9004975124378,72,129,43,29.315596075693314,0.6937210648148149,34.31792237442921,8450.774204894624,117.37186395686977,0
3590,31.93964718739452,0,0,201,0.0,0.0,1.0,201,6400,4800,1600,0.75,80,48,32,189.25310610265444,0.4169921227197346,0.761474713501044,0.14720651831258208,1128472.5982581405,-3886.611125582908,1124585.9871325577,3588,76,1412.9004975124378,72,129,47,29.144411938375658,0.6951678240740741,34.17522831050227,8490.349421432227,117.92151974211427,0
3591,32.05499761093787,0,0,201,0.0,0.0,1.0,201,6450,4900,1550,0.7596899224806202,80,49,31,174.43649786655243,0.416747512437811,0.7374394212026816,0.12724634281745623,1115634.387135603,-7728.528921713636,1107905.8582138894,3589,77,1413.9004975124378,85,116,46,31.565436292963597,0.6693627450980393,36.167635658914726,8457.145808641573,99.49583304284204,8
3592,32.24459499359549,0,1,200,0.0,0.004975124378109453,0.9950248756218906,201,6150,4000,2150,0.6504065040650406,83,40,43,174.25427832460556,0.41643656716417915,0.7375602705102553,0.12743572670308415,1122917.7725167146,-7215.354786445319,1115702.4177302693,3590,78,1414.9004975124378,86,115,45,31.488370686265608,0.6698158914728682,36.087164750957854,8509.76248621686,98.95072658391697,0
3593,32.316658087302876,0,2,198,0.0,0.01,0.99,200,5500,3900,1600,0.7090909090909091,71,39,32,174.09458178950945,0.41639133165829145,0.736754472492489,0.12768271810757761,1126199.1782796613,-6286.965009142583,1119912.2132705187,3591,79,1405.685,87,113,48,31.400530945014854,0.6703783524904214,35.99668560606061,8531.704845183678,98.06557293314573,0
3594,32.136321156327114,0,0,198,0.0,0.0,1.0,198,4700,3300,1400,0.7021276595744681,61,33,28,171.8751844132903,0.4158339956246047,0.7307613299899418,0.1263371200893567,1120515.0514349008,-5782.253779351837,1114732.797655549,3592,80,1417.7323232323233,89,109,47,31.38714790790089,0.6704119850187267,35.925925925925924,8486.369253504157,95.35246352251862,0
3595,31.635686838561135,0,0,198,0.0,0.0,1.0,198,5700,4300,1400,0.7543859649122807,71,43,28,172.67596986676182,0.4156401151959528,0.7322562657513678,0.12731680615288007,1103871.0899693833,-7177.597786331255,1096693.492183052,3593,81,1418.7323232323233,90,108,43,31.26715197735218,0.6710648148148148,35.82875457875459,8357.238791899239,92.85820879888044,0
3596,32.0749427370942,0,0,198,0.0,0.0,1.0,198,5850,4300,1550,0.7350427350427351,74,43,31,172.1502739992755,0.4151813182587294,0.7320042621683631,0.12726687503544817,1119907.7789338308,-6891.513800524119,1113016.2651333066,3594,82,1419.7323232323233,91,107,44,31.195861362240557,0.6715888278388278,35.74501811594203,8475.963411923041,93.14245507607738,0
3597,31.82149526959846,0,0,198,0.0,0.0,1.0,198,6600,5000,1600,0.7575757575757576,82,50,32,176.3424694728687,0.4150269616640175,0.7401595589921579,0.13107975501623076,1112501.530472641,-6963.746564821666,1105537.7839078195,3595,83,1420.7323232323233,92,106,46,30.910514091268514,0.6730072463768115,35.57347670250896,8414.447360267486,91.46138435073354,0
3598,32.066754848401935,0,1,197,0.0,0.005050505050505051,0.9949494949494949,198,5850,4100,1750,0.7008547008547008,76,41,35,176.3903527807051,0.4143155326530961,0.7395211962141097,0.1317739694302919,1122406.009005809,-5853.68162165626,1116552.3273841527,3596,84,1421.7323232323233,94,104,49,30.749671916010534,0.6739804964539007,35.41666666666668,8484.328886973044,90.25881794652175,0
3599,32.371149766106356,0,0,197,0.0,0.0,1.0,197,5600,4200,1400,0.75,70,42,28,175.83666460781473,0.4139062985600332,0.7378142626738358,0.13192408651991377,1134204.5926988458,-5113.049487393789,1129091.543211452,3597,85,1428.8274111675128,77,120,46,30.62842632764938,0.6815476190476191,35.28311965811967,8569.189779163513,111.28817895017549,0
3600,32.290683298513706,0,0,197,0.0,0.0,1.0,197,6450,4700,1750,0.7286821705426356,82,47,35,173.54731831463783,0.4135394005317863,0.7337455029323334,0.1310511274663329,1133102.4442952506,-6520.621883359334,1126581.8224118913,3598,86,1429.8274111675128,80,117,49,30.484728964401295,0.6822916666666667,35.08230452674899,8554.373404698903,106.92966755873628,0
3601,32.53061977099852,0,0,197,0.0,0.0,1.0,197,5800,3800,2000,0.6551724137931034,78,38,40,200.57747829224928,0.41289085431126765,0.7652071137170071,0.14058761992758395,1121147.090803621,-224.62874638386347,1120922.4620572373,3599,87,1430.8274111675128,72,125,43,32.19117433918511,0.6618923611111112,37.4571917808219,8540.680267788224,118.62055927483645,8
3602,32.29722071581096,0,0,197,0.0,0.0,1.0,197,4200,2900,1300,0.6904761904761905,55,29,26,201.2755526702817,0.41291027832452776,0.7669894665776056,0.14150793821425503,1113950.274476239,1242.1914284833238,1115192.4659047222,3600,88,1431.8274111675128,72,125,43,32.07095059582018,0.6629050925925926,37.35730593607305,8482.629059577836,117.81429249413661,0
3603,32.00833410462061,0,0,197,0.0,0.0,1.0,197,5450,3800,1650,0.6972477064220184,71,38,33,202.1432098135087,0.4123318743741151,0.7675546855514501,0.14241595789918846,1104561.9600531328,-194.05999139195137,1104367.900061741,3601,89,1432.8274111675128,73,124,42,31.97832386718817,0.6630993150684932,37.28885135135134,8408.946218954568,115.19104409526805,0
3604,32.20657063642416,0,0,197,0.0,0.0,1.0,197,5000,3800,1200,0.76,62,38,24,199.5978013635655,0.41162937256120724,0.7647648332815178,0.1412303452474174,1112592.6142054326,14.207921749262823,1112606.8221271818,3602,90,1433.8274111675128,76,121,41,31.90180562703723,0.6631030701754386,37.1482683982684,8465.552860737578,111.3888534307576,0
3605,32.15270687145222,0,0,197,0.0,0.0,1.0,197,5150,3800,1350,0.7378640776699029,65,38,27,200.8970991762436,0.4113401705860009,0.7666841303007121,0.1424806227875316,1111371.039097281,104.24357262621288,1111475.2826699072,3603,91,1434.8274111675128,77,120,40,31.79051537315456,0.6634199134199135,37.07264957264957,8453.826026778179,109.78994839971661,0
3606,31.898853581534656,0,0,197,0.0,0.0,1.0,197,5450,3800,1650,0.6972477064220184,71,38,33,200.5490258215069,0.41065277633896197,0.7671589400167973,0.1428793945626709,1103828.9203899202,-575.6370684393023,1103253.283321481,3604,92,1435.8274111675128,77,120,42,31.649819364773155,0.6649080086580086,36.92574786324785,8391.76704998195,108.98398766210326,0
3607,32.26566791620572,0,0,197,0.0,0.0,1.0,197,5900,4600,1300,0.7796610169491526,72,46,26,200.76264753956852,0.41048551400255534,0.7680030110983385,0.14352515920092315,1117467.9840085162,-430.833797949379,1117037.1502105668,3605,93,1436.8274111675128,78,119,39,31.53056112224446,0.6655982905982907,36.81434599156117,8491.860912545677,108.87001169930355,0
3608,31.772481135262023,0,1,196,0.0,0.005076142131979695,0.9949238578680203,197,5500,4200,1300,0.7636363636363637,68,42,26,201.45841182283772,0.41014127732311195,0.7690360228754614,0.1443645963560332,1101027.4109982855,-537.7532813750304,1100489.6577169106,3606,94,1437.8274111675128,81,116,40,31.434166505822546,0.6651234567901234,36.73780487804877,8364.493128139842,103.2653472609857,0
3609,31.44053051052033,0,0,196,0.0,0.0,1.0,196,5150,3700,1450,0.7184466019417476,66,37,29,198.28893131328562,0.41005636228850517,0.7639625193830493,0.1427814738629417,1090811.3310342878,-1090.8373809580225,1089720.4936533298,3607,95,1445.0969387755101,83,113,42,31.359060665976216,0.6659136546184738,36.582341269841244,8281.990936315317,99.7830233291002,0
3610,31.537964406900613,0,0,196,0.0,0.0,1.0,196,5550,4100,1450,0.7387387387387387,70,41,29,196.80098443719956,0.4098252442002442,0.762185042269564,0.14199044160737537,1094718.895084471,-1661.6487530748673,1093057.246331396,3608,96,1446.0969387755101,85,111,42,31.333561271242274,0.6658088235294117,36.518895348837184,8309.657700379159,97.7606788279901,0
3611,31.114504735859377,0,0,196,0.0,0.0,1.0,196,5100,3200,1900,0.6274509803921569,70,32,38,197.00354637629172,0.40950418628990054,0.7625030249253864,0.1424054206662899,1080516.6740655429,-1726.8766580748397,1078789.797407468,3609,97,1447.0969387755101,72,124,42,31.266469038208164,0.6720196759259259,36.45833333333331,8199.968435596214,113.88845049439186,0
3612,31.59798630340206,0,0,196,0.0,0.0,1.0,196,5450,3900,1550,0.7155963302752294,70,39,31,193.21101154191032,0.40919621053549626,0.756485321261321,0.14037503719666253,1098658.8539753398,-2195.402296789812,1096463.4516785499,3610,98,1448.0969387755101,76,120,41,31.200943928589737,0.6717379385964912,36.295995670995666,8332.515516940146,109.63836206500191,0
3613,31.936488106242834,0,0,196,0.0,0.0,1.0,196,5700,4500,1200,0.7894736842105263,69,45,24,195.5419875394301,0.40932376155590444,0.7584854070216158,0.14247660936430634,1111198.4261365796,-1442.8102405135878,1109755.615896066,3611,99,1449.0969387755101,77,119,42,31.0462862181272,0.6722132034632035,36.204594017094,8424.69884565454,109.41167332018884,0
3614,31.526992707958698,0,0,196,0.0,0.0,1.0,196,5450,3900,1550,0.7155963302752294,70,39,31,194.41193636588946,0.40909046310832026,0.7578073031892432,0.1423583658191175,1098263.0650742392,-1946.910175956236,1096316.1548982828,3612,100,1450.0969387755101,80,116,40,30.91524563540398,0.6725260416666667,36.04681069958846,8321.650274316476,104.02062842895596,0
3615,31.441639322580013,0,0,196,0.0,0.0,1.0,196,5200,3800,1400,0.7307692307692307,66,38,28,193.8174979641504,0.4084897741147741,0.7569456520983056,0.14261662327802674,1096570.827942777,-1893.077157531152,1094677.7507852458,3613,101,1451.0969387755101,80,116,43,30.7736240281768,0.6740885416666667,35.89248971193413,8303.97308086189,103.79966351077363,0
3616,31.375481554280768,0,1,195,0.0,0.00510204081632653,0.9948979591836735,196,5250,3400,1850,0.6476190476190476,71,34,37,195.9917290130564,0.40819324524681666,0.758685231131276,0.14465544970189917,1095058.478351232,-1525.5190915071416,1093532.9592597247,3614,102,1452.0969387755101,84,112,33,30.618399894862133,0.6734871031746033,35.796568627450974,8289.50988760708,98.68464151913192,0
3617,30.99518147704176,0,0,195,0.0,0.0,1.0,195,6000,4400,1600,0.7333333333333333,76,44,32,193.61010739623956,0.40794783681381624,0.7544683875744029,0.1433476539417002,1082596.2404955279,-3079.6851221793872,1079516.5553733485,3615,103,1458.4923076923078,88,107,33,30.580403271041813,0.6730587121212122,35.69756554307114,8192.101920816394,93.09206728200448,0
3618,30.994013691619504,0,0,195,0.0,0.0,1.0,195,5750,4700,1050,0.8173913043478261,68,47,21,194.33350604569782,0.40764825094722007,0.7559154450118057,0.144236724925843,1083187.0867646167,-2650.091145121585,1080536.9956194952,3616,104,1459.4923076923078,91,104,34,30.482690935046367,0.6728479853479854,35.620471014492736,8194.182741160681,90.0459641885789,0
3619,31.188563337315625,0,0,195,0.0,0.0,1.0,195,4950,3500,1450,0.7070707070707071,64,35,29,182.96510640039148,0.40732663670808006,0.7426740314687785,0.1358569152746534,1090096.689298247,-4060.0686511664476,1086036.6206470805,3617,105,1460.4923076923078,92,103,39,30.76961095813035,0.6726675724637681,35.60707885304659,8246.035367129633,89.63081920793078,8
3620,31.61933609277214,1,0,196,0.00510204081632653,0.0,1.0,196,5050,3300,1750,0.6534653465346535,68,33,35,182.2197603618341,0.4075811093668236,0.7431672494911925,0.13593796965026575,1106378.4844077982,-3929.1955403445195,1102449.2888674536,3618,0,1454.0357142857142,94,102,41,30.640094365691247,0.6735372340425532,35.460526315789465,8364.562528226079,88.98470774708595,0
3621,31.934207679018105,0,0,196,0.0,0.0,1.0,196,5800,3900,1900,0.6724137931034483,77,39,38,180.4606445890052,0.4069188252223967,0.7415620094191526,0.13515694246979545,1118435.1244138298,-4633.2953034591565,1113801.8291103707,3619,1,1455.0357142857142,78,118,41,30.56143715955893,0.6805555555555556,35.33755274261604,8451.785555554488,108.35622507121138,0
3622,31.670954764855512,0,0,196,0.0,0.0,1.0,196,4800,3400,1400,0.7083333333333334,62,34,28,174.61867195321227,0.40685832025117735,0.7322348980556466,0.12993021229625232,1107504.9437221626,-5321.7915091240275,1102183.1522130386,3620,2,1456.0357142857142,99,97,41,30.923730371304003,0.6712962962962963,35.54166666666665,8375.647912189033,84.6025041635256,7
3623,31.57250181085407,0,0,196,0.0,0.0,1.0,196,4850,3000,1850,0.6185567010309279,67,30,37,174.27172478521342,0.40669697366125934,0.7318071572996974,0.12989093070521185,1104503.079613193,-5553.2686570460955,1098949.8109561468,3621,3,1457.0357142857142,100,96,41,30.8791801510248,0.6715625000000001,35.488861386138595,8351.278402877153,83.51278402877153,0
3624,31.858003416049645,0,0,196,0.0,0.0,1.0,196,5800,4200,1600,0.7241379310344828,74,42,32,173.47192028084095,0.40631377551020403,0.7283273001677335,0.12999685877835856,1115916.1783582408,-6283.975533547746,1109632.202824693,3622,4,1458.0357142857142,85,111,39,30.728308621636465,0.6779411764705883,35.31976744186046,8432.183752998018,99.2021617999767,0
3625,32.24604046665908,0,1,195,0.0,0.00510204081632653,0.9948979591836735,196,4350,3100,1250,0.7126436781609196,56,31,25,173.5707681874747,0.4063971742543171,0.7274251249955019,0.13031657913050065,1130009.7659810062,-4322.667371865717,1125687.0986091404,3623,5,1459.0357142857142,86,110,42,30.66592043176097,0.6781734496124031,35.26101532567049,8536.784012910644,99.26493038268191,0
3626,31.902846162716088,1,0,196,0.00510204081632653,0.0,1.0,196,5350,3700,1650,0.6915887850467289,70,37,33,173.7280646383028,0.40675856881214023,0.7249254758082988,0.13103218434583874,1119182.4531200153,-5663.319688462316,1113519.133431553,3624,0,1459.1275510204082,90,106,43,30.517322097378223,0.6782407407407407,35.11904761904762,8450.456275243261,93.89395861381401,0
3627,31.84562224605607,0,0,196,0.0,0.0,1.0,196,4550,3200,1350,0.7032967032967034,59,32,27,173.33723234294646,0.4063715550322693,0.7234132264990445,0.13110659053941948,1117911.883507438,-4994.849621905935,1112917.033885532,3625,1,1460.1275510204082,91,105,42,30.438815770731868,0.6788003663003663,35.03170289855073,8438.080296673526,92.7261571063025,0
3628,31.788368196899174,0,1,195,0.0,0.00510204081632653,0.9948979591836735,196,5300,3700,1600,0.6981132075471698,69,37,32,173.82008103304256,0.40654216814931105,0.7245467152378191,0.1318358460758309,1116622.023050087,-5681.733894030711,1110940.2891560562,3626,2,1461.1275510204082,92,104,40,30.339069895199447,0.6793478260869565,34.94623655913979,8425.626624231894,91.58289808947711,0
3629,31.891336207657034,0,0,195,0.0,0.0,1.0,195,5000,3600,1400,0.72,64,36,28,174.71226769647464,0.40595537051722613,0.7256003121368659,0.13303657059104393,1121267.7007634067,-4820.155460962422,1116447.5453024444,3627,3,1468.3641025641025,94,101,43,30.191621182048756,0.6799645390070922,34.82456140350878,8456.799066293639,89.96594751376212,0
3630,32.00051846404116,0,2,193,0.0,0.010256410256410256,0.9897435897435898,195,4800,3000,1800,0.625,66,30,36,177.2052847225559,0.40570975416336236,0.7276396880627816,0.1354629923856134,1126125.4245625695,-3888.92470141611,1122236.4998611533,3628,4,1469.3641025641025,97,98,34,30.003330461957585,0.6803049828178694,34.70450680272109,8489.59332848644,87.52158070604578,0
3631,32.27052898840785,0,1,192,0.0,0.0051813471502590676,0.9948186528497409,193,5950,3700,2250,0.6218487394957983,82,37,45,192.3693283127608,0.40524139140759935,0.7527309882373971,0.14009277076435292,1122681.462340842,-1356.1042360609085,1121325.358104781,3629,5,1481.139896373057,78,115,39,31.146692493543277,0.671607905982906,36.22099156118143,8512.288138358357,109.13189920972253,8
3632,32.540465826942636,0,0,192,0.0,0.0,1.0,192,4400,3100,1300,0.7045454545454546,57,31,26,194.79522381721327,0.4039952143324607,0.7551733144231219,0.13620402574251553,1120806.7192633946,865.5591469497604,1121672.2784103444,3630,12,1489.828125,84,108,47,32.42410623959159,0.6558779761904762,37.53676470588235,8540.675938917027,101.67471355853604,8
3633,32.025414105853635,0,0,192,0.0,0.0,1.0,192,4300,3000,1300,0.6976744186046512,56,30,26,195.5385986437031,0.40408838259889474,0.7565449826747899,0.13693824444351343,1103498.9361246992,455.32711492808585,1103954.2632396272,3631,13,1490.828125,70,122,47,32.35215354235361,0.6626488095238094,37.48532863849764,8407.141059214162,120.10201513163088,0
3634,32.376655388883336,0,0,192,0.0,0.0,1.0,192,5350,4000,1350,0.7476635514018691,67,40,27,194.00543202001606,0.4038759135034904,0.754616112090496,0.13628431122396753,1116460.8377979666,-430.1065659154783,1116030.731232051,3632,14,1491.828125,71,121,45,32.28937123549288,0.6631455399061033,37.384259259259245,8502.61933765926,119.75520193886281,0
3635,32.39069529728359,0,0,192,0.0,0.0,1.0,192,4900,3700,1200,0.7551020408163265,61,37,24,191.13410426085966,0.4040673629290285,0.7508517096134781,0.13486315468476007,1118175.979917863,-555.6871344781566,1117620.2927833847,3633,15,1492.828125,75,117,48,32.21733564585396,0.6626388888888889,37.23958333333332,8510.992592437251,113.47990123249669,0
3636,32.840828792369614,0,0,192,0.0,0.0,1.0,192,5950,4200,1750,0.7058823529411765,77,42,35,189.1819463398435,0.4038026287085515,0.7482504766503251,0.13418163127644692,1135176.4257860456,-1399.0228661380147,1133777.4029199076,3634,16,1493.828125,79,113,46,32.0961574968223,0.6625791139240507,37.070312499999986,8634.82885161871,109.30163103314823,0
3637,32.36918876230789,0,0,192,0.0,0.0,1.0,192,5450,3600,1850,0.6605504587155964,73,36,37,190.81506002742407,0.40364867382926123,0.7504388842129586,0.1356116320349719,1119427.8701440454,-1129.2607524186133,1118298.609391627,3635,17,1494.828125,79,113,48,31.986871637455838,0.6632383966244726,37.00520833333332,8512.928054962144,107.75858297420434,0
3638,31.872324347160358,0,0,192,0.0,0.0,1.0,192,4300,3000,1300,0.6976744186046512,56,30,26,188.47585815535945,0.40347256308173357,0.747003076656849,0.13416189738133388,1102676.037255897,-1134.4375221690366,1101541.599733728,3636,18,1495.828125,81,111,47,31.995973583812226,0.662937242798354,36.953760162601604,8383.895074398435,103.50487746170907,0
3639,31.888909928190845,0,0,192,0.0,0.0,1.0,192,4500,3200,1300,0.7111111111111111,58,32,26,191.33743940047117,0.4032714559700407,0.7503693766394952,0.13666683949906971,1104181.154753116,-645.7610430570489,1103535.3937100589,3637,19,1496.828125,83,109,41,31.807574650896132,0.6632781124497992,36.84275793650791,8391.797589113732,101.10599504956303,0
3640,32.367191666389196,0,0,192,0.0,0.0,1.0,192,5400,4200,1200,0.7777777777777778,66,42,24,205.84289747048405,0.4029402541448517,0.7713546444180639,0.13727550985320178,1101439.303870297,1544.691539306899,1102983.995409604,3638,20,1497.828125,73,119,42,33.748752225759425,0.6445490867579908,39.1188063063063,8443.991598440176,115.67111778685172,8
3641,32.35938355906975,0,0,192,0.0,0.0,1.0,192,5800,4700,1100,0.8103448275862069,69,47,22,205.65234862192568,0.40299933646015124,0.7709705333226902,0.13757256258293368,1102059.4840693772,1128.2242439870388,1103187.7083133643,3639,21,1498.828125,74,118,42,33.64664821811862,0.6451295045045045,39.01388888888889,8445.349673034449,114.12634693289796,0
3642,32.715755762585516,0,0,192,0.0,0.0,1.0,192,4300,3100,1200,0.7209302325581395,55,31,24,204.04855565957251,0.4028891252181501,0.7691556580046726,0.13684203137526518,1114921.7387880275,2799.6340946312193,1117721.3728826588,3640,22,1499.828125,77,115,37,33.601835984790355,0.644615800865801,38.92895299145299,8541.136610614098,110.92385208589737,0
3643,32.51049665573971,0,0,192,0.0,0.0,1.0,192,5300,3800,1500,0.7169811320754716,68,38,30,205.35511330632025,0.40278857166230364,0.770846316515438,0.1381292039804887,1108782.6521002837,1838.8374308272432,1110621.489531111,3641,23,1500.828125,79,113,38,33.46482700169507,0.6447784810126582,38.828125,8490.827368760773,107.478827452668,0
3644,32.80439321729497,0,0,192,0.0,0.0,1.0,192,5250,3600,1650,0.6857142857142857,69,36,33,203.724131203853,0.40286299265561376,0.7687656240111385,0.13738988464157395,1119560.5698935038,1966.3008863288765,1121526.8707798326,3642,24,1501.828125,83,109,39,33.4175843301057,0.6440763052208835,38.74007936507936,8570.473168427201,103.25871287261688,0
3645,32.670909196490626,1,0,193,0.0051813471502590676,0.0,1.0,193,6150,4600,1550,0.7479674796747967,77,46,31,206.72235660439156,0.40308362118595276,0.773815555622531,0.14003627712515324,1116290.1257298784,1402.4250890187031,1117692.550818897,3643,0,1495.041450777202,86,107,40,33.18562115452143,0.6445009689922481,38.589559386973185,8540.516768282823,99.30833451491655,0
3646,33.10643060388723,0,1,192,0.0,0.0051813471502590676,0.9948186528497409,193,4400,3000,1400,0.6818181818181818,58,30,28,189.0803502130965,0.40332762125791594,0.7472675244887168,0.12497749977499764,1123968.8285780675,-495.91605277115605,1123472.9125252962,3644,1,1496.041450777202,77,116,39,34.49607933579333,0.6396103896103896,39.42307692307691,8626.771820820592,112.0359976729947,7
3647,33.48458103590475,0,0,192,0.0,0.0,1.0,192,6600,5000,1600,0.7575757575757576,82,50,32,189.0244875452345,0.40333792357475273,0.7485089325343981,0.1256260089791783,1138439.0184239591,-1961.4295881821595,1136477.588835777,3645,2,1487.4427083333333,77,115,43,34.30703506435866,0.641504329004329,39.23611111111112,8731.56956873769,113.39700738620377,0
3648,33.390581577808426,0,1,191,0.0,0.005208333333333333,0.9947916666666666,192,4650,2900,1750,0.6236559139784946,64,29,35,187.92228221400444,0.40330042902850494,0.7465955853706052,0.1252042875724326,1135980.6460586237,-354.7848883448014,1135625.8611702789,3646,3,1488.4427083333333,81,111,45,34.249496769585406,0.6406893004115226,39.15142276422765,8709.885697646328,107.52945305736208,0
3649,32.82252395788975,0,1,190,0.0,0.005235602094240838,0.9947643979057592,191,4550,2900,1650,0.6373626373626373,62,29,33,188.9110981951947,0.4029105814273905,0.7472865117272254,0.12621592396126274,1117469.968494854,-529.5042102973557,1116940.4642845567,3647,29,1497.219895287958,82,109,43,34.126707387456776,0.641260162601626,39.056224899598405,8564.83330989515,104.44918670603842,0
3650,32.548115182841165,0,0,190,0.0,0.0,1.0,190,4850,3300,1550,0.6804123711340206,64,33,31,190.64455603918356,0.4025143878214054,0.7487494400761228,0.12760974676366002,1108660.5175142305,-577.981568065487,1108082.535946165,3648,30,1505.121052631579,82,108,45,34.017526566331675,0.641895325203252,38.99347389558234,8495.270475119862,103.60085945268123,0
3651,32.0710674673196,0,0,190,0.0,0.0,1.0,190,6250,4500,1750,0.72,80,45,35,192.4777126102768,0.4025039450478047,0.7513031346839991,0.12962598560151833,1094142.218989545,-2130.4016837119575,1092011.817305833,3649,31,1506.121052631579,84,106,39,33.758992102588124,0.6432291666666667,38.786764705882355,8377.38729247449,99.7308011008868,0
3652,32.48873659613246,0,0,190,0.0,0.0,1.0,190,4950,2900,2050,0.5858585858585859,70,29,41,190.9662517214326,0.4022956697298803,0.7492633104776787,0.12900155976139405,1109266.2200120806,-583.5175606181201,1108682.7024514624,3650,32,1507.121052631579,87,103,40,33.693452920215016,0.6431992337164751,38.68371212121213,8489.83604517309,97.58432235831137,0
3653,32.74932653815661,1,0,191,0.005235602094240838,0.0,1.0,191,5900,4300,1600,0.7288135593220338,75,43,32,188.72716306090362,0.40273491319922844,0.7469598047600183,0.1280284268332078,1119379.5145564275,-1848.535965854766,1117530.9785905727,3651,0,1500.2251308900525,89,102,41,33.60723771580347,0.6439606741573034,38.54166666666667,8562.584334455541,96.20881274669148,0
3654,32.401861638753175,0,1,190,0.0,0.005235602094240838,0.9947643979057592,191,5450,4100,1350,0.7522935779816514,68,41,27,188.47270135681126,0.4024823183613484,0.7462445336702626,0.1284763331526041,1108878.7932557943,-1851.3236715598614,1107027.4695842345,3652,1,1501.2251308900525,76,115,40,33.44849354499543,0.6506304824561404,38.37932900432901,8476.996783439508,111.53943136104617,0
3655,32.584039959037476,0,0,190,0.0,0.0,1.0,190,4900,3500,1400,0.7142857142857143,63,35,28,187.36236661254668,0.4019388749651907,0.7434596996799521,0.12810732397149288,1115977.7832646284,-1081.552288103103,1114896.2309765252,3653,2,1509.2315789473685,78,112,42,33.37426738542661,0.6507745726495726,38.27795358649789,8527.961618498606,109.33284126280265,0
3656,32.11068950593217,0,0,190,0.0,0.0,1.0,190,5950,4400,1550,0.7394957983193278,75,44,31,186.32231824913325,0.4019910888331941,0.7414509670496501,0.1278819733785002,1100832.7378626459,-2928.0584553784356,1097904.6794072674,3654,3,1510.2315789473685,79,111,42,33.27221117188795,0.6516350210970464,38.15104166666666,8408.150598493405,106.43228605687854,0
3657,32.4495339791534,0,0,190,0.0,0.0,1.0,190,6100,4900,1200,0.8032786885245902,73,49,24,183.86612400457528,0.4019087069525666,0.7383075809944462,0.12681113547550418,1113822.5342123618,-3141.153561084008,1110681.3806512777,3655,4,1511.2315789473685,82,108,42,33.17197154763615,0.6520579268292683,37.989457831325296,8502.1199909988,103.68439013413172,0
3658,32.209105140543,0,0,190,0.0,0.0,1.0,190,4800,3200,1600,0.6666666666666666,64,32,32,183.3674158921115,0.40147475169404995,0.7378415525045947,0.12691618982080716,1106561.134019082,-2218.548865655325,1104342.5851534265,3656,5,1512.2315789473685,83,107,40,33.06545084681618,0.6528614457831325,37.87202380952381,8442.907545396798,101.72177765538311,0
3659,32.08297759014799,0,0,190,0.0,0.0,1.0,190,6200,4300,1900,0.6935483870967742,81,43,38,181.36389389726378,0.40150608001485194,0.7355812830253956,0.1259883719642175,1103242.3057704945,-4182.3359026534035,1099059.969867841,3657,6,1513.2315789473685,86,104,42,32.995194722184145,0.6529796511627908,37.7514367816092,8413.714776784158,97.83389275330416,0
3660,31.85811263237846,0,0,190,0.0,0.0,1.0,190,5250,3600,1650,0.6857142857142857,69,36,33,181.8113161328302,0.401693469785575,0.7341371697172552,0.12699297034230825,1097017.671500418,-3359.954664706995,1093657.7168357112,3658,7,1514.2315789473685,87,103,43,32.79976695233798,0.6544540229885057,37.57102272727274,8360.491915954473,96.09760822936177,0
3661,31.60201002149083,0,0,190,0.0,0.0,1.0,190,4400,3000,1400,0.6818181818181818,58,30,28,182.66565885613454,0.40125255267799126,0.7359231411862981,0.12786596119929458,1088788.001521679,-2623.1644694775837,1086164.8370522016,3659,8,1515.2315789473685,88,102,44,32.705026455026434,0.6548295454545454,37.50000000000001,8295.527630641365,94.26735943910643,0
3662,31.897334766046363,0,0,190,0.0,0.0,1.0,190,5050,4000,1050,0.7920792079207921,61,40,21,183.4852897534177,0.4009938039543303,0.7354467711757797,0.1288537740031401,1099846.2724864327,-2688.8776017223317,1097157.3948847104,3660,9,1516.2315789473685,78,112,42,32.57609041306816,0.6597222222222222,37.39451476793247,8376.415073847264,107.38993684419569,0
3663,32.15555699792755,0,1,189,0.0,0.005263157894736842,0.9947368421052631,190,5400,3900,1500,0.7222222222222222,69,39,30,180.19538730837607,0.40093984962406015,0.7308870502411067,0.12713232574187558,1110031.4846075503,-3395.4893413304717,1106635.9952662198,3661,10,1517.2315789473685,80,110,44,32.5080347820412,0.6604166666666667,37.242798353909436,8449.104174146742,105.61380217683427,0
3664,31.704313038248095,0,0,189,0.0,0.0,1.0,189,5800,4300,1500,0.7413793103448276,73,43,30,178.70742873993385,0.4003304533003114,0.7257970159144345,0.12648129651815165,1095311.4580767017,-4451.94113154525,1090859.5169451565,3662,11,1524.7513227513227,80,109,45,32.44241275277235,0.6614583333333333,37.13991769547322,8333.7983346423,104.17247918302876,0
3665,31.746908231642166,0,0,189,0.0,0.0,1.0,189,4600,2500,2100,0.5434782608695652,67,25,42,178.42853063941487,0.4002471950166986,0.7247876920062823,0.12688587433356602,1098072.5041482022,-3214.507309859017,1094857.9968383433,3663,12,1525.7513227513227,82,107,45,32.29251165084055,0.6622205284552846,36.985441767068245,8349.899043806723,101.82803711959419,0
3666,32.172293576300575,0,0,189,0.0,0.0,1.0,189,5350,3900,1450,0.7289719626168224,68,39,29,176.59373156197768,0.4005556024616308,0.7226827274326584,0.12615348607990276,1114031.8499718378,-3803.7917069163177,1110228.0582649214,3664,13,1526.7513227513227,84,105,37,32.19096349073294,0.6629464285714286,36.83823529411762,8466.517552174906,100.79187562112983,0
3667,32.64320074765836,0,0,189,0.0,0.0,1.0,189,5500,4100,1400,0.7454545454545455,69,41,28,175.83606030639453,0.4000712972344178,0.7195572485604238,0.1261967684054368,1131624.904400521,-3503.9070131227545,1128120.9973873983,3665,14,1527.7513227513227,85,104,39,32.05850276768326,0.6640931372549019,36.68846899224803,8595.33116585924,101.12154312775576,0
3668,32.91465479478722,0,0,189,0.0,0.0,1.0,189,5200,3500,1700,0.6730769230769231,69,35,34,175.18334120644596,0.39990829862283767,0.7198822458810503,0.12629807274051674,1142295.3191853822,-2977.7778681244317,1139317.5413172578,3666,15,1528.7513227513227,85,104,42,31.927794507532155,0.665563725490196,36.54312015503874,8671.592253408593,102.01873239304227,0
3669,33.23309945615103,0,0,189,0.0,0.0,1.0,189,5550,3700,1850,0.6666666666666666,74,37,37,175.24821769776918,0.3995705748808586,0.7207766861192069,0.12678514752504327,1154323.2764216892,-2891.3806320097856,1151431.8957896794,3667,16,1529.7513227513227,77,112,45,31.812635116876088,0.6699134199134199,36.43162393162394,8759.19405537658,113.7557669529426,0
3670,32.752130359905905,0,0,189,0.0,0.0,1.0,189,4850,3500,1350,0.7216494845360825,62,35,27,173.77465291017782,0.399429856655034,0.7186601341432308,0.1260812031782264,1138411.2155478613,-3084.5972298232873,1135326.618318038,3668,17,1530.7513227513227,78,111,42,31.75791408281657,0.670405982905983,36.33966244725739,8635.437746264233,110.71074033672095,0
3671,32.320350178489385,0,0,189,0.0,0.0,1.0,189,5500,4300,1200,0.7818181818181819,67,43,24,172.50967479817075,0.39896196855416716,0.7165624688954566,0.12536198219186784,1123834.4665948376,-4525.536328149672,1119308.9302666879,3669,18,1531.7513227513227,79,110,43,31.739793693115416,0.670490506329114,36.28906250000001,8523.229845897746,107.88898539111071,0
3672,32.154665079687916,0,1,188,0.0,0.005291005291005291,0.9947089947089947,189,5400,4100,1300,0.7592592592592593,67,41,26,173.56158338446664,0.3987520638673121,0.7185836602828262,0.12633262646852864,1118514.9953518547,-4373.753273492413,1114141.2420783623,3670,19,1532.7513227513227,79,110,45,31.65906641325633,0.6710179324894514,36.23697916666668,8481.211595302606,107.3571088012988,0
3673,32.04046611558137,0,0,188,0.0,0.0,1.0,188,4950,3400,1550,0.6868686868686869,65,34,31,173.90172827892758,0.39895157772973794,0.7176370688805789,0.12682523838045556,1115062.905651508,-3767.726713495821,1111295.178938012,3671,20,1537.1436170212767,80,108,46,31.587456332764617,0.6712239583333333,36.17541152263376,8453.062787566294,105.66328484457867,0
3674,32.30018959621961,0,0,188,0.0,0.0,1.0,188,5100,3500,1600,0.6862745098039216,67,35,32,174.6314533337769,0.3983530549550574,0.7182545221363161,0.12808742162933545,1125648.3766113713,-3385.277609909804,1122263.0990014614,3672,21,1538.1436170212767,82,106,44,31.383600335932034,0.6722560975609756,35.99397590361446,8527.444632857394,103.99322722996823,0
3675,32.641437004193996,0,1,187,0.0,0.005319148936170213,0.9946808510638298,188,5850,4600,1250,0.7863247863247863,71,46,25,176.734683860781,0.3976780871923237,0.7221383383297393,0.1301165582976419,1138561.9426607434,-3205.3230015872537,1135356.619659156,3673,22,1539.1436170212767,83,105,45,31.20749996087454,0.6730672690763052,35.87549603174604,8621.403357543766,103.87232960896104,0
3676,32.47375241854833,0,0,187,0.0,0.0,1.0,187,4550,2800,1750,0.6153846153846154,63,28,35,175.46227184393746,0.397278046115807,0.7184066802874762,0.12953917540248144,1133464.9585633557,-2173.932662995865,1131291.02590036,3674,23,1546.1336898395723,86,101,35,31.151908581441347,0.672843992248062,35.787835249042146,8579.96042409131,99.76698167548035,0
3677,32.36946134763914,0,0,187,0.0,0.0,1.0,187,5450,3800,1650,0.6972477064220184,71,38,33,172.74790347244027,0.39717382554194697,0.7145928711360898,0.12832291053754263,1131481.2324794324,-3757.7978541529046,1127723.4346252794,3675,24,1547.1336898395723,87,100,38,31.026669128948985,0.6744492337164751,35.59422348484849,8558.672562999727,98.37554670114629,0
3678,32.674506785424484,0,0,187,0.0,0.0,1.0,187,5600,4100,1500,0.7321428571428571,71,41,30,173.0600836051966,0.3968755390719338,0.7146226499744088,0.12913922565918384,1143371.6659576355,-3425.6007795115424,1139946.065178124,3676,25,1548.1336898395723,87,100,39,30.87391121153819,0.6758860153256705,35.452178030303045,8643.969604018172,99.35597245997899,0
3679,32.58100770448005,0,1,186,0.0,0.0053475935828877,0.9946524064171123,187,5250,3500,1750,0.6666666666666666,70,35,35,172.0108842472686,0.3964910010925191,0.7131247308107522,0.1288164903812944,1141063.1116512932,-3394.945036584084,1137668.1666147092,3677,26,1549.1336898395723,81,106,41,30.788014783526958,0.6792695473251029,35.34044715447156,8622.874930324451,106.4552460533883,0
3680,32.475761726953415,0,0,186,0.0,0.0,1.0,186,4350,3000,1350,0.6896551724137931,57,30,27,172.32106607601563,0.39635038264070527,0.7131197450480762,0.1292594087434137,1137813.9320760015,-2336.1380457037976,1135477.7940302978,3678,27,1556.7043010752689,81,105,40,30.728116901814015,0.679783950617284,35.289634146341484,8596.670768118134,106.13173787800166,0
3681,31.959270649585694,0,0,186,0.0,0.0,1.0,186,5050,3600,1450,0.7128712871287128,65,36,29,170.33869122433782,0.39620810326455486,0.7100608864106628,0.12811701562921107,1120427.1547389682,-4079.580969910929,1116347.5737690574,3679,28,1557.7043010752689,83,103,42,30.695384333192884,0.6798443775100402,35.20585317460319,8462.627804819032,101.95937114239798,0
3682,31.924747538644915,0,1,185,0.0,0.005376344086021506,0.9946236559139785,186,5450,3800,1650,0.6972477064220184,71,38,33,170.07682656086632,0.396175409280248,0.7101749065470309,0.12826380074272792,1119921.1658520862,-4555.472422706165,1115365.69342938,3680,29,1558.7043010752689,84,102,43,30.6175973905802,0.6803075396825398,35.12254901960786,8456.145751228854,100.6684018003435,0
3683,32.266769413032556,0,0,185,0.0,0.0,1.0,185,5150,3700,1450,0.7184466019417476,66,37,29,168.48072116046924,0.3956791030160596,0.706650498787408,0.12736199970242554,1132547.8281208866,-3987.5050338936853,1128560.3230869928,3681,30,1566.8432432432433,84,101,45,30.585106382978736,0.6810515873015873,35.049019607843164,8549.112190070708,101.77514511988937,0
3684,31.77283652533006,0,0,185,0.0,0.0,1.0,185,5100,3600,1500,0.7058823529411765,66,36,30,170.15262677133532,0.39538900313356834,0.7086454992863918,0.1289320499844755,1115830.0997273347,-4127.715500174174,1111702.3842271606,3682,31,1567.8432432432433,84,101,47,30.46602854588613,0.6817956349206349,34.97549019607846,8420.580425205819,100.24500506197403,0
3685,31.708722706963087,1,0,186,0.005376344086021506,0.0,1.0,186,4800,3300,1500,0.6875,63,33,30,168.60434541757087,0.3959404969485614,0.7066281603211824,0.12833523417258047,1114745.5674641347,-4409.810658113784,1110335.7568060209,3683,0,1560.4086021505377,87,99,47,30.3658783834055,0.6821120689655172,34.83664772727276,8407.991209264774,96.6435771179859,0
3686,31.74859709987005,0,1,185,0.0,0.005376344086021506,0.9946236559139785,186,5000,2700,2300,0.54,73,27,46,166.94381652717078,0.39523454906519423,0.7039870104300814,0.12752887096691481,1117078.0321527922,-4902.145990749812,1112175.8861620424,3684,1,1561.4086021505377,88,98,38,30.297540260313255,0.6828835227272727,34.72612359550565,8422.073423087102,95.70537980780797,0
3687,31.712515246011932,0,1,184,0.0,0.005405405405405406,0.9945945945945946,185,4950,3500,1450,0.7070707070707071,64,35,29,168.59134788694553,0.394155160595378,0.70472406393905,0.12926874212124967,1116770.9272474367,-4294.416818879838,1112476.510428557,3685,34,1570.8432432432433,87,98,43,30.13752601843595,0.6843869731800767,34.61174242424244,8416.129164483806,96.7371168331472,0
3688,31.974257624118614,0,0,184,0.0,0.0,1.0,184,4450,3300,1150,0.7415730337078652,56,33,23,169.8361881368214,0.3938280816900293,0.7047377809045292,0.13053387269167258,1126606.8616287953,-2982.2770184354504,1123624.5846103597,3686,35,1579.4402173913043,88,96,44,30.030366826859485,0.6847774621212122,34.538857677902634,8487.922953799593,96.45366992954082,0
3689,31.5232762567315,0,0,184,0.0,0.0,1.0,184,5050,3500,1550,0.693069306930693,66,35,31,172.7309133243459,0.3932885631979092,0.7063369792614136,0.13316996220812527,1111506.829049857,-3451.682050393948,1108055.1469994632,3687,36,1580.4402173913043,89,95,48,29.857479079497875,0.6853932584269663,34.44444444444446,8371.181139287628,94.0582150481756,0
3690,31.36629804875827,0,0,184,0.0,0.0,1.0,184,5400,3900,1500,0.7222222222222222,69,39,30,171.48970914620793,0.3929464144293973,0.7038520259160956,0.13290293613231569,1107291.3089787492,-4222.187096622456,1103069.1218821267,3688,37,1581.4402173913043,81,103,44,29.72935690267879,0.6899434156378601,34.286077235772325,8334.46209712742,102.89459379169654,0
3691,31.850890893796034,0,0,184,0.0,0.0,1.0,184,5600,4000,1600,0.7142857142857143,72,40,32,213.74033789631045,0.3931561584303476,0.753784302182227,0.15322885175314854,1103855.8383615876,4787.703976044472,1108643.542337632,3689,38,1582.4402173913043,89,95,37,31.097278395685912,0.6623361423220974,36.72453703703706,8385.558045847029,94.21975332412391,8
3692,31.647588121840272,0,0,184,0.0,0.0,1.0,184,5450,3900,1550,0.7155963302752294,70,39,31,213.10469188632692,0.39291176645283915,0.7537150921529752,0.15317722908763926,1097518.6835617973,4527.276179985261,1102045.9597417826,3690,39,1583.4402173913043,91,93,38,31.02715677844658,0.6625457875457875,36.639492753623216,8334.724860892344,91.59038308672905,0
3693,31.317157498074494,0,0,184,0.0,0.0,1.0,184,4350,3200,1150,0.735632183908046,55,32,23,212.48766129414332,0.39262035222143027,0.75354484544945,0.15295599420429798,1086445.175991972,5021.238914168178,1091466.4149061402,3691,40,1584.4402173913043,92,92,39,30.99566271208062,0.6627038043478262,36.5927419354839,8249.16658694249,89.66485420589663,0
3694,31.133532318831655,0,0,184,0.0,0.0,1.0,184,5300,4000,1300,0.7547169811320755,66,40,26,213.5982352136934,0.392573948681397,0.7562631315246169,0.15413430162901454,1080722.8746598344,4068.0997564824775,1084790.974416317,3692,41,1585.4402173913043,93,91,40,30.88572114508419,0.6631944444444444,36.5137411347518,8203.257955949319,88.20707479515397,0
3695,30.97746806760055,0,0,184,0.0,0.0,1.0,184,4600,3100,1500,0.6739130434782609,61,31,30,213.56019719273158,0.39234007483962935,0.7574805179123751,0.15450931731981066,1075987.6377893842,4557.626420648367,1080545.2642100325,3693,42,1586.4402173913043,73,111,41,30.801377910702836,0.6718036529680365,36.43018018018017,8164.725677051683,111.84555721988608,0
3696,30.917402036419023,0,0,184,0.0,0.0,1.0,184,4450,3300,1150,0.7415730337078652,56,33,23,213.99241010232265,0.3923759602439218,0.7563202834506846,0.15515054686461252,1074453.7559088871,4734.989754086955,1079188.7456629742,3694,43,1587.4402173913043,75,109,40,30.720745602634086,0.6715277777777777,36.362390350877185,8150.989969442414,108.67986625923218,0
3697,31.205478557423366,0,0,184,0.0,0.0,1.0,184,5700,4100,1600,0.7192982456140351,73,41,32,212.009892104315,0.392433500633563,0.7544400220792287,0.1545239311960304,1085845.7781665565,3542.0092542035213,1089387.78742076,3695,44,1588.4402173913043,78,106,41,30.60168524349811,0.671875,36.19462025316456,8232.173121022806,105.54068103875393,0
3698,31.311426448338178,0,0,184,0.0,0.0,1.0,184,4750,3000,1750,0.631578947368421,65,30,35,208.80551187726107,0.39213589926348297,0.7505540183811226,0.15271228491607808,1090434.842969144,3987.7611109945547,1094422.6040801385,3696,45,1589.4402173913043,80,104,35,30.57470844297178,0.6721354166666667,36.08539094650206,8263.542870020528,103.2942858752566,0
3699,31.747718373684574,0,0,184,0.0,0.0,1.0,184,5150,3800,1350,0.7378640776699029,65,38,27,207.50867988786933,0.39206103488556265,0.7492630537296077,0.15216815050916366,1106335.9722220146,3964.8634216505025,1110300.8356436652,3697,46,1590.4402173913043,81,103,43,30.52280819940334,0.6725823045267489,36.0010162601626,8381.365386711288,103.47364674952208,0
3700,31.61648164281278,0,0,184,0.0,0.0,1.0,184,4550,3100,1450,0.6813186813186813,60,31,29,205.4010578099373,0.3918055060584462,0.7455145640471033,0.15095436540547438,1102344.0429968794,3934.526500408172,1106278.5694972875,3698,47,1591.4402173913043,84,100,45,30.507375007734677,0.6721230158730158,35.93137254901959,8348.920912246645,99.39191562198387,0
3701,31.928208912926046,0,0,184,0.0,0.0,1.0,184,5550,4300,1250,0.7747747747747747,68,43,25,206.61246742347572,0.39136312564346243,0.7462179730435194,0.15235053911189916,1114098.7397404432,3687.3379142311196,1117786.0776546744,3699,48,1592.4402173913043,88,96,31,30.36815308729488,0.6717566287878788,35.826310861423195,8434.592736114788,95.84764472857714,0
3702,31.844563204688214,0,0,184,0.0,0.0,1.0,184,5150,4000,1150,0.7766990291262136,63,40,23,209.08957236899488,0.3908990902431298,0.7509368388115771,0.15485364775957383,1112340.4459265089,4565.757633501667,1116906.2035600105,3700,49,1593.4402173913043,91,93,34,30.161925976696327,0.6721611721611722,35.68840579710142,8416.887267326016,92.49326667391226,0
3703,32.08147292160613,0,0,184,0.0,0.0,1.0,184,4150,2900,1250,0.6987951807228916,54,29,25,211.4098372682734,0.390827319434545,0.7531435620519531,0.1569109885637042,1121191.9030179833,6456.199552707016,1127648.1025706902,3701,50,1594.4402173913043,91,93,34,30.031227694503908,0.6728479853479854,35.62047101449272,8481.684700175441,93.20532637555431,0
3704,32.19260648411944,0,0,184,0.0,0.0,1.0,184,5450,3900,1550,0.7155963302752294,70,39,31,209.13742681251432,0.39075987962303005,0.7519595499501628,0.15574572004151302,1125970.6908173605,4846.522588769861,1130817.2134061304,3702,51,1595.4402173913043,94,90,38,29.98398698229754,0.6729831560283688,35.51535087719295,8514.450230300838,90.57925776915785,0
3705,32.335758166423155,0,1,183,0.0,0.005434782608695652,0.9945652173913043,184,5850,4700,1150,0.8034188034188035,70,47,23,208.40577228147683,0.3904350548427972,0.7527876163481577,0.1563958082013358,1133026.3511641298,4575.846345925085,1137602.1975100548,3703,52,1596.4402173913043,73,111,41,29.7588978694743,0.6835045662100456,35.27590090090092,8560.054449292757,117.26101985332544,0
3706,32.54144750447806,0,0,183,0.0,0.0,1.0,183,4500,2900,1600,0.6444444444444445,61,29,32,204.31611206602508,0.38976085390019816,0.7451700106644175,0.15381884974446797,1141091.9157434022,5528.692746932935,1146620.608490335,3704,53,1600.8469945355191,77,106,43,29.765506807866853,0.6826298701298701,35.17628205128206,8617.74711556893,111.91879370868742,0
3707,32.57313237694507,0,1,182,0.0,0.00546448087431694,0.994535519125683,183,4500,3500,1000,0.7777777777777778,55,35,20,204.38975546736972,0.38971081286655057,0.7454639008036124,0.1544919295783823,1143274.5776781307,5634.722272738871,1148909.2999508695,3705,54,1601.8469945355191,79,104,46,29.636819343424435,0.6830168776371308,35.05208333333334,8630.183562579168,109.24282990606542,0
3708,32.280844410550536,0,0,182,0.0,0.0,1.0,182,5450,3800,1650,0.6972477064220184,71,38,33,204.93480377415182,0.3894730384716572,0.7430598184243316,0.15572096384623046,1134406.1119136654,4645.858789045422,1139051.9707027108,3706,55,1609.1978021978023,82,100,42,29.456522596730434,0.6834349593495934,34.88955823293175,8557.988922295102,104.36571856457442,0
3709,32.290452381980046,0,0,182,0.0,0.0,1.0,182,4500,3200,1300,0.7111111111111111,58,32,26,204.3702837549469,0.3890619624390343,0.7430468353415796,0.15588700531208327,1135751.833048701,5522.784879072986,1141274.617927774,3707,56,1610.1978021978023,83,99,33,29.35134966647967,0.6842369477911647,34.771825396825406,8564.337742383323,103.1847920769075,0
3710,32.00071811825276,0,0,182,0.0,0.0,1.0,182,4350,3200,1150,0.735632183908046,55,32,23,203.68604407270888,0.38895192054722444,0.7419154551559048,0.1554277843978304,1125666.2661191795,5106.501738382798,1130772.7678575623,3708,57,1611.1978021978023,83,99,33,29.356844250159753,0.6843624497991968,34.759424603174615,8487.888886797013,102.26372152767485,0
3711,31.64394271581584,0,0,182,0.0,0.0,1.0,182,5450,3800,1650,0.6972477064220184,71,38,33,200.69820144570613,0.3888418786554146,0.7505438252558803,0.14845283473085483,1105003.1312485207,2504.4282066903925,1107507.559455211,3709,58,1612.1978021978023,76,106,39,30.423918607627336,0.6774945175438596,35.72781385281386,8362.613919824997,110.03439368190784,8
3712,31.609341461625423,0,0,182,0.0,0.0,1.0,182,4750,3500,1250,0.7368421052631579,60,35,25,201.7154380326517,0.38858384939186047,0.751175014739732,0.14954140001566704,1104386.051248651,3404.343216954527,1107790.3944656055,3710,59,1613.1978021978023,77,105,39,30.324845912902912,0.6777597402597403,35.657051282051285,8355.706528998584,108.51566920777381,0
3713,31.428759661545936,0,0,182,0.0,0.0,1.0,182,4150,3100,1050,0.7469879518072289,52,31,21,200.28294673861168,0.38861863274846703,0.7490992153913505,0.14870412069335956,1098471.3024434003,3451.0138722331585,1101922.3163156335,3711,60,1614.1978021978023,80,102,39,30.314278418211032,0.676953125,35.60956790123458,8309.4633472444,103.868291840555,0
3714,31.105002265164046,0,0,182,0.0,0.0,1.0,182,5200,3900,1300,0.75,65,39,26,201.94711099427448,0.388019094165503,0.750711918371268,0.15031594221629635,1087801.8702808844,2335.689007478734,1090137.5592883632,3712,61,1615.1978021978023,81,101,40,30.19012080311255,0.6773405349794239,35.53099593495936,8226.308970508788,101.55937000628133,0
3715,30.968229647438385,0,1,181,0.0,0.005494505494505495,0.9945054945054945,182,5000,3600,1400,0.72,64,36,28,197.0807635597908,0.3879881053568899,0.7391364283126267,0.1323583720666563,1055759.3120067513,213.97026913006948,1055973.2822758814,3713,62,1616.1978021978023,82,100,39,33.734359479637284,0.6430386178861789,38.880522088353416,8086.407957387095,98.6147311876475,8
3716,31.038014047602033,0,0,181,0.0,0.0,1.0,181,5050,3700,1350,0.7326732673267327,64,37,27,181.50331103456688,0.38793994270513604,0.706671525709776,0.11600873598237552,1044354.0841931804,-3339.2551652929415,1041014.8290278874,3714,63,1624.3977900552486,81,100,36,35.8784564092519,0.6261574074074074,40.586890243902445,8051.667744741899,99.40330549064072,8
3717,31.04093396747775,1,0,182,0.005494505494505495,0.0,1.0,182,5100,3500,1600,0.6862745098039216,67,35,32,183.80375506045505,0.3892029931394572,0.7098884096273128,0.11798352768964412,1045661.6996502093,-3060.690616278769,1042601.0090339305,3715,0,1616.467032967033,82,100,39,35.66587693001968,0.6272865853658536,40.43674698795181,8057.08579713071,98.25714386744768,0
3718,31.412898590505804,0,0,182,0.0,0.0,1.0,182,5300,3700,1600,0.6981132075471698,69,37,32,184.86566387933118,0.38949896788294575,0.7131625715639462,0.11916409968066605,1059387.303888994,-2531.1325522452553,1056856.1713367489,3716,1,1617.467032967033,83,99,40,35.48903571599104,0.6283885542168675,40.29017857142858,8158.2382834941,98.29202751197711,0
3719,31.157197469398156,0,0,182,0.0,0.0,1.0,182,4350,3100,1250,0.7126436781609196,56,31,25,182.5268684966008,0.38957675611681136,0.7096296240041917,0.11822577382031428,1052124.1762665526,-2341.8137672999674,1049782.3624992527,3717,2,1618.467032967033,86,96,42,35.37865699147664,0.6289970930232558,40.12212643678162,8097.066224536511,94.15193284344781,0
3720,31.150404665133994,0,0,182,0.0,0.0,1.0,182,5500,4000,1500,0.7272727272727273,70,40,30,180.67078551203736,0.38931682957926056,0.7060176636183748,0.11747523000080855,1052977.4194116432,-3851.548501691892,1049125.8709099514,3718,3,1619.467032967033,89,93,35,35.29077639290748,0.6293305243445693,39.98842592592594,8099.4657500259045,91.00523314635848,0
3721,31.032443685370186,0,0,182,0.0,0.0,1.0,182,4100,2900,1200,0.7073170731707317,53,29,24,181.1009886701962,0.3894161202517556,0.7081484379798706,0.11800388768498858,1049580.1605273695,-2483.999047973766,1047096.1614793957,3719,4,1620.467032967033,90,92,37,35.205133283452895,0.6297453703703704,39.91529304029306,8071.064022153163,89.67848913503515,0
3722,30.77401301754957,0,0,182,0.0,0.0,1.0,182,4900,3500,1400,0.7142857142857143,63,35,28,181.94617681284464,0.38949770303361464,0.7097108625585948,0.1188868562921404,1041613.9851229273,-3396.4635384182275,1038217.5215845092,3720,5,1621.467032967033,92,90,38,35.08464634723838,0.6300951086956521,39.81854838709679,8006.827378860472,87.03073237891817,0
3723,30.66497534539438,0,0,182,0.0,0.0,1.0,182,5400,3900,1500,0.7222222222222222,69,39,30,182.62322498922532,0.3892738247020015,0.7125945915806058,0.11980973198819543,1039029.1998297154,-3849.827333824525,1035179.372495891,3721,6,1622.467032967033,96,86,41,34.92593471116427,0.6303168402777778,39.67998281786942,7982.706908802698,83.15319696669478,0
3724,31.041297514158668,0,1,181,0.0,0.005494505494505495,0.9945054945054945,182,4550,3000,1550,0.6593406593406593,61,30,31,180.87265201191062,0.3892927974419687,0.7102613651607359,0.11892082608418711,1052387.7465575712,-2880.36746705862,1049507.3790905126,3722,7,1623.467032967033,96,86,43,34.894974155944126,0.6310763888888888,39.60481099656358,8083.00453311127,84.19796388657572,0
3725,30.760927136834663,1,0,182,0.005494505494505495,0.0,1.0,182,5050,3800,1250,0.7524752475247525,63,38,25,182.96764672826515,0.38997202153279503,0.7105574184124053,0.12101287793908935,1044510.3737255496,-3227.678987235551,1041282.694738314,3723,0,1617.2692307692307,85,97,41,34.633540553102456,0.6366421568627452,39.401647286821664,8016.246939789111,94.30878752693071,0
3726,30.986555414281714,0,0,182,0.0,0.0,1.0,182,4300,3100,1200,0.7209302325581395,55,31,24,182.4201858651331,0.38982593143504746,0.71182765947237,0.12112205184863714,1053247.9165460856,-2273.2638603202004,1050974.6526857654,3724,1,1618.2692307692307,85,97,44,34.51214035739725,0.6379901960784313,39.268410852713146,8079.173835366051,95.04910394548295,0
3727,30.829215563282983,0,0,182,0.0,0.0,1.0,182,4350,3000,1350,0.6896551724137931,57,30,27,183.60443854122042,0.3897367595572015,0.7129448734403836,0.12239185168092452,1048984.3908639452,-2230.3619753848016,1046754.0288885605,3725,2,1619.2692307692307,87,95,42,34.34389841788421,0.6386494252873562,39.133522727272684,8042.308861075059,92.44033173649494,0
3728,31.3728301462676,0,0,182,0.0,0.0,1.0,182,5950,4600,1350,0.773109243697479,73,46,27,185.07883750598359,0.3896090097747556,0.7153251753628531,0.12369657557054438,1068206.2990099338,-2809.5239925349233,1065396.7750173989,3726,3,1620.2692307692307,88,94,47,34.21521797631862,0.6392045454545454,39.04494382022468,8186.898653337704,93.0329392424739,0
3729,31.619238048983398,0,0,182,0.0,0.0,1.0,182,4650,3400,1250,0.7311827956989247,59,34,25,186.89353215610217,0.3895128812255884,0.7158281457242424,0.12541496248745157,1077726.704684382,-765.9698925163739,1076960.7347918658,3727,4,1621.2692307692307,90,92,39,34.02832580706445,0.6399305555555556,38.907967032966994,8255.531143077524,91.72812381197248,0
3730,31.41912722007387,1,0,183,0.00546448087431694,0.0,1.0,183,4250,2700,1550,0.6352941176470588,58,27,31,193.58347801520011,0.39042139554434635,0.7360353461395612,0.12779872843642937,1066344.16023971,435.32226008006774,1066779.4824997901,3728,0,1613.4043715846994,78,105,39,34.42112876832499,0.6387553418803419,39.464662447257375,8185.792915894488,104.9460630242883,8
3731,31.085770885124642,0,0,183,0.0,0.0,1.0,183,4400,3000,1400,0.6818181818181818,58,30,28,191.95758618673543,0.39044391400948775,0.7350224351106727,0.1271654679537323,1055991.5967159353,-458.8804121866365,1055532.7163037485,3729,1,1614.4043715846994,78,105,40,34.34254013220019,0.6399572649572649,39.34599156118142,8102.630786618427,103.87988187972343,0
3732,31.38253381460726,0,0,183,0.0,0.0,1.0,183,5050,3700,1350,0.7326732673267327,64,37,27,208.0049965733516,0.3904939550431354,0.7452708535004213,0.12493616375487855,1037861.0359515735,1526.0562453448838,1039387.0921969184,3730,2,1615.4043715846994,94,89,35,37.468467988346504,0.599179964539007,42.81798245614038,8071.023362079174,85.86195066041675,8
3733,31.098403163718306,0,0,183,0.0,0.0,1.0,183,4900,3500,1400,0.7142857142857143,63,35,28,204.46820602807912,0.3908067115034328,0.7420770773359091,0.12322513557205467,1029449.8688645298,597.9535765141054,1030047.8224410439,3731,3,1616.4043715846994,76,107,37,37.43373203645287,0.606907894736842,42.69480519480518,8001.780684170981,105.28658794961817,0
3734,31.041229602101748,2,0,185,0.010810810810810811,0.0,1.0,185,4900,3700,1200,0.7551020408163265,61,37,24,198.65640345110756,0.3928772522522523,0.7388626239991269,0.12053446810622356,1029530.1154119604,-995.4500055314538,1028534.665406429,3732,0,1599.918918918919,79,106,39,37.3314796090327,0.6081223628691983,42.44791666666665,7994.7333532496,101.1991563702481,0
3735,31.09242443591765,0,0,185,0.0,0.0,1.0,185,4500,3000,1500,0.6666666666666666,60,30,30,195.89383702435123,0.39323712299255775,0.7365112330533223,0.11943743193808912,1032644.5661792249,-1042.258729761349,1031602.3074494635,3733,1,1600.918918918919,80,105,40,37.22234003625896,0.6095052083333333,42.27109053497939,8013.416642492542,100.16770803115678,0
3736,31.21522454260014,2,0,187,0.0106951871657754,0.0,1.0,187,5050,3500,1550,0.693069306930693,66,35,31,203.09815725410533,0.39445450712054125,0.75716373505924,0.12240193755367756,1033322.9585774962,-476.8022529099653,1032846.1563245862,3734,0,1584.7860962566845,72,115,40,37.46822778024253,0.6087962962962963,42.69406392694064,8031.862570664479,111.55364681478443,7
3737,30.863030227148187,0,0,187,0.0,0.0,1.0,187,4900,3100,1800,0.6326530612244898,67,31,36,205.8012345755389,0.3941166887087191,0.7607560848725414,0.12441279922918654,1022557.1570474871,-211.29493111469628,1022345.8621163724,3735,1,1585.7860962566845,73,114,40,37.28394260039006,0.6094463470319635,42.58164414414416,7944.710497802098,108.83165065482326,0
3738,30.544378318083567,2,0,189,0.010582010582010581,0.0,1.0,189,4750,3600,1150,0.7578947368421053,59,36,23,199.06784149919358,0.39639972419227737,0.7551046269553279,0.12098357474856475,1013524.0961847723,-2197.989173015239,1011326.1070117571,3736,0,1569.994708994709,77,112,43,37.25959046137902,0.609577922077922,42.38782051282052,7868.6038696024625,102.18966064418782,0
3739,30.467352732312136,0,1,188,0.0,0.005291005291005291,0.9947089947089947,189,4850,3300,1550,0.6804123711340206,64,33,31,199.53258646031463,0.39670109572591844,0.754715469403145,0.1216930879107575,1011971.5477442225,-2265.739930869454,1009705.807813353,3737,1,1570.994708994709,78,111,42,37.11726863457309,0.6104433760683761,42.26002109704642,7852.654850454989,100.67506218532037,0
3740,30.686233560410656,1,0,189,0.005291005291005291,0.0,1.0,189,4900,3500,1400,0.7142857142857143,63,35,28,197.688292075145,0.39753954182145673,0.7531574800947496,0.12108860749159919,1020476.7347708426,-2352.7394401462852,1018123.9953306963,3738,0,1566.7460317460318,80,109,40,37.005605697948894,0.6111979166666667,42.10390946502058,7913.859668473195,98.92324585591493,0
3741,30.835623516461048,1,2,188,0.005263157894736842,0.010526315789473684,0.9894736842105263,190,5550,4500,1050,0.8108108108108109,66,45,21,199.17730617099662,0.3988443330548594,0.7573142640690438,0.12263120132037042,1026926.3047431521,-2641.916997024675,1024284.3877461274,3739,0,1559.4947368421053,82,108,41,36.777256370355964,0.6122967479674797,41.91767068273092,7958.1295430786195,97.05036028144657,0
3742,30.73710175798213,1,1,188,0.005291005291005291,0.005291005291005291,0.9947089947089947,189,5400,4000,1400,0.7407407407407407,68,40,28,199.82614222924008,0.3988048332019963,0.7587993982310144,0.12384940103473088,1025538.8539559331,-2214.1054215579666,1023324.7485343751,3740,0,1568.5978835978835,83,106,44,36.517139919670974,0.6143323293172691,41.67906746031746,7940.036789689065,95.66309385167548,0
3743,31.101851976836613,0,1,187,0.0,0.005319148936170213,0.9946808510638298,188,5300,4100,1200,0.7735849056603774,65,41,24,199.70707640175286,0.39866416827852996,0.7577781452492063,0.12433376046947829,1039004.3007181396,-1400.697746946615,1037603.602971193,3741,1,1577.9202127659576,69,119,45,36.35578583765112,0.6222826086956521,41.51785714285714,8039.273345798385,116.51120791012153,0
3744,30.702624933702,0,0,187,0.0,0.0,1.0,187,5500,3800,1700,0.6909090909090909,72,38,34,196.55617625147605,0.3985023383742549,0.7522253709949156,0.12255613641360381,1026094.0225432308,-2562.976490881293,1023531.0460523495,3742,2,1580.3155080213903,71,116,46,36.38243797798922,0.6217723004694835,41.46412037037038,7937.730144173264,111.7990161151164,0
3745,30.982804476217765,2,0,189,0.010582010582010581,0.0,1.0,189,5150,3700,1450,0.7184466019417476,66,37,29,193.24641306222327,0.40028941048444594,0.7500554894863618,0.1210936183317629,1036880.1982262814,-2875.324183504786,1034004.8740427766,3743,0,1564.5820105820105,73,116,43,36.287055425576305,0.622574200913242,41.28659909909911,8015.666715489966,109.80365363684885,0
3746,31.476390954255972,1,0,190,0.005263157894736842,0.0,1.0,190,5550,4100,1450,0.7387387387387387,70,41,29,188.4663526140515,0.400862689130233,0.7450968313248361,0.11872511706147884,1054931.1570233195,-3786.1945153785587,1051144.962507941,3744,0,1557.342105263158,76,114,47,36.21906242379905,0.6230811403508771,41.09848484848486,8149.285309558343,107.22743828366241,0
3747,31.691606226151098,0,0,190,0.0,0.0,1.0,190,6400,5000,1400,0.78125,78,50,28,191.74263276179877,0.4007460781583589,0.749711716477121,0.12151842012610814,1063893.0411121026,-3601.269464041739,1060291.7716480608,3745,1,1558.342105263158,79,111,44,35.91708542713564,0.623945147679325,40.885416666666664,8211.757342453215,103.94629547409133,0
3748,31.677136344622763,1,2,189,0.005235602094240838,0.010471204188481676,0.9895287958115183,191,5450,3900,1550,0.7155963302752294,70,39,31,190.43512032715205,0.4015270506108202,0.7498651404732226,0.12127835385327608,1064815.3736672534,-3094.3512378950372,1061721.0224293584,3746,0,1551.1780104712043,81,110,46,35.776205232472684,0.6248713991769548,40.71392276422764,8213.440420859946,101.4004990229623,0
3749,31.264457399591468,0,0,189,0.0,0.0,1.0,189,5900,4200,1700,0.711864406779661,76,42,34,197.41013480382256,0.39990360801531016,0.7564107564107574,0.12599481583196898,1051564.9167863938,-2182.085604445608,1049382.8311819483,3747,1,1568.5608465608466,84,105,46,35.51717145467144,0.6245039682539683,40.63725490196078,8108.835495158735,96.53375589474685,0
3750,31.068594170861935,0,0,189,0.0,0.0,1.0,189,4400,3100,1300,0.7045454545454546,57,31,26,196.3742639835711,0.3997593718338399,0.7555527642688602,0.1258570668728224,1046155.4353686791,-1112.3992734126714,1045043.0360952665,3748,2,1569.5608465608466,69,120,48,35.394983944033505,0.6326992753623188,40.49107142857143,8062.577585500916,116.84895051450603,0
3751,31.372170528072388,1,0,190,0.005263157894736842,0.0,1.0,190,5400,4100,1300,0.7592592592592593,67,41,26,194.42508476068443,0.40031328320802007,0.7536540229818585,0.12540486863267097,1058192.319632689,-2252.1737124618267,1055940.1459202273,3749,0,1562.2947368421053,72,118,48,35.21842837783393,0.6333912037037037,40.268264840182646,8148.348286985919,113.17150398591554,0
3752,31.033262069533475,1,0,191,0.005235602094240838,0.0,1.0,191,5000,3600,1400,0.72,64,36,28,190.2896457730253,0.4013031597317902,0.7495394519802938,0.12346367198376389,1048415.6055205158,-3299.4731605179572,1045116.1323599978,3750,0,1555.109947643979,75,116,50,35.11671719834783,0.6340277777777779,40.06304824561403,8066.691545349521,107.55588727132695,0
3753,31.494281047523174,0,0,191,0.0,0.0,1.0,191,5550,4200,1350,0.7567567567567568,69,42,27,189.23217139550724,0.4013754937080922,0.7485738684517329,0.12315270191889392,1064856.6646211129,-3448.9722257539906,1061407.6923953588,3751,1,1556.109947643979,77,114,43,35.03641981648861,0.6341991341991342,39.95726495726495,8189.858981802478,106.36180495847374,0
3754,31.517010003175628,0,0,191,0.0,0.0,1.0,191,5650,4100,1550,0.7256637168141593,72,41,31,192.51418690070784,0.40164645907963625,0.7528400266133255,0.1258706851534697,1066938.9851950556,-2769.821758501449,1064169.1634365541,3752,2,1557.109947643979,77,114,44,34.7877318141381,0.6358225108225108,39.79700854700855,8200.820284480165,106.50415953870345,0
3755,31.440644220715367,0,1,190,0.0,0.005235602094240838,0.9947643979057592,191,6000,4600,1400,0.7666666666666667,74,46,28,194.64668617767057,0.40151442086892625,0.7546389215104821,0.12781479442110127,1065569.589017922,-2718.082121191741,1062851.5068967303,3753,3,1558.109947643979,79,112,44,34.58078061181962,0.6364715189873418,39.64843750000001,8185.620848869859,103.61545378316278,0
3756,31.818841178442813,0,2,188,0.0,0.010526315789473684,0.9894736842105263,190,5850,4100,1750,0.7008547008547008,76,41,35,197.33770827748293,0.40089517775921285,0.7574402404330738,0.12977825806778678,1078818.7450450365,-1271.676241204333,1077547.0688038322,3754,4,1567.2894736842106,79,111,46,34.457608297081514,0.6369989451476794,39.59635416666668,8285.742249058334,104.88281327921942,0
3757,31.846418371873032,0,0,188,0.0,0.0,1.0,188,5100,2900,2200,0.5686274509803921,73,29,44,196.21056634478353,0.4006327748701028,0.7520277124876311,0.12960565137702695,1081005.4197450648,-279.0628740077955,1080726.356871057,3755,5,1580.1063829787233,67,121,46,34.333110412134765,0.6444340796019901,39.44546568627454,8297.72870844351,123.84669714094791,0
3758,31.945921022806964,0,0,188,0.0,0.0,1.0,188,5650,4400,1250,0.7787610619469026,69,44,25,195.46819485813916,0.4008052205408275,0.7518148434644376,0.1297763638540916,1085837.0373327695,-800.6788804905218,1085036.358452279,3756,6,1581.1063829787233,69,119,46,34.17440737781328,0.6450785024154589,39.27083333333336,8329.23336667566,120.71352705327044,0
3759,32.09222353960858,0,0,188,0.0,0.0,1.0,188,5950,4200,1750,0.7058823529411765,77,42,35,196.91199778227815,0.4011104078962339,0.7534044707541045,0.1310559559930956,1091509.6868053577,-563.7293944893354,1090945.9574108683,3757,7,1582.1063829787233,70,118,46,34.05148975267666,0.6453869047619047,39.18720657276998,8370.062468656488,119.57232098080696,0
3760,32.139491422952815,0,0,188,0.0,0.0,1.0,188,6300,5000,1300,0.7936507936507936,76,50,26,195.12120764939309,0.4010464074411196,0.7514500770658288,0.13044904683058517,1094399.0512295715,-1191.9070947468535,1093207.1441348246,3758,8,1583.1063829787233,73,115,47,33.94235350702126,0.6454052511415524,39.03434684684688,8387.303371201118,114.89456672878244,0
3761,31.83903963477802,1,0,189,0.005291005291005291,0.0,1.0,189,5450,3600,1850,0.6605504587155964,73,36,37,195.22245053224455,0.4018138579308792,0.7522011128618806,0.13112966593119202,1085488.1656726117,-867.6680547280407,1084620.4976178836,3759,0,1575.7248677248676,77,112,45,33.77779837706068,0.6451569264069263,38.87553418803421,8313.952216597469,107.97340541035673,0
3762,32.01641906798765,0,0,189,0.0,0.0,1.0,189,5700,4200,1500,0.7368421052631579,72,42,30,195.71329593536055,0.4019545761567038,0.752919662502769,0.13205935016667986,1092821.9703287424,-724.0420632773321,1092097.928265465,3760,1,1576.7248677248676,80,109,45,33.6081442470181,0.6454427083333334,38.72170781893005,8365.19529583728,104.56494119796601,0
3763,32.21894411121506,1,0,190,0.005263157894736842,0.0,1.0,190,5200,3700,1500,0.7115384615384616,67,37,30,195.2082223920276,0.40257530400074265,0.7491064076398832,0.12831090837624493,1092233.9063621347,-557.39214054901,1091676.5142215858,3761,0,1569.421052631579,100,90,37,34.53133045510359,0.6298958333333333,39.614273927392766,8389.353155691575,83.89353155691575,8
3764,32.36951452262373,0,0,190,0.0,0.0,1.0,190,5700,4300,1400,0.7543859649122807,71,43,28,191.29924776139933,0.4024993038150933,0.7432849497555163,0.1260877877000152,1098134.5776136061,-1685.5362723472867,1096449.041341259,3762,1,1570.421052631579,81,109,38,34.53685076810534,0.6369598765432098,39.519817073170714,8431.61706410564,104.09403782846469,0
3765,31.96680736448429,0,0,190,0.0,0.0,1.0,190,5200,3500,1700,0.6730769230769231,69,35,34,186.91595857905105,0.4021848602988954,0.7366015490761069,0.11889765927504443,1074210.389067007,-3042.587082393206,1071167.8019846138,3763,2,1571.421052631579,95,95,37,35.909509459233206,0.6197368421052631,40.75520833333332,8287.228315454156,87.23398226793849,8
3766,31.71459212024358,0,0,190,0.0,0.0,1.0,190,4700,3100,1600,0.6595744680851063,63,31,32,189.44439061778914,0.40152580525387543,0.7402288777772035,0.12104050239096648,1067014.7901361813,-2272.0066604962335,1064742.7834756852,3764,3,1572.421052631579,81,109,38,35.68539830231799,0.6260288065843622,40.59959349593499,8226.77808810188,101.5651615815047,0
3767,31.49734126108997,1,0,191,0.005235602094240838,0.0,1.0,191,4800,3500,1300,0.7291666666666666,61,35,26,194.59637321580357,0.4022825388077524,0.7492729913157821,0.11990594631260373,1049196.3613652964,-2166.0386574194517,1047030.3227078769,3765,0,1565.1832460732985,88,103,41,36.86629936970025,0.6104403409090908,41.8890449438202,8129.808834630291,92.38419130261694,8
3768,31.42550976097053,0,2,189,0.0,0.010471204188481676,0.9895287958115183,191,4850,3300,1550,0.6804123711340206,64,33,31,195.17035588712093,0.4026775052815284,0.7502458923804141,0.12054888395584736,1047505.4216250766,-2161.5988135492626,1045343.8228115273,3766,1,1566.1832460732985,91,100,43,36.76328714260652,0.6103479853479854,41.80253623188404,8113.9869179027155,89.16469140552435,0
3769,31.75157490801136,0,0,189,0.0,0.0,1.0,189,4650,2900,1750,0.6236559139784946,64,29,35,198.07097113398834,0.40154414799804866,0.7520139615181507,0.12261049993317148,1059024.0043984607,-497.6173989186882,1058526.3869995421,3767,2,1566.6296296296296,91,98,43,36.607566890242985,0.6111492673992673,41.72327898550722,8200.692654287146,90.11750169546315,0
3770,32.036263777293634,0,0,189,0.0,0.0,1.0,189,5450,4000,1450,0.7339449541284404,69,40,29,173.47382112284004,0.4018044767158242,0.7241403058486422,0.10843578520847083,1071407.2457070418,-6077.778221700451,1065329.4674853415,3768,3,1567.6296296296296,81,108,44,36.888016356402595,0.6181841563786008,41.3744918699187,8285.39499799188,102.28882713570222,8
3771,31.976101454253147,1,0,190,0.005263157894736842,0.0,1.0,190,4700,3100,1600,0.6595744680851063,63,31,32,169.56640187272777,0.40262345679012346,0.7168340498559662,0.10475474220523744,1065916.0987756094,-6551.288486481294,1059364.8102891282,3769,0,1560.3736842105263,96,94,41,37.41725239838072,0.6089409722222222,41.79553264604809,8256.3722440513,86.00387754220104,8
3772,31.99221844362825,1,1,190,0.005235602094240838,0.005235602094240838,0.9947643979057592,191,5200,4000,1200,0.7692307692307693,64,40,24,169.68778822867492,0.4032378065582805,0.7185301390788874,0.10528097123229999,1067728.1087250109,-7163.915760173293,1060564.1929648377,3770,0,1553.1989528795812,81,110,43,37.25722784934609,0.6154835390946503,41.64126016260163,8265.46924169858,102.04283014442692,0
3773,32.04457894081129,1,0,191,0.005235602094240838,0.0,1.0,191,4800,3100,1700,0.6458333333333334,65,31,34,167.82951170451514,0.40315858363185453,0.7152067565490237,0.10448740567410127,1070497.5176076717,-7067.784867801858,1063429.7327398697,3771,0,1554.0261780104713,83,108,43,37.17976396085205,0.6159638554216867,41.51785714285714,8282.951431575766,99.79459556115381,0
3774,32.32399222024184,1,1,191,0.005208333333333333,0.005208333333333333,0.9947916666666666,192,5100,3600,1500,0.7058823529411765,66,36,30,169.2753828607329,0.4040974721858639,0.7183960726216074,0.10596318939145258,1081457.1567717185,-6887.185147997356,1074569.971623721,3772,0,1546.9270833333333,87,105,46,36.94463193459329,0.6164990421455938,41.32339015151516,8361.460724300992,96.10874395748267,0
3775,32.44611289205225,1,0,192,0.005208333333333333,0.0,1.0,192,4850,3800,1050,0.7835051546391752,59,38,21,171.60771992335174,0.4037969477166958,0.7213213640074647,0.1080297056257571,1087223.8765523091,-5934.797899726332,1081289.0786525828,3773,0,1547.8854166666667,91,101,45,36.6806624679263,0.6172161172161172,41.12318840579709,8399.546254120009,92.30270608923087,0
3776,32.6528048184515,1,1,192,0.0051813471502590676,0.0051813471502590676,0.9948186528497409,193,5400,3700,1700,0.6851851851851852,71,37,34,168.63193765813722,0.40431486578871617,0.7166799015500185,0.10649963549425599,1095117.2163884055,-7065.6523675278,1088051.5640208777,3774,0,1540.860103626943,94,99,38,36.64135266723113,0.6174645390070922,41.00877192982454,8456.790019866434,89.96585127517483,0
3777,32.68758184988504,0,0,192,0.0,0.0,1.0,192,5400,3900,1500,0.7222222222222222,69,39,30,171.24372613785653,0.40381228639470623,0.7191741876321158,0.10846934577390488,1097168.9583611386,-6223.339873489815,1090945.6184876487,3775,2,1549.8854166666667,96,96,40,36.46735676489686,0.6179470486111112,40.90420962199311,8469.214854941702,88.2209880723094,0
3778,32.40124963306929,0,0,192,0.0,0.0,1.0,192,5100,3600,1500,0.7058823529411765,66,36,30,169.29710036263623,0.40386284722222227,0.7149957719856772,0.1074895435096768,1088257.147034805,-6652.244111618844,1081604.902923186,3776,3,1550.8854166666667,100,92,40,36.43313105186363,0.6177083333333333,40.820957095709545,8397.724868801806,83.97724868801807,0
3779,32.11775514887505,0,1,191,0.0,0.005208333333333333,0.9947916666666666,192,5400,3500,1900,0.6481481481481481,73,35,38,171.90631089794545,0.40405884144124493,0.7190390009096443,0.10944923037479125,1079548.770798417,-6683.75067552683,1072865.0201228901,3777,4,1551.8854166666667,105,87,40,36.266139832221526,0.6174603174603175,40.72327044025155,8327.386515801008,79.30844300762865,0
3780,32.42256135334772,1,0,192,0.005208333333333333,0.0,1.0,192,6050,4500,1550,0.743801652892562,76,45,31,172.3455534658657,0.4039077270578825,0.7213464180009104,0.11034388882772334,1091444.8666422372,-6828.866076212707,1084616.0005660246,3778,0,1552.8541666666667,84,108,39,36.05505832900387,0.6256200396825398,40.52696078431376,8412.780533510278,100.1521492084557,0
3781,32.40151676131729,0,1,191,0.0,0.005208333333333333,0.9947916666666666,192,4950,3300,1650,0.6666666666666666,66,33,33,175.0306160377757,0.4041542821044212,0.7258165025890413,0.11229849794195948,1091354.7127119969,-5145.902463657572,1086208.8102483393,3779,1,1553.8541666666667,84,108,41,35.910571792813656,0.6263640873015873,40.45343137254905,8409.702493724817,100.1155058776764,0
3782,32.74978569409528,0,1,190,0.0,0.005235602094240838,0.9947643979057592,191,5800,3800,2000,0.6551724137931034,78,38,40,187.16004367802665,0.40349614218793056,0.742126590505106,0.11990460958482473,1102648.5199152145,-2725.6509702314556,1099922.868944983,3780,2,1562.9371727748692,77,114,38,35.64809453965312,0.6286525974025974,40.504807692307686,8498.411936724951,110.36898619123313,8
3783,32.60596402887238,0,0,190,0.0,0.0,1.0,190,4600,3400,1200,0.7391304347826086,58,34,24,185.34166386154408,0.40266812865497076,0.7364952495852801,0.11934361750494302,1099307.9428967533,-1850.4873534607245,1097457.4555432927,3781,8,1572.1526315789474,83,107,41,35.51456542502387,0.6280120481927711,40.32738095238096,8466.87607594978,102.01055513192506,0
3784,33.06486289082154,1,0,191,0.005235602094240838,0.0,1.0,191,4700,3100,1600,0.6595744680851063,63,31,32,180.9262242305881,0.4037682557178286,0.73196358143398,0.11700477648388166,1116072.6039028184,-2514.63956173238,1113557.964341086,3782,0,1564.916230366492,85,106,43,35.47595877426072,0.6287990196078431,40.17684108527133,8591.017125375665,101.07078971030194,0
3785,32.68115443804845,1,0,192,0.005208333333333333,0.0,1.0,192,5700,4000,1700,0.7017543859649122,74,40,34,179.3294190479521,0.4048666784831297,0.7312602938051214,0.116333669508833,1104039.726042237,-4502.639464596885,1099537.08657764,3783,0,1557.7604166666667,87,105,43,35.407321599344236,0.6291906130268199,40.06865530303032,8494.856419331316,97.64202780840593,0
3786,32.68640575600735,0,0,192,0.0,0.0,1.0,192,5100,3600,1500,0.7058823529411765,66,36,30,179.70779186199965,0.40495132526178007,0.7325133077379617,0.11684907508479997,1104898.8786115488,-3788.212458783625,1101110.6661527653,3784,1,1558.7604166666667,89,103,45,35.31581534238443,0.6293305243445693,39.98842592592594,8498.843811443385,95.49262709486949,0
3787,32.896860725794355,0,0,192,0.0,0.0,1.0,192,4300,3100,1200,0.7209302325581395,55,31,24,178.80668117038675,0.40486838278068643,0.7322106363016028,0.1164965187758704,1112606.9667785321,-2911.688164655896,1109695.2786138763,3785,2,1559.7604166666667,89,103,39,35.26855910581044,0.6300327715355805,39.91898148148149,8555.849043626467,96.1331353216457,0
3788,32.81618740426245,0,0,192,0.0,0.0,1.0,192,5450,3900,1550,0.7155963302752294,70,39,31,179.5733433986359,0.40482066244909837,0.7320214017871374,0.11732771845201201,1110714.0282403815,-3959.0736778214255,1106754.9545625602,3786,3,1560.7604166666667,91,101,41,35.148985668073706,0.6303800366300366,39.82110507246377,8538.07937457596,93.8250480722633,0
3789,32.80989079341159,0,0,192,0.0,0.0,1.0,192,5450,3800,1650,0.6972477064220184,71,38,33,179.7402089832398,0.40486838278068643,0.7340200238802121,0.11790409813659271,1111670.4136826743,-3887.625504838292,1107782.788177836,3787,4,1561.7604166666667,92,100,44,35.00521707327567,0.6314538043478262,39.68413978494624,8540.934945448918,92.83624940705346,0
3790,32.656859121999005,0,0,192,0.0,0.0,1.0,192,5100,3500,1600,0.6862745098039216,67,35,32,179.72907319099315,0.4046536412885398,0.7344374903860955,0.11838082115649877,1107683.2465036192,-3683.4233433429895,1103999.8231602763,3788,5,1562.7604166666667,77,115,45,34.862104548018266,0.6383928571428572,39.54326923076922,8505.698764107165,110.46362031308006,0
3791,32.57122484840656,0,0,192,0.0,0.0,1.0,192,4900,3100,1800,0.6326530612244898,67,31,36,178.65353224972984,0.4046235320317045,0.7334430296206338,0.11803318123660637,1105669.3801179922,-3793.6519483104876,1101875.7281696817,3789,6,1563.7604166666667,78,114,43,34.783264173540445,0.6390224358974359,39.43829113924049,8486.814006188808,108.80530777165139,0
3792,32.58666466605252,1,0,193,0.0051813471502590676,0.0,1.0,193,5750,4200,1550,0.7304347826086957,73,42,31,173.49866303416889,0.4051165803108809,0.7272333484285576,0.11525027693978453,1107766.9250684236,-5910.783909431383,1101856.1411589922,3790,0,1556.6528497409327,81,112,49,34.729124037805676,0.6396604938271605,39.253048780487795,8496.873462085774,104.8996723714293,0
3793,32.79060929563408,0,0,193,0.0,0.0,1.0,193,5900,4300,1600,0.7288135593220338,75,43,32,173.6792856312758,0.40517055267702934,0.7251150403149165,0.11587146072717673,1115962.747161844,-5736.07745636316,1110226.6697054808,3791,1,1557.6528497409327,84,109,48,34.574193245337966,0.6400049603174602,39.10539215686273,8554.893153121937,101.84396610859449,0
3794,32.949354511738036,0,2,191,0.0,0.010362694300518135,0.9896373056994818,193,4700,3400,1300,0.723404255319149,60,34,26,175.80447995004326,0.40503337291306846,0.7298010410781044,0.11773109207344414,1122463.1593276758,-3833.189602263101,1118629.9697254128,3792,2,1558.6528497409327,85,108,47,34.38882443928847,0.6409313725490196,38.97771317829457,8600.515863952938,101.18253957591692,0
3795,33.16586036556772,0,0,191,0.0,0.0,1.0,191,6100,4300,1800,0.7049180327868853,79,43,36,174.64292982127103,0.4038876641866446,0.7256171439861396,0.11730174488672916,1130711.4914727877,-4805.846469322791,1125905.645003465,3793,3,1575.4031413612565,86,105,37,34.31658566035429,0.641593992248062,38.876915708812255,8660.37175182789,100.70199711427779,0
3796,32.85084107959676,1,0,192,0.005208333333333333,0.0,1.0,192,4400,2800,1600,0.6363636363636364,60,28,32,173.292144263465,0.4047968022833042,0.7256114501646662,0.11679238543358197,1120961.2867908883,-3949.2429951348645,1117012.0437957535,3794,0,1568.1927083333333,89,103,39,34.234517374802465,0.6417368913857677,38.76157407407407,8581.902013976585,96.42586532557961,0
3797,32.4447812769922,0,0,192,0.0,0.0,1.0,192,5050,3700,1350,0.7326732673267327,64,37,27,171.91302452768485,0.40449855021087844,0.7235905466970374,0.1161074119502364,1107708.1017012503,-5364.109988543474,1102343.9917127069,3795,1,1569.1927083333333,90,102,40,34.19822513287771,0.6421296296296296,38.69047619047619,8478.130345594991,94.20144828438879,0
3798,31.99435712076136,0,1,191,0.0,0.005208333333333333,0.9947916666666666,192,5100,3900,1200,0.7647058823529411,63,39,24,171.86847211558734,0.404098608384235,0.7239931463073255,0.1164365245487862,1093199.7337558088,-5922.686408444625,1087277.0473473642,3796,2,1570.1927083333333,92,100,42,34.093595126897746,0.6425498188405797,38.586469534050174,8363.757849926613,90.9104114122458,0
3799,32.011605036518716,0,0,191,0.0,0.0,1.0,191,5400,3800,1600,0.7037037037037037,70,38,32,170.86639791266006,0.4030219527877285,0.7210007635527962,0.11627707497061635,1095047.0818693945,-6178.649915241056,1088868.4319541533,3797,3,1579.3821989528797,78,113,40,33.96693468434407,0.6491720085470085,38.436181434599185,8373.077651759328,107.34714938152985,0
3800,31.584553444157482,0,0,191,0.0,0.0,1.0,191,5650,4400,1250,0.7787610619469026,69,44,25,170.30332736355814,0.40302769357949847,0.720217557057895,0.11632123818598589,1081456.4003769094,-7014.875323438722,1074441.5250534706,3798,4,1580.3821989528797,81,110,44,33.85639158576055,0.6491769547325104,38.313008130081336,8265.266780356342,102.04033062168322,0
3801,31.29282307982158,0,0,191,0.0,0.0,1.0,191,5150,3600,1550,0.6990291262135923,67,36,31,170.9522645146514,0.4031310278313585,0.721629110550013,0.11715059913849073,1072370.1247812887,-6685.17975415555,1065684.9450271332,3799,5,1581.3821989528797,82,109,43,33.72732901885589,0.6498983739837398,38.20281124497995,8192.37311050557,99.90698915250695,0
3802,31.1006397991348,0,0,191,0.0,0.0,1.0,191,5350,4000,1350,0.7476635514018691,67,40,27,172.91870514450994,0.4030782125470745,0.7246267318495676,0.11890664627890939,1066717.3066382406,-6658.924916174814,1060058.3817220659,3800,6,1582.3821989528797,84,107,45,33.559290972612125,0.6502976190476191,38.08823529411768,8145.623453273483,96.97170777706528,0
3803,31.334083059988753,0,0,191,0.0,0.0,1.0,191,5550,3800,1750,0.6846846846846847,73,38,35,170.89925980063177,0.40309313860567647,0.7209660350291984,0.11793955249009012,1075700.2626567907,-6982.724268921558,1068717.538387869,3801,7,1583.3821989528797,90,101,47,33.49123745868098,0.6494212962962963,37.969322344322364,8210.491017928201,91.22767797698002,0
3804,31.671049984018556,0,0,191,0.0,0.0,1.0,191,5500,4000,1500,0.7272727272727273,70,40,30,170.54847589131424,0.4028795811518325,0.7206164332536218,0.1180522325135893,1088095.8855196992,-6585.3810202007835,1081510.5044994985,3802,8,1584.3821989528797,92,99,41,33.39903003888392,0.6497961956521738,37.869623655914,8301.944251523202,90.23852447307829,0
3805,31.51522298661353,0,0,191,0.0,0.0,1.0,191,5650,3800,1850,0.672566371681416,75,38,37,167.658441440579,0.4029473224947185,0.7161033757631332,0.1164554451626452,1083690.4171227743,-7512.030732220712,1076178.3863905536,3803,9,1585.3821989528797,93,98,42,33.35811500809918,0.650649641577061,37.754875886524836,8264.71356358835,88.8678877805199,0
3806,31.328471408787422,0,1,190,0.0,0.005235602094240838,0.9947643979057592,191,5000,3400,1600,0.68,66,34,32,171.5581162791294,0.4026442086892624,0.7226386944387424,0.1195311441495183,1078101.6968999482,-6208.5807445023165,1071893.1161554458,3804,10,1586.3821989528797,94,97,44,33.15274178717711,0.6513741134751774,37.65350877192983,8218.914549634312,87.43526116632246,0
3807,31.417464217894388,0,0,190,0.0,0.0,1.0,190,5200,3200,2000,0.6153846153846154,72,32,40,172.46417915081886,0.4017456836535784,0.7227623410483623,0.12035895367262756,1081607.4630727875,-5892.291343550316,1075715.171729237,3805,11,1595.5578947368422,93,97,46,33.07426939482241,0.6522177419354839,37.5997340425532,8243.950966484088,88.644634048216,0
3808,31.187418215807323,0,0,190,0.0,0.0,1.0,190,5450,3800,1650,0.6972477064220184,71,38,33,173.47855172773652,0.40140397289520097,0.7255011132950675,0.12157970241523561,1074823.8348731557,-6158.223552750849,1068665.6113204048,3806,12,1596.5578947368422,79,111,44,32.90644786655427,0.658623417721519,37.46093749999998,8187.915540173422,103.64450050852433,0
3809,31.69104450626586,0,0,190,0.0,0.0,1.0,190,4250,2800,1450,0.6588235294117647,57,28,29,174.67506983074708,0.4011080943098487,0.7279011031445375,0.12285723530773404,1093155.732605832,-4060.5892142392,1089095.1433915927,3807,13,1597.5578947368422,79,111,47,32.75580011897678,0.6598101265822784,37.34374999999998,8323.850908598839,105.36520137466884,0
3810,31.350858838149357,0,0,190,0.0,0.0,1.0,190,4800,2900,1900,0.6041666666666666,67,29,38,175.4520608036942,0.40088415483152323,0.7286200793943165,0.12373700567070237,1082146.8277171985,-4827.021796967778,1077319.8059202307,3808,14,1598.5578947368422,80,110,49,32.64575481702637,0.6602864583333333,37.25565843621396,8237.260762888684,102.96575953610855,0
3811,30.916526030461245,0,1,189,0.0,0.005263157894736842,0.9947368421052631,190,5900,4400,1500,0.7457627118644068,74,44,30,172.50587947867655,0.40082381880627493,0.7241023682200176,0.12205956553382986,1068024.7080531004,-7051.891686469093,1060972.8163666313,3809,15,1599.5578947368422,82,108,48,32.61425308759868,0.660569105691057,37.14859437751001,8126.452324070953,99.1030771228165,0
3812,31.28406485710594,0,0,189,0.0,0.0,1.0,189,4950,3300,1650,0.6666666666666666,66,33,33,172.8730015230735,0.40053449472775715,0.7226247547935232,0.12269766693466827,1081547.2612807138,-5355.9357306690035,1076191.325550045,3810,16,1607.2063492063492,82,107,45,32.502465953926404,0.6615853658536586,37.04819277108431,8226.201391642542,100.31952916637246,0
3813,31.761797868365022,0,0,189,0.0,0.0,1.0,189,5700,4200,1500,0.7368421052631579,72,42,30,171.3584450466536,0.39996341326128565,0.7204362122394912,0.12232076236840819,1099612.7361822685,-5814.414274862422,1093798.321907406,3811,17,1608.2063492063492,84,105,39,32.35366601465472,0.6626984126984127,36.862745098039184,8357.712301832442,99.49657502181478,0
3814,32.22455124152242,0,0,189,0.0,0.0,1.0,189,5400,4000,1400,0.7407407407407407,68,40,28,172.49425459412447,0.3995412585838118,0.7223085739406236,0.12368205063450959,1116854.876693247,-4669.790110997446,1112185.0865822495,3812,18,1609.2063492063492,87,102,40,32.177299703264104,0.6630747126436782,36.71874999999998,8484.120131557009,97.5186222018047,0
3815,31.881792303155002,0,0,189,0.0,0.0,1.0,189,4450,3000,1450,0.6741573033707865,59,30,29,173.6368266341969,0.3993770873203497,0.7232829395592197,0.12469374281655814,1105392.9351869735,-3862.615710055013,1101530.3194769186,3813,19,1610.2063492063492,88,101,42,32.096611701260805,0.6632339015151515,36.66900749063668,8395.46401016712,95.40300011553545,0
3816,31.392504830333028,0,0,189,0.0,0.0,1.0,189,5750,4300,1450,0.7478260869565218,72,43,29,173.48464435495555,0.39915193815903033,0.7232603977921861,0.12495781284946963,1089223.9906238695,-5757.272672746882,1083466.7179511227,3814,20,1611.2063492063492,90,99,44,32.00274482538854,0.6635416666666667,36.57280219780217,8269.639579446506,91.8848842160723,0
3817,31.134999844437033,0,0,189,0.0,0.0,1.0,189,4750,3500,1250,0.7368421052631579,60,35,25,176.33333466203345,0.3987637903861308,0.7280944355666152,0.12732875264007062,1080949.712810226,-4428.506507641418,1076521.2063025846,3815,21,1612.2063492063492,91,98,45,31.845781592403178,0.6640338827838828,36.49230072463766,8204.312175946303,90.15727665875058,0
3818,30.750722210311142,0,0,189,0.0,0.0,1.0,189,5000,3400,1600,0.68,66,34,32,175.89244653357648,0.3986195542046606,0.727735772136314,0.12747231788345167,1068550.119384103,-5210.021051556974,1063340.098332546,3816,22,1613.2063492063492,75,114,46,31.739151155939176,0.6713888888888888,36.37609649122807,8106.625424796106,108.08833899728141,0
3819,30.821939430848293,0,0,189,0.0,0.0,1.0,189,5550,4300,1250,0.7747747747747747,68,43,25,177.28598641736113,0.3985116702315284,0.730523496053118,0.12891422249930876,1071895.70223736,-5343.582618463792,1066552.1196188962,3817,23,1614.2063492063492,76,113,45,31.593357271095158,0.6720120614035088,36.268939393939405,8128.702776033408,106.95661547412378,0
3820,31.01761203183644,0,0,189,0.0,0.0,1.0,189,3900,2600,1300,0.6666666666666666,52,26,26,177.0408733419996,0.3984929078014185,0.72944017278798,0.1292347354972007,1079707.895853592,-3469.5142327653743,1076238.3816208267,3818,24,1615.2063492063492,79,110,47,31.47453612317408,0.6719409282700421,36.14583333333334,8184.126174650205,103.5965338563317,0
3821,30.921772529886315,0,0,189,0.0,0.0,1.0,189,5250,4200,1050,0.8,63,42,21,178.06868847279873,0.39796638710645804,0.7291598100995096,0.1301957017109183,1076791.6303804477,-4701.425323933403,1072090.2050565144,3819,25,1616.2063492063492,82,107,48,31.39504470230169,0.671239837398374,36.09437751004016,8160.429627992588,99.5174344877145,0
3822,31.330388648972765,0,0,189,0.0,0.0,1.0,189,4400,3400,1000,0.7727272727272727,54,34,20,176.4758891876104,0.39778579871664976,0.7270950899971922,0.12944569563393585,1091862.2022996156,-3662.5293957664726,1088199.672903849,3820,26,1617.2063492063492,84,105,50,31.333553822587387,0.6715029761904762,35.992647058823536,8271.4529738336,98.46967825992381,0
3823,30.976369890498866,0,0,189,0.0,0.0,1.0,189,5000,3800,1200,0.76,62,38,24,176.0294246422681,0.3977060583886825,0.7271578325103054,0.12944248045448228,1080173.869228078,-4771.523057233442,1075402.3461708445,3821,27,1618.2063492063492,85,104,50,31.264571771468734,0.6719362745098039,35.91327519379847,8180.448070767338,96.24056553843927,0
3824,31.002034281179053,0,0,189,0.0,0.0,1.0,189,5600,3900,1700,0.6964285714285714,73,39,34,179.4594368859417,0.397609900934369,0.73215831976261,0.13252295721834623,1082159.9215363597,-4559.237972109842,1077600.68356425,3822,28,1619.2063492063492,85,104,41,31.03836221386881,0.6732843137254902,35.78003875968994,8191.356296143932,96.36889760169332,0
3825,30.994325021947418,0,0,189,0.0,0.0,1.0,189,4900,3700,1200,0.7551020408163265,61,37,24,179.11102503690552,0.3971549120042028,0.7320824270314661,0.132635889892308,1082611.5110108298,-3918.4685092193363,1078693.0425016105,3823,29,1620.2063492063492,86,103,44,30.958003020007588,0.673812984496124,35.69204980842913,8192.046514122267,95.25635481537519,0
3826,31.27235739327112,0,0,189,0.0,0.0,1.0,189,4550,2800,1750,0.6153846153846154,63,28,35,178.1950249897386,0.3968230515216331,0.7308012401736919,0.13251230040146114,1093411.8830339257,-3381.8884357381703,1090029.9945981875,3824,30,1621.2063492063492,86,103,45,30.84816173141356,0.6751453488372092,35.56034482758623,8269.65140550516,96.15873727331581,0
3827,30.820071341586985,0,0,189,0.0,0.0,1.0,189,5950,4500,1450,0.7563025210084033,74,45,29,178.00613496008648,0.3966201827460693,0.7308465392926524,0.1327266128813095,1078281.2608990737,-5361.864069493367,1072919.3968295804,3825,31,1622.2063492063492,86,103,45,30.76785256265183,0.6759932170542635,35.476532567049816,8152.632137807508,94.7980481140408,0
3828,30.951175007691237,0,1,188,0.0,0.005291005291005291,0.9947089947089947,189,4250,2900,1350,0.6823529411764706,56,29,27,178.14971150245955,0.3961874742016586,0.7319230295974488,0.13349288033495282,1084133.9215102864,-3422.370930582542,1080711.5505797039,3826,32,1623.2063492063492,76,113,47,30.606738223017295,0.6816063596491229,35.321969696969695,8192.096036600089,107.79073732368538,0
3829,31.228312435339824,0,0,188,0.0,0.0,1.0,188,5450,4000,1450,0.7339449541284404,69,40,29,178.5878403606495,0.39574681419956764,0.7316558774979252,0.13463886509130407,1095407.263773043,-3924.7164894806447,1091482.5472835624,3827,33,1631.154255319149,76,112,48,30.40236562984147,0.6835252192982456,35.132575757575765,8271.362678186151,108.83371944981778,0
3830,31.451777097862024,0,1,187,0.0,0.005319148936170213,0.9946808510638298,188,4400,3300,1100,0.75,55,33,22,197.72569611950544,0.395886074449122,0.7541808221641375,0.1367568332450775,1080348.6095635318,722.5361755378572,1081071.1457390697,3828,34,1632.154255319149,78,110,36,32.71309152496896,0.6546474358974359,37.89556962025316,8243.650120665889,105.68782205981908,8
3831,31.72586144431846,0,0,187,0.0,0.0,1.0,187,6200,4900,1300,0.7903225806451613,75,49,26,199.23694449504092,0.39560332930826286,0.75564806046833,0.13825753233084548,1090670.7356944936,-139.61903401412565,1090531.1166604795,3829,35,1641.5882352941176,79,108,38,32.562195848644365,0.6553270042194093,37.786458333333336,8318.9504917407,105.30317078152784,0
3832,31.62990182321422,0,0,187,0.0,0.0,1.0,187,3950,2900,1050,0.7341772151898734,50,29,21,201.64985291237605,0.3954751499817914,0.758814105754668,0.1403190427260737,1088127.9143054725,2534.1667739100058,1090662.0810793824,3830,36,1642.5882352941176,79,108,39,32.405942334739805,0.65625,37.695312500000014,8296.671513393923,105.02115839739143,0
3833,31.76159668190655,0,1,186,0.0,0.0053475935828877,0.9946524064171123,187,5350,3500,1850,0.6542056074766355,72,35,37,204.9293627709706,0.39542723247656836,0.7619687996452795,0.14305304634303398,1093526.4715976866,2069.136599540586,1095595.6081972271,3831,37,1643.5882352941176,79,108,40,32.213617906349775,0.657304852320675,37.59114583333335,8334.524191802942,105.5003062253537,0
3834,31.65353032827212,1,0,187,0.0053475935828877,0.0,1.0,187,5800,4200,1600,0.7241379310344828,74,42,32,211.2253902864229,0.3958153642688747,0.7677151538183207,0.14826106750175902,1091305.0428783237,2902.2667207031386,1094207.3095990268,3832,0,1634.2299465240642,69,118,38,31.86416184971099,0.6639492753623188,37.41071428571429,8311.877919236467,120.46199882951402,0
3835,31.822855662500814,1,0,188,0.005319148936170213,0.0,1.0,188,5500,3700,1800,0.6727272727272727,73,37,36,208.10546883894594,0.3964164485910418,0.7650757832164521,0.14714374781361025,1099140.1259196103,2647.4142448397233,1101787.54016445,3833,0,1626.531914893617,72,116,35,31.70220515047869,0.6647858796296297,37.17180365296804,8363.943756387023,116.16588550537533,0
3836,31.649651007353853,0,0,188,0.0,0.0,1.0,188,5600,4300,1300,0.7678571428571429,69,43,26,206.47194528247823,0.3965948202298328,0.7629739588132565,0.1466369021747357,1094356.1491905975,1990.7685910449627,1096346.9177816424,3834,1,1627.531914893617,74,114,40,31.598139150029926,0.665259009009009,37.027777777777786,8322.979057961658,112.47268997245484,0
3837,31.33796125041398,0,0,188,0.0,0.0,1.0,188,4950,3600,1350,0.7272727272727273,63,36,27,215.37155971868438,0.3964105226229757,0.7725308333409076,0.14529821939522708,1069615.164741231,3522.9372658150023,1073138.1020070459,3835,2,1628.531914893617,83,105,35,33.10061583368928,0.6442018072289157,38.727678571428555,8187.74188473424,98.64749258715952,8
3838,31.1290122803122,0,1,187,0.0,0.005319148936170213,0.9946808510638298,188,5250,4200,1050,0.8,63,42,21,214.5056154796846,0.396614375924451,0.7717420121388401,0.14510204773182564,1063217.351374448,2763.218469051024,1065980.569843499,3836,3,1629.531914893617,86,102,36,33.031078687373046,0.6440164728682171,38.63745210727968,8135.957962966136,94.60416236007134,0
3839,31.297876464106107,0,0,187,0.0,0.0,1.0,187,5250,4000,1250,0.7619047619047619,65,40,25,215.69168139813138,0.39600583635213615,0.7728015999175464,0.1462151146764214,1069570.3925405743,3489.4872681470065,1073059.8798087214,3837,5,1639.2299465240642,85,102,36,32.92697522856435,0.6450980392156862,38.56589147286821,8182.33243218586,96.26273449630423,0
3840,31.594521643855845,0,2,185,0.0,0.0106951871657754,0.9893048128342246,187,4850,3300,1550,0.6804123711340206,64,33,31,216.48439871816407,0.39597349203611065,0.7749056647452355,0.1472552888807307,1080656.3946061432,4539.0499614502205,1085195.4445675935,3838,6,1640.2299465240642,68,119,36,32.78896103896103,0.6539522058823529,38.451086956521756,8263.512794079184,121.52224697175271,0
3841,31.250196094143863,0,0,185,0.0,0.0,1.0,185,4800,3400,1400,0.7083333333333334,62,34,28,213.5610639888996,0.39573051312181745,0.7689828705308572,0.14587962709332436,1070031.0765696757,3903.3950426817178,1073934.4716123575,3839,7,1655.9621621621623,71,114,38,32.721509656494185,0.653755868544601,38.3101851851852,8177.858028803184,115.18109899722795,0
3842,31.680116099926465,0,0,185,0.0,0.0,1.0,185,5150,3900,1250,0.7572815533980582,64,39,25,212.82601481032438,0.395829661182922,0.7676930854742072,0.14621178654103711,1086334.3819915366,4090.043454139224,1090424.4254456758,3840,8,1656.9621621621623,73,112,38,32.545868272056175,0.6546803652968036,38.11936936936938,8296.408782700362,113.64943537945702,0
3843,31.29903397178847,0,0,185,0.0,0.0,1.0,185,5000,3800,1200,0.76,62,38,24,217.4606058774765,0.3956227967097532,0.7721298450872665,0.15008707087240442,1074524.201922987,4733.336796036984,1079257.5387190238,3841,9,1657.9621621621623,75,110,40,32.26780172263485,0.6552777777777778,37.96600877192983,8201.410793210704,109.35214390947604,0
3844,31.62521248216711,0,0,185,0.0,0.0,1.0,185,4700,3600,1100,0.7659574468085106,58,36,22,214.93054395402442,0.3957966118292205,0.7698875175753799,0.14873193641618518,1086445.115218987,5002.04791804205,1091447.163137029,3842,10,1658.9621621621623,76,109,37,32.24500240847787,0.6557017543859649,37.87878787878789,8289.639029416549,109.0741977554809,0
3845,31.886232899591345,0,1,184,0.0,0.005405405405405406,0.9945945945945946,185,4500,3200,1300,0.7111111111111111,58,32,26,212.62977003020168,0.3956019878574226,0.7672314913115423,0.14749313396824584,1096075.1163763774,5111.639986187207,1101186.7563625646,3843,11,1659.9621621621623,79,106,37,32.224315522007586,0.655195147679325,37.79947916666667,8360.586873685832,105.8302135909599,0
3846,32.08220738358458,0,0,184,0.0,0.0,1.0,184,5000,3300,1700,0.66,67,33,34,215.3436077562784,0.394966515205512,0.7699932541450245,0.14997590490339108,1103924.8209423334,5744.630726685167,1109669.4516690187,3844,12,1664.195652173913,80,104,40,32.018011503831886,0.6561197916666667,37.66718106995885,8416.215900433928,105.20269875542411,0
3847,31.961160547864395,0,1,183,0.0,0.005434782608695652,0.9945652173913043,184,4950,3500,1450,0.7070707070707071,64,35,29,215.6889954477333,0.39451547279638866,0.7709498121438056,0.15069403888431565,1100635.4537622943,5728.9910752300875,1106364.4448375243,3845,13,1665.195652173913,82,102,40,31.902268343615024,0.6563770325203252,37.56275100401608,8387.799048900542,102.29023230366515,0
3848,31.652316586382746,0,0,183,0.0,0.0,1.0,183,5350,3600,1750,0.6728971962616822,71,36,35,212.16957025128687,0.39469364879200947,0.7659328047843172,0.14892379620740634,1091263.1972253718,4356.568717270307,1095619.7659426422,3846,14,1673.0655737704917,69,114,39,31.83936869545507,0.6639492753623188,37.41071428571427,8311.559203620649,120.4573797626181,0
3849,31.78231073935645,0,0,183,0.0,0.0,1.0,183,5300,3700,1600,0.6981132075471698,69,37,32,214.7400708534011,0.3947511959807042,0.767815410043585,0.1512641899567659,1096714.2100258744,5201.697433377498,1101915.9074592518,3847,15,1674.0655737704917,70,113,40,31.65326333817341,0.6645833333333333,37.29460093896712,8349.384625864357,119.27692322663367,0
3850,31.578849723581854,0,1,182,0.0,0.00546448087431694,0.994535519125683,183,4750,3500,1250,0.7368421052631579,60,35,25,214.2756814045254,0.3947862247042575,0.7671286292222455,0.15119172205396167,1090149.838102003,5368.5198784676995,1095518.3579804709,3848,16,1675.0655737704917,71,112,38,31.609266600594616,0.664612676056338,37.239583333333314,8297.671711222381,116.86861565101945,0
3851,32.06113037113489,0,0,182,0.0,0.0,1.0,182,4400,3600,800,0.8181818181818182,52,36,16,214.2415136217568,0.3942744065326938,0.7652575293822033,0.15159271632660268,1107569.8457573955,6657.488039375759,1114227.3337967712,3849,17,1674.7032967032967,73,109,39,31.51670638533356,0.6645262557077626,37.14808558558557,8427.329496342889,115.44286981291629,0
3852,32.01036459721059,0,0,182,0.0,0.0,1.0,182,4950,3600,1350,0.7272727272727273,63,36,27,214.09524241242545,0.3941283164349463,0.7644166694826009,0.152086094637808,1106891.6864049707,6046.048785033963,1112937.7351900046,3850,18,1675.7032967032967,75,107,40,31.39001450634977,0.6648611111111111,37.02028508771929,8418.076556012576,112.24102074683435,0
3853,31.75955780207525,0,0,182,0.0,0.0,1.0,182,4300,3300,1000,0.7674418604651163,53,33,20,213.62183560094758,0.394100489749661,0.7633474055010336,0.1520675567702151,1098785.5759306732,6244.918332430845,1105030.494263104,3851,19,1676.7032967032967,77,105,40,31.333187372019427,0.6646374458874459,36.95245726495725,8354.27363818742,108.49706023620026,0
3854,31.319166597627518,0,0,182,0.0,0.0,1.0,182,4650,3400,1250,0.7311827956989247,59,34,25,211.7309514427317,0.39413147855827413,0.7603339049352011,0.1512116685916622,1084415.1250831268,4870.849238547927,1089285.9743216748,3852,20,1677.7032967032967,82,100,35,31.275634299885535,0.6636178861788617,36.84738955823293,8241.720447026282,100.5087859393449,0
3855,30.99583035543182,0,0,182,0.0,0.0,1.0,182,4350,3000,1350,0.6896551724137931,57,30,27,217.32073261189274,0.39369763523769047,0.7667061561070778,0.15577915577915585,1074194.2392652116,5938.935808918188,1080133.1750741298,3853,21,1678.7032967032967,84,98,36,31.006493506493506,0.6640625,36.727941176470594,8160.336072619399,97.1468580073738,0
3856,30.958155556972123,0,0,182,0.0,0.0,1.0,182,4600,3400,1200,0.7391304347826086,58,34,24,221.7019172971928,0.3937419049642807,0.7721518663729718,0.15946511400774013,1073787.7095063159,6612.1587935422995,1080399.8682998582,3854,22,1679.7032967032967,84,98,36,30.778409795893044,0.6651785714285714,36.617647058823536,8153.831853314292,97.06942682517014,0
3857,31.41803903265977,0,0,182,0.0,0.0,1.0,182,5450,3800,1650,0.6972477064220184,71,38,33,227.0194103902322,0.3932770728350839,0.7784829921508516,0.163977103850224,1090854.610654898,7679.034106468344,1098533.6447613663,3855,23,1680.7032967032967,84,98,38,30.5004921793858,0.6665426587301587,36.4828431372549,8279.19232008926,98.56181333439595,0
3858,30.99479228954238,0,0,182,0.0,0.0,1.0,182,5450,4000,1450,0.7339449541284404,69,40,29,220.82106050945566,0.3933346234796511,0.7726206400894604,0.15055500568626806,1060775.108265971,4998.296873865158,1065773.4051398362,3856,24,1681.7032967032967,67,115,41,32.5958901770205,0.6553171641791045,38.373161764705905,8109.069508472697,121.03088818615966,8
3859,31.097138808980592,0,1,181,0.0,0.005494505494505495,0.9945054945054945,182,4900,3700,1200,0.7551020408163265,61,37,24,218.31335831706906,0.393346639548297,0.7706319631925154,0.14950843733088462,1065486.5584570942,5221.989763693165,1070708.5482207874,3857,25,1682.7032967032967,68,114,42,32.509731833910024,0.65625,38.22463768115944,8140.464778800223,119.7127173352974,0
3860,31.35166483657492,0,0,181,0.0,0.0,1.0,181,5850,4600,1250,0.7863247863247863,71,46,25,215.2931045709611,0.3931412420708001,0.7658853705668331,0.14805132907553198,1075338.5244109866,4252.593877039678,1079591.1182880262,3858,26,1692.3867403314916,70,111,41,32.44804503697066,0.656547619047619,38.08685446009391,8211.413155260234,117.30590221800334,0
3861,31.383068909216885,0,0,181,0.0,0.0,1.0,181,4700,3500,1200,0.7446808510638298,59,35,24,218.3989490895894,0.3932397176181706,0.7686432563958991,0.1511262293198537,1078116.0449272252,6191.88224174638,1084307.9271689716,3859,27,1693.3867403314916,73,108,39,32.15539578969978,0.6571061643835616,37.880067567567586,8226.127902006347,112.68668358912804,0
3862,31.274620964755496,0,0,181,0.0,0.0,1.0,181,5300,3500,1800,0.660377358490566,71,35,36,218.7283279829079,0.3930107939431144,0.7676693952216409,0.15209248852765045,1075708.8292051852,5557.598721700471,1081266.4279268857,3860,28,1694.3867403314916,75,106,39,31.98247630992197,0.6577777777777778,37.71929824561405,8202.729533738535,109.3697271165138,0
3863,31.097469232702718,0,0,181,0.0,0.0,1.0,181,4450,3200,1250,0.7191011235955056,57,32,25,221.41582703576353,0.3929506854921219,0.7703454550312239,0.15429989081651616,1070206.1589619613,6742.116357066279,1076948.2753190275,3861,29,1695.3867403314916,77,104,39,31.837988886060945,0.6576028138528138,37.646901709401725,8158.5174021961475,105.95477145709282,0
3864,31.277622205161535,0,1,180,0.0,0.0055248618784530384,0.994475138121547,181,4750,3200,1550,0.6736842105263158,63,32,31,225.49368140906898,0.39259770820544304,0.7748060451068455,0.15766017622054476,1077295.0924878397,7634.647273801396,1084929.7397616412,3862,30,1696.3867403314916,80,101,40,31.620241070116133,0.657421875,37.53858024691359,8209.169130467384,102.6146141308423,0
3865,31.18080892662152,0,0,180,0.0,0.0,1.0,180,4450,2800,1650,0.6292134831460674,61,28,33,226.13272070884756,0.39198867163252643,0.7731167263454859,0.15860267534647893,1074801.048686423,8159.5370720365045,1082960.5857584595,3863,31,1704.4722222222222,64,116,41,31.498463948567704,0.6666666666666667,37.435897435897424,8186.961113041113,127.92126739126739,0
3866,31.675702108739976,0,0,180,0.0,0.0,1.0,180,5150,3900,1250,0.7572815533980582,64,39,25,223.90351121255398,0.3918444806538382,0.770518838464523,0.15800389323604896,1093525.680164287,7818.84787797599,1101344.5280422631,3864,32,1705.4722222222222,66,114,39,31.352311500305724,0.6674558080808081,37.23569651741293,8323.243801924968,126.10975457462072,0
3867,31.376681298893647,0,1,179,0.0,0.005555555555555556,0.9944444444444445,180,4150,2800,1350,0.6746987951807228,55,28,27,223.93315170193142,0.39190396751500106,0.7710242063954615,0.15837778305448214,1083802.245106986,8389.85051368725,1092192.0956206734,3865,33,1706.4722222222222,67,113,39,31.27719819714806,0.6675995024875622,37.162990196078425,8246.95309017182,123.08885209211672,0
3868,31.064262240361067,0,0,179,0.0,0.0,1.0,179,5000,3700,1300,0.74,63,37,26,223.55322826522212,0.391538771368192,0.768058211804115,0.15832516774925925,1073373.6980719436,7191.231067792718,1080564.9291397363,3866,34,1716.2737430167597,70,109,40,31.241744800386936,0.6663690476190476,37.118544600938975,8166.218468644233,116.66026383777476,0
3869,31.540854967570116,0,0,179,0.0,0.0,1.0,179,4950,3500,1450,0.7070707070707071,64,35,29,222.88889183557626,0.3910352980562007,0.7674378408637592,0.15832738696852638,1090647.2174985695,7868.629938362289,1098515.847436932,3867,35,1717.2737430167597,73,106,39,31.159895443028955,0.665810502283105,37.021396396396405,8294.56999583539,113.62424651829302,0
3870,31.5479367656425,0,0,179,0.0,0.0,1.0,179,4400,3300,1100,0.75,55,33,22,230.58248707526573,0.3907842152616492,0.7629457482593471,0.14825520353155186,1063213.3776693076,8831.676982936102,1072045.0546522439,3868,36,1718.2737430167597,71,108,40,34.39264651249186,0.6327758215962441,40.379050925925895,8190.505284424912,115.35922935809735,8
3871,32.047639261182475,1,0,180,0.005555555555555556,0.0,1.0,180,5050,3900,1150,0.7722772277227723,62,39,23,227.9574272896817,0.3916763656114215,0.7616428498304824,0.1470130196057986,1080935.9474492103,8231.475529091102,1089167.4229783015,3869,0,1709.7222222222222,73,107,38,34.35241766480587,0.6328481735159817,40.27308558558557,8323.63445957313,114.02238985716616,0
3872,32.13001842804138,1,0,181,0.0055248618784530384,0.0,1.0,181,4450,2900,1550,0.651685393258427,60,29,31,225.8808859632148,0.3921603233067321,0.7619023828468414,0.14649515773082397,1085347.6563807495,8381.858040276264,1093729.5144210258,3870,0,1701.2707182320441,77,104,43,34.20630384147698,0.6329816017316017,40.077457264957246,8351.31608794025,108.45865049273051,0
3873,32.06173452277407,0,1,180,0.0,0.0055248618784530384,0.994475138121547,181,4700,3400,1300,0.723404255319149,60,34,26,223.61102994185515,0.39202859627583386,0.7604287230073383,0.1456573300717671,1084302.245464987,7592.388375337846,1091894.6338403248,3871,1,1702.2707182320441,78,103,37,34.11062242276752,0.6340811965811965,39.92616033755271,8338.418403575804,106.90280004584365,0
3874,32.545090836480455,1,1,180,0.0055248618784530384,0.0055248618784530384,0.994475138121547,181,5850,4200,1650,0.717948717948718,75,42,33,220.25719970724018,0.39254271536730095,0.7576108402932584,0.14411590520446796,1101957.6924730903,6492.8231079946045,1108450.5155810849,3872,0,1695.6961325966852,82,99,38,34.039868177799214,0.6340193089430894,39.7715863453815,8469.157360622698,103.28240683686217,0
3875,32.89205385920249,0,0,180,0.0,0.0,1.0,180,5400,3900,1500,0.7222222222222222,69,39,30,216.51446822776168,0.3921988154355473,0.7517958500046553,0.14214300488965997,1114695.16551347,6869.526199440683,1121564.6917129108,3873,1,1705.4888888888888,85,95,39,34.01918364814984,0.6340686274509804,39.656007751937956,8563.24861494297,100.74410135227023,0
3876,33.191942468983925,0,0,180,0.0,0.0,1.0,180,4350,3300,1050,0.7586206896551724,54,33,21,213.91996807558442,0.3920636768052969,0.748191330905086,0.14097754688990072,1125993.649065071,7824.505092262145,1133818.154157333,3874,2,1706.4888888888888,70,110,41,33.95255998648196,0.6419642857142858,39.524647887323944,8645.682901912272,123.5097557416039,0
3877,33.545240937866716,0,0,180,0.0,0.0,1.0,180,4850,3600,1250,0.7422680412371134,61,36,25,213.9482948297654,0.3918593523691289,0.7491189399766136,0.14190545915752503,1139902.5654381458,7926.042029513182,1147828.607467659,3875,3,1707.4888888888888,70,110,38,33.72704335265535,0.6441964285714286,39.30457746478873,8745.09076034262,124.92986800489457,0
3878,33.59394961598641,2,0,182,0.01098901098901099,0.0,1.0,182,6100,4900,1200,0.8032786885245902,73,49,24,207.41293806221165,0.39438255115050697,0.7429964000533329,0.13841404579473338,1143382.3379262711,4930.458007545367,1148312.7959338166,3876,0,1689.7142857142858,76,106,39,33.684840471499186,0.6433662280701755,39.096320346320326,8764.785068911124,115.32611932777795,0
3879,33.91680862048579,0,0,182,0.0,0.0,1.0,182,5050,3600,1450,0.7128712871287128,65,36,29,209.29757577467112,0.3943774917531824,0.742700585107535,0.14043718393474217,1156012.643546408,6940.128771826209,1162952.7723182342,3877,1,1690.7142857142858,78,104,42,33.44633267680082,0.6443643162393162,38.910864978902936,8855.310225398676,113.529618274342,0
3880,33.966493720518706,0,0,182,0.0,0.0,1.0,182,5350,3700,1650,0.6915887850467289,70,37,33,212.21704760030178,0.39384562260943473,0.746105855857091,0.14279979060095435,1158555.4886502186,7423.045056494824,1165978.5337067135,3878,2,1691.7142857142858,79,103,32,33.27231541951245,0.6449103375527426,38.815104166666664,8871.535124217238,112.29791296477516,0
3881,34.224283106619716,0,0,182,0.0,0.0,1.0,182,4450,3600,850,0.8089887640449438,53,36,17,212.67496758017717,0.3940018315018315,0.7484320114389158,0.14340568469684958,1167975.8315644169,8829.844422478493,1176805.6759868953,3879,3,1692.7142857142858,81,101,35,33.18867710460628,0.6448045267489713,38.74491869918698,8941.26786548195,110.38602303064135,0
3882,33.87490101669581,0,2,180,0.0,0.01098901098901099,0.989010989010989,182,4200,3000,1200,0.7142857142857143,54,30,24,215.5745737064832,0.3943427083965758,0.7521031137678269,0.1457092800092151,1156766.7621573263,9273.900325978642,1166040.662483305,3880,4,1693.7142857142858,84,98,35,33.03048065650642,0.644469246031746,38.664215686274495,8852.723825747978,105.3895693541426,0
3883,33.93165297440979,0,0,180,0.0,0.0,1.0,180,4700,3500,1200,0.7446808510638298,59,35,24,219.24033860345895,0.3917662424994827,0.7566371494834496,0.14850855841134045,1159351.680717191,10135.331008185252,1169487.0117253761,3881,9,1713.4888888888888,83,97,39,32.86013598987983,0.6455823293172691,38.59126984126984,8870.030316227161,106.867835135267,0
3884,33.47685216378769,0,0,180,0.0,0.0,1.0,180,4000,2800,1200,0.7,52,28,24,215.1536333249052,0.39170481584936895,0.751409024126882,0.14631845681261516,1144976.0242000618,9269.150335309876,1154245.1745353716,3882,10,1714.4888888888888,74,106,42,32.831169348414846,0.6507601351351351,38.45833333333336,8755.591709670698,118.31880688744187,0
3885,33.425072951960615,1,0,181,0.0055248618784530384,0.0,1.0,181,5050,3700,1350,0.7326732673267327,64,37,27,213.07130545508477,0.39294429097605893,0.7509974334577945,0.1457745268014502,1144960.7766712033,7541.657476040633,1152502.4341472439,3883,0,1706.011049723757,76,105,42,32.68059575494454,0.6518640350877193,38.257575757575786,8748.759624926128,115.11525822271221,0
3886,33.48134776232754,0,0,181,0.0,0.0,1.0,181,5750,4700,1050,0.8173913043478261,68,47,21,218.29104560864303,0.39242633517495396,0.7534660690086512,0.14998904710530903,1148144.2416871141,8175.921405484913,1156320.163092599,3884,1,1707.011049723757,77,104,44,32.397586265510824,0.6528679653679654,38.11431623931627,8768.285651966458,113.87383963592804,0
3887,33.70918419293954,0,0,181,0.0,0.0,1.0,181,5300,4000,1300,0.7547169811320755,66,40,26,220.14268236947856,0.3929059238796808,0.7530034470386939,0.15177552852498868,1156952.9905795723,9438.946944315745,1166391.937523888,3885,2,1708.011049723757,80,101,41,32.23383890443234,0.652734375,38.001543209876566,8831.754238204245,110.39692797755306,0
3888,33.318892011316635,0,0,181,0.0,0.0,1.0,181,3800,2400,1400,0.631578947368421,52,24,28,218.20991832248404,0.3929903314917127,0.7511328705152158,0.15073497340934316,1144118.9193363283,9931.61918791835,1154050.5385242465,3886,3,1709.011049723757,80,101,43,32.21877351392027,0.6533854166666666,37.93724279835394,8731.640707389626,109.14550884237033,0
3889,33.66617999904309,0,1,180,0.0,0.0055248618784530384,0.994475138121547,181,4350,2800,1550,0.6436781609195402,59,28,31,192.52201102392547,0.39289697155719255,0.7343830312610582,0.13327009112627117,1156658.3490980214,3986.438287193145,1160644.7873852146,3887,4,1710.011049723757,84,97,45,32.82102228455666,0.6525297619047619,37.86764705882354,8824.994977690374,105.0594640201235,8
3890,33.98305871383608,0,0,180,0.0,0.0,1.0,180,4900,3300,1600,0.673469387755102,65,33,32,195.05630879044662,0.3914552296710118,0.7364584144789781,0.13527486958092805,1168091.1521109804,4668.7096923098525,1172759.8618032902,3888,16,1720.4888888888888,84,96,37,32.69212043312301,0.6531498015873016,37.80637254901963,8910.141436060389,106.07311233405224,0
3891,34.29344736546924,0,0,180,0.0,0.0,1.0,180,5500,3600,1900,0.6545454545454545,74,36,38,195.53712450637832,0.3911739602731223,0.7378287819545755,0.1359717692376732,1179554.5919431841,4629.342621373296,1184183.9345645574,3889,17,1721.4888888888888,85,95,37,32.5894369015732,0.6536764705882353,37.718023255813975,8994.553164388039,105.81827252221221,0
3892,33.78572002833786,0,1,179,0.0,0.005555555555555556,0.9944444444444445,180,5500,3700,1800,0.6727272727272727,73,37,36,193.8919420490305,0.391341428719222,0.7357316528938331,0.13517519654728263,1162842.294406651,3593.1501518514106,1166435.4445585024,3890,18,1722.4888888888888,85,95,38,32.546156302417565,0.6545343137254902,37.63323643410855,8864.250018578377,104.28529433621621,0
3893,34.133846370929334,0,0,179,0.0,0.0,1.0,179,5000,3500,1500,0.7,65,35,30,191.90130825422494,0.39073713723767084,0.7320170169824893,0.13414161732345367,1175602.8912791265,4319.946564783099,1179922.8378439096,3891,19,1732.9944134078212,89,90,41,32.509775386605504,0.6540262172284644,37.54629629629632,8958.5544017037,100.65791462588426,0
3894,33.58866054470459,0,0,179,0.0,0.0,1.0,179,5100,3500,1600,0.6862745098039216,67,35,32,192.12091201085937,0.3905331324670977,0.733432169891836,0.13454235404019962,1157358.4371620403,3570.5516942068057,1160928.9888562472,3892,20,1733.9944134078212,73,106,42,32.44247904266538,0.661101598173516,37.48592342342342,8817.496206337211,120.78761926489331,0
3895,33.66891059948602,0,0,179,0.0,0.0,1.0,179,4800,3100,1700,0.6458333333333334,65,31,34,186.75174287074967,0.3905985186115122,0.7241834427446223,0.13159357208091244,1161912.9804879255,2797.8548340533057,1164710.8353219787,3893,21,1734.9944134078212,76,103,41,32.37727428767595,0.6617324561403508,37.28354978354977,8845.376675351952,116.38653520199937,0
3896,33.10891218869482,0,0,179,0.0,0.0,1.0,179,4300,2900,1400,0.6744186046511628,57,29,28,189.60015000925605,0.39049390078044904,0.7265278448302392,0.13410052109682644,1143646.7403268504,3267.1187047133117,1146913.8590315639,3894,22,1735.9944134078212,76,103,45,32.17838025631787,0.6629660087719298,37.16179653679652,8702.286998297472,114.50377629338779,0
3897,32.61823019448515,0,1,178,0.0,0.00558659217877095,0.994413407821229,179,4250,2800,1450,0.6588235294117647,57,28,29,208.21333885640468,0.39063775029816084,0.7436231924442707,0.13421030164867326,1100028.5440901937,5758.123200473412,1105786.667290667,3895,23,1736.9944134078212,77,102,43,34.88364743490855,0.6308170995670996,40.291132478632456,8471.24362436095,110.01615096572662,8
3898,32.60829410248872,1,0,179,0.00558659217877095,0.0,1.0,179,5150,3500,1650,0.6796116504854369,68,35,33,206.16322765217137,0.3915400790910803,0.742884378728466,0.13365456924861868,1101387.727475557,4463.129758569905,1105850.857234127,3896,0,1735.1787709497207,79,100,43,34.73278100629558,0.6319883966244726,40.091145833333314,8475.184356507467,107.28081463933502,0
3899,33.006300375727484,0,0,179,0.0,0.0,1.0,179,4850,3600,1250,0.7422680412371134,61,36,25,205.6492022784025,0.3913923064047036,0.7420881178048684,0.13361322456602423,1115482.1388805993,5229.602403320029,1120711.7412839194,3897,1,1736.1787709497207,81,98,44,34.66867813283818,0.6319444444444444,40.015243902439,8581.134952866292,105.9399376897073,0
3900,33.213258881869706,1,1,179,0.005555555555555556,0.005555555555555556,0.9944444444444445,180,5000,3900,1100,0.78,61,39,22,204.93509417759023,0.39248655079660666,0.7429888126112392,0.13366662112777072,1123636.4150034955,5054.50690602189,1128690.9219095174,3898,0,1727.5277777777778,83,97,37,34.550200228832935,0.6325301204819277,39.88095238095236,8639.40126867676,104.08917191176819,0
3901,33.009104175026785,2,1,180,0.011049723756906077,0.0055248618784530384,0.994475138121547,181,5350,3700,1650,0.6915887850467289,70,37,33,206.95286965359463,0.39381394516063023,0.7484669800103934,0.13572243276549809,1118349.6917768787,4739.135597887287,1123088.8273747659,3899,0,1718.9723756906078,85,96,41,34.3052033409334,0.6337009803921569,39.69234496124029,8592.522502731292,101.08850003213284,0
3902,33.40623765902128,0,0,180,0.0,0.0,1.0,180,4900,3700,1200,0.7551020408163265,61,37,24,208.25608371848878,0.39289584626525964,0.7493054247996844,0.13671793085647502,1132113.1599717604,6253.890604375827,1138367.0505761362,3900,1,1729.5055555555555,84,96,42,34.235058526328984,0.6344246031746033,39.656862745098,8697.084716032352,103.53672280990895,0
3903,33.08703062691048,0,0,180,0.0,0.0,1.0,180,5350,4000,1350,0.7476635514018691,67,40,27,208.15343014063623,0.39265272605007245,0.7506627420489473,0.13728976787957134,1122677.0129280991,5387.814236205468,1128064.8271643047,3901,2,1730.5055555555555,71,109,43,34.074058647117624,0.641725352112676,39.49652777777778,8619.286363833191,121.39839949060833,0
3904,32.81478715206124,0,0,180,0.0,0.0,1.0,180,5050,3600,1450,0.7128712871287128,65,36,29,210.31089185207574,0.3925156476308711,0.75256049643159,0.13912339680247654,1114305.3997603916,5820.112483838313,1120125.51224423,3902,3,1731.5055555555555,71,109,40,33.91445298765706,0.6427523474178404,39.395254629629626,8551.689250145813,120.44632746684245,0
3905,32.98433303062985,0,0,180,0.0,0.0,1.0,180,4200,2700,1500,0.6428571428571429,57,27,30,206.95977196007647,0.392516940823505,0.7470462656316619,0.13741695434542855,1121156.0794846336,6206.841308358516,1127362.9207929922,3903,4,1732.5055555555555,75,105,44,33.871990485202126,0.6420833333333333,39.26809210526315,8600.068081711492,114.66757442281988,0
3906,32.855223815085616,0,0,180,0.0,0.0,1.0,180,4850,3100,1750,0.6391752577319587,66,31,35,205.9056804049996,0.3926016449410304,0.7459735836661305,0.13713531688735064,1117659.7914799105,5176.499965196235,1122836.2914451067,3904,5,1733.5055555555555,76,104,42,33.793198831319245,0.6426809210526316,39.16396103896104,8569.826439105334,112.7608741987544,0
3907,32.78370801373498,0,0,180,0.0,0.0,1.0,180,5200,3500,1700,0.6730769230769231,69,35,34,206.33114702983704,0.3925065952824333,0.7466889573893463,0.13780246603352858,1116038.368977245,4854.695360076761,1120893.0643373218,3905,6,1734.5055555555555,78,102,42,33.68527548975021,0.6427617521367521,39.069092827004226,8554.282672518497,109.67029067331406,0
3908,32.97977252812073,0,0,180,0.0,0.0,1.0,180,5150,3700,1450,0.7184466019417476,66,37,29,203.84152779851945,0.39249948272294644,0.7355617704163018,0.13694136777213,1124426.6685403732,4690.970002533482,1129117.6385429066,3906,7,1735.5055555555555,91,89,39,33.547104669817465,0.6399954212454213,38.87001811594201,8612.00740280846,94.63744398690615,8
3909,33.166093593037345,1,0,181,0.0055248618784530384,0.0,1.0,181,5450,3800,1650,0.6972477064220184,71,38,33,202.58223165831095,0.3934034172293841,0.7378523513582202,0.1368463646508172,1132388.9688822932,4230.376884285325,1136619.3457665786,3907,0,1726.9116022099447,94,87,41,33.39041694640257,0.6409574468085106,38.684210526315766,8666.823931022585,92.20025458534666,0
3910,33.342112445141275,0,1,180,0.0,0.0055248618784530384,0.994475138121547,181,5050,3900,1150,0.7722772277227723,62,39,23,206.30528016048416,0.39322820748925724,0.7455483998338108,0.13986172291346075,1139449.906386124,5764.906433165203,1145214.8128192893,3908,1,1727.9116022099447,94,87,42,33.17002544422538,0.6421764184397163,38.56359649122806,8716.84196304278,92.73236130896574,0
3911,33.042389766649784,0,1,179,0.0,0.005555555555555556,0.9944444444444445,180,5050,3600,1450,0.7128712871287128,65,36,29,205.21384281971228,0.3920151820815229,0.7436577985875659,0.13962205834613994,1130247.9168574673,5338.503671459273,1135586.4205289267,3909,2,1738.4611111111112,73,107,43,33.07562160271246,0.651398401826484,38.44313063063064,8642.464023847424,118.38991813489622,0
3912,33.28336965574416,0,0,179,0.0,0.0,1.0,179,4900,3500,1400,0.7142857142857143,63,35,28,199.66832504145867,0.3916250810788191,0.7327607771199864,0.13650793650793674,1139900.5614062226,4820.407161960034,1144720.9685681828,3910,3,1748.1843575418995,79,100,42,33.0555555555556,0.6503164556962026,38.28125000000002,8710.881902089342,110.26432787454864,0
3913,33.018478857642556,0,0,179,0.0,0.0,1.0,179,5250,3600,1650,0.6857142857142857,69,36,33,196.18252068243416,0.3914943087899902,0.7283864433017362,0.13482520840521792,1132329.2556674308,3378.6415238604986,1135707.8971912912,3911,4,1749.1843575418995,83,96,41,32.96976853386368,0.6504769076305221,38.10763888888891,8647.28738832536,104.18418540151036,0
3914,32.779148331479426,0,0,179,0.0,0.0,1.0,179,4550,3500,1050,0.7692307692307693,56,35,21,195.45798891021047,0.3916368505848136,0.7272819195264133,0.1346057708330663,1124712.7932160448,3616.8201327189536,1128329.6133487637,3912,5,1750.1843575418995,86,93,47,32.91855203619907,0.6500726744186047,38.03879310344829,8586.86525795549,99.8472704413429,0
3915,32.90464528737878,0,0,179,0.0,0.0,1.0,179,6300,5000,1300,0.7936507936507936,76,50,26,210.43036205234282,0.39154792542841,0.7523541989957638,0.13973382405701318,1118473.5791897553,4972.160042976191,1123445.7392327315,3913,6,1751.1843575418995,71,108,42,33.778391225539146,0.6440727699530516,39.26504629629631,8579.391165641537,120.83649529072586,8
3916,32.434599246628345,0,0,179,0.0,0.0,1.0,179,4200,2400,1800,0.5714285714285714,60,24,36,202.80694884202956,0.3917676228736426,0.7420129802779856,0.12054945345543652,1069449.4661451234,3378.3566339257673,1072827.8227790492,3914,7,1752.1843575418995,77,102,43,37.994424653734825,0.6013257575757576,43.20245726495725,8329.125386129996,108.17045956012981,8
3917,32.6546754118023,2,0,181,0.011049723756906077,0.0,1.0,181,4950,3800,1150,0.7676767676767676,61,38,23,195.52731900195658,0.3940454266421117,0.7362794228162066,0.11703069981876277,1078850.9500060044,1038.9667714774027,1079889.9167774818,3915,0,1733.8121546961327,82,99,40,37.92069459362689,0.6018800813008129,42.94678714859437,8393.989229223555,102.36572230760433,0
3918,32.575720300648115,2,0,183,0.01092896174863388,0.0,1.0,183,5900,4700,1200,0.7966101694915254,71,47,24,194.54069834351918,0.3964425829179927,0.7394163596314594,0.11708665250795565,1077945.809564627,-559.1338861655313,1077386.6756784616,3916,0,1715.8524590163934,88,95,43,37.73875872004856,0.6017992424242424,42.74344569288389,8380.317558617082,95.23088134792138,0
3919,32.59417106618186,1,0,184,0.005434782608695652,0.0,1.0,184,5850,4600,1250,0.7863247863247863,71,46,25,190.7342834509081,0.3974760186505108,0.7365365744148034,0.1155104528984126,1080460.5892896056,-1433.8247409802607,1079026.7645486253,3917,0,1707.5217391304348,75,109,42,37.605353277263184,0.6091666666666666,42.51644736842105,8392.462961201918,111.89950614935891,0
3920,32.07421042438274,0,0,184,0.0,0.0,1.0,184,4700,3500,1200,0.7446808510638298,59,35,24,190.02761417043462,0.3968653480636731,0.7360586011342152,0.11529896344451546,1063790.5129159791,-1070.085370686632,1062720.4275452925,3918,1,1708.5217391304348,75,109,46,37.553715874620835,0.6098611111111112,42.44791666666667,8260.779716071507,110.1437295476201,0
3921,32.191923905467284,1,0,185,0.005405405405405406,0.0,1.0,185,4600,2900,1700,0.6304347826086957,63,29,34,188.01665253461974,0.39764982373678026,0.7349489864687513,0.11453563204771275,1068900.7553828335,-1405.771616238595,1067494.983766595,3919,0,1700.281081081081,76,109,47,37.45734684235394,0.6108826754385965,42.302489177489186,8295.77865902662,109.15498235561343,0
3922,32.67880252484949,0,0,185,0.0,0.0,1.0,185,5050,3400,1650,0.6732673267326733,67,34,33,188.89347740285584,0.3976583920877399,0.7361014584931358,0.11551787027582963,1086255.055212844,-1012.701054882763,1085242.3541579612,3920,1,1701.281081081081,79,106,48,37.29105645894356,0.6110232067510548,42.16145833333334,8425.854786420203,106.65638970152155,0
3923,32.289523156936816,0,0,185,0.0,0.0,1.0,185,4350,3100,1250,0.7126436781609196,56,31,25,190.62700271668527,0.39777957305131223,0.7388650454313321,0.11688797901218471,1074115.7406938798,-398.90715614262626,1073716.8335377371,3921,2,1702.281081081081,80,105,42,37.14839789932031,0.6115885416666667,42.065329218107,8328.587525188823,104.10734406486029,0
3924,32.570388515062156,0,0,185,0.0,0.0,1.0,185,4750,3400,1350,0.7157894736842105,61,34,27,191.42546202164013,0.3979974539757149,0.7419339155440938,0.1118271382665274,1068533.9188973163,-841.0801778571458,1067692.8387194593,3922,3,1703.281081081081,84,101,40,38.944638471597635,0.5920138888888888,43.8480392156863,8342.968881640132,99.32105811476347,8
3925,32.93788937157721,4,0,189,0.021164021164021163,0.0,1.0,189,4700,3300,1400,0.7021276595744681,61,33,28,203.4720161393078,0.402492823370483,0.7588536837152149,0.11707899713993,1075789.2492811421,1278.601498445289,1077067.8507795874,3923,0,1668.2116402116403,77,112,38,39.217351168704475,0.5890151515151515,44.41773504273504,8418.340368499521,109.32909569479898,8
3926,33.11915089121498,0,0,189,0.0,0.0,1.0,189,4650,2800,1850,0.6021505376344086,65,28,37,203.5803285200067,0.40288448909902813,0.7595365916409591,0.11753597234261705,1082785.7819143303,1636.7770397824756,1084422.5589541127,3924,1,1669.2116402116403,78,111,40,39.08487168909748,0.5898771367521367,44.29061181434601,8468.877811620978,108.5753565592433,0
3927,32.95721033974387,0,0,189,0.0,0.0,1.0,189,5650,4000,1650,0.7079646017699115,73,40,33,204.42779330587334,0.4031155015197569,0.759985935789339,0.11843723121857547,1078598.8875253827,649.1180877967495,1079248.0056131794,3925,2,1670.2116402116403,83,106,41,38.92912970772141,0.5892319277108433,44.15922619047619,8431.798195923306,101.58793007136512,0
3928,33.20264247989118,1,1,189,0.005263157894736842,0.005263157894736842,0.9947368421052631,190,4650,2700,1950,0.5806451612903226,66,27,39,200.87806649648303,0.40380232989882114,0.7579079339546766,0.11693637266692848,1088153.0397773061,1067.2157365472954,1089220.2555138534,3926,0,1662.4157894736843,85,105,35,38.83725812556185,0.5903186274509804,43.98013565891474,8500.536023467323,100.00630615843909,0
3929,32.952504335878466,1,0,190,0.005263157894736842,0.0,1.0,190,5450,3600,1850,0.6605504587155964,73,36,37,205.93085000136756,0.40379594820384296,0.7641600495911665,0.12038514936145567,1081291.1222652015,1084.2399814012724,1082375.3622466028,3927,0,1663.4105263157894,86,104,39,38.54634043746493,0.5915697674418605,43.82183908045978,8441.711958458556,98.15944137742507,0
3930,32.440941230424286,0,0,190,0.0,0.0,1.0,190,4550,3000,1550,0.6593406593406593,61,30,31,203.82842907737262,0.4036659936879235,0.7625288464435285,0.11957295688319937,1065589.903715373,889.5032230023417,1066479.4069383754,3928,1,1664.4105263157894,70,120,42,38.467014882656,0.5997023809523809,43.69131455399059,8314.895001401239,118.78421430573198,0
3931,32.490189477700234,0,0,190,0.0,0.0,1.0,190,5350,4000,1350,0.7476635514018691,67,40,27,203.32077407311564,0.4038313376032674,0.76234736724977,0.11981926535049685,1068620.58747844,104.55300731643092,1068725.1404857566,3929,2,1665.4105263157894,72,118,40,38.30695263528799,0.6004050925925926,43.521689497716864,8333.028905139543,115.73651257138255,0
3932,32.78110513088614,0,1,189,0.0,0.005263157894736842,0.9947368421052631,190,4350,2800,1550,0.6436781609195402,59,28,31,202.73178309484325,0.4042699340944955,0.7621866257062939,0.11987018079908765,1079228.434684707,1408.7809860571256,1080637.2156707642,3930,3,1666.4105263157894,73,117,45,38.19594922010716,0.6011700913242009,43.39808558558556,8411.694333205507,115.22868949596585,0
3933,32.970941026237675,1,0,190,0.005263157894736842,0.0,1.0,190,5050,3500,1550,0.693069306930693,66,35,31,207.3240037205668,0.40451998050682264,0.7674743526015304,0.1234654958286341,1087720.2593836773,2052.103820679183,1089772.3632043565,3931,0,1667.0894736842106,75,115,43,37.80775883535203,0.6029166666666667,43.1332236842105,8469.139333507614,112.92185778010152,0
3934,33.04024429234492,0,0,190,0.0,0.0,1.0,190,4450,3300,1150,0.7415730337078652,56,33,23,210.39268204998254,0.4041695674371113,0.7705376018057644,0.12557248043269623,1090704.6438254586,3445.255067761437,1094149.8988932201,3932,1,1668.0894736842106,75,115,38,37.64496763926672,0.60375,43.05098684210523,8489.658165413714,113.19544220551619,0
3935,32.93346399860407,0,1,189,0.0,0.005263157894736842,0.9947368421052631,190,5800,4500,1300,0.7758620689655172,71,45,26,206.71513236858124,0.40420263622018004,0.7662586953668471,0.12372054937283629,1088045.2712934501,1183.0844556863954,1089228.3557491365,3933,2,1669.0894736842106,77,113,39,37.635078969243516,0.6038961038961039,42.94871794871791,8465.589143230833,109.94271614585497,0
3936,32.51984966843291,2,0,191,0.010471204188481676,0.0,1.0,191,4750,3600,1150,0.7578947368421053,59,36,23,200.11616825623616,0.40595320106549093,0.7594518768221468,0.1206060948067994,1076513.5523773949,135.55343553456987,1076649.1058129293,3934,0,1658.8272251308902,70,121,44,37.544546128406886,0.6098214285714285,42.69366197183098,8367.56343141102,119.53662044872885,0
3937,32.78077777216391,1,1,191,0.005208333333333333,0.005208333333333333,0.9947916666666666,192,6000,4500,1500,0.75,75,45,30,223.18170205256627,0.40683173356602675,0.7819801115168654,0.13093223695398956,1076766.8308467446,3662.930804424692,1080429.7616511693,3935,0,1651.1822916666667,68,124,38,37.969234695880935,0.600796568627451,43.689613526570035,8402.053819682926,123.55961499533714,8
3938,32.74941317728497,1,0,192,0.005208333333333333,0.0,1.0,192,4800,3500,1300,0.7291666666666666,61,35,26,220.033478632506,0.4076015079624782,0.7794960123372046,0.12963954297185123,1077077.389055444,4198.616934057131,1081276.005989501,3936,0,1649.234375,70,122,39,37.886729401445365,0.6013392857142856,43.52992957746478,8399.244303874955,119.98920434107079,0
3939,32.67070479494916,0,0,192,0.0,0.0,1.0,192,5600,4000,1600,0.7142857142857143,72,40,32,221.674094936645,0.40711123836532864,0.7797909101427605,0.13127985774141732,1076090.7426222814,3708.28828809931,1079799.0309103807,3937,1,1650.234375,75,117,35,37.649302217950094,0.6008333333333333,43.338815789473685,8385.301781664173,111.80402375552231,0
3940,32.710471357110286,0,0,192,0.0,0.0,1.0,192,4700,3100,1600,0.6595744680851063,63,31,32,219.40526902133868,0.4072555355584642,0.7779612483756537,0.13039294979846786,1078491.7527128477,4225.354628251591,1082717.1073410993,3938,2,1651.234375,76,116,39,37.57474186071016,0.6016995614035088,43.20887445887447,8399.75875677312,110.52314153648842,0
3941,32.79657224920123,4,4,192,0.02040816326530612,0.02040816326530612,0.9795918367346939,196,6300,4700,1600,0.746031746031746,79,47,32,219.39237115943155,0.40987212192569333,0.7855557840264566,0.13185032172350902,1084799.9456931923,2099.366463850573,1086899.3121570428,3939,0,1618.515306122449,81,115,36,37.15442411221418,0.6037808641975309,42.79725609756098,8435.368373089159,104.14035028505134,0
3942,32.82589976621359,1,0,193,0.0051813471502590676,0.0,1.0,193,6250,4700,1550,0.752,78,47,31,226.97418925604404,0.4080445811744387,0.792120222739856,0.13703779997940038,1087197.752421943,4503.165683392521,1091700.9181053354,3940,0,1639.5699481865286,64,129,40,36.78652968036529,0.6139322916666667,42.62820512820511,8448.460741111983,132.00719907987474,0
3943,32.67261420656488,0,0,193,0.0,0.0,1.0,193,5850,4300,1550,0.7350427350427351,74,43,31,228.21294288916226,0.408123290875072,0.7926874255914962,0.13827019480931504,1083199.2628670137,4990.018302850118,1088189.2811698639,3941,1,1640.5699481865286,64,129,37,36.62351672060409,0.615234375,42.49999999999997,8413.198158190398,131.45622122172497,0
3944,32.99403672985915,4,0,197,0.02030456852791878,0.0,1.0,197,5450,4000,1450,0.7339449541284404,69,40,29,218.30688508634702,0.41144052798784486,0.7886274781564189,0.1338157266324258,1097448.2134085156,3066.1002025578273,1100514.3136110734,3942,0,1608.238578680203,70,127,42,36.446838263177845,0.6160714285714286,42.077464788732385,8509.905600218934,121.57008000312763,0
3945,33.17385082462807,1,2,196,0.005050505050505051,0.010101010101010102,0.98989898989899,198,5050,3800,1250,0.7524752475247525,63,38,25,217.98243937707923,0.41217697277341947,0.7872391104766647,0.13456802156226907,1105620.3098339296,3551.1624324884992,1109171.4722664182,3943,0,1601.111111111111,73,125,38,36.19367128291803,0.6171518264840183,41.82150900900901,8564.774746262729,117.32568145565382,0
3946,32.74820633883621,0,0,196,0.0,0.0,1.0,196,5800,4200,1600,0.7241379310344828,74,42,32,220.99850748508052,0.4109377725449154,0.7887117025327532,0.13652337705386752,1091642.6896492506,3250.281023896697,1094892.9706731474,3944,2,1618.4438775510205,71,125,38,36.09062447470163,0.6183978873239437,41.796875,8455.689214832319,119.09421429341293,0
3947,32.42812159881254,1,0,197,0.005076142131979695,0.0,1.0,197,5950,4200,1750,0.7058823529411765,77,42,35,220.89232318158753,0.41157002140957905,0.7898167069264381,0.13707381844134167,1082327.8130889717,2465.581015454075,1084793.3941044258,3945,0,1611.2233502538072,65,132,39,35.92801873345552,0.6233974358974359,41.63510101010102,8378.288361309376,128.89674402014424,0
3948,32.57892403303511,0,1,196,0.0,0.005076142131979695,0.9949238578680203,197,5800,4100,1700,0.7068965517241379,75,41,34,217.68394565164138,0.4113380123623053,0.78668784321053,0.135551059191168,1088404.2330520693,2185.6255829445236,1090589.858635014,3946,1,1612.2233502538072,66,131,38,35.88430771081438,0.6240530303030303,41.51119402985074,8421.287173091434,127.59526019835506,0
3949,32.75007474682366,1,0,197,0.005076142131979695,0.0,1.0,197,5000,3700,1300,0.74,63,37,26,213.81391678053018,0.411475059566974,0.7772922545777168,0.12858681321321444,1083475.9851565694,1932.4488247936188,1085408.433981363,3947,0,1613.0659898477156,81,116,43,37.27195375903335,0.6040380658436214,42.771849593495915,8424.241152800152,104.00297719506361,8
3950,32.604575421975696,1,1,197,0.005050505050505051,0.005050505050505051,0.9949494949494949,198,5050,3800,1250,0.7524752475247525,63,38,25,217.96356803870054,0.4123655121434309,0.7828234751128609,0.13197160128222185,1080737.7979042053,2462.2933090976785,1083200.091213303,3948,0,1605.9141414141413,67,131,42,36.912482151356485,0.6131840796019901,42.52450980392157,8394.8790394082,125.29670208071941,0
3951,32.85320143066134,3,0,200,0.015,0.0,1.0,200,5150,3400,1750,0.6601941747572816,69,34,35,228.87361391400066,0.41511777638190955,0.7948310646572672,0.13261775318904168,1075236.9658260618,4068.6740365069136,1079305.6398625688,3949,0,1583.335,66,134,43,38.29859423108083,0.5972222222222222,44.15422885572138,8405.35265458584,127.35382809978546,8
3952,32.41068771686498,2,0,202,0.009900990099009901,0.0,1.0,202,5500,3700,1800,0.6727272727272727,73,37,36,224.66952562321697,0.4174034940807514,0.7916875808563852,0.13112858270827454,1063012.3520592067,1865.2961737523756,1064877.648232959,3950,0,1568.648514851485,70,132,42,38.12785224647229,0.5977678571428571,43.88204225352112,8300.95914720233,118.58513067431899,0
3953,32.421475883538385,0,0,202,0.0,0.0,1.0,202,5200,3500,1700,0.6730769230769231,69,35,34,229.6913213034554,0.41751073428238344,0.794292843918537,0.13453348819202487,1064462.9093794622,3299.5784267781964,1067762.4878062403,3951,1,1569.648514851485,74,128,43,37.86415989159893,0.5971283783783784,43.75000000000003,8308.003195156778,112.27031344806457,0
3954,32.303592784026236,0,0,202,0.0,0.0,1.0,202,5100,3400,1700,0.6666666666666666,68,34,34,209.09411740442218,0.41786939888018654,0.7788011492597955,0.12151823973411358,1058175.3833266606,-1248.3504328449758,1056927.0328938155,3952,2,1570.648514851485,81,121,36,38.690247241385016,0.5911779835390947,44.04217479674798,8268.357355250853,102.07848586729449,7
3955,31.976498478564164,1,0,203,0.0049261083743842365,0.0,1.0,203,5700,4000,1700,0.7017543859649122,74,40,34,209.51557885579518,0.41882895186070335,0.7801800740094744,0.12231496084039448,1048849.4734913877,-2349.939085771155,1046499.5344056166,3953,0,1563.9064039408868,84,119,39,38.50627990430619,0.591765873015873,43.872549019607845,8190.059046593036,97.50070293563138,0
3956,31.617812847052424,1,1,203,0.004901960784313725,0.004901960784313725,0.9950980392156863,204,5450,3700,1750,0.6788990825688074,72,37,35,204.90448806927054,0.4197334106056216,0.7763829108879319,0.12001548586914446,1038077.0194510792,-3708.671950580414,1034368.3475004988,3954,0,1557.235294117647,87,117,42,38.499322493224945,0.5919540229885057,43.75000000000001,8102.064542057204,93.12717864433567,0
3957,32.06983468632135,3,1,205,0.014563106796116505,0.0048543689320388345,0.9951456310679612,206,5300,3900,1400,0.7358490566037735,67,39,28,202.49094109366752,0.42100649222511644,0.7778908049771545,0.11977083447476693,1055921.62014069,-3737.0874833123785,1052184.5326573774,3955,0,1543.0825242718447,76,130,44,38.188513715360145,0.5999177631578947,43.384740259740255,8229.608957857536,108.2843283928623,0
3958,32.198238941580705,1,2,204,0.0048543689320388345,0.009708737864077669,0.9902912621359223,206,5700,4000,1700,0.7017543859649122,74,40,34,202.08817541383092,0.42127239718999127,0.7768889774727508,0.1201179790058984,1061645.305703389,-3990.807446748518,1057654.4982566405,3956,0,1544.0533980582525,81,125,46,38.014211806414394,0.5996656378600823,43.20376016260164,8268.38668958405,102.07884801955616,0
3959,32.55244561818176,1,0,205,0.004878048780487805,0.0,1.0,205,5700,3800,1900,0.6666666666666666,76,38,38,202.99922412303127,0.42166925713374775,0.7773061209981784,0.12132435937108228,1075020.4070186985,-3054.3382917552985,1071966.068726943,3957,0,1546.0926829268292,88,117,36,37.78387527704407,0.5991950757575757,43.00093632958804,8365.948044054798,95.06759140971361,0
3960,32.50157678964023,0,0,205,0.0,0.0,1.0,205,6150,4200,1950,0.6829268292682927,81,42,39,200.94424512920696,0.4219103698389925,0.7744894397021633,0.1204233564040365,1074176.9636484615,-3980.064180894795,1070196.8994675667,3958,1,1547.0926829268292,91,114,36,37.73455505644371,0.5992445054945055,42.90081521739133,8356.128896765942,91.82559227215322,0
3961,32.72219377860398,0,1,204,0.0,0.004878048780487805,0.9951219512195122,205,5650,3900,1750,0.6902654867256637,74,39,35,202.8685687429595,0.4220767575322812,0.7783353784606053,0.12214203039254659,1082901.6948290356,-2712.6566161412125,1080189.0382128942,3959,2,1548.0926829268292,93,112,41,37.511306857339775,0.6003584229390682,42.73049645390074,8418.4225483608,90.52067256301936,0
3962,32.22695485408355,0,1,203,0.0,0.004901960784313725,0.9950980392156863,204,6050,4600,1450,0.7603305785123967,75,46,29,200.33138752387666,0.42162497182781156,0.7734535452516769,0.12096255921163085,1067387.2093105058,-4083.7678667176747,1063303.4414437881,3960,3,1556.6617647058824,74,130,38,37.46897091360424,0.6085304054054055,42.62499999999999,8294.412505569739,112.08665548067215,0
3963,32.54101861538843,1,1,203,0.004901960784313725,0.004901960784313725,0.9950980392156863,204,5300,3800,1500,0.7169811320754716,68,38,30,200.11468281780125,0.4212738256222029,0.7725695195594262,0.1212279717617445,1078791.1156607324,-2923.6116125783524,1075867.504048154,3961,0,1557.6274509803923,76,128,44,37.352566460018906,0.6088267543859649,42.50541125541124,8379.136205699415,110.25179218025546,0
3964,32.340498217547825,1,0,204,0.004901960784313725,0.0,1.0,204,6550,4900,1650,0.7480916030534351,82,49,33,201.68360488286075,0.42179551418268457,0.7731584954111015,0.1228978419901954,1073924.2147796543,-4031.418598449121,1069892.7961812052,3962,0,1558.5833333333333,79,125,41,37.09411209916463,0.609704641350211,42.291666666666636,8334.415894813807,105.49893537738996,0
3965,32.19737926240306,0,0,204,0.0,0.0,1.0,204,6050,4500,1550,0.743801652892562,76,45,31,202.37324831534548,0.4222684044882321,0.7745933628156161,0.12380265805620408,1070352.562512924,-3527.8550163215896,1066824.7074966023,3963,1,1559.5833333333333,81,123,44,36.93118369625903,0.6103395061728395,42.14939024390241,8302.11387535889,102.49523302912209,0
3966,32.42061607854549,0,2,202,0.0,0.00980392156862745,0.9901960784313726,204,5450,3700,1750,0.6788990825688074,72,37,35,206.48349608726062,0.42191927058179596,0.7779384900773134,0.1267041205193849,1078699.3413709942,-1703.277753338889,1076996.0636176553,3964,2,1560.5833333333333,83,121,33,36.71221517161807,0.6106927710843373,42.03869047619044,8363.26457919017,100.7622238456647,0
3967,32.48654769139526,1,0,203,0.0049261083743842365,0.0,1.0,203,6450,4800,1650,0.7441860465116279,81,48,33,209.26945755131382,0.42147693833422756,0.7825790324869721,0.12926116098354165,1082881.900558713,-1727.1784155887294,1081154.722143124,3965,0,1568.8768472906404,84,119,40,36.39816396918063,0.6127232142857143,41.801470588235276,8387.978839583364,99.856890947421,0
3968,32.10461397085146,0,1,202,0.0,0.0049261083743842365,0.9950738916256158,203,5050,3200,1850,0.6336633663366337,69,32,37,209.02609913603155,0.4217096278593377,0.7830320295228568,0.12950973758646547,1071069.9480396227,-873.6853718892871,1070196.2626677335,3966,1,1569.8768472906404,86,117,43,36.29127267389756,0.6131298449612403,41.69061302681991,8292.9231538212,96.42933899792094,0
3969,32.18723618773288,0,0,202,0.0,0.0,1.0,202,5350,4000,1350,0.7476635514018691,67,40,27,209.69010883483674,0.4214786217427713,0.7841595403151893,0.1301142641501583,1074269.4849471622,-697.2629566969281,1073572.2219904652,3967,2,1578.6237623762377,70,132,43,36.21971417755065,0.6205357142857143,41.63732394366199,8315.980476320112,118.7997210902873,0
3970,31.965533161344712,0,1,201,0.0,0.0049504950495049506,0.995049504950495,202,7050,5700,1350,0.8085106382978723,84,57,27,212.59552365432378,0.42129031000114936,0.7866765521414456,0.13244967979970285,1068061.8074877958,-2036.9681483894124,1066024.8393394065,3968,3,1579.6237623762377,71,131,40,35.997313633310924,0.6214788732394366,41.49305555555558,8263.312305076837,116.3846803531949,0
3971,32.42838537754608,1,1,201,0.0049504950495049506,0.0049504950495049506,0.995049504950495,202,5250,3500,1750,0.6666666666666666,70,35,35,207.66918706480294,0.42124772178710407,0.7813201320131995,0.13017611283560748,1085361.2222862656,-570.783459229774,1084790.4388270357,3969,0,1571.0891089108911,76,126,41,35.90141612200436,0.6212993421052632,41.27435064935067,8390.055064198772,110.39546137103648,0
3972,32.052646622596725,1,1,201,0.0049504950495049506,0.0049504950495049506,0.995049504950495,202,5150,3600,1550,0.6990291262135923,67,36,31,204.26312468566823,0.4210465822701673,0.7775156653894977,0.12862418826422192,1074124.999271081,-1669.1742691792024,1072455.825001902,3970,0,1571.9851485148515,78,124,46,35.82475977046621,0.6220619658119658,41.11286919831226,8298.017718724537,106.38484254775048,0
3973,32.354669793145156,0,0,201,0.0,0.0,1.0,201,5700,4300,1400,0.7543859649122807,71,43,28,203.92030266621958,0.4211577529021559,0.7771653846426583,0.12888707932996282,1085350.919285114,-1634.9824080636236,1083715.9368770502,3971,1,1572.4626865671642,78,123,35,35.699089628724664,0.6233974358974359,40.981012658227876,8380.473805597949,107.44197186664037,0
3974,32.368886745938674,0,0,201,0.0,0.0,1.0,201,6350,4400,1950,0.6929133858267716,83,44,39,203.76072421577248,0.42124689054726366,0.7771620236398855,0.1294375409993354,1087322.1277166968,-2239.291160121837,1085082.836556575,3972,2,1573.4626865671642,81,120,38,35.52142553747632,0.6239711934156378,40.80284552845531,8389.923337959064,103.57930046863042,0
3975,32.54705046731088,1,0,202,0.0049504950495049506,0.0,1.0,202,5750,4000,1750,0.6956521739130435,75,40,35,226.07595419849193,0.4221774789419241,0.794915349899384,0.13443708306379665,1073286.9856412366,2378.8758815331094,1075665.8615227698,3973,0,1566.6683168316831,73,129,43,37.381011108675004,0.603310502283105,43.18693693693693,8358.507724178191,114.50010581066014,8
3976,32.943265938737355,2,1,203,0.00980392156862745,0.004901960784313725,0.9950980392156863,204,5500,4400,1100,0.8,66,44,22,220.71270572059262,0.4235351468173476,0.7893916130889573,0.13218416472765204,1088571.7931915957,1752.3251692866252,1090324.1183608824,3974,0,1552.299019607843,76,128,40,37.250806890140154,0.604577850877193,42.924783549783534,8468.897221777903,111.4328581812882,0
3977,33.34101678031321,1,1,203,0.004901960784313725,0.004901960784313725,0.9950980392156863,204,5500,3800,1700,0.6909090909090909,72,38,34,221.16463410034754,0.42348282703886153,0.790829569641283,0.1330926068939385,1103227.3560939243,2498.974908001028,1105726.3310019253,3975,0,1553.2941176470588,77,127,41,37.05890178061566,0.6059253246753247,42.74839743589742,8577.029997852156,111.38999997210593,0
3978,33.234881170368446,1,0,204,0.004901960784313725,0.0,1.0,204,5250,3700,1550,0.7047619047619048,68,37,31,221.69431434815684,0.4241971932451141,0.7910087756570419,0.13437548545691286,1101967.524402337,2809.9869512624255,1104777.5113535994,3976,0,1541.2254901960785,69,135,42,36.77616055090053,0.612469806763285,42.48511904761906,8558.476468053977,124.03589084136199,0
3979,33.22638479194565,1,2,203,0.004878048780487805,0.00975609756097561,0.9902439024390244,205,5850,4300,1550,0.7350427350427351,74,43,31,222.1057176271956,0.4250687470109995,0.7924902966122,0.13546091610847266,1103614.2234535934,2173.805816748142,1105788.0292703416,3977,0,1534.7024390243903,71,134,41,36.535281597904394,0.6137030516431925,42.25983796296296,8563.773800181012,120.61653239691566,0
3980,33.27834437862788,0,0,203,0.0,0.0,1.0,203,5500,4100,1400,0.7454545454545455,69,41,28,221.34387359240975,0.4250384090133151,0.791067736131694,0.13564445632629396,1106829.653710286,2897.9925918361178,1109727.646302122,3978,1,1544.536945812808,71,132,44,36.377463491707346,0.6154636150234742,42.086226851851855,8582.943362815387,120.88652623683645,0
3981,33.24917213811125,3,2,204,0.014563106796116505,0.009708737864077669,0.9902912621359223,206,5050,3200,1850,0.6336633663366337,69,32,37,216.03910321997492,0.42689340121556557,0.7884933648969101,0.1333834345248992,1108165.6028335926,1631.4206110784999,1109797.023444671,3979,0,1523.0291262135922,75,131,39,36.239681212507286,0.61625,41.81743421052632,8584.35657299346,114.4580876399128,0
3982,33.162830976337354,0,1,203,0.0,0.004901960784313725,0.9950980392156863,204,7350,6100,1250,0.8299319727891157,86,61,25,221.12382934443266,0.4256083180398596,0.7898877292852622,0.1370967741935484,1106579.186397925,788.2054338312182,1107367.3918317563,3980,1,1538.9607843137255,73,131,41,35.954301075268816,0.6187214611872146,41.66666666666667,8567.064668887162,117.35705025872825,0
3983,33.58938492935353,0,0,203,0.0,0.0,1.0,203,5600,4100,1500,0.7321428571428571,71,41,30,221.56741693251092,0.4251044562584337,0.7902797690831949,0.13772447765849113,1121610.1463521093,3502.452586506347,1125112.5989386155,3981,2,1547.5221674876848,67,136,42,35.848893499308424,0.6228233830845771,41.57475490196077,8680.345033060545,129.55738855314246,0
3984,33.87494546991826,1,1,203,0.004901960784313725,0.004901960784313725,0.9950980392156863,204,5250,4000,1250,0.7619047619047619,65,40,25,220.44951531298605,0.4254981446601629,0.790890978377456,0.13766240422151416,1132588.0636760262,3885.6979373305603,1136473.7616133566,3982,0,1540.9313725490197,68,136,43,35.70942067059764,0.6239276960784313,41.410024154589365,8759.721330830751,128.81943133574634,0
3985,33.82393877538033,1,0,204,0.004901960784313725,0.0,1.0,204,5950,4200,1750,0.7058823529411765,77,42,35,219.97122409381456,0.4256063057406871,0.7911886500732468,0.1379242579631859,1132152.5419387964,3058.1961022400783,1135210.7380410365,3983,0,1541.7450980392157,69,135,45,35.573452867084605,0.6248490338164252,41.26488095238094,8751.440825707381,126.83247573488958,0
3986,33.406391402709815,0,0,204,0.0,0.0,1.0,204,5550,4200,1350,0.7567567567567568,69,42,27,220.5110175678419,0.42581256640587273,0.7923277112834446,0.13861034075017956,1118948.2910213699,2998.085251783922,1121946.3762731538,3984,1,1542.7450980392157,69,135,46,35.468231951551395,0.6257548309178744,41.175595238095234,8646.389370049566,125.30999087028357,0
3987,33.14420149632457,0,1,203,0.0,0.004901960784313725,0.9950980392156863,204,5850,4600,1250,0.7863247863247863,71,46,25,230.1100553781852,0.4260666191764062,0.7960319796743143,0.14442175309037864,1109697.0556666197,4420.490186491164,1114117.5458531107,3985,2,1543.7450980392157,73,131,38,35.27574162722805,0.6231449771689498,41.2302927927928,8576.715316820613,117.48925091535087,8
3988,32.67168827929648,1,0,204,0.004901960784313725,0.0,1.0,204,5500,3900,1600,0.7090909090909091,71,39,32,227.81058612092528,0.4259172059628449,0.7930138022310451,0.14385967752012763,1095720.7967195646,3623.359385114347,1099344.156104679,3986,0,1544.6666666666667,77,127,34,35.11227203973943,0.6235119047619048,41.01228632478634,8461.565849364306,109.89046557615981,0
3989,33.1314589849659,0,0,204,0.0,0.0,1.0,204,5600,3700,1900,0.6607142857142857,75,37,38,227.39422308849686,0.4259906548826427,0.7936182716522382,0.14415326684306934,1112314.0618605884,4186.758385439901,1116500.8202460282,3987,1,1545.6666666666667,78,126,36,34.983186613745836,0.624465811965812,40.875527426160346,8585.171835081115,110.06630557796302,0
3990,32.85115476277283,2,0,206,0.009708737864077669,0.0,1.0,206,6100,4400,1700,0.7213114754098361,78,44,34,223.16369943002653,0.42746467755939693,0.7919222578070813,0.14227557027372248,1104604.2111169524,2001.51243176945,1106605.7235487218,3988,0,1531.6504854368932,81,125,39,34.8886385160511,0.6252572016460906,40.675813008130106,8519.099000600225,105.17406173580524,0
3991,32.31600633705744,0,0,206,0.0,0.0,1.0,206,5850,4100,1750,0.7008547008547008,76,41,35,220.35165630477852,0.4275722235377694,0.7896295867437924,0.14099342662765516,1087678.0706039446,884.3328767930234,1088562.4034807377,3989,1,1532.6504854368932,67,139,42,34.831348034874345,0.6332400497512438,40.5484068627451,8384.439327983173,125.14088549228616,0
3992,32.73946970295981,1,1,206,0.004830917874396135,0.004830917874396135,0.9951690821256038,207,5350,3500,1850,0.6542056074766355,72,35,37,221.78270245731449,0.4281850444788393,0.7917174933036168,0.14299126361239411,1104188.6437914814,2227.988288550345,1106416.6320800318,3990,0,1526.2415458937198,69,138,43,34.522658473232866,0.6348128019323671,40.282738095238095,8503.005427466629,123.23196271690767,0
3993,32.296980747786435,1,3,204,0.004830917874396135,0.014492753623188406,0.9855072463768116,207,5800,4400,1400,0.7586206896551724,72,44,28,222.2675171645586,0.4278977690227163,0.7937541086805537,0.144300420352724,1091288.0933526512,1311.5790041475975,1092599.6723567988,3991,0,1527.1980676328503,74,133,44,34.263637335043,0.6347128378378378,40.04166666666666,8395.869286893292,113.45769306612557,0
3994,32.21647537020131,0,0,204,0.0,0.0,1.0,204,5600,4000,1600,0.7142857142857143,72,40,32,227.77903508003362,0.4275401252455005,0.7921421489900722,0.13862507706235797,1069426.7399078705,2318.5981810000476,1071745.3380888705,3992,1,1543.0049019607843,72,132,39,36.46831330416645,0.6124131944444444,42.33732876712328,8300.983101594236,115.29143196658661,8
3995,31.74968178951866,0,1,203,0.0,0.004901960784313725,0.9950980392156863,204,6150,4600,1550,0.7479674796747967,77,46,31,227.79630376738615,0.42754113139508676,0.7929111587854187,0.13926292055418732,1055272.803030253,1127.4487993081575,1056400.251829561,3993,2,1544.0049019607843,73,131,37,36.300229307709124,0.6135844748858448,42.17342342342343,8185.911763187285,112.13577757790802,0
3996,32.03686613694821,0,0,203,0.0,0.0,1.0,203,5550,3900,1650,0.7027027027027027,72,39,33,198.3067229979776,0.42667231624640295,0.7700609064171737,0.1235475776334684,1070445.250506621,-3694.70204465645,1066750.5484619646,3994,3,1552.5862068965516,71,132,44,36.36668905305575,0.6214788732394366,41.493055555555564,8281.752374638196,116.64439964279148,8
3997,32.364750609710256,1,0,204,0.004901960784313725,0.0,1.0,204,5700,4200,1500,0.7368421052631579,72,42,30,195.01285517241337,0.42720105283492704,0.7673928329952664,0.12192507761297006,1082455.6543294666,-4281.446450337396,1078174.2078791293,3995,0,1545.9705882352941,72,132,43,36.32333333333332,0.6222511574074074,41.3670091324201,8370.59224887272,116.25822567878777,0
3998,32.54731561281115,2,0,206,0.009708737864077669,0.0,1.0,206,5700,4200,1500,0.7368421052631579,72,42,30,192.23630791671727,0.4287241494987766,0.7669796368152741,0.1210076969833658,1090595.2148951283,-4969.600491384038,1085625.6144037442,3996,0,1531.9514563106795,76,130,46,36.149034106744715,0.6228070175438596,41.12554112554115,8425.668717082764,110.86406206687847,0
3999,32.55431673390758,0,1,205,0.0,0.0048543689320388345,0.9951456310679612,206,6550,4400,2150,0.6717557251908397,87,44,43,178.6756240934235,0.4290926671402637,0.742494281235831,0.11262277209946008,1091231.3522562317,-8754.71142106149,1082476.6408351702,3997,1,1532.9514563106795,91,115,44,36.45159174392164,0.6176739926739927,41.07789855072464,8429.032099988664,92.62672637350181,8
4000,32.22987111335257,0,1,204,0.0,0.004878048780487805,0.9951219512195122,205,5200,3700,1500,0.7115384615384616,67,37,30,184.22275800272203,0.42804977682129763,0.7471953213500049,0.11647881505570298,1081269.7352808588,-6361.101444337223,1074908.6338365215,3998,2,1541.4243902439025,90,115,36,36.19645513868635,0.6190972222222222,40.968406593406606,8348.554869780886,92.76172077534318,0
4001,32.61137422156274,1,2,203,0.004878048780487805,0.00975609756097561,0.9902439024390244,205,5650,3200,2450,0.5663716814159292,81,32,49,183.450564609777,0.42808265582655824,0.7456607574453498,0.11636260450852051,1095024.6360984251,-6473.422449225595,1088551.2136491996,3999,0,1542.1707317073171,94,111,39,36.10123832896108,0.6190159574468085,40.85526315789474,8451.065990706302,89.90495734793939,0
4002,32.31973742669041,0,1,202,0.0,0.0049261083743842365,0.9950738916256158,203,5200,4100,1100,0.7884615384615384,63,41,22,184.0235096531804,0.4274526898502658,0.7527600431766641,0.11493799382854768,1080648.4006033624,-6027.057723974611,1074621.3428793878,4000,1,1558.0492610837439,82,121,43,36.644321766561525,0.6175050813008129,41.4031124497992,8357.78350498189,101.92418908514499,8
4003,32.08880070095441,2,0,204,0.00980392156862745,0.0,1.0,204,6100,4400,1700,0.7213114754098361,78,44,34,181.7547370619628,0.42794208200521583,0.7511636593231323,0.11414966819711643,1074559.7517698747,-7838.734971939652,1066721.0167979351,4001,0,1551.2156862745098,85,119,42,36.50269899216824,0.6183823529411765,41.20639534883721,8304.376402332759,97.69854590979716,0
4004,32.16279934505135,5,4,205,0.023923444976076555,0.019138755980861243,0.9808612440191388,209,5850,4300,1550,0.7350427350427351,74,43,31,176.84885328368154,0.4297526760520181,0.7502375976093927,0.11216735649685149,1079941.9731524906,-9452.700087012958,1070489.2730654776,4002,0,1515.0813397129186,93,116,37,36.27481113249234,0.6192876344086021,40.85771276595746,8334.741386126214,89.62087511963671,0
4005,32.271706888134226,0,1,204,0.0,0.004878048780487805,0.9951219512195122,205,5950,4200,1750,0.7058823529411765,77,42,35,181.44475062548537,0.42804878048780487,0.7526698240121623,0.1152521553530206,1084033.8485069706,-7611.549737613443,1076422.2987693571,4003,1,1545.6439024390245,97,108,39,36.10275271683413,0.6186640893470791,40.805697278911566,8364.6425644893,86.2334284998897,0
4006,32.33490579352216,2,0,206,0.009708737864077669,0.0,1.0,206,5200,3400,1800,0.6538461538461539,70,34,36,179.4558478916041,0.42763734312100404,0.7522398987344117,0.11434057089941001,1087066.305855059,-7383.918873677245,1079682.3869813818,4004,0,1539.121359223301,100,106,42,36.04385424124308,0.6189583333333333,40.69719471947195,8384.531780741909,83.8453178074191,0
4007,32.78364372755509,1,1,206,0.004830917874396135,0.004830917874396135,0.9951690821256038,207,5750,4300,1450,0.7478260869565218,72,43,29,176.29336791740366,0.42819090724325,0.7496192018742822,0.11284927537713102,1103541.3916163933,-8240.594287137661,1095300.7973292556,4005,0,1532.6811594202898,79,128,45,35.95963809571608,0.6275052742616034,40.53385416666666,8506.24568436182,107.67399600458,0
4008,32.79757720114874,1,2,205,0.004830917874396135,0.00966183574879227,0.9903381642512077,207,5450,3700,1750,0.6788990825688074,72,37,35,173.6778981623962,0.42837363006738266,0.7453870614672464,0.11196637078767599,1106121.8775014884,-8428.215440819498,1097693.662060669,4006,0,1530.6135265700484,85,122,47,35.775191990796934,0.6276960784313725,40.2858527131783,8517.994795870058,100.21170348082421,0
4009,32.37428704046629,0,0,205,0.0,0.0,1.0,205,4950,3400,1550,0.6868686868686869,65,34,31,174.61053485829584,0.4277030527658218,0.7440867574074528,0.11304114042300736,1093075.5038501276,-7777.500326445438,1085298.0035236822,4007,1,1546.3756097560977,87,118,48,35.60224304954523,0.6284722222222222,40.13967803030304,8412.792653874987,96.6987661364941,0
4010,32.148783035745126,0,0,205,0.0,0.0,1.0,205,5950,4000,1950,0.6722689075630253,79,40,39,176.15364069690958,0.4273613103778096,0.7451844903064417,0.1144998664529917,1086628.8666081897,-8667.273812121963,1077961.5927960677,4008,2,1547.3756097560977,89,116,47,35.420005341880355,0.6292134831460674,40.000000000000014,8358.683589293767,93.91779313813221,0
4011,31.75898259103943,0,1,204,0.0,0.004878048780487805,0.9951219512195122,205,5450,4000,1450,0.7339449541284404,69,40,29,177.65350878734563,0.4271759923481588,0.7469948284996288,0.11584541746726378,1074370.0422287483,-8276.878452410736,1066093.1637763376,4009,3,1548.3756097560977,91,114,41,35.26807738069333,0.6296932234432234,39.889039855072475,8260.859454981332,90.77867532946519,0
4012,31.389238835906415,0,1,203,0.0,0.004901960784313725,0.9950980392156863,204,6700,4800,1900,0.7164179104477612,86,48,38,179.47150216751785,0.4261425834701697,0.7476114264150688,0.11754232291986422,1063091.7030222728,-9341.067023353547,1053750.6359989191,4010,4,1556.799019607843,93,111,42,35.067522495671206,0.630600358422939,39.73847517730497,8169.411162456774,87.8431307791051,0
4013,31.867985112967357,0,0,203,0.0,0.0,1.0,203,6200,4400,1800,0.7096774193548387,80,44,36,182.39999999999912,0.4251481490513584,0.751054187192117,0.1200000000000001,1080593.02819036,-7379.9663316156475,1073213.0618587444,4011,5,1565.3990147783252,97,106,44,34.83333333333336,0.6310137457044673,39.58333333333335,8298.954456501966,85.55623151032955,0
4014,31.81905262361698,0,2,201,0.0,0.009852216748768473,0.9901477832512315,203,5100,3900,1200,0.7647058823529411,63,39,24,182.12467112315392,0.42477726836723084,0.7508011573695648,0.12018306134010787,1079797.1244562557,-6368.460765735337,1073428.6636905205,4012,6,1566.3990147783252,79,124,41,34.73443955751035,0.6381856540084387,39.47916666666667,8289.526105381892,104.9307101947075,0
4015,31.471149306569398,1,1,201,0.0049504950495049506,0.0049504950495049506,0.995049504950495,202,5900,4500,1400,0.7627118644067796,73,45,28,180.14570579790222,0.4239836297062542,0.7455709905428283,0.11957666448241071,1069637.0777060634,-7761.894737807178,1061875.1829682563,4013,0,1574.7673267326732,81,121,43,34.58166861560449,0.63940329218107,39.27845528455284,8205.206661179234,101.29884766887943,0
4016,31.620237638088163,1,0,202,0.0049504950495049506,0.0,1.0,202,5300,4400,900,0.8301886792452831,62,44,18,177.11190018109042,0.42386971906145837,0.7410551179957363,0.11808182622844496,1075942.0865728382,-7587.570512455626,1068354.5160603826,4014,0,1575.6386138613861,86,116,46,34.50800517104217,0.6390503875968992,39.12835249042144,8248.823487292404,95.91655217781864,0
4017,31.782070378226326,0,1,201,0.0,0.0049504950495049506,0.995049504950495,202,5300,3700,1600,0.6981132075471698,69,37,32,177.5202899736882,0.4237101415365417,0.7398096602583826,0.11862488003849482,1082092.9942277567,-7281.307577238512,1074811.6866505183,4015,1,1576.6386138613861,87,115,45,34.41828267936795,0.6394875478927203,39.05066287878787,8293.510197537844,95.32770341997522,0
4018,31.956871239428864,0,1,200,0.0,0.004975124378109453,0.9950248756218906,201,5750,4400,1350,0.7652173913043478,71,44,27,196.32324124580242,0.4231685323383085,0.7628429979124247,0.12051084059121844,1063371.8445461565,-4197.078565834567,1059174.765980322,4016,2,1585.358208955224,83,118,35,36.96166618596678,0.6108182730923695,42.026289682539655,8244.032643772729,99.32569450328589,8
4019,32.2002492307148,1,0,201,0.004975124378109453,0.0,1.0,201,5650,3400,2250,0.6017699115044248,79,34,45,194.45778141938186,0.4231177446102819,0.7623020191028904,0.1199373833049734,1072902.5174591863,-4123.151355123833,1068779.3661040624,4017,0,1586.3383084577115,88,113,38,36.834081429089565,0.6107954545454546,41.853932584269636,8312.367708715348,94.45872396267441,0
4020,31.70797210422116,3,0,204,0.014705882352941176,0.0,1.0,204,5900,4300,1600,0.7288135593220338,75,43,32,189.27962029519682,0.425086629479378,0.7610664933966449,0.11761936587114076,1058698.3514302967,-6621.995606824359,1052076.3558234724,4018,0,1563.9950980392157,76,128,42,36.69423795065089,0.6181469298245614,41.585497835497854,8193.79982595828,107.81315560471421,0
4021,31.34628872177895,1,0,205,0.004878048780487805,0.0,1.0,205,5600,3900,1700,0.6964285714285714,73,39,34,193.66698141472952,0.4254393830703013,0.7667088578068537,0.12126006680638042,1048813.5204071882,-5975.8902871565615,1042837.6301200317,4019,0,1557.360975609756,79,126,42,36.305231875304116,0.6195938818565401,41.315104166666686,8108.8114327550265,102.64318269310161,0
4022,31.03071928530376,0,2,203,0.0,0.00975609756097561,0.9902439024390244,205,4550,3200,1350,0.7032967032967034,59,32,27,188.60561914672192,0.4254832217439821,0.7614476789929188,0.11693548387096782,1035434.7650408668,-6492.237010685316,1028942.5280301815,4020,1,1558.360975609756,82,123,44,36.79435483870969,0.6148373983739837,41.66666666666667,8016.269148703485,97.75937986223762,8
4023,31.25386733559121,0,0,203,0.0,0.0,1.0,203,5550,3800,1750,0.6846846846846847,73,38,35,190.90536770283583,0.42458319107772846,0.760646616943216,0.11884764850075291,1044067.1908330201,-6286.39380551094,1037780.7970275092,4021,2,1564.384236453202,77,126,44,36.58523852579006,0.6183712121212122,41.519764957264975,8078.506974898119,104.91567499867686,0
4024,31.03611934596861,0,1,202,0.0,0.0049261083743842365,0.9950738916256158,203,5050,3300,1750,0.6534653465346535,68,33,35,194.3188888575551,0.4244094360174934,0.7647014381489121,0.12142579163364234,1037864.7187193946,-5314.656214797351,1032550.0625045972,4022,3,1565.384236453202,77,126,44,36.36086367157244,0.619724025974026,41.38621794871797,8026.368204255954,104.23854810722018,0
4025,31.21789420545554,0,1,201,0.0,0.0049504950495049506,0.995049504950495,202,5800,4200,1600,0.7241379310344828,74,42,32,198.68098316013212,0.42355056401162505,0.7671163416790103,0.12464563981887636,1045086.0014761038,-4672.257147967063,1040413.7443281367,4023,4,1574.1138613861385,78,124,45,36.10375050958012,0.6207264957264957,41.244725738396646,8077.7947770024175,103.56147150003099,0
4026,31.69436592371456,3,2,202,0.014705882352941176,0.00980392156862745,0.9901960784313726,204,6250,4500,1750,0.72,80,45,35,190.11695113513477,0.4251414646318297,0.7583315226310277,0.12026120183162249,1063438.6547254687,-6614.457048868591,1056824.1976766002,4024,0,1555.1225490196077,85,119,38,36.02709395115417,0.6209558823529412,40.952034883720955,8210.360998189059,96.59248233163598,0
4027,31.229147468550146,1,0,203,0.0049261083743842365,0.0,1.0,203,5400,4000,1400,0.7407407407407407,68,40,28,193.34243898287295,0.42432611487749755,0.7604291417726994,0.12273797336996328,1048847.1960219792,-5442.665000152288,1043404.5310218269,4025,0,1563.743842364532,87,116,39,35.815302199893445,0.6215277777777778,40.826231060606084,8093.775850188336,93.03190632400387,0
4028,31.24041786556298,0,0,203,0.0,0.0,1.0,203,5900,4400,1500,0.7457627118644068,74,44,30,192.07629250012903,0.4241797948267733,0.7593691553005988,0.12247537314651973,1050488.7066936062,-6145.204781007018,1044343.5019125992,4026,1,1564.743842364532,91,112,41,35.68918092909541,0.6217948717948718,40.67028985507249,8101.568509882929,89.02822538332889,0
4029,31.14593874372952,0,1,202,0.0,0.0049261083743842365,0.9950738916256158,203,4500,3300,1200,0.7333333333333333,57,33,24,189.34681341101853,0.4243657432245687,0.7556959286981337,0.12111509653979324,1048203.6062593341,-5405.197469771254,1042798.4087895629,4027,2,1565.743842364532,79,124,40,35.64748013383524,0.6272415611814346,40.55989583333335,8080.5055920418445,102.28488091192209,0
4030,31.288397320983627,0,0,202,0.0,0.0,1.0,202,6150,4500,1650,0.7317073170731707,78,45,33,185.07562266581422,0.4238928090570251,0.7461721372756032,0.11897061312818676,1054405.620214525,-7521.044659292298,1046884.5755552326,4028,3,1574.450495049505,82,120,40,35.581734023010696,0.6277947154471545,40.38654618473897,8122.888892844759,99.05962064444827,0
4031,31.300143858948317,0,0,202,0.0,0.0,1.0,202,5600,4100,1500,0.7321428571428571,71,41,30,183.90403274752958,0.4236008488908592,0.7452714269161909,0.11853084738399204,1055552.6758321638,-7175.921227403725,1048376.7546047601,4029,4,1575.450495049505,84,118,43,35.51802173776269,0.6279761904761905,40.29411764705883,8128.83147866219,96.77180331740703,0
4032,30.884035701308143,1,0,203,0.0049261083743842365,0.0,1.0,203,6300,4500,1800,0.7142857142857143,81,45,36,183.2875698599757,0.42392881529532267,0.7466205792536174,0.11865856741775485,1042759.1144458622,-8675.04319277528,1034084.0712530869,4030,0,1568.6847290640394,87,116,43,35.37676133861737,0.6284722222222222,40.139678030303045,8025.53546106559,92.24753403523667,0
4033,31.034328879007806,0,1,202,0.0,0.0049261083743842365,0.9950738916256158,203,5150,3800,1350,0.7378640776699029,65,38,27,183.14423675930317,0.42378147913313496,0.746175223959384,0.11886713905389061,1048544.8227095316,-7343.0117473886885,1041201.810962143,4031,1,1569.6847290640394,88,115,42,35.29069113012159,0.6290246212121212,40.051498127340835,8067.327298721511,91.67417384910809,0
4034,31.26522073349588,0,1,201,0.0,0.0049504950495049506,0.995049504950495,202,6050,4000,2050,0.6611570247933884,81,40,41,181.35927237595286,0.4235438935684613,0.7425178515715196,0.11804113939000367,1057140.834918215,-8105.5414760648055,1049035.29344215,4032,2,1575.1831683168316,89,113,36,35.23752299566792,0.6296816479400749,39.95370370370372,8130.404854631812,91.3528635351889,0
4035,31.76422219599383,0,0,201,0.0,0.0,1.0,201,6300,4500,1800,0.7142857142857143,81,45,36,184.07151471129362,0.4228606965174129,0.7444672364524305,0.12022726734042417,1075015.0865356992,-6924.068936776106,1068091.017598923,4033,3,1583.9303482587065,91,110,40,35.04348362201526,0.6302655677655677,39.8324275362319,8264.020579931495,90.81341296628017,0
4036,31.944655106431778,0,0,201,0.0,0.0,1.0,201,5150,3600,1550,0.6990291262135923,67,36,31,183.66570523237476,0.4227663764510779,0.7440357487916491,0.12040077077278366,1082168.0723884308,-5598.567560963587,1076569.5048274673,4034,4,1584.9303482587065,92,109,40,34.92584305119271,0.6312273550724637,39.70654121863801,8314.984767230872,90.38026920903121,0
4037,31.594337117212177,0,0,201,0.0,0.0,1.0,201,5200,3700,1500,0.7115384615384616,67,37,30,185.34511731130448,0.42229373963515754,0.7467551810715323,0.12189826229214579,1071222.883255612,-5690.813807286703,1065532.0694483253,4035,5,1585.9303482587065,93,108,40,34.76792452161084,0.6320564516129032,39.594414893617035,8227.341843055998,88.46604132318276,0
4038,31.122143680093977,0,0,201,0.0,0.0,1.0,201,5450,4200,1250,0.7706422018348624,67,42,25,185.2021574683126,0.42231135986733004,0.7477290872877207,0.12237319914226878,1056509.1283715852,-6516.446008123643,1049992.6823634615,4036,6,1586.9303482587065,83,118,39,34.60879497430038,0.6370481927710843,39.434523809523775,8109.356188072019,97.70308660327734,0
4039,31.33598198676849,0,0,201,0.0,0.0,1.0,201,6450,4700,1750,0.7286821705426356,82,47,35,184.2184218130166,0.4224367744610282,0.7457653913379436,0.12224150672645291,1064955.119203863,-7413.129727714715,1057541.9894761483,4037,7,1587.9303482587065,84,117,42,34.486442762683694,0.6381448412698413,39.28921568627448,8169.628441011112,97.25748144060847,0
4040,31.338768746152045,0,0,201,0.0,0.0,1.0,201,5350,4000,1350,0.7476635514018691,67,40,27,183.29172077631017,0.42237043946932,0.744208630004588,0.12203016031146417,1065973.0362442615,-6473.19357712869,1059499.8426671328,4038,8,1588.9303482587065,86,115,40,34.39556172726158,0.6385658914728682,39.17624521072794,8173.895334843987,95.04529459120916,0
4041,30.941948465488945,0,1,200,0.0,0.004975124378109453,0.9950248756218906,201,5150,3400,1750,0.6601941747572816,69,34,35,182.99047926895597,0.42210717247097845,0.7445427049773157,0.1221730552766258,1053248.5549466044,-6803.108428197359,1046445.4465184071,4039,9,1589.9303482587065,86,115,44,34.30588059838471,0.6395348837209303,39.08045977011492,8073.358967432121,93.87626706316419,0
4042,31.111421126017056,0,0,200,0.0,0.0,1.0,200,6150,4200,1950,0.6829268292682927,81,42,39,180.47465562566828,0.421259945561139,0.7387729602249562,0.12076739550501772,1059643.6462866112,-7902.235570099607,1051741.4107165115,4040,10,1598.555,87,113,43,34.29298569851998,0.6399664750957854,39.00331439393938,8119.977798384771,93.33307814235368,0
4043,31.37655484502643,0,0,200,0.0,0.0,1.0,200,5400,3700,1700,0.6851851851851852,71,37,34,178.96476744446088,0.42147874790619766,0.7371300192880972,0.12021626251304507,1069736.3059593346,-7110.978155418561,1062625.327803916,4041,11,1599.555,90,110,36,34.20038430066048,0.6402777777777777,38.87362637362635,8193.245983570705,91.03606648411895,0
4044,31.33016609431277,0,0,200,0.0,0.0,1.0,200,6800,5100,1700,0.75,85,51,34,178.6163844061417,0.42131909547738694,0.7374566314628679,0.12049323305131801,1069329.6656386103,-8600.040277081021,1060729.6253615292,4042,12,1600.555,93,107,38,34.06334386619724,0.6407930107526882,38.73005319148933,8185.630828962819,88.01753579529912,0
4045,31.515623081303286,0,0,200,0.0,0.0,1.0,200,4650,3200,1450,0.6881720430107527,61,32,29,178.0600171638529,0.4210945351758794,0.7379373357076273,0.12047399784356243,1076480.8720218104,-6314.359490247871,1070166.5125315625,4043,13,1601.555,93,107,41,33.97637016309111,0.6418010752688172,38.63031914893614,8237.228346582562,88.57234781271572,0
4046,31.60565810789251,0,0,200,0.0,0.0,1.0,200,6200,4800,1400,0.7741935483870968,76,48,28,182.96798952077756,0.42076109715242876,0.7452977642782448,0.12426601736712167,1080611.4840574444,-6656.537861788924,1073954.9461956555,4044,14,1602.555,79,121,42,33.71803888861223,0.6480748945147679,38.50260416666668,8264.7972888126,104.6176872001595,0
4047,31.190163348068555,0,0,200,0.0,0.0,1.0,200,5350,3700,1650,0.6915887850467289,70,37,33,182.70646374292855,0.4202805695142378,0.745260053092125,0.12446801357865579,1067240.873649334,-6351.638802723146,1060889.2348466108,4045,15,1603.555,80,120,42,33.62060842919414,0.6486979166666667,38.40020576131688,8159.340314125673,101.99175392657091,0
4048,31.48909713261966,0,0,200,0.0,0.0,1.0,200,5800,4400,1400,0.7586206896551724,72,44,28,183.15179011820112,0.41994608458961474,0.7465511551155117,0.12528749945535939,1078606.7267972906,-6290.249430708473,1072316.477366582,4046,16,1604.555,81,119,42,33.46842037144894,0.6496913580246914,38.26219512195123,8241.887161083549,101.75169334671048,0
4049,31.440914369527917,0,1,199,0.0,0.005,0.995,200,5850,4600,1250,0.7863247863247863,71,46,25,184.7171951530715,0.4198351130653266,0.7486637461520236,0.12675669729142397,1077820.167105862,-6031.616370557957,1071788.550735304,4047,17,1605.555,83,117,41,33.320556081774384,0.6499748995983936,38.15724206349207,8232.575730562794,99.18765940437102,0
4050,31.582603828494754,0,0,199,0.0,0.0,1.0,199,5150,3700,1450,0.7184466019417476,66,37,29,186.91957255124197,0.4198232323232323,0.7490958150136393,0.12872563197509043,1083657.1533150238,-4438.653622051956,1079218.4996929718,4048,18,1614.4070351758794,86,113,43,33.14222542163721,0.6500726744186047,38.03879310344828,8273.417015848145,96.20252344009471,0
4051,31.47038384082372,0,0,199,0.0,0.0,1.0,199,5350,3800,1550,0.7102803738317757,69,38,31,187.57038324116198,0.41958001285890734,0.7513315255077508,0.12956694897273296,1080637.998261491,-4610.863304225912,1076027.134957265,4049,19,1615.4070351758794,87,112,40,33.02246601020826,0.6507423371647509,37.93797348484849,8247.192564535957,94.79531683374663,0
4052,31.26023548485254,0,0,199,0.0,0.0,1.0,199,4200,3100,1100,0.7380952380952381,53,31,22,188.4969730557759,0.4193484256298327,0.7526284633850671,0.13036445999416482,1073749.8544484887,-3520.280523475898,1070229.5739250127,4050,20,1616.4070351758794,88,111,36,32.957395582149935,0.6508049242424243,37.89794007490637,8193.37211432338,93.10650129912932,0
4053,30.90088873161707,0,0,199,0.0,0.0,1.0,199,4550,2800,1750,0.6153846153846154,63,28,35,184.73615654483956,0.41924162056071607,0.7470553676441212,0.12815161725669658,1062219.4187048606,-5103.933436233876,1057115.4852686268,4051,21,1617.4070351758794,90,109,37,32.95379303821414,0.6511574074074074,37.797619047619065,8102.286598974646,90.02540665527384,0
4054,30.508873456970562,0,0,199,0.0,0.0,1.0,199,5650,4100,1550,0.7256637168141593,72,41,31,182.903880499488,0.418978309053686,0.7451763514412357,0.12733676817176096,1049691.291483052,-7051.477892245814,1042639.8135908062,4052,22,1618.4070351758794,92,107,38,32.88126245374327,0.6517210144927537,37.679211469534074,8003.111742408787,86.99034502618247,0
4055,30.664631036809343,0,0,199,0.0,0.0,1.0,199,5550,3700,1850,0.6666666666666666,74,37,37,187.2336388330899,0.4185532037290831,0.7516891891891904,0.13071027616649689,1055778.8815802033,-5814.535639721616,1049964.3459404816,4053,23,1619.4070351758794,93,106,39,32.675429335585626,0.6523297491039426,37.58865248226951,8046.74715150317,86.52416291938893,0
4056,30.296638665364373,1,1,199,0.005,0.005,0.995,200,5000,3100,1900,0.62,69,31,38,187.5528029582968,0.4189766541038526,0.7545189923633839,0.13160020266029943,1044435.2892607631,-5822.646798117057,1038612.642462646,4054,0,1612.305,79,121,39,32.4971486660716,0.6590189873417722,37.42187499999999,7955.234574553863,100.69917182979573,0
4057,30.830781802338695,1,1,199,0.005,0.005,0.995,200,6400,4800,1600,0.75,80,48,32,183.04734323557238,0.41891959798994977,0.7465628539071347,0.12930464326160815,1064626.7995625897,-7424.578560535647,1057202.2210020542,4055,0,1611.945,83,117,37,32.391940354850895,0.6596385542168675,37.20238095238095,8102.256051031261,97.61754278350918,0
4058,30.970973477157088,0,0,199,0.0,0.0,1.0,199,4600,3200,1400,0.6956521739130435,60,32,28,181.8334932631303,0.41837872020032824,0.7432355992745361,0.1287547244466471,1070101.6479546516,-5483.935841154507,1064617.712113497,4056,1,1620.6633165829146,85,114,41,32.34455873995915,0.6596813725490196,37.12451550387598,8141.509658124317,95.78246656616844,0
4059,30.65869849253098,0,0,199,0.0,0.0,1.0,199,6200,4900,1300,0.7903225806451613,75,49,26,182.34163285377312,0.41829729455357595,0.7451176128274302,0.12971764865711402,1060532.0244587995,-7324.1717932930405,1053207.8526655065,4057,2,1621.6633165829146,86,113,39,32.17710609371204,0.6608527131782946,36.973180076628346,8064.059967479873,93.7681391567427,0
4060,30.554160080267685,0,0,199,0.0,0.0,1.0,199,5550,4300,1250,0.7747747747747747,68,43,25,184.13301529838608,0.4179155457421789,0.7480764744919273,0.13154386876972074,1058009.6068481957,-6387.100175276493,1051622.5066729193,4058,3,1622.6633165829146,87,112,35,31.991423773539637,0.6618773946360152,36.837121212121204,8040.720725668907,92.42207730653917,0
4061,30.721787132939173,0,1,198,0.0,0.005025125628140704,0.9949748743718593,199,4850,3200,1650,0.6597938144329897,65,32,33,183.996954818713,0.41732758912407153,0.7483652932972771,0.1319060425862359,1064724.5065977764,-5468.786613030494,1059255.7199847458,4059,4,1623.6633165829146,89,110,37,31.88034869066983,0.6623361423220974,36.72453703703704,8088.292730474163,90.87969360083329,0
4062,30.402098340842265,0,1,197,0.0,0.005050505050505051,0.9949494949494949,198,5850,4000,1850,0.6837606837606838,77,40,37,184.3191733656468,0.41672221367652845,0.7475572578754004,0.1324865257257402,1054325.8721675067,-6583.50535681399,1047742.3668106927,4060,5,1632.8383838383838,91,107,39,31.785253654342213,0.6625457875457875,36.639492753623195,8006.712040398469,87.98584659778537,0
4063,30.246479530053126,0,0,197,0.0,0.0,1.0,197,5600,4500,1100,0.8035714285714286,67,45,22,189.54227589464355,0.41608826271625404,0.7531920017170588,0.13681848153288287,1050011.68775294,-5195.678997466386,1044816.0087554737,4061,31,1642.1015228426395,91,106,42,31.509252893319605,0.6639194139194139,36.5036231884058,7969.837767475048,87.58063480741811,0
4064,30.425331714596176,0,2,195,0.0,0.01015228426395939,0.9898477157360406,197,5700,3800,1900,0.6666666666666666,76,38,38,188.93894393321176,0.41569762422735596,0.7534620978747775,0.13669284769885925,1056803.5026592608,-5165.732452527767,1051637.770206733,4062,32,1643.1015228426395,75,122,40,31.45107470965507,0.6708333333333334,36.4309210526316,8019.1766566843135,106.92235542245751,0
4065,30.886210335002776,0,0,195,0.0,0.0,1.0,195,6250,4600,1650,0.736,79,46,33,187.02667186524596,0.41493743942197553,0.7488569161285519,0.1359767525982118,1074091.797509664,-5073.237166801289,1069018.5603428627,4063,33,1639.3076923076924,78,117,43,31.341349599186692,0.671073717948718,36.27373417721521,8145.504917067438,104.42955021881332,0
4066,30.45742925326065,0,0,195,0.0,0.0,1.0,195,5900,4300,1600,0.7288135593220338,75,43,32,190.7651167397344,0.41467860604458545,0.7537747811363438,0.139139049509738,1059998.9386369642,-4457.835745384753,1055541.1028915795,4064,34,1640.3076923076924,79,116,41,31.138954693514968,0.6716772151898734,36.17187500000002,8035.526452207961,101.71552471149317,0
4067,30.27195307714286,0,0,195,0.0,0.0,1.0,195,5150,3500,1650,0.6796116504854369,68,35,33,192.09602000099542,0.4140684201251212,0.7553772524581677,0.14078563361327404,1054764.5724079814,-3626.784720474647,1051137.7876875068,4065,35,1641.3076923076924,82,113,43,30.94810782542553,0.6720020325203252,36.019076305220906,7991.218135349241,97.45387969938098,0
4068,29.904081186289087,0,0,195,0.0,0.0,1.0,195,6050,4200,1850,0.6942148760330579,79,42,37,218.93644570706837,0.41373358886245487,0.7782301166503232,0.1568725229285743,1036253.6664580603,324.7389170487786,1036578.405375109,4066,36,1642.3076923076924,80,115,39,30.977561754026024,0.6654947916666667,36.7412551440329,7872.510879173344,98.4063859896668,8
4069,29.970694942428977,0,0,195,0.0,0.0,1.0,195,5500,3700,1800,0.6727272727272727,73,37,36,218.38591632127572,0.41355846330073137,0.776629630316634,0.15717570201046963,1039692.0570781874,910.8205153941635,1040602.8775935816,4067,37,1643.3076923076924,81,114,40,30.84574190177638,0.6665380658436214,36.59806910569104,7894.338918080048,97.46097429728454,0
4070,30.10700723195244,0,0,195,0.0,0.0,1.0,195,5300,4300,1000,0.8113207547169812,63,43,20,217.08125072803392,0.4134637412987929,0.7744585254978651,0.15736363144307466,1046248.0261938398,1124.166019579272,1047372.1922134191,4068,38,1644.3076923076924,68,127,42,30.64479184561643,0.6750919117647058,36.36775362318842,7937.177948242565,116.72320512121419,0
4071,30.683212044449647,0,1,194,0.0,0.005128205128205128,0.9948717948717949,195,4050,2700,1350,0.6666666666666666,54,27,27,216.08417139311788,0.41311459159397307,0.7734939549900626,0.1573668045240102,1067465.307852214,3082.4713076290627,1070547.779159843,4069,39,1645.3076923076924,69,126,45,30.520374967091648,0.6760265700483092,36.220238095238095,8093.610367558251,117.29870097910508,0
4072,31.12118887136934,0,0,194,0.0,0.0,1.0,194,5200,3600,1600,0.6923076923076923,68,36,32,217.03516801548773,0.41313175489201076,0.7732918686824062,0.14539207393987996,1060279.0398016048,2023.5679093281083,1062302.6077109328,4070,40,1651.1907216494844,80,114,31,33.30069464971918,0.64296875,38.966049382716044,8123.686879000176,101.54608598750221,8
4073,30.922512707853677,0,0,194,0.0,0.0,1.0,194,4500,3100,1400,0.6888888888888889,59,31,28,218.7312345327973,0.41317849384826305,0.7757829745963893,0.1470463283036378,1054475.1113751428,2829.3285790387995,1057304.4399541817,4071,41,1652.1907216494844,81,113,34,33.13430294775757,0.643775720164609,38.84654471544715,8075.521039736478,99.6977906140306,0
4074,30.601395868031148,0,0,194,0.0,0.0,1.0,194,5550,4100,1450,0.7387387387387387,70,41,29,239.02738162258885,0.4126682602425084,0.7933323953822602,0.1620932268667959,1045866.9550527623,5648.167958370101,1051515.1230111325,4072,42,1653.1907216494844,86,108,36,32.30435595652438,0.6448643410852712,38.55363984674328,8000.623565305616,93.0305065733211,8
4075,31.10521783815354,0,0,194,0.0,0.0,1.0,194,5650,3800,1850,0.672566371681416,75,38,37,232.89190343024353,0.4122904536794687,0.7865201110498161,0.1586624773536472,1064344.308305426,5125.434373279237,1069469.7426787054,4073,43,1654.1907216494844,72,122,37,32.30649648175422,0.65234375,38.39897260273972,8137.1569438765355,113.01606866495189,0
4076,31.256348339505237,1,0,195,0.005128205128205128,0.0,1.0,195,5350,3800,1550,0.7102803738317757,69,38,31,230.31676677170734,0.41268834258524983,0.7855520903069186,0.15747783574187452,1070506.8260125406,4961.134194850285,1075467.9602073908,4074,0,1646.702564102564,74,121,40,32.249876176324904,0.6525900900900901,38.277777777777786,8180.480945967196,110.54703981036751,0
4077,31.15038648679092,0,0,195,0.0,0.0,1.0,195,5050,3700,1350,0.7326732673267327,64,37,27,227.41588704944417,0.41229844039122393,0.782646830081337,0.1559043450962769,1067593.9906016665,4507.566876266919,1072101.5574779334,4075,1,1647.702564102564,76,119,38,32.23595824936702,0.6525493421052632,38.18993506493507,8155.4847088591105,107.30900932709356,0
4078,30.8260543492936,0,0,195,0.0,0.0,1.0,195,5200,4000,1200,0.7692307692307693,64,40,24,228.47226216463707,0.4122202396686933,0.7852241831608751,0.1575832114360814,1058109.813169638,4149.748526693732,1062259.5616963317,4076,2,1648.702564102564,78,117,39,32.001618774428394,0.6537126068376069,37.98786919831224,8076.8001842670565,103.54872031111611,0
4079,31.0438868825316,0,0,195,0.0,0.0,1.0,195,6050,4400,1650,0.7272727272727273,77,44,33,225.95228112703856,0.4119558991981673,0.7827363267537719,0.15640809530548327,1066558.9690960154,3148.286404749605,1069707.255500765,4077,3,1649.702564102564,81,114,34,31.94547088280429,0.6536779835390947,37.8683943089431,8137.58391540958,100.46399895567383,0
4080,31.11986839448395,0,1,194,0.0,0.005128205128205128,0.9948717948717949,195,6000,4800,1200,0.8,72,48,24,224.9699782967167,0.4117488324962552,0.7822900038828251,0.15607839350313138,1069775.4248956752,3133.4708242284505,1072908.8957199035,4078,4,1650.702564102564,84,111,35,31.895272480837576,0.6532738095238095,37.79411764705884,8159.812551083109,97.14062560813224,0
4081,30.68382783051948,0,1,193,0.0,0.005154639175257732,0.9948453608247423,194,4050,2800,1250,0.691358024691358,53,28,25,222.6665880511658,0.41078145309189323,0.7802626558142665,0.15513028969122733,1055900.4329430938,4172.749345037578,1060073.1822881314,4079,5,1659.9639175257732,86,108,38,31.814119239955566,0.6539486434108528,37.65565134099617,8049.7288265626585,93.60149798328672,0
4082,30.507399125911412,0,1,192,0.0,0.0051813471502590676,0.9948186528497409,193,5900,4300,1600,0.7288135593220338,75,43,32,203.78723630822313,0.4107308308146229,0.7634026314767475,0.13638477384979625,1039105.3598454549,-2148.718096806704,1036956.6417486483,4080,6,1654.0051813471503,81,112,31,33.6801161621078,0.6422325102880658,38.99898373983739,7962.46217531726,98.30200216441061,8
4083,30.10419296077871,0,0,192,0.0,0.0,1.0,192,6300,5100,1200,0.8095238095238095,75,51,24,201.0885996838282,0.4096733656922629,0.7589626663975828,0.1351651714248875,1026529.5233737025,-3415.323122135032,1023114.2002515675,4081,56,1663.5885416666667,83,109,35,33.60029164094529,0.6429467871485943,38.8516865079365,7861.659220746985,94.71878579213235,0
4084,30.186697224507647,0,0,192,0.0,0.0,1.0,192,5000,3700,1300,0.74,63,37,26,199.13015635346724,0.4096864319735311,0.7566789047226297,0.13446214518125196,1030560.1326941672,-2356.879928992163,1028203.2527651751,4082,57,1664.5885416666667,86,106,37,33.49399361559138,0.6434108527131783,38.69731800766283,7887.864945254476,91.71935982854042,0
4085,29.964691484855212,0,0,192,0.0,0.0,1.0,192,5200,3500,1700,0.6730769230769231,69,35,34,197.48212402840375,0.40952452370564285,0.7546101569222419,0.13363784188388486,1023550.983738104,-3173.3955360076725,1020377.5882020963,4083,58,1665.5885416666667,87,105,37,33.46282814787977,0.6437978927203065,38.6245265151515,7832.035424681402,90.02339568599312,0
4086,30.19034678315087,0,0,192,0.0,0.0,1.0,192,5400,4200,1200,0.7777777777777778,66,42,24,205.12215868828167,0.4094091995709715,0.7639152785007828,0.13285221403917305,1019457.0163840626,-1977.3552218774294,1017479.6611621851,4084,59,1666.5885416666667,76,116,40,34.79383567586325,0.6329495614035088,40.12445887445886,7845.732707039032,103.23332509261884,8
4087,30.2298727867447,0,0,192,0.0,0.0,1.0,192,6000,4700,1300,0.7833333333333333,73,47,26,203.70828982852396,0.40917059791303084,0.7622710462165239,0.132211713203402,1021360.3783332044,-2788.0848062257637,1018572.2935269787,4085,60,1667.5885416666667,79,113,35,34.75672877846792,0.6323839662447257,40.05208333333333,7858.192452012632,99.47079053180548,0
4088,30.784792032476947,1,0,193,0.0051813471502590676,0.0,1.0,193,5050,3500,1550,0.693069306930693,66,35,31,215.75234261156558,0.40978631440702357,0.7738005774631156,0.13163848410848195,1022631.5267867421,477.029506536599,1023108.5562932787,4086,0,1659.9430051813472,71,122,42,36.68425385421344,0.613849765258216,42.24537037037039,7934.922668556311,111.75947420501846,8
4089,30.67031141903208,3,0,196,0.015306122448979591,0.0,1.0,196,4850,3100,1750,0.6391752577319587,66,31,35,212.4417011082898,0.4127300279085993,0.7756008020944065,0.13090240627972402,1021648.7095651529,-641.8420409777409,1021006.8675241751,4087,0,1635.5204081632653,74,122,41,36.40553253694938,0.615990990990991,41.88888888888891,7916.348158490208,106.97767781743525,0
4090,30.47936125312195,1,0,197,0.005076142131979695,0.0,1.0,197,5300,3900,1400,0.7358490566037735,67,39,28,211.177891239123,0.41409514313339546,0.7755501141367269,0.13045064562285524,1015999.0679123233,-1788.69186747221,1014210.376044851,4088,0,1628.2131979695432,78,119,42,36.34587886834847,0.6151175213675213,41.79852320675106,7869.816087271024,100.8950780419362,0
4091,30.552067021354684,0,1,196,0.0,0.005076142131979695,0.9949238578680203,197,5000,3700,1300,0.74,63,37,26,209.6506389808526,0.4139138523429677,0.7739826206659206,0.12979256372809592,1019046.8349157561,-1671.2359816991202,1017375.598934057,4089,1,1629.2131979695432,78,119,45,36.30454019467703,0.6159188034188035,41.71940928270043,7891.005917910042,101.16674253730822,0
4092,30.759680516263373,0,0,196,0.0,0.0,1.0,196,4300,3100,1200,0.7209302325581395,55,31,24,212.5376271264363,0.4135231336124194,0.7742078718467098,0.13183220803790976,1026518.0760505035,134.7432172336812,1026652.8192677372,4090,2,1637.9132653061224,64,132,44,36.1597450530364,0.6238606770833333,41.650641025641015,7946.7437436327045,124.16787099426101,0
4093,30.405372414977144,0,0,196,0.0,0.0,1.0,196,5650,4000,1650,0.7079646017699115,73,40,33,209.47768828923762,0.413587999302285,0.7701477881821892,0.13064511615591695,1016228.9512306537,-2274.5417047212586,1013954.4095259324,4091,3,1638.9132653061224,68,128,44,36.03937969558955,0.623468137254902,41.45531400966183,7861.14746344955,115.60510975661103,0
4094,30.775457043471512,1,0,197,0.005076142131979695,0.0,1.0,197,5500,4200,1300,0.7636363636363637,68,42,26,206.3669472414063,0.4144976518526193,0.7669849879960371,0.12953381549622517,1030419.4047274871,-2371.0986136161882,1028048.3061138709,4092,0,1631.5888324873097,70,127,43,35.88629663227125,0.624702380952381,41.22652582159625,7963.871938567357,113.76959912239082,0
4095,30.346243271582633,1,0,198,0.005050505050505051,0.0,1.0,198,6050,4300,1750,0.7107438016528925,78,43,35,201.74989862178816,0.41508037225042305,0.762149285336156,0.12711993278737804,1017112.9985711643,-4609.511130272733,1012503.4874408916,4093,0,1624.3434343434344,75,123,42,35.86752249867656,0.6236111111111111,41.09100877192984,7856.915233007111,104.75886977342815,0
4096,30.768326978552146,0,0,198,0.0,0.0,1.0,198,5400,4000,1400,0.7407407407407407,68,40,28,200.92831567351598,0.4157693688150541,0.7617791934276694,0.12720589003185226,1032601.8116948064,-3504.2114429479525,1029097.6002518585,4094,1,1625.3434343434344,76,122,44,35.71702086923224,0.6248629385964912,40.92261904761907,7971.377569889834,104.88654697223467,0
4097,31.035354378753567,0,0,198,0.0,0.0,1.0,198,5450,4000,1450,0.7339449541284404,69,40,29,202.00991543927444,0.416059388299236,0.7628901202243459,0.12834076755354784,1042560.728362004,-2928.4790846565065,1039632.2492773476,4095,2,1626.3434343434344,77,121,44,35.56248604599242,0.6256764069264069,40.79861111111112,8044.406959631807,104.47281765755594,0
4098,30.984953003865925,1,0,199,0.005025125628140704,0.0,1.0,199,6250,5100,1150,0.816,74,51,23,199.05835639211114,0.41675020726528267,0.7606386736050816,0.1270451535622932,1042160.3184088067,-4559.855984092464,1037600.4624247142,4096,0,1619.1658291457286,81,118,48,35.474880001959164,0.6256430041152263,40.637703252032544,8036.328575710562,99.21393303346373,0
4099,31.145274319635895,0,1,198,0.0,0.005025125628140704,0.9949748743718593,199,5900,4100,1800,0.6949152542372882,77,41,36,200.0128729116458,0.41690459875133246,0.7623069169054149,0.12786301479533219,1048015.9176637494,-3776.665090187922,1044239.2525735615,4097,1,1620.1658291457286,69,130,44,35.391630337100175,0.6317934782608696,40.58035714285713,8079.695940687656,117.09704261866167,0
4100,31.04714013124262,0,0,198,0.0,0.0,1.0,198,5500,4000,1500,0.7272727272727273,70,40,30,208.8902942672437,0.41667254183117125,0.7739966180380189,0.12507161348950477,1025841.077357462,-2242.3510958746488,1023598.7262615873,4098,2,1626.3484848484848,82,116,40,37.564382658790215,0.6020071138211383,42.93423694779117,7981.156768426752,97.33118010276527,8
4101,30.656249062330758,0,0,198,0.0,0.0,1.0,198,6100,4200,1900,0.6885245901639344,80,42,38,210.8786057374203,0.4165320719889248,0.7786768414822576,0.1269584926164182,1014517.6719910834,-2911.985566909236,1011605.6864241742,4099,3,1627.3484848484848,86,112,41,37.30705387753835,0.6025920542635659,42.7322796934866,7886.863309414556,91.70771290016926,0
4102,31.08769089308645,1,0,199,0.005025125628140704,0.0,1.0,199,5250,4300,950,0.819047619047619,62,43,19,212.46075731526008,0.417637429572103,0.7816286308479499,0.12876765236179039,1030748.0606239481,-1251.2972877199986,1029496.7633362281,4100,0,1620.1658291457286,70,129,40,37.01714904284411,0.611904761904762,42.48826291079813,8005.445283970865,114.36350405672664,0
4103,30.98541060451552,1,0,200,0.005,0.0,1.0,200,5250,3700,1550,0.7047619047619048,68,37,31,208.10791393798365,0.41804909966499165,0.7776635765872597,0.1267640917664264,1028815.1990008279,-2429.0830216492172,1026386.1159791787,4101,0,1613.06,74,126,40,36.94273022888148,0.6117680180180181,42.30555555555556,7984.768171613625,107.90227258937331,0
4104,30.974831469290475,1,1,200,0.004975124378109453,0.004975124378109453,0.9950248756218906,201,6350,4600,1750,0.7244094488188977,81,46,35,208.82780872175903,0.41849606135986733,0.7789266864711191,0.12783158926956203,1029892.6777383329,-3535.953777863918,1026356.723960469,4102,0,1606.0298507462687,76,125,43,36.74151015982936,0.6126644736842105,42.12662337662337,7987.584381325943,105.09979449113082,0
4105,30.59982282320079,2,1,201,0.009900990099009901,0.0049504950495049506,0.995049504950495,202,5600,3800,1800,0.6785714285714286,74,38,36,208.7113938185481,0.4199120938213224,0.7787530011035086,0.12861671431784058,1019329.127064776,-3450.8794260934123,1015878.2476386826,4103,0,1595.7128712871288,80,122,38,36.498139936558545,0.6134114583333333,41.88528806584361,7898.264453246672,98.7283056655834,0
4106,30.461415364009326,0,0,201,0.0,0.0,1.0,201,6900,5100,1800,0.7391304347826086,87,51,36,214.17090601736493,0.41976782752902153,0.785019127470219,0.13240615125704075,1015628.7730041735,-3596.3731016784063,1012032.3999024951,4104,1,1604.641791044776,80,121,40,36.239002324037166,0.6145833333333333,41.76954732510288,7866.065078566187,98.32581348207734,0
4107,30.358022937253576,0,0,201,0.0,0.0,1.0,201,6150,4100,2050,0.6666666666666666,82,41,41,216.3408860987637,0.4198973880597015,0.78898482541477,0.1342494429657612,1013235.7643739011,-2509.1353816781443,1010726.628992223,4105,2,1605.641791044776,65,136,38,36.04561189167176,0.6233974358974359,41.63510101010103,7843.447529716601,120.66842353410155,0
4108,30.442756474892523,0,0,201,0.0,0.0,1.0,201,6650,4600,2050,0.6917293233082706,87,46,41,215.5453345831841,0.4198580016583748,0.7891705230107853,0.13422819352864632,1017057.189874021,-3005.6135436741333,1014051.5763303469,4106,3,1606.641791044776,65,136,41,35.93718199210322,0.6246794871794872,41.508838383838395,7869.183483992914,121.06436129219868,0
4109,30.92151285800424,0,0,201,0.0,0.0,1.0,201,7100,5700,1400,0.8028169014084507,85,57,28,218.04825289443278,0.4199689054726368,0.7908885958816014,0.13668291726791507,1034928.5499187408,-2167.1275639298296,1032761.4223548109,4107,4,1607.641791044776,68,133,43,35.63268273232974,0.6253063725490196,41.27415458937199,8000.194555562771,117.64991993474663,0
4110,31.1863333270303,1,0,202,0.0049504950495049506,0.0,1.0,202,5000,3800,1200,0.76,62,38,24,214.84921800430908,0.4205191041492209,0.7888603340356708,0.13524846420570927,1045005.2748555483,-496.28677738152646,1044508.9880781667,4108,0,1600.6782178217823,70,132,46,35.561891942948904,0.6257440476190477,41.12382629107981,8073.398643712572,115.33426633875104,0
4111,31.663540817805618,1,0,203,0.0049261083743842365,0.0,1.0,203,6400,4800,1600,0.75,80,48,32,242.50264288980435,0.4210542359654685,0.8086008635893707,0.1458906274069674,1047633.4760158806,3810.777342736451,1051444.253358617,4109,0,1593.7881773399015,81,122,35,36.520987654321026,0.6041666666666667,42.759146341463406,8145.156269824209,100.55748481264455,8
4112,31.19695087441299,1,0,204,0.004901960784313725,0.0,1.0,204,5200,2800,2400,0.5384615384615384,76,28,48,242.84609614534773,0.4222673983386458,0.8103954991770466,0.1467423854032774,1033490.4828452311,4195.825832466735,1037686.3086776978,4110,0,1586.9705882352941,65,139,35,36.346942894516324,0.6136217948717948,42.597853535353515,8030.1621182259905,123.54095566501523,0
4113,30.74493635190049,1,0,205,0.004878048780487805,0.0,1.0,205,5300,3900,1400,0.7358490566037735,67,39,28,238.83892310293092,0.4229186593336522,0.807819746661711,0.14490014324807923,1019673.2089936223,2407.530230589204,1022080.7392242115,4111,0,1580.2243902439025,68,137,35,36.30043474013284,0.6133578431372548,42.45169082125602,7918.30637324004,116.44568195941235,0
4114,31.03155752742257,2,0,207,0.00966183574879227,0.0,1.0,207,5750,4000,1750,0.6956521739130435,75,40,35,219.87261942585556,0.42351535262573675,0.7897456113028165,0.12769598338347482,1016305.2767486218,-2458.4593329920117,1013846.8174156299,4112,0,1565.9468599033817,81,126,37,38.44032817127448,0.5909207818930041,44.06758130081303,7941.98157399628,98.04915523452198,8
4115,31.51458936374789,2,1,208,0.009569377990430622,0.004784688995215311,0.9952153110047847,209,5150,3100,2050,0.6019417475728155,72,31,41,217.68586669961257,0.4247513725309778,0.7909320042433396,0.12710345535897338,1033743.0191894888,-1943.7509846124685,1031799.2682048763,4113,0,1551.952153110048,88,121,40,38.291388685797834,0.5904356060606061,43.86704119850187,8071.925019150971,91.72642067217012,0
4116,31.762972430377822,1,0,209,0.004784688995215311,0.0,1.0,209,6750,5000,1750,0.7407407407407407,85,50,35,209.87698752517733,0.42485584590847747,0.7851627267989949,0.12243370315041989,1041616.1279336519,-4827.748982328932,1036788.378951323,4114,0,1552.9377990430621,75,134,46,38.52583400231915,0.5951388888888889,43.90076754385966,8134.47285994533,108.4596381326044,8
4117,32.126651308921446,3,2,210,0.014150943396226415,0.009433962264150943,0.9905660377358491,212,5300,3600,1700,0.6792452830188679,70,36,34,209.21297618162959,0.4266855942054905,0.7873452455026275,0.12325633053900473,1056575.8707080928,-3490.1235054930557,1053085.7472025997,4115,0,1531.948113207547,66,146,49,38.16670202877462,0.6035353535353536,43.532338308457675,8239.44713917853,124.84010816937166,0
4118,32.56339447842066,1,1,210,0.004739336492890996,0.004739336492890996,0.995260663507109,211,6500,4900,1600,0.7538461538461538,81,49,32,207.0444503194572,0.42659670503272396,0.7841033942490843,0.12271171079909195,1072798.2372672956,-4276.615732262381,1068521.6215350332,4116,0,1539.7630331753555,70,141,44,37.99523224356037,0.6035714285714286,43.30985915492954,8358.702315059312,119.4100330722759,0
4119,32.61819906908097,1,1,210,0.004739336492890996,0.004739336492890996,0.995260663507109,211,5750,4300,1450,0.7478260869565218,72,43,29,219.87357986188397,0.4272436620777853,0.799437645893754,0.12075024467824819,1050441.1703763846,-1757.1478870073224,1048684.0224893773,4117,0,1540.696682464455,76,135,34,40.631996268656714,0.5712719298245614,46.212121212121225,8278.103551622853,108.92241515293227,8
4120,32.130310942866835,7,0,217,0.03225806451612903,0.0,1.0,217,7000,5300,1700,0.7571428571428571,87,53,34,213.55401690117537,0.4322552198896285,0.7987842212861882,0.1193581697894748,1040302.8102537737,-5967.831215345173,1034334.9790384285,4118,0,1499.0599078341013,71,146,40,40.09519443970662,0.5805457746478873,45.529513888888886,8176.215844532473,115.15796964130244,0
4121,32.46439232389174,3,0,220,0.013636363636363636,0.0,1.0,220,5600,3900,1700,0.6964285714285714,73,39,34,210.7777613153878,0.4338435727134357,0.7984428962872296,0.11887917574096027,1054004.3698752276,-5167.8637002125615,1048836.5061750151,4119,0,1479.6045454545454,74,146,37,39.80952835159242,0.5826295045045045,45.18055555555557,8272.55841620062,111.79132994865702,0
4122,31.965326895796004,1,1,220,0.004524886877828055,0.004524886877828055,0.995475113122172,221,6100,4900,1200,0.8032786885245902,73,49,24,211.06564358649524,0.4345151172357055,0.8003416771170704,0.11956958688438393,1039183.3158847688,-6432.820925686392,1032750.4949590825,4120,0,1473.9049773755655,75,146,38,39.6290224324518,0.5838888888888889,45.01096491228071,8150.807861422569,108.67743815230092,0
4123,32.347056479891876,2,5,217,0.009009009009009009,0.02252252252252252,0.9774774774774775,222,6650,5200,1450,0.7819548872180451,81,52,29,208.46330282446547,0.43629446754446755,0.7988945201816238,0.11869547540734224,1053190.4977634293,-7139.6860665784625,1046050.8116968508,4121,0,1465.1936936936936,80,142,40,39.49776579482272,0.5837239583333333,44.817386831275726,8254.40640085514,103.18008001068924,0
4124,32.505573885777316,5,0,222,0.02252252252252252,0.0,1.0,222,7050,4900,2150,0.6950354609929078,92,49,43,215.12731312822845,0.43598278708572824,0.8057760046666536,0.12388752830344076,1061928.225993204,-5760.046801410894,1056168.179191793,4122,0,1466.0900900900901,71,151,42,38.88763112217946,0.5921361502347418,44.3865740740741,8308.861102631907,117.02621271312545,0
4125,32.269222289912406,2,1,223,0.008928571428571428,0.004464285714285714,0.9955357142857143,224,5650,4100,1550,0.7256637168141593,72,41,31,219.71644928206655,0.43719262158338673,0.8139475732734502,0.12340031495123137,1046338.6257619829,-4470.438480179827,1041868.187281803,4123,0,1453.9910714285713,69,155,42,39.74701250511309,0.5834842995169083,45.34226190476192,8217.607158441566,119.09575591944298,8
4126,32.19682357561819,0,0,223,0.0,0.0,1.0,223,6200,4900,1300,0.7903225806451613,75,49,26,220.6261999807219,0.43700931873577614,0.8137573443698727,0.12407811654892562,1044415.5826052384,-4714.911761830678,1039700.6708434077,4124,1,1461.506726457399,70,153,44,39.67093389397691,0.5834821428571428,45.2904929577465,8200.837061272168,117.15481516103098,0
4127,32.60094161535684,4,5,222,0.01762114537444934,0.022026431718061675,0.9779735682819384,227,7350,5700,1650,0.7755102040816326,90,57,33,214.27564596576846,0.43918853066157265,0.8117202251427724,0.12169313540033394,1060644.6750810517,-7295.93542137069,1053348.739659681,4125,0,1436.7356828193833,75,152,40,39.44917208460949,0.584861111111111,44.91502192982458,8316.010477020422,110.88013969360563,0
4128,32.9727900841534,2,1,223,0.008928571428571428,0.004464285714285714,0.9955357142857143,224,6250,4300,1950,0.688,82,43,39,221.69805876822363,0.438271574044416,0.8161980026189282,0.12647588395631362,1074184.8347269997,-3421.0614765516466,1070763.773250448,4126,0,1450.0669642857142,64,160,43,39.0846046793906,0.5924479166666667,44.74358974358976,8416.516033019185,131.50806301592476,0
4129,33.24965555812682,4,1,226,0.01762114537444934,0.004405286343612335,0.9955947136563876,227,6450,4800,1650,0.7441860465116279,81,48,33,217.0666711813337,0.44000964874663756,0.8136914509976925,0.1252125729947911,1086771.3917524754,-4669.630331437072,1082101.7614210383,4127,0,1431.828193832599,68,159,43,38.7737905447961,0.5943627450980392,44.32367149758454,8501.149857071796,125.01690966282052,0
4130,32.724396985288095,2,0,228,0.008771929824561403,0.0,1.0,228,5900,4200,1700,0.711864406779661,76,42,34,214.69120713970844,0.4408675644691759,0.8118950772716327,0.1246042753671048,1071538.5534875486,-5490.018891004158,1066048.5345965445,4128,0,1419.877192982456,72,156,41,38.598356009070265,0.5946180555555556,44.09246575342466,8374.419742211154,116.31138530848824,0
4131,32.54425902569116,2,3,227,0.008695652173913044,0.013043478260869565,0.9869565217391304,230,6800,5500,1300,0.8088235294117647,81,55,26,213.6271935932838,0.44193563698500093,0.8137191759466504,0.12466701247608081,1067351.416059102,-7196.942481895233,1060154.4735772067,4129,0,1408.5217391304348,75,155,43,38.415792571979026,0.5952777777777778,43.887061403508774,8335.005813515154,111.13341084686871,0
4132,32.239704403731814,3,0,230,0.013043478260869565,0.0,1.0,230,6550,4700,1850,0.7175572519083969,84,47,37,206.77619456469145,0.4423359281058161,0.8070167371951245,0.12155999889108617,1059634.2719951565,-8728.571521303089,1050905.7004738534,4130,0,1409.3086956521738,67,163,44,38.31064159247971,0.6021455223880596,43.61213235294115,8265.86906564424,123.37118008424238,0
4133,32.180641375506546,1,1,230,0.004329004329004329,0.004329004329004329,0.9956709956709957,231,7000,4700,2300,0.6714285714285714,93,47,46,205.242822738535,0.44242973210364517,0.8068739341466611,0.12135554326223677,1059461.4412287497,-9710.628643915175,1049750.8125848344,4131,0,1404.2034632034631,70,161,45,38.131313131313114,0.6026785714285714,43.39788732394364,8257.620564225452,117.96600806036359,0
4134,31.877445565029987,1,0,231,0.004329004329004329,0.0,1.0,231,6700,4700,2000,0.7014925373134329,87,47,40,204.01935325166394,0.44290811845159667,0.8060681194908641,0.12108787434127109,1050623.2625180136,-10030.50429398457,1040592.758224029,4132,0,1405.1774891774892,71,160,44,38.02007025057287,0.6035798122065728,43.258101851851826,8184.275882480007,115.27149130253531,0
4135,31.462652737684607,1,2,230,0.004310344827586207,0.008620689655172414,0.9913793103448276,232,7250,5300,1950,0.7310344827586207,92,53,39,203.57884908812335,0.44363236739314327,0.8069254149022815,0.12128992546552878,1038096.1444132666,-11383.116335506053,1026713.0280777605,4133,0,1400.1163793103449,73,159,40,37.88695042650736,0.6040239726027397,43.116554054054035,8082.234653857029,110.71554320352095,0
4136,31.057664164983574,1,1,230,0.004329004329004329,0.004329004329004329,0.9956709956709957,231,5750,4000,1750,0.6956521739130435,75,40,35,241.4156999305773,0.4441503544764414,0.8315468069901903,0.13508221988481925,1005916.1194022397,-3381.211192611564,1002534.9082096281,4134,0,1406.3722943722944,62,169,41,39.34174624829467,0.5861895161290323,45.486111111111114,7904.606886435062,127.49365945863003,8
4137,31.10194474007793,2,1,231,0.008620689655172414,0.004310344827586207,0.9956896551724138,232,6350,4900,1450,0.7716535433070866,78,49,29,236.6007714513867,0.44527323729909934,0.8289403984826211,0.1333688147455029,1009600.3916348916,-4975.553696312283,1004624.8379385794,4135,0,1401.2370689655172,65,167,35,39.173480343574504,0.5871794871794872,45.20202020202022,7924.712687560299,121.91865673169691,0
4138,31.646335133357745,3,3,231,0.01282051282051282,0.01282051282051282,0.9871794871794872,234,7050,5200,1850,0.7375886524822695,89,52,37,230.02432631512036,0.4461627874986244,0.8259355602350762,0.13070794071788683,1029754.092881086,-6476.301702957733,1023277.7911781283,4136,0,1390.2478632478633,70,164,40,39.026316041714615,0.5875,44.894366197183125,8073.158381731635,115.33083402473764,0
4139,31.678688523769726,0,1,230,0.0,0.004329004329004329,0.9956709956709957,231,6850,4500,2350,0.656934306569343,92,45,47,235.57953487169118,0.4455212058472928,0.8260079807058305,0.13298134491822428,1028760.7428018517,-4579.0045432973475,1024181.7382585544,4137,1,1409.2207792207791,78,153,33,39.14388020833329,0.5811965811965811,45.147679324894476,8073.387286226452,103.50496520803144,8
4140,31.841072326790126,4,0,234,0.017094017094017096,0.0,1.0,234,6850,5000,1850,0.7299270072992701,87,50,37,228.96741108492625,0.4465361077485541,0.8266094470496601,0.13067462621339446,1037438.1872454733,-6142.092821152933,1031296.0944243204,4138,0,1392.1324786324785,65,169,38,38.88365071513951,0.5919871794871795,44.72853535353536,8128.117168773734,125.04795644267283,0
4141,32.01705853031221,3,1,236,0.012658227848101266,0.004219409282700422,0.9957805907172996,237,6900,4800,2100,0.6956521739130435,90,48,42,219.86325384227246,0.44838375169849104,0.8210051611969167,0.1262765829628741,1045140.2090044481,-8342.414585377706,1036797.7944190705,4139,0,1375.4978902953587,71,166,43,38.870073891625616,0.5911091549295775,44.48784722222223,8180.747550692198,115.22179648862252,0
4142,32.083866945154355,0,1,235,0.0,0.00423728813559322,0.9957627118644068,236,6600,4500,2100,0.6818181818181818,87,45,42,219.0284399561327,0.44794333754056975,0.8200080890457282,0.12621082347424,1048339.9825465012,-7876.745815840061,1040463.2367306611,4140,1,1382.2372881355932,72,164,42,38.76441994604147,0.591869212962963,44.36358447488585,8201.804742043963,113.9139547506106,0
4143,32.487802620600036,3,4,234,0.012605042016806723,0.01680672268907563,0.9831932773109243,238,6450,4500,1950,0.6976744186046512,84,45,39,215.17648601392148,0.4490741971894243,0.8186241566767822,0.12498998891303062,1064051.8233525506,-8258.213542858155,1055793.6098096925,4141,0,1370.7521008403362,76,162,34,38.55394488785524,0.5930646929824561,44.06114718614721,8314.890933159315,109.40645964683308,0
4144,32.82478351857648,0,4,230,0.0,0.017094017094017096,0.9829059829059829,234,6350,4700,1650,0.7401574803149606,80,47,33,202.49050386374662,0.44754258219923454,0.807159630086115,0.11869747215438342,1077958.299123527,-9494.736173274225,1068463.5629502528,4142,1,1395.094017094017,68,166,44,38.53037621740496,0.6004901960784313,43.719806763285,8412.341863094065,123.71090975138331,8
4145,32.34364104263274,1,0,231,0.004329004329004329,0.0,1.0,231,6850,5300,1550,0.7737226277372263,84,53,31,196.92355577315328,0.44648974214191606,0.7984527748392578,0.11594376702153998,1063519.6117217436,-11163.58728505432,1052356.0244366892,4143,0,1413.3593073593074,74,157,42,38.50556036972849,0.5990990990990991,43.55555555555555,8294.347058488467,112.08577106065496,0
4146,32.768371697817294,2,1,232,0.008583690987124463,0.004291845493562232,0.9957081545064378,233,6000,4100,1900,0.6833333333333333,79,41,38,191.94486261731288,0.44711348724779243,0.7953929297318607,0.11374705146335533,1079509.018027339,-11158.757968118483,1068350.2600592205,4144,0,1402.2188841201717,78,155,44,38.38793428194724,0.5997596153846154,43.314873417721515,8411.15363714937,107.83530304037653,0
4147,32.821739009345904,3,4,231,0.01276595744680851,0.01702127659574468,0.9829787234042553,235,6850,4700,2150,0.6861313868613139,90,47,43,197.20049494668493,0.44816860641328726,0.8020941935404402,0.11792202707054186,1084080.5223237516,-11093.75688713922,1072986.7654366123,4145,0,1389.4468085106382,83,152,39,37.91272636623884,0.6011546184738956,42.981150793650784,8435.805589133197,101.63621191726743,0
4148,32.353413755397625,0,0,231,0.0,0.0,1.0,231,6150,4200,1950,0.6829268292682927,81,42,39,201.5556886120386,0.44720575318401407,0.8033432020849205,0.12085852823004196,1069454.1403498552,-9239.086860557918,1060215.0534892972,4146,1,1402.2251082251082,84,147,41,37.69750011915541,0.6018105158730158,42.8799019607843,8318.712916691118,99.03229662727522,0
4149,32.562195616192476,0,0,231,0.0,0.0,1.0,231,6200,4400,1800,0.7096774193548387,80,44,36,202.61937284421174,0.44708419599723953,0.8054843101865017,0.12195392441000764,1077510.9222487612,-8735.082540233141,1068775.839708528,4147,2,1403.2251082251082,92,139,42,37.52938871473351,0.6005434782608696,42.74193548387099,8376.887420617328,91.05312413714486,0
4150,32.474287928348076,1,0,232,0.004310344827586207,0.0,1.0,232,6750,4800,1950,0.7111111111111111,87,48,39,200.4569474212277,0.44731645270438375,0.8036594449270289,0.12119977944358613,1075986.2656182968,-10012.215545397787,1065974.050072899,4148,0,1398.1724137931035,70,162,42,37.41605399141304,0.6110119047619047,42.576291079812215,8359.651643057463,119.4235949008209,0
4151,32.68443974442518,4,1,235,0.01694915254237288,0.00423728813559322,0.9957627118644068,236,6000,4000,2000,0.6666666666666666,80,40,40,202.56433981122515,0.4484989181391994,0.8067783612353132,0.12412777213996136,1087056.4607655436,-9160.225137500116,1077896.2356280435,4149,0,1375.457627118644,78,158,48,36.86424250170417,0.6121794871794872,42.08860759493671,8429.689364464093,108.07294057005248,0
4152,32.74962344869306,1,1,235,0.00423728813559322,0.00423728813559322,0.9957627118644068,236,5600,3600,2000,0.6428571428571429,76,36,40,219.0203524495501,0.4481514454862363,0.8159806948676938,0.1322974306256544,1084815.5589402877,-5280.662787628338,1079534.8961526593,4150,0,1376.334745762712,74,162,37,36.973770595006805,0.6086711711711712,42.61111111111112,8429.389190988639,113.91066474308971,8
4153,33.17453474484279,0,0,235,0.0,0.0,1.0,235,7300,4800,2500,0.6575342465753424,98,48,50,219.05952442614742,0.4479723586106565,0.8231242616586292,0.1277048887546209,1087692.8437772598,-6646.104584086021,1081046.7391931738,4151,1,1383.1872340425532,76,159,35,38.31631799531586,0.5944353070175439,43.9258658008658,8495.140262244708,111.7781613453251,8
4154,32.64671075997931,2,1,236,0.008438818565400843,0.004219409282700422,0.9957805907172996,237,7300,5100,2200,0.6986301369863014,95,51,44,219.7192044357523,0.44895289518224507,0.8264201030989031,0.12885842451562113,1072260.063670244,-7580.774372428972,1064679.2892978152,4152,0,1372.506329113924,64,173,38,38.070562120927924,0.60302734375,43.70192307692308,8367.289185646625,130.7388935257285,0
4155,32.31198031062417,1,3,234,0.004219409282700422,0.012658227848101266,0.9873417721518988,237,6300,4000,2300,0.6349206349206349,86,40,46,219.6184434563677,0.44923225225869506,0.8262472023989866,0.1295629241922446,1063090.6865049915,-7005.135635362567,1056085.550869629,4153,0,1373.4852320675107,65,172,39,37.848076765315106,0.6046474358974359,43.48169191919192,8288.614520021689,127.51714646187213,0
4156,32.028631580909575,1,1,234,0.00425531914893617,0.00425531914893617,0.9957446808510638,235,6850,4200,2650,0.6131386861313869,95,42,53,192.05092973637838,0.44904300781960355,0.7965536662679154,0.11596628795574411,1060827.8381190794,-13103.405479799858,1047724.4326392795,4154,0,1385.1489361702127,73,162,43,37.68094144242689,0.6090182648401826,42.62387387387386,8243.40512141538,112.92335782760796,8
4157,31.80735844888714,0,1,233,0.0,0.004273504273504274,0.9957264957264957,234,7700,5000,2700,0.6493506493506493,104,50,54,188.73796571217528,0.44845964320213244,0.7918400858794679,0.11447341432316871,1054827.6783607046,-14682.793961860803,1040144.8843988437,4155,2,1392.068376068376,75,159,41,37.600895866595685,0.6097222222222223,42.461622807017534,8191.615477721874,109.22153970295832,0
4158,32.26141208250609,0,2,231,0.0,0.008583690987124463,0.9914163090128756,233,6450,4200,2250,0.6511627906976745,87,42,45,182.91772607608112,0.44805849489418376,0.7836603084162275,0.11139255699349386,1071107.9188332004,-13865.075020989781,1057242.8438122105,4156,3,1398.8841201716739,81,152,43,37.60100854490179,0.6086676954732511,42.31453252032518,8313.297054034954,102.6332969633945,0
4159,32.05719541141452,0,0,231,0.0,0.0,1.0,231,6400,4500,1900,0.703125,83,45,38,185.13854628285026,0.4471296819122906,0.7854583335466259,0.11317987757098531,1065482.3660941413,-13147.628730263947,1052334.7373638772,4157,4,1411.9610389610389,81,150,46,37.401458415451295,0.6100823045267489,42.17479674796746,8265.152922638035,102.03892497083994,0
4160,31.585445046130246,2,2,231,0.008583690987124463,0.008583690987124463,0.9914163090128756,233,7250,5700,1550,0.7862068965517242,88,57,31,183.69457362314003,0.4475243266242415,0.7852984131819698,0.11309730175512023,1051894.266618563,-15204.546239375726,1036689.7203791874,4158,0,1400.8326180257511,86,147,39,37.17727905358385,0.610828488372093,41.91810344827584,8151.631560935502,94.78641349925003,0
4161,31.269938345837538,1,0,232,0.004310344827586207,0.0,1.0,232,5950,4300,1650,0.7226890756302521,76,43,33,184.57907700715552,0.44676832985022635,0.7862562960971249,0.11391844657593184,1042093.8063641872,-13880.25741328529,1028213.5489509018,4159,0,1407.698275862069,88,144,42,37.06525599177924,0.611032196969697,41.83052434456926,8072.943586522453,91.7379953013915,0
4162,31.602251466736792,2,0,234,0.008547008547008548,0.0,1.0,234,6450,5000,1450,0.7751937984496124,79,50,29,188.16099681242486,0.44716849773180245,0.7922861973321442,0.11706746872893416,1055526.4188855824,-13528.219372127804,1041998.1995134546,4160,0,1396.6581196581196,74,160,40,36.67848890321891,0.6195101351351351,41.54166666666668,8167.8652436737,110.3765573469419,0
4163,31.82861542990023,0,1,233,0.0,0.004273504273504274,0.9957264957264957,234,7000,5100,1900,0.7285714285714285,89,51,38,183.13799725864874,0.44716391242678794,0.7872321754278511,0.11023349782768273,1053250.1638328854,-15221.974876659857,1038028.1889562256,4161,1,1397.6581196581196,97,137,41,38.02881701992866,0.5991194158075601,42.740221088435405,8188.222568557441,84.41466565523136,8
4164,31.46309636613087,3,1,235,0.012711864406779662,0.00423728813559322,0.9957627118644068,236,5750,3700,2050,0.6434782608695652,78,37,41,180.3182554609293,0.44798916636614977,0.7865970691878836,0.10943678849610537,1043600.1345156925,-15313.968869067998,1028286.1656466245,4162,0,1386.792372881356,80,156,44,37.79396345116839,0.6078125,42.43827160493826,8103.689480721016,101.2961185090127,0
4165,31.398737170864486,1,0,236,0.00423728813559322,0.0,1.0,236,7000,4600,2400,0.6571428571428571,94,46,48,177.66375627370172,0.44817210602235846,0.7831839354914476,0.10834986826269377,1042892.1898788611,-17143.171231523214,1025749.0186473378,4163,0,1387.5889830508474,83,153,44,37.68283294842187,0.608433734939759,42.26190476190475,8092.650711300169,97.50181579879721,0
4166,31.82587791118193,2,0,238,0.008403361344537815,0.0,1.0,238,6900,4800,2100,0.6956521739130435,90,48,42,174.85942001519908,0.44927770686333607,0.7805404348364426,0.1071032382308437,1058369.8345904725,-17486.81291238604,1040883.0216780865,4164,0,1376.920168067227,87,151,45,37.595096846743466,0.6085967432950192,42.10464015151513,8207.746236398138,94.34191076319698,0
4167,31.71089340883218,2,2,238,0.008333333333333333,0.008333333333333333,0.9916666666666667,240,7050,4600,2450,0.6524822695035462,95,46,49,174.11903342790353,0.44980750232450023,0.7822838843566629,0.10722454491104828,1056134.6369223052,-18271.371569871884,1037863.2653524333,4165,0,1366.4375,93,147,41,37.416630885931,0.6086469534050178,41.91046099290778,8184.249861388476,88.00268668159651,0
4168,31.830502563665007,0,1,237,0.0,0.004201680672268907,0.9957983193277311,238,8150,5600,2550,0.6871165644171779,107,56,51,201.96411611410602,0.448695986833552,0.802073733962706,0.12398889990396626,1059203.9281520022,-12965.76297323863,1046238.1651787636,4166,1,1378.9117647058824,87,151,33,36.811545991251414,0.6094348659003832,42.02178030303028,8211.576383434076,94.38593544177098,8
4169,31.40038823273695,0,2,235,0.0,0.008438818565400843,0.9915611814345991,237,6400,4300,2100,0.671875,85,43,42,202.43986705680754,0.448188574221078,0.80127006035511,0.12486777640583539,1046268.2583647192,-11438.718574177929,1034829.5397905413,4167,2,1385.7257383966244,89,148,34,36.62590417264466,0.6104868913857677,41.85185185185183,8105.952073413893,91.07811318442576,0
4170,31.440500070425152,2,3,234,0.008438818565400843,0.012658227848101266,0.9873417721518988,237,6800,4400,2400,0.6470588235294118,92,44,48,204.9033627876079,0.4483435242794822,0.805373423732719,0.1270892781331211,1049221.1634266425,-11202.21106119076,1038018.9523654517,4168,0,1386.6118143459917,74,163,36,36.35915631776069,0.618384009009009,41.652777777777786,8122.565858471939,109.76440349286403,0
4171,31.207042617883605,0,1,233,0.0,0.004273504273504274,0.9957264957264957,234,8300,5800,2500,0.6987951807228916,108,58,50,206.02768267798385,0.4471276120954233,0.8045600885471915,0.12823328343268542,1042438.3299229528,-12145.769310253112,1030292.5606126997,4169,1,1404.9957264957266,74,160,37,36.20253447967045,0.6196509009009009,41.52777777777779,8066.153654428006,109.00207641118928,0
4172,31.234754710904266,0,0,233,0.0,0.0,1.0,233,6050,3700,2350,0.6115702479338843,84,37,47,207.98911499513298,0.44668569014848797,0.8066199368266898,0.12999491920646525,1044566.8098176114,-9198.294734548876,1035368.5150830625,4170,2,1411.9871244635194,75,158,40,35.99979905312064,0.6206944444444444,41.37883771929827,8077.968566886738,107.70624755848984,0
4173,31.572298714104733,1,0,234,0.004273504273504274,0.0,1.0,234,6700,4900,1800,0.7313432835820896,85,49,36,204.32453878198658,0.44710124659158995,0.804063698429895,0.12854341237297218,1057758.5087174955,-10274.796112714881,1047483.7126047806,4171,0,1406.948717948718,79,155,40,35.8568075117371,0.6213080168776371,41.14583333333336,8172.621073390711,103.45089966317356,0
4174,31.2476408924935,1,1,234,0.00425531914893617,0.00425531914893617,0.9957446808510638,235,6450,4300,2150,0.6666666666666666,86,43,43,204.19386492760802,0.4474669636903679,0.8066092196924111,0.12952053780391934,1049234.2344784045,-10600.56128949864,1038633.6731889059,4172,0,1401.9574468085107,85,150,37,35.56355651632,0.6219362745098039,40.85513565891475,8097.665660064227,95.26665482428503,0
4175,31.286331108058803,0,1,233,0.0,0.004273504273504274,0.9957264957264957,234,6750,5000,1750,0.7407407407407407,85,50,35,203.68072886229436,0.4468161934631892,0.8046389587586684,0.1295562614960763,1051331.5728957164,-10722.803791331222,1040608.7691043852,4173,1,1408.9444444444443,86,148,37,35.47641865262641,0.622577519379845,40.75670498084294,8110.7715655136,94.31129727341396,0
4176,31.66248366683107,0,1,232,0.0,0.004291845493562232,0.9957081545064378,233,6300,4100,2200,0.6507936507936508,85,41,44,205.86376581099594,0.4464405739726703,0.805504578982138,0.1313485512987589,1064860.7479415531,-9056.751272887257,1055803.996668666,4174,2,1415.8025751072962,88,145,38,35.30929870481521,0.6229876893939394,40.6484082397004,8211.715538077198,93.3149492963318,0
4177,31.565360223278624,0,2,230,0.0,0.008620689655172414,0.9913793103448276,232,6450,4300,2150,0.6666666666666666,86,43,43,207.83108204754137,0.4456507034632035,0.8071490472867404,0.1330704364772003,1062603.9189980875,-8681.575545333948,1053922.3434527535,4175,3,1422.7629310344828,72,160,38,35.13241952632355,0.630787037037037,40.52511415525114,8190.418240583585,113.75580889699424,0
4178,31.405221296500127,1,0,231,0.004329004329004329,0.0,1.0,231,6900,4900,2000,0.7101449275362319,89,49,40,207.59452142141862,0.4448993035949558,0.8055928167819235,0.13373999991062954,1058968.6953719386,-9132.78009679979,1049835.9152751388,4176,0,1429.5021645021645,75,156,38,34.91873163737446,0.6315277777777778,40.30975877192982,8155.629494309035,108.74172659078714,0
4179,31.486087152507476,0,1,230,0.0,0.004329004329004329,0.9956709956709957,231,7450,5900,1550,0.7919463087248322,90,59,31,206.82540274625202,0.44470559633603113,0.8034861132986828,0.13373279605958258,1062737.959561056,-9689.758700011007,1053048.200861045,4177,1,1430.5021645021645,79,152,39,34.80860145000167,0.6310654008438819,40.18229166666667,8180.643008348112,103.55244314364698,0
4180,31.760046850737975,1,2,229,0.004329004329004329,0.008658008658008658,0.9913419913419913,231,6800,5100,1700,0.75,85,51,34,206.72582520366817,0.4445212999560826,0.8032334602438889,0.13413863695546333,1072992.194666196,-8636.960624106912,1064355.234042089,4178,0,1431.2857142857142,82,149,42,34.68661484485651,0.6310975609756098,40.060240963855435,8255.698925357521,100.67925518728684,0
4181,31.840912088585764,2,2,229,0.008658008658008658,0.008658008658008658,0.9913419913419913,231,6550,5300,1250,0.8091603053435115,78,53,25,200.20217380086308,0.4444726770813727,0.7958905588616105,0.13045202143394408,1076928.5099010319,-9629.31425793752,1067299.1956430944,4179,0,1431.6666666666667,87,144,34,34.70780993992353,0.6307471264367817,39.91477272727275,8281.35085713082,95.18794088656114,0
4182,31.573129071656727,0,2,227,0.0,0.008733624454148471,0.9912663755458515,229,6600,4600,2000,0.696969696969697,86,46,40,222.466622087638,0.44385390331724506,0.8158075953076047,0.1348678825789865,1046922.2603636722,-5818.948229707661,1041103.3121339645,4180,1,1445.1659388646287,67,162,41,36.749561299149356,0.6136504975124378,42.47855392156864,8130.757855754032,121.35459486200048,8
4183,31.316269668117148,1,0,228,0.0043859649122807015,0.0,1.0,228,6600,4800,1800,0.7272727272727273,84,48,36,220.57040758243008,0.4435528408944535,0.813913826603696,0.13440669664013138,1039912.8698305835,-6325.198890250625,1033587.6709403328,4181,0,1452.4780701754387,69,159,42,36.60738345459446,0.6144323671497585,42.29166666666668,8070.463662387714,116.96324148387991,0
4184,31.08392890300222,0,2,226,0.0,0.008771929824561403,0.9912280701754386,228,6350,4500,1850,0.7086614173228346,82,45,37,220.48156204932553,0.443333864672695,0.8142651870406508,0.1348714226889413,1033318.0841941349,-6384.48294061206,1026933.6012535229,4182,1,1453.4780701754387,72,156,41,36.466749677181326,0.6142939814814814,42.15182648401828,8014.9342933397875,111.31853185194149,0
4185,31.148423174104863,1,3,224,0.004405286343612335,0.013215859030837005,0.986784140969163,227,6000,4300,1700,0.7166666666666667,77,43,34,216.50192711785198,0.4428214299637441,0.8098995486556073,0.13284077609381825,1036347.0015700021,-6525.775399457274,1029821.2261705447,4183,0,1460.660792951542,74,153,37,36.45681903838906,0.6144425675675675,42.04166666666668,8034.9953279534975,108.58101794531754,0
4186,30.90752662168016,1,0,225,0.0044444444444444444,0.0,1.0,225,6350,4400,1950,0.6929133858267716,83,44,39,222.446471939309,0.44253058862433864,0.8130353817504647,0.13730316716253912,1030044.903888602,-5524.029038183068,1024520.874850419,4184,0,1473.4488888888889,77,148,39,36.08395406579763,0.6152597402597403,41.82692307692308,7979.491248001089,103.62975646754661,0
4187,31.39282592274038,1,0,226,0.004424778761061947,0.0,1.0,226,6350,4300,2050,0.6771653543307087,84,43,41,224.61187310327057,0.44283308751229106,0.8171558906393821,0.13944617751421018,1047907.4905896673,-4475.5071399412545,1043431.9834497261,4185,0,1467.924778761062,64,162,39,35.81503649031406,0.6241861979166667,41.61858974358975,8111.32263385167,126.73941615393234,0
4188,31.520133386925536,1,3,224,0.004405286343612335,0.013215859030837005,0.986784140969163,227,6900,4600,2300,0.6666666666666666,92,46,46,219.81666225512163,0.44320884176055514,0.8144766670659382,0.1372817268046134,1053887.1258560002,-5967.609920138341,1047919.5159358619,4186,0,1462.4537444933922,67,160,40,35.721928499496485,0.6245335820895522,41.40624999999999,8150.909493025258,121.65536556754115,0
4189,31.74144563224985,0,1,223,0.0,0.004464285714285714,0.9955357142857143,224,7900,6200,1700,0.7848101265822784,96,62,34,214.9521506606294,0.44307326700298955,0.8072355748398734,0.13482280691557205,1062546.251463585,-7020.679614302467,1055525.5718492826,4187,1,1478.25,72,152,40,35.691028327726585,0.6234085648148149,41.25285388127853,8213.008471027193,114.0695620975999,0
4190,31.29242319161703,1,2,222,0.004464285714285714,0.008928571428571428,0.9910714285714286,224,7050,5100,1950,0.723404255319149,90,51,39,215.12662852325104,0.4428759942878497,0.8078674824963328,0.1357582671782999,1049270.2770121496,-6704.804579343796,1042565.4724328058,4188,0,1479.0580357142858,75,149,38,35.4651829504957,0.6241666666666666,41.03618421052631,8103.605315000152,108.0480708666687,0
4191,31.391801596308387,0,1,221,0.0,0.0045045045045045045,0.9954954954954955,222,5850,4500,1350,0.7692307692307693,72,45,27,219.7160165798712,0.44255143152201976,0.8099572768644947,0.1391152324298135,1053556.9918267534,-3953.3309031909475,1049603.6609235625,4189,1,1492.8333333333333,77,145,39,35.226374570446765,0.6244588744588744,40.91880341880341,8133.02552041106,105.62370805728649,0
4192,31.48357142585699,0,0,221,0.0,0.0,1.0,221,5500,4000,1500,0.7272727272727273,70,40,30,221.3211907108636,0.4424662347456465,0.8106808869626796,0.14071620153581946,1057835.5157811095,-2875.716814216915,1054959.7989668925,4190,2,1489.6153846153845,77,144,41,35.0346345714629,0.6259469696969697,40.7719017094017,8161.426348121116,105.9925499755989,0
4193,32.00863733645879,1,0,222,0.0045045045045045045,0.0,1.0,222,6550,4400,2150,0.6717557251908397,87,44,43,218.58745248548473,0.44256162270868155,0.808378090048151,0.1397999765896183,1077198.191466113,-3857.5983010902764,1073340.5931650228,4191,0,1483.900900900901,68,154,42,34.89368150518863,0.6325061274509804,40.564613526570035,8304.17319787202,122.12019408635324,0
4194,32.22840321550204,1,1,222,0.004484304932735426,0.004484304932735426,0.9955156950672646,223,7050,5400,1650,0.7659574468085106,87,54,33,217.05997575794493,0.44280912077997275,0.8084233463735104,0.13956077624422478,1086146.1303852925,-4498.2294537967155,1081647.9009314957,4192,0,1478.2421524663678,71,152,39,34.74371923469859,0.6327758215962441,40.37905092592592,8367.168629950562,117.84744549226143,0
4195,31.894480517083267,0,2,220,0.0,0.009009009009009009,0.990990990990991,222,6500,4900,1600,0.7538461538461538,81,49,32,216.5126339565221,0.44247244982539097,0.8070590779759603,0.13970859538853467,1075928.1966648179,-4309.590438401932,1071618.6062264158,4193,1,1485.6576576576576,72,150,38,34.63016627295867,0.6335358796296297,40.253995433789946,8284.463882027187,115.0619983614887,0
4196,31.867269131133355,1,1,220,0.004524886877828055,0.004524886877828055,0.995475113122172,221,6350,4700,1650,0.7401574803149606,80,47,33,211.808854044413,0.4417652200740436,0.8007649241935315,0.13742575836306115,1076591.3743628757,-4943.682944420093,1071647.6914184557,4194,0,1492.5701357466064,75,146,44,34.55735345812461,0.6340277777777779,40.06304824561402,8283.480798683408,110.4464106491121,0
4197,32.06608700775003,0,3,217,0.0,0.013636363636363636,0.9863636363636363,220,6800,5000,1800,0.7352941176470589,86,50,36,212.88805469637146,0.4412606371938564,0.8023043528999896,0.1387084264038744,1084524.1623749605,-4623.552160156902,1079900.6102148036,4195,1,1499.9681818181818,77,143,38,34.38034873769791,0.6346049783549783,39.91720085470083,8339.837666612275,108.3095800858737,0
4198,31.668603588539977,0,0,217,0.0,0.0,1.0,217,7150,5500,1650,0.7692307692307693,88,55,33,214.31070401844005,0.44106733942083404,0.8008880397526943,0.1400495530911197,1071924.1289243386,-4605.037055174555,1067319.091869164,4196,4,1516.4285714285713,80,137,38,34.238767793594306,0.634375,39.8148148148148,8239.701489240466,102.99626861550583,0
4199,31.283038216708373,0,1,216,0.0,0.004608294930875576,0.9953917050691244,217,5750,3900,1850,0.6782608695652174,76,39,37,197.22816438534355,0.44100066848722763,0.7822909334443355,0.12573133604841127,1051855.9104142226,-7658.8779182256985,1044197.0324959969,4197,5,1517.4285714285713,77,140,43,35.56386685892812,0.6268939393939394,40.67841880341881,8112.3669349899055,105.35541474012864,8
4200,31.073909579312556,1,0,217,0.004608294930875576,0.0,1.0,217,6850,5100,1750,0.7445255474452555,86,51,35,194.3947623257372,0.4409055512886158,0.7802276856468113,0.12480043574706808,1046814.4706395691,-9550.949956175617,1037263.5206833935,4198,0,1518.4009216589861,69,148,43,35.385672858262154,0.6333031400966184,40.43154761904763,8065.806618927828,116.89574810040331,0
4201,31.465068734231398,0,0,217,0.0,0.0,1.0,217,6300,4700,1600,0.746031746031746,79,47,32,194.1881027341251,0.4408433250839165,0.7801487712341604,0.12518273104877936,1061168.1301515517,-8486.75482479017,1052681.3753267615,4199,1,1519.4009216589861,70,147,47,35.24425206191392,0.6342261904761906,40.28755868544601,8171.869817097476,116.7409973871068,0
4202,31.733769263819905,0,1,216,0.0,0.004608294930875576,0.9953917050691244,217,5850,3900,1950,0.6666666666666666,78,39,39,194.78133132782028,0.44077132047562156,0.7813098828768867,0.1258614021825718,1070907.0320701478,-7531.460513010373,1063375.5715571374,4200,2,1520.4009216589861,71,146,46,35.1451267843552,0.6345363849765258,40.20543981481482,8244.260628912249,116.11634688608801,0
4203,31.59930623240281,0,1,215,0.0,0.004629629629629629,0.9953703703703703,216,5650,4000,1650,0.7079646017699115,73,40,33,196.21701537232337,0.44040338788400807,0.7814352222914871,0.12728601187844105,1067486.0838203311,-6958.213336257049,1060527.870484074,4201,3,1528.2546296296296,74,142,43,34.969164662926325,0.6344313063063063,40.069444444444436,8213.625224158573,110.99493546160234,0
4204,32.06561371652497,0,0,215,0.0,0.0,1.0,215,6550,4700,1850,0.7175572519083969,84,47,37,207.6983815085865,0.4395946533362312,0.7887495245033886,0.12532085347967015,1061826.7639712377,-5442.059936135171,1056384.7040351026,4202,4,1536.093023255814,72,143,41,37.30616394048607,0.6092303240740741,42.65125570776254,8252.045424907605,114.61174201260562,8
4205,31.8541487152279,4,1,218,0.0182648401826484,0.0045662100456621,0.995433789954338,219,6500,4700,1800,0.7230769230769231,83,47,36,211.97440806937345,0.440843492103389,0.8005547981111418,0.12871733837882438,1056729.2284737898,-5500.089460932499,1051229.1390128573,4203,0,1509.0182648401826,71,148,39,36.958923088444536,0.6120892018779343,42.41898148148149,8205.024070108779,115.56371929730675,8
4206,32.32355920122319,1,0,219,0.0045662100456621,0.0,1.0,219,7000,4800,2200,0.6857142857142857,92,48,44,212.09124032979275,0.4409002206303325,0.7994211630492944,0.12982926214407528,1074736.983566351,-5211.5400254225815,1069525.4435409284,4204,0,1509.958904109589,76,143,44,36.657354947014966,0.6126644736842105,42.12662337662337,8335.385355705032,109.67612310138199,0
4207,32.38625946923014,1,1,219,0.004545454545454545,0.004545454545454545,0.9954545454545455,220,6300,3800,2500,0.6031746031746031,88,38,50,210.92810199857738,0.44124420575619205,0.7992458297730065,0.13001034397746072,1078902.1520221978,-4785.843366355451,1074116.3086558424,4205,0,1504.090909090909,78,142,42,36.43311112246288,0.6143162393162394,41.87763713080169,8359.617818692634,107.17458741913633,0
4208,32.4398017691681,0,2,217,0.0,0.0091324200913242,0.9908675799086758,219,5900,3600,2300,0.6101694915254238,82,36,46,212.87341647325962,0.4414168865988019,0.7987922916499091,0.1316427490252226,1081679.749321556,-3647.827246396231,1078031.9220751596,4206,1,1511.5570776255709,78,141,43,36.26170113181857,0.6155181623931624,41.75896624472575,8377.287943686168,107.40112748315599,0
4209,32.419589907855965,1,0,218,0.0045871559633027525,0.0,1.0,218,6700,4900,1800,0.7313432835820896,85,49,36,210.91963306557233,0.4409474132950013,0.7958241740173355,0.13072331593298858,1081670.975844228,-4670.870935451207,1077000.1049087767,4207,0,1519.380733944954,80,138,46,36.23104080582797,0.6154947916666667,41.6795267489712,8374.64380760165,104.68304759502061,0
4210,32.28924451061563,1,0,219,0.0045662100456621,0.0,1.0,219,6500,5000,1500,0.7692307692307693,80,50,30,209.68573559092354,0.44137150377724715,0.7941493830030808,0.1304851149383725,1078531.0018519992,-5069.486703809143,1073461.51514819,4208,0,1513.4383561643835,70,149,43,36.11497417267413,0.621577380952381,41.534624413145565,8345.651709852107,119.2235958550301,0
4211,32.52402065115906,2,0,221,0.00904977375565611,0.0,1.0,221,5200,3200,2000,0.6153846153846154,72,32,40,207.83664491738986,0.4415415466886055,0.7942263438081874,0.13023626651676537,1088459.0194465972,-4155.665853629247,1084303.3535929678,4209,0,1500.7330316742082,73,148,42,35.909586575258025,0.622574200913242,41.28659909909912,8414.399993632545,115.26575333743213,0
4212,32.282506900058934,0,1,220,0.0,0.004524886877828055,0.995475113122172,221,6050,4600,1450,0.7603305785123967,75,46,29,223.654089489071,0.44147984368572607,0.8112272730751198,0.13513931042266644,1069439.007523067,-2413.1185016664167,1067025.8890214006,4210,1,1501.7330316742082,66,155,38,36.842635097044365,0.6130050505050505,42.59950248756219,8309.533337023879,125.90202025793755,8
4213,32.54602976197786,0,1,219,0.0,0.004545454545454545,0.9954545454545455,220,7600,5500,2100,0.7236842105263158,97,55,42,222.607967095991,0.4412502594437526,0.8103205528801964,0.13526032005611466,1079875.7489702222,-3522.2109610954803,1076353.5380091267,4211,2,1509.5545454545454,69,151,42,36.661359347620966,0.6133756038647342,42.395833333333336,8383.992875142849,121.5071431180123,0
4214,32.495694682647105,3,3,219,0.013513513513513514,0.013513513513513514,0.9864864864864865,222,6500,5000,1500,0.7692307692307693,80,50,30,224.77390142220995,0.442257161007161,0.8139776940186303,0.1378770891078824,1081086.28969572,-2300.003378206262,1078786.2863175138,4212,0,1496.9279279279278,72,150,40,36.25394147258948,0.615306712962963,42.05194063926941,8382.201380967645,116.41946362455062,0
4215,32.2326879484452,3,3,219,0.013513513513513514,0.013513513513513514,0.9864864864864865,222,5950,4100,1850,0.6890756302521008,78,41,37,222.1914519224894,0.44275822768469825,0.8117036631917425,0.1367518836757798,1073345.900347467,-2652.3431973485976,1070693.5571501185,4213,0,1497.563063063063,74,148,42,36.19647309976143,0.6155686936936937,41.93055555555557,8318.271871806428,112.40907934873552,0
4216,32.387716395697225,1,1,219,0.004545454545454545,0.004545454545454545,0.9954545454545455,220,6800,4600,2200,0.6764705882352942,90,46,44,226.7297261556863,0.44185649301231494,0.8152717006037775,0.14030080725008384,1080134.1684701797,-1820.2951542707506,1078313.873315909,4214,0,1512.0590909090909,74,146,45,35.88050103074304,0.6175394144144144,41.73611111111114,8364.57758858327,113.0348322781523,0
4217,32.85760704131964,1,0,220,0.004545454545454545,0.0,1.0,220,6350,4800,1550,0.7559055118110236,79,48,31,222.52135446192327,0.44141500622665003,0.812192234848484,0.138457731665197,1097482.9599221393,-1507.3210518488768,1095975.6388702905,4215,0,1513.0045454545455,64,156,45,35.78714037698413,0.625,41.53846153846155,8492.427666064174,132.6941822822527,0
4218,32.64797515165931,0,1,219,0.0,0.004545454545454545,0.9954545454545455,220,5800,4300,1500,0.7413793103448276,73,43,30,220.1481924046302,0.4412757714127577,0.8102794007531584,0.1375037508173572,1091629.7404666117,-1735.9371722278202,1089893.803294384,4216,1,1514.0045454545455,66,154,44,35.70938295356622,0.6251578282828283,41.40236318407961,8442.689221044006,127.9195336521819,0
4219,32.33793653745157,1,0,220,0.004545454545454545,0.0,1.0,220,7300,5300,2000,0.726027397260274,93,53,40,216.9556574861649,0.441509703196347,0.8073623559539058,0.13648982502610588,1083409.4734943777,-4289.637070257661,1079119.83642412,4217,0,1514.840909090909,71,149,46,35.52984574111334,0.625,41.14583333333332,8370.80961412155,117.89872695945846,0
4220,32.660566151710846,0,1,219,0.0,0.004545454545454545,0.9954545454545455,220,6400,4900,1500,0.765625,79,49,30,229.50229883700723,0.4412074512245745,0.808415941425346,0.13765490790816715,1079694.1648033124,-841.5414273474516,1078852.623375965,4218,1,1515.840909090909,83,137,32,36.96834056747849,0.6022841365461847,42.869543650793645,8398.026279212838,101.18103950858841,8
4221,32.321930025329245,0,1,218,0.0,0.0045662100456621,0.995433789954338,219,6250,4600,1650,0.736,79,46,33,231.56542505503327,0.44110793431360223,0.8099671073046608,0.1392763603550485,1069341.9542498577,-525.475166990348,1068816.4790828673,4219,2,1523.6712328767123,86,133,33,36.81160010550488,0.6022286821705427,42.76819923371647,8314.228264657244,96.67707284485168,0
4222,32.68555954309575,1,0,219,0.0045662100456621,0.0,1.0,219,5700,3900,1800,0.6842105263157895,75,39,36,227.66687053242353,0.4411332439640847,0.8073789468274628,0.13747664358196562,1082595.8367179816,-205.7587605975168,1082390.077957384,4220,0,1524.648401826484,72,147,36,36.763088835911375,0.6095196759259259,42.62271689497716,8412.520511969413,116.84056266624185,0
4223,32.818790227858734,1,2,218,0.004545454545454545,0.00909090909090909,0.990909090909091,220,5100,3300,1800,0.6470588235294118,69,33,36,257.8144848717941,0.44184870969973705,0.8310173207196878,0.14889837815117574,1073073.6037050823,6230.783673749206,1079304.3873788316,4221,0,1518.7136363636364,74,146,34,37.6848884785285,0.5917792792792793,44.277777777777786,8392.493967713006,113.41208064477036,8
4224,32.44962437723222,3,2,219,0.013574660633484163,0.00904977375565611,0.9909502262443439,221,6150,4200,1950,0.6829268292682927,81,42,39,252.13781228395618,0.44288444398738513,0.8287834726158936,0.14679939733485992,1063523.9902400244,3280.9224421246963,1066804.912682149,4222,0,1511.7737556561085,78,143,33,37.51877650169097,0.5930822649572649,43.97415611814346,8307.942464830145,106.51208288243775,0
4225,32.86541137976322,1,0,220,0.004545454545454545,0.0,1.0,220,6050,4800,1250,0.7933884297520661,73,48,25,251.1057427594107,0.4425626124256261,0.8277387584822959,0.14678388324629044,1078411.6852654947,4109.073445804054,1082520.7587112987,4223,0,1519.0454545454545,83,137,35,37.391688449995165,0.5926204819277108,43.82440476190476,8419.316322955707,101.43754605970732,0
4226,32.67935477039406,0,0,220,0.0,0.0,1.0,220,6750,5500,1250,0.8148148148148148,80,55,25,248.182103007928,0.4425094264563443,0.8265474245035938,0.1458563705231828,1073987.1914643524,2558.879956240011,1076546.0714205925,4224,1,1520.0454545454545,65,155,34,37.260937371747524,0.6032051282051283,43.62373737373736,8378.210841071334,128.89555140109744,0
4227,32.60779787627286,2,0,222,0.009009009009009009,0.0,1.0,222,5950,4600,1350,0.773109243697479,73,46,27,240.78270985149646,0.4436401899637194,0.8230382314553832,0.14258261407820552,1073988.8233036567,1369.5878450547152,1075358.4111487113,4225,0,1507.3423423423424,68,154,38,37.16251985177342,0.6043198529411764,43.342391304347814,8369.039427755333,123.07410923169607,0
4228,32.8886107670437,2,1,223,0.008928571428571428,0.004464285714285714,0.9955357142857143,224,5550,3800,1750,0.6846846846846847,73,38,35,239.30542587652647,0.44448879257420454,0.8231559368212482,0.14272288285254475,1085467.3687236204,1601.6461894956865,1087069.014913116,4226,0,1494.875,75,149,30,36.93012581132747,0.6034722222222222,43.078399122807014,8449.794528895742,112.66392705194322,0
4229,33.051245656688025,2,1,224,0.008888888888888889,0.0044444444444444444,0.9955555555555555,225,6800,4600,2200,0.6764705882352942,90,46,44,234.88325023657853,0.44458664021164024,0.821534825618691,0.14080159863908562,1092430.109741893,-481.29303350431564,1091948.8167083885,4227,0,1489.2222222222222,79,146,33,36.851556433370476,0.6036392405063291,42.890625,8497.785113762522,107.56690017420914,0
4230,32.79345717909443,1,2,223,0.0044444444444444444,0.008888888888888889,0.9911111111111112,225,7650,5900,1750,0.7712418300653595,94,59,35,238.58964993870146,0.444578373015873,0.8266524915494491,0.14385967650150097,1085713.4154021807,-842.0032570883232,1084871.4121450924,4228,0,1489.7155555555555,65,160,35,36.53730168465815,0.6128205128205129,42.676767676767675,8438.518400378087,129.8233600058167,0
4231,32.88923945298627,1,1,223,0.004464285714285714,0.004464285714285714,0.9955357142857143,224,6800,4600,2200,0.6764705882352942,90,46,44,234.19240400022306,0.4439528614136237,0.8216075825335407,0.14196354042060436,1090534.4956721938,-521.0209626716223,1090013.4747095222,4229,0,1496.8794642857142,68,156,34,36.45100539336382,0.6130514705882353,42.481884057971016,8469.574978699275,124.5525732161658,0
4232,33.099639104503666,2,2,223,0.008888888888888889,0.008888888888888889,0.9911111111111112,225,7100,4700,2400,0.6619718309859155,95,47,48,229.78288676834381,0.44438244047619047,0.8208637260870362,0.14050582000058248,1100204.2350303757,-1538.378967992372,1098665.8560623834,4230,0,1491.191111111111,72,153,37,36.24151401110559,0.6141493055555556,42.166095890410965,8534.209174932617,118.53068298517525,0
4233,33.34487749277283,1,2,222,0.004464285714285714,0.008928571428571428,0.9910714285714286,224,6250,4500,1750,0.72,80,45,35,230.08507049819943,0.44403127001921844,0.82125772761874,0.1415011759280387,1110142.6990927197,35.45223676189107,1110178.1513294815,4231,0,1485.7901785714287,74,150,34,36.02117982668606,0.6152871621621622,41.958333333333336,8604.367763030928,116.2752400409585,0
4234,32.84803468285698,0,0,222,0.0,0.0,1.0,222,6350,4700,1650,0.7401574803149606,80,47,33,232.03219534161624,0.4429599282540459,0.8224948848854161,0.14347615990913692,1095261.0499484357,77.16517833993157,1095338.2151267757,4232,2,1500.1351351351352,75,147,38,35.77067078888242,0.6168055555555556,41.762609649122815,8482.590754656108,113.10121006208145,0
4235,32.950074234836755,0,1,221,0.0,0.0045045045045045045,0.9954954954954955,222,6050,4200,1850,0.6942148760330579,79,42,37,227.81928987261693,0.44308816735287326,0.8188505172873384,0.14131107241387011,1099616.3237580687,-347.2379978194149,1099269.0857602493,4233,3,1501.1351351351352,64,158,39,35.764944275582586,0.6238606770833333,41.65064102564106,8512.630556727683,133.00985244887005,0
4236,32.688565242799925,0,0,221,0.0,0.0,1.0,221,5850,3600,2250,0.6153846153846154,81,36,45,231.18065779341677,0.4425467914438503,0.8207890595656131,0.14372304167752126,1091578.679621751,420.37543764551265,1091999.0550593964,4234,4,1508.9095022624435,63,158,39,35.5945858000588,0.6253306878306879,41.56901041666669,8447.73826375619,134.09108355168556,0
4237,32.45307039771219,1,0,222,0.0045045045045045045,0.0,1.0,222,5700,4000,1700,0.7017543859649122,74,40,34,230.23711855433402,0.4428622627152039,0.8205719242502498,0.1441190812079398,1085765.3167910946,-103.30440715650457,1085662.012383938,4235,0,1503.1081081081081,66,156,41,35.36895961053012,0.6259469696969697,41.324626865671675,8394.810094482897,127.19409234064995,0
4238,32.462770680583226,4,0,226,0.017699115044247787,0.0,1.0,226,7250,5600,1650,0.7724137931034483,89,56,33,224.25651149161163,0.44434201901016057,0.8196830543088232,0.1421526812512946,1089840.3773802535,-3569.2397772003915,1086271.1376030531,4236,0,1477.486725663717,73,153,35,35.06740728668696,0.6267123287671232,40.878378378378386,8411.805781083574,115.23021617922704,0
4239,32.573026310954546,0,0,226,0.0,0.0,1.0,226,6350,4200,2150,0.6614173228346457,85,42,43,221.71338539439833,0.4440548180924287,0.8172681955319514,0.1408587593165269,1094215.2495268988,-3029.5665354427683,1091185.682991456,4237,1,1478.486725663717,77,149,36,35.051769368162546,0.6256764069264069,40.79861111111113,8442.973660113781,109.64900857290625,0
4240,32.09138053166654,0,1,225,0.0,0.004424778761061947,0.995575221238938,226,6750,4900,1850,0.725925925925926,86,49,37,228.3032556318073,0.443562356604392,0.8213784978796832,0.14589394671712178,1079742.839582641,-2648.238895630453,1077094.6006870104,4238,2,1479.486725663717,65,161,38,34.671097996268365,0.6339743589743589,40.59343434343433,8324.714810897558,128.07253555227012,0
4241,32.24880870946701,1,0,226,0.004424778761061947,0.0,1.0,226,6900,5200,1700,0.7536231884057971,86,52,34,228.44404603965776,0.4435725991478204,0.8212230406443759,0.1469574564276685,1086987.5036189002,-2436.835335750423,1084550.6682831498,4239,0,1480.4336283185842,66,160,40,34.42939121756487,0.6357323232323233,40.360696517412926,8373.05823146918,126.86451865862394,0
4242,32.41697459262039,1,1,226,0.004405286343612335,0.004405286343612335,0.9955947136563876,227,5950,4400,1550,0.7394957983193278,75,44,31,229.6220396759474,0.4435304666484738,0.823188395411623,0.14864551218285366,1094498.006556651,-1085.8270626406993,1093412.1794940103,4240,0,1474.907488986784,68,159,40,34.17499370630724,0.6367953431372548,40.14190821256038,8423.813159160236,123.87960528176818,0
4243,32.155238999777566,0,0,226,0.0,0.0,1.0,226,7300,5500,1800,0.7534246575342466,91,55,36,232.99619141262696,0.4433001474926254,0.8249059175569513,0.15115781551403892,1086291.811066852,-1879.629051739943,1084412.182015112,4241,1,1469.4823008849557,68,158,42,34.010071824060084,0.6375612745098039,40.06642512077293,8358.22622430808,122.91509153394236,0
4244,31.72944170897691,0,0,226,0.0,0.0,1.0,226,6550,4900,1650,0.7480916030534351,82,49,33,236.17267232714624,0.44311619141265157,0.8274720634209143,0.15399431069098807,1073350.9659081404,-1050.7668073102504,1072300.1991008301,4242,2,1470.4823008849557,70,156,33,33.74837836313386,0.6382440476190476,39.89143192488262,8253.099648744865,117.90142355349806,0
4245,31.335091485170476,0,3,223,0.0,0.01327433628318584,0.9867256637168141,226,7050,5200,1850,0.7375886524822695,89,52,37,235.5403948962969,0.4431862504097017,0.8279901829012071,0.15419187803728115,1061126.615444449,-2262.3635926487677,1058864.2518518001,4243,3,1471.4823008849557,72,154,36,33.62473498556127,0.638599537037037,39.75456621004565,8154.814476406073,113.26131217230656,0
4246,30.95544400384366,0,0,223,0.0,0.0,1.0,223,6350,4000,2350,0.6299212598425197,87,40,47,236.74029522894932,0.4426424743128779,0.8271102500926708,0.15555897836056365,1049309.8013782005,-1267.2175670189358,1048042.5838111816,4244,4,1489.3856502242152,73,150,38,33.46145095601088,0.639412100456621,39.625563063063055,8060.006302633656,110.41104524155692,0
4247,31.49398526702902,1,0,224,0.004464285714285714,0.0,1.0,224,6500,4200,2300,0.6461538461538462,88,42,46,235.17100300507042,0.44253483344010247,0.8268645804550065,0.15547750454427284,1069289.6788266457,-1006.8147454736263,1068282.864081172,4245,0,1483.732142857143,61,163,37,33.28712658499894,0.6485655737704918,39.41532258064516,8206.849991458666,134.53852445014206,0
4248,31.696014722704607,0,0,224,0.0,0.0,1.0,224,6150,4200,1950,0.6829268292682927,81,42,39,230.55829578414213,0.44246768564488576,0.8233466145229473,0.15298603073199654,1077181.3582051392,-1279.3803603549645,1075901.9778447843,4246,1,1484.732142857143,63,161,41,33.27948765971615,0.648478835978836,39.29036458333334,8263.456442517638,131.16597527805774,0
4249,32.01508367157173,1,0,225,0.0044444444444444444,0.0,1.0,225,6500,4400,2100,0.676923076923077,86,44,42,227.35890586445885,0.442771164021164,0.8219275034957512,0.1515237095212817,1089268.4298800474,-1969.0243179550034,1087299.4055620926,4247,0,1479.128888888889,65,160,42,33.210561874798344,0.6487179487179487,39.14141414141415,8351.409452710528,128.48322234939275,0
4250,32.16982522236762,1,1,225,0.004424778761061947,0.004424778761061947,0.995575221238938,226,5950,3900,2050,0.6554621848739496,80,39,41,225.22497702573997,0.4428285807931826,0.8205219749423773,0.15075163096391886,1095765.9646592862,-1791.2271568048386,1093974.7375024813,4248,0,1473.5796460176991,68,158,44,33.11607091214067,0.6484375,38.99456521739131,8396.499219044608,123.47792969183247,0
4251,32.468080577997625,0,0,225,0.0,0.0,1.0,225,7250,5200,2050,0.7172413793103448,93,52,41,219.2430489843958,0.44270171957671955,0.8101074278698603,0.1368379029868123,1085394.6814446717,-4656.952137724757,1080737.729306947,4249,1,1480.671111111111,69,156,39,35.75957259054637,0.6231884057971014,41.42857142857142,8395.317978025085,121.6712750438418,8
4252,32.02466941078175,2,1,226,0.00881057268722467,0.004405286343612335,0.9955947136563876,227,6200,4100,2100,0.6612903225806451,83,41,42,215.269699231757,0.4431097553051863,0.807887200084157,0.13529682445813804,1072626.3482973503,-5419.209722794355,1067207.138574556,4250,0,1468.6167400881056,74,153,42,35.60895715946696,0.623170045045045,41.18055555555556,8288.607145415532,112.00820466777745,0
4253,32.08698558216257,0,1,225,0.0,0.004424778761061947,0.995575221238938,226,5300,3500,1800,0.660377358490566,71,35,36,214.65634972058018,0.4424872992461488,0.8076737536502372,0.1355139234203262,1076026.7433646861,-4304.805413522599,1071721.9379511636,4251,1,1476.1017699115043,75,151,40,35.463361118461684,0.6243055555555556,41.02247807017544,8309.808012266472,110.79744016355296,0
4254,32.578332859202064,1,0,226,0.004424778761061947,0.0,1.0,226,5600,4000,1600,0.7142857142857143,72,40,32,213.84381220509584,0.4425471156997706,0.8076456055545258,0.13548628961839906,1093574.9701554903,-4029.1518899751873,1089545.8182655151,4252,0,1477.0309734513273,76,150,41,35.354774708922896,0.6251370614035088,40.895562770562776,8441.190601356848,111.06829738627431,0
4255,32.7630868227707,0,2,224,0.0,0.008849557522123894,0.9911504424778761,226,6550,4600,1950,0.7022900763358778,85,46,39,213.4597125479224,0.4423770894788594,0.8076612594927803,0.1356818632632203,1100747.331099397,-4756.95822312584,1095990.3728762711,4253,1,1478.0309734513273,79,147,42,35.24797401379679,0.625,40.781250000000014,8492.806412340135,107.5038786372169,0
4256,32.29516487407706,1,1,224,0.0044444444444444444,0.0044444444444444444,0.9955555555555555,225,5600,3600,2000,0.6428571428571429,76,36,40,218.86743762197295,0.4424768518518518,0.8123516287371697,0.1397384409432602,1086334.9161011616,-3047.332102731317,1083287.5839984303,4254,0,1485.16,82,143,43,34.94812583668004,0.6253810975609756,40.625000000000014,8376.558389213777,102.15315108797289,0
4257,32.01297776932318,0,0,224,0.0,0.0,1.0,224,7400,5200,2200,0.7027027027027027,96,52,44,216.835124404515,0.4423775991618621,0.8090890850722308,0.1392662706226936,1078573.3549157665,-5425.482481489006,1073147.8724342776,4255,1,1491.3125,69,155,42,34.78798822899946,0.6334541062801933,40.416666666666664,8310.035479286806,120.43529680125805,0
4258,32.073984411540955,0,0,224,0.0,0.0,1.0,224,6250,4400,1850,0.704,81,44,37,216.2425182920684,0.4420130825592569,0.8085271587743739,0.13932351770791884,1081544.429989358,-4274.821762868452,1077269.6082264895,4256,2,1492.3125,71,153,42,34.691039925719565,0.6335093896713615,40.306712962962955,8329.398440207735,117.31547098884134,0
4259,32.529330437754695,0,1,223,0.0,0.004464285714285714,0.9955357142857143,224,6950,4800,2150,0.6906474820143885,91,48,43,215.0122624538336,0.44186168721973096,0.8064525299579648,0.13948231384825582,1098912.1556525682,-4494.082235024662,1094418.0734175434,4257,3,1493.3125,72,152,43,34.4796470136144,0.6354166666666667,40.06849315068492,8455.397877484846,117.43608163173397,0
4260,32.397493967868286,1,1,223,0.004464285714285714,0.004464285714285714,0.9955357142857143,224,7050,4900,2150,0.6950354609929078,92,49,43,217.89505112394596,0.44151677276852447,0.8097759750946303,0.14211123030191028,1096021.126585267,-4086.4841179559353,1091934.6424673111,4258,0,1494.2142857142858,72,152,41,34.215169967268274,0.6372974537037037,39.88299086757989,8427.139234307479,117.04360047649276,0
4261,32.1325316531881,0,1,222,0.0,0.004484304932735426,0.9955156950672646,223,6750,5000,1750,0.7407407407407407,85,50,35,217.65660313953737,0.441571055360293,0.810104284582158,0.1427271597608626,1088621.2620800477,-3960.8787980361876,1084660.3832820116,4259,1,1500.7533632286995,73,150,43,34.03025632706034,0.6386986301369864,39.695945945945944,8364.228256345077,114.57846926500106,0
4262,32.149793262230205,0,0,222,0.0,0.0,1.0,222,6100,4500,1600,0.7377049180327869,77,45,32,196.8976385435805,0.4413947318359083,0.7862393371029077,0.1261544159237092,1082473.8360790526,-7872.691578164715,1074601.144500888,4260,2,1508.4054054054054,75,147,45,35.39218340111623,0.6295833333333334,40.5016447368421,8342.818473599289,111.23757964799051,8
4263,32.44015233864697,0,1,221,0.0,0.0045045045045045045,0.9954954954954955,222,6100,4500,1600,0.7377049180327869,77,45,32,185.428914237205,0.4411768952210129,0.7739496351927795,0.11712426799971301,1088027.1039916044,-10149.663089237107,1077877.4409023672,4261,3,1509.4054054054054,87,135,34,36.20124923826932,0.6197318007662835,41.00378787878789,8401.876576344675,96.57329398097328,8
4264,32.01587696102711,0,0,221,0.0,0.0,1.0,221,6550,5000,1550,0.7633587786259542,81,50,31,184.60278297832642,0.44093908542437954,0.7725984182597445,0.11720470993007351,1075307.0219886024,-11049.066236953182,1064257.955751649,4262,4,1514.475113122172,89,132,39,36.0372568064425,0.6209035580524345,40.82175925925928,8297.818666531082,93.23391760147284,0
4265,32.22376179345661,0,0,221,0.0,0.0,1.0,221,5850,3900,1950,0.6666666666666666,78,39,39,186.657580077761,0.4406220005484711,0.7763590021501241,0.11898186909326411,1083459.9647444056,-9602.796973934393,1073857.1677704712,4263,5,1515.475113122172,91,130,40,35.84123804741736,0.6216804029304029,40.68161231884059,8356.213953300958,91.82652695935118,0
4266,31.92959308671617,0,0,221,0.0,0.0,1.0,221,6350,4300,2050,0.6771653543307087,84,43,41,188.45076635343415,0.44060914575620463,0.7766534416779842,0.12063546455116714,1074802.4606526427,-10040.530522290468,1064761.9301303523,4264,6,1516.475113122172,78,143,38,35.643019277026795,0.6279380341880342,40.53270042194093,8284.68529483651,106.21391403636552,0
4267,31.48575377056282,0,0,221,0.0,0.0,1.0,221,6350,4700,1650,0.7401574803149606,80,47,33,188.6245103326206,0.4403297682709448,0.7769424584567284,0.12088306700932298,1060185.2876390445,-10554.613851447328,1049630.673787597,4265,7,1517.475113122172,78,143,40,35.5982080856325,0.6283386752136753,40.493143459915615,8170.768986793874,104.75344854863941,0
4268,31.542787837682233,0,0,221,0.0,0.0,1.0,221,6200,4400,1800,0.7096774193548387,80,44,36,187.81606259590532,0.4401549430961196,0.7743177928378209,0.12075256916197938,1063026.6868460195,-10469.302648441768,1052557.3841975776,4266,8,1518.475113122172,80,141,41,35.50459018558878,0.6286458333333333,40.380658436214006,8189.117809505298,102.36397261881623,0
4269,31.747970225978026,0,0,221,0.0,0.0,1.0,221,6400,4700,1700,0.734375,81,47,34,188.03087932555653,0.4398875634169752,0.7751077460687241,0.12142659086880539,1071213.9106504803,-10315.741286924516,1060898.1693635557,4267,9,1519.475113122172,80,141,41,35.341790429042895,0.6302083333333333,40.22633744855966,8247.28650417637,103.09108130220463,0
4270,32.07167678133972,0,0,221,0.0,0.0,1.0,221,6350,4500,1850,0.7086614173228346,82,45,37,187.6049741323541,0.43991755793226384,0.7727620240570738,0.1217710131975365,1083613.9570772895,-9891.726322611365,1073722.2307546781,4268,10,1520.475113122172,84,137,45,35.17220991262808,0.6304563492063492,40.049019607843135,8337.063822129627,99.25075978725746,0
4271,31.597059225387888,0,0,221,0.0,0.0,1.0,221,6300,5100,1200,0.8095238095238095,75,51,24,187.0490112558972,0.4395096325243384,0.7736831555648434,0.1217539883082866,1068383.3473983235,-10531.990245375491,1057851.357152948,4269,11,1521.475113122172,84,137,34,35.08678919258563,0.6314484126984127,39.950980392156865,8216.784274053081,97.81886040539382,0
4272,31.813527796690842,0,0,221,0.0,0.0,1.0,221,6200,4100,2100,0.6612903225806451,83,41,42,190.34393474322945,0.4392182572329631,0.7769338207185343,0.1244450779133534,1076961.6940696712,-9401.374716608972,1067560.3193530622,4270,12,1522.475113122172,86,135,36,34.84607951408061,0.6322674418604651,39.798850574712645,8277.916499972294,96.25484302293366,0
4273,31.714644357365035,0,0,221,0.0,0.0,1.0,221,6650,4900,1750,0.7368421052631579,84,49,35,193.128872197138,0.4390117235705471,0.7798015133655272,0.12667429176394976,1074533.3426995953,-9345.317477241228,1065188.025222354,4271,13,1523.475113122172,89,132,37,34.66011404561829,0.632373595505618,39.68750000000001,8255.718359276601,92.76088044131012,0
4274,32.17292797584578,0,0,221,0.0,0.0,1.0,221,6050,4400,1650,0.7272727272727273,77,44,33,194.16282390998504,0.43894916358151653,0.7820435788049769,0.12757409705226597,1090561.8090092298,-7900.687902877093,1082661.1211063527,4272,14,1524.475113122172,93,128,38,34.572196685960705,0.6317204301075269,39.6276595744681,8376.940555413083,90.07462962809767,0
4275,31.768662357727866,0,1,220,0.0,0.004524886877828055,0.995475113122172,221,6050,4400,1650,0.7272727272727273,77,44,33,192.6762281892528,0.4388891745509393,0.780071681734547,0.12714597538293376,1078087.1029527406,-8705.648668717717,1069381.4542840228,4273,15,1525.475113122172,79,142,36,34.45954951352791,0.6381856540084387,39.47916666666665,8276.39839132052,104.76453659899391,0
4276,31.89021983740727,0,1,219,0.0,0.004545454545454545,0.9954545454545455,220,5850,4300,1550,0.7350427350427351,74,43,31,192.2408193264827,0.4383821087588211,0.7800364261863812,0.1272549241395593,1083099.7381161284,-8206.80378645147,1074892.934329677,4274,16,1532.7863636363636,78,142,40,34.362035819083275,0.639690170940171,39.3723628691983,8311.472643805238,106.55734158724665,0
4277,32.33577214361192,0,0,219,0.0,0.0,1.0,219,6900,5100,1800,0.7391304347826086,87,51,36,192.46923437897766,0.4379512099758424,0.7805412043898399,0.12809695343257652,1099788.4796079206,-8364.910670208868,1091423.5689377117,4275,17,1539.958904109589,78,141,37,34.16793056959893,0.641559829059829,39.187763713080166,8433.565044839708,108.12262877999626,0
4278,32.65697738591223,0,1,218,0.0,0.0045662100456621,0.995433789954338,219,6950,5000,1950,0.7194244604316546,89,50,39,191.5283391992769,0.43751483669166213,0.7791818309617173,0.12822164387615648,1112414.4504610053,-8138.2215603858085,1104276.2289006195,4276,18,1540.958904109589,83,136,44,33.9889775750665,0.641566265060241,38.98809523809522,8523.859871263348,102.69710688269095,0
4279,33.09348248273492,0,3,215,0.0,0.013761467889908258,0.9862385321100917,218,6750,5300,1450,0.7851851851851852,82,53,29,191.89200491564142,0.43710980989021825,0.7788988330295212,0.1288567956296531,1128174.5707881486,-7052.463943324186,1121122.1068448243,4277,19,1543.8990825688074,87,131,35,33.874354005167966,0.6411637931034483,38.88494318181816,8641.206558790767,99.32421331943411,0
4280,32.8001445258244,1,0,216,0.004629629629629629,0.0,1.0,216,5900,4100,1800,0.6949152542372882,77,41,36,192.64563359642418,0.4369289226241746,0.7778912860567397,0.13012225338171804,1119868.106026642,-5952.459834014338,1113915.6461926277,4278,0,1554.2175925925926,92,124,37,33.65320045720815,0.6415307971014492,38.68727598566306,8571.095114107038,93.16407732725041,0
4281,32.38331727525694,0,2,214,0.0,0.009259259259259259,0.9907407407407407,216,6650,5100,1550,0.7669172932330827,82,51,31,198.002478304926,0.43671045076083836,0.7844454412875148,0.13427629981742079,1106775.4094124264,-6021.14520187862,1100754.2642105478,4279,1,1555.2175925925926,93,123,39,33.376027847242796,0.6425851254480286,38.55274822695032,8466.529304910553,91.03794951516724,0
4282,32.42940460660957,0,0,214,0.0,0.0,1.0,214,6450,4300,2150,0.6666666666666666,86,43,43,183.8113944591665,0.4359423676012461,0.7597886425946516,0.11945373969531003,1096055.9668171979,-8956.484866807863,1087099.48195039,4280,2,1570.3691588785048,90,124,43,35.22789812001944,0.6288194444444444,40.00686813186816,8431.422468291323,93.68247186990358,8
4283,32.79068359369408,1,0,215,0.004651162790697674,0.0,1.0,215,6350,4300,2050,0.6771653543307087,84,43,41,180.9918026134234,0.43622038687241904,0.7570361058733135,0.1181770005299417,1109657.627264759,-9182.213151523189,1100475.414113236,4281,0,1564.0604651162791,95,120,37,35.13513513513513,0.6289473684210527,39.843750000000014,8530.70127867202,89.79685556496864,0
4284,32.86013922604627,0,1,214,0.0,0.004651162790697674,0.9953488372093023,215,5850,4100,1750,0.7008547008547008,76,41,35,184.07935208282927,0.4360591900311526,0.760882664711267,0.12050799081272758,1112780.5540301315,-7882.015320752055,1104898.5387093795,4282,1,1565.0604651162791,97,118,38,34.962798834613054,0.6292955326460481,39.75340136054423,8551.739464397548,88.16226251956235,0
4285,32.638497178381876,0,0,214,0.0,0.0,1.0,214,6700,4600,2100,0.6865671641791045,88,46,42,187.83999999999867,0.4356960167024995,0.7634392523364477,0.12357894736842118,1106719.8750265213,-7922.74773500355,1098797.1272915178,4283,2,1561.5467289719627,100,114,42,34.69166666666671,0.6302083333333333,39.58333333333336,8499.608640203685,84.99608640203685,0
4286,32.870964158833075,0,0,214,0.0,0.0,1.0,214,5500,3900,1600,0.7090909090909091,71,39,32,186.91615756205792,0.43529426820528566,0.7610037650746333,0.12366814409917645,1116262.0235501009,-6570.518345113777,1109691.505204987,4284,3,1562.5467289719627,85,129,41,34.51830420772135,0.6367647058823529,39.38953488372091,8566.51725825398,100.78255597945859,0
4287,33.06432440402265,0,0,214,0.0,0.0,1.0,214,6450,4400,2050,0.6821705426356589,85,44,41,190.98888348926343,0.4352430784081436,0.7637986882112984,0.12678484471773627,1123810.5816064945,-6322.9343531115055,1117487.647253383,4285,4,1563.5467289719627,87,127,42,34.296021368685466,0.6372126436781609,39.27556818181816,8620.677193690786,99.08824360564122,0
4288,32.87304860846941,1,2,213,0.004651162790697674,0.009302325581395349,0.9906976744186047,215,6200,4300,1900,0.6935483870967742,81,43,38,191.31411590398957,0.4353066362384989,0.7639103729155354,0.12751849626604247,1118498.1557280966,-6403.102839327598,1112095.052888769,4286,0,1557.2697674418605,90,125,43,34.146225518159355,0.6376157407407408,39.136904761904745,8575.365209917638,95.28183566575153,0
4289,32.897638222012894,0,0,213,0.0,0.0,1.0,213,6050,3900,2150,0.6446280991735537,82,39,43,193.89867557024093,0.43468014586470605,0.7623589497303704,0.1297404461703804,1120459.4539310208,-5198.879170524207,1115260.5747604966,4287,1,1567.8356807511736,91,122,43,33.945246410134025,0.6386217948717949,39.00588768115941,8586.089885140578,94.35263610044592,0
4290,32.967460561685904,0,1,212,0.0,0.004694835680751174,0.9953051643192489,213,5800,4400,1400,0.7586206896551724,72,44,28,193.00084818848012,0.4344836049842029,0.7608020973626959,0.12951560763795933,1123685.4693471831,-5025.550263785028,1118659.919083398,4288,2,1568.8356807511736,93,120,34,33.868248022862645,0.6390008960573477,38.90735815602835,8607.561372937464,92.55442336491896,0
4291,32.5218360780647,1,0,213,0.004694835680751174,0.0,1.0,213,5750,4300,1450,0.7478260869565218,72,43,29,195.41383588268624,0.4342833731951457,0.7647540994567052,0.13168867135971346,1109706.6339719368,-4979.59399021628,1104727.0399817205,4289,0,1569.4413145539907,97,116,35,33.65998528434444,0.63928264604811,38.764880952380935,8495.84571950033,87.58603834536423,0
4292,32.17239044995155,0,3,210,0.0,0.014084507042253521,0.9859154929577465,213,5700,4500,1200,0.7894736842105263,69,45,24,192.86402784023568,0.43403977323057846,0.7614106924887323,0.1303898031388747,1098696.0723864257,-5920.210021461547,1092775.862364964,4290,1,1570.4413145539907,99,114,38,33.61586917241285,0.6398358585858586,38.65624999999998,8408.05316665446,84.92982996620665,0
4293,32.59603939859037,0,0,210,0.0,0.0,1.0,210,6950,5200,1750,0.7482014388489209,87,52,35,190.30000632156103,0.4332004253056885,0.755710436494256,0.12905692556538545,1114054.7648597436,-6549.074240925401,1107505.6906188182,4291,2,1591.4714285714285,103,107,39,33.57632104866615,0.6398665048543689,38.55168269230768,8522.179651656652,82.73960826851119,0
4294,32.73124614706962,0,0,210,0.0,0.0,1.0,210,5200,3600,1600,0.6923076923076923,68,36,32,187.75649832036822,0.4330005885926938,0.7532269579495989,0.12778937181600528,1119705.603008351,-5153.599365891339,1114552.0036424596,4292,3,1592.4714285714285,84,126,37,33.52025159295355,0.6468253968253967,38.4313725490196,8561.467129449162,101.92222773153765,0
4295,32.85968654964225,0,0,210,0.0,0.0,1.0,210,6100,4600,1500,0.7540983606557377,76,46,30,185.87731486083513,0.43275708209918734,0.749558656885551,0.1268459478336021,1124861.7344934994,-6282.744240529617,1118578.9902529698,4293,4,1593.4714285714285,88,122,42,33.479080932784655,0.6463068181818181,38.342696629213464,8597.976972188637,97.70428377487087,0
4296,32.64281931566781,0,1,209,0.0,0.004761904761904762,0.9952380952380953,210,5550,4000,1550,0.7207207207207207,71,40,31,183.24662775417994,0.43264553429027114,0.7468574260188103,0.12559285655876035,1118671.882948697,-6551.429977246694,1112120.4529714503,4294,5,1594.4714285714285,90,120,42,33.40083147508489,0.6471064814814815,38.19826007326006,8545.946892955984,94.95496547728871,0
4297,32.83663937517469,0,1,208,0.0,0.004784688995215311,0.9952153110047847,209,6350,4700,1650,0.7401574803149606,80,47,33,184.16362848178068,0.4317482134093977,0.747851930302283,0.12672709421903425,1126458.625523605,-6659.458437794911,1119799.16708581,4295,6,1603.0382775119617,93,116,45,33.2412725106119,0.647513440860215,38.06515957446807,8601.05989484707,92.48451499835559,0
4298,32.51659233552555,0,0,208,0.0,0.0,1.0,208,4250,2700,1550,0.6352941176470588,58,27,31,182.20702555623035,0.4314749009042487,0.7441791030362346,0.12569339153266917,1116183.9493754318,-5174.688522139535,1111009.2608532922,4296,7,1596.8125,94,114,45,33.20831240932929,0.6480496453900709,37.98245614035086,8519.917658439854,90.63742189829631,0
4299,32.141890841336846,0,0,208,0.0,0.0,1.0,208,5850,4300,1550,0.7350427350427351,74,43,31,182.5701034114075,0.43116522668153107,0.7450846209426412,0.12633851156069364,1104194.962110155,-7131.40231623888,1097063.559793916,4297,8,1597.8125,98,110,36,33.093238198458565,0.6479591836734694,37.87878787878787,8425.07138719887,85.97011619590684,0
4300,32.19086369219939,0,1,207,0.0,0.004807692307692308,0.9951923076923077,208,5550,3500,2050,0.6306306306306306,76,35,41,182.50597357721375,0.43085603632478636,0.7462140019860966,0.12674725199465803,1106876.3948639284,-6747.689185144566,1100128.7056787838,4298,9,1598.8125,99,109,38,32.97438761999334,0.6488846801346801,37.760416666666664,8441.718681782493,85.26988567457063,0
4301,31.779958103234843,0,0,207,0.0,0.0,1.0,207,6650,5000,1650,0.7518796992481203,83,50,33,185.20609338193265,0.43051940184168974,0.750006564000117,0.12912662404212527,1093822.368734348,-7533.486446587817,1086288.8822877603,4299,10,1602.3719806763286,102,105,39,32.77224749129499,0.6494076797385622,37.631472491909385,8338.060811814543,81.74569423347592,0
4302,31.312342956054525,0,0,207,0.0,0.0,1.0,207,5400,3900,1500,0.7222222222222222,69,39,30,183.58393246694615,0.4303093194503072,0.7480442027326404,0.12843033994203956,1078643.4189446636,-7195.679884109305,1071447.7390605542,4300,11,1603.3719806763286,103,104,40,32.70132158029966,0.6502831715210355,37.52003205128206,8218.86277550448,79.79478422819884,0
4303,31.193485744052182,0,0,207,0.0,0.0,1.0,207,4500,2900,1600,0.6444444444444445,61,29,32,179.72970409642969,0.4302018354361115,0.7418879315437319,0.12609327570301695,1075315.2279981428,-7246.782452301346,1068068.4455458415,4301,12,1604.3719806763286,84,123,40,32.70724431376209,0.6569940476190477,37.426470588235325,8190.583646471433,97.50694817227897,0
4304,31.074288801904252,0,0,207,0.0,0.0,1.0,207,5500,4100,1400,0.7454545454545455,69,41,28,178.02632128536357,0.4295852680455889,0.73888032662773,0.12555540553809919,1072606.554646282,-8709.560177950574,1063896.9944683313,4302,13,1605.3719806763286,84,123,42,32.57734763681594,0.6587301587301587,37.25490196078433,8164.61705775528,97.19782211613429,0
4305,31.018990269099085,0,0,207,0.0,0.0,1.0,207,4900,3400,1500,0.6938775510204082,64,34,30,176.26478027797845,0.42944358457233084,0.7364320664140609,0.12461153597043224,1071335.038810441,-8532.272955995388,1062802.7658544458,4303,14,1606.3719806763286,86,121,43,32.54407544075439,0.6587936046511628,37.176724137931046,8152.512636458297,94.79665856346857,0
4306,30.87901879029127,0,0,207,0.0,0.0,1.0,207,6350,4800,1550,0.7559055118110236,79,48,31,175.53487712383125,0.42911429263793127,0.7363889548850338,0.1245072965645784,1067375.4172736527,-10277.677456774061,1057097.7398168787,4304,15,1607.3719806763286,86,121,44,32.45360883424407,0.6598837209302326,37.06896551724139,8119.05235434385,94.40758551562617,0
4307,30.620285936134252,0,0,207,0.0,0.0,1.0,207,5450,3500,1950,0.6422018348623854,74,35,39,197.18095626035904,0.4289559979988431,0.770289404146713,0.1367178014349545,1052444.1380951805,-5345.611687956381,1047098.5264072241,4305,16,1608.3719806763286,82,125,36,32.643941569735,0.6538363821138211,37.813755020080336,8028.217789806519,97.90509499764048,8
4308,30.34684658695958,0,2,205,0.0,0.00966183574879227,0.9903381642512077,207,6550,4700,1850,0.7175572519083969,84,47,37,201.2622226604741,0.42867165392492534,0.7753978585465537,0.14030683571924824,1044470.1201433918,-5907.524423497428,1038562.5957198944,4306,17,1609.3719806763286,84,123,40,32.35438367041899,0.6548859126984127,37.63480392156865,7961.956355149775,94.78519470416398,0
4309,29.99637399083503,0,0,205,0.0,0.0,1.0,205,5700,4600,1100,0.8070175438596491,68,46,22,214.8443009800225,0.4286296429140762,0.7862001042813289,0.13915300109629083,1012914.822913726,-3176.204583759669,1009738.6183299663,4307,18,1612.4243902439025,80,125,40,34.540157363420406,0.63125,40.12345679012344,7795.353981568817,97.44192476961021,8
4310,30.542472356277564,0,0,205,0.0,0.0,1.0,205,5900,4300,1600,0.7288135593220338,75,43,32,214.04531467151878,0.42827793719113666,0.784286816271675,0.13929490332473013,1032662.6209211568,-2692.6808710829046,1029969.9400500739,4308,19,1613.4243902439025,85,120,34,34.39275816293261,0.6310049019607843,39.958817829457374,7942.300617937557,93.43883079926538,0
4311,30.50456243531167,0,0,205,0.0,0.0,1.0,205,6100,4300,1800,0.7049180327868853,79,43,36,215.80083541772711,0.4282729555236729,0.7881934443036531,0.1410985712121502,1032669.620056457,-2529.8066562618415,1030139.8134001952,4309,20,1614.4243902439025,87,118,38,34.181186121978584,0.6319444444444444,39.79640151515152,7937.39691587385,91.23444730889483,0
4312,30.22658021246542,0,0,205,0.0,0.0,1.0,205,6900,4900,2000,0.7101449275362319,89,49,40,216.00429313493214,0.4280846484935437,0.789834693707484,0.141818166956713,1024382.8814914197,-3645.7799567840916,1020737.1015346356,4310,21,1615.4243902439025,88,117,41,34.02996313612661,0.6330492424242424,39.65355805243446,7869.382610558074,89.42480239270539,0
4313,30.069874829943984,1,0,206,0.0048543689320388345,0.0,1.0,206,5150,3300,1850,0.6407766990291263,70,33,37,214.5906900529898,0.4281681663904018,0.7895104116214586,0.14173825945750246,1020686.1801489383,-2544.0496548579345,1018142.1304940804,4311,0,1608.5776699029127,68,138,43,33.85624891361027,0.6438419117647058,39.44746376811593,7834.782151117176,115.2173845752526,0
4314,30.4963441925929,0,0,206,0.0,0.0,1.0,206,5300,3400,1900,0.6415094339622641,72,34,38,211.80617584214022,0.42781543531454735,0.7866647915191607,0.1404092596145575,1036152.0513686188,-2607.3192817248646,1033544.732086894,4312,1,1609.5776699029127,71,135,45,33.80161505161504,0.6434859154929577,39.32291666666666,7949.698056454537,111.96757825992306,0
4315,30.75737677472106,0,1,205,0.0,0.0048543689320388345,0.9951456310679612,206,6750,5400,1350,0.8,81,54,27,209.0953987543489,0.42766447628068516,0.7834245494457794,0.13925970236209342,1046295.8190751926,-4194.871699092856,1042100.9473760996,4313,2,1610.5776699029127,76,130,42,33.70999948135469,0.6426809210526316,39.16396103896104,8022.632326750503,105.56095166776977,0
4316,30.827422969873055,0,0,205,0.0,0.0,1.0,205,5000,3800,1200,0.76,62,38,24,209.66852771074105,0.4271919336840427,0.7834729512207756,0.1400864645310874,1049549.0390238855,-1988.5196455277055,1047560.5193783578,4314,3,1618.541463414634,76,129,44,33.58455596453935,0.6437774122807017,39.055735930735935,8044.239200025467,105.84525263191404,0
4317,30.829211868042094,1,1,205,0.0048543689320388345,0.0048543689320388345,0.9951456310679612,206,7800,6000,1800,0.7692307692307693,96,60,36,206.8406075264119,0.4274947707001342,0.7796443341135852,0.13894821987950656,1051088.9583954662,-5518.424256235914,1045570.5341392303,4315,0,1611.6796116504854,81,125,37,33.47076279431798,0.6435185185185186,38.87195121951218,8050.371940542042,99.38730790792644,0
4318,30.705902913595082,0,0,205,0.0,0.0,1.0,205,6650,5100,1550,0.7669172932330827,82,51,31,207.3364332671182,0.42717798501514426,0.7797820485241835,0.13968342008602597,1047666.3195199791,-4206.1204113280455,1043460.199108651,4316,1,1619.9951219512195,84,121,40,33.358353662350666,0.6433531746031746,38.774509803921546,8021.164540517009,95.49005405377392,0
4319,30.31099348672641,1,0,206,0.0048543689320388345,0.0,1.0,206,4750,3600,1150,0.7578947368421053,59,36,23,204.87299922753414,0.42773008919409583,0.7782778610796914,0.13848754890490445,1035088.0652968533,-3537.680719601764,1031550.3845772515,4317,0,1613.126213592233,86,120,42,33.307276156442306,0.6437742248062015,38.66139846743293,7921.432648883785,92.10968196376494,0
4320,30.218195094988594,1,1,206,0.004830917874396135,0.004830917874396135,0.9951690821256038,207,5700,3500,2200,0.6140350877192983,79,35,44,203.92868436095557,0.4278850663664931,0.7798497975416583,0.13840125714702822,1032980.7783102435,-4969.117781807201,1028011.6605284363,4318,0,1606.3285024154588,70,137,43,33.19481072083193,0.6520833333333333,38.526995305164334,7901.242267941444,112.87488954202063,0
4321,30.217712518451094,0,0,206,0.0,0.0,1.0,206,6050,4300,1750,0.7107438016528925,78,43,35,200.7286761597173,0.42734331833609596,0.7753403909722261,0.1366852689291331,1033849.5373282152,-5745.350204754027,1028104.1871234612,4319,1,1615.0922330097087,73,133,45,33.164215950061894,0.651683789954338,38.41497747747749,7904.501009718173,108.28083574956402,0
4322,30.553064495509567,0,0,206,0.0,0.0,1.0,206,5750,3500,2250,0.6086956521739131,80,35,45,200.36208409488395,0.42715486620885623,0.7750183832717641,0.1368257349195986,1046086.7167458187,-5030.777057766481,1041055.9396880523,4320,2,1616.0922330097087,74,132,43,33.07635829662264,0.6521677927927928,38.319444444444464,7995.142891109703,108.04247150148247,0
4323,31.01359496223031,0,0,206,0.0,0.0,1.0,206,5300,3200,2100,0.6037735849056604,74,32,42,198.38411713327434,0.42692497434683085,0.7716476004430162,0.1359653657466757,1062833.5354077728,-4330.141483698095,1058503.3939240747,4321,3,1617.0922330097087,78,128,41,33.005120456644,0.6515758547008548,38.198839662447284,8119.395147350843,104.09480958142106,0
4324,30.610433034577817,0,0,206,0.0,0.0,1.0,206,5700,4000,1700,0.7017543859649122,74,40,34,198.02112066139358,0.42706705343752466,0.7764912737264862,0.1307233851563211,1038887.2529983135,-5755.676384087246,1033131.5766142262,4322,4,1618.0922330097087,70,136,44,34.30683823253371,0.6425595238095239,39.465962441314566,7975.059709918352,113.92942442740504,8
4325,30.32375389236566,0,0,206,0.0,0.0,1.0,206,5900,3800,2100,0.6440677966101694,80,38,42,192.3154678282102,0.42683420159444313,0.7693248982682321,0.12765721223731175,1030644.9171916408,-7458.20811710441,1023186.7090745365,4323,5,1619.0922330097087,74,132,43,34.26368616379008,0.642454954954955,39.27777777777779,7906.076500937368,106.83887163428876,0
4326,30.550558753189513,1,2,205,0.004830917874396135,0.00966183574879227,0.9903381642512077,207,6000,4300,1700,0.7166666666666667,77,43,34,180.98295128537103,0.42694409267857986,0.7566158600554347,0.11898844438842879,1035739.0496991288,-9909.778004789026,1025829.2716943398,4324,0,1612.2657004830917,90,117,41,34.89354375476231,0.6328703703703704,39.60622710622712,7955.1752577559255,88.39083619728807,8
4327,30.427985383657266,0,0,205,0.0,0.0,1.0,205,6800,4900,1900,0.7205882352941176,87,49,38,180.89103914289788,0.4263589988841065,0.7537398744262211,0.11951146186903386,1032914.5401798943,-10431.003096210028,1022483.5370836842,4325,1,1628.2048780487805,78,127,38,34.72496331157331,0.6390224358974359,39.438291139240505,7928.367868755952,101.64574190712759,0
4328,30.094700920760385,0,1,204,0.0,0.004878048780487805,0.9951219512195122,205,5050,3800,1250,0.7524752475247525,63,38,25,176.88082780012738,0.4259853738243265,0.7482169046424889,0.11732218319696885,1022655.2017247481,-9872.380272963965,1012782.8214517841,4326,2,1629.2048780487805,81,124,40,34.69264691550532,0.6391460905349795,39.30386178861789,7845.572310668763,96.85891741566374,0
4329,30.445031298923105,0,1,203,0.0,0.004901960784313725,0.9950980392156863,204,5950,4500,1450,0.7563025210084033,74,45,29,176.58220018111123,0.4253512468205673,0.7460096253802748,0.11748498108221883,1035393.0315944757,-10183.604085771542,1025209.4275087041,4327,3,1638.1470588235295,83,121,41,34.593625679552424,0.6394327309236948,39.19890873015872,7940.097386503592,95.66382393377822,0
4330,30.856732640035688,0,1,202,0.0,0.0049261083743842365,0.9950738916256158,203,6450,4600,1850,0.7131782945736435,83,46,37,176.34397941970153,0.4248473800582029,0.7456467003688279,0.11788382156633402,1050692.155803616,-9993.352820105069,1040698.8029835109,4328,4,1647.1576354679803,83,120,44,34.43578533865555,0.6410642570281124,39.03769841269841,8052.443969207716,97.01739721937007,0
4331,31.09109753231343,1,1,202,0.0049261083743842365,0.0049261083743842365,0.9950738916256158,203,5550,3900,1650,0.7027027027027027,72,39,33,175.9787742091396,0.424690898892845,0.7446034072757852,0.11811539332652202,1059782.962434781,-8850.138668599415,1050932.8237661817,4329,0,1640.8275862068965,86,117,35,34.30607144494885,0.6413517441860466,38.90086206896551,8117.858763016729,94.39370654670616,0
4332,31.209782702398165,0,0,202,0.0,0.0,1.0,202,6350,4700,1650,0.7401574803149606,80,47,33,177.2052733085502,0.4242242787711607,0.7435975081995516,0.1192223809158276,1064485.4912858708,-9023.511516740207,1055461.9797691305,4330,6,1649.950495049505,85,117,36,34.19200907418574,0.6425245098039216,38.8202519379845,8151.363183282612,95.89839039156014,0
4333,31.495722466094893,0,1,201,0.0,0.0049504950495049506,0.995049504950495,202,6300,5000,1300,0.7936507936507936,76,50,26,177.42501859921356,0.4237014186493276,0.7432785546595901,0.11984837607328491,1075348.200426269,-8541.265107747697,1066806.9353185215,4331,7,1650.950495049505,86,116,36,34.04896907216498,0.643531976744186,38.685344827586206,8230.29385563363,95.7010913445771,0
4334,31.56543247850554,0,0,201,0.0,0.0,1.0,201,6650,4800,1850,0.7218045112781954,85,48,37,177.73199375011205,0.4234307628524046,0.7431251834657839,0.12052754330267162,1078817.1507907272,-8501.935379629702,1070315.2154110975,4332,8,1655.676616915423,88,113,41,33.90662771958094,0.6441761363636364,38.55337078651685,8252.675921171074,93.78040819512584,0
4335,31.748882013528824,0,1,200,0.0,0.004975124378109453,0.9950248756218906,201,6150,4600,1550,0.7479674796747967,77,46,31,176.15378825107646,0.4233074212271974,0.7413435518024039,0.11981600086889442,1085922.36482618,-8092.132337859926,1077830.2324883202,4333,9,1656.676616915423,81,120,40,33.845489905613064,0.6477623456790124,38.452743902439046,8303.832974803721,102.51645647905829,0
4336,31.53294513799995,0,0,200,0.0,0.0,1.0,200,5500,3800,1700,0.6909090909090909,72,38,34,179.82279845671653,0.42287636097152426,0.7437140253261698,0.1226749248110484,1079355.938851848,-6681.438908956647,1072674.4999428913,4334,10,1665.52,82,118,42,33.648411518291134,0.6483739837398375,38.353413654618485,8250.48745277391,100.61570064358428,0
4337,31.402483531349503,0,0,200,0.0,0.0,1.0,200,4700,3600,1100,0.7659574468085106,58,36,22,180.7858584299884,0.42279103852596317,0.7431562022856606,0.12384547569722207,1076030.890659317,-5793.766346993935,1070237.124312323,4335,11,1666.52,85,115,41,33.481922531192666,0.6486519607843138,38.21463178294575,8220.710714184352,96.71424369628649,0
4338,31.225299844278283,1,1,200,0.004975124378109453,0.004975124378109453,0.9950248756218906,201,5450,3900,1550,0.7155963302752294,70,39,31,182.51376963928155,0.42295294361525704,0.7464605673642744,0.125736816111697,1071495.3379265738,-6537.469344820904,1064957.868581753,4336,0,1659.2238805970148,86,115,45,33.24544865935403,0.6501937984496124,38.02681992337166,8180.191099051868,95.11850115176591,0
4339,31.69818277214513,0,0,200,0.0,0.0,1.0,200,5300,3800,1500,0.7169811320754716,68,38,30,181.61341503691435,0.42258427554438865,0.7443617215698808,0.12543303297295574,1088418.3976076818,-5765.723564292319,1082652.6740433895,4337,1,1658.085,86,114,45,33.18370113156974,0.6510416666666667,37.94300766283527,8306.73043982214,96.58988883514117,0
4340,31.51258389186476,0,1,199,0.0,0.005,0.995,200,5750,4400,1350,0.7652173913043478,71,44,27,186.5914805779687,0.42241729480737017,0.7519849315068479,0.12947887910828704,1083331.2661518478,-5321.923018463944,1078009.343133384,4338,2,1659.085,86,114,41,32.89469178082194,0.6526162790697674,37.7873563218391,8262.997931415737,96.08137129553182,0
4341,32.028595192078896,0,0,199,0.0,0.0,1.0,199,5150,3500,1650,0.6796116504854369,68,35,33,189.74062025084189,0.42168121753548893,0.7545147344279921,0.13209492370752243,1101975.7414808949,-3132.087862006261,1098843.6536188887,4339,15,1668.4120603015076,86,113,43,32.702314117486004,0.6537063953488372,37.679597701149454,8401.753975853244,97.69481367271214,0
4342,32.42322478213073,0,0,199,0.0,0.0,1.0,199,6300,4900,1400,0.7777777777777778,77,49,28,190.60863294006467,0.4214284807877773,0.7538407444656532,0.1330545767819142,1116302.1478305152,-3544.6347307932956,1112757.5130997219,4340,16,1669.4120603015076,90,109,43,32.58984397720002,0.6532407407407408,37.59157509157511,8508.127345530782,94.53474828367536,0
4343,32.15645447266386,0,0,199,0.0,0.0,1.0,199,6900,4700,2200,0.6811594202898551,91,47,44,191.79894179894137,0.42142425088404983,0.7566004626306126,0.13425925925925927,1107890.3455035,-4201.560820632936,1103688.7846828671,4341,17,1670.4120603015076,93,106,45,32.465277777777764,0.6532258064516129,37.50000000000001,8441.069299074285,90.76418601155144,0
4344,32.151386957967524,0,1,198,0.0,0.005025125628140704,0.9949748743718593,199,5800,4300,1500,0.7413793103448276,73,43,30,187.8909193265267,0.42111018053229105,0.7508399599927749,0.1319476568867096,1108606.200497687,-3940.592363480532,1104665.6081342066,4342,18,1671.4120603015076,78,121,42,32.46039616388833,0.6597222222222222,37.39451476793247,8443.13057298098,108.2452637561664,0
4345,32.26487209731697,0,0,198,0.0,0.0,1.0,198,5650,4100,1550,0.7256637168141593,72,41,31,181.19138892559792,0.42076005400878497,0.7394073634456009,0.1280279846955335,1114222.0169010027,-4872.513037245348,1109349.5038637575,4343,19,1679.7070707070707,84,114,45,32.43180228491491,0.6593501984126984,37.19362745098039,8479.413996653935,100.94540472207066,0
4346,32.65421506295915,0,0,198,0.0,0.0,1.0,198,5850,4500,1350,0.7692307692307693,72,45,27,181.93990812781283,0.42064041429523663,0.7410087452961927,0.12918817169445987,1129035.0317849813,-4366.6940087920675,1124668.3377761892,4344,20,1680.7070707070707,84,114,45,32.24991844533508,0.6609623015873016,37.03431372549017,8586.938073786416,102.2254532593621,0
4347,32.81310557208984,0,0,198,0.0,0.0,1.0,198,5100,4000,1100,0.7843137254901961,62,40,22,182.13225863514373,0.4203226213061238,0.7416605506208611,0.12969011124714835,1135318.276304718,-3344.3836133730288,1131973.8926913452,4345,21,1681.7070707070707,85,113,50,32.15170979525431,0.6615196078431372,36.94282945736432,8631.722708510684,101.54967892365511,0
4348,33.010662396899335,0,0,198,0.0,0.0,1.0,198,5200,3500,1700,0.6730769230769231,69,35,34,183.12345729555597,0.4198825180741424,0.7432210544323967,0.130885081582823,1143205.696932935,-2930.4440755332807,1140275.2528574017,4346,22,1682.7070707070707,85,113,38,32.002293507609245,0.6627450980392157,36.82170542635657,8687.689832362215,102.2081156748496,0
4349,32.64444793738043,0,0,198,0.0,0.0,1.0,198,4850,3300,1550,0.6804123711340206,64,33,31,183.66832363799944,0.4196528525525987,0.7451699998383259,0.13156267309763908,1131131.2558058943,-2899.403686317431,1128231.852119577,4347,23,1683.7070707070707,88,110,39,31.915884907226246,0.662405303030303,36.750936329588,8593.620353552873,97.654776744919,0
4350,32.746959262625154,0,1,197,0.0,0.005050505050505051,0.9949494949494949,198,5250,3700,1550,0.7047619047619048,68,37,31,182.54311623734975,0.41952520125108955,0.7436281810233745,0.13107148052892956,1135351.2667624082,-3399.8883482337087,1131951.3784141745,4348,24,1684.7070707070707,91,107,39,31.866615427613183,0.6622023809523809,36.673460144927525,8623.143473402062,94.75981838903365,0
4351,33.113692993119706,0,0,197,0.0,0.0,1.0,197,5700,4300,1400,0.7543859649122807,71,43,28,188.0811576123448,0.4194907023723195,0.746506617677259,0.12678008149885206,1129977.6357983903,-2594.499636595276,1127383.136161795,4349,25,1683.3147208121827,101,96,33,33.84262245416522,0.6383044554455446,38.756127450980415,8650.749391922005,85.6509840784357,8
4352,33.13445559268235,0,0,197,0.0,0.0,1.0,197,5100,3500,1600,0.6862745098039216,67,35,32,201.53890842251806,0.4190827980938568,0.7713928256808595,0.12926842965896831,1115954.1358082907,481.63567607948426,1116435.77148437,4350,26,1684.3147208121827,70,127,39,35.232947051064635,0.6324404761904762,40.463615023474176,8599.596822690004,122.85138318128577,8
4353,33.249186565542736,0,0,197,0.0,0.0,1.0,197,5200,3900,1300,0.75,65,39,26,202.3751436508678,0.4188777668427777,0.7713286682073268,0.13021280459233306,1120765.3590361606,763.0101067717569,1121528.3691429324,4351,27,1685.3147208121827,72,125,41,35.09928922107422,0.6325231481481481,40.3538812785388,8633.02224238889,119.90308669984569,0
4354,33.21092762364582,0,0,197,0.0,0.0,1.0,197,5300,3500,1800,0.660377358490566,71,35,36,202.9268177563976,0.4187169791774578,0.7714471347370517,0.13106157456200437,1120611.3201060963,780.4178261850152,1121391.7379322813,4352,28,1686.3147208121827,74,123,40,34.950634445394876,0.6328828828828829,40.22222222222221,8627.460976009295,116.5873104866121,0
4355,33.561613284102464,1,0,198,0.005050505050505051,0.0,1.0,198,5250,3900,1350,0.7428571428571429,66,39,27,200.43330977667742,0.41968116016339363,0.7701183050909839,0.1300684244295449,1133886.78661635,603.7363107108399,1134490.522927061,4353,0,1678.7929292929293,76,122,41,34.846690953248306,0.6336348684210527,40.05681818181815,8724.112544020878,114.7909545265905,0
4356,33.021893867680774,0,0,198,0.0,0.0,1.0,198,5300,3700,1600,0.6981132075471698,69,37,32,198.91024677344518,0.419393277102668,0.7682902786143857,0.12930162251860325,1116162.9447161288,-496.7506454284576,1115666.1940707003,4354,1,1679.7929292929293,77,121,46,34.82560951598265,0.6337932900432901,39.99732905982903,8585.78060509977,111.50364422207493,0
4357,33.09908876376743,0,0,198,0.0,0.0,1.0,198,5550,3600,1950,0.6486486486486487,75,36,39,198.39439118418082,0.41931476354065184,0.7683663804799152,0.12952750953222567,1120065.8697160252,-707.0427383021706,1119358.826977723,4355,2,1680.7929292929293,78,120,38,34.68575772934618,0.6348824786324787,39.847046413502085,8610.825702915696,110.39520131943199,0
4358,33.472578695253375,0,1,197,0.0,0.005050505050505051,0.9949494949494949,198,4350,3200,1150,0.735632183908046,55,32,23,201.09827815514757,0.41921435163820947,0.7707719522440344,0.13171680060238594,1133673.8673073498,1645.9725409987086,1135319.8398483484,4356,3,1681.7929292929293,81,117,38,34.50190355329945,0.6347736625514404,39.73577235772355,8711.71484131536,107.55203507796742,0
4359,33.71294442504874,0,0,197,0.0,0.0,1.0,197,6150,4800,1350,0.7804878048780488,75,48,27,203.8108532571927,0.41837921716910115,0.7725672037488576,0.13399161233403964,1142940.0140065714,1038.7158952930286,1143978.7299018644,4357,33,1691.3147208121827,85,112,41,34.30047756380438,0.6345588235294117,39.60755813953486,8778.595921144526,103.27759907228854,0
4360,34.01887974637206,0,0,197,0.0,0.0,1.0,197,5750,4400,1350,0.7652173913043478,71,44,27,201.8962810367163,0.41818821437204323,0.7689067713799824,0.1333178118340554,1154649.090174483,1473.8714417311094,1156122.961616214,4358,34,1692.3147208121827,73,124,42,34.19637068453185,0.6411244292237444,39.456644144144136,8863.39309157656,121.41634372022685,0
4361,34.26168440525737,1,0,198,0.005050505050505051,0.0,1.0,198,5950,4500,1450,0.7563025210084033,74,45,29,197.96780977293247,0.4186214941291084,0.7663621071947393,0.1314992881676071,1164696.4147402295,564.4796553020283,1165260.8943955316,4359,0,1684.7626262626263,75,123,42,34.09246215306979,0.6422222222222222,39.25438596491228,8933.583938125224,119.11445250833633,0
4362,34.24146085463812,1,1,198,0.005025125628140704,0.005025125628140704,0.9949748743718593,199,5800,4300,1500,0.7413793103448276,73,43,30,201.25930071698,0.4190428150855287,0.771558844942027,0.13478109326770402,1166488.685887914,1353.339443214004,1167842.025331128,4360,0,1677.2914572864322,78,121,44,33.723458442783055,0.6436965811965811,38.97679324894514,8937.815916118345,114.58738353997877,0
4363,34.18285688436295,0,0,198,0.0,0.0,1.0,198,5400,4000,1400,0.7407407407407407,68,40,28,201.72431811191635,0.4183966355603412,0.7692830368107124,0.1354782141800529,1165354.190557362,2016.0558898097465,1167370.2464471718,4361,1,1686.1060606060605,79,119,47,33.61278714138496,0.6442510548523206,38.88020833333334,8925.820468216358,112.98506921792858,0
4364,34.008659215884705,0,0,198,0.0,0.0,1.0,198,5350,3600,1750,0.6728971962616822,71,36,35,198.53562762917355,0.41824067664803705,0.7657079102740678,0.13373205674671926,1160304.4671142625,1122.3551238928917,1161426.8222381554,4362,2,1687.1060606060605,82,116,39,33.59397520899397,0.6440548780487805,38.78012048192772,8883.7378629446,108.33826662127561,0
4365,33.77029817580704,1,0,199,0.005025125628140704,0.0,1.0,199,6350,5300,1050,0.8346456692913385,74,53,21,196.68375016331066,0.4186282845202443,0.765806404687416,0.13318857424210326,1153748.0329887772,-765.3020256447517,1152982.7309631323,4363,0,1679.6231155778894,86,113,43,33.460249480884336,0.6443798449612403,38.601532567049816,8827.504187909737,102.64539753383416,0
4366,33.66448460183132,0,0,199,0.0,0.0,1.0,199,6100,4700,1400,0.7704918032786885,75,47,28,196.13592499306836,0.4184812953657175,0.7655502711663591,0.1330085382668394,1150557.95656574,-766.8501861687646,1149791.1063795714,4364,1,1680.6231155778894,89,110,43,33.425330544365245,0.6438436329588015,38.55324074074074,8801.470401282035,98.89292585710152,0
4367,33.35937400546353,0,0,199,0.0,0.0,1.0,199,5050,3200,1850,0.6336633663366337,69,32,37,193.38162504729547,0.41821692638275554,0.762257349512798,0.1317770466718219,1141546.46399766,-699.1779450276872,1140847.2860526324,4365,2,1681.6231155778894,75,124,43,33.33185981732769,0.6509722222222223,38.39089912280702,8727.115839395323,116.36154452527097,0
4368,32.8198336188041,0,2,197,0.0,0.010050251256281407,0.9899497487437185,199,6000,4200,1800,0.7,78,42,36,193.70824656393089,0.4181767422973453,0.7621300379448253,0.13256569946414332,1124312.012021928,-2242.2983120931153,1122069.713709835,4366,3,1682.6231155778894,77,122,43,33.177508503401384,0.6515151515151515,38.247863247863265,8590.661577571631,111.56703347495625,0
4369,32.386045642248234,0,0,197,0.0,0.0,1.0,197,5150,3400,1750,0.6601941747572816,69,34,35,196.48091244940187,0.41743391519044165,0.7624218911246778,0.13499113701483212,1110558.9100717937,-909.274404056116,1109649.6356677376,4367,4,1695.233502538071,80,117,43,32.97178845020626,0.6515625,38.117283950617285,8481.345594891247,106.01681993614059,0
4370,31.950252863676244,0,0,197,0.0,0.0,1.0,197,6350,4700,1650,0.7401574803149606,80,47,33,191.99036822227606,0.41734542801892327,0.7559989415723147,0.13257276268573806,1097016.752750837,-3626.6699386721552,1093390.082812165,4368,5,1696.233502538071,87,110,44,32.91869937061464,0.6506226053639848,37.949810606060616,8372.569814110644,96.23643464494994,0
4371,32.33528217528874,0,0,197,0.0,0.0,1.0,197,5250,3900,1350,0.7428571428571429,66,39,27,193.94751632338017,0.4172698901895784,0.7569910407867162,0.13437046059100963,1111170.22798724,-1548.2588138780925,1109621.969173362,4369,6,1697.233502538071,91,106,38,32.75513950073422,0.6504120879120879,37.83967391304348,8477.028119187446,93.154155155906,0
4372,32.63215500388968,0,0,197,0.0,0.0,1.0,197,5000,3400,1600,0.68,66,34,32,198.2296313028834,0.4171328429849097,0.7563134334626866,0.13224639202581323,1110561.2734049282,-370.7696467360938,1110190.503758192,4370,7,1698.233502538071,82,115,44,33.934741998588926,0.6407520325203252,39.106425702811244,8513.51955598467,103.82340921932526,8
4373,32.172332890784624,0,1,196,0.0,0.005076142131979695,0.9949238578680203,197,5500,3600,1900,0.6545454545454545,74,36,38,196.42261829910026,0.4168684605822024,0.7546667994528413,0.13142872490824026,1095755.160800189,-1853.7804601748903,1093901.3803400141,4371,8,1699.233502538071,82,115,43,33.87951208565749,0.6417682926829269,39.00602409638555,8396.785075260537,102.39981799098216,0
4374,32.19016488295267,0,1,195,0.0,0.00510204081632653,0.9948979591836735,196,5150,3800,1350,0.7378640776699029,65,38,27,195.27622178608402,0.41629818594104306,0.7519443643604724,0.13112985999357382,1097381.1597577399,-1491.51065265543,1095889.6491050844,4372,9,1691.6020408163265,84,112,39,33.785845027455785,0.6422371031746033,38.88480392156863,8405.341215209233,100.06358589534801,0
4375,31.856732680809927,0,0,195,0.0,0.0,1.0,195,5500,4300,1200,0.7818181818181819,67,43,24,195.79527535707513,0.4161567098422769,0.7519776559697733,0.13195598750511514,1087033.9009004894,-1932.7796101423928,1085101.121290347,4373,10,1695.697435897436,84,111,41,33.64734327844757,0.6434771825396826,38.7622549019608,8322.181011725846,99.07358347292674,0
4376,32.02071470402854,0,0,195,0.0,0.0,1.0,195,6200,4700,1500,0.7580645161290323,77,47,30,196.02863446611926,0.41596946867565426,0.753049341097149,0.13298158716485411,1094475.3944599095,-2290.296593451292,1092185.0978664581,4374,11,1696.697435897436,85,110,42,33.41633466135459,0.6453431372549019,38.54166666666667,8372.082698657476,98.49509057244089,0
4377,31.85388861578386,0,0,195,0.0,0.0,1.0,195,5000,3300,1700,0.66,67,33,34,216.90424755724663,0.4156919111816019,0.7724544850921036,0.14833674363697597,1091027.778771528,3329.711883698502,1094357.4906552266,4375,12,1697.697435897436,76,119,39,32.59409296876346,0.6517269736842105,38.271103896103895,8337.08310402557,109.6984618950733,8
4378,31.93168345923728,0,0,195,0.0,0.0,1.0,195,7050,5300,1750,0.75177304964539,88,53,35,212.99255670693057,0.41576680764825097,0.768643641123754,0.14638263533955237,1095068.0957992482,598.270698494427,1095666.3664977427,4376,13,1698.697435897436,78,117,40,32.528404323163166,0.6525106837606838,38.10654008438819,8362.69906206978,107.21409053935615,0
4379,31.63807660504612,0,1,194,0.0,0.005128205128205128,0.9948717948717949,195,5400,3500,1900,0.6481481481481481,73,35,38,212.44303562323853,0.41586152965018947,0.7693327216190036,0.14638198208012201,1085709.38093616,1730.2793381410647,1087439.660274301,4377,14,1699.697435897436,79,116,42,32.45526838966202,0.6529535864978904,38.020833333333336,8288.516943926152,104.91793599906521,0
4380,31.423911846546606,0,0,194,0.0,0.0,1.0,194,4900,3500,1400,0.7142857142857143,63,35,28,210.54462655192495,0.41523612075565763,0.7663870175635614,0.1454964036792707,1079154.1542443403,1742.0216794667422,1080896.175923807,4378,15,1707.2938144329896,80,114,35,32.40652141910789,0.653515625,37.924382716049394,8235.44109466018,102.94301368325225,0
4381,31.0534906703016,0,0,194,0.0,0.0,1.0,194,5950,4400,1550,0.7394957983193278,75,44,31,206.60352308561508,0.4151326273525275,0.7629356367769045,0.14349656140197106,1067794.233045377,-627.9899044645272,1067166.2431409126,4379,16,1708.2938144329896,80,114,38,32.339173041715746,0.6552083333333334,37.75720164609054,8143.554292036928,101.7944286504616,0
4382,30.97613728887442,1,0,195,0.005128205128205128,0.0,1.0,195,5250,3700,1550,0.7047619047619048,68,37,31,202.94230632263083,0.41523372103269013,0.7607259908011788,0.1416890644045162,1066527.3115033673,-961.2975294861571,1065566.013973881,4380,0,1700.5282051282052,84,111,42,32.26028969940381,0.6553819444444444,37.585784313725505,8128.578771650378,96.76879490059974,0
4383,30.569834190451072,0,0,195,0.0,0.0,1.0,195,6000,4700,1300,0.7833333333333333,73,47,26,200.67835943313003,0.4152612564983699,0.7585105012240696,0.14077270445578124,1053783.6549072936,-2705.6849871515624,1051077.969920142,4381,1,1701.5282051282052,74,121,42,32.1613550207176,0.6611768018018018,37.430555555555536,8026.704380145478,108.46897811007403,0
4384,30.911216321340397,0,2,193,0.0,0.010256410256410256,0.9897435897435898,195,5850,4500,1350,0.7692307692307693,72,45,27,199.3557692655316,0.4148206890474932,0.7573495601924309,0.14030050640916292,1066415.4871204759,-2330.7840416844856,1064084.7030787913,4382,2,1702.5282051282052,76,119,43,32.08753926971209,0.6613212719298245,37.32413419913418,8119.630510165893,106.83724355481438,0
4385,31.27606110550457,0,0,193,0.0,0.0,1.0,193,5450,4200,1250,0.7706422018348624,67,42,25,177.300764870935,0.414264896373057,0.7221890704338947,0.11845778263633133,1064817.0073269259,-6291.42603067149,1058525.5812962544,4383,3,1715.8290155440413,86,107,49,34.429965433911455,0.6397771317829457,39.05651340996166,8161.284431673383,94.89865618224863,8
4386,31.083993606787097,0,0,193,0.0,0.0,1.0,193,5350,3600,1750,0.6728971962616822,71,36,35,178.84209375061056,0.41391295156879676,0.7227677446283369,0.12009369089938177,1059670.0170196316,-6047.279094293047,1053622.7379253386,4384,4,1716.8290155440413,87,106,37,34.215106834700876,0.6411637931034483,38.88494318181816,8116.498756772152,93.2930891583006,0
4387,31.42429655536282,0,0,193,0.0,0.0,1.0,193,5850,3900,1950,0.6666666666666666,78,39,39,179.8373447155103,0.41412771660909614,0.7265966534811601,0.12119473230827812,1072263.3699474966,-5883.40054258769,1066379.9694049088,4385,5,1717.8290155440413,88,105,40,34.06604689366786,0.6420454545454546,38.76404494382021,8209.156122608789,93.28586502964532,0
4388,31.69820346212838,2,0,195,0.010256410256410256,0.0,1.0,195,5150,3800,1350,0.7378640776699029,65,38,27,179.17244648908593,0.414687417393603,0.728852443527451,0.12138478167224274,1083080.6024494208,-5338.359742852929,1077742.242706568,4386,0,1701.2,92,103,42,33.902659354156825,0.6425498188405797,38.58646953405017,8286.33927646294,90.068905178945,0
4389,31.779896915897158,0,0,195,0.0,0.0,1.0,195,5350,3700,1650,0.6915887850467289,70,37,33,193.90560040967156,0.41478874790730463,0.7534358477319449,0.12239957370613656,1065694.646444453,-3021.167945562811,1062673.47849889,4387,1,1702.2,82,113,39,36.00496728858735,0.6213160569105691,41.02660642570284,8230.147751751298,100.36765550916216,8
4390,31.411757117787953,0,1,194,0.0,0.005128205128205128,0.9948717948717949,195,5050,3600,1450,0.7128712871287128,65,36,29,192.45935365904023,0.4146290422063618,0.7514018333003587,0.12165957073599175,1053759.191198244,-3488.837429942359,1050270.3537683017,4388,2,1703.2,85,110,40,35.99110552568,0.6207107843137255,40.9762596899225,8136.39081836119,95.72224492189636,0
4391,31.445796132968198,0,0,194,0.0,0.0,1.0,194,5450,3800,1650,0.6972477064220184,71,38,33,193.08867207416495,0.4147870929259477,0.7515422965129022,0.12246709837073559,1055865.833987892,-3474.8536453590964,1052390.9803425327,4389,3,1707.020618556701,84,110,40,35.85410164254866,0.6222718253968254,40.85784313725493,8148.931434163624,97.0110885019479,0
4392,31.007415394856476,0,0,194,0.0,0.0,1.0,194,4950,3500,1450,0.7070707070707071,64,35,29,191.6300893043814,0.41488224008688995,0.7488937829300069,0.12184394448284043,1041849.3439625595,-3820.063434948322,1038029.2805276111,4390,4,1708.020618556701,85,109,41,35.80272871694237,0.6227941176470588,40.77034883720933,8038.041476268472,94.56519383845261,0
4393,31.081768661145254,2,1,195,0.01020408163265306,0.00510204081632653,0.9948979591836735,196,6400,4900,1500,0.765625,79,49,30,192.21715986110638,0.41662796528867957,0.7526314753603065,0.12319752013416638,1046609.9644488972,-5364.721030259979,1041245.2434186372,4391,0,1691.5816326530612,76,120,40,35.50148569045511,0.6292489035087719,40.48971861471861,8066.038531206014,106.13208593692124,0
4394,30.85888071765568,0,0,195,0.0,0.0,1.0,195,5350,3900,1450,0.7289719626168224,68,39,29,194.0930859303972,0.41609503039915413,0.7542992859263424,0.12490460941638477,1040239.1138970264,-3969.3560556449443,1036269.7578413815,4392,1,1700.7333333333333,78,117,43,35.30843743652244,0.6298076923076923,40.34810126582278,8012.56697115077,102.72521757885602,0
4395,30.536962028708277,0,1,194,0.0,0.005128205128205128,0.9948717948717949,195,5150,3800,1350,0.7378640776699029,65,38,27,192.52438932983767,0.4163175169618469,0.753277763603986,0.12437432647432164,1030455.085335395,-4472.452792795597,1025982.6325425993,4393,2,1701.7333333333333,80,115,42,35.21195320363678,0.6303385416666667,40.213477366255134,7933.091177236801,99.16363971546001,0
4396,30.218340003114864,0,0,194,0.0,0.0,1.0,194,5800,4500,1300,0.7758620689655172,71,45,26,193.61848021504116,0.41634171963748373,0.7540726876303594,0.1255428530135723,1020709.49480417,-5074.3557749909,1015635.1390291791,4394,3,1689.1443298969073,82,112,46,35.05291324641878,0.6308434959349594,40.085341365461844,7854.189526412,95.78279910258537,0
4397,29.893407296826563,1,1,194,0.005128205128205128,0.005128205128205128,0.9948717948717949,195,5600,4000,1600,0.7142857142857143,72,40,32,193.36906316139297,0.4161666226099216,0.7538843338673704,0.12595697539628867,1010968.7390532902,-5501.984408762039,1005466.7546445281,4395,0,1681.4769230769232,84,111,36,34.89745311469233,0.6316964285714286,39.9264705882353,7774.483941829091,92.55338025987014,0
4398,30.486029325025278,0,1,193,0.0,0.005154639175257732,0.9948453608247423,194,5700,3800,1900,0.6666666666666666,76,38,38,194.51082881745168,0.4160701885583035,0.7538538826302044,0.12716935414743832,1032022.7922271461,-4352.078265079545,1027670.7139620666,4396,1,1689.5824742268042,86,108,36,34.73765645131602,0.6322674418604651,39.79885057471264,7932.499871784579,92.23837060214628,0
4399,30.34505766030794,0,0,193,0.0,0.0,1.0,193,5300,3800,1500,0.7169811320754716,68,38,30,196.2455615321703,0.41584133923431205,0.753533560247545,0.12846653732893498,1027596.5505495615,-3567.7475817758404,1024028.8029677856,4397,2,1697.103626943005,90,103,36,34.64784473279081,0.6313657407407407,39.75503663003664,7897.148419266304,87.74609354740338,0
4400,30.10740065660713,0,0,193,0.0,0.0,1.0,193,5750,4000,1750,0.6956521739130435,75,40,35,197.20495506753844,0.41561420552677025,0.7574400058394064,0.12969736235625776,1020805.6192586712,-4088.4147442804806,1016717.2045143907,4398,3,1698.103626943005,91,102,35,34.45933337681354,0.6326694139194139,39.59465579710146,7840.128031038379,86.15525308833384,0
4401,29.942629851543707,0,1,192,0.0,0.0051813471502590676,0.9948186528497409,193,5650,4100,1550,0.7256637168141593,72,41,31,199.15220220389367,0.41559733916234887,0.7565331666465829,0.13174684145796065,1016784.6206704206,-3751.0207252869454,1013033.5999451337,4399,4,1699.103626943005,76,117,41,34.203912306201545,0.6403508771929824,39.3939393939394,7803.2308097962505,102.67408960258224,0
4402,30.15393278054377,0,1,191,0.0,0.005208333333333333,0.9947916666666666,192,5400,3900,1500,0.7222222222222222,69,39,30,198.65862222808187,0.41555205606457246,0.756306340913748,0.13192554218983238,1024990.6250953851,-3075.3549243700545,1021915.270171015,4400,5,1705.4791666666667,77,115,40,34.083051628764615,0.6412337662337662,39.26282051282052,7862.251383644994,102.10716082655837,0
4403,30.730518091525116,0,1,190,0.0,0.005235602094240838,0.9947643979057592,191,5350,3700,1650,0.6915887850467289,70,37,33,200.09818787745303,0.41505694865435844,0.7556076136536469,0.1333588521602432,1045569.2092635675,-1706.699185179586,1043862.5100783879,4401,6,1715.0104712041884,79,112,43,33.920876177165496,0.6416139240506329,39.140625000000014,8016.34374278147,101.47270560482873,0
4404,30.370984286830303,0,0,190,0.0,0.0,1.0,190,6100,4000,2100,0.6557377049180327,82,40,42,198.45620370004636,0.4145769516383551,0.7523915489436184,0.1329568137455758,1034741.8956381008,-3029.8103164544445,1031712.0853216464,4402,7,1724.2842105263157,83,107,38,33.782858273950936,0.6418172690763052,38.963293650793666,7927.941706817715,95.51736996165923,0
4405,30.876054459026147,0,1,189,0.0,0.005263157894736842,0.9947368421052631,190,5800,4200,1600,0.7241379310344828,74,42,32,199.3646540014644,0.41416388192703985,0.7523987634059757,0.1341091989600099,1053058.4803560667,-1811.4720841007725,1051247.008271966,4403,8,1725.2842105263157,87,103,38,33.61886632825722,0.6417624521072797,38.825757575757585,8064.030132385833,92.69000152167624,0
4406,30.608012691987682,0,0,189,0.0,0.0,1.0,189,5550,4300,1250,0.7747747747747747,68,43,25,201.00862630208377,0.4140070921985815,0.753632054673721,0.12968298471102138,1032484.8268506523,-1842.3286554013348,1030642.498195251,4404,9,1730.6666666666667,76,113,42,35.038736979166636,0.631578947368421,40.25974025974025,7950.133166750022,104.60701535197397,8
4407,30.48363812864237,0,0,189,0.0,0.0,1.0,189,5000,3000,2000,0.6,70,30,40,204.30486546859265,0.41350988780066794,0.7568129208754213,0.13247557592489734,1029678.2379730868,-726.3452229943414,1028951.8927500924,4405,10,1731.6666666666667,78,111,48,34.77418577516232,0.6324786324786325,40.08438818565399,7923.173454533167,101.57914685298933,0
4408,30.9443563914391,0,0,189,0.0,0.0,1.0,189,5350,4300,1050,0.8037383177570093,64,43,21,220.9226880249557,0.41346767233292053,0.7772139244844027,0.1366563732532015,1031890.7312190871,2443.6148177911527,1034334.3460368783,4406,11,1732.6666666666667,87,102,36,36.0441876365525,0.6121886973180077,41.74952651515149,7991.394689772973,91.85511137670083,8
4409,31.03179946783154,0,0,189,0.0,0.0,1.0,189,6300,4900,1400,0.7777777777777778,77,49,28,224.0996737791132,0.4134887800667943,0.7802993780853555,0.13934047841931066,1036294.2680167346,2346.6414803429,1038640.9094970776,4407,12,1733.6666666666667,70,119,35,35.77242407039456,0.6212797619047619,41.563967136150225,8019.73514709289,114.56764495846986,0
4410,31.420272089231716,1,0,190,0.005263157894736842,0.0,1.0,190,5000,3100,1900,0.62,69,31,38,227.29207363987967,0.4136974380395433,0.7852056782883854,0.14239133707985513,1051446.955363855,4797.1117613976,1056244.0671252527,4408,0,1725.536842105263,72,118,37,35.41551755837469,0.622974537037037,41.29566210045661,8128.560687468171,112.89667621483571,0
4411,31.91599775126751,0,0,190,0.0,0.0,1.0,190,5100,2900,2200,0.5686274509803921,73,29,44,224.9885515519244,0.4136440638633621,0.783651306963411,0.14140511494671537,1068986.5266394585,5001.946051426915,1073988.4726908854,4409,1,1726.536842105263,74,116,37,35.35741436365265,0.623170045045045,41.18055555555556,8260.480806873196,111.62811901179995,0
4412,32.12131919919622,1,0,191,0.005235602094240838,0.0,1.0,191,6000,4600,1400,0.7666666666666667,74,46,28,223.28101334481562,0.41438986865068433,0.7834742551625058,0.14099930614770456,1077262.8939083542,3906.470118125226,1081169.3640264794,4410,0,1718.4921465968587,77,114,34,35.22958240946044,0.6235119047619048,41.012286324786324,8319.027019631574,108.0393119432672,0
4413,32.59919005301306,0,0,191,0.0,0.0,1.0,191,6400,4500,1900,0.703125,83,45,38,220.19112663566298,0.41416827408836226,0.7809459625173283,0.1397132110819235,1094713.866841402,3609.2559366984715,1098323.1227781004,4411,1,1719.4921465968587,80,111,35,35.13722790128356,0.6239583333333334,40.84362139917696,8448.288039458856,105.60360049323569,0
4414,32.583830527683865,0,0,191,0.0,0.0,1.0,191,5800,4200,1600,0.7241379310344828,74,42,32,221.53887701559148,0.41396505005970424,0.7826582794860426,0.14099583871430632,1095101.9262671983,4521.530192569114,1099623.4564597674,4412,2,1720.4921465968587,83,108,37,34.992915052374826,0.6238704819277108,40.73660714285714,8447.79445488945,101.78065608300543,0
4415,32.393043116020785,0,0,191,0.0,0.0,1.0,191,5050,3700,1350,0.7326732673267327,64,37,27,224.19770512660705,0.41399490217690826,0.7840116671066453,0.1433237474687258,1090002.433716083,5625.20884431263,1095627.6425603956,4413,3,1721.4921465968587,69,122,37,34.76422828352357,0.6317934782608696,40.58035714285715,8403.391676214167,121.78828516252416,0
4416,32.51962960171266,0,0,191,0.0,0.0,1.0,191,5250,4000,1250,0.7619047619047619,65,40,25,222.85290773730836,0.41416368145494625,0.7853194420963403,0.1354473591886256,1079085.8279687592,4645.482892191738,1083731.310860951,4414,4,1722.4921465968587,70,121,41,36.64455075270042,0.6129464285714286,42.38556338028169,8377.526058927117,119.6789436989588,8
4417,32.519241669003335,0,0,191,0.0,0.0,1.0,191,5750,4300,1450,0.7478260869565218,72,43,29,226.22258323616146,0.4138858271332782,0.7888064249400133,0.13813687416387652,1080490.2794086046,4936.260433875223,1085426.5398424799,4415,5,1723.4921465968587,71,120,42,36.38478879036181,0.614143192488263,42.216435185185176,8382.92604251013,118.06938088042436,0
4418,32.59349741425878,1,0,192,0.005208333333333333,0.0,1.0,192,6050,4500,1550,0.743801652892562,76,45,31,225.22861016821574,0.4146919538976149,0.7882096487317973,0.13823251906333134,1084508.3244910685,4402.460528196714,1088910.7850192653,4416,0,1715.5104166666667,76,116,34,36.221747338612374,0.6136239035087719,42.0319264069264,8408.081739617157,110.6326544686468,0
4419,32.88105619804371,1,1,192,0.0051813471502590676,0.0051813471502590676,0.9948186528497409,193,5650,4100,1550,0.7256637168141593,72,41,31,226.84776632051404,0.41565243595279217,0.7911525454227901,0.14002771956354568,1095833.291033158,5467.4668661059695,1101300.757899264,4417,0,1707.6165803108809,78,115,37,35.96824991487911,0.6148504273504274,41.824894514767934,8489.070152395783,108.83423272302286,0
4420,32.861807902033426,0,0,192,0.0,0.0,1.0,192,5200,3600,1600,0.6923076923076923,68,36,32,225.02601456815708,0.4153526532504363,0.7892305107526869,0.13951612903225807,1096534.6317310522,5749.7636028803745,1102284.3953339325,4418,1,1713.3489583333333,79,113,40,35.85349462365595,0.6160337552742616,41.666666666666686,8489.300374692017,107.459498413823,0
4421,33.08745092273033,0,0,192,0.0,0.0,1.0,192,5900,4200,1700,0.711864406779661,76,42,34,219.86188722847555,0.41530550101803376,0.7840835303216005,0.13752806549417623,1106775.39760594,4367.545531137863,1111142.9431370778,4419,2,1714.3489583333333,68,124,40,35.66290200198447,0.6245404411764706,41.349637681159436,8558.081169371093,125.85413484369255,0
4422,32.85546310955679,0,0,192,0.0,0.0,1.0,192,5200,3400,1800,0.6538461538461539,70,34,36,214.9399209441402,0.415093600021815,0.778817176077149,0.13507807934993984,1100427.071679195,3705.14155830384,1104132.2132374987,4420,3,1715.3489583333333,68,124,41,35.620576683776626,0.6262254901960784,41.18357487922707,8503.533507702972,125.05196334857312,0
4423,32.66988467149515,0,1,191,0.0,0.005208333333333333,0.9947916666666666,192,5850,4100,1750,0.7008547008547008,76,41,35,210.05907372400745,0.4149850930773706,0.7741677989130435,0.13272963449593886,1095840.4978809645,1788.2479868261498,1097628.7458677907,4421,4,1716.3489583333333,73,119,38,35.550271739130444,0.6255707762557078,40.990990990990994,8461.79445320258,115.91499250962437,0
4424,32.574502122214746,0,0,191,0.0,0.0,1.0,191,5150,3900,1250,0.7572815533980582,64,39,25,209.02460877360176,0.4150741710296684,0.7725139279073141,0.1326560521244672,1093947.9061321097,2382.406619593162,1096330.312751703,4422,5,1724.261780104712,73,118,40,35.418986384951,0.627140410958904,40.83614864864866,8442.13342584597,115.64566336775302,0
4425,32.42514487741486,0,1,190,0.0,0.005235602094240838,0.9947643979057592,191,5550,4000,1550,0.7207207207207207,71,40,31,217.99348512812853,0.41502709653715436,0.7804218949191415,0.13264046383588113,1076286.6967286426,3174.69760338349,1079461.3943320261,4423,6,1725.261780104712,65,126,38,36.72862429811129,0.6161858974358974,42.34532828282828,8354.490058772042,128.53061628880064,8
4426,32.620506028100294,1,0,191,0.005235602094240838,0.0,1.0,191,4450,3000,1450,0.6741573033707865,59,30,29,216.19104992838083,0.41498920731147243,0.7786960479959746,0.13228440361484628,1084484.7602871824,4241.179791562691,1088725.9400787451,4424,0,1726.2251308900525,67,124,41,36.566875086635356,0.617070895522388,42.141544117647044,8411.473314506893,125.5443778284611,0
4427,32.59186599131787,0,1,190,0.0,0.005235602094240838,0.9947643979057592,191,6050,4600,1450,0.7603305785123967,75,46,29,216.37948947001556,0.41489161385138235,0.7789538733574843,0.1332136185340254,1085394.9054433273,2721.4391026366966,1088116.344545964,4425,1,1727.2251308900525,73,118,37,36.33572415548524,0.6161529680365296,41.92004504504506,8411.307306937273,115.22338776626401,0
4428,32.144150097435734,1,0,191,0.005235602094240838,0.0,1.0,191,4700,3600,1100,0.7659574468085106,58,36,22,215.76100650216276,0.4153416919261505,0.7784371334543614,0.13341493677411367,1071791.2327275758,3350.151026699039,1075141.3837542748,4426,0,1706.6596858638743,75,116,38,36.1908537232631,0.6168055555555556,41.7626096491228,8300.821436208686,110.67761914944914,0
4429,31.8293947034205,1,0,192,0.005208333333333333,0.0,1.0,192,4950,3700,1250,0.7474747474747475,62,37,25,214.10256545816156,0.4157253263161722,0.7782951217555254,0.1328587166834849,1062340.7038135552,2139.9740154221836,1064480.6778289774,4427,0,1698.765625,66,126,39,36.10392345649295,0.622790404040404,41.63557213930348,8223.583351701513,124.59974775305322,0
4430,31.82001372076721,0,2,190,0.0,0.010416666666666666,0.9895833333333334,192,5150,3700,1450,0.7184466019417476,66,37,29,208.52552705148773,0.41581394978912156,0.7721629228304465,0.12998614931702526,1063362.7925255813,797.6573516676635,1064160.449877249,4428,1,1699.765625,69,123,38,36.082270860914456,0.6227355072463768,41.473214285714285,8226.325868614409,119.22211403788998,0
4431,31.355581864502444,4,0,194,0.020618556701030927,0.0,1.0,194,5550,3900,1650,0.7027027027027027,72,39,33,202.19677428851077,0.41814005662090703,0.7672960880503967,0.12713019857087368,1050328.8130700544,-1875.380410990872,1048453.4326590635,4429,0,1682.2422680412371,74,120,44,35.93314015883232,0.6233108108108107,41.16666666666667,8115.869772595398,109.67391584588376,0
4432,31.490856016203946,0,0,194,0.0,0.0,1.0,194,5700,4100,1600,0.7192982456140351,73,41,32,200.87144441234537,0.4180109680750672,0.7658419811170256,0.12660908856523276,1055574.3322489655,-2093.0518393105517,1053481.280409655,4430,1,1683.2422680412371,77,117,45,35.87807750498591,0.6228354978354979,41.07905982905984,8153.6420465032525,105.89145514939288,0
4433,31.283602652531172,0,2,192,0.0,0.010309278350515464,0.9896907216494846,194,4850,3300,1550,0.6804123711340206,64,33,31,201.73232353344426,0.41758753538806687,0.767407861415089,0.1275992668428218,1049635.2232807803,-1300.9295090045466,1048334.2937717757,4431,2,1684.2422680412371,78,116,40,35.72885914011333,0.6236645299145299,40.95464135021097,8103.872068982427,103.89579575618495,0
4434,31.37646095228904,0,2,190,0.0,0.010416666666666666,0.9895833333333334,192,5800,4100,1700,0.7068965517241379,75,41,34,205.07796917104156,0.41727112420011636,0.76834052650726,0.13040888651576837,1054280.9004579105,-958.0427996548997,1053322.8576582556,4432,3,1700.1666666666667,80,112,42,35.450152131494534,0.6247395833333333,40.766460905349795,8133.831016926989,101.67288771158736,0
4435,30.931626675700823,0,0,190,0.0,0.0,1.0,190,4550,3300,1250,0.7252747252747253,58,33,25,210.02503882470896,0.4158022370741669,0.7712322466555128,0.13364680562603953,1039528.6635275711,1115.409583355096,1040644.0731109262,4433,4,1719.0315789473684,79,111,42,35.29712428640789,0.6253955696202531,40.7421875,8019.265869008836,101.50969454441564,0
4436,30.666889676396515,2,0,192,0.010416666666666666,0.0,1.0,192,5900,4300,1600,0.7288135593220338,75,43,32,206.27692345429918,0.41737906304537525,0.7705621342401185,0.13205046319634775,1032305.6231006732,-1711.8344004441378,1030593.788700229,4434,0,1702.1145833333333,66,126,42,35.17948449078233,0.6339962121212122,40.53171641791043,7957.0852271358735,120.56189738084657,0
4437,30.39436687198971,1,0,193,0.0051813471502590676,0.0,1.0,193,4750,3600,1150,0.7578947368421053,59,36,23,203.29955045160648,0.4180171002446747,0.7670518989417865,0.13065928127878249,1024222.1596428922,-1705.2190764055608,1022516.9405664867,4435,0,1694.2901554404145,71,122,44,35.11573042056769,0.6326291079812207,40.3935185185185,7890.574640494505,111.1348540914719,0
4438,30.82593112494584,0,0,193,0.0,0.0,1.0,193,5350,3500,1850,0.6542056074766355,72,35,37,202.30767987896738,0.41833756116868165,0.7661934650434592,0.13041847287795016,1039616.2123403361,-1885.5312233734926,1037730.6811169626,4436,1,1695.2901554404145,73,120,43,35.03297199638662,0.6327054794520548,40.28716216216215,8005.890051453383,109.66972673223813,0
4439,30.721995170343366,1,0,194,0.005154639175257732,0.0,1.0,194,5850,4200,1650,0.717948717948718,75,42,33,199.56153439678218,0.41853900699748947,0.7640599968514117,0.12935078607349382,1037624.1906163205,-3236.0248786778743,1034388.1657376426,4437,0,1687.5463917525774,78,116,43,34.910921143862105,0.6323450854700854,40.097573839662424,7984.721081258356,102.36821899049174,0
4440,30.373852556460687,0,2,192,0.0,0.010309278350515464,0.9896907216494846,194,5250,3700,1550,0.7047619047619048,68,37,31,216.95282844200221,0.41857016630165766,0.7735384036302051,0.1384745525918005,1021623.5057343814,278.8218343814824,1021902.3275687628,4438,1,1688.5463917525774,98,96,38,35.0085361730899,0.6201105442176871,40.635521885521875,7877.8984166325035,80.38671853706636,8
4441,30.070651961721968,0,1,191,0.0,0.005208333333333333,0.9947916666666666,192,3700,2500,1200,0.6756756756756757,49,25,24,213.48957809984748,0.4171069435354857,0.7662200309616858,0.13652077471164156,1011940.7846837703,1107.7622368333523,1013048.5469206036,4439,2,1707.0989583333333,74,118,38,35.030872459268,0.6293637387387387,40.56944444444444,7801.245944347284,105.42224249117952,0
4442,29.826422472832924,0,0,191,0.0,0.0,1.0,191,5100,3200,1900,0.6274509803921569,70,32,38,209.47147798279497,0.41660236979884263,0.7597614712129641,0.13454698163286433,1004924.890849469,-1199.3795704125232,1003725.5112790564,4440,3,1716.7853403141362,78,113,37,34.97644384619292,0.6291399572649572,40.414029535864984,7742.5208230836315,99.26308747543118,0
4443,29.762119653924284,0,0,191,0.0,0.0,1.0,191,4900,3800,1100,0.7755102040816326,60,38,22,207.37485598111084,0.41617295857444664,0.7570845537190787,0.13375351121103488,1003876.770288931,-1464.2398677098963,1002412.530421221,4441,4,1717.7853403141362,81,110,40,34.88314747790928,0.6293724279835391,40.26930894308944,7730.135905032245,95.43377660533636,0
4444,30.31820212135731,0,0,191,0.0,0.0,1.0,191,5850,4200,1650,0.717948717948718,75,42,33,210.11867319771196,0.4161499954073666,0.7597126010699318,0.13614380392618064,1023885.9970777768,-1022.4865576600732,1022863.5105201168,4442,5,1718.7853403141362,84,107,41,34.6495260998727,0.6298363095238095,40.11029411764707,7879.38863220131,93.80224562144417,0
4445,30.810900066332096,1,0,192,0.005208333333333333,0.0,1.0,192,5050,3600,1450,0.7128712871287128,65,36,29,206.98388515700438,0.4165575916230366,0.7578553910539099,0.13488551014542402,1042121.1183220466,-309.5444251080198,1041811.5738969386,4443,0,1710.828125,88,104,34,34.527626526265244,0.6304450757575757,39.91104868913858,8013.574687196081,91.06334871813728,0
4446,31.14174107188709,1,0,193,0.0051813471502590676,0.0,1.0,193,5250,3700,1550,0.7047619047619048,68,37,31,206.3238957170028,0.41713217832469773,0.7579076897551749,0.13505655881213396,1054559.7531206487,-333.82469395739736,1054225.9284266913,4444,0,1702.958549222798,89,104,37,34.38750833889262,0.6316713483146068,39.75694444444444,8104.421851867827,91.06091968390817,0
4447,31.161557980370542,0,0,193,0.0,0.0,1.0,193,6200,4000,2200,0.6451612903225806,84,40,44,205.0729248699394,0.41726486039147953,0.7575611148587775,0.13460241068735995,1055989.0607097917,-1489.0469379166861,1054500.013771875,4445,1,1703.958549222798,90,103,38,34.32466399917924,0.6322916666666667,39.66346153846153,8112.4921376781795,90.13880152975754,0
4448,30.807041769291175,0,0,193,0.0,0.0,1.0,193,5300,3700,1600,0.6981132075471698,69,37,32,195.25094761509015,0.4172873488773748,0.7561713156021392,0.11821698387380397,1021148.7162108179,-4023.949100781003,1017124.7671100369,4446,2,1704.958549222798,73,120,41,37.498120660434076,0.6100171232876712,42.52533783783784,7932.032671763873,108.65798180498456,8
4449,31.353443408500475,1,1,193,0.005154639175257732,0.005154639175257732,0.9948453608247423,194,5200,3500,1700,0.6730769230769231,69,35,34,194.37786517145926,0.4178145531755782,0.7565119351852594,0.11846321717418624,1041189.9072152674,-3523.145719485541,1037666.7614957818,4447,0,1697.1649484536083,78,116,41,37.277010318069394,0.610176282051282,42.286392405063275,8080.209011328307,103.59242322215778,0
4450,31.303507240481103,0,0,193,0.0,0.0,1.0,193,5050,3200,1850,0.6336633663366337,69,32,37,195.06939817488043,0.41762355174150834,0.7561529336314561,0.11903365330930622,1039898.5027298807,-3079.5249819046758,1036818.9777479761,4448,1,1706.6891191709844,77,116,43,37.212827919106076,0.6110660173160174,42.24091880341879,8068.763264536913,104.7891333056742,0
4451,31.367065199622683,0,0,193,0.0,0.0,1.0,193,5700,3800,1900,0.6666666666666666,76,38,38,194.1758413166331,0.41730983736327,0.7555056064551537,0.11891919335551131,1043073.7122231257,-3792.056874762172,1039281.6553483636,4449,2,1707.6891191709844,79,114,45,37.101762092295246,0.6115506329113924,42.109375,8089.272048746446,102.39584871830944,0
4452,31.771419995693147,1,0,194,0.005154639175257732,0.0,1.0,194,5600,4100,1500,0.7321428571428571,71,41,30,193.80136907405813,0.41790747467193706,0.7562830594382697,0.11917329054462056,1057724.2328434594,-3402.319114426037,1054321.9137290332,4450,0,1699.881443298969,80,114,40,36.96164548550547,0.6126302083333333,41.962448559670776,8198.219421470958,102.47774276838697,0
4453,31.8037266226877,0,1,193,0.0,0.005154639175257732,0.9948453608247423,194,5050,3500,1550,0.693069306930693,66,35,31,192.59986989332788,0.41802599131100543,0.7548288992590828,0.11879559975020415,1059700.8001575267,-3030.3527527611236,1056670.4474047655,4451,1,1700.881443298969,83,111,41,36.880764519383185,0.6125753012048193,41.852678571428555,8210.046839093333,98.9162269770281,0
4454,31.78191416090436,2,0,195,0.010256410256410256,0.0,1.0,195,5300,3200,2100,0.6037735849056604,74,32,42,190.87628984842112,0.41916137985725616,0.7541290279040176,0.11839103535336118,1060619.4643871372,-3810.578339352537,1056808.8860477847,4452,0,1680.9333333333334,71,124,45,36.720952100950136,0.6198650234741784,41.65219907407409,8210.78763268622,115.64489623501719,0
4455,31.99200349696772,0,0,195,0.0,0.0,1.0,195,5250,3800,1450,0.7238095238095238,67,38,29,192.21439620855634,0.419424618909155,0.7554226238101414,0.11968914742549168,1068791.0437053137,-3162.594972213691,1065628.4487331,4453,1,1681.9333333333334,73,122,42,36.54330946286919,0.620291095890411,41.51182432432436,8269.5546201411,113.28157013891918,0
4456,31.596078753212012,3,1,197,0.015151515151515152,0.005050505050505051,0.9949494949494949,198,5800,4300,1500,0.7413793103448276,73,43,30,199.51037665090362,0.4213662641644875,0.7718617047562424,0.123115226824073,1052918.521063367,-3386.3658559870955,1049532.1552073797,4454,0,1657.4343434343434,79,119,42,36.68529656528975,0.6143196202531646,41.8359375,8156.97204999915,103.25281075948291,8
4457,31.623466385507655,1,0,198,0.005050505050505051,0.0,1.0,198,5350,3900,1450,0.7289719626168224,68,39,29,199.82614222924033,0.42083749935907294,0.7731438042272851,0.1238494010347308,1055112.2786547497,-2782.196747543694,1052330.081907206,4455,0,1658.419191919192,83,115,44,36.51713991967097,0.6143323293172691,41.679067460317455,8169.003326841632,98.42172682941725,0
4458,31.833014165032715,0,0,198,0.0,0.0,1.0,198,6550,4500,2050,0.6870229007633588,86,45,41,200.033812163157,0.4206831427643611,0.7729407308287175,0.12429425451792653,1062854.83698226,-3628.6190364776016,1059226.2179457825,4456,1,1659.419191919192,65,133,42,36.41863382805027,0.6238782051282051,41.58775252525252,8226.040734281562,126.55447283510095,0
4459,31.5212616752409,0,0,198,0.0,0.0,1.0,198,5800,4100,1700,0.7068965517241379,75,41,34,199.99375852580152,0.4204759096891077,0.7730354675375108,0.12479462662317928,1053675.1349490418,-3254.309899272142,1050420.8250497696,4457,2,1660.419191919192,67,131,44,36.265786381499694,0.6242226368159204,41.436887254901954,8150.235536403038,121.64530651347818,0
4460,31.837734438351564,3,0,201,0.014925373134328358,0.0,1.0,201,5000,3600,1400,0.72,64,36,28,194.72994087692967,0.4219776119402985,0.77021883135029,0.12260453073151681,1066883.3647697126,-3649.1730911628583,1063234.1916785496,4458,0,1636.6218905472638,73,128,45,36.076466296920586,0.6242865296803652,41.11768018018017,8242.226549207806,112.90721300284666,0
4461,31.9097202493819,0,2,199,0.0,0.009950248756218905,0.9900497512437811,201,6100,4500,1600,0.7377049180327869,77,45,32,194.36156971094746,0.4217568407960199,0.7694660655677978,0.12278333169296773,1070276.8017622028,-4695.864156857215,1065580.9376053456,4459,1,1637.6218905472638,77,124,40,35.96494620329307,0.6236471861471862,40.99893162393162,8264.651636171367,107.33313813209568,0
4462,32.21992814833251,4,0,203,0.019704433497536946,0.0,1.0,203,5900,4100,1800,0.6949152542372882,77,41,36,184.3354399203144,0.42363414297094737,0.7578696379851897,0.11853396554628207,1085894.3938828679,-6466.235839319892,1079428.158043548,4460,0,1604.2857142857142,74,129,46,35.58919114106884,0.6313344594594594,40.37499999999998,8365.098845510778,113.04187629068619,8
4463,31.84946578383953,1,0,204,0.004901960784313725,0.0,1.0,204,5250,3600,1650,0.6857142857142857,69,36,33,185.1425789642077,0.42423995460253067,0.7599775145971328,0.11953960327070252,1074585.981946357,-6259.675996733458,1068326.3059496237,4461,0,1597.4166666666667,76,128,46,35.42328490087838,0.6318530701754386,40.23268398268396,8273.450243253277,108.86118741122733,0
4464,31.61877419482054,0,0,204,0.0,0.0,1.0,204,6050,4100,1950,0.6776859504132231,80,41,39,188.52598594236812,0.4241056336327635,0.7641437586131856,0.12231565967940781,1068187.653177979,-6573.77390263169,1061613.8792753473,4462,1,1598.4166666666667,77,127,45,35.163635429510855,0.6331168831168832,40.06410256410254,8218.854446153622,106.73836943056652,0
4465,31.75545288023527,1,2,203,0.004878048780487805,0.00975609756097561,0.9902439024390244,205,5700,4200,1500,0.7368421052631579,72,42,30,207.36181161657848,0.42424976087996175,0.7846248141941816,0.1366076456945549,1077162.9837544293,-2027.5064564726931,1075135.4772979566,4463,0,1591.6146341463414,66,139,44,34.135677192144676,0.6440972222222222,39.536691542288544,8271.130318759015,125.32015634483355,8
4466,32.01118486224888,0,1,202,0.0,0.0049261083743842365,0.9950738916256158,203,5700,3900,1800,0.6842105263157895,75,39,36,208.49187955790467,0.42298383163439496,0.783664693860675,0.13800176789785093,1087186.1180686692,-966.1045629203613,1086220.013505749,4464,1,1608.2364532019703,69,134,45,33.94118038902213,0.6440217391304348,39.37499999999999,8342.9150547236,120.91181238729855,0
4467,31.988776341762893,0,0,202,0.0,0.0,1.0,202,5200,3800,1400,0.7307692307692307,66,38,28,211.0274487776074,0.42247713577327883,0.7851172052017961,0.14030873346427003,1087703.9849367857,307.07939328917655,1088011.064330075,4465,2,1617.1683168316831,71,131,45,33.718504392048075,0.644512910798122,39.221643518518505,8341.980520258598,117.4926833839239,0
4468,32.16031888409546,0,3,199,0.0,0.01485148514851485,0.9851485148514851,202,5650,3700,1950,0.6548672566371682,76,37,39,209.79502661324412,0.4225212633203619,0.7838675622364748,0.13985328896390756,1094281.427206241,-135.03977137769834,1094146.3874348633,4466,3,1618.1683168316831,73,129,41,33.66002050507231,0.644406392694064,39.132882882882875,8389.569672861144,114.92561195700198,0
4469,32.293207890787485,0,0,199,0.0,0.0,1.0,199,5450,4400,1050,0.8073394495412844,65,44,21,211.37096936584967,0.4206787303520972,0.7831549587350417,0.14098852363793582,1098975.283275941,1208.2941870288078,1100183.5774629698,4467,4,1643.4522613065326,72,127,42,33.5980373388758,0.6451099537037037,39.11244292237442,8424.896116827429,117.01244606704762,0
4470,32.68445667996796,0,1,198,0.0,0.005025125628140704,0.9949748743718593,199,6200,4500,1700,0.7258064516129032,79,45,34,201.72680567310528,0.4208288919344196,0.7702119873976465,0.13169265447559123,1106011.3451355437,-1377.5728615184962,1104633.7722740253,4468,5,1644.4522613065326,85,114,39,34.601879442530354,0.6321078431372549,39.849806201550386,8502.867739490688,100.03373811165515,8
4471,32.22740236438246,0,2,196,0.0,0.010101010101010102,0.98989898989899,198,6050,4600,1450,0.7603305785123967,75,46,29,199.98240064064564,0.4197297637970227,0.7670621073386206,0.13102541791676162,1091588.5005182852,-1990.3022309261596,1089598.198287359,4469,6,1653.6363636363637,87,111,40,34.52034443029532,0.6326628352490422,39.72537878787879,8387.974943040272,96.41350509241691,0
4472,32.25292762740684,0,0,196,0.0,0.0,1.0,196,5350,3800,1550,0.7102803738317757,69,38,31,203.95974563083777,0.4184153148438863,0.7687330168964117,0.13400143240707638,1093252.6350757498,45.90587205849488,1093298.5409478084,4470,7,1671.392857142857,88,108,40,34.31965297132068,0.6332859848484849,39.630149812734075,8397.689934448626,95.42829470964348,0
4473,32.130415242651786,0,0,196,0.0,0.0,1.0,196,5000,3600,1400,0.72,64,36,28,203.99620208791885,0.41827195621838476,0.7696295112513516,0.13454782471776808,1090218.068085611,280.0690674186194,1090498.1371530297,4471,8,1672.392857142857,71,125,40,34.182355881372864,0.641725352112676,39.49652777777778,8370.084734652608,117.88851738947335,0
4474,31.73638989072059,0,0,196,0.0,0.0,1.0,196,5700,4100,1600,0.7192982456140351,73,41,32,202.12916156513018,0.4184153148438863,0.7663589420210606,0.13363625138906035,1077527.3565158888,-1340.0597727904346,1076187.2967430984,4472,9,1673.392857142857,73,123,40,34.14721982137714,0.6415525114155252,39.414414414414416,8270.045744045889,113.28829786364231,0
4475,31.64615616003833,0,0,196,0.0,0.0,1.0,196,5900,4600,1300,0.7796610169491526,72,46,26,202.82543641463712,0.41855758328972614,0.7666114803727755,0.1346556884608786,1075636.9127183373,-1466.694750842023,1074170.2179674953,4473,10,1674.392857142857,76,120,40,33.98396288417304,0.6415844298245614,39.272186147186154,8251.033112451565,108.56622516383638,0
4476,31.746739651250802,1,0,197,0.005076142131979695,0.0,1.0,197,6450,4600,1850,0.7131782945736435,83,46,37,200.79359405417603,0.4187957543423461,0.765796561276727,0.13394814740242508,1080409.7520894222,-2462.1285653567447,1077947.6235240654,4474,0,1666.8883248730965,78,119,41,33.87011860237878,0.6423611111111112,39.108649789029535,8282.449772410975,106.1852534924484,0
4477,32.25894184521061,0,0,197,0.0,0.0,1.0,197,6200,4600,1600,0.7419354838709677,78,46,32,198.7127272379821,0.4187169791774578,0.7633916512768402,0.13301693641233744,1098824.986797594,-1929.898023242311,1096895.0887743516,4475,1,1667.8883248730965,80,117,44,33.805203816844056,0.6427083333333333,38.99176954732509,8419.849327294138,105.24811659117672,0
4478,32.5895727232616,0,0,197,0.0,0.0,1.0,197,4850,3300,1550,0.6804123711340206,64,33,31,197.5882956880451,0.41890582375082014,0.7615572685201801,0.13281238170745377,1111279.0367158526,-334.853820292592,1110944.18289556,4476,2,1668.8883248730965,83,114,34,33.69170148946606,0.6429467871485943,38.85168650793649,8510.711954106686,102.53869824224923,0
4479,32.45953642818075,0,0,197,0.0,0.0,1.0,197,4950,3200,1750,0.6464646464646465,67,32,35,197.42406245695818,0.4190396336199454,0.7623019783280804,0.13311158496824396,1107727.5824859547,-611.5841139995714,1107115.9983719552,4477,3,1669.8883248730965,85,112,39,33.58982606209526,0.6432598039215687,38.74757751937984,8480.132524460143,99.76626499364875,0
4480,32.119758548535366,0,1,196,0.0,0.005076142131979695,0.9949238578680203,197,5400,3900,1500,0.7222222222222222,69,39,30,195.47030741426107,0.41895870023136156,0.761071906879619,0.13232297143843375,1097264.3695190751,-1903.4792750782985,1095360.8902439969,4478,4,1670.8883248730965,87,110,41,33.50334359810404,0.6439176245210728,38.61268939393939,8395.697304317677,96.50226786572043,0
4481,31.929470660116927,0,0,196,0.0,0.0,1.0,196,5200,3800,1400,0.7307692307692307,66,38,28,194.0920949848628,0.4185810221524507,0.7592123384710685,0.13211059739958672,1092296.9700692545,-1998.7585467281697,1090298.2115225263,4479,5,1679.2602040816328,73,123,42,33.35216876547198,0.651541095890411,38.42905405405405,8351.821844120099,114.4085184126041,0
4482,32.185605989052654,0,1,195,0.0,0.00510204081632653,0.9948979591836735,196,4900,3100,1800,0.6326530612244898,67,31,36,192.08211441433883,0.41814713064713066,0.7561587966773933,0.13105245047068342,1101726.7668465169,-1775.5986234495672,1099951.1682230672,4480,6,1680.2602040816328,75,121,43,33.32394796577619,0.6513888888888889,38.34978070175438,8421.370865282544,112.28494487043393,0
4483,31.837268102859603,0,0,195,0.0,0.0,1.0,195,5250,3800,1450,0.7238095238095238,67,38,29,190.91139696798305,0.4177680852938585,0.754040841426294,0.1306282675706763,1090602.3886457856,-2608.3148894027745,1087994.0737563828,4481,7,1689.7333333333333,75,120,43,33.256805170096534,0.6523611111111112,38.25383771929825,8333.282743425305,111.11043657900406,0
4484,32.30770826605202,0,1,194,0.0,0.005128205128205128,0.9948717948717949,195,5450,3800,1650,0.6972477064220184,71,38,33,221.5535485092864,0.41770640585073576,0.7856842386049143,0.14433639342904186,1092659.7300779931,3966.5281023956522,1096626.2581803887,4482,8,1690.7333333333333,76,119,35,34.15940615517988,0.6350054824561404,39.92153679653679,8402.539115460624,110.55972520342927,8
4485,31.998137807301546,0,0,194,0.0,0.0,1.0,194,5250,3400,1850,0.6476190476190476,71,34,37,222.53536232205664,0.4173989103146199,0.7862604160434421,0.14574170452468077,1083704.6834737933,4182.52287738994,1087887.2063511834,4483,9,1691.7061855670104,79,115,38,33.94786872123276,0.635548523206751,39.73958333333333,8327.848678285703,105.41580605424942,0
4486,32.28950764749873,0,0,194,0.0,0.0,1.0,194,5600,4000,1600,0.7142857142857143,72,40,32,222.97431013296386,0.4174217233766002,0.7879888381955844,0.14653108159010392,1094565.7603420971,4412.009061488174,1098977.7694035852,4484,10,1692.7061855670104,81,113,39,33.81567017937588,0.6359310699588477,39.62144308943088,8407.495404608468,103.7962395630675,0
4487,32.40704923383434,0,0,194,0.0,0.0,1.0,194,5900,4400,1500,0.7457627118644068,74,44,30,221.28777005846342,0.4175035165500418,0.7866003631436478,0.14590921015293357,1099518.3311411443,3961.9919273252035,1103480.3230684695,4485,11,1693.7061855670104,67,127,39,33.74234293835143,0.6438121890547264,39.50674019607841,8441.817895547649,125.99728202309923,0
4488,32.18930599345225,0,0,194,0.0,0.0,1.0,194,5000,3500,1500,0.7,65,35,30,203.01511768855187,0.4173566226875345,0.7691029074639466,0.1251609518777149,1072407.8005311834,-257.0008330079354,1072150.7996981754,4486,12,1694.7061855670104,76,118,43,36.62915116258758,0.6152686403508771,41.86958874458876,8309.038794116146,109.32945781731772,8
4489,32.137512352404954,1,0,195,0.005128205128205128,0.0,1.0,195,5350,3800,1550,0.7102803738317757,69,38,31,199.33662851196638,0.41801590448497666,0.7664185277088491,0.12358870967741939,1072366.2975924031,-1597.6235416139598,1070768.674050789,4487,0,1687.0102564102565,79,116,44,36.517137096774185,0.6160337552742616,41.66666666666667,8302.19069103796,105.0910214055438,0
4490,32.14257687030737,0,1,194,0.0,0.005128205128205128,0.9948717948717949,195,5800,4300,1500,0.7413793103448276,73,43,30,197.8716918071149,0.4184564719358534,0.7652394920529171,0.12321403550505897,1073826.6460663315,-2304.020967059238,1071522.6250992722,4488,1,1688.0102564102565,66,129,46,36.39643229479932,0.6240530303030303,41.51119402985072,8308.496316009436,125.88630781832478,0
4491,32.567002061972254,0,0,194,0.0,0.0,1.0,194,6000,4200,1800,0.7,78,42,36,198.08112520253607,0.41826358100528815,0.7643426468765318,0.12381353708975919,1089147.591525821,-1652.083911786969,1087495.507614034,4489,2,1697.3917525773195,67,127,45,36.25275178187127,0.6248445273631841,41.37561274509801,8422.620953006644,125.71076049263648,0
4492,32.96818059561447,0,1,193,0.0,0.005154639175257732,0.9948453608247423,194,5250,3400,1850,0.6476190476190476,71,34,37,196.29962424508088,0.4182474449370582,0.7623010119518849,0.12297906189191757,1103254.8080421244,-736.2991469507288,1102518.5088951737,4490,3,1698.3917525773195,69,125,44,36.21626641740962,0.6245471014492754,41.29464285714283,8529.044935338597,123.60934688896518,0
4493,33.088647725780504,1,0,194,0.005154639175257732,0.0,1.0,194,5300,4100,1200,0.7735849056603774,65,41,24,194.00216272609006,0.41804880437298575,0.755969653971146,0.12287210224591477,1110599.0356929917,-1008.277030809742,1109590.758662182,4491,0,1699.201030927835,80,114,42,35.881479459307414,0.6233072916666667,40.9079218106996,8573.006503746168,107.1625812968271,8
4494,33.47992981385821,0,1,193,0.0,0.005154639175257732,0.9948453608247423,194,5350,3700,1650,0.6915887850467289,70,37,33,194.92224307231578,0.4179425288891263,0.7575159388653809,0.12388141219035048,1124788.1859027115,-300.7527645204068,1124487.433138191,4492,1,1700.201030927835,83,111,43,35.733556985440636,0.6233684738955823,40.78621031746032,8678.459485355657,104.55975283561033,0
4495,33.37602866488661,0,0,193,0.0,0.0,1.0,193,5250,4100,1150,0.780952380952381,64,41,23,195.997897777082,0.41749874064478987,0.7590440628534838,0.12501071156908597,1122385.2854273734,147.03128793921996,1122532.3167153127,4493,2,1708.7046632124352,87,106,45,35.577511905305265,0.6232040229885057,40.660511363636374,8655.722206664339,99.49105984671654,0
4496,33.540470017041415,0,0,193,0.0,0.0,1.0,193,5900,4200,1700,0.711864406779661,76,42,34,192.74121031465165,0.4175111093120322,0.7547700884078055,0.12320798887202342,1128596.5544494651,-994.5868276931556,1127601.967621772,4494,3,1709.7046632124352,72,121,45,35.58214154748808,0.6302083333333333,40.582191780821894,8700.995218461883,120.8471558119706,0
4497,33.182929711179824,0,0,193,0.0,0.0,1.0,193,5150,3600,1550,0.6990291262135923,67,36,31,190.60596378047052,0.4174942429476108,0.7512405062880885,0.12216485810894587,1117361.9256983565,-1154.8306521326044,1116207.0950462238,4495,4,1710.7046632124352,76,117,45,35.5432978852804,0.6292489035087719,40.489718614718605,8611.311426536256,113.3067292965297,0
4498,33.13921634636646,0,0,193,0.0,0.0,1.0,193,6100,4500,1600,0.7377049180327869,77,45,32,189.94845545146768,0.41726486039147953,0.7505872024643179,0.12215639836030326,1116908.9414595494,-2268.97433796516,1114639.967121584,4496,5,1711.7046632124352,77,116,44,35.43965288136752,0.6300054112554112,40.37126068376067,8603.892961935195,111.73886963552201,0
4499,32.89297688126224,0,0,193,0.0,0.0,1.0,193,6350,4100,2250,0.6456692913385826,86,41,45,193.93295285025235,0.41728397560449054,0.7443481091562301,0.1161640935193836,1086958.892678377,-2790.5704632083243,1084168.3222151687,4497,6,1712.7046632124352,88,105,37,37.93335989073529,0.6000236742424243,42.91900749063671,8456.159143222449,96.09271753661874,8
4500,32.60827246419625,1,1,193,0.005154639175257732,0.005154639175257732,0.9948453608247423,194,5850,4600,1250,0.7863247863247863,71,46,25,195.4078811279948,0.41742728753805886,0.7490808946440237,0.11802244102099045,1080101.9915390953,-2437.911686244065,1077664.0798528513,4498,0,1704.8711340206185,77,117,39,37.585341756170116,0.6072781385281385,42.61485042735039,8392.88508550277,108.99850760393208,0
4501,32.74877370997368,0,1,192,0.0,0.0051813471502590676,0.9948186528497409,193,5650,4100,1550,0.7256637168141593,72,41,31,192.9310543458921,0.4174526392487046,0.7446886999681424,0.11689352116251014,1085724.1884034616,-2356.0175204968245,1083368.1708829647,4499,1,1704.1554404145077,79,114,42,37.532025350593294,0.6075949367088608,42.49999999999997,8432.809230318147,106.74442063693857,0
4502,32.935592538525746,3,0,195,0.015384615384615385,0.0,1.0,195,4150,2500,1650,0.6024096385542169,58,25,33,188.95741574195023,0.4198442594061151,0.7428126217374373,0.11521465230631395,1093877.1387815082,-1810.7605433299814,1092066.3782381783,4500,0,1684.8051282051283,82,113,43,37.399059375405756,0.608739837398374,42.26907630522085,8488.52068738903,103.51854496815889,0
4503,32.406430062250806,0,1,194,0.0,0.005128205128205128,0.9948717948717949,195,5150,3800,1350,0.7378640776699029,65,38,27,188.16900887443938,0.4198145211031809,0.7416351195828772,0.11487427863356621,1076672.9185367078,-3630.7048073999713,1073042.2137293078,4501,1,1685.8051282051283,83,112,44,37.37417015442344,0.6088102409638554,42.224702380952344,8353.577154067456,100.6455078803308,0
4504,32.78919616706282,2,1,195,0.01020408163265306,0.00510204081632653,0.9948979591836735,196,6000,4300,1700,0.7166666666666667,77,43,34,188.85268561254395,0.42002005930577363,0.7429986173538887,0.11595195591990601,1091138.3820683763,-3987.1172342925356,1087151.2648340838,4502,0,1678.1224489795918,85,111,32,37.14586561184408,0.6101715686274509,42.01792635658912,8459.024820279368,99.51793906211022,0
4505,33.153870606574614,0,1,194,0.0,0.005128205128205128,0.9948717948717949,195,4850,3600,1250,0.7422680412371134,61,36,25,189.13166654711654,0.41953916644638295,0.743423462393126,0.11646306559705184,1104176.097664013,-2083.066897463189,1102093.0307665498,4503,1,1687.7282051282052,88,107,34,37.03120039907488,0.6102035984848485,41.91245318352057,8556.601132321734,97.23410377638334,0
4506,32.708920190423385,0,1,193,0.0,0.005154639175257732,0.9948453608247423,194,5700,4000,1700,0.7017543859649122,74,40,34,191.7502853607385,0.41972639905275716,0.7488396864034628,0.11862018612622911,1090756.1034217016,-2669.441181984822,1088086.6622397169,4504,2,1675.7886597938145,90,104,40,36.79478229392903,0.6112268518518518,41.74679487179484,8447.183475459407,93.8575941717712,0
4507,33.10490575061791,1,2,192,0.005154639175257732,0.010309278350515464,0.9896907216494846,194,5400,3700,1700,0.6851851851851852,71,37,34,190.12255874970762,0.4204859070918576,0.7466150705539898,0.11822788421993419,1105560.2091494086,-2161.6128369303597,1103398.5963124782,4505,0,1674.840206185567,77,117,42,36.64629840154333,0.6179653679653679,41.55982905982907,8555.637501147967,111.11217533958398,0
4508,32.86800826460825,0,0,192,0.0,0.0,1.0,192,5250,3500,1750,0.6666666666666666,70,35,35,189.52685859418992,0.41996675483566026,0.7426977067924847,0.11807035471048934,1098197.4639185292,-2022.4169094828485,1096175.0470090464,4506,1,1680.0208333333333,78,114,40,36.595893904616176,0.6181891025641026,41.49525316455697,8496.536155427826,108.92995071061316,0
4509,32.41338645631963,1,0,193,0.0051813471502590676,0.0,1.0,193,3850,2100,1750,0.5454545454545454,56,21,35,188.06905134638657,0.42034240968624065,0.7420147736671121,0.11752854638209569,1083942.0112255656,-1678.8108468626624,1082263.200378703,4507,0,1672.3108808290156,80,113,42,36.51997347919776,0.6184895833333333,41.38374485596709,8382.628621869715,104.78285777337143,0
4510,32.56229428848774,0,0,193,0.0,0.0,1.0,193,5250,3300,1950,0.6285714285714286,72,33,39,190.41222853701635,0.4203086769573978,0.7441332369115348,0.11937382019820676,1089881.0745160412,-2344.663152216428,1087536.4113638247,4508,1,1673.3108808290156,83,110,40,36.343302658486714,0.6184738955823292,41.26984126984128,8424.8475698786,101.5041875888988,0
4511,32.56438142961767,2,0,195,0.010256410256410256,0.0,1.0,195,4900,3400,1500,0.6938775510204082,64,34,30,187.10918144973252,0.42231143713102476,0.7401304425447661,0.11777122581972635,1091143.99132929,-3067.388187716465,1088076.6031415735,4509,0,1657.1384615384616,88,107,45,36.28454953733007,0.6181344696969697,41.12827715355805,8429.997524113802,95.79542641038411,0
4512,32.74732537432476,1,3,193,0.00510204081632653,0.015306122448979591,0.9846938775510204,196,4850,3500,1350,0.7216494845360825,62,35,27,183.14491573732533,0.42261141636141636,0.7413955104508032,0.1140462003518638,1094036.8042779742,-3976.54433339512,1090060.259944579,4510,0,1649.6785714285713,79,117,43,36.776311370810625,0.6176160337552743,41.5104166666667,8464.842491290392,107.14990495304293,8
4513,32.88683696677159,1,0,194,0.005154639175257732,0.0,1.0,194,5050,3500,1550,0.693069306930693,66,35,31,183.91838565880528,0.4211480423054324,0.739139551008712,0.11503006337300226,1100026.335698963,-3386.986431214649,1096639.3492677482,4511,0,1667.6546391752577,79,115,46,36.59719425426232,0.619198312236287,41.35416666666671,8506.04335296822,107.67143484769898,0
4514,32.58697520296853,0,0,194,0.0,0.0,1.0,194,6500,5400,1100,0.8307692307692308,76,54,22,182.6153949951092,0.4211647347898082,0.7340389155011082,0.11474389627023722,1091382.4571906999,-5439.352297876965,1085943.104892823,4512,1,1668.6546391752577,82,112,46,36.463485597905134,0.6196646341463414,41.189759036144615,8433.842904563571,102.85174273858014,0
4515,32.30123577665583,0,0,194,0.0,0.0,1.0,194,5850,4000,1850,0.6837606837606838,77,40,37,184.24809085684583,0.42090266278510763,0.7361793366160554,0.11623772305959768,1083009.5513947678,-4741.511555156726,1078268.0398396112,4513,2,1669.6546391752577,83,111,47,36.27546052421544,0.6207329317269077,41.04662698412701,8364.513956946086,100.77727658971189,0
4516,32.01808820735254,0,0,194,0.0,0.0,1.0,194,5250,3700,1550,0.7047619047619048,68,37,31,184.47501279145058,0.4206895554012428,0.7344500513295034,0.11681233047984513,1074601.8939109156,-4402.560375012942,1070199.3335359027,4514,3,1670.6546391752577,85,109,37,36.13623967586098,0.6213235294117647,40.91569767441864,8295.384045000954,97.59275347059946,0
4517,32.34417458067114,0,0,194,0.0,0.0,1.0,194,4400,2700,1700,0.6136363636363636,61,27,34,185.1864978684092,0.4204619811975856,0.7366004386622913,0.11751280405633975,1086176.2084465565,-2970.966377958739,1083205.2420685978,4515,4,1671.6546391752577,86,108,39,36.0412335412335,0.6217296511627908,40.84051724137933,8382.299554581325,97.46859947187586,0
4518,31.98010436102884,1,1,194,0.005128205128205128,0.005128205128205128,0.9948717948717949,195,5200,3800,1400,0.7307692307692307,66,38,28,185.37896465092987,0.42072539430786854,0.7356055663528185,0.11804603655799242,1074969.102946377,-4344.668132811938,1070624.4348135649,4516,0,1664.076923076923,89,106,41,35.91104216885399,0.6219569288389513,40.717592592592624,8291.878447867777,93.16717357154806,0
4519,31.49277856440545,0,1,193,0.0,0.005154639175257732,0.9948453608247423,194,5650,4400,1250,0.7787610619469026,69,44,25,187.2747639413427,0.42030785392518205,0.7382255572721239,0.11941203988435567,1058970.510110929,-4786.309539626107,1054184.2005713028,4517,1,1673.3144329896907,90,104,41,35.814205841241815,0.6221064814814814,40.670787545787576,8166.9974631022515,90.74441625669168,0
4520,31.593490087093308,0,0,193,0.0,0.0,1.0,193,5250,3700,1550,0.7047619047619048,68,37,31,188.88459706572323,0.4202142253166379,0.7387186864264508,0.12077687511433582,1063164.4399615638,-3686.9226286508665,1059477.517332913,4518,2,1677.4870466321242,78,115,40,35.67206692079632,0.6275373931623931,40.57225738396625,8196.227814656671,105.07984377764963,0
4521,31.974623450688924,0,0,193,0.0,0.0,1.0,193,4200,2600,1600,0.6190476190476191,58,26,32,188.2891995615195,0.4201726216177317,0.7380273137809579,0.12079718747537119,1076956.9332133352,-2244.1282166063284,1074712.804996729,4519,3,1678.4870466321242,79,114,42,35.568790866067985,0.6282964135021096,40.45572916666668,8298.83032867949,105.04848517315811,0
4522,31.592390194886793,0,0,193,0.0,0.0,1.0,193,4950,3500,1450,0.7070707070707071,64,35,29,187.29438192399303,0.4205515526050662,0.7375940371245433,0.12051749822350251,1064936.9990204745,-3658.656596093695,1061278.3424243808,4520,4,1679.4870466321242,79,114,42,35.4884931380907,0.6293512658227849,40.3515625,8202.914750992673,103.83436393661611,0
4523,32.04180669088252,0,0,193,0.0,0.0,1.0,193,6100,4300,1800,0.7049180327868853,79,43,36,187.31289376323008,0.42058753418249856,0.736530445284195,0.12093502364325051,1081061.3986111085,-4200.6522180856455,1076860.7463930228,4521,5,1680.4870466321242,79,114,39,35.36862990810359,0.6305379746835442,40.234375,8323.35994118628,105.35898659729467,0
4524,32.27529629478425,0,0,193,0.0,0.0,1.0,193,5650,4000,1650,0.7079646017699115,73,40,33,186.22538719767763,0.42044023459988483,0.7360323536047255,0.12086045348005288,1090457.3393655452,-3635.8319508204686,1086821.5074147247,4522,6,1681.4870466321242,81,112,46,35.21248717196893,0.6315586419753086,40.05335365853658,8389.855031506204,103.57845717908894,0
4525,32.256225315881345,0,0,193,0.0,0.0,1.0,193,5050,3300,1750,0.6534653465346535,68,33,35,184.01069204224012,0.4206572484887738,0.7331673355649204,0.11990355901788315,1090979.9746822827,-3499.603970897594,1087480.370711385,4523,7,1682.4870466321242,84,109,35,35.12835917008278,0.6318204365079365,39.9142156862745,8389.385660281228,99.87363881287176,0
4526,32.647554008318146,0,0,193,0.0,0.0,1.0,193,5550,4200,1350,0.7567567567567568,69,42,27,183.36639477355897,0.42052456642199193,0.7329502613771979,0.11993286094338444,1105316.7789603467,-3614.40943186368,1101702.3695284831,4524,8,1683.4870466321242,87,106,38,35.013087764788,0.6320641762452107,39.7845643939394,8495.397487746903,97.64824698559659,0
4527,32.14269646417324,0,0,193,0.0,0.0,1.0,193,5200,3600,1600,0.6923076923076923,68,36,32,186.47485439405793,0.4209923269286126,0.7362535335220952,0.12226878936799895,1088939.4642334643,-3188.0343926241667,1085751.4298408402,4525,9,1684.4870466321242,89,104,39,34.8451163480065,0.6322565543071161,39.699074074074076,8366.773651380287,94.00869271213806,0
4528,31.96873927564274,0,0,193,0.0,0.0,1.0,193,4450,3000,1450,0.6741573033707865,59,30,29,187.38407670850208,0.4206358844271733,0.7389610519765564,0.12319690684869969,1083818.8559800556,-2431.9208705824685,1081386.935109473,4526,10,1685.4870466321242,90,103,41,34.7268624347928,0.6328703703703704,39.60622710622711,8324.46063464196,92.49400705157734,0
4529,32.10879663629047,1,0,194,0.005154639175257732,0.0,1.0,194,5550,4000,1550,0.7207207207207207,71,40,31,186.1354020066099,0.4207724614069761,0.7383480832039047,0.12273648162637558,1089411.9196256478,-3794.3748779375046,1085617.5447477102,4527,0,1677.7938144329896,79,115,39,34.65647805658303,0.63792194092827,39.50520833333333,8364.174290437843,105.87562392959295,0
4530,31.934872084898174,0,1,193,0.0,0.005154639175257732,0.9948453608247423,194,5100,3500,1600,0.6862745098039216,67,35,32,184.4223805039957,0.4205938518241547,0.7359776426257552,0.12196133828687816,1084340.5945110733,-3904.6652566300836,1080435.9292544432,4528,1,1678.7938144329896,81,113,42,34.59954177634787,0.6381172839506173,39.40548780487804,8322.052412977642,102.7413878145388,0
4531,32.067860346520725,0,0,193,0.0,0.0,1.0,193,4500,3200,1300,0.7111111111111111,58,32,26,182.75448636795764,0.4206831102475532,0.7323545370151194,0.12135719263310378,1090032.9689363902,-3258.316927578314,1086774.652008812,4529,2,1686.9948186528497,84,109,44,34.49965140690603,0.6383928571428572,39.26470588235292,8361.222999173664,99.53836903778172,0
4532,32.23167967032022,0,1,192,0.0,0.0051813471502590676,0.9948186528497409,193,5150,3400,1750,0.6601941747572816,69,34,35,183.93594111880765,0.420500953511802,0.7344636574305781,0.12256325581480888,1096588.42928598,-3409.5950478578407,1093178.8342381222,4530,3,1687.9948186528497,85,108,43,34.34926789252108,0.6392156862745098,39.147286821705414,8407.721092296666,98.91436579172549,0
4533,32.43086001964811,0,0,192,0.0,0.0,1.0,192,4850,3400,1450,0.7010309278350515,63,34,29,188.04698004318402,0.4198434773123909,0.7355330053541236,0.12559273209157656,1104030.4901355878,-1728.0800908813708,1102302.4100447064,4531,4,1697.6302083333333,84,108,43,34.16189179034377,0.6403769841269842,39.06862745098038,8462.228817871874,100.74081926037945,0
4534,32.44024601396826,0,0,192,0.0,0.0,1.0,192,4950,3500,1450,0.7070707070707071,64,35,29,183.68419571871516,0.41958783267888305,0.7283878019104648,0.12312982530031966,1105404.106192477,-2740.9471619742426,1102663.159030503,4532,5,1698.6302083333333,87,105,41,34.148945013754116,0.6405651340996168,38.94412878787877,8468.716685511967,97.3415710978387,0
4535,32.79581649066354,0,0,192,0.0,0.0,1.0,192,5650,4500,1150,0.7964601769911505,68,45,23,195.79263766930694,0.4197684882198953,0.7365651056980445,0.12279114442426525,1097805.9874478609,-1061.5340136852246,1096744.4534341756,4533,6,1699.6302083333333,88,104,38,36.1910254670466,0.6168323863636364,41.2570224719101,8485.687209259078,96.42826374158044,8
4536,33.0603281836117,0,0,192,0.0,0.0,1.0,192,5150,3800,1350,0.7378640776699029,65,38,27,198.44923424282462,0.4196986120200698,0.7416661542875891,0.12476582022412891,1107413.4843991832,403.07159383901217,1107816.5559930222,4534,7,1700.6302083333333,89,103,42,36.032499739152485,0.6173923220973783,41.16898148148147,8557.038416320656,96.14649905978266,0
4537,32.82290302611098,0,0,192,0.0,0.0,1.0,192,5200,3900,1300,0.75,65,39,26,201.4434545631498,0.4196253272251309,0.7460351078559997,0.1270549312150911,1100426.910713039,734.7596776575137,1101161.6703906967,4535,8,1701.6302083333333,91,101,43,35.83898119807606,0.6179029304029304,41.055253623188385,8499.318299446926,93.39910219172447,0
4538,32.72080813722032,0,0,192,0.0,0.0,1.0,192,6200,4300,1900,0.6935483870967742,81,43,38,204.63814469813755,0.41946569135398487,0.766209913518545,0.13022949470359527,1099682.480466095,407.3965119256277,1100089.8769780206,4536,9,1702.6302083333333,81,111,43,35.43386700311954,0.6246141975308642,40.73932926829269,8483.218664539272,104.73109462394163,8
4539,32.625969237238934,0,0,192,0.0,0.0,1.0,192,5800,4200,1600,0.7241379310344828,74,42,32,204.59536265587226,0.4195923774723676,0.7669150106301295,0.1306832620087471,1097592.0480572577,712.4486240952638,1098304.4966813528,4537,10,1703.6302083333333,67,125,45,35.30267574164844,0.6326181592039801,40.60968137254902,8462.860555976824,126.31135158174364,0
4540,32.4780097506441,2,0,194,0.010309278350515464,0.0,1.0,194,5800,4100,1700,0.7068965517241379,75,41,34,197.23978227789465,0.4208631572387515,0.7603720347253857,0.12692227940270243,1094802.243930919,-1412.2887539430976,1093389.955176976,4538,0,1687.0567010309278,71,123,46,35.228787076763055,0.633069248826291,40.35011574074073,8432.911472725818,118.7734010243073,0
4541,32.54850197463527,2,0,196,0.01020408163265306,0.0,1.0,196,6000,4600,1400,0.7666666666666667,74,46,28,192.42931773788186,0.4218041383219955,0.756928139193642,0.12445863447140941,1098678.3815464922,-2916.413725129828,1095761.9678213624,4539,0,1670.8316326530612,75,121,48,35.17285831091414,0.6329166666666667,40.172697368421034,8456.989472768062,112.75985963690749,0
4542,32.46837753259483,0,1,195,0.0,0.00510204081632653,0.9948979591836735,196,5200,3900,1300,0.75,65,39,26,191.20771784127302,0.421763801674516,0.7553124369199884,0.12412447010999912,1097052.737985351,-2447.0099236604815,1094605.7280616905,4540,1,1671.8316326530612,78,118,49,35.07428776735143,0.6328792735042735,40.04483122362867,8440.322561380573,108.20926360744325,0
4543,32.208415700179145,1,0,196,0.00510204081632653,0.0,1.0,196,5350,3600,1750,0.6728971962616822,71,36,35,191.64085604586415,0.421852651316937,0.7570324529952177,0.12480087439856649,1089189.7134611735,-2803.3501831903327,1086386.3632779832,4541,0,1672.7602040816328,79,117,38,34.95098591431767,0.6335706751054853,39.93489583333332,8376.28498411036,106.02892384949823,0
4544,32.39557472623294,0,1,195,0.0,0.00510204081632653,0.9948979591836735,196,5800,4000,1800,0.6896551724137931,76,40,36,190.99075369824826,0.421588282748997,0.7564870081132273,0.12494108715743028,1096835.6522167425,-3102.9064200029634,1093732.7457967396,4542,1,1673.7602040816328,79,117,39,34.80865857726627,0.6351529535864979,39.778645833333336,8430.020324267784,106.70911802870611,0
4545,31.98064128258909,1,2,194,0.00510204081632653,0.01020408163265306,0.9897959183673469,196,4900,3400,1500,0.6938775510204082,64,34,30,191.2493048447311,0.4213936856794,0.7553516466113124,0.12568417255665593,1084099.4783776184,-2633.3456755490624,1081466.1327020694,4543,0,1674.5408163265306,82,114,42,34.64125335389856,0.6355436991869918,39.62098393574296,8327.087910264485,101.54985256420103,0
4546,32.419901714175566,0,0,194,0.0,0.0,1.0,194,5950,4300,1650,0.7226890756302521,76,43,33,193.59999999999962,0.4203206514965369,0.7570721649484538,0.12736842105263166,1099307.6481857519,-2184.8078622476005,1097122.8403235043,4544,1,1692.7628865979382,79,115,44,34.541666666666664,0.6371308016877637,39.58333333333334,8442.682738066576,106.86940174767818,0
4547,32.23945802092156,0,0,194,0.0,0.0,1.0,194,4900,3300,1600,0.673469387755102,65,33,32,191.8443047030529,0.4200507896657942,0.7549699928202631,0.12653291393711263,1093918.001814018,-1727.6123079673107,1092190.3895060506,4545,2,1693.7628865979382,71,123,43,34.49891702765747,0.641725352112676,39.496527777777786,8398.490757012654,118.28860221144583,0
4548,32.00666869626772,0,1,193,0.0,0.005154639175257732,0.9948453608247423,194,5600,4500,1100,0.8035714285714286,67,45,22,190.8663661432575,0.41991558054234995,0.7533864036020657,0.12629377779757975,1086938.800437638,-2907.9881880711823,1084030.812249567,4546,3,1694.7628865979382,73,121,45,34.41202153325412,0.641837899543379,39.386261261261275,8341.377593506515,114.26544648639062,0
4549,31.61955438870745,0,0,193,0.0,0.0,1.0,193,4800,2900,1900,0.6041666666666666,67,29,38,191.16826593397371,0.41964076892630975,0.7526046620933544,0.1268064572026216,1074488.5914344725,-2318.375841926768,1072170.2155925457,4547,4,1702.2435233160622,73,120,45,34.31807955363572,0.6426940639269406,39.30180180180181,8243.160856965975,112.92001173925993,0
4550,31.72997825843947,1,0,194,0.005154639175257732,0.0,1.0,194,5800,4400,1400,0.7586206896551724,72,44,28,189.127586229975,0.41992949094599646,0.749892899406682,0.12618449365186046,1079880.9763359202,-3752.9435059837497,1076128.0328299364,4548,0,1694.4639175257732,75,119,45,34.16934813063658,0.64375,39.10361842105264,8278.23651520554,110.37648686940722,0
4551,32.025151895146614,0,0,194,0.0,0.0,1.0,194,5350,3900,1450,0.7289719626168224,68,39,29,188.7106184301517,0.41990667788401614,0.7491476642406476,0.126279174482976,1090766.2351310616,-2982.165841137732,1087784.0692899239,4549,1,1695.4639175257732,78,116,47,34.07787713448522,0.6434294871794872,39.003164556962034,8358.463299215895,107.15978588738326,0
4552,32.40339526238593,1,0,195,0.005128205128205128,0.0,1.0,195,5950,4500,1450,0.7563025210084033,74,45,29,189.99637977160626,0.4200810644109613,0.7493385485407398,0.1276478745207563,1104792.7262817482,-2968.6763216928657,1101824.0499600554,4550,0,1687.7641025641026,82,113,39,33.90655788917193,0.6431656504065041,38.86797188755021,8461.564322596212,103.18980881214893,0
4553,32.1063781950775,0,0,195,0.0,0.0,1.0,195,5750,4500,1250,0.782608695652174,70,45,25,191.82317218872728,0.4197737686139748,0.7523239758432134,0.12935480970044566,1095718.4010043428,-2713.164098757142,1093005.2369055857,4551,1,1688.7641025641026,82,113,40,33.73094506092778,0.6444359756097561,38.74246987951809,8388.033068360093,102.29308619951333,0
4554,32.15392122122713,0,0,195,0.0,0.0,1.0,195,5650,4100,1550,0.7256637168141593,72,41,31,193.12568664320287,0.41960855581989603,0.7539517645999549,0.13053017063242067,1097986.147448436,-2240.134269858965,1095746.013178577,4552,2,1689.7641025641026,83,112,41,33.61863749960456,0.6448293172690763,38.665674603174615,8402.923311212098,101.24003989412167,0
4555,32.253938266607236,0,0,195,0.0,0.0,1.0,195,4900,3300,1600,0.673469387755102,65,33,32,192.4915245589704,0.4194896026081593,0.7530671176011206,0.13048905429199414,1102245.0976115006,-1465.4321446220538,1100779.6654668786,4553,3,1690.7641025641026,86,109,41,33.53322265475916,0.6447432170542635,38.56561302681993,8432.288578201287,98.04986718838705,0
4556,32.026439556005286,0,0,195,0.0,0.0,1.0,195,5300,3900,1400,0.7358490566037735,67,39,28,190.29069910720665,0.4191812053925456,0.7504446796264312,0.1294539189492872,1095464.1674212082,-2608.6715469046494,1092855.4958743036,4554,4,1691.7641025641026,76,119,40,33.46985879797249,0.6499451754385965,38.44696969696971,8376.61231569005,110.21858310118488,0
4557,32.166130653020105,1,0,196,0.00510204081632653,0.0,1.0,196,6050,4700,1350,0.7768595041322314,74,47,27,186.9009214085535,0.4192465768358626,0.7479368824778372,0.12824735650763816,1102663.9851800955,-4032.217033162621,1098631.7681469328,4555,0,1684.1275510204082,78,118,42,33.265455567865125,0.6519764957264957,38.15928270042193,8422.40272293871,107.97952208895782,0
4558,32.27028549609017,1,0,197,0.005076142131979695,0.0,1.0,197,5500,4400,1100,0.8,66,44,22,187.46172491097155,0.4194486170102559,0.750168029301022,0.12904386193685616,1107132.8180817794,-3390.9944433690553,1103741.8236384103,4556,0,1676.5736040609138,80,117,45,33.142479584990255,0.6522135416666667,38.05298353909465,8453.105006042435,105.66381257553044,0
4559,32.62550442137174,0,0,197,0.0,0.0,1.0,197,5400,3800,1600,0.7037037037037037,70,38,32,188.72207824202886,0.4192565351013502,0.7517244758832791,0.13032924697420134,1120230.5318247431,-2517.5531847721386,1117712.978639971,4557,1,1677.5736040609138,83,114,44,33.00089911035396,0.6521084337349398,37.94642857142858,8549.629953279129,103.00758979854372,0
4560,33.03451809069132,0,0,197,0.0,0.0,1.0,197,5800,4200,1600,0.7241379310344828,74,42,32,188.47939191460853,0.4192468230947201,0.7512784153863372,0.13072776022991164,1135518.0595677,-2395.6493249246614,1133122.4102427752,4558,2,1678.5736040609138,85,112,36,32.860933385688575,0.6528186274509804,37.80281007751939,8661.557813822636,101.90068016261924,0
4561,32.51548802760194,0,1,196,0.0,0.005076142131979695,0.9949238578680203,197,4350,2900,1450,0.6666666666666666,58,29,29,185.45075416241022,0.41932991470699954,0.7470797348593754,0.12893104361394833,1118341.3580635043,-2270.5503472217133,1116070.8077162826,4559,3,1679.5736040609138,87,110,37,32.86099389207326,0.6528975095785441,37.72490530303031,8528.002701557507,98.02301955813226,0
4562,32.87060912407957,0,0,196,0.0,0.0,1.0,196,6100,5000,1100,0.819672131147541,72,50,22,186.41085161536563,0.4186186333507762,0.7478680305869239,0.1299715799325131,1131371.9764778682,-3119.9972742000864,1128251.979203668,4560,5,1689.1275510204082,87,109,40,32.739350703060374,0.6538553639846743,37.63020833333334,8624.25486784122,99.12936629702553,0
4563,33.32154363965715,1,1,196,0.005076142131979695,0.005076142131979695,0.9949238578680203,197,6000,5000,1000,0.8333333333333334,70,50,20,185.36303097334945,0.41828749266203946,0.7490325764818917,0.1302435290238487,1149110.5385224787,-2799.477531211046,1146311.0609912677,4561,0,1681.548223350254,75,122,43,32.50857862324514,0.66125,37.37664473684211,8751.015593194514,116.68020790926018,0
4564,33.721359680989416,0,0,196,0.0,0.0,1.0,196,6150,3900,2250,0.6341463414634146,84,39,45,186.58600105300792,0.41713271847200417,0.7487593090226858,0.13166734521899243,1164141.7432807346,-1907.4894924739965,1162234.2537882607,4562,1,1690.8163265306123,78,118,42,32.33348387528436,0.6613247863247863,37.23628691983123,8860.749679888691,113.59935487036783,0
4565,33.50598036308024,0,0,196,0.0,0.0,1.0,196,5950,4200,1750,0.7058823529411765,77,42,35,185.7502865237944,0.4169359410430839,0.7465487913706639,0.13163386339987956,1157920.6887143436,-2133.1800598963464,1155787.5086544473,4563,2,1691.8163265306123,82,114,37,32.214988702183206,0.6610772357723578,37.098393574297184,8808.776062321835,107.42409832099798,0
4566,33.597732204280426,0,0,196,0.0,0.0,1.0,196,5500,4000,1500,0.7272727272727273,70,40,30,187.1398986643557,0.4164895124716553,0.7486732203816673,0.1333057218462157,1162573.0482680497,-1187.2395114415372,1161385.8087566083,4564,3,1692.8163265306123,85,111,44,32.00764115904661,0.6616421568627451,36.930717054263546,8838.53131958287,103.98272140685728,0
4567,33.16511431670846,0,0,196,0.0,0.0,1.0,196,5800,4600,1200,0.7931034482758621,70,46,24,210.6225904317572,0.4166028911564626,0.7712306422704458,0.14648384679180457,1140787.6439742078,3055.129741277992,1143842.7737154858,4565,4,1693.8163265306123,87,109,34,32.188712880223854,0.6530172413793103,37.713068181818194,8698.776077528755,99.98593192561788,7
4568,32.69427375519689,0,1,195,0.0,0.00510204081632653,0.9948979591836735,196,5750,4100,1650,0.7130434782608696,74,41,33,212.92058978324997,0.4161226670155242,0.7746888799678839,0.1485672798739709,1125516.0530456388,2979.1083649986645,1128495.1614106374,4566,5,1694.8163265306123,88,108,36,32.018414440132624,0.6537642045454546,37.60533707865169,8578.802941453177,97.48639706196792,0
4569,32.44751343815481,0,0,195,0.0,0.0,1.0,195,5850,4100,1750,0.7008547008547008,76,41,35,213.72972103230768,0.4160014098158428,0.7760076934259226,0.14950648271112954,1117723.2478512533,2928.135590914735,1120651.383442168,4567,6,1704.179487179487,90,105,38,31.912977903765086,0.6539351851851851,37.52289377289378,8516.729431512036,94.63032701680041,0
4570,32.90543649939163,0,1,194,0.0,0.005128205128205128,0.9948717948717949,195,4450,3200,1250,0.7191011235955056,57,32,25,213.82515806305253,0.41583619702176405,0.7748887578405608,0.14999927316096784,1134303.143010142,5058.509769112351,1139361.6527792544,4568,7,1705.179487179487,73,122,39,31.815201754856233,0.6616723744292237,37.42961711711713,8639.993060573686,118.35606932292721,0
4571,32.62808186258133,0,1,193,0.0,0.005154639175257732,0.9948453608247423,194,6100,4300,1800,0.7049180327868853,79,43,36,210.6755194112805,0.41571908997026513,0.7610470929380719,0.13639588986758627,1101658.892176885,1518.5118646841402,1103177.404041569,4569,8,1714.4278350515465,76,118,39,34.66333055685701,0.6328125,40.13798701298701,8478.79903271543,111.56314516730828,8
4572,32.591228169565134,0,0,193,0.0,0.0,1.0,193,5200,3300,1900,0.6346153846153846,71,33,38,211.09485753980502,0.41551300734024177,0.7601392350791012,0.13700577815099685,1101142.2167878533,2689.0918767793473,1103831.3086646327,4570,9,1723.3626943005181,79,114,46,34.56471648968142,0.6323839662447257,40.05208333333333,8472.021864286427,107.24078309223326,0
4573,32.72808963108429,0,0,193,0.0,0.0,1.0,193,4800,3400,1400,0.7083333333333334,62,34,28,212.03116415460065,0.4153690810305124,0.7607111589426521,0.13801239940886556,1106620.2317955531,3527.5952049289476,1110147.827000482,4571,10,1724.3626943005181,81,112,32,34.43789384983637,0.6325874485596708,39.95172764227642,8510.88316613218,105.0726316806442,0
4574,32.48431176262085,1,1,193,0.005154639175257732,0.005154639175257732,0.9948453608247423,194,7100,5400,1700,0.7605633802816901,88,54,34,215.50409453789763,0.41580756013745707,0.765330440522648,0.1412749064192881,1100455.2370362733,1530.5218873977956,1101985.7589236712,4572,0,1716.4690721649486,84,110,36,34.096437539234145,0.6339285714285714,39.70588235294117,8455.475267623342,100.66041985265883,0
4575,32.9180815427725,0,0,193,0.0,0.0,1.0,193,4800,3400,1400,0.7083333333333334,62,34,28,213.25728942546294,0.41517905332469773,0.7629318672742273,0.1402519742278312,1116097.502384797,4203.185618621999,1120300.688003419,4573,1,1726.041450777202,86,107,40,34.041986604748104,0.6343265503875969,39.59530651340995,8572.02293431222,99.67468528270022,0
4576,32.97065643737352,0,0,193,0.0,0.0,1.0,193,5050,3600,1450,0.7128712871287128,65,36,29,213.08539168634618,0.4153072376943005,0.7621286045690703,0.14070629735007367,1119070.9024428898,4041.532314366964,1123112.4347572566,4574,2,1727.041450777202,73,120,41,33.90484584076214,0.6411244292237444,39.45664414414413,8590.285472963735,117.67514346525664,0
4577,32.88764741773681,0,0,193,0.0,0.0,1.0,193,5000,3600,1400,0.72,64,36,28,232.29240889804097,0.41507110859240065,0.7854524694866298,0.1437159060528665,1096749.382540999,7353.311205577747,1104102.6937465768,4575,3,1728.041450777202,81,112,44,35.743769470404985,0.614454732510288,41.7428861788618,8493.468902471957,104.85764077125873,8
4578,33.25968045766839,0,0,193,0.0,0.0,1.0,193,5050,3600,1450,0.7128712871287128,65,36,29,230.64540264477995,0.41502725604490504,0.7846667574009074,0.14312605160330003,1110082.096617783,7557.066428634101,1117639.163046417,4576,4,1729.041450777202,65,128,45,35.67603339442071,0.6233974358974359,41.63510101010102,8593.133981881825,132.20206125972038,0
4579,33.26774770449916,2,1,194,0.010256410256410256,0.005128205128205128,0.9948717948717949,195,5700,4500,1200,0.7894736842105263,69,45,24,224.50915995155768,0.4162349105648075,0.7811125122600522,0.1406519548020842,1113279.5909460548,5288.293150902574,1118567.8840969573,4577,0,1712.297435897436,69,126,46,35.486470616431745,0.6245471014492754,41.29464285714286,8606.544551230934,124.73252972798456,0
4580,33.14428975188131,1,0,195,0.005128205128205128,0.0,1.0,195,5850,4300,1550,0.7350427350427351,74,43,31,222.61204603709825,0.41671072341175436,0.7792315287313332,0.1401054287633415,1110548.644146564,4594.301179438405,1115142.9453260023,4578,0,1712.425641025641,71,124,45,35.36863810801241,0.6251467136150235,41.13136574074074,8580.017021562679,120.84531016285463,0
4581,32.75881784294576,0,0,195,0.0,0.0,1.0,195,4250,2800,1450,0.6588235294117647,57,28,29,226.03524304893355,0.41630540135694777,0.7800879048220497,0.14268916960330794,1098538.9005987344,6411.701479108726,1104950.6020778432,4579,1,1713.425641025641,72,123,49,35.1707853508917,0.6257233796296297,41.02454337899544,8483.729809241204,117.8295806839056,0
4582,32.65342863750553,0,0,195,0.0,0.0,1.0,195,5600,3900,1700,0.6964285714285714,73,39,34,227.48857751509544,0.4158604282315623,0.7807920747946828,0.14420143715213055,1096241.1477201341,5276.467861673676,1101517.6155818077,4580,2,1714.425641025641,73,122,38,34.98365746776764,0.6267123287671232,40.87837837837837,8461.209380056316,115.90697780899063,0
4583,32.63185768258024,1,0,196,0.00510204081632653,0.0,1.0,196,5950,4200,1750,0.7058823529411765,77,42,35,226.68523703339486,0.4159051761730333,0.7818686411688114,0.1445648807209029,1097321.4143163355,4599.312981223674,1101920.7272975591,4581,0,1706.6734693877552,77,119,41,34.78632396106905,0.6270292207792207,40.6650641025641,8462.580720326196,109.90364571852203,0
4584,32.13700759903416,0,0,196,0.0,0.0,1.0,196,6400,4700,1700,0.734375,81,47,34,223.34145981652813,0.4159569597069597,0.7785881721477141,0.14290194819087265,1081644.1534803754,2715.1968480638125,1084359.3503284391,4582,1,1707.6734693877552,68,128,38,34.754911943830244,0.6326593137254901,40.549516908212546,8337.962146693828,122.61709039255629,0
4585,31.809735779086495,0,1,195,0.0,0.00510204081632653,0.9948979591836735,196,5250,3700,1550,0.7047619047619048,68,37,31,222.03276276992995,0.4160054727019013,0.7783176961092435,0.1427123042940029,1071943.8488767613,3151.3308600677556,1075095.1797368291,4583,2,1708.6734693877552,70,126,40,34.62607139493264,0.6331845238095238,40.390258215962426,8258.117291827075,117.97310416895822,0
4586,32.01045261738079,0,0,195,0.0,0.0,1.0,195,4900,3100,1800,0.6326530612244898,67,31,36,221.59962865505992,0.41589236937175084,0.7774931472998443,0.14283428847349958,1079522.3897205035,3944.352137377008,1083466.7418578805,4584,3,1717.3948717948717,71,124,39,34.53713117189386,0.633656103286385,40.29224537037035,8313.362773938074,117.08961653433906,0
4587,31.97980563706541,1,0,196,0.00510204081632653,0.0,1.0,196,6350,4400,1950,0.6929133858267716,83,44,39,220.48655780620115,0.4160796049188906,0.7757882593088543,0.14308690762485543,1080455.5493584857,2095.1849881317175,1082550.7343466175,4585,0,1709.6275510204082,74,122,40,34.324129977915504,0.634572072072072,40.05555555555553,8312.972809768216,112.3374704022732,0
4588,32.443188067539346,0,1,195,0.0,0.00510204081632653,0.9948979591836735,196,6500,5000,1500,0.7692307692307693,80,50,30,219.43340754276176,0.4159024507238793,0.7742224616688302,0.1431067769191239,1097551.1329263593,2467.87701008957,1100019.009936449,4586,1,1710.6275510204082,75,121,34,34.177073453472445,0.6358333333333333,39.88486842105261,8438.964133028472,112.51952177371297,0
4589,32.74790142637982,0,0,195,0.0,0.0,1.0,195,5100,3400,1700,0.6666666666666666,68,34,34,223.3921474716709,0.41528218345228657,0.7781883799582914,0.14603569309924888,1108560.1904626195,5428.7283098096805,1113988.9187724292,4587,6,1720.3948717948717,75,120,35,33.99002668914172,0.6366666666666667,39.802631578947356,8520.917772456038,113.6122369660805,0
4590,32.59694952467647,0,2,193,0.0,0.010256410256410256,0.9897435897435898,195,5150,3600,1550,0.6990291262135923,67,36,31,222.5646940245548,0.4151434047052604,0.7763933744992249,0.1461436609083742,1104751.4794013149,5025.7349972253105,1109777.21439854,4588,7,1721.3948717948717,78,117,38,33.854773360344375,0.6368856837606838,39.64926160337551,8486.639878226966,108.80307536188418,0
4591,32.21379770242961,0,0,193,0.0,0.0,1.0,193,5350,3700,1650,0.6915887850467289,70,37,33,221.70948553892842,0.4149260578583765,0.7732153277399705,0.14592469749592993,1092443.82678554,4491.03176335986,1096934.8585488999,4589,8,1739.1502590673574,69,124,41,33.79443793687981,0.6420591787439613,39.56845238095237,8389.489190330642,121.58679985986437,0
4592,32.615723732640376,0,0,193,0.0,0.0,1.0,193,5600,4100,1500,0.7321428571428571,71,41,30,223.07839984456055,0.41481136658031087,0.772427077363032,0.1478191809488579,1108037.6621915102,5235.853729837909,1113273.515921348,4590,9,1740.1502590673574,71,122,37,33.52256433738507,0.6433392018779343,39.33738425925926,8501.699862427395,119.74225158348443,0
4593,32.77576403157392,0,0,193,0.0,0.0,1.0,193,4450,3200,1250,0.7191011235955056,57,32,25,220.60083756379396,0.4147427766983305,0.769384490452955,0.1466739246435772,1114463.6720582377,6120.323898093625,1120583.9959563313,4591,10,1741.1502590673574,71,122,46,33.46885113268609,0.644512910798122,39.22164351851851,8547.209876578685,120.38323769829134,0
4594,32.985036613822224,0,0,193,0.0,0.0,1.0,193,6100,4400,1700,0.7213114754098361,78,44,34,177.01495503129152,0.41437958765112265,0.7242050424334088,0.11638519507129907,1118287.8798262156,-5109.264248104552,1113178.615578111,4592,11,1742.1502590673574,97,96,42,34.99520369009717,0.6307989690721649,39.60459183673471,8589.152072336547,88.54795950862419,8
4595,33.27692559182673,0,0,193,0.0,0.0,1.0,193,5800,4100,1700,0.7068965517241379,75,41,34,175.91870401270023,0.41428850928324695,0.7240326691713481,0.11603255605947209,1129129.4108241878,-4673.003477037495,1124456.4073471504,4593,12,1743.1502590673574,82,111,47,34.91272020683784,0.6368140243902439,39.49548192771081,8668.789464226165,105.71694468568495,0
4596,33.03007861946815,0,0,193,0.0,0.0,1.0,193,6300,4300,2000,0.6825396825396826,83,43,40,174.4576638386751,0.4139804170264825,0.7222603858693877,0.11554799840395265,1121978.1886913113,-5752.461264593415,1116225.7274267178,4594,13,1744.1502590673574,85,108,44,34.806014452344456,0.6371323529411765,39.35319767441858,8609.18437272686,101.28452203208072,0
4597,33.240846874743355,0,0,193,0.0,0.0,1.0,193,5250,3400,1850,0.6476190476190476,71,34,37,174.57913560927176,0.41358124640184224,0.7227635858648129,0.1159719300120932,1130015.5227387405,-4394.573363042596,1125620.9493756979,4595,14,1745.1502590673574,87,106,45,34.69977604261245,0.6374521072796935,39.251893939393916,8667.487866439877,99.62629731540088,0
4598,33.54696416743126,1,0,194,0.005154639175257732,0.0,1.0,194,5700,3900,1800,0.6842105263157895,75,39,36,171.94588744630516,0.4138912629311113,0.7206239850178466,0.1146473602955313,1141528.1582814935,-5243.785555868789,1136284.3727256246,4596,0,1737.1494845360826,90,104,44,34.63982740968255,0.6377314814814814,39.12545787545785,8751.548916846974,97.23943240941082,0
4599,33.354183070969476,0,0,194,0.0,0.0,1.0,194,5500,3900,1600,0.7090909090909091,71,39,32,193.49174631436,0.41360693428057616,0.7596083662849038,0.12049902514460326,1114335.915793864,-1177.0395344467797,1113158.8762594173,4597,1,1738.1494845360826,71,123,44,36.50590707262923,0.6213321596244131,41.507523148148145,8621.805395385,121.43387880823943,8
4600,33.28822849387626,0,1,193,0.0,0.005154639175257732,0.9948453608247423,194,6550,4600,1950,0.7022900763358778,85,46,39,192.00827816913815,0.4138545394654844,0.7580322621375462,0.12009461870578954,1113464.6998728917,-2591.112035058225,1110873.5878378334,4598,2,1739.1494845360826,72,122,44,36.38649821619035,0.6223958333333333,41.35273972602738,8609.909099315044,119.58207082382006,0
4601,32.782950225756885,0,1,192,0.0,0.0051813471502590676,0.9948186528497409,193,5150,3800,1350,0.7378640776699029,65,38,27,191.94881363347235,0.41308649971214734,0.7567081726963298,0.12024989603230288,1097047.5718614224,-1634.6040163437824,1095412.9678450786,4599,18,1749.1502590673574,72,121,46,36.329863026291584,0.622974537037037,41.29566210045661,8481.091432548095,117.79293656316798,0
4602,32.542664896550235,0,0,192,0.0,0.0,1.0,192,6000,4300,1700,0.7166666666666667,77,43,34,191.63141125170236,0.41282745237056423,0.7549414090074835,0.12065113652407172,1090499.3623567023,-2605.213644500736,1087894.1487122015,4600,19,1755.0052083333333,75,117,45,36.15743682055625,0.6233333333333333,41.118421052631575,8424.696471574014,112.32928628765352,0
4603,32.174599738749286,0,1,191,0.0,0.005208333333333333,0.9947916666666666,192,4900,3100,1800,0.6326530612244898,67,31,36,190.99834973134494,0.412611006580861,0.7529961007991748,0.12070423568065969,1079272.3565763803,-2072.152196650187,1077200.2043797302,4601,20,1756.0052083333333,77,115,43,36.03844418664603,0.6237824675324675,40.985576923076934,8333.685389063094,108.22968037744278,0
4604,32.38039943836358,1,0,192,0.005208333333333333,0.0,1.0,192,4900,3200,1700,0.6530612244897959,66,32,34,189.58042383011275,0.41316547138598025,0.7506556437816712,0.12047981765498952,1087832.1770688465,-2053.662963050555,1085778.5141057959,4602,0,1756.8958333333333,82,110,44,35.87400342145186,0.623729674796748,40.78815261044178,8393.383157630067,102.35833119061057,0
4605,32.11919847506944,2,0,194,0.010309278350515464,0.0,1.0,194,4150,2800,1350,0.6746987951807228,55,28,27,186.27770614503152,0.41407209817851615,0.7493621748558035,0.11898015651849855,1080536.34366214,-2694.033699255634,1077842.3099628843,4603,0,1739.7731958762886,71,123,47,35.77868490527453,0.6304284037558685,40.61053240740739,8331.381791949034,117.34340552040892,0
4606,32.248358644178516,0,0,194,0.0,0.0,1.0,194,4850,3500,1350,0.7216494845360825,62,35,27,218.73006149982186,0.41379778501860653,0.7737261560040583,0.14524514253315376,1096165.5049229187,4302.869661154695,1100468.3745840734,4604,1,1740.7731958762886,71,123,41,33.56198905041984,0.6440727699530516,39.2650462962963,8408.274298110326,118.42639856493416,8
4607,32.72345532147806,0,2,192,0.0,0.010309278350515464,0.9896907216494846,194,4650,3100,1550,0.6666666666666666,62,31,31,193.63595492305996,0.41361194202588897,0.7588217982999166,0.13414251755933895,1124483.855895512,98.10104637812219,1124581.95694189,4605,2,1741.7731958762886,75,119,40,32.76634469597951,0.6565277777777778,37.84265350877191,8578.694215102896,114.38258953470528,7
4608,32.85550977983554,1,0,193,0.0051813471502590676,0.0,1.0,193,4950,3600,1350,0.7272727272727273,63,36,27,193.51164305033808,0.41237361470926887,0.7573361528556781,0.1346355714187626,1130247.9660522742,193.22819301533855,1130441.1942452895,4606,0,1751.7720207253885,77,116,42,32.62451631790641,0.6570616883116883,37.70032051282049,8617.989684638693,111.92194395634667,0
4609,33.024017006877465,0,1,192,0.0,0.0051813471502590676,0.9948186528497409,193,4800,3800,1000,0.7916666666666666,58,38,20,192.8322123831891,0.41237473913356365,0.7569127480886197,0.13455521966572034,1136877.7646417946,445.33091302607863,1137323.0955548207,4607,1,1752.7720207253885,79,114,43,32.54432976048697,0.6571729957805907,37.60416666666664,8665.364462533726,109.68815775359147,0
4610,32.66063247020247,0,1,191,0.0,0.005208333333333333,0.9947916666666666,192,5900,4500,1400,0.7627118644067796,73,45,28,190.22423784328558,0.4110953179537522,0.7523148148148144,0.1331569664902997,1125260.8530749427,-1489.62236978679,1123771.230705156,4608,2,1762.7447916666667,67,125,46,32.50661375661373,0.664179104477612,37.49999999999999,8573.416023428135,127.96143318549456,0
4611,32.23310448612716,0,1,190,0.0,0.005235602094240838,0.9947643979057592,191,5250,3600,1650,0.6857142857142857,69,36,33,190.88135349277968,0.41091209699641773,0.7522833335089076,0.1340484918856237,1111425.5054662877,-1019.9190420397049,1110405.586424248,4609,3,1770.874345549738,68,123,43,32.381670978250455,0.6646752450980392,37.39432367149758,8464.596203746698,124.47935593745144,0
4612,32.292542766137686,0,2,188,0.0,0.010526315789473684,0.9894736842105263,190,5250,3600,1650,0.6857142857142857,69,36,33,188.31855921071633,0.4095568783068783,0.7474255920052151,0.1327458389045827,1114515.1948730182,-1273.2208566125878,1113241.9740164056,4610,4,1781.157894736842,72,118,45,32.32402780795134,0.6637731481481481,37.271689497716885,8484.165202770053,117.83562781625074,0
4613,31.98491010342568,0,0,188,0.0,0.0,1.0,188,6100,4100,2000,0.6721311475409836,81,41,40,188.895488178552,0.40902276045814845,0.7459012470601103,0.13360062709355763,1104818.4308255287,-1960.956632109987,1102857.4741934186,4611,5,1782.4840425531916,73,115,41,32.197273993144805,0.6643835616438356,37.16216216216216,8406.844615022019,115.16225500030163,0
4614,31.868412231718835,0,1,187,0.0,0.005319148936170213,0.9946808510638298,188,4900,3100,1800,0.6326530612244898,67,31,36,187.77590732451813,0.40887520385330145,0.7450987760605274,0.1335009532896231,1102209.7345851806,-1106.3134052702922,1101103.4211799104,4612,6,1783.4840425531916,73,115,46,32.05461000499537,0.6660958904109588,36.99324324324324,8381.607744051726,114.81654443906473,0
4615,32.0954883408422,0,0,187,0.0,0.0,1.0,187,5750,4000,1750,0.6956521739130435,75,40,35,187.84866142799686,0.4080510992275698,0.7436620597205517,0.13395033078647198,1110876.6140489436,-1414.6630078481498,1109461.9510410954,4613,7,1793.6524064171124,75,112,45,31.954573869556125,0.6661111111111111,36.8969298245614,8444.421521255566,112.59228695007423,0
4616,32.26569544144052,1,2,186,0.005319148936170213,0.010638297872340425,0.9893617021276596,188,5150,3400,1750,0.6601941747572816,69,34,35,189.06291871292146,0.40829268119239964,0.746411473430943,0.13569585107622698,1118550.6733694875,-454.70899289216777,1118095.9643765953,4614,0,1785.1063829787233,81,107,45,31.70871928470346,0.6656378600823045,36.6869918699187,8495.977326094757,104.8886089641328,0
4617,32.43249951152673,0,0,186,0.0,0.0,1.0,186,5700,4300,1400,0.7543859649122807,71,43,28,188.52964548945698,0.40772910006780977,0.7434743332528024,0.13586395538340076,1125449.0008844782,-463.8997693572792,1124985.101115121,4615,1,1793.6827956989248,84,102,46,31.589679180040623,0.6657986111111112,36.5563725490196,8544.13531861873,101.71589665022297,0
4618,32.32368316761898,0,1,185,0.0,0.005376344086021506,0.9946236559139785,186,5900,4800,1100,0.8135593220338984,70,48,22,191.40648242628757,0.4076939843068876,0.7473897160565726,0.1387982622066946,1123370.815451709,-95.90875080764636,1123274.9067009015,4616,2,1794.6827956989248,71,115,45,31.310763412537238,0.67356220657277,36.357060185185176,8521.910855953698,120.0269134641366,0
4619,32.48380670009858,0,0,185,0.0,0.0,1.0,185,4950,3900,1050,0.7878787878787878,60,39,21,188.5854346674564,0.4073026831179005,0.7421761553386863,0.13710314778792387,1129635.705627943,656.5681123449458,1130292.2737402879,4617,3,1805.0162162162162,73,112,47,31.30187483319993,0.6733732876712328,36.27533783783784,8566.78094772448,117.35316366745862,0
4620,32.786645797671795,0,0,185,0.0,0.0,1.0,185,5000,3800,1200,0.76,62,38,24,187.58275978588244,0.4070713376419898,0.7412359373940942,0.13673623108312793,1140897.4489301622,802.5384205984701,1141699.9873507607,4618,4,1806.0162162162162,73,112,46,31.2422740693311,0.6742294520547945,36.19087837837838,8649.416228803024,118.4851538192195,0
4621,32.648844858181484,0,0,185,0.0,0.0,1.0,185,5150,3600,1550,0.6990291262135923,67,36,31,187.83470396843734,0.40652663533098315,0.7414811049068646,0.13751755756578551,1137294.5708862292,574.6778094651763,1137869.2486956944,4619,5,1807.0162162162162,76,109,46,31.094638921633976,0.6742050438596492,36.05248917748918,8617.581331547339,113.38922804667551,0
4622,32.569063056547485,0,0,185,0.0,0.0,1.0,185,4600,3200,1400,0.6956521739130435,60,32,28,185.33345921189266,0.4064837935761849,0.7381011360374026,0.13600751628133326,1135159.6266575002,476.61207322302425,1135636.2387307233,4620,6,1808.0162162162162,77,108,47,31.08434496712191,0.674512987012987,35.9775641025641,8598.96336308686,111.67484887125791,0
4623,32.508136964816856,0,0,185,0.0,0.0,1.0,185,6700,5200,1500,0.7761194029850746,82,52,30,186.3379844697031,0.4060761848805327,0.7399762534892194,0.13738172459169612,1134297.3034697347,-1427.4653364059996,1132869.8381333288,4621,7,1809.0162162162162,77,108,49,30.9081842003269,0.6760010822510822,35.8306623931624,8587.653008828041,111.52796115361093,0
4624,32.53255946376275,0,1,184,0.0,0.005405405405405406,0.9945945945945946,185,5350,3800,1550,0.7102803738317757,69,38,31,187.13703679388738,0.4053748041519781,0.7407980409975439,0.1384894938117099,1136165.6402475492,173.73424459128637,1136339.3744921405,4622,8,1810.0162162162162,80,105,42,30.766649635865225,0.6759114583333333,35.71244855967078,8597.950482764774,107.47438103455968,0
4625,32.96679731840695,0,0,184,0.0,0.0,1.0,184,5650,3800,1850,0.672566371681416,75,38,37,187.55436789365984,0.4049575067316069,0.7403065303040866,0.13925353013816363,1152227.4877441563,771.0596267109493,1152998.547370867,4623,9,1809.9510869565217,80,104,42,30.650809864292988,0.676953125,35.60956790123456,8716.105787926028,108.95132234907535,0
4626,32.86595912928462,0,1,183,0.0,0.005434782608695652,0.9945652173913043,184,4900,3300,1600,0.673469387755102,65,33,32,187.985019365065,0.40474961887225785,0.741048885111216,0.1399234936775578,1149385.9252809258,1513.4670843736815,1150899.3923652994,4624,10,1810.9510869565217,81,103,43,30.559374849896713,0.6773405349794239,35.53099593495935,8692.027478564243,107.30898121684251,0
4627,32.4413266409761,0,0,183,0.0,0.0,1.0,183,4750,3600,1150,0.7578947368421053,59,36,23,189.3018863723915,0.40448167497347826,0.7411989638292666,0.1413621508597272,1135407.7997065517,1636.9676572752887,1137044.767363827,4625,11,1820.9234972677596,81,102,43,30.42099798338695,0.678369341563786,35.42936991869918,8583.02223007632,105.96323740834963,0
4628,32.62260529334165,0,0,183,0.0,0.0,1.0,183,5100,3300,1800,0.6470588235294118,69,33,36,188.8264122647461,0.4042202105726696,0.7405908592981727,0.1416629919539638,1143001.974438298,1465.792408941159,1144467.766847239,4626,12,1821.9234972677596,70,113,42,30.28609894880749,0.684970238095238,35.28462441314556,8635.705212848683,123.36721732640976,0
4629,32.65081949583623,0,0,183,0.0,0.0,1.0,183,5150,3500,1650,0.6796116504854369,68,35,33,188.17757899387863,0.4039712564302728,0.7399025312850938,0.1417604428420557,1145100.350122378,1346.442318214562,1146446.7924405925,4627,13,1822.9234972677596,71,112,45,30.172484431334002,0.6857394366197183,35.156250000000014,8647.365475850405,121.793879941555,0
4630,32.30106820037938,0,1,182,0.0,0.00546448087431694,0.994535519125683,183,4750,3200,1550,0.6736842105263158,63,32,31,186.2294561476638,0.40328194119177724,0.7368667406875222,0.1407493306447246,1133695.7635290928,875.5090957868974,1134571.2726248796,4628,14,1823.9234972677596,74,109,42,30.121509575732155,0.6852477477477478,35.05555555555557,8557.988569311667,115.6484941798874,0
4631,31.899353680789414,0,0,182,0.0,0.0,1.0,182,5450,4100,1350,0.7522935779816514,68,41,27,187.718629162342,0.402879808957157,0.736846577265506,0.14216763395432408,1120135.5747013486,204.06291178201263,1120339.6376131305,4629,15,1831.1153846153845,75,107,44,30.017078269114737,0.6854166666666667,34.99177631578949,8453.591055620418,112.71454740827224,0
4632,31.848223752076912,0,0,182,0.0,0.0,1.0,182,5400,4000,1400,0.7407407407407407,68,40,28,188.3705069124851,0.40238525286867827,0.7380789780146886,0.14326245886603844,1119435.6396316062,373.73177866174206,1119809.371410268,4630,16,1832.1153846153845,76,106,46,29.867595285473765,0.686266447368421,34.862012987013,8444.173935564912,111.10755178374883,0
4633,31.554824111603065,0,0,182,0.0,0.0,1.0,182,4200,2500,1700,0.5952380952380952,59,25,34,188.94820561603896,0.4017819197377208,0.7376857471730716,0.13464550218450377,1091986.0241169916,665.7599629396309,1092651.7840799312,4631,17,1833.1153846153845,76,106,48,31.947408340618104,0.6654331140350878,36.91829004329004,8301.497084663753,109.23022479820729,8
4634,31.56546735072667,0,0,182,0.0,0.0,1.0,182,4700,3200,1500,0.6808510638297872,62,32,30,197.5622719018832,0.4012184293606946,0.7426594140035792,0.1315570407320416,1073739.4444723646,1326.0808161254918,1075065.52528849,4632,18,1834.1153846153845,72,110,42,34.01649433776467,0.64453125,39.169520547945226,8233.235983218265,114.35049976692034,8
4635,31.61085400292429,0,0,182,0.0,0.0,1.0,182,5500,3700,1800,0.6727272727272727,73,37,36,199.91895144912172,0.4013132930605306,0.7462398977956466,0.13357390811655517,1076224.753549263,1131.5448506319026,1077356.298399895,4633,19,1835.1153846153845,72,110,42,33.83858752118992,0.6456886574074074,39.05536529680368,8248.682750449212,114.5650382006835,0
4636,31.295892526384783,0,1,181,0.0,0.005494505494505495,0.9945054945054945,182,4500,3300,1200,0.7333333333333333,57,33,24,205.58890737887387,0.4010217452897011,0.7507266963845756,0.13777784412167648,1066338.9069636415,2945.4901556476852,1069284.3971192893,4634,20,1836.1153846153845,75,107,39,33.58601106094016,0.6452777777777778,38.95285087719299,8169.703523266542,108.92938031022057,0
4637,31.03756514708417,0,0,181,0.0,0.0,1.0,181,4600,3100,1500,0.6739130434782609,61,31,30,204.29419323967483,0.400896511152036,0.7479971982100362,0.13715068604239938,1058018.7238340403,2429.416323629298,1060448.1401576695,4635,21,1844.5801104972375,76,105,40,33.5591420133672,0.645422149122807,38.893398268398286,8104.113161578392,106.63306791550515,0
4638,30.886255455222926,0,0,181,0.0,0.0,1.0,181,4800,3600,1200,0.75,60,36,24,204.49031017281573,0.4005755064456722,0.7514372842433319,0.13592332242380403,1050136.590720902,1948.5514320681837,1052085.1421529702,4636,22,1845.5801104972375,73,108,40,33.89895411605937,0.6434075342465753,39.231418918918926,8054.165009966301,110.33102753378495,8
4639,30.45280230420566,0,0,181,0.0,0.0,1.0,181,5100,3800,1300,0.7450980392156863,64,38,26,202.20608035262904,0.4005639963167587,0.7496856605778106,0.13490595728062066,1036405.4290003747,613.4958908703402,1037018.9248912451,4637,23,1846.5801104972375,73,108,41,33.82926873134059,0.6446917808219178,39.10472972972975,7944.992087642886,108.83550804990254,0
4640,31.017037494919325,0,0,181,0.0,0.0,1.0,181,5200,3900,1300,0.75,65,39,26,202.2083190947716,0.3999334970329445,0.7489488215031175,0.13531755464084103,1056442.6636775064,1324.2990484465872,1057766.962725953,4638,24,1847.5801104972375,76,105,45,33.72401907427567,0.6443256578947368,39.00162337662339,8095.396433840386,106.51837412947876,0
4641,30.676382992148746,0,1,180,0.0,0.0055248618784530384,0.994475138121547,181,5150,3700,1450,0.7184466019417476,66,37,29,203.10197775976317,0.3997365459382034,0.7502233308595143,0.136078325099042,1045164.9091464059,1105.0120265479281,1046269.9211729538,4639,25,1848.5801104972375,76,105,39,33.6592860351023,0.6447368421052632,38.96103896103898,8007.731144703806,105.36488348294482,0
4642,31.046000281871688,0,0,180,0.0,0.0,1.0,180,5250,3900,1350,0.7428571428571429,66,39,27,208.4289810147201,0.39924542209807573,0.7538497191777089,0.14236048725619888,1063013.4905513998,3062.5637281056115,1066076.0542795053,4640,26,1859.5111111111112,72,108,42,32.85904811240161,0.6532118055555556,38.31335616438355,8124.323618282577,112.83782803170246,8
4643,31.207139405033022,0,1,179,0.0,0.005555555555555556,0.9944444444444445,180,5150,4200,950,0.8155339805825242,61,42,19,205.59559484223527,0.39901846679081315,0.7488664296956522,0.14086773417598258,1069388.7262052833,2822.32225635096,1072211.0484616342,4641,27,1860.5111111111112,74,106,41,32.82601199002599,0.6532939189189189,38.20833333333332,8169.769036742575,110.40228428030507,0
4644,30.99117645341584,1,0,180,0.005555555555555556,0.0,1.0,180,4900,3300,1600,0.673469387755102,65,33,32,204.18091404159063,0.3993049089592386,0.7445964643029483,0.14063098414691563,1063398.7269620157,2525.1448123535347,1065923.8717743692,4642,0,1857.5166666666667,75,105,43,32.68570475592529,0.6545833333333333,38.0345394736842,8118.617811871362,108.24823749161817,0
4645,30.679627419129428,0,1,179,0.0,0.005555555555555556,0.9944444444444445,180,5650,4200,1450,0.7433628318584071,71,42,29,208.62701054158524,0.39896479929650325,0.7484175870271936,0.14437505497465306,1053970.2274249748,2327.3315495015077,1056297.5589744763,4643,1,1858.5166666666667,79,101,35,32.40902298279603,0.6544040084388185,37.87760416666667,8041.817442376242,101.79515749843344,0
4646,31.182061326663646,0,0,179,0.0,0.0,1.0,179,6050,5000,1050,0.8264462809917356,71,50,21,207.66723869302302,0.39774783964178856,0.7462085955191953,0.14408267139034292,1071929.2518279257,2670.917560276871,1074600.1693882025,4644,30,1869.8938547486034,81,98,38,32.346977294381716,0.6544495884773662,37.79217479674798,8176.180485818935,100.94049982492513,0
4647,30.745648106312274,0,0,179,0.0,0.0,1.0,179,4500,3100,1400,0.6888888888888889,59,31,28,208.0844233125593,0.3980342309543239,0.7477192365441578,0.14487334259623597,1057848.7999311052,3724.371497109507,1061573.1714282148,4645,31,1870.8938547486034,81,98,40,32.21933010492333,0.6556069958847737,37.67784552845529,8065.264651871826,99.57116854162747,0
4648,30.535924857446748,0,0,179,0.0,0.0,1.0,179,4200,2500,1700,0.5952380952380952,59,25,34,207.19876717104867,0.39823692800200866,0.7466297273399902,0.14454136220370825,1051152.8453213414,3559.514731784631,1054712.360053126,4646,32,1871.8938547486034,82,97,41,32.17632451650963,0.6558689024390244,37.61295180722893,8012.2311871817565,97.7101364290458,0
4649,31.054532630168946,0,0,179,0.0,0.0,1.0,179,4900,3400,1500,0.6938775510204082,64,34,30,212.2700932224738,0.39785376519573995,0.7519287044426703,0.14858906525573193,1069925.6945237918,4722.645383537133,1074648.3399073288,4647,33,1872.8938547486034,83,96,42,31.927910052910043,0.6566265060240963,37.50000000000001,8151.814815419366,98.21463633035381,0
4650,31.437073950138565,0,0,179,0.0,0.0,1.0,179,5850,4000,1850,0.6837606837606838,77,40,37,206.7388711630271,0.39715021028184044,0.7445230647902772,0.14540296257184016,1084383.6102271748,3186.8486972107926,1087570.4589243857,4648,34,1873.8938547486034,73,106,43,31.915061096521757,0.6625285388127854,37.34515765765765,8257.099702078192,113.11095482298894,0
4651,31.768891998200637,0,0,179,0.0,0.0,1.0,179,4700,3100,1600,0.6595744680851063,63,31,32,207.8875131222672,0.3969161278848367,0.7439398569558713,0.14727954948979283,1097811.7062907042,5144.269099457475,1102955.9753901616,4649,35,1874.8938547486034,76,103,38,31.642481003104685,0.6635142543859649,37.10768398268398,8351.79759471094,109.89207361461764,0
4652,31.290142674030776,0,0,179,0.0,0.0,1.0,179,5200,3400,1800,0.6538461538461539,70,34,36,212.43750123271008,0.3967918942104492,0.7485329982834272,0.15097552189735686,1082105.5838765185,4975.9612617380935,1087081.5451382566,4650,36,1875.8938547486034,77,102,43,31.41889461568409,0.6640963203463204,37.00587606837607,8229.123660252244,106.87173584743174,0
4653,30.992475377078172,0,0,179,0.0,0.0,1.0,179,4800,3700,1100,0.7708333333333334,59,37,22,208.47593414038334,0.39673958529491765,0.7431734637815515,0.14874826124181048,1072857.6657978122,4133.000815373917,1076990.666613186,4651,37,1876.8938547486034,81,98,34,31.392070599784375,0.6637088477366255,36.8775406504065,8154.816342548522,100.67674496973484,0
4654,31.440737954608377,0,0,179,0.0,0.0,1.0,179,5700,3600,2100,0.631578947368421,78,36,42,208.8529409624865,0.39637211516330845,0.7454915729390599,0.14972249053779058,1089636.500801309,4014.757554485135,1093651.2583557942,4652,38,1877.8938547486034,81,98,36,31.22652794531563,0.6652520576131687,36.725101626016254,8277.55708980256,102.19206283706865,0
4655,31.020795980890576,0,3,176,0.0,0.01675977653631285,0.9832402234636871,179,5100,3600,1500,0.7058823529411765,66,36,30,211.38880909061982,0.3960151068148055,0.7493861061136897,0.15209682605300623,1076046.2253814526,4592.826021968198,1080639.0514034207,4653,39,1878.8938547486034,83,96,37,31.039312617702436,0.6656626506024097,36.60714285714284,8170.656084252386,98.44163956930585,0
4656,31.15820489450988,0,0,176,0.0,0.0,1.0,176,3850,2700,1150,0.7012987012987013,50,27,23,211.45047074728313,0.3953382034632034,0.745008151266978,0.1524941174981925,1081423.3667072335,6683.49599347101,1088106.8627007045,4654,40,1897.0852272727273,83,93,38,30.96171043961216,0.6664156626506024,36.532738095238074,8209.166929424015,98.90562565571102,0
4657,31.66106855308441,0,0,176,0.0,0.0,1.0,176,4850,3500,1350,0.7216494845360825,62,35,27,212.52352375913583,0.3946753246753247,0.7484703157043846,0.15383258161969376,1099859.4362215193,6699.200605106724,1106558.636826626,4655,41,1898.0852272727273,71,105,40,30.813127778692586,0.672975352112676,36.41493055555555,8345.384953250059,117.54063314436702,0
4658,31.594632180296827,0,1,175,0.0,0.005681818181818182,0.9943181818181818,176,4250,3200,1050,0.7529411764705882,53,32,21,208.21713828245115,0.3943898809523809,0.7423908228984606,0.1511664386345061,1098346.8736049985,6288.92857270199,1104635.8021777004,4656,42,1899.0852272727273,74,102,38,30.82916337459397,0.6724380630630631,36.31944444444444,8330.8901658741,112.57959683613649,0
4659,31.486767315906583,0,0,175,0.0,0.0,1.0,175,5200,3400,1800,0.6538461538461539,70,34,36,208.53919391839267,0.39403667214012045,0.7421278617454059,0.15178246020293257,1095264.7862291315,5481.127129484555,1100745.9133586162,4657,43,1884.9542857142858,75,100,41,30.73858518672488,0.6727777777777777,36.23903508771929,8304.980129211956,110.73306838949274,0
4660,31.613286707731106,0,1,174,0.0,0.005714285714285714,0.9942857142857143,175,4950,3400,1550,0.6868686868686869,65,34,31,206.4960934756802,0.3936850027367269,0.7399457806501981,0.15096445812700393,1100844.1002681,5514.00124622255,1106358.1015143225,4658,44,1885.9542857142858,77,98,43,30.648278174181485,0.6732954545454546,36.09775641025641,8342.817289416054,108.34827648592278,0
4661,31.920158646637596,0,0,174,0.0,0.0,1.0,174,4050,2300,1750,0.5679012345679012,58,23,35,205.1349409469935,0.3934691493366997,0.736844311384123,0.15019719268020895,1111935.9373167504,6769.382567662234,1118705.3198844127,4659,45,1896.655172413793,78,96,42,30.635032637293115,0.673344017094017,36.04957805907173,8425.339343201354,108.01717106668403,0
4662,32.02110412215449,0,0,174,0.0,0.0,1.0,174,4050,2500,1550,0.6172839506172839,56,25,31,204.89662949019998,0.3932068467211481,0.7371701473207062,0.1502725390349005,1115898.1884176827,6878.755532200653,1122776.9439498833,4660,46,1897.655172413793,78,96,45,30.587499583791146,0.6738782051282051,35.99683544303797,8453.672820856764,108.38042078021492,0
4663,31.56744128230475,0,0,174,0.0,0.0,1.0,174,5100,3600,1500,0.7058823529411765,66,36,30,203.97135620956232,0.3930843465550462,0.7369849490007001,0.14999808000878692,1100800.2064842088,5006.342206470067,1105806.5486906788,4661,47,1898.655172413793,79,95,45,30.5248085330178,0.6743143459915613,35.911458333333336,8336.599532391996,105.52657635939235,0
4664,31.49573320467013,0,1,173,0.0,0.005747126436781609,0.9942528735632183,174,4350,3100,1250,0.7126436781609196,56,31,25,205.9056215108114,0.3931064934777313,0.7399198665651388,0.151795539578901,1098949.560418093,6105.978449384271,1105055.5388674773,4662,48,1899.655172413793,79,95,39,30.393993165089366,0.6751054852320675,35.83333333333334,8320.12285490039,105.31801082152393,0
4665,31.784546978691885,0,0,173,0.0,0.0,1.0,173,5050,3600,1450,0.7128712871287128,65,36,29,204.84664570542353,0.3930369785365417,0.7368984477640981,0.1515953696756273,1110042.0859369738,5827.679579208249,1115869.765516182,4663,49,1897.849710982659,80,93,39,30.298606718245665,0.6759114583333333,35.71244855967079,8400.260094638616,105.0032511829827,0
4666,31.48826395816154,0,1,172,0.0,0.005780346820809248,0.9942196531791907,173,4750,3400,1350,0.7157894736842105,61,34,27,207.55700104634582,0.39306638437065916,0.7382502680557639,0.15418938286475425,1100694.2309544992,6341.358729186171,1107035.5896836855,4664,50,1898.849710982659,82,91,40,30.10440399341816,0.6763211382113821,35.59236947791166,8325.737262431603,101.53338124916588,0
4667,31.601898294384746,0,0,172,0.0,0.0,1.0,172,5450,4000,1450,0.7339449541284404,69,40,29,206.94515656513062,0.3927251915318011,0.7377613369150402,0.15474763557784554,1106383.884081469,5942.157222475582,1112326.0413039445,4665,51,1909.3023255813953,69,103,44,29.910864919581602,0.6844806763285024,35.38690476190478,8362.276123076674,121.19240758082135,0
4668,31.70566338098606,0,0,172,0.0,0.0,1.0,172,4700,3500,1200,0.7446808510638298,59,35,24,209.43122671443552,0.3923667777324448,0.7382012934362676,0.15697335941649979,1110628.7160356708,7420.0668847261,1118048.782920397,4666,52,1910.3023255813953,70,102,42,29.77061508046484,0.6846726190476191,35.313967136150254,8392.04625962988,119.88637513756971,0
4669,31.56847985508597,0,0,172,0.0,0.0,1.0,172,4800,3500,1300,0.7291666666666666,61,35,26,205.46557427405833,0.392176945917766,0.7322071739679283,0.15466293346559368,1106938.2994119609,6287.54267492578,1113225.8420868868,4667,53,1911.3023255813953,74,98,46,29.739427632384036,0.6839808558558558,35.18055555555557,8359.947297179544,112.97226077269654,0
4670,31.77226226908018,0,1,171,0.0,0.005813953488372093,0.9941860465116279,172,4150,2700,1450,0.6506024096385542,56,27,29,204.58170900491797,0.39226265356543816,0.7308201209422658,0.15425444894732948,1114519.054180443,7052.042564556151,1121571.0967449993,4668,54,1912.3023255813953,75,97,48,29.710058214747757,0.6840277777777778,35.12883771929826,8415.55603549859,112.20741380664786,0
4671,31.89947589475949,0,0,171,0.0,0.0,1.0,171,4150,3000,1150,0.7228915662650602,53,30,23,201.96229987082393,0.39201209723655545,0.7262602630960022,0.15283508596631928,1119934.880920331,6886.924851245482,1126821.8057715765,4669,55,1923.1929824561403,77,94,47,29.664348351980635,0.6842532467532467,35.01602564102564,8452.849902561675,109.77727146183993,0
4672,31.547693563966774,0,1,170,0.0,0.005847953216374269,0.9941520467836258,171,4950,3600,1350,0.7272727272727273,63,36,27,204.36515186391784,0.39159930053892905,0.7300309354868837,0.15498796977620094,1108142.690068165,6143.149828534239,1114285.8398966994,4670,56,1924.1929824561403,77,94,44,29.532538502880353,0.6849296536796536,34.949252136752136,8361.739772489967,108.59402301935023,0
4673,32.05137618130071,0,0,170,0.0,0.0,1.0,170,4300,2600,1700,0.6046511627906976,60,26,34,212.0351336475519,0.39108437753799746,0.7443584434460127,0.14761408382739788,1102755.8157075455,8464.595352832837,1111220.4110603784,4671,57,1932.3058823529411,80,90,36,32.11793639899336,0.6559895833333333,37.68004115226337,8407.71568089212,105.09644601115151,8
4674,31.920345877644444,0,0,170,0.0,0.0,1.0,170,4650,3400,1250,0.7311827956989247,59,34,25,213.11068506184904,0.39092339598561315,0.7460870942905353,0.14889605242535164,1099236.1910449555,8201.795543673468,1107437.986588629,4672,58,1933.3058823529411,83,87,39,31.96916985619558,0.6559989959839357,37.56200396825396,8377.111604769192,100.9290554791469,0
4675,32.096931652143844,0,1,169,0.0,0.0058823529411764705,0.9941176470588236,170,4850,3600,1250,0.7422680412371134,61,36,25,196.22183977442467,0.3910872781065089,0.7244295409684858,0.13068514551048482,1091863.0401026201,3999.4749021263237,1095862.5150047464,4673,59,1934.3058823529411,81,89,38,34.04595650903423,0.6405606995884774,39.16412601626015,8372.031219683266,103.35841011954649,8
4676,32.52531889886129,0,0,169,0.0,0.0,1.0,169,4700,3100,1600,0.6595744680851063,63,31,32,195.92268521308114,0.39117533107917724,0.7207665214886938,0.13090052927218385,1107351.37650676,4891.051031920972,1112242.427538681,4674,60,1942.6094674556214,82,87,40,33.94374438886751,0.641260162601626,39.05622489959838,8487.279499813258,103.50340853430802,0
4677,32.354681637443534,0,0,169,0.0,0.0,1.0,169,4650,3200,1450,0.6881720430107527,61,32,29,195.8134556311071,0.39100362778247394,0.7225950506325867,0.13128232063522416,1102536.1033073931,4728.2808693349225,1107264.384176728,4675,61,1943.6094674556214,83,86,36,33.826556463360575,0.6420682730923695,38.93849206349204,8446.56197707659,101.76580695273,0
4678,32.603932434585154,0,1,168,0.0,0.005917159763313609,0.9940828402366864,169,5700,4400,1300,0.7719298245614035,70,44,26,193.11381520746403,0.39058390861275477,0.7206359385215015,0.13005437507573686,1112321.534607885,3460.9310571097467,1115782.4656649947,4676,62,1944.6094674556214,84,85,39,33.742376260849134,0.6432291666666667,38.786764705882334,8516.578674548758,101.38784136367569,0
4679,32.369776044299854,0,0,168,0.0,0.0,1.0,168,4700,3400,1300,0.723404255319149,60,34,26,197.34873341481654,0.39054703093812376,0.7256461275979293,0.13335397695082893,1105292.0070669171,5325.595529635189,1110617.6025965523,4677,63,1945.8690476190477,86,82,41,33.51612373621676,0.6436531007751938,38.67337164750957,8459.084434182068,98.36144690909381,0
4680,32.825752549214485,0,0,168,0.0,0.0,1.0,168,4750,3500,1250,0.7368421052631579,60,35,25,198.69627423579698,0.3905678226879574,0.7277430485935488,0.13474377061854606,1121890.1826141644,6233.079877430477,1128123.262491595,4678,64,1946.8690476190477,87,81,42,33.358659316943616,0.6445162835249042,38.55350378787879,8582.177989518234,98.64572401745096,0
4681,32.54412785091844,0,1,167,0.0,0.005952380952380952,0.9940476190476191,168,4350,3000,1350,0.6896551724137931,57,30,27,196.0296208407249,0.3906450491873396,0.7240760674560462,0.13331736292901414,1113084.5522168265,5689.508546946494,1118774.060763773,4679,65,1947.8690476190477,73,95,42,33.33019375672766,0.6512557077625571,38.457207207207205,8511.682087134914,116.59838475527279,0
4682,32.677015009379865,2,0,169,0.011834319526627219,0.0,1.0,169,4900,3900,1000,0.7959183673469388,59,39,20,198.49121510485332,0.39137932046585894,0.7286131589929064,0.13618565999129492,1120146.4757441503,5767.847013174979,1125914.3227573254,4680,0,1935.8224852071005,76,93,41,32.96564195298372,0.6528234649122807,38.16287878787878,8556.055539861285,112.57967815606953,0
4683,32.774194482469206,0,1,168,0.0,0.005917159763313609,0.9940828402366864,169,3950,2900,1050,0.7341772151898734,50,29,21,199.24189586033373,0.39123843570958955,0.7292410257601496,0.13731311928022744,1124753.6254159997,7069.608940733344,1131823.234356733,4681,1,1936.8224852071005,78,91,44,32.79438656533628,0.6534455128205128,38.0142405063291,8586.372233282944,110.08169529849928,0
4684,33.00240087892738,0,0,168,0.0,0.0,1.0,168,4550,3000,1550,0.6593406593406593,61,30,31,199.56635469496973,0.3911017251211862,0.7273799008267559,0.1378563788465793,1133251.1061975795,7081.758443578579,1140332.8646411581,4682,2,1947.8809523809523,80,88,43,32.70735188274937,0.6533854166666666,37.93724279835391,8648.70016860573,108.10875210757163,0
4685,32.71402766985237,0,1,167,0.0,0.005952380952380952,0.9940476190476191,168,4450,3000,1450,0.6741573033707865,59,30,29,201.24046428511616,0.39049430900104554,0.7283322523106854,0.13960066853164355,1124546.1500079837,7210.837867529269,1131756.987875513,4683,3,1948.8809523809523,83,85,38,32.52104615966703,0.6536144578313253,37.797619047619044,8577.695945577356,103.34573428406453,0
4686,33.16207743068907,0,0,167,0.0,0.0,1.0,167,4150,2700,1450,0.6506024096385542,56,27,29,201.5039859985488,0.39004070172907196,0.7268696101558862,0.14005803196995575,1140511.187872036,8413.5100864309,1148924.6979584668,4684,4,1961.1377245508982,84,83,39,32.44805538681994,0.6538938492063492,37.732843137254896,8697.323763409013,103.53956861201206,0
4687,32.92722338386293,0,0,167,0.0,0.0,1.0,167,4250,3200,1050,0.7529411764705882,53,32,21,199.04748019633595,0.3900391987110117,0.7238243734138374,0.13871841766578613,1133189.7833838589,7461.714193357691,1140651.4975772165,4685,5,1962.1377245508982,85,82,42,32.4232456140351,0.6544117647058824,37.6453488372093,8638.61020463263,101.63070828979565,0
4688,32.90652952397846,0,0,167,0.0,0.0,1.0,167,4050,2900,1150,0.7160493827160493,52,29,23,198.06391519833176,0.38978969771300775,0.7219414344646475,0.13829139309977176,1133008.9232924208,7431.6366603885945,1140440.5599528095,4686,6,1963.1377245508982,86,81,42,32.38629450502652,0.6546753875968992,37.5838122605364,8635.206029418532,100.40937243509921,0
4689,33.16797258731798,0,1,166,0.0,0.005988023952095809,0.9940119760479041,167,4550,3400,1150,0.7472527472527473,57,34,23,201.52180484293692,0.38988739388692495,0.7286059413057875,0.14112836219392008,1142868.0466876037,8112.566293161399,1150980.612980765,4687,7,1964.1377245508982,70,97,43,32.195085601445626,0.6626488095238094,37.48532863849764,8707.07942348707,124.38684890695815,0
4690,32.99072290451081,0,0,166,0.0,0.0,1.0,166,5200,3700,1500,0.7115384615384616,67,37,30,244.9262219856741,0.3899438663745893,0.7699967308938902,0.1609941873783881,1118403.9077856406,16385.28875759022,1134789.1965432307,4688,8,1975.0,68,98,40,33.23597905071119,0.642156862745098,39.61352657004831,8590.3379930103,126.32849989721029,8
4691,32.74469279054416,0,0,166,0.0,0.0,1.0,166,5850,4600,1250,0.7863247863247863,71,46,25,248.79935828285824,0.39004578921747596,0.7732963842785923,0.1641731405693467,1111194.6673911582,16242.904034851017,1127437.5714260093,4689,9,1976.0,60,106,40,32.999175187904214,0.6486111111111111,39.480874316939904,8530.618736552991,142.17697894254985,0
4692,32.987203759551875,3,0,169,0.01775147928994083,0.0,1.0,169,4050,2900,1150,0.7160493827160493,52,29,23,237.30885815688896,0.3939108434300742,0.7607059369879889,0.1495045806388399,1105588.201815492,14623.17475291247,1120211.3765684045,4690,0,1941.905325443787,72,97,43,34.951866549088784,0.625,41.0958904109589,8540.522617199038,118.61836968331997,8
4693,33.199436643110104,0,0,169,0.0,0.0,1.0,169,4250,3300,950,0.7764705882352941,52,33,19,234.2453683067732,0.3939284540246079,0.7572449042852905,0.14805247392178608,1113685.9924253374,14125.15709475349,1127811.149520091,4691,1,1942.905325443787,75,94,39,34.913967968391724,0.6247222222222222,40.98135964912281,8599.272939713474,114.65697252951298,0
4694,32.76029926810788,0,0,169,0.0,0.0,1.0,169,4950,3600,1350,0.7272727272727273,63,36,27,230.75144015434168,0.39442742086972854,0.7538935998546961,0.14636670819856207,1100027.6587926832,12016.593295204113,1112044.2520878874,4692,2,1943.905325443787,76,93,39,34.87516965963663,0.6255482456140351,40.85497835497836,8489.668462931211,111.706163985937,0
4695,32.30084495981631,0,1,168,0.0,0.005917159763313609,0.9940828402366864,169,4600,3500,1100,0.7608695652173914,57,35,22,230.18792815046965,0.39449786324786323,0.7542102867546663,0.14634575578033482,1085279.607831985,11563.65287815967,1096843.2607101446,4693,3,1944.905325443787,76,93,39,34.80673555300423,0.6263706140350878,40.77380952380952,8373.224988095222,110.17401300125293,0
4696,31.85380540319834,0,0,168,0.0,0.0,1.0,168,4800,3600,1200,0.75,60,36,24,228.68092741987564,0.3942345962836233,0.7517192270166508,0.14589442625434737,1071270.7298957335,10595.836806064619,1081866.5667017982,4694,4,1954.452380952381,78,90,39,34.720562814581335,0.6267361111111112,40.65137130801688,8261.240749940764,105.91334294795851,0
4697,32.018927570385785,1,0,169,0.005917159763313609,0.0,1.0,169,4600,3200,1400,0.6956521739130435,60,32,28,238.46154882053045,0.3953196909927679,0.7748336929590176,0.14198927408688908,1056271.9239778472,11976.047793479733,1068247.9717713268,4695,0,1943.8816568047337,62,107,38,37.01306190322925,0.6100470430107527,43.138227513227505,8224.438488854868,132.65223369120756,8
4698,32.280313187474,0,0,169,0.0,0.0,1.0,169,4700,3300,1400,0.7021276595744681,61,33,28,242.99513582278726,0.3950760777683855,0.7782281200191434,0.14516270145690446,1065895.3790101656,13301.478479091296,1079196.857489257,4696,1,1944.8816568047337,63,106,35,36.77303027424158,0.6106150793650793,43.017578125,8295.473061800567,131.67417558413598,0
4699,32.00222667819132,1,0,170,0.0058823529411764705,0.0,1.0,170,4500,2900,1600,0.6444444444444445,61,29,32,241.17358692276866,0.3964221487411533,0.7787596711798837,0.14498458655706004,1058617.7528510552,12562.128127042073,1071179.8809780972,4697,0,1934.4352941176471,66,104,37,36.58274903288201,0.6111111111111112,42.7860696517413,8231.418503793504,124.71846217868945,0
4700,32.0156760853026,1,0,171,0.005847953216374269,0.0,1.0,171,4400,3200,1200,0.7272727272727273,56,32,24,224.38945579196988,0.39760061919504647,0.7584580526479283,0.13508948490598413,1059498.6084552417,8948.06323272429,1068446.671687966,4698,0,1924.1169590643274,83,88,43,36.96033773578843,0.6036646586345382,42.733134920634924,8236.572619862209,99.23581469713504,8
4701,31.6681533194642,1,0,172,0.005813953488372093,0.0,1.0,172,5200,3800,1400,0.7307692307692307,66,38,28,223.9181702967172,0.3988430175891926,0.7590936285614358,0.13547172020253395,1049467.2345985002,7398.956591530527,1056866.1911900307,4699,0,1913.9244186046512,66,106,41,36.78815145842138,0.6134785353535354,42.55286069651743,8152.87547912018,123.52841635030576,0
4702,31.778003942440236,1,0,173,0.005780346820809248,0.0,1.0,173,4050,2600,1450,0.6419753086419753,55,26,29,221.5494453886683,0.3999137428865887,0.7579958793831605,0.13489276358474667,1055001.8643358182,8097.015585522515,1063098.8799213406,4700,0,1903.8554913294797,69,104,44,36.612574112574094,0.6141304347826086,42.321428571428584,8188.510658739545,118.67406751796442,0
4703,32.02360940613739,2,0,175,0.011428571428571429,0.0,1.0,175,4800,3800,1000,0.7916666666666666,58,38,20,219.4594463067213,0.40205528188286804,0.7595509764723956,0.13501842756221538,1066268.8227423758,7000.55309063258,1073269.3758330084,4701,0,1883.0857142857142,74,101,40,36.28117151058487,0.615427927927928,41.944444444444464,8263.870316194947,111.6739231918236,0
4704,31.877374971967438,0,1,174,0.0,0.005714285714285714,0.9942857142857143,175,5650,4000,1650,0.7079646017699115,73,40,33,218.66979056986705,0.4019622331691297,0.759329939186143,0.13502213545471933,1062476.629095946,5816.308393958007,1068292.937489904,4702,1,1884.0857142857142,77,98,40,36.167811082949754,0.6153950216450217,41.813568376068396,8230.305693550348,106.8870869292253,0
4705,31.40727544548393,0,0,174,0.0,0.0,1.0,174,4700,3100,1600,0.6595744680851063,63,31,32,215.5144032921809,0.4012364903771621,0.7590080885483177,0.12433523266856594,1026596.9262833323,4749.284797907883,1031346.2110812402,4703,2,1895.8908045977012,65,109,43,38.80787037037038,0.5961538461538461,44.31818181818182,8030.26929003851,123.54260446213092,8
4706,31.110023449830308,4,0,178,0.02247191011235955,0.0,1.0,178,5650,4300,1350,0.7610619469026548,70,43,27,193.6695902482672,0.4057930764510464,0.7348366114066671,0.10832727630370055,1007501.998175681,-2225.500167801329,1005276.4980078797,4704,0,1854.2640449438202,74,104,40,40.57110892818162,0.5793918918918919,45.499999999999986,7917.500967981776,106.99325632407805,8
4707,31.175721114500607,3,1,180,0.016574585635359115,0.0055248618784530384,0.994475138121547,181,6550,4400,2150,0.6717557251908397,87,44,43,190.8092409984934,0.4101007775731533,0.7330677763256768,0.10757551244884721,1012048.5303171877,-4128.357615307763,1007920.1727018799,4705,0,1824.513812154696,79,102,36,40.3334035975267,0.5803006329113924,45.19531249999997,7943.719876167408,100.55341615401782,0
4708,31.011692670264345,4,1,183,0.021739130434782608,0.005434782608695652,0.9945652173913043,184,5000,3600,1400,0.72,64,36,28,186.8505347784508,0.4135266937910826,0.7309780114532023,0.10597275254613178,1008526.8312962101,-4111.244446777961,1004415.5868494321,4706,0,1795.7445652173913,88,96,42,40.201927489674105,0.5793087121212122,44.96722846441943,7908.997931707037,89.87497649667088,0
4709,31.087908203674026,3,0,186,0.016129032258064516,0.0,1.0,186,5100,4000,1100,0.7843137254901961,62,40,22,184.069372395947,0.4160533517388356,0.732007975503808,0.10525020914794049,1013471.4277849051,-4990.190069281432,1008481.2377156237,4707,0,1773.0806451612902,76,110,43,39.95629139072851,0.5870339912280702,44.6563852813853,7938.098854766642,104.44866914166634,0
4710,31.365684324467487,2,0,188,0.010638297872340425,0.0,1.0,188,5750,4100,1650,0.7130434782608696,74,41,33,179.25091392088038,0.4180788248568286,0.7269547447049962,0.10323702368598353,1024718.4122485104,-6613.657618580052,1018104.7546299304,4708,0,1755.2074468085107,78,110,44,39.80095171773447,0.5889423076923077,44.382911392405084,8017.604909205306,102.78980652827316,0
4711,30.983962548313514,1,0,189,0.005291005291005291,0.0,1.0,189,5250,3600,1650,0.6857142857142857,69,36,33,175.75534905490375,0.4192171845097377,0.7220607401176566,0.1016428494250558,1013483.4750532517,-7424.971616127483,1006058.5034371242,4709,0,1746.915343915344,82,107,48,39.731558717697105,0.5889227642276422,44.22690763052211,7924.863914842306,96.6446818883208,0
4712,31.3698783010521,4,4,189,0.02072538860103627,0.02072538860103627,0.9792746113989638,193,5200,4000,1200,0.7692307692307693,64,40,24,170.33513045691137,0.4223899863270006,0.7160364556577734,0.09912240859185559,1027983.9415978245,-8779.644240064932,1019204.2973577596,4710,0,1711.6891191709844,89,104,35,39.6323579275736,0.5888342696629214,43.993055555555564,8030.906691446451,90.23490664546574,0
4713,31.05357057544905,1,1,189,0.005263157894736842,0.005263157894736842,0.9947368421052631,190,4400,3000,1400,0.6818181818181818,58,30,28,179.2461441909836,0.420240415854451,0.7269521900099618,0.1047520146125681,1018884.9744509701,-5873.759391106699,1013011.2150598634,4711,0,1739.7052631578947,86,104,40,39.24213211809613,0.5914486434108528,43.83381226053642,7954.87479001122,92.4985440698979,0
4714,31.315178359857963,1,2,188,0.005263157894736842,0.010526315789473684,0.9894736842105263,190,5500,3900,1600,0.7090909090909091,71,39,32,178.53769321049373,0.42013250719391065,0.7277421870346197,0.10471984552279957,1028564.1919509472,-6772.5043700324995,1021791.6875809147,4712,0,1740.6842105263158,78,112,41,39.12128734094727,0.5958867521367521,43.697257383966246,8026.16609914187,102.89956537361373,0
4715,31.475745323702416,1,0,189,0.005291005291005291,0.0,1.0,189,5500,3900,1600,0.7090909090909091,71,39,32,179.10535478170007,0.4200040339224736,0.7275426779990022,0.10548490800521755,1035072.9211598608,-6222.579446146479,1028850.3417137143,4713,0,1728.3121693121693,80,109,43,38.95097867148064,0.5966145833333334,43.544238683127574,8072.136230006095,100.90170287507618,0
4716,31.596183065442276,4,0,193,0.02072538860103627,0.0,1.0,193,4900,3500,1400,0.7142857142857143,63,35,28,177.70634158322798,0.42280040119458834,0.7333350927041824,0.10572629817426406,1042079.4900454723,-6463.173237020519,1035616.3168084518,4714,0,1693.4715025906735,85,108,46,38.60454788404706,0.5985294117647059,43.168604651162795,8114.89178439485,95.46931511052765,0
4717,31.89116447293172,2,1,194,0.010256410256410256,0.005128205128205128,0.9948717948717949,195,4350,2900,1450,0.6666666666666666,58,29,29,189.88698151354035,0.42530068728522336,0.7450361604207749,0.11057385716895954,1045270.7563092686,-3653.33824401129,1041617.4180652574,4715,0,1677.0923076923077,85,110,41,39.10630933232412,0.5904411764705882,43.96802325581397,8165.157880678705,96.06068094916124,8
4718,32.29560155801861,4,0,198,0.020202020202020204,0.0,1.0,198,5250,3300,1950,0.6285714285714286,72,33,39,195.45640709997,0.42672388008682427,0.755063039520296,0.11523434938246913,1062353.272842541,-3321.249243860201,1059032.023598681,4716,0,1652.6565656565656,80,118,44,38.49231219186097,0.5970052083333333,43.50565843621402,8283.639057030436,103.54548821288044,0
4719,32.253330139420505,2,1,199,0.01,0.005,0.995,200,5350,3300,2050,0.616822429906542,74,33,41,193.93012928823757,0.42786903266331655,0.7530730399497598,0.11499706692626273,1062737.9242013698,-4130.619392022712,1058607.304809347,4717,0,1637.12,83,117,44,38.31281298810041,0.5980170682730923,43.291170634920654,8279.714623216121,99.75559787007376,0
4720,32.33364031364512,1,6,194,0.005,0.03,0.97,200,5350,3900,1450,0.7289719626168224,68,39,29,201.95353094824938,0.4276706448911223,0.7670614263404469,0.11922333526477805,1064014.7915855742,-2373.691171625428,1061641.1004139488,4718,0,1638.08,77,123,40,38.27520388686446,0.5987554112554112,43.456196581196586,8294.995064438084,107.72720862906603,8
4721,32.077325104243364,4,0,198,0.020202020202020204,0.0,1.0,198,4600,3200,1400,0.6956521739130435,60,32,28,195.03876814966875,0.42700108103026885,0.7566372934999595,0.11582819883629658,1057396.2839111418,-2953.346267986645,1054442.9376431552,4719,0,1655.3686868686868,80,118,44,38.22769541553975,0.5997395833333333,43.235596707818935,8236.31523960036,102.9539404950045,0
4722,32.13639199393899,3,3,198,0.014925373134328358,0.014925373134328358,0.9850746268656716,201,5750,4100,1650,0.7130434782608696,74,41,33,199.44453994127193,0.4287137230514096,0.7620301353779382,0.11935375821021901,1061672.9250001842,-3601.0263810467604,1058071.8986191375,4720,0,1631.6467661691543,84,117,36,37.82677791021058,0.6010664682539683,42.95343137254902,8260.549290108704,98.3398725012941,0
4723,32.2586429908029,1,1,198,0.005025125628140704,0.005025125628140704,0.9949748743718593,199,7550,5700,1850,0.7549668874172185,94,57,37,184.14861682481674,0.4269971490448878,0.749962574276958,0.10789804728215618,1059230.0765430552,-8338.849301070295,1050891.227241985,4721,0,1648.964824120603,75,124,42,39.017233156834436,0.5968055555555556,43.73629385964913,8266.71940788162,110.22292543842158,8
4724,31.86385862200208,4,3,199,0.019801980198019802,0.01485148514851485,0.9851485148514851,202,6250,4400,1850,0.704,81,44,37,179.88354780112894,0.42904033873536607,0.7474482045933497,0.10645381817970805,1049296.4271015627,-8899.7671995842,1040396.6599019786,4722,0,1625.450495049505,83,119,43,38.749144318273345,0.5972640562248996,43.36557539682542,8177.36302309447,98.52244606137916,0
4725,31.57090274283921,0,1,198,0.0,0.005025125628140704,0.9949748743718593,199,4550,3200,1350,0.7032967032967034,59,32,27,184.4146208858485,0.4275956804223136,0.7509460807924042,0.10938758654188777,1040342.8377822916,-5979.1139958140875,1034363.7237864775,4723,1,1650.889447236181,81,118,47,38.54568715258879,0.5988940329218106,43.279979674796756,8104.882793826711,100.06028140526804,0
4726,31.44862699915879,6,4,200,0.029411764705882353,0.0196078431372549,0.9803921568627451,204,6250,4400,1850,0.704,81,44,37,177.5150531527165,0.42931748848964874,0.7480829572894481,0.10632991934822561,1039229.8910085543,-10154.210131944745,1029075.6808766095,4724,0,1611.3088235294117,88,116,38,38.35543288565141,0.6000236742424243,42.919007490636716,8084.844242000536,91.87323002273337,0
4727,31.41224666550334,1,3,198,0.004975124378109453,0.014925373134328358,0.9850746268656716,201,4950,3200,1750,0.6464646464646465,67,32,35,183.96911107406385,0.42818097014925377,0.7549615546078459,0.1103662247959651,1038486.3618946258,-6940.1174279412835,1031546.2444666845,4725,0,1636.3532338308457,87,114,41,38.13167495281501,0.600933908045977,42.862215909090914,8077.2755008845925,92.84224713660451,0
4728,31.085378187180105,1,1,198,0.005025125628140704,0.005025125628140704,0.9949748743718593,199,6300,4400,1900,0.6984126984126984,82,44,38,194.60421610443234,0.42684064260697424,0.7623069083480818,0.11551089021106344,1024546.3088802032,-6223.79373953536,1018322.5151406678,4726,0,1653.6231155778894,81,118,39,38.258198918080915,0.5991512345679013,43.25457317073173,7981.028690816844,98.53121840514622,8
4729,30.78992828843178,3,3,198,0.014925373134328358,0.014925373134328358,0.9850746268656716,201,5750,4000,1750,0.6956521739130435,75,40,35,192.3652008243415,0.4287126865671642,0.7630485735507653,0.11515172814677176,1017277.7028023284,-6812.234081260691,1010465.4687210676,4727,0,1617.0696517412935,88,113,40,37.99752234819166,0.5997869318181819,42.94241573033711,7914.784585660516,89.94073392796041,0
4730,31.215845801343836,0,1,197,0.0,0.005050505050505051,0.9949494949494949,198,6100,4200,1900,0.6885245901639344,80,42,38,195.9820208655002,0.4268611452938864,0.7630245918262468,0.1174728713304442,1031742.1213770963,-5259.418808091315,1026482.702569005,4728,1,1642.4545454545455,89,109,40,37.8546937366826,0.5999531835205992,42.89351851851855,8025.7962804520685,90.17748629721426,0
4731,30.959444612206703,0,3,194,0.0,0.015228426395939087,0.9847715736040609,197,5550,3700,1850,0.6666666666666666,74,37,37,200.05219541739496,0.42625565454608244,0.7653253984584796,0.12037198774302721,1024385.3128499818,-3963.8938422048277,1020421.419007777,4729,2,1651.6802030456852,92,105,41,37.60685621398821,0.6004302536231885,42.753136200716874,7964.220031457865,86.56760903758548,0
4732,30.540767127240013,1,1,194,0.005128205128205128,0.005128205128205128,0.9948717948717949,195,5250,3700,1550,0.7047619047619048,68,37,31,204.86223845339242,0.4247180368314389,0.7674202041425098,0.12385707811081251,1011907.5690296118,-2789.670060132614,1009117.8989694791,4730,0,1669.4102564102564,71,124,39,37.30452284606305,0.610475352112676,42.578125,7861.861537832492,110.73044419482383,0
4733,31.047675041770088,2,2,194,0.01020408163265306,0.01020408163265306,0.9897959183673469,196,5600,4100,1500,0.7321428571428571,71,41,30,199.75048257701206,0.42509321036106745,0.7627227793042044,0.12134858173455135,1030104.8682733073,-3647.211091495349,1026457.657181812,4731,0,1661.811224489796,74,122,40,37.25726083283907,0.6107826576576576,42.402777777777786,7997.794847218216,108.0783087461921,0
4734,30.614962814718744,3,0,197,0.015228426395939087,0.0,1.0,197,5100,3700,1400,0.7254901960784313,65,37,28,193.2455871849811,0.42626860388825577,0.7560477875198686,0.11809452550193292,1017446.7317269505,-5176.5817795970825,1012270.1499473534,4732,0,1654.197969543147,79,118,44,37.2053872053872,0.610759493670886,42.1875,7892.920100669677,99.91038102113515,0
4735,31.11166269380445,1,2,196,0.005050505050505051,0.010101010101010102,0.98989898989899,198,5800,3800,2000,0.6551724137931034,78,38,40,190.32207382629193,0.4267660744500846,0.7542524129870942,0.11695974729535157,1035576.402447804,-5981.390296112712,1029595.0121516912,4733,0,1646.8383838383838,84,114,38,37.074704727526026,0.6108630952380952,41.98529411764705,8027.266499452912,95.56269642205848,0
4736,31.397683893529088,1,1,196,0.005076142131979695,0.005076142131979695,0.9949238578680203,197,6000,4200,1800,0.7,78,42,36,196.04684414586305,0.42575926309610135,0.7622386785227142,0.12102965518441544,1046431.8801330464,-4370.066457259059,1042061.8136757874,4734,0,1656.1878172588833,87,110,42,36.75902258799077,0.61147030651341,41.82054924242423,8106.2367826912805,93.17513543323311,0
4737,31.14513285959153,1,0,197,0.005076142131979695,0.0,1.0,197,6150,4500,1650,0.7317073170731707,78,45,33,197.5402654214064,0.4252466849684036,0.7652892804712068,0.12239770818370246,1039070.3343830139,-4498.354070894427,1034571.9803121195,4735,0,1657.1624365482232,91,106,46,36.586635399316194,0.611492673992674,41.68931159420287,8045.120709451019,88.40791988407713,0
4738,31.598714985444392,1,0,198,0.005050505050505051,0.0,1.0,198,6000,4600,1400,0.7666666666666667,74,46,28,191.34707849781844,0.4260103146524466,0.7584670231729043,0.11932749970642909,1056088.9881401572,-5184.091497132551,1050904.8966430246,4736,0,1649.7878787878788,74,124,44,36.51121407467092,0.6203547297297297,41.45833333333335,8169.584436861813,110.3997896873218,0
4739,31.40423623044151,0,2,196,0.0,0.010101010101010102,0.98989898989899,198,6200,4400,1800,0.7096774193548387,80,44,36,188.73023737669448,0.42568985113401353,0.7551826994780011,0.1181546444080989,1050717.12322777,-6139.581583492997,1044577.5416442769,4737,1,1650.7878787878788,77,121,45,36.43736017897089,0.6204004329004329,41.31944444444445,8123.66527488853,105.50214642712376,0
4740,31.51594538256161,0,0,196,0.0,0.0,1.0,196,5350,3700,1650,0.6915887850467289,70,37,33,191.4249954082626,0.4251842403628118,0.7567389466613577,0.12022714831609538,1055386.5126443538,-4144.528332622354,1051241.9843117315,4738,2,1667.3622448979593,78,118,43,36.25118883850481,0.6211271367521367,41.20516877637132,8156.163766133164,104.56620212991236,0
4741,31.90665380191594,1,0,197,0.005076142131979695,0.0,1.0,197,5450,3300,2150,0.6055045871559633,76,33,43,190.87745099085384,0.425740918194689,0.7563714967621349,0.12057355237521507,1070152.6763622826,-3996.3969929851846,1066156.2793692974,4739,0,1659.8934010152284,82,115,37,36.05780879003732,0.6215701219512195,41.00150602409641,8263.775282506826,100.77774734764421,0
4742,32.133365084483636,0,2,195,0.0,0.01015228426395939,0.9898477157360406,197,5450,4000,1450,0.7339449541284404,69,40,29,199.05191220107264,0.4257128612866466,0.7656732009075029,0.1263370299888445,1079156.668172344,-1888.360327151132,1077268.307845193,4740,1,1660.8934010152284,84,113,39,35.674571275455506,0.6225198412698413,40.83333333333334,8327.897117728702,99.14163235391312,0
4743,32.017686862008134,1,1,195,0.00510204081632653,0.00510204081632653,0.9948979591836735,196,5700,3900,1800,0.6842105263157895,75,39,36,194.63552966295913,0.4256982600732601,0.7588287323148948,0.124181643657428,1076800.02764642,-2983.2912555899566,1073816.73639083,4741,0,1667.5357142857142,85,111,41,35.601337256367124,0.6240196078431373,40.64922480620155,8303.811907574112,97.69190479498955,0
4744,32.02960936036955,0,0,195,0.0,0.0,1.0,195,5350,3900,1450,0.7289719626168224,68,39,29,195.0001508740751,0.4258172526213763,0.7593960534294688,0.12500079212498008,1078571.9949026497,-2285.6596530865236,1076286.3352495632,4742,1,1676.1076923076923,73,122,42,35.42367288638172,0.6307077625570776,40.484234234234215,8312.188600334588,113.86559726485737,0
4745,31.536751658999613,0,0,195,0.0,0.0,1.0,195,4900,3300,1600,0.673469387755102,65,33,32,192.37267043684793,0.4253381355185479,0.7565738752076521,0.1237640009141136,1063012.511463003,-3001.0888924166356,1060011.4225705864,4743,2,1677.1076923076923,73,122,45,35.362733803198694,0.63199200913242,40.35754504504502,8188.279622047354,112.16821400064867,0
4746,31.43396884788207,0,1,194,0.0,0.005128205128205128,0.9948717948717949,195,5150,3600,1550,0.6990291262135923,67,36,31,194.31284024682662,0.4255507093135959,0.7581384442606989,0.12524839020252965,1060085.7414559084,-2952.3457345081965,1057133.3957214002,4744,3,1678.1076923076923,74,121,44,35.245200278089754,0.6321790540540541,40.29166666666664,8163.663659535311,110.31977918290961,0
4747,31.80596624341758,0,0,194,0.0,0.0,1.0,194,5600,4300,1300,0.7678571428571429,69,43,26,193.9804203952787,0.42504295532646047,0.7565111231687478,0.12546818680886035,1073628.5252215867,-2747.41746583095,1070881.1077557558,4745,4,1687.6030927835052,77,117,45,35.13076514528509,0.6320346320346321,40.17094017094015,8264.11430598195,107.3261598179474,0
4748,32.05271587118049,0,2,192,0.0,0.010309278350515464,0.9896907216494846,194,5450,4000,1450,0.7339449541284404,69,40,29,193.17034966328904,0.4251425538165696,0.7563804279516446,0.125541626719206,1083337.8427454755,-2396.250022676946,1080941.5927227985,4746,5,1688.6030927835052,78,116,46,34.98294705345367,0.6332799145299146,40.005274261603354,8333.53707209827,106.84021887305474,0
4749,32.409101122691304,0,0,192,0.0,0.0,1.0,192,5800,4000,1800,0.6896551724137931,76,40,36,193.45741989980033,0.4237622254944735,0.7547154896095989,0.12618714067440315,1096446.474128134,-1776.8588113878218,1094669.6153167463,4747,6,1706.8854166666667,80,112,39,34.84688370330086,0.6337239583333334,39.87911522633743,8430.284058753517,105.37855073441897,0
4750,31.902558041431828,0,0,192,0.0,0.0,1.0,192,4950,3700,1250,0.7474747474747475,62,37,25,194.6827519758825,0.42339125672629435,0.7559416313916754,0.12737010630475074,1080174.3641751686,-1291.7364337159102,1078882.6277414525,4748,7,1707.8854166666667,86,106,39,34.70877043648966,0.6325096899224807,39.77490421455938,8301.846222132152,96.53309560618781,0
4751,31.583420259187918,1,1,192,0.0051813471502590676,0.0051813471502590676,0.9948186528497409,193,6000,4200,1800,0.7,78,42,36,200.09493369281574,0.423593120322395,0.7622276626860787,0.13159756133500644,1070849.7367280063,-1745.678586888017,1069104.0581411181,4749,0,1700.0310880829015,90,103,43,34.38420370126158,0.6329861111111111,39.594780219780226,8224.48749400489,91.38319437783211,0
4752,32.050343416371526,0,0,192,0.0,0.0,1.0,192,5200,3700,1500,0.7115384615384616,67,37,30,203.79984654093704,0.42329524796393253,0.7649947448109609,0.13449840861939136,1087671.6868412725,733.4645730346851,1088405.1514143073,4750,1,1709.7395833333333,67,125,44,34.16662991709297,0.6441231343283582,39.47610294117647,8349.880368906717,124.62508013293608,0
4753,32.4793529957326,1,0,193,0.0051813471502590676,0.0,1.0,193,5450,4200,1250,0.7706422018348624,67,42,25,201.89680514750853,0.4235357746833621,0.7641762623928023,0.13418097404051244,1104262.3679196928,539.4088255217603,1104801.7767452146,4751,0,1701.8756476683939,71,122,44,33.97137150466047,0.6443661971830985,39.236111111111114,8469.442395762224,119.28792106707358,0
4754,31.99571808063105,0,2,191,0.0,0.010362694300518135,0.9896373056994818,193,5850,4500,1350,0.7692307692307693,72,45,27,224.7702153617104,0.4236088622625216,0.7763523982473381,0.14266027954590196,1074533.975165527,3854.646602286114,1078388.621767813,4752,1,1702.8756476683939,79,114,39,35.008038585209,0.6244725738396624,40.833333333333336,8292.223602563552,104.96485572865255,8
4755,31.860737872648567,0,1,190,0.0,0.005235602094240838,0.9947643979057592,191,5150,3300,1850,0.6407766990291263,70,33,37,224.62908280133155,0.4223087168182236,0.7742340665713747,0.14301293736937432,1070902.1205221424,4761.152220578134,1075663.2727427206,4753,2,1721.2722513089004,83,108,39,34.9001179771698,0.623995983935743,40.724206349206355,8260.718098230876,99.5267240750708,0
4756,31.965971584652653,0,1,189,0.0,0.005263157894736842,0.9947368421052631,190,5200,3900,1300,0.75,65,39,26,224.8650465060436,0.4217099461617006,0.7748302532916107,0.1438813484198278,1075896.7533158746,5186.314694014841,1081083.0680098895,4754,5,1731.321052631579,67,123,39,34.71424740705752,0.6332400497512438,40.548406862745075,8293.622253818303,123.7854067734075,0
4757,32.078339317886815,0,2,187,0.0,0.010582010582010581,0.9894179894179894,189,5050,3500,1550,0.693069306930693,66,35,31,221.83589557101374,0.42162698412698413,0.770040766762079,0.14228705557110988,1080384.5963765627,5083.616899664251,1085468.213276227,4755,6,1740.2222222222222,70,119,41,34.70616638402109,0.6324404761904762,40.463615023474155,8325.496222614644,118.93566032306633,0
4758,32.16874014776072,1,0,188,0.005319148936170213,0.0,1.0,188,5350,3800,1550,0.7102803738317757,69,38,31,222.07483174893838,0.42145307107369057,0.7694386992402691,0.1433141305510221,1085213.4541578307,5249.719048756603,1090463.1732065873,4756,0,1749.3989361702127,74,114,40,34.48160624532135,0.6326013513513513,40.24999999999998,8355.830253380795,112.91662504568642,0
4759,32.282727851989385,1,0,189,0.005291005291005291,0.0,1.0,189,6700,5200,1500,0.7761194029850746,82,52,30,223.43999908832737,0.42195884460955385,0.77211726118887,0.14505483184058324,1090792.8762681764,4245.351855782692,1095038.2281239592,4757,0,1741.1375661375662,76,113,44,34.234817339716884,0.6337719298245614,40.043290043290014,8392.111720830932,110.42252264251226,0
4760,32.25121963921555,1,0,190,0.005263157894736842,0.0,1.0,190,5800,4300,1500,0.7413793103448276,73,43,30,219.0723516856938,0.42224078715306784,0.7682116012361597,0.14287980312194135,1091074.0996054078,4004.83377278102,1095078.9333781889,4758,0,1732.9684210526316,79,111,40,34.18436410205064,0.6340981012658228,39.882812499999964,8389.096545997427,106.19109551895477,0
4761,32.468042745932884,0,1,189,0.0,0.005263157894736842,0.9947368421052631,190,5150,3600,1550,0.6990291262135923,67,36,31,219.9722875550445,0.4220046644388749,0.7715650442897335,0.14406310890072704,1099619.3028134773,5227.154695912292,1104846.4575093896,4759,1,1733.9684210526316,79,111,41,34.01457541191378,0.635548523206751,39.7395833333333,8450.14633340755,106.96387763807026,0
4762,32.67629149523606,1,1,189,0.005263157894736842,0.005263157894736842,0.9947368421052631,190,5150,3900,1250,0.7572815533980582,64,39,25,220.85114600500773,0.4220760233918129,0.7731146515939908,0.1454913613143409,1108392.5144314158,5807.951407109982,1114200.465838526,4760,0,1732.1263157894737,67,123,42,33.7850305828383,0.6435012437810945,39.53737745098038,8510.952578025386,127.02914295560278,0
4763,32.392294651902716,0,1,188,0.0,0.005291005291005291,0.9947089947089947,189,6050,4300,1750,0.7107438016528925,78,43,35,220.74679418834853,0.4214440504334121,0.7729470762623827,0.14600872716688135,1099922.7257737943,4710.8831138950245,1104633.6088876894,4761,1,1741.994708994709,67,122,43,33.64683752645189,0.6449004975124378,39.39950980392157,8441.44786486166,125.99175917703971,0
4764,32.658939386770875,0,0,188,0.0,0.0,1.0,188,4850,3400,1450,0.7010309278350515,63,34,29,218.27630783344785,0.4211058093450146,0.7692910230253567,0.14485609519856085,1109945.7142353447,6004.970479770065,1115950.6847151148,4762,2,1751.973404255319,69,119,45,33.59493911719938,0.644927536231884,39.285714285714285,8514.652054408123,123.40075441171193,0
4765,32.69315988790569,0,1,187,0.0,0.005319148936170213,0.9946808510638298,188,4850,3300,1550,0.6804123711340206,64,33,31,220.9740805666189,0.4213066996624569,0.7722857203556364,0.1470468715531353,1111901.6156405685,6690.287439342475,1118591.9030799111,4763,3,1752.973404255319,71,117,44,33.42954318522216,0.644806338028169,39.19270833333333,8526.61448638998,120.09316178014058,0
4766,32.51194323860426,0,1,186,0.0,0.0053475935828877,0.9946524064171123,187,4450,3100,1350,0.6966292134831461,58,31,27,223.9579158572049,0.4212847162325341,0.7734145765326301,0.14975691241839473,1107137.3436331914,7740.434409554438,1114877.7780427458,4764,4,1760.4491978609626,74,113,44,33.183098279226535,0.6449887387387387,39.027777777777786,8484.714075741329,114.65829832082878,0
4767,32.94284885033496,0,0,186,0.0,0.0,1.0,186,5150,3500,1650,0.6796116504854369,68,35,33,224.02768841226603,0.4207976121282573,0.772036463871375,0.1504998420180002,1123162.6503469711,7973.906453645138,1131136.5568006162,4765,5,1770.516129032258,75,111,37,33.02059276366436,0.6461111111111111,38.87061403508771,8602.345892222866,114.69794522963821,0
4768,32.96887121246428,0,0,186,0.0,0.0,1.0,186,5450,3500,1950,0.6422018348623854,74,35,39,226.1391217441503,0.42039862443088255,0.7746126639637103,0.15280774817072346,1125747.2870827455,8265.100561350386,1134012.3876440958,4766,6,1771.516129032258,78,108,39,32.763909211699215,0.6467681623931624,38.67352320675106,8615.638957803665,110.4569097154316,0
4769,32.96990042325159,0,1,185,0.0,0.005376344086021506,0.9946236559139785,186,5250,4000,1250,0.7619047619047619,65,40,25,224.46414320139382,0.4204046788724208,0.7730554360929982,0.1520387417145859,1126475.3955433778,8120.666899619049,1134596.062442997,4767,7,1772.516129032258,80,106,40,32.72545956937406,0.6467447916666667,38.59310699588477,8618.559232297246,107.73199040371557,0
4770,32.42205922266952,0,0,185,0.0,0.0,1.0,185,4950,3100,1850,0.6262626262626263,68,31,37,227.45113909297498,0.4204991676459067,0.7757517973165202,0.15464037793265123,1108824.2626493822,8490.668318705988,1117314.9309680883,4768,8,1778.4918918918918,69,116,41,32.51866998577523,0.6532306763285024,38.467261904761905,8479.429923190724,122.89028874189455,0
4771,32.12839424530061,0,0,185,0.0,0.0,1.0,185,5600,4000,1600,0.7142857142857143,72,40,32,228.94954030793605,0.42002301214257737,0.7777712281529074,0.15644316576928258,1100194.5798301848,7777.808660280654,1107972.3884904655,4769,9,1779.4918918918918,72,113,39,32.30745637949833,0.6533564814814814,38.299086757990864,8408.030114994475,116.77819604158994,0
4772,32.20265112912685,0,1,184,0.0,0.005405405405405406,0.9945945945945946,185,5650,3900,1750,0.6902654867256637,74,39,35,227.80296592746947,0.4199556893850372,0.7759535870949481,0.1560630075041125,1103465.3877891602,7624.537627335084,1111089.9254164954,4770,10,1780.4918918918918,75,110,40,32.249127399650924,0.6527777777777778,38.2127192982456,8430.244470481373,112.40325960641832,0
4773,31.856769725956458,0,0,184,0.0,0.0,1.0,184,5750,4400,1350,0.7652173913043478,71,44,27,228.7352648966508,0.4190530460521105,0.77537008508813,0.15731948361151207,1092706.1668783035,7438.086907022638,1100144.2537853261,4771,11,1790.820652173913,76,108,40,32.090715011276956,0.6536458333333333,38.081709956709965,8343.870652925387,109.78777174901825,0
4774,31.621224589783083,0,0,184,0.0,0.0,1.0,184,6100,3900,2200,0.639344262295082,83,39,44,228.08813665994012,0.4189293032786885,0.7745847897376958,0.15753266432456992,1085778.370022868,6630.633048836745,1092409.0030717049,4772,12,1791.820652173913,79,105,41,31.965492397893286,0.6537447257383966,37.94270833333334,8286.572475181982,104.89332247065799,0
4775,31.769029549780484,0,1,183,0.0,0.005434782608695652,0.9945652173913043,184,6150,4900,1250,0.7967479674796748,74,49,25,231.1669381826332,0.41845474974261504,0.7777048638505659,0.16043205818733475,1092184.227946158,7545.376781135354,1099729.6047272934,4773,13,1792.820652173913,80,104,40,31.721329900277937,0.6549479166666667,37.78292181069959,8330.38210545299,104.12977631816238,0
4776,31.999225614942723,0,2,181,0.0,0.01092896174863388,0.9890710382513661,183,5300,3900,1400,0.7358490566037735,67,39,28,232.6964304236551,0.41789892712023863,0.7791550301692776,0.16208108914180852,1101103.2971422207,9344.561354542564,1110447.8584967633,4774,14,1801.5027322404371,82,101,40,31.558667814827242,0.6553607723577235,37.66315261044178,8394.575966731296,102.37287764306458,0
4777,32.34375895880506,0,0,181,0.0,0.0,1.0,181,3600,2400,1200,0.6666666666666666,48,24,24,233.1109451438495,0.4175580622058523,0.7761125442563361,0.1626856068352195,1113501.4441500446,12113.874812971659,1125615.3189630162,4775,15,1806.46408839779,83,98,40,31.482356647763055,0.6556224899598393,37.59920634920635,8487.028020440415,102.25334964386043,0
4778,32.602048475888445,0,0,181,0.0,0.0,1.0,181,4950,3500,1450,0.7070707070707071,64,35,29,232.26775648196644,0.4175938714958052,0.7752172296900162,0.16273715895331942,1123500.861115214,11040.604883357493,1134541.4659985714,4776,16,1807.46408839779,68,113,41,31.372076864098112,0.6639093137254901,37.469806763285014,8559.022086287725,125.86797185717242,0
4779,32.77691034421941,0,0,181,0.0,0.0,1.0,181,4750,3600,1150,0.7578947368421053,59,36,23,227.0171882338986,0.4173815735625128,0.7683168816091166,0.15967540633631544,1130617.8970926786,10383.939192980703,1141001.8362856593,4777,17,1808.46408839779,72,109,42,31.38027199797179,0.6630497685185186,37.34303652968037,8609.083742951585,119.57060754099423,0
4780,32.448615144830605,0,0,181,0.0,0.0,1.0,181,4800,3600,1200,0.75,60,36,24,234.09280286097248,0.41728309801514224,0.7725810122195655,0.1653529525770524,1120475.5307642212,11459.051506746498,1131934.5822709678,4778,18,1809.46408839779,73,108,41,31.05253584373381,0.6639554794520548,37.204391891891895,8527.35354925173,116.81306231851684,0
4781,32.446069911495925,0,0,181,0.0,0.0,1.0,181,5350,3600,1750,0.6728971962616822,71,36,35,235.6800080800756,0.41666922447309185,0.7730627804538999,0.16710838953069226,1121443.1885956184,11310.347949912371,1132753.5365455307,4779,19,1810.46408839779,76,105,41,30.884143726953113,0.6637883771929824,37.08062770562771,8530.700334549843,112.24605703355057,0
4782,31.932481453799795,0,0,181,0.0,0.0,1.0,181,5100,3700,1400,0.7254901960784313,65,37,28,233.89953450931858,0.41645308983016166,0.7717876958650216,0.16657097002041021,1104880.3954914485,10386.202038784184,1115266.5975302327,4780,20,1811.46408839779,77,104,42,30.786120418316575,0.6647727272727273,36.939102564102555,8400.1872285917,109.09334063106104,0
4783,31.678588975453422,0,0,181,0.0,0.0,1.0,181,4650,3500,1150,0.7526881720430108,58,35,23,230.7310591855061,0.41626381215469616,0.7671836060999941,0.1646273657908847,1096608.6642149768,9754.335721264833,1106362.9999362417,4781,21,1812.46408839779,81,100,35,30.806488276283833,0.6637088477366255,36.8775406504065,8335.348239946215,102.90553382649648,0
4784,31.694558864928837,0,0,181,0.0,0.0,1.0,181,4600,2900,1700,0.6304347826086957,63,29,34,228.10339666251252,0.41579701248209533,0.7644280528870673,0.163115447802061,1097761.8947524226,9280.643383940704,1107042.5381363633,4782,22,1813.46408839779,83,98,36,30.802000879507474,0.6636546184738956,36.80555555555556,8341.831812366694,100.50399773935776,0
4785,31.91074372754122,2,0,183,0.01092896174863388,0.0,1.0,183,4550,3200,1350,0.7032967032967034,59,32,27,222.89675470031585,0.4165953581937189,0.7632417611272821,0.16045467475894565,1107047.5392272663,8201.460758545378,1115248.9999858118,4783,0,1794.6338797814208,85,98,39,30.720281341487716,0.6650735294117647,36.59156976744185,8405.558912825043,98.88892838617697,0
4786,31.67534761826899,0,0,183,0.0,0.0,1.0,183,4850,3600,1250,0.7422680412371134,61,36,25,227.2802900390051,0.41604490682359535,0.7664011667478074,0.16436542451927572,1100113.8992578604,8556.841219853508,1108670.740477714,4784,1,1795.6338797814208,71,112,42,30.453754277140398,0.6726819248826291,36.44386574074074,8348.23216958921,117.58073478294662,0
4787,32.15809075351374,0,0,183,0.0,0.0,1.0,183,4350,2800,1550,0.6436781609195402,59,28,31,225.6750105279023,0.416036149642707,0.775908909151102,0.15629486611900303,1104979.5678112218,8923.25511978305,1113902.822931005,4785,2,1796.6338797814208,76,107,33,31.93570027866654,0.6559758771929824,37.851731601731615,8430.187806028023,110.92352376352662,8
4788,32.142895760843814,0,1,182,0.0,0.00546448087431694,0.994535519125683,183,5400,4000,1400,0.7407407407407407,68,40,28,227.42136287227638,0.4159961168157889,0.7782776789239052,0.15811388776275662,1105532.6935165839,8284.350371880282,1113817.043888464,4786,3,1797.6338797814208,78,105,35,31.75944313173464,0.6563835470085471,37.724156118143476,8430.305110481899,108.08083474976793,0
4789,32.417445979009194,0,0,182,0.0,0.0,1.0,182,4750,3400,1350,0.7157894736842105,61,34,27,226.47397317129165,0.4152342247991419,0.7767939612238506,0.15815510933105467,1116217.6065218856,9408.847254552522,1125626.453776438,4787,4,1808.4945054945056,79,103,36,31.634952532168988,0.6574367088607596,37.57812500000002,8507.046956522856,107.68413869016273,0
4790,32.5950960149888,0,0,182,0.0,0.0,1.0,182,5250,4200,1050,0.8,63,42,21,226.9829357474428,0.41510963714002386,0.777927843121712,0.15911762057137382,1123408.0776361106,9348.892700846867,1132756.9703369574,4788,5,1809.4945054945056,65,117,37,31.493274721971744,0.6658653846153846,37.4526515151515,8557.75603234433,131.6577851129897,0
4791,32.18212630485721,0,0,182,0.0,0.0,1.0,182,4650,3000,1650,0.6451612903225806,63,30,33,229.96057960999207,0.4146580859288042,0.7799629165450579,0.16174995629203248,1110108.5242264355,10006.239932220815,1120114.7641586564,4789,6,1810.4945054945056,65,117,36,31.302077074069636,0.6669871794871796,37.342171717171716,8452.887404757475,130.04442161165346,0
4792,32.40307437315427,0,0,182,0.0,0.0,1.0,182,5650,4400,1250,0.7787610619469026,69,44,25,229.12180134590727,0.4145600601056402,0.7795416838373252,0.16224879734999062,1119599.70261008,9254.940129672555,1128854.6427397525,4790,7,1811.4945054945056,68,114,38,31.09948984475199,0.6674325980392157,37.122584541062785,8518.03644413848,125.2652418255659,0
4793,32.606413497982686,0,0,182,0.0,0.0,1.0,182,4800,3000,1800,0.625,66,30,36,231.48440606593257,0.41442661850120416,0.7825434828446882,0.164684620315477,1127918.0835645045,11019.089532990578,1138937.173097495,4791,8,1812.4945054945056,70,112,40,30.883139037632006,0.6678571428571429,36.971830985915474,8576.405240490474,122.52007486414963,0
4794,32.32206237207851,1,0,183,0.00546448087431694,0.0,1.0,183,4500,3500,1000,0.7777777777777778,55,35,20,227.40008411502274,0.4137054885005705,0.7799196111029274,0.16251804176660795,1119336.2315064878,9807.430639513525,1129143.6621460014,4792,0,1803.5846994535518,73,110,36,30.839707245756664,0.6678082191780822,36.82432432432432,8506.38060400309,116.52576169867247,0
4795,32.26183367080687,0,0,183,0.0,0.0,1.0,183,5600,4400,1200,0.7857142857142857,68,44,24,229.87405681866863,0.41336896254929045,0.7819831506065249,0.16485874973372378,1118203.7477838034,9209.206370580601,1127412.954154384,4793,1,1804.5846994535518,77,106,36,30.65976625243045,0.6670725108225108,36.71207264957266,8494.151319711002,110.31365350274028,0
4796,32.415689065973005,0,0,183,0.0,0.0,1.0,183,5100,3900,1200,0.7647058823529411,63,39,24,229.77464024044292,0.4130649632698813,0.7820840835149545,0.16526679266309355,1124334.4031798271,9968.706600119713,1134303.109779947,4794,2,1805.5846994535518,77,106,36,30.566752864820998,0.6680194805194806,36.61858974358975,8537.689900629292,110.87908961856223,0
4797,32.72632080544757,0,0,183,0.0,0.0,1.0,183,5300,3600,1700,0.6792452830188679,70,36,34,229.53589224860428,0.41281600912748456,0.7816663658193708,0.16544470155581276,1135694.4587065657,10236.528180201647,1145930.9868867672,4795,3,1806.5846994535518,78,105,36,30.50352435769105,0.6682692307692308,36.55063291139242,8621.728503333929,110.53498081197344,0
4798,32.85167051585177,1,1,183,0.005434782608695652,0.005434782608695652,0.9945652173913043,184,6000,4100,1900,0.6833333333333333,79,41,38,225.12613443918653,0.41321733685752754,0.7781002235966241,0.16312986049362535,1141516.536084098,8597.041033404426,1150113.5771175025,4796,0,1797.7608695652175,66,118,39,30.445835299205772,0.6761363636363636,36.38059701492536,8660.337768451189,131.2172389159271,0
4799,32.60733010643496,0,0,183,0.0,0.0,1.0,183,5000,3500,1500,0.7,65,35,30,221.4655511947048,0.4130399427530575,0.7727923700408317,0.16101144127398764,1133938.3957284368,8625.658366167372,1142564.0540946042,4797,1,1805.344262295082,67,116,39,30.433898698884747,0.6766169154228856,36.27450980392155,8599.384116304873,128.34901666126675,0
4800,32.45305124917058,0,1,182,0.0,0.00546448087431694,0.994535519125683,183,4950,3500,1450,0.7070707070707071,64,35,29,220.1750036600202,0.4127884865589784,0.7716348627187175,0.16036339470410677,1129067.3432593541,8168.481286907328,1137235.8245462615,4798,2,1806.344262295082,68,115,40,30.40894046052004,0.6766237745098039,36.21678743961351,8560.57011589305,125.8907369984272,0
4801,32.51809209905714,0,0,182,0.0,0.0,1.0,182,4900,3400,1500,0.6938775510204082,64,34,30,222.53587816503182,0.41237376803675146,0.7721135950508242,0.16244477792277384,1131938.872709132,9079.402213492525,1141018.2749226245,4799,3,1810.098901098901,69,113,39,30.27413146466638,0.6767814009661836,36.14583333333333,8580.03409238663,124.34832017951638,0
4802,32.69449956965893,0,0,182,0.0,0.0,1.0,182,5900,4700,1200,0.7966101694915254,71,47,24,223.83574767353971,0.4120158156760367,0.7738173089898375,0.16435626074584656,1139687.456612988,8720.558793024731,1148408.0154060125,4800,4,1811.098901098901,70,112,39,30.049336926524784,0.678125,35.95950704225353,8632.671783379592,123.32388261970846,0
4803,33.10970829987265,0,1,181,0.0,0.005494505494505495,0.9945054945054945,182,5600,4300,1300,0.7678571428571429,69,43,26,221.69367195315866,0.4115832372047841,0.7717331820172915,0.16352337221278013,1155414.1752252136,9229.602226481642,1164643.7774516952,4801,5,1812.098901098901,72,110,42,29.959422599114177,0.6785300925925926,35.8162100456621,8747.04822294296,121.48678087420778,0
4804,33.03945674258019,0,0,181,0.0,0.0,1.0,181,4450,2800,1650,0.6292134831460674,61,28,33,220.88758534732426,0.4113835174953959,0.7696286202189568,0.16334349344747504,1153661.8877752011,10315.917739579949,1163977.805514781,4802,6,1819.8563535911603,74,107,37,29.898849879995105,0.6783502252252251,35.73611111111111,8731.135325570449,117.98831521041147,0
4805,33.4202973826389,0,0,181,0.0,0.0,1.0,181,5700,4300,1400,0.7543859649122807,71,43,28,224.5201054251949,0.4110407714344178,0.7727560064147863,0.1666321013292259,1167965.7027175794,10546.356541432466,1178512.0592590119,4803,7,1820.8563535911603,75,106,37,29.68644693866972,0.6790277777777778,35.62225877192982,8835.58273319245,117.80776977589933,0
4806,33.53043197430823,0,1,180,0.0,0.0055248618784530384,0.994475138121547,181,6250,5300,950,0.848,72,53,19,222.01992531225758,0.4110228667894414,0.7712237848622796,0.16537310367020325,1172819.1832885495,9627.845495701296,1182447.0287842508,4804,8,1821.8563535911603,78,103,42,29.636738288714916,0.6788194444444444,35.508966244725734,8868.49861514568,113.69870019417537,0
4807,33.6717197554113,0,0,180,0.0,0.0,1.0,180,4700,3500,1200,0.7446808510638298,59,35,24,221.96044392088749,0.410197470515208,0.7700349956255461,0.16581750810560447,1178583.2637478947,11619.772883842306,1190203.036631737,4805,9,1832.2888888888888,77,103,42,29.543963254593177,0.6801948051948052,35.41666666666667,8908.97585195259,115.70098509029337,0
4808,33.51144119183122,0,1,179,0.0,0.005555555555555556,0.9944444444444445,180,5600,4100,1500,0.7321428571428571,71,41,30,222.39622111506714,0.40999637906062486,0.770064818565888,0.1667151542146318,1173924.124510263,10615.257833379499,1184539.3823436426,4806,10,1833.2888888888888,67,113,42,29.422818160773186,0.6864116915422885,35.30943627450982,8870.162260319461,132.3904814973054,0
4809,33.0820289798415,0,0,179,0.0,0.0,1.0,179,4700,3300,1400,0.7021276595744681,61,33,28,220.28754542791228,0.4086712489276672,0.766593064454139,0.16545978477316925,1159418.192127553,10581.077533649477,1169999.2696612026,4807,11,1844.2513966480446,67,112,43,29.416008505467797,0.6870335820895522,35.2481617647059,8758.527984966346,130.72429828307978,0
4810,32.77598898798843,0,0,179,0.0,0.0,1.0,179,5700,3900,1800,0.6842105263157895,75,39,36,215.91001008040436,0.4083090096876112,0.7606248853736988,0.1627280590589537,1149615.7722410036,8142.710594629662,1157758.4828356332,4808,12,1845.2513966480446,71,108,42,29.423228364377938,0.6858861502347418,35.14178240740743,8680.990023193115,122.26746511539599,0
4811,33.035625072455105,0,0,179,0.0,0.0,1.0,179,5700,4100,1600,0.7192982456140351,73,41,32,216.4174676634613,0.40766822547234954,0.7611292646077075,0.16385893980233618,1159963.3853565895,8707.267688242162,1168670.6530448317,4809,13,1846.2513966480446,74,105,41,29.264937106918254,0.6858108108108107,35.00000000000003,8754.440644200675,118.30325194865777,0
4812,32.85819118555728,0,0,179,0.0,0.0,1.0,179,4900,3600,1300,0.7346938775510204,62,36,26,218.27189683865905,0.40732560207561774,0.763256996412695,0.165634956308781,1154337.999223278,9691.908936681977,1164029.9081599598,4810,14,1847.2513966480446,74,105,42,29.14483451226969,0.6865146396396397,34.930555555555586,8709.702483005085,117.69868220277142,0
4813,32.91253361280384,0,0,179,0.0,0.0,1.0,179,4750,3200,1550,0.6736842105263158,63,32,31,218.30036059933215,0.4068979766911472,0.7634619204170834,0.16634722029092675,1157365.8436233574,9980.67620166606,1167346.5198250234,4811,15,1848.2513966480446,77,102,44,29.01307617416993,0.686417748917749,34.80235042735044,8728.326555596435,113.35489033242123,0
4814,33.00738049505847,0,0,179,0.0,0.0,1.0,179,4450,2900,1550,0.651685393258427,60,29,31,194.67399403798117,0.40689928441403556,0.7323609462582048,0.13854574672468692,1141888.0509578185,4209.181524840638,1146097.2324826592,4812,16,1849.2513966480446,82,97,46,31.839643271784563,0.662474593495935,36.96034136546183,8682.250097840448,105.88109875415181,8
4815,33.32454451290674,0,0,179,0.0,0.0,1.0,179,5100,3700,1400,0.7254901960784313,65,37,28,194.21757256016457,0.4068404368840625,0.7326470758586572,0.1386708240150293,1153782.4996018237,3916.967267012871,1157699.4668688367,4813,17,1850.2513966480446,83,96,48,31.744423499842913,0.6631526104417671,36.85515873015871,8769.181976238555,105.65279489444042,0
4816,32.787556100761435,0,0,179,0.0,0.0,1.0,179,5250,3700,1550,0.7047619047619048,68,37,31,195.22609337159926,0.40664558617370744,0.7337845502671325,0.13970867306905008,1135825.227559798,3298.544385881188,1139123.771945679,4814,18,1851.2513966480446,86,93,37,31.642899381368256,0.6627906976744187,36.78160919540228,8630.287755257852,100.3521832006727,0
4817,32.801314099597974,0,0,179,0.0,0.0,1.0,179,4700,3300,1400,0.7021276595744681,61,33,28,195.4781042620803,0.40648342853555963,0.7345711985996481,0.1403165675801857,1137151.312785351,3957.6365764829825,1141108.949361834,4815,19,1852.2513966480446,87,92,38,31.535972503184183,0.663433908045977,36.68323863636362,8637.135797177472,99.2774229560629,0
4818,32.92840579465935,0,0,179,0.0,0.0,1.0,179,5700,4100,1600,0.7192982456140351,73,41,32,218.83997058531463,0.40622711484945495,0.7648532560465933,0.14656429130314608,1121776.554548597,7597.909640142061,1129374.464188739,4816,20,1853.2513966480446,76,103,44,33.26228729377216,0.6445997807017544,38.974567099567096,8595.151377272068,113.09409706936931,8
4819,33.078374845471686,0,0,179,0.0,0.0,1.0,179,4550,2600,1950,0.5714285714285714,65,26,39,221.14786102308724,0.40600872512711067,0.7679186972542491,0.14848499240121593,1127625.463482207,9524.391856851555,1137149.8553390584,4817,21,1854.2513966480446,77,102,36,33.114472517730505,0.645021645021645,38.88888888888889,8637.131209650948,112.17053519027205,0
4820,33.49968078538609,0,0,179,0.0,0.0,1.0,179,4650,3200,1450,0.6881720430107527,61,32,29,227.3560740039282,0.4057681041156655,0.7754633174212258,0.15340036923210573,1143430.7010258453,11543.183016159093,1154973.8840420044,4818,22,1855.2513966480446,79,100,38,32.78368882687133,0.6458333333333333,38.723958333333336,8752.663992702572,110.7932150975009,0
4821,33.58073865117582,0,0,179,0.0,0.0,1.0,179,4150,3000,1150,0.7228915662650602,53,30,23,229.1673968570535,0.4054464042851464,0.7788836555653724,0.15516139938972529,1147225.830762972,12631.35144862418,1159857.182211596,4819,23,1856.2513966480446,79,100,39,32.616490244914914,0.6470200421940928,38.606770833333336,8777.777713832751,111.1111103016804,0
4822,33.072634564553255,0,0,179,0.0,0.0,1.0,179,4250,2600,1650,0.611764705882353,59,26,33,229.48746568763053,0.4052031678279246,0.77916415237576,0.15628485375133938,1131556.4641820022,11885.605049516906,1143442.0692315192,4820,24,1857.2513966480446,63,116,39,32.40832918533264,0.6574074074074074,38.41145833333334,8651.422244816105,137.32416261612866,0
4823,33.161019575735224,0,0,179,0.0,0.0,1.0,179,4650,3200,1450,0.6881720430107527,61,32,29,229.7773105997618,0.40515085891239305,0.7777855959385676,0.15696476022789022,1135474.1531318757,11731.239432437318,1147205.392564313,4821,25,1858.2513966480446,66,113,37,32.29537983206593,0.6565656565656566,38.30845771144281,8677.958356635248,131.48421752477648,0
4824,32.796076811619415,1,0,180,0.005555555555555556,0.0,1.0,180,4300,3000,1300,0.6976744186046512,56,30,26,227.23447416856317,0.4058057883302297,0.777124691713911,0.15597079360719193,1124345.6915701658,10798.020401527361,1135143.7119716932,4822,0,1848.9222222222222,68,112,37,32.199000672624216,0.657015931372549,38.149154589371996,8587.680439274465,126.28941822462448,0
4825,32.64651428330565,0,0,180,0.0,0.0,1.0,180,5550,4300,1250,0.7747747747747747,68,43,25,229.6661745034163,0.4055555555555555,0.7780313921718716,0.15800501785778476,1119876.3383238125,9889.542907945073,1129765.8812317576,4823,1,1849.9222222222222,70,110,41,32.05658712821374,0.6566964285714285,38.07218309859157,8551.030215666953,122.1575745095279,0
4826,32.544926141904945,0,1,179,0.0,0.005555555555555556,0.9944444444444445,180,4550,2900,1650,0.6373626373626373,62,29,33,227.25852746567102,0.40514367370163457,0.7750758447536343,0.15684940534616293,1117296.809249566,10233.045522430033,1127529.854771996,4824,2,1850.9222222222222,75,105,40,32.011062872685436,0.6552777777777778,37.966008771929836,8527.876891186143,113.70502521581524,0
4827,32.86430621746061,0,2,177,0.0,0.0111731843575419,0.9888268156424581,179,4800,3100,1700,0.6458333333333334,65,31,34,227.2486116175764,0.40505931831021275,0.7744806108371678,0.1575333595789649,1129514.7124348823,10736.130040490934,1140250.8424753733,4825,3,1862.0837988826815,77,102,34,31.86252037489813,0.6558441558441559,37.82051282051284,8616.346950603504,111.90060974809745,0
4828,33.0425064049202,0,0,177,0.0,0.0,1.0,177,5000,3600,1400,0.72,64,36,28,223.95108997345972,0.40486030859441874,0.7691909607928171,0.15570119296267426,1136474.1801163545,10502.926272750605,1146977.106389105,4826,4,1882.0225988700565,78,99,35,31.85046000703837,0.6563835470085471,37.724156118143476,8666.251251322139,111.10578527336075,0
4829,32.74042850010093,0,1,176,0.0,0.005649717514124294,0.9943502824858758,177,5150,3900,1250,0.7572815533980582,64,39,25,225.3980455039003,0.4050983885464818,0.7717201828350795,0.1572728297870842,1127103.6795003086,10259.393287925162,1137363.0727882336,4827,5,1883.0225988700565,78,99,37,31.691164154103905,0.6575854700854701,37.60548523206754,8590.90884957823,110.13985704587475,0
4830,33.029617766213775,0,1,175,0.0,0.005681818181818182,0.9943181818181818,176,4950,3700,1250,0.7474747474747475,62,37,25,226.98260570121266,0.4049533279220779,0.7726480728210721,0.15882479515205747,1137860.6582001974,11504.915424635894,1149365.5736248333,4828,6,1891.2556818181818,79,97,38,31.555022983944347,0.6580959915611815,37.51302083333336,8669.844590483175,109.74486823396424,0
4831,33.38652846218902,0,0,175,0.0,0.0,1.0,175,4300,2900,1400,0.6744186046511628,57,29,28,221.65634564465392,0.4042857142857143,0.763732533433322,0.15581377802696061,1151478.822778038,11746.517588837307,1163225.3403668753,4829,7,1877.5257142857142,67,108,39,31.540597355886067,0.6655783582089552,37.36213235294115,8768.566643447106,130.87412900667323,0
4832,33.57257943520136,0,1,174,0.0,0.005714285714285714,0.9942857142857143,175,4350,2900,1450,0.6666666666666666,58,29,29,219.92433738413564,0.4040654077723043,0.761874332999491,0.1549442639335511,1158543.6348359254,11608.38824437953,1170152.023080305,4830,8,1878.5257142857142,68,107,39,31.510985327356995,0.6657475490196079,37.28864734299515,8819.897755606447,129.70437875891835,0
4833,33.49414785077723,0,0,174,0.0,0.0,1.0,174,4550,3300,1250,0.7252747252747253,58,33,25,221.6597377027902,0.40339304697362305,0.761274838133511,0.1568426485261921,1157075.9889628028,11945.432043138208,1169021.421005941,4831,9,1889.7298850574712,70,104,40,31.32151428890375,0.6660714285714286,37.14788732394366,8804.00752486098,125.77153606944256,0
4834,33.610826775599925,0,1,173,0.0,0.005747126436781609,0.9942528735632183,174,4650,3200,1450,0.6881720430107527,61,32,29,224.1746432078471,0.40307122450335525,0.7627987794273434,0.15909309411568195,1161958.4004333501,12646.321967901296,1174604.7224012513,4832,10,1890.7298850574712,71,103,41,31.156866116460353,0.6665199530516432,37.051504629629626,8837.916328798146,124.47769477180488,0
4835,33.345898535896,0,0,173,0.0,0.0,1.0,173,4550,3200,1350,0.7032967032967034,59,32,27,222.16814468332635,0.40260647712506165,0.7598303996758775,0.1580557858335685,1153496.5198345634,12104.036342063788,1165600.556176627,4833,11,1899.3179190751446,72,101,40,31.128388397620228,0.6668113425925926,36.97203196347033,8770.903934249032,121.81811019790322,0
4836,33.27822051465272,0,0,173,0.0,0.0,1.0,173,5500,4200,1300,0.7636363636363637,68,42,26,220.76064618837785,0.40252246045615453,0.7622893251343503,0.14843433726450853,1134852.9959422585,10006.17614260582,1144859.1720848642,4834,12,1900.3179190751446,79,94,38,33.07578609296839,0.6446466244725738,38.84114583333333,8690.901938312354,110.01141694066271,8
4837,33.54521560852229,0,0,173,0.0,0.0,1.0,173,4700,3100,1600,0.6595744680851063,63,31,32,226.7202771867487,0.40252666128959985,0.7687360035582003,0.1529713880978246,1144984.922245841,12618.259789245069,1157603.182035086,4835,13,1901.3179190751446,79,94,39,32.800300674441,0.6458333333333333,38.723958333333336,8764.561151049595,110.94381203860246,0
4838,33.891102517301185,0,0,173,0.0,0.0,1.0,173,6200,3900,2300,0.6290322580645161,85,39,46,228.95672140955907,0.4023222207285926,0.7717692634289699,0.15514536457258019,1158072.0780192686,12229.677227849406,1170301.755247118,4836,14,1902.3179190751446,82,91,40,32.59391502640423,0.6460873983739837,38.579317269076306,8859.835158576603,108.04677022654394,0
4839,34.1285344168432,0,1,172,0.0,0.005780346820809248,0.9942196531791907,173,4550,3000,1550,0.6593406593406593,61,30,31,228.73641982828974,0.40207297127750147,0.7715417466347352,0.15548594184066822,1167130.7442276399,14243.061581231483,1181373.8058088713,4837,15,1903.3179190751446,60,113,41,32.491293938404596,0.6588541666666667,38.4733606557377,8925.520911781989,148.75868186303313,0
4840,33.63404542371471,0,1,171,0.0,0.005813953488372093,0.9941860465116279,172,3850,2400,1450,0.6233766233766234,53,24,29,226.8652190367957,0.4015707874337005,0.7677875469252571,0.15482905001222846,1151393.0571591938,13992.20762197323,1165385.264781167,4838,16,1913.3720930232557,61,111,42,32.403899661829556,0.6594945355191257,38.34005376344086,8800.682517287172,144.27348388995364,0
4841,34.02232684962843,0,0,171,0.0,0.0,1.0,171,5750,3900,1850,0.6782608695652174,76,39,37,222.79262447313334,0.40094742575392733,0.762685922131245,0.15298807234947656,1166513.330568682,12028.113280058365,1178541.4438487403,4839,17,1924.8479532163742,63,108,43,32.30060134253217,0.660218253968254,38.13476562499999,8909.264594460788,141.41689832477442,0
4842,33.550368269378716,0,0,171,0.0,0.0,1.0,171,4850,3300,1550,0.6804123711340206,64,33,31,220.49171590374976,0.401192523793143,0.7602179543373111,0.15196343168482968,1151400.9452605452,11724.874022739372,1163125.8192832847,4840,18,1925.8479532163742,66,105,41,32.23646470041344,0.6595643939393939,38.01305970149254,8789.758328782656,133.17815649670692,0
4843,33.07208800204434,0,1,170,0.0,0.005847953216374269,0.9941520467836258,171,4700,3600,1100,0.7659574468085106,58,36,22,223.40960618338292,0.4010663914688683,0.761609907120743,0.15442268383444868,1135822.393161186,11850.726710081799,1147673.1198712678,4841,19,1926.8479532163742,69,102,42,32.061473237943844,0.6588164251207729,37.91666666666668,8667.643063869147,125.61801541839344,0
4844,33.46176257925521,0,0,170,0.0,0.0,1.0,170,5700,4500,1200,0.7894736842105263,69,45,24,223.07534820128726,0.4003052848358278,0.7599726039847563,0.15465078271246152,1150068.2419305758,11610.374704781363,1161678.6166353573,4842,20,1938.6941176470589,71,99,38,31.969659345914735,0.658744131455399,37.81828703703705,8773.062231789141,123.56425678576255,0
4845,32.93618661379024,0,0,170,0.0,0.0,1.0,170,5100,3800,1300,0.7450980392156863,64,38,26,223.8688356724675,0.39999782457361643,0.761613031953722,0.15581442839069176,1133129.0557021142,11634.456473335196,1144763.5121754494,4843,21,1939.6941176470589,71,99,39,31.8157322633427,0.6600645539906103,37.68807870370372,8639.554390836704,121.68386465967188,0
4846,32.58221506223263,0,0,170,0.0,0.0,1.0,170,4450,3100,1350,0.6966292134831461,58,31,27,222.62088853612056,0.4001000696136443,0.7604807144391805,0.15524293855060453,1121490.2789328159,11483.432476129374,1132973.7114089453,4844,22,1940.6941176470589,74,96,39,31.783984437033535,0.6592060810810811,37.62500000000002,8548.758676953337,115.52376590477483,0
4847,32.579030325571324,0,0,170,0.0,0.0,1.0,170,4450,3000,1450,0.6741573033707865,59,30,29,224.85002974082656,0.4003154368256178,0.7624627624361651,0.15714238033572395,1121998.3948867128,12006.274491887489,1134004.6693786003,4845,23,1941.6941176470589,78,92,41,31.651615253215446,0.6581196581196581,37.55274261603376,8550.277157175271,109.61893791250347,0
4848,32.35605877014639,0,0,170,0.0,0.0,1.0,170,4500,3500,1000,0.7777777777777778,55,35,20,223.46980028378638,0.40022406891750784,0.7609221301015763,0.15689563784937352,1115596.9315840304,11360.444699657546,1126957.376283688,4846,24,1942.6941176470589,63,107,39,31.53407917028222,0.6676587301587302,37.40234374999999,8496.625198527685,134.8670666432966,0
4849,32.73990175911658,0,0,170,0.0,0.0,1.0,170,4100,2900,1200,0.7073170731707317,53,29,24,224.32716406427534,0.39997244459914144,0.7619414096837267,0.15818683246596935,1130058.7930099727,12600.576852364884,1142659.3698623376,4847,25,1943.6941176470589,64,106,41,31.365634848022747,0.66845703125,37.25961538461537,8602.094380460176,134.40772469469024,0
4850,32.76574873536697,0,0,170,0.0,0.0,1.0,170,4600,3300,1300,0.717391304347826,59,33,26,227.17924764961464,0.39966715976331363,0.7650587374671876,0.1609088246305821,1132192.9408014822,12842.148097097133,1145035.0888985794,4848,26,1944.6941176470589,64,106,39,31.143191701211087,0.669921875,37.11538461538461,8613.611254085894,134.5876758450921,0
4851,32.7693875479933,0,0,170,0.0,0.0,1.0,170,4900,3800,1100,0.7755102040816326,60,38,22,230.6294099837916,0.3994648451096415,0.7678069475720206,0.16411911813791089,1133628.4764783499,13389.613334205313,1147018.0898125551,4849,27,1945.6941176470589,65,105,38,30.89698587943517,0.6708333333333334,36.96338383838384,8619.548814312762,132.6084432971194,0
4852,32.82997610448766,0,0,170,0.0,0.0,1.0,170,4900,3700,1200,0.7551020408163265,61,37,24,227.85859012989198,0.39928500986193294,0.7649207676592329,0.16254302764464806,1136406.0490947163,12887.976032360515,1149294.0251270768,4850,28,1946.6941176470589,65,105,42,30.88915631935699,0.6716346153846153,36.884469696969695,8638.07657256808,132.8934857318166,0
4853,32.46920138285204,0,1,169,0.0,0.0058823529411764705,0.9941176470588236,170,4200,2900,1300,0.6904761904761905,55,29,26,227.3486834576532,0.39883904745330084,0.7644950158834483,0.1627816573556797,1124941.2646063608,12950.783095088707,1137892.0477014496,4851,29,1947.6941176470589,67,103,37,30.78008612662943,0.6716417910447761,36.76470588235294,8547.039775780171,127.56775784746524,0
4854,32.85239284432561,0,1,168,0.0,0.005917159763313609,0.9940828402366864,169,4900,3600,1300,0.7346938775510204,62,36,26,229.89296246718493,0.398530689396074,0.7656556582902945,0.16487621341434502,1138679.2868014767,13654.870908562378,1152334.157710039,4852,30,1959.4674556213017,69,100,37,30.65848782004182,0.6710446859903382,36.71130952380951,8649.663490991832,125.35744189843236,0
4855,33.15376266088816,0,0,168,0.0,0.0,1.0,168,5000,3800,1200,0.76,62,38,24,229.98077437246454,0.39830532387605744,0.7651662620803381,0.16566051622810943,1150350.467240954,14311.698251159985,1164662.1654921141,4853,31,1970.1011904761904,73,95,38,30.512584161590254,0.6703767123287672,36.57094594594593,8733.664336090347,119.63923748068969,0
4856,33.29145911797214,0,0,168,0.0,0.0,1.0,168,4100,2700,1400,0.6585365853658537,55,27,28,228.72122783064762,0.39816126675220986,0.7636840337497031,0.16541553706696718,1156256.6057762266,15192.086112087205,1171448.6918883137,4854,32,1971.1011904761904,64,104,41,30.414183793424964,0.6767578125,36.44230769230769,8774.220138688623,137.09718966700973,0
4857,33.0149326647824,0,0,168,0.0,0.0,1.0,168,5150,4100,1050,0.7961165048543689,62,41,21,228.3111162028728,0.39773726356810185,0.7624462646682935,0.16582901073064377,1147846.2664561905,13663.21246478265,1161509.4789209731,4855,33,1972.1011904761904,67,101,40,30.284700437628313,0.6763059701492538,36.305147058823536,8705.86781390265,129.9383255806366,0
4858,32.939114062832765,0,0,168,0.0,0.0,1.0,168,4550,3100,1450,0.6813186813186813,60,31,29,227.81838604431405,0.39725831075943346,0.761131504221237,0.16600911083145772,1146109.0283505667,14070.941813928785,1160179.9701644955,4856,34,1973.1011904761904,68,100,39,30.19188031742399,0.6767769607843137,36.20169082125605,8689.2825956211,127.78356758266324,0
4859,32.904619771317385,0,0,168,0.0,0.0,1.0,168,4400,2900,1500,0.6590909090909091,59,29,30,225.57237458666336,0.3972308359471533,0.7586630321704533,0.16501917228302124,1145992.4622798339,13700.848194975912,1159693.3104748097,4857,35,1974.1011904761904,70,98,37,30.123501399003093,0.6769345238095238,36.076877934272304,8684.289980431762,124.06128543473946,0
4860,33.125781350263075,0,0,168,0.0,0.0,1.0,168,4900,3400,1500,0.6938775510204082,64,34,30,225.06607295345862,0.3967808430757533,0.7582696603411208,0.16507257633660433,1154407.7159150632,13463.602241635064,1167871.3181566983,4858,36,1975.1011904761904,71,97,38,30.053521847143095,0.6772300469483568,35.995370370370374,8745.3596365683,123.17407938828592,0
4861,33.5504054534102,0,0,168,0.0,0.0,1.0,168,5200,4000,1200,0.7692307692307693,64,40,24,224.08354531992842,0.3967979220131166,0.7570386119591999,0.164946236203916,1170217.0699546004,13645.27796586513,1183862.3479204655,4859,37,1976.1011904761904,73,95,41,29.962725843415246,0.6773687214611872,35.881193693693696,8861.293039447297,121.38757588283968,0
4862,33.22050348977174,0,0,168,0.0,0.0,1.0,168,3700,2100,1600,0.5675675675675675,53,21,32,225.3424516696705,0.39653431232772546,0.7575500164271762,0.16637021987116923,1159539.2628652465,14958.684060259315,1174497.9469255058,4860,38,1977.1011904761904,75,93,35,29.832885908941567,0.6773611111111111,35.78673245614034,8777.297776484762,117.03063701979683,0
4863,33.418208993138556,0,1,167,0.0,0.005952380952380952,0.9940476190476191,168,5750,4700,1050,0.8173913043478261,68,47,21,225.0555672275446,0.3963108010170136,0.7577095014396129,0.16705755772042363,1167939.2932543138,13220.248026137459,1181159.5412804512,4861,39,1978.1011904761904,77,91,40,29.66690028792241,0.6781655844155844,35.616987179487175,8835.206776671517,114.74294515157814,0
4864,33.036753363905774,0,0,167,0.0,0.0,1.0,167,3850,2600,1250,0.6753246753246753,51,26,25,224.20225960052196,0.3959565808142751,0.7554034332611201,0.16678785306187177,1155205.7946390714,14549.949892339198,1169755.7445314107,4862,40,1963.0838323353294,78,89,40,29.61946134157691,0.6784188034188035,35.54852320675105,8736.618215539207,112.00792584024624,0
4865,32.550985257672146,0,0,167,0.0,0.0,1.0,167,5050,3900,1150,0.7722772277227723,62,39,23,220.56491550896396,0.39565447418416183,0.7525732255433408,0.16485954368349962,1139493.1483603253,11816.441998227765,1151309.590358553,4863,41,1964.0838323353294,64,103,42,29.56450750005049,0.6873372395833333,35.40064102564103,8612.969833163866,134.5776536431854,0
4866,32.89731336926356,0,0,167,0.0,0.0,1.0,167,4950,3500,1450,0.7070707070707071,64,35,29,217.6172410836761,0.39536890075271147,0.747302616988246,0.16321293081275742,1152544.2832657238,11812.701430210062,1164356.984695934,4864,42,1965.0838323353294,67,100,38,29.533661265432105,0.6865671641791045,35.29411764705883,8708.112362452137,129.97182630525577,0
4867,33.27847328852325,0,0,167,0.0,0.0,1.0,167,5000,4100,900,0.82,59,41,18,219.7338889205846,0.3953704037707717,0.7481371464298128,0.16575454922616373,1167478.7940662422,12906.931130497775,1180385.72519674,4865,43,1966.0838323353294,68,99,43,29.29430734450397,0.6878063725490196,35.1147342995169,8814.977239136884,129.63201822260123,0
4868,33.441081082903,0,0,167,0.0,0.0,1.0,167,4200,3300,900,0.7857142857142857,51,33,18,219.074730939216,0.3951344299353101,0.7468074073127478,0.1657113279143445,1173936.2277123611,13835.952645176569,1187772.1803575377,4866,44,1967.0838323353294,69,98,43,29.224933543000482,0.6881038647342995,35.02976190476189,8860.89121669894,128.41871328549186,0
4869,33.13634704849525,0,0,167,0.0,0.0,1.0,167,4450,2900,1550,0.651685393258427,60,29,31,223.70818510004122,0.3949270134429936,0.7504301553526682,0.16987173956021795,1164287.7784533927,14242.141170393563,1178529.9196237864,4867,45,1968.0838323353294,71,96,43,28.980027379068204,0.6882335680751174,34.91030092592593,8784.1042674997,123.71977841548875,0
4870,33.129166349571314,0,0,167,0.0,0.0,1.0,167,4100,3000,1100,0.7317073170731707,52,30,22,220.43629325938224,0.39458733136137364,0.7468547248556787,0.16804876728953586,1165102.6531667917,13866.182026151904,1178968.8351929435,4868,46,1969.0838323353294,72,95,43,28.942595681337185,0.6889467592592593,34.78881278538813,8786.22553900019,122.03091026389153,0
4871,33.35527636259076,0,0,167,0.0,0.0,1.0,167,4500,3000,1500,0.6666666666666666,60,30,30,221.2646625022253,0.3941499531058365,0.7464959718171769,0.16917546021011953,1173851.3485562028,14046.364493214143,1187897.713049417,4869,47,1970.0838323353294,73,94,38,28.828582356166343,0.6893550228310502,34.69876126126127,8849.196137468314,121.22186489682622,0
4872,33.28828922292496,0,0,167,0.0,0.0,1.0,167,4750,3400,1350,0.7157894736842105,61,34,27,219.55266413929465,0.39386437967438614,0.7452829154103486,0.16857657550687316,1172636.2421325005,13341.082205296514,1185977.324337797,4870,48,1971.0838323353294,74,93,39,28.741845882824904,0.6901745495495495,34.56944444444446,8835.729101935016,119.40174462074346,0
4873,32.8269950632167,0,0,167,0.0,0.0,1.0,167,4450,3200,1250,0.7191011235955056,57,32,25,208.86759761716584,0.39347058894259673,0.7333490267622,0.14725987945386657,1133016.2589206735,9480.076812390016,1142496.3357330635,4871,49,1972.0838323353294,70,97,42,31.777580783262582,0.6648809523809525,37.26525821596245,8624.792071480133,123.21131530685905,8
4874,33.09696043584659,0,0,167,0.0,0.0,1.0,167,3900,2500,1400,0.6410256410256411,53,25,28,221.42190161581084,0.39339844407570407,0.7387044357182493,0.1407654471491107,1112012.996231358,11944.806449408958,1123957.802680767,4872,50,1973.0838323353294,82,85,34,35.035806503671466,0.6238567073170731,40.77560240963858,8579.53963105443,104.62853208602962,8
4875,32.70464183359104,2,0,169,0.011834319526627219,0.0,1.0,169,4250,3200,1050,0.7529411764705882,53,32,21,218.83640569121698,0.39555303137033904,0.7414567499513245,0.1398338116195118,1100354.2414125225,10109.513435560111,1110463.7548480825,4873,0,1950.7218934911243,71,98,38,34.9193623350065,0.630575117370892,40.596064814814795,8483.712790455498,119.48891254162673,0
4876,33.034307217307536,1,0,170,0.0058823529411764705,0.0,1.0,170,5350,3900,1450,0.7289719626168224,68,39,29,217.49675424782373,0.39698848474300963,0.7398972877547758,0.13985781999155647,1113341.0617160266,9079.613458812071,1122420.6751748386,4874,0,1940.2411764705882,74,96,37,34.728240517840895,0.6313344594594594,40.37499999999998,8576.532011293417,115.89908123369483,0
4877,32.90933091219593,0,1,169,0.0,0.0058823529411764705,0.9941176470588236,170,4350,3300,1050,0.7586206896551724,54,33,21,217.97402714807652,0.3968913156978768,0.7426060890106552,0.14061166890983676,1110078.584931636,10043.65992167718,1120122.244853313,4875,1,1941.2411764705882,74,96,41,34.602316275422,0.6324605855855856,40.26388888888888,8547.741630402415,115.51002203246507,0
4878,33.35641112466797,1,0,170,0.0058823529411764705,0.0,1.0,170,5000,3500,1500,0.7,65,35,30,218.82551697731267,0.39740326604014387,0.745797914397816,0.1420528504184296,1127057.9232653652,10325.80654438382,1137383.729809749,4876,0,1926.7470588235294,78,92,40,34.35634880378732,0.6328792735042735,40.044831223628684,8671.17148368707,111.16886517547526,0
4879,33.7046259072237,0,0,170,0.0,0.0,1.0,170,4600,3500,1100,0.7608695652173914,57,35,22,217.61879406262975,0.39762370924701246,0.7456880624590259,0.14197622740119953,1140338.4273553805,11031.814676870545,1151370.242032251,4877,1,1927.7470588235294,82,88,37,34.21111352342354,0.6330030487804879,39.87198795180721,8767.517334074078,106.92094309846438,0
4880,33.80504175424475,0,0,170,0.0,0.0,1.0,170,4450,3400,1050,0.7640449438202247,55,34,21,217.65937253532582,0.39760340526743243,0.7457990265204926,0.14236257026016277,1144504.72629287,11372.436117724148,1155877.162410594,4878,2,1928.7470588235294,87,83,37,34.12073155013722,0.6320641762452107,39.7845643939394,8796.593665761875,101.11027202025143,0
4881,34.14225186016842,0,0,170,0.0,0.0,1.0,170,4650,3200,1450,0.6881720430107527,61,32,29,216.3985858270613,0.39735468151757747,0.744284010295686,0.14179403840556454,1156475.259391217,11401.922135248866,1167877.1815264658,4879,3,1929.7470588235294,89,81,38,34.08984791889007,0.6320224719101124,39.722222222222236,8886.469442493877,99.84797126397615,0
4882,33.57511497315779,0,1,169,0.0,0.0058823529411764705,0.9941176470588236,170,4450,3300,1150,0.7415730337078652,56,33,23,213.5855234695623,0.3976983988861817,0.7410132566551886,0.14023944964760504,1137885.19310006,10157.160923308144,1148042.3540233683,4880,4,1930.7470588235294,91,79,40,34.09059609753269,0.6320970695970696,39.65126811594204,8741.238606123103,96.05756710025388,0
4883,33.09061747275399,1,0,170,0.0058823529411764705,0.0,1.0,170,4500,3400,1100,0.7555555555555555,56,34,22,213.36728438239763,0.3976505395057431,0.7417660971360049,0.14085413516961412,1123062.2137051858,9424.94694615194,1132487.1606513378,4881,0,1931.7058823529412,70,100,42,33.90701843300672,0.6425595238095239,39.46596244131456,8621.232175486593,123.16045964980847,0
4884,33.46094279813985,0,0,170,0.0,0.0,1.0,170,4350,3000,1350,0.6896551724137931,57,30,27,209.86160160559427,0.39730029585798815,0.736371159355782,0.1389648135402462,1136544.9299914413,9353.427860944372,1145898.3578523856,4882,1,1932.7058823529412,74,96,42,33.89130164481865,0.6416103603603603,39.36111111111111,8721.222952081825,117.85436421732197,0
4885,33.472612751256705,0,0,170,0.0,0.0,1.0,170,4050,2900,1150,0.7160493827160493,52,29,23,226.82830954213188,0.39775495997215454,0.7470080469793505,0.14006582404982731,1115659.510736204,12562.632168978529,1128222.1429051824,4883,2,1933.7058823529412,85,85,35,35.95558109714141,0.6122549019607844,41.81201550387594,8642.226422066147,101.67325202430762,8
4886,33.49670076865651,1,0,171,0.005847953216374269,0.0,1.0,171,5100,3800,1300,0.7450980392156863,64,38,26,223.73363755536096,0.39856811145510834,0.7471046074998235,0.13882526530422826,1117966.7411359237,10725.35313205076,1128692.0942679744,4884,0,1923.391812865497,72,99,40,35.85770370779485,0.6195023148148149,41.638127853881294,8654.270321308466,120.19819890706202,0
4887,33.63352611168637,3,0,174,0.017241379310344827,0.0,1.0,174,4300,3000,1300,0.6976744186046512,56,30,26,219.8901118933659,0.400612223993976,0.7481777078315064,0.13761071332027902,1125188.1040296452,10383.54761923301,1135571.6516488781,4885,0,1891.212643678161,77,97,42,35.64496317139069,0.6202651515151515,41.33279914529917,8699.890054183474,112.98558511926589,0
4888,33.597525514160004,0,2,172,0.0,0.011494252873563218,0.9885057471264368,174,4100,2500,1600,0.6097560975609756,57,25,32,211.7446629832966,0.40085930060018166,0.7476385457908914,0.1333546425092587,1125940.6148273589,8782.383205165319,1134722.9980325243,4886,1,1892.212643678161,81,93,43,35.625817795224116,0.6208847736625515,41.107723577235795,8698.139862532846,107.38444274731908,8
4889,33.06294914704307,1,0,173,0.005780346820809248,0.0,1.0,173,4250,3000,1250,0.7058823529411765,55,30,25,213.93696176752763,0.4007063001299458,0.7485241501795721,0.1350737949691737,1108786.8546357744,8592.098185710558,1117378.952821485,4887,0,1904.1271676300578,81,92,44,35.47823572211049,0.6217849794238683,41.018800813008156,8562.682218759815,105.71212615752859,0
4890,33.086777317431235,2,0,175,0.011428571428571429,0.0,1.0,175,5150,3700,1450,0.7184466019417476,66,37,29,215.6682239910603,0.4019033935413246,0.7545682639088245,0.13689270212805513,1111196.5328850811,7779.956550470168,1118976.4894355512,4888,0,1883.3542857142857,85,90,35,35.24145713573556,0.6221813725490196,40.830910852713195,8575.069940177811,100.88317576679778,0
4891,33.01568450332321,0,0,175,0.0,0.0,1.0,175,4350,2800,1550,0.6436781609195402,59,28,31,216.04474939075143,0.40174603174603174,0.7560751400463195,0.137374004965027,1109341.4968691126,8583.481135969843,1117924.9780050823,4889,1,1884.3542857142857,86,89,37,35.168121564823835,0.6224563953488372,40.76867816091955,8558.699535218539,99.51976203742487,0
4892,32.710302083889836,0,0,175,0.0,0.0,1.0,175,5100,3600,1500,0.7058823529411765,66,36,30,219.51258850663555,0.4017268746579092,0.7600688468158325,0.14015034496962195,1100299.175077728,8205.904010605855,1108505.0790883338,4890,2,1885.3542857142857,87,88,38,34.93139223560913,0.6235632183908046,40.62500000000002,8484.234603008987,97.51993796562054,0
4893,32.20426139052759,0,0,175,0.0,0.0,1.0,175,5400,3700,1700,0.6851851851851852,71,37,34,218.34783397864146,0.40173097974822114,0.7584903076861833,0.14038881693825597,1085332.5142219048,6996.000725389213,1092328.514947294,4891,3,1886.3542857142857,71,104,39,34.71028373734557,0.6327758215962441,40.37905092592593,8360.900906438346,117.75916769631473,0
4894,31.730930620412718,0,1,174,0.0,0.005714285714285714,0.9942857142857143,175,4550,3400,1150,0.7472527472527473,57,34,23,222.16679320264652,0.40197591680350303,0.7610662991552917,0.1432785564971004,1070253.670608613,8004.965182495536,1078258.6357911085,4892,4,1887.3542857142857,73,102,37,34.50281601719872,0.6328481735159817,40.2730855855856,8241.37670153768,112.89557125394082,0
4895,31.571701987122943,0,0,174,0.0,0.0,1.0,174,5400,3700,1700,0.6851851851851852,71,37,34,217.8488134024104,0.4012454875645029,0.7552888112905574,0.14106603490811842,1066043.715923836,6247.271709820867,1072290.987633657,4893,5,1899.0919540229886,75,99,37,34.47037623066103,0.6333333333333333,40.131578947368425,8204.488345337877,109.39317793783836,0
4896,31.821969857805854,1,0,175,0.005714285714285714,0.0,1.0,175,4450,3300,1150,0.7415730337078652,56,33,23,217.34784372032024,0.40208538587848935,0.7548033995883427,0.13277348465526087,1057447.5288071544,6516.788046722988,1063964.3168538774,4894,0,1889.2342857142858,75,100,38,36.59800494444146,0.6123611111111111,42.201206140350855,8203.665447580412,109.38220596773883,8
4897,32.07908837718302,1,1,175,0.005681818181818182,0.005681818181818182,0.9943181818181818,176,4650,3300,1350,0.7096774193548387,60,33,27,217.55738108447323,0.403103354978355,0.7549716984595354,0.1334787636006342,1067289.847467851,6589.356814630278,1073879.2042824812,4895,0,1879.4943181818182,79,97,34,36.43225354600979,0.6122099156118144,42.044270833333314,8274.98463333814,104.74664092833088,0
4898,31.609512423130937,2,0,177,0.011299435028248588,0.0,1.0,177,5250,4100,1150,0.780952380952381,64,41,23,216.69803652652703,0.4030907592877932,0.7570882012175535,0.13365934892956072,1053229.5791866619,4996.556364281517,1058226.1355509434,4896,0,1869.864406779661,83,94,37,36.258676802613195,0.6125753012048193,41.85267857142854,8159.910963694327,98.31218028547381,0
4899,31.42294240482025,1,1,177,0.0056179775280898875,0.0056179775280898875,0.9943820224719101,178,5250,3900,1350,0.7428571428571429,66,39,27,217.5468262226842,0.4041095346918047,0.7608281986226886,0.13487903225806452,1048522.4878830664,4770.547892414926,1053293.0357754813,4897,0,1860.3539325842696,79,99,40,36.04670698924731,0.6160337552742616,41.66666666666667,8117.593454578579,102.75434752631114,0
4900,31.455098734236632,1,2,176,0.0056179775280898875,0.011235955056179775,0.9887640449438202,178,6050,4700,1350,0.7768595041322314,74,47,27,211.54090345108938,0.40589160265769486,0.7547576982036417,0.13227410741501003,1052065.740398125,2860.9874427518325,1054926.727840877,4898,0,1834.9101123595506,71,107,42,35.89161352575936,0.6227992957746479,41.362847222222236,8135.457176966875,114.58390390094189,0
4901,31.820219022227892,1,0,177,0.005649717514124294,0.0,1.0,177,4600,3300,1300,0.717391304347826,59,33,26,207.99301625404684,0.4063489770587228,0.7475344408970994,0.13109780881448277,1066614.5889816673,4369.677108573861,1070984.2660902413,4899,0,1824.6158192090395,77,100,43,35.693685097311075,0.6228354978354979,41.07905982905986,8238.92102568055,106.99897435948768,0
4902,31.717969298530985,0,1,176,0.0,0.005649717514124294,0.9943502824858758,177,5300,3600,1700,0.6792452830188679,70,36,34,209.8405590874404,0.40682914954631055,0.7498048785475451,0.1325968361298407,1063922.1234161975,3950.802640630609,1067872.9260568281,4900,1,1825.6158192090395,79,98,35,35.55449426905286,0.6228902953586498,40.98958333333335,8215.284443833096,103.9909423270012,0
4903,31.361959490152486,1,1,176,0.005649717514124294,0.005649717514124294,0.9943502824858758,177,4850,3300,1550,0.6804123711340206,64,33,31,209.89257354649084,0.407941972693032,0.7511302066153109,0.13309290045927552,1052981.5917772448,3952.603239041624,1056934.1950162863,4901,0,1825.7118644067796,81,96,37,35.42733916695262,0.6233281893004115,40.86636178861791,8126.938664121252,100.33257610026237,0
4904,31.729612028270633,0,2,174,0.0,0.011363636363636364,0.9886363636363636,176,5300,4200,1100,0.7924528301886793,64,42,22,211.01785473178333,0.40756425865800866,0.7511333197081298,0.1342525645472511,1066290.6967960168,4501.275071670894,1070791.9718676878,4902,1,1833.153409090909,83,93,39,35.27834911827544,0.6237449799196787,40.749007936507944,8225.933396118893,99.10763127854088,0
4905,31.34595878424473,0,0,174,0.0,0.0,1.0,174,5800,4100,1700,0.7068965517241379,75,41,34,212.4199984896808,0.40617456204460395,0.748900702670851,0.13543070147610423,1054002.557855164,4178.244349542934,1058180.802204707,4903,2,1855.028735632184,83,91,40,35.166013134404466,0.6244979919678715,40.674603174603185,8128.803200596827,97.93738795899792,0
4906,30.974026418238754,0,0,174,0.0,0.0,1.0,174,4750,3300,1450,0.6947368421052632,62,33,29,207.83108204754214,0.4058707339490178,0.7440651374708611,0.13307043647720004,1042697.4894744917,3790.989497147487,1046488.4789716392,4904,3,1856.028735632184,72,102,41,35.13241952632351,0.630787037037037,40.52511415525112,8036.981969024678,111.62474956978718,0
4907,31.199274885051352,0,0,174,0.0,0.0,1.0,174,4100,2900,1200,0.7073170731707317,53,29,24,206.1229128315869,0.40633028259473347,0.7411061795834764,0.13246814123369546,1051333.584203891,4440.78814675564,1055774.3723506466,4905,4,1857.028735632184,76,98,42,35.04396821261075,0.6302083333333333,40.39502164502164,8099.4870812247655,106.57219843716797,0
4908,31.328995778032226,0,0,174,0.0,0.0,1.0,174,5950,4500,1450,0.7563025210084033,74,45,29,207.21985687634663,0.4063157486767213,0.7422160410733272,0.13370533772050885,1056837.4396971758,3049.540599122431,1059886.9802962982,4906,5,1858.028735632184,78,96,42,34.87338612789144,0.6307425213675213,40.2558016877637,8137.524892292382,104.3272422088767,0
4909,31.769942557907232,0,0,174,0.0,0.0,1.0,174,5100,3900,1200,0.7647058823529411,63,39,24,208.97477964166126,0.4063960312714548,0.7445410465696916,0.13509314494945124,1072256.2415715747,4914.902360362867,1077171.1439319376,4907,6,1859.028735632184,78,96,41,34.76049702260114,0.6314102564102564,40.1898734177215,8254.152797481549,105.82247176258396,0
4910,32.18564941081996,0,1,173,0.0,0.005747126436781609,0.9942528735632183,174,4350,3200,1150,0.735632183908046,55,32,23,200.89336410713872,0.4065482913649148,0.7395012629115749,0.12262530945099742,1069295.9808623788,3812.893364337149,1073108.8742267159,4908,7,1860.028735632184,73,101,43,37.05129605358959,0.613013698630137,42.229729729729726,8296.503547451222,113.65073352672907,8
4911,32.50099401622203,0,0,173,0.0,0.0,1.0,173,4150,2900,1250,0.6987951807228916,54,29,25,205.79312809307464,0.40658746695344355,0.7447446159184288,0.1262523961267356,1081306.2398010907,5755.078703045381,1087061.318504136,4909,8,1863.3815028901734,73,100,33,36.738233287858115,0.6148687214611872,42.046734234234236,8383.737547118088,114.84571982353545,0
4912,32.2763984027243,0,0,173,0.0,0.0,1.0,173,5400,3900,1500,0.7222222222222222,69,39,30,206.12080492321974,0.4066658825110902,0.7459812430244372,0.1272667603351555,1075760.2282392746,4347.3128298132815,1080107.5410690878,4910,9,1864.3815028901734,76,97,39,36.49375600384245,0.6158168859649122,41.8154761904762,8333.266551893863,109.64824410386662,0
4913,32.47022443132379,0,0,173,0.0,0.0,1.0,173,4750,3400,1350,0.7157894736842105,61,34,27,211.54770735124364,0.4069697427969709,0.7520711345330755,0.13106073731877535,1083241.3127352505,6481.44324345891,1089722.7559787093,4911,10,1865.3815028901734,76,97,40,36.22931287315386,0.6170504385964912,41.69372294372295,8387.26278803705,110.35872089522434,0
4914,32.6537297567174,0,0,173,0.0,0.0,1.0,173,4350,3200,1150,0.735632183908046,55,32,23,210.5055921373066,0.40693333557377787,0.750303629685082,0.13103193015707676,1090790.0291311431,6973.480195944504,1097763.5093270876,4912,11,1866.3815028901734,65,108,40,36.083569945655526,0.6245192307692308,41.52462121212124,8440.185167704614,129.849002580071,0
4915,32.99657672354052,1,0,174,0.005747126436781609,0.0,1.0,174,3650,2400,1250,0.6575342465753424,49,24,25,197.77302629439043,0.40755597634708657,0.7302270684960905,0.12193631908941925,1099320.6006871297,5033.192413132211,1104353.7931002618,4913,0,1856.6494252873563,82,92,38,36.76230471282252,0.6128048780487805,41.867469879518076,8517.489834962125,103.87182725563568,7
4916,32.807205927634925,0,0,174,0.0,0.0,1.0,174,4900,3700,1200,0.7551020408163265,61,37,24,198.0847551295552,0.4076556374991695,0.7302451963511691,0.12248164093277554,1093891.5842243745,3636.649319873131,1097528.2335442477,4914,1,1857.6494252873563,85,89,40,36.64829580988119,0.6127450980392157,41.76356589147286,8472.015871816544,99.67077496254758,0
4917,32.3566118838641,1,0,175,0.005714285714285714,0.0,1.0,175,4200,2900,1300,0.6904761904761905,55,29,26,214.81911704322,0.40865353037766833,0.7521976960009802,0.13454004283951024,1082697.7850526026,7316.836441930266,1090014.6214945328,4915,0,1848.0285714285715,74,101,38,35.74830434160132,0.6219031531531531,41.30555555555557,8370.475735400772,113.1145369648753,8
4918,31.9028316059378,0,1,174,0.0,0.005714285714285714,0.9942857142857143,175,5650,4300,1350,0.7610619469026548,70,43,27,216.2269390993838,0.40877394636015324,0.7526530612244888,0.13603137814227145,1068832.266188035,5572.06586569964,1074404.3320537347,4916,1,1849.0285714285715,77,98,38,35.548708920187806,0.6221590909090908,41.14583333333336,8258.180889662082,107.24910246314393,0
4919,31.50737535138508,1,0,175,0.005714285714285714,0.0,1.0,175,4750,3000,1750,0.631578947368421,65,30,35,216.62294525525036,0.4099096880131363,0.7544982587153974,0.1370338154484335,1057176.9318382728,6051.7561261434275,1063228.6879644163,4917,0,1848.88,79,96,34,35.33891471894112,0.6232858649789029,40.95052083333336,8161.969174685033,103.31606550234218,0
4920,31.14667624917806,0,0,175,0.0,0.0,1.0,175,4100,2800,1300,0.6829268292682927,54,28,26,216.02904435489324,0.4098440065681445,0.7554765448900582,0.1371723175780892,1046144.5999115432,6099.5236351849435,1052244.1235467282,4918,1,1849.88,80,95,36,35.21881512354869,0.62421875,40.81790123456793,8072.660919829473,100.90826149786841,0
4921,30.78759432250747,1,0,176,0.005681818181818182,0.0,1.0,176,5100,3900,1200,0.7647058823529411,63,39,24,214.53146278476552,0.41042343073593074,0.7565368677581965,0.13692116151667702,1035523.499616407,4130.4742241418235,1039653.9738405488,4919,0,1840.3636363636363,82,94,39,35.073409626117,0.6252540650406504,40.63755020080324,7985.145886909447,97.37982788913959,0
4922,31.11963199872629,0,0,176,0.0,0.0,1.0,176,5850,3900,1950,0.6666666666666666,78,39,39,215.7088185307742,0.4107305194805195,0.7572932794311611,0.13824866175516942,1047874.003667455,4157.132660043677,1052031.1363274988,4920,1,1841.3636363636363,69,107,38,34.89323499053844,0.6326992753623188,40.491071428571416,8075.8223575265765,117.04090373226923,0
4923,31.538194523079834,0,0,176,0.0,0.0,1.0,176,3750,2300,1450,0.6133333333333333,52,23,29,213.43833716492105,0.4104829545454545,0.7546912526220866,0.137061941496528,1062529.698103706,6406.914390319804,1068936.6124940256,4921,2,1842.3636363636363,71,105,40,34.88207371902055,0.6323356807511737,40.42245370370368,8186.607148916302,115.30432604107467,0
4924,32.05453874429169,0,0,176,0.0,0.0,1.0,176,4600,3200,1400,0.6956521739130435,60,32,28,212.0092549476188,0.4106709956709957,0.7529987801572253,0.1363973040637881,1080465.6136686758,6013.741950083235,1086479.355618759,4922,3,1843.3636363636363,73,103,41,34.852884702267986,0.63199200913242,40.35754504504502,8322.719132016558,114.0098511235145,0
4925,32.11612587229296,0,0,176,0.0,0.0,1.0,176,4300,3200,1100,0.7441860465116279,54,32,22,210.60601811604457,0.4105837391774892,0.7511247638617318,0.13592760180995467,1083470.1092660388,6137.065092054995,1089607.1743580936,4923,4,1844.3636363636363,76,100,41,34.775641025641015,0.6317160087719298,40.2462121212121,8342.285347319992,109.76691246473673,0
4926,32.44674644614312,0,0,176,0.0,0.0,1.0,176,5500,4000,1500,0.7272727272727273,70,40,30,207.51721502295484,0.41044710497835496,0.7480952995867773,0.1345585310043573,1095988.233675836,4787.285190067019,1100775.518865903,4924,5,1845.3636363636363,78,98,38,34.690691795183945,0.6324786324786325,40.084388185653985,8433.41595393419,108.12071735813065,0
4927,32.15820078730754,1,0,177,0.005649717514124294,0.0,1.0,177,5000,3500,1500,0.7,65,35,30,204.56172018174,0.41146635850025676,0.7446472701936659,0.1334092577874994,1087912.7927391476,4109.062458088013,1092021.8551972355,4925,0,1835.9322033898304,82,95,38,34.563571520473495,0.6328760162601625,39.88453815261043,8364.84524997156,102.01030792648244,0
4928,32.64669948660434,1,0,178,0.0056179775280898875,0.0,1.0,178,4050,3000,1050,0.7407407407407407,51,30,21,203.22311653390682,0.41199824372077276,0.745541955756795,0.1332295538228686,1105968.4762366181,5301.67210581208,1111270.1483424301,4926,0,1826.612359550562,85,93,39,34.414650224910794,0.633578431372549,39.70445736434107,8497.790358128914,99.97400421328133,0
4929,32.326446524954015,0,0,178,0.0,0.0,1.0,178,4750,3100,1650,0.6526315789473685,64,31,33,201.71004603688218,0.4120227099600076,0.7442107155793372,0.13256376825603275,1095832.8525266952,3858.099026377223,1099690.9515530725,4927,1,1827.612359550562,85,93,40,34.36753771844131,0.634436274509804,39.61967054263564,8417.170796353346,99.0255387806276,0
4930,32.409328165558335,0,0,178,0.0,0.0,1.0,178,5000,3300,1700,0.66,67,33,34,201.27698796153746,0.41161736388835984,0.7443826295583083,0.1328542971894483,1099899.7638365307,3676.9023049245507,1103576.6661414553,4928,2,1828.612359550562,73,105,40,34.22686585980838,0.6409817351598174,39.47072072072071,8443.578908898546,115.66546450545952,0
4931,32.557955826067364,0,0,178,0.0,0.0,1.0,178,5650,4000,1650,0.7079646017699115,73,40,33,201.7438568461222,0.41157306015785355,0.7452077026366095,0.13375240018173318,1106227.3960310502,3384.9162848293486,1109612.3123158796,4929,3,1829.612359550562,74,104,46,34.06037437618769,0.6420326576576576,39.31944444444444,8487.226012492474,114.69224341206046,0
4932,32.43673042104378,1,0,179,0.00558659217877095,0.0,1.0,179,3800,2700,1100,0.7105263157894737,49,27,22,198.74894113038965,0.41264803423095436,0.7415012571977802,0.132296074310719,1103265.127181753,4254.555162691431,1107519.6823444446,4930,0,1820.3854748603353,77,102,45,33.99897593445977,0.6420454545454546,39.18269230769229,8460.060698757774,109.87091816568538,0
4933,32.579428003046814,0,1,178,0.0,0.00558659217877095,0.994413407821229,179,5350,3800,1550,0.7102803738317757,69,38,31,198.499448959079,0.41240087460506764,0.7414557213090374,0.13246909263248882,1108860.0023879725,2871.619889355081,1111731.6222773276,4931,1,1821.3854748603353,78,101,47,33.91652347500885,0.6424946581196581,39.095464135021096,8500.12054188142,108.97590438309514,0
4934,32.20278386217609,0,0,178,0.0,0.0,1.0,178,4450,3200,1250,0.7191011235955056,57,32,25,199.7658367552585,0.4121820711398887,0.7414109793927077,0.1337289394173265,1096927.1479395966,3775.7139135425377,1100702.861853139,4932,2,1831.3258426966293,78,100,43,33.77589037635765,0.6435630341880342,38.98997890295359,8405.249295250214,107.75960634936172,0
4935,32.14603293210843,0,0,178,0.0,0.0,1.0,178,4850,3800,1050,0.7835051546391752,59,38,21,199.26910972065417,0.4122495186102118,0.7407348349356533,0.13346969069729236,1095150.3096976816,3195.9254447512085,1098346.2351424329,4933,3,1832.3258426966293,79,99,46,33.76985957998704,0.64332805907173,38.97135416666667,8391.035445182017,106.2156385466078,0
4936,32.17872303333159,0,0,178,0.0,0.0,1.0,178,4400,3000,1400,0.6818181818181818,58,30,28,199.06780108670054,0.4121966186334878,0.739666846334073,0.13362637438066777,1096885.6216026046,3670.9217472098753,1100556.5433498146,4934,4,1833.3258426966293,81,97,39,33.699644837987705,0.6432613168724279,38.89735772357724,8401.949609084075,103.72777295165524,0
4937,31.919954221100316,0,1,177,0.0,0.0056179775280898875,0.9943820224719101,178,4550,3000,1550,0.6593406593406593,61,30,31,187.20541115501402,0.4120524661969149,0.7247286251372027,0.11732036324575291,1068273.7351749388,-152.67523609421096,1068121.0599388445,4935,5,1834.3258426966293,75,103,46,36.43957053047962,0.6216666666666666,41.28289473684214,8258.238156215675,110.10984208287567,8
4938,31.57187620341422,0,0,177,0.0,0.0,1.0,177,4850,3200,1650,0.6597938144329897,65,32,33,185.285193316393,0.41191309279233007,0.7205426014236651,0.11647785701151614,1057526.0818152386,-1061.2150987468076,1056464.8667164918,4936,6,1844.4858757062148,77,100,46,36.37685318954991,0.6218885281385281,41.17254273504277,8171.668438813796,106.1255641404389,0
4939,32.062955251926816,0,0,177,0.0,0.0,1.0,177,4550,3100,1450,0.6813186813186813,60,31,29,187.81093765317058,0.41151450950179763,0.7262718856631418,0.11855565439356466,1075194.6302593942,436.6623337344372,1075631.2925931285,4937,7,1845.4858757062148,77,100,40,36.16181930693072,0.6233766233766234,41.02564102564105,8303.48328319136,107.83744523625144,0
4940,32.12247102290277,1,1,177,0.0056179775280898875,0.0056179775280898875,0.9943820224719101,178,5550,3500,2050,0.6306306306306306,76,35,41,194.7353048762688,0.4126389946888423,0.7346478718673577,0.1237267816178962,1079098.1876983226,877.7029145726601,1079975.8906128951,4938,0,1836.112359550562,78,100,43,35.74880455794082,0.625267094017094,40.79641350210972,8326.259696310997,106.74691918347432,0
4941,32.537708452533856,0,0,177,0.0,0.0,1.0,177,3850,2600,1250,0.6753246753246753,51,26,25,197.38630077446015,0.411741889231296,0.735979476825886,0.12569726278611634,1093724.4358922422,3927.244093481001,1097651.6799857232,4939,1,1847.1638418079096,79,98,43,35.59823775088302,0.6256592827004219,40.716145833333364,8436.502453324383,106.79117029524535,0
4942,32.38180059227048,0,0,177,0.0,0.0,1.0,177,5000,3100,1900,0.62,69,31,38,195.05691548493215,0.4118649417907892,0.7336110395512638,0.124800635650634,1089874.1594191636,2117.498360606808,1091991.6577797704,4940,2,1848.1638418079096,69,108,45,35.489855176369375,0.6320954106280193,40.55059523809522,8401.438888783228,121.7599838954091,0
4943,32.30716586477783,0,0,177,0.0,0.0,1.0,177,5400,4000,1400,0.7407407407407407,68,40,28,195.79399657351954,0.4116174991439822,0.7335487915978212,0.1256794308595883,1088315.2108667886,1817.1169334720066,1090132.3278002606,4941,3,1849.1638418079096,71,106,45,35.3548320420638,0.6321889671361502,40.436921296296276,8385.747436052889,118.10911881764632,0
4944,32.77618145432634,0,0,177,0.0,0.0,1.0,177,5100,3400,1700,0.6666666666666666,68,34,34,195.12892345463115,0.41146234591679504,0.7337337001706912,0.12565308382970125,1105064.1620382557,2625.9960573634917,1107690.1580956192,4942,4,1850.1638418079096,72,105,44,35.25833882844268,0.6328125,40.3253424657534,8511.14369443246,118.21032908933972,0
4945,32.996536165691744,0,0,177,0.0,0.0,1.0,177,4800,3700,1100,0.7708333333333334,59,37,22,195.0789816494035,0.41183551617873654,0.734821454538217,0.1260126918564837,1113423.9267222495,3241.12115381121,1116665.0478760607,4943,5,1851.1638418079096,73,104,43,35.14895466449919,0.6334189497716896,40.21677927927927,8571.946437751134,117.42392380481006,0
4946,33.239224379552525,0,0,177,0.0,0.0,1.0,177,4950,3400,1550,0.6868686868686869,65,34,31,197.03447224614683,0.4115733607259031,0.7364306237627751,0.12783984831160342,1122940.974649679,3901.6164607345236,1126842.5911104134,4944,6,1852.1638418079096,75,102,47,34.94139423499429,0.6340277777777779,40.06304824561403,8640.10266390093,115.20136885201241,0
4947,32.87052619476165,1,0,178,0.0056179775280898875,0.0,1.0,178,4550,3100,1450,0.6813186813186813,60,31,29,197.8425243639778,0.4120974311771303,0.7386387427911616,0.12920449940109424,1112416.6536747012,3866.6637815062245,1116283.3174562075,4945,0,1842.752808988764,77,101,39,34.68994362027957,0.6354166666666667,39.83707264957264,8551.692318378073,111.06093919971524,0
4948,33.05903185364783,0,0,178,0.0,0.0,1.0,178,6500,5300,1200,0.8153846153846154,77,53,24,197.42729794306368,0.4124472322732178,0.7388077704801379,0.1295509963735888,1120214.1251776044,2132.169570293167,1122346.2947478977,4946,1,1843.752808988764,81,97,43,34.53267579173377,0.6354166666666667,39.672256097560954,8606.183178058947,106.24917503776479,0
4949,32.84952693289876,0,0,178,0.0,0.0,1.0,178,4600,3500,1100,0.7608695652173914,57,35,22,197.1838373149256,0.4121873611375611,0.7399100414862136,0.1300592947757735,1114628.7305118116,3757.354052756684,1118386.0845645682,4947,2,1844.752808988764,70,108,46,34.35857362769392,0.6422619047619047,39.495305164319255,8557.455989151282,122.24937127358974,0
4950,32.703521947474805,0,1,177,0.0,0.0056179775280898875,0.9943820224719101,178,4550,3300,1250,0.7252747252747253,58,33,25,194.55059590957137,0.41221050487737787,0.7361801757631781,0.12889063987325677,1110963.7224930178,3077.730848986333,1114041.4533420042,4948,3,1845.752808988764,73,105,45,34.272954132238844,0.6422659817351598,39.34403153153153,8524.368185548845,116.77216692532664,0
4951,32.79365292481987,1,0,178,0.0056179775280898875,0.0,1.0,178,4400,2900,1500,0.6590909090909091,59,29,30,196.7841868346107,0.4124730210118708,0.7395717413935461,0.13104989463666666,1115542.1470110023,3904.210855859301,1119446.3578668616,4949,0,1842.0842696629213,74,104,44,34.03387912673057,0.6435810810810811,39.16666666666668,8553.677804557206,115.59024060212441,0
4952,32.82037529004095,0,0,178,0.0,0.0,1.0,178,5700,4200,1500,0.7368421052631579,72,42,30,198.2644162683047,0.41205841744429633,0.7396103106966336,0.13286924955123663,1118282.3139941804,3043.1180414451733,1121325.4320356257,4950,1,1843.0842696629213,75,103,47,33.777214813259114,0.6452777777777778,38.95285087719299,8567.665402605839,114.23553870141119,0
4953,32.46149845366549,1,0,179,0.00558659217877095,0.0,1.0,179,5050,3600,1450,0.7128712871287128,65,36,29,200.22288903952136,0.4131750465549348,0.7439407623288927,0.13497843145764055,1107751.6310268277,3509.446380486938,1111261.0774073147,4951,0,1833.782122905028,78,101,44,33.521866956039,0.6459668803418803,38.75263713080171,8480.480865802718,108.7241136641374,0
4954,32.29532200145047,0,1,178,0.0,0.00558659217877095,0.994413407821229,179,4100,2700,1400,0.6585365853658537,55,27,28,200.37783499807603,0.41299850396501575,0.7428531357378261,0.13572150524363702,1103421.7933862107,4320.25400968495,1107742.0473958957,4952,1,1834.782122905028,79,100,46,33.35574815700339,0.6471518987341772,38.59375000000002,8442.19901694172,106.86327869546481,0
4955,32.339224280795655,0,1,177,0.0,0.0056179775280898875,0.9943820224719101,178,5250,3600,1650,0.6857142857142857,69,36,33,197.07528686901952,0.41254972597812056,0.736925737812588,0.13398413667914327,1105982.470266944,2742.362519992863,1108724.8327869368,4953,2,1845.7134831460673,70,108,48,33.314166573170255,0.6526785714285714,38.46830985915492,8457.731984000326,120.82474262857608,0
4956,32.75077839536491,0,1,176,0.0,0.005649717514124294,0.9943502824858758,177,4700,3600,1100,0.7659574468085106,58,36,22,222.08151763347257,0.41258720681390176,0.7558106169296979,0.14149069267873027,1101028.7469685795,8803.62701697278,1109832.3739855522,4954,3,1850.457627118644,83,94,39,34.94081779053085,0.6242469879518072,40.69940476190477,8492.296332429101,102.31682328227834,8
4957,32.232311605115534,0,0,176,0.0,0.0,1.0,176,5200,3700,1500,0.7115384615384616,67,37,30,218.76563753765728,0.4123126352813853,0.7504768588497817,0.13984866243459299,1084588.6772175615,7054.146687524714,1091642.8239050861,4955,4,1857.2443181818182,70,106,42,34.9057893149342,0.63125,40.580985915492946,8361.674498263656,119.45249283233794,0
4958,32.1673428333652,1,0,177,0.005649717514124294,0.0,1.0,177,4650,3600,1050,0.7741935483870968,57,36,21,214.36211318980216,0.4134994007875364,0.7458577538412812,0.13758810299655896,1083583.5512906525,6405.851974474639,1089989.4032651272,4956,0,1847.7457627118645,72,105,40,34.8755039398937,0.6316550925925926,40.439497716894955,8349.371662941057,115.9634953186258,0
4959,31.93905287716252,0,0,177,0.0,0.0,1.0,177,4750,3200,1550,0.6736842105263158,63,32,31,211.58378606647284,0.4135850025680534,0.7430905481752952,0.1361495666862514,1076628.2151759986,5409.41479058515,1082037.6299665838,4957,1,1848.7457627118645,75,102,43,34.85712274774776,0.6311111111111112,40.35087719298244,8292.947062842151,110.57262750456202,0
4960,31.529819668404556,0,0,177,0.0,0.0,1.0,177,4350,2900,1450,0.6666666666666666,58,29,29,214.99647268761555,0.4135595895394624,0.7461448969291038,0.138954863111789,1064088.238254218,6005.043570606922,1070093.2818248249,4958,2,1849.7457627118645,77,100,42,34.61199067886638,0.6317640692640693,40.19764957264955,8191.521258401956,106.38339296625918,0
4961,31.46297082329397,0,2,175,0.0,0.011299435028248588,0.9887005649717514,177,3950,2500,1450,0.6329113924050633,54,25,29,188.21128713631097,0.4134726502311248,0.7196510778778968,0.12225089544732716,1063247.9239538466,673.0520624729043,1063920.9760163194,4959,3,1850.7457627118645,84,93,47,35.13147764055187,0.6307043650793651,40.024509803921575,8179.601262810774,97.37620550965207,8
4962,31.168576788888796,0,0,175,0.0,0.0,1.0,175,4850,3600,1250,0.7422680412371134,61,36,25,186.60500666527963,0.4130500821018062,0.7141694761971256,0.12203456189315653,1055206.5169680028,-468.6361735879318,1054737.8807944148,4960,9,1869.4514285714286,85,90,39,34.93358120374244,0.6327205882352941,39.7892441860465,8110.398923881981,95.4164579280233,8
4963,31.399409266090597,0,0,175,0.0,0.0,1.0,175,4900,3300,1600,0.673469387755102,65,33,32,185.07832087996982,0.41313355227148335,0.7127016105186383,0.12138122999250112,1063823.409167231,-521.8699437048681,1063301.5392235261,4961,10,1870.4514285714286,86,89,42,34.8733383928982,0.6333575581395349,39.69109195402298,8173.545939344753,95.04123185284597,0
4964,31.90064156741447,0,0,175,0.0,0.0,1.0,175,4350,3000,1350,0.6896551724137931,57,30,27,185.40410660183147,0.4129693486590038,0.7122838051080247,0.12193437791132106,1081602.0228068223,756.6913474465455,1082358.7141542688,4962,11,1871.4514285714286,87,88,43,34.767157976877726,0.6339798850574713,39.59517045454545,8307.081129753202,95.48369114658853,0
4965,31.569583527661802,0,0,175,0.0,0.0,1.0,175,4800,3900,900,0.8125,57,39,18,184.3920601399033,0.41300218938149974,0.7110688794880138,0.12154371531744329,1071016.7829821494,-302.6017883021477,1070714.1811938472,4963,12,1872.4514285714286,78,97,40,34.71431283219437,0.6382211538461539,39.51740506329112,8223.327038356487,105.42726972251906,0
4966,31.103960604050005,0,0,175,0.0,0.0,1.0,175,4350,3100,1250,0.7126436781609196,56,31,25,181.5720524294776,0.41313218390804596,0.7065132216230292,0.12000758863248562,1055968.1974520604,-1003.1374176748586,1054965.0600343856,4964,13,1873.4514285714286,78,97,44,34.69379364436795,0.639155982905983,39.42510548523205,8104.911253391789,103.90911863322806,0
4967,31.62595270798482,0,0,175,0.0,0.0,1.0,175,4500,3200,1300,0.7111111111111111,58,32,26,180.11218501777608,0.4132731253420909,0.7058800315706395,0.1194775593809013,1074717.4803266784,-786.057268312793,1073931.4230583655,4965,14,1874.4514285714286,80,95,43,34.6048942712444,0.6395833333333334,39.30041152263373,8244.872856176255,103.06091070220319,0
4968,31.156361753504783,0,0,175,0.0,0.0,1.0,175,4300,2800,1500,0.6511627906976745,58,28,30,181.96894843590033,0.4132101806239737,0.7071262914057517,0.12117464451596627,1059825.9924575891,-728.915725491694,1059097.0767320974,4966,15,1875.4514285714286,82,93,43,34.42286564339444,0.6401168699186992,39.1691767068273,8126.539486986548,99.1041400852018,0
4969,31.378568076922722,0,0,175,0.0,0.0,1.0,175,4700,3200,1500,0.6808510638297872,62,32,30,183.85476422994486,0.41325944170771756,0.7097819006390438,0.12274696687028096,1068103.783288323,-424.8061500827034,1067678.9771382404,4967,16,1876.4514285714286,82,93,43,34.28421115921116,0.6410060975609756,39.081325301204814,8187.2543965765835,99.84456581190956,0
4970,31.778746779338963,0,0,175,0.0,0.0,1.0,175,5000,3900,1100,0.78,61,39,22,186.86504103408737,0.413236179529283,0.7145198252411176,0.12503363556450675,1082350.0398753202,450.67692290942387,1082800.7167982296,4968,17,1877.4514285714286,82,93,42,34.12895909469769,0.6417682926829269,39.00602409638553,8294.061471173833,101.14709111187601,0
4971,31.310186853035443,0,0,175,0.0,0.0,1.0,175,5600,4200,1400,0.75,70,42,28,185.1750450564021,0.41276683087027916,0.7137725241458848,0.12459352934590294,1067930.3063576624,-1049.1914806245645,1066881.114877038,4969,18,1878.4514285714286,82,93,38,33.9813279835984,0.6436737804878049,38.817771084337345,8177.664390041664,99.72761451270321,0
4972,31.16040664027463,1,0,176,0.005681818181818182,0.0,1.0,176,5400,4100,1300,0.7592592592592593,67,41,26,185.6764275536197,0.41381831709956707,0.7180827259941194,0.12572946665773668,1064570.7129378149,-1066.862628699289,1063503.8503091156,4970,0,1868.7727272727273,84,92,42,33.749413970933,0.6450892857142857,38.60294117647059,8145.238647512959,96.96712675610665,0
4973,31.257411275396507,0,1,175,0.0,0.005681818181818182,0.9943181818181818,176,5400,4200,1200,0.7777777777777778,66,42,24,186.35019791459902,0.4134517045454545,0.7183838873510535,0.12667431871779394,1068945.648972899,-760.3533507900383,1068185.295622109,4971,1,1869.7727272727273,75,101,42,33.599577677619976,0.6501388888888888,38.473135964912295,8174.652748709471,108.99536998279295,0
4974,30.86066206577202,0,0,175,0.0,0.0,1.0,175,4750,3500,1250,0.7368421052631579,60,35,25,189.11130384380516,0.412811986863711,0.721329590781504,0.1289637734957403,1056244.0276496971,199.53704921334793,1056443.5646989106,4972,2,1880.9771428571428,76,99,44,33.41800241296107,0.6507675438596492,38.36580086580087,8074.204604329431,106.23953426749252,0
4975,30.513043095065715,0,0,175,0.0,0.0,1.0,175,3800,2500,1300,0.6578947368421053,51,25,26,189.65950967727076,0.41282293377120965,0.7227970375621176,0.1297045787814126,1045102.468747686,842.7243570382748,1045945.1931047243,4973,3,1881.9771428571428,76,99,41,33.30716648576009,0.6517269736842105,38.2711038961039,7986.145086042172,105.08085639529173,0
4976,30.66295786367484,0,0,175,0.0,0.0,1.0,175,4500,3200,1300,0.7111111111111111,58,32,26,187.3411621807279,0.41256978653530374,0.7203834973736547,0.12867155338710676,1051388.6203095207,-106.326793524398,1051282.2935159963,4974,4,1882.9771428571428,77,98,45,33.22172429326671,0.6527326839826839,38.127670940170944,8029.7801916239405,104.28285963147975,0
4977,30.97257112903366,0,0,175,0.0,0.0,1.0,175,4400,2700,1700,0.6136363636363636,61,27,34,190.5465813469089,0.4122153804050355,0.7250894632206766,0.1312944252294452,1062871.5343947571,1105.3074579728527,1063976.84185273,4975,5,1883.9771428571428,77,98,49,33.02890987408882,0.653814935064935,38.02083333333333,8114.168373908285,105.37881005075694,0
4978,30.974005771183258,0,0,175,0.0,0.0,1.0,175,4650,3300,1350,0.7096774193548387,60,33,27,193.1852960170082,0.41191981390257254,0.7280308724928677,0.13366970064469585,1064044.5167220735,1461.5509876457254,1065506.0677097193,4976,6,1884.9771428571428,78,97,39,32.81865704176936,0.654780982905983,37.88238396624473,8118.832551758344,104.08759681741468,0
4979,31.445534579514554,0,1,174,0.0,0.005714285714285714,0.9942857142857143,175,5000,3400,1600,0.68,66,34,32,190.45185821069776,0.4116146688560482,0.7242317662719817,0.1321754046601816,1081062.827344649,1178.0848620600068,1082240.912206709,4977,7,1885.9771428571428,80,95,39,32.78894883112639,0.6549479166666667,37.7829218106996,8245.556199540943,103.06945249426178,0
4980,31.903818968695163,0,2,172,0.0,0.011494252873563218,0.9885057471264368,174,4250,2900,1350,0.6823529411764706,56,29,27,191.8538685068835,0.411148622461409,0.7256721864238569,0.1336247635256549,1097803.6722569442,3073.576276711757,1100877.248533656,4978,8,1896.448275862069,81,93,43,32.63214654657563,0.6557355967078189,37.66514227642278,8369.483809991445,103.32696061717833,0
4981,32.15883778961462,0,0,172,0.0,0.0,1.0,172,5050,3700,1350,0.7326732673267327,64,37,27,190.36813438922948,0.4105219241579401,0.720863717563758,0.13300925278777712,1107455.2578734306,2714.8382721818766,1110170.0961456124,4979,9,1909.9941860465117,84,88,43,32.56527745349831,0.6556299603174602,37.56127450980394,8439.724402752458,100.47290955657688,0
4982,32.41294507349666,0,0,172,0.0,0.0,1.0,172,4650,3400,1250,0.7311827956989247,59,34,25,194.234274721395,0.4102378847635886,0.7274592763747227,0.13614404725257426,1117096.5668762724,4345.688292194533,1121442.255168467,4980,10,1910.9941860465117,71,101,44,32.357104480079336,0.662411971830986,37.456597222222214,8509.804893645005,119.85640695274655,0
4983,32.5938233444801,0,0,172,0.0,0.0,1.0,172,4500,3400,1100,0.7555555555555555,56,34,22,204.8408499780072,0.41019680175891926,0.7394530286380656,0.13427304767837792,1104140.0547008018,6334.5974599351375,1110474.652160737,4981,11,1911.9941860465117,82,90,38,34.37700900032143,0.6346544715447154,39.708835341365464,8483.884239012525,103.46200291478688,8
4984,32.206574089696986,0,0,172,0.0,0.0,1.0,172,5800,4500,1300,0.7758620689655172,71,45,26,198.8784070376128,0.41011959404324766,0.7263501937235868,0.12414314894690312,1076689.973592623,2626.077364294185,1079316.050956917,4982,12,1912.9941860465117,72,100,39,36.28157018560419,0.6216724537037037,41.424086757990885,8327.844307639867,115.66450427277593,8
4985,32.58669025660652,0,0,172,0.0,0.0,1.0,172,3800,2700,1100,0.7105263157894737,49,27,22,199.14492894266687,0.41007567772791154,0.7276916879004587,0.12455834996600379,1089998.8052262506,5213.5469228748,1095212.3521491254,4983,13,1913.9941860465117,72,100,43,36.201910699179834,0.6223958333333333,41.35273972602741,8428.458156267861,117.06191883705362,0
4986,32.646039750133376,0,0,172,0.0,0.0,1.0,172,4750,3300,1450,0.6947368421052632,62,33,29,196.41777760714743,0.41043338319960104,0.7292375601416057,0.11910716742866306,1082578.5841927198,3377.5359184452464,1085956.120111165,4984,14,1914.9941860465117,73,99,45,37.410665482372224,0.610587899543379,42.469031531531535,8407.366233511977,115.16940045906819,7
4987,32.368832850413426,0,0,172,0.0,0.0,1.0,172,5000,3500,1500,0.7,65,35,30,195.2608470653741,0.4105035076386056,0.728122535862793,0.11880236057427888,1074401.7382308058,2557.71869909154,1076959.4569298974,4985,15,1915.9941860465117,74,98,42,37.31627225845866,0.6113457207207207,42.34722222222223,8339.919697333624,112.70161753153546,0
4988,32.546082316332225,0,0,172,0.0,0.0,1.0,172,4100,2600,1500,0.6341463414634146,56,26,30,195.04970237528724,0.410473049548937,0.7278028771991483,0.1191303566815217,1081454.6061297879,3687.4798115996864,1085142.0859413876,4986,16,1916.9941860465117,76,96,43,37.17956286733837,0.611842105263158,42.20779220779221,8390.126415314222,110.39640020150291,0
4989,32.7070172830345,0,0,172,0.0,0.0,1.0,172,3650,2900,750,0.7945205479452054,44,29,15,196.6445154301922,0.410598423545945,0.7294936952777811,0.12039332888259405,1087536.4478402734,4721.615559644718,1092258.0633999181,4987,17,1917.9941860465117,77,95,46,37.04967201795273,0.6122835497835497,42.1207264957265,8434.46185544067,109.53846565507364,0
4990,32.475394555720605,2,2,172,0.011494252873563218,0.011494252873563218,0.9885057471264368,174,5100,3700,1400,0.7254901960784313,65,37,28,197.668669363876,0.4127376641640644,0.7336863019983837,0.1217349001353703,1081616.8165026119,2860.35137593254,1084477.1678785444,4988,0,1896.9367816091954,81,93,37,36.80635879641023,0.6127829218106996,41.90802845528455,8381.638607578443,103.47701984664745,0
4991,32.1117409721842,0,1,171,0.0,0.005813953488372093,0.9941860465116279,172,4450,3200,1250,0.7191011235955056,57,32,25,200.3438576988877,0.41098021215830277,0.7361145056648182,0.1237251193792854,1070333.1844220008,4036.93583804771,1074370.1202600484,4989,19,1919.9941860465117,80,92,40,36.63541199714431,0.6141927083333334,41.80812757201646,8290.990528530636,103.63738160663294,0
4992,32.2313831546459,2,0,173,0.011560693641618497,0.0,1.0,173,4350,3200,1150,0.735632183908046,55,32,23,196.4120845928414,0.41213116682349776,0.7323615473033083,0.1220180596875392,1076092.7325989984,3321.523364995362,1079414.2559639937,4990,0,1905.3468208092486,72,101,44,36.51993944079369,0.6199363425925926,41.5953196347032,8328.740261807698,115.67694808066247,0
4993,32.246780080128254,0,0,173,0.0,0.0,1.0,173,4850,3000,1850,0.6185567010309279,67,30,37,196.3129687038367,0.4119995407088766,0.7309024636104389,0.12243396591454585,1077772.0245856647,2866.1251464713546,1080638.1497321362,4991,1,1906.3468208092486,73,100,43,36.379954538030184,0.6208618721461188,41.455518018018026,8337.227051403674,114.20858974525581,0
4994,32.60229155455721,2,0,175,0.011428571428571429,0.0,1.0,175,4950,3600,1350,0.7272727272727273,63,36,27,189.98427639126908,0.4140448823207444,0.7248485391647232,0.1192263529794034,1091524.1301272805,1524.484405168455,1093048.614532449,4992,0,1885.5485714285714,76,99,41,36.31761466610901,0.6217105263157895,41.233766233766254,8436.372197721515,111.004897338441,0
4995,33.00902308805115,1,2,174,0.005681818181818182,0.011363636363636364,0.9886363636363636,176,5300,3800,1500,0.7169811320754716,68,38,30,211.64003102295496,0.41527867965367965,0.7491203297608475,0.13507516453253207,1110238.7022344344,6494.190676756542,1116732.8929111909,4993,0,1875.8295454545455,81,95,39,35.148558799039996,0.6256430041152263,40.637703252032544,8561.2960415237,105.69501285831727,7
4996,32.78989162233675,0,0,174,0.0,0.0,1.0,174,4600,3200,1400,0.6956521739130435,60,32,28,212.78839039082402,0.41397996810843135,0.7473390491447716,0.13614552610877093,1103609.2779186026,7567.048373735708,1111176.3262923383,4994,1,1898.367816091954,69,105,41,35.029813115380946,0.6320954106280193,40.55059523809523,8507.31786362261,123.29446179163202,0
4997,33.175565888647036,0,0,174,0.0,0.0,1.0,174,3850,2600,1250,0.6753246753246753,51,26,25,211.8484891963573,0.4139003776050318,0.7468028563445819,0.13588106504291333,1117338.712798779,8691.3036454047,1126030.0164441837,4995,2,1899.367816091954,70,104,41,34.9653759185981,0.6324404761904762,40.46361502347417,8610.266440289968,123.00380628985668,0
4998,33.26231032730661,0,2,172,0.0,0.011494252873563218,0.9885057471264368,174,5100,3600,1500,0.7058823529411765,66,36,30,217.6571204194489,0.4137730327995925,0.7518743375866752,0.14016009474144073,1121454.2224975931,8918.499350211401,1130372.7218478045,4996,3,1900.367816091954,72,102,39,34.673338645272366,0.6328125,40.32534246575341,8637.379043041139,119.96359782001582,0
4999,32.78200178269631,1,0,173,0.005780346820809248,0.0,1.0,173,4600,3100,1500,0.6739130434782609,61,31,30,216.00260073186536,0.4132905968544159,0.7500712202335651,0.1395739007319933,1106281.3226681775,8591.928567482708,1114873.2512356602,4997,0,1911.878612716763,71,102,40,34.59380974921574,0.6345363849765258,40.2054398148148,8516.585735125513,119.95191176233116,0
5000,33.049456692592834,1,1,173,0.005747126436781609,0.005747126436781609,0.9942528735632183,174,4500,3300,1200,0.7333333333333333,57,33,24,212.05242495767627,0.4140747846211769,0.7463684573891942,0.13747521827256035,1116294.456909063,8042.589310875506,1124337.0462199384,4998,0,1901.8850574712644,75,99,45,34.57901571481307,0.63375,40.090460526315766,8589.869068827215,114.53158758436285,0
