period,mktsize,entries,exits,surviv,entryrate,exitrate,survivrate,firms,totresinv,totinninv,totimiinv,costshareinn,firmsres,firmsinn,firmsimi,hindex,div,gini,pcm,cs,totprofits,ts,maxage,minage,avgage,actfirms,inactfirms,profitablefirms,wmc,avgproxopt,price,totoutput,avgoutput,magtechshock
1,128,40,6,34,1.0,0.15,0.85,40,0,0,0,0,0,0,0,361.3517121013361,0.4996794871794872,0.37529351998193783,0.1534445573247188,3773476.646660511,264710.4493690367,4038187.0960295475,0,0,0.0,37,3,34,48.40774817490781,0.48697916666666663,57.18201754385965,31080.701754385966,840.0189663347559,0
2,128,37,14,57,0.5211267605633803,0.19718309859154928,0.8028169014084507,71,1250,700,550,0.56,18,7,11,301.67073791500513,0.5002766599597586,0.568106821592141,0.14184271864535578,3916789.510897516,220866.15640204138,4137655.667299557,1,0,0.4788732394366197,52,19,45,45.15108180397766,0.505868544600939,52.61399371069183,31665.40880503148,608.9501693275284,0
3,128,22,10,69,0.27848101265822783,0.12658227848101267,0.8734177215189873,79,2100,1400,700,0.6666666666666666,28,14,14,249.27923300085232,0.49993238126149514,0.5290909289274455,0.12283171092296159,3980447.233420116,180548.56666946615,4160995.800089582,2,0,1.139240506329114,62,17,49,44.39504187937856,0.5216244725738397,50.61177248677249,31921.69312169311,514.8660180918243,0
4,128,18,4,83,0.20689655172413793,0.04597701149425287,0.9540229885057472,87,2250,1500,750,0.6666666666666666,30,15,15,221.43167794276889,0.4979896195313196,0.5112510652449558,0.11193027230562219,4014505.8811173937,158137.75467338687,4172643.6357907807,3,0,1.7586206896551724,68,19,58,44.00128089210368,0.5288553639846743,49.547101449275345,32057.971014492603,471.44075021312653,0
5,128,14,6,91,0.14432989690721648,0.061855670103092786,0.9381443298969072,97,2750,1800,950,0.6545454545454545,37,18,19,211.87051015917424,0.4971452605956472,0.5441851895127601,0.10996175346270215,4049273.6226531053,149434.3336411194,4198707.956294225,4,0,2.422680412371134,75,22,63,43.13562554489975,0.5354381443298969,48.46491228070174,32196.491228070026,429.28654970760033,0
6,128,12,5,98,0.11650485436893204,0.04854368932038835,0.9514563106796117,103,3750,2600,1150,0.6933333333333334,49,26,23,199.0315781625158,0.4961728218795609,0.5356343072157184,0.10477567744379002,4067784.7656249646,137573.5243055537,4205358.289930519,5,0,3.0485436893203883,79,24,54,42.87285232241848,0.540453074433657,47.89062499999997,32269.999999999716,408.48101265822424,0
7,128,14,2,110,0.125,0.017857142857142856,0.9821428571428571,112,3500,2700,800,0.7714285714285715,43,27,16,216.8740868116685,0.4951854756542256,0.6217387866484252,0.11642146252228373,4093034.765625,151634.63541666666,4244669.401041667,6,0,3.625,79,33,55,41.62483266398929,0.5426897321428572,47.109375,32370.0,409.746835443038,8
8,128,11,13,108,0.09090909090909091,0.10743801652892562,0.8925619834710744,121,3800,2500,1300,0.6578947368421053,51,25,26,206.01206261315966,0.4946194903581267,0.6331977534492603,0.11228196711010435,4112467.9541237988,141443.601131913,4253911.555255712,7,0,4.198347107438017,76,45,54,41.287535133596634,0.546487603305785,46.50974025974026,32446.75324675325,426.9309637730691,0
9,128,12,10,110,0.1,0.08333333333333333,0.9166666666666666,120,3800,2400,1400,0.631578947368421,52,24,28,196.47859999999986,0.4934801003734827,0.6160316666666668,0.10867179203539823,4131138.8723643366,134536.07640954477,4265674.948773881,8,0,4.983333333333333,81,39,53,40.943124999999995,0.5519965277777779,45.9349593495935,32520.325203252058,401.4854963364452,0
10,128,4,11,103,0.03508771929824561,0.09649122807017543,0.9035087719298246,114,4450,3500,950,0.7865168539325843,54,35,19,195.18484319961684,0.4924490891683486,0.5935262131938035,0.10907388296449191,4144132.6530612307,134524.37641723393,4278657.029478464,9,0,5.982456140350878,69,45,59,40.568957115009724,0.5561951754385965,45.53571428571429,32571.42857142862,472.0496894409945,0
11,128,4,2,105,0.037383177570093455,0.018691588785046728,0.9813084112149533,107,3750,2600,1150,0.6933333333333334,49,26,23,197.44533977646685,0.49066522659143014,0.5700841668636722,0.11150796387999733,4157374.046343647,139020.8262316374,4296394.872575284,10,0,6.635514018691588,73,34,58,40.09720534629404,0.5631814641744548,45.12950450450451,32623.42342342347,446.8962112797735,0
12,128,8,6,107,0.07079646017699115,0.05309734513274336,0.9469026548672567,113,4200,3100,1100,0.7380952380952381,53,31,22,192.65789993085437,0.489642593763169,0.5809299030204027,0.1101463970158619,4172657.3350694543,133979.0798611117,4306636.414930566,11,0,7.097345132743363,71,42,61,39.74215961244263,0.5668325958702065,44.66145833333334,32683.333333333412,460.3286384976537,0
13,128,2,1,108,0.01834862385321101,0.009174311926605505,0.9908256880733946,109,3700,2400,1300,0.6486486486486487,50,24,26,194.44664909834847,0.4888895967833277,0.5706344046707119,0.1116049422346292,4177513.775926307,136960.71105821236,4314474.486984519,12,0,8.192660550458715,70,39,63,39.545049959802476,0.5691896024464832,44.51291079812208,32702.347417840483,467.1763916834355,0
14,128,3,3,108,0.02702702702702703,0.02702702702702703,0.972972972972973,111,3700,2200,1500,0.5945945945945946,52,22,30,189.43655009783149,0.4885203385203385,0.5673156186324779,0.10952822825907696,4186570.6790123917,132717.90123457043,4319288.580246963,13,0,8.936936936936936,74,37,63,39.391008236039475,0.571509009009009,44.23611111111115,32737.77777777814,442.4024024024073,0
15,128,4,1,111,0.03571428571428571,0.008928571428571428,0.9910714285714286,112,4650,3600,1050,0.7741935483870968,57,36,21,185.7979982043602,0.48754390551265553,0.5622866475890249,0.10840880530055137,4197803.396267394,128938.69357639055,4326742.089843784,14,0,9.589285714285714,79,33,56,39.134816631925005,0.5752418154761905,43.89322916666669,32781.666666666926,414.9578059071763,0
16,128,3,5,109,0.02631578947368421,0.043859649122807015,0.956140350877193,114,4450,3000,1450,0.6741573033707865,59,30,29,182.66556092539136,0.48698765719608755,0.5605722863308005,0.10714698837217093,4204298.437980902,126346.10649430509,4330644.544475207,15,0,10.342105263157896,75,39,61,39.01336898395723,0.5769371345029239,43.69517543859648,32807.01754385953,437.42690058479377,0
17,128,6,2,113,0.05217391304347826,0.017391304347826087,0.9826086956521739,115,4000,2800,1200,0.7,52,28,24,174.28365833320075,0.4859140605136028,0.5383353211174955,0.10322256288943818,4216095.314994933,119959.30307575752,4336054.618070691,16,0,10.591304347826087,82,33,70,38.86260655550668,0.5807971014492754,43.33584337349399,32853.012048192875,400.64648839259604,0
18,128,2,1,114,0.017391304347826087,0.008695652173913044,0.991304347826087,115,3900,2600,1300,0.6666666666666666,52,26,26,177.19381086928328,0.48524027459954233,0.5494114368155287,0.10583738433003137,4226371.011357493,122877.35712998032,4349248.368487473,17,0,11.356521739130434,85,30,66,38.46978695324283,0.5839673913043478,43.02325581395349,32893.02325581397,386.9767441860467,0
19,128,2,3,113,0.017241379310344827,0.02586206896551724,0.9741379310344828,116,5000,3700,1300,0.74,63,37,26,180.29619722221403,0.48426411794102947,0.5606617589376213,0.10844416591543035,4234809.051887395,124503.99360350164,4359313.045490896,18,0,12.129310344827585,88,28,57,38.129038129038136,0.5867456896551724,42.766853932584276,32925.84269662927,374.15730337078713,0
20,128,1,3,111,0.008771929824561403,0.02631578947368421,0.9736842105263158,114,3500,2100,1400,0.6,49,21,28,179.84704747209105,0.4836140868395176,0.5532941609054827,0.10874315204115421,4241135.400686643,126251.13594856989,4367386.536635213,19,0,13.25438596491228,77,37,62,37.945069862350444,0.5886330409356726,42.574786324786295,32950.42735042704,427.92762792762386,0
21,128,3,3,111,0.02631578947368421,0.02631578947368421,0.9736842105263158,114,4000,2800,1200,0.7,52,28,24,172.75049881406846,0.4822200227707913,0.5359729216516695,0.10523167697167415,4250065.20569007,120040.1768550534,4370105.382545124,20,0,13.798245614035087,84,30,65,37.85220895948261,0.591922514619883,42.303921568627416,32985.0980392153,392.6797385620869,0
22,128,2,3,110,0.017699115044247787,0.02654867256637168,0.9734513274336283,113,4200,3100,1100,0.7380952380952381,53,31,22,175.63705284600772,0.4813593025705858,0.5391859416295064,0.10760645639429997,4256939.8788926955,122735.27489426946,4379675.153786965,21,0,14.68141592920354,84,29,65,37.56583115546047,0.5941187315634218,42.09558823529409,33011.76470588205,392.99719887954825,0
23,128,2,4,108,0.017857142857142856,0.03571428571428571,0.9642857142857143,112,4050,2600,1450,0.6419753086419753,55,26,29,172.73108935503421,0.4801285660660661,0.5291306079881886,0.10646762002895158,4264147.659526671,120860.17408015071,4385007.833606822,22,0,15.303571428571429,88,24,63,37.418760013300684,0.5970982142857143,41.87734082397001,33039.700374531494,375.4511406196761,0
24,128,1,1,108,0.009174311926605505,0.009174311926605505,0.9908256880733946,109,4050,2900,1150,0.7160493827160493,52,29,23,172.28231753738973,0.4787419300033979,0.5169570521130542,0.10660632694279351,4268789.32934952,121237.38374784197,4390026.713097362,23,0,16.119266055045873,88,21,61,37.28747469712074,0.6003440366972477,41.73689138576777,33057.67790262149,375.6554307116079,0
25,128,3,2,109,0.02702702702702703,0.018018018018018018,0.9819819819819819,111,3150,2200,950,0.6984126984126984,41,22,19,168.91571069828294,0.477968877968878,0.5148907533433784,0.10522383446793322,4276710.167100725,119130.70746527938,4395840.874566004,24,0,16.72072072072072,79,32,66,37.130880723316416,0.6022897897897899,41.49739583333336,33088.333333333576,418.8396624472605,0
26,128,0,0,109,0.0,0.0,1.0,109,3350,2300,1050,0.6865671641791045,44,23,21,215.71083804721863,0.47719518065466077,0.6109211276657824,0.12976806688370343,4235021.006944413,157557.98611110952,4392578.993055522,25,1,17.81651376146789,79,30,51,37.211480056691634,0.5875382262996942,42.76041666666664,32926.66666666642,416.7932489451445,8
27,128,0,1,108,0.0,0.009174311926605505,0.9908256880733946,109,3850,2600,1250,0.6753246753246753,51,26,25,210.2485091992184,0.47662178615924794,0.6010189797536187,0.12708690462531183,4240773.019992313,152673.24106113036,4393446.261053444,26,2,18.81651376146789,67,42,54,37.173688804252954,0.5893539755351682,42.58578431372549,32949.019607843155,491.7764120573605,0
28,128,3,1,110,0.02702702702702703,0.009009009009009009,0.990990990990991,111,3800,2600,1200,0.6842105263157895,50,26,24,203.03234556770843,0.47581558831558834,0.5932478069792158,0.1237670237961361,4250927.604938255,146615.16049382632,4397542.765432081,27,0,19.216216216216218,74,37,58,37.0451830495078,0.5917792792792793,42.277777777777764,32988.444444444314,445.789789789788,0
29,128,1,2,109,0.009009009009009009,0.018018018018018018,0.9819819819819819,111,3800,2700,1100,0.7105263157894737,49,27,22,238.9197406180768,0.47533101283101287,0.6565440454774849,0.13950036226456164,4198651.116401077,174628.1271352693,4373279.243536347,28,0,20.18018018018018,70,41,48,37.74785676098831,0.5730105105105106,43.86737089201879,32784.97652582168,468.3568075117383,8
30,128,7,2,114,0.0603448275862069,0.017241379310344827,0.9827586206896551,116,4000,2500,1500,0.625,55,25,30,226.4327894906915,0.47587768615692155,0.6530091818513637,0.134554806771926,4220135.650634759,163915.41748046828,4384051.068115227,29,0,19.982758620689655,63,53,55,37.398388476896734,0.5774066091954023,43.21289062499999,32868.74999999995,521.7261904761897,0
31,128,2,0,116,0.017241379310344827,0.0,1.0,116,3700,2600,1100,0.7027027027027027,48,26,22,221.93342718856235,0.47584957521239385,0.6463462249804774,0.13281180129187145,4228668.060361399,160796.55901576314,4389464.619377162,30,0,20.68103448275862,67,49,54,37.248708780294024,0.5804597701149425,42.95343137254902,32901.96078431372,491.0740415569212,0
32,128,2,2,116,0.01694915254237288,0.01694915254237288,0.9830508474576272,118,4100,2800,1300,0.6829268292682927,54,28,26,216.60731519174334,0.47536095417451346,0.6437986612846134,0.1303338203174269,4235266.000566902,155777.9195011342,4391043.920068036,31,0,21.3135593220339,69,49,50,37.18081747363142,0.5824505649717514,42.7529761904762,32927.61904761911,477.2118702553494,0
33,128,0,2,114,0.0,0.017241379310344827,0.9827586206896551,116,4350,3200,1150,0.735632183908046,55,32,23,218.5838747281668,0.4750671539230385,0.6423674259476013,0.1320467255849964,4240056.653948426,157811.60249739815,4397868.256445824,32,1,22.67241379310345,61,55,54,36.98134247171454,0.5839619252873562,42.607526881720425,32946.23655913973,540.1022386744219,0
34,128,1,3,112,0.008695652173913044,0.02608695652173913,0.9739130434782609,115,3900,2700,1200,0.6923076923076923,51,27,24,215.1785918904037,0.47434846173404527,0.6335722189306698,0.13054492828503864,4245184.7633136045,155794.57593688343,4400979.339250488,33,0,23.556521739130435,64,51,55,36.91003982328416,0.5855072463768116,42.45192307692307,32966.15384615381,515.0961538461532,0
35,128,0,2,110,0.0,0.017857142857142856,0.9821428571428571,112,3750,2200,1550,0.5866666666666667,53,22,31,214.17396726915146,0.47381756756756754,0.6223519451882187,0.13037301229068454,4249220.041322306,155864.4628099168,4405084.504132222,34,1,24.607142857142858,65,47,56,36.81091510474091,0.5877976190476191,42.329545454545446,32981.81818181812,507.41258741258645,0
36,128,3,1,112,0.02654867256637168,0.008849557522123894,0.9911504424778761,113,3700,2600,1100,0.7027027027027027,48,26,22,212.97277174777423,0.4732175779603877,0.6210275434706005,0.13028563543882493,4255151.81217766,154946.29512940868,4410098.107307069,35,0,24.76991150442478,68,45,55,36.65825039032006,0.5896939528023599,42.14975845410629,33004.8309178745,485.3651605569779,0
37,128,2,1,113,0.017543859649122806,0.008771929824561403,0.9912280701754386,114,3800,2600,1200,0.6842105263157895,50,26,24,213.6490760791756,0.4725812503234488,0.6248067266770743,0.1316353984874929,4263666.910153426,155585.69921272786,4419252.609366154,36,0,25.333333333333332,73,41,58,36.37743600930776,0.5924707602339181,41.891891891891916,33037.83783783807,452.57312106627495,0
38,128,2,3,112,0.017391304347826087,0.02608695652173913,0.9739130434782609,115,4500,2600,1900,0.5777777777777777,64,26,38,211.03813853712342,0.47176137808288837,0.6231629738841742,0.13106742712975702,4273137.495194161,152858.9965397926,4425996.491733954,37,0,25.83478260869565,67,48,52,36.152280452138164,0.594927536231884,41.60539215686275,33074.50980392161,493.6494000585315,0
39,128,1,3,110,0.008849557522123894,0.02654867256637168,0.9734513274336283,113,3350,2500,850,0.746268656716418,42,25,17,209.2775837203182,0.471466103034134,0.6129918244188244,0.13030002867124713,4276104.518191801,153028.5642605436,4429133.082452345,38,0,27.1858407079646,68,45,54,36.106203519838026,0.5966076696165192,41.5157004830918,33085.99033816434,486.55868144359323,0
40,128,2,1,111,0.017857142857142856,0.008928571428571428,0.9910714285714286,112,3350,2400,950,0.7164179104477612,43,24,19,210.1303241484327,0.47050286894036897,0.6098647347224662,0.13144077559821432,4281600.635370712,154188.82587691623,4435789.461247628,39,0,28.026785714285715,68,44,57,35.91460923364271,0.5985863095238095,41.349637681159415,33107.24637681153,486.8712702472283,0
41,128,0,2,109,0.0,0.018018018018018018,0.9819819819819819,111,2850,1800,1050,0.631578947368421,39,18,21,210.91593682122513,0.46996996996997,0.6087888565423873,0.1322120455465307,4284100.037340421,155666.99456229978,4439767.031902721,40,1,28.99099099099099,68,43,57,35.81721418290738,0.6000375375375375,41.274154589371975,33116.90821256033,487.0133560670637,0
42,128,3,0,112,0.026785714285714284,0.0,1.0,112,3150,2200,950,0.6984126984126984,41,22,19,207.78126596933825,0.46931138728013727,0.6040226786107878,0.1311131576777313,4291897.374950483,152805.17399553827,4444702.548946022,41,0,29.044642857142858,72,40,60,35.65808445375064,0.6023995535714286,41.03881278538813,33147.03196347034,460.37544393708805,0
43,128,1,0,113,0.008849557522123894,0.0,1.0,113,4100,3000,1100,0.7317073170731707,52,30,22,205.28616078499817,0.46913519279393173,0.6044888586142698,0.13017957057840276,4297683.84516273,149751.00336823307,4447434.848530963,42,0,29.778761061946902,73,40,60,35.544604541256966,0.6038901179941003,40.8643018018018,33169.369369369364,454.3749228680735,0
44,128,0,0,113,0.0,0.0,1.0,113,4250,2800,1450,0.6588235294117647,57,28,29,205.64184448637957,0.46841089865149604,0.6037601734371114,0.13129440840284196,4305624.999999985,150233.33333333235,4455858.333333317,43,1,30.778761061946902,68,45,55,35.291164658634514,0.6060103244837758,40.624999999999986,33199.99999999988,488.23529411764537,0
45,128,0,3,110,0.0,0.02654867256637168,0.9734513274336283,113,3300,2400,900,0.7272727272727273,42,24,18,205.1377908460147,0.4679631531816266,0.6032854194647033,0.1315376263496392,4310638.535905138,150954.9732782552,4461593.509183393,44,2,31.778761061946902,68,45,57,35.15017547941754,0.6073008849557522,40.474033816425106,33219.32367149745,488.5194657573154,0
46,128,2,0,112,0.017857142857142856,0.0,1.0,112,3600,2400,1200,0.6666666666666666,48,24,24,208.40836960575325,0.46685301372801374,0.6059945234869029,0.13491699716582925,4321713.945645688,154136.27146289227,4475850.21710858,45,0,32.36607142857143,70,42,59,34.725162789822335,0.6104910714285714,40.14084507042252,33261.971830985785,475.1710261569398,0
47,128,0,1,111,0.0,0.008928571428571428,0.9910714285714286,112,3600,2500,1100,0.6944444444444444,47,25,22,206.5957482700168,0.4665161813599314,0.6021169829073243,0.13424302901140117,4326020.0996642895,152747.4719042544,4478767.571568544,46,1,33.36607142857143,72,40,57,34.640161909989025,0.6117001488095238,40.01141552511414,33278.53881278523,462.20192795535036,0
48,128,1,0,112,0.008928571428571428,0.0,1.0,112,3700,2600,1100,0.7027027027027027,48,26,22,206.29078781165353,0.466750790969541,0.5990178671625741,0.1261672759224198,4254861.164694815,149447.7323388218,4404308.897033636,47,0,33.964285714285715,71,41,63,36.83953353533087,0.5888206845238095,42.15856481481484,33003.70370370392,464.8408972352665,8
49,128,2,1,113,0.017543859649122806,0.008771929824561403,0.9912280701754386,114,4200,3000,1200,0.7142857142857143,54,30,24,208.3768768214011,0.4664389587538167,0.6055147161584238,0.1283105490695553,4262957.111803654,150660.33779624614,4413617.449599899,48,0,34.35087719298246,75,39,61,36.5354487519915,0.5911915204678362,41.91337719298247,33035.08771929842,440.46783625731223,0
50,128,3,1,115,0.02586206896551724,0.008620689655172414,0.9913793103448276,116,3400,2300,1100,0.6764705882352942,45,23,22,203.3084731032935,0.4671835957021489,0.5996661595672754,0.1256816015547633,4267623.778240669,146928.81482668384,4414552.593067353,49,0,34.4051724137931,78,38,59,36.522160947712436,0.5925826149425287,41.77215189873418,33053.164556962045,423.75851996105183,0
51,128,1,0,116,0.008620689655172414,0.0,1.0,116,4100,3000,1100,0.7317073170731707,52,30,22,202.91363163371477,0.46639180409795106,0.5980951056729698,0.12580645161290321,4271111.111111116,146033.3333333336,4417144.44444445,50,0,35.39655172413793,80,36,62,36.4247311827957,0.5939295977011494,41.66666666666667,33066.66666666671,413.3333333333338,0
52,128,2,0,118,0.01694915254237288,0.0,1.0,118,4350,3100,1250,0.7126436781609196,56,31,25,201.88235280544362,0.46669775218504034,0.6028828123577692,0.12614259762541563,4280301.234567933,144873.45679012514,4425174.691358058,51,0,35.779661016949156,74,44,64,36.16798693161478,0.5959569209039548,41.388888888888914,33102.22222222247,447.32732732733064,0
53,128,2,0,120,0.016666666666666666,0.0,1.0,120,4450,3300,1150,0.7415730337078652,56,33,23,202.5547258195018,0.4666812558356676,0.6077487061529601,0.1271634181227854,4285885.770975082,145175.28344671347,4431061.0544217955,52,0,36.166666666666664,76,44,67,35.97853172321258,0.5972222222222222,41.220238095238116,33123.80952380972,435.83959899749635,0
54,128,0,1,119,0.0,0.008333333333333333,0.9916666666666667,120,4400,2700,1700,0.6136363636363636,61,27,34,200.51791237688755,0.4659517973856209,0.6056114239742534,0.12651967770785458,4291802.777777821,143716.66666666893,4435519.44444449,53,1,37.166666666666664,79,41,65,35.849088227406845,0.5989583333333333,41.0416666666667,33146.666666667,419.5780590717342,0
55,128,0,0,119,0.0,0.0,1.0,119,3750,2800,950,0.7466666666666667,47,28,19,204.2497182101386,0.4656002231401035,0.6110488871646924,0.12926831835825517,4295384.183051389,147916.20179850754,4443300.384849897,54,2,38.260504201680675,80,39,62,35.64221891288159,0.6004026610644257,40.93364197530866,33160.49382716069,414.5061728395086,0
56,128,1,2,118,0.008333333333333333,0.016666666666666666,0.9833333333333333,120,4350,2900,1450,0.6666666666666666,58,29,29,205.76189289582194,0.46525881185807655,0.617254556143443,0.13108650929430518,4303094.883997642,148732.58972833745,4451827.47372598,55,0,38.93333333333333,81,39,60,35.36583872232021,0.6021701388888889,40.70121951219514,33190.2439024392,409.75609756097776,0
57,128,1,0,119,0.008403361344537815,0.0,1.0,119,4000,2900,1100,0.725,51,29,22,206.88278353508954,0.46481389165835824,0.6182354487721156,0.13225009595606665,4307066.092785469,150411.56442901088,4457477.65721448,56,0,39.7563025210084,71,48,61,35.21467709553286,0.6039915966386555,40.5815972222222,33205.55555555536,467.68388106415995,0
58,128,0,1,118,0.0,0.008403361344537815,0.9915966386554622,119,3500,2100,1400,0.6,49,21,28,204.36524461693378,0.46452309737454306,0.6147176201644224,0.13095145236403016,4309832.108290693,148855.9786137472,4458688.08690444,57,1,40.7563025210084,73,46,61,35.19499819184522,0.6046918767507004,40.498310810810786,33216.21621621598,455.0166604961093,0
59,128,0,1,117,0.0,0.00847457627118644,0.9915254237288136,118,3700,2600,1100,0.7027027027027027,48,26,22,201.36908176048138,0.4637717900429765,0.6067185434878535,0.12942422048270275,4313364.22024081,146415.63846568,4459779.85870649,58,2,42.05084745762712,75,43,62,35.16429306794782,0.6059322033898304,40.39199561403506,33229.82456140325,443.0643274853767,0
60,128,2,1,118,0.01680672268907563,0.008403361344537815,0.9915966386554622,119,4350,3100,1250,0.7126436781609196,56,31,25,188.1534223176472,0.4633272800645682,0.5915625309970736,0.11545017488842677,4258755.38753744,132109.88019577754,4390865.267733218,59,0,42.36974789915966,77,42,65,37.1870038655346,0.5894607843137255,42.04059829059829,33018.80341880343,428.81562881562894,8
61,128,2,2,118,0.016666666666666666,0.016666666666666666,0.9833333333333333,120,4050,3000,1050,0.7407407407407407,51,30,21,187.35100319347396,0.4634512138188609,0.5928221833268486,0.1155106544869123,4264473.798809723,131740.68885985826,4396214.487669582,60,0,42.708333333333336,82,38,52,37.031331032023836,0.5914930555555555,41.86746987951809,33040.96385542189,402.938583602706,0
62,128,0,0,118,0.0,0.0,1.0,118,3850,2500,1350,0.6493506493506493,52,25,27,192.0808889651089,0.463291926215655,0.5938128756259049,0.1187616517758151,4267831.317712298,136503.76669186307,4404335.084404161,61,1,44.0,83,35,54,36.805688948648985,0.5926906779661016,41.765873015873034,33053.968253968465,398.240581373114,0
63,128,0,0,118,0.0,0.0,1.0,118,4000,2900,1100,0.725,51,29,22,191.67309809095894,0.46292071080206676,0.5926199223869166,0.11879721484992418,4270710.603704714,136116.06649239894,4406826.670197113,62,2,45.0,85,33,55,36.72745619793379,0.59375,41.67877906976745,33065.11627906984,389.001367989057,0
64,128,1,0,119,0.008403361344537815,0.0,1.0,119,3800,2600,1200,0.6842105263157895,50,26,24,185.2748286496438,0.46268041114750985,0.5822472071531273,0.11554983965392326,4278095.946453253,130924.69868517408,4409020.645138427,63,0,45.61344537815126,73,46,60,36.665339558265764,0.5953256302521008,41.455518018018054,33093.693693694026,453.3382697766305,0
65,128,3,0,122,0.02459016393442623,0.0,1.0,122,3500,2400,1100,0.6857142857142857,46,24,22,182.6398737550517,0.463144391003929,0.5871677673606737,0.11474822413162292,4286782.024793422,128687.46556474031,4415469.490358162,64,0,45.467213114754095,76,46,65,36.46633735821445,0.5970799180327868,41.19318181818185,33127.27272727299,435.8851674641183,0
66,128,1,0,123,0.008130081300813009,0.0,1.0,123,3850,3100,750,0.8051948051948052,46,31,15,183.10284681729513,0.4625122173352881,0.5912212776495884,0.11578665081320097,4294392.751736154,128813.10763889104,4423205.859375045,65,0,46.08943089430894,79,44,63,36.22051037163635,0.5988313008130082,40.9635416666667,33156.666666667,419.7046413502152,0
67,128,3,1,125,0.023809523809523808,0.007936507936507936,0.9920634920634921,126,3750,2800,950,0.7466666666666667,47,28,19,235.36373839404095,0.4629642857142857,0.6938752605419269,0.1438333956852477,4253906.250000014,171293.0555555565,4425199.305555571,66,0,45.96825396825397,63,63,53,36.119528619528616,0.5797784391534391,42.187500000000014,33000.00000000011,523.8095238095256,8
68,128,0,1,124,0.0,0.008,0.992,125,4200,3000,1200,0.7142857142857143,54,30,24,235.40074482807572,0.46244086021505376,0.6909526312415868,0.14441553362417694,4258545.410962752,171292.9523249638,4429838.363287716,67,1,47.32,62,63,53,35.974723842488736,0.5813333333333333,42.046957671957685,33017.98941798952,532.5482164191858,0
69,128,1,0,125,0.008,0.0,1.0,125,3900,2800,1100,0.717948717948718,50,28,22,233.21655776222264,0.46177419354838706,0.6877133598287972,0.1437714588089393,4264329.293566992,170002.43980206136,4434331.733369053,68,0,47.776,65,60,48,35.85186742076834,0.583,41.87184343434344,33040.40404040411,508.31390831390934,0
70,128,0,0,125,0.0,0.0,1.0,125,3550,2500,1050,0.704225352112676,46,25,21,233.74237423508595,0.4615564516129032,0.688597685022799,0.14455520801393276,4268116.467128754,170977.93530770845,4439094.402436462,69,1,48.776,68,57,49,35.72101894072255,0.5842499999999999,41.757246376811594,33055.07246376811,486.1040068201193,0
71,128,0,0,125,0.0,0.0,1.0,125,3700,2500,1200,0.6756756756756757,49,25,24,229.30687169383708,0.4613333333333333,0.6822977797683785,0.14249849295041714,4273845.23459591,167304.41616976095,4441149.65076567,70,2,49.776,62,63,53,35.65833813210483,0.5860000000000001,41.58399470899472,33077.24867724879,533.5040109233676,0
72,128,0,0,125,0.0,0.0,1.0,125,4050,3100,950,0.7654320987654321,50,31,19,230.72015167783854,0.46109946236559135,0.6848933231005367,0.1438413194431696,4277674.477198301,168339.14084152272,4446013.618039824,71,3,50.776,62,63,54,35.50340560245588,0.5870833333333334,41.46825396825398,33092.0634920636,533.742959549413,0
73,128,2,1,126,0.015748031496062992,0.007874015748031496,0.9921259842519685,127,3800,2700,1100,0.7105263157894737,49,27,22,229.61190411708787,0.4614032620922384,0.6869826777331567,0.14391607142796542,4283973.184450907,167530.24801366465,4451503.432464572,72,0,50.960629921259844,66,61,56,35.337419626224396,0.5886646981627297,41.27798507462689,33116.41791044797,501.7639077340601,0
74,128,0,2,124,0.0,0.015873015873015872,0.9841269841269842,126,3100,1900,1200,0.6129032258064516,43,19,24,229.41709276844296,0.46091666666666664,0.6858868392201711,0.14436109578966744,4288608.2646469455,168476.0080196053,4457084.272666551,73,1,51.888888888888886,66,60,57,35.19932432432434,0.5908564814814814,41.138059701492566,33134.3283582092,502.0352781546848,0
75,128,1,0,125,0.008,0.0,1.0,125,3350,2300,1050,0.6865671641791045,44,23,21,228.50042328374934,0.4605483870967742,0.6834529004789769,0.14456306240746364,4294951.475994832,167929.6460495976,4462881.122044429,74,0,52.136,67,58,53,35.02731210454735,0.5933333333333333,40.94669117647061,33158.82352941194,494.90781387181994,0
76,128,2,1,126,0.015748031496062992,0.007874015748031496,0.9921259842519685,127,3850,3000,850,0.7792207792207793,47,30,17,226.12755218614666,0.46059086364204477,0.6858956834126004,0.1440684678919056,4303155.116213164,165362.386621316,4468517.50283448,75,0,52.2992125984252,69,58,48,34.83590387374463,0.5951443569553806,40.69940476190477,33190.476190476285,481.0213940648737,0
77,128,0,1,125,0.0,0.007936507936507936,0.9920634920634921,126,3600,2500,1100,0.6944444444444444,47,25,22,223.70131636358266,0.4601851851851852,0.6801368479523298,0.13609699440700604,4248554.450715181,161281.44465346978,4409835.8953686515,76,1,53.714285714285715,60,66,56,36.586056247790765,0.5795304232804233,42.349726775956306,32979.23497267776,549.6539162112961,8
78,128,0,0,125,0.0,0.0,1.0,125,4150,2800,1350,0.6746987951807228,55,28,27,225.81369248035895,0.45968817204301077,0.6800161616161615,0.13799725651577516,4253906.250000007,162968.0555555561,4416874.305555563,77,2,54.568,61,64,56,36.36574074074072,0.581,42.18750000000001,33000.00000000006,540.983606557378,0
79,128,2,1,126,0.015748031496062992,0.007874015748031496,0.9921259842519685,127,3850,3100,750,0.8051948051948052,46,31,15,224.23188604498677,0.4604033870766154,0.680693820929342,0.1379750118831649,4262107.314266936,161890.07232084195,4423997.386587778,78,0,54.69291338582677,64,63,58,36.15255438945125,0.5827591863517061,41.93910256410257,33031.79487179492,516.1217948717956,0
80,128,1,2,125,0.007874015748031496,0.015748031496062992,0.984251968503937,127,3900,3000,900,0.7692307692307693,48,30,18,224.36848183867528,0.4602836103820356,0.6811845414604705,0.13858339273697584,4266619.5389624,162158.98970804433,4428778.528670444,79,0,55.23622047244095,68,59,51,36.009398935859195,0.5843996062992126,41.802536231884055,33049.27536231882,486.01875532821794,0
81,128,0,1,124,0.0,0.008,0.992,125,3650,2600,1050,0.7123287671232876,47,26,21,225.8519369745773,0.45921774193548387,0.677637654989768,0.13990693813928534,4270082.980619299,164231.30244300936,4434314.283062309,80,1,56.888,66,59,51,35.863955098110054,0.5855833333333333,41.69776119402986,33062.68656716424,500.9497964721854,0
82,128,1,0,125,0.008,0.0,1.0,125,4550,3400,1150,0.7472527472527473,57,34,23,222.34776546548085,0.45886827956989246,0.6715943837753509,0.1383737064692944,4275556.711758584,160582.096196092,4436138.8079546755,81,0,57.472,61,64,54,35.78528557808983,0.5875,41.53225806451613,33083.870967741925,542.3585404547856,0
83,128,4,1,128,0.031007751937984496,0.007751937984496124,0.9922480620155039,129,4050,2800,1250,0.691358024691358,53,28,25,211.727973270814,0.45953447997416025,0.664160274995484,0.13334698225815408,4289638.622806364,151797.29833419944,4441435.921140563,82,0,56.65891472868217,66,63,59,35.62547541836817,0.5902777777777778,41.10696517412935,33138.30845771143,502.0955826925974,0
84,128,1,0,129,0.007751937984496124,0.0,1.0,129,3350,2000,1350,0.5970149253731343,47,20,27,208.27951578870375,0.4596278464147287,0.6586449899762941,0.13161884539177818,4293604.41608904,149703.96975425244,4443308.385843293,83,0,57.12403100775194,68,61,61,35.59261525907792,0.5915697674418605,40.9873188405797,33153.62318840567,487.5532821824363,0
85,128,0,0,129,0.0,0.0,1.0,129,3950,2700,1250,0.6835443037974683,52,27,25,208.7374140149131,0.45931494266795864,0.6592728345129768,0.13244029027153092,4298321.761555241,149694.11382221323,4448015.875377455,84,1,58.12403100775194,70,59,58,35.43553743961355,0.5930232558139534,40.84507042253521,33171.830985915454,473.8832997987922,0
86,128,1,0,130,0.007692307692307693,0.0,1.0,130,3700,2600,1100,0.7027027027027027,48,26,22,227.62171591871336,0.45902032399125425,0.6930268571743587,0.139360419530767,4256124.280986237,164057.26240027734,4420181.543386514,85,0,58.66923076923077,61,69,53,36.25039361956263,0.5784455128205128,42.12029569892473,33008.602150537605,541.1246254186492,8
87,128,0,1,129,0.0,0.007692307692307693,0.9923076923076923,130,4450,3600,850,0.8089887640449438,53,36,17,224.56897247363128,0.458656330749354,0.6884731274510723,0.13791626681078573,4259808.482463295,160874.1627682477,4420682.645231542,86,1,59.66923076923077,66,64,51,36.21502249809167,0.5799679487179488,42.00870646766168,33022.88557213922,500.34675109301844,0
88,128,1,0,130,0.007692307692307693,0.0,1.0,130,3300,2100,1200,0.6363636363636364,45,21,24,225.01268981905287,0.4584240210693699,0.688956366606287,0.13921060321685896,4268578.806829097,162796.87980584332,4431375.68663494,87,0,60.00769230769231,67,63,49,35.93215542637956,0.5818108974358974,41.74325980392156,33056.86274509798,493.3860111208653,0
89,128,2,2,130,0.015151515151515152,0.015151515151515152,0.9848484848484849,132,4050,2800,1250,0.691358024691358,53,28,25,216.62987155275388,0.45878392705682786,0.6813210073443992,0.1351960147281785,4278892.429760663,154937.18348942063,4433829.613250083,88,0,60.083333333333336,61,71,54,35.830084470435345,0.584280303030303,41.431451612903224,33096.774193548365,542.5700687466945,0
90,128,1,0,131,0.007633587786259542,0.0,1.0,131,3950,2500,1450,0.6329113924050633,54,25,29,214.9989208020457,0.45806909375611665,0.6760662086417992,0.13519683026947157,4287811.431884772,154224.9660915803,4442036.397976353,89,0,61.213740458015266,63,68,57,35.5971226602947,0.5864344783715012,41.16210937500001,33131.25000000005,525.8928571428579,0
91,128,2,2,131,0.015037593984962405,0.015037593984962405,0.9849624060150376,133,4000,2900,1100,0.725,51,29,22,217.5435905426728,0.45857304245462144,0.6831056037934629,0.13779414429470319,4296338.967476051,156328.20103462788,4452667.168510679,90,0,61.278195488721806,66,67,57,35.26840184018403,0.5885025062656641,40.90485074626866,33164.179104477604,502.4875621890546,0
92,128,0,1,130,0.0,0.007633587786259542,0.9923664122137404,131,4050,2800,1250,0.691358024691358,53,28,25,216.34563642009817,0.4579932472108044,0.6764908705064479,0.13741909847194464,4299612.607645447,155790.48519218632,4455403.092837634,91,1,62.05343511450382,68,63,49,35.19861378065121,0.5908078880407125,40.80615942028985,33176.81159420286,487.89428815004203,0
93,128,0,1,129,0.0,0.007692307692307693,0.9923076923076923,130,3250,2200,1050,0.676923076923077,43,22,21,216.72050201769937,0.45720035778175316,0.6750616808536358,0.13824884902198517,4304622.642885486,157329.99603257971,4461952.6389180655,92,2,63.2,68,62,51,35.034659564972735,0.5924679487179487,40.65519323671498,33196.13526570051,488.17845978971343,0
94,128,1,1,129,0.007692307692307693,0.007692307692307693,0.9923076923076923,130,4550,2600,1950,0.5714285714285714,65,26,39,219.12665730446753,0.4564313754720732,0.679140551109717,0.1405652284310675,4311116.167660471,158386.0950141367,4469502.262674607,93,0,64.17692307692307,62,68,52,34.77243528487396,0.5946314102564103,40.459656084656075,33221.16402116395,535.8252261478057,0
95,128,0,0,129,0.0,0.0,1.0,129,4200,3000,1200,0.7142857142857143,54,30,24,218.5783293707745,0.45573673691860467,0.6765098802404075,0.14054532873791573,4313863.063744017,158583.39632149154,4472446.460065508,94,1,65.64341085271317,62,67,54,34.70218761941151,0.596172480620155,40.37698412698413,33231.746031746035,535.9959037378393,0
96,128,0,0,129,0.0,0.0,1.0,129,3250,2500,750,0.7692307692307693,40,25,15,218.94494066788533,0.4551942021963824,0.676408773719307,0.14124870936147071,4317710.187984658,160018.16018588506,4477728.348170543,95,2,66.64341085271317,62,67,57,34.57439472064846,0.5975452196382429,40.261243386243386,33246.560846560846,536.2348523638846,0
97,128,1,1,129,0.007692307692307693,0.007692307692307693,0.9923076923076923,130,4450,3000,1450,0.6741573033707865,59,30,29,218.1835750150517,0.45535678791492745,0.6782638595759016,0.141492179255063,4323733.74424721,158223.53714661454,4481957.281393825,96,0,67.12307692307692,64,66,58,34.40910352056231,0.5991987179487179,40.08012820512821,33269.74358974363,519.8397435897442,0
98,128,1,1,129,0.007692307692307693,0.007692307692307693,0.9923076923076923,130,3800,2500,1300,0.6578947368421053,51,25,26,215.69933037060832,0.45484496124031004,0.6736552834310676,0.14031782576617785,4327331.3934061155,156880.4967698827,4484211.890175998,97,0,68.00769230769231,66,64,59,34.36322869955156,0.6004807692307692,39.972014925373145,33283.582089552336,504.29669832655054,0
99,128,1,1,129,0.007692307692307693,0.007692307692307693,0.9923076923076923,130,3750,2600,1150,0.6933333333333334,49,26,23,215.46368375342485,0.45481514609421586,0.6726478869468593,0.1410702029709574,4334744.115965389,157045.9870708781,4491790.103036267,98,0,68.56923076923077,68,62,51,34.14194075449077,0.6024038461538461,39.74939613526572,33312.07729468616,489.8834896277377,0
100,128,0,1,128,0.0,0.007751937984496124,0.9922480620155039,129,4250,3100,1150,0.7294117647058823,54,31,23,215.0399999999987,0.4543438105620155,0.6696434108527112,0.14147368421052658,4340277.777777813,156616.6666666687,4496894.444444482,99,1,69.34108527131782,68,61,53,33.98333333333335,0.6041666666666667,39.583333333333364,33333.33333333361,490.19607843137663,0
101,128,0,1,127,0.0,0.0078125,0.9921875,128,4600,3400,1200,0.7391304347826086,58,34,24,218.03297831757922,0.45336465510170604,0.6706105580137651,0.14379996040789805,4343124.328137616,159188.86649347664,4502313.194631092,100,2,70.859375,60,68,53,33.818147055610176,0.6053873697916667,39.49795081967215,33344.26229508211,555.7377049180352,0
102,128,0,2,125,0.0,0.015748031496062992,0.984251968503937,127,2750,1800,950,0.6545454545454545,37,18,19,217.77553472556139,0.45312825480148317,0.6687393010482519,0.1441322728092596,4347111.0663202945,161188.88739586194,4508299.953716156,101,3,71.62992125984252,60,67,54,33.70271480365177,0.6066272965879265,39.37841530054646,33359.56284153013,555.9927140255022,0
103,128,0,0,125,0.0,0.0,1.0,125,3700,2700,1000,0.7297297297297297,47,27,20,217.8922164625474,0.4528306451612903,0.6653453831041249,0.1447873866572284,4351669.5780704245,160938.9859356812,4512608.564006106,102,4,72.528,60,65,55,33.56008513425017,0.608,39.241803278688536,33377.049180327966,556.2841530054661,0
104,128,0,0,125,0.0,0.0,1.0,125,3000,1900,1100,0.6333333333333333,41,19,22,215.79439683304992,0.45236827956989245,0.6624037099059639,0.1437950130999974,4354850.922071925,159950.4856052729,4514801.407677198,103,5,73.528,61,64,56,33.51743312293358,0.6090833333333333,39.146505376344095,33389.247311828025,547.3647100299676,0
105,128,0,1,124,0.0,0.008,0.992,125,2800,1800,1000,0.6428571428571429,38,18,20,214.74935100877224,0.4520510752688172,0.6613542868005831,0.14341766856832164,4357380.1300355615,159348.91100473164,4516729.041040293,104,6,74.528,62,63,56,33.46732885537461,0.61025,39.0707671957672,33398.94179894186,538.6926096603526,0
106,128,0,1,123,0.0,0.008064516129032258,0.9919354838709677,124,3600,2500,1100,0.6944444444444444,47,25,22,210.1202766534389,0.45115667890549876,0.6507025234750796,0.14090813440753022,4362071.2358605135,154911.92297220457,4516983.158832718,105,7,75.69354838709677,66,58,57,33.44474551373671,0.6118951612903225,38.93034825870648,33416.91542288569,506.3169003467529,0
107,128,0,0,123,0.0,0.0,1.0,123,3050,2400,650,0.7868852459016393,37,24,13,215.13889528656844,0.45064751877026965,0.6554688127526431,0.1449384009063726,4367268.198806972,160263.8511422992,4527532.049949272,106,8,76.47967479674797,66,57,54,33.154907153910266,0.6135670731707317,38.77487562189056,33436.815920398105,506.61842303633495,0
108,128,0,0,123,0.0,0.0,1.0,123,3550,2500,1050,0.704225352112676,46,25,21,214.13270380367592,0.45028099871162647,0.6533931220441995,0.1448721962076219,4372038.568578036,159089.28796471376,4531127.856542749,107,9,77.47967479674797,68,55,53,33.035507999768974,0.6150067750677507,38.6322463768116,33455.07246376816,491.9863597612965,0
109,128,0,0,123,0.0,0.0,1.0,123,3700,2300,1400,0.6216216216216216,51,23,28,216.0750746385759,0.44969234528410856,0.6561684230754579,0.14709544543279301,4379006.261562013,160938.82096195995,4539945.082523973,108,10,78.47967479674797,61,62,56,32.7720550452823,0.6167005420054201,38.42405913978493,33481.720430107394,548.8806627886459,0
110,128,0,1,122,0.0,0.008130081300813009,0.991869918699187,123,3800,2800,1000,0.7368421052631579,48,28,20,217.7234476166433,0.4495673952641166,0.6590225632593416,0.148664739001719,4382382.085356679,162429.46727945362,4544811.552636133,109,11,79.47967479674797,61,62,57,32.625936329588,0.6176321138211383,38.32325268817203,33494.6236559139,549.0921910805557,0
111,128,0,0,122,0.0,0.0,1.0,122,3750,3000,750,0.8,45,30,15,219.52112328313942,0.4489229101747731,0.6571910541437023,0.15049703757682145,4386885.207104853,164452.79367556842,4551338.000780422,110,12,80.29508196721312,61,61,58,32.44153618259212,0.6191939890710383,38.18884408602149,33511.82795698914,549.3742288031007,0
112,128,0,0,122,0.0,0.0,1.0,122,3650,2300,1350,0.6301369863013698,50,23,27,217.19275216835248,0.4484952919658583,0.6546552948067095,0.149468617717247,4391131.337308567,162694.38005654828,4553825.717365115,111,13,81.29508196721312,62,60,59,32.37306947775954,0.6201331967213115,38.062169312169296,33528.04232804218,540.7748762587448,0
113,128,0,1,121,0.0,0.00819672131147541,0.9918032786885246,122,4150,3000,1150,0.7228915662650602,53,30,23,216.93248017195936,0.4481579957548661,0.6556808191549879,0.14988578076397324,4395567.383331917,162158.26684583185,4557725.650177749,112,14,82.29508196721312,62,60,56,32.24474237644582,0.6214139344262295,37.92989417989416,33544.97354497342,541.0479604027971,0
114,128,0,0,121,0.0,0.0,1.0,121,3350,2000,1350,0.5970149253731343,47,20,27,225.81394828256407,0.4477875344352617,0.6604307895450432,0.1501855576338491,4352687.429138308,169029.50680272025,4521716.935941028,113,15,83.0909090909091,69,52,57,33.32233713742272,0.6116563360881543,39.21130952380951,33380.95238095227,483.7819185645257,8
115,128,1,0,122,0.00819672131147541,0.0,1.0,122,3800,2700,1100,0.7105263157894737,49,27,22,225.61663100943923,0.44773037754595135,0.6623965184385345,0.1507119095143046,4357656.249999974,168431.94444444304,4526088.194444417,114,0,83.40163934426229,71,51,59,33.175316034597465,0.6131318306010929,39.06249999999998,33399.9999999998,470.42253521126486,0
116,128,2,1,123,0.016129032258064516,0.008064516129032258,0.9919354838709677,124,3650,2500,1150,0.684931506849315,48,25,23,221.41184779316194,0.4483209852259813,0.6610399365688777,0.14882726812531633,4364711.468224969,164829.7662527385,4529541.234477707,115,0,83.04032258064517,73,51,56,33.0692108667529,0.6147513440860215,38.85135135135134,33427.027027026925,457.90447982228665,0
117,128,0,2,121,0.0,0.016260162601626018,0.983739837398374,123,4350,3500,850,0.8045977011494253,52,35,17,243.38317123917386,0.447757008307788,0.6945505599634312,0.1553907939450106,4305624.999999988,180633.33333333238,4486258.33333332,116,1,84.17886178861788,58,65,51,34.31224899598392,0.5960365853658536,40.624999999999986,33199.999999999905,572.4137931034467,8
118,128,1,0,122,0.00819672131147541,0.0,1.0,122,3850,2800,1050,0.7272727272727273,49,28,21,237.79152358474764,0.44722090502641915,0.6840342124019962,0.1525743895962219,4311390.817901225,176792.43827160425,4488183.256172829,117,0,84.90163934426229,59,63,55,34.27954292084726,0.5978483606557377,40.45138888888888,33222.222222222146,563.0885122410533,0
119,128,0,1,121,0.0,0.00819672131147541,0.9918032786885246,122,3050,2100,950,0.6885245901639344,40,21,19,236.87994423812918,0.4469132457209954,0.6833427800551022,0.15221597791975638,4313121.3155864,176888.38734567768,4490009.702932077,118,1,85.90163934426229,59,63,55,34.24988575313761,0.5985314207650273,40.399305555555536,33228.88888888874,563.2015065913346,0
120,128,0,0,121,0.0,0.0,1.0,121,3850,2600,1250,0.6753246753246753,51,26,25,233.90972353408256,0.44627238292011023,0.6770177802746571,0.1510011789378055,4318463.8578159185,173976.1374147293,4492439.995230648,119,2,87.58677685950413,61,60,55,34.16250296444818,0.599776170798898,40.23857526881719,33249.462365591295,545.0731535342835,0
121,128,2,1,122,0.016260162601626018,0.008130081300813009,0.991869918699187,123,4000,2400,1600,0.6,56,24,32,226.848382765021,0.4467018748056333,0.6720890591131976,0.14758788527446753,4327466.732412869,167735.76594345714,4495202.4983563265,120,0,87.14634146341463,64,59,57,34.06916368790828,0.6020494579945799,39.9679487179487,33284.10256410243,520.0641025641005,0
122,128,0,0,122,0.0,0.0,1.0,122,4400,3300,1100,0.75,55,33,22,227.16093131236101,0.4459578083367204,0.6698891689911854,0.14842441350314123,4332389.950642769,168029.94719926396,4500419.897842033,121,1,88.26229508196721,65,57,55,33.909804367606895,0.6037397540983607,39.82007575757574,33303.03030303013,512.3543123543096,0
123,128,2,1,123,0.016129032258064516,0.008064516129032258,0.9919354838709677,124,3650,2600,1050,0.7123287671232876,47,26,21,224.90865320718217,0.4463390047206924,0.6717734920827931,0.14764178624125765,4337762.039370793,166670.04364162404,4504432.083012417,122,0,87.8225806451613,68,56,50,33.80351792790181,0.6049227150537635,39.658816425120754,33323.67149758438,490.05399261153497,0
124,128,0,0,123,0.0,0.0,1.0,123,3050,1900,1150,0.6229508196721312,42,19,23,230.73402331675513,0.44597161135545776,0.6705200624717202,0.1412295065795964,4255816.186556932,168742.31824417034,4424558.504801102,123,1,89.53658536585365,71,52,54,36.1796828246559,0.5828252032520325,42.12962962962963,33007.40740740744,464.8930620761611,8
125,128,1,0,124,0.008064516129032258,0.0,1.0,124,3600,2500,1100,0.6944444444444444,47,25,22,227.2443207034158,0.44693728691319173,0.6674011201319856,0.1395392812253207,4259637.345679015,165195.67901234594,4424833.024691361,124,0,89.80645161290323,74,50,57,36.15130103185287,0.5844254032258065,42.01388888888889,33022.22222222225,446.2462462462466,0
126,128,1,0,125,0.008,0.0,1.0,125,3200,2200,1000,0.6875,42,22,20,232.7096139534675,0.4472204301075269,0.6799744328600628,0.14379179027289868,4267086.085811743,170398.39114709295,4437484.4769588355,125,0,90.08,76,49,48,35.77958820139365,0.5860833333333333,41.78841991341992,33051.08225108231,434.8826611984515,0
127,128,2,1,126,0.015748031496062992,0.007874015748031496,0.9921259842519685,127,3450,2300,1150,0.6666666666666666,46,23,23,228.4814946435598,0.44834760238303545,0.6810495466626489,0.14208933353759468,4274710.542437081,166488.45078092196,4441198.993218003,126,0,89.64566929133858,66,61,50,35.6529106258397,0.5875984251968505,41.557835820895534,33080.59701492548,501.2211668928103,0
128,128,2,0,128,0.015625,0.0,1.0,128,3950,2800,1150,0.7088607594936709,51,28,23,223.4589585714471,0.4477141773293963,0.676044443341651,0.13991577974189495,4282762.238532926,161854.31792633777,4444616.556459264,127,0,89.9140625,70,58,55,35.53399595432547,0.5896809895833333,41.314553990610335,33111.73708920193,473.0248155600276,0
129,128,0,0,128,0.0,0.0,1.0,128,3900,2500,1400,0.6410256410256411,53,25,28,223.53992956019067,0.4474847748523622,0.6757302118363742,0.1405473408073586,4287641.534267424,162191.81730989736,4449833.351577321,128,1,90.9140625,72,56,57,35.38129169193448,0.5912272135416667,41.16723744292237,33130.59360730592,460.14713343480446,0
130,128,1,1,128,0.007751937984496124,0.007751937984496124,0.9922480620155039,129,4600,3600,1000,0.782608695652174,56,36,20,220.32664259119224,0.4473236635981912,0.6738394651572932,0.13936323778358584,4294710.872576191,158847.84549092088,4453558.718067112,129,0,91.2015503875969,75,54,55,35.246472663139315,0.5931040051679586,40.95394736842106,33157.89473684221,442.1052631578961,0
131,128,0,0,128,0.0,0.0,1.0,128,3350,2300,1050,0.6865671641791045,44,23,21,219.95008231151638,0.44680810162401574,0.6708998140172266,0.13946189429583272,4297544.379321989,160099.04799385366,4457643.427315842,130,1,92.4921875,76,52,60,35.16890716088051,0.5946451822916667,40.8685064935065,33168.83116883126,436.43198906356923,0
132,128,3,1,130,0.022900763358778626,0.007633587786259542,0.9923664122137404,131,4150,3000,1150,0.7228915662650602,53,30,23,220.35962625477177,0.4475411039342337,0.6777889967755157,0.14038265858372753,4303063.652644427,159294.29964944444,4462357.952293871,131,0,91.35114503816794,80,51,50,34.988282993602176,0.5961354961832062,40.70216049382717,33190.12345679023,414.87654320987787,0
133,128,0,1,129,0.0,0.007692307692307693,0.9923076923076923,130,3350,1800,1550,0.5373134328358209,49,18,31,222.33491653434183,0.4465588352216259,0.6805259643209203,0.14201422639290898,4306133.593449645,162130.77061707084,4468264.364066715,132,1,93.05384615384615,67,63,51,34.84252888836394,0.5971153846153846,40.609681372549026,33201.9607843138,495.5516534972209,0
134,128,1,0,130,0.007692307692307693,0.0,1.0,130,4750,3600,1150,0.7578947368421053,59,36,23,222.02786036337594,0.44658492347445833,0.6805543187398881,0.14290535357729775,4315017.02097505,160860.7993197275,4475877.820294777,133,0,94.02307692307693,69,61,55,34.577136703153926,0.5992788461538461,40.3422619047619,33236.19047619042,481.6839199447887,0
135,128,1,0,131,0.007633587786259542,0.0,1.0,131,3900,2600,1300,0.6666666666666666,52,26,26,238.10768959094105,0.4466040321002153,0.7049114994531063,0.1495021687378806,4286032.910695284,174007.4787752781,4460040.389470561,134,0,94.29770992366412,66,65,53,35.05394512866728,0.5903307888040712,41.2157960199005,33124.378109452766,501.8845168098904,8
136,128,1,1,131,0.007575757575757576,0.007575757575757576,0.9924242424242424,132,4200,3000,1200,0.7142857142857143,54,30,24,239.00771571236103,0.4463889852725731,0.7090499119998748,0.1511226773485314,4294269.401927437,174672.7040816327,4468942.10600907,135,0,94.57575757575758,69,63,51,34.77617960207579,0.5923295454545454,40.967261904761905,33156.19047619047,480.5244996549344,0
137,128,1,0,132,0.007575757575757576,0.0,1.0,132,3100,1600,1500,0.5161290322580645,46,16,30,238.54432021426976,0.44629260158840317,0.7085321610115003,0.15105557589806012,4296023.8768861415,175458.41906721512,4471482.295953357,136,0,95.50757575757575,71,61,52,34.73401087037448,0.5935921717171717,40.91435185185185,33162.962962962934,467.08398539384416,0
138,128,1,1,132,0.007518796992481203,0.007518796992481203,0.9924812030075187,133,4150,3000,1150,0.7228915662650602,53,30,23,233.33846071568925,0.4462814232551075,0.7036471372997382,0.14839823960916357,4301075.763696497,169971.2796244986,4471047.043320996,137,0,95.78195488721805,75,58,46,34.71304324838743,0.5951597744360902,40.76206140350875,33182.45614035069,442.4327485380092,0
139,128,0,1,131,0.0,0.007575757575757576,0.9924242424242424,132,3250,2100,1150,0.6461538461538462,44,21,23,222.6389124742056,0.4457456241807387,0.6931416938385895,0.13946682049170042,4283307.840236712,161076.19986850923,4444384.040105222,138,1,97.47727272727273,64,68,54,35.53836544219375,0.5868055555555556,41.29807692307695,33113.84615384636,517.4038461538494,8
140,128,0,0,131,0.0,0.0,1.0,131,3300,2100,1200,0.6363636363636364,45,21,24,220.03859241949223,0.4452167743198277,0.6868832364140334,0.13818356184995878,4286259.198678719,159128.4881644738,4445387.686843192,139,2,99.20610687022901,65,66,55,35.51456313146713,0.5883428753180662,41.20896464646466,33125.252525252625,509.61926961927117,0
141,128,1,0,132,0.007575757575757576,0.0,1.0,132,3700,2600,1100,0.7027027027027027,48,26,22,213.82596762673572,0.4455673143650243,0.6792411365782456,0.13488307107261982,4291510.998699574,153427.298375544,4444938.297075118,140,0,99.4469696969697,70,62,54,35.51345609065156,0.5896464646464646,41.050469483568094,33145.539906103455,473.5077129443351,0
142,128,1,0,133,0.007518796992481203,0.0,1.0,133,3400,2200,1200,0.6470588235294118,46,22,24,213.65050036847276,0.4460559542796385,0.680493953221226,0.1352918373620445,4296023.876886155,153569.53017832714,4449593.407064483,141,0,99.69172932330827,71,62,57,35.378974015337654,0.5910870927318296,40.91435185185186,33162.96296296304,467.0839853938457,0
143,128,0,1,132,0.0,0.007518796992481203,0.9924812030075187,133,3850,2600,1250,0.6753246753246753,51,26,25,214.75150629292722,0.4457830181514392,0.6817837641360316,0.13623622435743615,4298150.769012263,154156.87038389774,4452307.639396161,142,1,100.69172932330827,73,60,57,35.28494477638962,0.5920269423558897,40.85022522522523,33171.171171171234,454.3996050845374,0
144,128,1,0,133,0.007518796992481203,0.0,1.0,133,4000,2600,1400,0.65,54,26,28,215.10968086382968,0.4452300258221311,0.6829821031451857,0.1371807246227421,4304277.702816677,154578.36060043925,4458856.063417116,143,0,100.73684210526316,76,57,53,35.08705007824726,0.5946115288220551,40.665584415584426,33194.805194805296,436.77375256322756,0
145,128,1,0,134,0.007462686567164179,0.0,1.0,134,4200,2700,1500,0.6428571428571429,57,27,30,214.2048551104034,0.44565471514607413,0.6831443915052704,0.13177192630482945,4261806.874442011,151579.94480967458,4413386.819251685,144,0,100.9776119402985,73,61,56,36.42060331660481,0.5805348258706468,41.9481981981982,33030.63063063064,452.47439220041974,8
146,128,3,0,137,0.021897810218978103,0.0,1.0,137,3750,2400,1350,0.64,51,24,27,207.60440781057056,0.4474604622871046,0.6810719015644937,0.12497293007727209,4235808.984660327,144724.52317181983,4380533.507832147,145,0,99.74452554744525,73,64,53,37.3955825490625,0.5710918491484185,42.73648648648648,32929.72972972966,451.0921880784885,8
147,128,2,1,138,0.014388489208633094,0.007194244604316547,0.9928057553956835,139,4150,2500,1650,0.6024096385542169,58,25,33,203.98214941486765,0.44791123622840856,0.6780249640667457,0.12339509024376477,4241709.389367302,141096.5996872731,4382805.989054575,146,0,99.29496402877697,68,71,57,37.305996989776936,0.5727667865707434,42.55736714975844,32952.65700483083,484.5978971298651,0
148,128,0,0,138,0.0,0.0,1.0,138,4650,3400,1250,0.7311827956989247,59,34,25,205.97553309883108,0.4477778218554956,0.6792619189899312,0.12466081328023225,4242287.356425406,142511.47995963044,4384798.836385037,147,1,100.90579710144928,67,71,57,37.23677882231609,0.5735960144927537,42.53982843137254,32954.90196078426,491.86420836991425,0
149,128,2,0,140,0.014285714285714285,0.0,1.0,140,4550,3100,1450,0.6813186813186813,60,31,29,204.90020564786187,0.4492420349434738,0.6803841837315607,0.12488816836954691,4250759.824990636,141646.31246005016,4392406.137450686,148,0,100.45,70,70,61,37.00223443014917,0.5757440476190476,42.28286384976526,32987.79342723007,471.2541918175724,0
150,128,3,1,142,0.02097902097902098,0.006993006993006993,0.993006993006993,143,4200,2600,1600,0.6190476190476191,58,26,32,198.2998786012622,0.45042721363143895,0.676144706981711,0.12165965524996365,4258595.041322316,136095.77594123056,4394690.817263546,149,0,99.32167832167832,76,67,63,36.93021904062652,0.5778700466200466,42.04545454545455,33018.18181818184,434.4497607655505,0
151,128,2,1,143,0.013888888888888888,0.006944444444444444,0.9930555555555556,144,4150,2700,1450,0.6506024096385542,56,27,29,197.31593650333247,0.450883029008029,0.6762694645306924,0.12203333353137376,4268171.23777184,135485.64098750803,4403656.878759348,150,0,99.46527777777777,81,63,55,36.660015659074936,0.5802951388888888,41.75558943089432,33055.28455284561,408.08993275118036,0
152,128,2,1,144,0.013793103448275862,0.006896551724137931,0.993103448275862,145,3450,1900,1550,0.5507246376811594,50,19,31,196.48931587088111,0.4507583014048531,0.6773503928356077,0.12215873180066186,4274369.990767842,135523.60705300147,4409893.597820844,151,0,99.76551724137931,73,72,58,36.49022050946854,0.5820402298850575,41.56813063063067,33079.279279279646,453.14081204492663,0
153,128,1,0,145,0.006896551724137931,0.0,1.0,145,4800,3500,1300,0.7291666666666666,61,35,26,197.22320960556647,0.4508421136653895,0.6780916062051694,0.1233417036518961,4281357.489246042,135076.61309958834,4416434.1023456305,152,0,100.7448275862069,73,72,63,36.255941366423585,0.5836206896551723,41.35698198198202,33106.306306306615,453.5110452918714,0
154,128,0,0,145,0.0,0.0,1.0,145,4450,2800,1650,0.6292134831460674,61,28,33,194.4253275695144,0.4505367975734355,0.6730351233052185,0.12217778366722512,4287023.3399079945,133251.18343195462,4420274.52333995,153,1,101.7448275862069,77,68,65,36.15389576883386,0.584985632183908,41.185897435897466,33128.20512820543,430.23643023643416,0
155,128,0,2,143,0.0,0.013793103448275862,0.9862068965517241,145,3400,2200,1200,0.6470588235294118,46,22,24,193.482955942488,0.45034722222222223,0.6728991214153057,0.12203601474241337,4291371.191406292,133661.4366319467,4425032.628038239,154,2,102.7448275862069,79,66,64,36.04453705100492,0.5862068965517242,41.054687500000036,33145.00000000033,419.5569620253206,0
156,128,1,0,144,0.006944444444444444,0.0,1.0,144,3600,2400,1200,0.6666666666666666,48,24,24,194.541357421039,0.4501879775317275,0.6742988758263067,0.12318862816519523,4295999.583845199,134749.91810429335,4430749.501949493,155,0,104.34027777777777,78,66,63,35.87481127114188,0.5874565972222222,40.91508438818567,33162.86919831237,425.1649897219535,0
157,128,2,3,143,0.0136986301369863,0.02054794520547945,0.9794520547945206,146,4200,2300,1900,0.5476190476190477,61,23,38,190.52022236588257,0.4506554085970713,0.6714190400223927,0.12132876574039621,4302636.835509517,130547.86533218302,4433184.700841701,156,0,103.8972602739726,80,66,57,35.77511738253482,0.5893264840182648,40.71502057613171,33188.477366255334,414.85596707819167,0
158,128,0,0,143,0.0,0.0,1.0,143,4450,3200,1250,0.7191011235955056,57,32,25,191.6383944303317,0.44932942644210255,0.6667342551164839,0.12230950606702412,4305203.262360389,131958.44817899517,4437161.710539385,157,1,105.02797202797203,81,62,59,35.66732583957814,0.5914189976689976,40.63770325203254,33198.37398374001,409.8564689350619,0
159,128,0,0,143,0.0,0.0,1.0,143,4800,3100,1700,0.6458333333333334,65,31,34,194.8456648946715,0.4487015332085755,0.6725798532033764,0.12490863967005197,4310363.746064488,134571.13800796354,4444934.884072451,158,2,106.02797202797203,72,71,60,35.42571617089126,0.5930215617715617,40.48230593607304,33218.26484018247,461.36478944697876,0
160,128,1,1,143,0.006944444444444444,0.006944444444444444,0.9930555555555556,144,3300,2100,1200,0.6363636363636364,45,21,24,192.2416240115853,0.4487826987826988,0.6696726507773025,0.12377944984787773,4315444.781774997,133821.62263614844,4449266.4044111455,159,0,106.28472222222223,73,71,63,35.33744195081404,0.5943287037037037,40.32939189189187,33237.83783783767,455.31284709366673,0
161,128,0,1,142,0.0,0.006993006993006993,0.993006993006993,143,4150,3300,850,0.7951807228915663,50,33,17,190.42194001952603,0.448028497324272,0.6655666458948664,0.123132500240071,4320393.19753084,131789.53086419625,4452182.7283950355,160,1,107.76923076923077,74,69,63,35.23302328896492,0.5959353146853147,40.180555555555536,33256.8888888887,449.41741741741487,0
162,128,0,0,142,0.0,0.0,1.0,142,3900,2700,1200,0.6923076923076923,51,27,24,191.05372267867074,0.4478386275097393,0.664534135842265,0.12391049236929859,4323845.991074148,132917.37457679136,4456763.365650939,161,2,109.46478873239437,75,67,63,35.110824017436535,0.596830985915493,40.07675438596489,33270.17543859626,443.6023391812835,0
163,128,0,0,142,0.0,0.0,1.0,142,3700,2700,1000,0.7297297297297297,47,27,20,192.97098163782883,0.44769607598308525,0.6689977494785793,0.12540138919794322,4326126.320117712,134863.3685364719,4460989.688654184,162,3,110.46478873239437,75,67,61,34.99113685486848,0.5977846244131455,40.00822368421051,33278.94736842092,443.7192982456123,0
164,128,0,0,142,0.0,0.0,1.0,142,3600,2500,1100,0.6944444444444444,47,25,22,189.78376516646148,0.4475337545366764,0.6636253633925886,0.1238327797891372,4330813.246097317,132383.60881542607,4463196.854912743,163,4,111.46478873239437,76,66,62,34.930530275452,0.5991050469483568,39.86742424242423,33296.96969696954,438.1180223285466,0
165,128,0,0,142,0.0,0.0,1.0,142,4850,3300,1550,0.6804123711340206,64,33,31,193.42002325370353,0.44733709586121934,0.6682747210916236,0.12675072368532858,4335769.56953579,134474.93019246205,4470244.499728252,164,5,112.46478873239437,76,66,57,34.684251559251585,0.6004988262910798,39.71861471861471,33316.01731601721,438.3686488949633,0
166,128,1,2,141,0.006993006993006993,0.013986013986013986,0.986013986013986,143,4350,3200,1150,0.735632183908046,55,32,23,192.28541905343235,0.4473841885813717,0.6692822585553699,0.1267295064180066,4342320.501730114,134042.98346789755,4476363.485198012,165,0,112.67132867132867,67,76,60,34.513447816200106,0.6018356643356644,39.52205882352942,33341.17647058831,497.62949956101954,0
167,128,1,0,142,0.007042253521126761,0.0,1.0,142,4750,3400,1350,0.7157894736842105,61,34,27,188.49282585546294,0.44673463356973997,0.6607969495293433,0.12495451568299254,4348962.673611118,130799.65277777812,4479762.326388896,166,0,113.54929577464789,71,71,62,34.40934065934062,0.6033597417840375,39.32291666666667,33366.66666666672,469.95305164319325,0
168,128,1,0,143,0.006993006993006993,0.0,1.0,143,4600,3100,1500,0.6739130434782609,61,31,30,185.31391100747413,0.4464772316884993,0.6573579593273242,0.12345256170614552,4354558.912449707,128192.06855570196,4482750.981005409,167,0,113.74825174825175,72,71,64,34.32143508388038,0.6051136363636364,39.15525114155252,33388.12785388135,463.7239979705743,0
169,128,0,0,143,0.0,0.0,1.0,143,3950,2600,1350,0.6582278481012658,53,26,27,184.1334343423759,0.4462720378213336,0.6550825657621755,0.12315418011210907,4359066.837107394,127979.98944890918,4487046.826556303,168,1,114.74825174825175,73,70,64,34.214760877382204,0.6063519813519813,39.02027027027028,33405.40540540553,457.6082932247333,0
170,128,0,0,143,0.0,0.0,1.0,143,5350,3900,1450,0.7289719626168224,68,39,29,181.85851914115344,0.4458124035588824,0.650864108433272,0.1221375482415638,4363758.222297181,124767.32163939942,4488525.54393658,169,2,115.74825174825175,76,67,63,34.131178116257374,0.6079545454545454,38.87987012987013,33423.37662337661,439.7812713602185,0
171,128,1,1,143,0.006944444444444444,0.006944444444444444,0.9930555555555556,144,4900,3500,1400,0.7142857142857143,63,35,28,181.39236872507837,0.44532059375809374,0.6529232056651695,0.12247538572486814,4369775.688101979,124828.79257241549,4494604.480674394,170,0,115.9375,78,66,59,33.960110006560015,0.6098090277777778,38.699894514767934,33446.41350210972,428.80017310397074,0
172,128,1,0,144,0.006944444444444444,0.0,1.0,144,3700,2800,900,0.7567567567567568,46,28,18,202.02437940054335,0.4453327343952344,0.6870199178277943,0.12822363672156964,4298711.1111111175,141188.88888888905,4439900.0000000065,171,0,116.93055555555556,74,70,53,35.59753483386919,0.5860821759259259,40.833333333333336,33173.33333333338,448.2882882882889,8
173,128,1,1,144,0.006896551724137931,0.006896551724137931,0.993103448275862,145,4700,3300,1400,0.7021276595744681,61,33,28,202.3355769526769,0.44600095785440613,0.6883924085019946,0.12913438185993883,4305181.635345897,140518.28201475617,4445699.917360653,172,0,117.11724137931034,77,68,58,35.390545886754886,0.5879310344827586,40.6383547008547,33198.29059829059,431.146631146631,0
174,128,0,0,144,0.0,0.0,1.0,144,3950,2300,1650,0.5822784810126582,56,23,33,205.15644362875133,0.44570403554778554,0.6885386002472249,0.13142975988237193,4309578.287981858,144077.55102040808,4453655.839002266,173,1,117.74305555555556,69,75,58,35.18226478571701,0.5894820601851851,40.50595238095238,33215.238095238084,481.3802622498273,0
175,128,0,0,144,0.0,0.0,1.0,144,3750,2600,1150,0.6933333333333334,49,26,23,209.37324492166684,0.44531047656047656,0.6909832102672295,0.13463186562986254,4313909.497674625,148093.44596530686,4462002.943639932,174,2,118.74305555555556,70,74,60,34.9397462703436,0.5907118055555556,40.375586854460096,33231.92488262912,474.7417840375589,0
176,128,0,0,144,0.0,0.0,1.0,144,4350,3100,1250,0.7126436781609196,56,31,25,205.05757185315105,0.445160742035742,0.6844409461418266,0.1324682387743069,4319274.297978804,143989.97994225184,4463264.277921056,175,3,119.74305555555556,70,74,64,34.887097381449905,0.5924479166666667,40.21420187793428,33252.58215962448,475.03688799463544,0
177,128,1,0,145,0.006896551724137931,0.0,1.0,145,4600,3200,1400,0.6956521739130435,60,32,28,207.45440544495673,0.4451309067688378,0.6884172230182872,0.13463473117174124,4324595.62196368,145831.28270886754,4470426.904672547,176,0,119.9103448275862,72,73,63,34.66153409818667,0.5941810344827586,40.05422374429224,33273.0593607306,462.1258244545917,0
178,128,1,0,146,0.00684931506849315,0.0,1.0,146,3900,2600,1300,0.6666666666666666,52,26,26,207.70350637351754,0.4449604393008975,0.6914596305794363,0.13551065133939438,4330688.7816443425,146799.84899199696,4477488.630636339,177,0,120.08219178082192,75,71,61,34.46819511038517,0.5959617579908676,39.871162280701746,33296.4912280701,443.95321637426804,0
179,128,1,1,146,0.006802721088435374,0.006802721088435374,0.9931972789115646,147,4500,3000,1500,0.6666666666666666,60,30,30,206.01274205590246,0.44499774795763053,0.6893754019460285,0.13505591720264437,4336220.284945925,144763.326212027,4480983.611157952,178,0,120.25850340136054,76,71,53,34.342679694402584,0.597718253968254,39.70508658008657,33317.748917748846,438.3914331282743,0
180,128,1,1,146,0.006802721088435374,0.006802721088435374,0.9931972789115646,147,4000,2600,1400,0.65,54,26,28,205.28507932951356,0.44438814338520793,0.6893279827060588,0.1349510612530966,4339387.51004455,144762.30184819864,4484149.811892748,179,0,121.25170068027211,77,70,56,34.26462543166818,0.5987103174603174,39.610042735042725,33329.91452991444,432.8560328560316,0
181,128,0,0,146,0.0,0.0,1.0,146,3950,2900,1050,0.7341772151898734,50,29,21,208.2269505786589,0.44380215714060783,0.6909743040359368,0.1372224750445889,4342207.0044581555,147682.90466392264,4489889.909122078,180,1,123.06164383561644,71,75,57,34.1016811079019,0.5997431506849316,39.525462962962955,33340.740740740686,469.58789775691105,0
182,128,0,0,146,0.0,0.0,1.0,146,3900,2500,1400,0.6410256410256411,53,25,28,205.68344031930087,0.4435915603841915,0.6878001209038123,0.13617740453334087,4347514.588155863,145742.35146604924,4493256.939621912,181,2,124.06164383561644,71,75,61,34.00551623646962,0.600884703196347,39.36631944444444,33361.1111111111,469.8748043818465,0
183,128,0,0,146,0.0,0.0,1.0,146,4450,3400,1050,0.7640449438202247,55,34,21,206.16535809266924,0.4432549992127224,0.689692926618118,0.13695975852945733,4351376.685206618,145770.62650034289,4497147.311706961,182,3,125.06164383561644,71,75,62,33.874828922302946,0.6021689497716896,39.2505787037037,33375.92592592592,470.0834637454355,0
184,128,1,0,147,0.006802721088435374,0.0,1.0,147,4350,3000,1350,0.6896551724137931,57,30,27,205.13252261273644,0.44329124343801446,0.6894297733123804,0.13668862914550933,4354835.76059167,144913.6890268647,4499749.449618535,183,0,125.20408163265306,73,74,63,33.79601523573113,0.6037414965986394,39.14695945945946,33389.18918918917,457.386153276564,0
185,128,0,0,147,0.0,0.0,1.0,147,3700,2200,1500,0.5945945945945946,52,22,30,204.83957445687602,0.44272240859814244,0.6903621480524085,0.13697279729696465,4358816.049382726,145471.60493827215,4504287.654320998,184,1,126.20408163265306,74,73,63,33.68203388327124,0.6052295918367347,39.027777777777786,33404.44444444452,451.4114114114124,0
186,128,0,0,147,0.0,0.0,1.0,147,5550,4200,1350,0.7567567567567568,69,42,27,203.9596536894523,0.4426544590438915,0.6899876972065431,0.13694433890577523,4363456.790123459,143043.82716049405,4506500.617283953,185,2,127.20408163265306,77,70,60,33.5632757092199,0.6065051020408163,38.88888888888889,33422.22222222224,434.0548340548343,0
187,128,0,0,147,0.0,0.0,1.0,147,4650,3100,1550,0.6666666666666666,62,31,31,202.1442439999857,0.4422137576491784,0.6874302651546749,0.13606100337736085,4366248.297548488,142472.39224483343,4508720.689793321,186,3,128.20408163265307,78,69,60,33.525480842041496,0.6077806122448979,38.805379746835456,33432.9113924052,428.62706913339997,0
188,128,0,0,147,0.0,0.0,1.0,147,4150,3300,850,0.7951807228915663,50,33,17,201.90113828251967,0.44207979995651225,0.6882124585931628,0.1363308224446036,4369841.840277794,142905.20833333416,4512747.048611128,187,4,129.20408163265307,79,68,54,33.42219786060728,0.608843537414966,38.69791666666668,33446.666666666795,423.37552742616197,0
189,128,1,0,148,0.006756756756756757,0.0,1.0,148,4950,3300,1650,0.6666666666666666,66,33,33,203.02987457014552,0.441744997548569,0.6940060012236104,0.13846668947603957,4381047.675736965,143346.71201814082,4524394.387755105,188,0,129.32432432432432,69,79,57,33.05108444242216,0.611134572072072,38.36309523809524,33489.52380952383,485.3554175293309,0
190,128,0,0,148,0.0,0.0,1.0,148,4450,2900,1550,0.651685393258427,60,29,31,203.3185359789041,0.44113118220261077,0.6953462581122158,0.13930514610141126,4386212.719157237,144309.66971021958,4530522.3888674565,189,1,130.32432432432432,71,77,57,32.88621396334162,0.6126126126126126,38.20891203703704,33509.25925925927,471.9613980177362,0
191,128,0,1,147,0.0,0.006756756756756757,0.9932432432432432,148,4350,3200,1150,0.735632183908046,55,32,23,228.8406109083056,0.4409099788564074,0.7238046555998443,0.15329563815062408,4360841.984615049,165637.54876677922,4526479.533381828,190,2,131.32432432432432,70,78,53,32.993644147182245,0.6066300675675675,38.967136150234744,33412.20657276998,477.3172367538569,8
192,128,0,0,147,0.0,0.0,1.0,147,4300,2900,1400,0.6744186046511628,57,29,28,232.4784562420237,0.44055772994129155,0.724496391719744,0.15615942153748721,4363940.34261402,169204.42279663886,4533144.765410659,191,3,132.48979591836735,71,76,54,32.80381415406208,0.6078514739229025,38.87442129629629,33424.07407407403,470.761606677099,0
193,128,1,1,147,0.006756756756756757,0.006756756756756757,0.9932432432432432,148,3950,3000,950,0.759493670886076,49,30,19,232.21971660687967,0.440836244407673,0.7265360261110974,0.15663737572400355,4368650.0173130175,169347.33379501372,4537997.351108031,192,0,132.58783783783784,75,73,48,32.66643059490085,0.6090934684684685,38.733552631578945,33442.10526315788,445.89473684210503,0
194,128,0,0,147,0.0,0.0,1.0,147,3850,2800,1050,0.7272727272727273,49,28,21,229.52636000840127,0.43957149069673535,0.7214187124125013,0.15526783177038936,4371900.826446287,167443.29660238783,4539344.123048675,193,5,134.48979591836735,76,71,50,32.637379227053145,0.6101899092970522,38.63636363636364,33454.5454545455,440.1913875598092,0
195,128,0,1,146,0.0,0.006802721088435374,0.9931972789115646,147,4000,2800,1200,0.7,52,28,24,227.87515811380084,0.4391307893020222,0.7195858427861188,0.15487659433739487,4377182.494133263,166090.2305887161,4543272.724721979,194,6,135.48979591836735,65,82,52,32.51911084288877,0.6115362811791383,38.478535353535364,33474.74747474756,514.9961149961163,0
196,128,0,1,145,0.0,0.00684931506849315,0.9931506849315068,146,4700,3200,1500,0.6808510638297872,62,32,30,225.05666460508414,0.4380983309715005,0.7144491177804602,0.15375626517580954,4382996.011248846,163384.4926538104,4546380.503902656,195,7,136.1027397260274,65,81,55,32.41530215306675,0.6132990867579908,38.304924242424235,33496.969696969645,515.3379953379946,0
197,128,1,0,146,0.00684931506849315,0.0,1.0,146,3800,2500,1300,0.6578947368421053,51,25,26,220.16981285624817,0.438033380569989,0.7073981712385706,0.1511043189944956,4388086.990421019,160224.85829558605,4548311.8487166045,196,0,135.83561643835617,66,80,59,32.387904247318225,0.6148687214611872,38.152985074626855,33516.41791044767,507.8245137946617,0
198,128,0,0,146,0.0,0.0,1.0,146,4350,3300,1050,0.7586206896551724,54,33,21,220.7480580600519,0.4371782002834199,0.7089538338168953,0.15227755547258534,4393783.052113218,160433.8152582313,4554216.867371449,197,1,136.83561643835617,68,78,59,32.19911942075746,0.6167950913242009,37.9830917874396,33538.1642512076,493.2082978118765,0
199,128,0,2,144,0.0,0.0136986301369863,0.9863013698630136,146,3800,2600,1200,0.6842105263157895,50,26,24,222.0701366502018,0.4368701779247363,0.7125804301397072,0.15422388110810528,4401254.340277767,162477.4305555549,4563731.770833322,198,2,137.83561643835617,71,75,59,31.936858656074158,0.6182933789954338,37.76041666666666,33566.66666666658,472.76995305164195,0
200,128,1,0,145,0.006896551724137931,0.0,1.0,145,4300,3000,1300,0.6976744186046512,56,30,26,223.12056157594535,0.43569803639846744,0.7124727170569729,0.15592381434511668,4408158.08710372,163410.1415820251,4571568.228685745,199,0,138.33793103448275,75,70,53,31.699133068727804,0.6216954022988506,37.55482456140351,33592.982456140315,447.90643274853755,0
201,128,0,0,145,0.0,0.0,1.0,145,4750,3100,1650,0.6526315789473685,64,31,33,221.38397079414713,0.4352171136653895,0.7106102604105453,0.15550850538805197,4413828.955756281,161680.1961263013,4575509.151882581,200,1,139.33793103448275,63,82,55,31.57221619667391,0.623419540229885,37.38606770833332,33614.583333333234,533.5648148148132,0
202,128,0,0,145,0.0,0.0,1.0,145,4500,3500,1000,0.7777777777777778,55,35,20,218.837572390402,0.4347820881226054,0.7067640880812882,0.1545557247574032,4419784.833357333,159942.99668396587,4579727.830041299,201,2,140.33793103448275,67,78,56,31.458090449820247,0.6247844827586206,37.208946078431346,33637.25490196056,502.048580626277,0
203,128,0,0,145,0.0,0.0,1.0,145,5100,3300,1800,0.6470588235294118,69,33,36,220.24302836469747,0.4343470625798212,0.7110704678657751,0.1565423825843075,4426755.014702769,160892.38605334872,4587647.400756118,202,3,141.33793103448275,68,77,56,31.209459847310697,0.6264367816091954,37.00181159420288,33663.76811594184,495.05541346973297,0
204,128,0,0,145,0.0,0.0,1.0,145,4100,3100,1000,0.7560975609756098,51,31,20,219.51220456443303,0.4340078224776501,0.7106440331505737,0.1564190352476661,4429521.556122429,161366.8083900215,4590888.36451245,203,4,142.33793103448275,69,76,54,31.14470793974018,0.6272988505747126,36.91964285714284,33674.28571428556,488.0331262939936,0
205,128,0,0,145,0.0,0.0,1.0,145,5150,3900,1250,0.7572815533980582,64,39,25,221.45220826989106,0.4335288952745849,0.7110569652482224,0.15876787364774972,4436165.457140315,162329.72734686572,4598495.184487181,204,5,143.33793103448275,70,75,52,30.89207764465497,0.6288793103448276,36.72241784037557,33699.53051643175,481.42186452045354,0
206,128,0,0,145,0.0,0.0,1.0,145,4850,3400,1450,0.7010309278350515,63,34,29,221.28386879610156,0.43295418263090674,0.7112433422903097,0.15922682551087794,4440121.682756942,162655.46077718222,4602777.143534124,205,6,144.33793103448275,70,75,51,30.776541525093293,0.6304597701149426,36.6050469483568,33714.55399061028,481.6364855801468,0
207,128,0,0,145,0.0,0.0,1.0,145,5050,3900,1150,0.7722772277227723,62,39,23,223.8747676108044,0.4322876756066411,0.7163145699877329,0.16182947487295318,4445069.444444454,164977.7777777784,4610047.222222232,206,7,145.33793103448275,68,77,51,30.558300395256932,0.6320402298850575,36.45833333333334,33733.333333333416,496.07843137255026,0
208,128,0,0,145,0.0,0.0,1.0,145,3400,2300,1100,0.6764705882352942,45,23,22,223.77263728767062,0.4318626277139208,0.7166436664410603,0.16226618411821275,4448470.632443051,166689.20106370642,4615159.833506757,207,8,146.33793103448275,61,84,51,30.457929730648317,0.6329022988505747,36.357526881720425,33746.23655913974,553.2169927727826,0
209,128,0,0,145,0.0,0.0,1.0,145,3550,2000,1550,0.5633802816901409,51,20,31,224.61131474729967,0.43160320881226055,0.7183128310452924,0.16328853556150577,4451206.9230984645,167408.2878418861,4618615.210940351,208,9,147.33793103448275,62,83,51,30.352925809822352,0.6339080459770114,36.27645502645503,33756.61375661381,544.4615122034486,0
210,128,0,0,145,0.0,0.0,1.0,145,4150,2900,1250,0.6987951807228916,54,29,25,221.71441462882524,0.4309047733077906,0.7140360577728626,0.16180434939933422,4455346.745562131,164412.91913214987,4619759.66469428,209,10,148.33793103448275,64,81,52,30.303996598639444,0.6352011494252874,36.15384615384615,33772.307692307695,527.6923076923077,0
211,128,0,1,144,0.0,0.006896551724137931,0.993103448275862,145,3650,2300,1350,0.6301369863013698,50,23,27,222.16292822899516,0.4303101053639847,0.715584030079651,0.16299743260590496,4461056.01469238,165566.25344352616,4626622.268135906,210,11,149.33793103448275,65,80,54,30.119410569105682,0.636566091954023,35.984848484848484,33793.93939393941,519.9067599067602,0
212,128,0,0,144,0.0,0.0,1.0,144,4550,3700,850,0.8131868131868132,54,37,17,217.93547506039974,0.4292231206293706,0.707958001494883,0.1606016808522029,4465763.408304513,161299.65397923964,4627063.062283753,211,12,150.17361111111111,67,77,53,30.08872651356995,0.6391059027777778,35.84558823529413,33811.76470588247,504.65320456541,0
213,128,0,0,144,0.0,0.0,1.0,144,4650,3300,1350,0.7096774193548387,60,33,27,216.78454584106458,0.4286990497927998,0.7053269961856521,0.16047556211583636,4470568.872669155,160380.04854255726,4630948.921211712,212,13,151.17361111111111,68,76,54,29.973962795834026,0.6404079861111112,35.70350241545895,33829.95169082137,497.4992895709025,0
214,128,1,1,144,0.006896551724137931,0.006896551724137931,0.993103448275862,145,3850,2600,1250,0.6753246753246753,51,26,25,213.2267452407167,0.42904693486590034,0.7021220011977025,0.15847363420509103,4474813.873459876,157979.99955917176,4632793.873019047,213,0,151.12413793103448,70,75,49,29.93986850135938,0.6416666666666666,35.57805164319251,33846.00938967155,483.51441985245066,0
215,128,0,0,144,0.0,0.0,1.0,144,3850,2700,1150,0.7012987012987013,50,27,23,214.00592026000973,0.4276701307951308,0.7023718907059984,0.15950551325372075,4477828.266996756,159006.35180898567,4636834.618805742,214,15,153.17361111111111,71,73,51,29.828312731316892,0.6430844907407407,35.48900462962964,33857.40740740751,476.8648930620776,0
216,128,0,1,143,0.0,0.006944444444444444,0.9930555555555556,144,4600,3200,1400,0.6956521739130435,60,32,28,215.3926804083616,0.42753051346801346,0.704613663513699,0.16115159618596542,4481857.518997042,159671.86084502784,4641529.37984207,215,16,154.17361111111111,66,78,51,29.670088909778123,0.6442418981481481,35.37002487562188,33872.636815920305,513.2217699381864,0
217,128,0,0,143,0.0,0.0,1.0,143,4900,3600,1300,0.7346938775510204,62,36,26,217.31831612713802,0.4266370366722479,0.7055170705843168,0.16307972537226864,4485017.836810963,161435.30481918727,4646453.14163015,216,20,156.13986013986013,66,77,52,29.52382001135451,0.6454691142191142,35.27674129353233,33884.577114427804,513.4026835519364,0
218,128,0,0,143,0.0,0.0,1.0,143,3950,2600,1350,0.6582278481012658,53,26,27,215.97788102966226,0.4263292458714994,0.7039178164640503,0.16256081518242277,4488179.268458691,161319.48961659308,4649498.758075285,217,21,157.13986013986013,66,77,55,29.46400614493436,0.646416083916084,35.18345771144278,33896.517412935245,513.5835971656855,0
219,128,0,0,143,0.0,0.0,1.0,143,4450,3100,1350,0.6966292134831461,58,31,27,217.13277739920554,0.42610148067894543,0.7049714481193612,0.16397791494942582,4491698.445309486,162008.99173394794,4653707.437043434,218,22,158.13986013986013,67,76,56,29.327367873250836,0.6475815850815851,35.07965686274509,33909.80392156855,506.11647644132165,0
220,128,0,0,143,0.0,0.0,1.0,143,3850,2500,1350,0.6493506493506493,52,25,27,216.2987303516507,0.42580805344889855,0.7038867018055364,0.16367171643144537,4493776.492214515,161949.62995001813,4655726.122164533,219,23,159.13986013986013,67,76,57,29.286863606582614,0.6483100233100233,35.01838235294116,33917.64705882339,506.2335381913939,0
221,128,0,1,142,0.0,0.006993006993006993,0.993006993006993,143,4200,2300,1900,0.5476190476190477,61,23,38,215.80094085128843,0.4253217439837158,0.7035989412114265,0.16374385995967616,4496653.422483587,161276.40785082395,4657929.830334411,220,24,160.13986013986013,68,75,58,29.213416486312035,0.6495483682983683,34.93357487922704,33928.502415458795,498.9485649332176,0
222,128,0,0,142,0.0,0.0,1.0,142,4250,3100,1150,0.7294117647058823,54,31,23,207.59889170932541,0.4249773166183864,0.6824311432714791,0.14394120301027336,4399464.13162693,150014.77556813697,4549478.907195067,221,25,160.99295774647888,82,60,58,32.370797632154186,0.6247799295774648,37.813755020080336,33559.83935742988,409.2663336271937,8
223,128,0,1,141,0.0,0.007042253521126761,0.9929577464788732,142,4300,3100,1200,0.7209302325581395,55,31,24,209.38104605149695,0.42485245396730265,0.6867257633075647,0.14563033558155947,4402919.510975699,151677.57857772798,4554597.089553427,222,26,161.99295774647888,83,59,58,32.218975068160695,0.6259536384976525,37.7108134920635,33573.01587301597,404.4941671447707,0
224,128,0,2,139,0.0,0.014184397163120567,0.9858156028368794,141,4050,3000,1050,0.7407407407407407,51,30,21,210.16377005910647,0.42390661938534274,0.6859835544264936,0.14684354743214062,4407965.351015585,153028.92329187054,4560994.274307455,223,27,163.46099290780143,85,56,54,32.04503584560237,0.6281767139479906,37.56056201550389,33592.248062015664,395.20291837665485,0
225,128,0,1,138,0.0,0.007194244604316547,0.9928057553956835,139,4250,3000,1250,0.7058823529411765,55,30,25,211.36843146588137,0.42341995968442636,0.6826363491874123,0.14841579882155576,4413403.434177816,154520.83226166,4567924.266439476,224,28,164.6978417266187,71,68,56,31.848164931225092,0.630695443645084,37.398726851851855,33612.96296296299,473.42201356285904,0
226,128,0,0,138,0.0,0.0,1.0,138,4450,3200,1250,0.7191011235955056,57,32,25,214.21334914966698,0.4226314838322931,0.6823357045360317,0.15111513133891494,4418517.622352089,157251.0916321732,4575768.713984262,225,29,166.2173913043478,73,65,58,31.618093503339416,0.6326237922705313,37.24662162162163,33632.432432432484,460.7182524990751,0
227,128,0,0,138,0.0,0.0,1.0,138,4050,2500,1550,0.6172839506172839,56,25,31,212.06826929782898,0.4218623276561233,0.6798308871980066,0.15021820371096664,4423022.419917453,155946.5419314779,4578968.961848931,226,30,167.2173913043478,77,61,58,31.537708492083656,0.6341334541062802,37.112713675213676,33649.572649572656,437.0074370074371,0
228,128,0,0,138,0.0,0.0,1.0,138,4450,3500,950,0.7865168539325843,54,35,19,214.77733697975333,0.42170364787192777,0.6799610196882151,0.15251909626030588,4425764.062499999,158060.7638888889,4583824.826388888,227,31,168.2173913043478,79,59,60,31.383277216610555,0.6350392512077294,37.03125,33659.99999999999,426.0759493670885,0
229,128,0,0,138,0.0,0.0,1.0,138,3650,2300,1350,0.6301369863013698,50,23,27,211.6755571713471,0.4214468951655559,0.6756629995522385,0.15076724225268337,4429032.8371352535,156253.59870615893,4585286.435841412,228,32,169.2173913043478,80,58,59,31.365695476469813,0.6358695652173914,36.93415637860082,33672.42798353904,420.905349794238,0
230,128,1,0,139,0.007194244604316547,0.0,1.0,139,3300,2400,900,0.7272727272727273,42,24,18,209.7754104085775,0.4213759427240816,0.6751020948704345,0.14987327362376343,4432377.713665904,154860.7707940192,4587238.484459923,229,0,168.9928057553957,82,57,62,31.314281399526273,0.6368405275779376,36.834839357429715,33685.140562248955,410.794397100597,0
231,128,0,0,139,0.0,0.0,1.0,139,3250,2000,1250,0.6153846153846154,45,20,25,210.67564793438558,0.4206243700691621,0.6776420713379869,0.15117526301422027,4437124.91535963,155908.83330183773,4593033.748661468,230,1,169.9928057553957,83,56,63,31.146731110378482,0.6381894484412469,36.69394841269839,33703.17460317435,406.06234461655845,0
232,128,0,0,139,0.0,0.0,1.0,139,4000,2600,1400,0.65,54,26,28,207.38000705576633,0.4201095645222952,0.6736310819542468,0.14944304171956155,4441723.513479438,152424.93071302454,4594148.444192463,231,2,170.9928057553957,83,56,56,31.094269754597363,0.6394634292565947,36.55753968253966,33720.6349206347,406.2727098871651,0
233,128,0,1,138,0.0,0.007194244604316547,0.9928057553956835,139,4000,2600,1400,0.65,54,26,28,204.9923047685659,0.41972074514301605,0.6705275655246374,0.14812279730148814,4444651.134180495,150423.85597757474,4595074.990158069,232,3,171.9928057553957,83,56,58,31.068586968456366,0.6408123501199041,36.470734126984105,33731.7460317458,406.40657869573255,0
234,128,0,0,138,0.0,0.0,1.0,138,4300,3500,800,0.813953488372093,51,35,16,205.1708231275315,0.41857302796290424,0.6697107256701131,0.1486495705627206,4447544.358482644,150601.26738521774,4598145.625867861,233,37,174.2173913043478,70,68,59,30.976365390323533,0.6419082125603865,36.38497652582158,33742.72300469468,482.03890006706683,0
235,128,0,0,138,0.0,0.0,1.0,138,4250,2500,1750,0.5882352941176471,60,25,35,202.4276149159591,0.4179956098593039,0.6651030614981446,0.1471780951564413,4451329.257104708,148364.39294426594,4599693.650048974,234,38,175.2173913043478,72,66,61,30.934264870324277,0.6431159420289856,36.27283105022829,33757.0776255706,468.8483003551472,0
236,128,0,0,138,0.0,0.0,1.0,138,4100,3100,1000,0.7560975609756098,51,31,20,200.60419046712923,0.41740276455446246,0.6632923471944747,0.146531296220107,4456320.999999991,147091.33333333285,4603412.333333324,235,39,176.2173913043478,74,64,61,30.831556924048634,0.6443236714975845,36.12499999999999,33775.99999999993,456.4324324324314,0
237,128,0,0,138,0.0,0.0,1.0,138,4100,2800,1300,0.6829268292682927,54,28,26,198.719739151042,0.4169564776614126,0.6592399186423183,0.14558541008374704,4459497.087077212,145538.01957776296,4605035.106654975,236,40,177.2173913043478,77,61,63,30.7853974838949,0.6453049516908212,36.0309829059829,33788.03418803416,438.8056388056384,0
238,128,0,0,138,0.0,0.0,1.0,138,3400,2100,1300,0.6176470588235294,47,21,26,197.16414389059224,0.4166292006065094,0.6567823926459477,0.1453395381852129,4466091.870331802,145110.6360301403,4611202.506361943,237,41,178.2173913043478,81,57,62,30.627504608479622,0.6468900966183575,35.83587398373983,33813.008130081216,417.4445448158175,0
239,128,0,0,138,0.0,0.0,1.0,138,3750,2700,1050,0.72,48,27,21,186.18219659612313,0.4159371804365457,0.6438055113924628,0.1348301300379913,4447049.3205713425,134242.28217505498,4581291.602746397,238,42,179.2173913043478,70,68,60,31.49187862933897,0.6431159420289856,36.399647887323965,33740.84507042274,482.0120724346106,7
240,128,0,0,138,0.0,0.0,1.0,138,4550,3500,1050,0.7692307692307693,56,35,21,185.7250111395442,0.4156121072675341,0.642965878290573,0.13508322238783046,4451719.827936067,133209.14292671194,4584928.970862779,239,43,180.2173913043478,73,65,60,31.362973242243108,0.6443991545893719,36.26126126126128,33758.55855855873,462.4460076514895,0
241,128,0,0,138,0.0,0.0,1.0,138,3900,2900,1000,0.7435897435897436,49,29,20,183.2751772253776,0.41482091223244827,0.6379739273103386,0.13377990481301563,4455571.672195068,131819.13757238534,4587390.809767453,240,44,181.2173913043478,76,62,62,31.311419025157218,0.645606884057971,36.14718614718616,33773.16017316032,444.3836864889516,0
242,128,0,0,138,0.0,0.0,1.0,138,3750,2700,1050,0.72,48,27,21,186.23148341192157,0.4146501110758489,0.644432527569232,0.13681114038177383,4462433.415229059,134859.1189090077,4597292.534138067,241,45,182.2173913043478,78,60,63,31.026540497353466,0.647493961352657,35.94409282700423,33799.1561181436,433.32251433517433,0
243,128,1,0,139,0.007194244604316547,0.0,1.0,139,3600,2600,1000,0.7222222222222222,46,26,20,185.96553755681114,0.41488765509331665,0.6453760742501513,0.136894631195047,4464612.482853249,134652.81207133183,4599265.2949245805,242,0,181.89928057553956,80,59,62,30.96790096406663,0.6482314148681055,35.87962962962965,33807.407407407605,422.59259259259505,0
244,128,0,0,139,0.0,0.0,1.0,139,3700,2700,1000,0.7297297297297297,47,27,20,184.84122296685663,0.41477252980224516,0.6434917051395213,0.13638600016387353,4467111.427638281,133641.26788277685,4600752.695521058,243,1,182.89928057553956,82,57,61,30.922323563409513,0.6490557553956835,35.805722891566276,33816.86746987965,412.4008228034104,0
245,128,0,0,139,0.0,0.0,1.0,139,4200,3300,900,0.7857142857142857,51,33,18,183.43250090313657,0.41436416084523686,0.6410767027127213,0.13568656809256355,4469784.590340781,131980.7531809028,4601765.3435216835,244,2,183.89928057553956,83,56,61,30.879055026355736,0.650179856115108,35.72668650793652,33826.98412698424,407.55402562631616,0
246,128,0,0,139,0.0,0.0,1.0,139,3600,2500,1100,0.6944444444444444,47,25,22,186.22966746336505,0.41450752441525046,0.6457948088058632,0.1382457002200192,4473560.7205845425,135221.94507432668,4608782.665658869,245,3,184.89928057553956,83,56,58,30.69144777986243,0.6513039568345323,35.615079365079374,33841.26984126994,407.7261426659029,0
247,128,0,0,139,0.0,0.0,1.0,139,3750,2700,1050,0.72,48,27,21,187.28858871643308,0.4140665728286936,0.6470698843717719,0.1394925408759996,4477071.280991741,136150.87235996354,4613222.153351705,246,4,185.89928057553956,87,52,60,30.55779329275572,0.6525779376498801,35.51136363636364,33854.5454545455,389.1327063740862,0
248,128,0,1,138,0.0,0.007194244604316547,0.9928057553956835,139,4050,2500,1550,0.6172839506172839,56,25,31,188.48037696075306,0.41393624231049947,0.6494080326290139,0.140805928670681,4480277.777777805,137038.8888888902,4617316.666666695,247,5,186.89928057553956,87,52,60,30.42979002624676,0.653402278177458,35.416666666666686,33866.666666666875,389.2720306513434,0
249,128,0,0,138,0.0,0.0,1.0,138,3650,2700,950,0.7397260273972602,46,27,19,187.73125863004663,0.41279113332628087,0.6459326903198679,0.1408330807361197,4484688.585069438,137133.24652777746,4621821.8315972155,248,52,189.2173913043478,71,67,62,30.316957697983277,0.6546648550724637,35.28645833333333,33883.333333333285,477.2300469483561,0
250,128,0,0,138,0.0,0.0,1.0,138,3900,2500,1400,0.6410256410256411,53,25,28,186.0048523191847,0.41238341443633414,0.6428585002696166,0.13992794130694744,4487630.328896596,135444.20331790086,4623074.532214497,249,53,190.2173913043478,71,67,64,30.27423782986394,0.6557216183574879,35.19965277777777,33894.44444444438,477.3865414710476,0
251,128,0,0,138,0.0,0.0,1.0,138,4350,3500,850,0.8045977011494253,52,35,17,187.28171468388365,0.41172004478296137,0.6461873739007222,0.1414382773013922,4491726.523821123,136293.6490544602,4628020.172875583,250,54,191.2173913043478,73,65,65,30.117339709528874,0.6569293478260869,35.07882882882883,33909.90990990994,464.51931383438273,0
252,128,0,0,138,0.0,0.0,1.0,138,3900,2800,1100,0.717948717948718,50,28,22,185.82384003797327,0.41110185479036637,0.6428766748701118,0.14069519317160825,4494400.0,135533.33333333334,4629933.333333333,251,55,192.2173913043478,74,64,65,30.075668238993707,0.6580615942028986,35.0,33920.0,458.3783783783784,0
253,128,0,0,138,0.0,0.0,1.0,138,4250,2900,1350,0.6823529411764706,56,29,27,187.47854556053085,0.4107580485912761,0.6506589993483718,0.13966922452883654,4477338.445216079,136030.97993827303,4613369.425154353,252,56,193.2173913043478,83,55,57,30.544729788863403,0.651117149758454,35.50347222222224,33855.55555555578,407.89825970549134,8
254,128,1,0,139,0.007194244604316547,0.0,1.0,139,3900,3000,900,0.7692307692307693,48,30,18,190.54238474604233,0.41110155353977684,0.6571412051923162,0.14254440733700877,4481747.805748462,139092.58294753116,4620840.3886959925,253,0,192.82014388489208,71,68,59,30.331002952271604,0.6522781774580335,35.37326388888889,33872.22222222226,477.0735524256657,0
255,128,0,0,139,0.0,0.0,1.0,139,4300,3100,1200,0.7209302325581395,55,31,24,191.32990774421737,0.4106128140965488,0.6573451718765357,0.14364637025730542,4485523.3062454425,139542.95207369566,4625066.258319139,254,1,193.82014388489208,73,66,59,30.1965912514844,0.6534772182254196,35.26182432432433,33886.486486486545,464.19844502036364,0
256,128,0,0,139,0.0,0.0,1.0,139,3500,2400,1100,0.6857142857142857,46,24,22,191.73078018868702,0.4103977687415285,0.6588912273509031,0.14420822495519361,4487431.532038797,140775.7497362228,4628207.281775019,255,2,194.82014388489208,73,66,59,30.12859275601156,0.654001798561151,35.20551801801802,33893.693693693705,464.29717388621515,0
257,128,0,0,139,0.0,0.0,1.0,139,3550,2600,950,0.7323943661971831,45,26,19,194.0501813047414,0.4096570569631251,0.6615876368367957,0.1465943448866513,4492044.753086425,142986.4197530868,4635031.172839512,256,3,195.82014388489208,74,65,61,29.928462210572334,0.6553507194244604,35.06944444444445,33911.11111111115,458.2582582582588,0
258,128,0,0,139,0.0,0.0,1.0,139,3600,2400,1200,0.6666666666666666,48,24,24,192.45687031694268,0.40894458346366386,0.65852953464916,0.14588547633550428,4495608.853204823,141642.1620113876,4637251.015216211,257,4,196.82014388489208,75,64,64,29.86357113306097,0.6563249400479616,34.96436403508771,33924.561403508706,452.32748538011606,0
259,128,0,0,139,0.0,0.0,1.0,139,4500,3400,1100,0.7555555555555555,56,34,22,194.10565457374395,0.40817128905571193,0.6611505585152475,0.14772494073106376,4499794.600261607,142387.11526623514,4642181.715527843,258,5,197.82014388489208,75,64,62,29.69412281608602,0.657673860911271,34.841008771929815,33940.35087719289,452.5380116959052,0
260,128,0,0,139,0.0,0.0,1.0,139,4300,3500,800,0.813953488372093,51,35,16,196.77505247100598,0.40757611302262536,0.6644474815798218,0.15046702049226346,4504734.138724522,145183.85930308988,4649917.9980276115,259,6,198.82014388489208,77,62,63,29.47498238195912,0.6590227817745804,34.69551282051282,33958.974358974345,441.0256410256408,0
261,128,0,0,139,0.0,0.0,1.0,139,4000,2800,1200,0.7,52,28,24,197.16161770676044,0.40686798387377054,0.6691525626849044,0.15115241671603463,4507422.427539837,145938.139500298,4653360.567040134,260,7,199.82014388489208,81,58,62,29.38401504635169,0.6566996402877698,34.616361788617894,33969.105691057004,419.37167519823464,8
262,128,0,1,138,0.0,0.007194244604316547,0.9928057553956835,139,3650,2700,950,0.7397260273972602,46,27,19,196.377239708915,0.4065356410523755,0.6682297449763839,0.15124086456874544,4512170.3764293855,145767.51272390818,4657937.889153293,261,8,200.82014388489208,81,58,55,29.26235129014767,0.6578986810551559,34.47662601626017,33986.99186991879,419.59249222121963,0
263,128,0,1,137,0.0,0.007246376811594203,0.9927536231884058,138,4050,2500,1550,0.6172839506172839,56,25,31,196.27753626175095,0.40559985366197676,0.6663917309584024,0.1518153502388512,4516622.707685837,145652.3154576899,4662275.023143526,262,9,201.68840579710144,70,68,56,29.13145928830472,0.659344806763285,34.34565727699528,34003.75586854439,485.76794097920555,0
264,128,0,0,137,0.0,0.0,1.0,137,4300,2900,1400,0.6744186046511628,57,29,28,192.32991354037824,0.40459737727207673,0.6577358465773586,0.14979526090874692,4523764.926243795,142311.06342829228,4666075.989672087,263,10,202.2919708029197,73,64,58,29.022332380296838,0.6612682481751825,34.135698198198185,34030.630630630505,466.1730223374042,0
265,128,0,0,137,0.0,0.0,1.0,137,4600,3600,1000,0.782608695652174,56,36,20,189.95885680221778,0.4034658115070846,0.6534795293919384,0.14838815045854373,4526816.13573406,139981.76361957463,4666797.899353635,264,11,203.2919708029197,75,62,59,28.994021851164693,0.6630170316301703,34.04605263157894,34042.105263157806,453.89473684210407,0
266,128,0,0,137,0.0,0.0,1.0,137,3600,2500,1100,0.6944444444444444,47,25,22,190.46122200530561,0.4028508301130671,0.6546853687035856,0.1491190745421933,4529149.365670197,141525.46456601983,4670674.830236217,265,12,204.2919708029197,75,62,60,28.910825304412043,0.6640054744525548,33.977521929824555,34050.877192982385,454.0116959064318,0
267,128,0,0,137,0.0,0.0,1.0,137,3400,2200,1200,0.6470588235294118,46,22,24,192.4629337342619,0.40247289609274367,0.6569553592642383,0.15116748872914335,4532416.89750692,143664.4506001844,4676081.348107104,266,13,205.2919708029197,75,62,62,28.759785743716535,0.6648418491484185,33.88157894736842,34063.1578947368,454.1754385964907,0
268,128,0,0,137,0.0,0.0,1.0,137,3750,2600,1150,0.6933333333333334,49,26,23,225.35253640266131,0.40190934950622587,0.7024982604470087,0.15727430292332562,4406689.8105876325,167461.74519113815,4574151.555778771,267,14,206.2919708029197,73,64,51,31.685252490030944,0.6258363746958637,37.59853603603605,33587.38738738753,460.1011970875004,8
269,128,0,1,136,0.0,0.0072992700729927005,0.9927007299270073,137,3850,2600,1250,0.6753246753246753,51,26,25,226.7215257682218,0.4018892228424216,0.7042439118919952,0.15850104416754837,4408581.195215507,168654.0510104711,4577235.246225978,268,15,207.2919708029197,73,64,52,31.591747117189588,0.6268248175182483,37.54222972972975,33594.59459459476,460.1999259533529,0
270,128,0,0,136,0.0,0.0,1.0,136,4150,3100,1050,0.7469879518072289,52,31,21,224.3543157508806,0.4013083242556282,0.6980196820291558,0.15758654831588853,4413770.036160419,166699.67126890193,4580469.707429321,269,16,208.7058823529412,64,72,53,31.496002929151157,0.6285998774509804,37.38782051282051,33614.358974358955,525.2243589743587,0
271,128,0,0,136,0.0,0.0,1.0,136,3500,2200,1300,0.6285714285714286,48,22,26,222.90519665314406,0.4008033769063181,0.6956580394942073,0.15692525844381303,4416270.884384037,166181.94599143506,4582452.830375472,270,17,209.7058823529412,66,70,54,31.45801274463383,0.6295955882352942,37.31343283582088,33623.880597014824,509.45273631840644,0
272,128,0,0,136,0.0,0.0,1.0,136,3700,2700,1000,0.7297297297297297,47,27,20,220.0405187955764,0.40032793209876544,0.6918840363562813,0.15555151137106274,4420815.446583031,163651.70487312484,4584467.151456156,271,18,210.7058823529412,67,69,57,31.395166695809277,0.6310508578431373,37.1783088235294,33641.17647058812,502.1071115013153,0
273,128,0,0,136,0.0,0.0,1.0,136,4550,3000,1550,0.6593406593406593,61,30,31,223.82262412788893,0.40027346586782864,0.69855473907802,0.15893869913101008,4425738.654927746,166366.08789003122,4592104.742817777,272,19,211.7058823529412,68,68,57,31.146186156878514,0.6324295343137255,37.032004830917856,33659.90338164233,494.998579141799,0
274,128,1,0,137,0.0072992700729927005,0.0,1.0,137,4850,3500,1350,0.7216494845360825,62,35,27,221.3892976849723,0.4006883319021039,0.6974262327451013,0.1580309476567604,4431414.823388176,163963.56310013554,4595378.386488312,273,0,211.15328467153284,71,66,56,31.037863792977042,0.6337439172749392,36.8634259259259,33681.48148148128,474.38706311945464,0
275,128,1,0,138,0.007246376811594203,0.0,1.0,138,3950,2800,1150,0.7088607594936709,51,28,23,224.35373160582023,0.4018852039916781,0.7014548522172726,0.1608842091666917,4436409.283063307,167514.99551719025,4603924.278580498,274,0,210.6159420289855,72,66,55,30.808289523603065,0.6348128019323671,36.715182648401814,33700.45662100445,468.0618975139507,0
276,128,0,0,138,0.0,0.0,1.0,138,4350,3300,1050,0.7586206896551724,54,33,21,223.53147091648077,0.4018014563277972,0.7012193350808487,0.16100719799411348,4441219.441316876,166600.46287608513,4607819.904192961,275,1,211.6159420289855,72,66,51,30.684054673816856,0.6361714975845411,36.57248858447486,33718.721461187,468.3155758498194,0
277,128,0,0,138,0.0,0.0,1.0,138,3400,2100,1300,0.6176470588235294,47,21,26,224.46000971265593,0.40164938820127644,0.7024324412214251,0.16196771248270905,4443170.247950627,168462.8074019952,4611633.055352622,276,2,212.6159420289855,73,65,53,30.600446985076754,0.6369263285024155,36.51463963963962,33726.12612612592,462.0017277551496,0
278,128,0,0,138,0.0,0.0,1.0,138,3950,2700,1250,0.6835443037974683,52,27,25,218.70140435478436,0.40156784442328713,0.7014762823166081,0.14377214824228698,4339398.778685773,158256.52139080386,4497655.300076577,277,3,213.6159420289855,78,60,50,33.91493231382082,0.6071859903381642,39.60970464135023,33329.95780590733,427.3071513577863,8
279,128,0,0,138,0.0,0.0,1.0,138,4050,2800,1250,0.691358024691358,53,28,25,214.60259235992822,0.4017706019253147,0.6947992519199402,0.1414418502123617,4342350.993787277,154725.95604069182,4497076.949827968,278,4,214.6159420289855,66,72,51,33.93120050933111,0.6082427536231885,39.52114427860696,33341.29353233826,505.17111412633733,0
280,128,0,0,138,0.0,0.0,1.0,138,3600,2500,1100,0.6944444444444444,47,25,22,215.0804421255291,0.4013386402905603,0.6951428522015841,0.14214306821860676,4345461.745996387,155724.76671369525,4501186.512710082,279,5,215.6159420289855,66,72,54,33.8234636038186,0.6094504830917875,39.42786069651741,33353.23383084578,505.3520277400875,0
281,128,0,0,138,0.0,0.0,1.0,138,3950,2700,1250,0.6835443037974683,52,27,25,216.48139463624554,0.40134635389118095,0.6974738163213978,0.14352485345456412,4349092.36466919,156749.51610108657,4505841.880770276,280,6,216.6159420289855,66,72,54,33.675771853442306,0.6104317632850241,39.31902985074627,33367.16417910447,505.56309362279495,0
282,128,2,0,140,0.014285714285714285,0.0,1.0,140,4200,3600,600,0.8571428571428571,48,36,12,210.85961059061503,0.4035714285714285,0.6922128367963509,0.1407958840744827,4357186.105023942,151550.91307523748,4508737.0180991795,281,0,214.50714285714287,73,67,56,33.57475543087328,0.6123511904761905,39.07657657657658,33398.198198198195,457.5095643588794,0
283,128,0,1,139,0.0,0.007142857142857143,0.9928571428571429,140,3750,2700,1050,0.72,48,27,21,205.0528605564978,0.40342583076396027,0.6830297765262721,0.13138338946443354,4309755.343308321,144995.53228880386,4454750.875597125,282,1,215.50714285714287,66,74,57,35.179512911149715,0.5974702380952381,40.50062189054725,33215.92039800985,503.2715211819674,8
284,128,0,0,139,0.0,0.0,1.0,139,3650,2700,950,0.7397260273972602,46,27,19,202.48358735756875,0.4022217009001494,0.6760473112467762,0.13017234586123735,4313648.057714287,143238.58666479902,4456886.644379086,283,2,218.0,68,71,59,35.12664515128611,0.5989958033573142,40.38345410628018,33230.917874396044,488.68996874111826,0
285,128,0,1,138,0.0,0.007194244604316547,0.9928057553956835,139,3350,2000,1350,0.5970149253731343,47,20,27,203.1282354048429,0.40223038960136237,0.6759745871343821,0.13122187757437237,4319274.297978788,144323.31327558422,4463597.611254372,284,3,219.0,70,69,60,34.93721880235687,0.6004946043165468,40.214201877934265,33252.58215962435,475.03688799463356,0
286,128,1,0,139,0.007194244604316547,0.0,1.0,139,3900,2800,1100,0.717948717948718,50,28,22,198.3116519716995,0.40136151948006815,0.6682954248437301,0.12882933170120667,4325744.169000062,139869.09443226905,4465613.263432331,285,0,219.97122302158274,73,66,60,34.86399507282469,0.6024430455635492,40.01970720720719,33277.47747747733,455.85585585585386,0
287,128,1,0,140,0.007142857142857143,0.0,1.0,140,4200,3200,1000,0.7619047619047619,52,32,20,200.38115435466514,0.4021229445015417,0.6733154269665431,0.13064525109451108,4329912.400910758,141326.56902981465,4471238.969940573,286,0,219.39285714285714,76,64,61,34.6824560947279,0.604092261904762,39.8944805194805,33293.50649350634,438.07245386192557,0
288,128,1,1,140,0.0070921985815602835,0.0070921985815602835,0.9929078014184397,141,5050,4100,950,0.8118811881188119,60,41,19,199.46027065596854,0.402773556231003,0.6740795651099603,0.13049073962895225,4333850.1181222005,139636.18350860963,4473486.30163081,287,0,218.82978723404256,80,61,51,34.58580429948111,0.6052748226950355,39.776234567901206,33308.641975308354,416.35802469135444,0
289,128,0,1,139,0.0,0.007142857142857143,0.9928571428571429,140,5250,3900,1350,0.7428571428571429,66,39,27,199.66882848305156,0.4029858256252141,0.6717426159455153,0.13102187967028983,4337314.191701341,139955.28868398297,4477269.480385324,288,1,220.52857142857144,81,59,53,34.47432253289739,0.6067708333333333,39.672256097560954,33321.95121951198,411.3821138211356,0
290,128,0,0,139,0.0,0.0,1.0,139,4100,2700,1400,0.6585365853658537,55,27,28,201.28000000000029,0.4019436624613353,0.6733812949640301,0.13242105263157897,4340277.7777777705,142822.22222222187,4483099.999999993,289,2,223.10071942446044,70,69,53,34.341666666666676,0.6079886091127098,39.58333333333333,33333.33333333328,476.1904761904754,0
291,128,1,0,140,0.007142857142857143,0.0,1.0,140,3750,2600,1150,0.6933333333333334,49,26,23,205.7251307511091,0.40254796163069545,0.6826748100551079,0.13468156529061273,4334637.250434018,146598.76302083273,4481236.013454851,290,0,222.5,79,61,48,34.39866121312186,0.6049107142857143,39.75260416666666,33311.666666666584,421.6666666666656,8
292,128,0,0,140,0.0,0.0,1.0,140,4250,3000,1250,0.7058823529411765,55,30,25,208.72853815376038,0.4019066889345666,0.6887685556245418,0.13721868313432908,4339420.481295192,148902.17869904632,4488322.659994238,291,1,223.5,80,60,48,34.173951336757526,0.6060267857142857,39.609053497942384,33330.041152263344,416.6255144032918,0
293,128,0,0,140,0.0,0.0,1.0,140,3650,2600,1050,0.7123287671232876,47,26,21,206.23356147910854,0.40169364508393285,0.6842163942634938,0.13618873775938678,4344559.655240721,147548.80215174847,4492108.45739247,292,2,224.5,72,68,50,34.08159446483015,0.6071428571428572,39.45490867579909,33349.77168949775,463.1912734652465,0
294,128,0,0,140,0.0,0.0,1.0,140,3700,2400,1300,0.6486486486486487,50,24,26,211.79898486964066,0.4015416238437821,0.6899672559592647,0.14057363189777755,4350334.7664666055,152579.2974761464,4502914.063942752,293,3,225.5,75,65,50,33.759813198752326,0.6086309523809523,39.281798245614034,33371.929824561405,444.9590643274854,0
295,128,1,0,141,0.0070921985815602835,0.0,1.0,141,3200,2100,1100,0.65625,43,21,22,225.00161391260932,0.40253503883823033,0.7044292566368562,0.14504476662640275,4316820.994329121,162858.3381391783,4479679.332468299,294,0,224.89361702127658,67,74,60,34.44442806024143,0.5967789598108747,40.28799019607845,33243.137254902096,496.1662276851059,8
296,128,1,0,142,0.007042253521126761,0.0,1.0,142,3550,2500,1050,0.704225352112676,46,25,21,220.23626518048346,0.40374026071321545,0.6996141319339702,0.14254135146707222,4321449.036281189,158397.95918367407,4479846.995464863,295,0,224.30281690140845,69,73,63,34.42594395449167,0.5977846244131455,40.14880952380953,33260.952380952454,482.0427881297457,0
297,128,0,0,142,0.0,0.0,1.0,142,4050,2900,1150,0.7160493827160493,52,29,23,221.39293365761355,0.40374442280158496,0.7004244474189893,0.14395346612498683,4326785.19375858,159133.93347050785,4485919.127229088,296,1,225.30281690140845,71,71,63,34.23195340900661,0.5991050469483568,39.98842592592593,33281.48148148153,468.7532603025568,0
298,128,0,0,142,0.0,0.0,1.0,142,3900,3000,900,0.7692307692307693,48,30,18,221.85692587759783,0.4039254736456564,0.6998716333286823,0.1445943710560983,4329492.444302422,159805.576860645,4489298.021163067,297,2,226.30281690140845,73,69,57,34.13675335101296,0.6002787558685446,39.907094594594604,33291.89189189198,456.0533135875614,0
299,128,0,0,142,0.0,0.0,1.0,142,4400,3300,1100,0.75,55,33,22,222.15582002951243,0.4041117271001898,0.7027439152141173,0.14538034141187958,4334180.071118419,159772.66557097668,4493952.736689396,298,3,227.30281690140845,73,69,52,33.98508636699666,0.6013791079812207,39.76632882882883,33309.90990990993,456.30013575219084,0
300,128,1,1,142,0.006993006993006993,0.006993006993006993,0.993006993006993,143,4350,3200,1150,0.735632183908046,55,32,23,218.13749940078432,0.4046094750320102,0.7003819415018748,0.1435764735741666,4340796.035370416,156428.07851290837,4497224.113883324,299,0,226.7062937062937,66,77,56,33.88678287863412,0.603219696969697,39.567786069651746,33335.32338308461,505.08065731946374,0
301,128,0,0,142,0.0,0.0,1.0,142,3550,2900,650,0.8169014084507042,42,29,13,239.90957924891896,0.4042043335664103,0.7255212959438315,0.1566468429213527,4331601.562499993,175888.54166666622,4507490.104166659,300,1,228.26760563380282,71,71,54,33.60235235235235,0.5991050469483568,39.84374999999999,33299.99999999994,469.01408450704145,8
302,128,1,0,143,0.006993006993006993,0.0,1.0,143,4150,2700,1450,0.6506024096385542,56,27,29,238.6555967008144,0.40553079549558424,0.7258441366612896,0.1568834195984177,4339351.901234574,174372.1234567904,4513724.024691364,301,0,227.66433566433565,74,69,52,33.39678454590712,0.6010343822843822,39.611111111111114,33329.77777777782,450.4024024024029,0
303,128,0,0,143,0.0,0.0,1.0,143,3950,2700,1250,0.6835443037974683,52,27,25,237.23429407611133,0.4054446140713746,0.7253873577402992,0.15638097344200869,4342518.210197729,173488.84842178426,4516007.058619513,302,1,228.66433566433565,61,82,52,33.336558307533565,0.6020541958041958,39.516129032258085,33341.935483871115,546.5891062929691,0
304,128,0,0,143,0.0,0.0,1.0,143,3400,2500,900,0.7352941176470589,43,25,18,232.96470737079358,0.40518812173741753,0.720173511540418,0.15420044916447806,4347225.000000014,170550.00000000096,4517775.000000015,303,2,229.66433566433565,64,79,53,33.30335731414871,0.6032925407925408,39.375000000000014,33360.00000000011,521.2500000000017,0
305,128,0,1,142,0.0,0.006993006993006993,0.993006993006993,143,4900,3900,1000,0.7959183673469388,59,39,20,231.46983186461833,0.40518401786007424,0.7192590381238113,0.15381188668912005,4351686.5919160545,167956.83275166526,4519643.42466772,304,3,230.66433566433565,66,77,53,33.20551613800778,0.6046765734265734,39.24129353233832,33377.1144278608,505.71385496758785,0
306,128,1,0,143,0.006993006993006993,0.0,1.0,143,3900,2400,1500,0.6153846153846154,54,24,30,229.2755797601218,0.4048474999179224,0.7181078583531726,0.15312206802835945,4357404.140119956,167309.27209503148,4524713.412214987,305,0,231.62237762237763,68,75,55,33.087561714109384,0.6062062937062938,39.070048309178745,33399.033816425115,491.1622620062517,0
307,128,0,0,143,0.0,0.0,1.0,143,4250,3000,1250,0.7058823529411765,55,30,25,231.08948694572612,0.4045479168718605,0.7207363222631273,0.1548147353265616,4360934.34210834,168703.2159443631,4529637.558052703,306,1,232.62237762237763,68,75,53,32.932113045322225,0.607298951048951,38.96437198067633,33412.56038647348,491.3611821540218,0
308,128,1,0,144,0.006944444444444444,0.0,1.0,144,4150,3100,1050,0.7469879518072289,52,31,21,231.13506198225446,0.40537890928515924,0.7237973936274607,0.15548683299542168,4365612.259070299,168859.21201814088,4534471.471088439,307,0,232.0,69,75,55,32.78772102254384,0.6085792824074074,38.824404761904766,33430.47619047622,484.49965493443796,0
309,128,0,0,144,0.0,0.0,1.0,144,4900,3500,1400,0.7142857142857143,63,35,28,227.56729108851786,0.4047870532245532,0.7188651755813735,0.1541074277964322,4373105.658599491,165335.1616742715,4538440.820273763,308,1,233.0,70,74,49,32.65175113655497,0.6103877314814814,38.60035211267606,33459.154929577526,477.98792756539325,0
310,128,0,0,144,0.0,0.0,1.0,144,4550,3400,1150,0.7472527472527473,57,34,23,226.52679207192895,0.40443800990675993,0.7180245721912393,0.15381763072150104,4376142.159763321,164912.68902038195,4541054.8487837035,309,2,234.0,64,80,50,32.5861575861576,0.611328125,38.509615384615394,33470.76923076929,522.9807692307702,0
311,128,1,0,145,0.006896551724137931,0.0,1.0,145,4400,3400,1000,0.7727272727272727,54,34,20,227.83498312259258,0.40553160919540227,0.7195546288203436,0.15562195188657557,4382762.77453384,166309.33655324928,4549072.111087089,310,0,233.3793103448276,67,78,52,32.34971657983572,0.6128591954022988,38.31188725490197,33496.0784313726,499.9414691249642,0
312,128,0,0,145,0.0,0.0,1.0,145,4050,2900,1150,0.7160493827160493,52,29,23,226.55874854582788,0.4053180874840358,0.7179413278435416,0.1548922056384744,4383789.0625000065,165587.15277777825,4549376.2152777845,311,1,234.3793103448276,67,78,53,32.35178275290215,0.6138649425287357,38.28125000000001,33500.00000000005,500.00000000000074,0
313,128,0,0,145,0.0,0.0,1.0,145,3800,2300,1500,0.6052631578947368,53,23,30,227.23152462405,0.4049868295019157,0.7190522385865901,0.15587285285614666,4387528.698979594,166596.96712018168,4554125.666099776,312,2,235.3793103448276,69,76,53,32.2200317324998,0.6148706896551723,38.16964285714286,33514.28571428573,485.71428571428595,0
314,128,0,0,145,0.0,0.0,1.0,145,3800,2600,1200,0.6842105263157895,50,26,24,227.75327229288382,0.4047034642401022,0.7213155584668305,0.1569997719052854,4393002.521111986,167304.1398748295,4560306.660986816,313,3,236.3793103448276,71,74,54,32.039374988495595,0.6160201149425287,38.006365740740755,33535.18518518532,472.32655190401863,0
315,128,1,0,146,0.00684931506849315,0.0,1.0,146,3900,2800,1100,0.717948717948718,50,28,22,226.1327115053138,0.4050936860336955,0.7216486243324807,0.15696270563310072,4400671.604938291,165927.16049382815,4566598.765432119,314,0,235.75342465753425,74,72,54,31.848075564971758,0.6175799086757991,37.77777777777779,33564.44444444459,453.5735735735756,0
316,128,0,0,146,0.0,0.0,1.0,146,4350,3200,1150,0.735632183908046,55,32,23,228.10109966756426,0.40516454101716265,0.7234556404588248,0.15886333224634833,4404401.777777792,167379.77777777854,4571781.555555571,315,1,236.75342465753425,74,72,49,31.682814485387553,0.6188641552511416,37.66666666666668,33578.66666666678,453.7657657657673,0
317,128,0,0,146,0.0,0.0,1.0,146,3850,2600,1250,0.6753246753246753,51,26,25,226.41387587858335,0.4050720358998583,0.7218190664610735,0.15802747552663077,4406776.904913054,166501.08783471858,4573277.9927477725,316,2,237.75342465753425,75,71,51,31.65475102289544,0.6197203196347032,37.595942982456144,33587.71929824565,447.83625730994197,0
318,128,0,1,145,0.0,0.00684931506849315,0.9931506849315068,146,3850,2600,1250,0.6753246753246753,51,26,25,227.02206023219838,0.40524130058258545,0.723131714556214,0.15884994715778417,4409545.466258138,167162.819287495,4576708.285545633,317,3,238.75342465753425,76,70,52,31.55450617602087,0.6207191780821918,37.513528138528144,33598.268398268476,442.0824789245852,0
319,128,0,0,145,0.0,0.0,1.0,145,3850,2500,1350,0.6493506493506493,52,25,27,228.69519321010117,0.4049588920817369,0.7224949021804994,0.16032896127961074,4411666.824137043,168935.39934492204,4580602.223481965,318,4,239.37241379310345,62,83,53,31.44601360287173,0.6224137931034484,37.45039682539681,33606.349206349056,542.0378904249848,0
320,128,0,0,145,0.0,0.0,1.0,145,3600,2600,1000,0.7222222222222222,46,26,20,225.69325375278143,0.40463960727969345,0.7185541399822235,0.15882506647811967,4415835.262345669,166724.84567901166,4582560.108024681,319,5,240.37241379310345,65,80,54,31.39802269222295,0.623419540229885,37.32638888888888,33622.22222222214,517.264957264956,0
321,128,0,0,145,0.0,0.0,1.0,145,3450,2200,1250,0.6376811594202898,47,22,25,224.98587608233865,0.40425247445721585,0.7178187051979443,0.15882336289368004,4419269.571799294,166404.6472510565,4585674.219050351,320,6,241.37241379310345,67,78,54,31.31218180404959,0.6243534482758621,37.22426470588234,33635.29411764695,502.0193151887604,0
322,128,0,0,145,0.0,0.0,1.0,145,3050,2000,1050,0.6557377049180327,41,20,21,227.07448844479316,0.4038852969348659,0.720947301148354,0.16059950835679093,4421330.7982506575,168744.28585159464,4590075.0841022525,321,7,242.37241379310345,67,78,54,31.19463224151998,0.6251436781609195,37.16299019607842,33643.13725490184,502.13637693883345,0
323,128,0,0,145,0.0,0.0,1.0,145,3550,2400,1150,0.676056338028169,47,24,23,225.11512535348177,0.4038453863346105,0.71935030673889,0.15989688485718306,4426014.512471634,166722.56235827535,4592737.074829909,322,8,243.37241379310345,69,76,55,31.103817715406667,0.6262931034482759,37.023809523809504,33660.952380952214,487.8398895790176,0
324,128,0,0,145,0.0,0.0,1.0,145,3500,2700,800,0.7714285714285715,43,27,16,221.70271652393012,0.40304118773946357,0.7155396130832765,0.1582546706490279,4431414.823388192,163991.34087791436,4595406.164266107,323,9,244.37241379310345,71,74,55,31.029616597023683,0.6275143678160919,36.86342592592592,33681.481481481394,474.3870631194563,0
325,128,0,0,145,0.0,0.0,1.0,145,3600,2100,1500,0.5833333333333334,51,21,30,222.196888805206,0.4029294380587484,0.7164997819946548,0.15874946611809443,4432389.45687584,164372.6294581609,4596762.086334001,324,10,245.37241379310345,71,74,56,30.98703500091626,0.6285201149425288,36.834490740740726,33685.18518518505,474.43922796035287,0
326,128,1,1,145,0.00684931506849315,0.00684931506849315,0.9931506849315068,146,4200,3100,1100,0.7380952380952381,53,31,22,220.42054583717726,0.4030359392221698,0.7173681936990703,0.15849609579606355,4439373.072396707,162305.80715850912,4601678.879555216,325,0,244.68493150684932,73,73,49,30.821975770532685,0.6304937214611872,36.62725225225224,33711.7117117116,461.8042700234466,0
327,128,0,0,145,0.0,0.0,1.0,145,3600,2600,1000,0.7222222222222222,46,26,20,220.53241437864907,0.40201748084291183,0.7157164880233866,0.15893080683640587,4441790.419753072,163311.75308641896,4605102.172839491,326,1,247.2344827586207,74,71,49,30.74575161675804,0.6311781609195402,36.55555555555554,33720.888888888774,455.68768768768615,0
328,128,0,0,145,0.0,0.0,1.0,145,3800,2600,1200,0.6842105263157895,50,26,24,223.705393234588,0.40170418263090674,0.7225504172167085,0.1509867104872295,4369340.72736181,162689.01711807464,4532029.744479885,327,2,248.2344827586207,72,73,47,32.86776618790158,0.6101293103448275,38.71289954337899,33444.74885844745,464.5104008117701,8
329,128,0,0,145,0.0,0.0,1.0,145,4200,3000,1200,0.7142857142857143,54,30,24,220.1377966093147,0.4016602809706258,0.7182224598165463,0.1490833381177829,4373159.455078076,159339.53733241535,4532498.992410491,328,3,249.2344827586207,72,73,50,32.84431464599594,0.6111350574712644,38.598744292237434,33459.36073059354,464.71334348046577,0
330,128,0,0,145,0.0,0.0,1.0,145,4700,3000,1700,0.6382978723404256,64,30,34,223.83772832758046,0.40174010217113665,0.7225807023256545,0.15222725718110278,4377881.276014563,162286.99994218955,4540168.275956752,329,4,250.2344827586207,61,84,50,32.60335699449692,0.6123563218390804,38.45766129032258,33477.41935483867,548.810153358011,0
331,128,0,0,145,0.0,0.0,1.0,145,3950,2900,1050,0.7341772151898734,50,29,21,220.40420695724362,0.40164232120051085,0.7184674135861495,0.15070316163828132,4383927.5391226495,160297.21452366983,4544224.75364632,330,5,251.2344827586207,62,83,54,32.50863394192094,0.6135775862068966,38.277116402116405,33500.52910052914,540.3311145246635,0
332,128,0,0,145,0.0,0.0,1.0,145,4550,3600,950,0.7912087912087912,55,36,19,221.09790362936258,0.40162635696040866,0.7192289718624467,0.151601912948931,4387061.157226555,160444.00499131894,4547505.162217874,331,6,252.2344827586207,63,82,55,32.394887894235154,0.6148706896551723,38.18359374999999,33512.49999999994,531.9444444444435,0
333,128,0,0,145,0.0,0.0,1.0,145,4500,3400,1100,0.7555555555555555,56,34,22,221.14851510691977,0.4014786877394636,0.718991908167889,0.15201899170191485,4389871.505458623,160662.71298847054,4550534.218447094,332,7,253.2344827586207,65,80,55,32.307862279538796,0.6157327586206897,38.099747474747474,33523.232323232296,515.7420357420353,0
334,128,1,0,146,0.00684931506849315,0.0,1.0,146,3400,2500,900,0.7352941176470589,43,25,18,220.3772100395096,0.4026796961108487,0.7201543248189064,0.15205938595102098,4394058.550197034,161070.07280853478,4555128.623005569,333,0,252.4931506849315,67,79,55,32.200440904219036,0.6169377853881279,37.97487745098039,33539.21568627447,500.5853087503652,0
335,128,0,0,146,0.0,0.0,1.0,146,3800,2600,1200,0.6842105263157895,50,26,24,219.65703258629014,0.4025153519130846,0.7195591036922799,0.15214776110334768,4398341.049382715,160225.30864197522,4558566.358024689,334,1,253.4931506849315,68,78,54,32.08885209713022,0.6182933789954338,37.84722222222222,33555.55555555555,493.4640522875816,0
336,128,0,0,146,0.0,0.0,1.0,146,3400,2400,1000,0.7058823529411765,44,24,20,219.2633963184682,0.4024120217288616,0.7197367251415376,0.15239317545058118,4402116.202693479,160444.5899182267,4562560.792611706,335,2,254.4931506849315,70,76,53,31.984224658760354,0.6193635844748858,37.73474178403757,33569.95305164327,479.57075788061815,0
337,128,1,1,146,0.006802721088435374,0.006802721088435374,0.9931972789115646,147,3700,2400,1300,0.6486486486486487,50,24,26,219.9863439415077,0.40337767527102164,0.7223629330006665,0.15366513747781183,4407666.975308666,160825.30864197665,4568492.283950643,336,0,253.75510204081633,74,73,47,31.796330598923884,0.620748299319728,37.569444444444464,33591.1111111113,453.9339339339365,0
338,128,0,0,146,0.0,0.0,1.0,146,4750,3600,1150,0.7578947368421053,59,36,23,218.18448088418086,0.4026974098567155,0.7181081420744608,0.153032697635809,4412187.771267364,158584.17968750012,4570771.950954864,337,4,256.4931506849315,63,83,48,31.706132738242832,0.6223601598173516,37.434895833333336,33608.33333333335,533.4656084656087,0
339,128,1,0,147,0.006802721088435374,0.0,1.0,147,4200,3200,1000,0.7619047619047619,52,32,20,210.25951472287448,0.4029602708663374,0.7095463510848143,0.14830491647815391,4418362.169253221,152200.53711541722,4570562.706368638,338,0,255.74149659863946,66,81,53,31.72670118343196,0.623795351473923,37.251243781094516,33631.84079601978,509.5733453942391,0
340,128,0,1,146,0.0,0.006802721088435374,0.9931972789115646,147,4000,3100,900,0.775,49,31,18,210.11127003334232,0.40270982822352686,0.7091608761467063,0.14860219172432296,4421330.7982506575,152394.28585159464,4573725.0841022525,339,1,256.74149659863946,67,80,53,31.64048840191162,0.6247874149659864,37.16299019607842,33643.13725490184,502.13637693883345,0
341,128,0,0,146,0.0,0.0,1.0,146,4100,3200,900,0.7804878048780488,50,32,18,210.3283293041926,0.4018264840182648,0.707752202562625,0.14935626449856154,4425738.65492775,152871.64344558673,4578610.298373337,340,2,257.17808219178085,68,78,54,31.501042922479265,0.6264269406392694,37.032004830917856,33659.90338164236,494.99857914179944,0
342,128,0,0,146,0.0,0.0,1.0,146,3250,2200,1050,0.676923076923077,43,22,21,211.04627895037467,0.4015932530310187,0.7089918617165951,0.15038642344069564,4429521.55612243,154516.8083900215,4584038.364512451,341,3,258.17808219178085,69,77,51,31.367429813149304,0.6274971461187215,36.91964285714284,33674.285714285565,488.0331262939937,0
343,128,0,0,146,0.0,0.0,1.0,146,4150,2700,1450,0.6506024096385542,56,27,29,209.59657618671173,0.4012458667926311,0.706518566274914,0.14977100560292517,4432563.032985103,152460.00708909167,4585023.040074195,342,4,259.17808219178085,72,74,53,31.313370926638818,0.6285673515981736,36.829337899543354,33685.84474885822,467.85895484525304,0
344,128,1,0,147,0.006802721088435374,0.0,1.0,147,4500,3200,1300,0.7111111111111111,58,32,26,207.73205008548194,0.4017798900382071,0.7063983696456717,0.14891577358178423,4436051.875355064,150402.03007061,4586453.905425674,343,0,258.40816326530614,73,74,55,31.256739114936956,0.6296768707482994,36.72578828828827,33699.099099098945,461.6314945082047,0
345,128,0,0,147,0.0,0.0,1.0,147,3200,2200,1000,0.6875,42,22,20,209.11528299212767,0.4017235889789706,0.7090469195851297,0.15050745130723658,4440385.493827142,153110.49382715943,4593495.987654301,344,1,259.40816326530614,74,73,50,31.089067580630967,0.6307397959183674,36.59722222222221,33715.55555555542,455.61561561561376,0
346,128,0,0,147,0.0,0.0,1.0,147,3050,2000,1050,0.6557377049180327,41,20,21,208.72179428836583,0.4016071040288261,0.7088352950791159,0.1506850670551809,4443700.502239455,153049.42842150579,4596749.93066096,345,2,260.40816326530614,76,71,51,30.999075880480525,0.6315901360544218,36.49891774891774,33728.13852813846,443.79129642287444,0
347,128,0,0,147,0.0,0.0,1.0,147,4200,3100,1100,0.7380952380952381,53,31,22,208.91531278831397,0.4012945360792719,0.7088925092788239,0.15140050654283346,4447815.093994149,152243.33631727484,4600058.430311424,346,3,261.40816326530614,63,84,52,30.869463995390067,0.6326530612244898,36.37695312500001,33743.750000000065,535.6150793650804,0
348,128,0,0,147,0.0,0.0,1.0,147,4700,3500,1200,0.7446808510638298,59,35,24,207.2954304445779,0.4013430714751654,0.7064619743768237,0.1507357111718412,4451460.629017467,150453.48943985428,4601914.118457321,347,4,262.40816326530614,65,82,53,30.801915020945522,0.6336451247165533,36.26893939393941,33757.57575757591,519.3473193473218,0
349,128,0,0,147,0.0,0.0,1.0,147,3800,2600,1200,0.6842105263157895,50,26,24,210.56595105725964,0.401533330227068,0.710187150126294,0.15341758090545096,4453592.044179176,154354.968880727,4607947.013059903,348,5,263.40816326530614,65,82,54,30.651200590323466,0.6345663265306123,36.20580808080809,33765.656565656645,519.4716394716407,0
350,128,1,0,148,0.006756756756756757,0.0,1.0,148,4050,2800,1250,0.691358024691358,53,28,25,212.96351517543974,0.40231238891953175,0.714840186283485,0.15575422964683736,4457665.419791596,156214.0194549644,4613879.43924656,349,0,262.6216216216216,66,82,55,30.4647766323024,0.6356981981981982,36.08519900497513,33781.09452736324,511.8347655661097,0
351,128,0,0,148,0.0,0.0,1.0,148,4700,3200,1500,0.6808510638297872,62,32,30,212.51481629381323,0.40190158270515414,0.7138954524311032,0.1559660773043434,4461380.676911951,155321.8989941425,4616702.575906093,350,1,263.6216216216216,68,80,56,30.36432424190445,0.6368947072072072,35.975241545893724,33795.169082125634,496.98778061949463,0
352,128,0,1,147,0.0,0.006756756756756757,0.9932432432432432,148,3150,1800,1350,0.5714285714285714,45,18,27,211.1603380640537,0.4015099282956425,0.7117885214697035,0.15555363038073736,4465384.072825056,155832.40208071587,4621216.474905771,351,2,264.6216216216216,70,78,55,30.279150929423075,0.6378096846846847,35.85680751173709,33810.328638497645,483.00469483568065,0
353,128,0,0,147,0.0,0.0,1.0,147,3400,2600,800,0.7647058823529411,42,26,16,210.75019833251463,0.4005742708042121,0.7093749138766428,0.155852758005737,4469504.940414943,155589.8105281201,4625094.750943063,352,3,265.1224489795918,71,76,55,30.165562611774128,0.639172335600907,35.734953703703695,33825.925925925854,476.42149191444867,0
354,128,0,0,147,0.0,0.0,1.0,147,3700,2500,1200,0.6756756756756757,49,25,24,210.12807360032093,0.40049855558661823,0.7092508490553573,0.15626378250245376,4475446.508621592,154983.39067158755,4630429.89929318,353,4,266.1224489795918,72,75,51,30.002720519461835,0.6403769841269842,35.55936073059361,33848.40182648404,470.1166920345006,0
355,128,0,0,147,0.0,0.0,1.0,147,3900,2300,1600,0.5897435897435898,55,23,32,211.4122924708232,0.40042089895318855,0.7111418217041323,0.1575279398776496,4477529.281685114,156020.946009257,4633550.227694371,354,5,267.1224489795918,76,71,51,29.905934601745756,0.6414399092970522,35.49783549783549,33856.277056276966,445.4773296878548,0
356,128,0,0,147,0.0,0.0,1.0,147,4850,3600,1250,0.7422680412371134,61,36,25,210.88450348340402,0.4003102382505514,0.710724735185913,0.15778974423086323,4481931.576198993,154783.9830186626,4636715.559217656,355,6,268.1224489795918,63,84,52,29.78715634417859,0.6426445578231292,35.36783854166666,33872.9166666666,537.6653439153429,0
357,128,0,0,147,0.0,0.0,1.0,147,4300,3200,1100,0.7441860465116279,54,32,22,211.40628811636753,0.4000364986177119,0.7103228481900654,0.15866517371168887,4485163.724523333,155938.36291913173,4641102.087442464,356,7,269.1224489795918,64,83,52,29.6759287285348,0.6437074829931972,35.27243589743589,33885.12820512815,529.4551282051274,0
358,128,0,0,147,0.0,0.0,1.0,147,5000,4000,1000,0.8,60,40,20,212.29347596093842,0.39992777933091045,0.7115235151811488,0.15980584267153766,4488299.041551867,156167.32093663813,4644466.3624885045,357,8,270.1224489795918,65,82,52,29.55796680374276,0.6447704081632653,35.17992424242423,33896.96969696958,521.4918414918396,0
359,128,0,0,147,0.0,0.0,1.0,147,4400,3400,1000,0.7727272727272727,54,34,20,213.72401200865914,0.3996909265989501,0.7136794758971359,0.1618358855925184,4494505.473255605,158316.74834781274,4652822.221603418,358,9,271.1224489795918,66,81,53,29.333137772562807,0.6464002267573696,34.996890547263675,33920.39800995019,513.9454243931848,0
360,128,0,0,147,0.0,0.0,1.0,147,3300,2600,700,0.7878787878787878,40,26,14,211.4234612182466,0.39956473456962693,0.7101060051238111,0.16038648599741911,4496419.274376408,157429.70521541897,4653848.979591827,359,10,272.1224489795918,69,78,54,29.336495995209233,0.6472505668934241,34.94047619047618,33927.61904761898,491.7046238785359,0
361,128,0,0,147,0.0,0.0,1.0,147,4050,2500,1550,0.6172839506172839,56,25,31,214.49793637823169,0.3992502252042369,0.7143647402279858,0.16326948860844506,4499954.095804972,159596.1734693869,4659550.269274359,360,11,273.1224489795918,69,78,54,29.14860308285165,0.6481009070294785,34.83630952380951,33940.95238095225,491.89786059351087,0
362,128,0,1,146,0.0,0.006802721088435374,0.9931972789115646,147,3600,2700,900,0.75,45,27,18,211.13875944441952,0.39891047743298236,0.7096545209949341,0.16117980244525795,4502985.048185933,157150.93537414918,4660135.9835600825,361,12,274.1224489795918,69,78,53,29.146505376344084,0.6491638321995465,34.7470238095238,33952.380952380896,492.06349206349125,0
363,128,0,0,146,0.0,0.0,1.0,146,4250,3000,1250,0.7058823529411765,55,30,25,210.2079371555701,0.3980416469847268,0.7064637400404328,0.16113013753633998,4507266.602902084,156042.64296124797,4663309.2458633315,362,13,275.1095890410959,71,75,55,29.042470788129886,0.6506849315068493,34.62094907407407,33968.51851851846,478.4298382889924,0
364,128,0,0,146,0.0,0.0,1.0,146,3900,2400,1500,0.6153846153846154,54,24,30,210.60694851995453,0.39778578176665097,0.7067390461081156,0.16184294356924664,4509883.582907241,156862.56391526715,4666746.146822508,363,14,276.1095890410959,73,73,48,28.95322939866369,0.651398401826484,34.543918918918926,33978.378378378446,465.4572380599787,0
365,128,0,0,146,0.0,0.0,1.0,146,5000,3600,1400,0.72,64,36,28,210.1848974238885,0.39767753109746495,0.7062971289809092,0.16196600919134974,4512753.834916007,155502.54037821657,4668256.375294223,364,15,277.1095890410959,73,73,49,28.878198331919695,0.6522545662100456,34.45945945945947,33989.18918918927,465.6053313587571,0
366,128,0,0,146,0.0,0.0,1.0,146,4000,3100,900,0.775,49,31,18,211.76470588235264,0.3973655723508109,0.7089175396185865,0.16363636363636366,4515625.000000009,158050.00000000058,4673675.00000001,365,16,278.1095890410959,73,73,50,28.750000000000007,0.6530393835616438,34.37500000000001,34000.00000000007,465.7534246575352,0
367,128,0,0,146,0.0,0.0,1.0,146,4700,3700,1000,0.7872340425531915,57,37,20,209.41023500287832,0.39684203275074786,0.7048646751526628,0.16246136477548104,4519732.213703932,155395.63700436385,4675127.8507082965,366,17,279.1095890410959,68,78,50,28.68923857675775,0.6543236301369864,34.25422705314009,34015.45893719803,500.22733731173577,0
368,128,0,0,146,0.0,0.0,1.0,146,4750,3100,1650,0.6526315789473685,64,31,33,209.50033276945908,0.396576326562746,0.7052662975054793,0.16316185463204672,4523723.8662131475,155594.33106575947,4679318.197278907,367,18,280.1095890410959,69,77,50,28.56706406955485,0.6553224885844748,34.13690476190476,34030.476190476154,493.19530710835005,0
369,128,0,0,146,0.0,0.0,1.0,146,4350,3400,950,0.7816091954022989,53,34,19,209.05951677933513,0.39649563060935283,0.705270189784782,0.1632198612653339,4526256.249999992,155701.3888888884,4681957.63888888,368,19,281.1095890410959,69,77,52,28.502823475649553,0.6560359589041096,34.06249999999999,34039.999999999935,493.3333333333324,0
370,128,0,0,146,0.0,0.0,1.0,146,4600,3600,1000,0.782608695652174,56,36,20,209.25388175244086,0.396234844906314,0.7052142587848111,0.16374545231132923,4528603.796094242,155725.5846503114,4684329.380744553,369,20,282.1095890410959,70,76,53,28.427256264592888,0.6569634703196348,33.99354460093896,34048.82629107975,486.4118041582821,0
371,128,0,0,146,0.0,0.0,1.0,146,3700,2300,1400,0.6216216216216216,51,23,28,209.83087710894824,0.39576739883482914,0.706242249300266,0.16475811467541526,4532101.2695893515,157294.9569089016,4689396.226498253,370,21,283.1095890410959,70,76,56,28.307053331863127,0.6580336757990868,33.89084507042252,34061.9718309858,486.59959758551145,0
372,128,0,0,146,0.0,0.0,1.0,146,3800,2900,900,0.7631578947368421,47,29,18,222.27199482706067,0.395706384821288,0.7207790451363354,0.16182120162476848,4452759.3994140625,164944.7428385417,4617704.1422526045,371,22,284.1095890410959,63,83,52,30.36761076144638,0.6329195205479452,36.23046875,33762.5,535.9126984126984,8
373,128,0,0,146,0.0,0.0,1.0,146,3500,2600,900,0.7428571428571429,44,26,18,221.53578806508682,0.3954288694693749,0.7200477157540583,0.16153277502235683,4454408.111572266,164662.1622721354,4619070.273844401,372,23,285.1095890410959,63,83,53,30.337119809982113,0.633490296803653,36.181640625,33768.75,536.0119047619048,0
374,128,0,0,146,0.0,0.0,1.0,146,3850,2600,1250,0.6753246753246753,51,26,25,205.91380571963737,0.39531471421823333,0.6946353290113885,0.14031774830183247,4380123.237998557,147335.56909146096,4527458.807090018,373,24,286.1095890410959,68,78,57,33.00380383557428,0.6132277397260274,38.39070048309179,33485.99033816429,492.44103438476895,8
375,128,0,0,146,0.0,0.0,1.0,146,3800,3000,800,0.7894736842105263,46,30,16,206.88159883987237,0.39571622579121396,0.6970742710797433,0.14140795486967903,4383539.810090709,148374.7448979595,4531914.554988668,374,25,287.1095890410959,69,77,57,32.874365061314236,0.614226598173516,38.28869047619048,33499.04761904766,485.49344375431394,0
376,128,0,2,144,0.0,0.0136986301369863,0.9863013698630136,146,3050,2400,650,0.7868852459016393,37,24,13,207.05176801623048,0.395568611242324,0.6974652462922557,0.142047873296351,4387667.234653638,149444.8516803841,4537112.086334022,375,26,288.1095890410959,71,75,58,32.74417983570929,0.6153681506849316,38.16550925925926,33514.81481481483,472.03964527908215,0
377,128,0,1,143,0.0,0.006944444444444444,0.9930555555555556,144,4150,2800,1350,0.6746987951807228,55,28,27,207.78994007538327,0.3934841200466201,0.6927248428517705,0.1432973010234574,4393461.48090659,149633.41956821733,4543094.900474807,376,38,292.7083333333333,73,71,61,32.54843165171296,0.6176215277777778,37.99268018018019,33536.936936936996,459.4100950265342,0
378,128,1,0,144,0.006944444444444444,0.0,1.0,144,3750,2400,1350,0.64,51,24,27,210.445016153089,0.3936874757187257,0.697059922779014,0.14595080877803188,4399739.3086419925,152630.6419753097,4552369.950617302,377,0,293.34722222222223,74,70,61,32.287804145919445,0.6192853009259259,37.80555555555557,33560.88888888902,453.5255255255273,0
379,128,0,0,144,0.0,0.0,1.0,144,3850,2800,1050,0.7272727272727273,49,28,21,214.94271596514548,0.3935943975006475,0.7021263006317349,0.1494601676129735,4402634.65681749,156612.85010772583,4559247.506925216,378,1,294.34722222222223,75,69,59,32.081765607580834,0.6201533564814814,37.71929824561404,33571.92982456146,447.62573099415283,0
380,128,0,0,144,0.0,0.0,1.0,144,3800,2400,1400,0.631578947368421,52,24,28,214.21218448422792,0.39355392871017875,0.7015858486890356,0.14920986643384176,4404547.141170526,156101.53295478018,4560648.674125306,379,2,295.34722222222223,76,68,49,32.04274529015403,0.621021412037037,37.66233766233767,33579.22077922084,441.831852358169,0
381,128,0,0,144,0.0,0.0,1.0,144,4050,2700,1350,0.6666666666666666,54,27,27,213.8610205427242,0.39342948717948717,0.700861118272178,0.149149028889829,4405910.0396357,155600.48349918553,4561510.523134885,380,3,296.34722222222223,76,68,50,32.01050528486725,0.6218171296296297,37.62175324675326,33584.41558441567,441.90020505810094,0
382,128,0,0,144,0.0,0.0,1.0,144,3500,2300,1200,0.6571428571428571,47,23,24,216.0659824212238,0.3932322018259518,0.704397348660583,0.15093496553796654,4407727.565544136,158171.99733888108,4565899.562883017,381,4,297.34722222222223,76,68,51,31.89737013935427,0.6226128472222222,37.5676406926407,33591.34199134208,441.9913419913432,0
383,128,0,0,144,0.0,0.0,1.0,144,4250,3200,1050,0.7529411764705882,53,32,21,213.1699194418326,0.39315025252525254,0.7016783233418977,0.1411595893770772,4347721.442743754,152310.68594104235,4500032.128684796,382,5,298.34722222222223,69,75,51,33.804060805024264,0.6025752314814814,39.36011904761904,33361.90476190468,483.5058661145606,8
384,128,1,0,145,0.006896551724137931,0.0,1.0,145,4600,3400,1200,0.7391304347826086,58,34,24,217.12325132848287,0.3933469029374202,0.7079607362726408,0.15503143924016238,4431735.57700868,158846.5675016473,4590582.144510328,383,0,297.28275862068966,78,67,56,31.1403893370747,0.6263649425287356,36.853902953586505,33682.70042194101,431.8294925889873,8
385,128,0,0,145,0.0,0.0,1.0,145,3950,2400,1550,0.6075949367088608,55,24,31,214.81540201809122,0.39305954661558107,0.7056832252584746,0.15390282771090652,4435411.501736127,157608.94097222298,4593020.44270835,384,1,298.28275862068966,79,66,53,31.089664325518523,0.6275862068965516,36.74479166666668,33696.66666666679,426.5400843881872,0
386,128,0,0,145,0.0,0.0,1.0,145,4100,2800,1300,0.6829268292682927,54,28,26,214.66719431121743,0.392492816091954,0.7048327010783859,0.15423246909216254,4438483.344184032,157459.35329861127,4595942.697482643,385,2,299.28275862068966,79,66,51,31.00046353522869,0.628735632183908,36.653645833333336,33708.33333333336,426.68776371308047,0
387,128,0,0,145,0.0,0.0,1.0,145,3800,2900,900,0.7631578947368421,47,29,18,217.25805880020724,0.3925147669220945,0.7103680023992742,0.15679151490303164,4443312.673611126,160269.09722222303,4603581.770833349,386,3,300.28275862068966,79,66,54,30.785893127759117,0.6299568965517242,36.51041666666668,33726.66666666678,426.9198312236301,0
388,128,0,0,145,0.0,0.0,1.0,145,3800,2800,1000,0.7368421052631579,48,28,20,221.40584002056607,0.39230523627075353,0.7161590162503486,0.1604523664793342,4447815.093994154,164154.44742838634,4611969.54142254,387,4,301.28275862068966,63,82,55,30.540184910785946,0.6308908045977011,36.376953125000014,33743.7500000001,535.615079365081,0
389,128,0,0,145,0.0,0.0,1.0,145,4150,2800,1350,0.6746987951807228,55,28,27,219.32600544693292,0.39199792464878674,0.7132765431322614,0.159338164222044,4450477.071005937,162071.07166338048,4612548.142669317,388,5,302.28275862068966,64,81,56,30.514407981363323,0.6317528735632184,36.29807692307694,33753.84615384631,527.4038461538486,0
390,128,0,0,145,0.0,0.0,1.0,145,3700,2400,1300,0.6486486486486487,50,24,26,220.02412566822673,0.3915748722860792,0.7128794083365129,0.16038828000629862,4454124.977680871,163302.9907662498,4617427.968447121,389,6,303.28275862068966,65,80,57,30.385569348888247,0.6329741379310345,36.190025252525274,33767.676767676945,519.5027195027222,0
391,128,0,1,144,0.0,0.006896551724137931,0.993103448275862,145,4050,3000,1050,0.7407407407407407,51,30,21,219.76230595020084,0.39157088122605366,0.7127864024205384,0.16051577078118895,4456257.030532611,162813.46418732865,4619070.494719939,390,7,304.28275862068966,65,80,58,30.32795771278187,0.633764367816092,36.12689393939395,33775.75757575766,519.627039627041,0
392,128,0,0,144,0.0,0.0,1.0,144,3800,2900,900,0.7631578947368421,47,29,18,218.45655802758537,0.3906897500647501,0.7088011679184609,0.16009771054779406,4459850.22987702,162256.7061074944,4622106.935984515,391,8,305.3333333333333,68,76,59,30.253726790956573,0.6354166666666667,36.02053140096619,33789.371980676406,496.9025291275942,0
393,128,0,0,144,0.0,0.0,1.0,144,3900,2900,1000,0.7435897435897436,49,29,20,216.90616941083084,0.3901697261072261,0.707609546165884,0.15975454386067459,4465171.485260782,161004.6485260778,4626176.13378686,392,9,306.3333333333333,69,75,59,30.13380281690143,0.6368634259259259,35.86309523809525,33809.52380952389,489.993098688752,0
394,128,0,0,144,0.0,0.0,1.0,144,4000,2800,1200,0.7,52,28,24,215.9459810254088,0.3899461360398861,0.7065118144240841,0.1595236717911253,4468360.830082243,160184.9126055252,4628545.742687768,393,10,307.3333333333333,70,74,58,30.062812326485293,0.6378038194444444,35.76877934272303,33821.59624413167,483.16566063045246,0
395,128,0,0,144,0.0,0.0,1.0,144,3050,2000,1050,0.6557377049180327,41,20,21,215.58381624372922,0.39000683922558926,0.7060795914147211,0.15964737490704117,4470973.200124337,160923.89296124957,4631897.093085587,394,11,308.3333333333333,71,73,58,29.993488514240894,0.638671875,35.691550925925945,33831.48148148166,476.49973917579797,0
396,128,0,0,144,0.0,0.0,1.0,144,3250,2200,1050,0.676923076923077,43,22,21,214.79678570476,0.38996637043512045,0.7049273085525605,0.15917340339242317,4471700.805535289,160051.3919324743,4631752.197467764,395,12,309.3333333333333,73,71,59,29.992322576064193,0.6392505787037037,35.670045045045065,33834.23423423442,463.48266074293724,0
397,128,0,0,144,0.0,0.0,1.0,144,3300,2300,1000,0.696969696969697,43,23,20,212.73435635615422,0.38960720991970993,0.7013514544711092,0.15816123071981844,4475173.238400285,158304.61969067447,4633477.8580909595,396,13,310.3333333333333,75,69,54,29.9420450422433,0.6401909722222222,35.56743421052632,33847.36842105269,451.29824561403586,0
398,128,1,0,145,0.006896551724137931,0.0,1.0,145,3100,1900,1200,0.6129032258064516,43,19,24,217.61774946695397,0.3906050446998723,0.7031926698800635,0.147284514592031,4372455.251736118,158204.77430555588,4530660.026041674,397,0,309.1862068965517,79,66,48,32.93169439739629,0.6098419540229885,38.61979166666667,33456.66666666672,423.50210970464207,8
399,128,0,0,145,0.0,0.0,1.0,145,4750,3400,1350,0.7157894736842105,61,34,27,220.15382156132338,0.390720785440613,0.7092205817432686,0.1496790488951744,4377559.878117912,158997.30725623586,4536557.185374148,398,1,310.1862068965517,69,76,50,32.70951872925557,0.6114224137931035,38.467261904761905,33476.190476190466,485.1621808143546,0
400,128,0,0,145,0.0,0.0,1.0,145,3700,2500,1200,0.6756756756756757,49,25,24,219.62000444263182,0.3907686781609196,0.7090475807543013,0.14971459085327293,4380549.333900226,159711.25283446698,4540260.5867346935,399,2,311.1862068965517,69,76,52,32.63223318734238,0.6125,38.37797619047619,33487.619047619046,485.327812284334,0
401,128,0,0,145,0.0,0.0,1.0,145,3950,2600,1350,0.6582278481012658,53,26,27,223.3281127486393,0.3907267720306513,0.7121921044186958,0.1526332136095872,4383420.452291209,162838.2033987965,4546258.655690006,400,3,312.1862068965517,70,75,53,32.44758380984416,0.6135775862068966,38.29225352112676,33498.59154929576,478.5513078470822,0
402,128,0,0,145,0.0,0.0,1.0,145,4450,3100,1350,0.6966292134831461,58,31,27,225.38841817573112,0.39067488825031926,0.7155658202417416,0.14841614706288705,4341314.323902872,162246.39365362242,4503560.717556495,401,4,313.1862068965517,66,79,55,33.68204791467684,0.6044540229885058,39.55223880597015,33337.313432835814,505.11080958842143,8
403,128,2,0,147,0.013605442176870748,0.0,1.0,147,4100,2600,1500,0.6341463414634146,56,26,30,216.22131854682547,0.3929406237380797,0.7078924593093054,0.14374116393027386,4352177.094410032,154706.69398052536,4506883.788390557,402,0,309.91156462585036,72,75,58,33.58812129502963,0.606859410430839,39.226598173515974,33378.99543378988,463.59715880263724,0
404,128,0,0,147,0.0,0.0,1.0,147,3350,2300,1050,0.6865671641791045,44,23,21,214.01183940223038,0.39285714285714285,0.7051295841767466,0.14269735106468207,4355569.000000001,153678.66666666663,4509247.666666668,403,1,310.91156462585036,74,73,59,33.54196613959431,0.6079931972789115,39.125,33392.00000000001,451.24324324324334,0
405,128,1,0,148,0.006756756756756757,0.0,1.0,148,4000,2900,1100,0.725,51,29,22,213.99225558445337,0.39382239382239387,0.7080384212688882,0.14347553905575952,4361841.062240724,153080.04148195553,4514921.10372268,404,0,309.80405405405406,78,70,60,33.35069532131251,0.6095157657657657,38.93723628691982,33416.033755274155,428.41068917018146,0
406,128,1,0,149,0.006711409395973154,0.0,1.0,149,3250,1800,1450,0.5538461538461539,47,18,29,213.10638671605733,0.3944445704093355,0.7083350543346281,0.14346714685415415,4366465.996460554,153054.35824484692,4519520.354705401,405,0,308.71812080536915,80,69,59,33.2325053747559,0.6105984340044743,38.79886831275719,33433.74485596698,417.92181069958724,0
407,128,0,0,149,0.0,0.0,1.0,149,3850,2600,1250,0.6753246753246753,51,26,25,214.26471468167625,0.39401754942862327,0.7101092765997445,0.14447764334896204,4368269.92035163,153543.22162733757,4521813.141978968,406,1,309.71812080536915,81,68,52,33.147144153781305,0.6113674496644295,38.74491869918698,33440.65040650397,412.84753588276504,0
408,128,0,0,149,0.0,0.0,1.0,149,3950,2500,1450,0.6329113924050633,54,25,29,216.13160606379446,0.3936509915956225,0.7132218793557696,0.14618189984665506,4371709.982500274,155222.93995258101,4526932.922452855,407,2,310.71812080536915,82,67,54,32.99329731892756,0.6122762863534675,38.64206827309236,33453.81526104411,407.97335684200135,0
409,128,0,0,149,0.0,0.0,1.0,149,3750,2600,1150,0.6933333333333334,49,26,23,215.07595117537787,0.39342614426507044,0.7115698280702687,0.14590287498654037,4375069.444444451,154644.44444444482,4529713.8888888955,408,3,311.71812080536915,79,70,57,32.91832669322711,0.6133249440715884,38.54166666666667,33466.666666666715,423.62869198312296,0
410,128,0,1,148,0.0,0.006711409395973154,0.9932885906040269,149,4800,3000,1800,0.625,66,30,36,210.08353408490908,0.3927459338533164,0.7042303701295511,0.1432560569529227,4380881.558641993,149470.2160493838,4530351.774691377,409,4,312.71812080536915,71,78,59,32.871599203716016,0.6147930648769575,38.36805555555557,33488.88888888903,471.67449139280325,0
411,128,0,0,148,0.0,0.0,1.0,148,3500,2400,1100,0.6857142857142857,46,24,22,209.04978029421284,0.39278245081816515,0.7024695332632962,0.14302872510021516,4384625.646358525,150221.00560872525,4534846.651967251,410,5,313.3243243243243,72,76,59,32.78453179232769,0.6157094594594594,38.25627853881281,33503.196347032164,465.32217148655786,0
412,128,0,0,148,0.0,0.0,1.0,148,3650,2400,1250,0.6575342465753424,49,24,25,211.49221788563176,0.3927336137157566,0.7050249570669647,0.14521027953443927,4388559.456790127,152379.23456790144,4540938.691358028,411,6,314.3243243243243,74,74,59,32.60073017220041,0.6167652027027026,38.13888888888889,33518.22222222225,452.9489489489493,0
413,128,0,0,148,0.0,0.0,1.0,148,3800,2600,1200,0.6842105263157895,50,26,24,209.48480879943781,0.3926627520377521,0.7018105442381615,0.14407237506709722,4390421.777777787,150545.33333333404,4540967.111111121,412,7,315.3243243243243,74,74,62,32.59657704952805,0.6178913288288288,38.08333333333334,33525.33333333341,453.04504504504604,0
414,128,0,0,148,0.0,0.0,1.0,148,2850,1900,950,0.6666666666666666,38,19,19,215.86502324398566,0.39247697953055094,0.7096378060362796,0.1490203217542732,4394613.444444454,157278.6666666673,4551892.111111121,413,8,316.3243243243243,74,74,60,32.301770286744045,0.6188766891891893,37.95833333333334,33541.333333333416,453.26126126126235,0
415,128,0,0,148,0.0,0.0,1.0,148,4050,3000,1050,0.7407407407407407,51,30,21,216.0782421823596,0.3921571443892873,0.7103543941292274,0.14966887417218555,4398341.049382741,156427.16049382853,4554768.209876569,414,9,317.3243243243243,74,74,58,32.182671081677725,0.6198620495495495,37.84722222222224,33555.555555555744,453.453453453456,0
416,128,0,0,148,0.0,0.0,1.0,148,4000,3000,1000,0.75,50,30,20,213.8874486168544,0.3921523564380707,0.7075535311278685,0.14875175250832262,4402823.434874729,154741.73423917085,4557565.1691139005,415,10,318.3243243243243,77,71,62,32.10369993211135,0.6210585585585586,37.713675213675224,33572.64957264967,436.0084360084373,0
417,128,0,0,148,0.0,0.0,1.0,148,3350,2200,1150,0.6567164179104478,45,22,23,211.7436659632125,0.3920288272966845,0.7045669130821961,0.14775132813333353,4406500.69444446,153659.72222222306,4560160.416666683,416,11,319.3243243243243,79,69,52,32.04810109831946,0.6219735360360361,37.60416666666668,33586.66666666679,425.14767932489605,0
418,128,0,0,148,0.0,0.0,1.0,148,3450,2200,1250,0.6376811594202898,47,22,25,212.2122564009529,0.39173005914077347,0.7063930462972472,0.14861597519528424,4410500.014172338,154142.43197278943,4564642.4461451275,417,12,320.3243243243243,69,79,54,31.914231525045828,0.6230996621621622,37.48511904761905,33601.90476190478,486.9841269841272,0
419,128,0,0,148,0.0,0.0,1.0,148,4000,3400,600,0.85,46,34,12,211.05075665230163,0.39184209719924007,0.7064317830976943,0.14827323859075708,4414000.907029477,152715.64625850332,4566716.55328798,418,13,321.3243243243243,69,79,55,31.838357509821712,0.6238738738738738,37.38095238095238,33615.238095238084,487.17736369910267,0
420,128,0,1,147,0.0,0.006756756756756757,0.9932432432432432,148,3850,2700,1150,0.7012987012987013,50,27,23,208.55052664388595,0.3917635747992891,0.7026555318233614,0.1468382689563029,4416410.778835775,150758.9587603873,4567169.737596163,419,14,322.3243243243243,70,78,57,31.83084333984918,0.6244369369369369,37.30927230046949,33624.413145539955,480.34875922199933,0
421,128,0,0,147,0.0,0.0,1.0,147,4400,2800,1600,0.6363636363636364,60,28,32,211.77367541135573,0.39147873761376695,0.7067684360120117,0.14991501155058307,4422332.553615903,153506.72375410507,4575839.277370008,420,15,322.8707482993197,70,77,58,31.566389462521624,0.6263463718820862,37.13321596244131,33646.948356807494,480.6706908115356,0
422,128,0,0,147,0.0,0.0,1.0,147,3300,2100,1200,0.6363636363636364,45,21,24,199.79409409440484,0.3914399092970522,0.6813143597179736,0.13478904157781013,4368846.460459179,141873.94416099763,4510720.404620177,421,16,323.8707482993197,83,64,54,33.50761189425223,0.6128826530612245,38.72767857142857,33442.85714285711,402.9259896729772,8
423,128,1,1,147,0.006756756756756757,0.006756756756756757,0.9932432432432432,148,4000,2800,1200,0.7,52,28,24,218.34672882934376,0.3924434638720353,0.7149514619247972,0.13887083851831056,4301134.829276047,154227.74404527576,4455362.573321323,422,0,322.6756756756757,76,72,52,35.0998669310651,0.5896677927927928,40.760281385281374,33182.683982683855,436.6142629300507,7
424,128,1,0,148,0.006756756756756757,0.0,1.0,148,3800,2700,1100,0.7105263157894737,49,27,22,219.8693243783354,0.3929538594717166,0.7172846275195282,0.14022016445762311,4304311.809004964,155877.22587192222,4460189.034876887,423,0,322.85135135135135,78,70,53,34.962566097213745,0.5910050675675675,40.664556962025316,33194.93670886073,425.57611165206066,0
425,128,0,0,148,0.0,0.0,1.0,148,3950,2900,1050,0.7341772151898734,50,29,21,216.3579248022044,0.3929155558619844,0.7124628334554817,0.13838871768561412,4307753.468113094,152853.32018409,4460606.788297184,424,1,323.85135135135135,64,84,54,34.94772685156586,0.5922719594594594,40.560897435897445,33208.20512820521,518.8782051282064,0
426,128,2,0,150,0.013333333333333334,0.0,1.0,150,4600,3100,1500,0.6739130434782609,61,31,30,217.54709092336788,0.3951435495898583,0.7173846032869393,0.14036257510261144,4317839.532871979,153266.6858900428,4471106.218762022,425,0,320.52,67,83,57,34.60672721553828,0.5945833333333334,40.25735294117648,33247.05882352946,496.22475856014125,0
427,128,0,1,149,0.0,0.006666666666666667,0.9933333333333333,150,4150,2800,1350,0.6746987951807228,55,28,27,215.7367456255391,0.3950699105145414,0.7147260718512582,0.13962917168692213,4321449.036281173,152309.07029478424,4473758.1065759575,426,1,321.52,69,81,59,34.542864505783996,0.5957638888888889,40.14880952380952,33260.95238095233,482.04278812974394,0
428,128,0,0,149,0.0,0.0,1.0,149,4050,2400,1650,0.5925925925925926,57,24,33,213.53810476660695,0.3945862809117842,0.7057402874302088,0.13452395440873102,4289961.493827197,149364.0493827178,4439325.543209914,427,2,321.8590604026846,74,75,60,35.56866137367454,0.5860598434004474,41.09722222222225,33139.55555555584,447.83183183183564,7
429,128,0,0,149,0.0,0.0,1.0,149,4400,3100,1300,0.7045454545454546,57,31,26,214.69283901990076,0.3945768335449544,0.7053997157097329,0.13572954060071804,4294104.938271643,150182.71604938456,4444287.654321027,428,3,322.8590604026846,74,75,55,35.41108132260948,0.5873182326621924,40.97222222222225,33155.555555555846,448.04804804805195,0
430,128,0,0,149,0.0,0.0,1.0,149,3300,2400,900,0.7272727272727273,42,24,18,212.68741066317605,0.39468075458008345,0.7037321220636907,0.13483211079656438,4297329.000000016,149697.5555555565,4447026.555555573,429,4,323.8590604026846,74,75,64,35.36373747119044,0.5882969798657718,40.875000000000014,33168.000000000124,448.2162162162179,0
431,128,1,1,149,0.006666666666666667,0.006666666666666667,0.9933333333333333,150,3950,2500,1450,0.6329113924050633,54,25,29,214.94505121624763,0.39625466070096943,0.7092229622581667,0.1369134841383494,4302895.169667595,151027.20452446933,4453922.374192065,430,0,322.6933333333333,75,75,54,35.13386721640766,0.5898611111111112,40.70723684210527,33189.47368421056,442.52631578947415,0
432,128,1,0,150,0.006666666666666667,0.0,1.0,150,4550,3300,1250,0.7252747252747253,58,33,25,211.67074356436265,0.395851976137211,0.7053475048997444,0.1356533373973347,4310009.918666922,147910.6008508007,4457920.519517723,431,0,323.68666666666667,70,80,56,34.99995288707976,0.591388888888889,40.492957746478865,33216.90140845063,474.5271629778661,0
433,128,0,0,150,0.0,0.0,1.0,150,3650,2600,1050,0.7123287671232876,47,26,21,212.59280455692934,0.3958799403430276,0.7071955997588908,0.1367021173488162,4313909.497674624,149771.22374308464,4463680.721417709,432,1,324.68666666666667,70,80,58,34.85615864225438,0.5925,40.375586854460096,33231.924882629115,474.7417840375588,0
434,128,0,2,148,0.0,0.013333333333333334,0.9866666666666667,150,3600,2500,1100,0.6944444444444444,47,25,22,214.82740273399858,0.3959806114839672,0.7106996535622845,0.13860438549572576,4317810.840000885,151916.81765081914,4469727.657651704,433,2,325.68666666666667,70,80,59,34.678250677812954,0.5936111111111111,40.25821596244132,33246.94835680754,474.9564050972505,0
435,128,1,0,149,0.006711409395973154,0.0,1.0,149,3700,2300,1400,0.6216216216216216,51,23,28,212.55060139591833,0.39635860692907676,0.7055785158235417,0.13748965899887308,4320798.161527075,150177.64954859164,4470975.811075667,434,0,325.6241610738255,72,77,61,34.6456422648141,0.5951482102908278,40.16837899543379,33258.44748858448,461.9228817858956,0
436,128,2,0,151,0.013245033112582781,0.0,1.0,151,4400,3100,1300,0.7045454545454546,57,31,26,208.20077269252917,0.39837932303164086,0.7017381661969557,0.13524494028876308,4325670.206217282,145521.5758694974,4471191.78208678,435,0,322.29801324503313,75,76,63,34.609166315197506,0.5965783664459161,40.02192982456139,33277.19298245602,443.69590643274694,0
437,128,1,0,152,0.006578947368421052,0.0,1.0,152,3300,2000,1300,0.6060606060606061,46,20,26,207.48916942452001,0.39935699140234693,0.703172982260488,0.13531037504917312,4330174.66262527,145992.8688422427,4476167.531467512,436,0,321.17105263157896,78,74,64,34.48953211334715,0.5977247807017544,39.88660337552741,33294.51476793232,426.85275343502974,0
438,128,2,1,153,0.012987012987012988,0.006493506493506494,0.9935064935064936,154,4050,2700,1350,0.6666666666666666,54,27,27,198.5226362707413,0.40094484763602406,0.6947248165795266,0.12872625678186936,4323592.01694882,136816.177072761,4460408.194021581,437,0,317.987012987013,78,76,66,34.92447493912339,0.5962527056277056,40.084388185653985,33269.19831223605,426.5281834902057,8
439,128,1,0,154,0.006493506493506494,0.0,1.0,154,3600,2500,1100,0.6944444444444444,47,25,22,200.8717054458815,0.3999881518263871,0.6981446371690283,0.1306958397590966,4327541.003489452,139456.10835158094,4466997.111841033,438,0,318.96753246753246,78,76,64,34.74236431553505,0.5974702380952381,39.965717299578046,33284.38818565388,426.72292545710104,0
440,128,0,1,153,0.0,0.006493506493506494,0.9935064935064936,154,3750,2500,1250,0.6666666666666666,50,25,25,201.7963519012981,0.3999395212630507,0.699911523686676,0.13162640470517725,4330423.980507704,140222.75229047006,4470646.732798174,439,1,319.96753246753246,80,74,62,34.62997066627115,0.5982142857142857,39.87911522633744,33295.47325102873,416.1934156378591,0
441,128,0,0,153,0.0,0.0,1.0,153,4500,2900,1600,0.6444444444444445,61,29,32,203.13372309275718,0.3995098039215686,0.7019973355083231,0.1332415043047178,4336849.0999000855,141092.06083083551,4477941.160730921,440,2,320.66013071895424,80,73,50,34.39836313934722,0.5996732026143791,39.68621399176955,33320.164609053514,416.5020576131689,0
442,128,0,1,152,0.0,0.006535947712418301,0.9934640522875817,153,4150,2900,1250,0.6987951807228916,54,29,25,203.83954859114067,0.39925359763788554,0.7040165764039068,0.13416067801431347,4340753.437688961,142213.44425679222,4482966.881945753,441,3,321.66013071895424,72,81,53,34.26045148211057,0.6007625272331154,39.56906392694064,33335.15981735164,462.98833079655054,0
443,128,0,0,152,0.0,0.0,1.0,152,4000,2800,1200,0.7,52,28,24,204.71942855085118,0.3986099613686534,0.7043113056532524,0.13529315751177495,4345440.7236628635,143519.22834997225,4488959.952012836,442,5,324.75657894736844,73,79,54,34.09408594889527,0.6020422149122807,39.428490990991,33353.153153153246,456.89250894730475,0
444,128,0,0,152,0.0,0.0,1.0,152,4300,3000,1300,0.6976744186046512,56,30,26,207.3022516664823,0.398515561461601,0.7084597832449595,0.13762194642891,4350606.738495259,145678.11460108781,4496284.853096346,443,6,325.75657894736844,73,79,56,33.86873267825649,0.6032757675438596,39.27364864864865,33372.972972973024,457.1640133283976,0
445,128,0,0,152,0.0,0.0,1.0,152,3600,2400,1200,0.6666666666666666,48,24,24,206.7865724121749,0.3981642848843964,0.7081934550997879,0.13782347065455894,4355105.234567904,146115.4567901237,4501220.691358028,444,7,326.75657894736844,74,78,58,33.74463138465908,0.6047149122807017,39.13888888888889,33390.22222222225,451.21921921921955,0
446,128,1,1,152,0.006535947712418301,0.006535947712418301,0.9934640522875817,153,4600,3100,1500,0.6739130434782609,61,31,30,206.58331850949315,0.3990977238848756,0.7094954028818328,0.13813514029000518,4358785.922771331,144890.4921197138,4503676.414891045,445,0,325.6143790849673,76,77,56,33.63744751438495,0.6058687363834423,39.02867965367967,33404.32900432915,439.5306447938046,0
447,128,1,0,153,0.006535947712418301,0.0,1.0,153,4100,3000,1100,0.7317073170731707,52,30,22,206.68421474907868,0.3990493492718725,0.7110726444413289,0.13881067199327524,4363758.222297198,145683.98830606704,4509442.210603265,446,0,326.5424836601307,76,77,59,33.482929230131596,0.6072984749455338,38.87987012987014,33423.37662337674,439.7812713602202,0
448,128,0,0,153,0.0,0.0,1.0,153,4450,2700,1750,0.6067415730337079,62,27,35,211.0527696947195,0.3991586400642128,0.7161017246442616,0.14232421004956228,4368367.952827091,149341.231097962,4517709.183925053,447,1,327.5424836601307,77,76,53,33.22806445841642,0.6087962962962963,38.74198717948718,33441.02564102567,434.29903429903464,0
449,128,0,1,152,0.0,0.006535947712418301,0.9934640522875817,153,4800,3500,1300,0.7291666666666666,61,35,26,212.71526601160403,0.3988988504758629,0.7187775298443291,0.14401869649638127,4372863.323185392,150634.9570047538,4523498.280190146,448,2,328.5424836601307,78,75,55,33.047379439063754,0.6103622004357299,38.607594936708864,33458.227848101305,428.9516390782219,0
450,128,0,1,151,0.0,0.006578947368421052,0.993421052631579,152,3400,2000,1400,0.5882352941176471,48,20,28,214.7584958968897,0.39801088503543625,0.7204078423149491,0.1456875201895122,4375069.444444462,154116.66666666744,4529186.111111129,449,4,331.6907894736842,79,73,55,32.92662682602923,0.6110882675438596,38.54166666666668,33466.6666666668,423.6286919831241,0
451,128,1,0,152,0.006578947368421052,0.0,1.0,152,3550,2900,650,0.8169014084507042,42,29,13,209.27472800919213,0.397833885209713,0.7133251164282015,0.1428392637161132,4381938.721176401,149455.8068054274,4531394.527981828,450,0,332.5131578947368,65,87,56,32.86053390835793,0.6128015350877193,38.33648989898989,33492.92929292922,515.2758352758342,0
452,128,0,0,152,0.0,0.0,1.0,152,3650,2600,1050,0.7123287671232876,47,26,21,212.36263480711781,0.39767140844661325,0.7146216978271549,0.1454066564557716,4385481.934234278,152212.49969060035,4537694.433924879,451,1,333.5131578947368,66,86,56,32.671720021381496,0.6136924342105263,38.230721393034806,33506.467661691364,507.67375244986914,0
453,128,0,0,152,0.0,0.0,1.0,152,4500,3500,1000,0.7777777777777778,55,35,20,213.21762422141347,0.3973201318694086,0.7142751328834605,0.14668879557706702,4390795.6010712115,152339.00130044713,4543134.602371658,452,2,334.5131578947368,70,82,56,32.48742041486958,0.6149945175438596,38.072183098591545,33526.760563380245,478.9537223340035,0
454,128,0,0,152,0.0,0.0,1.0,152,4750,3100,1650,0.6526315789473685,64,31,33,205.90880814114672,0.39729380881840365,0.6927007323702279,0.1306792904105344,4298623.62913708,141874.89362459784,4440498.522761678,453,3,335.5131578947368,78,74,61,35.499554820656314,0.5872395833333333,40.83597046413503,33172.995780590805,425.2948176998821,8
455,128,1,0,153,0.006535947712418301,0.0,1.0,153,4750,3300,1450,0.6947368421052632,62,33,29,205.36899797288112,0.3983004385964912,0.6955373889793315,0.13078489378172017,4302636.835509525,141375.64310996124,4444012.478619486,454,0,334.3137254901961,80,73,57,35.39011093476181,0.5883714596949892,40.715020576131714,33188.4773662554,414.8559670781925,0
456,128,0,0,153,0.0,0.0,1.0,153,3950,2800,1150,0.7088607594936709,51,28,23,202.8944355536672,0.3983918128654971,0.6916931328696023,0.1294951095916116,4305218.1468666205,140150.96116878287,4445369.108035403,455,1,335.3137254901961,84,69,58,35.374929124929196,0.5895969498910676,40.63725490196081,33198.43137254926,395.2194211017769,0
457,128,0,0,153,0.0,0.0,1.0,153,4400,3200,1200,0.7272727272727273,56,32,24,199.76482629977892,0.39839002121316364,0.686340452755329,0.12789137391549216,4308810.896141106,137149.77204524403,4445960.668186351,456,2,336.3137254901961,75,78,58,35.34574023207087,0.590890522875817,40.52905701754385,33212.28070175427,442.83040935672364,0
458,128,1,0,154,0.006493506493506494,0.0,1.0,154,3900,2500,1400,0.6410256410256411,53,25,28,203.42851756633752,0.3991914947797301,0.6895757523671495,0.13119264920451731,4317304.785156233,140952.58246527688,4458257.36762151,457,0,335.1233766233766,79,75,62,34.989858541802406,0.592667748917749,40.273437499999986,33244.99999999987,420.8227848101249,0
459,128,0,0,154,0.0,0.0,1.0,154,4050,2900,1150,0.7160493827160493,52,29,23,203.3493053737962,0.3989801728772317,0.6903581582811749,0.1313868309850376,4319469.44444442,140822.22222222094,4460291.666666641,458,1,336.1233766233766,79,75,63,34.92548783747661,0.593952922077922,40.208333333333314,33253.33333333314,420.9282700421916,0
460,128,0,0,154,0.0,0.0,1.0,154,4250,3400,850,0.8,51,34,17,201.26098038874935,0.3989554154995332,0.6874737335895185,0.13045171307429757,4323147.936459522,138966.19841148716,4462114.134871009,459,2,337.1233766233766,80,74,67,34.86691819231401,0.5951704545454546,40.09773662551438,33267.48971193393,415.84362139917414,0
461,128,1,0,155,0.0064516129032258064,0.0,1.0,155,3650,2000,1650,0.547945205479452,53,20,33,202.7248527264507,0.39937334171205136,0.6938804067437663,0.13195486359819256,4328006.653199135,140828.90227377796,4468835.555472913,460,0,335.94193548387096,81,74,65,34.67990287072769,0.5963037634408602,39.95172764227641,33286.178861788474,410.94047977516635,0
462,128,0,0,155,0.0,0.0,1.0,155,4600,3200,1400,0.6956521739130435,60,32,28,204.19495969141533,0.39934366708560254,0.693227523395328,0.1333027918240512,4331390.055935611,141289.6035759134,4472679.659511524,461,1,336.94193548387096,81,74,62,34.537971824796124,0.5973790322580645,39.850101626016254,33299.18699186984,411.1010739737018,0
463,128,0,0,155,0.0,0.0,1.0,155,3950,2500,1450,0.6329113924050633,54,25,29,204.99826708035388,0.3994065074710236,0.6937976270859443,0.13408309367962334,4333586.917952941,142725.56168448905,4476312.47963743,462,2,337.94193548387096,82,73,53,34.44975643869967,0.598252688172043,39.78413654618474,33307.63052208839,406.19061612302914,0
464,128,1,0,156,0.00641025641025641,0.0,1.0,156,4150,2800,1350,0.6746987951807228,55,28,27,204.3073553531051,0.40059708436724567,0.6939085419596143,0.1343653665566352,4339874.040397211,141983.63755182977,4481857.677949041,463,0,336.7692307692308,85,71,57,34.27518915608478,0.5996928418803419,39.59544573643411,33331.78294573643,392.1386228910168,0
465,128,1,0,157,0.006369426751592357,0.0,1.0,157,5100,4200,900,0.8235294117647058,60,42,18,201.9263892859929,0.40171790788829004,0.690033384018039,0.13364598972142078,4347139.19795421,139060.42439329883,4486199.6223475095,464,0,335.61783439490443,80,77,61,34.114917431494455,0.6013136942675159,39.37757201646088,33359.67078189276,416.9958847736595,0
466,128,4,0,161,0.024844720496894408,0.0,1.0,161,3850,2900,950,0.7532467532467533,48,29,19,199.4739689499535,0.4051242236024845,0.692918169226431,0.13298472837574773,4355405.315263323,137707.99692425822,4493113.31218758,465,0,328.2546583850932,84,77,65,33.926222577159756,0.6031961697722568,39.12990196078429,33391.37254901932,397.5163398692776,0
467,128,0,0,161,0.0,0.0,1.0,161,4450,3200,1250,0.7191011235955056,57,32,25,198.11561863910748,0.404786167184265,0.6934085511886976,0.13262483585132356,4360083.913601922,136110.14437233214,4496194.057974254,466,1,329.2546583850932,85,76,65,33.81880636379103,0.6043607660455487,38.98982558139533,33409.3023255812,393.05061559507294,0
468,128,0,0,161,0.0,0.0,1.0,161,4200,3000,1200,0.7142857142857143,54,30,24,197.68916327389104,0.40432518115942034,0.6955645991828476,0.13290851416739502,4364941.268929142,136180.31743885533,4501121.586367997,467,2,330.2546583850932,85,76,63,33.68171505650634,0.6056547619047619,38.84447674418604,33427.90697674412,393.26949384404844,0
469,128,0,0,161,0.0,0.0,1.0,161,5100,3900,1200,0.7647058823529411,63,39,24,198.60608440481943,0.40388037008281574,0.6996812342884793,0.13395663666704083,4368586.060032461,136225.55435370537,4504811.614386166,468,3,331.2546583850932,85,76,55,33.546592489568894,0.6068193581780539,38.73546511627908,33441.86046511637,393.4336525307808,0
470,128,0,1,160,0.0,0.006211180124223602,0.9937888198757764,161,3600,2200,1400,0.6111111111111112,50,22,28,197.3504631400262,0.40387713509316775,0.6986574643281824,0.13349746699360537,4371864.4122223845,136757.89330749784,4508622.305529882,469,4,332.2546583850932,86,75,58,33.479450119871174,0.6076604554865425,38.63745210727971,33454.40613026832,389.0047224449805,0
471,128,0,0,160,0.0,0.0,1.0,160,4200,3000,1200,0.7142857142857143,54,30,24,201.98352178726634,0.40285885089098533,0.7038436991527799,0.13714104033578878,4376051.5026780525,140578.05880667488,4516629.561484727,470,5,335.30625,70,90,59,33.23070377227928,0.6089192708333333,38.51232394366198,33470.42253521136,478.1488933601622,0
472,128,0,0,160,0.0,0.0,1.0,160,4850,4000,850,0.8247422680412371,57,40,17,200.9587067276761,0.4025255503144654,0.7031725239174913,0.13697460587096005,4380397.068437075,139205.7859653638,4519602.854402439,471,6,336.30625,71,89,60,33.125092167597565,0.61015625,38.38252314814815,33487.037037037066,471.648408972353,0
473,128,0,1,159,0.0,0.00625,0.99375,160,3950,2700,1250,0.6835443037974683,52,27,25,198.83576540199408,0.40246085560796646,0.7010128143903198,0.13606604338293402,4384836.000000028,138422.4444444459,4523258.444444474,472,7,337.30625,74,86,61,33.04547384060279,0.6113932291666666,38.25000000000002,33504.00000000021,452.7567567567596,0
474,128,0,1,158,0.0,0.006289308176100629,0.9937106918238994,159,4600,3300,1300,0.717391304347826,59,33,26,201.37159388770755,0.40156370246530265,0.7022632771041102,0.13843471184617212,4389956.160493826,140402.49382716042,4530358.654320986,473,8,340.1320754716981,74,85,62,32.82324424174932,0.612814465408805,38.09722222222222,33523.55555555555,453.0210210210209,0
475,128,0,0,158,0.0,0.0,1.0,158,3950,2600,1350,0.6582278481012658,53,26,27,209.36219225715388,0.40024758794915205,0.7225263388262664,0.13479452312693221,4315372.294408078,145145.16079261198,4460517.45520069,474,9,343.1645569620253,70,88,59,34.895097651468085,0.5957278481012658,40.331572769953056,33237.55868544603,474.82226693494323,8
476,128,1,0,159,0.006289308176100629,0.0,1.0,159,4050,2800,1250,0.691358024691358,53,28,25,207.7733763616436,0.4009931534113526,0.7226149538302264,0.1345134903711541,4321779.012345681,143740.1234567904,4465519.135802471,475,0,342.0,74,85,60,34.73966684482454,0.5971567085953878,40.13888888888889,33262.22222222224,449.48948948948976,0
477,128,0,0,159,0.0,0.0,1.0,159,2750,1800,950,0.6545454545454545,37,18,19,207.64000990086308,0.40096661624605257,0.723008329737715,0.13475001474703724,4324551.308641977,145039.97530864205,4469591.2839506185,476,1,343.0,74,85,59,34.65806885374369,0.597680817610063,40.05555555555556,33272.8888888889,449.63363363363374,0
478,128,1,0,160,0.00625,0.0,1.0,160,4300,3100,1200,0.7209302325581395,55,31,24,208.90987014854278,0.40182783018867924,0.725859272026768,0.13618493385823316,4329735.663800293,144604.90306040575,4474340.566860698,477,0,341.85,78,82,58,34.46603889959106,0.5990885416666667,39.899789029535846,33292.827004219216,426.8311154387079,0
479,128,2,1,161,0.012345679012345678,0.006172839506172839,0.9938271604938271,162,4250,3000,1250,0.7058823529411765,55,30,25,205.6957470080858,0.4035941134371086,0.7258645695723727,0.13492201266810272,4336849.099900058,141764.28305305628,4478613.382953114,478,0,338.61728395061726,80,82,51,34.33167012482297,0.6005658436213992,39.68621399176953,33320.1646090533,416.5020576131663,0
480,128,1,0,162,0.006172839506172839,0.0,1.0,162,5350,3900,1450,0.7289719626168224,68,39,29,218.6558529500133,0.4035893208598523,0.7439269815597338,0.13168223457631067,4236327.72148209,147509.5702632895,4383837.29174538,479,0,339.6111111111111,83,79,51,37.095172394402404,0.5658436213991769,42.72073412698411,32931.74603174586,396.7680244788658,8
481,128,2,0,164,0.012195121951219513,0.0,1.0,164,4300,2900,1400,0.6744186046511628,57,29,28,214.9734030861215,0.40628740834954363,0.7419973365557726,0.13043478260869568,4245316.840277773,145426.04166666654,4390742.88194444,480,0,336.4573170731707,67,97,55,36.91123188405799,0.5679623983739837,42.447916666666664,32966.666666666635,492.0398009950244,0
482,128,1,1,164,0.006060606060606061,0.006060606060606061,0.9939393939393939,165,5350,3900,1450,0.7289719626168224,68,39,29,212.71247913210902,0.40731861295885685,0.7389740359717258,0.12972465276648337,4251451.247165532,142517.34693877533,4393968.594104307,481,0,335.41212121212124,69,96,60,36.77949384141645,0.5695075757575758,42.26190476190476,32990.47619047618,478.12284334023457,0
483,128,1,0,165,0.006060606060606061,0.0,1.0,165,4900,3400,1500,0.6938775510204082,64,34,30,209.37469646840466,0.4077512934220251,0.7351586555303578,0.12853260229040048,4259323.213131511,140458.9009820484,4399782.114113559,482,0,336.1393939393939,72,93,62,36.622024632630875,0.5713383838383839,42.023401826484026,33021.00456621011,458.6250634195849,0
484,128,0,0,165,0.0,0.0,1.0,165,4300,3300,1000,0.7674418604651163,53,33,20,208.23396618000083,0.40822092880019706,0.7344843658577691,0.12819884271135487,4262736.841571317,140229.31986040174,4402966.161431719,483,1,337.1393939393939,73,92,62,36.545943783862384,0.5727272727272728,41.92004504504506,33034.23423423436,452.52375663334743,0
485,128,0,0,165,0.0,0.0,1.0,165,4500,3000,1500,0.6666666666666666,60,30,30,213.28521484996574,0.4082640428677014,0.7406023775051422,0.13183899550052347,4267533.217143628,144540.34781956964,4412073.564963197,484,2,338.1393939393939,76,89,51,36.267332006146965,0.5742424242424242,41.77489177489179,33052.81385281402,434.9054454317634,0
486,128,0,1,164,0.0,0.006060606060606061,0.9939393939393939,165,4100,3000,1100,0.7317073170731707,52,30,22,233.96852756232323,0.4084642153239714,0.7559685841465513,0.1380414312617702,4211417.769376165,159967.84289014828,4371385.612266313,485,3,339.1393939393939,68,97,52,37.47645951035783,0.5591540404040405,43.478260869565204,32834.782608695525,482.8644501278754,8
487,128,4,0,168,0.023809523809523808,0.0,1.0,168,5000,3600,1400,0.72,64,36,28,227.3037611727239,0.41159867764471053,0.7523580055573955,0.1353840595090236,4222936.039429539,153377.84899083572,4376313.888420375,486,0,334.0297619047619,76,92,56,37.2889017625167,0.5615699404761905,43.12770562770562,32879.653679653624,432.6270221007056,0
488,128,0,0,168,0.0,0.0,1.0,168,4550,3200,1350,0.7032967032967034,59,32,27,228.21586157640743,0.41170412151886704,0.7528586088103806,0.13635582900441967,4226754.303975493,154772.4750307105,4381526.779006204,487,1,335.0297619047619,78,90,56,37.14672054044812,0.562562003968254,43.01160337552742,32894.514767932415,421.72454830682585,0
489,128,4,1,171,0.023255813953488372,0.005813953488372093,0.9941860465116279,172,4750,3100,1650,0.6526315789473685,64,31,33,228.5254132956174,0.41599092207262345,0.7607487167008486,0.137732884229521,4237263.905325454,154514.49704142063,4391778.402366875,488,0,328.2151162790698,64,108,53,36.81217301943199,0.564922480620155,42.6923076923077,32935.38461538469,514.6153846153858,0
490,128,1,1,171,0.005813953488372093,0.005813953488372093,0.9941860465116279,172,4650,3600,1050,0.7741935483870968,57,36,21,225.73897944579176,0.4157430073892742,0.7575421270402969,0.13685171234991744,4244306.892180897,152571.10125913142,4396877.993440028,489,0,329.2093023255814,67,105,56,36.665291079253656,0.5664970930232558,42.47855392156863,32962.74509803925,491.98127011998884,0
491,128,0,0,171,0.0,0.0,1.0,171,3750,2300,1450,0.6133333333333333,52,23,29,223.81024980212115,0.41482484806788217,0.7546526819317816,0.1360251886853011,4247337.096909855,152169.51533064275,4399506.612240497,490,1,332.1169590643275,67,104,57,36.620991159739155,0.5673123781676414,42.386642156862756,32974.50980392167,492.15686274509955,0
492,128,1,1,171,0.005813953488372093,0.005813953488372093,0.9941860465116279,172,4550,3100,1450,0.6813186813186813,60,31,29,190.71806188054177,0.41556096717892926,0.7201283658581474,0.11569426908400104,4245071.55612247,122972.36394557936,4368043.920068049,491,0,331.18023255813955,69,103,61,37.54351562951408,0.567890019379845,42.45535714285716,32965.71428571445,477.76397515528186,8
493,128,1,0,172,0.005813953488372093,0.0,1.0,172,4950,3600,1350,0.7272727272727273,63,36,27,187.6026149995447,0.41616587900630125,0.7147236400852204,0.11453333017799221,4252729.105419006,120214.62021225673,4372943.725631263,492,0,329.3313953488372,72,100,65,37.3872128425131,0.5697068798449613,42.22317351598175,32995.43378995449,458.26991374936796,0
494,128,2,0,174,0.011494252873563218,0.0,1.0,174,4600,2700,1900,0.5869565217391305,65,27,38,183.26505774974572,0.41766604655283146,0.7103632802966715,0.11220191075293562,4256110.060997881,116599.2512236101,4372709.312221491,493,0,326.5344827586207,77,97,65,37.39470050060419,0.5711206896551724,42.120726495726494,33008.54700854701,428.6824286824287,0
495,128,3,0,177,0.01694915254237288,0.0,1.0,177,4250,2700,1550,0.6352941176470588,58,27,31,184.34965580867828,0.41962929078924843,0.717087657082552,0.11373265650710258,4265232.376561572,117608.82411263135,4382841.200674203,494,0,321.9830508474576,81,96,57,37.08542466292687,0.5733874764595104,41.84451219512195,33043.9024390244,407.94941282746174,0
496,128,1,0,178,0.0056179775280898875,0.0,1.0,178,5300,3500,1800,0.660377358490566,71,35,36,184.12104588160463,0.419770572800948,0.7184322795393105,0.11392687778732644,4268735.962478517,116292.82600079192,4385028.788479309,495,0,321.1685393258427,86,92,59,36.983368103847916,0.5750234082397003,41.738505747126425,33057.4712643677,384.3892007484616,0
497,128,1,1,178,0.00558659217877095,0.00558659217877095,0.994413407821229,179,4950,3600,1350,0.7272727272727273,63,36,27,204.06061832852538,0.4203622915489716,0.7465081100418318,0.1270731557587232,4276302.946665026,133775.00469131317,4410077.951356339,496,0,320.36871508379886,72,107,55,36.23493421657927,0.5779213221601489,41.509703196347054,33086.757990867794,459.53830542871935,7
498,128,1,0,179,0.00558659217877095,0.0,1.0,179,4750,3300,1450,0.6947368421052632,62,33,29,199.0976838243389,0.42064606741573035,0.7387256516059577,0.12461364361391873,4282301.692715695,129969.2696913498,4412270.962407045,497,0,321.3463687150838,76,103,59,36.17837281871592,0.5795507448789572,41.32846320346324,33109.956709957034,435.6573251310136,0
499,128,0,1,178,0.0,0.00558659217877095,0.994413407821229,179,4550,3100,1450,0.6813186813186813,60,31,29,197.90546278920476,0.4208160713912079,0.7357046913768577,0.12429729658124042,4286384.938756301,129309.79899945049,4415694.737755751,498,1,322.3463687150838,78,101,62,36.08347769229462,0.5808310055865922,41.205168776371345,33125.738396624845,424.6889538028826,0
500,128,0,0,178,0.0,0.0,1.0,178,4200,2800,1400,0.6666666666666666,56,28,28,193.5233103074217,0.4199755602107535,0.727568056855628,0.12196636087464158,4290455.458060721,126260.62859409295,4416716.086654814,499,2,325.14044943820227,81,97,65,36.07165636345796,0.5819288389513109,41.08231707317076,33141.46341463448,409.1538693164751,0
501,128,2,1,179,0.011111111111111112,0.005555555555555556,0.9944444444444445,180,5600,4200,1400,0.75,70,42,28,192.9754066509801,0.4216596834264432,0.7300040409840838,0.12238564712551063,4297806.1322909305,124274.17721718576,4422080.309508116,500,0,322.51666666666665,83,97,64,35.859862260930605,0.5835648148148148,40.86061507936512,33169.84126984167,399.63664180532135,0
502,128,1,1,179,0.005555555555555556,0.005555555555555556,0.9944444444444445,180,4100,2700,1400,0.6585365853658537,55,27,28,190.70449426664257,0.4216448117111525,0.7265265010957629,0.121178796488952,4300061.664171163,123908.21699623002,4423969.881167393,501,0,323.47777777777776,86,94,58,35.84942337598355,0.5843171296296297,40.79262452107284,33178.544061303124,385.797023968641,0
503,128,1,0,180,0.005555555555555556,0.0,1.0,180,4950,3600,1350,0.7272727272727273,63,36,27,193.49565516297508,0.42147217049451685,0.7291486161251488,0.12349837898650796,4305236.431988135,125658.90880781191,4430895.340795947,502,0,324.47222222222223,88,92,59,35.61813703369435,0.5856481481481481,40.63670411985021,33198.50187265941,377.2557030984024,0
504,128,1,0,181,0.0055248618784530384,0.0,1.0,181,4650,3600,1050,0.7741935483870968,57,36,21,191.4561847108626,0.42138581952117865,0.7281662200495023,0.12279734302544164,4310947.156475975,124221.49901380544,4435168.655489781,503,0,323.6740331491713,77,104,62,35.4957805907173,0.586901473296501,40.46474358974357,33220.51282051261,431.4352314352287,0
505,128,0,0,181,0.0,0.0,1.0,181,5200,3700,1500,0.7115384615384616,67,37,30,191.4825154108323,0.4213218743605484,0.7298363280620788,0.12342593560472044,4316716.5356307505,123915.14811161997,4440631.68374237,504,1,324.6740331491713,77,104,64,35.318161755883494,0.5882826887661141,40.29113247863244,33242.73504273467,431.72383172382683,0
506,128,3,1,183,0.016304347826086956,0.005434782608695652,0.9945652173913043,184,5150,4100,1050,0.7961165048543689,62,41,21,185.7310770651602,0.4230289013621604,0.7262246954003087,0.12064657451880743,4325648.2254318185,118731.46078288897,4444379.686214708,505,0,320.3641304347826,82,102,67,35.19400193096786,0.5900701992753623,40.02259036144576,33277.108433734706,405.81839553335004,0
507,128,1,0,184,0.005434782608695652,0.0,1.0,184,4700,3300,1400,0.7021276595744681,61,33,28,186.45756595787347,0.4225364051239408,0.7271943975008981,0.12158408102782864,4330071.366781958,119974.91349480742,4450046.280276766,506,0,321.26630434782606,84,100,67,35.039752650176645,0.5914288949275363,39.88970588235291,33294.11764705845,396.35854341736245,0
508,128,1,0,185,0.005405405405405406,0.0,1.0,185,4750,3400,1350,0.7157894736842105,61,34,27,184.7666065541323,0.4228664806110458,0.725740789802644,0.12067308667913176,4331900.597833237,118328.11467829163,4450228.712511528,507,0,320.5243243243243,86,99,67,35.02778544801876,0.5923986486486487,39.83477011494251,33301.14942528712,387.2226677358967,0
509,128,0,0,185,0.0,0.0,1.0,185,5850,4200,1650,0.717948717948718,75,42,33,184.53903242214537,0.42263268703486095,0.7260986101096527,0.1209854814492582,4336287.635237256,117192.86490215751,4453480.500139413,508,1,321.5243243243243,86,99,59,34.89957068383931,0.59375,39.70306513409959,33318.00766283492,387.4186937538944,0
510,128,1,0,186,0.005376344086021506,0.0,1.0,186,4950,3600,1350,0.7272727272727273,63,36,27,186.21435730745918,0.42320001453065964,0.7313542266954374,0.1227994405586445,4342983.827139654,119595.18843349935,4462579.015573153,509,0,320.7903225806452,76,110,63,34.651320800443166,0.5952620967741935,39.50216450216449,33343.72294372281,438.7331966279317,0
511,128,0,0,186,0.0,0.0,1.0,186,5300,3700,1600,0.6981132075471698,69,37,32,191.47933132250694,0.4228161629371307,0.7377278374405187,0.12677116141784958,4347495.783437341,123991.11710800014,4471486.900545342,510,1,321.7903225806452,76,110,63,34.37629762275509,0.5964941756272402,39.366883116883116,33361.03896103896,438.961038961039,0
512,128,1,0,187,0.0053475935828877,0.0,1.0,187,4650,3200,1450,0.6881720430107527,61,32,29,191.38867857128355,0.4233224081421425,0.7393108272889182,0.12752584129928268,4354794.114636188,124641.65821004461,4479435.772846233,511,0,321.06417112299465,78,109,67,34.155798749768316,0.598150623885918,39.14820675105485,33389.02953586498,428.0644812290382,0
513,128,1,1,187,0.005319148936170213,0.005319148936170213,0.9946808510638298,188,4550,3300,1250,0.7252747252747253,58,33,25,189.78994525626464,0.42402612640801,0.7391971540615763,0.12687692070800757,4358526.085069457,123290.88541666736,4481816.970486124,512,0,320.3510638297872,79,109,69,34.08363270465358,0.5990137411347518,39.03645833333334,33403.33333333344,422.8270042194106,0
514,128,0,0,187,0.0,0.0,1.0,187,5050,3700,1350,0.7326732673267327,64,37,27,193.03929074253327,0.4237536656891496,0.7407947891631481,0.12954564451035064,4362876.562500002,125991.31944444448,4488867.881944446,513,1,323.01604278074865,79,108,67,33.86611476826915,0.6000445632798574,38.90625,33420.000000000015,423.03797468354446,0
515,128,0,0,187,0.0,0.0,1.0,187,4700,3200,1500,0.6808510638297872,62,32,30,207.40891537265637,0.42344819159335284,0.7637712331151427,0.1286476538155955,4271610.320544251,135094.01269574615,4406704.333239998,514,2,324.01604278074865,68,119,53,36.29319328385826,0.5723596256684492,41.65157004830919,33068.599033816536,486.30292696789024,8
516,128,1,0,188,0.005319148936170213,0.0,1.0,188,5450,3600,1850,0.6605504587155964,73,36,37,205.50217813218885,0.4242430168392308,0.7624642103999861,0.12815487591057634,4278002.777777788,132777.77777777842,4410780.555555566,515,0,323.28723404255317,69,119,58,36.14524576954068,0.5737477836879432,41.45833333333334,33093.333333333416,479.6135265700495,0
517,128,3,0,191,0.015706806282722512,0.0,1.0,191,5150,3800,1350,0.7378640776699029,65,38,27,203.43388297592364,0.42647997611830624,0.7643136304739424,0.1279830884038409,4288350.694444455,131129.16666666727,4419479.861111122,516,0,319.1937172774869,73,118,61,35.87986250838366,0.575534467713787,41.14583333333334,33133.33333333342,453.881278538814,0
518,128,1,0,192,0.005208333333333333,0.0,1.0,192,5000,3900,1100,0.78,61,39,22,201.4499517916989,0.42687029613874344,0.7605076129749366,0.12727826963796543,4293376.339706962,129580.09133151785,4422956.43103848,517,0,318.5260416666667,78,114,60,35.776527685859264,0.5768771701388888,40.99419831223629,33152.7426160338,425.03516174402307,0
519,128,2,1,193,0.010309278350515464,0.005154639175257732,0.9948453608247423,194,5000,3900,1100,0.78,61,39,22,198.05789927371754,0.42773656588857434,0.7589838102749495,0.12578572326709112,4299451.61918934,126508.07114512476,4425959.690334464,518,0,316.2319587628866,83,111,54,35.67756925505958,0.5785545532646048,40.811011904761905,33176.19047619046,399.7131382673549,0
520,128,1,1,193,0.005154639175257732,0.005154639175257732,0.9948453608247423,194,6200,4600,1600,0.7419354838709677,78,46,32,185.17156469956814,0.42738546730053595,0.7447511134249112,0.11948199940829038,4317919.948926557,114911.19863804057,4432831.147564597,519,0,317.22680412371136,75,119,65,35.445194185003444,0.5861254295532646,40.25493421052629,33247.36842105235,443.2982456140313,8
521,128,1,2,192,0.005154639175257732,0.010309278350515464,0.9896907216494846,194,4450,3000,1450,0.6741573033707865,59,30,29,211.26747806807145,0.42725137100938343,0.7737994477667869,0.12972870760708755,4259637.34567898,136734.56790123304,4396371.913580214,520,0,318.2113402061856,83,111,56,36.56348138178552,0.5688896048109966,42.013888888888864,33022.22222222197,397.8580990629153,8
522,128,1,1,192,0.0051813471502590676,0.0051813471502590676,0.9948186528497409,193,5650,4000,1650,0.7079646017699115,73,40,33,207.6380112508766,0.4266627986470927,0.7688134355927543,0.12812250571209483,4265439.79238749,132883.4871203359,4398323.279507826,521,0,320.8238341968912,84,109,51,36.47781575366306,0.5703799654576857,41.83823529411761,33044.70588235253,393.389355742292,0
523,128,0,0,192,0.0,0.0,1.0,192,5050,3800,1250,0.7524752475247525,63,38,25,208.17423841019985,0.4260573462041885,0.7684902714040731,0.12893892751143252,4269923.454221119,134327.6126304642,4404251.066851583,522,2,323.4947916666667,86,106,54,36.32549946692624,0.5715060763888888,41.70258620689652,33062.06896551688,384.4426623897312,0
524,128,1,0,193,0.0051813471502590676,0.0,1.0,193,5350,3500,1850,0.6542056074766355,72,35,37,208.5548917632366,0.42687756368739205,0.7709723365363512,0.12962194296110294,4274022.405166534,134323.65602063143,4408346.061187165,523,0,322.8134715025907,70,123,55,36.18913458990954,0.5729706390328152,41.57863849765259,33077.934272300554,472.5419181757222,0
525,128,3,0,196,0.015306122448979591,0.0,1.0,196,5000,3800,1200,0.76,62,38,24,203.60689814937732,0.42790805424733996,0.7690258126446441,0.1274185104547724,4282140.444444474,130174.66666666821,4412315.111111142,524,0,318.85714285714283,74,122,59,36.06670156786942,0.5747767857142857,41.33333333333336,33109.33333333357,447.4234234234266,0
526,128,2,0,198,0.010101010101010102,0.0,1.0,198,5300,3500,1800,0.660377358490566,71,35,36,207.5981674569774,0.4286466611974226,0.7740780381692804,0.1309776738969514,4291718.564098765,133290.58182959942,4425009.145928364,525,0,316.62626262626264,81,117,59,35.66833251573867,0.5767045454545454,41.04420731707318,33146.34146341475,409.21409214092284,0
527,128,0,0,198,0.0,0.0,1.0,198,5750,3900,1850,0.6782608695652174,76,39,37,205.57379170577076,0.42844263275735356,0.7720817249037857,0.13001001922318614,4294516.103316316,131217.99178004498,4425734.095096361,526,1,317.62626262626264,83,115,60,35.634634257264615,0.5779671717171717,40.95982142857142,33157.14285714278,399.48364888123837,0
528,128,2,1,199,0.01,0.005,0.995,200,6100,4400,1700,0.7213114754098361,78,44,34,208.42753097595775,0.4296074120603015,0.7787509813882598,0.1326206678878171,4301650.821699624,133216.4919775105,4434867.313677134,527,0,315.44,86,114,51,35.34113825643865,0.5797916666666667,40.74473180076628,33184.67432950192,385.86830615699904,0
529,128,0,2,197,0.0,0.010050251256281407,0.9899497487437185,199,5400,3200,2200,0.5925925925925926,76,32,44,209.1142740695029,0.4289323300001692,0.7780369615196217,0.13373171050693017,4307546.510630996,134953.89231824395,4442500.40294924,528,1,318.0251256281407,71,128,54,35.14201799390289,0.5812918760469012,40.567129629629626,33207.407407407365,467.7099634846108,0
530,128,1,1,197,0.005050505050505051,0.005050505050505051,0.9949494949494949,198,4900,2900,2000,0.5918367346938775,69,29,40,204.9110450628345,0.42974264643046367,0.7716590966419388,0.1317007161362448,4313364.220240826,132271.19402123653,4445635.414262062,529,0,318.4848484848485,75,123,57,35.07234086549461,0.5830176767676767,40.391995614035075,33229.82456140337,443.0643274853783,0
531,128,0,0,197,0.0,0.0,1.0,197,5350,3700,1650,0.6915887850467289,70,37,33,206.46439387083134,0.4292858006146621,0.7734004794878333,0.13316883130878976,4317464.267851634,133530.5286241915,4450994.796475826,530,1,321.0761421319797,75,122,59,34.90611257695693,0.5840736040609137,40.268640350877185,33245.61403508762,443.2748538011683,0
532,128,2,1,198,0.010050251256281407,0.005025125628140704,0.9949748743718593,199,5650,4100,1550,0.7256637168141593,72,41,31,203.26888892101647,0.4301875539312725,0.7730128462337038,0.13245717984694572,4329296.687229604,130552.2654845196,4459848.952714124,531,0,318.8391959798995,78,121,56,34.626214617659485,0.5863170016750419,39.9129746835443,33291.13924050628,426.8094774423882,0
533,128,0,0,198,0.0,0.0,1.0,198,5700,4400,1300,0.7719298245614035,70,44,26,202.78015141996804,0.42993439043565945,0.7717459677085359,0.13248771884927057,4332332.956323282,130402.22657699054,4462735.182900272,532,1,321.22222222222223,82,116,60,34.54588940877588,0.5880155723905724,39.821787148594375,33302.811244979894,406.1318444509743,0
534,128,0,0,198,0.0,0.0,1.0,198,5850,4200,1650,0.717948717948718,75,42,33,203.04178551681423,0.4298889914372148,0.7720190557455706,0.1329632562140171,4334968.944636668,130585.96693579345,4465554.911572462,533,2,322.22222222222223,84,114,50,34.458335295317895,0.5890151515151515,39.74264705882352,33312.941176470515,396.58263305322043,0
535,128,0,0,198,0.0,0.0,1.0,198,5900,4400,1500,0.7457627118644068,74,44,30,203.25920064388114,0.42938265907809053,0.7727043096234685,0.13344724952123987,4337910.6763659455,130844.05130854057,4468754.727674486,534,3,323.22222222222223,87,111,53,34.36259131278228,0.5903829966329966,39.65435606060607,33324.242424242526,383.03726924416696,0
536,128,0,0,198,0.0,0.0,1.0,198,6150,4200,1950,0.6829268292682927,81,42,39,205.92357249094687,0.42914605018031415,0.775566866138004,0.13570776191552655,4342234.179726263,133083.67497630636,4475317.854702569,535,4,324.22222222222223,70,128,55,34.160846382035956,0.5916982323232323,39.52464788732396,33340.84507042268,476.297786720324,0
537,128,1,0,199,0.005025125628140704,0.0,1.0,199,6000,4300,1700,0.7166666666666667,77,43,34,225.69197128921644,0.4294885623403211,0.7946674378008967,0.14384755621705397,4303614.575821774,148458.25145724468,4452072.827279019,536,0,323.58793969849245,85,114,48,34.83304334625625,0.5810824958123952,40.68556201550388,33192.24806201557,390.49703602371255,8
538,128,1,1,199,0.005,0.005,0.995,200,5500,3700,1800,0.6727272727272727,73,37,36,225.28783233285512,0.4294168760469012,0.7958927727916862,0.14408892478811283,4307659.554017677,148592.6566705108,4456252.210688188,537,0,322.965,67,133,50,34.71894189891354,0.5825,40.56372549019607,33207.84313725484,495.6394498097737,0
539,128,0,0,199,0.0,0.0,1.0,199,6350,5000,1350,0.7874015748031497,77,50,27,222.8426054419406,0.42829572948919686,0.7932439497573855,0.14318560780606446,4313038.903061219,146075.76530612205,4459114.66836734,538,1,325.4824120603015,69,130,51,34.61683147033531,0.5841185092127303,40.40178571428571,33228.571428571384,481.57349896480264,0
540,128,1,0,200,0.005,0.0,1.0,200,5550,4100,1450,0.7387387387387387,70,41,29,218.5309323016282,0.42873481993299833,0.7901522375121912,0.1413330044997705,4320592.940913879,143286.64069474855,4463879.581608628,539,0,324.85,73,127,55,34.496559757286846,0.5858854166666667,40.174549549549546,33257.657657657604,455.5843514747617,0
541,128,2,0,202,0.009900990099009901,0.0,1.0,202,5400,3900,1500,0.7222222222222222,69,39,30,216.57537707130004,0.42919837692724494,0.7906821878524433,0.1406532281574574,4325409.5804988565,141555.44217687033,4466965.022675727,540,0,322.6237623762376,76,126,57,34.39944667048273,0.5872009075907592,40.0297619047619,33276.1904761904,437.8446115288211,0
542,128,0,1,201,0.0,0.0049504950495049506,0.995049504950495,202,5950,3800,2150,0.6386554621848739,81,38,43,215.74359628368234,0.4288797349884242,0.7894060397314224,0.1405650961434506,4329124.238236967,140446.1663832202,4469570.404620186,541,1,323.6237623762376,83,119,55,34.307055499928474,0.5889026402640264,39.918154761904766,33290.47619047623,401.0900745840509,0
543,128,0,0,201,0.0,0.0,1.0,201,5150,3100,2050,0.6019417475728155,72,31,41,218.69300373227566,0.42861214759535654,0.7917172953156044,0.14284493207668572,4332014.518770475,144126.25346434882,4476140.772234824,542,2,325.8557213930348,83,118,55,34.141642834445484,0.5899668325041459,39.83134920634921,33301.58730158733,401.2239433926184,0
544,128,2,0,203,0.009852216748768473,0.0,1.0,203,6500,4200,2300,0.6461538461538462,88,42,46,226.4530510247913,0.4292319010226146,0.7988361349305402,0.14144087446360692,4279847.968877447,146736.92609491173,4426584.894972359,543,0,323.6354679802956,70,133,53,35.54656473391579,0.5691194581280787,41.40258215962443,33100.46948356823,472.86384976526045,8
545,128,1,0,204,0.004901960784313725,0.0,1.0,204,5750,4100,1650,0.7130434782608696,74,41,33,224.85938995075654,0.42998909333848484,0.7978118783745372,0.14104816278729324,4284900.000000017,146150.00000000102,4431050.000000018,544,0,323.04411764705884,74,130,54,35.43176328502416,0.570874183006536,41.250000000000014,33120.00000000013,447.5675675675693,0
546,128,0,0,204,0.0,0.0,1.0,204,5350,4400,950,0.822429906542056,63,44,19,221.67076132456572,0.4299548842525516,0.7949592788560553,0.13937649281705342,4287678.372313135,143940.5858211065,4431618.958134241,545,1,324.04411764705884,76,128,56,35.42853534033693,0.5718954248366013,41.16612554112556,33130.73593073611,435.9307359307383,0
547,128,3,0,207,0.014492753623188406,0.0,1.0,207,5050,3500,1550,0.693069306930693,66,35,31,217.17253366420857,0.43163723558932504,0.7919667477783154,0.13711664428034173,4292560.738069285,139995.25827880306,4432555.996348088,546,0,320.3333333333333,81,126,60,35.39444049312473,0.5736211755233495,41.01880081300814,33149.59349593507,409.2542406905564,0
548,128,0,0,207,0.0,0.0,1.0,207,5300,3600,1700,0.6792452830188679,70,36,34,216.5328318836694,0.43134409736879137,0.7913868413577345,0.13690917751751697,4294245.333878665,139269.02058959712,4433514.354468263,547,1,321.3333333333333,81,126,59,35.35909428996452,0.574627616747182,40.967987804878064,33156.09756097578,409.3345377898245,0
549,128,2,0,209,0.009569377990430622,0.0,1.0,209,7000,5100,1900,0.7285714285714285,89,51,38,212.31508115783652,0.4318613130290762,0.7896501074598528,0.13503647705390556,4301150.672818174,133839.83083429575,4434990.503652469,548,0,319.2488038277512,84,125,52,35.25574359459205,0.5763058213716108,40.75980392156865,33182.74509803942,395.0326797385645,0
550,128,0,1,208,0.0,0.004784688995215311,0.9952153110047847,209,6250,4700,1550,0.752,78,47,31,215.2842148360831,0.43174917188075085,0.7907027048285746,0.13735594779708707,4304820.773991979,137301.9920677859,4442122.766059765,549,1,320.2488038277512,85,124,52,35.06581200572888,0.5774521531100478,40.64922480620157,33196.899224806446,390.5517555859582,0
551,128,0,1,207,0.0,0.004807692307692308,0.9951923076923077,208,5850,4300,1550,0.7350427350427351,74,43,31,215.99701089680337,0.43106071163136384,0.7902421555821701,0.1382936054831815,4308897.017794846,138691.77522116835,4447588.793016014,550,2,322.77403846153845,73,135,55,34.92191314490317,0.5786258012820513,40.526463963963984,33212.6126126128,454.96729606318905,0
552,128,2,1,208,0.009569377990430622,0.004784688995215311,0.9952153110047847,209,6000,4100,1900,0.6833333333333333,79,41,38,214.44223151277356,0.43165524168813646,0.7910559527011582,0.13804308786984384,4315186.223164832,137271.63261772925,4452457.855782561,551,0,322.20095693779905,75,134,57,34.76890340459225,0.5803429027113238,40.33717105263159,33236.84210526325,443.1578947368433,0
553,128,1,0,209,0.004784688995215311,0.0,1.0,209,5000,3100,1900,0.62,69,31,38,217.37290824172686,0.43161786130536134,0.7941656363243081,0.14078878240342443,4322276.08867882,141109.1447239588,4463385.233402779,552,0,323.0717703349282,78,131,59,34.474943765115796,0.5818381180223285,40.123945147679336,33264.13502109714,426.4632695012454,0
554,128,1,1,209,0.004761904761904762,0.004761904761904762,0.9952380952380953,210,5450,3900,1550,0.7155963302752294,70,39,31,213.9325347936823,0.432161369332422,0.7910273680977733,0.13904595711725373,4326315.447567612,137657.92600304176,4463973.373570654,553,0,322.5285714285714,81,129,58,34.44034909854887,0.5831845238095238,40.00254065040652,33279.67479674817,410.86018267590333,0
555,128,0,0,209,0.0,0.0,1.0,209,4900,3800,1100,0.7755102040816326,60,38,22,212.63416328617748,0.43182489111765426,0.789613193823721,0.13860822964929942,4329698.189321846,137428.35035362624,4467126.539675472,554,1,322.7799043062201,81,128,58,34.370319495319514,0.5841307814992025,39.90091463414635,33292.68292682937,411.0207768744367,0
556,128,1,2,208,0.004761904761904762,0.009523809523809525,0.9904761904761905,210,5450,3600,1850,0.6605504587155964,73,36,37,210.99679083364845,0.43186897167160326,0.7893039804313982,0.13811536657626197,4334492.669753102,135462.80864197615,4469955.478395077,555,0,322.23809523809524,83,127,47,34.265899488547944,0.5855654761904762,39.75694444444446,33311.11111111123,401.3386880856775,0
557,128,1,0,209,0.004784688995215311,0.0,1.0,209,5900,4600,1300,0.7796610169491526,72,46,26,211.13771076049474,0.4308530011655012,0.790331793091704,0.13860968873287918,4337827.143406402,135475.7785467137,4473302.921953116,556,0,324.76555023923447,84,125,52,34.160037343877484,0.5867224880382775,39.65686274509805,33323.92156862761,396.71335200747154,0
558,128,0,0,209,0.0,0.0,1.0,209,6200,4400,1800,0.7096774193548387,80,44,36,207.6897583192407,0.4305434149184149,0.787610979199395,0.13715749386033052,4344619.14062501,132466.57986111156,4477085.720486122,557,1,325.76555023923447,71,138,56,34.04183325004162,0.5882177033492824,39.45312500000001,33350.00000000008,469.7183098591561,0
559,128,1,0,210,0.004761904761904762,0.0,1.0,210,5050,3200,1850,0.6336633663366337,69,32,37,205.9894938101574,0.4306428951165793,0.7865361372975588,0.1365251770356658,4348727.8325623,132108.44898953068,4480836.281551831,558,0,325.20952380952383,73,137,57,33.960425891924984,0.5890873015873016,39.329954954954964,33365.765765765835,457.06528446254566,0
560,128,3,0,213,0.014084507042253521,0.0,1.0,213,5550,3800,1750,0.6846846846846847,73,38,35,190.69338526156494,0.4320503735199457,0.7709530371805924,0.12321865472304121,4319553.929952396,116592.0723445033,4436146.002296899,559,0,321.61502347417843,81,132,64,35.251688996463095,0.5776604068857589,40.20579268292682,33253.65853658526,410.53899427883033,8
561,128,0,1,212,0.0,0.004694835680751174,0.9953051643192489,213,5600,4000,1600,0.7142857142857143,72,40,32,191.7154223078698,0.43163975994330767,0.7723484176098172,0.12426399626208644,4323142.781971242,117562.62882856652,4440705.410799809,560,1,322.61502347417843,82,131,65,35.11516731855713,0.5788341158059468,40.09789156626505,33267.46987951794,405.7008521892432,0
562,128,2,0,214,0.009345794392523364,0.0,1.0,214,5800,4000,1800,0.6896551724137931,76,40,36,192.18331669672784,0.431716924078218,0.7763084332257761,0.12554005579912303,4332111.6878123395,117911.91849288547,4450023.606305225,561,0,322.08878504672896,84,130,66,34.82836787564764,0.5806561526479751,39.82843137254899,33301.960784313414,396.4519140989692,0
563,128,0,0,214,0.0,0.0,1.0,214,6300,4100,2200,0.6507936507936508,85,41,44,195.69536174579716,0.4315953483100054,0.7805923289020447,0.12839693911356953,4337157.240247428,120652.31101572407,4457809.551263153,562,1,323.08878504672896,88,126,55,34.58256526691246,0.5820190809968847,39.67696629213482,33321.34831460662,378.6516853932571,0
564,128,0,0,214,0.0,0.0,1.0,214,6800,4800,2000,0.7058823529411765,88,48,40,196.14484132582552,0.4315724957219955,0.7811152236090726,0.1290970123841384,4340760.044260115,120683.53802297665,4461443.582283092,563,2,324.08878504672896,71,143,58,34.46064339018204,0.5831873052959502,39.56886574074074,33335.185185185175,469.50965049556584,0
565,128,2,0,216,0.009259259259259259,0.0,1.0,216,6850,4700,2150,0.6861313868613139,90,47,43,193.4406931173367,0.4327828919035315,0.7793764047493594,0.12824755807556668,4349078.530864196,118207.75308641972,4467286.283950616,564,0,322.0787037037037,74,142,61,34.27682170955653,0.5850212191358024,39.31944444444444,33367.1111111111,450.9069069069068,0
566,128,0,0,216,0.0,0.0,1.0,216,6750,4800,1950,0.7111111111111111,87,48,39,191.8813667906165,0.4327227784955498,0.7774030557973104,0.1278750848693659,4354980.378862593,117177.9174884944,4472158.296351087,565,1,323.0787037037037,77,139,63,34.13726130138738,0.5863715277777778,39.142628205128204,33389.74358974361,433.63303363303385,0
567,128,0,0,216,0.0,0.0,1.0,216,6450,4700,1750,0.7286821705426356,82,47,35,191.4168667737,0.43290581036462816,0.7760757776515868,0.1280579462020728,4359353.569717088,117240.76029479744,4476594.330011886,566,2,324.0787037037037,81,135,62,34.01593047781291,0.5877218364197531,39.01168699186991,33406.50406504056,412.4259761116118,0
568,128,1,0,217,0.004608294930875576,0.0,1.0,217,6650,4400,2250,0.6616541353383458,89,44,45,188.8865921072945,0.43314416567104735,0.7746954397780565,0.12689953378750848,4364131.521918739,114815.18613664957,4478946.708055389,567,0,323.5806451612903,85,132,59,33.93628144471758,0.5896217357910907,38.868701550387584,33424.806201550266,393.23301413588547,0
569,128,0,0,217,0.0,0.0,1.0,217,5350,3200,2150,0.5981308411214953,75,32,43,188.17116047849635,0.4332188371166866,0.7742134026232093,0.12679179676713476,4367459.410460789,115615.98112182679,4483075.391582616,568,1,324.5806451612903,86,131,62,33.8535460017722,0.59034178187404,38.7691570881226,33437.547892720235,388.80869642697945,0
570,128,0,1,216,0.0,0.004608294930875576,0.9953917050691244,217,6450,4800,1650,0.7441860465116279,81,48,33,192.59989821865148,0.43294237497866533,0.780473052046244,0.1302423630251025,4371504.829904147,118540.27706037615,4490045.106964524,569,2,325.5806451612903,87,130,56,33.6145677642405,0.5913978494623655,38.64820075757575,33453.030303030246,384.5175896900028,0
571,128,0,0,216,0.0,0.0,1.0,216,6450,4300,2150,0.6666666666666666,86,43,43,195.2740354320238,0.43266042204995697,0.7833300086441919,0.13264346065321647,4376542.573122623,121275.02589874194,4497817.599021365,570,3,326.7175925925926,70,146,58,33.39119071663676,0.5935570987654322,38.49765258215963,33472.30046948362,478.17572099262316,0
572,128,0,0,216,0.0,0.0,1.0,216,6350,4200,2150,0.6614173228346457,85,42,43,192.4019108784152,0.43235222868217055,0.7808445886580266,0.13130159433485294,4381757.6911448855,119061.71055649375,4500819.40170138,571,4,327.7175925925926,72,144,60,33.30754303684716,0.5951485339506173,38.34189497716895,33492.23744292236,465.1699644850327,0
573,128,0,2,214,0.0,0.009259259259259259,0.9907407407407407,216,6400,4600,1800,0.71875,82,46,36,193.09306969852696,0.4319803330462246,0.7805742554059572,0.13256893944848444,4388487.836949376,119877.3175542407,4508365.154503617,572,5,328.7175925925926,77,139,61,33.08471032231742,0.5967399691358024,38.14102564102564,33517.948717948726,435.2980352980354,0
574,128,0,0,214,0.0,0.0,1.0,214,5400,3700,1700,0.6851851851851852,71,37,34,193.60997744664093,0.4311780600529449,0.7800418002317635,0.1335908844381821,4394065.053677291,121946.96718830649,4516012.020865597,573,6,332.38317757009344,78,136,59,32.901611983360176,0.5982281931464175,37.974683544303794,33539.24050632908,429.99026290165483,0
575,128,0,0,214,0.0,0.0,1.0,214,6850,5100,1750,0.7445255474452555,86,51,35,194.77033781759397,0.4311940568645518,0.7814219159195537,0.13477166836110852,4397204.417013707,121638.99795095614,4518843.414964663,574,7,333.38317757009344,81,133,62,32.77579884333302,0.599445093457944,37.881097560975626,33551.219512195305,414.2125865703124,0
576,128,1,0,215,0.004651162790697674,0.0,1.0,215,6850,4900,1950,0.7153284671532847,88,49,39,175.29083138583215,0.43149496486271105,0.7607376582773964,0.11623913606489202,4349319.772836277,102629.17578866238,4451948.94862494,575,0,332.8279069767442,72,143,65,34.7425967485905,0.5873546511627907,39.31221461187216,33368.036529680474,463.44495180111767,8
577,128,0,0,215,0.0,0.0,1.0,215,5900,4100,1800,0.6949152542372882,77,41,36,175.2746218148713,0.4312087951894516,0.7613679540877867,0.11663029229056245,4353250.419753111,103702.86419753218,4456953.283950644,576,1,333.8279069767442,74,141,65,34.62318493272271,0.5885658914728682,39.194444444444464,33383.1111111113,451.12312312312565,0
578,128,0,0,215,0.0,0.0,1.0,215,6200,4300,1900,0.6935483870967742,81,43,38,174.52517404111572,0.43119521118597404,0.7600613009528905,0.11651498461287513,4356995.673770257,102881.08565222948,4459876.759422487,577,2,334.8279069767442,78,137,65,34.52860740516137,0.5897771317829457,39.08227848101268,33397.468354430595,428.1726712106487,0
579,128,0,0,215,0.0,0.0,1.0,215,6500,4300,2200,0.6615384615384615,87,43,44,176.3745250340479,0.4310412591465624,0.7618720640259806,0.1182712116030994,4362006.293402793,104369.35763888969,4466375.651041683,578,3,335.8279069767442,79,136,64,34.32772236076476,0.5909883720930232,38.93229166666668,33416.66666666679,422.9957805907188,0
580,128,1,0,216,0.004629629629629629,0.0,1.0,216,6350,4500,1850,0.7086614173228346,82,45,37,176.7254776558718,0.43167393410852717,0.762073603928328,0.11894116353788518,4366146.153496611,104771.85289840777,4470918.006395019,579,0,335.26851851851853,81,135,65,34.19251455020024,0.5920621141975309,38.808434959349604,33432.52032520337,412.74716450868357,0
581,128,0,1,215,0.0,0.004629629629629629,0.9953703703703703,216,6200,4400,1800,0.7096774193548387,80,44,36,178.76601059622982,0.4317228323284525,0.7647951596779745,0.12077436316141195,4370450.516927172,106857.6006838611,4477308.117611034,580,1,336.26851851851853,82,134,57,34.00820046105079,0.5933641975308642,38.679718875502026,33448.99598393594,407.91458516995056,0
582,128,0,0,215,0.0,0.0,1.0,215,5800,4100,1700,0.7068965517241379,75,41,34,182.56018699873704,0.4308873071071506,0.7686683589212353,0.12370785284861432,4373824.493339021,110897.24348072636,4484721.736819747,581,6,338.8279069767442,83,132,57,33.80635999241017,0.5944767441860466,38.57886904761906,33461.9047619049,403.15547905909517,0
583,128,0,0,215,0.0,0.0,1.0,215,5150,3800,1350,0.7378640776699029,65,38,27,182.15931994557747,0.43066905745127876,0.7673877685607462,0.12388017890556795,4377858.777777789,111343.55555555617,4489202.333333345,582,7,339.8279069767442,74,141,58,33.69410811959002,0.5953972868217055,38.45833333333334,33477.33333333342,452.3963963963976,0
584,128,0,0,215,0.0,0.0,1.0,215,6350,4500,1850,0.7086614173228346,82,45,37,178.77432157978643,0.430193617329566,0.7633089172201211,0.12244354478011811,4385802.51479291,107463.77383300518,4493266.288625915,583,8,340.8279069767442,77,138,64,33.541220283644535,0.5970930232558139,38.221153846153854,33507.69230769239,435.1648351648363,0
585,128,0,3,212,0.0,0.013953488372093023,0.986046511627907,215,6000,4500,1500,0.75,75,45,30,178.22240145936706,0.43002245888574947,0.7624269142796838,0.12260525990258044,4390726.233198187,107505.15468624444,4498231.3878844315,584,9,341.8279069767442,77,138,68,33.40614855792927,0.5984496124031008,38.074252136752136,33526.49572649572,435.4090354090353,0
586,128,0,1,211,0.0,0.0047169811320754715,0.9952830188679245,212,5100,3300,1800,0.6470588235294118,69,33,36,183.7239318848767,0.4294944521446243,0.7604941543802828,0.1178379832425972,4310947.156476003,110904.8323471401,4421851.988823143,585,10,344.5330188679245,77,135,65,35.69645981269941,0.5788620283018868,40.46474358974359,33220.51282051283,431.4352314352315,8
587,128,0,0,211,0.0,0.0,1.0,211,5750,3700,2050,0.6434782608695652,78,37,41,182.8270127379892,0.4288140374633265,0.7588608649024369,0.11765455996197662,4314822.945040857,109823.23790703046,4424646.182947888,586,11,346.90047393364927,78,133,66,35.60096316609115,0.5799269352290679,40.348101265822784,33235.44303797467,426.09542356377784,0
588,128,1,0,212,0.0047169811320754715,0.0,1.0,212,6400,4700,1700,0.734375,81,47,34,193.66998741313458,0.42909811022683236,0.7760294614220051,0.12040151873692656,4274326.530864221,116761.75308642109,4391088.283950642,587,0,346.25943396226415,74,138,57,36.564420200283045,0.5685927672955975,41.569444444444464,33079.11111111129,447.01501501501747,8
589,128,2,1,213,0.009345794392523364,0.004672897196261682,0.9953271028037384,214,5750,4100,1650,0.7130434782608696,74,41,33,195.31327583682835,0.42980370541003027,0.7803976402904833,0.1226692372751824,4286384.938756279,118887.57677722737,4405272.515533506,588,0,344.0140186915888,78,136,61,36.15056215077874,0.5706288940809969,41.20516877637133,33125.73839662467,424.6889538028804,0
590,128,1,0,214,0.004672897196261682,0.0,1.0,214,5750,4200,1550,0.7304347826086957,73,42,31,197.35668868509364,0.43025801485966686,0.7815865887873383,0.12442689098262567,4290876.472751036,120816.63444378489,4411693.107194821,589,0,344.7056074766355,81,133,59,35.959449459516975,0.5724785825545171,41.06961382113823,33143.08943089453,409.1739435912905,0
591,128,0,0,214,0.0,0.0,1.0,214,6450,4500,1950,0.6976744186046512,84,45,39,195.19716438564228,0.43021276673540726,0.7793724319890181,0.12360890372936251,4296046.9992419705,118465.23846389688,4414512.237705868,590,1,345.7056074766355,82,132,63,35.856362623522585,0.5737928348909658,40.91365461847391,33163.05220883552,404.4274659614088,0
592,128,2,1,215,0.009259259259259259,0.004629629629629629,0.9953703703703703,216,6400,4900,1500,0.765625,79,49,30,196.11209216442847,0.43126256101062305,0.7802440017320618,0.12487700999478578,4302516.946864185,119155.1200044894,4421672.066868674,591,0,343.4953703703704,88,128,55,35.63381182383126,0.5753279320987654,40.71863295880151,33188.0149812735,377.13653387810797,0
593,128,0,0,215,0.0,0.0,1.0,215,5300,3300,2000,0.6226415094339622,73,33,40,195.0624826547128,0.43050786061001234,0.7785429411376521,0.12463845325152412,4306547.271604911,119709.16049382571,4426256.432098737,592,1,346.0837209302326,74,141,56,35.53724723813601,0.5766472868217054,40.5972222222222,33203.555555555344,448.69669669669383,0
594,128,0,0,215,0.0,0.0,1.0,215,5500,4100,1400,0.7454545454545455,69,41,28,199.4725348991529,0.4302081069332753,0.7834572931209998,0.128104792758733,4312453.36305399,123543.20079255011,4435996.56384654,593,2,347.0837209302326,75,140,57,35.24148802295087,0.5778585271317829,40.41940789473682,33226.315789473476,443.01754385964637,0
595,128,0,0,215,0.0,0.0,1.0,215,7350,5700,1650,0.7755102040816326,90,57,33,195.5565196489392,0.4299101644570021,0.7802394278957139,0.12410086449756003,4298544.579926141,117771.68352123386,4416316.263447374,594,3,348.0837209302326,82,133,61,35.77027845036318,0.5732558139534883,40.83835341365462,33172.690763052284,404.54500930551563,8
596,128,0,0,215,0.0,0.0,1.0,215,6000,4000,2000,0.6666666666666666,80,40,40,195.36204909986196,0.4298340940375281,0.7796488834710491,0.12446423979192889,4303125.36289738,119133.47768584415,4422258.840583225,595,4,349.0837209302326,82,133,54,35.634569156058916,0.5745155038759691,40.70030120481928,33190.36144578319,404.7605054363804,0
597,128,1,0,216,0.004629629629629629,0.0,1.0,216,5750,4000,1750,0.6956521739130435,75,40,35,188.9212497020357,0.43024153028997986,0.7728829233399854,0.12095815893565821,4308897.017794785,113858.44188783187,4422755.459682617,596,0,348.462962962963,73,143,61,35.62445749471057,0.5762924382716049,40.526463963963934,33212.61261261233,454.9672960631826,0
598,128,0,0,216,0.0,0.0,1.0,216,5850,4000,1850,0.6837606837606838,77,40,37,188.7608663503056,0.4301064994257824,0.7735103458523724,0.12141586048467952,4314275.173611071,113823.26388888668,4428098.437499958,597,1,349.462962962963,75,141,61,35.463682714811085,0.5777874228395061,40.3645833333333,33233.33333333302,443.111111111107,0
599,128,0,0,216,0.0,0.0,1.0,216,6050,4100,1950,0.6776859504132231,80,41,39,192.73826041500766,0.42959015216767155,0.7761206191611334,0.12454056369481105,4319559.416052893,117258.87352185904,4436818.289574752,598,2,350.462962962963,76,140,63,35.19839616746512,0.5789930555555556,40.205627705627684,33253.67965367943,437.54841649578196,0
600,128,2,0,218,0.009174311926605505,0.0,1.0,218,6050,4200,1850,0.6942148760330579,79,42,37,186.94763040911354,0.43018459603432974,0.7707497452084227,0.12153399329940284,4326571.195109115,112118.44654439378,4438689.641653509,599,0,348.23853211009174,80,138,64,35.134121409964735,0.5808008409785932,39.994855967078166,33280.658436213744,416.0082304526718,0
601,128,0,1,217,0.0,0.0045871559633027525,0.9954128440366973,218,5400,3700,1700,0.6851851851851852,71,37,34,186.21553062379084,0.42988644851252134,0.7704532278265344,0.12162091839417624,4331915.009435298,112333.97041983019,4444248.979855129,600,1,349.23853211009174,82,136,67,34.98964865734039,0.5822821100917431,39.834337349397565,33301.20481927685,406.1122538936201,0
602,128,0,0,217,0.0,0.0,1.0,217,5750,4400,1350,0.7652173913043478,71,44,27,186.38140728928994,0.4291545770040394,0.7702898319579203,0.12205309733588107,4334968.944636647,112441.522491348,4447410.467127995,601,2,351.62672811059906,84,133,56,34.89193388896739,0.58338133640553,39.74264705882351,33312.94117647035,396.58263305321844,0
603,128,1,0,218,0.0045871559633027525,0.0,1.0,218,6550,5200,1350,0.7938931297709924,79,52,27,183.03999999999988,0.42943504347581,0.7669724770642199,0.12042105263157896,4340277.777777783,108738.88888888905,4449016.666666672,602,0,351.0091743119266,76,142,58,34.81666666666667,0.5852924311926606,39.583333333333336,33333.333333333365,438.5964912280706,0
604,128,0,1,217,0.0,0.0045871559633027525,0.9954128440366973,218,5550,4200,1350,0.7567567567567568,69,42,27,184.4705151693733,0.4289695457940501,0.7694175807431616,0.12174055513951723,4343839.761852576,111112.0717364303,4454951.833589007,603,1,352.0091743119266,77,141,58,34.67060522178935,0.586487003058104,39.47649572649572,33347.0085470085,433.0780330780325,0
605,128,1,0,218,0.0045871559633027525,0.0,1.0,218,5750,4200,1550,0.7304347826086957,73,42,31,192.55938857564848,0.4286031370227878,0.7767454323102496,0.12813835724818073,4353308.376736117,118304.0798611113,4471612.456597228,604,0,352.98623853211006,79,139,62,34.17061907139289,0.588111620795107,39.192708333333336,33383.33333333337,422.57383966244777,0
606,128,0,0,218,0.0,0.0,1.0,218,6350,4500,1850,0.7086614173228346,82,45,37,192.93287188321793,0.4282376090418411,0.7775840818734219,0.12892621222732734,4358070.446349818,118213.0094167289,4476283.4557665475,605,1,353.98623853211006,83,135,63,34.01551782857324,0.5894495412844036,39.050099206349195,33401.58730158716,402.42876266972485,0
607,128,0,0,218,0.0,0.0,1.0,218,6800,4800,2000,0.7058823529411765,88,48,40,195.70325250032909,0.42780602178722926,0.7785628567170657,0.13130453403893944,4362627.905328787,120356.09410430779,4482983.999433095,606,2,354.98623853211006,83,135,65,33.804146480478764,0.5910741590214068,38.91369047619047,33419.04761904753,402.6391279403317,0
608,128,0,0,218,0.0,0.0,1.0,218,6600,4700,1900,0.7121212121212122,85,47,38,194.71346478985106,0.4273709113713553,0.7773262958694815,0.1311641251826135,4367150.051652876,119868.58356290097,4487018.635215777,607,3,355.98623853211006,87,131,60,33.69207298652649,0.5921253822629969,38.77840909090908,33436.3636363635,384.32601880877587,0
609,128,0,0,218,0.0,0.0,1.0,218,6700,4600,2100,0.6865671641791045,88,46,42,195.88279963535823,0.42724760072718043,0.7789898120437555,0.13269557506586677,4373484.991965112,121038.09687786986,4494523.088842982,608,4,356.98623853211006,87,131,56,33.46842359475941,0.5935588685015291,38.589015151515156,33460.60606060611,384.60466736328857,0
610,128,0,0,218,0.0,0.0,1.0,218,6750,4800,1950,0.7111111111111111,87,48,39,191.84758148858597,0.42711372059921926,0.7741312686346531,0.1304604042532132,4377786.316317183,117623.54341185633,4495409.8597290395,609,5,357.98623853211006,76,142,60,33.44292574009896,0.5949923547400612,38.460497835497854,33477.05627705645,440.487582592848,0
611,128,0,0,218,0.0,0.0,1.0,218,5700,3800,1900,0.6666666666666666,76,38,38,194.48752984114077,0.4268142518919376,0.7757112427652015,0.13279111506237973,4382316.310132908,121161.17482805997,4503477.484960968,610,6,358.98623853211006,76,142,62,33.235968222785154,0.5961391437308868,38.32521645021648,33494.372294372595,440.7154249259552,0
612,128,0,1,217,0.0,0.0045871559633027525,0.9954128440366973,218,5950,4100,1850,0.6890756302521008,78,41,37,192.0750740389751,0.42638002226637917,0.7730734606552183,0.13167587840783185,4386842.979600737,118970.63802083557,4505813.617621573,611,7,359.98623853211006,79,139,64,33.16138865403425,0.597381498470948,38.1901041666667,33511.66666666699,424.19831223629103,0
613,128,0,0,217,0.0,0.0,1.0,217,5950,4400,1550,0.7394957983193278,75,44,31,192.11658481424064,0.42576502673948907,0.772589946054816,0.13216885157740402,4390771.0069444785,119357.98611111286,4510128.993055591,612,8,362.31797235023043,79,138,67,33.04086299463118,0.5985983102918586,38.07291666666669,33526.666666666926,424.38818565401175,0
614,128,0,0,217,0.0,0.0,1.0,217,5800,4100,1700,0.7068965517241379,75,41,34,191.6570029727427,0.4256236843602435,0.7726618003328611,0.1324229488099011,4395574.316406281,119288.51996527918,4514862.83637156,613,9,363.31797235023043,79,138,66,32.90692643381193,0.5997983870967742,37.92968750000002,33545.00000000023,424.6202531645599,0
615,128,0,1,216,0.0,0.004608294930875576,0.9953917050691244,217,6250,4600,1650,0.736,79,46,33,189.88719586027523,0.4252805512886158,0.7701977130228363,0.13164534213504353,4399335.723197202,117425.50482517177,4516761.228022374,614,10,364.31797235023043,81,136,66,32.83907287174766,0.6012384792626728,37.81758130081303,33559.349593496176,414.3129579443972,0
616,128,0,0,216,0.0,0.0,1.0,216,6500,5100,1400,0.7846153846153846,79,51,28,210.80321899964457,0.42507671188630486,0.7792794565103363,0.13965006813622458,4348192.77537428,133622.6067759778,4481815.382150258,615,11,364.1666666666667,78,138,66,33.851321158775114,0.5883969907407407,39.34599156118141,33363.71308016849,427.7399112842114,8
617,128,0,0,216,0.0,0.0,1.0,216,6150,4400,1750,0.7154471544715447,79,44,35,213.70375300652466,0.4250906187194947,0.7828361486887558,0.1421350740314624,4352718.0921776565,136688.43841555185,4489406.530593208,616,12,365.1666666666667,80,136,66,33.637219126518396,0.5896990740740741,39.21039094650204,33381.06995884753,417.26337448559417,0
618,128,0,0,216,0.0,0.0,1.0,216,5200,3600,1600,0.6923076923076923,68,36,32,185.46913537880235,0.42478691142693076,0.7605821049608819,0.12303936992958471,4349790.25927498,112950.36769337246,4462740.626968352,617,13,366.1666666666667,83,133,67,34.462899760579695,0.5886863425925926,39.29811507936506,33369.84126984107,402.04628035953095,8
619,128,0,0,216,0.0,0.0,1.0,216,5550,4000,1550,0.7207207207207207,71,40,31,184.50907921553517,0.4245729256388171,0.7591872102097963,0.12279747242749722,4353458.267274385,111900.51525961031,4465358.782533996,618,14,367.1666666666667,86,130,68,34.37600422347698,0.589795524691358,39.18821839080458,33383.90804597683,388.1849772788004,0
620,128,0,0,216,0.0,0.0,1.0,216,6850,5100,1750,0.7445255474452555,86,51,35,185.6292581354711,0.42425082543784093,0.7619688149405548,0.12415345012515602,4359056.027142844,111783.66729789478,4470839.694440739,619,15,368.1666666666667,86,130,65,34.17605251487207,0.5913387345679013,39.020593869731776,33405.36398467407,388.43446493807056,0
621,128,1,0,217,0.004608294930875576,0.0,1.0,217,6250,4500,1750,0.72,80,45,35,184.4926760820638,0.42482718894009214,0.7626239711875744,0.12411679429518327,4365673.7452481855,111436.96643240767,4477110.711680593,620,0,367.46543778801845,88,129,67,34.00403316155053,0.5925979262672811,38.82256554307114,33430.711610486665,379.89445011916666,0
622,128,0,0,217,0.0,0.0,1.0,217,6850,4900,1950,0.7153284671532847,88,49,39,185.18559397799206,0.42435782556750296,0.7645788998269984,0.12497951521833045,4369261.188271585,111574.84567901144,4480836.033950596,621,1,368.46543778801845,89,128,56,33.876661129568106,0.5937019969278035,38.715277777777764,33444.44444444429,375.7802746566774,0
623,128,0,1,216,0.0,0.004608294930875576,0.9953917050691244,217,6600,4800,1800,0.7272727272727273,84,48,36,186.0787556929794,0.42419692638106615,0.7675952207733499,0.12597415909425366,4372771.211541807,112735.965194756,4485507.176736563,622,2,369.46543778801845,90,127,56,33.74644186555725,0.595142089093702,38.61034798534798,33457.87545787539,371.75417175417095,0
624,128,0,0,216,0.0,0.0,1.0,216,7000,5200,1800,0.7428571428571429,88,52,36,187.72839615957196,0.4239444265001435,0.7698816116818896,0.1274991335837911,4376376.833767386,114114.04079861239,4490490.874565998,623,3,371.56944444444446,79,137,56,33.59355549469701,0.5966917438271605,38.502604166666686,33471.66666666686,423.69198312236534,0
625,128,0,0,216,0.0,0.0,1.0,216,5850,4200,1650,0.717948717948718,75,42,33,186.1505498461654,0.42372057134654034,0.7686712803979996,0.1269196809656951,4380736.208767402,114045.29079861318,4494781.499566015,624,4,372.56944444444446,79,137,61,33.50218359627731,0.5979938271604939,38.372395833333364,33488.33333333365,423.9029535865019,0
626,128,0,0,216,0.0,0.0,1.0,216,6600,4700,1900,0.7121212121212122,85,47,38,209.16942468618566,0.42322889750215337,0.7959608531411886,0.1382513947898301,4345584.182634579,131992.6686814116,4477576.851315991,625,5,373.56944444444446,71,145,55,33.97374058445764,0.5904706790123457,39.424189814814795,33353.70370370352,469.77047470004953,8
627,128,1,0,217,0.004608294930875576,0.0,1.0,217,6000,4200,1800,0.7,78,42,36,203.44827861592918,0.42355955225578884,0.7898820515839307,0.13508539630404223,4350792.178843473,127632.23588026987,4478424.414723743,626,0,372.84331797235023,75,142,60,33.963546321120035,0.5921658986175116,39.26809210526314,33373.68421052618,444.9824561403491,0
628,128,0,0,217,0.0,0.0,1.0,217,6350,4800,1550,0.7559055118110236,79,48,31,201.31421298976448,0.4232341980997895,0.7877624823222873,0.13426675147678574,4355872.244594207,125629.7985608886,4481502.043155096,627,1,373.84331797235023,77,140,63,33.86395145465403,0.5935099846390168,39.11591880341881,33393.16239316245,433.6774336774344,0
629,128,1,0,218,0.0045871559633027525,0.0,1.0,218,6150,4400,1750,0.7154471544715447,79,44,35,200.98038728162845,0.42347297382995813,0.7875385611285963,0.13470798951850843,4361475.684116603,125564.21442263231,4487039.898539235,628,0,373.1238532110092,81,137,59,33.701540957015425,0.5947534403669725,38.94817073170732,33414.63414634151,412.5263474856976,0
630,128,0,1,217,0.0,0.0045871559633027525,0.9954128440366973,218,5050,3300,1750,0.6534653465346535,68,33,35,199.32850327630308,0.42325365704139006,0.785566960452037,0.1338839009087432,4363871.262046466,125318.78543083803,4489190.047477304,629,1,374.1238532110092,83,135,62,33.6715522154153,0.5958046636085628,38.87648809523808,33423.809523809374,402.69650028685993,0
631,128,0,0,217,0.0,0.0,1.0,217,5850,3700,2150,0.6324786324786325,80,37,43,199.81819894837986,0.4225577103601297,0.7859144443960433,0.13470679609564354,4368021.723197096,125312.04673932724,4493333.769936423,630,2,376.5990783410138,88,129,64,33.53213715036658,0.5968221966205838,38.752340823970016,33439.700374531596,379.9965951651318,0
632,128,0,0,217,0.0,0.0,1.0,217,6400,4500,1900,0.703125,83,45,38,198.33795891945937,0.42184655373499463,0.7852536957479423,0.1343217500021568,4373175.02395764,123673.32164986181,4496848.345607501,631,3,377.5990783410138,91,126,55,33.41369060510241,0.5983102918586789,38.59827898550722,33459.42028985479,367.68593725115153,0
633,128,0,1,216,0.0,0.004608294930875576,0.9953917050691244,217,5900,4300,1600,0.7288135593220338,75,43,32,203.01316043491937,0.4214651959947659,0.7937191871545131,0.1331435632282231,4336686.566917705,126780.88915312539,4463467.456070831,632,4,378.5990783410138,86,131,51,34.40647854284532,0.5874615975422427,39.691091954023,33319.54022988518,387.43651430099044,8
634,128,1,1,216,0.004608294930875576,0.004608294930875576,0.9953917050691244,217,6100,3900,2200,0.639344262295082,83,39,44,202.45873331863743,0.42157186948853614,0.7930564354198879,0.13331199211974393,4341269.897959187,126285.60090702963,4467555.498866216,633,0,379.38709677419354,69,148,53,34.28060602597798,0.5894297235023042,39.55357142857143,33337.142857142884,483.14699792960704,0
635,128,0,0,216,0.0,0.0,1.0,216,6050,4100,1950,0.6776859504132231,80,41,39,199.16059738305995,0.4210486649440138,0.7883777534379945,0.13157281144047314,4345035.549717483,123821.97514647347,4468857.5248639565,634,1,381.9490740740741,72,144,55,34.25132347572105,0.5905671296296297,39.4406392694064,33351.59817351602,463.21664129883357,0
636,128,0,0,216,0.0,0.0,1.0,216,5700,4300,1400,0.7543859649122807,71,43,28,197.2209930433993,0.42076290195233995,0.7863439491702675,0.13080699785952712,4349541.975308661,122664.19753086526,4472206.172839527,635,2,382.9490740740741,74,142,56,34.16411383413248,0.5919656635802469,39.30555555555557,33368.888888889036,450.9309309309329,0
637,128,1,0,217,0.004608294930875576,0.0,1.0,217,5600,3900,1700,0.6964285714285714,73,39,34,195.7660960555081,0.4212305143084713,0.7862941468917906,0.1303304672634742,4353816.45771258,121465.93017372342,4475282.3878863035,636,0,382.17972350230417,76,141,57,34.07146870677732,0.5932699692780338,39.17748917748919,33385.28138528153,439.28001822738855,0
638,128,0,0,217,0.0,0.0,1.0,217,6000,3900,2100,0.65,81,39,42,196.05718559273524,0.42109272771235134,0.7863590744289684,0.1309916172478138,4357876.453203744,121478.59851519625,4479355.051718941,637,1,383.17972350230417,78,139,59,33.939910729324595,0.5944220430107527,39.055907172995795,33400.843881856694,428.21594720329097,0
639,128,1,0,218,0.0045871559633027525,0.0,1.0,218,5850,4200,1650,0.717948717948718,75,42,33,195.64326421630378,0.42148943403937483,0.7872079116754171,0.13129556350825838,4362897.533910775,121264.3029951144,4484161.836905889,638,0,382.41743119266056,82,136,57,33.79748686150098,0.5957090978593272,38.90562248995986,33420.08032128538,407.56195513762657,0
640,128,2,0,220,0.00909090909090909,0.0,1.0,220,7000,4600,2400,0.6571428571428571,94,46,48,195.76486679812496,0.4223346478483465,0.7903208952708403,0.13232527462519844,4371016.765819351,120138.30298659878,4491155.06880595,639,0,379.9318181818182,85,135,55,33.54672630082808,0.5977272727272727,38.66279069767441,33451.16279069759,393.5430916552658,0
641,128,1,1,220,0.004524886877828055,0.004524886877828055,0.995475113122172,221,6700,4800,1900,0.7164179104477612,86,48,38,191.99885138220225,0.4224024749760044,0.7877156403301291,0.13053285754153882,4377524.796667344,117195.94657144838,4494720.743238793,640,0,379.2081447963801,70,151,57,33.4469314484461,0.5994532428355958,38.46830985915494,33476.05633802829,478.229376257547,0
642,128,0,1,219,0.0,0.004545454545454545,0.9954545454545455,220,8050,5900,2150,0.7329192546583851,102,59,43,182.28241516190838,0.42201293759512937,0.7755361837553636,0.11810606189484532,4322714.709181196,105540.97544908996,4428255.684630286,641,1,381.8772727272727,78,142,62,35.37343565026216,0.581060606060606,40.11075949367087,33265.822784809934,426.48490749756326,8
643,128,0,0,219,0.0,0.0,1.0,219,5400,3600,1800,0.6666666666666666,72,36,36,181.37914214147835,0.42178357979696424,0.7735587599839155,0.11814747620306927,4328852.37994908,107832.7062264514,4436685.086175531,642,2,384.17351598173514,81,138,59,35.20912706165845,0.5828576864535768,39.926321138211364,33289.43089430875,410.9806283247994,0
644,128,1,0,220,0.004545454545454545,0.0,1.0,220,7050,5000,2050,0.7092198581560284,91,50,41,183.8079609325322,0.42207866334578664,0.7771378663721145,0.12023962546030074,4333744.290657411,108265.3402537473,4442009.630911158,643,0,383.4227272727273,84,136,52,34.996350193086535,0.584375,39.77941176470586,33308.235294117425,396.5266106442551,0
645,128,1,1,220,0.004524886877828055,0.004524886877828055,0.995475113122172,221,6450,4500,1950,0.6976744186046512,84,45,39,182.08936708335165,0.42241361579596876,0.7764760391710761,0.11967332790260844,4339107.444696909,107371.06566230279,4446478.510359212,644,0,382.68325791855204,88,133,56,34.87717445048767,0.5857843137254901,39.618445692883874,33328.83895131064,378.73680626489363,0
646,128,1,0,221,0.004524886877828055,0.0,1.0,221,6050,3700,2350,0.6115702479338843,84,37,47,179.21607179815675,0.42264585904291785,0.7729146354224232,0.1182928336961586,4344032.34315397,105454.08246083965,4449486.42561481,645,0,383.6561085972851,73,148,57,34.80161731863702,0.5870098039215687,39.47072072072073,33347.747747747795,456.818462297915,0
647,128,0,0,221,0.0,0.0,1.0,221,6350,5000,1350,0.7874015748031497,77,50,27,180.50467699381647,0.422217365967366,0.7742656553490253,0.11947690524828845,4347225.000000014,106388.88888888981,4453613.888888904,646,1,384.6561085972851,74,147,57,34.670596855848714,0.588093891402715,39.375000000000014,33360.00000000011,450.8108108108123,0
648,128,0,0,221,0.0,0.0,1.0,221,5350,3500,1850,0.6542056074766355,72,35,37,181.89370868906533,0.42208624708624704,0.7758818949078741,0.12064116297151133,4349541.975308663,108680.864197532,4458222.839506195,647,2,385.6561085972851,74,147,57,34.56368762209199,0.588895173453997,39.30555555555557,33368.88888888905,450.93093093093313,0
649,128,2,0,223,0.008968609865470852,0.0,1.0,223,5500,4700,800,0.8545454545454545,63,47,16,174.73129031683735,0.42286877684859747,0.7685916937191517,0.11663109911288479,4356786.50173613,102153.38541666744,4458939.887152797,648,0,383.1883408071749,79,144,63,34.5296020893635,0.5903400597907325,39.08854166666668,33396.66666666681,422.7426160337571,0
650,128,0,1,222,0.0,0.004484304932735426,0.9955156950672646,223,7100,5300,1800,0.7464788732394366,89,53,36,175.82325465750188,0.4227585208526912,0.7697205765223163,0.11784631060703461,4361475.684116617,101669.76997818833,4463145.454094805,649,1,384.1883408071749,81,142,63,34.358272506082685,0.5915545590433483,38.94817073170733,33414.63414634161,412.52634748569886,0
651,128,0,0,222,0.0,0.0,1.0,222,6850,5500,1350,0.8029197080291971,82,55,27,174.61569138206832,0.4220187381952088,0.7674005212116746,0.11776753953098135,4368509.813533264,101312.07227989267,4469821.885813157,650,2,386.02252252252254,84,138,57,34.17569617086478,0.5929992492492493,38.73774509803922,33441.568627451044,398.11391223156005,0
652,128,0,0,222,0.0,0.0,1.0,222,6000,4500,1500,0.75,75,45,30,178.3812357910467,0.4222561079178726,0.7728267638258011,0.12075165142804178,4372665.560179685,105600.29726516073,4478265.857444846,651,3,387.02252252252254,86,136,59,33.950861160734725,0.5941722972972974,38.61350574712644,33457.47126436786,389.04036353916115,0
653,128,0,0,222,0.0,0.0,1.0,222,5750,3800,1950,0.6608695652173913,77,38,39,176.71508606645367,0.42222383582677697,0.7705463736429892,0.1199789010231931,4375999.123456821,104511.0123456807,4480510.135802502,652,4,388.02252252252254,74,148,60,33.89303482587064,0.5954861111111112,38.513888888888914,33470.22222222246,452.3003003003035,0
654,128,1,0,223,0.004484304932735426,0.0,1.0,223,6150,4200,1950,0.6829268292682927,81,42,39,175.29494897671563,0.42215505864609004,0.7690725311354809,0.119714506448449,4382574.418273468,102898.63180758276,4485473.05008105,653,0,387.2780269058296,78,145,62,33.73034868487353,0.5970198056801196,38.31751054852324,33495.358649789356,429.42767499729945,0
655,128,0,0,223,0.0,0.0,1.0,223,5700,4200,1500,0.7368421052631579,72,42,30,187.4314405484609,0.42222912374257665,0.7810984167187114,0.11868113007437182,4295947.111111118,110739.11111111142,4406686.2222222295,654,1,388.2780269058296,74,149,65,36.06063042779027,0.5698337070254111,40.91666666666667,33162.66666666672,448.1441441441449,8
656,128,0,0,223,0.0,0.0,1.0,223,5400,4000,1400,0.7407407407407407,68,40,28,187.0332069337876,0.4219959870184085,0.7812751629939418,0.11862585855407966,4297892.729012762,110769.7320329326,4408662.461045695,655,2,389.2780269058296,75,148,64,36.01118853687345,0.5710482062780269,40.858004385964904,33170.17543859641,442.2690058479521,0
657,128,0,1,222,0.0,0.004484304932735426,0.9955156950672646,223,8050,5900,2150,0.7329192546583851,102,59,43,188.62492217993562,0.4220431193525364,0.7828136986472238,0.12001886641360508,4301635.5399408275,109629.1337935568,4411264.673734385,656,3,390.2780269058296,77,146,60,35.85500051511872,0.5728232436472347,40.74519230769231,33184.61538461538,430.96903096903094,0
658,128,1,0,223,0.004484304932735426,0.0,1.0,223,6800,5000,1800,0.7352941176470589,86,50,36,185.5767710759402,0.42230655543435813,0.7793828003949155,0.11867912478365707,4307546.51063098,108476.11454046523,4416022.625171445,657,0,391.1390134529148,71,152,61,35.75265819020003,0.5744581464872944,40.56712962962961,33207.40740740724,467.70996348460903,0
659,128,0,0,223,0.0,0.0,1.0,223,6050,4000,2050,0.6611570247933884,81,40,41,187.21611132401907,0.4221592668902086,0.7804149842618859,0.12010753864273663,4311234.934258565,110776.5278792297,4422011.462137795,658,1,392.1390134529148,73,150,61,35.597000759301466,0.5758594917787743,40.45608108108107,33221.62162162148,455.0907071454997,0
660,128,1,0,224,0.004464285714285714,0.0,1.0,224,6000,3700,2300,0.6166666666666667,83,37,46,188.98684718204368,0.4225973601323938,0.7859606325706592,0.11604729541839534,4259637.345679008,110203.08641975289,4369840.432098761,659,0,391.38392857142856,80,144,61,37.13829071332435,0.5616629464285714,42.013888888888886,33022.2222222222,412.7777777777775,8
661,128,1,0,225,0.0044444444444444444,0.0,1.0,225,5100,3900,1200,0.7647058823529411,63,39,24,187.67669141537803,0.4226471560846561,0.7860668136047355,0.1157114565057406,4264473.798809712,109968.46663763553,4374442.265447347,660,0,390.64,82,143,55,37.022923959548834,0.5630092592592593,41.86746987951808,33040.9638554218,402.9385836027049,0
662,128,2,0,227,0.00881057268722467,0.0,1.0,227,6750,5000,1750,0.7407407407407407,85,50,35,188.27512438994034,0.42370667810221824,0.7886826795054884,0.1167776622518643,4271589.51956877,108696.80962791563,4380286.329196686,661,0,388.1894273127753,71,156,58,36.78815263855442,0.5648861967694567,41.65219907407408,33068.518518518606,465.7537819509663,0
663,128,2,0,229,0.008733624454148471,0.0,1.0,229,6450,4600,1850,0.7131782945736435,83,46,37,183.7539581423344,0.42400613524349445,0.784833168791816,0.11467146610503341,4278819.264100521,104999.99519082933,4383819.25929135,662,0,385.7903930131004,75,154,61,36.682403480872836,0.5669122998544396,41.433662280701775,33096.491228070394,441.2865497076053,0
664,128,0,0,229,0.0,0.0,1.0,229,5200,3700,1500,0.7115384615384616,67,37,30,182.80207066259226,0.4239877805868382,0.7839431563126043,0.1145012773429665,4283197.571728434,105595.4770337897,4388793.048762224,663,1,386.7903930131004,76,153,63,36.5723430772717,0.5679130276564774,41.30140692640694,33113.41991342005,435.7028935976323,0
665,128,0,0,229,0.0,0.0,1.0,229,5500,3800,1700,0.6909090909090909,72,38,34,185.5431133200205,0.42378508133506987,0.7868133305686644,0.11657619168519093,4286821.734408662,107778.05017002267,4394599.784578685,664,2,387.7903930131004,78,151,63,36.38997860199717,0.569004730713246,41.19198312236287,33127.42616033757,424.7105917991996,0
666,128,3,2,230,0.01293103448275862,0.008620689655172414,0.9913793103448276,232,6000,4300,1700,0.7166666666666667,77,43,34,183.86637552844485,0.42547706125292334,0.7876930576200805,0.11625486088063644,4294245.333878651,105513.46503404118,4399758.798912693,665,0,383.76293103448273,81,151,63,36.20526008206234,0.5704920977011494,40.96798780487806,33156.09756097567,409.3345377898231,0
667,128,1,1,230,0.004329004329004329,0.004329004329004329,0.9956709956709957,231,6050,4500,1550,0.743801652892562,76,45,31,181.79315668633106,0.4256705251270469,0.7838921848204583,0.1153748916364299,4298628.836372515,104042.26111741005,4402671.097489925,666,0,383.4199134199134,83,148,65,36.12438593553118,0.571969696969697,40.835813492063494,33173.015873015895,399.6748900363361,0
668,128,1,0,231,0.004329004329004329,0.0,1.0,231,6250,4700,1550,0.752,78,47,31,183.41484789934987,0.4259622623753059,0.786141443528523,0.11690171118419757,4303614.575821785,105419.36256835623,4409033.938390141,667,0,383.67965367965365,85,146,57,35.929350195400694,0.573051948051948,40.68556201550389,33192.24806201566,390.49703602371363,0
669,128,0,2,229,0.0,0.008658008658008658,0.9913419913419913,231,5600,3900,1700,0.6964285714285714,73,39,34,185.23506264495546,0.42584776334776336,0.7873564716670911,0.11854292548576685,4308355.6959833475,107811.70744844398,4416167.403431792,668,1,384.67965367965365,75,156,57,35.7367054058813,0.5744949494949495,40.54276315789471,33210.52631578922,442.80701754385626,0
670,128,2,0,231,0.008658008658008658,0.0,1.0,231,6800,4300,2500,0.6323529411764706,93,43,50,184.54863341028192,0.42569797352406047,0.7862987802539647,0.11860309025931999,4313263.666348063,106201.3830325508,4419465.049380614,669,0,385.64502164502164,76,155,59,35.604047246829914,0.5756673881673882,40.39502164502163,33229.437229437084,437.2294372294353,0
671,128,0,0,231,0.0,0.0,1.0,231,6650,4900,1750,0.7368421052631579,84,49,35,195.37554912545738,0.42570111048371917,0.7938422405804761,0.12010141623904907,4260940.405475167,113646.71430211033,4374587.119777277,670,1,386.64502164502164,87,144,60,36.93324311098878,0.5626352813852814,41.97443181818179,33027.272727272415,379.6238244514071,8
672,128,2,1,232,0.008583690987124463,0.004291845493562232,0.9957081545064378,233,5850,4200,1650,0.717948717948718,75,42,33,190.52015969300012,0.42669638892999856,0.7907615659348923,0.1176667697240146,4266519.753086381,110121.60493826974,4376641.35802465,671,0,384.3175965665236,89,144,56,36.886430876815474,0.5641988555078683,41.80555555555553,33048.888888888585,371.3358302122313,0
673,128,0,0,232,0.0,0.0,1.0,232,6150,4400,1750,0.7154471544715447,79,44,35,191.94589919758693,0.4258514175001244,0.7920859799860349,0.11896850060950054,4270732.609118568,111399.9221779428,4382132.53129651,672,1,386.9310344827586,90,142,57,36.71973087546712,0.5654184626436782,41.67811355311353,33065.20146520123,367.39112739112477,0
674,128,3,0,235,0.01276595744680851,0.0,1.0,235,5850,4300,1550,0.7350427350427351,74,43,31,186.1546740882709,0.4272511668788264,0.7886134083496161,0.11637415761856498,4280897.231536542,106531.8057884141,4387429.037324957,673,0,382.97872340425533,80,155,62,36.556382908192845,0.5674202127659574,41.37088477366257,33104.52674897136,413.80658436214196,0
675,128,1,0,236,0.00423728813559322,0.0,1.0,236,5450,3600,1850,0.6605504587155964,73,36,37,181.62015206611485,0.42742967904796253,0.7844045197740106,0.114239574149547,4288142.781971293,103112.62882856901,4391255.410799862,674,0,382.35169491525426,82,154,68,36.45090909090911,0.5690324858757062,41.152108433734966,33132.530120482195,404.0552453717341,0
676,128,1,1,236,0.004219409282700422,0.004219409282700422,0.9957805907172996,237,6400,4300,2100,0.671875,85,43,42,178.92143509235515,0.4274051526854037,0.7822998969577046,0.11307646524548438,4293707.970009265,99847.27837230859,4393555.248381573,675,0,381.73417721518985,86,151,69,36.34984745527663,0.5705432489451476,40.98419540229886,33154.02298850587,385.51189521518455,0
677,128,0,0,236,0.0,0.0,1.0,236,7150,4900,2250,0.6853146853146853,94,49,45,181.8873213337477,0.4272328404856353,0.7852580114226293,0.11545844450411506,4298869.988696609,102031.98940121393,4400901.9780978225,676,1,384.3135593220339,86,150,59,36.114543872617,0.5719456214689266,40.8285440613027,33173.94636015345,385.74356232736574,0
678,128,1,2,235,0.004219409282700422,0.008438818565400843,0.9915611814345991,237,6050,4300,1750,0.7107438016528925,78,43,35,183.42037942874148,0.42748933228444064,0.7892274477589403,0.11715318078697595,4306086.123456789,104514.79012345652,4410600.913580245,677,0,383.6877637130802,74,163,63,35.8533902691511,0.5736638537271448,40.61111111111111,33201.77777777777,448.67267267267255,0
679,128,4,0,239,0.016736401673640166,0.0,1.0,239,6500,4600,1900,0.7076923076923077,84,46,38,180.16228900322596,0.42945410381725907,0.7861299138103419,0.11584185360965263,4313842.458767369,101138.3463541669,4414980.805121536,678,0,381.418410041841,79,160,67,35.70018765568315,0.5755753138075315,40.37760416666667,33231.66666666673,420.65400843881935,0
680,128,0,0,239,0.0,0.0,1.0,239,6850,5000,1850,0.7299270072992701,87,50,37,178.6812056085254,0.4293156593181206,0.7848435908884188,0.11517609151816702,4316732.97811987,99613.8105641079,4416346.788683978,679,1,382.418410041841,80,159,68,35.65011966658411,0.5768392608089261,40.290637860082306,33242.79835390949,415.53497942386866,0
681,128,1,0,240,0.004166666666666667,0.0,1.0,240,6750,5000,1750,0.7407407407407407,85,50,35,176.34689673901968,0.4294532339609484,0.7835214923931413,0.11413762103724304,4321472.889550174,97665.66668279568,4419138.556232969,680,0,381.8208333333333,82,158,71,35.565684617242226,0.5779947916666667,40.148092369477915,33261.04417670687,405.62248995983987,0
682,128,0,0,240,0.0,0.0,1.0,240,7800,5200,2600,0.6666666666666666,104,52,52,178.6511493294034,0.4288485006973501,0.7866496193155643,0.1163145995835735,4328298.62095299,98851.10465482387,4427149.725607813,681,1,382.8208333333333,83,157,66,35.297007375264236,0.5799479166666667,39.942956349206334,33287.30158730142,401.0518263530292,0
683,128,0,0,240,0.0,0.0,1.0,240,7550,5200,2350,0.6887417218543046,99,52,47,181.36908596798386,0.42865491341236633,0.7902229431253465,0.11857740602455502,4333096.842383387,101627.96274276573,4434724.805126152,682,2,383.8208333333333,86,154,67,35.07960611080435,0.5812934027777779,39.79885057471263,33305.74712643663,387.27612937717015,0
684,128,0,0,240,0.0,0.0,1.0,240,6050,4000,2050,0.6611570247933884,81,40,41,183.20228989607338,0.42850491050674105,0.7918855112869863,0.12003690402795743,4335597.392304556,104808.27406752759,4440405.666372084,683,3,384.8208333333333,88,152,53,34.955462871361355,0.5823784722222223,39.723782771535575,33315.355805243395,378.58358869594764,0
685,128,0,1,239,0.0,0.004166666666666667,0.9958333333333333,240,6000,3900,2100,0.65,81,39,42,183.3925265171752,0.4285735559042306,0.7930962220463675,0.12049238613979431,4338751.660427499,105138.92578727822,4443890.586214777,684,4,385.8208333333333,90,150,56,34.854113543773266,0.5836371527777777,39.62912087912089,33327.47252747264,370.30525030525155,0
686,128,0,1,238,0.0,0.0041841004184100415,0.99581589958159,239,7400,5100,2300,0.6891891891891891,97,51,46,185.6869272102039,0.4280205806171841,0.7940505828630016,0.12264506920674005,4344788.32855458,106154.07882161216,4450942.4073761925,685,7,388.418410041841,76,163,58,34.60994288681206,0.5851638772663877,39.44805194805196,33350.64935064949,438.82433356117747,0
687,128,0,1,237,0.0,0.004201680672268907,0.9957983193277311,238,7050,5500,1550,0.7801418439716312,86,55,31,188.46456045228217,0.42782571889515303,0.795673352800907,0.12494783233204651,4349072.66463709,109279.21362317349,4458351.878260263,686,8,388.34453781512605,78,160,58,34.40671893441239,0.5864408263305323,39.319620253164565,33367.08860759503,427.7831872768594,0
688,128,1,0,238,0.004201680672268907,0.0,1.0,238,5900,3600,2300,0.6101694915254238,82,36,46,185.4888899137986,0.4277019879681831,0.7924244415110282,0.12360970108555022,4354932.027306023,108058.30147900897,4462990.328785032,687,0,389.3067226890756,82,156,61,34.305488733862546,0.5877976190476191,39.14407630522089,33389.55823293182,407.189734547949,0
689,128,0,0,238,0.0,0.0,1.0,238,6500,4800,1700,0.7384615384615385,82,48,34,185.90928330758453,0.4274766868772826,0.7936767898157517,0.12439412663013369,4359542.74931053,107995.89361462083,4467538.642925151,688,1,390.3067226890756,82,156,61,34.15390379560171,0.5891981792717087,39.006024096385566,33407.22891566292,407.4052306788161,0
690,128,1,0,239,0.0041841004184100415,0.0,1.0,239,7300,5600,1700,0.7671232876712328,90,56,34,184.74933009654214,0.42742504951771504,0.7933317561363664,0.12412000023531858,4364131.521918776,106154.07502554037,4470285.596944317,689,0,389.6694560669456,85,154,60,34.04431830480698,0.5905247559274756,38.86870155038761,33424.80620155056,393.2330141358889,0
691,128,0,0,239,0.0,0.0,1.0,239,7800,6000,1800,0.7692307692307693,96,60,36,185.40837814972218,0.42721848153487335,0.7951466406454055,0.12515916022253765,4369525.116219023,106429.31301652957,4475954.429235552,690,1,390.6694560669456,87,152,55,33.862802391954325,0.5921809623430963,38.707386363636374,33445.45454545466,384.43051201672023,0
692,128,1,1,239,0.004166666666666667,0.004166666666666667,0.9958333333333333,240,7800,5800,2000,0.7435897435897436,98,58,40,182.59069842289796,0.4274000464900047,0.7934316705093287,0.12427107306357275,4378739.804555246,104103.43182517707,4482843.2363804225,691,0,390.0375,75,165,57,33.656029483686204,0.5940972222222223,38.43201754385965,33480.701754385955,446.40935672514604,0
693,128,0,0,239,0.0,0.0,1.0,239,7500,5300,2200,0.7066666666666667,97,53,44,180.07067335287041,0.4273481359070825,0.7895503736346015,0.12307309658084647,4383457.779202064,102566.43878295926,4486024.217985023,692,1,392.6610878661088,78,161,59,33.578530162568825,0.5954062064156207,38.29113924050634,33498.734177215294,429.4709509899397,0
694,128,0,0,239,0.0,0.0,1.0,239,6700,4700,2000,0.7014925373134329,87,47,40,177.60462365538638,0.42694012751544136,0.7861013404508979,0.12181726782566334,4387407.0597032355,101344.75593231633,4488751.815635552,693,2,393.6610878661088,81,158,63,33.52310861514077,0.5968009065550907,38.17327235772359,33513.82113821151,413.7508782495248,0
695,128,0,1,238,0.0,0.0041841004184100415,0.99581589958159,239,6000,3900,2100,0.65,81,39,42,177.52222329887877,0.42679069535764097,0.7864793899573472,0.12217984794468947,4391239.506907287,102108.52006081157,4493348.026968098,694,3,394.6610878661088,81,158,64,33.408907209828655,0.5976290097629009,38.05894308943091,33528.45528455302,413.93154672287676,0
696,128,0,0,238,0.0,0.0,1.0,238,5900,4100,1800,0.6949152542372882,77,41,36,180.14976584754524,0.4264388244749377,0.7891101455487801,0.1244558679848376,4395428.722993837,104867.09104938328,4500295.81404322,695,4,397.20588235294116,83,155,64,33.21291542453351,0.5986519607843137,37.934027777777786,33544.44444444452,404.1499330655966,0
697,128,0,0,238,0.0,0.0,1.0,238,6450,4400,2050,0.6821705426356589,85,44,41,180.27200680836972,0.42607945076764886,0.7886168557135049,0.12503518524129437,4399831.449807726,104583.28901508429,4504414.73882281,696,5,398.20588235294116,85,153,64,33.07612871683529,0.599921218487395,37.802810077519396,33561.24031007769,394.8381212950316,0
698,128,0,0,238,0.0,0.0,1.0,238,6700,4900,1800,0.7313432835820896,85,49,36,184.85208684184218,0.4256188762424801,0.7929209916408704,0.12868343441767302,4403897.461465693,108513.92719788625,4512411.38866358,697,6,399.20588235294116,85,153,57,32.83267727139799,0.6012780112044818,37.68168604651165,33576.74418604679,395.02051983584454,0
699,128,0,0,238,0.0,0.0,1.0,238,6600,4600,2000,0.696969696969697,86,46,40,185.9963575410893,0.42540022338049144,0.794646741972993,0.1300098120870444,4408409.2343893675,109789.61202938567,4518198.846418753,698,7,400.20588235294116,87,151,58,32.66582476396657,0.6025035014005602,37.5473484848485,33593.939393939545,386.1372344130982,0
700,128,0,0,238,0.0,0.0,1.0,238,6000,4800,1200,0.8,72,48,24,178.82190715300072,0.4254434368684183,0.788337371156365,0.11976638031877038,4360626.776389739,102355.11930729171,4462981.89569703,699,8,401.20588235294116,81,157,63,34.3058529621699,0.588716736694678,38.973577235772375,33411.382113821324,412.4861989360657,8
701,128,0,0,238,0.0,0.0,1.0,238,7850,5900,1950,0.7515923566878981,98,59,39,180.13065626500796,0.4253451908189436,0.7892962250503108,0.12101965014226831,4364155.910791797,101773.65365074926,4465929.564442546,700,9,402.20588235294116,82,156,61,34.16418352797938,0.5897671568627452,38.867971887550226,33424.899598393844,407.620726809681,0
702,128,0,0,238,0.0,0.0,1.0,238,6300,4400,1900,0.6984126984126984,82,44,38,184.34757699814375,0.4253525777399567,0.7940407762298045,0.12424082513023871,4367690.205690145,107134.62129950135,4474824.826989646,701,10,403.20588235294116,84,154,64,33.946400369032546,0.5907300420168067,38.7622549019608,33438.43137254921,398.07656395891917,0
703,128,2,0,240,0.008333333333333333,0.0,1.0,240,6950,4900,2050,0.7050359712230215,90,49,41,184.62716070544826,0.4255560640399814,0.7950476291653388,0.12529887986448363,4375534.271604948,106618.49382716088,4482152.765432108,702,0,400.8375,74,166,57,33.70029037855449,0.592578125,38.527777777777786,33468.44444444452,452.27627627627726,0
704,128,0,1,239,0.0,0.004166666666666667,0.9958333333333333,240,6500,4400,2100,0.676923076923077,86,44,42,183.72181685379633,0.42534032136215716,0.7940822130299885,0.12528843222681343,4380957.066022011,106475.47834560854,4487432.54436762,703,1,401.8375,76,164,59,33.55900982419851,0.5938802083333333,38.36580086580087,33489.177489177564,440.64707222602055,0
705,128,0,0,239,0.0,0.0,1.0,239,6200,3800,2400,0.6129032258064516,86,38,48,182.97038772000136,0.42534618449890416,0.7924948365920701,0.1251170153013463,4384012.756592882,106428.90276864619,4490441.659361528,704,2,401.581589958159,77,162,61,33.485772357723555,0.5953190376569037,38.27457264957265,33500.854700854674,435.0760350760347,0
706,128,0,0,239,0.0,0.0,1.0,239,7550,5500,2050,0.7284768211920529,96,55,41,182.75692111958477,0.4248502748379686,0.7921976223265967,0.12575651923526063,4391008.145777249,105147.4258666539,4496155.571643903,705,3,402.581589958159,80,159,64,33.278815625818304,0.5970188284518829,38.06584362139919,33527.57201646101,419.0946502057626,0
707,128,0,0,239,0.0,0.0,1.0,239,7750,5400,2350,0.6967741935483871,101,54,47,183.4441433241386,0.4245982911993249,0.7933102260274194,0.12669130340253348,4395073.627222575,105700.10327847286,4500773.730501048,706,4,403.581589958159,81,158,64,33.137361239032394,0.5983699442119944,37.944613821138226,33543.08943089448,414.11221519622814,0
708,128,0,0,239,0.0,0.0,1.0,239,6450,4300,2150,0.6666666666666666,86,43,43,186.09522031037656,0.4244041758963,0.7961017765997065,0.12891674070205905,4398478.123798548,109457.15109573292,4507935.274894281,707,5,404.581589958159,84,155,62,32.96452334205935,0.5995467224546722,37.84313725490197,33556.078431372625,399.47712418300745,0
709,128,0,0,239,0.0,0.0,1.0,239,6400,4700,1700,0.734375,81,47,34,183.43569357856086,0.4242576737808094,0.7934017089772389,0.12752011640236102,4402359.633960182,107309.97856755002,4509669.612527732,708,6,405.581589958159,86,153,61,32.91647645134293,0.6010285913528591,37.727490421455954,33570.88122605382,390.3590840238816,0
710,128,0,0,239,0.0,0.0,1.0,239,5650,3800,1850,0.672566371681416,75,38,37,182.49827041832822,0.4239741921873352,0.7924797828217958,0.12706846023255686,4404103.096199992,107298.23956010127,4511401.335760093,709,7,406.581589958159,88,151,56,32.88818617171583,0.6021617852161785,37.67556179775282,33577.528089887775,381.5628192032702,0
711,128,0,1,238,0.0,0.0041841004184100415,0.99581589958159,239,7250,4900,2350,0.6758620689655173,96,49,47,180.7182036434679,0.42351930311873703,0.7909500259825399,0.1263719058419081,4408858.769494354,104302.20738815489,4513160.976882509,710,8,407.581589958159,91,148,60,32.79072839825721,0.6036436541143655,37.533967391304365,33595.65217391324,369.1829909221235,0
712,128,0,0,238,0.0,0.0,1.0,238,6300,4600,1700,0.7301587301587301,80,46,34,199.30775876024506,0.4232188656053139,0.8006294768830047,0.13173756737567363,4345621.301775127,119323.20841551504,4464944.5101906415,711,9,409.8151260504202,77,161,60,34.229576670766676,0.586922268907563,39.423076923076906,33353.84615384599,433.166833166831,8
713,128,0,0,238,0.0,0.0,1.0,238,5850,4200,1650,0.717948717948718,75,42,33,199.83159279683468,0.4229551525251451,0.7998899671949089,0.13249577110771646,4349174.608781127,120370.49788485585,4469545.106665983,712,10,410.8151260504202,81,157,60,34.10728643828271,0.5879726890756303,39.31656504065039,33367.47967479658,411.94419351600715,0
714,128,1,0,239,0.0041841004184100415,0.0,1.0,239,6750,5200,1550,0.7703703703703704,83,52,31,193.54177260572965,0.4232453441627697,0.7929268028282328,0.12906103257057913,4355679.67494544,114051.19303833634,4469730.867983776,713,0,410.092050209205,87,152,66,34.07260046584088,0.5895223152022315,39.12168560606058,33392.42424242395,383.82096830372353,0
715,128,1,0,240,0.004166666666666667,0.0,1.0,240,6600,4600,2000,0.696969696969697,86,46,40,190.07564866064456,0.4236550586936309,0.7902576533194534,0.1271824028237001,4359547.306566322,111128.75643246979,4470676.062998792,714,0,409.37916666666666,91,149,66,34.045025161598204,0.5908420138888889,39.005887681159386,33407.2463768112,367.1125975473758,0
716,128,1,0,241,0.004149377593360996,0.0,1.0,241,4800,3400,1400,0.7083333333333334,62,34,28,190.27274784970695,0.42421334716459197,0.7917034519290207,0.12775455927051674,4363456.790123428,113049.38271604819,4476506.172839477,715,0,408.67634854771785,95,146,64,33.92065602836878,0.5918914246196404,38.88888888888887,33422.222222222,351.8128654970737,0
717,128,2,1,242,0.00823045267489712,0.00411522633744856,0.9958847736625515,243,6650,4700,1950,0.706766917293233,86,47,39,188.2423976561365,0.4247950889365031,0.7927317121644455,0.12716841415972563,4370377.86098784,109288.08144312973,4479665.94243097,716,0,406.30452674897117,103,140,53,33.76277628721096,0.5935785322359397,38.68189102564103,33448.717948717975,324.7448344535726,0
718,128,0,1,241,0.0,0.004132231404958678,0.9958677685950413,242,6550,4600,1950,0.7022900763358778,85,46,39,186.62425226665707,0.423644093709635,0.7918841393222291,0.1266497522058889,4375494.590273655,108364.68124132523,4483859.27151498,717,1,408.8264462809917,81,161,56,33.64927974542102,0.5950843663911846,38.528963414634156,33468.2926829269,413.1887985546531,0
719,128,0,0,241,0.0,0.0,1.0,241,5800,4300,1500,0.7413793103448276,73,43,30,184.0596167598344,0.4225924965421854,0.7871889564989047,0.12537092720531823,4379635.780816956,107222.81667296553,4486858.597489922,718,2,411.51452282157675,83,158,61,33.59035513944849,0.5960408022130014,38.40525793650794,33484.12698412699,403.4232166762288,0
720,128,0,0,241,0.0,0.0,1.0,241,7650,5400,2250,0.7058823529411765,99,54,45,181.2521163000903,0.422416724296911,0.7814033958764515,0.12394984173402503,4384083.1334427465,103074.8691944057,4487158.002637153,719,3,412.51452282157675,88,153,63,33.528605074083984,0.5972942600276625,38.27247191011236,33501.12359550561,380.6945863125638,0
721,128,0,0,241,0.0,0.0,1.0,241,6650,5100,1550,0.7669172932330827,82,51,31,180.18991788348418,0.4223771035039188,0.7799208217128082,0.12366769791733263,4388104.1691824645,103288.4259818325,4491392.595164297,720,4,413.51452282157675,90,151,67,33.43424408014572,0.5984180497925311,38.152472527472526,33516.4835164835,372.40537240537225,0
722,128,0,0,241,0.0,0.0,1.0,241,6300,4500,1800,0.7142857142857143,81,45,36,178.35485269547644,0.42225752074688794,0.7765017407655674,0.12274886948606246,4391202.8686681725,102138.46815945284,4493341.3368276255,721,5,414.51452282157675,92,149,72,33.3882094700533,0.5995418395573997,38.0600358422939,33528.315412186304,364.43821100202507,0
723,128,0,0,241,0.0,0.0,1.0,241,6200,4400,1800,0.7096774193548387,80,44,36,176.83329720609441,0.42224959658828953,0.7749855181582146,0.12198638770314155,4393804.370575552,100994.18282548421,4494798.553401036,722,6,415.51452282157675,94,147,70,33.349113519696445,0.6005359612724758,37.98245614035087,33538.24561403501,356.7898469578193,0
724,128,0,0,241,0.0,0.0,1.0,241,6600,5000,1600,0.7575757575757576,82,50,32,176.74221680725975,0.4220262793914246,0.7744662736202295,0.12223710075417334,4396659.588632622,100615.07244836437,4497274.661080986,723,7,416.51452282157675,96,145,71,33.2648761967195,0.6014436376210235,37.89733676975944,33549.1408934707,349.4702176403198,0
725,128,0,0,241,0.0,0.0,1.0,241,7400,5500,1900,0.7432432432432432,93,55,38,179.22899034261727,0.4216099008759797,0.7751772554904803,0.12446152483446732,4401166.044564595,102163.30929950393,4503329.3538641,724,8,417.51452282157675,98,143,70,33.06300070884992,0.6029132088520055,37.76304713804713,33566.329966329824,342.5135710849982,0
726,128,0,0,241,0.0,0.0,1.0,241,7800,5700,2100,0.7307692307692307,99,57,42,178.75252342077223,0.42165528469340713,0.7757421102614173,0.12457826550075562,4405149.849143306,101486.33031619921,4506636.179459505,725,9,418.51452282157675,100,141,55,32.95471669680533,0.6043827800829875,37.64438943894388,33581.518151815,335.81518151815,0
727,128,0,0,241,0.0,0.0,1.0,241,7500,4900,2600,0.6533333333333333,101,49,52,182.30601548029605,0.42153426118026743,0.7805348983952733,0.12749744157088683,4408990.44240012,105057.09596893375,4514047.538369054,726,10,419.51452282157675,103,138,57,32.745062965082965,0.6055930152143845,37.53004807692306,33596.15384615363,326.1762509335304,0
728,128,1,0,242,0.004132231404958678,0.0,1.0,242,6700,4900,1800,0.7313432835820896,85,49,36,181.91046108168902,0.42178266063120834,0.7818123622927151,0.1277929532169995,4413933.46098279,105488.13421425615,4519421.595197046,727,0,418.77685950413223,88,154,59,32.605680096265274,0.6069214876033058,37.38295880149815,33614.98127340847,381.9884235614599,0
729,128,0,0,242,0.0,0.0,1.0,242,5800,4500,1300,0.7758620689655172,71,45,26,178.12925037176925,0.42182195397963035,0.7759852766131976,0.1254607639104955,4416776.795005231,103151.42791074258,4519928.2229159735,728,1,419.77685950413223,92,150,61,32.61890295898355,0.6079545454545454,37.29838709677421,33625.80645161312,365.4978962131861,0
730,128,0,0,242,0.0,0.0,1.0,242,7450,5000,2450,0.6711409395973155,99,50,49,183.4269390461659,0.42163656081753026,0.7920043877732341,0.12435252305510028,4374343.201437051,104624.47675539844,4478967.67819245,729,2,420.77685950413223,95,147,61,33.76791594034474,0.5969783057851239,38.563368055555515,33463.88888888841,352.25146198829907,8
731,128,0,0,242,0.0,0.0,1.0,242,6300,4800,1500,0.7619047619047619,78,48,30,181.02625840888234,0.4212493427294446,0.788982597260911,0.12305202628553194,4377333.445775025,103782.45909934331,4481115.904874368,730,3,421.77685950413223,76,166,61,33.739719118559904,0.5982696280991735,38.47402597402599,33475.32467532484,440.4647983595373,0
732,128,0,0,242,0.0,0.0,1.0,242,6000,4300,1700,0.7166666666666667,77,43,34,180.0973911174963,0.4211146737080347,0.7880003509791762,0.12280849249505352,4380881.558641996,103397.06790123564,4484278.626543232,731,4,422.77685950413223,77,165,62,33.65613249281132,0.5992596418732783,38.36805555555557,33488.88888888905,434.92063492063704,0
733,128,0,0,242,0.0,0.0,1.0,242,6950,5400,1550,0.7769784172661871,85,54,31,180.38273674516395,0.42074424459609294,0.7891104920211229,0.12348131344362108,4385224.7681105435,102853.76898289216,4488078.537093435,732,5,423.77685950413223,78,164,63,33.51666918530462,0.6005079201101928,38.23839662447259,33505.485232067665,429.5575029752265,0
734,128,0,0,242,0.0,0.0,1.0,242,6550,4600,1950,0.7022900763358778,85,46,39,180.3198911782378,0.4205292028165472,0.7886945476459561,0.12393569300860084,4389714.739030334,103360.57680909266,4493075.315839427,733,6,424.77685950413223,80,162,66,33.381925689499965,0.6016270661157025,38.104423868312786,33522.633744856255,419.0329218107032,0
735,128,0,0,242,0.0,0.0,1.0,242,6850,5000,1850,0.7299270072992701,87,50,37,174.46203853457132,0.42009697598390544,0.7811641970002656,0.12052652044299192,4395428.722993863,98117.09104938467,4493545.814043247,734,7,425.77685950413223,83,159,68,33.361971403334515,0.603090564738292,37.93402777777781,33544.44444444472,404.14993306559904,0
736,128,0,1,241,0.0,0.004132231404958678,0.9958677685950413,242,6600,4700,1900,0.7121212121212122,85,47,38,173.07039117212426,0.4197111867448533,0.7790953509707779,0.12005285068984413,4399948.263017315,97300.15340350442,4497248.41642082,735,8,426.77685950413223,86,156,71,33.261412241046045,0.6046401515151515,37.799329501915736,33561.68582375508,390.2521607413381,0
737,128,0,0,241,0.0,0.0,1.0,241,6550,4800,1750,0.732824427480916,83,48,35,175.78395365298346,0.41939257722452744,0.7819680030699234,0.1223577249874464,4403779.972565207,100072.77091906941,4503852.743484276,736,9,428.49377593361,89,152,61,33.074111660195356,0.6058955739972338,37.68518518518522,33576.29629629667,377.26175613816486,0
738,128,0,0,241,0.0,0.0,1.0,241,7050,4500,2550,0.6382978723404256,96,45,51,175.96088629786567,0.41901437874596587,0.782674843096564,0.12283705733571063,4406989.761179901,99841.56485656912,4506831.32603647,737,10,429.49377593361,92,149,62,32.97220917989868,0.6071922544951591,37.58960573476706,33588.53046595028,365.0927224559813,0
739,128,0,0,241,0.0,0.0,1.0,241,6400,5100,1300,0.796875,77,51,26,176.42797678388996,0.41874639810972797,0.7838609162048946,0.12345832611018967,4409631.586642097,100996.47583872179,4510628.0624808185,738,11,430.49377593361,94,147,62,32.87992397343249,0.608143153526971,37.510964912280734,33598.596491228476,357.43187756626037,0
740,128,0,0,241,0.0,0.0,1.0,241,6450,4900,1550,0.7596899224806202,80,49,31,176.4557089618203,0.41844167819271555,0.7840584896805762,0.12392232360804332,4413590.474103266,101110.64723500467,4514701.121338271,739,12,431.49377593361,77,164,64,32.75931482234875,0.609137275242047,37.39316239316237,33613.67521367499,436.5412365412337,0
741,128,0,0,241,0.0,0.0,1.0,241,6300,5100,1200,0.8095238095238095,75,51,24,174.86240974624775,0.418063479714154,0.7818088920114126,0.1230460637426699,4415761.37415654,99930.13494988228,4515691.509106423,740,13,432.49377593361,78,163,66,32.735450864247106,0.6101746196403872,37.32858649789028,33621.94092826987,431.0505247214086,0
742,128,0,0,241,0.0,0.0,1.0,241,7000,5100,1900,0.7285714285714285,89,51,38,173.290739363739,0.41790787805440294,0.7800659453591641,0.12237891371120804,4419704.127755988,97978.7592135604,4517682.886969549,741,14,433.49377593361,82,159,66,32.65746135600239,0.6114713001383125,37.211345381526094,33636.94779116454,410.20668038005533,0
743,128,0,0,241,0.0,0.0,1.0,241,6650,4500,2150,0.6766917293233082,88,45,43,172.08403453904418,0.4176751959428308,0.7786415759433589,0.12191369580355241,4423186.312956546,97381.94925028799,4520568.262206835,742,15,434.49377593361,84,157,67,32.58388883709366,0.6128544260027662,37.107843137254896,33650.196078431305,400.59757236227745,0
744,128,0,0,241,0.0,0.0,1.0,241,7000,5200,1800,0.7428571428571429,88,52,36,169.92472426093656,0.4173589499769479,0.7759705879386796,0.1207737531551341,4426720.364152897,95241.84745179105,4521962.211604688,743,16,435.49377593361,87,154,67,32.53386893509769,0.6141511065006915,37.002840909090914,33663.636363636404,386.93834900731497,0
745,128,0,1,240,0.0,0.004149377593360996,0.995850622406639,241,6450,4400,2050,0.6821705426356589,85,44,41,172.21840111212862,0.4167812067773167,0.7786122000378144,0.1229655256604295,4431711.439626652,97994.45166456621,4529705.891291218,744,17,436.49377593361,91,150,66,32.322771897365286,0.6155342323651452,36.85461956521739,33682.608695652154,370.1385570950786,0
746,128,0,0,240,0.0,0.0,1.0,240,6850,4900,1950,0.7153284671532847,88,49,39,172.4089893190842,0.41660564853556487,0.7778062599273885,0.12354575868767545,4435628.524813399,98098.44619159566,4533726.971004995,745,18,438.34166666666664,92,148,63,32.19948377581119,0.6167534722222222,36.738351254480285,33697.4910394265,366.2770765155055,0
747,128,0,1,239,0.0,0.004166666666666667,0.9958333333333333,240,5650,3800,1850,0.672566371681416,75,38,37,173.71495724093452,0.4161999506043701,0.7798865430827333,0.12502017749847877,4440312.326690301,100619.73319348012,4540932.059883782,746,19,439.34166666666664,95,145,59,32.02372983178855,0.6180989583333334,36.599392361111114,33715.27777777781,354.8976608187138,0
748,128,0,0,239,0.0,0.0,1.0,239,6150,4500,1650,0.7317073170731707,78,45,33,173.41409297935846,0.4156492094745848,0.7786106369558243,0.125145908322134,4443276.8247605,100155.3640844087,4543432.188844909,747,20,441.8242677824268,97,142,60,31.942217314131252,0.6191596931659693,36.511479591836725,33726.53061224478,347.69619187881216,0
749,128,0,0,239,0.0,0.0,1.0,239,6400,4300,2100,0.671875,85,43,42,172.32912000564048,0.4154257937484617,0.7779896972417686,0.12477219976374093,4446826.562500018,99063.54166666766,4545890.104166686,748,21,442.8242677824268,79,160,63,31.863762102351362,0.620423640167364,36.406250000000014,33740.00000000013,427.08860759493837,0
750,128,0,1,238,0.0,0.0041841004184100415,0.99581589958159,239,6750,5200,1550,0.7703703703703704,83,52,31,169.39084874573788,0.4151254644117061,0.7730543471869444,0.1231902585367299,4451609.3158464,96262.37605913095,4547871.691905531,749,22,443.8242677824268,85,154,64,31.79709745568109,0.6217311715481171,36.26453488372093,33758.139534883696,397.1545827633376,0
751,128,0,0,238,0.0,0.0,1.0,238,6150,4100,2050,0.6666666666666666,82,41,41,167.75232197329953,0.4152590888676146,0.7702043896828392,0.12248172319380324,4455857.2317636525,95746.07940197409,4551603.311165626,750,23,445.8781512605042,87,151,67,31.712397006265615,0.6232055322128851,36.138731060606055,33774.24242424237,388.20968303726863,0
752,128,0,0,238,0.0,0.0,1.0,238,6300,4500,1800,0.7142857142857143,81,45,36,166.78383076402787,0.4151043328723895,0.7692995823373192,0.12223668419235019,4459918.244170086,94868.44993141243,4554786.694101498,751,24,446.8781512605042,89,149,69,31.615734245294004,0.6244747899159664,36.01851851851851,33789.62962962956,379.65875988347824,0
753,128,0,0,238,0.0,0.0,1.0,238,6200,4200,2000,0.6774193548387096,82,42,40,166.54723471983894,0.4149469914548098,0.7681044157075942,0.12248681071792798,4463623.564317242,94880.83229346953,4558504.396610712,752,25,447.8781512605042,90,148,73,31.51051825524105,0.6252626050420168,35.90888278388278,33803.66300366298,375.59625559625533,0
754,128,0,0,238,0.0,0.0,1.0,238,6850,4800,2050,0.7007299270072993,89,48,41,170.66418635310865,0.41439814322353413,0.7733554063269261,0.12610745347349994,4468651.169772608,98077.74319702046,4566728.912969628,753,26,448.8781512605042,93,145,67,31.250567903823303,0.6265756302521008,35.76019503546097,33822.695035460696,363.6848928544161,0
755,128,0,0,238,0.0,0.0,1.0,238,6800,4700,2100,0.6911764705882353,89,47,42,169.513980121707,0.41418576924440664,0.7720796928042748,0.12555665340762978,4471190.1799104465,97185.84865554071,4568376.028565987,754,27,449.8781512605042,96,142,65,31.204631021546856,0.627407212885154,35.68513745704465,33832.30240549797,352.4198167239372,0
756,128,0,0,238,0.0,0.0,1.0,238,6400,4400,2000,0.6875,84,44,40,169.95705973692196,0.4138241794608139,0.7734700216398516,0.12618645388187516,4473733.777352609,98068.52776891911,4571802.305121528,755,28,450.8781512605042,96,142,58,31.11647034930949,0.6285889355742297,35.6099656357388,33841.924398625095,352.5200458190114,0
757,128,0,0,238,0.0,0.0,1.0,238,6250,4300,1950,0.688,82,43,39,168.97309916729273,0.4135689613398102,0.7717945390603616,0.12581725188867626,4476785.609253945,97441.26774063331,4574226.876994578,756,29,451.8781512605042,100,138,60,31.050798107419496,0.6297706582633054,35.51980198019799,33853.46534653427,338.5346534653427,0
758,128,0,0,238,0.0,0.0,1.0,238,6900,5000,1900,0.7246376811594203,88,50,38,170.78938222364877,0.41338391896843124,0.7735142268473731,0.12754958495443125,4479944.974733938,98525.4069261481,4578470.381660087,757,30,452.8781512605042,105,133,61,30.90785914150228,0.6309523809523809,35.426493710691794,33865.40880503105,322.52770290505765,0
759,128,0,0,238,0.0,0.0,1.0,238,7100,5200,1900,0.7323943661971831,90,52,38,168.73636434099268,0.4129377489392381,0.7709459559358522,0.12645274104915924,4483598.654363716,96609.22722030041,4580207.881584017,758,31,453.8781512605042,84,154,64,30.852490199709894,0.632265406162465,35.3186274509804,33879.21568627458,403.3239962651736,0
760,128,0,0,238,0.0,0.0,1.0,238,5850,4000,1850,0.6837606837606838,77,40,37,168.50661378097885,0.41268068408798114,0.7701999254637479,0.12665174519667116,4486694.2148760315,97757.52984389346,4584451.744719925,759,32,454.8781512605042,87,151,64,30.765677157844536,0.6331407563025211,35.22727272727273,33890.90909090908,389.5506792058515,0
761,128,0,1,237,0.0,0.004201680672268907,0.9957983193277311,238,5400,3300,2100,0.6111111111111112,75,33,42,170.4049100233267,0.4122322979824841,0.7726807584115298,0.12855346412159768,4490589.572023735,100043.70239447891,4590633.274418214,760,33,455.8781512605042,88,150,66,30.598544096854003,0.6341036414565826,35.1123595505618,33905.6179775281,385.29111338100114,0
762,128,0,0,237,0.0,0.0,1.0,237,6150,4100,2050,0.6666666666666666,82,41,41,184.66266849739404,0.41165164843023666,0.7868537244244207,0.13006893680266043,4416831.912221563,109574.79344305639,4526406.70566462,761,34,458.61603375527426,81,156,64,32.4455996131528,0.6117264416315049,37.296747967479675,33626.016260162614,415.13600321188414,8
763,128,1,0,238,0.004201680672268907,0.0,1.0,238,5600,4100,1500,0.7321428571428571,71,41,30,179.93960800325203,0.4115759700504675,0.7818586606187996,0.12762060802403707,4424400.625857372,106024.98285322497,4530425.608710596,762,0,457.6848739495798,89,149,65,32.34063880207186,0.6133140756302521,37.07175925925928,33654.81481481507,378.1439866833154,0
764,128,0,0,238,0.0,0.0,1.0,238,5200,3800,1400,0.7307692307692307,66,38,28,183.55063229095106,0.4113665508397452,0.7853648390049079,0.13055361874215607,4427517.361111138,109734.7222222235,4537252.083333362,763,1,458.6848739495798,89,149,67,32.15140264026404,0.6141456582633054,36.979166666666686,33666.666666666875,378.2771535580548,0
765,128,1,0,239,0.0041841004184100415,0.0,1.0,239,7800,6100,1700,0.782051282051282,95,61,34,181.491741627375,0.4120093644152221,0.7840467506136999,0.12950512411038206,4431025.0000000335,105238.88888889043,4536263.888888924,764,0,457.7615062761506,94,145,64,32.09949854842968,0.615542189679219,36.87500000000002,33680.000000000255,358.2978723404282,0
766,128,1,0,240,0.004166666666666667,0.0,1.0,240,6650,4700,1950,0.706766917293233,86,47,39,181.55463687314995,0.4118556775918178,0.785738175993969,0.13002840187392872,4435035.430839024,106390.24943310741,4541425.680272131,765,0,456.85,97,143,67,31.976634633502933,0.6170138888888889,36.755952380952394,33695.23809523826,347.3735886107037,0
767,128,0,1,239,0.0,0.004166666666666667,0.9958333333333333,240,6050,3800,2250,0.628099173553719,83,38,45,186.55088518491894,0.4115186250581125,0.7918136755818337,0.13415798239840332,4439504.630537339,111588.70372185853,4551093.334259197,766,1,457.85,100,140,55,31.71003511245121,0.6181423611111111,36.623349834983514,33712.21122112232,337.1221122112232,0
768,128,0,2,237,0.0,0.008368200836820083,0.9916317991631799,239,5350,3600,1750,0.6728971962616822,71,36,35,188.2848568434179,0.410640302145963,0.792586636906724,0.12959077976876976,4391269.929846969,112211.92602040958,4503481.855867379,767,2,460.7573221757322,83,156,66,33.12606518960375,0.603207810320781,38.05803571428574,33528.57142857166,403.95869191050195,8
769,128,0,0,237,0.0,0.0,1.0,237,7150,5300,1850,0.7412587412587412,90,53,37,189.2532306243312,0.4096589012848935,0.792837828218262,0.13068923219142792,4394954.714635574,111801.87563848503,4506756.590274059,768,6,465.41350210970467,85,152,63,32.98874316308452,0.6045182841068917,37.94815891472871,33542.635658915,394.61924304605884,0
770,128,0,0,237,0.0,0.0,1.0,237,7050,5400,1650,0.7659574468085106,87,54,33,183.24414475454768,0.4096738003289709,0.7850099088433979,0.1222527294791459,4356223.769703938,105200.49980776515,4461424.2695117025,769,7,466.41350210970467,84,153,65,34.32465122833387,0.5915084388185654,39.10539215686273,33394.50980392139,397.5536881419213,8
771,128,0,0,237,0.0,0.0,1.0,237,7150,4900,2250,0.6853146853146853,94,49,45,183.0062842756096,0.4095233199837898,0.7855237671443078,0.12256474930674535,4360588.625173561,105053.02430949936,4465641.64948306,770,8,467.41350210970467,88,149,61,34.197792425193555,0.592739099859353,38.974719101123576,33411.23595505596,379.6731358529087,0
772,128,0,0,237,0.0,0.0,1.0,237,6200,4400,1800,0.7096774193548387,80,44,36,185.00586463640593,0.40953747407566327,0.7875850850698114,0.12423222779573243,4363584.3178493995,107857.73792751688,4471442.055776916,771,9,468.41350210970467,90,147,62,34.05429398097406,0.5938379043600562,38.88507326007324,33422.7106227104,371.3634513634489,0
773,128,0,0,237,0.0,0.0,1.0,237,6300,5000,1300,0.7936507936507936,76,50,26,185.78186743313333,0.40944956971560703,0.7879718344254973,0.1252778854546925,4368324.7340732785,108611.10533009496,4476935.839403373,772,10,469.41350210970467,92,145,58,33.8896034297964,0.5952883263009845,38.74327956989246,33440.86021505357,363.487611033191,0
774,128,0,0,237,0.0,0.0,1.0,237,5700,4200,1500,0.7368421052631579,72,42,30,185.4784981751834,0.4093691148775895,0.7879200690048671,0.12536943027988914,4370990.903689435,109044.96567074007,4480035.869360175,773,11,470.41350210970467,93,144,59,33.816334859856674,0.5961673699015471,38.66356382978722,33451.0638297871,359.6888583848075,0
775,128,0,0,237,0.0,0.0,1.0,237,6050,4400,1650,0.7272727272727273,77,44,33,185.96700291391585,0.4092998343226299,0.7891629794556427,0.1260745348398382,4374343.201437073,109246.6989776216,4483589.900414694,774,12,471.41350210970467,95,142,60,33.7015093660939,0.597134317862166,38.56336805555553,33463.88888888857,352.2514619883007,0
776,128,1,0,238,0.004201680672268907,0.0,1.0,238,6650,4600,2050,0.6917293233082706,87,46,41,185.24173569452904,0.4099574956564904,0.7881415331136914,0.12634920017127932,4381172.265625031,108065.19097222365,4489237.456597255,775,0,470.42857142857144,79,159,61,33.512698649679834,0.5986081932773109,38.35937500000002,33490.00000000023,423.9240506329143,0
777,128,1,0,239,0.0041841004184100415,0.0,1.0,239,6700,4600,2100,0.6865671641791045,88,46,42,182.6157926953673,0.41031726498130633,0.7866330754802828,0.12517482517482548,4386697.530864233,105716.04938271792,4492413.580246951,776,0,469.4560669456067,80,159,66,33.41346153846155,0.6000697350069735,38.19444444444447,33511.111111111386,418.8888888888923,0
778,128,0,0,239,0.0,0.0,1.0,239,5100,3100,2000,0.6078431372549019,71,31,40,181.5061726404506,0.410174425418703,0.7855550794946993,0.12480567765514304,4390202.990677604,106469.78839051162,4496672.779068116,777,1,470.4560669456067,82,157,68,33.33602871883338,0.601115760111576,38.08985943775103,33524.49799196814,408.8353413654652,0
779,128,0,0,239,0.0,0.0,1.0,239,7100,5400,1700,0.7605633802816901,88,54,34,178.3925852187378,0.41003012083494483,0.7807553683858763,0.12313927842180299,4394502.275955608,101889.32435147051,4496391.600307079,778,2,471.4560669456067,87,152,64,33.28707781843371,0.6024668758716876,37.96164772727275,33540.90909090932,385.52769070010714,0
780,128,1,0,240,0.004166666666666667,0.0,1.0,240,7200,4800,2400,0.6666666666666666,96,48,48,179.12239591265444,0.4106440318456532,0.7848176327440122,0.1173742085954451,4335700.230782656,100124.20265936806,4435824.4334420245,779,0,470.4875,90,150,60,35.05851071627529,0.5840277777777778,39.72069597069598,33315.75091575098,370.17501017501087,8
781,128,0,1,239,0.0,0.004166666666666667,0.9958333333333333,240,6950,5000,1950,0.7194244604316546,89,50,39,184.53377998405705,0.4108982740585774,0.7899445136941257,0.12159525666711246,4342081.716984302,105302.15044695504,4447383.867431257,780,1,471.4875,76,164,61,34.72265503272051,0.5855902777777777,39.52922077922077,33340.259740259644,438.6876281613111,0
782,128,0,0,239,0.0,0.0,1.0,239,6350,4600,1750,0.7244094488188977,81,46,35,181.61583875728326,0.41045424445929,0.785582104345316,0.11993838064466093,4344619.140624984,103660.32986111015,4448279.470486094,781,2,474.44351464435147,79,160,62,34.721181076128595,0.5866457461645747,39.453124999999986,33349.999999999876,422.15189873417563,0
783,128,0,0,239,0.0,0.0,1.0,239,6050,3800,2250,0.628099173553719,83,38,45,181.9947257482728,0.4105311580699225,0.7862788437070918,0.12023428382134953,4345053.396267348,104305.36024305492,4449358.756510403,782,3,475.44351464435147,79,160,62,34.69805148834808,0.587386680613668,39.44010416666666,33351.66666666656,422.1729957805894,0
784,128,0,0,239,0.0,0.0,1.0,239,5950,3700,2250,0.6218487394957983,82,37,45,180.20903499476455,0.41023961886009636,0.7847770117757389,0.11969382707964225,4351161.432880088,103073.72058515064,4454235.153465238,783,4,476.44351464435147,82,157,65,34.558204177897586,0.5886942119944212,39.25702811244978,33375.10040160622,407.0134195317832,0
785,128,0,0,239,0.0,0.0,1.0,239,5800,4400,1400,0.7586206896551724,72,44,28,162.52819178631916,0.4100652813426626,0.7636284503623916,0.1074814701765026,4346198.356074896,87675.95199150326,4433874.308066399,784,5,477.44351464435147,87,152,66,35.170385721856285,0.5896094839609485,39.40577651515147,33356.06060606016,383.4029954719558,8
786,128,0,0,239,0.0,0.0,1.0,239,7000,4700,2300,0.6714285714285714,93,47,46,162.90099721308516,0.41018907563025214,0.7628638079630741,0.10814328223615274,4350586.088972028,86942.96247098233,4437529.051443011,785,6,478.44351464435147,90,149,69,35.0270192152903,0.5906990934449093,39.274267399267366,33372.89377289339,370.8099308099265,0
787,128,0,0,239,0.0,0.0,1.0,239,5950,4000,1950,0.6722689075630253,79,40,39,164.1637604228884,0.4101487875484922,0.7634601737955686,0.1094268454564688,4355224.91360588,89244.01986099602,4444468.933466876,786,7,479.44351464435147,92,147,72,34.852851724631435,0.5917451185495118,39.13530465949817,33390.68100358376,362.94218482156265,0
788,128,0,0,239,0.0,0.0,1.0,239,7800,6300,1500,0.8076923076923077,93,63,30,163.5061760485303,0.4101055694244225,0.7623439132679721,0.10957937380299233,4361358.277060957,87021.80285196679,4448380.079912923,787,8,480.44351464435147,93,146,70,34.6833832123502,0.5933577405857741,38.951684397163085,33414.18439716269,359.29230534583536,0
789,128,0,0,239,0.0,0.0,1.0,239,6400,4500,1900,0.703125,83,45,38,163.8322526520895,0.40991511667428476,0.7629331744260639,0.11004969217485149,4363950.631255917,88791.17247623106,4452741.803732148,788,9,481.44351464435147,93,146,74,34.59602925366374,0.5943165969316597,38.87411347517727,33424.11347517688,359.39906962555784,0
790,128,1,0,240,0.004166666666666667,0.0,1.0,240,7300,5400,1900,0.7397260273972602,92,54,38,199.3548425492253,0.41036436541143656,0.7943765696405796,0.12305285313031984,4265840.629193808,114783.19739460207,4380623.82658841,789,0,480.43333333333334,97,143,56,36.679283832187366,0.5669270833333333,41.82610544217684,33046.258503401,340.68307735464947,8
791,128,1,0,241,0.004149377593360996,0.0,1.0,241,6350,4800,1550,0.7559055118110236,79,48,31,197.6868916121845,0.410889234670355,0.795853539066514,0.12274858725650038,4272877.67550589,114388.38118197152,4387266.056687861,790,0,479.4356846473029,77,164,60,36.50528047687961,0.5687240663900415,41.61324786324787,33073.504273504346,429.52602952603047,0
792,128,2,1,242,0.00823045267489712,0.00411522633744856,0.9958847736625515,243,7750,5500,2250,0.7096774193548387,100,55,45,195.64015310709166,0.41159561382625354,0.7949397336247779,0.12215059741268246,4279415.009435338,111095.08153094337,4390510.0909662815,791,0,476.48148148148147,82,161,62,36.35671471558923,0.5705161179698217,41.415662650602414,33098.79518072294,403.64384366735294,0
793,128,1,0,243,0.00411522633744856,0.0,1.0,243,6300,4600,1700,0.7301587301587301,80,46,34,193.9404940646879,0.41182589078211973,0.7942015048902866,0.12167843684886721,4285140.701054626,111312.4609398475,4396453.161994474,792,0,477.4115226337449,85,158,64,36.22438132908925,0.5721021947873799,41.24273255813954,33120.93023255816,389.65800273597836,0
794,128,1,0,244,0.004098360655737705,0.0,1.0,244,6900,5400,1500,0.782608695652174,84,54,30,192.15745449724196,0.4123992978254514,0.7939086001986944,0.1212601978547029,4291954.549571302,109246.21221269525,4401200.761783997,793,0,476.45081967213116,90,154,65,36.060922512487245,0.5736424180327868,41.037087912087905,33147.2527472527,368.30280830280776,0
795,128,2,0,246,0.008130081300813009,0.0,1.0,246,6650,4900,1750,0.7368421052631579,84,49,35,207.3230535418411,0.41367803218848515,0.8030944800534852,0.13015696393836038,4285885.770975014,121862.58503401176,4407748.356009026,794,0,473.5691056910569,90,156,63,35.855137051945526,0.5703760162601625,41.22023809523807,33123.80952380919,368.04232804232436,8
796,128,0,0,246,0.0,0.0,1.0,246,6500,4100,2400,0.6307692307692307,89,41,48,205.4394942556843,0.4135988745091532,0.8009842556684006,0.12920451553107742,4287983.533272918,120484.23369045579,4408467.766963374,795,1,474.5691056910569,93,153,64,35.839255644033436,0.5717733739837398,41.156914893616985,33131.91489361659,356.25714939372676,0
797,128,2,0,248,0.008064516129032258,0.0,1.0,248,6900,5500,1400,0.7971014492753623,83,55,28,206.51173799778516,0.41424751588959996,0.8048027160589957,0.13068567236653522,4295256.249999928,120904.16666666392,4416160.4166665925,796,0,471.73387096774195,99,149,61,35.58755528749496,0.5735467069892473,40.93749999999996,33159.99999999944,334.9494949494893,0
798,128,1,1,248,0.004016064257028112,0.004016064257028112,0.9959839357429718,249,6300,4500,1800,0.7142857142857143,81,45,36,204.08256586708518,0.41470789070259534,0.8029524287977783,0.12959618544644097,4299309.208836623,119382.81095906981,4418692.0197956925,797,0,470.83534136546183,103,146,51,35.52579671780598,0.5747573627844712,40.81530448717944,33175.6410256404,322.0936021906835,0
799,128,0,1,247,0.0,0.004032258064516129,0.9959677419354839,248,6200,4600,1600,0.7419354838709677,78,46,32,207.6967044229658,0.41398733729485,0.8073859892746154,0.1324210759366406,4303993.865205021,122985.06833194586,4426978.933536966,798,2,473.73387096774195,105,143,55,35.288022471484254,0.5758568548387097,40.67413522012574,33193.71069182332,316.13057801736494,0
800,128,1,0,248,0.004032258064516129,0.0,1.0,248,7150,5500,1650,0.7692307692307693,88,55,33,207.91374207305398,0.41393224065125594,0.8088518582445152,0.13349848003292009,4312214.82111366,122563.74401612655,4434778.565129787,799,0,474.125,83,165,59,35.02969934390729,0.5777889784946236,40.426587301587325,33225.39682539706,400.3059858481573,0
801,128,0,0,248,0.0,0.0,1.0,248,6250,4500,1750,0.72,80,45,35,205.29552302526133,0.41406284010273825,0.8067589426009789,0.13219213567493848,4315511.621315226,121341.04308390185,4436852.6643991275,800,1,475.125,83,165,64,34.99641833810888,0.5787970430107527,40.32738095238098,33238.0952380955,400.4589787722349,0
802,128,1,0,249,0.004016064257028112,0.0,1.0,249,7050,5000,2050,0.7092198581560284,91,50,41,183.51954620109575,0.41420520792848814,0.7968119504789042,0.11591156697098992,4292990.912565363,100719.54882388494,4393710.461389247,801,0,474.2128514056225,92,157,64,36.252775014776056,0.5713269745649263,41.00582437275986,33151.254480286785,360.3397226118129,8
803,128,1,1,249,0.004,0.004,0.996,250,6250,4500,1750,0.72,80,45,35,179.17020938924068,0.41486044176706827,0.7917825819419952,0.11353345969018698,4296807.240328075,97721.97059095633,4394529.210919032,802,0,473.312,97,153,66,36.24826509961576,0.5725416666666667,40.89073129251699,33165.9863945576,341.9173855109031,0
804,128,0,0,249,0.0,0.0,1.0,249,7800,5700,2100,0.7307692307692307,99,57,42,184.63740306848854,0.4144697067841257,0.7994221646559203,0.11767650761345987,4303570.789628453,101320.02690367997,4404890.816532132,803,1,475.855421686747,100,149,57,35.8989911042172,0.5742135207496653,40.686881188118804,33192.07920792068,331.9207920792068,0
805,128,0,0,249,0.0,0.0,1.0,249,7200,5400,1800,0.75,90,54,36,186.88673638650255,0.414404256812195,0.8000347615862442,0.11966609647118293,4308999.644722103,104058.97613854433,4413058.620860647,804,2,476.855421686747,81,168,57,35.67410000326386,0.5755940428380187,40.52337398373987,33213.00813008166,410.03713740841556,0
806,128,1,0,250,0.004,0.0,1.0,250,7450,5500,1950,0.738255033557047,94,55,39,184.496565433502,0.41495716198125837,0.7966003738658625,0.11863275196872007,4313881.795583726,101729.27499426319,4415611.070577989,805,0,475.944,87,163,59,35.58645458137665,0.5773333333333333,40.37642045454549,33231.81818181856,381.97492163009844,0
807,128,0,0,250,0.0,0.0,1.0,250,7150,5000,2150,0.6993006993006993,93,50,43,181.7330494123123,0.41519042838018744,0.7918575510726305,0.1175474430226352,4320722.4312786525,99893.61262009162,4420616.0438987445,806,1,476.944,93,157,65,35.44869812769226,0.5787083333333334,40.170656028368825,33258.15602836914,357.61458095020583,0
808,128,1,1,250,0.00398406374501992,0.00398406374501992,0.9960159362549801,251,6100,3600,2500,0.5901639344262295,86,36,50,179.37400993416964,0.41546347941567063,0.789046643229971,0.11635045196101429,4323994.892174614,98822.46054884754,4422817.352723462,807,0,476.0398406374502,97,154,66,35.409851149096255,0.5798887782204516,40.07227891156466,33270.74829932016,342.99740514763056,0
809,128,1,1,250,0.00398406374501992,0.00398406374501992,0.9960159362549801,251,7200,5800,1400,0.8055555555555556,86,58,28,182.97650093315144,0.416441567065073,0.793408475576995,0.11917339060776695,4328711.419753136,101010.49382716256,4429721.913580298,808,0,476.38247011952194,98,153,64,35.17189586114822,0.5811752988047809,39.930555555555586,33288.888888889276,339.6825396825436,0
810,128,0,0,250,0.0,0.0,1.0,250,7100,5300,1800,0.7464788732394366,89,53,36,181.95411992985973,0.4162342704149933,0.7924389122334092,0.11884967968282424,4332030.873879498,100546.17303314622,4432577.046912644,809,1,476.06,100,150,67,35.09697336081825,0.5826666666666667,39.8308580858086,33301.65016501674,333.0165016501674,0
811,128,2,1,251,0.007936507936507936,0.003968253968253968,0.996031746031746,252,7400,5200,2200,0.7027027027027027,96,52,44,189.18946802883428,0.4168708762832269,0.8045387398288051,0.11759988531231033,4274163.695721866,103925.35117235628,4378089.046894222,810,0,473.2738095238095,78,174,56,36.68522628705545,0.562334656084656,41.574367088607616,33078.481012658434,424.0830899058774,7
812,128,1,0,252,0.003968253968253968,0.0,1.0,252,6550,4600,1950,0.7022900763358778,85,46,39,189.4133494930155,0.4167101435527731,0.8039035457011878,0.11844151706627155,4281198.360764102,105233.22427126749,4386431.58503537,811,0,474.26190476190476,81,171,60,36.46283562540932,0.5639054232804233,41.361788617886184,33105.69105691062,408.7122352705015,0
813,128,4,1,255,0.015625,0.00390625,0.99609375,256,6850,5000,1850,0.7299270072992701,87,50,37,185.57606589875024,0.4188680810866013,0.8003175669033631,0.11665012551710632,4287358.973370918,101076.24227477609,4388435.215645694,812,0,467.8359375,86,170,66,36.3726079782887,0.5657552083333333,41.17576628352491,33129.501915708846,385.2267664617308,0
814,128,1,0,256,0.00390625,0.0,1.0,256,8000,5900,2100,0.7375,101,59,42,188.57935689522708,0.4186756408292484,0.8017181354199252,0.11894801104643146,4291419.144375867,102654.6124828537,4394073.756858721,813,0,468.8046875,89,167,66,36.1700394076193,0.5672607421875,41.05324074074075,33145.18518518526,372.4178110694973,0
815,128,2,0,258,0.007751937984496124,0.0,1.0,258,5800,3700,2100,0.6379310344827587,79,37,42,185.50679564990278,0.41976059230436663,0.7996867005721677,0.11741144015055577,4295438.050169275,101966.58971991343,4397404.639889188,814,0,466.16279069767444,94,164,68,36.12613041576726,0.5686773255813953,40.932017543859644,33160.701754385904,352.77342291899896,0
816,128,2,2,258,0.007692307692307693,0.007692307692307693,0.9923076923076923,260,8050,5800,2250,0.7204968944099379,103,58,45,184.24811430313113,0.4210217428967429,0.7992922276872192,0.11712421450929986,4300540.717512463,98423.30353709988,4398964.021049563,815,0,463.5692307692308,101,159,59,36.00207323799392,0.5706330128205128,40.778186274509785,33180.392156862494,328.51873422636135,0
817,128,0,0,258,0.0,0.0,1.0,258,7700,5100,2600,0.6623376623376623,103,51,52,197.64767217090923,0.4200044113654873,0.8123476665373799,0.12505115077942658,4295020.741864687,110480.17031106616,4405500.912175753,816,1,468.15503875968994,87,171,62,35.824432640316836,0.5681120801033592,40.94460227272729,33159.09090909105,381.1389759665638,8
818,128,0,1,257,0.0,0.003875968992248062,0.9961240310077519,258,8050,5400,2650,0.6708074534161491,107,54,53,225.01533524795536,0.4198061512784162,0.8321793918799336,0.14579395982042037,4322714.709181209,134885.419893535,4457600.129074744,817,2,469.15503875968994,78,180,60,34.262853035684095,0.5759043927648579,40.11075949367088,33265.82278481003,426.48490749756445,8
819,128,2,0,259,0.007722007722007722,0.0,1.0,259,7250,4900,2350,0.6758620689655173,96,49,47,223.1001448778122,0.42026765137230254,0.83033218516144,0.14511079966647397,4327161.009071978,134028.04960671547,4461189.058678693,818,0,468.24710424710423,81,178,60,34.17602024199196,0.5773005148005148,39.97713414634146,33282.92682926827,410.90033122553416,0
820,128,1,2,258,0.0038461538461538464,0.007692307692307693,0.9923076923076923,260,7850,5600,2250,0.7133757961783439,101,56,45,219.7551922742838,0.4205991362241362,0.8277419471719991,0.1435508532917859,4332111.68781238,130550.80738177612,4462662.495194156,819,0,467.4423076923077,84,176,60,34.11102606374628,0.578886217948718,39.82843137254902,33301.96078431372,396.45191409897285,0
821,128,0,1,257,0.0,0.003875968992248062,0.9961240310077519,258,9050,7300,1750,0.8066298342541437,108,73,35,217.78859603064828,0.4195931237997567,0.825463518740829,0.1428487405460872,4336806.25000002,128251.38888888992,4465057.6388889095,820,1,472.0,89,169,51,34.01819060957717,0.5805878552971576,39.687500000000014,33320.00000000015,374.38202247191185,0
822,128,0,1,256,0.0,0.0038910505836575876,0.9961089494163424,257,7800,5600,2200,0.717948717948718,100,56,44,219.82423099574055,0.41888958130674453,0.8259012994213639,0.1450207336856796,4343434.917355385,131758.4481175397,4475193.365472924,821,3,474.83268482490274,76,181,54,33.76196534593481,0.5820363164721141,39.488636363636374,33345.454545454646,438.75598086124535,0
823,128,0,0,256,0.0,0.0,1.0,256,6500,4900,1600,0.7538461538461538,81,49,32,219.28236623121154,0.41808172487745093,0.8273506475031043,0.1441140410525878,4339080.542343742,132596.7697185877,4471677.31206233,822,4,477.67578125,86,170,55,33.90956223846964,0.5799967447916667,39.6192528735632,33328.735632183685,387.5434375835312,8
824,128,1,0,257,0.0038910505836575876,0.0,1.0,257,6900,4800,2100,0.6956521739130435,90,48,42,216.48867729051818,0.4185798931987678,0.8271489002081236,0.1432211685181186,4346637.695893685,129899.56908902648,4476537.2649827115,823,0,476.81322957198444,70,187,57,33.750750623956186,0.5814688715953307,39.39260563380283,33357.74647887334,476.53923541247633,0
825,128,0,2,255,0.0,0.007782101167315175,0.9922178988326849,257,7500,5500,2000,0.7333333333333333,95,55,40,215.85958062205486,0.41836710136997407,0.8269727393242277,0.14315692982071462,4349445.422346547,128873.89296124884,4478319.315307796,824,1,477.81322957198444,71,186,57,33.681172188615754,0.5829280155642023,39.30844907407408,33368.518518518606,469.97913406364233,0
826,128,0,1,254,0.0,0.00392156862745098,0.996078431372549,255,7900,6300,1600,0.7974683544303798,95,63,32,220.05354354982785,0.41764384231382845,0.8279476918164164,0.14681805823592614,4356283.002943213,132823.10230070777,4489106.105243921,825,2,482.33725490196076,75,180,58,33.36250109447509,0.584109477124183,39.10361842105263,33394.73684210526,445.2631578947368,0
827,128,1,0,255,0.00392156862745098,0.0,1.0,255,8350,6300,2050,0.7544910179640718,104,63,41,221.6442324765754,0.4177030260923267,0.8278297457596897,0.14843265311590942,4360519.325606647,133946.7918246716,4494466.117431318,826,0,483.2823529411765,78,177,59,33.19136441705395,0.5857843137254901,38.97679324894514,33410.97046413498,428.34577518121773,0
828,128,0,0,255,0.0,0.0,1.0,255,7650,5600,2050,0.7320261437908496,97,56,41,218.53335981185657,0.417742910812619,0.8259034301261001,0.14693676157379892,4365052.615017375,132131.92274305632,4497184.537760431,827,1,484.2823529411765,79,176,60,33.13395364876768,0.5871323529411765,38.84114583333334,33428.333333333445,423.1434599156132,0
829,128,2,1,256,0.007782101167315175,0.0038910505836575876,0.9961089494163424,257,7250,4900,2350,0.6758620689655173,96,49,47,221.57888863901158,0.41800674854085607,0.829939647810997,0.14999344861637975,4372665.560179666,135128.0750429375,4507793.635222604,828,0,481.5058365758755,86,171,56,32.82173285694653,0.589291504539559,38.613505747126425,33457.4712643677,389.0403635391593,0
830,128,0,1,255,0.0,0.00390625,0.99609375,256,7400,5200,2200,0.7027027027027027,96,52,44,200.35225215029473,0.4175675934436274,0.8073366855053192,0.13452222644376893,4363456.790123444,116245.67901234493,4479702.469135789,829,1,484.38671875,92,164,63,33.65746897163118,0.5921630859375,38.88888888888888,33422.22222222212,363.28502415458826,8
831,128,0,1,254,0.0,0.00392156862745098,0.996078431372549,255,7700,5900,1800,0.7662337662337663,95,59,36,200.2990665320918,0.4172128300138953,0.8058436596148078,0.13488578334237517,4366807.312147932,116233.4856697482,4483040.79781768,830,2,487.27450980392155,96,159,68,33.55662103272486,0.5939542483660131,38.788659793814425,33435.05154639167,348.28178694157987,0
832,128,1,0,255,0.00392156862745098,0.0,1.0,255,7850,5500,2350,0.7006369426751592,102,55,47,193.76599147765873,0.41631606710925845,0.7983581993510007,0.13120725708630057,4373019.031141879,110618.47366397576,4483637.5048058545,831,0,488.2,101,154,59,33.53795514924206,0.5956290849673203,38.602941176470594,33458.82352941185,331.27548048922625,0
833,128,0,1,254,0.0,0.00392156862745098,0.996078431372549,255,6900,4600,2300,0.6666666666666666,92,46,46,190.80688170781158,0.4159809067984149,0.7933695742785822,0.12971036725771268,4377419.947327039,109148.37001500747,4486568.317342047,832,1,489.2,88,167,61,33.481297083613,0.5968954248366013,38.471441947565516,33475.65543071131,380.40517534899215,0
834,128,0,0,254,0.0,0.0,1.0,254,6500,4300,2200,0.6615384615384615,87,43,44,190.189166413448,0.41485377568910603,0.7931068658226352,0.12960041388131213,4380106.387174166,109309.75651577296,4489416.143689939,833,2,492.0590551181102,89,165,62,33.41568781430194,0.598261154855643,38.391203703703674,33485.92592592558,376.2463587182649,0
835,128,0,0,254,0.0,0.0,1.0,254,7800,5500,2300,0.7051282051282052,101,55,46,189.0476690971584,0.4143791561627919,0.7917970317297154,0.12937844920627814,4384927.043950815,107192.04736399758,4492119.091314812,834,3,493.0590551181102,91,163,67,33.29890849842835,0.5997375328083989,38.24728260869563,33504.347826086676,368.1796464405129,0
836,128,0,0,254,0.0,0.0,1.0,254,7300,5300,2000,0.726027397260274,93,53,40,188.47979856946395,0.41421511416804124,0.7914858477286049,0.12952436986310242,4389545.050865095,107368.11339972606,4496913.164264821,835,4,494.0590551181102,93,161,71,33.173378679530025,0.6008858267716535,38.1094858156028,33521.98581560243,360.4514603828218,0
837,128,1,0,255,0.00392156862745098,0.0,1.0,255,6350,5000,1350,0.7874015748031497,77,50,27,188.09607563367527,0.41465441819772525,0.7899271040424156,0.12960592608731172,4392517.361111056,107893.05555555334,4500410.416666609,836,0,493.11764705882354,95,160,74,33.093108018555334,0.6020833333333333,38.0208333333333,33533.333333332914,352.98245614034647,0
838,128,0,0,255,0.0,0.0,1.0,255,6000,4400,1600,0.7333333333333333,76,44,32,190.4935734499933,0.41462932942205755,0.7933961401407732,0.1316792834470545,4396082.426593036,110485.09012448307,4506567.51671752,837,1,494.11764705882354,97,158,71,32.921981249408525,0.6031454248366013,37.9145408163265,33546.93877550982,345.84472964443114,0
839,128,0,1,254,0.0,0.00392156862745098,0.996078431372549,255,5850,3800,2050,0.6495726495726496,79,38,41,189.10978823729133,0.41467307395399106,0.7920577561072926,0.1309613905002648,4398108.027777728,109495.05555555352,4507603.083333281,838,2,495.11764705882354,99,156,67,32.896732363771186,0.6040849673202615,37.854166666666636,33554.66666666628,338.93602693602304,0
840,128,0,2,252,0.0,0.007874015748031496,0.9921259842519685,254,7050,5100,1950,0.723404255319149,90,51,39,186.350824280272,0.4138915688898572,0.7893223414860067,0.12953534201696007,4402263.011844555,106223.06819115579,4508486.080035711,839,3,497.87795275590554,103,151,69,32.842952390045205,0.6054790026246719,37.73036858974357,33570.51282051254,325.9273089370149,0
841,128,1,0,253,0.003952569169960474,0.0,1.0,253,7350,4800,2550,0.6530612244897959,99,48,51,189.54956609756948,0.41346566074826946,0.7908904352010568,0.1322181127209801,4406111.96844988,109085.32235939456,4515197.290809275,840,0,500.4822134387352,107,146,58,32.64225849139829,0.6072957839262187,37.61574074074071,33585.18518518479,313.88023537555875,0
842,128,0,0,253,0.0,0.0,1.0,253,6550,4500,2050,0.6870229007633588,86,45,41,183.13031549848318,0.4133780872911308,0.7859113213393265,0.12590814958250604,4390076.317429116,103641.21221464242,4493717.529643758,841,1,501.4822134387352,92,161,70,33.29733852228827,0.6021080368906455,38.09363799283154,33524.01433691754,364.39146018388635,8
843,128,0,0,253,0.0,0.0,1.0,253,6450,4700,1750,0.7286821705426356,82,47,35,183.13385068228533,0.41323561703996486,0.7880902048714884,0.1265344986424259,4395578.8193337275,103945.85503241539,4499524.674366143,842,2,502.4822134387352,96,157,66,33.13015625853688,0.6031785243741765,37.929553264604806,33545.01718213053,349.42726231385967,0
844,128,0,1,252,0.0,0.003952569169960474,0.9960474308300395,253,7050,4900,2150,0.6950354609929078,92,49,43,179.104232165175,0.41299184913315345,0.7823474921195837,0.12420043071748665,4399610.087246329,99947.75730048172,4499557.844546811,843,3,503.4822134387352,100,153,65,33.11346143759996,0.6044548748353096,37.80940594059405,33560.39603960381,335.6039603960381,0
845,128,1,1,252,0.003952569169960474,0.003952569169960474,0.9960474308300395,253,6650,4400,2250,0.6616541353383458,89,44,45,178.85382115188307,0.4128055921534182,0.7900318665715487,0.11970855497556915,4359877.27761428,98706.14217091571,4458583.419785195,844,0,504.3478260869565,93,160,65,34.32785455497526,0.5920207509881423,38.996010638297854,33408.510638297674,359.2312971859965,7
846,128,0,2,250,0.0,0.007936507936507936,0.9920634920634921,252,6800,5400,1400,0.7941176470588235,82,54,28,178.39459663438498,0.41260948270410425,0.7884989961044062,0.11972751226206178,4362968.174822996,98465.98953524035,4461434.164358237,845,1,504.0436507936508,94,158,70,34.24568844840135,0.593832671957672,38.90350877192981,33420.35087719278,355.5356476297104,0
847,128,0,0,250,0.0,0.0,1.0,250,8650,6100,2550,0.7052023121387283,112,61,51,179.91462072016364,0.4116991298527443,0.7896035878908698,0.12146128347525148,4369624.0912543,98581.85221354,4468205.943467841,846,2,508.952,95,155,58,34.00333769361733,0.5954583333333333,38.70442708333331,33445.83333333302,352.06140350876865,0
848,128,0,0,250,0.0,0.0,1.0,250,6700,4800,1900,0.7164179104477612,86,48,38,182.20528796699364,0.4119052878179384,0.7925867805940128,0.12344623782300268,4373631.990942435,102679.77527426276,4476311.766216698,847,3,509.952,96,154,62,33.8214955702529,0.596625,38.58462199312712,33461.1683848794,348.55383734249375,0
849,128,1,0,251,0.00398406374501992,0.0,1.0,251,7100,5200,1900,0.7323943661971831,90,52,38,180.9715775754102,0.41239243027888445,0.7934994874945518,0.12300260700446437,4377221.629494189,101130.5407373557,4478352.170231545,848,0,508.9163346613546,80,171,63,33.74454989509573,0.5980660690571049,38.47736625514406,33474.89711934187,418.43621399177334,0
850,128,1,1,251,0.003968253968253968,0.003968253968253968,0.996031746031746,252,7500,5900,1600,0.7866666666666666,91,59,32,187.60007583964438,0.4128739670945846,0.802022891043993,0.12330665569744616,4339214.91768481,104907.4095284392,4444122.327213249,849,0,507.89285714285717,97,155,58,34.730400661305495,0.5844494047619048,39.615221088435405,33329.25170068066,343.60053299670784,8
851,128,1,0,252,0.003968253968253968,0.0,1.0,252,7150,4900,2250,0.6853146853146853,94,49,45,186.84411979236575,0.4128670503172495,0.8017721113363725,0.12348495790240516,4345487.673611117,104835.76388888915,4450323.437500006,850,0,508.7420634920635,79,173,60,34.55843160770205,0.5861441798941799,39.427083333333336,33353.33333333337,422.19409282700474,0
852,128,0,0,252,0.0,0.0,1.0,252,6250,4200,2050,0.672,83,42,41,207.41824260941252,0.4127283854001982,0.8168254470269549,0.131202856921239,4294751.723617974,121511.97099131816,4416263.694609292,851,1,509.7420634920635,88,164,63,35.57960210244131,0.568411044973545,40.95271535580526,33158.05243445712,376.79605039155814,8
853,128,3,2,253,0.011764705882352941,0.00784313725490196,0.9921568627450981,255,5700,4100,1600,0.7192982456140351,73,41,32,206.08598750840542,0.41453476403684836,0.8185452609264676,0.13104585574700697,4300893.8442597715,120570.79101261932,4421464.635272391,852,0,504.73333333333335,94,161,52,35.42512618785778,0.5699754901960784,40.76754385964912,33181.7543859649,352.997387084733,0
854,128,3,1,255,0.01171875,0.00390625,0.99609375,256,7750,5500,2250,0.7096774193548387,100,55,45,205.67913917058712,0.414633118872549,0.8210247736159701,0.1320204672694693,4311834.502155014,118420.88172985615,4430255.38388487,853,0,503.75,77,179,57,35.09938601907115,0.5719401041666667,40.43803418803419,33223.93162393162,431.4796314796314,0
855,128,0,0,255,0.0,0.0,1.0,255,7800,5600,2200,0.717948717948718,100,56,44,204.73482924033246,0.41392362719365966,0.8196433397469247,0.131816689395663,4315384.798013001,117901.91394550347,4433286.711958504,854,1,506.70588235294116,77,178,60,35.01487176849754,0.5731209150326797,40.33119658119658,33237.60683760682,431.6572316572314,0
856,128,1,0,256,0.00390625,0.0,1.0,256,7250,5300,1950,0.7310344827586207,92,53,39,207.58276468949538,0.4141971762663399,0.8220869784448612,0.13425103001877645,4320581.381564477,120925.6456502233,4441507.0272147,855,0,505.72265625,80,176,62,34.78137580017156,0.574951171875,40.17489711934157,33257.61316872438,415.7201646090548,0
857,128,0,0,256,0.0,0.0,1.0,256,7000,5100,1900,0.7285714285714285,89,51,38,207.04380354618877,0.414206112132353,0.8224853878030671,0.1341999765769237,4323147.936459557,120816.19841148902,4443964.134871046,856,1,506.72265625,80,176,64,34.71662130958271,0.575927734375,40.09773662551441,33267.489711934206,415.84362139917755,0
858,128,0,0,256,0.0,0.0,1.0,256,7450,5200,2250,0.697986577181208,97,52,45,209.38813535244122,0.4141483481413399,0.8237447280614949,0.13611214308429692,4326483.534539782,122532.86398606558,4449016.398525848,857,2,507.72265625,82,174,62,34.553345883412995,0.5770263671875,39.99748995983937,33280.32128514069,405.85757664805726,0
859,128,1,0,257,0.0038910505836575876,0.0,1.0,257,7400,5500,1900,0.7432432432432432,93,55,38,208.48886658674658,0.41458941309987035,0.8235485297967804,0.1362710013810078,4332784.171616752,121867.45222107509,4454651.623837827,858,0,506.7431906614786,87,170,61,34.38353009417226,0.5787937743190661,39.80823863636365,33304.54545454558,382.8108672936273,0
860,128,0,1,256,0.0,0.0038910505836575876,0.9961089494163424,257,7000,4500,2500,0.6428571428571429,95,45,50,214.06157281948128,0.41464641091115434,0.827988058276234,0.140474979624864,4337384.741512373,127293.47993827266,4464678.2214506455,859,1,507.7431906614786,95,162,52,34.0974769367567,0.5804961089494163,39.67013888888891,33322.22222222244,350.7602339181309,0
861,128,0,0,256,0.0,0.0,1.0,256,6750,4700,2050,0.6962962962962963,88,47,41,198.95452799328282,0.4141850490196079,0.8168757078596445,0.12670490054400746,4302682.240581461,113257.62285599308,4415939.863437454,860,2,510.65234375,93,163,54,35.55503319372024,0.572509765625,40.7136524822695,33188.652482269514,356.8672309921453,8
862,128,0,0,256,0.0,0.0,1.0,256,6600,5000,1600,0.7575757575757576,82,50,32,200.5320419499909,0.4141046262254902,0.819917466905383,0.12834050684799372,4308429.510591655,114995.63347130829,4423425.144062963,861,3,511.65234375,73,183,56,35.337547019675924,0.5738932291666667,40.540540540540526,33210.81081081067,454.9426138467215,0
863,128,3,0,259,0.011583011583011582,0.0,1.0,259,8250,5900,2350,0.7151515151515152,106,59,47,191.2518193853522,0.41580243033731407,0.812946042671759,0.12341547118036239,4318015.588748324,105115.66749648593,4423131.256244809,862,0,506.7142857142857,80,179,62,35.284330956860416,0.5760939510939511,40.25205761316872,33247.73662551438,415.59670781892976,0
864,128,0,0,259,0.0,0.0,1.0,259,6550,5000,1550,0.7633587786259542,81,50,31,190.44664095576394,0.4154071014536131,0.8132373824877002,0.12355482457948079,4324201.905281226,106355.94553506395,4430557.85081629,863,1,507.7142857142857,81,178,62,35.115702277392195,0.5773809523809523,40.06605691056909,33271.54471544699,410.75981130181464,0
865,128,0,0,259,0.0,0.0,1.0,259,8000,6100,1900,0.7625,99,61,38,191.10482869014555,0.41533913481587903,0.8137387816960588,0.12446740581645084,4328711.419753069,105647.53086419663,4434358.950617266,864,2,508.7142857142857,83,176,59,34.960502892745886,0.5786277348777349,39.93055555555554,33288.88888888875,401.0709504685392,0
866,128,0,0,259,0.0,0.0,1.0,259,7050,5000,2050,0.7092198581560284,91,50,41,190.73281398591914,0.4154663384314547,0.8141354210103937,0.12465608363091707,4332698.075850308,106427.53923166063,4439125.615081969,865,3,509.7142857142857,86,173,66,34.848162379396584,0.5801560489060489,39.81082375478926,33304.21455938684,387.25830883007956,0
867,128,1,1,259,0.0038461538461538464,0.0038461538461538464,0.9961538461538462,260,8000,6200,1800,0.775,98,62,36,185.2894164681603,0.4157079125829126,0.8090316987507227,0.12161408942568785,4337577.580589844,100741.44375857316,4438319.024348417,866,0,508.75,89,171,57,34.84060781872878,0.5815304487179487,39.66435185185185,33322.96296296292,374.4153141905946,0
868,128,0,0,259,0.0,0.0,1.0,259,6900,4600,2300,0.6666666666666666,92,46,46,186.5599999999996,0.41556423533167725,0.8097606177606183,0.1227368421052633,4340277.77777779,103244.44444444512,4443522.222222235,867,5,511.7142857142857,76,183,61,34.72500000000001,0.5827300514800515,39.58333333333334,33333.33333333343,438.59649122807144,0
869,128,0,0,259,0.0,0.0,1.0,259,7600,5300,2300,0.6973684210526315,99,53,46,186.88818883612666,0.41577250007482563,0.8093988988209264,0.12329242385807834,4343434.917355395,102947.33700642917,4446382.254361824,868,6,512.7142857142857,76,183,62,34.6199866715134,0.5838561776061776,39.48863636363638,33345.454545454726,438.75598086124637,0
870,128,0,0,259,0.0,0.0,1.0,259,6750,5000,1750,0.7407407407407407,85,50,35,188.51713318331107,0.4158286193169914,0.810618532106389,0.12489740004996189,4348294.296515465,105395.59500328814,4453689.891518753,869,7,513.7142857142857,77,182,64,34.42911671277799,0.5852236164736164,39.34294871794873,33364.10256410268,433.3000333000348,0
871,128,0,0,259,0.0,0.0,1.0,259,7450,5900,1550,0.7919463087248322,90,59,31,187.29061709835557,0.4157007921542805,0.8094403829074854,0.12473688747585257,4354262.6020391295,103852.50594883996,4458115.107987969,870,8,514.7142857142857,81,178,66,34.27891483627983,0.5865910553410554,39.16412601626016,33386.9918699187,412.18508481381105,0
872,128,1,0,260,0.0038461538461538464,0.0,1.0,260,7050,4700,2350,0.6666666666666666,94,47,47,178.87378623612298,0.41617970992970993,0.7981573141989895,0.11643914401118176,4328096.62020271,95786.60593028534,4423883.226132995,871,0,513.7307692307693,93,167,68,35.29739456825897,0.5811698717948718,39.94902482269504,33286.524822695064,357.9196217494093,8
873,128,1,0,261,0.0038314176245210726,0.0,1.0,261,6850,4700,2150,0.6861313868613139,90,47,43,181.5587830316979,0.4170977011494253,0.8024801518099123,0.11861307279119306,4332240.566328104,98261.26500461687,4430501.831332721,872,0,512.7586206896551,94,167,64,35.10084780287704,0.5824952107279693,39.824561403508774,33302.4561403509,354.28144830160534,0
874,128,1,2,260,0.003816793893129771,0.007633587786259542,0.9923664122137404,262,6500,4400,2100,0.676923076923077,86,44,42,182.2236176273942,0.4173143761028731,0.8024592128760732,0.11947722013593741,4336381.260412333,99138.2161367953,4435519.476549128,873,0,511.7977099236641,97,165,55,34.956978983761445,0.5838104325699746,39.70025510204082,33318.367346938816,343.4883231643177,0
875,128,0,0,260,0.0,0.0,1.0,260,6350,4500,1850,0.7086614173228346,82,45,37,203.39016224373754,0.4169546950796951,0.8204646267471747,0.12793350229041758,4288147.673971548,116083.4102268356,4404231.084198384,874,2,516.3076923076923,84,176,66,35.88724631505852,0.5673477564102565,41.15196078431372,33132.549019607824,394.4351073762836,8
876,128,0,0,260,0.0,0.0,1.0,260,7150,4900,2250,0.6853146853146853,94,49,45,185.8724697570543,0.41701038263538265,0.8094557162588842,0.10964061787487597,4211149.023806091,97397.33391397004,4308546.357720061,875,3,517.3076923076923,82,178,57,38.718564998287576,0.5447516025641026,43.486445783132545,32833.73493975922,400.4114017043807,8
877,128,1,1,260,0.0038314176245210726,0.0038314176245210726,0.9961685823754789,261,7750,5500,2250,0.7096774193548387,100,55,45,186.32501418633848,0.41699761764416937,0.8109249455043468,0.11049167181492138,4217610.457604747,97219.26566913213,4314829.72327388,876,0,516.3218390804598,85,176,61,38.50657418766318,0.5464958492975734,43.28972868217057,32858.91472868245,386.5754673962641,0
878,128,5,0,265,0.018867924528301886,0.0,1.0,265,6700,4700,2000,0.7014925373134329,87,47,40,181.99075143242322,0.4193134171907757,0.807213808060437,0.10863934924807819,4225665.516794511,94106.40854070423,4319771.925335215,877,0,509.2641509433962,95,170,62,38.368356136424424,0.5487421383647799,43.04470486111114,32890.27777777815,346.2134502924016,0
879,128,4,2,267,0.01486988847583643,0.007434944237918215,0.9925650557620818,269,8150,6600,1550,0.8098159509202454,97,66,31,177.1058826331017,0.4211447409791193,0.8058082029976581,0.10637228614453981,4233073.20304567,87990.43317518837,4321063.636220858,878,0,502.67657992565057,102,167,55,38.2647627474112,0.5509990706319703,42.81957928802591,32919.09385113299,322.736214226794,0
880,128,4,5,266,0.014760147601476014,0.01845018450184502,0.981549815498155,271,7850,5400,2450,0.6878980891719745,103,54,49,186.42577611224164,0.42194774725525036,0.817887807926446,0.11352374150918222,4249660.98615912,96399.2695117238,4346060.255670844,879,0,499.9520295202952,84,187,59,37.51228579128418,0.553659286592866,42.316176470588196,32983.52941176431,392.66106442576563,0
881,128,0,1,265,0.0,0.0037593984962406013,0.9962406015037594,266,7550,5600,1950,0.7417218543046358,95,56,39,188.46637822322649,0.42026321700477615,0.8153057664591878,0.11511814882819596,4253326.915793417,99571.82384378859,4352898.739637205,880,1,509.90225563909775,88,178,60,37.346488241169475,0.5548637218045113,42.20505617977525,32997.75280898842,374.97446373850477,0
882,128,2,0,267,0.00749063670411985,0.0,1.0,267,7250,4600,2650,0.6344827586206897,99,46,53,186.5169475783982,0.42142458205438693,0.8140489264895783,0.11433189241209409,4257563.950819871,98171.56644534937,4355735.517265221,881,0,508.9700374531835,93,174,62,37.26597744360902,0.5564918851435705,42.07668439716311,33014.184397163066,354.99123007702224,0
883,128,1,0,268,0.0037313432835820895,0.0,1.0,268,6850,4600,2250,0.6715328467153284,91,46,45,184.5760036190924,0.42171486900702476,0.8132688933344403,0.11379609667148116,4264435.716888777,96972.50046276915,4361408.2173515465,882,0,508.06716417910445,97,171,55,37.10413664127377,0.5581078980099503,41.86862244897958,33040.81632653046,340.6269724384584,0
884,128,0,0,268,0.0,0.0,1.0,268,7800,5200,2600,0.6666666666666666,104,52,52,183.42919041491643,0.4220124215066987,0.8126182767712946,0.11345982987761273,4268328.175129488,95187.19631783469,4363515.371447323,883,1,509.06716417910445,98,170,58,37.013798348544114,0.5595071517412935,41.75084175084173,33055.892255891995,337.3050230193061,0
885,128,1,3,266,0.0037174721189591076,0.011152416356877323,0.9888475836431226,269,6800,4800,2000,0.7058823529411765,88,48,40,186.49528926763173,0.42250180325140096,0.8166973686460197,0.11592901839440915,4274202.838501736,98823.7389509835,4373026.577452719,884,0,508.1710037174721,77,192,59,36.753645375777296,0.5610285006195788,41.573183760683776,33078.63247863263,429.59262959263157,0
886,128,1,0,267,0.003745318352059925,0.0,1.0,267,7350,5800,1550,0.7891156462585034,89,58,31,189.69140636494242,0.4216310908357035,0.8172876892447336,0.11854239223116868,4280471.5151823275,101643.73232400311,4382115.247506331,885,0,512.9063670411985,80,187,61,36.47801674125642,0.5622269038701623,41.383744855967095,33102.880658436385,413.7860082304548,0
887,128,1,0,268,0.0037313432835820895,0.0,1.0,268,8400,6400,2000,0.7619047619047619,104,64,40,187.58072061218243,0.4217690223973764,0.8157497484065743,0.11772171118840388,4285475.019290147,98774.49845679129,4384249.517746938,886,0,511.98880597014926,83,185,64,36.3786620820754,0.5637049129353233,41.23263888888891,33122.22222222241,399.062918340029,0
888,128,1,0,269,0.0037174721189591076,0.0,1.0,269,8350,5800,2550,0.6946107784431138,109,58,51,185.39895758559345,0.4220012853945884,0.8117065066146085,0.11701838296128783,4292186.428326477,97003.37791495213,4389189.806241429,887,0,511.0817843866171,89,180,65,36.22881750465549,0.5655978934324659,41.030092592592595,33148.14814814817,372.4511027881817,0
889,128,0,0,269,0.0,0.0,1.0,269,7150,4800,2350,0.6713286713286714,95,48,47,189.9197623796936,0.42174235698829277,0.8138086627659278,0.12025825413645455,4295961.968949518,102227.61526701841,4398189.584216537,888,1,512.0817843866171,92,177,69,35.99570561872234,0.5669919454770755,40.91621863799283,33162.72401433686,360.46439146018326,0
890,128,1,0,270,0.003703703703703704,0.0,1.0,270,7350,5400,1950,0.7346938775510204,93,54,39,190.67377304113884,0.42199332231860115,0.8152351913495051,0.12112062210147999,4299688.495504974,102617.56566790151,4402306.061172876,889,0,511.18148148148146,98,172,54,35.861681686557844,0.5684413580246914,40.80387205387204,33177.104377104224,338.5418813990227,0
891,128,1,0,271,0.0036900369003690036,0.0,1.0,271,7850,5200,2650,0.6624203821656051,105,52,53,191.77110046612125,0.4222119721197212,0.8193956638361564,0.12243847183606223,4305625.000000009,103088.88888888939,4408713.888888898,890,0,510.29151291512915,94,177,59,35.65093708166001,0.570110701107011,40.62500000000001,33200.00000000007,353.1914893617029,0
892,128,1,1,271,0.003676470588235294,0.003676470588235294,0.9963235294117647,272,6500,4500,2000,0.6923076923076923,85,45,40,187.02809501405085,0.42273985239852396,0.8155260741561245,0.11989285125106576,4310322.782773635,100330.29179156326,4410653.074565198,891,0,509.4117647058824,80,192,62,35.629852163858644,0.5713082107843137,40.48353909465021,33218.106995884824,415.2263374485603,0
893,128,0,0,271,0.0,0.0,1.0,271,7500,5500,2000,0.7333333333333333,95,55,40,188.08310629126703,0.4225359892487814,0.814053538042901,0.12123805771185038,4316748.246173485,100681.48384353828,4417429.730017023,892,1,512.2767527675277,83,188,66,35.40547557656498,0.5727629151291513,40.290178571428584,33242.85714285726,400.5163511187622,0
894,128,1,1,271,0.003676470588235294,0.003676470588235294,0.9963235294117647,272,7400,5800,1600,0.7837837837837838,90,58,32,185.66190497226867,0.4228181413247956,0.8114390545797476,0.1203185591963148,4322934.027777794,98720.83333333419,4421654.861111128,893,0,511.3897058823529,87,185,70,35.278891115564484,0.5741038602941176,40.10416666666668,33266.666666666795,382.37547892720454,0
895,128,2,0,273,0.007326007326007326,0.0,1.0,273,7550,4600,2950,0.609271523178808,105,46,59,188.11064927654297,0.42337768440709617,0.8139532874524642,0.12255826036222663,4329096.716392318,100719.8388203018,4429816.55521262,894,0,510.4798534798535,89,184,65,35.026580555679146,0.5756639194139195,39.91898148148148,33290.370370370365,374.0491052850603,0
896,128,1,0,274,0.0036496350364963502,0.0,1.0,274,7050,4900,2150,0.6950354609929078,92,49,43,186.5224059376833,0.42378072555992263,0.81265545565179,0.12206808024122157,4334241.230833846,99836.62045788651,4434077.851291733,895,0,509.6131386861314,91,183,57,34.91051746142242,0.5769084549878345,39.76449275362318,33310.14492753614,366.04554865424325,0
897,128,0,1,273,0.0,0.0036496350364963502,0.9963503649635036,274,7600,5400,2200,0.7105263157894737,98,54,44,186.6842016919612,0.423768192472572,0.8147975334655206,0.12286397492413725,4340701.229840016,99668.06877519854,4440369.298615214,896,1,510.6131386861314,81,193,59,34.708825179259506,0.5786192214111923,39.57063008130079,33334.95934959329,411.5427080196703,0
898,128,1,0,274,0.0036496350364963502,0.0,1.0,274,9200,7000,2200,0.7608695652173914,114,70,44,167.55482505940287,0.4237344923932515,0.7978660963109216,0.1060953057249859,4295947.111111088,79961.33333333227,4375908.44444442,897,0,511.6021897810219,99,175,66,36.57560040741926,0.5694571167883211,40.91666666666665,33162.66666666648,334.9764309764291,8
899,128,1,0,275,0.0036363636363636364,0.0,1.0,275,8050,5700,2350,0.7080745341614907,104,57,47,177.67561520808246,0.4241810440168104,0.8056307572763619,0.10790954681951109,4246487.612273303,87849.45979683209,4334337.072070135,898,0,510.73818181818183,87,188,67,37.83570186725488,0.5560984848484849,42.412405303030305,32971.212121212135,378.979449669105,8
900,128,0,0,275,0.0,0.0,1.0,275,7400,5200,2200,0.7027027027027027,96,52,44,178.23943075928665,0.4244437071444371,0.8057587081381299,0.10880642598127904,4252612.665561847,89196.6521498951,4341809.317711743,899,1,511.73818181818183,92,183,69,37.63216592798588,0.5576136363636364,42.22670250896057,32994.98207885302,358.6411095527502,0
901,128,0,0,275,0.0,0.0,1.0,275,7150,5400,1750,0.7552447552447552,89,54,35,179.8524278498649,0.42440499889405,0.8078938024959583,0.11021984587063628,4257273.5398141565,90986.19643131414,4348259.736245471,900,2,512.7381818181818,96,179,69,37.44682585946071,0.5592045454545455,42.08548109965638,33013.058419244226,343.88602520046067,0
902,128,2,0,277,0.007220216606498195,0.0,1.0,277,8000,5600,2400,0.7,104,56,48,180.23231090625458,0.4253142494637158,0.8124253412121814,0.11115685057249934,4264850.7805325715,90332.78236914484,4355183.562901717,901,0,510.028880866426,98,179,57,37.203472731719216,0.5608829723225031,41.85606060606059,33042.42424242403,337.16759431044926,0
903,128,0,0,277,0.0,0.0,1.0,277,7800,5300,2500,0.6794871794871795,103,53,50,183.26903305511067,0.4249888819128342,0.8163130243268686,0.1134007970866327,4268747.603752817,93265.84913921935,4362013.452892036,902,1,511.028880866426,101,176,59,37.005013708199854,0.5622743682310469,41.738153594771234,33057.51633986918,327.3021419789028,0
904,128,2,0,279,0.007168458781362007,0.0,1.0,279,7400,5900,1500,0.7972972972972973,89,59,30,182.7105719775932,0.4257362926862811,0.8160192436737319,0.11378547666735653,4276380.709342551,93067.9930795843,4369448.7024221355,903,0,508.3584229390681,84,195,61,36.78441900156449,0.5641054360812425,41.507352941176464,33087.05882352934,393.89355742296834,0
905,128,0,1,278,0.0,0.0035842293906810036,0.996415770609319,279,8500,6600,1900,0.7764705882352941,104,66,38,186.51802731264138,0.42560091711576975,0.8202370847417353,0.11682264009804638,4283135.065500855,95476.38062616339,4378611.446127019,904,1,509.3584229390681,85,194,64,36.47813465680307,0.5659722222222222,41.3032945736434,33113.17829457352,389.5668034655708,0
906,128,0,0,278,0.0,0.0,1.0,278,6950,4700,2250,0.6762589928057554,92,47,45,184.98710163213556,0.4255282597027072,0.8172499283311836,0.11628421893256037,4287402.563096223,96072.83473547122,4383475.397831694,905,2,511.91726618705036,90,188,66,36.38651172733031,0.5671837529976019,41.17445054945053,33129.67032967016,368.1074481074462,0
907,128,0,0,278,0.0,0.0,1.0,278,7800,6000,1800,0.7692307692307693,96,60,36,198.98529647750289,0.42579230839155385,0.8293192437786987,0.12400844636802093,4277217.37079174,106820.67332514482,4384038.0441168845,906,3,512.9172661870504,78,200,60,36.33794076643204,0.5619379496402878,41.48206751054854,33090.29535864996,424.23455588012763,8
908,128,0,0,278,0.0,0.0,1.0,278,8900,6800,2100,0.7640449438202247,110,68,42,198.24753085242614,0.42571601563514533,0.8276184292740474,0.12404012176285702,4281907.751487888,105275.52781406786,4387183.279301956,907,4,513.9172661870504,82,196,61,36.212497978327654,0.5635866306954436,41.34036144578314,33108.43373493983,403.7613870114613,0
909,128,1,1,278,0.0035842293906810036,0.0035842293906810036,0.996415770609319,279,8500,5700,2800,0.6705882352941176,113,57,56,182.24890582101793,0.42600167178085485,0.818094469817269,0.10987500594680102,4237627.211352849,90160.58450928525,4327787.795862135,908,0,513.0716845878136,76,203,58,37.99167148590154,0.5514112903225806,42.68127705627705,32936.79653679645,433.37890179995327,8
910,128,1,1,278,0.0035842293906810036,0.0035842293906810036,0.996415770609319,279,8400,6000,2400,0.7142857142857143,108,60,48,179.56856825166574,0.42579055035541463,0.8153805071328419,0.1089049105938171,4244786.914257629,88246.06174532892,4333032.976002958,909,0,514.0215053763441,80,199,62,37.839454542428136,0.5529047192353644,42.463991769547306,32964.60905349777,412.0576131687221,0
911,128,4,0,282,0.014184397163120567,0.0,1.0,282,8000,5700,2300,0.7125,103,57,46,167.967671018759,0.42763359918561705,0.8034021729810497,0.09944098314914307,4215595.291987348,77216.74463055281,4292812.036617901,910,0,507.93617021276594,93,189,64,39.04019142199195,0.5471335697399526,43.35106382978725,32851.06382978742,353.23724548158515,8
912,128,2,0,284,0.007042253521126761,0.0,1.0,284,6850,4800,2050,0.7007299270072993,89,48,41,170.50966866635537,0.4285276588861793,0.8056914125128134,0.10157030225930071,4223094.898248437,80365.70236938413,4303460.600617821,911,0,505.3521126760563,97,187,68,38.742870787989155,0.5488556338028169,43.12287414965988,32880.27210884371,338.9718774107599,0
913,128,1,0,285,0.0035087719298245615,0.0,1.0,285,7800,5000,2800,0.6410256410256411,106,50,56,173.35349505005516,0.429220719051149,0.8102823166821174,0.10367512479343538,4227909.579943171,81784.58048775294,4309694.160430924,912,0,504.5754385964912,100,185,71,38.52089268755934,0.5506578947368421,42.97648514851487,32899.00990099032,328.9900990099032,0
914,128,3,1,287,0.010416666666666666,0.003472222222222222,0.9965277777777778,288,8300,5400,2900,0.6506024096385542,112,54,58,177.23640492053275,0.43078239934185053,0.8170410150203686,0.1066627941885954,4235477.285161231,84236.15342891277,4319713.438590144,913,0,500.30902777777777,108,180,59,38.18709214061939,0.5525896990740741,42.74655963302755,32928.44036697286,304.8929663608599,0
915,128,1,3,285,0.003472222222222222,0.010416666666666666,0.9895833333333334,288,8750,6300,2450,0.72,112,63,49,173.26148188209947,0.4305714346205962,0.812415051679588,0.10475595783085231,4241074.705303761,80612.97764272231,4321687.682946484,914,0,501.30555555555554,86,202,61,38.11647286821704,0.5541449652777778,42.576628352490395,32950.19157088094,383.14176245210393,0
916,128,2,0,287,0.006968641114982578,0.0,1.0,287,7600,5300,2300,0.6973684210526315,99,53,46,168.92050445957148,0.43072983926642466,0.8068668331882696,0.10269381073384913,4247675.703417434,78503.90452038671,4326179.607937821,915,0,503.59581881533103,90,197,67,38.0245823335999,0.5554950638792102,42.376373626373606,32975.82417582396,366.398046398044,0
917,128,0,0,287,0.0,0.0,1.0,287,8450,6200,2250,0.7337278106508875,107,62,45,168.9594740000246,0.4306141013458087,0.8068341745067673,0.10301424209699363,4251134.524222425,77803.8906231921,4328938.4148456175,916,1,504.59581881533103,92,195,69,37.91693828770103,0.5566927990708479,42.27150537634407,32989.247311827734,358.5787751285623,0
918,128,0,0,287,0.0,0.0,1.0,287,8200,6200,2000,0.7560975609756098,102,62,40,170.94043610780082,0.43082628753360463,0.8101333179412717,0.10483223560849067,4258116.474906258,79976.85744365636,4338093.332349915,917,2,505.59581881533103,97,190,70,37.65071049848213,0.5583260743321719,42.059948979591816,33016.326530612,340.3745003155876,0
919,128,2,0,289,0.006920415224913495,0.0,1.0,289,8000,5600,2400,0.7,104,56,48,188.72062548920027,0.4317054538318595,0.8278083450861329,0.1098244807169981,4194566.037762546,92520.22526045924,4287086.263023005,918,0,503.0899653979239,98,191,62,39.16060444152175,0.5399005190311419,43.99200336700334,32769.02356902325,334.3777915206454,8
920,128,5,0,294,0.017006802721088437,0.0,1.0,294,7800,5600,2200,0.717948717948718,100,56,44,184.17660566640646,0.43390443492527847,0.8283233768779796,0.10791343163763915,4202938.045602321,88216.57261304768,4291154.618215368,919,0,495.5170068027211,77,217,59,39.01687381659629,0.5419855442176871,43.73664529914531,32801.7094017095,425.9962259962273,0
921,128,1,0,295,0.003389830508474576,0.0,1.0,295,6900,4600,2300,0.6666666666666666,92,46,46,180.17146737370854,0.43421922441292904,0.8236767235730413,0.1060986675594924,4209088.925985094,85771.5456202333,4294860.471605328,920,0,494.83389830508474,82,213,63,38.92868503474605,0.5431850282485875,43.54919678714862,32825.70281124521,400.3134489176245,0
922,128,1,0,296,0.0033783783783783786,0.0,1.0,296,7400,5600,1800,0.7567567567567568,92,56,36,178.97948199004003,0.4347013857077417,0.8241075163498708,0.10606636415919918,4216814.494321294,84344.65476834502,4301159.149089639,921,0,494.1587837837838,85,211,66,38.7197999244998,0.5447635135135135,43.31395348837212,32855.81395348869,386.5389876881022,0
923,128,4,0,300,0.013333333333333334,0.0,1.0,300,7650,4900,2750,0.6405228758169934,104,49,55,173.11586518038408,0.4362934318097362,0.8204175204545772,0.10321701584721882,4224203.57684258,78605.33138063668,4302808.908223216,922,0,488.5566666666667,92,208,68,38.64162343230008,0.5466319444444445,43.08915770609322,32884.5878136204,357.44117188717826,0
924,128,4,3,301,0.013157894736842105,0.009868421052631578,0.9901315789473685,304,7500,5400,2100,0.72,96,54,42,169.95851132133333,0.4374154109489896,0.8193650344571304,0.1018443694763999,4230285.048306852,75494.58985502686,4305779.638161878,923,0,483.11513157894734,100,204,58,38.53473002246472,0.5484512061403508,42.90429042904293,32908.25082508283,329.0825082508283,0
925,128,2,0,303,0.006600660066006601,0.0,1.0,303,9100,6600,2500,0.7252747252747253,116,66,50,188.56029967599312,0.4372559358584865,0.8335391212140273,0.11142780113791384,4213359.948096909,89194.48289119673,4302554.430988105,924,0,485.7029702970297,84,219,65,38.58102084029872,0.5396727172717272,43.41911764705884,32842.35294117665,390.98039215686487,8
926,128,4,0,307,0.013029315960912053,0.0,1.0,307,8550,5800,2750,0.6783625730994152,113,58,55,184.05053249743813,0.4390980605054182,0.8316465494239544,0.10963009979195318,4223025.000000036,85500.0000000015,4308525.000000038,925,0,480.36156351791533,94,213,67,38.397201946472,0.5421756243213898,43.12500000000002,32880.000000000284,349.78723404255624,0
927,128,3,1,309,0.00967741935483871,0.0032258064516129032,0.9967741935483871,310,8750,6600,2150,0.7542857142857143,109,66,43,182.19596573580955,0.44021166092493996,0.8318450358132472,0.1091406901543643,4229877.777777808,83383.33333333455,4313261.111111143,926,0,476.7032258064516,99,211,69,38.232712047541916,0.5440860215053763,42.916666666666686,32906.666666666904,332.3905723905748,0
928,128,1,1,309,0.0032258064516129032,0.0032258064516129032,0.9967741935483871,310,9050,6900,2150,0.7624309392265194,112,69,43,186.9180808549185,0.44036433865747987,0.8372768199640248,0.11268685521216777,4237593.7934027305,87366.57986110874,4324960.37326384,927,0,477.5967741935484,79,231,59,37.87255844550146,0.5454973118279569,42.68229166666663,32936.66666666629,416.919831223624,0
929,128,2,1,310,0.006430868167202572,0.003215434083601286,0.9967845659163987,311,8950,6400,2550,0.7150837988826816,115,64,51,182.89778863810176,0.44046260761331807,0.8336009081718856,0.11106523053049214,4246315.162850746,84178.33062916697,4330493.493479913,928,0,477.0385852090032,85,226,62,37.7065111758989,0.547293676312969,42.4176356589147,32970.54263565857,387.8887368901008,0
930,128,0,2,308,0.0,0.0064516129032258064,0.9935483870967742,310,8550,5700,2850,0.6666666666666666,114,57,57,184.78368156889354,0.43986715732331144,0.8348960799947258,0.11260713369447398,4250548.435871413,86536.39773344246,4337084.833604855,929,1,479.55806451612904,86,224,64,37.527198321253785,0.5485215053763441,42.289272030651304,32986.97318007623,383.56945558228176,0
931,128,0,0,308,0.0,0.0,1.0,308,7800,5000,2800,0.6410256410256411,106,50,56,183.89327192154147,0.439354280355909,0.8321697010238545,0.11248938899935128,4255078.205707599,87096.05070592074,4342174.25641352,930,2,483.59415584415586,87,221,62,37.41033718955148,0.5495806277056277,42.151988636363605,33004.5454545451,379.36259143155286,0
932,128,1,0,309,0.003236245954692557,0.0,1.0,309,9850,7800,2050,0.7918781725888325,119,78,41,181.07488215323679,0.43985188220625115,0.8311745014668266,0.11132698319092811,4261116.964388905,82666.2504335743,4343783.2148224795,931,0,483.02588996763757,92,217,65,37.29679428745057,0.551341693635383,41.96908602150535,33027.95698924699,358.9995324918151,0
933,128,1,0,310,0.0032258064516129032,0.0,1.0,310,8900,6400,2500,0.7191011235955056,114,64,50,181.29215850661595,0.439954805651251,0.8331238781582626,0.11206558466452567,4267560.875521034,83835.06453631695,4351395.940057351,932,0,482.46451612903223,96,214,61,37.09262108736031,0.5529233870967742,41.774054982817844,33052.92096219901,344.3012600229063,0
934,128,1,0,311,0.003215434083601286,0.0,1.0,311,7500,5200,2300,0.6933333333333334,98,52,46,173.3940404967034,0.4402236109670505,0.8296743406320539,0.10375307083173908,4228536.579762678,76940.608590633,4305477.18835331,933,0,481.90996784565914,91,220,65,38.50046251431586,0.5422025723472669,42.9574275362319,32901.449275362495,361.55438764134607,8
935,128,1,0,312,0.003205128205128205,0.0,1.0,312,8300,5900,2400,0.7108433734939759,107,59,48,178.9275312397275,0.4404874165223844,0.8351546962042966,0.10769720330446124,4235664.130316868,80875.38519965399,4316539.515516522,934,0,481.3621794871795,95,217,60,38.137811590535236,0.5437366452991452,42.740885416666686,32929.16666666689,346.6228070175462,0
936,128,1,1,312,0.003194888178913738,0.003194888178913738,0.9968051118210862,313,8650,6100,2550,0.7052023121387283,112,61,51,177.3277047932034,0.4407405416291199,0.8333366489084475,0.10706326838266227,4239375.410913823,79101.74227481656,4318477.153188639,935,0,480.82108626198084,77,236,61,38.06429016189286,0.5449613951011715,42.62820512820509,32943.58974358936,427.8388278388228,0
937,128,2,0,314,0.006369426751592357,0.0,1.0,314,10400,7500,2900,0.7211538461538461,133,75,58,171.86421871743337,0.4414573624875359,0.8281468853826739,0.10436929508635395,4246363.86451512,72759.60159296474,4319123.466108085,936,0,479.85668789808915,81,233,67,37.9892139698509,0.5470076963906582,42.41615853658533,32970.731707316685,407.0460704606998,0
938,128,0,1,313,0.0,0.0031847133757961785,0.9968152866242038,314,8350,5600,2750,0.6706586826347305,111,56,55,187.45466055317945,0.44160722885845494,0.8419103252586895,0.11355965240325505,4243432.521977617,87940.2405975257,4331372.762575143,937,1,480.85668789808915,81,233,58,37.67821904292054,0.5488322717622081,42.505081300812975,32959.349593495615,406.9055505369829,8
939,128,2,0,315,0.006349206349206349,0.0,1.0,315,8800,6600,2200,0.75,110,66,44,187.06949891774406,0.44241187274626764,0.8418651259999461,0.11386350359018943,4249111.090454244,87175.81650741879,4336286.906961663,938,0,480.3206349206349,85,230,61,37.51268235165073,0.5504629629629629,42.33284883720926,32981.39534883678,388.016415868668,0
940,128,2,0,317,0.006309148264984227,0.0,1.0,317,9100,6400,2700,0.7032967032967034,118,64,54,183.37876034482716,0.44315028151579283,0.8391630294434225,0.11229022814306622,4256309.142996608,83603.33885741395,4339912.4818540225,939,0,478.2839116719243,92,225,62,37.38562659254109,0.5523790746582544,42.11469534050178,33009.31899641567,358.7969456132138,0
941,128,3,1,319,0.009375,0.003125,0.996875,320,9300,6900,2400,0.7419354838709677,117,69,48,179.74087604652414,0.44384796238244517,0.8374637763579531,0.11083947606313693,4264697.398703483,80008.08930325907,4344705.488006742,940,0,474.790625,101,219,52,37.220884268966465,0.5542317708333333,41.86070261437908,33041.83006535942,327.14683233029126,0
942,128,0,0,319,0.0,0.0,1.0,319,9550,6900,2650,0.7225130890052356,122,69,53,181.78496689577966,0.4437367329771364,0.8383670871685494,0.1123897662159043,4267767.644871765,81813.2000083789,4349580.844880144,941,1,477.27899686520374,102,217,52,37.07352614814232,0.5554793625914316,41.767799352750814,33053.72168284797,324.0560949298821,0
943,128,0,2,317,0.0,0.006269592476489028,0.9937304075235109,319,9350,6600,2750,0.7058823529411765,121,66,55,181.97669954418208,0.4435675065554701,0.8388239237257571,0.11276547887847886,4270479.126336172,82275.53937659596,4352754.665712768,942,2,478.27899686520374,108,211,55,36.98506289308178,0.5570467607105538,41.685779816513765,33064.22018348628,306.1501868841322,0
944,128,2,1,318,0.006269592476489028,0.003134796238244514,0.9968652037617555,319,9000,6300,2700,0.7,117,63,54,179.14945994684905,0.443353098322194,0.8362384339537912,0.11177268362236507,4278551.217071257,80500.0279786489,4359051.245049905,943,0,479.141065830721,87,232,61,36.80970448198506,0.558614158829676,41.441761363636346,33095.454545454355,380.4075235109696,0
945,128,1,2,317,0.003134796238244514,0.006269592476489028,0.9937304075235109,319,8800,5900,2900,0.6704545454545454,117,59,58,181.58873799946798,0.44295549838002674,0.8389040062429498,0.11386861817610305,4284516.675240018,83003.99519890087,4367520.670438919,944,0,480.12225705329155,89,230,64,36.56317565048828,0.5599529780564263,41.26157407407405,33118.51851851823,372.1181856013284,0
946,128,1,1,317,0.0031446540880503146,0.0031446540880503146,0.9968553459119497,318,7750,5600,2150,0.7225806451612903,99,56,43,178.83502178600978,0.4423178349172338,0.8358121056333894,0.1127487483455618,4290867.701400903,82121.48377218161,4372989.185173085,945,0,482.4119496855346,95,223,63,36.43930107977476,0.5616483228511531,41.06987847222219,33143.05555555522,348.87426900584444,0
947,128,0,1,316,0.0,0.0031545741324921135,0.9968454258675079,317,10200,7700,2500,0.7549019607843137,127,77,50,180.11750772752413,0.44202554938838534,0.8359032550388392,0.11412590533766809,4296726.961681268,81183.15034473556,4377910.112026004,946,1,484.83280757097793,100,217,61,36.22618384216323,0.563222923238696,40.89315181518149,33165.67656765639,331.6567656765639,0
948,128,4,1,319,0.0125,0.003125,0.996875,320,8350,5200,3150,0.6227544910179641,115,52,63,175.41636043804644,0.44279547903605015,0.8325425911252005,0.1117532779470639,4303087.147780244,78616.37722226676,4381703.525002511,947,0,481.2125,108,212,56,36.152931854199664,0.56513671875,40.70145259938835,33190.21406727783,307.3167969192392,0
949,128,1,1,319,0.003125,0.003125,0.996875,320,9100,6500,2600,0.7142857142857143,117,65,52,174.03441935760486,0.44310814230668755,0.832433298294514,0.11119186702512715,4306438.763936996,76793.71395617317,4383232.47789317,948,0,482.209375,84,236,62,36.08604588904114,0.5666341145833333,40.60049019607847,33203.13725490234,395.2754435107422,0
950,128,0,0,319,0.0,0.0,1.0,319,9350,6200,3150,0.6631016042780749,125,62,63,153.09901894970304,0.4425973298370826,0.8096433168765762,0.09873220471729535,4317274.783790276,59044.10678691705,4376318.890577193,949,1,484.7115987460815,100,219,69,36.297965558776454,0.5732105538140021,40.27433993399341,33244.88448844897,332.44884488448974,7
951,128,0,1,318,0.0,0.003134796238244514,0.9968652037617555,319,9150,6400,2750,0.6994535519125683,119,64,55,153.29255705800335,0.4423525265669052,0.8095815455362132,0.09934154022330391,4322934.027777797,59584.72222222313,4382518.75000002,950,2,485.7115987460815,105,214,73,36.12015698062795,0.5747779519331244,40.10416666666668,33266.66666666682,316.82539682539823,0
952,128,0,1,317,0.0,0.0031446540880503146,0.9968553459119497,318,8850,5900,2950,0.6666666666666666,118,59,59,156.87366745410927,0.44200184016824395,0.8123539171427339,0.10208946277955316,4327774.2832923075,63332.76474672888,4391107.048039037,951,4,488.2327044025157,110,208,68,35.87934560327199,0.576225104821803,39.95870870870871,33285.28528528534,302.5935025935031,0
953,128,0,2,315,0.0,0.006309148264984227,0.9936908517350158,317,9450,6600,2850,0.6984126984126984,123,66,57,157.57135035845303,0.44132092800383343,0.8128721914633352,0.10294661556752335,4332292.270342266,63679.02863706487,4395971.298979331,952,5,490.54258675078864,112,205,70,35.72336486678007,0.5778785488958991,39.82300884955754,33302.654867256875,297.34513274336496,0
954,128,2,2,315,0.006309148264984227,0.006309148264984227,0.9936908517350158,317,8400,6500,1900,0.7738095238095238,103,65,38,157.85330179607686,0.44113957326731357,0.8131085468353574,0.10347848947886042,4336159.169619219,65095.40840754616,4401254.578026766,953,0,491.4353312302839,117,200,57,35.598108706956964,0.5791929547844374,39.70692090395481,33317.51412429391,284.7650779854181,0
955,128,1,1,315,0.0031645569620253164,0.0031645569620253164,0.9968354430379747,316,8100,5400,2700,0.6666666666666666,108,54,54,161.9674274423837,0.4407700421940928,0.8173802224839799,0.10650458391845291,4339708.579682907,69278.28690017693,4408986.866583084,954,0,493.7848101265823,121,195,60,35.3827846634752,0.5803665611814346,39.60040983606559,33331.14754098381,275.464029264329,0
956,128,2,0,317,0.006309148264984227,0.0,1.0,317,8100,6100,2000,0.7530864197530864,101,61,40,159.68035535140748,0.44052604520225214,0.81304317958796,0.10561947382194288,4346428.682303714,67307.85529996101,4413736.537603674,955,0,493.1293375394322,95,222,65,35.23758344783556,0.5819860672975815,39.39887152777777,33356.94444444437,351.1257309941513,0
957,128,0,0,317,0.0,0.0,1.0,317,9350,6900,2450,0.7379679144385026,118,69,49,162.47564113350813,0.4400385503600474,0.8146180990442722,0.10790231309413506,4351023.251969156,68637.05849009809,4419660.310459254,956,1,494.1293375394322,96,221,69,35.02479750137282,0.5836619348054679,39.261168384879724,33374.57044673541,347.65177548682715,0
958,128,1,2,316,0.0031446540880503146,0.006289308176100629,0.9937106918238994,318,8900,6900,2000,0.7752808988764045,109,69,40,165.07226657341337,0.43979855696420184,0.8169310164655899,0.11023447628358884,4357308.340277763,71354.15277777726,4428662.49305554,957,0,493.57232704402514,99,219,72,34.76573416104439,0.5853642557651992,39.07291666666666,33398.66666666655,337.36026936026815,0
959,128,0,0,316,0.0,0.0,1.0,316,8300,6000,2300,0.7228915662650602,106,60,46,172.41819649058337,0.439642773424419,0.8291611439871382,0.10883104343594825,4292248.309053079,76512.34246733788,4368760.651520417,958,1,497.55379746835445,92,224,65,36.56308118160982,0.5647415611814346,41.02822580645162,33148.38709677427,360.3085553997203,8
960,128,1,0,317,0.0031545741324921135,0.0,1.0,317,8750,5900,2850,0.6742857142857143,116,59,57,172.8068415638971,0.43986634655059964,0.8300042024377268,0.10942619053991048,4296004.091826984,76325.77969084015,4372329.871517824,959,0,496.98107255520506,96,221,68,36.437781508193105,0.5659503154574133,40.914948453608254,33162.88659793822,345.44673539518976,0
961,128,1,0,318,0.0031446540880503146,0.0,1.0,318,8850,6200,2650,0.7005649717514124,115,62,53,171.2354807923592,0.44009719163541855,0.8289583474110731,0.10872025346922634,4299121.681970168,74782.4336394032,4373904.115609571,960,0,496.41509433962267,100,218,55,36.38289229340762,0.5674462788259957,40.820957095709566,33174.917491749104,331.749174917491,0
962,128,0,3,315,0.0,0.009433962264150943,0.9905660377358491,318,8300,5600,2700,0.6746987951807228,110,56,54,171.9157041566162,0.4401579519076246,0.8313401956128676,0.10947498903517258,4302574.070069206,76036.01018838931,4378610.0802575955,961,1,497.41509433962267,101,217,58,36.25942829571863,0.5684944968553459,40.716911764705884,33188.23529411766,328.59638905066987,0
963,128,0,0,315,0.0,0.0,1.0,315,9950,7200,2750,0.7236180904522613,127,72,55,171.6208664013363,0.43919809254204156,0.8306766985224063,0.1098206109976941,4308251.9828553125,74927.18759458071,4383179.170449893,962,2,502.94920634920635,78,237,63,36.093112093645715,0.5699404761904762,40.54588607594937,33210.12658227849,425.770853618955,0
964,128,0,0,315,0.0,0.0,1.0,315,9100,6600,2500,0.7252747252747253,116,66,50,170.16034444717837,0.4391332187510531,0.8289600945003999,0.10920019815508449,4311604.440803407,74632.81935341856,4386237.260156825,963,3,503.94920634920635,80,235,66,36.02836132718954,0.5714616402116401,40.44495884773663,33223.04526748976,415.288065843622,0
965,128,1,0,316,0.0031645569620253164,0.0,1.0,316,8900,6000,2900,0.6741573033707865,118,60,58,168.6354051486429,0.43912560277275464,0.8273677813909996,0.10880448743152223,4317839.532871996,73528.1237985399,4391367.656670536,964,0,503.3512658227848,84,232,69,35.87717228906186,0.5727518459915613,40.257352941176485,33247.058823529595,395.7983193277333,0
966,128,1,0,317,0.0031545741324921135,0.0,1.0,317,9250,6200,3050,0.6702702702702703,123,62,61,164.20431885984988,0.4396209353245751,0.8229885096665377,0.1063233739179143,4321960.689938181,69286.92224607058,4391247.612184252,965,0,502.7602523659306,88,229,72,35.86630560434774,0.5740667718191377,40.13342696629216,33262.921348314936,377.9877425944879,0
967,128,1,0,318,0.0031446540880503146,0.0,1.0,318,8850,6900,1950,0.7796610169491526,108,69,39,163.45602102167368,0.43969584317071075,0.8223050320958607,0.10637160841278853,4327758.182177858,69029.62648055807,4396787.808658416,966,0,502.17610062893084,96,222,70,35.70866886915827,0.5757009958071279,39.95919243986257,33285.223367697894,346.72107674685304,0
968,128,0,0,318,0.0,0.0,1.0,318,8700,5700,3000,0.6551724137931034,117,57,60,164.94803680902294,0.4395003356281703,0.8236155993374772,0.10779885042950835,4332642.250000038,70632.16666666826,4403274.416666706,967,1,503.17610062893084,99,219,71,35.520758267275156,0.5769457547169812,39.81250000000002,33304.00000000029,336.40404040404337,0
969,128,0,2,316,0.0,0.006289308176100629,0.9937106918238994,318,10550,7700,2850,0.7298578199052133,134,77,57,166.10615298493923,0.43912296060419687,0.8264257709246945,0.10909486629246709,4338330.955639064,69974.69308333752,4408305.648722402,968,2,504.17610062893084,106,212,62,35.31703372719118,0.578649109014675,39.64174454828663,33325.856697819676,314.39487450773277,0
970,128,1,0,317,0.0031545741324921135,0.0,1.0,317,8750,6200,2550,0.7085714285714285,113,62,51,164.4990228883298,0.43880359115654405,0.8232426370045376,0.10845236009308358,4342700.596418441,70724.00096147855,4413424.59737992,969,0,506.54258675078864,85,232,64,35.22563470659348,0.5802773396424816,39.51065891472865,33342.63565891439,392.26630186958107,0
971,128,0,0,317,0.0,0.0,1.0,317,10050,7400,2650,0.736318407960199,127,74,53,163.94665085338667,0.43851367314885065,0.8208896990970371,0.10582823320754135,4318375.654047443,68146.64512157775,4386522.299169021,970,1,507.54258675078864,94,223,70,35.98257000140707,0.5746911146161935,40.24122807017547,33249.12280701788,353.7140724150838,8
972,128,0,2,315,0.0,0.006309148264984227,0.9936908517350158,317,8250,5600,2650,0.6787878787878788,109,56,53,166.88438035962633,0.43829155519173685,0.8239376446367797,0.10823337465767507,4323827.186736145,72665.84416811503,4396493.03090426,971,2,508.54258675078864,96,221,73,35.73961604142566,0.5760055205047319,40.07731958762889,33270.10309278383,346.5635738831649,0
973,128,0,0,315,0.0,0.0,1.0,315,7600,5100,2500,0.6710526315789473,101,51,50,183.5098814633857,0.43792547096687223,0.8408598599193684,0.1157412716946241,4291326.545778853,86900.1651473123,4378226.710926165,972,3,511.0730158730159,86,229,64,36.3041568409858,0.5594907407407408,41.05603448275863,33144.82758620704,385.40497193263997,8
974,128,0,0,315,0.0,0.0,1.0,315,8700,6700,2000,0.7701149425287356,107,67,40,187.4006318947124,0.43793895123512955,0.8425185516094604,0.11866939589711879,4296023.876886159,89315.5178326481,4385339.394718807,973,4,512.0730158730158,89,226,64,36.05907043407044,0.5609788359788359,40.91435185185186,33162.962962963065,372.61756138160746,0
975,128,2,1,316,0.006309148264984227,0.0031545741324921135,0.9968454258675079,317,9050,6500,2550,0.7182320441988951,116,65,51,185.57707212226083,0.43851450505131173,0.8430918839682793,0.11819162354567021,4302743.537808645,87248.10956790115,4389991.647376546,974,0,509.8359621451104,95,222,58,35.90001115946882,0.5627628811777077,40.71180555555556,33188.888888888905,349.356725146199,0
976,128,2,1,317,0.006289308176100629,0.0031446540880503146,0.9968553459119497,318,8250,5600,2650,0.6787878787878788,109,56,53,181.6232193343265,0.43882515260335037,0.8396189017691758,0.1164708671555785,4310749.980948047,84736.45785703487,4395486.438805082,975,0,509.21069182389937,80,238,62,35.757023933402685,0.564399895178197,40.47067901234569,33219.75308641991,415.2469135802488,0
977,128,0,1,316,0.0,0.0031545741324921135,0.9968454258675079,317,9150,6300,2850,0.6885245901639344,120,63,57,182.7942877202895,0.4386263959323297,0.8410026639540762,0.11771542506133009,4315630.80635799,85224.53186239055,4400855.33822038,976,1,511.5520504731861,82,235,62,35.57706249093809,0.5657202944269191,40.32379518072291,33238.55421686769,405.34822215692304,0
978,128,0,0,316,0.0,0.0,1.0,316,8650,6300,2350,0.7283236994219653,110,63,47,179.6349141683877,0.4383556024378809,0.8381395816748742,0.11635260555132454,4322336.586735403,83438.51235302069,4405775.099088424,977,2,513.996835443038,86,230,66,35.453812485602406,0.566917194092827,40.122126436781635,33264.36781609223,386.7949746057236,0
979,128,0,3,313,0.0,0.00949367088607595,0.990506329113924,316,9750,7200,2550,0.7384615384615385,123,72,51,186.79350833373064,0.43780975822115065,0.8440132620857008,0.12164571380936462,4328581.548345493,88760.18670482244,4417341.735050316,978,3,514.996835443038,88,228,63,35.07660141014102,0.5684994725738397,39.93445692883897,33288.38951310882,378.2771535580548,0
980,128,2,2,313,0.006349206349206349,0.006349206349206349,0.9936507936507937,315,9550,6800,2750,0.7120418848167539,123,68,55,184.66274523372314,0.43778561318370235,0.8422534518584088,0.12101502746027332,4335798.647242489,87582.09619609357,4423380.743438583,979,0,515.568253968254,92,223,55,34.91129830450123,0.5704034391534392,39.71774193548389,33316.12903225832,362.1318373071557,0
981,128,0,0,313,0.0,0.0,1.0,313,8750,6200,2550,0.7085714285714285,113,62,51,188.19109730321,0.437232479315147,0.8444557504323935,0.1238599952801864,4340740.753086446,92027.75308642104,4432768.506172867,980,1,519.6357827476038,74,239,59,34.668373242315965,0.5718184238551651,39.569444444444464,33335.11111111131,450.47447447447723,0
982,128,0,0,313,0.0,0.0,1.0,313,8150,5000,3150,0.6134969325153374,113,50,63,188.27455569231637,0.4373301862319434,0.8448782436109694,0.124452453388655,4345690.719814109,92886.59788984514,4438577.317703954,981,2,520.6357827476038,76,237,60,34.5149560447167,0.5729832268370607,39.42099567099568,33354.11255411265,438.86990202779805,0
983,128,0,1,312,0.0,0.003194888178913738,0.9968051118210862,313,8950,6500,2450,0.7262569832402235,114,65,49,187.82244422508435,0.4374069864285519,0.8436578773473093,0.12479536390350147,4351569.835069439,91914.4965277777,4443484.331597217,982,3,521.6357827476038,79,234,62,34.34722360930792,0.5744475505857295,39.244791666666664,33376.66666666663,422.48945147679274,0
984,128,0,0,312,0.0,0.0,1.0,312,9750,7300,2450,0.7487179487179487,122,73,49,187.80198515448026,0.4368734884711573,0.8430304846078944,0.12540483664086563,4357231.971709965,91509.36281314054,4448741.334523105,983,4,524.1698717948718,81,231,65,34.174983771502774,0.5759882478632479,39.07520325203252,33398.37398373987,412.32560473752926,0
985,128,0,0,312,0.0,0.0,1.0,312,7700,5300,2400,0.6883116883116883,101,53,48,186.9074586480425,0.4368801443510045,0.841891074156796,0.12518493105947653,4360656.0476945285,92907.82798255967,4453563.875677088,984,5,525.1698717948718,86,226,63,34.09390624283288,0.5774906517094017,38.972701149425276,33411.49425287345,388.50574712643544,0
986,128,1,1,312,0.003194888178913738,0.003194888178913738,0.9968051118210862,313,9550,6700,2850,0.7015706806282722,124,67,57,184.45921430777065,0.43679343819120175,0.8405845860818779,0.12413726859144145,4366065.0310707,88922.1850495861,4454987.216120286,985,0,524.4888178913739,88,225,63,33.992987094461355,0.5793064430244941,38.81086142322096,33432.209737827616,379.91147429349564,0
987,128,0,0,312,0.0,0.0,1.0,312,9100,6800,2300,0.7472527472527473,114,68,46,190.09403309952194,0.43635110925605297,0.8449000596609573,0.12869812736998837,4372820.629552505,94749.4218984835,4467570.051450988,986,1,527.1057692307693,92,220,55,33.63998157432403,0.5808293269230769,38.60887096774191,33458.06451612869,363.6746143057466,0
988,128,0,0,312,0.0,0.0,1.0,312,8950,6300,2650,0.7039106145251397,116,63,53,187.88461989793262,0.4363805239508616,0.8431909630806325,0.12761305315174992,4376445.649142042,93103.3654586026,4469549.014600645,987,2,528.1057692307693,75,237,59,33.58737573597499,0.5817307692307692,38.500548245614034,33471.92982456139,446.29239766081855,0
989,128,1,0,313,0.003194888178913738,0.0,1.0,313,9050,6600,2450,0.7292817679558011,115,66,49,185.30696008615178,0.43647898405286584,0.8417770450423054,0.12636941495296838,4380957.066022012,90714.36723449743,4471671.43325651,988,0,527.4153354632588,76,237,62,33.517537056187464,0.5833000532481363,38.36580086580087,33489.17748917757,440.64707222602067,0
990,128,0,0,313,0.0,0.0,1.0,313,8600,6900,1700,0.8023255813953488,103,69,34,212.42870136755153,0.4364661840200978,0.8547665944874365,0.1411804909088767,4351859.567901219,113691.97530864134,4465551.543209861,989,1,528.4153354632588,80,233,57,33.696737683089204,0.577109957401491,39.2361111111111,33377.77777777766,417.2222222222207,8
991,128,0,0,313,0.0,0.0,1.0,313,9000,6800,2200,0.7555555555555555,112,68,44,191.16117269381792,0.4361747699407444,0.842313569192304,0.12265491552672013,4311390.817901236,93234.10493827194,4404624.922839508,990,2,529.4153354632588,77,236,64,35.48982720178375,0.5676584132055378,40.45138888888889,33222.22222222223,431.4574314574316,8
992,128,1,0,314,0.0031847133757961785,0.0,1.0,314,8150,6100,2050,0.7484662576687117,102,61,41,190.8736822478313,0.436328413816026,0.843018936876538,0.12297210244916687,4316137.738343206,93817.42064127859,4409955.158984485,991,0,528.7261146496816,78,236,66,35.351717864094084,0.568968949044586,40.30854430379746,33240.506329113865,426.16033755274185,0
993,128,2,0,316,0.006329113924050633,0.0,1.0,316,8800,6100,2700,0.6931818181818182,115,61,54,184.5386352825704,0.4368388336347197,0.8378911370657587,0.11942009152906062,4321284.052973046,87488.77236079625,4408772.825333842,992,0,526.373417721519,83,233,70,35.358602971588546,0.5703784282700421,40.15376984126984,33260.31746031749,400.72671638936737,0
994,128,0,1,315,0.0,0.0031645569620253164,0.9968354430379747,316,7300,4600,2700,0.6301369863013698,100,46,54,185.72896461603614,0.43665507166298306,0.8383292063445549,0.12064326209385248,4325629.663923198,90178.9437585741,4415808.607681773,993,1,527.373417721519,89,227,69,35.19462499629005,0.5717629219409283,40.02314814814816,33277.03703703716,373.89929255097934,0
995,128,1,0,316,0.0031645569620253164,0.0,1.0,316,9700,7300,2400,0.7525773195876289,121,73,48,181.87937669855916,0.43630910521733307,0.8348820919791369,0.1188225179048304,4332240.56632813,84689.04278239573,4416929.609110526,994,0,528.3259493670886,94,222,68,35.09250674308832,0.573378164556962,39.82456140350879,33302.456140351096,354.2814483016074,0
996,128,0,1,315,0.0,0.0031645569620253164,0.9968354430379747,316,10100,7200,2900,0.7128712871287128,130,72,58,184.1119215195511,0.4361297384635992,0.8375623727895045,0.12080614253976084,4337244.327405504,86407.67744368201,4423652.004849186,995,1,529.3259493670886,102,214,57,34.88144723722209,0.5755867616033755,39.67435275080909,33321.68284789684,326.6831651754592,0
997,128,0,1,314,0.0,0.0031746031746031746,0.9968253968253968,315,8650,6000,2650,0.6936416184971098,113,60,53,182.7199999999981,0.43587773396690593,0.8357587301587284,0.12021052631578952,4340277.777777828,86961.11111111313,4427238.888888941,996,4,532.0031746031746,103,212,59,34.82500000000003,0.5766534391534391,39.583333333333364,33333.33333333373,323.6245954692595,0
998,128,0,1,313,0.0,0.0031847133757961785,0.9968152866242038,314,9150,6700,2450,0.73224043715847,116,67,49,177.40645217726146,0.43559837169234106,0.8299191770841843,0.11728004919610249,4345803.525309892,82244.71705693184,4428048.242366824,997,5,534.6624203821656,87,227,63,34.79471396989795,0.578125,39.41761363636362,33354.54545454526,383.3855799373018,0
999,128,0,0,313,0.0,0.0,1.0,313,8600,6100,2500,0.7093023255813954,111,61,50,175.9899105870291,0.4352617009366211,0.8275056349231844,0.11683247430605508,4350586.088972061,81931.85135987254,4432517.940331933,998,6,537.3546325878594,90,223,67,34.68575756245334,0.5793397231096912,39.27426739926739,33372.89377289364,370.80993080992937,0
1000,128,0,0,313,0.0,0.0,1.0,313,8600,6000,2600,0.6976744186046512,112,60,52,175.99588856093192,0.4350961538461538,0.828480352089491,0.11725255294004387,4354631.412780892,82079.44496954246,4436710.857750434,999,7,538.3546325878594,91,222,69,34.562281158665364,0.5806376464323748,39.1530797101449,33388.405797101164,366.9055582099029,0
1001,128,1,1,313,0.0031847133757961785,0.0031847133757961785,0.9968152866242038,314,9650,6900,2750,0.7150259067357513,124,69,55,176.82203691252025,0.4351019260902302,0.8294077374095945,0.11846472984958151,4360988.003621502,81773.75635028198,4442761.7599717835,1000,0,537.6369426751593,93,221,69,34.34705241410535,0.5825039808917197,38.96276595744678,33412.76595744645,359.27705330587577,0
1002,128,1,0,314,0.0031847133757961785,0.0,1.0,314,8000,5600,2400,0.7,104,56,48,174.96801304406668,0.4351835364902356,0.828787370859114,0.11796230556841744,4368099.999999932,82055.55555555277,4450155.555555485,1001,0,538.0286624203821,94,220,57,34.178960659223804,0.5841958598726115,38.74999999999996,33439.99999999947,355.7446808510582,0
1003,128,0,0,314,0.0,0.0,1.0,314,8450,5400,3050,0.6390532544378699,115,54,61,161.28232965987476,0.435144533078285,0.817427590569302,0.10784439850102728,4358790.834711664,69349.18806447975,4428140.022776145,1002,1,539.0286624203821,91,223,72,34.81952398513309,0.586982484076433,39.02853260869561,33404.34782608652,367.08074534161017,8
1004,128,0,0,314,0.0,0.0,1.0,314,8550,5900,2650,0.6900584795321637,112,59,53,161.20969715241793,0.43487871634683867,0.8176868508453381,0.1082171761910319,4363209.88003615,69328.3486746111,4432538.228710761,1003,2,540.0286624203821,93,221,67,34.68703137820782,0.588375796178344,38.89627659574464,33421.27659574418,359.36856554563633,0
1005,128,0,0,314,0.0,0.0,1.0,314,8300,6200,2100,0.7469879518072289,104,62,42,172.1086101896399,0.4349238670356728,0.8298639294128982,0.1134389923477512,4342395.244646012,78372.72209002414,4420767.966736036,1004,3,541.0286624203821,81,233,64,35.03672884662274,0.5805798832271762,39.51981707317071,33341.463414633894,411.623005118937,8
1006,128,0,1,313,0.0,0.0031847133757961785,0.9968152866242038,314,8900,6500,2400,0.7303370786516854,113,65,48,195.80661157573027,0.4350044175603536,0.8459223828760081,0.11816893579172133,4238854.002607966,94299.1278429759,4333153.130450942,1005,4,542.0286624203821,80,234,56,37.604832933573164,0.5513203290870488,42.64403292181067,32941.56378600793,411.7695473250991,8
1007,128,2,0,315,0.006349206349206349,0.0,1.0,315,9050,6500,2550,0.7182320441988951,116,65,51,190.68864239759577,0.43586593873218077,0.8431440945052309,0.11591188154199615,4247513.304864471,89940.50913406543,4337453.813998536,1006,0,541.0412698412698,85,230,61,37.46880240412494,0.5533399470899472,42.38129844961239,32975.19379844945,387.9434564523465,0
1008,128,1,1,315,0.0031645569620253164,0.0031645569620253164,0.9968354430379747,316,8450,6100,2350,0.7218934911242604,108,61,47,189.5589875311217,0.4358624673498091,0.8435795152697376,0.11576600197568003,4253125.035870042,89593.61512855734,4342718.650998599,1007,0,540.3259493670886,87,229,65,37.32455536168001,0.5546545358649789,42.21117424242423,32996.96969696952,379.27551375827034,0
1009,128,1,0,316,0.0031645569620253164,0.0,1.0,316,8200,5700,2500,0.6951219512195121,107,57,50,185.64903224979741,0.43614585426294283,0.8406067253671903,0.1138564996985506,4258157.983903076,86704.58177567038,4344862.5656787455,1008,0,538.3955696202531,92,224,66,37.270036331002956,0.5561708860759493,42.058691756272395,33016.487455197064,358.87486364344636,0
1010,128,4,2,318,0.0125,0.00625,0.99375,320,8700,5900,2800,0.6781609195402298,115,59,56,182.09247088209588,0.43763571871734586,0.837497062049513,0.11239014982297278,4265762.193525423,82652.63560289505,4348414.8291283185,1009,0,532.653125,102,218,57,37.12736994672512,0.55830078125,41.8284789644013,33045.95469255671,323.97994796624226,0
1011,128,0,0,318,0.0,0.0,1.0,318,8200,5700,2500,0.6951219512195121,107,57,50,181.51053578935196,0.43703458458160555,0.8371314297336754,0.11238403792362496,4269501.709271096,83191.90856067123,4352693.617831767,1010,1,536.9496855345911,106,212,60,37.027204025479676,0.5593553459119497,41.715342679127744,33060.436137071876,311.89090695350825,0
1012,128,2,0,320,0.00625,0.0,1.0,320,9850,7500,2350,0.7614213197969543,122,75,47,177.52719271805572,0.43778633588035526,0.8347032146073279,0.11078515939539342,4278813.927335636,78071.16493656255,4356885.092272199,1011,0,534.5875,84,236,66,36.84357078534524,0.56142578125,41.43382352941176,33096.47058823526,394.00560224089594,0
1013,128,4,0,324,0.012345679012345678,0.0,1.0,324,10100,7200,2900,0.7128712871287128,130,72,58,171.51368219126098,0.43874977703882073,0.829714935198552,0.10779849494665998,4287225.315388036,72163.56004515797,4359388.8754331935,1012,0,528.9753086419753,91,233,73,36.740680184318336,0.5633359053497942,41.17980072463767,33128.98550724628,364.0547857939152,0
1014,128,2,1,325,0.006134969325153374,0.003067484662576687,0.9969325153374233,326,9500,7200,2300,0.7578947368421053,118,72,46,167.8602326442354,0.43942877929841123,0.826976920355043,0.10618496730989355,4294802.684533306,69485.31555736889,4364288.000090675,1013,0,526.7239263803681,98,228,68,36.602778906038466,0.564896472392638,40.95117845117844,33158.24915824902,338.3494812066226,0
1015,128,3,2,326,0.009146341463414634,0.006097560975609756,0.9939024390243902,328,9150,6000,3150,0.6557377049180327,123,60,63,167.4954961775315,0.4400721171775938,0.8289621549507666,0.10655169242004858,4301384.692308409,69342.51265772572,4370727.204966135,1014,0,524.1493902439024,105,223,57,36.41047692152182,0.5666920731707317,40.75275157232702,33183.6477987418,316.0347409403981,0
1016,128,2,0,328,0.006097560975609756,0.0,1.0,328,8550,5600,2950,0.6549707602339181,115,56,59,169.03264150625304,0.4399145890828174,0.8321943614844307,0.10803390565834536,4306845.674740529,71449.500192236,4378295.174932765,1015,0,525.1432926829268,84,244,62,36.20332971151427,0.5683117378048781,40.58823529411768,33204.705882353286,395.29411764706293,0
1017,128,0,0,328,0.0,0.0,1.0,328,8350,5900,2450,0.7065868263473054,108,59,49,168.07444654490092,0.44001637049053977,0.8311871763887841,0.10786020876851382,4311589.708019595,70983.61078081832,4382573.318800413,1016,1,526.1432926829268,86,242,66,36.08295276317001,0.5695820630081301,40.4454022988506,33222.988505747446,386.31381983427264,0
1018,128,0,0,328,0.0,0.0,1.0,328,10100,7000,3100,0.693069306930693,132,70,62,165.78898985646055,0.44007658468213123,0.8277689506420214,0.10687098437035858,4316788.140247482,67435.1890391976,4384223.32928668,1017,2,527.1432926829268,92,236,69,35.98325570362707,0.5709794207317074,40.28897849462369,33243.01075268859,361.337073398789,0
1019,128,1,0,329,0.00303951367781155,0.0,1.0,329,10200,7400,2800,0.7254901960784313,130,74,56,161.82139244702333,0.44016459399016483,0.8238278376917405,0.10472592001760303,4321359.04499546,63857.66758494249,4385216.712580402,1018,0,526.5379939209727,98,231,71,35.94661078717205,0.5721884498480243,40.151515151515184,33260.60606060646,339.3939393939434,0
1020,128,0,2,327,0.0,0.0060790273556231,0.993920972644377,329,10800,7900,2900,0.7314814814814815,137,79,58,160.75941654093415,0.4398769367632886,0.8240841505419205,0.10457216769780098,4327266.710069495,62529.774305557476,4389796.484375053,1019,1,527.5379939209727,103,226,70,35.79379485895512,0.5737082066869301,39.973958333333364,33283.33333333373,323.1391585760556,0
1021,128,0,0,327,0.0,0.0,1.0,327,10300,8000,2300,0.7766990291262136,126,80,46,163.94458242863635,0.4394292946348724,0.8281437028244902,0.10727493173443983,4334056.214400206,66409.00725841767,4400465.221658624,1020,2,530.0489296636085,105,222,60,35.50371807459435,0.5754332313965341,39.770047169811356,33309.43396226464,317.23270440252037,0
1022,128,0,0,327,0.0,0.0,1.0,327,9650,6700,2950,0.694300518134715,126,67,59,164.1729322713158,0.4392049398697961,0.8293503900219019,0.10785848902175224,4338685.161415587,67408.93303033116,4406094.094445919,1021,3,531.0489296636085,108,219,61,35.35656389551601,0.5768667176350663,39.63111620795111,33327.21712538279,308.58534375354435,0
1023,128,2,0,329,0.0060790273556231,0.0,1.0,329,8850,6300,2550,0.711864406779661,114,63,51,159.13231598819254,0.43952055069562856,0.8259865155612789,0.10542637002626032,4348263.567769065,63739.850413232794,4412003.418182298,1022,0,528.8145896656534,86,243,68,35.195988363190935,0.5789007092198581,39.34386973180073,33363.9846743291,387.9533101666174,0
1024,128,0,1,328,0.0,0.00303951367781155,0.9969604863221885,329,8750,6400,2350,0.7314285714285714,111,64,47,162.7276613628419,0.4393371450811772,0.8292231421724645,0.10829607563940502,4353404.9725651285,67133.8820301771,4420538.854595305,1023,1,529.8145896656534,89,240,70,34.945711665335324,0.5800721884498481,39.189814814814795,33383.703703703475,375.0977944236345,0
1025,128,2,0,330,0.006060606060606061,0.0,1.0,330,10150,7200,2950,0.7093596059113301,131,72,59,162.50844901447388,0.4399862991618311,0.8284558192628542,0.1086597360924963,4358743.55740015,65516.53103298513,4424260.088433135,1024,0,528.1363636363636,95,235,69,34.78896407633777,0.5818497474747475,39.02994791666665,33404.16666666648,351.6228070175419,0
1026,128,0,0,330,0.0,0.0,1.0,330,9350,6800,2550,0.7272727272727273,119,68,51,162.1808525860929,0.43988287126585,0.828465259553343,0.10900812529542776,4364653.2575193625,66222.63730943037,4430875.894828793,1025,1,529.1363636363636,96,234,66,34.61778997724591,0.5833333333333333,38.85309278350513,33426.80412371108,348.1958762886571,0
1027,128,1,0,331,0.0030211480362537764,0.0,1.0,331,10100,7600,2500,0.7524752475247525,126,76,50,160.90914654379804,0.43991577405474686,0.8282517226696526,0.10868981727486486,4370238.545512933,64342.27091025794,4434580.816423191,1026,0,528.534743202417,100,231,59,34.48127573640655,0.5848753776435045,38.68605610561054,33448.18481848158,334.4818481848158,0
1028,128,0,1,330,0.0,0.0030211480362537764,0.9969788519637462,331,10500,7300,3200,0.6952380952380952,137,73,64,160.33106121448589,0.4398173578687174,0.8283604761796135,0.10888289652593724,4376285.614220913,63630.903341145786,4439916.517562059,1027,1,529.534743202417,85,246,63,34.31275765436101,0.586543303121853,38.50532945736435,33471.31782945745,393.780209758323,0
1029,128,1,0,331,0.0030211480362537764,0.0,1.0,331,9200,6100,3100,0.6630434782608695,123,61,62,158.0052944123574,0.4390895358418017,0.8262835150377135,0.1080145639973931,4383691.041044206,63129.27871060088,4446820.319754807,1028,0,530.522658610272,88,243,67,34.14892744808673,0.5883371097683787,38.28417602996255,33499.62546816484,380.67756213823685,0
1030,128,1,1,331,0.0030120481927710845,0.0030120481927710845,0.9969879518072289,332,9550,6200,3350,0.6492146596858639,129,62,67,154.9663352020144,0.43908488940656887,0.8227668587094317,0.10643692470690665,4388949.910715436,60077.89660975604,4449027.807325192,1029,0,529.9216867469879,92,240,73,34.06909395494728,0.5899849397590362,38.12724014336918,33519.71326164877,364.3447093657475,0
1031,128,0,0,331,0.0,0.0,1.0,331,9550,6600,2950,0.6910994764397905,125,66,59,157.16056989550503,0.43890758033507277,0.8239976016069523,0.10834265113706192,4393057.540947776,62333.08534381911,4455390.626291595,1030,1,531.441087613293,96,235,73,33.887192414367874,0.5911694360523665,38.00472508591064,33535.39518900331,349.3270332187845,0
1032,128,0,0,331,0.0,0.0,1.0,331,8750,5700,3050,0.6514285714285715,118,57,61,157.33623514970884,0.4387935243675425,0.8235817651174764,0.10877291927127661,4396222.898173655,63387.031935517014,4459609.930109172,1031,2,532.441087613293,98,233,69,33.78673371070699,0.5923023665659617,37.910353535353536,33547.47474747474,342.3211708925994,0
1033,128,0,0,331,0.0,0.0,1.0,331,9750,7100,2650,0.7282051282051282,124,71,53,156.8850131105295,0.43849369831242946,0.8236522304446039,0.10903058208219948,4402033.304196782,62172.61052838076,4464205.914725163,1032,3,533.441087613293,100,231,71,33.622701115524315,0.59375,37.73721122112213,33569.636963696576,335.69636963696576,0
1034,128,0,1,330,0.0,0.0030211480362537764,0.9969788519637462,331,9750,7500,2250,0.7692307692307693,120,75,45,161.2896295814539,0.4383380634135921,0.8282892364963639,0.11248650940487219,4405923.2726930035,66175.94652339263,4472099.219216396,1033,4,534.441087613293,102,229,64,33.3894638452051,0.5952920443101712,37.62135922330098,33584.46601941753,329.25947077860326,0
1035,128,0,0,330,0.0,0.0,1.0,330,9600,6900,2700,0.71875,123,69,54,159.34501617996537,0.43765715667311417,0.8262550818614669,0.11162488347309465,4410823.567858539,64968.55055747892,4475792.118416018,1034,5,536.9878787878788,84,246,67,33.292292969844084,0.596685606060606,37.47549019607845,33603.13725490213,400.0373482726444,0
1036,128,0,0,330,0.0,0.0,1.0,330,8800,6000,2800,0.6818181818181818,116,60,56,156.07894347743465,0.43727069325473583,0.8219959497639635,0.10984928115153104,4415967.926782053,63047.9216884769,4479015.84847053,1035,6,537.9878787878788,87,243,72,33.22259962747659,0.5980744949494949,37.3224431818182,33622.72727272749,386.46812957158033,0
1037,128,0,0,330,0.0,0.0,1.0,330,8650,5900,2750,0.6820809248554913,114,59,55,155.7807447530664,0.4371027908261951,0.8229414354909736,0.11021123717576774,4421674.382716061,63112.34567901295,4484786.728395074,1036,7,538.9878787878788,89,241,73,33.05812417437257,0.5994318181818181,37.152777777777786,33644.44444444453,378.0274656679161,0
1038,128,0,0,330,0.0,0.0,1.0,330,9350,6700,2650,0.7165775401069518,120,67,53,158.38616590223629,0.43694045316385743,0.8249585068737681,0.11241932508904459,4425230.518798577,64829.05902121429,4490059.577819791,1037,8,539.9878787878788,91,239,74,32.882291307842465,0.6004419191919192,37.04710144927537,33657.971014492796,369.8678133460747,0
1039,128,0,0,330,0.0,0.0,1.0,330,9600,6900,2700,0.71875,123,69,54,158.98250293567014,0.43647243713733075,0.8258682517323765,0.11345130495032654,4431100.448349827,65293.48800760453,4496393.936357431,1038,9,540.9878787878788,92,238,74,32.68949713377604,0.601925505050505,36.872759856630815,33680.28673835114,366.0900732429472,0
1040,128,0,0,330,0.0,0.0,1.0,330,8500,6100,2400,0.7176470588235294,109,61,48,159.50750138504222,0.43600039145251906,0.8261963636363658,0.11403681992458553,4433115.317388434,66923.02952567679,4500038.346914111,1039,10,541.9878787878788,93,237,70,32.61491228070175,0.6032512626262626,36.81294326241133,33687.94326241114,362.23594905818436,0
1041,128,0,0,330,0.0,0.0,1.0,330,8750,5400,3350,0.6171428571428571,121,54,67,160.87874706071187,0.4358125326210433,0.8270863231540355,0.11528624624944009,4435655.762508702,67970.54829300522,4503626.310801708,1040,11,542.9878787878788,96,234,70,32.50220953157929,0.6043560606060606,36.737542955326454,33697.59450171816,351.01660939289746,0
1042,128,0,0,330,0.0,0.0,1.0,330,10200,7400,2800,0.7254901960784313,130,74,56,162.12024806678346,0.4356549921709496,0.8287323762935954,0.11665295113123862,4440101.697389155,67766.07772449522,4507867.77511365,1041,12,543.9878787878788,98,232,57,32.33548382801368,0.6055239898989899,36.60563973063973,33714.47811447811,344.02528688242967,0
1043,128,0,1,329,0.0,0.0030303030303030303,0.996969696969697,330,8850,6600,2250,0.7457627118644068,111,66,45,163.29086925015395,0.4352846473857112,0.8302812056687101,0.1178461900452808,4443330.065679843,70261.04575804132,4513591.111437884,1042,13,544.9878787878788,100,230,59,32.20734825948541,0.6064078282828282,36.50990099009901,33726.73267326738,337.26732673267384,0
1044,128,0,0,329,0.0,0.0,1.0,329,7950,5400,2550,0.6792452830188679,105,54,51,162.45573135148393,0.4348002693552771,0.8293896954688882,0.1178285640434674,4448705.2450786,70793.53283128497,4519498.777909885,1043,14,544.677811550152,86,243,64,32.067438692098094,0.6079660587639311,36.35057471264367,33747.12643678153,392.40844693932013,0
1045,128,0,0,329,0.0,0.0,1.0,329,9250,6900,2350,0.745945945945946,116,69,47,162.5011412715586,0.4344168550918032,0.8284118956483748,0.11843773882809393,4453955.138268313,69704.55862818431,4523659.696896498,1044,15,545.677811550152,90,239,67,31.908194480603996,0.6090425531914894,36.195054945054935,33767.03296703288,375.1892551892542,0
1046,128,1,0,330,0.0030303030303030303,0.0,1.0,330,8850,6400,2450,0.7231638418079096,113,64,49,162.37773992952953,0.43432175094409137,0.8287389577854394,0.11881261541940341,4458162.70088272,69931.27672149167,4528093.977604211,1045,0,545.0212121212121,93,237,69,31.78485080684668,0.6102588383838383,36.070478723404236,33782.978723404005,363.25783573552695,0
1047,128,0,0,330,0.0,0.0,1.0,330,9950,7300,2650,0.7336683417085427,126,73,53,163.33260625288088,0.43398920819133585,0.830573204324295,0.11995158558022602,4462100.346260371,69811.29578331717,4531911.642043687,1046,1,546.0212121212121,94,236,70,31.641214373710895,0.6114898989898989,35.95394736842104,33797.894736841976,359.55207166853165,0
1048,128,0,0,330,0.0,0.0,1.0,330,9700,6500,3200,0.6701030927835051,129,65,64,161.6186602858103,0.433615217524792,0.8291301181874202,0.11912220056488146,4465957.641601542,68656.41818576297,4534614.059787305,1047,2,547.0212121212121,95,235,70,31.570522694598452,0.6127840909090909,35.839843749999986,33812.49999999985,355.9210526315773,0
1049,128,0,0,330,0.0,0.0,1.0,330,9150,6000,3150,0.6557377049180327,123,60,63,162.55800719189722,0.4332527401676338,0.8299990492975777,0.12021169466998549,4469484.96575497,70160.11384145323,4539645.079596424,1048,3,548.0212121212121,97,233,68,31.439713887324668,0.6141414141414141,35.73554421768705,33825.85034013575,348.72010659933767,0
1050,128,1,0,331,0.0030211480362537764,0.0,1.0,331,10400,7400,3000,0.7115384615384616,134,74,60,160.06475997494704,0.43290533736153075,0.8285142329290798,0.11899387970230471,4475091.371107233,66660.88523644619,4541752.256343679,1049,0,547.3625377643505,101,230,58,31.337258139265423,0.6158421450151057,35.56985294117645,33847.05882352916,335.11939429236793,0
1051,128,0,1,330,0.0,0.0030211480362537764,0.9969788519637462,331,9800,6900,2900,0.7040816326530612,127,69,58,160.4421554553922,0.43252387927614516,0.8292490765347418,0.11967144313393359,4478613.88616941,67711.69306989256,4546325.579239303,1050,1,548.3625377643505,105,226,59,31.221558193097785,0.6171009566968781,35.46580188679243,33860.37735849022,322.47978436657354,0
1052,128,0,0,330,0.0,0.0,1.0,330,10000,7300,2700,0.73,127,73,54,160.86043182049312,0.43194175800558776,0.8296032761853434,0.12026656661593169,4481107.881584034,68166.58977316548,4549274.471357199,1051,2,550.3606060606061,84,246,61,31.13566367173029,0.6183712121212122,35.39215686274512,33869.80392156885,403.21195144724817,0
1053,128,1,0,331,0.0030211480362537764,0.0,1.0,331,9150,6000,3150,0.6557377049180327,123,60,63,159.25685871531203,0.43187273032439194,0.8275303901101994,0.11964627701757148,4486225.44326615,67542.43431665518,4553767.877582805,1052,0,549.6948640483383,88,243,64,31.02463787336253,0.6193038771399799,35.241104868913865,33889.138576779085,385.1038474633987,0
1054,128,0,0,331,0.0,0.0,1.0,331,9850,7100,2750,0.7208121827411168,126,71,55,182.66858489300594,0.4316511031767829,0.844215361385166,0.13099886646785633,4436468.1671988545,86030.67240501642,4522498.839603871,1053,1,550.6948640483383,97,234,67,31.904016955995143,0.6045757804632427,36.71343537414966,33700.68027210886,347.42969352689545,8
1055,128,0,0,331,0.0,0.0,1.0,331,10300,8100,2200,0.7864077669902912,125,81,44,184.8906837832502,0.4314096402087339,0.8475614643960523,0.13317289952135095,4441205.006944463,87727.48611111194,4528932.493055575,1054,2,551.6948640483383,99,232,55,31.70239531021393,0.6058975327291037,36.57291666666668,33718.66666666681,340.59259259259403,0
1056,128,0,1,330,0.0,0.0030211480362537764,0.9969788519637462,331,10000,7100,2900,0.71,129,71,58,181.9332621792643,0.43095150904818574,0.8444558315522603,0.13161489628063067,4445916.204980542,85572.00770955198,4531488.212690094,1055,3,552.6948640483383,82,249,59,31.638076758249632,0.6074081067472306,36.43323293172689,33736.54618473878,411.4212949358388,0
1057,128,0,0,330,0.0,0.0,1.0,330,9600,7000,2600,0.7291666666666666,122,70,52,181.61292249761823,0.4306133139909736,0.8425273465340419,0.13173366198967415,4448790.811226425,85991.58016147511,4534782.3913879,1056,4,554.7575757575758,84,246,61,31.559778903659634,0.6085542929292929,36.348039215686256,33747.45098039195,401.75536881418986,0
1058,128,0,0,330,0.0,0.0,1.0,330,10300,8000,2300,0.7766990291262136,126,80,46,178.51766802117052,0.4301566193853428,0.8399106136951704,0.12991627713374096,4452342.532038545,82664.36121019787,4535006.893248743,1057,5,555.7575757575758,86,244,64,31.534284352444445,0.6100694444444444,36.242816091954,33760.91954022963,392.56883186313524,0
1059,128,1,0,331,0.0030211480362537764,0.0,1.0,331,8050,5800,2250,0.7204968944099379,103,58,45,178.82137553897147,0.4299547590710733,0.8409715163065097,0.13064506587497143,4456526.567913663,85134.44220005706,4541661.01011372,1058,0,555.0755287009064,88,243,66,31.40015597740915,0.6113104229607251,36.118913857677875,33776.779026216915,383.82703438882857,0
1060,128,1,0,332,0.0030120481927710845,0.0,1.0,332,8800,6100,2700,0.6931818181818182,115,61,54,182.01615893400512,0.4297759391038474,0.8450290444203499,0.13364450060384445,4461873.876886133,87226.62894375787,4549100.505829891,1059,0,554.4006024096385,89,243,68,31.154705284998315,0.6126694277108433,35.96064814814814,33797.03703703694,379.74198918019033,0
1061,128,0,0,332,0.0,0.0,1.0,332,9500,6700,2800,0.7052631578947368,123,67,56,176.00947603584493,0.4296140377218845,0.8401900107635156,0.12464344527436343,4422736.455463721,79788.70523415972,4502525.160697881,1060,1,555.4006024096385,87,245,66,32.49429634966381,0.6036960341365463,37.12121212121212,33648.4848484848,386.7641936607448,8
1062,128,0,0,332,0.0,0.0,1.0,332,10750,7300,3450,0.6790697674418604,142,73,69,173.87352556371886,0.4293774417913345,0.8383928224194404,0.1238868864297147,4429423.514295827,76881.8965290901,4506305.410824916,1061,2,556.4006024096385,91,241,67,32.34833405064203,0.6053275602409638,36.92255434782608,33673.91304347815,370.04300047778185,0
1063,128,0,1,331,0.0,0.0030120481927710845,0.9969879518072289,332,7800,4800,3000,0.6153846153846154,108,48,60,174.13872022776954,0.429144068722018,0.8388861254765818,0.124396145690223,4432232.250677653,80164.65037705033,4512396.901054703,1062,3,557.4006024096385,92,240,70,32.256508476980905,0.6065512048192772,36.83915770609318,33684.58781361999,366.1368240610868,0
1064,128,0,1,330,0.0,0.0030211480362537764,0.9969788519637462,331,8300,5500,2800,0.6626506024096386,111,55,56,178.44139218497477,0.42856625164026974,0.8416372089048327,0.12783636045676272,4435355.490166482,83790.20170011526,4519145.691866597,1063,5,560.0755287009064,93,238,68,32.04892097435035,0.6075654582074521,36.74645390070921,33696.453900709144,362.32746129794776,0
1065,128,0,0,330,0.0,0.0,1.0,330,8950,6600,2350,0.7374301675977654,113,66,47,175.46017215666805,0.4284461253876148,0.8380330234241484,0.1262574249616826,4440151.361111131,80863.94444444528,4521015.3055555755,1064,6,560.560606060606,99,231,54,31.982618840465076,0.6089330808080808,36.60416666666668,33714.66666666682,340.55218855219005,0
1066,128,0,0,330,0.0,0.0,1.0,330,8800,5900,2900,0.6704545454545454,117,59,58,180.4376428766449,0.4282761121856866,0.8414416646024272,0.13034831329184188,4444387.162105553,85586.94871230941,4529974.110817863,1065,7,561.560606060606,102,228,56,31.723641120108507,0.6101957070707071,36.478559870550164,33730.7443365696,330.69357192715296,0
1067,128,1,0,331,0.0030211480362537764,0.0,1.0,331,10150,7500,2650,0.7389162561576355,128,75,53,177.20422408016304,0.42802992157221764,0.8395134623294165,0.12874095746719014,4450509.269101146,81379.80835852776,4531889.077459673,1066,0,560.8610271903324,83,248,61,31.62419664550514,0.611908358509567,36.297123015873005,33753.96825396815,406.6743163128693,0
1068,128,0,0,331,0.0,0.0,1.0,331,8750,6300,2450,0.72,112,63,49,174.3646804891585,0.4278842045836004,0.8368903244616717,0.1271455341725594,4454472.021287769,80390.51814794693,4534862.539435716,1067,1,561.8610271903324,85,246,65,31.57965466844189,0.6131042296072508,36.17974806201549,33768.992248061906,397.2822617419048,0
1069,128,0,0,331,0.0,0.0,1.0,331,9950,7700,2250,0.7738693467336684,122,77,45,173.0742840472504,0.4275180048216302,0.8361084427005367,0.12683961907780927,4459856.026529504,78227.27774908184,4538083.304278586,1068,2,562.8610271903324,87,244,69,31.451551126257442,0.6144259818731117,36.02035984848485,33789.39393939397,388.3838383838388,0
1070,128,0,0,331,0.0,0.0,1.0,331,10000,7400,2600,0.74,126,74,52,174.47014481253726,0.4272334370899326,0.8376732904982762,0.12849979545321707,4465171.485260766,79607.8231292514,4544779.308390018,1069,3,563.8610271903324,90,241,67,31.254694835680763,0.61587361530715,35.863095238095234,33809.52380952377,375.66137566137525,0
1071,128,0,0,331,0.0,0.0,1.0,331,8700,5800,2900,0.6666666666666666,116,58,58,172.7764529016887,0.4268947023101102,0.8361561878465067,0.12760790619758366,4468147.4094628645,79498.13208977193,4547645.541552637,1070,4,564.8610271903324,92,239,70,31.209905327115987,0.6170380161127895,35.775089605734756,33820.788530465834,367.6172666354982,0
1072,128,0,0,331,0.0,0.0,1.0,331,9250,7100,2150,0.7675675675675676,114,71,43,173.3755714152633,0.42650675943727306,0.8371418378188991,0.12857310523686763,4472482.925515523,79633.85657125173,4552116.782086775,1071,5,565.8610271903324,94,237,68,31.063693364856817,0.6182653575025177,35.64692982456139,33837.192982455985,359.9701381112339,0
1073,128,0,0,331,0.0,0.0,1.0,331,9800,6600,3200,0.673469387755102,130,66,64,175.40397140440282,0.42617756110958527,0.8394988849932496,0.13063684586817514,4477038.567552844,81058.0689758884,4558096.636528732,1072,6,566.8610271903324,97,234,59,30.873111160229865,0.6194612286002015,35.51232993197277,33854.421768707274,349.01465740935333,0
1074,128,0,0,331,0.0,0.0,1.0,331,9650,7600,2050,0.7875647668393783,117,76,41,160.61041895553808,0.42585675485977603,0.8267595611788459,0.11314510519717022,4417002.777777805,66033.33333333457,4483036.11111114,1073,7,567.8610271903324,89,242,68,33.072297118688866,0.6028449144008057,37.291666666666686,33626.666666666875,377.8277153558076,8
1075,128,0,1,330,0.0,0.0030211480362537764,0.9969788519637462,331,9600,6900,2700,0.71875,123,69,54,159.60328089759832,0.4256431383319601,0.8247489448368439,0.1128109426368781,4420658.606385245,65310.32346145891,4485968.929846704,1074,8,568.8610271903324,91,240,72,32.9883250043081,0.6039149043303123,37.18297101449277,33640.57971014517,369.6767001114854,0
1076,128,0,1,329,0.0,0.0030303030303030303,0.996969696969697,330,8550,6000,2550,0.7017543859649122,111,60,51,161.4006422408585,0.42527133032452186,0.8237393946742808,0.11464867326101356,4426086.07090798,68324.62689157402,4494410.697799554,1075,9,571.4969696969697,97,233,75,32.77719675841722,0.605239898989899,37.021683673469404,33661.22448979611,347.022932884496,0
1077,128,0,2,327,0.0,0.0060790273556231,0.993920972644377,329,10500,8000,2500,0.7619047619047619,130,80,50,161.07733073419203,0.42473574146835696,0.8227069926042303,0.11471360139292472,4428892.740238839,66378.84414114407,4495271.584379983,1076,10,573.9300911854103,101,228,69,32.70098962175035,0.6065729483282675,36.93831699346408,33671.89542483692,333.38510321620714,0
1078,128,0,0,327,0.0,0.0,1.0,327,9850,6900,2950,0.700507614213198,128,69,59,161.6508086980451,0.4240899170121886,0.8224478275052611,0.11557144630653708,4433137.063918504,68074.03829034172,4501211.102208845,1077,11,577.4862385321101,102,225,68,32.55784724357004,0.6082122833843018,36.81229773462785,33688.02588996785,330.2747636271358,0
1079,128,0,0,327,0.0,0.0,1.0,327,9950,7600,2350,0.7638190954773869,123,76,47,164.36687635143156,0.4237854355452993,0.8261310610671504,0.11792785058751311,4436964.168310375,70507.98816568237,4507472.156476057,1078,12,578.4862385321101,103,224,73,32.370917021708244,0.609486493374108,36.69871794871798,33702.5641025645,327.20936021907283,0
1080,128,0,0,327,0.0,0.0,1.0,327,9400,7000,2400,0.7446808510638298,118,70,48,166.3543128037282,0.42368693833136334,0.827180618062209,0.11967343451117594,4439865.207285508,72918.14509983381,4512783.352385341,1079,13,579.4862385321101,107,220,59,32.23109223182461,0.6107925586136596,36.61265432098767,33713.58024691383,315.08018922349373,0
1081,128,0,0,327,0.0,0.0,1.0,327,9100,6200,2900,0.6813186813186813,120,62,58,167.9034378915373,0.42354622802574066,0.8288657582040333,0.12115521929186177,4443152.984389403,74704.1322314069,4517857.11662081,1080,14,580.4862385321101,109,218,60,32.09115032585778,0.6121623343527014,36.515151515151544,33726.06060606103,309.4134000556058,0
1082,128,0,0,327,0.0,0.0,1.0,327,9900,7000,2900,0.7070707070707071,128,70,58,170.56749426573973,0.4233785482448735,0.8327258016263901,0.12352946348436851,4447112.637837242,76406.5718706795,4523519.209707921,1081,15,581.4862385321101,85,242,63,31.901574154911238,0.6133728338430173,36.39777131782944,33741.08527131762,396.9539443684426,0
1083,128,0,0,327,0.0,0.0,1.0,327,10000,7800,2200,0.78,122,78,44,172.73723484694509,0.4232112593259663,0.833622754412934,0.1255599626478001,4451061.045468873,78372.79542584856,4529433.840894721,1082,16,582.4862385321101,87,240,65,31.7253635710759,0.6144877675840978,36.2807765151515,33756.060606060455,388.0006966213845,0
1084,128,0,0,327,0.0,0.0,1.0,327,9150,6200,2950,0.6775956284153005,121,62,59,169.50294159634325,0.4228614378717097,0.8306867079234475,0.12370582674661952,4455387.925658969,76490.27187040397,4531878.197529373,1083,17,583.4862385321101,91,236,66,31.680336222803916,0.6156345565749235,36.15262681159418,33772.463768115704,371.1259754737989,0
1085,128,0,0,327,0.0,0.0,1.0,327,7650,5000,2650,0.6535947712418301,103,50,53,170.44516997362973,0.4227988999580996,0.8301123642324817,0.12478577042594823,4458765.650969488,78945.01385041379,4537710.664819902,1084,18,584.4862385321101,94,233,69,31.55377617148554,0.6163990825688073,36.05263157894734,33785.26315789442,359.4176931690896,0
1086,128,0,0,327,0.0,0.0,1.0,327,9100,6600,2500,0.7252747252747253,116,66,50,169.16640356053574,0.4224049111023558,0.8289055653203024,0.12427986135114674,4462478.431906006,76480.2854583984,4538958.717364404,1085,19,585.4862385321101,98,229,71,31.475799596217186,0.6176095820591234,35.94276094276092,33799.32659932633,344.89108774822785,0
1087,128,0,1,326,0.0,0.0030581039755351682,0.9969418960244648,327,9200,6800,2400,0.7391304347826086,116,68,48,183.04624352606533,0.4223798959369118,0.8488127336400637,0.12729558764069857,4402761.593341283,86581.79416039192,4489343.387501675,1086,20,586.4862385321101,86,241,67,32.91449831096504,0.5926032110091743,37.715517241379324,33572.41379310362,390.3769045709723,8
1088,128,0,1,325,0.0,0.003067484662576687,0.9969325153374233,326,9600,6200,3400,0.6458333333333334,130,62,68,198.64469032034322,0.4223061192386346,0.8591100573000845,0.1305582150127737,4339145.605243141,97589.64700168105,4436735.252244822,1087,21,589.0766871165645,91,235,52,34.44493665840471,0.5738113496932515,39.617300724637694,33328.98550724653,366.2525879917201,8
1089,128,1,1,325,0.003067484662576687,0.003067484662576687,0.9969325153374233,326,8900,5400,3500,0.6067415730337079,124,54,70,195.15287403796583,0.4226303680981595,0.855550902134788,0.12899128991289904,4345621.301775136,95512.09730440429,4441133.399079541,1088,0,589.5858895705521,77,249,54,34.33784337843377,0.5753131390593047,39.42307692307691,33353.84615384606,433.16683316683196,0
1090,128,1,0,326,0.003067484662576687,0.0,1.0,326,10600,7400,3200,0.6981132075471698,138,74,64,191.17529904466937,0.42304054585496303,0.8526346711384829,0.12716461953099278,4352837.05101529,90630.98498411241,4443468.035999402,1089,0,589.6963190184049,82,244,58,34.22110603144046,0.5771664110429449,39.206827309236935,33381.52610441755,407.0917817611896,0
1091,128,0,0,326,0.0,0.0,1.0,326,8200,5400,2800,0.6585365853658537,110,54,56,178.13439973472035,0.42293220072361176,0.8409118516142693,0.1162139516411558,4330638.074416985,80887.12277091811,4411525.197187903,1090,1,590.6963190184049,89,237,64,35.23892287727104,0.5705521472392638,39.87268518518517,33296.2962962961,374.1156887224281,8
1092,128,1,0,327,0.0030581039755351682,0.0,1.0,327,9900,7400,2500,0.7474747474747475,124,74,50,176.33378970625918,0.4230768028117046,0.8400408155147918,0.11557090020420051,4335938.585069438,77614.49652777777,4413553.081597216,1091,0,589.8868501529053,95,232,58,35.12381190595302,0.5720884301732926,39.713541666666664,33316.66666666662,350.7017543859644,0
1093,128,0,0,327,0.0,0.0,1.0,327,9850,7200,2650,0.7309644670050761,125,72,53,177.28584281694864,0.4228856713132336,0.8417976244462264,0.11656544165214407,4339590.23625136,78619.58250280528,4418209.818754165,1092,1,590.8868501529053,100,227,60,34.98750726130123,0.5735537716615698,39.60396039603961,33330.693069307024,333.3069306930702,0
1094,128,0,0,327,0.0,0.0,1.0,327,9750,6700,3050,0.6871794871794872,128,67,61,187.00794025352442,0.42274457014565076,0.8436128071839848,0.11788506297134312,4290704.236972007,85329.15231864156,4376033.3892906485,1093,2,591.8868501529053,87,240,71,36.23270397122915,0.5607479612640163,41.074810606060616,33142.42424242436,380.94740508533744,8
1095,128,1,0,328,0.003048780487804878,0.0,1.0,328,8300,5600,2700,0.6746987951807228,110,56,54,184.7918028377481,0.4233463629074364,0.8438359474898702,0.11723410864428269,4298190.935689432,84954.09038938412,4383145.026078816,1094,0,591.079268292683,92,236,69,36.0601165521315,0.5621506605691057,40.84901433691757,33171.326164874656,360.55789309646366,0
1096,128,2,2,328,0.006060606060606061,0.006060606060606061,0.9939393939393939,330,9500,7000,2500,0.7368421052631579,120,70,50,186.0234946150985,0.42382314789229686,0.8468102267501771,0.11859118076264097,4303878.544139471,84624.50543595268,4388503.049575424,1095,0,588.4909090909091,98,232,56,35.8536036949877,0.563794191919192,40.67760942760942,33193.265993265864,338.70679584965166,0
1097,128,3,1,330,0.00906344410876133,0.0030211480362537764,0.9969788519637462,331,8250,6200,2050,0.7515151515151515,103,62,41,181.59500692192825,0.4246368519027129,0.8432985330633249,0.11619045428960195,4308125.362897393,82016.81101917815,4390142.173916572,1096,0,587.2084592145015,82,249,62,35.83821087086216,0.5652693856998994,40.54969879518074,33209.63855421703,404.995592124598,0
1098,128,1,0,331,0.0030211480362537764,0.0,1.0,331,9000,6200,2800,0.6888888888888889,118,62,56,181.22311241862067,0.42460404650736977,0.8423737575606227,0.11658759417183576,4314476.443723347,81176.56991767391,4395653.013641021,1097,0,588.1842900302115,85,246,67,35.65322354916966,0.566654078549849,40.35852713178296,33234.10852713189,390.9895120839046,0
1099,128,2,0,333,0.006006006006006006,0.0,1.0,333,8750,6200,2550,0.7085714285714285,113,62,51,178.26882687068894,0.4254812040956619,0.840079056775173,0.11550884082325111,4322747.724528234,78772.23314191864,4401519.957670153,1098,0,585.6456456456457,92,241,71,35.47673433033085,0.568506006006006,40.109767025089624,33265.94982078876,361.58641109552997,0
1100,128,0,1,332,0.0,0.003003003003003003,0.996996996996997,333,9700,6800,2900,0.7010309278350515,126,68,58,175.7410340498011,0.4253500488440247,0.8417305717919232,0.11788051115587847,4362333.80384369,77028.21071157696,4439362.014555267,1099,1,586.6456456456457,92,241,70,34.33428790023882,0.5810185185185186,38.9224910394265,33417.92114695308,363.2382733364465,8
1101,128,0,1,331,0.0,0.0030120481927710845,0.9969879518072289,332,9900,7000,2900,0.7070707070707071,128,70,58,172.59071238013138,0.42481709314599786,0.8387987534488826,0.11640445861873255,4368535.427517303,74493.72829860865,4443029.1558159115,1100,2,589.4096385542168,95,237,57,34.22782207824569,0.5826430722891567,38.73697916666663,33441.66666666622,352.01754385964443,0
1102,128,0,1,330,0.0,0.0030211480362537764,0.9969788519637462,331,8200,5700,2500,0.6951219512195121,107,57,50,173.1566946891593,0.4243595318746376,0.8393765830510556,0.11721376255881451,4372653.661405703,77030.85100589083,4449684.512411593,1101,3,592.1812688821752,100,231,59,34.08778540614473,0.5840571500503524,38.61386138613859,33457.425742573934,334.57425742573935,0
1103,128,0,0,330,0.0,0.0,1.0,330,8500,5900,2600,0.6941176470588235,111,59,52,174.25035152940984,0.4238047265972798,0.8408616251396366,0.11852132433561398,4378045.899018462,78075.20738317243,4456121.106401634,1102,4,594.9606060606061,81,249,61,33.89527377078376,0.585385101010101,38.45274390243904,33478.04878048796,413.30924420355507,0
1104,128,0,0,330,0.0,0.0,1.0,330,9050,7000,2050,0.7734806629834254,111,70,41,176.69094673462016,0.42365390224432775,0.8434166920405444,0.12073002300762589,4383150.747323038,79842.61104501355,4462993.358368051,1103,5,595.9606060606061,81,249,64,33.67630818892287,0.5865214646464647,38.30030487804879,33497.56097560988,413.5501355013565,0
1105,128,1,0,331,0.0030211480362537764,0.0,1.0,331,8500,6400,2100,0.7529411764705882,106,64,42,173.3365267267696,0.42361492569196496,0.8407813270002109,0.11888715549012645,4387382.016532109,77398.7120338334,4464780.7285659425,1104,0,595.1570996978852,84,247,67,33.63561900304236,0.5877077039274925,38.17401960784314,33513.72549019613,398.9729225023349,0
1106,128,0,0,331,0.0,0.0,1.0,331,9950,7100,2850,0.7135678391959799,128,71,57,174.94329696462418,0.4234928591046416,0.8425616121037003,0.12056485924040833,4392718.113724136,77545.31789022613,4470263.431614362,1105,1,596.1570996978852,86,245,68,33.43159209664396,0.5890609264853978,38.01484674329504,33534.099616858446,389.9313908937029,0
1107,128,0,0,331,0.0,0.0,1.0,331,9300,6800,2500,0.7311827956989247,118,68,50,172.70208087943516,0.4233776587628551,0.8404479296488288,0.11944071646738966,4396639.348286561,76361.75286509864,4473001.101151659,1106,2,597.1570996978852,88,243,66,33.371382959721345,0.5903197381671702,37.89794007490637,33549.063670412055,381.2393598910461,0
1108,128,0,0,331,0.0,0.0,1.0,331,9450,6300,3150,0.6666666666666666,126,63,63,171.764704403821,0.4230053556715188,0.8396453048643184,0.11942793842037738,4402556.335194418,75590.75750716824,4478147.092701587,1107,3,598.1570996978852,93,238,66,33.216614556926345,0.5918932527693856,37.721631205673766,33571.631205673846,360.9852817814392,0
1109,128,0,0,331,0.0,0.0,1.0,331,9650,6400,3250,0.6632124352331606,129,64,65,170.23291978491616,0.4229099911501724,0.838141871544898,0.11854820711884131,4404287.56536629,74100.94636494078,4478388.511731231,1108,4,599.1570996978852,97,234,58,33.20434900054024,0.5929947129909365,37.67006802721089,33578.23129251706,346.167332912547,0
1110,128,0,0,331,0.0,0.0,1.0,331,9050,6000,3050,0.6629834254143646,121,60,61,171.3479464558066,0.42258460740333853,0.8396072780616115,0.11975531978744637,4408267.496922972,75819.51660512648,4484087.013528098,1109,5,600.1570996978852,100,231,61,33.054567663509786,0.5944108761329305,37.551567656765684,33593.39933993408,335.9339933993408,0
1111,128,0,0,331,0.0,0.0,1.0,331,9800,7000,2800,0.7142857142857143,126,70,56,173.2634512306267,0.4224369831242943,0.8413300361192648,0.12171893235355233,4413938.378906219,76954.83940972084,4490893.21831594,1110,6,601.1570996978852,79,252,63,32.83261647412697,0.5958585095669688,37.38281249999998,33614.99999999977,425.5063291139211,0
1112,128,0,0,331,0.0,0.0,1.0,331,9150,6300,2850,0.6885245901639344,120,63,57,175.2316970611592,0.42231186487228783,0.8431579058046708,0.12381124825140791,4420249.851278954,79563.57657478788,4499813.427853742,1111,7,602.1570996978852,81,250,64,32.58994747357564,0.5972432024169184,37.19512195121948,33639.02439024354,415.29659741041405,0
1113,128,0,0,331,0.0,0.0,1.0,331,8050,5900,2150,0.7329192546583851,102,59,43,196.38516869242773,0.42225579053373613,0.8539769186790871,0.13282723151529807,4371718.056582834,97458.11760355024,4469176.174186384,1112,8,603.1570996978852,103,228,55,33.50914003219131,0.5838997985901309,38.64182692307692,33453.8461538461,324.79462285287474,8
1114,128,0,2,329,0.0,0.006042296072507553,0.9939577039274925,331,9850,7600,2250,0.7715736040609137,121,76,45,191.12515173875116,0.4221451676889743,0.8499792608051793,0.12990377960425276,4377221.629494151,91269.42962624267,4468491.059120393,1113,9,604.1570996978852,80,251,57,33.479010949383685,0.5852530211480362,38.477366255144034,33474.89711934158,418.4362139917697,0
1115,128,1,0,330,0.0030303030303030303,0.0,1.0,330,8200,6100,2100,0.7439024390243902,103,61,42,186.88081653944505,0.42180332964907435,0.8458416433145672,0.1276959810927026,4383180.435370475,89626.46776035111,4472806.903130827,1114,0,605.8272727272728,85,245,60,33.40873677065016,0.5869002525252525,38.299418604651166,33497.674418604685,394.0902872777022,0
1116,128,0,1,329,0.0,0.0030303030303030303,0.996969696969697,330,8650,6100,2550,0.7052023121387283,112,61,51,188.90068088282456,0.42189486045869024,0.8468539476676193,0.12969773005865398,4388548.876549574,91149.97417355339,4479698.850723127,1115,1,606.8272727272728,87,243,63,33.19263628966642,0.5880681818181819,38.13920454545454,33518.18181818172,385.2664576802497,0
1117,128,0,0,329,0.0,0.0,1.0,329,9150,6900,2250,0.7540983606557377,114,69,45,191.9680434062201,0.42137073108952977,0.8475260905668534,0.13229618548236555,4392705.161804191,93701.80303439082,4486406.964838582,1116,2,609.5896656534954,92,237,63,32.985962662106346,0.5893490374873354,38.0152329749104,33534.050179211474,364.50054542621166,0
1118,128,1,0,330,0.0030303030303030303,0.0,1.0,330,9500,6800,2700,0.7157894736842105,122,68,54,187.97017655129778,0.421846120782291,0.8452568570045167,0.13011414112109604,4397612.877363037,89824.01379243792,4487436.891155475,1117,0,608.739393939394,95,235,62,32.94164114027096,0.5907828282828282,37.86892361111111,33552.77777777775,353.1871345029237,0
1119,128,0,1,329,0.0,0.0030303030303030303,0.996969696969697,330,8200,6000,2200,0.7317073170731707,104,60,44,188.11284052056993,0.42175785207700106,0.8457923489129977,0.13056678055233864,4400623.54601386,91362.75906047392,4491986.305074334,1118,1,609.739393939394,96,234,68,32.84649984983755,0.5921085858585858,37.779209621993125,33564.26116838485,349.6277205040089,0
1120,128,0,0,329,0.0,0.0,1.0,329,10350,7700,2650,0.7439613526570048,130,77,53,193.7180189620722,0.42135528640620756,0.8493706157537106,0.1350611815622954,4405583.63051285,94538.18665493575,4500121.817167786,1119,2,609.3738601823708,102,227,53,32.54892135322308,0.5939399696048633,37.63147249190937,33583.171521035394,329.24677961799404,0
1121,128,0,2,327,0.0,0.0060790273556231,0.993920972644377,329,9900,7400,2500,0.7474747474747475,124,74,50,193.91195052343951,0.42116686126967656,0.8509202180508706,0.13557438063023478,4408666.767447691,95278.63441672857,4503945.40186442,1120,3,610.3738601823708,104,225,57,32.450263330309426,0.595459726443769,37.539682539682524,33594.92063492042,323.0280830280809,0
1122,128,0,0,327,0.0,0.0,1.0,327,8800,6700,2100,0.7613636363636364,109,67,42,194.6501870937569,0.4208782042863486,0.8499782002628247,0.1369149621083202,4415318.058003512,97688.49721376496,4513006.555217277,1121,4,614.0611620795107,78,249,60,32.229124832663956,0.5967125382262997,37.341772151898724,33620.25316455687,431.02888672508806,0
1123,128,1,0,328,0.003048780487804878,0.0,1.0,328,8750,6800,1950,0.7771428571428571,107,68,39,190.01725922512668,0.4211374732726685,0.8462965346309792,0.1342946819248518,4420548.468976286,93646.10086933985,4514194.569845626,1122,0,613.185975609756,82,246,64,32.192330038361746,0.5980373475609756,37.186244979919664,33640.16064257012,410.24586149475755,0
1124,128,0,0,328,0.0,0.0,1.0,328,8750,6100,2650,0.6971428571428572,114,61,53,188.93123868064916,0.42084145253723176,0.8456689003042603,0.1340300434405075,4424663.331530556,92841.42479418307,4517504.756324739,1123,1,614.185975609756,85,243,65,32.09627019224863,0.5994347052845528,37.06395348837209,33655.81395348836,395.9507523939807,0
1125,128,0,0,328,0.0,0.0,1.0,328,7750,5100,2650,0.6580645161290323,104,51,53,187.05194416738289,0.42070024054598343,0.8445832325120375,0.133364030536472,4430137.879655314,92383.18066381845,4522521.060319132,1124,2,615.185975609756,86,242,64,31.980029428718776,0.6005462398373984,36.90134099616858,33676.62835249038,391.5887017731439,0
1126,128,0,1,327,0.0,0.003048780487804878,0.9969512195121951,328,7800,6000,1800,0.7692307692307693,96,60,36,186.33086698423594,0.42054756843439994,0.8441658937936949,0.13313153937529507,4432444.214745605,91780.23467856158,4524224.449424167,1125,3,616.185975609756,88,240,69,31.929249129048987,0.6015625,36.83286516853932,33685.39325842691,382.7885597548513,0
1127,128,0,0,327,0.0,0.0,1.0,327,9750,6800,2950,0.6974358974358974,127,68,59,189.31752879222543,0.42047561646748344,0.8464570023086717,0.13566217063208763,4435628.524813409,92798.44619159603,4528426.971005005,1126,4,618.7247706422019,92,235,65,31.75434677785342,0.6024464831804281,36.73835125448029,33697.491039426575,366.2770765155063,0
1128,128,0,1,326,0.0,0.0030581039755351682,0.9969418960244648,327,8500,6500,2000,0.7647058823529411,105,65,40,189.23626176482463,0.4202633784231691,0.8470547811907838,0.13624233239886666,4440723.42821885,94169.18021752269,4534892.608436373,1127,5,619.7247706422019,96,231,57,31.60247394240832,0.6035932721712538,36.58719931271478,33716.83848797255,351.21706758304737,0
1129,128,0,0,326,0.0,0.0,1.0,326,9450,6600,2850,0.6984126984126984,123,66,57,190.5241075539828,0.4201462954223691,0.8486867605441493,0.13789872459054026,4446456.614054339,94781.43563404196,4541238.049688381,1128,6,622.0736196319018,75,251,61,31.39532742273758,0.6047418200408998,36.41721491228071,33738.596491228185,449.8479532163758,0
1130,128,0,0,326,0.0,0.0,1.0,326,9800,7300,2500,0.7448979591836735,123,73,50,188.85491001886413,0.41995595406638353,0.8473376122793863,0.13719249347865156,4450408.5994944,93096.30312093945,4543504.9026153395,1129,7,623.0736196319018,78,248,62,31.320003500175023,0.6060199386503067,36.30010548523208,33753.58649789043,432.7382884344927,0
1131,128,0,0,326,0.0,0.0,1.0,326,9350,6500,2850,0.6951871657754011,122,65,57,188.26273994604512,0.4196895154947302,0.8474021692619997,0.13740969887844276,4455487.063709827,93210.44048163525,4548697.504191462,1130,8,624.0736196319018,80,246,63,31.18237315396988,0.6076495398773006,36.14969135802471,33772.83950617305,422.1604938271631,0
1132,128,0,0,326,0.0,0.0,1.0,326,9550,6900,2650,0.7225130890052356,122,69,53,168.1178558223462,0.4192553484347963,0.8311840589229469,0.12319561083950155,4459754.9359980505,75202.8874666229,4534957.823464673,1131,9,625.0736196319018,90,236,70,31.58543283754678,0.6100779652351738,36.023351648351635,33789.01098901086,375.43345543345396,8
1133,128,0,1,325,0.0,0.003067484662576687,0.9969325153374233,326,9700,6800,2900,0.7010309278350515,126,68,58,166.36147881471865,0.4191503460751927,0.8299272431876028,0.12234781495612675,4463602.760755882,73614.31122416121,4537217.071980043,1132,10,626.0736196319018,92,234,72,31.516049565979596,0.6113560838445808,35.90949820788529,33803.584229390544,367.4302633629407,0
1134,128,0,0,325,0.0,0.0,1.0,325,7600,4900,2700,0.6447368421052632,103,49,54,169.38355349982575,0.4190443969610636,0.8320085926393939,0.12506032527958566,4467792.275511158,78754.10638502949,4546546.381896188,1133,11,628.6338461538462,95,230,70,31.310232717316854,0.6123397435897435,35.78559027777776,33819.44444444421,355.9941520467812,0
1135,128,0,0,325,0.0,0.0,1.0,325,7800,5900,1900,0.7564102564102564,97,59,38,169.1288263312612,0.41894468186134853,0.8316542899824635,0.12545192483402232,4472721.442743736,78493.22562358162,4551214.668367318,1134,12,629.6338461538462,97,228,71,31.16878928604935,0.613525641025641,35.639880952380935,33838.095238095026,348.8463426607735,0
1136,128,0,0,325,0.0,0.0,1.0,325,8950,6300,2650,0.7039106145251397,116,63,53,169.9775658656339,0.41888611902500794,0.8325369186687244,0.12621738401511914,4473865.932047732,78141.36822773112,4552007.300275464,1135,13,630.6338461538462,98,227,55,31.111956781279826,0.6142628205128204,35.606060606060595,33842.42424242411,345.3308596165725,0
1137,128,0,0,325,0.0,0.0,1.0,325,9300,6700,2600,0.7204301075268817,119,67,52,171.83084930862637,0.41842236467236466,0.8348911808805497,0.12815402109229249,4478514.062499989,79609.37499999948,4558123.437499988,1136,14,631.6338461538462,99,226,58,30.92328706438274,0.615448717948718,35.46874999999999,33859.99999999991,342.0202020202011,0
1138,128,0,0,325,0.0,0.0,1.0,325,9850,6800,3050,0.6903553299492385,129,68,61,198.39097711402303,0.41808206710984486,0.857348504895475,0.13858031469757712,4407666.97530864,100038.27160493826,4507705.246913578,1137,15,632.6338461538462,89,236,54,32.36305901032018,0.5922115384615385,37.56944444444444,33591.111111111095,377.42821473158534,8
1139,128,0,0,325,0.0,0.0,1.0,325,8950,6500,2450,0.7262569832402235,114,65,49,197.21177577367516,0.4181410256410256,0.8562459715485522,0.13828232230065143,4411866.864197538,100064.41975308686,4511931.283950625,1138,16,633.6338461538462,74,251,57,32.266539709408946,0.5936538461538461,37.44444444444445,33607.11111111117,454.1501501501509,0
1140,128,0,0,325,0.0,0.0,1.0,325,8250,6600,1650,0.8,99,66,33,195.56835585049058,0.41788224121557455,0.8557915126739475,0.137749071536477,4416820.817169837,99508.0770600249,4516328.894229862,1139,17,634.6338461538462,76,249,57,32.15944006728806,0.5947435897435898,37.29707792207792,33625.97402597398,442.4470266575523,0
1141,128,1,0,326,0.003067484662576687,0.0,1.0,326,9100,6200,2900,0.6813186813186813,120,62,58,192.55034326840547,0.41793672329715276,0.8522444973565377,0.13615401921474005,4421104.542600287,95957.03946063777,4517061.582060925,1140,0,633.6840490797546,81,245,61,32.10890929595616,0.5962103783231083,37.16971544715446,33642.276422764095,415.33674596005056,0
1142,128,0,0,326,0.0,0.0,1.0,326,9000,6700,2300,0.7444444444444445,113,67,46,195.42113427661215,0.41772553877615226,0.8546928636151376,0.13886232176217037,4426461.115546521,98804.8104062836,4525265.925952804,1141,1,634.6840490797546,82,244,62,31.87117235345582,0.597424591002045,37.0105421686747,33662.650602409616,410.52012929767824,0
1143,128,0,2,324,0.0,0.006134969325153374,0.9938650306748467,326,8350,5700,2650,0.6826347305389222,110,57,53,195.25415005507497,0.4173247994336951,0.8546185248940787,0.13882484976594292,4427099.877566761,99331.92476064464,4526431.802327406,1142,2,635.6840490797546,83,243,62,31.856218665032106,0.5986388036809815,36.991567460317455,33665.07936507932,405.6033658443292,0
1144,128,0,0,324,0.0,0.0,1.0,324,9350,6700,2650,0.7165775401069518,120,67,53,193.31045734127184,0.41695273382257386,0.8534630287252825,0.12713860119204978,4339923.476618573,93640.51841825308,4433563.9950368265,1143,3,639.7870370370371,97,227,55,34.560041566322454,0.5742348251028806,39.593962585034035,33331.97278911591,343.6285854548032,8
1145,128,0,2,322,0.0,0.006172839506172839,0.9938271604938271,324,8700,5500,3200,0.632183908045977,119,55,64,182.40902521313188,0.4167104626125954,0.8373795771033747,0.12026022367362368,4342700.596418474,84929.5565170357,4427630.15293551,1144,4,640.7870370370371,85,239,61,34.75909823615112,0.5752957818930041,39.51065891472867,33342.635658914645,392.2663018695841,8
1146,128,0,0,322,0.0,0.0,1.0,322,8700,6200,2500,0.7126436781609196,112,62,50,180.30142203572746,0.41650239772192227,0.836705353184922,0.11961862167598696,4349861.606553,83757.24666402242,4433618.8532170225,1145,23,645.3540372670808,86,236,65,34.59544640396805,0.5767663043478262,39.29597701149422,33370.11494252839,388.0245923549812,0
1147,128,1,0,323,0.0030959752321981426,0.0,1.0,323,10600,7800,2800,0.7358490566037735,134,78,56,179.1077677342763,0.41712737726669613,0.8362910031948829,0.11934233365873281,4354789.276657376,80795.31725905216,4435584.593916428,1146,0,644.3529411764706,90,233,67,34.47629600374466,0.5783668730650156,39.14835164835163,33389.01098901074,370.98901098900825,0
1148,128,1,0,324,0.0030864197530864196,0.0,1.0,324,9550,6800,2750,0.7120418848167539,123,68,55,176.26368174057006,0.4177430515741059,0.8343989211965392,0.11800787264874421,4360193.511586092,79358.75229070043,4439552.263876793,1147,0,643.3611111111111,95,229,65,34.38582588512438,0.580150462962963,38.986545138888864,33409.72222222193,351.6812865497045,0
1149,128,0,0,324,0.0,0.0,1.0,324,8700,6700,2000,0.7701149425287356,107,67,40,164.80121688916776,0.417790629897183,0.8257113267480027,0.10996298807237319,4356374.546014123,70087.16528162337,4426461.711295746,1148,1,644.3611111111111,94,230,69,34.80122790059115,0.580054012345679,39.10087719298243,33395.08771929797,355.26689063082944,8
1150,128,0,0,324,0.0,0.0,1.0,324,8850,5800,3050,0.655367231638418,119,58,61,168.9363833624496,0.41758837225598494,0.8296315756542971,0.1131616367463136,4360788.062499964,73689.15277777633,4434477.21527774,1149,2,645.3611111111111,99,225,65,34.558982468042075,0.5814686213991769,38.96874999999998,33411.99999999972,337.4949494949467,0
1151,128,0,1,323,0.0,0.0030864197530864196,0.9969135802469136,324,8850,6600,2250,0.7457627118644068,111,66,45,167.99054436202883,0.4176476958554702,0.8293220378264787,0.11282769185165945,4363798.118512068,72965.36428296656,4436763.482795035,1150,3,646.3611111111111,101,223,66,34.49208514216432,0.5826903292181069,38.87867647058821,33423.52941176438,330.92603377984534,0
1152,128,1,1,323,0.0030864197530864196,0.0030864197530864196,0.9969135802469136,324,7450,5200,2250,0.697986577181208,97,52,45,162.1431269074925,0.4176616309291748,0.8231274405395839,0.10798042281286087,4354177.77777773,68949.9999999979,4423127.777777728,1151,0,647.2716049382716,94,230,68,34.93743343982959,0.5803112139917695,39.166666666666636,33386.66666666629,355.17730496453504,8
1153,128,0,0,323,0.0,0.0,1.0,323,9550,7100,2450,0.743455497382199,120,71,49,162.88428254500647,0.4173288880769699,0.8229102167182683,0.10885830764146348,4358194.282070304,67826.26976535232,4426020.551835656,1152,1,650.0897832817337,96,227,71,34.795867626886114,0.581591847265222,39.046391752577286,33402.061855669686,347.93814432989257,0
1154,128,0,0,323,0.0,0.0,1.0,323,8500,5700,2800,0.6705882352941176,113,57,56,171.31375926866238,0.41728081392740163,0.8298569152813189,0.10989542088135518,4311128.651572577,74611.13119834872,4385739.782770925,1153,2,651.0897832817337,87,236,66,36.01299066557209,0.5658862229102167,40.459280303030326,33221.212121212375,381.85301288749855,8
1155,128,0,1,322,0.0,0.0030959752321981426,0.9969040247678018,323,8900,6700,2200,0.7528089887640449,111,67,44,170.57189623031482,0.4171598273176547,0.8275228161263963,0.10971624551072591,4314275.173611146,73678.81944444611,4387953.993055592,1154,3,652.0897832817337,91,232,67,35.93593279839518,0.5669504643962848,40.36458333333336,33233.33333333361,365.20146520146824,0
1156,128,2,0,324,0.006172839506172839,0.0,1.0,324,9100,6400,2700,0.7032967032967034,118,64,54,184.58958922183407,0.4178989253271159,0.8475014462292578,0.11163487604358469,4241396.170976622,82683.51538552582,4324079.686362148,1155,0,651.0493827160494,80,244,55,37.8149249009225,0.5458461934156378,42.56687242798352,32951.44032921791,411.8930041152239,8
1157,128,1,0,325,0.003076923076923077,0.0,1.0,325,9150,6400,2750,0.6994535519125683,119,64,55,182.77370292702,0.4182292655903767,0.8461613112162567,0.11107505085946393,4247236.072664324,81106.6128412133,4328342.685505537,1156,0,650.0430769230769,84,241,58,37.68126714555284,0.5473717948717949,42.389705882352914,32974.11764705854,392.5490196078398,0
1158,128,2,0,327,0.0061162079510703364,0.0,1.0,327,8800,5900,2900,0.6704545454545454,117,59,58,182.8779882730585,0.4194773550214818,0.8471553292001379,0.11197319199538314,4256198.225308614,81472.99382715921,4337671.219135773,1157,0,647.0611620795107,89,238,60,37.40196243436111,0.5492482161060143,42.118055555555536,33008.88888888867,370.88639200998506,0
1159,128,3,1,329,0.00909090909090909,0.0030303030303030303,0.996969696969697,330,9700,6700,3000,0.6907216494845361,127,67,60,181.32210123324606,0.4210121734057904,0.8469114219114229,0.11186651669305253,4265250.2389215445,78976.8271213704,4344227.066042915,1158,0,642.1696969696969,93,237,54,37.16303228021974,0.5512626262626263,41.84397163120565,33043.97163120537,355.3115229161868,0
1160,128,0,0,329,0.0,0.0,1.0,329,8750,6100,2650,0.6971428571428572,114,61,53,179.92636482580127,0.42059347740133934,0.8463551254191997,0.10847583729093058,4237638.936980588,77942.59387503723,4315581.530855626,1159,1,645.1215805471124,75,254,58,38.051072405099234,0.5429014690982776,42.68092105263156,32936.84210526299,439.1578947368399,8
1161,128,4,0,333,0.012012012012012012,0.0,1.0,333,9500,7000,2500,0.7368421052631579,120,70,50,177.84182949253488,0.42282154142093903,0.8449143457773083,0.10807475158163322,4247201.576855688,74966.01973031831,4322167.596586007,1160,0,638.3603603603603,81,252,63,37.809382037247055,0.5448886386386387,42.39075203252031,32973.98373983725,407.0862190103364,0
1162,128,3,1,335,0.008928571428571428,0.002976190476190476,0.9970238095238095,336,9650,6700,2950,0.694300518134715,126,67,59,188.88117586606938,0.4239973865790097,0.8497023809523796,0.11618833373670799,4261752.704726617,84142.97242383365,4345895.677150451,1161,0,633.6517857142857,102,234,64,37.07575638814862,0.5495721726190477,41.94983818770228,33030.42071197428,323.82765403896354,8
1163,128,0,0,335,0.0,0.0,1.0,335,8650,5500,3150,0.6358381502890174,118,55,63,194.67148765027366,0.423791223523103,0.855662099187487,0.12015929754965254,4265813.609467487,90436.45627876512,4356250.065746252,1162,1,636.5402985074627,103,232,55,36.801029381336676,0.5507773631840795,41.826923076923094,33046.15384615409,320.83644510829214,0
1164,128,0,4,331,0.0,0.011940298507462687,0.9880597014925373,335,9350,6800,2550,0.7272727272727273,119,68,51,183.1846433758005,0.4236653558554533,0.8460410833420944,0.11516720563701108,4287566.323748843,80733.26159320441,4368299.585342047,1163,2,637.5402985074627,87,248,68,36.42813043080584,0.5564987562189054,41.16950757575757,33130.30303030296,380.80808080808,8
1165,128,2,2,331,0.006006006006006006,0.006006006006006006,0.993993993993994,333,9800,7400,2400,0.7551020408163265,122,74,48,184.27005839730955,0.4231091030789826,0.8440578002602666,0.11652101702635824,4294355.210302451,81864.21707624437,4376219.427378695,1164,0,641.7237237237238,91,242,61,36.19142844654256,0.5584647147147147,40.96467391304348,33156.52173913039,364.3573817486856,0
1166,128,0,0,331,0.0,0.0,1.0,331,8700,5900,2800,0.6781609195402298,115,59,56,189.31045744384613,0.4225453172205438,0.8480510605093972,0.1201389293564378,4298562.486350395,87852.56612839043,4386415.052478786,1165,1,645.8157099697885,92,239,67,35.931602414498514,0.5597306143001006,40.83781362007169,33172.75985663093,360.5734767025101,0
1167,128,0,0,331,0.0,0.0,1.0,331,9350,5900,3450,0.6310160427807486,128,59,69,190.07546280822726,0.4224873355915652,0.8497227590665726,0.12109393054460701,4303103.667836135,88032.88423514686,4391136.552071282,1166,2,646.8157099697885,95,236,56,35.772316260060535,0.5610523665659617,40.700954861111114,33190.27777777781,349.3713450292401,0
1168,128,2,2,331,0.006006006006006006,0.006006006006006006,0.993993993993994,333,8050,5700,2350,0.7080745341614907,104,57,47,185.46592254134228,0.4228520689364063,0.8471161586493465,0.118842467555664,4309843.512459549,85215.82060942713,4395059.333068976,1167,0,643.9249249249249,81,252,60,35.68508909340118,0.5622810310310311,40.49796747967482,33216.26016260189,410.077285958048,0
1169,128,0,0,331,0.0,0.0,1.0,331,9100,6900,2200,0.7582417582417582,113,69,44,173.97242455775228,0.4226723427629772,0.8430708507942697,0.10786290322580652,4271111.1111111175,73311.11111111142,4344422.222222229,1168,1,644.8368580060423,84,247,59,37.17237903225807,0.548999244712991,41.66666666666667,33066.666666666715,393.65079365079424,8
1170,128,0,0,331,0.0,0.0,1.0,331,9300,7600,1700,0.8172043010752689,110,76,34,173.60231612330156,0.42267005401446484,0.8426216502652324,0.10799503773494967,4275086.394641721,72932.97994740479,4348019.374589126,1169,2,645.8368580060423,77,254,63,37.05966129282278,0.5501951158106747,41.546474358974386,33082.05128205157,429.6370296370334,0
1171,128,0,0,331,0.0,0.0,1.0,331,9600,6200,3400,0.6458333333333334,130,62,68,170.45823496046015,0.4224766547651744,0.8393962043730538,0.10650280138251285,4280245.842809027,70120.63031241602,4350366.473121443,1170,3,646.8368580060423,82,249,65,36.982351418680636,0.5520833333333333,41.39056224899601,33102.008032128826,403.68302478205885,0
1172,128,0,0,331,0.0,0.0,1.0,331,9400,7200,2200,0.7659574468085106,116,72,44,169.44734232450458,0.4227440568830297,0.8372352053809398,0.10623377621739914,4284279.797724753,69591.9650998049,4353871.762824558,1171,4,647.8368580060423,88,243,66,36.88459392623423,0.5533421450151057,41.2687265917603,33117.60299625467,376.33639768471215,0
1173,128,1,0,332,0.0030120481927710845,0.0,1.0,332,9150,6500,2650,0.7103825136612022,118,65,53,170.86576248249102,0.42295882927480316,0.8384004981824142,0.10739126930402114,4287225.315388035,70958.00448960239,4358183.319877638,1172,0,646.8825301204819,91,241,67,36.75744965513219,0.554718875502008,41.17980072463767,33128.985507246274,364.0547857939151,0
1174,128,2,0,334,0.005988023952095809,0.0,1.0,334,9400,6800,2600,0.723404255319149,120,68,52,172.45497001616002,0.4237205019390648,0.840799957546035,0.10914684456514741,4295397.237551439,71952.52036188445,4367349.757913323,1173,0,644.002994011976,97,237,65,36.465513409647286,0.5567614770459082,40.9332482993197,33160.54421768673,341.86128059470855,0
1175,128,0,0,334,0.0,0.0,1.0,334,8500,6200,2300,0.7294117647058823,108,62,46,171.5631507102661,0.42366580652508795,0.8406063099840111,0.10905106016411119,4300439.062499978,72259.37499999898,4372698.437499977,1174,1,645.002994011976,99,235,54,36.33401145268231,0.5580713572854291,40.781249999999986,33179.999999999825,335.15151515151337,0
1176,128,0,1,333,0.0,0.0029940119760479044,0.9970059880239521,334,8800,5900,2900,0.6704545454545454,117,59,58,172.01077486557278,0.42356915298532066,0.841698925842679,0.10956480595123766,4302886.161759722,72428.55656852749,4375314.71832825,1175,2,646.002994011976,100,234,56,36.24739800856501,0.558944610778443,40.70750825082507,33189.438943894245,331.8943894389424,0
1177,128,0,1,332,0.0,0.003003003003003003,0.996996996996997,333,9250,6000,3250,0.6486486486486487,125,60,65,171.12627215690028,0.42330055959574037,0.8408649613468886,0.1092575429924828,4305625.000000011,71511.1111111116,4377136.111111123,1176,3,648.9099099099099,98,235,59,36.18641231593037,0.5600287787787788,40.62500000000001,33200.00000000009,338.77551020408254,0
1178,128,2,0,334,0.005988023952095809,0.0,1.0,334,9650,6600,3050,0.6839378238341969,127,66,61,166.40993901779692,0.42368378857899813,0.8369648865888777,0.10681844688907768,4311877.268108585,67057.8466476352,4378935.11475622,1177,0,647.9491017964071,82,252,65,36.117356477452255,0.561564371257485,40.436746987951814,33224.096385542216,405.1719071407587,0
1179,128,0,0,334,0.0,0.0,1.0,334,8450,6300,2150,0.7455621301775148,106,63,43,168.60616907907158,0.42371919074763387,0.8390285331914957,0.1085674409752693,4315511.62131519,70274.37641723345,4385785.997732423,1178,1,648.9491017964071,83,251,65,35.94914040114613,0.5627806886227544,40.32738095238095,33238.095238095215,400.4589787722315,0
1180,128,2,0,336,0.005952380952380952,0.0,1.0,336,8350,6000,2350,0.718562874251497,107,60,47,181.49787598609905,0.4247084888059702,0.8503296772049782,0.11527787954988161,4299546.560734791,80521.71369534185,4380068.2744301325,1179,0,646.0803571428571,90,246,55,36.103873161683495,0.5561445932539683,40.80815018315021,33176.55677655711,368.62840862841233,8
1181,128,0,1,335,0.0,0.002976190476190476,0.9970238095238095,336,10650,8000,2650,0.7511737089201878,133,80,53,182.8102547104694,0.42489727700781804,0.8513871237733297,0.11668010634166662,4305253.144229945,79558.88477794657,4384812.029007891,1180,1,647.0803571428571,92,244,58,35.89476449588299,0.5576946924603174,40.636200716845906,33198.566308244044,360.85398161134833,0
1182,128,0,0,335,0.0,0.0,1.0,335,9050,6300,2750,0.6961325966850829,118,63,55,182.4474106021543,0.4244652486072631,0.8491502851595663,0.11688037241700544,4309565.774715606,81203.82328330637,4390769.597998912,1181,2,649.9522388059702,78,257,60,35.771934281842796,0.5590796019900497,40.50632911392406,33215.18987341784,425.835767607921,0
1183,128,0,1,334,0.0,0.0029850746268656717,0.9970149253731343,335,10000,7200,2800,0.72,128,72,56,180.0540150456164,0.42454866386629725,0.8469846244415957,0.11582579176815085,4314379.445492838,78364.26831825382,4392743.713811091,1182,3,650.9522388059702,82,253,61,35.68654936839389,0.5605099502487563,40.361445783132545,33233.73493975921,405.28945048486844,0
1184,128,0,1,333,0.0,0.0029940119760479044,0.9970059880239521,334,9400,6400,3000,0.6808510638297872,124,64,60,178.09776908287313,0.4241571286855718,0.8448426429252256,0.1148148047788471,4316882.348671816,77565.4231383375,4394447.7718101535,1183,4,653.8862275449102,82,252,65,35.660698753261826,0.5616579341317365,40.28614457831327,33243.37349397606,405.40699382897634,0
1185,128,0,0,333,0.0,0.0,1.0,333,9250,6300,2950,0.6810810810810811,122,63,59,178.5773259099058,0.4239653810436943,0.8450801412174787,0.11554394388976949,4321099.663590943,78480.08458285345,4399579.748173797,1184,5,655.2792792792793,84,249,66,35.519148233740495,0.5628440940940941,40.15931372549021,33259.60784313739,395.9477124183023,0
1186,128,4,0,337,0.011869436201780416,0.0,1.0,337,10300,7600,2700,0.7378640776699029,130,76,54,171.53116884977726,0.4256382912957468,0.8406855915735301,0.11177992850065968,4329339.629607774,70823.33740285733,4400162.967010631,1185,0,648.4896142433234,91,246,66,35.45035951126783,0.5650655291790307,39.91168478260871,33291.30434782627,365.8385093167722,0
1187,128,0,0,337,0.0,0.0,1.0,337,10500,7700,2800,0.7333333333333333,133,77,56,169.9022547007998,0.4255904544062927,0.8389108225195756,0.11106082796143626,4332893.214627045,69333.66530858677,4402226.8799356315,1186,1,649.4896142433234,93,244,69,35.38419222032939,0.566425568743818,39.8049645390071,33304.964539007204,358.1178982688947,0
1188,128,2,2,337,0.0058997050147492625,0.0058997050147492625,0.9941002949852508,339,8850,6500,2350,0.7344632768361582,112,65,47,169.37421847035844,0.4263569612446399,0.8399733915982188,0.11129267316657467,4338860.659910223,70328.22666481549,4409188.886575039,1187,0,646.6519174041298,97,242,63,35.215783529283705,0.5677851524090463,39.625850340136054,33327.89115646259,343.5865067676556,0
1189,128,1,0,338,0.0029585798816568047,0.0,1.0,338,8500,6400,2100,0.7529411764705882,106,64,42,167.5205804746539,0.4261353660035468,0.8377837085331321,0.11037409968034285,4341971.709960952,69373.9242514353,4411345.634212388,1188,0,649.5562130177515,81,257,65,35.169153986214106,0.5690335305719921,39.532520325203215,33339.8373983736,411.60293084411853,0
1190,128,1,0,339,0.0029498525073746312,0.0,1.0,339,10150,7400,2750,0.729064039408867,129,74,55,164.2434006005355,0.42618786836792283,0.8351156167976836,0.10875244844247052,4347633.833141055,64864.03306420402,4412497.866205259,1189,0,648.637168141593,84,255,69,35.08195019121058,0.5710422812192724,39.362745098039184,33361.56862745063,397.16153127917414,0
1191,128,0,0,339,0.0,0.0,1.0,339,9250,6100,3150,0.6594594594594595,124,61,63,164.1173771939969,0.42616314080745665,0.8354000387211817,0.1090856132636475,4351994.330644169,65797.5790216922,4417791.909665861,1190,1,649.637168141593,85,254,72,34.95241883041475,0.5724557522123894,39.232073643410835,33378.29457364323,392.68581851344976,0
1192,128,0,0,339,0.0,0.0,1.0,339,10100,7200,2900,0.7128712871287128,130,72,58,167.1004254356625,0.42618241375899646,0.8385007026955453,0.11156543229221927,4357069.893321521,67713.6465653875,4424783.539886909,1191,2,650.637168141593,88,251,72,34.72007281807446,0.5737155850540807,39.08005617977526,33397.75280898854,379.51991828396064,0
1193,128,0,0,339,0.0,0.0,1.0,339,10000,7800,2200,0.78,122,78,44,166.03773144138833,0.42594532009099745,0.8377196545254553,0.11114030518654576,4359976.003086393,66984.10493827026,4426960.108024663,1192,3,651.637168141593,89,250,67,34.65935546095514,0.5749446902654867,38.993055555555536,33408.88888888868,375.38077403245705,0
1194,128,1,1,339,0.0029411764705882353,0.0029411764705882353,0.9970588235294118,340,7900,5300,2600,0.6708860759493671,105,53,52,168.52772041879908,0.42642214702990344,0.8404990716369809,0.11325534218354186,4364465.97353494,71206.7002730505,4435672.673807991,1193,0,650.7176470588236,91,249,72,34.457740779280876,0.5759803921568627,38.85869565217389,33426.08695652149,367.31963688485155,0
1195,128,1,1,339,0.0029411764705882353,0.0029411764705882353,0.9970588235294118,340,9250,5800,3450,0.6270270270270271,127,58,69,168.29081548295966,0.4264792642720805,0.8401210244863515,0.11346058205141382,4368099.999999964,69772.22222222084,4437872.222222185,1194,0,650.9088235294117,94,246,55,34.35340244550769,0.5776960784313725,38.74999999999998,33439.99999999972,355.7446808510609,0
1196,128,0,3,336,0.0,0.008849557522123894,0.9911504424778761,339,8000,5700,2300,0.7125,103,57,46,169.2873393516538,0.42640241631902626,0.8406558003357627,0.11461866230976153,4372890.896267332,72255.013020832,4445145.909288164,1195,2,653.8289085545723,95,244,58,34.18171440431712,0.5788470993117011,38.606770833333314,33458.33333333311,352.192982456138,0
1197,128,0,0,336,0.0,0.0,1.0,336,9350,6700,2650,0.7165775401069518,120,67,53,170.6654794669092,0.425734052949538,0.8398549278832259,0.11590725486065113,4376344.943899146,72828.20163262697,4449173.145531774,1196,7,659.1279761904761,81,255,62,34.040715326694205,0.580047123015873,38.50355691056912,33471.54471544725,413.22894710428704,0
1198,128,1,0,337,0.002967359050445104,0.0,1.0,337,9700,7200,2500,0.7422680412371134,122,72,50,170.94683684972765,0.4258892509773444,0.8406006681681868,0.11661975309696151,4381371.913356267,72696.3339300998,4454068.247286366,1197,0,658.1691394658753,82,255,65,33.880648023791274,0.5814787339268052,38.3534136546185,33490.76305220908,408.4239396610863,0
1199,128,0,0,337,0.0,0.0,1.0,337,10650,7500,3150,0.704225352112676,138,75,63,168.0515587951785,0.4257063668692007,0.8369920266983599,0.11519170484687737,4386697.530864216,69388.27160493901,4456085.802469156,1198,1,659.1691394658753,89,248,67,33.794761273209545,0.5829005934718101,38.19444444444446,33511.111111111255,376.5293383270928,0
1200,128,0,2,335,0.0,0.005934718100890208,0.9940652818991098,337,10000,7700,2300,0.77,123,77,46,168.53725978375522,0.42571335841458247,0.838091486157619,0.11598911625959994,4391173.980933631,70615.28599605676,4461789.266929688,1199,2,660.1691394658753,90,247,69,33.64624757826045,0.584477002967359,38.06089743589746,33528.205128205394,372.5356125356155,0
1201,128,0,0,335,0.0,0.0,1.0,335,8250,5600,2650,0.6787878787878788,109,56,53,160.80802559937698,0.4254107456728335,0.8314183611551909,0.11166042216611995,4401075.947811114,66295.66673608293,4467371.614547197,1200,3,664.2656716417911,97,238,68,33.54879379298231,0.5896766169154228,37.76573129251702,33565.98639455795,346.04109685111285,8
1202,128,0,0,335,0.0,0.0,1.0,335,9100,6600,2500,0.7252747252747253,116,66,50,160.131612995506,0.4253351505943337,0.8301537345438617,0.11145478934363916,4403702.250000039,64934.38888889032,4468636.638888929,1201,4,665.2656716417911,99,236,61,33.4870476266116,0.5906405472636815,37.68750000000002,33576.0000000003,339.15151515151814,0
1203,128,0,0,335,0.0,0.0,1.0,335,9100,5900,3200,0.6483516483516484,123,59,64,159.57997730509035,0.42528003694104327,0.8297453768891392,0.11128603680486603,4405842.564454484,64516.851289089915,4470359.415743574,1202,5,666.2656716417911,100,235,61,33.4367629716981,0.5916044776119402,37.623762376237636,33584.15841584173,335.84158415841733,0
1204,128,0,0,335,0.0,0.0,1.0,335,7500,4900,2600,0.6533333333333333,101,49,52,158.784455639345,0.4250752226889505,0.8289878076384591,0.11091652858615529,4407688.982091307,65474.499129781805,4473163.481221088,1203,6,667.2656716417911,105,230,61,33.401789614928525,0.5924751243781095,37.56878930817611,33591.19496855356,319.91614255765296,0
1205,128,0,0,335,0.0,0.0,1.0,335,10650,8200,2450,0.7699530516431925,131,82,49,159.14038621802462,0.4251038966842435,0.8299581869594921,0.11152469767036709,4411250.0885770805,62751.60856008991,4474001.6971371705,1204,7,668.2656716417911,83,252,64,33.2847704406972,0.5939054726368159,37.462797619047606,33604.76190476177,404.87664945496107,0
1206,128,0,0,335,0.0,0.0,1.0,335,7600,5700,1900,0.75,95,57,38,160.4102364731804,0.42489908243215063,0.8314710681185578,0.11283467667639238,4415354.565551708,67053.61399461719,4482408.1795463255,1205,8,669.2656716417911,84,251,66,33.12736201185086,0.5951492537313433,37.3406862745098,33620.39215686273,400.2427637721753,0
1207,128,0,0,335,0.0,0.0,1.0,335,9750,6800,2950,0.6974358974358974,127,68,59,162.32909208919708,0.424780662555486,0.832556709752974,0.11454901141445373,4418855.015340346,66711.74454279835,4485566.759883144,1206,9,670.2656716417911,86,249,67,32.971175460979936,0.5963308457711443,37.23659003831417,33633.716475095745,391.0897264546017,0
1208,128,0,0,335,0.0,0.0,1.0,335,9700,7100,2600,0.7319587628865979,123,71,52,157.64477419004217,0.4245564840468317,0.8244055222130855,0.10978669380846116,4404335.153691091,62164.0841521788,4466499.2378432695,1207,10,671.2656716417911,104,231,62,33.533134162790375,0.5946517412935324,37.668650793650784,33578.412698412576,322.8693528693517,8
1209,128,0,1,334,0.0,0.0029850746268656717,0.9970149253731343,335,8650,6500,2150,0.7514450867052023,108,65,43,160.7761590851353,0.4246361754103733,0.8275016034177274,0.11228162076494871,4407431.566740514,66071.98374622286,4473503.550486737,1208,11,672.2656716417911,108,227,64,33.35730759893178,0.5958333333333333,37.57645259938836,33590.21406727803,311.0205006229447,0
1210,128,0,0,334,0.0,0.0,1.0,334,9150,6600,2550,0.7213114754098361,117,66,51,161.60667807255064,0.4240413692135249,0.828992871608115,0.11329000117566833,4411609.342199929,66639.10614935285,4478248.448349282,1209,20,675.245508982036,86,248,64,33.209158001945774,0.5968999500998005,37.4521072796935,33606.13026819939,390.76895660696965,0
1211,128,0,0,334,0.0,0.0,1.0,334,9200,6700,2500,0.7282608695652174,117,67,50,162.83543551426266,0.4238935792079505,0.8290748872238523,0.1145840152942599,4415771.117618684,67808.80261374931,4483579.920232433,1210,21,676.245508982036,90,244,65,33.0510705829375,0.5983657684630739,37.32829670329673,33621.97802197831,373.5775335775368,0
1212,128,0,1,333,0.0,0.0029940119760479044,0.9970059880239521,334,8800,6100,2700,0.6931818181818182,115,61,54,163.68137361225442,0.4238017958077838,0.8298660542694332,0.11560181781128069,4419790.373967485,69087.47189784479,4488877.84586533,1211,22,677.245508982036,92,242,67,32.90737859801665,0.5998003992015968,37.208781362007194,33637.27598566338,365.6225650615585,0
1213,128,0,0,333,0.0,0.0,1.0,333,9700,6600,3100,0.6804123711340206,128,66,62,165.1009941377443,0.42322066041945555,0.8294771686054929,0.11700882489979939,4423581.869822793,69767.55287149004,4493349.422694283,1212,23,679.4204204204204,97,236,68,32.755518719171995,0.6012262262262262,37.09608843537417,33651.70068027236,346.92474928115837,0
1214,128,0,0,333,0.0,0.0,1.0,333,7800,5400,2400,0.6923076923076923,102,54,48,167.0621843164177,0.42302995766851187,0.8309542212734786,0.11867337943872609,4426114.694444495,73487.27777778001,4499601.972222275,1213,24,680.4204204204204,99,234,69,32.62744593202885,0.6022272272272272,37.020833333333364,33661.33333333372,340.01346801347194,0
1215,128,1,0,334,0.0029940119760479044,0.0,1.0,334,9400,6800,2600,0.723404255319149,120,68,52,164.1716738810787,0.4229759325193457,0.8296643536647872,0.11717582684819693,4431300.167670593,69298.7931991986,4500598.960869791,1214,0,679.3802395209581,101,233,70,32.54692876917902,0.6037612275449102,36.8668300653595,33681.04575163429,333.47570051123057,0
1216,128,0,1,333,0.0,0.0029940119760479044,0.9970059880239521,334,8550,5700,2850,0.6666666666666666,114,57,57,166.9526341421004,0.4227151927376478,0.8320486434148306,0.1196441277944631,4435704.012345732,72760.49382716263,4508464.5061728945,1215,1,680.3802395209581,104,230,72,32.34085113866178,0.6050087325349301,36.73611111111114,33697.77777777819,324.017094017098,0
1217,128,0,1,332,0.0,0.003003003003003003,0.996996996996997,333,8600,6300,2300,0.7325581395348837,109,63,46,168.54216023588685,0.4224077239890493,0.833160036191458,0.12105856172014816,4438175.701905109,74403.94406110355,4512579.645966212,1216,2,682.5585585585585,106,227,53,32.22443006777575,0.6060748248248249,36.662772585669806,33707.16510903459,317.99212367013763,0
1218,128,0,1,331,0.0,0.0030120481927710845,0.9969879518072289,332,8550,5800,2750,0.6783625730994152,113,58,55,168.69530124122412,0.4221127334109853,0.8322091150846296,0.12147119340159751,4440879.555593013,74881.10288135304,4515760.658474366,1217,3,685.433734939759,108,224,56,32.1388405166159,0.6068335843373494,36.58256880733948,33717.43119266093,312.1984369690827,0
1219,128,0,0,331,0.0,0.0,1.0,331,9700,7000,2700,0.7216494845360825,124,70,54,172.42984400014385,0.4215619182764198,0.8345952106278542,0.12453364185715322,4444128.274031008,77360.06900156057,4521488.343032569,1218,4,688.3716012084592,111,220,57,31.942471382016308,0.608163393756294,36.48623511904764,33729.76190476222,303.8717288717317,0
1220,128,0,1,330,0.0,0.0030211480362537764,0.9969788519637462,331,10450,7800,2650,0.7464114832535885,131,78,53,170.72048703849876,0.4211999145533889,0.8323624183975391,0.12380026598229296,4448507.60902382,75240.27712140222,4523747.886145222,1219,5,689.3716012084592,91,240,60,31.85549531171711,0.6097054380664653,36.356431159420275,33746.37681159405,370.8393056219126,0
1221,128,0,0,330,0.0,0.0,1.0,330,7250,5000,2250,0.6896551724137931,95,50,45,169.28681341358723,0.42084561419667804,0.8289970629447347,0.12320430719932514,4452393.060378062,77496.28665123362,4529889.347029295,1220,6,689.2030303030303,95,235,63,31.776232790302238,0.6107323232323232,36.24131944444443,33761.11111111093,355.3801169590624,0
1222,128,0,0,330,0.0,0.0,1.0,330,9350,7000,2350,0.7486631016042781,117,70,47,169.08579079363145,0.4205944321635811,0.8296265187591669,0.12338190656396508,4455218.415287932,75312.8257814608,4530531.241069393,1221,7,690.2030303030303,96,234,65,31.696446741829146,0.6119633838383838,36.157646048109946,33771.82130584169,351.7898052691842,0
1223,128,0,0,330,0.0,0.0,1.0,330,8550,5500,3050,0.6432748538011696,116,55,61,167.21838908274023,0.4203543796628903,0.8276499463652713,0.12248962364578231,4459345.189469421,74586.90378938791,4533932.093258809,1222,8,691.2030303030303,100,230,68,31.621506342632365,0.6130681818181818,36.03547854785477,33787.45874587443,337.87458745874426,0
1224,128,0,0,330,0.0,0.0,1.0,330,9000,5800,3200,0.6444444444444445,122,58,64,163.9844975377368,0.4199051687083602,0.824261962720584,0.12056930457557022,4463333.359015427,71383.49564431222,4534716.854659739,1223,9,692.2030303030303,103,227,74,31.586923816025706,0.6142361111111111,35.917467948717935,33802.56410256393,328.18023400547503,0
1225,128,0,0,330,0.0,0.0,1.0,330,8500,6000,2500,0.7058823529411765,110,60,50,165.95502329089763,0.4196463111356728,0.8283098633618007,0.12248353677580501,4467397.091757035,73777.39768244432,4541174.489439479,1224,10,693.2030303030303,103,227,71,31.412698713574425,0.6153409090909091,35.79727564102562,33817.94871794847,328.3295992033832,0
1226,128,0,1,329,0.0,0.0030303030303030303,0.996969696969697,330,6850,4600,2250,0.6715328467153284,91,46,45,165.11463821599605,0.41944386877897516,0.8272779872642477,0.1221159425136913,4469603.714848152,74749.40006920422,4544353.1149173565,1225,11,694.2030303030303,108,222,68,31.3685826733688,0.6162563131313131,35.73203363914372,33826.29969418947,313.20647864990246,0
1227,128,0,0,329,0.0,0.0,1.0,329,10550,7700,2850,0.7298578199052133,134,77,57,166.5666556766447,0.41908453184075917,0.8287073449140216,0.1236979333222473,4473980.389030585,72693.19019274262,4546673.579223327,1226,12,696.6626139817629,111,218,55,31.198700811406585,0.6179394630192503,35.602678571428555,33842.857142856934,304.890604890603,0
1228,128,0,0,329,0.0,0.0,1.0,329,8550,5900,2650,0.6900584795321637,112,59,53,168.16452600421948,0.41865130847357107,0.8298781521680463,0.1252326114893114,4476933.09572763,76222.2663991277,4553155.362126757,1227,13,697.6626139817629,115,214,56,31.067753426362902,0.6190792806484295,35.515445402298845,33854.022988505676,294.38280859570153,0
1229,128,0,1,328,0.0,0.00303951367781155,0.9969604863221885,329,7850,5500,2350,0.7006369426751592,102,55,47,172.78268146914607,0.4185150091432525,0.8350891925360009,0.1290059034287567,4479679.869290423,81152.21998787032,4560832.089278293,1228,14,698.6626139817629,117,212,58,30.86308530752974,0.6201241134751774,35.4343220338983,33864.40677966093,289.43937418513616,0
1230,128,0,0,328,0.0,0.0,1.0,328,9200,6800,2400,0.7391304347826086,116,68,48,169.7782871503048,0.418243501529052,0.8318305554919241,0.12717161549057526,4483084.404054762,77426.07825413294,4560510.482308894,1229,15,699.6463414634146,87,241,61,30.840349523681773,0.6211255081300813,35.33380681818183,33877.2727272728,389.39393939394023,0
1231,128,0,1,327,0.0,0.003048780487804878,0.9969512195121951,328,7850,5500,2350,0.7006369426751592,102,55,47,168.5540707555226,0.418179596790234,0.8308381334010062,0.1265760280519316,4485767.11248287,77768.86145404738,4563535.973936917,1230,16,700.6463414634146,89,239,62,30.79223864066918,0.6219194613821138,35.25462962962964,33887.40740740753,380.75738660008466,0
1232,128,0,1,326,0.0,0.0030581039755351682,0.9969418960244648,327,8600,5500,3100,0.6395348837209303,117,55,62,166.28735998317944,0.41759769985553746,0.828161372396923,0.1254265309459751,4490416.485903643,75339.90053317296,4565756.386436816,1231,17,703.6605504587156,93,234,65,30.71280278626118,0.6231523955147809,35.1174645390071,33904.96453900721,364.56951117212054,0
1233,128,0,0,326,0.0,0.0,1.0,326,8750,5900,2850,0.6742857142857143,116,59,57,166.4530868937348,0.41696338681768125,0.8270940963010909,0.12586261149031908,4493015.914136576,75625.27367414141,4568641.187810717,1232,18,706.6779141104295,96,230,66,30.630480011888853,0.6242011758691206,35.04080756013745,33914.776632302346,353.27892325314946,0
1234,128,0,0,326,0.0,0.0,1.0,326,8600,6400,2200,0.7441860465116279,108,64,44,165.7980338456107,0.41662871637564886,0.8258679031143723,0.12568371309039808,4495659.494167228,75274.30099445547,4570933.795161684,1233,19,707.6779141104295,100,226,67,30.568607803460715,0.6253514826175869,34.962871287128706,33924.75247524744,339.2475247524744,0
1235,128,0,0,326,0.0,0.0,1.0,326,9900,7100,2800,0.7171717171717171,127,71,56,175.61736928982182,0.4166074799433695,0.8363668357198728,0.12209043941067946,4402408.929878097,79527.89496063977,4481936.824838737,1234,20,708.6779141104295,105,221,66,33.12003540784587,0.6006837934560327,37.726022012578575,33571.06918238938,319.7244684037084,8
1236,128,0,0,326,0.0,0.0,1.0,326,9150,6100,3050,0.6666666666666666,122,61,61,177.41182567804304,0.4163025011798018,0.8374977083538182,0.12375948806362319,4406182.644628,81991.78145086867,4488174.426078869,1235,21,709.6779141104295,109,217,53,32.95859198306142,0.6018660531697342,37.61363636363631,33585.45454545379,308.1234361968237,0
1237,128,0,0,326,0.0,0.0,1.0,326,9350,6700,2650,0.7165775401069518,120,67,53,176.60151783456897,0.4160226915211578,0.8379653309203812,0.12358664562322971,4409692.987799588,81201.69496596963,4490894.682765557,1236,22,710.6779141104295,113,213,57,32.87350895208916,0.6031761247443763,37.509137426900544,33598.83040935613,297.3347823836826,0
1238,128,1,0,327,0.0030581039755351682,0.0,1.0,327,10650,7800,2850,0.7323943661971831,135,78,57,175.6586122568969,0.41613704871078094,0.8370926634311715,0.12345066931085785,4414376.08506946,79034.63541666746,4493410.720486128,1237,0,709.5015290519877,87,240,61,32.756465873409354,0.6044852191641182,37.36979166666668,33616.66666666679,386.3984674329516,0
1239,128,0,1,326,0.0,0.0030581039755351682,0.9969418960244648,327,9650,6700,2950,0.694300518134715,126,67,59,174.91689451063388,0.4159134756696247,0.8360712395134242,0.1237070478175574,4421297.5488496,79621.92739045073,4500919.476240051,1238,1,710.5015290519877,92,235,65,32.56653242989861,0.6058868501529052,37.16397849462367,33643.010752688344,365.68489948574285,0
1240,128,0,0,326,0.0,0.0,1.0,326,9200,6500,2700,0.7065217391304348,119,65,54,173.14130864553331,0.41547231398458395,0.8321666097190483,0.12302878398931082,4426443.871766413,78880.05692072822,4505323.928687141,1239,2,713.398773006135,97,229,71,32.457629402096295,0.6072341513292434,37.01105442176872,33662.585034013755,347.03695911354384,0
1241,128,0,0,326,0.0,0.0,1.0,326,10050,7200,2850,0.7164179104477612,129,72,57,168.25368300450586,0.41538186251376435,0.8255031566815205,0.12019296539587852,4432239.506287007,73898.12417817325,4506137.63046518,1240,3,714.398773006135,103,223,72,32.41116058968308,0.6085761758691206,36.83894230769232,33684.61538461557,327.0351008215104,0
1242,128,0,0,326,0.0,0.0,1.0,326,10800,7900,2900,0.7314814814814815,137,79,58,168.1022717182309,0.41498407267579046,0.8270327438017209,0.12062485989336659,4437117.029587469,73177.89051066143,4510294.920098131,1241,4,715.398773006135,105,221,70,32.26795178024934,0.6102696830265848,36.694182389937126,33703.14465408829,320.9823300389361,0
1243,128,0,0,326,0.0,0.0,1.0,326,8950,6300,2650,0.7039106145251397,116,63,53,166.269014525173,0.4145837266005978,0.8247393137919872,0.11957619119407224,4439540.043676676,73481.58960143379,4513021.63327811,1242,5,716.398773006135,107,219,52,32.24314430976188,0.6116756134969326,36.622299382716065,33712.34567901255,315.06865120572473,0
1244,128,0,0,326,0.0,0.0,1.0,326,8350,6200,2150,0.7425149700598802,105,62,43,164.12279716432025,0.4143031304074249,0.8229394710499132,0.118466819044065,4443514.7623150265,72306.41440641992,4515821.176721446,1243,6,717.398773006135,112,214,57,32.17986169418788,0.6127939672801637,36.504424778761084,33727.433628318926,301.13780025284757,0
1245,128,0,0,326,0.0,0.0,1.0,326,7600,5100,2500,0.6710526315789473,101,51,50,165.77321963242792,0.4143581878244455,0.8262450366950043,0.1129626796307436,4380106.3871742105,72420.86762688607,4452527.254801096,1244,7,718.398773006135,89,237,65,34.054430459083584,0.5915771983640081,38.3912037037037,33485.92592592592,376.24635871826877,8
1246,128,0,0,326,0.0,0.0,1.0,326,9850,7200,2650,0.7309644670050761,125,72,53,166.27858614004933,0.41406736668239735,0.8251736327999708,0.11381241620440691,4385088.471719203,70779.26223529893,4455867.733954501,1245,8,719.398773006135,93,233,68,33.8899972482113,0.593206799591002,38.242464539007074,33504.96453900688,360.2684359032998,0
1247,128,1,0,327,0.0030581039755351682,0.0,1.0,327,7850,5300,2550,0.6751592356687898,104,53,51,164.8372853007955,0.41422846975979183,0.8243590298057017,0.11356129835958455,4392337.308546169,71554.19161322986,4463891.500159399,1246,0,718.1957186544342,96,231,75,33.70789779326363,0.5947693679918451,38.02620274914088,33532.6460481098,349.29839633447705,0
1248,128,0,0,327,0.0,0.0,1.0,327,8150,5400,2750,0.6625766871165644,109,54,55,165.67558365184516,0.41397831810535135,0.8252986701221952,0.11458848366816107,4396710.027777749,72135.49999999878,4468845.527777748,1247,1,719.1957186544342,99,228,73,33.55340725432528,0.5960754332313966,37.895833333333314,33549.33333333311,338.88215488215263,0
1249,128,1,0,328,0.003048780487804878,0.0,1.0,328,9300,6800,2500,0.7311827956989247,118,68,50,163.60438000800661,0.4140566728201686,0.8249381824724258,0.11366312182684972,4401670.603426531,69126.51801461226,4470797.121441144,1248,0,718.0,104,224,71,33.4574585461194,0.5973386686991871,37.74801587301586,33568.253968253775,322.7716727716709,0
1250,128,0,0,328,0.0,0.0,1.0,328,7550,5100,2450,0.6754966887417219,100,51,49,164.21006022515297,0.41399004873076256,0.8256726291976508,0.11449679574939639,4405667.731166526,71540.99269337315,4477208.723859899,1249,1,719.0,104,224,60,33.320571961533126,0.5983866869918699,37.628968253968246,33583.49206349195,322.9181929181918,0
1251,128,0,0,328,0.0,0.0,1.0,328,9250,6800,2450,0.7351351351351352,117,68,49,167.4146924151731,0.41372530052708784,0.8296484239508923,0.11708702196592333,4409027.831361426,72777.20764746125,4481805.0390088875,1250,2,720.0,107,221,64,33.134783926799656,0.5996252540650406,37.52893518518517,33596.29629629608,313.9840775354774,0
1252,128,0,0,328,0.0,0.0,1.0,328,8650,6200,2450,0.7167630057803468,111,62,49,165.56913734207424,0.41357340537281523,0.8278522916096205,0.11602394619620507,4411193.262525859,71821.49262511649,4483014.755150976,1251,3,721.0,87,241,64,33.117710822549896,0.6006415142276422,37.46448863636366,33604.54545454571,386.2591431556978,0
1253,128,0,0,328,0.0,0.0,1.0,328,8600,6100,2500,0.7093023255813954,111,61,50,187.25525525457388,0.41371539432137444,0.8466265586530071,0.1303333841299244,4403702.249999988,90723.27777777727,4494425.527777765,1252,4,722.0,99,229,54,32.775560585603465,0.5963541666666667,37.68749999999999,33575.999999999905,339.1515151515142,6
1254,128,0,0,328,0.0,0.0,1.0,328,8800,5800,3000,0.6590909090909091,118,58,60,188.04226075337615,0.41400617059496286,0.8487102290263657,0.13138175088221843,4407921.037153206,91375.08740973056,4499296.124562937,1253,5,723.0,100,228,57,32.62693547119387,0.5975292174796748,37.561881188118804,33592.07920792069,335.9207920792069,0
1255,128,0,0,328,0.0,0.0,1.0,328,8750,6400,2350,0.7314285714285714,111,64,47,186.3486881546799,0.41382339138758356,0.8473182797595638,0.13060150404251364,4411329.214068236,90059.08241200534,4501388.296480241,1254,6,724.0,78,250,59,32.56805283511624,0.5987677845528455,37.46044303797466,33605.063291139064,430.83414475819313,0
1256,128,0,0,328,0.0,0.0,1.0,328,9650,7100,2550,0.7357512953367875,122,71,51,183.6638847453702,0.413796586360359,0.8443162061542242,0.12933702475038614,4416590.695886198,86983.64090734345,4503574.336793542,1255,7,725.0,84,244,60,32.479143341419416,0.5999110772357723,37.30392156862745,33625.09803921569,400.2987861811392,0
1257,128,0,0,328,0.0,0.0,1.0,328,8400,6000,2400,0.7142857142857143,108,60,48,181.5293610971303,0.41347162396509285,0.8426940385576989,0.12828620335099827,4420465.972313968,86488.87274115172,4506954.84505512,1256,8,726.0,86,242,63,32.41790053151102,0.6010226117886179,37.18869731800766,33639.846743295,391.1610086429651,0
1258,128,0,0,328,0.0,0.0,1.0,328,9150,6600,2550,0.7213114754098361,117,66,51,183.3046584164159,0.41337314462594166,0.8446818234218811,0.13014103505019775,4425525.003228316,87493.8698060152,4513018.873034331,1257,9,727.0,87,241,65,32.218142771400714,0.6022611788617886,37.03835227272728,33659.090909090984,386.88610240334464,0
1259,128,1,0,329,0.00303951367781155,0.0,1.0,329,8100,5400,2700,0.6666666666666666,108,54,54,182.10120549637617,0.4139078601082364,0.8442834996453359,0.12966153504140507,4428686.419753104,87393.82716049462,4516080.246913599,1258,0,725.7872340425532,89,240,63,32.15417106652587,0.6032801418439716,36.94444444444446,33671.11111111125,378.32709113608144,0
1260,128,0,0,329,0.0,0.0,1.0,329,9500,7300,2200,0.7684210526315789,117,73,44,180.34727257147122,0.41372561284503423,0.8425473205881,0.1287066983731894,4431179.213795996,84530.2170967019,4515709.4308926985,1259,1,726.7872340425532,90,239,66,32.124951059294375,0.6047049138804458,36.87042124542126,33680.58608058627,374.2287342287363,0
1261,128,1,1,329,0.0030303030303030303,0.0030303030303030303,0.996969696969697,330,9400,7200,2200,0.7659574468085106,116,72,44,177.68757613973878,0.4139339826839827,0.8406574191340483,0.12732002280869373,4435557.755835291,82228.70129243952,4517786.45712773,1260,0,725.5818181818182,95,235,65,32.062656280053865,0.6058396464646465,36.74045138888891,33697.222222222445,354.7076023391836,0
1262,128,0,0,329,0.0,0.0,1.0,329,8000,5300,2700,0.6625,107,53,54,176.37257352022542,0.41350668445894184,0.8385341399677397,0.1266592940456446,4437973.513190299,82747.36194719504,4520720.875137494,1261,1,728.5714285714286,98,231,67,32.02433038984566,0.6069845491388044,36.668771043771066,33706.39730639758,343.9428296571182,0
1263,128,0,0,329,0.0,0.0,1.0,329,7800,5100,2700,0.6538461538461539,105,51,54,176.8856902872522,0.4133773352361183,0.8391459559281209,0.12724807770579943,4439852.329292365,83469.2688080701,4523321.598100435,1262,2,729.5714285714286,100,229,58,31.95409781502075,0.6077127659574468,36.61303630363038,33713.53135313555,337.1353135313555,0
1264,128,0,3,326,0.0,0.00911854103343465,0.9908814589665653,329,9350,7300,2050,0.7807486631016043,114,73,41,176.93079984664394,0.413144892752119,0.8386453653366628,0.12761354367676614,4442681.685361512,82059.44481101054,4524741.130172523,1263,3,730.5714285714286,102,227,59,31.867514970059922,0.6086309523809523,36.52912621359225,33724.2718446604,330.63011612412157,0
1265,128,0,0,326,0.0,0.0,1.0,326,8850,6100,2750,0.6892655367231638,116,61,55,176.65744200104507,0.41218833569293695,0.8376590669595199,0.12757838708771715,4444055.88043438,82965.10878944963,4527020.9892238295,1264,6,737.4539877300614,103,223,62,31.833252562494497,0.6098862474437627,36.48838141025644,33729.48717948752,327.47074931541283,0
1266,128,0,1,325,0.0,0.003067484662576687,0.9969325153374233,326,9200,6700,2500,0.7282608695652174,117,67,50,176.3890172994696,0.41212659273242097,0.8369410466303273,0.12775132336404812,4447161.291021022,82486.08197908719,4529647.37300011,1265,7,738.4539877300614,83,243,63,31.746650123096707,0.6107809304703476,36.39632936507935,33741.269841269714,406.52132338879176,0
1267,128,0,0,325,0.0,0.0,1.0,325,8500,6000,2500,0.7058823529411765,110,60,50,172.6653837146762,0.41205009496676165,0.8327296683791028,0.1256381795934839,4452179.026567875,80247.43999775367,4532426.4665656295,1266,8,740.6430769230769,88,237,64,31.693569262628483,0.6121474358974359,36.247659176029934,33760.299625467866,383.63976847122575,0
1268,128,0,0,325,0.0,0.0,1.0,325,9150,6900,2250,0.7540983606557377,114,69,45,174.05809361538704,0.4120346628679962,0.8351616766467072,0.12711822871910844,4456131.249210928,80975.14202752044,4537106.391238448,1267,9,741.6430769230769,88,237,66,31.537757817697923,0.6134615384615385,36.13061797752807,33775.28089887617,383.8100102145019,0
1269,128,0,0,325,0.0,0.0,1.0,325,8700,6100,2600,0.7011494252873564,113,61,52,174.6521891498141,0.41185185185185186,0.8336110628100282,0.1281116193609918,4460822.671018967,82118.4889805156,4542941.159999483,1268,10,742.6430769230769,95,230,68,31.380791651254228,0.6144551282051283,35.9917534722222,33793.05555555529,355.7163742690031,0
1270,128,0,0,325,0.0,0.0,1.0,325,8600,6800,1800,0.7906976744186046,104,68,36,174.14776088963444,0.41147435897435897,0.8336631948285953,0.12791686571835867,4462289.504062948,81819.54511477468,4544109.049177722,1269,11,743.6430769230769,95,230,69,31.349950345866674,0.6157051282051282,35.94835069444442,33798.61111111085,355.77485380116684,0
1271,128,0,0,325,0.0,0.0,1.0,325,10000,7400,2600,0.74,126,74,52,172.64821788458102,0.4112638493194049,0.8332034032387692,0.12735588630220454,4466831.409938412,79238.0965033451,4546069.506441757,1270,12,744.6430769230769,96,229,67,31.25287928674986,0.6169230769230769,35.81400343642608,33815.80756013698,352.2479954180935,0
1272,128,0,2,323,0.0,0.006153846153846154,0.9938461538461538,325,9000,6200,2800,0.6888888888888889,118,62,56,186.19630239843784,0.41112614751503646,0.8439474251238943,0.12578413965519014,4370359.751643568,88748.9651813987,4459108.716824967,1271,13,745.6430769230769,110,215,52,33.8167959491489,0.5924679487179487,38.68243243243245,33448.6486486489,304.0786240786264,8
1273,128,0,0,323,0.0,0.0,1.0,323,10150,7700,2450,0.7586206896551724,126,77,49,190.31443945334038,0.4109298181515169,0.8485192357504954,0.1291052008183481,4375069.44444448,91777.77777777889,4466847.222222259,1272,14,747.0278637770898,112,211,56,33.56573705179285,0.5940079979360164,38.541666666666686,33466.66666666694,298.80952380952624,0
1274,128,0,0,323,0.0,0.0,1.0,323,9000,6500,2500,0.7222222222222222,115,65,50,196.6193790524732,0.41105240723291603,0.8544570511894165,0.1275320192569716,4323953.287197249,96434.60207612529,4420387.889273374,1273,15,748.0278637770898,84,239,64,34.96287128712872,0.5752708978328174,40.07352941176472,33270.58823529425,396.0784313725506,8
1275,128,0,1,322,0.0,0.0030959752321981426,0.9969040247678018,323,8750,6400,2350,0.7314285714285714,111,64,47,191.27278000286378,0.41119783153536016,0.8487831810462008,0.12441573515736994,4327220.110545909,92185.88404568518,4419405.994591594,1274,16,749.0278637770898,92,231,65,35.001794816569756,0.5767221362229102,39.9753584229391,33283.15412186421,361.7734143680892,0
1276,128,2,0,324,0.006172839506172839,0.0,1.0,324,8250,6200,2050,0.7515151515151515,103,62,41,193.36844389722248,0.4116273458701219,0.8505282633907907,0.12634656576973985,4332406.206823301,94500.12930881983,4426906.33613212,1275,0,746.891975308642,96,228,64,34.788519481591585,0.5781893004115226,39.81958762886601,33303.09278350552,346.90721649484914,0
1277,128,1,3,322,0.003076923076923077,0.009230769230769232,0.9907692307692307,325,8850,6400,2450,0.7231638418079096,113,64,49,193.31903378797068,0.41219531497309275,0.8512089705236277,0.1267729582335958,4336570.371330472,93818.3188278317,4430388.690158304,1276,0,745.5907692307692,102,223,50,34.66238004584488,0.5797435897435897,39.69457928802592,33319.093851133075,326.65778285424585,0
1278,128,1,0,323,0.0030959752321981426,0.0,1.0,323,9400,7000,2400,0.7446808510638298,118,70,48,193.43109063875227,0.4116929952759136,0.8522929953602967,0.1271511924399064,4339322.172890455,93871.96410702553,4433194.136997481,1277,0,749.3467492260062,108,215,53,34.57528963433286,0.5813983488132095,39.612003058103994,33329.66360856294,308.6079963755828,0
1279,128,0,0,323,0.0,0.0,1.0,323,9300,6700,2600,0.7204301075268817,119,67,52,164.48189219463092,0.4115095122717279,0.8262720525370719,0.10642658396068243,4321129.383982002,68249.50749903733,4389378.891481039,1278,1,750.3467492260062,95,228,68,35.88449666624912,0.5732391640866873,40.158420138888914,33259.72222222252,350.10233918128966,8
1280,128,0,0,323,0.0,0.0,1.0,323,8200,6400,1800,0.7804878048780488,100,64,36,165.7224482316859,0.4117002063983488,0.8277785290489372,0.10747812125669122,4323809.142207747,70510.44734664382,4394319.589554391,1279,2,751.3467492260062,98,225,68,35.77036864618332,0.5743679050567596,40.07786195286197,33270.03367003395,339.4901394901423,0
1281,128,1,0,324,0.0030864197530864196,0.0,1.0,324,8550,6100,2450,0.7134502923976608,110,61,49,163.2877867816489,0.41216942023723074,0.8260880629353329,0.10647567663411743,4330071.366782042,68059.55401768703,4398130.920799729,1280,0,750.0246913580247,101,223,63,35.64242245779351,0.5759066358024691,39.88970588235296,33294.1176470591,329.644729178803,0
1282,128,1,0,325,0.003076923076923077,0.0,1.0,325,8650,5900,2750,0.6820809248554913,114,59,55,160.03013467886325,0.4128027065527065,0.8228466506488927,0.10459436869642771,4332746.980192665,65024.01655393494,4397770.9967466,1281,0,748.7138461538461,105,220,74,35.64552095529456,0.5770512820512821,39.80935534591197,33304.40251572351,317.1847858640334,0
1283,128,1,2,324,0.003067484662576687,0.006134969325153374,0.9938650306748467,326,8500,5400,3100,0.6352941176470588,116,54,62,164.8764723684672,0.41343538618845366,0.8277410644029282,0.10817844495061943,4337178.132971968,69319.72611961565,4406497.859091584,1282,0,747.4141104294479,111,215,55,35.38421460045249,0.5785723415132924,39.6763392857143,33321.42857142879,300.19305019305216,0
1284,128,0,0,324,0.0,0.0,1.0,324,9050,6900,2150,0.7624309392265194,112,69,43,161.43735703562805,0.4125339219508466,0.823711259565489,0.10635366913767962,4341838.467365169,66336.98536940885,4408175.4527345775,1283,3,753.0246913580247,88,236,60,35.331663221593075,0.5797968106995885,39.53651685393254,33339.32584269614,378.8559754851834,0
1285,128,0,0,324,0.0,0.0,1.0,324,9200,6200,3000,0.6739130434782609,122,62,60,158.3733420094254,0.41265037935252075,0.8195830719971817,0.10473889071038232,4346253.548900913,63666.1399519509,4409919.688852864,1284,4,754.0246913580247,92,232,65,35.27697785036816,0.5809863683127572,39.40412186379925,33356.27240143329,362.5681782764488,0
1286,128,0,0,324,0.0,0.0,1.0,324,8600,5900,2700,0.686046511627907,113,59,54,161.06105585224873,0.4123784463427996,0.819201770654741,0.11085948465663142,4391330.480671486,68054.46476262038,4459384.9454341065,1285,5,755.0246913580247,102,222,72,33.83733575280231,0.5962255658436214,38.056229773462746,33528.80258899629,328.7137508725126,8
1287,128,0,0,324,0.0,0.0,1.0,324,8400,5400,3000,0.6428571428571429,114,54,60,162.99362512894976,0.412005583584961,0.8210470330321598,0.11250906067986982,4394494.784868002,70054.92711917739,4464549.71198718,1286,6,756.0246913580247,105,219,72,33.69081661353833,0.5972222222222222,37.961871069182344,33540.88050314403,319.43695717280025,0
1288,128,1,0,325,0.003076923076923077,0.0,1.0,325,7850,5400,2450,0.6878980891719745,103,54,49,162.84437755089687,0.41209283000949665,0.8216247136379844,0.11283934855654695,4398768.628014787,70412.94784389397,4469181.575858681,1287,0,754.6953846153846,108,217,69,33.56526203234543,0.5983333333333334,37.83448012232412,33557.18654434202,310.71469022538906,0
1289,128,0,1,324,0.0,0.003076923076923077,0.9969230769230769,325,8550,6100,2450,0.7134502923976608,110,61,49,163.4425630139549,0.4118027856916746,0.8217264428484921,0.11351596759328415,4401331.697426861,70322.98666039904,4471654.684087261,1288,1,755.6953846153846,112,213,75,33.47196346550429,0.5995833333333334,37.758112094395244,33566.96165191689,299.70501474925794,0
1290,128,1,0,325,0.003076923076923077,0.0,1.0,325,9850,7100,2750,0.7208121827411168,126,71,55,163.8569177849174,0.41210905349794236,0.8240179278435371,0.11439198539395053,4407034.397044234,69574.61457435472,4476609.011618589,1289,0,756.5692307692308,117,208,56,33.288479221332594,0.6011858974358975,37.58827683615817,33588.700564971456,287.08291081172183,0
1291,128,1,0,326,0.003067484662576687,0.0,1.0,326,9750,7300,2450,0.7487179487179487,122,73,49,164.35680497322647,0.41231300141576216,0.8250505059112785,0.11495851751041873,4409125.04340273,69983.94097222059,4479108.98437495,1290,0,755.2453987730062,119,207,57,33.21210354863244,0.6023453476482618,37.52604166666664,33596.66666666629,282.3249299719857,0
1292,128,0,0,326,0.0,0.0,1.0,326,7950,5600,2350,0.7044025157232704,103,56,47,166.27316539352609,0.4122471291489696,0.8261313369669134,0.1166699136881306,4412634.802032362,73590.55125191169,4486225.353284273,1291,1,756.2453987730062,92,234,59,33.055620725447575,0.6034637014314929,37.421594982078865,33610.03584229402,365.32647654667414,0
1293,128,0,0,326,0.0,0.0,1.0,326,8200,6000,2200,0.7317073170731707,104,60,44,164.88107045099989,0.4118540585181689,0.8256255115994979,0.11623169547150394,4417740.23545708,72280.34779932359,4490020.583256404,1292,2,757.2453987730062,94,232,64,32.937812139170646,0.6047098670756645,37.269736842105274,33629.47368421065,357.7603583426665,0
1294,128,0,0,326,0.0,0.0,1.0,326,8400,6300,2100,0.75,105,63,42,162.63674697843436,0.4117866131823187,0.8220916612899618,0.11498735643289942,4420966.40507207,70202.31892437398,4491168.723996444,1293,3,758.2453987730062,98,228,68,32.89930208041424,0.605700408997955,37.173821548821564,33641.75084175104,343.2831718546025,0
1295,128,0,0,326,0.0,0.0,1.0,326,9600,7100,2500,0.7395833333333334,121,71,50,162.45042347911703,0.4116491662733994,0.8207848362942538,0.11538373017556658,4425985.333469502,69000.63834689675,4494985.971816398,1294,4,759.2453987730062,102,224,73,32.75263110666718,0.6071382924335378,37.02467637540454,33660.84142394834,330.0082492543955,0
1296,128,0,0,326,0.0,0.0,1.0,326,8200,5800,2400,0.7073170731707317,106,58,48,162.93819430152337,0.41177206229353464,0.8218106159611962,0.11607191953700909,4429203.552607265,70937.28581114451,4500140.83841841,1295,5,760.2453987730062,103,223,74,32.64265657719397,0.6081288343558282,36.92908653846155,33673.07692307705,326.92307692307816,0
1297,128,0,0,326,0.0,0.0,1.0,326,8750,6600,2150,0.7542857142857143,109,66,43,162.9223798994269,0.41160905301242723,0.8227023003186464,0.11646908694022955,4433029.988662156,70497.95918367457,4503527.947845831,1296,6,761.2453987730062,104,222,71,32.52761129330168,0.6092471881390593,36.815476190476204,33687.619047619235,323.9194139194157,0
1298,128,0,0,326,0.0,0.0,1.0,326,9800,7700,2100,0.7857142857142857,119,77,42,163.5937152027974,0.4113160689004247,0.8235007606655891,0.11738640648293702,4437086.920339791,70175.90679522586,4507262.827135017,1297,7,762.2453987730062,109,217,77,32.38757267877479,0.610844836400818,36.69507575757577,33703.03030303053,309.20211287183974,0
1299,128,0,0,326,0.0,0.0,1.0,326,8850,6400,2450,0.7231638418079096,113,64,49,164.69196378964554,0.41112985685071574,0.82525366342557,0.1186008260974867,4440991.759008314,72229.13079294297,4513220.889801257,1298,8,763.2453987730062,111,215,58,32.240912862338035,0.6119631901840491,36.579241071428584,33717.85714285732,303.7644787644804,0
1300,128,0,0,326,0.0,0.0,1.0,326,8000,5500,2500,0.6875,105,55,50,166.0703963505122,0.41073639295265063,0.8275540144038398,0.12004517221908534,4445069.444444475,74438.88888888991,4519508.333333365,1299,9,764.2453987730062,114,212,60,32.08168642951253,0.6131454498977504,36.45833333333335,33733.33333333357,295.90643274854006,0
1301,128,1,0,327,0.0030581039755351682,0.0,1.0,327,9100,6900,2200,0.7582417582417582,113,69,44,165.8828763958746,0.4107838033057541,0.8275409491035028,0.12047528125365554,4450146.510630953,73140.62071330368,4523287.131344257,1300,0,762.9051987767584,89,238,66,31.933669475778736,0.6143284913353722,36.30787037037034,33752.59259259222,379.2426133999126,0
1302,128,0,1,326,0.0,0.0030581039755351682,0.9969418960244648,327,9600,7000,2600,0.7291666666666666,122,70,52,181.04934372160653,0.41073025521722545,0.8417108045463837,0.12585060309436533,4402266.5512465425,84405.49399815354,4486672.045244696,1301,1,763.9051987767584,94,233,66,32.98188678456457,0.5989424057084607,37.73026315789474,33570.52631578951,357.1332586786118,8
1303,128,0,0,326,0.0,0.0,1.0,326,8750,6300,2450,0.72,112,63,49,182.86963448017002,0.4103095013371087,0.8434782876236058,0.12749722068302807,4405580.055401679,87179.36288088709,4492759.418282567,1302,12,767.2453987730062,94,232,57,32.833657221665,0.599821063394683,37.63157894736843,33583.15789473698,357.26763717805295,0
1304,128,0,0,326,0.0,0.0,1.0,326,9000,6600,2400,0.7333333333333333,114,66,48,167.48236874295992,0.4102817759949662,0.8273451087947661,0.11205711864740947,4359468.504352282,71826.82231384817,4431295.32666613,1303,13,768.2453987730062,95,231,68,34.63709481838713,0.5810007668711656,39.00824652777774,33406.94444444404,351.6520467836215,8
1305,128,0,0,326,0.0,0.0,1.0,326,8450,5800,2650,0.6863905325443787,111,58,53,168.18178495136277,0.4101215195847097,0.8265628593259697,0.11271177970403251,4361347.056422779,73049.82654830987,4434396.882971089,1304,14,769.2453987730062,98,228,72,34.56166868198305,0.5823108384458078,38.95202020202018,33414.14141414115,340.9606266749097,0
1306,128,0,0,326,0.0,0.0,1.0,326,9300,7200,2100,0.7741935483870968,114,72,42,169.85724037411927,0.41040899795501024,0.8298709975296394,0.11434886947673895,4366444.711302786,73834.44978161075,4440279.161084397,1305,15,770.2453987730062,100,226,67,34.36282542314882,0.5835889570552147,38.799504950495034,33433.66336633642,334.3366336633642,0
1307,128,1,0,327,0.0030581039755351682,0.0,1.0,327,9000,6300,2700,0.7,117,63,54,168.54764934534688,0.41067318937105624,0.8295236496238148,0.11376750354837879,4369427.08490803,72891.33282942772,4442318.417737458,1306,0,768.8868501529053,104,223,56,34.30634128129189,0.5848942405708462,38.710317460317455,33445.07936507931,321.5873015873011,0
1308,128,0,0,327,0.0,0.0,1.0,327,9400,6700,2700,0.7127659574468085,121,67,54,169.80028129003153,0.41059423525512345,0.8298780729973392,0.11505667060212509,4373778.387440927,73733.76009754559,4447512.147538473,1307,1,769.8868501529053,107,220,61,34.14133215269575,0.5858817533129459,38.58024691358024,33461.72839506164,312.72643359870693,0
1309,128,0,0,327,0.0,0.0,1.0,327,8500,6700,1800,0.788235294117647,103,67,36,171.5770019524745,0.410560621126558,0.8328993748959002,0.11664643029464225,4377501.953007642,76315.732227631,4453817.685235273,1308,2,770.8868501529053,85,242,62,33.98172162529333,0.5870285423037717,38.46899224806202,33475.96899224814,393.83492932056635,0
1310,128,0,0,327,0.0,0.0,1.0,327,8000,5500,2500,0.6875,105,55,50,170.17668481278258,0.41046290563654214,0.8314913760012499,0.11610587240754755,4381483.032031254,75725.25139090796,4457208.283422162,1309,3,771.8868501529053,86,241,65,33.897424457358966,0.587888634046891,38.35009578544062,33491.18773946372,389.43241557515955,0
1311,128,1,0,328,0.003048780487804878,0.0,1.0,328,9250,6700,2550,0.7243243243243244,118,67,51,170.15091154459728,0.41056405546853636,0.8326070994995167,0.11671176230933604,4387473.2853223905,74456.51577503589,4461929.801097427,1310,0,770.530487804878,89,239,67,33.71625703592378,0.5894944105691057,38.17129629629632,33514.07407407431,376.5626300457788,0
1312,128,1,0,329,0.00303951367781155,0.0,1.0,329,8800,6100,2700,0.6931818181818182,115,61,54,168.35650091395877,0.4110262683173944,0.8295107314726908,0.11585307674067749,4391062.041859574,73252.76813271629,4464314.80999229,1311,0,769.1854103343466,95,234,69,33.65437724385531,0.5908687943262412,38.064236111111114,33527.77777777782,352.92397660818756,0
1313,128,0,0,329,0.0,0.0,1.0,329,9550,7300,2250,0.7643979057591623,118,73,45,165.12671216192177,0.41105445486445746,0.825781871005105,0.11402944545312811,4394962.84027777,69795.15277777765,4464757.993055548,1312,1,770.1854103343466,99,230,69,33.62073677306518,0.5920719351570416,37.947916666666664,33542.666666666606,338.8148148148142,0
1314,128,0,0,329,0.0,0.0,1.0,329,8600,5900,2700,0.686046511627907,113,59,54,167.4947320688426,0.4109447976128697,0.8270033683379536,0.1159224555538666,4397436.145672932,72909.47780186532,4470345.623474797,1313,2,771.1854103343466,102,227,72,33.483721722803104,0.5932117527862208,37.87419093851131,33552.10355987033,328.9421917634346,0
1315,128,0,0,329,0.0,0.0,1.0,329,9050,6400,2650,0.7071823204419889,117,64,53,167.96874015463584,0.41099306224825166,0.8292421089191571,0.11672222643866727,4401926.775147925,73027.21893491116,4474953.994082836,1314,3,772.1854103343466,103,226,72,33.335242896425285,0.5943832320162108,37.74038461538461,33569.230769230744,325.91486183719167,0
1316,128,0,0,329,0.0,0.0,1.0,329,9300,6400,2900,0.6881720430107527,122,64,58,168.84689959964624,0.4109949928336669,0.8307768775648281,0.11773422231420609,4405708.591679519,73678.047248922,4479386.638928441,1315,4,773.1854103343466,105,224,65,33.197677503526975,0.5954280648429584,37.62775157232704,33583.64779874212,319.84426474992495,0
1317,128,0,0,329,0.0,0.0,1.0,329,9250,6700,2550,0.7243243243243244,118,67,51,167.03493430889628,0.41110542231942077,0.8301212643141374,0.11696973627561322,4410426.839596147,72289.07148522735,4482715.911081374,1316,5,774.1854103343466,81,248,66,33.102417533672025,0.5966312056737588,37.487296747967484,33601.62601626022,414.8348890896323,0
1318,128,1,0,330,0.0030303030303030303,0.0,1.0,330,8950,6300,2650,0.7039106145251397,116,63,53,163.50245714812712,0.4115403656627061,0.8269055025026619,0.11504588856957446,4415699.514752724,69445.54413797258,4485145.058890697,1317,0,772.8363636363637,85,245,69,33.03571428571432,0.5976325757575758,37.33042635658915,33621.70542635663,395.54947560419566,0
1319,128,0,0,330,0.0,0.0,1.0,330,9350,6600,2750,0.7058823529411765,121,66,55,160.0205976332101,0.4113987519572626,0.8225855880747301,0.11292967448140441,4418948.979766817,66074.57133059052,4485023.551097407,1318,1,773.8363636363637,89,241,71,33.02899580084865,0.5989583333333333,37.233796296296305,33634.074074074175,377.9109446525188,0
1320,128,0,0,330,0.0,0.0,1.0,330,8650,6100,2550,0.7052023121387283,112,61,51,157.70712126598627,0.4112786297626723,0.8198346755294221,0.11165093300125008,4422428.098624132,64839.68088796454,4487267.779512096,1319,2,774.8363636363637,92,238,74,32.9847351825813,0.5999684343434344,37.13037634408603,33647.31182795709,365.73165030388145,0
1321,128,0,0,330,0.0,0.0,1.0,330,9650,7200,2450,0.7461139896373057,121,72,49,158.14413059974268,0.41101593442018974,0.821197818896934,0.11229085036301334,4425652.161611607,64328.18268698842,4489980.344298596,1320,3,775.8363636363637,93,237,75,32.87593060823149,0.6010732323232324,37.03457446808512,33659.574468085244,361.9309082589811,0
1322,128,0,0,330,0.0,0.0,1.0,330,9850,7700,2150,0.7817258883248731,120,77,43,155.23223009164857,0.4108700991679715,0.8177228051364547,0.11060063452508237,4429382.953573778,61666.59876263848,4491049.552336417,1321,4,776.8363636363637,93,237,73,32.83996770570068,0.6023358585858586,36.92375886524824,33673.75886524834,362.0834286585843,0
1323,128,0,0,330,0.0,0.0,1.0,330,8500,6000,2500,0.7058823529411765,110,60,50,179.6568588425915,0.4109213333947377,0.8449358048369935,0.12753082614902075,4425350.413457902,84508.91091192224,4509859.3243698245,1322,5,777.8363636363637,88,242,64,32.31934615213424,0.6006628787878787,37.0435393258427,33658.42696629217,382.4821246169565,8
1324,128,0,0,330,0.0,0.0,1.0,330,9600,7100,2500,0.7395833333333334,121,71,50,177.41011992865674,0.4109055985385773,0.8429006156065288,0.12643152825799456,4429637.19659462,81572.49325765835,4511209.689852279,1323,6,778.8363636363637,90,240,61,32.248836096245064,0.6016729797979798,36.916208791208796,33674.72527472532,374.1636141636147,0
1325,128,0,0,330,0.0,0.0,1.0,330,10250,7400,2850,0.7219512195121951,131,74,57,175.1443130452744,0.4107459473150963,0.8414033660764568,0.1253619147067897,4434381.432472157,79081.33795421079,4513462.770426368,1324,7,779.8363636363637,91,239,62,32.1651324845148,0.6027462121212122,36.77536231884057,33692.753623188306,370.2500398152561,0
1326,128,0,1,329,0.0,0.0030303030303030303,0.996969696969697,330,8750,6600,2150,0.7542857142857143,109,66,43,175.4872978810263,0.41041398022781,0.8422900619997584,0.12621705184252383,4439637.256291268,81069.98913569805,4520707.245426967,1325,8,780.8363636363637,96,234,54,31.997421104134418,0.6040719696969696,36.619415807560145,33712.71477663238,351.1741122565873,0
1327,128,0,1,328,0.0,0.00303951367781155,0.9969604863221885,329,8450,6400,2050,0.757396449704142,105,64,41,177.165078417355,0.4099157955865273,0.8442439600563105,0.12785284218014023,4443276.824760522,83188.69741774302,4526465.522178264,1326,15,784.1854103343466,97,232,57,31.843383153818277,0.6051798378926039,36.51147959183674,33726.53061224494,347.6961918788138,0
1328,128,0,2,326,0.0,0.006097560975609756,0.9939024390243902,328,9500,6300,3200,0.6631578947368421,127,63,64,174.71467461797658,0.4095705213072773,0.8420493189596299,0.12665406433906806,4448144.62890625,80331.22829861118,4528475.857204861,1327,16,787.515243902439,79,249,60,31.76113539454405,0.6065485264227642,36.3671875,33745.0,427.1518987341772,0
1329,128,0,0,326,0.0,0.0,1.0,326,9100,6500,2600,0.7142857142857143,117,65,52,172.85666076573509,0.4091041371716218,0.8396944691982378,0.1256654273922904,4451220.876736127,79584.63541666749,4530805.512152795,1328,17,789.4049079754601,79,247,63,31.717397386524475,0.6075536809815951,36.27604166666668,33756.66666666679,427.29957805907327,0
1330,128,0,0,326,0.0,0.0,1.0,326,9050,6600,2450,0.7292817679558011,115,66,49,171.53739612188375,0.40891910492370614,0.8383435582822092,0.12535425101214565,4456790.123456785,78651.23456790093,4535441.358024687,1329,18,790.4049079754601,83,243,64,31.584429824561404,0.6088637525562373,36.11111111111111,33777.77777777774,406.9611780455149,0
1331,128,0,0,326,0.0,0.0,1.0,326,9150,6300,2850,0.6885245901639344,120,63,57,167.16498861964672,0.408697302186566,0.8339796955105558,0.12271379257791112,4461644.573626343,74816.15287503127,4536460.7265013745,1330,19,791.4049079754601,86,240,69,31.553732843581834,0.6100779652351738,35.96743295019157,33796.16858237549,392.97870444622663,0
1332,128,0,0,326,0.0,0.0,1.0,326,9200,6200,3000,0.6739130434782609,122,62,60,168.14810674588117,0.4086672172408368,0.8349120357752686,0.12380998781088591,4464882.341715479,75752.30252051492,4540634.644235994,1331,20,792.4049079754601,86,240,71,31.430379268661227,0.6111324130879345,35.871647509578544,33808.429118773965,393.1212688229531,0
1333,128,0,2,324,0.0,0.006134969325153374,0.9938650306748467,326,8800,6400,2400,0.7272727272727273,112,64,48,185.75476115572252,0.40866584080541135,0.8451604147095071,0.1282550176667077,4394795.736189879,89270.84646082783,4484066.582650706,1332,21,793.4049079754601,91,235,64,33.085248876598726,0.5919286809815951,37.95289855072464,33542.02898550726,368.5937251154644,8
1334,128,0,0,324,0.0,0.0,1.0,324,8950,6800,2150,0.7597765363128491,111,68,43,187.23039140163345,0.4084443759635108,0.8457641995796701,0.12952270399742033,4396932.771136079,90897.88874129568,4487830.659877375,1333,23,798.783950617284,90,234,66,32.9816832620025,0.5927533436213992,37.889194139194146,33550.183150183235,372.7798127798137,0
1335,128,0,0,324,0.0,0.0,1.0,324,9400,6500,2900,0.6914893617021277,123,65,58,188.59089431185254,0.40836474697091313,0.8468400179108286,0.13092821079923633,4400874.291115332,91792.96366309695,4492667.254778429,1334,24,799.783950617284,91,233,66,32.826352907311474,0.593653549382716,37.771739130434796,33565.217391304504,368.84854276158796,0
1336,128,0,0,324,0.0,0.0,1.0,324,8450,5800,2650,0.6863905325443787,111,58,53,188.6504300710377,0.4085170374192562,0.8472412548833128,0.1315220136148966,4405533.046627433,92971.1407876869,4498504.18741512,1335,25,800.783950617284,93,231,56,32.683413583375575,0.5948431069958848,37.63297872340426,33582.97872340426,361.10729810112105,0
1337,128,0,0,324,0.0,0.0,1.0,324,9850,7700,2150,0.7817258883248731,120,77,43,184.96013101182007,0.40820767878301417,0.8440334627238373,0.1295234873681588,4410437.510850676,88501.01996527668,4498938.530815953,1336,26,801.783950617284,79,245,60,32.63153489410242,0.5963220164609053,37.48697916666665,33601.666666666526,425.33755274261426,0
1338,128,0,0,324,0.0,0.0,1.0,324,9750,7300,2450,0.7487179487179487,122,73,49,188.19247399637683,0.4079132505828842,0.8461372838055656,0.13251319084191582,4416483.862978191,91679.80490778763,4508163.667885979,1337,27,802.783950617284,80,244,62,32.36341606697013,0.5978973765432098,37.30709876543209,33624.69135802459,420.30864197530735,0
1339,128,0,0,324,0.0,0.0,1.0,324,8150,5900,2250,0.7239263803680982,104,59,45,186.02645565529707,0.40770084024512987,0.8437672062548185,0.13125922640293308,4418754.34027777,91451.04166666637,4510205.381944436,1338,28,803.783950617284,83,241,63,32.35154443343246,0.5992155349794239,37.23958333333333,33633.33333333327,405.2208835341358,0
1340,128,0,0,324,0.0,0.0,1.0,324,8800,6200,2600,0.7045454545454546,114,62,52,184.39140075721744,0.40745876810763293,0.8431227332505131,0.13061458753376792,4423032.87062076,89513.8453217957,4512546.715942556,1339,29,804.783950617284,85,239,65,32.26498187738051,0.6003086419753086,37.1124031007752,33649.6124031008,395.8777929776565,0
1341,128,0,0,324,0.0,0.0,1.0,324,9600,7500,2100,0.78125,117,75,42,184.96909186284697,0.40736102351921927,0.8420090498032569,0.13142175438735565,4426348.456790151,89347.53086419881,4515695.98765435,1340,30,805.783950617284,89,235,67,32.14945867441247,0.6015625,37.01388888888891,33662.22222222244,378.2272159800274,0
1342,128,0,1,323,0.0,0.0030864197530864196,0.9969135802469136,324,9350,6600,2750,0.7058823529411765,121,66,55,185.56688619686525,0.40719260819987513,0.841094131531289,0.13210179819137344,4428460.138294759,90205.11170206091,4518665.24999682,1341,31,806.783950617284,92,232,68,32.06984954935777,0.6026556069958848,36.95116487455199,33670.25089605758,365.98098800062587,0
1343,128,0,0,323,0.0,0.0,1.0,323,7450,5200,2250,0.697986577181208,97,52,45,184.628470613241,0.4070037626034395,0.8394262551466585,0.13176104803917407,4431171.181761233,91574.0716628104,4522745.253424044,1342,32,809.2631578947369,95,228,70,32.01254295532648,0.6037796697626419,36.87065972222225,33680.5555555559,354.5321637426936,0
1344,128,0,0,323,0.0,0.0,1.0,323,8200,5500,2700,0.6707317073170732,109,55,54,184.29982970080437,0.40680104993942656,0.8388164393165569,0.1317059240136165,4432655.284608206,90587.52281513484,4523242.80742334,1343,33,810.2631578947369,98,225,69,31.97631803401039,0.6047471620227038,36.826599326599364,33686.19528619574,343.73668659383407,0
1345,128,1,0,324,0.0030864197530864196,0.0,1.0,324,7300,4400,2900,0.6027397260273972,102,44,58,183.3572973197428,0.40721112194065406,0.838816098229078,0.13145025375147462,4436116.984920389,90578.88418984391,4526695.869110233,1344,0,808.7592592592592,101,223,67,31.896495991724876,0.6059027777777778,36.72385620915036,33699.34640522921,333.6568951012793,0
1346,128,0,0,324,0.0,0.0,1.0,324,8250,5800,2450,0.703030303030303,107,58,49,186.449972793583,0.40727860751188066,0.8412070782831991,0.1340634956140918,4439327.443139861,92492.4961990494,4531819.93933891,1345,1,809.7592592592592,103,221,53,31.718046840337216,0.6070280349794239,36.62860576923081,33711.53846153899,327.2964899178543,0
1347,128,0,0,324,0.0,0.0,1.0,324,8700,6200,2500,0.7126436781609196,112,62,50,191.40296385389635,0.40747130967396705,0.8465594352276065,0.1379295985112693,4441723.513479517,96531.80901990634,4538255.322499423,1346,2,810.7592592592592,104,220,53,31.515172911567227,0.6078639403292181,36.55753968253971,33720.63492063531,324.236874236878,0
1348,128,0,0,324,0.0,0.0,1.0,324,9200,6500,2700,0.7065217391304348,119,65,54,186.96427213864186,0.4074679254417817,0.8469511589419483,0.12352393787133686,4345113.86396409,88476.21018711284,4433590.074151203,1347,3,811.7592592592592,78,246,59,34.56671811480522,0.5767103909465021,39.43829113924049,33351.89873417708,427.58844530996254,8
1349,128,1,0,325,0.003076923076923077,0.0,1.0,325,8650,7000,1650,0.8092485549132948,103,70,33,181.89032340141893,0.4077967711301045,0.8425993341307974,0.12058869796906627,4349067.363832807,84560.65386041986,4433628.017693227,1348,0,810.2584615384616,82,243,62,34.57825814837993,0.5780448717948719,39.31977911646584,33367.0682730921,406.91546674502564,0
1350,128,0,0,325,0.0,0.0,1.0,325,9000,6000,3000,0.6666666666666666,120,60,60,180.2614887883527,0.40776748971193416,0.8411411383183736,0.11974472984544968,4351314.196462864,82874.87504805687,4434189.071510921,1349,1,811.2584615384616,84,241,63,34.55217684197334,0.5793910256410256,39.25245098039213,33375.686274509535,397.3295985060659,0
1351,128,0,0,325,0.0,0.0,1.0,325,9350,6800,2550,0.7272727272727273,119,68,51,180.2437341196936,0.40788421968977523,0.8398488132257032,0.12027708579267717,4356470.251162143,82695.29313016315,4439165.5442923065,1350,2,812.2584615384616,87,238,67,34.39541649652917,0.5807371794871795,39.09801136363633,33395.45454545418,383.8557993730366,0
1352,128,2,0,327,0.0061162079510703364,0.0,1.0,327,9350,7000,2350,0.7486631016042781,117,70,47,172.9444246903129,0.40889554917668836,0.8338375677327219,0.1162058462336087,4364294.300079078,76206.07338127602,4440500.373460354,1351,0,808.2844036697247,96,231,67,34.34762717440472,0.5826006625891946,38.86383161512025,33425.42955326428,348.1815578465029,0
1353,128,1,1,327,0.003048780487804878,0.003048780487804878,0.9969512195121951,328,8000,5900,2100,0.7375,101,59,42,172.39716622877603,0.409544881716019,0.8327414543637364,0.1162361623034629,4368168.977169971,77011.99065450998,4445180.967824481,1352,0,806.8170731707318,100,228,59,34.24402576553103,0.5838097052845528,38.74793729372936,33440.26402640246,334.40264026402457,0
1354,128,0,0,327,0.0,0.0,1.0,327,9150,6300,2850,0.6885245901639344,120,63,57,172.35058224766883,0.40931572578375636,0.832061529373844,0.11660283894263682,4372023.858149761,76154.17151056118,4448178.029660323,1353,1,809.7737003058104,102,225,61,34.128005210751674,0.5851172273190621,38.63268608414238,33455.01618122956,327.9903547179369,0
1355,128,0,0,327,0.0,0.0,1.0,327,9000,5700,3300,0.6333333333333333,123,57,66,171.74625135262184,0.4092352082199833,0.8310034606388967,0.11671933625919037,4377096.487966495,75949.98272339517,4453046.47068989,1354,2,810.7737003058104,85,242,63,33.98961565775865,0.5862321610601426,38.48110465116281,33474.418604651364,393.81668946648665,0
1356,128,0,0,327,0.0,0.0,1.0,327,8050,5300,2750,0.6583850931677019,108,53,55,167.68591126055557,0.4095838570883598,0.8265581861840692,0.11445602405210673,4381967.765903223,73508.85158797327,4455476.617491197,1355,3,811.7737003058104,90,237,65,33.9478797556032,0.5873470948012233,38.33562271062272,33493.04029304043,372.1448921448937,0
1357,128,0,1,326,0.0,0.0030581039755351682,0.9969418960244648,327,7750,5400,2350,0.6967741935483871,101,54,47,166.03217870896972,0.40935520284172283,0.8246364248346092,0.11357845292948497,4384445.729114479,72441.81536722305,4456887.544481702,1356,4,812.7737003058104,92,235,68,33.91594987447221,0.5884301732925585,38.261648745519715,33502.5089605735,364.1577060931902,0
1358,128,0,1,325,0.0,0.003067484662576687,0.9969325153374233,326,8400,6000,2400,0.7142857142857143,108,60,48,166.17934030846652,0.40859662576687117,0.8242670407250983,0.11403340938408499,4387922.437673104,72236.41120344614,4460158.84887655,1357,5,816.2423312883435,94,232,71,33.80661990508097,0.5895002556237219,38.15789473684209,33515.78947368401,356.5509518477022,0
1359,128,0,0,325,0.0,0.0,1.0,325,8750,6600,2150,0.7542857142857143,109,66,43,163.5228245855579,0.40859290914846474,0.8209556727300249,0.11254652193258778,4391257.070653376,69864.15193490799,4461121.222588284,1358,6,818.6184615384616,96,229,75,33.77507652782334,0.5905448717948718,38.05841924398624,33528.52233676962,349.25544100801693,0
1360,128,0,0,325,0.0,0.0,1.0,325,7800,5700,2100,0.7307692307692307,99,57,42,164.40633596953484,0.4084207818930041,0.8223153059823531,0.11346430555209819,4394299.713082485,71690.14299597293,4465989.856078458,1359,7,819.6184615384616,97,228,74,33.65970982746497,0.5916346153846154,37.96768707482992,33540.136054421564,345.77459849919137,0
1361,128,2,1,326,0.0061162079510703364,0.0030581039755351682,0.9969418960244648,327,9450,7500,1950,0.7936507936507936,114,75,39,163.6381288179657,0.40894167088797584,0.8217924541674522,0.1134507610354742,4399369.15956467,69130.90745012501,4468500.067014795,1360,0,815.5993883792049,101,226,69,33.526264623015116,0.5931766055045872,37.816584967320246,33559.4771241828,332.2720507344832,0
1362,128,0,0,326,0.0,0.0,1.0,326,10100,7100,3000,0.7029702970297029,131,71,60,163.82732647439798,0.40863595249331447,0.8228154470360385,0.1141813352449074,4405197.386688885,69038.34209064908,4474235.728779535,1361,1,818.8404907975461,101,225,59,33.34484883871806,0.5944210122699387,37.64297385620915,33581.699346405265,332.49207273668577,0
1363,128,0,1,325,0.0,0.003067484662576687,0.9969325153374233,326,9150,6100,3050,0.6666666666666666,122,61,61,164.3858825292519,0.40840451470819567,0.8245744533669055,0.1150350019611247,4409663.467959009,70627.28416748918,4480290.752126498,1362,2,819.8404907975461,103,223,64,33.195051258569585,0.5956671779141105,37.510016025641036,33598.71794871809,326.2011451331854,0
1364,128,0,0,325,0.0,0.0,1.0,325,9000,6700,2300,0.7444444444444445,113,67,46,166.76912552779194,0.4079396169673948,0.8270075649968962,0.11712287000323642,4413621.432818089,73211.15735235905,4486832.590170448,1363,3,823.3569230769231,86,239,67,33.01275475311177,0.5967948717948718,37.392241379310356,33613.79310344839,390.85805934242313,0
1365,128,0,0,325,0.0,0.0,1.0,325,8600,6300,2300,0.7325581395348837,109,63,46,168.4064958766895,0.40791468819246596,0.8294937647735707,0.11865440538054775,4417161.99638431,75175.75470615299,4492337.751090462,1364,4,824.3569230769231,87,238,68,32.862673094830456,0.5979807692307693,37.28693181818183,33627.272727272815,386.5203761755496,0
1366,128,0,0,325,0.0,0.0,1.0,325,8300,5700,2600,0.6867469879518072,109,57,52,165.11522033094846,0.4077647198480532,0.8266415734506694,0.11686935839034499,4422182.314639801,72733.92144507547,4494916.236084877,1365,5,825.3569230769231,91,234,69,32.79742419021366,0.5991025641025641,37.1376811594203,33646.37681159435,369.7404045230149,0
1367,128,0,1,324,0.0,0.003076923076923077,0.9969230769230769,325,9950,7500,2450,0.7537688442211056,124,75,49,171.93623116497085,0.40762622665400444,0.8327397853324374,0.12227199457320438,4427332.787011419,77293.7827023711,4504626.569713791,1366,6,826.3569230769231,94,231,69,32.46246230597129,0.6004487179487179,36.984649122807035,33665.96491228094,358.14856289660577,0
1368,128,1,0,325,0.003076923076923077,0.0,1.0,325,8750,6500,2250,0.7428571428571429,110,65,45,159.79991218402517,0.4079752295030073,0.8200643360719146,0.11134079160598535,4404863.881641049,67029.3722937635,4471893.253934813,1367,0,826.0307692307692,108,217,56,33.460600927679806,0.5957371794871795,37.652905198776736,33580.42813455627,310.9298901347803,8
1369,128,0,0,325,0.0,0.0,1.0,325,8400,6300,2100,0.75,105,63,42,161.66854705476138,0.4078897594175372,0.8227074080653773,0.11290722721727633,4407454.91276398,69109.36639118381,4476564.279155164,1368,1,827.0307692307692,109,216,59,33.33318297729022,0.5968589743589743,37.575757575757564,33590.30303030285,308.1679177092005,0
1370,128,0,0,325,0.0,0.0,1.0,325,9350,6800,2550,0.7272727272727273,119,68,51,165.21268117951414,0.4078019151630263,0.8270042767801706,0.11569061037316453,4410397.736240285,71380.72701446498,4481778.463254751,1369,2,828.0307692307692,87,238,61,33.15113443357236,0.5979807692307693,37.48816287878791,33601.51515151548,386.2243120863848,0
1371,128,0,0,325,0.0,0.0,1.0,325,9900,7100,2800,0.7171717171717171,127,71,56,165.82488216782596,0.4078687875910098,0.8268782302664648,0.1168103451734698,4416925.793986286,71587.23986636304,4488513.033852649,1370,3,829.0307692307692,90,235,65,32.93763616557736,0.5996153846153847,37.29395604395608,33626.37362637403,373.6263736263781,0
1372,128,0,0,325,0.0,0.0,1.0,325,8950,6200,2750,0.6927374301675978,117,62,55,162.644055253579,0.4075391737891738,0.8234265439426054,0.11501466018200474,4421177.286102375,69865.64056134282,4491042.926663718,1371,4,830.0307692307692,93,232,69,32.89273969137362,0.6009615384615384,37.167553191489404,33642.55319148987,361.74788377946095,0
1373,128,0,0,325,0.0,0.0,1.0,325,9700,7400,2300,0.7628865979381443,120,74,46,162.2193902558559,0.4075676638176638,0.8234942878903264,0.11538139729465932,4427517.361111164,68945.83333333555,4496463.1944445,1372,5,831.0307692307692,97,228,72,32.7124587458746,0.6024358974358974,36.9791666666667,33666.66666666707,347.0790378006915,0
1374,128,0,0,325,0.0,0.0,1.0,325,8850,6900,1950,0.7796610169491526,108,69,39,164.06835528662438,0.4073215416270972,0.8252520565795312,0.1172991246370091,4433130.250000057,71617.27777778033,4504747.527777838,1373,6,832.0307692307692,99,226,68,32.49442597430016,0.6038461538461539,36.812500000000036,33688.00000000044,340.28282828283267,0
1375,128,0,1,324,0.0,0.003076923076923077,0.9969230769230769,325,8500,6400,2100,0.7529411764705882,106,64,42,165.47774820713096,0.40730610952833174,0.8267393892836552,0.11871626273278293,4436885.51256275,73341.16473434653,4510226.677297097,1374,7,833.0307692307692,102,223,72,32.34404007425901,0.6050641025641026,36.7010517799353,33702.2653721686,330.4143663938098,0
1376,128,1,0,325,0.003076923076923077,0.0,1.0,325,7900,5200,2700,0.6582278481012658,106,52,54,164.8696096268617,0.40748773345995565,0.8268265971316806,0.11862569473152379,4440051.020408218,73505.89569161221,4513556.91609983,1375,0,833.0369230769231,104,221,57,32.26459510357819,0.6060897435897437,36.60714285714289,33714.28571428613,324.1758241758282,0
1377,128,0,0,325,0.0,0.0,1.0,325,8400,6300,2100,0.75,105,63,42,164.86862639919323,0.4074172997784109,0.8262581250651715,0.11884503916007143,4442058.049886679,73071.20181406118,4515129.25170074,1376,1,834.0369230769231,104,221,58,32.20411583069741,0.6069871794871795,36.54761904761908,33721.90476190521,324.2490842490885,0
1378,128,0,0,325,0.0,0.0,1.0,325,8050,5500,2550,0.6832298136645962,106,55,51,166.40280882495452,0.40736190250079135,0.8282311501245778,0.12037545286439981,4445877.271692964,74911.29314014514,4520788.564833109,1377,2,835.0369230769231,86,239,60,32.048581141446704,0.607948717948718,36.43438697318004,33736.39846743255,392.2837031096808,0
1379,128,0,0,325,0.0,0.0,1.0,325,8400,6000,2400,0.7142857142857143,108,60,48,166.22736492160794,0.40715297562519787,0.8275547755542445,0.12068760245951878,4449808.534626612,74535.98942333099,4524344.524049943,1378,3,836.0369230769231,88,237,63,31.934765561424527,0.6092307692307692,36.317883895131054,33751.310861422855,383.5376234252597,0
1380,128,0,0,325,0.0,0.0,1.0,325,8350,5800,2550,0.6946107784431138,109,58,51,166.599244975486,0.40699232352010134,0.8279128890550536,0.12133732620780825,4453182.117028214,75029.35568704543,4528211.4727152595,1379,4,837.0369230769231,90,235,64,31.823359659781264,0.6105128205128205,36.21794871794868,33764.102564102126,375.15669515669026,0
1381,128,0,0,325,0.0,0.0,1.0,325,9400,7300,2100,0.776595744680851,115,73,42,163.82521639125136,0.40688627730294397,0.8238567015439722,0.11986699444024239,4458120.246867608,71670.50282825933,4529790.749695867,1380,5,838.0369230769231,96,229,66,31.74792488912394,0.6117628205128205,36.07173539518897,33782.81786941544,351.9043528064108,0
1382,128,0,0,325,0.0,0.0,1.0,325,8750,6200,2550,0.7085714285714285,113,62,51,163.37627925256626,0.4064961221905667,0.8238314969184044,0.12000652862281307,4462304.173611087,72056.93055555447,4534361.104166641,1381,6,839.0369230769231,99,226,69,31.633931976277804,0.6132051282051282,35.94791666666665,33798.666666666475,341.40067340067145,0
1383,128,0,0,325,0.0,0.0,1.0,325,10900,8400,2500,0.7706422018348624,134,84,50,161.86579952094098,0.4062729503007281,0.8224632816272701,0.11945147307019878,4467272.127438937,68719.71491710274,4535991.84235604,1382,7,840.0369230769231,102,223,71,31.524492165569313,0.6149358974358974,35.80097087378639,33817.475728155114,331.54387968779525,0
1384,128,0,0,325,0.0,0.0,1.0,325,7950,5900,2050,0.7421383647798742,100,59,41,160.69155249847947,0.4059817188983856,0.8213787428650625,0.11902432675054149,4471210.941043072,70747.16553287931,4541958.106575952,1383,8,841.0369230769231,104,221,74,31.43719738768157,0.6161217948717949,35.6845238095238,33832.38095238087,325.3113553113545,0
1385,128,0,0,325,0.0,0.0,1.0,325,8950,6400,2550,0.7150837988826816,115,64,51,164.70381087167462,0.4057280785058563,0.8267936452967413,0.12245969536358338,4475239.512471631,73467.8004535136,4548707.312925145,1384,9,842.0369230769231,104,221,63,31.210138810729674,0.6174679487179487,35.565476190476176,33847.61904761886,325.4578754578736,0
1386,128,0,0,325,0.0,0.0,1.0,325,7600,5300,2300,0.6973684210526315,99,53,46,166.3654013469053,0.4054562361506806,0.8285002718129937,0.12389844363466812,4476981.395755056,76362.96134548256,4553344.357100539,1385,10,843.0369230769231,106,219,63,31.113887048488394,0.6185576923076923,35.51401869158877,33854.2056074764,319.3792981837396,0
1387,128,0,0,325,0.0,0.0,1.0,325,9050,6800,2250,0.7513812154696132,113,68,45,166.78033356066686,0.4050071225071225,0.8301150817686249,0.12459471977767488,4480277.777777785,75394.44444444473,4555672.22222223,1386,11,844.0369230769231,89,236,64,31.003937007873997,0.6198717948717949,35.41666666666667,33866.66666666673,380.5243445692891,0
1388,128,0,0,325,0.0,0.0,1.0,325,8450,5900,2550,0.6982248520710059,110,59,51,171.15105432373724,0.4048488445710668,0.8230838712036681,0.12142200430690958,4424712.250000073,78008.83333333612,4502721.083333408,1387,12,845.0369230769231,99,226,73,32.5622969653752,0.6039102564102564,37.06250000000004,33656.00000000056,339.95959595960164,8
1389,128,0,0,325,0.0,0.0,1.0,325,9750,6700,3050,0.6871794871794872,128,67,61,170.91823644773132,0.40469175371953153,0.8232309723088518,0.12166166548756135,4428352.387251262,76627.23607961959,4504979.623330881,1388,13,846.0369230769231,104,221,73,32.458435476774206,0.6053205128205128,36.95436507936512,33669.84126984177,323.74847374847855,0
1390,128,0,0,325,0.0,0.0,1.0,325,8450,6400,2050,0.757396449704142,105,64,41,168.4638325926959,0.40453347578347576,0.8207082421444754,0.12023789097301373,4431287.309177957,75852.32868470042,4507139.637862657,1389,14,847.0369230769231,106,219,72,32.43437604054906,0.6065384615384615,36.86721183800626,33680.996884735636,317.7452536295815,0
1391,128,0,0,325,0.0,0.0,1.0,325,7650,5000,2650,0.6535947712418301,103,50,53,169.89030185405278,0.40426282051282053,0.8234960204567332,0.12158266813427657,4434214.967860474,78016.02387511685,4512230.991735592,1390,15,848.0369230769231,109,216,72,32.30845565309162,0.6076602564102564,36.78030303030306,33692.12121212161,309.1020294690056,0
1392,128,0,0,325,0.0,0.0,1.0,325,8450,5700,2750,0.6745562130177515,112,57,55,157.86502285488558,0.40406457739791074,0.816933611000817,0.10328136884641263,4333883.935441731,63383.73730378804,4397267.672745518,1391,16,849.0369230769231,113,212,56,35.66718020295661,0.5799038461538462,39.775219298245645,33308.771929824994,294.767893184292,8
1393,128,1,1,325,0.003067484662576687,0.003067484662576687,0.9969325153374233,326,7550,5200,2350,0.6887417218543046,99,52,47,157.52737849506067,0.4045359446279692,0.8162796992102577,0.10336850420097907,4337310.573777862,63899.03288122853,4401209.60665909,1392,0,847.4294478527607,116,210,57,35.57149167806659,0.5811605316973415,39.6723646723647,33321.93732193772,287.2580803615321,0
1394,128,0,1,324,0.0,0.003076923076923077,0.9969230769230769,325,9150,6600,2550,0.7213114754098361,117,66,51,156.89650250888727,0.40422048116492565,0.8152405352273435,0.10354486264596377,4343858.12638021,62157.229484773605,4406015.355864983,1393,1,850.4061538461539,96,229,62,35.3884137125584,0.5826282051282051,39.47594501718215,33347.07903780092,347.36540664375957,0
1395,128,1,0,325,0.003076923076923077,0.0,1.0,325,10000,7200,2800,0.72,128,72,56,155.10016762960612,0.40427152579930353,0.8135791062856512,0.10286417196884844,4349473.820165343,59920.823721646375,4409394.643886989,1394,0,850.6707692307692,101,224,65,35.264254514827435,0.5839743589743589,39.3075980392157,33368.62745098056,330.3824500097085,0
1396,128,1,1,325,0.003067484662576687,0.003067484662576687,0.9969325153374233,326,9100,6800,2300,0.7472527472527473,114,68,46,151.87927150730056,0.4047508651879817,0.8107470474439169,0.10108622906144245,4353515.369110658,57941.74855127422,4411457.1176619325,1395,0,849.0582822085889,104,222,70,35.225291619120085,0.58547418200409,39.186507936507965,33384.126984127375,321.00122100122474,0
1397,128,0,0,325,0.0,0.0,1.0,325,10050,7100,2950,0.7064676616915423,130,71,59,151.0959041670415,0.40456354859132637,0.8087926386787831,0.10087478774745422,4357011.983691551,56615.333028503206,4413627.316720054,1396,1,851.9507692307692,107,218,74,35.13942283996258,0.5869551282051282,39.08179012345681,33397.53086419784,312.1264566747462,0
1398,128,1,0,326,0.003067484662576687,0.0,1.0,326,9750,7600,2150,0.7794871794871795,119,76,43,156.3141473567683,0.40474201667453197,0.8139860563213503,0.10468034882755067,4360503.305785149,61371.67125803588,4421874.977043185,1397,0,850.3343558282209,109,217,71,34.89711822183524,0.5882540899795501,38.97727272727274,33410.909090909285,306.5221017514613,0
1399,128,0,0,326,0.0,0.0,1.0,326,7900,5700,2200,0.7215189873417721,101,57,44,154.11656497691484,0.40484328299512345,0.8125319124084338,0.10352653542602783,4363984.303259889,61412.454086318336,4425396.757346207,1398,1,851.3343558282209,109,217,73,34.84870806890301,0.5893085378323109,38.87310606060607,33424.242424242555,306.64442591048214,0
1400,128,1,0,327,0.0030581039755351682,0.0,1.0,327,9300,7200,2100,0.7741935483870968,114,72,42,154.73058045476006,0.4051905686572485,0.8158840807441388,0.10429515493219413,4367848.952556169,60467.96075354683,4428316.913309716,1399,0,849.7278287461774,110,217,74,34.715287257226315,0.5905007645259939,38.75750750750751,33439.03903903911,303.99126399126465,0
1401,128,0,0,327,0.0,0.0,1.0,327,9800,7400,2400,0.7551020408163265,122,74,48,153.5842058600656,0.4052589695002595,0.8152559759520481,0.10396579219011158,4372665.560179685,59114.473510371485,4431780.033690057,1400,1,850.7278287461774,115,212,62,34.59902203288902,0.5921253822629969,38.61350574712644,33457.47126436786,290.93453273363355,0
1402,128,0,0,327,0.0,0.0,1.0,327,8850,5900,2950,0.6666666666666666,118,59,59,161.47664422666767,0.4052452893316573,0.8269980604409068,0.1074830472993141,4353611.6463102875,66351.31978246366,4419962.966092751,1401,2,851.7278287461774,85,242,72,34.972048715924394,0.5834288990825688,39.18362403100773,33384.496124030775,392.7587779297738,8
1403,128,0,0,327,0.0,0.0,1.0,327,9200,6700,2500,0.7282608695652174,117,67,50,161.09774302929216,0.40528476638962374,0.8252643577418775,0.10768665318948739,4358429.432441648,65826.62894375587,4424256.061385404,1402,3,852.7278287461774,89,238,73,34.83533470823906,0.5845756880733946,39.03935185185181,33402.96296296255,375.3141905950848,0
1404,128,0,1,326,0.0,0.0030581039755351682,0.9969418960244648,327,7100,4500,2600,0.6338028169014085,97,45,52,169.55363837618503,0.40513037591539874,0.8356572304658074,0.11117753527637192,4336459.173611164,74552.48611111322,4411011.659722277,1403,4,853.7278287461774,99,228,59,35.28440013605989,0.5784913353720693,39.6979166666667,33318.66666666708,336.5521885521927,8
1405,128,1,1,326,0.0030581039755351682,0.0030581039755351682,0.9969418960244648,327,9400,6800,2600,0.723404255319149,120,68,52,170.77949664373733,0.40519877675840976,0.8373922222444576,0.11253211596093496,4342081.716984315,73507.70600251119,4415589.422986826,1404,0,854.697247706422,76,251,65,35.08091392264807,0.5798611111111112,39.52922077922078,33340.259740259746,438.68762816131243,0
1406,128,1,1,326,0.0030581039755351682,0.0030581039755351682,0.9969418960244648,327,9050,6600,2450,0.7292817679558011,115,66,49,168.25934238108368,0.40541765945604524,0.8348471857009123,0.11160369180170036,4349598.494613006,71922.11646506758,4421520.611078073,1405,0,855.6788990825688,81,246,68,34.91740571094435,0.5813583078491336,39.303861788617894,33369.105691057,411.96426779082714,0
1407,128,0,0,326,0.0,0.0,1.0,326,9050,6500,2550,0.7182320441988951,116,65,51,165.6719871023025,0.4048552776466887,0.8316820710407444,0.11031479809093941,4354016.022174145,70017.69725377062,4424033.719427915,1406,1,859.2730061349694,85,241,70,34.850314231757515,0.5825664621676891,39.17151162790697,33386.04651162788,392.7770177838574,0
1408,128,0,0,326,0.0,0.0,1.0,326,9250,6200,3050,0.6702702702702703,123,62,61,165.09118830063753,0.4046667059933931,0.8311859317319428,0.1103193466531538,4358051.618815986,69445.1840851692,4427496.802901155,1407,2,860.2730061349694,87,239,72,34.74261926362741,0.5840682515337423,39.05066287878787,33401.51515151504,383.92546151166715,0
1409,128,0,0,326,0.0,0.0,1.0,326,9000,5700,3300,0.6333333333333333,123,57,66,183.8147596132981,0.40481831052383205,0.8429009244595855,0.11608027970100077,4292811.513697775,83616.42329111132,4376427.936988886,1408,3,861.2730061349694,88,238,68,36.25064021450951,0.5648645194274029,41.011235955056186,33150.56179775288,376.7109295199191,7
1410,128,1,0,327,0.0030581039755351682,0.0,1.0,327,9250,6600,2650,0.7135135135135136,119,66,53,182.50019519753323,0.4053973346341219,0.842245757458129,0.11587687660298882,4299166.8008426605,82269.75606810936,4381436.55691077,1409,0,859.6360856269113,90,237,56,36.089549656979706,0.5662270642201834,40.819597069597094,33175.09157509185,368.61212861213164,0
1411,128,0,0,327,0.0,0.0,1.0,327,9700,7000,2700,0.7216494845360825,124,70,54,179.45352600451665,0.4055665778628293,0.8400047496833651,0.11442818748506224,4304137.67326991,79378.53637543361,4383516.209645343,1410,1,860.6360856269113,92,235,61,36.01603103989406,0.5677879714576962,40.66980286738354,33194.26523297521,360.8072307932088,0
1412,128,3,1,329,0.00909090909090909,0.0030303030303030303,0.996969696969697,330,9550,6900,2650,0.7225130890052356,122,69,53,162.23148980096454,0.4074159144637868,0.8299746920790516,0.10013166033943378,4265762.193525369,62858.191158448855,4328620.384683819,1411,0,853.8030303030303,102,228,60,37.64012391622275,0.5565972222222222,41.82847896440127,33045.95469255629,323.9799479662381,8
1413,128,1,0,330,0.0030303030303030303,0.0,1.0,330,9800,6800,3000,0.6938775510204082,128,68,60,175.44996284632848,0.40796529120997205,0.8443602030075299,0.10608952472204584,4241192.549333784,73023.41504094745,4314215.964374731,1412,0,854.6454545454545,76,254,61,38.05649710091612,0.5464015151515151,42.57305194805195,32950.64935064936,433.5611756664389,8
1414,128,3,0,333,0.009009009009009009,0.0,1.0,333,9050,6500,2550,0.7182320441988951,116,65,51,165.59568891496676,0.4099950854468927,0.8360193608123465,0.1007610993901674,4248730.867244049,65064.30299511156,4313795.170239161,1413,0,847.936936936937,82,251,68,38.077711479136205,0.5480167667667668,42.34437751004014,32979.91967871464,402.1941424233493,0
1415,128,3,0,336,0.008928571428571428,0.0,1.0,336,8850,6300,2550,0.711864406779661,114,63,51,158.55594975828993,0.4121300121416726,0.8300018964283049,0.09720548391646382,4257726.5517832255,58967.575445814226,4316694.12722904,1414,0,841.3571428571429,89,247,68,37.98215354124594,0.5500062003968254,42.07175925925923,33014.814814814505,370.952975447354,0
1416,128,1,0,337,0.002967359050445104,0.0,1.0,337,9100,5800,3300,0.6373626373626373,124,58,66,158.74718890552458,0.4129622515425557,0.8297207252767291,0.09782632663242949,4263880.840277771,58875.81944444424,4322756.6597222155,1415,0,839.8575667655787,99,238,71,37.78792021469795,0.5517742334322453,41.885416666666664,33038.66666666662,333.72390572390526,0
1417,128,0,2,335,0.0,0.005934718100890208,0.9940652818991098,337,8900,6600,2300,0.7415730337078652,112,66,46,159.00438690355807,0.4127937185012482,0.8301706992643085,0.09830552094904157,4267767.644871717,59418.75556393261,4327186.40043565,1416,1,840.8575667655787,102,235,66,37.66179407848354,0.553072453016815,41.767799352750785,33053.7216828476,324.05609492987844,0
1418,128,1,1,335,0.002976190476190476,0.002976190476190476,0.9970238095238095,336,9500,7100,2400,0.7473684210526316,119,71,48,163.563589847376,0.4121897950722577,0.8332245276126653,0.10187236952181514,4276507.727697974,63196.19119046612,4339703.91888844,1417,0,844.2857142857143,82,254,68,37.275452735835295,0.5548735119047619,41.50351405622492,33087.550200803475,403.506709765896,0
1419,128,1,1,335,0.002976190476190476,0.002976190476190476,0.9970238095238095,336,9900,7100,2800,0.7171717171717171,127,71,56,165.35546724473264,0.4124117137526653,0.8338881582552458,0.10337690721990904,4280958.049886652,64475.96371882233,4345434.0136054745,1418,0,845.2708333333334,83,253,70,37.092443421557334,0.5563306051587302,41.36904761904764,33104.76190476215,398.8525530694235,0
1420,128,0,0,335,0.0,0.0,1.0,335,9250,6500,2750,0.7027027027027027,120,65,55,164.46578004210278,0.4123823249024339,0.8321661475132429,0.10313713020051847,4284582.764492628,64683.44930344692,4349266.213796075,1419,1,847.2746268656716,86,249,70,37.00418401974395,0.5574937810945273,41.25957854406133,33118.77394636042,385.10202263209794,0
1421,128,1,1,335,0.002976190476190476,0.002976190476190476,0.9970238095238095,336,8400,5600,2800,0.6666666666666666,112,56,56,173.10929489922498,0.41284092928216065,0.838935938850399,0.10625469295836319,4259154.57833179,71859.84918436418,4331014.427516154,1420,0,845.75,94,242,70,37.562782476870545,0.5523933531746033,42.02850877192982,33020.35087719295,351.28032848077606,8
1422,128,1,0,336,0.002976190476190476,0.0,1.0,336,7100,4700,2400,0.6619718309859155,95,47,48,170.9614837855483,0.41283778281212985,0.8368182600886276,0.10535959258066793,4263952.397096152,71494.32571970107,4335446.722815854,1421,0,846.7202380952381,100,236,72,37.47044858219789,0.5536644345238095,41.88325082508251,33038.9438943895,330.389438943895,0
1423,128,1,3,334,0.002967359050445104,0.008902077151335312,0.9910979228486647,337,8650,6100,2550,0.7052023121387283,112,61,51,170.57636304076718,0.413302997385898,0.8371999531092835,0.10552821265731055,4268536.213740166,69572.27656952116,4338108.490309687,1422,0,845.2047477744807,106,231,58,37.33932071773222,0.5551743323442137,41.74454828660436,33056.69781931468,311.85563980485546,0
1424,128,0,2,332,0.0,0.005988023952095809,0.9940119760479041,334,8700,6500,2200,0.7471264367816092,109,65,44,174.4684886932236,0.411971664778551,0.8401419730625557,0.10820742012773832,4271516.349480944,73549.00038446618,4345065.34986541,1423,1,853.625748502994,84,250,59,37.14709533070852,0.5564184131736527,41.65441176470586,33068.23529411745,393.66946778711247,0
1425,128,2,0,334,0.005988023952095809,0.0,1.0,334,9600,6600,3000,0.6875,126,66,60,179.21016095549072,0.4125967284649919,0.8433374941958984,0.11192181750239087,4279726.562499979,76994.09722222126,4356720.6597222,1424,0,854.3622754491018,87,247,63,36.77198724404163,0.5581337325349301,41.406249999999986,33099.99999999983,380.4597701149406,0
1426,128,1,0,335,0.0029850746268656717,0.0,1.0,335,10200,7900,2300,0.7745098039215687,125,79,46,177.0039428889999,0.4130287931599488,0.8429542065146132,0.11110202569096754,4285666.700960225,74515.98079561058,4360182.681755836,1425,0,852.8089552238806,89,246,67,36.64646509824969,0.5594838308457711,41.226851851851855,33122.96296296301,372.1681231793596,0
1427,128,2,0,337,0.005934718100890208,0.0,1.0,337,9900,6900,3000,0.696969696969697,129,69,60,172.5827917100056,0.4136003220526589,0.8404685863249526,0.10901916632954156,4293155.518947558,70884.9529410368,4364040.471888594,1426,0,848.7418397626112,96,241,68,36.530979627940454,0.5613254203758655,41.0008591065292,33151.89003436409,345.3321878579593,0
1428,128,0,1,336,0.0,0.002967359050445104,0.9970326409495549,337,9450,7500,1950,0.7936507936507936,114,75,39,172.94999711794154,0.41370777106589424,0.8404533965559018,0.10952924180933966,4296136.768977712,71753.36836259448,4367890.137340306,1427,1,849.7418397626112,101,236,64,36.43000262777561,0.562654549950544,40.910947712418285,33163.39869281022,328.35048210703184,0
1429,128,1,0,337,0.002967359050445104,0.0,1.0,337,9050,7100,1950,0.7845303867403315,110,71,39,171.0886746458999,0.4139944244265461,0.8396662849891925,0.10870110885410024,4299918.962935023,70683.48729066468,4370602.450225688,1428,0,850.6973293768546,102,235,60,36.36225451944335,0.5638291295746785,40.796925566343035,33177.993527508,325.27444634811764,0
1430,128,2,0,339,0.0058997050147492625,0.0,1.0,339,8500,6400,2100,0.7529411764705882,106,64,42,169.85689872568824,0.41465209776986495,0.8403412072109073,0.1085663295657349,4306905.959457413,70011.53787532468,4376917.497332738,1429,0,846.6725663716815,80,259,64,36.18010113027962,0.5655420353982301,40.58641975308643,33204.938271605046,415.0617283950631,0
1431,128,0,1,338,0.0,0.0029498525073746312,0.9970501474926253,339,9450,6700,2750,0.708994708994709,122,67,55,169.75320620398526,0.4147248258888831,0.8395345479331409,0.1090195074065816,4312463.9538639765,69160.91656150595,4381624.870425482,1430,1,847.6725663716815,85,254,64,36.01261995862691,0.5668018682399214,40.41908914728684,33226.356589147494,390.8983128134999,0
1432,128,1,0,339,0.0029498525073746312,0.0,1.0,339,9600,6800,2800,0.7083333333333334,124,68,56,165.62941980974603,0.41499246536686973,0.8367230612182031,0.10253073981535173,4269266.072314371,64023.2125141734,4333289.284828545,1431,0,847.141592920354,111,228,59,37.44463449765937,0.5573992133726646,41.722470238095255,33059.523809524035,297.83354783354986,8
1433,128,1,0,340,0.0029411764705882353,0.0,1.0,340,10450,7800,2650,0.7464114832535885,131,78,53,168.0505314262593,0.4157209786569495,0.838334388001023,0.10491751526169303,4279334.7627554005,65378.89620638221,4344713.658961783,1432,0,845.6470588235294,87,253,63,37.07260433356224,0.5594975490196079,41.418087121212125,33098.48484848489,380.4423545802861,0
1434,128,2,0,342,0.005847953216374269,0.0,1.0,342,8450,5500,2950,0.650887573964497,114,55,59,173.24688435151515,0.41655805365482784,0.8421237325091446,0.109112492776592,4289649.702598895,71783.6891869326,4361433.391785827,1433,0,841.6959064327485,92,250,64,36.62138386547833,0.5611598440545809,41.106630824372765,33138.351254480345,360.19947015739507,0
1435,128,2,0,344,0.005813953488372093,0.0,1.0,344,9250,6500,2750,0.7027027027027027,120,65,55,176.8022951586734,0.41740859549799986,0.8456913980704375,0.11199261873364079,4296384.913243801,73872.14270932037,4370257.055953122,1434,0,837.796511627907,100,244,64,36.322579147095475,0.562984496124031,40.90346534653465,33164.356435643575,331.6435643564357,0
1436,128,2,1,345,0.005780346820809248,0.002890173410404624,0.9971098265895953,346,8000,5500,2500,0.6875,105,55,50,174.5955384251953,0.41834352573231687,0.8451522510086622,0.11094450775816334,4300080.4025255935,72954.97063011672,4373035.37315571,1435,0,833.9479768786127,105,241,58,36.26640475919676,0.5640655105973025,40.79205974842766,33178.61635220111,315.98682240191533,0
1437,128,0,1,344,0.0,0.002898550724637681,0.9971014492753624,345,9400,6600,2800,0.7021276595744681,122,66,56,178.6186512002155,0.41774414391641385,0.849101365962192,0.11391714071962934,4304355.980370132,75367.65189985817,4379723.632269991,1436,1,837.3652173913043,108,237,61,36.03098782719781,0.5652777777777778,40.66322629969418,33195.10703363899,307.362102163324,0
1438,128,1,0,345,0.002898550724637681,0.0,1.0,345,9500,6400,3100,0.6736842105263158,126,64,62,183.27820225782733,0.41742430625772386,0.8512256666448519,0.11745127237937286,4309949.001736105,79483.94097222207,4389432.942708327,1437,0,838.3565217391305,79,266,63,35.73862686067908,0.5666364734299517,40.494791666666664,33216.66666666663,420.4641350210966,0
1439,128,0,0,345,0.0,0.0,1.0,345,9500,7200,2300,0.7578947368421053,118,72,46,181.53380805741946,0.4177494101786316,0.8496839562428979,0.1166938580943376,4313545.305720882,78110.86111514368,4391656.166836025,1438,1,839.3565217391305,82,263,65,35.67368429533662,0.5678140096618358,40.38654618473896,33230.522088353464,405.2502693701642,0
1440,128,0,1,344,0.0,0.002898550724637681,0.9971014492753624,345,8800,6500,2300,0.7386363636363636,111,65,46,179.39537390655332,0.4177430906639703,0.847399368269786,0.1156121494418521,4316489.403055718,77071.6460849717,4393561.04914069,1439,2,840.3565217391305,85,260,67,35.639030751053305,0.5691425120772946,40.29796511627908,33241.86046511638,391.0807113543103,0
1441,128,2,0,346,0.005780346820809248,0.0,1.0,346,10250,7600,2650,0.7414634146341463,129,76,53,177.3780884023383,0.4181881963642456,0.8459865854757522,0.1147590226118883,4321009.087791528,73840.46639231965,4394849.554183847,1440,0,838.8670520231213,89,257,70,35.55308092056425,0.5705081888246628,40.16203703703706,33259.25925925951,373.6995422388709,0
1442,128,0,0,346,0.0,0.0,1.0,346,9600,7200,2400,0.75,120,72,48,177.92194963773966,0.41830408254446955,0.8474705664518338,0.11556622024419132,4325571.054203451,75122.80705209113,4400693.861255541,1441,1,839.8670520231213,91,255,66,35.399381922970846,0.5717726396917149,40.02490942028987,33276.81159420311,365.6792482879462,0
1443,128,3,1,348,0.008595988538681949,0.0028653295128939827,0.997134670487106,349,8600,5800,2800,0.6744186046511628,114,58,56,177.3348004223148,0.4192650868930387,0.8469359123732783,0.11570990421855158,4330813.246097371,75200.78053260004,4406014.026629971,1442,0,833.6389684813754,98,251,66,35.25436840189302,0.5733046800382045,39.86742424242426,33296.96969696996,339.7649969078567,0
1444,128,1,0,349,0.0028653295128939827,0.0,1.0,349,9650,6900,2750,0.7150259067357513,124,69,55,174.24901887434658,0.4192945910044023,0.8435475911856101,0.1141100539478197,4334988.384983674,71623.49458302038,4406611.879566694,1443,0,834.5873925501432,104,245,55,35.20709448298648,0.5748268863419292,39.74206349206352,33313.015873016266,320.3174603174641,0
1445,128,1,4,346,0.002857142857142857,0.011428571428571429,0.9885714285714285,350,8800,5800,3000,0.6590909090909091,118,58,60,178.82485065267844,0.41961914995224453,0.8495347444609322,0.11557266849602577,4319784.349173609,75696.9582185517,4395481.307392161,1444,0,833.2,87,263,67,35.5529736954013,0.5674107142857143,40.198863636363676,33254.545454545885,382.2361546499527,8
1446,128,1,0,347,0.002881844380403458,0.0,1.0,347,10250,7400,2850,0.7219512195121951,131,74,57,177.63734754961618,0.4184563669881672,0.8471922254264768,0.11543443760699144,4326101.797253426,74045.44969874682,4400147.246952173,1445,0,841.3659942363113,92,255,67,35.390548710437095,0.5685338616714697,40.008960573476735,33278.85304659537,361.7266635499497,0
1447,128,2,0,349,0.0057306590257879654,0.0,1.0,349,9750,6800,2950,0.6974358974358974,127,68,59,174.83106265826765,0.41933301496338743,0.8464524022769673,0.11431972976041849,4333266.021607844,71967.9006677352,4405233.92227558,1446,0,837.538681948424,98,251,68,35.24455789189921,0.5702304202483286,39.79377104377109,33306.39730639786,339.8611970040598,0
1448,128,0,0,349,0.0,0.0,1.0,349,8300,5600,2700,0.6746987951807228,110,56,54,176.10768951139409,0.4192534224769182,0.847807037610806,0.11548260607038813,4336534.032049703,74639.39777436288,4411173.429824066,1447,1,838.538681948424,101,248,59,35.11151052087834,0.5713347659980899,39.69566993464056,33318.954248366514,329.89063612244075,0
1449,128,0,1,348,0.0,0.0028653295128939827,0.997134670487106,349,11050,7900,3150,0.7149321266968326,142,79,63,174.9843194972998,0.4192650868930387,0.8469107538497649,0.11505482009431847,4339616.427311735,71022.96548249183,4410639.392794227,1448,2,839.538681948424,104,245,62,35.046638474042524,0.5726480420248329,39.603174603174644,33330.79365079419,320.4884004884057,0
1450,128,0,0,348,0.0,0.0,1.0,348,10100,7500,2600,0.7425742574257426,127,75,52,170.50357845234672,0.4187728422052182,0.8410704977098795,0.11266648258578463,4345294.658779147,68477.65775034264,4413772.31652949,1449,3,842.9425287356322,89,259,63,34.99010756747951,0.5738745210727969,39.43287037037037,33352.59259259258,374.74823137744465,0
1451,128,2,0,350,0.005714285714285714,0.0,1.0,350,8800,6500,2300,0.7386363636363636,111,65,46,176.36494197490669,0.4194748601446309,0.8467337005936788,0.11747400499126573,4354395.1416015625,74792.52929687496,4429187.6708984375,1450,0,839.12,95,255,65,34.559855859228755,0.5756845238095238,39.16015625,33387.5,351.44736842105266,0
1452,128,0,1,349,0.0,0.002857142857142857,0.9971428571428571,350,10750,7100,3650,0.6604651162790698,144,71,73,176.69959224223533,0.41942335243553014,0.8472985826567978,0.118128660002161,4358552.988568855,73280.90716925837,4431833.895738114,1451,1,840.12,96,254,69,34.42442354909948,0.5772916666666666,39.03565292096219,33403.43642611677,347.9524627720497,0
1453,128,0,0,349,0.0,0.0,1.0,349,9100,6400,2700,0.7032967032967034,118,64,54,177.87697470968735,0.4195350838191219,0.8476990603949683,0.11954315286541332,4364511.848280774,76369.23273135339,4440881.081012128,1452,2,841.2664756446991,98,251,66,34.21219630122087,0.5787965616045845,38.857323232323225,33426.26262626252,341.08431251288283,0
1454,128,0,0,349,0.0,0.0,1.0,349,8950,6100,2850,0.6815642458100558,118,61,57,181.31808699683177,0.41949288607845076,0.8504221839332127,0.12236938158306399,4369261.1882716175,79695.21604938309,4448956.404321001,1453,3,842.2664756446991,101,248,53,33.97771317829458,0.5800501432664756,38.715277777777786,33444.44444444454,331.13311331133207,0
1455,128,1,0,350,0.002857142857142857,0.0,1.0,350,8050,5600,2450,0.6956521739130435,105,56,49,193.48677987478047,0.41977520807750035,0.8614573346116974,0.12113247983757264,4282600.308641973,87675.30864197519,4370275.617283948,1454,0,840.8571428571429,83,267,61,36.31431767337808,0.5495238095238095,41.31944444444444,33111.111111111095,398.929049531459,8
1456,128,3,0,353,0.0084985835694051,0.0,1.0,353,10150,7700,2450,0.7586206896551724,126,77,49,184.3544055369845,0.4211915990642974,0.8587469231886073,0.11629574905679005,4291547.020271321,77483.1199512281,4369030.1402225485,1455,0,834.7025495750709,80,273,67,36.275514004767615,0.5547096317280453,41.0493827160494,33145.67901234584,414.320987654323,8
1457,128,1,1,353,0.002824858757062147,0.002824858757062147,0.9971751412429378,354,9950,7100,2850,0.7135678391959799,128,71,57,179.35409410020526,0.42159866599446233,0.8544566326251051,0.11347998189716428,4295053.0661284365,73317.07035755571,4368370.136485992,1456,0,833.3418079096045,84,270,65,36.29734534903888,0.5559969397363465,40.94362745098041,33159.2156862747,394.7525676937464,0
1458,128,1,1,353,0.002824858757062147,0.002824858757062147,0.9971751412429378,354,9000,6300,2700,0.7,117,63,54,178.4809175349074,0.4221516674402352,0.8542627047683917,0.11330355724635588,4298946.720400046,73655.99101813702,4372602.711418183,1457,0,832.8107344632768,87,267,53,36.20047385247772,0.5573210922787194,40.82623106060608,33174.2424242426,381.31313131313334,0
1459,128,1,1,353,0.002824858757062147,0.002824858757062147,0.9971751412429378,354,9950,7000,2950,0.7035175879396985,129,70,59,179.9783369600254,0.42207314356897835,0.8555249597484418,0.11472018889301228,4303703.918038423,74164.69478738065,4377868.612825803,1458,0,833.8079096045198,89,265,56,36.015723796771574,0.5587040960451977,40.68287037037038,33192.59259259271,372.9504785684574,0
1460,128,0,1,352,0.0,0.0028328611898017,0.9971671388101983,353,9600,6700,2900,0.6979166666666666,125,67,58,179.9144414330055,0.42168419767791226,0.8554520289969019,0.11491214061010345,4306068.387482625,74744.777741251,4380813.165223876,1459,1,837.1643059490085,77,276,59,35.944874204122314,0.5598737016052879,40.61164529914528,33201.7094017092,431.1910311910286,0
1461,128,2,0,354,0.005649717514124294,0.0,1.0,354,10000,7500,2500,0.75,125,75,50,178.48546239106372,0.4219971204579525,0.8550259588891462,0.11467820379280128,4312977.09418401,73160.74218749927,4386137.836371509,1460,0,835.7824858757062,79,275,63,35.77022830248617,0.561411252354049,40.40364583333332,33228.3333333332,420.61181434598984,0
1462,128,2,0,356,0.0056179775280898875,0.0,1.0,356,9100,6300,2800,0.6923076923076923,119,63,56,176.97022471227442,0.42268274911642134,0.8545034437039054,0.11450410969100848,4321099.663590917,72641.19569396331,4393740.859284881,1461,0,832.0814606741573,84,272,67,35.560907261550994,0.5630559456928839,40.159313725490186,33259.60784313718,395.9477124182998,0
1463,128,0,2,354,0.0,0.0056179775280898875,0.9943820224719101,356,8700,6100,2600,0.7011494252873564,113,61,52,179.73703482595937,0.42279896608113093,0.8564075380393228,0.11683705149311033,4326478.78823749,75625.69372704324,4402104.481964533,1462,1,833.0814606741573,87,269,68,35.32442711890129,0.564314138576779,39.99763257575758,33280.30303030304,382.53221873911536,0
1464,128,0,0,354,0.0,0.0,1.0,354,9950,7200,2750,0.7236180904522613,127,72,55,178.7889426203268,0.4228050327299499,0.8550382639273293,0.11660193547444075,4330252.709190676,74090.26063100141,4404342.969821678,1463,2,837.0960451977401,89,265,64,35.23367743466523,0.5658250941619586,39.88425925925926,33294.81481481484,374.0990428630881,0
1465,128,0,0,354,0.0,0.0,1.0,354,10800,8300,2500,0.7685185185185185,133,83,50,177.76813857098313,0.42292523593839193,0.8550011932561234,0.11645358225509218,4335372.763403168,72538.22923230396,4407910.992635472,1464,3,838.0960451977401,91,263,55,35.10376335899999,0.5672669491525424,39.730525362318836,33314.492753623155,366.0933269628918,0
1466,128,0,1,353,0.0,0.002824858757062147,0.9971751412429378,354,9600,6700,2900,0.6979166666666666,125,67,58,163.59460026549203,0.4228290400281685,0.839871242551194,0.10392971420304231,4299806.01030401,60285.009094969246,4360091.019398979,1465,4,839.0960451977401,100,254,58,36.55996339328343,0.5608227401129944,40.800330033003306,33177.55775577565,331.7755775577565,8
1467,128,1,0,354,0.002824858757062147,0.0,1.0,354,9600,6700,2900,0.6979166666666666,125,67,58,163.92885191726796,0.4226629895488228,0.840144244796025,0.10457364682335801,4304636.961451242,60730.83900226771,4365367.800453509,1466,0,840.0819209039548,104,250,60,36.40334519164563,0.5623528719397364,40.654761904761905,33196.19047619044,319.1941391941388,0
1468,128,0,0,354,0.0,0.0,1.0,354,10150,7500,2650,0.7389162561576355,128,75,53,162.38153537992238,0.422727175728088,0.8384978209251843,0.10395137908858038,4308734.175328646,58981.77418676356,4367715.94951541,1467,1,841.0819209039548,88,266,61,36.318075540920546,0.5636770244821092,40.53136704119854,33211.98501872701,377.40892066735245,0
1469,128,0,0,354,0.0,0.0,1.0,354,10500,7700,2800,0.7333333333333333,133,77,56,164.55951836610126,0.4226539868119909,0.8401095068703344,0.1057882618067807,4313609.467455677,60669.099276794084,4374278.566732471,1468,2,842.0819209039548,90,264,64,36.11239711934159,0.565118879472693,40.38461538461542,33230.76923076966,369.23076923077406,0
1470,128,1,0,355,0.0028169014084507044,0.0,1.0,355,9600,7200,2400,0.75,120,72,48,168.69520704277284,0.42267347019972945,0.8433422855016488,0.10903066654859486,4319834.072022189,65147.06063404257,4384981.1326562315,1469,0,840.7070422535211,94,261,66,35.814622548605875,0.5669600938967136,40.19736842105265,33254.736842105485,353.77379619261154,0
1471,128,0,0,355,0.0,0.0,1.0,355,10550,7200,3350,0.6824644549763034,139,72,67,170.17941022279888,0.4225219490199199,0.8454010096152444,0.11042020368794292,4324348.542563308,65633.01691424969,4389981.559477557,1470,1,841.7070422535211,97,258,64,35.638034144346754,0.568075117370892,40.06164965986396,33272.10884353761,343.01143137667634,0
1472,128,1,0,356,0.0028089887640449437,0.0,1.0,356,10300,7200,3100,0.6990291262135923,134,72,62,166.22346255673204,0.4228738065094688,0.8421593397901619,0.10821907070405465,4328253.66385653,62391.462166020356,4390645.12602255,1471,0,840.3398876404494,100,256,69,35.62157115473591,0.5696980337078652,39.944306930693095,33287.128712871636,332.87128712871635,0
1473,128,0,0,356,0.0,0.0,1.0,356,10900,7400,3500,0.6788990825688074,144,74,70,167.2377668500754,0.422729895289339,0.8440626420541992,0.10941253442205258,4333875.070694732,62857.51772604128,4396732.588420773,1472,1,841.3398876404494,102,254,57,35.423548767375266,0.5713658707865168,39.77548543689323,33308.73786407797,326.55625356939186,0
1474,128,0,0,356,0.0,0.0,1.0,356,10100,6500,3600,0.6435643564356436,137,65,72,166.36064972360327,0.42282220947407295,0.8428505870756828,0.10919787741520655,4337657.628258415,63023.10826312404,4400680.736521538,1473,2,842.3398876404494,105,251,60,35.33094896572553,0.5725948033707865,39.661949685534616,33323.27044025187,317.3644803833512,0
1475,128,2,1,357,0.00558659217877095,0.002793296089385475,0.9972067039106145,358,7950,5800,2150,0.7295597484276729,101,58,43,164.65548578658127,0.42338338966871664,0.842575619512715,0.10870027720943765,4344224.381600087,63510.07518365437,4407734.456783741,1474,0,838.6284916201117,87,271,65,35.17510979857638,0.5740514432029795,39.46496212121212,33348.48484848481,383.31591779867597,0
1476,128,2,0,359,0.005571030640668524,0.0,1.0,359,9400,6800,2600,0.723404255319149,120,68,52,164.98197698231027,0.4237487874968229,0.8419971143396545,0.1096473139059426,4351859.567901239,62395.67901234574,4414255.246913585,1475,0,837.2785515320335,92,267,69,34.93397691966268,0.5754700557103064,39.236111111111114,33377.77777777781,362.80193236715013,0
1477,128,0,0,359,0.0,0.0,1.0,359,8650,5800,2850,0.6705202312138728,115,58,57,163.1876198242598,0.42365768765918155,0.8404134792387408,0.10883550467225182,4355844.372407889,61713.97509162796,4417558.347499517,1476,1,838.2785515320335,95,264,72,34.85946186693288,0.5768628133704735,39.11675347222222,33393.055555555555,351.50584795321635,0
1478,128,0,0,359,0.0,0.0,1.0,359,10050,7600,2450,0.7562189054726368,125,76,49,164.11904872264068,0.4236972399018586,0.8408264348923475,0.10957956929964305,4357118.2511425335,61167.22050991398,4418285.471652447,1477,2,839.2785515320335,96,263,73,34.79639118684065,0.5779944289693593,39.078608247422686,33397.93814432997,347.8951890034372,0
1479,128,1,0,360,0.002777777777777778,0.0,1.0,360,10100,7400,2700,0.7326732673267327,128,74,54,156.76276003864794,0.42403877153616015,0.8338750937533499,0.10765760407952127,4388813.386389123,55500.49994898415,4444313.886338107,1478,0,837.9444444444445,98,262,73,34.026187319189965,0.5900752314814814,38.13131313131312,33519.191919191755,342.0325706039975,8
1480,128,0,0,360,0.0,0.0,1.0,360,10600,7900,2700,0.7452830188679245,133,79,54,157.36825851120503,0.42389465980604557,0.8336249655552508,0.10848374141004387,4393036.147055272,55664.88960777155,4448701.036663043,1479,1,838.9444444444445,100,260,77,33.882399060478406,0.5910590277777779,38.00536303630361,33535.31353135292,335.3531353135292,0
1481,128,0,2,358,0.0,0.005555555555555556,0.9944444444444445,360,9650,7200,2450,0.7461139896373057,121,72,49,159.7292295129651,0.42372862503868775,0.8364877698458641,0.11041298967267209,4396078.964663112,58786.461180757964,4454865.425843869,1480,2,839.9444444444445,102,258,70,33.72837481510066,0.5921585648148149,37.914644012944976,33546.92556634292,328.89142712100903,0
1482,128,0,0,358,0.0,0.0,1.0,358,9100,6000,3100,0.6593406593406593,122,60,62,162.66368595601574,0.423000811125195,0.8386389295151702,0.11280604975417263,4399672.71982865,62433.39632149068,4462106.116150141,1481,3,845.5670391061452,104,254,73,33.542620480028255,0.5933426443202979,37.80753968253967,33560.63492063475,322.69841269841106,0
1483,128,0,0,358,0.0,0.0,1.0,358,9350,6100,3250,0.6524064171122995,126,61,65,160.78962865565197,0.4230223281118779,0.8372810048121018,0.1117820890646178,4402408.929878147,60622.33940508613,4463031.269283233,1482,4,846.5670391061452,105,253,73,33.508928459914806,0.5942737430167597,37.7260220125786,33571.069182389765,319.724468403712,0
1484,128,0,0,358,0.0,0.0,1.0,358,9150,6000,3150,0.6557377049180327,123,60,63,163.9543853972697,0.4229827172954843,0.8397885594054806,0.1142930855265496,4405421.749594806,63707.64307411562,4469129.3926689215,1483,5,847.5670391061452,106,252,61,33.33472479901055,0.5952339385474861,37.63629283489096,33582.55451713384,316.8165520484324,0
1485,128,0,0,358,0.0,0.0,1.0,358,10250,7800,2450,0.7609756097560976,127,78,49,162.37846967580168,0.4228197098206135,0.8390492389442692,0.11370594638460019,4410397.736240286,61380.72701446499,4471778.463254752,1484,6,848.5670391061452,87,271,66,33.225535840435306,0.5966887802607077,37.48816287878791,33601.51515151549,386.2243120863849,0
1486,128,0,0,358,0.0,0.0,1.0,358,10000,7300,2700,0.73,127,73,54,161.3860194319453,0.42272011225346745,0.8370336227920467,0.11344487836539802,4414616.59219906,60891.47982664672,4475508.072025707,1485,7,849.5670391061452,90,268,69,33.1240375116225,0.5978235567970205,37.36263736263739,33617.5824175828,373.5286935286978,0
1487,128,0,1,357,0.0,0.002793296089385475,0.9972067039106145,358,10000,6700,3300,0.67,133,67,66,157.86967743664587,0.4224146362455597,0.833569488310677,0.11140132361872246,4418846.5373961665,57920.375500155846,4476766.912896322,1486,8,850.5670391061452,94,264,71,33.08860860735546,0.5991620111731844,37.236842105263186,33633.684210526655,357.80515117581547,0
1488,128,0,0,357,0.0,0.0,1.0,357,10600,7900,2700,0.7452830188679245,133,79,54,158.02303375856536,0.4219722064855905,0.8316220969371431,0.11189603249568894,4422637.907263785,57775.731864293026,4480413.639128078,1487,9,853.9187675070028,96,261,75,32.97009681768049,0.600344304388422,37.12414089347082,33648.109965636155,350.50114547537663,0
1489,128,0,0,357,0.0,0.0,1.0,357,11100,8400,2700,0.7567567567567568,138,84,54,157.76029384756575,0.4215640376000587,0.832771411594941,0.11239399173077962,4429306.7992503485,57253.74843815227,4486560.547688501,1488,10,854.9187675070028,97,260,72,32.77575757575759,0.6018907563025211,36.92602040816329,33673.46938775538,347.14916894593176,0
1490,128,1,0,358,0.002793296089385475,0.0,1.0,358,9700,6900,2800,0.711340206185567,125,69,56,155.8351844483686,0.4214711489810077,0.8310163661832606,0.11137697128962026,4432779.340277833,56856.597222224555,4489635.937500058,1489,0,853.5279329608938,99,259,78,32.72169173428332,0.603177374301676,36.8229166666667,33686.666666667086,340.2693602693645,0
1491,128,0,1,357,0.0,0.002793296089385475,0.9972067039106145,358,10550,7600,2950,0.7203791469194313,135,76,59,154.26220515262216,0.42126347745802234,0.8296115384740363,0.11076722249680845,4437837.910899689,54768.13244905941,4492606.043348749,1490,1,854.5279329608938,101,257,79,32.61065057203802,0.6044576350093109,36.67279411764708,33705.882352941444,333.72160745486576,0
1492,128,0,0,357,0.0,0.0,1.0,357,9300,6800,2500,0.7311827956989247,118,68,50,156.33343941344077,0.4210030922481352,0.8313857138848615,0.11262284726490872,4441388.989669975,58167.523305619725,4499556.512975595,1491,2,857.8767507002801,104,253,63,32.449128819261404,0.6056839402427638,36.56746031746034,33719.365079365336,324.2246642246667,0
1493,128,1,1,357,0.002793296089385475,0.002793296089385475,0.9972067039106145,358,9900,7100,2800,0.7171717171717171,127,71,56,161.15380662456533,0.42095669739031555,0.8357180777726656,0.1165754283498917,4445850.342935515,61793.141289436906,4507643.484224952,1492,0,856.477653631285,89,269,67,32.18773786521461,0.6070763500931099,36.435185185185176,33736.29629629619,379.05950894714823,0
1494,128,0,0,357,0.0,0.0,1.0,357,9500,6100,3400,0.6421052631578947,129,61,68,160.8196043630017,0.42057099056851205,0.8343863225835644,0.11666639204072489,4448931.699405597,62195.08714728492,4511126.786552882,1493,1,859.8683473389356,90,267,69,32.10375692846495,0.6081932773109244,36.34386446886447,33747.98534798532,374.9776149776147,0
1495,128,0,1,356,0.0,0.0028011204481792717,0.9971988795518207,357,9650,6600,3050,0.6839378238341969,127,66,61,159.79727689892587,0.4200739752829971,0.8330197463600832,0.11633241758241741,4452711.615206868,61256.238185254326,4513967.853392122,1494,2,860.8683473389356,91,266,74,32.0169413919414,0.6093020541549954,36.231884057971,33762.31884057955,371.0144927536214,0
1496,128,0,0,356,0.0,0.0,1.0,356,9750,7200,2550,0.7384615384615385,123,72,51,161.04089693979495,0.4192898731339347,0.8339527036695726,0.11751794821294306,4455276.910625497,62546.35796045741,4517823.268585954,1495,3,864.1011235955057,92,264,75,31.90694515197825,0.6106331928838951,36.15591397849462,33772.04301075262,367.08742402991976,0
1497,128,0,1,355,0.0,0.0028089887640449437,0.9971910112359551,356,10600,7400,3200,0.6981132075471698,138,74,64,164.32984658532288,0.41906436276837056,0.8347906328861374,0.1204161598713168,4459722.704475287,64773.10956790047,4524495.814043188,1496,4,865.1011235955057,95,261,76,31.686397018524605,0.6119791666666667,36.02430555555554,33788.88888888872,355.67251461988127,0
1498,128,0,0,355,0.0,0.0,1.0,355,10400,7500,2900,0.7211538461538461,133,75,58,163.93729941542358,0.4185001724092199,0.834862811844095,0.12041781171135206,4462296.988523273,64907.38349761562,4527204.372020888,1497,5,868.3014084507042,97,258,76,31.619334192094048,0.6133215962441314,35.948129251700664,33798.639455782104,348.4395820183722,0
1499,128,0,0,355,0.0,0.0,1.0,355,8350,6000,2350,0.718562874251497,107,60,47,163.64645273560913,0.4181168934511021,0.8349096492043264,0.12061803147963011,4465968.539304414,66817.981897199,4532786.521201612,1498,6,869.3014084507042,100,255,76,31.516628925415464,0.6145246478873239,35.839521452145206,33812.541254125324,338.12541254125324,0
1500,128,0,0,355,0.0,0.0,1.0,355,8850,6300,2550,0.711864406779661,114,63,51,177.69247000275016,0.4177329513806,0.8485106538645519,0.12279965611204387,4395803.522802742,76370.2371227208,4472173.759925463,1499,7,870.3014084507042,100,255,69,33.26594125903477,0.5956866197183099,37.92285478547853,33545.87458745849,335.4587458745849,8
1501,128,0,0,355,0.0,0.0,1.0,355,9600,6800,2800,0.7083333333333334,124,68,56,174.0483541558054,0.41732646348903213,0.8451185317892369,0.12075781480763534,4400192.374879844,72569.24816335012,4472761.6230431935,1500,8,871.3014084507042,106,249,67,33.22836996608994,0.5970363849765259,37.79205607476632,33562.61682242945,316.6284605889571,0
1502,128,1,0,356,0.0028089887640449437,0.0,1.0,356,10250,7000,3250,0.6829268292682927,135,70,65,154.9726553546085,0.41752947460041145,0.8248052708011488,0.10820596268551097,4407200.444444375,55149.111111108905,4462349.555555484,1501,0,869.8511235955057,124,232,66,33.51659256906953,0.5997776217228464,37.5833333333333,33589.333333332805,270.88172043010326,8
1503,128,1,0,357,0.0028011204481792717,0.0,1.0,357,9450,7100,2350,0.7513227513227513,118,71,47,152.7009519025688,0.41746136656909955,0.8246099993871998,0.10727669574195228,4413969.9652224695,53953.483071765404,4467923.448294235,1502,0,868.4117647058823,96,261,70,33.37166905200031,0.601219654528478,37.381872852233705,33615.12027491444,350.1575028636921,0
1504,128,1,0,358,0.002793296089385475,0.0,1.0,358,10100,7000,3100,0.693069306930693,132,70,62,151.6263617714459,0.41778978816852624,0.8236271812787292,0.10700346375149036,4418926.080780942,52305.13691315532,4471231.217694097,1503,0,866.9832402234637,101,257,72,33.25025910091988,0.6025372439478585,37.23447712418304,33633.98692810493,333.0097715653954,0
1505,128,0,0,358,0.0,0.0,1.0,358,10050,7700,2350,0.7661691542288557,124,77,47,151.54447802831868,0.41771627179735954,0.8217091264274321,0.10735729864532595,4423134.765625056,52410.3298611135,4475545.09548617,1504,1,867.9832402234637,103,255,77,33.12541274558368,0.6034392458100559,37.109375000000036,33650.00000000043,326.69902912621774,0
1506,128,0,0,358,0.0,0.0,1.0,358,10050,6900,3150,0.6865671641791045,132,69,63,148.46264347287192,0.41738650767569596,0.8182946649265666,0.1056607173049294,4428179.0734643,49833.8342035537,4478012.907667853,1505,2,868.9832402234637,105,253,84,33.054343968319216,0.6045740223463687,36.959512578616376,33669.1823899374,320.6588799041657,0
1507,128,0,1,357,0.0,0.002793296089385475,0.9972067039106145,358,8950,5900,3050,0.659217877094972,120,59,61,150.8594021421119,0.417001810035001,0.8204169087739666,0.10772988841766723,4431861.889665169,53167.607010261505,4485029.49667543,1506,3,869.9832402234637,108,250,85,32.880290044547735,0.6058542830540037,36.85015290519881,33683.18042813504,311.88130026050965,0
1508,128,0,0,357,0.0,0.0,1.0,357,11300,8500,2800,0.7522123893805309,141,85,56,150.58380276578904,0.4166469958770025,0.8214271863026066,0.1080965675432319,4437542.871315246,50944.41609977519,4488487.287415022,1507,4,873.1904761904761,111,246,76,32.71639822925501,0.6073762838468721,36.68154761904765,33704.761904762316,303.64650364650737,0
1509,128,0,1,356,0.0,0.0028011204481792717,0.9971988795518207,357,9400,6400,3000,0.6808510638297872,124,64,60,151.30566791404416,0.4166260137013607,0.8224531115210463,0.10903008526942891,4441679.496469043,53610.256574674306,4495289.753043718,1508,5,874.1904761904761,113,244,66,32.572831038349975,0.6085142390289449,36.55884502923979,33720.46783625765,298.4112197898907,0
1510,128,0,0,356,0.0,0.0,1.0,356,9750,6000,3750,0.6153846153846154,135,60,75,153.1853034337019,0.41635279843857154,0.8253616382582789,0.11076941537135036,4445443.270270586,55245.31525074082,4500688.585521326,1509,6,877.438202247191,93,263,68,32.41001100225651,0.6098431647940075,36.44725177304963,33734.75177304946,362.7392663768759,0
1511,128,0,0,356,0.0,0.0,1.0,356,11050,8100,2950,0.7330316742081447,140,81,59,154.12943320619627,0.4160890436250462,0.8271405996590004,0.11187293933925102,4449509.148968893,54910.064635271265,4504419.213604164,1510,7,878.438202247191,94,262,69,32.262773596151945,0.6108380149812733,36.3267543859649,33750.17543859633,359.0444195595354,0
1512,128,0,0,356,0.0,0.0,1.0,356,9200,6300,2900,0.6847826086956522,121,63,58,154.26343441298866,0.4159073824972306,0.8272324959391291,0.11233835575114759,4453042.661576936,56988.330912481586,4510030.992489418,1511,8,879.438202247191,96,260,70,32.15295023680602,0.6117743445692884,36.22207903780066,33763.573883161196,351.70389461626246,0
1513,128,0,0,356,0.0,0.0,1.0,356,10500,7700,2800,0.7333333333333333,133,77,56,152.8709424134041,0.4154022920293295,0.8245355305288016,0.11189321740794099,4458515.054305993,54615.47962322018,4513130.533929213,1512,9,880.438202247191,101,255,74,32.02517411491586,0.613061797752809,36.06004901960782,33784.31372548987,334.4981556979195,0
1514,128,0,0,356,0.0,0.0,1.0,356,10200,7400,2800,0.7254901960784313,130,74,56,152.28617242580748,0.41538316980534895,0.8249274721823685,0.11194989295229328,4463159.240362771,54535.48752834303,4517694.727891114,1513,10,881.438202247191,104,252,77,31.90108569067206,0.6143492509363295,35.92261904761902,33801.90476190445,325.018315018312,0
1515,128,0,0,356,0.0,0.0,1.0,356,10200,7100,3100,0.696078431372549,133,71,62,154.11675840267748,0.4149492931370997,0.828520874385912,0.11373672933450285,4467307.618616696,56297.39379375636,4523605.012410453,1514,11,882.438202247191,105,251,77,31.72815541503935,0.6155196629213483,35.79992138364777,33817.61006289269,322.0724767894542,0
1516,128,0,0,356,0.0,0.0,1.0,356,10550,7400,3150,0.7014218009478673,137,74,63,154.26829235966548,0.41472773909373845,0.829256738614192,0.11424203523615245,4470982.099403077,56196.15472910758,4527178.254132184,1515,12,883.438202247191,109,247,66,31.613842511315713,0.6166315543071161,35.691287878787854,33831.51515151481,310.38087294967715,0
1517,128,1,0,357,0.0028011204481792717,0.0,1.0,357,10000,7300,2700,0.73,127,73,54,171.47606193324933,0.41492547393489226,0.8473339738471879,0.12587072631270374,4461578.508954581,71610.78254430929,4533189.29149889,1516,0,881.9607843137255,97,260,69,31.441894793344076,0.6125408496732025,35.96938775510203,33795.91836734678,348.41152956027605,8
1518,128,0,1,356,0.0,0.0028011204481792717,0.9971988795518207,357,10600,8100,2500,0.7641509433962265,131,81,50,170.4566179900019,0.4146569676559762,0.8459560942690232,0.12551449070511594,4464922.420459849,70215.11507586314,4535137.535535712,1517,1,882.9607843137255,100,257,67,31.368199271118023,0.613532913165266,35.87046204620461,33808.58085808566,338.0858085808566,0
1519,128,0,0,356,0.0,0.0,1.0,356,8100,6000,2100,0.7407407407407407,102,60,42,170.01240239478784,0.4144316743155563,0.845756864547047,0.12548904029545024,4467490.074597349,72605.74405143209,4540095.818648782,1518,2,886.2415730337078,101,255,72,31.3027054101761,0.6146418539325842,35.79452614379083,33818.30065359456,334.8346599365798,0
1520,128,0,0,356,0.0,0.0,1.0,356,11000,8400,2600,0.7636363636363637,136,84,52,170.13339855804327,0.414022854354592,0.8462702351069953,0.12612810827932192,4472140.450361585,69972.09072978218,4542112.541091368,1519,3,887.2415730337078,103,253,70,31.15969485702738,0.6161048689138577,35.65705128205127,33835.89743589729,328.50385860094457,0
1521,128,0,0,356,0.0,0.0,1.0,356,9550,6800,2750,0.7120418848167539,123,68,55,184.56492551929023,0.4141291805137944,0.8535330261136733,0.12285456698676561,4353642.751479244,79955.95003287117,4433598.701512115,1520,4,888.2415730337078,90,266,64,34.368919610855095,0.5798513576779026,39.18269230769228,33384.61538461503,370.940170940167,8
1522,128,0,0,356,0.0,0.0,1.0,356,9550,6300,3250,0.6596858638743456,128,63,65,183.97133282988676,0.4142460568655378,0.8531706800862111,0.12293210845306779,4358018.670729608,79600.10067033005,4437618.7713999385,1521,5,889.2415730337078,95,261,66,34.2509477178538,0.5809925093632959,39.05164930555553,33401.38888888858,351.5935672514587,0
1523,128,0,0,356,0.0,0.0,1.0,356,10250,7200,3050,0.7024390243902439,133,72,61,182.88684844494168,0.41428182861212215,0.8514889729564097,0.12269768397751037,4362555.4822425265,78120.804662707,4440676.286905234,1522,6,890.2415730337078,102,254,68,34.14097200702405,0.5827188670411985,38.91585760517798,33418.770226537104,327.635002220952,0
1524,128,0,0,356,0.0,0.0,1.0,356,9500,7000,2500,0.7368421052631579,120,70,50,187.7579235337655,0.4140127987023263,0.8544044307293375,0.12641738635720107,4366602.620558805,83272.84818664394,4449875.468745449,1523,7,891.2415730337078,106,250,64,33.8904469953909,0.5840063202247191,38.79478193146417,33434.26791277257,315.4176218186092,0
1525,128,0,0,356,0.0,0.0,1.0,356,9250,5900,3350,0.6378378378378379,126,59,67,187.76342675576794,0.41367486284749694,0.8556417408700876,0.12682808579142382,4370228.963048688,83663.83316186532,4453892.7962105535,1524,8,892.2415730337078,107,249,57,33.77982781530284,0.5852352528089888,38.68634259259259,33448.14814814808,312.59951540325306,0
1526,128,0,0,356,0.0,0.0,1.0,356,9500,7100,2400,0.7473684210526316,119,71,48,171.50048078012395,0.4135637561322994,0.8441907053327296,0.11631057730651109,4374763.6505677095,69354.81387435485,4444118.464442064,1525,9,893.2415730337078,113,243,66,34.06693781381425,0.5851182116104869,38.55080409356726,33465.497076023494,296.1548413807389,8
1527,128,0,0,356,0.0,0.0,1.0,356,7950,5000,2950,0.6289308176100629,109,50,59,169.87743949726965,0.41342396608113097,0.8427961511993558,0.11561191723543146,4378676.509446424,69617.67076232005,4448294.1802087445,1526,10,894.2415730337078,86,270,68,33.990490249931355,0.5860545411985019,38.43390804597701,33480.45977011493,389.30767174552244,0
1528,128,0,0,356,0.0,0.0,1.0,356,9800,6200,3600,0.6326530612244898,134,62,72,170.78187704487678,0.41319384000633014,0.8433230466072241,0.11680908222049351,4384268.4139730735,68750.7178413769,4453019.13181445,1527,11,895.2415730337078,90,266,69,33.79701508856333,0.5874005149812733,38.26694139194139,33501.83150183142,372.2425722425713,0
1529,128,2,0,358,0.00558659217877095,0.0,1.0,358,9750,6800,2950,0.6974358974358974,127,68,59,169.9378745299244,0.413717209416355,0.8434643419209564,0.11699757413601967,4391598.184056622,67909.77223761125,4459507.956294233,1528,0,891.2346368715084,94,264,73,33.59669317706157,0.5888617318435754,38.04824561403508,33529.824561403424,356.7002612915258,0
1530,128,0,0,358,0.0,0.0,1.0,358,9550,6400,3150,0.6701570680628273,127,64,63,169.753529405982,0.41350676676629683,0.842133580330531,0.11739479226826792,4396575.887947938,68116.8548560803,4464692.742804019,1529,1,892.2346368715084,98,260,73,33.45058878629732,0.5899965083798883,37.89983164983165,33548.82154882152,342.3349137634849,0
1531,128,1,0,359,0.002785515320334262,0.0,1.0,359,8900,6400,2500,0.7191011235955056,114,64,50,168.1195384917541,0.41355565584102333,0.8396568943008229,0.11667567971130051,4400490.568804254,67261.68871293707,4467752.257517191,1530,0,890.7465181058495,102,257,73,33.37479430217009,0.5911385793871866,37.78317152103559,33563.75404530736,329.05641220889567,0
1532,128,0,1,358,0.0,0.002785515320334262,0.9972144846796658,359,9000,6400,2600,0.7111111111111111,116,64,52,167.60828707720782,0.413385451518028,0.8394816839924135,0.11670789021827642,4404168.595678993,66835.03086419671,4471003.626543189,1531,1,891.7465181058495,107,252,61,33.2768034414295,0.5924152739090065,37.6736111111111,33577.77777777762,313.8110072689497,0
1533,128,0,0,358,0.0,0.0,1.0,358,9700,6900,2800,0.711340206185567,125,69,56,167.91409453235914,0.4132660047259127,0.8413132566508583,0.11740553489702524,4408738.828918996,66757.8776975169,4475496.706616513,1532,2,895.0893854748604,110,248,63,33.1304228642258,0.5934590316573557,37.53753753753753,33595.1951951951,305.4108654108645,0
1534,128,0,0,358,0.0,0.0,1.0,358,8150,5300,2850,0.6503067484662577,110,53,57,170.88459098490054,0.41319558549676855,0.8456208132718939,0.1199254388764766,4412816.541521756,71066.46995787142,4483883.011479627,1533,3,896.0893854748604,86,272,64,32.92903500372379,0.5945647113594041,37.41618773946364,33610.72796934906,390.82241824824484,0
1535,128,0,1,357,0.0,0.002793296089385475,0.9972067039106145,358,9150,6000,3150,0.6557377049180327,123,60,63,171.36793598281528,0.4128659843825799,0.8466409768373426,0.12081870059492077,4417868.675391765,70666.20726900603,4488534.882660772,1534,4,897.0893854748604,88,270,66,32.7634978617249,0.5956703910614525,37.26591760299629,33629.96254681687,382.1586653047371,0
1536,128,0,0,357,0.0,0.0,1.0,357,10250,7500,2750,0.7317073170731707,130,75,55,166.37684168019638,0.4127836527869575,0.840799523856758,0.11773444763288522,4421922.941502,65491.11463206364,4487414.056134064,1535,5,896.484593837535,93,264,70,32.77209808881396,0.5968720821661998,37.145390070922026,33645.390070922476,361.77838785938144,0
1537,128,0,1,356,0.0,0.0028011204481792717,0.9971988795518207,357,8600,6100,2500,0.7093023255813954,111,61,50,167.0103408723713,0.4127489010585508,0.8416216391720015,0.11838423475342293,4423787.355075268,67763.64682360356,4491551.001898872,1536,6,897.484593837535,93,264,71,32.6991131015104,0.5977766106442577,37.089982269503594,33652.48226950409,361.8546480591838,0
1538,128,0,0,356,0.0,0.0,1.0,356,9950,7600,2350,0.7638190954773869,123,76,47,167.3003098946403,0.41207568444374115,0.8410969323622277,0.11897558623517948,4427336.592624144,66988.95679078202,4494325.549414925,1537,7,900.9494382022472,96,260,74,32.58427922042573,0.5988998127340823,36.984536082474264,33665.979381443765,350.68728522337256,0
1539,128,0,2,354,0.0,0.0056179775280898875,0.9943820224719101,356,8850,6400,2450,0.7231638418079096,113,64,49,169.22387139378114,0.4118711096165005,0.8421911729819462,0.12077484520022115,4431237.628813463,69924.2373227252,4501161.866136189,1538,8,901.9494382022472,98,258,71,32.41587691938582,0.5999239232209738,36.868686868686915,33680.80808080867,343.68171511029254,0
1540,128,0,0,354,0.0,0.0,1.0,354,9300,6700,2600,0.7204301075268817,119,67,52,169.2551123713916,0.4111663278970141,0.8414888768499142,0.12113356081482159,4434264.053254523,70004.37212360618,4504268.42537813,1539,9,907.7655367231638,103,251,68,32.323693556570305,0.60140065913371,36.7788461538462,33692.30769230834,327.10978342046934,0
1541,128,0,0,354,0.0,0.0,1.0,354,9750,7000,2750,0.717948717948718,125,70,55,167.26044548083917,0.411058961924425,0.8391020423704996,0.12007303239738255,4437589.312080926,67896.63303993572,4505485.945120862,1540,10,908.7655367231638,107,247,73,32.275870541982655,0.6024599811676083,36.68016975308646,33704.938271605475,314.9994230991166,0
1542,128,0,0,354,0.0,0.0,1.0,354,9350,6600,2750,0.7058823529411765,121,66,55,172.78894448589517,0.4110182828913323,0.848305711382852,0.11690835808932415,4372110.03940704,70940.45577706472,4443050.495184105,1541,11,909.7655367231638,105,249,55,34.113927322630346,0.5823328625235404,38.63011006289307,33455.3459119495,318.6223420185667,8
1543,128,0,0,354,0.0,0.0,1.0,354,9900,7100,2800,0.7171717171717171,127,71,56,173.13891542419313,0.4108799074918776,0.8498243137734032,0.11754047555165963,4375899.510267084,70827.69904258075,4446727.2093096655,1542,12,910.7655367231638,83,271,58,33.9895744411774,0.5836275894538606,38.51686507936509,33469.84126984138,403.2510996366432,0
1544,128,0,0,354,0.0,0.0,1.0,354,10800,8200,2600,0.7592592592592593,134,82,52,169.39473644025279,0.41066734287223317,0.8456752216066064,0.11559794651582093,4381730.842065399,66848.42822875912,4448579.270294158,1543,13,911.7655367231638,88,266,63,33.91035963499732,0.58512829566855,38.342696629213485,33492.134831460695,380.5924412665988,0
1545,128,0,0,354,0.0,0.0,1.0,354,10200,6800,3400,0.6666666666666666,136,68,68,167.212914091194,0.4106199951451908,0.8436092741810999,0.11476133842892494,4388104.169182473,65749.53709294407,4453853.706275417,1544,14,912.7655367231638,90,264,69,33.77404371584701,0.5863641713747646,38.15247252747253,33516.48351648357,372.405372405373,0
1546,128,0,1,353,0.0,0.002824858757062147,0.9971751412429378,354,9500,6800,2700,0.7157894736842105,122,68,54,164.7698851008038,0.41024221363294444,0.8412170175952671,0.11340212576125291,4391230.540166191,64408.51031086426,4455639.050477055,1545,15,913.7655367231638,94,260,71,33.74321514783652,0.5874234934086628,38.05921052631578,33528.42105263147,356.6853303471433,0
1547,128,0,0,353,0.0,0.0,1.0,353,9850,7300,2550,0.7411167512690355,124,73,51,170.04838848479523,0.4103678427332818,0.8461379371397877,0.11271778893849166,4348865.042292595,67453.49843594155,4416318.540728536,1546,16,914.5665722379604,88,265,62,34.89312065972219,0.5747167138810199,39.32584269662918,33366.292134831114,379.16241062308086,8
1548,128,0,0,353,0.0,0.0,1.0,353,9950,7300,2650,0.7336683417085427,126,73,53,171.99411448734682,0.4102310284144562,0.8421570371161553,0.11366151659280672,4345396.244998481,68926.51585103168,4414322.760849513,1547,17,915.5665722379604,94,259,58,34.94817090276609,0.5763692162417375,39.42982456140352,33352.982456140504,354.81896229936706,8
1549,128,1,0,354,0.002824858757062147,0.0,1.0,354,9200,6800,2400,0.7391304347826086,116,68,48,170.65949417234836,0.41059265349999735,0.8421497304130223,0.11325584613255846,4350204.081632652,68480.72562358275,4418684.807256235,1548,0,913.9774011299435,97,257,61,34.836377473363775,0.5776541902071564,39.285714285714285,33371.428571428565,344.0353460972017,0
1550,128,2,1,355,0.0056179775280898875,0.0028089887640449437,0.9971910112359551,356,9000,5700,3300,0.6333333333333333,123,57,66,187.61239733756605,0.411683678852139,0.8581511782943751,0.12485699236871489,4353404.972565128,83150.54869684379,4436555.521261971,1549,0,909.8370786516854,89,267,62,34.29669240555013,0.5760182584269663,39.189814814814795,33383.70370370347,375.09779442363447,8
1551,128,0,0,355,0.0,0.0,1.0,355,9150,6200,2950,0.6775956284153005,121,62,59,189.30610360793452,0.41134817378849364,0.8602567773664567,0.12505177104999465,4344936.886525862,84354.61448211958,4429291.501007982,1550,1,913.3464788732394,81,274,58,34.511105829392314,0.5764084507042253,39.4435975609756,33351.219512195,411.7434507678395,7
1552,128,0,0,355,0.0,0.0,1.0,355,9900,7500,2400,0.7575757575757576,123,75,48,188.54174607770304,0.41128915678629213,0.8595511391023858,0.1250205742694785,4349269.357939221,83103.76778162099,4432373.125720842,1551,2,914.3464788732394,84,271,60,34.398700952739134,0.5774941314553991,39.313725490196056,33367.84313725465,397.2362278244601,0
1553,128,0,0,355,0.0,0.0,1.0,355,10350,7400,2950,0.714975845410628,133,74,59,184.2802315018022,0.4111651547704305,0.8558295459658913,0.1227227924682209,4354177.777777757,79127.77777777673,4433305.555555534,1552,3,915.3464788732394,89,266,63,34.360023961661305,0.5789612676056338,39.16666666666665,33386.6666666665,375.1310861423202,0
1554,128,0,0,355,0.0,0.0,1.0,355,8650,5900,2750,0.6820809248554913,114,59,55,182.22454207466538,0.4112168775364049,0.8538803143435585,0.12154564816732795,4355972.944849098,79103.03503295121,4435075.979882049,1553,4,916.3464788732394,92,263,64,34.35890005151986,0.5797828638497653,39.11290322580644,33393.54838709664,362.9733520336591,0
1555,128,0,1,354,0.0,0.0028169014084507044,0.9971830985915493,355,9400,6900,2500,0.7340425531914894,119,69,50,182.9118610837908,0.411219529985942,0.8522358930081129,0.12241024549453661,4359743.99999999,79089.77777777742,4438833.777777767,1554,5,917.3464788732394,99,256,63,34.22600042571308,0.58125,38.99999999999999,33407.99999999992,337.45454545454464,0
1556,128,2,1,355,0.0056179775280898875,0.0028089887640449437,0.9971910112359551,356,10300,8000,2300,0.7766990291262136,126,80,46,183.29359255191258,0.41203974785039826,0.8488571142146577,0.11824568040441977,4317679.305362677,76780.59027339406,4394459.895636071,1555,0,915.370786516854,88,268,71,35.50134432828646,0.5665379213483146,40.262172284644194,33246.44194756553,377.80047667688103,8
1557,128,0,0,355,0.0,0.0,1.0,355,10900,7400,3500,0.6788990825688074,144,74,70,184.10531153934008,0.4117374207580701,0.8482253996452871,0.11940400574665051,4323845.991074197,77308.6026469691,4401154.593721166,1556,1,918.8732394366198,94,261,72,35.29142937495609,0.5681631455399061,40.076754385964925,33270.17543859665,353.93803658081544,0
1558,128,0,0,355,0.0,0.0,1.0,355,9250,6500,2750,0.7027027027027027,120,65,55,182.75279829554069,0.411795111535503,0.8474738560116051,0.11894246369514316,4327885.841836763,77936.64965986498,4405822.491496627,1557,2,919.8732394366198,97,258,70,35.20296852646638,0.5692488262910798,39.95535714285716,33285.7142857145,343.1516936671598,0
1559,128,1,0,356,0.0028089887640449437,0.0,1.0,356,8400,6100,2300,0.7261904761904762,107,61,46,169.16785648060824,0.41242351110407766,0.8439442159049846,0.1067507508136237,4291933.072267647,65611.42359874761,4357544.495866395,1558,0,918.2865168539325,105,251,67,36.65692673547862,0.5599250936329587,41.03773584905657,33147.16981132025,315.68733153638334,8
1560,128,3,1,358,0.008356545961002786,0.002785515320334262,0.9972144846796658,359,10400,7300,3100,0.7019230769230769,135,73,62,173.43001307084592,0.4135777013533351,0.8515029041807733,0.1103483591497324,4301611.798690783,67005.71809452787,4368617.516785311,1559,0,911.6044568245126,111,248,57,36.249663677130016,0.5619196843082637,40.74590773809521,33184.52380952344,298.9596739596706,0
1561,128,0,0,358,0.0,0.0,1.0,358,9850,7200,2650,0.7309644670050761,125,72,53,172.30708051487323,0.4135586031433058,0.851299459903949,0.1099835641884148,4305329.421027395,66917.74863840299,4372247.169665798,1560,1,914.963687150838,116,242,60,36.16484164034964,0.5632856145251397,40.63390313390312,33198.86039886015,286.19707240396684,0
1562,128,0,0,358,0.0,0.0,1.0,358,9550,6600,2950,0.6910994764397905,125,66,59,172.44524570409394,0.41318401196605276,0.8517674840444842,0.11029666210380748,4307708.585345434,67418.77308430699,4375127.358429741,1561,2,915.963687150838,82,276,60,36.08836832430344,0.5646822625698324,40.562248995983964,33208.032128514344,404.9760015672481,0
1563,128,1,1,358,0.002785515320334262,0.002785515320334262,0.9972144846796658,359,9050,6500,2550,0.7182320441988951,116,65,51,171.6793195665222,0.4135076744318742,0.8496087674933019,0.11028679488953502,4312783.145065448,67233.13515656204,4380016.28022201,1562,0,914.4094707520892,86,273,64,35.952850422028504,0.5660109099350046,40.409482758620726,33227.586206896936,386.3672814755458,0
1564,128,1,1,358,0.002785515320334262,0.002785515320334262,0.9972144846796658,359,10200,7400,2800,0.7254901960784313,130,74,56,173.54750618172787,0.41418687073030297,0.8495564698613756,0.11205216490441774,4318650.068729907,67898.18989992683,4386548.258629834,1563,0,913.9080779944289,92,267,66,35.724782971139476,0.56769382544104,40.232974910394304,33250.17921147001,361.4149914290218,0
1565,128,1,0,359,0.002785515320334262,0.0,1.0,359,9100,5800,3300,0.6373626373626373,124,58,66,168.66353792483343,0.41393075374903393,0.8445669821088042,0.10931928759594257,4323109.043578388,64930.17322495716,4388039.216803345,1564,0,914.866295264624,98,261,71,35.71532191679149,0.5688834726090993,40.098905723905766,33267.3400673406,339.46265374837344,0
1566,128,1,1,359,0.002777777777777778,0.002777777777777778,0.9972222222222222,360,10350,7600,2750,0.7342995169082126,131,76,55,166.67581940868274,0.41458446172495617,0.8427291585634622,0.1083772209660415,4326803.892921155,61884.71685466406,4388688.60977582,1565,0,913.3222222222222,102,258,67,35.65409049656425,0.5703414351851852,39.98786407766993,33281.55339805865,326.2897391966534,0
1567,128,1,0,360,0.002777777777777778,0.0,1.0,360,10000,7200,2800,0.72,128,72,56,166.65268297007208,0.41430123542762815,0.8429023329379188,0.10890559049904838,4332565.157750395,62406.721536353165,4394971.879286748,1566,0,914.2916666666666,107,253,71,35.47875889679719,0.5719907407407407,39.814814814814845,33303.70370370411,311.2495673243375,0
1568,128,1,1,360,0.002770083102493075,0.002770083102493075,0.997229916897507,361,11000,8000,3000,0.7272727272727273,140,80,60,168.20364736507238,0.41452434082281725,0.8460221184932566,0.11051202651375941,4338741.532226531,62758.43013896655,4401499.962365498,1567,0,912.7562326869806,112,249,61,35.24989673688557,0.5737246075715605,39.629424778761084,33327.433628318926,297.56637168141896,0
1569,128,1,0,361,0.002770083102493075,0.0,1.0,361,9800,6800,3000,0.6938775510204082,128,68,60,163.54039023383564,0.4149052272494101,0.8407775570755855,0.10804998858306492,4345132.778677042,60120.9420485348,4405253.720725576,1568,0,912.8975069252077,92,269,64,35.1764783848458,0.5753981994459834,39.437724014336915,33351.971326164836,362.52142745831344,0
1570,128,1,2,360,0.0027624309392265192,0.0055248618784530384,0.994475138121547,362,9700,7100,2600,0.7319587628865979,123,71,52,164.39089941891527,0.4156702912413339,0.8416137238661279,0.10917426252437816,4351023.251969157,60953.725156764805,4411976.977125921,1569,0,911.3729281767955,96,266,67,34.974859280615,0.5770603130755064,39.261168384879724,33374.570446735415,347.65177548682726,0
1571,128,0,1,359,0.0,0.002777777777777778,0.9972222222222222,360,9400,6900,2500,0.7340425531914894,119,69,50,164.650051343863,0.4151941155988858,0.8417119460631828,0.10964308303736912,4354106.803010317,61980.78173446248,4416087.584744779,1570,1,917.4055555555556,97,263,69,34.874205346591154,0.5779803240740741,39.1687925170068,33386.39455782311,344.1896346167331,0
1572,128,1,1,359,0.002777777777777778,0.002777777777777778,0.9972222222222222,360,9400,6400,3000,0.6808510638297872,124,64,60,167.1891406586727,0.4154905601980811,0.8426453835952961,0.11181676235363473,4359020.735881498,64356.18618907252,4423376.92207057,1571,0,917.4138888888889,101,259,67,34.65837572555928,0.5796875,39.021650326797385,33405.22875816993,330.74483918980127,0
1573,128,0,0,359,0.0,0.0,1.0,359,9000,5800,3200,0.6444444444444445,122,58,64,168.1550207013474,0.4153160548388603,0.8424545399861019,0.11295979244279422,4364014.73768287,65966.1977112101,4429980.935394079,1572,1,920.9080779944289,103,256,66,34.48120037589658,0.5808379758588672,38.87219551282052,33424.35897435907,324.5083395568842,0
1574,128,2,2,359,0.00554016620498615,0.00554016620498615,0.9944598337950139,361,10200,7000,3200,0.6862745098039216,134,70,64,168.09968984889758,0.4159100235970042,0.843279557522939,0.11344844539129666,4369261.188271617,64494.29012345718,4433755.478395074,1573,0,916.8005540166205,107,254,54,34.32308970099669,0.5823234072022161,38.715277777777786,33444.44444444453,312.5649013499489,0
1575,128,0,0,359,0.0,0.0,1.0,359,10450,6900,3550,0.6602870813397129,140,69,71,168.64629279563113,0.4154758848031206,0.8444753946146712,0.11408425689116233,4371900.826446286,65210.97337006453,4437111.799816351,1574,3,922.9080779944289,109,250,60,34.2285628019324,0.5833623491179202,38.63636363636364,33454.54545454549,306.9224353628027,0
1576,128,0,1,358,0.0,0.002785515320334262,0.9972144846796658,359,8850,6000,2850,0.6779661016949152,117,60,57,170.68002493219433,0.41550376589222077,0.8502908770546296,0.10869882833299276,4302689.179868222,66226.61929907609,4368915.799167299,1575,4,923.9080779944289,105,254,59,36.28793980165496,0.562180826369545,40.71344339622638,33188.67924528256,316.0826594788815,8
1577,128,0,0,358,0.0,0.0,1.0,358,8950,6300,2650,0.7039106145251397,116,63,53,176.19668133133672,0.4152514357698387,0.85472963148322,0.11257723342205912,4306478.951802758,71207.45990618037,4377686.411708938,1576,7,927.477653631285,80,278,60,36.02872523259467,0.5634892923649907,40.59927983539096,33203.292181070094,415.04115226337615,0
1578,128,1,0,359,0.002785515320334262,0.0,1.0,359,9550,6000,3550,0.6282722513089005,131,60,71,183.31462218503998,0.4157106046694989,0.8595588308182835,0.11635582649188624,4298783.102153258,76255.9600453317,4375039.0621985905,1577,0,925.891364902507,95,264,53,36.08021945432974,0.5606720055710306,40.83116319444444,33173.6111111111,349.1959064327485,7
1579,128,1,1,359,0.002777777777777778,0.002777777777777778,0.9972222222222222,360,9850,7500,2350,0.7614213197969543,122,75,47,181.99283693100782,0.4161996737336222,0.8591520816759493,0.11588905573570173,4302543.868248179,74756.4329205186,4377300.301168697,1578,0,924.3166666666667,100,260,56,35.99907186422698,0.5622395833333333,40.7178217821782,33188.11881188094,331.88118811880935,0
1580,128,0,0,359,0.0,0.0,1.0,359,10750,8200,2550,0.7627906976744186,133,82,51,177.17980496521244,0.41625720369534663,0.8550522727965342,0.11337459196328935,4308219.140625007,70115.8854166671,4378335.026041674,1579,1,927.8272980501392,79,280,63,35.94988959148853,0.5636316155988859,40.54687500000001,33210.00000000006,420.37974683544377,0
1581,128,0,0,359,0.0,0.0,1.0,359,10950,8100,2850,0.7397260273972602,138,81,57,180.74414490673072,0.416357381096881,0.8562917039478246,0.11610285382766525,4312711.246592801,73149.4612990115,4385860.707891813,1580,2,928.8272980501392,82,277,63,35.719739089795645,0.5649663416898794,40.411646586345384,33227.309236947825,405.2110882554613,0
1582,128,0,0,359,0.0,0.0,1.0,359,10300,7200,3100,0.6990291262135923,134,72,62,179.1966028049923,0.4163119932774155,0.8555674689031387,0.11557799147440698,4317432.103037301,72633.83314109978,4390065.936178401,1581,3,929.8272980501392,84,275,65,35.61532745116541,0.5661850046425255,40.26960784313726,33245.49019607849,395.7796451914106,0
1583,128,0,0,359,0.0,0.0,1.0,359,9950,7200,2750,0.7236180904522613,127,72,55,177.37992329721052,0.41629805273286546,0.8537241259650599,0.11485466424520216,4321960.689938158,71575.81113495861,4393536.501073116,1582,4,930.8272980501392,88,271,68,35.523915687069305,0.5677228412256268,40.13342696629215,33262.921348314754,377.98774259448584,0
1584,128,1,0,360,0.002777777777777778,0.0,1.0,360,10150,6800,3350,0.6699507389162561,135,68,67,177.97247427747433,0.4167074499638915,0.8543102613980582,0.11563678422069554,4325947.837901716,71829.92806133241,4397777.765963049,1583,0,929.2388888888889,91,269,68,35.386544435734386,0.5691261574074074,40.01358695652175,33278.26086956533,365.69517439082784,0
1585,128,2,0,362,0.0055248618784530384,0.0,1.0,362,11250,8700,2550,0.7733333333333333,138,87,51,209.13784293130175,0.4176896652433643,0.8725193485135856,0.13421396133171626,4311604.440803415,96693.9304645303,4408298.3712679455,1584,0,925.0994475138122,80,282,57,35.016680704883626,0.5657516114180479,40.444958847736636,33223.045267489826,415.2880658436228,8
1586,128,1,0,363,0.0027548209366391185,0.0,1.0,363,9800,7000,2800,0.7142857142857143,126,70,56,203.53102682964246,0.4182856947171362,0.868658790104275,0.13118094648947093,4316617.3010380855,93313.11034217711,4409930.411380263,1585,0,923.5482093663912,84,279,62,35.00829715615956,0.5672348484848485,40.29411764705884,33242.35294117665,395.7422969187696,0
1587,128,0,0,363,0.0,0.0,1.0,363,10600,7600,3000,0.7169811320754716,136,76,60,202.58861162855453,0.4181873988503823,0.8669499523685418,0.13115684856644585,4321779.012345715,91908.64197531044,4413687.654321026,1586,1,924.5482093663912,89,274,65,34.87439871726353,0.5688131313131313,40.138888888888914,33262.2222222225,373.73283395755624,0
1588,128,0,0,363,0.0,0.0,1.0,363,10650,7100,3550,0.6666666666666666,142,71,71,202.3552147757293,0.4179784408626699,0.8655458378428837,0.13154735910081547,4326544.445650107,91849.7661072544,4418394.211757362,1587,2,925.5482093663912,95,268,64,34.73433631026908,0.5702766299357209,39.99565972222224,33280.55555555579,350.321637426903,0
1589,128,0,0,363,0.0,0.0,1.0,363,9600,6700,2900,0.6979166666666666,125,67,58,201.10514859867476,0.4179701966932002,0.8643335108659909,0.1310603260799022,4329411.971850988,91933.40758879685,4421345.379439785,1588,3,926.5482093663912,98,265,65,34.67895815634402,0.5714818640955004,39.909511784511814,33291.582491582834,339.7100254243146,0
1590,128,1,1,363,0.0027472527472527475,0.0027472527472527475,0.9972527472527473,364,10150,6500,3650,0.6403940886699507,138,65,73,203.2132700874514,0.41816028037618946,0.8686297350206529,0.13330421225575229,4336939.744617068,93314.74153517584,4430254.486152244,1589,0,925.0,103,261,53,34.39351673720663,0.5730025183150182,39.68349358974361,33320.512820513126,323.50012447100124,0
1591,128,0,0,363,0.0,0.0,1.0,363,9400,6500,2900,0.6914893617021277,123,65,58,202.23999999999853,0.41809703006965687,0.8687603305785117,0.13305263157894728,4340277.777777806,93555.55555555658,4433833.333333363,1590,1,924.5013774104683,109,254,56,34.316666666666706,0.5744949494949495,39.58333333333335,33333.333333333554,305.81039755351884,0
1592,128,0,0,363,0.0,0.0,1.0,363,10200,7600,2600,0.7450980392156863,128,76,52,204.04465484307642,0.41795592793834885,0.8695496034385286,0.13454572725084238,4342882.3350694105,94428.3854166649,4437310.720486076,1591,2,925.5013774104683,79,284,58,34.18995134792894,0.5757001836547291,39.50520833333331,33343.333333333074,422.0675105485199,0
1593,128,0,0,363,0.0,0.0,1.0,363,10150,7200,2950,0.7093596059113301,131,72,59,203.54271103521907,0.41775331161945933,0.8681126036497944,0.1349312938716912,4348962.673611098,94289.93055555492,4443252.604166653,1592,3,926.5013774104683,83,280,62,34.01702464202466,0.5769341138659321,39.32291666666666,33366.66666666656,402.0080321285128,0
1594,128,0,0,363,0.0,0.0,1.0,363,9800,7000,2800,0.7142857142857143,126,70,56,205.08226771892186,0.41790075541959015,0.8691623187170832,0.13641106908421666,4352802.950919402,96136.54002163257,4448939.490941035,1593,4,927.5013774104683,85,278,64,33.85946426083318,0.5782254361799817,39.20784883720929,33381.3953488371,392.7222982216129,0
1595,128,1,1,363,0.0027472527472527475,0.0027472527472527475,0.9972527472527473,364,11150,7800,3350,0.6995515695067265,145,78,67,203.47522027101058,0.41804628452355724,0.8677363382444268,0.13621324498636506,4360088.264860428,93483.98401870491,4453572.248879133,1594,0,925.9505494505495,92,272,63,33.67878241714229,0.5800709706959707,38.9896953405018,33409.31899641582,363.144771700172,0
1596,128,0,0,363,0.0,0.0,1.0,363,9900,7400,2500,0.7474747474747475,124,74,50,201.99490856280778,0.4176486740838825,0.8670844105976492,0.13588645749320213,4365632.987316731,93867.1272183636,4459500.114535095,1595,1,929.4710743801653,95,268,65,33.54815814984074,0.581095041322314,38.823784722222214,33430.55555555546,351.90058479532064,0
1597,128,0,0,363,0.0,0.0,1.0,363,10750,7400,3350,0.6883720930232559,141,74,67,198.72808389848052,0.4174473260987575,0.8652012197886543,0.13423549618063985,4370238.545512968,90347.8264658149,4460586.371978783,1596,2,930.4710743801653,100,263,53,33.49301416900185,0.5825585399449036,38.68605610561056,33448.18481848185,334.48184818481855,0
1598,128,0,1,362,0.0,0.0027548209366391185,0.9972451790633609,363,8900,6600,2300,0.7415730337078652,112,66,46,195.01262457539363,0.4175497440502463,0.8623744834177851,0.13209345702370964,4373377.321142412,89072.75793089654,4462450.079073308,1597,3,931.4710743801653,102,261,55,33.494451537191765,0.5835915977961432,38.59223300970873,33460.19417475717,328.0411193603644,0
1599,128,0,0,362,0.0,0.0,1.0,362,9750,7600,2150,0.7794871794871795,119,76,43,210.48047612135255,0.41741243374501974,0.8723623776875462,0.1343836886005561,4305625.000000009,99100.00000000055,4404725.00000001,1598,9,935.0359116022099,94,268,58,35.165662650602435,0.5624424493554327,40.62500000000001,33200.00000000007,353.1914893617029,8
1600,128,1,0,363,0.0027548209366391185,0.0,1.0,363,10450,7700,2750,0.7368421052631579,132,77,55,202.90467967998381,0.4177701170418398,0.8720944426362947,0.13085423328068851,4317299.569765037,92150.05725714249,4409449.62702218,1599,0,933.4573002754821,82,281,59,35.00362406378356,0.5664026629935721,40.273594377510065,33244.97991967897,405.4265843863289,7
1601,128,1,0,364,0.0027472527472527475,0.0,1.0,364,9650,6500,3150,0.6735751295336787,128,65,63,199.20434695597334,0.41808254876436696,0.8696305537440807,0.1289836260839045,4321938.315644258,89739.77995038424,4411678.095594642,1600,0,931.8901098901099,86,278,62,34.95745791866325,0.56805173992674,40.134099616858265,33262.83524904243,386.7771540586329,0
1602,128,0,0,364,0.0,0.0,1.0,364,10050,7100,2950,0.7064676616915423,130,71,59,197.6467116526748,0.41796981427663243,0.8686941322678756,0.12836633798915942,4325465.2190380385,88132.79538217859,4413598.014420217,1601,1,932.8901098901099,88,276,61,34.889830572063154,0.5692250457875458,40.028089887640476,33276.40449438232,378.1409601634354,0
1603,128,0,0,364,0.0,0.0,1.0,364,10950,7900,3050,0.7214611872146118,140,79,61,200.67646853945934,0.41792219775174316,0.8699742914305237,0.13084566412115328,4329981.693367739,90035.08701311158,4420016.780380851,1602,2,933.8901098901099,90,274,61,34.67265179187024,0.5705986721611722,39.892399267399306,33293.77289377333,369.9308099308148,0
1604,128,1,1,364,0.0027397260273972603,0.0027397260273972603,0.9972602739726028,365,9900,7000,2900,0.7070707070707071,128,70,58,196.02386118178202,0.4182535501028652,0.866875636816482,0.12821020109727502,4333559.949127115,86996.23077812683,4420556.179905242,1603,0,932.3287671232877,92,273,53,34.684110278925644,0.5719463470319635,39.78494623655917,33307.526881720805,362.0383356708783,0
1605,128,1,0,365,0.0027397260273972603,0.0,1.0,365,10050,6800,3250,0.6766169154228856,133,68,65,197.20531844535927,0.418412238446485,0.8679125200961939,0.12950234606189032,4338173.655749465,88052.18345067026,4426225.839200135,1604,0,933.3260273972603,98,267,57,34.51215446168773,0.5733732876712329,39.64646464646468,33325.25252525293,340.0535971964585,0
1606,128,0,0,365,0.0,0.0,1.0,365,10200,7200,3000,0.7058823529411765,132,72,60,199.81791984394977,0.4185696723367956,0.8695560093365273,0.13186901151271194,4343839.7618525755,90395.40506976368,4434235.166922339,1605,1,934.3260273972603,77,288,59,34.270769257056934,0.5747431506849314,39.47649572649572,33347.008547008496,433.07803307803243,0
1607,128,1,0,366,0.00273224043715847,0.0,1.0,366,8650,6500,2150,0.7514450867052023,108,65,43,199.28885739536437,0.4188033348304514,0.8703871413442001,0.1319712845606084,4347752.864124333,91441.74010575192,4439194.604230084,1606,0,932.7704918032787,78,288,60,34.1648960388526,0.5760758196721312,39.35917721518987,33362.02531645564,427.7182732878928,0
1608,128,0,0,366,0.0,0.0,1.0,366,8150,5800,2350,0.7116564417177914,105,58,47,199.29313949578204,0.4187372121166754,0.8698340062518211,0.13225105783954086,4350142.773374637,92040.7221121431,4442183.49548678,1607,1,933.7704918032787,80,286,61,34.091731202420284,0.5771004098360656,39.2875514403292,33371.19341563772,417.13991769547147,0
1609,128,0,1,365,0.0,0.00273224043715847,0.9972677595628415,366,11050,8100,2950,0.7330316742081447,140,81,59,197.6838170210373,0.4188226726052349,0.8681987358900216,0.13177085630399424,4355229.262439125,87941.66892013534,4443170.93135926,1608,2,934.7704918032787,85,281,64,33.978298973858905,0.5786942167577414,39.13517441860463,33390.69767441836,392.8317373460984,0
1610,128,1,0,366,0.00273224043715847,0.0,1.0,366,11200,8100,3100,0.7232142857142857,143,81,62,198.2826106505961,0.41914205778875663,0.868538053700975,0.13259134719483315,4358842.410253052,88456.53050390056,4447298.940756952,1609,0,935.2704918032787,87,279,64,33.85234763611072,0.5800603369763206,39.026988636363605,33404.54545454509,383.9602925809781,0
1611,128,0,1,365,0.0,0.00273224043715847,0.9972677595628415,366,9900,7800,2100,0.7878787878787878,120,78,42,199.05205667664362,0.4190576889487736,0.862995826999134,0.13003857874355185,4332214.74707803,89367.25107415629,4421581.998152187,1610,1,936.2704918032787,98,268,64,34.64650651784152,0.5701844262295082,39.82533670033674,33302.356902357424,339.81996839140226,8
1612,128,0,1,364,0.0,0.0027397260273972603,0.9972602739726028,365,9150,6600,2550,0.7213114754098361,117,66,51,197.4466716247457,0.4186646971749712,0.8623886979582649,0.12936056228864595,4335513.290828368,89056.53381178399,4424569.824640152,1611,5,939.8328767123288,101,264,58,34.58728975385184,0.5712614155251141,39.72630718954252,33315.03267973898,329.85180871028695,0
1613,128,0,0,364,0.0,0.0,1.0,364,9350,6700,2650,0.7165775401069518,120,67,53,195.81843287028263,0.41836257177166264,0.8601987247238629,0.1285337443904751,4337657.628258416,87728.66381867966,4425386.292077096,1612,6,943.1126373626373,105,259,59,34.564050782626225,0.5724015567765568,39.661949685534616,33323.27044025189,317.3644803833513,0
1614,128,0,0,364,0.0,0.0,1.0,364,10100,7300,2800,0.7227722772277227,129,73,56,194.03891594772278,0.41826891542800637,0.8590293684349266,0.12807802404320417,4344043.654537823,85682.7043112203,4429726.358849043,1613,7,944.1126373626373,82,282,65,34.41509305200958,0.573889652014652,39.47038152610441,33347.79116465858,406.68038005681194,0
1615,128,2,1,365,0.00546448087431694,0.00273224043715847,0.9972677595628415,366,9950,7300,2650,0.7336683417085427,126,73,53,190.2508165187378,0.4184954899318811,0.8571162923404225,0.12625110677388357,4350147.6501520835,82373.8284837003,4432521.478635784,1614,0,939.948087431694,87,279,67,34.327326901248576,0.5752219945355191,39.2874053030303,33371.21212121208,383.5771508185296,0
1616,128,0,0,365,0.0,0.0,1.0,365,10150,7200,2950,0.7093596059113301,131,72,59,189.77995104037421,0.4184552034723268,0.8563488515456243,0.1264186355786109,4354476.946596269,82128.48434629582,4436605.430942564,1615,1,943.0082191780822,92,273,67,34.20744231650064,0.5764269406392695,39.157706093189965,33387.8136200717,362.911017609475,0
1617,128,0,0,365,0.0,0.0,1.0,365,9250,6700,2550,0.7243243243243244,118,67,51,187.82847495546352,0.41870389884088516,0.8543430486978469,0.1254495955048889,4357476.9133571945,81441.64865790456,4438918.562015099,1616,2,944.0082191780822,96,269,69,34.16682100035669,0.5775399543378996,39.067869415807564,33399.31271477668,347.9095074455904,0
1618,128,0,0,365,0.0,0.0,1.0,365,10150,7600,2550,0.7487684729064039,127,76,51,187.60952215888034,0.41889739826383665,0.854853676768055,0.12585246481216963,4362432.885054902,80536.78980306751,4442969.674857969,1617,3,945.0082191780822,101,264,65,34.02140784927308,0.5787956621004566,38.919526143790854,33418.30065359484,330.87426389697856,0
1619,128,0,1,364,0.0,0.0027397260273972603,0.9972602739726028,365,9550,6800,2750,0.7120418848167539,123,68,55,185.99982283643854,0.41872930152039745,0.8532603905256904,0.12514227794058114,4365778.086419775,79856.79012345782,4445634.876543233,1618,4,946.0082191780822,104,261,68,33.96149073827883,0.5799086757990868,38.81944444444446,33431.111111111284,321.4529914529931,0
1620,128,1,0,365,0.0027397260273972603,0.0,1.0,365,10450,7700,2750,0.7368421052631579,132,77,55,170.45568923906032,0.41890147523709165,0.840197820988317,0.11078398187859334,4326272.78380986,64037.56184010089,4390310.345649961,1619,0,946.9671232876713,108,257,70,35.5720398686564,0.5684646118721461,40.00382262996944,33279.51070336424,308.14361762374295,8
1621,128,1,0,366,0.00273224043715847,0.0,1.0,366,9400,6900,2500,0.7340425531914894,119,69,50,186.26489123991493,0.4191247473613295,0.8606222270904311,0.11652087427664931,4281685.830248483,76905.54909894287,4358591.379347426,1620,0,945.3770491803278,87,279,62,36.52926830198463,0.5544171220400729,41.34706439393938,33107.57575757557,380.54684778822497,8
1622,128,1,0,367,0.0027247956403269754,0.0,1.0,367,10150,7400,2750,0.729064039408867,129,74,55,183.34253159843882,0.4196405528009807,0.8591959110829777,0.11510204420566197,4285885.770975035,73607.02947845696,4359492.8004534915,1621,0,943.7983651226158,90,277,65,36.475704427832085,0.5557731607629428,41.22023809523808,33123.80952380935,368.0423280423261,0
1623,128,0,1,366,0.0,0.0027247956403269754,0.997275204359673,367,10200,7300,2900,0.7156862745098039,131,73,58,182.39555518879686,0.41966071579239933,0.8584132789797705,0.11499353060687503,4290867.701400903,72927.03932773734,4363794.74072864,1622,1,944.7983651226158,95,272,63,36.347108145106034,0.5570787920072662,41.06987847222219,33143.05555555522,348.87426900584444,0
1624,128,2,0,368,0.005434782608695652,0.0,1.0,368,9250,6300,2950,0.6810810810810811,122,63,59,182.46185385791364,0.4197993178138451,0.8633112088272461,0.11778207866754196,4318397.3548910525,74738.55741370725,4393135.91230476,1623,0,943.125,83,285,64,35.50095677980939,0.5640285326086957,40.24057539682541,33249.20634920652,400.59284758080145,8
1625,128,1,1,368,0.0027100271002710027,0.0027100271002710027,0.997289972899729,369,9950,6600,3350,0.6633165829145728,133,66,67,181.4324141926413,0.42014993519500415,0.8625685399444853,0.11770071368119979,4324142.930112384,73157.93822486671,4397300.868337251,1624,0,941.5663956639567,85,284,64,35.35181733457594,0.5655205510388437,40.06782945736435,33271.317829457446,391.42726858185233,0
1626,128,0,0,368,0.0,0.0,1.0,368,9550,6700,2850,0.7015706806282722,124,67,57,179.55957298406386,0.4199020529755558,0.8605692061674926,0.11706939266223884,4329907.2239103895,72345.25843719247,4402252.482347582,1625,1,945.116847826087,86,282,66,35.2241952065304,0.5666893115942029,39.894636015325666,33293.48659003827,387.133565000445,0
1627,128,1,0,369,0.0027100271002710027,0.0,1.0,369,9750,7000,2750,0.717948717948718,125,70,55,177.57386187692242,0.42017080043988847,0.860125413918108,0.11639342989653442,4336034.987997243,70443.29561042458,4406478.283607667,1626,0,943.5528455284552,89,280,58,35.088589606770725,0.568287037037037,39.71064814814814,33317.037037036935,374.348730753224,0
1628,128,0,0,369,0.0,0.0,1.0,369,9600,7100,2500,0.7395833333333334,121,71,50,175.20256698554365,0.42025548878677194,0.8581771338193427,0.11518892611588118,4339522.979678625,68659.11310648957,4408182.092785114,1627,1,944.5528455284552,91,278,61,35.04380815723105,0.5693315266485999,39.605978260869556,33330.43478260859,366.2685140945999,0
1629,128,0,0,369,0.0,0.0,1.0,369,8950,6100,2850,0.6815642458100558,118,61,57,176.25113229871195,0.4203091861081654,0.8591779637320449,0.1162985270650569,4343665.972635315,70365.20920087124,4414031.181836186,1628,2,945.5528455284552,81,288,61,34.890042910083835,0.5706018518518519,39.48170731707315,33346.341463414465,411.68322794338843,0
1630,128,0,0,369,0.0,0.0,1.0,369,10700,8300,2400,0.7757009345794392,131,83,48,177.93645028049468,0.42010360207768743,0.8608994983011617,0.11788076988438854,4348229.87734067,70241.71787551724,4418471.595216187,1629,3,946.5528455284552,82,287,61,34.70687482947339,0.5719568654019873,39.344879518072275,33363.8554216866,406.87628563032445,0
1631,128,0,1,368,0.0,0.0027100271002710027,0.997289972899729,369,10200,7600,2600,0.7450980392156863,128,76,52,176.13662972250407,0.41988697174109424,0.8589536772796931,0.11711430160689594,4352380.460169133,69322.7251048531,4421703.185273986,1630,4,947.5528455284552,88,281,61,34.627223493858736,0.5734247967479675,39.2205056179775,33379.77528089858,379.31562819202935,0
1632,128,1,0,369,0.0027100271002710027,0.0,1.0,369,9950,7200,2750,0.7236180904522613,127,72,55,188.3536478416132,0.41986672017988297,0.8644867244180146,0.11845548717996748,4287949.379544521,77780.18147947938,4365729.561024,1631,0,945.6612466124661,85,284,68,36.28256122289815,0.5542570009033423,41.15794573643412,33131.7829457366,389.7856817145483,8
1633,128,0,1,368,0.0,0.0027100271002710027,0.997289972899729,369,12050,9100,2950,0.7551867219917012,150,91,59,189.22664341847846,0.42010851154707196,0.8649241724169798,0.11935629245000362,4291419.144375867,76560.16803840923,4367979.312414276,1632,1,946.6612466124661,89,280,64,36.15327813286849,0.5557531616982836,41.05324074074075,33145.18518518526,372.4178110694973,0
1634,128,1,0,369,0.0027100271002710027,0.0,1.0,369,9100,6100,3000,0.6703296703296703,121,61,60,189.1029755293167,0.4202376919602529,0.8644387738951029,0.1197246812917113,4295801.662049829,79569.77531547993,4375371.437365309,1633,0,945.6178861788618,94,275,66,36.021792647141744,0.5568541102077688,40.921052631578924,33162.10526315764,352.78835386337914,0
1635,128,1,0,370,0.002702702702702703,0.0,1.0,370,11150,8400,2750,0.7533632286995515,139,84,55,191.89749086944857,0.4204652823555262,0.863644752230255,0.11857764399067443,4267123.738073208,78620.0677131404,4345743.805786349,1634,0,944.0594594594595,94,276,59,36.83224340736335,0.5485923423423423,41.787280701754355,33051.228070175086,351.60880925718175,8
1636,128,1,0,371,0.0026954177897574125,0.0,1.0,371,12450,8700,3750,0.6987951807228916,162,87,75,194.38866576767407,0.4209419999514339,0.8659518218997111,0.12083169871172321,4274163.695721827,79519.79561679874,4353683.4913386265,1635,0,942.5121293800539,78,293,63,36.550865690426406,0.5505952380952381,41.57436708860759,33078.48101265813,424.08308990587346,0
1637,128,2,0,373,0.005361930294906166,0.0,1.0,373,11400,8000,3400,0.7017543859649122,148,80,68,195.11933140960417,0.42154063007485565,0.8664648808657984,0.12191112622881453,4280245.842808987,81031.74142352564,4361277.584232513,1636,0,938.4530831099196,82,291,65,36.34459218997703,0.552362600536193,41.390562248995984,33102.00803212851,403.68302478205504,0
1638,128,2,0,375,0.005333333333333333,0.0,1.0,375,10150,6700,3450,0.6600985221674877,136,67,69,192.26241734053002,0.4218137254901961,0.86500572246066,0.12107336010903608,4289501.234567884,79791.97530864127,4369293.209876525,1637,0,934.4426666666667,89,286,67,36.13365075107296,0.5541666666666667,41.1111111111111,33137.77777777764,372.3345817727825,0
1639,128,1,0,376,0.0026595744680851063,0.0,1.0,376,9100,6800,2300,0.7472527472527473,114,68,46,190.03399644900904,0.4222174940898345,0.8634156002605753,0.12006410201876698,4293362.238409051,78876.95687362648,4372239.195282677,1638,0,932.9547872340426,92,284,71,36.072640979069355,0.5552415780141844,40.99462365591397,33152.6881720429,360.3553062178576,0
1640,128,1,0,377,0.002652519893899204,0.0,1.0,377,10400,7200,3200,0.6923076923076923,136,72,64,197.1879323726276,0.4224258446676825,0.8662052262327169,0.1251231821675826,4298423.152970652,83719.43479938155,4382142.587770034,1639,0,931.4774535809019,95,282,67,35.731731144978475,0.5568910256410257,40.84201388888887,33172.22222222201,349.18128654970536,0
1641,128,0,1,376,0.0,0.002652519893899204,0.9973474801061007,377,9000,5700,3300,0.6333333333333333,123,57,66,202.75024402881743,0.4225792816562259,0.8689769401366758,0.12917998015380922,4303204.506944421,90095.15277777684,4393299.659722198,1640,1,932.4774535809019,99,278,58,35.44056059936525,0.5578857206012379,40.69791666666665,33190.66666666648,335.2592592592574,0
1642,128,0,1,375,0.0,0.0026595744680851063,0.9973404255319149,376,9850,6700,3150,0.6802030456852792,130,67,63,204.86907387094092,0.4221625295508274,0.8712208154071166,0.13128748045813096,4309949.001736134,91545.05208333462,4401494.053819469,1641,3,935.9547872340426,79,297,61,35.178332497073114,0.559230939716312,40.494791666666686,33216.666666666846,420.4641350210993,0
1643,128,0,0,375,0.0,0.0,1.0,375,11000,7500,3500,0.6818181818181818,145,75,70,201.3726734762794,0.4220819964349376,0.8702859548953226,0.12266440691809882,4250039.941406233,85168.38107638809,4335208.322482621,1642,5,939.4426666666667,79,296,66,37.11540809795695,0.5396944444444445,42.304687499999986,32984.99999999987,417.5316455696186,8
1644,128,3,0,378,0.007936507936507936,0.0,1.0,378,9750,6300,3450,0.6461538461538462,132,63,69,193.9376417873753,0.4239001340294444,0.8649229707776491,0.11873813779842089,4256130.805459426,79734.79430988003,4335865.599769305,1643,0,932.978835978836,84,294,69,37.118836034152295,0.5414186507936508,42.12009803921568,33008.62745098029,392.9598506069082,0
1645,128,2,1,379,0.005263157894736842,0.002631578947368421,0.9973684210526316,380,8300,5200,3100,0.6265060240963856,114,52,62,188.70695938153335,0.424475767254548,0.8616535017693248,0.11625586120586952,4263544.257939871,76612.09462088603,4340156.352560758,1644,0,929.0631578947368,90,290,72,37.02499482585299,0.5430921052631579,41.8956043956044,33037.362637362705,367.0818070818078,0
1646,128,2,1,380,0.005249343832020997,0.0026246719160104987,0.9973753280839895,381,11500,8400,3100,0.7304347826086957,146,84,62,188.93080124869866,0.42528462725054106,0.8629243925154513,0.11713709677419362,4271111.111111128,73688.88888888969,4344800.000000018,1645,0,926.3674540682415,82,299,61,36.78595430107528,0.5451115485564304,41.66666666666668,33066.666666666795,403.2520325203268,0
1647,128,2,2,380,0.005235602094240838,0.005235602094240838,0.9947643979057592,382,10900,7700,3200,0.7064220183486238,141,77,64,217.0050082530799,0.42603209039315115,0.8781082073057731,0.13507536887205482,4275790.032430689,98273.57025521153,4374063.6026859,1646,0,924.937172774869,80,302,57,35.91617327561901,0.5485111256544503,41.52520576131687,33084.77366255141,413.5596707818926,8
1648,128,0,1,379,0.0,0.002631578947368421,0.9973684210526316,380,12350,9300,3050,0.7530364372469636,154,93,61,218.7563627211623,0.4253729227422118,0.878793269280493,0.13659523066110363,4279516.326260822,98884.28514772962,4378400.611408551,1647,1,930.7894736842105,81,299,58,35.755837754634214,0.5498355263157895,41.41260162601626,33099.18699186991,408.63193817123346,0
1649,128,0,0,379,0.0,0.0,1.0,379,11500,8900,2600,0.7739130434782608,141,89,52,219.1964470571242,0.4251252367457293,0.8784023886105055,0.1375783384759052,4285605.71087292,100577.90906221239,4386183.619935133,1648,2,934.1583113456464,87,292,59,35.55651807633074,0.5517260334212841,41.22869318181817,33122.72727272717,380.72100313479507,0
1650,128,0,1,378,0.0,0.002638522427440633,0.9973614775725593,379,8950,5700,3250,0.6368715083798883,122,57,65,219.08070019907922,0.42535180299032543,0.8768132990668895,0.13804679998490807,4290226.654392432,103231.17189140816,4393457.82628384,1649,3,935.1583113456464,91,288,59,35.41698553956938,0.5532102022867194,41.089221014492736,33140.57971014472,364.1821946169749,0
1651,128,1,0,379,0.002638522427440633,0.0,1.0,379,10350,8100,2250,0.782608695652174,126,81,45,215.9309340475723,0.42551322053300944,0.8760239747501655,0.13686942344359906,4297167.278117285,99428.26882450531,4396595.546941791,1650,0,935.8364116094987,93,286,61,35.284670843490304,0.5551066402814424,40.879875886524815,33167.37588652472,356.63845039273895,0
1652,128,0,2,377,0.0,0.005277044854881266,0.9947229551451188,379,11200,8700,2500,0.7767857142857143,137,87,50,216.36607711666645,0.42552863518122974,0.8772291999457682,0.13771132956725593,4301985.418590318,99160.74176669687,4401146.160357015,1651,1,936.8364116094987,94,285,53,35.12502643264959,0.5564533861037819,40.73464912280701,33185.96491228057,353.0421799178784,0
1653,128,0,0,377,0.0,0.0,1.0,377,9700,6800,2900,0.7010309278350515,126,68,58,217.6496916738343,0.4250636675320278,0.8786875501582838,0.13887602915758948,4304911.971103307,102292.55263872622,4407204.523742033,1652,2,942.7533156498673,96,281,56,35.00165624611815,0.5575541556145005,40.646477663230236,33197.250859106454,345.8046964490256,0
1654,128,1,0,378,0.0026455026455026454,0.0,1.0,378,11200,7900,3300,0.7053571428571429,145,79,66,214.12942655775998,0.4256931871874401,0.8765770894478611,0.13724172367716383,4310117.51325875,97784.59830213117,4407902.111560881,1653,0,941.2566137566138,76,302,61,34.93283984083131,0.5591380070546736,40.48971861471862,33217.31601731604,437.0699475962637,0
1655,128,0,1,377,0.0,0.0026455026455026454,0.9973544973544973,378,11250,7900,3350,0.7022222222222222,146,79,67,214.3761334502277,0.42562769286907215,0.8760925833368725,0.13760285765319125,4311834.502155023,98020.88172985672,4409855.38388488,1654,1,942.2566137566138,77,301,62,34.87364512588324,0.5602402998236331,40.438034188034194,33223.93162393168,431.47963147963225,0
1656,128,0,0,377,0.0,0.0,1.0,377,11050,8400,2650,0.7601809954751131,137,84,53,211.5087649060592,0.42548547228022654,0.8745230428800401,0.13638668633597645,4317160.493827171,96173.45679012386,4413333.950617295,1655,2,945.6763925729443,80,297,63,34.78442513368984,0.5616158267020336,40.277777777777786,33244.444444444525,415.55555555555657,0
1657,128,0,1,376,0.0,0.002652519893899204,0.9973474801061007,377,9200,6400,2800,0.6956521739130435,120,64,56,210.19207608852412,0.42562097889271405,0.8747937483614618,0.13616559507976653,4322511.443254676,97111.53083482053,4419622.974089496,1656,3,946.6763925729443,81,296,66,34.654332453481935,0.5629697170645447,40.11686991869919,33265.040650406496,410.67951420254934,0
1658,128,2,0,378,0.005291005291005291,0.0,1.0,378,10400,7600,2800,0.7307692307692307,132,76,56,208.53795269527077,0.42581555045635505,0.8735845324630362,0.13582167527718111,4328711.419753101,94540.12345679093,4423251.543209892,1657,0,945.1349206349206,86,292,67,34.507120605251444,0.564566798941799,39.930555555555564,33288.888888889,387.0801033591744,0
1659,128,1,0,379,0.002638522427440633,0.0,1.0,379,11100,8300,2800,0.7477477477477478,139,83,56,204.186248624399,0.4262606855504833,0.8707964454609678,0.1336000467106936,4334000.498277277,90088.66065590404,4424089.15893318,1658,0,943.6385224274406,93,286,55,34.4582162273418,0.5660180299032542,39.77171985815605,33309.21985815624,358.16365438877676,0
1660,128,0,1,378,0.0,0.002638522427440633,0.9973614775725593,379,10750,8000,2750,0.7441860465116279,135,80,55,204.96390250550195,0.42609141526247946,0.8718992028626307,0.1344701563424136,4337089.587961081,91239.36149289849,4428328.94945398,1659,1,944.6385224274406,97,282,57,34.343355722510324,0.5671448988566403,39.678996598639486,33321.08843537451,343.5163756224177,0
1661,128,1,0,379,0.002638522427440633,0.0,1.0,379,10400,7300,3100,0.7019230769230769,135,73,62,202.55596718606165,0.4264366452141298,0.8714742651062344,0.13351991010355202,4342503.846610383,89720.01333187046,4432223.859942254,1660,0,945.0343007915567,77,302,62,34.240312313082086,0.5683817062445031,39.5165598290598,33341.88034188008,433.01143301142963,0
1662,128,0,0,379,0.0,0.0,1.0,379,12300,8900,3400,0.7235772357723578,157,89,68,198.23486581548522,0.42653698584877126,0.8691288504381707,0.13143708178996885,4349174.608781105,84331.60899596609,4433506.217777071,1661,1,946.0343007915567,81,298,64,34.148910465701796,0.5698658751099384,39.316565040650374,33367.479674796414,411.9441935160051,0
1663,128,0,1,378,0.0,0.002638522427440633,0.9973614775725593,379,11050,7700,3350,0.6968325791855203,144,77,67,198.02917328531726,0.4266146407747111,0.8700194659080687,0.1318982150374708,4354343.38781805,85607.40425799754,4439950.7920760475,1662,2,947.0343007915567,83,296,65,33.996347183924414,0.5712401055408971,39.16170634920632,33387.30158730127,402.2566456301358,0
1664,128,2,0,380,0.005263157894736842,0.0,1.0,380,11500,7900,3600,0.6869565217391305,151,79,72,198.6406656213005,0.4271089374160996,0.87159296295073,0.13321944339593184,4362152.961887493,85800.19357825021,4447953.155465743,1663,0,945.4421052631579,88,292,67,33.74194910188589,0.5731633771929825,38.92790262172282,33417.2284644192,379.7412325502182,0
1665,128,1,1,380,0.0026246719160104987,0.0026246719160104987,0.9973753280839895,381,10200,7400,2800,0.7254901960784313,130,74,56,199.74953649493645,0.42734839066169356,0.8719002790266364,0.1347246873806262,4368559.352735137,88123.54117189093,4456682.893907027,1664,0,943.9580052493438,90,291,56,33.517532714102096,0.5747211286089239,38.73626373626371,33441.75824175793,371.57509157508815,0
1666,128,0,0,380,0.0,0.0,1.0,380,10350,7300,3050,0.7053140096618358,134,73,61,202.05744445717886,0.42731999027912787,0.8737653019103295,0.13661565782437868,4371321.740792081,90301.61996890887,4461623.36076099,1665,1,946.7947368421053,92,288,57,33.37297675681079,0.5757127192982456,38.65367383512542,33452.32974910358,363.6122798815606,0
1667,128,1,1,380,0.0026246719160104987,0.0026246719160104987,0.9973753280839895,381,11050,7500,3550,0.6787330316742082,146,75,71,200.53790391105645,0.4273860915411889,0.8731836526561321,0.13642010587349893,4378198.564997434,88348.95262619594,4466547.517623629,1666,0,945.3070866141733,77,304,60,33.20307846140755,0.5774004811898512,38.448183760683754,33478.63247863241,434.78743478743394,0
1668,128,0,0,380,0.0,0.0,1.0,380,10450,7400,3050,0.7081339712918661,135,74,61,198.0952663067592,0.4269224760449937,0.8709290298557641,0.1355760272497574,4384973.877627066,87278.51360734357,4472252.39123441,1667,1,948.7868421052632,80,300,65,33.06065965739742,0.5785635964912281,38.24588477366256,33504.52674897128,418.806584362141,0
1669,128,0,0,380,0.0,0.0,1.0,380,10350,6900,3450,0.6666666666666666,138,69,69,199.6747721276853,0.4267423795306207,0.8726707997149394,0.13737884484954335,4390854.158793163,88998.56072058516,4479852.719513748,1668,2,949.7868421052632,83,297,66,32.84036391755835,0.579797149122807,38.07043650793652,33526.98412698424,403.93956779499086,0
1670,128,0,0,380,0.0,0.0,1.0,380,11250,8800,2450,0.7822222222222223,137,88,49,201.78172060801109,0.42682208489561635,0.8746911827346302,0.13919183724213782,4393764.969529494,90066.2910997742,4483831.260629268,1669,3,950.7868421052632,83,297,62,32.69661957499174,0.5809758771929825,37.98363095238096,33538.09523809535,404.0734366035585,0
1671,128,0,2,378,0.0,0.005263157894736842,0.9947368421052631,380,10250,7100,3150,0.6926829268292682,134,71,63,204.669408343274,0.42671330370781835,0.8756571042172399,0.14148998906491278,4396173.644913173,93702.45177573497,4489876.0966889085,1670,4,951.7868421052632,85,295,61,32.54767846689466,0.5820723684210527,37.91182170542636,33547.28682170548,394.67396260829975,0
1672,128,0,1,377,0.0,0.0026455026455026454,0.9973544973544973,378,9250,6200,3050,0.6702702702702703,123,62,61,204.82894901597297,0.42649870882629504,0.8743941892238829,0.1420109342899051,4399388.413710416,95374.42101867168,4494762.834729088,1671,5,956.4285714285714,88,290,66,32.44572414921953,0.5833333333333333,37.816011235955074,33559.55056179796,381.35852911134043,0
1673,128,0,0,377,0.0,0.0,1.0,377,10350,7100,3250,0.6859903381642513,136,71,65,204.0097999687315,0.4264510671219219,0.8739624190276014,0.14177854775504753,4402014.487830818,93860.81902436481,4495875.306855182,1672,6,959.3925729442971,91,286,64,32.387365266445045,0.5845767020335986,37.73777173913044,33569.56521739134,368.89632107023454,0
1674,128,0,0,377,0.0,0.0,1.0,377,9650,7000,2650,0.7253886010362695,123,70,53,204.7606391104463,0.4265198492202344,0.8753143110030568,0.14270556758727734,4405160.902683463,95350.71236356327,4500511.615047026,1673,7,960.3925729442971,93,284,54,32.27204329461459,0.5859305923961096,37.64406028368794,33581.56028368792,361.09204606116043,0
1675,128,0,0,377,0.0,0.0,1.0,377,10400,7400,3000,0.7115384615384616,134,74,60,206.44060172981347,0.42632173326184697,0.8752631383294216,0.1443651840197301,4408906.317816847,96235.45464409745,4505141.772460944,1674,8,961.3925729442971,95,282,57,32.114158295092814,0.5874778956675508,37.532552083333336,33595.83333333338,353.64035087719344,0
1676,128,0,0,377,0.0,0.0,1.0,377,10750,7900,2850,0.7348837209302326,136,79,57,202.3195366650223,0.42596077421600165,0.8727036856241142,0.14202303745801556,4413101.811052337,92421.342733535,4505523.153785872,1675,9,962.3925729442971,78,299,60,32.09494518369734,0.5888870468611849,37.40770042194091,33611.814345991384,430.9206967434793,0
1677,128,0,0,377,0.0,0.0,1.0,377,9850,7100,2750,0.7208121827411168,126,71,55,202.38376096505445,0.42576060067347665,0.8721932903510907,0.14275965025486478,4418437.767132798,93594.010580475,4512031.777713274,1676,10,963.3925729442971,82,295,61,31.93134234492421,0.5903790893015031,37.24899598393575,33632.1285140563,410.1479087080036,0
1678,128,1,0,378,0.0026455026455026454,0.0,1.0,378,9450,6800,2650,0.7195767195767195,121,68,53,201.70238386914315,0.42576014343255725,0.8720075227101254,0.14293014175252206,4423440.457679825,93393.69704344693,4516834.154723272,1677,0,961.8412698412699,85,293,64,31.79754088919604,0.591820987654321,37.10029069767442,33651.162790697665,395.8960328317372,0
1679,128,0,0,378,0.0,0.0,1.0,378,11050,7900,3150,0.7149321266968326,142,79,63,201.76161599400626,0.42548223115751854,0.8725931417818882,0.14342704391340896,4426912.736160651,91986.21350244412,4518898.949663095,1678,1,962.8412698412699,86,292,65,31.690737958663387,0.5931712962962963,36.997126436781606,33664.36781609192,391.4461373964177,0
1680,128,0,0,378,0.0,0.0,1.0,378,11500,8500,3000,0.7391304347826086,145,85,60,209.21062597041424,0.42504292216935896,0.8754149631277035,0.14955172662499985,4432974.288408775,98385.06515775004,4531359.353566525,1679,2,963.8412698412699,89,289,66,31.31106432414208,0.5947420634920635,36.817129629629626,33687.40740740737,378.5101955888469,0
1681,128,0,0,378,0.0,0.0,1.0,378,9650,7000,2650,0.7253886010362695,123,70,53,206.71812625002207,0.424963247161523,0.8742434026256165,0.14827339012393614,4436670.637733668,98178.0482041587,4534848.6859378265,1680,3,964.8412698412699,91,287,62,31.264692812706055,0.595816798941799,36.70742753623188,33701.449275362305,370.3455964325528,0
1682,128,0,1,377,0.0,0.0026455026455026454,0.9973544973544973,378,11500,8100,3400,0.7043478260869566,149,81,68,205.81115935583188,0.42464162327668076,0.8741953865639194,0.14815660986941537,4440584.760575397,95684.37955837106,4536269.140133768,1681,4,965.8412698412699,93,285,52,31.17006731173747,0.5974151234567902,36.59131205673757,33716.312056737384,362.54098985739125,0
1683,128,1,0,378,0.0026455026455026454,0.0,1.0,378,9150,6300,2850,0.6885245901639344,120,63,57,182.6883291396336,0.42445113422124914,0.8593227811496089,0.12906413196778319,4420116.906721575,76750.75445816357,4496867.661179739,1682,0,966.074074074074,89,289,64,32.39800786869839,0.5966159611992945,37.1990740740741,33638.51851851882,377.9608822305485,8
1684,128,0,0,378,0.0,0.0,1.0,378,10100,6600,3500,0.6534653465346535,136,66,70,179.93546310464495,0.42414252148447545,0.8574622468718058,0.127607403653126,4424312.6694159005,73518.14981822117,4497830.819234122,1683,1,967.074074074074,92,286,67,32.34340830990317,0.5978009259259259,37.07437275985666,33654.48028673866,365.80956833411585,0
1685,128,0,0,378,0.0,0.0,1.0,378,11200,7800,3400,0.6964285714285714,146,78,68,181.15815541745846,0.4238299615454788,0.8591401341586962,0.12893822676541597,4428248.004677899,73642.64805169933,4501890.652729599,1684,2,968.074074074074,95,283,67,32.192235239116705,0.5990685626102292,36.95746527777781,33669.44444444479,354.4152046783662,0
1686,128,0,0,378,0.0,0.0,1.0,378,10950,7500,3450,0.684931506849315,144,75,69,182.09123495866334,0.42350819146796154,0.8604697329755449,0.13014027107413248,4432761.252524221,74883.394149811,4507644.646674032,1685,3,969.074074074074,96,282,67,32.03123937378436,0.6004188712522046,36.82345360824745,33686.59793814466,350.90206185567354,0
1687,128,1,3,376,0.002638522427440633,0.0079155672823219,0.9920844327176781,379,11450,7700,3750,0.6724890829694323,152,77,75,182.84815279255537,0.423392688454254,0.8620604947226955,0.1312425130432041,4437418.723926887,75024.76336742734,4512443.487294314,1686,0,967.5145118733509,100,279,66,31.87056911205987,0.601995382585752,36.68523102310233,33704.290429043205,337.04290429043203,0
1688,128,0,1,375,0.0,0.0026595744680851063,0.9973404255319149,376,11350,8100,3250,0.7136563876651982,146,81,65,183.1881777919967,0.422596926713948,0.8614924639000869,0.13185747609784754,4440473.021661312,76138.43227453282,4516611.453935845,1687,1,973.8271276595744,106,270,58,31.76935112293798,0.60333554964539,36.594626168224316,33715.88785046753,318.07441368365596,0
1689,128,0,0,375,0.0,0.0,1.0,375,11200,8100,3100,0.7232142857142857,143,81,62,184.8816005758682,0.4221836007130125,0.8633844963489508,0.13344386102298175,4443457.714932396,78102.71488558047,4521560.429817976,1688,6,977.4213333333333,108,267,59,31.634599110208452,0.6047777777777779,36.5061162079511,33727.217125382704,312.28904745724725,0
1690,128,0,0,375,0.0,0.0,1.0,375,11600,8300,3300,0.7155172413793104,149,83,66,180.67282124684385,0.4218903743315508,0.860462170382216,0.13110803840786311,4449253.62969261,74171.84114386464,4523425.470836475,1689,7,978.4213333333333,83,292,60,31.57060326717461,0.6063888888888889,36.33432539682539,33749.206349206295,406.6169439663409,0
1691,128,0,1,374,0.0,0.0026666666666666666,0.9973333333333333,375,9850,6700,3150,0.6802030456852792,130,67,63,176.80531994712712,0.42160190136660725,0.8572797192218096,0.128912257435969,4454363.889255863,72661.04652016184,4527024.935776024,1690,8,979.4213333333333,86,289,64,31.51852440168224,0.6075277777777778,36.18295019157087,33768.58237547877,392.6579345985904,0
1692,128,0,0,374,0.0,0.0,1.0,374,12150,9400,2750,0.7736625514403292,149,94,55,175.44015121643665,0.42111074871089066,0.8555534136727019,0.1283465437339876,4457963.040123442,69471.14197530784,4527434.18209875,1691,9,982.8823529411765,89,285,66,31.446109064596776,0.6089015151515151,36.07638888888888,33782.22222222211,379.5755305867653,0
1693,128,0,0,374,0.0,0.0,1.0,374,10900,7900,3000,0.7247706422018348,139,79,60,175.33270797607338,0.42071021681887477,0.8554664040597553,0.1287863059696007,4462281.701121638,70776.78688194588,4533058.488003584,1692,10,983.8823529411765,93,281,68,31.318896536287813,0.6102384135472371,35.948581560283664,33798.58156028341,363.4256081750905,0
1694,128,0,0,374,0.0,0.0,1.0,374,9850,6800,3050,0.6903553299492385,129,68,61,179.0410444459988,0.4204894911900905,0.8571027588745892,0.13199961666023075,4466249.660153148,75278.40078208016,4541528.060935228,1693,11,984.8823529411765,97,277,68,31.101501830764896,0.6112967914438503,35.83120748299318,33813.60544217665,348.5938705379036,0
1695,128,1,0,375,0.0026666666666666666,0.0,1.0,375,10150,7500,2650,0.7389162561576355,128,75,53,176.4443912309059,0.4205371360665478,0.8551030850263364,0.13075494906725754,4471719.301484048,72651.95798116847,4544371.259465217,1694,0,983.2533333333333,102,273,68,31.005534937700038,0.6126666666666667,35.66949838187701,33834.30420711962,331.7088647756825,0
1696,128,0,1,374,0.0,0.0026666666666666666,0.9973333333333333,375,11150,8400,2750,0.7533632286995515,139,84,55,174.56075583045057,0.4204691027926322,0.8537062333673313,0.12982699373599801,4475554.321012259,70101.22900722768,4545655.550019487,1695,1,984.2533333333333,111,264,57,30.940024208959066,0.6140277777777778,35.556175595238095,33848.80952380953,304.94422994422996,0
1697,128,1,0,375,0.0026666666666666666,0.0,1.0,375,9550,7200,2350,0.7539267015706806,119,72,47,173.25317202218352,0.4200739750445633,0.852846295730501,0.12917030342337288,4478149.199241977,70620.71071145491,4548769.909953432,1696,0,985.248,115,260,60,30.89662474114812,0.6151944444444444,35.47952586206897,33858.620689655196,294.42278860569735,0
1698,128,0,0,375,0.0,0.0,1.0,375,9950,7000,2950,0.7035175879396985,129,70,59,173.01271225789583,0.41972697563874034,0.8528008111896452,0.1293487013315388,4481079.581324617,70106.74644168986,4551186.327766308,1697,1,986.248,87,288,61,30.81495481792969,0.6165277777777778,35.39299242424243,33869.696969697026,389.3068617206555,0
1699,128,0,0,375,0.0,0.0,1.0,375,10850,7700,3150,0.7096774193548387,140,77,63,176.54002838853188,0.41928758169934643,0.8553391030684494,0.13277063673480813,4487336.111111146,72588.8888888904,4559925.000000037,1698,2,987.248,89,286,63,30.533700498295346,0.618,35.20833333333336,33893.333333333605,380.82397003745626,0
1700,128,0,0,375,0.0,0.0,1.0,375,11950,9200,2750,0.7698744769874477,147,92,55,174.11583143537842,0.41909387997623293,0.8525626293567343,0.13136446770193252,4490681.471221921,69429.74761465084,4560111.218836572,1699,3,988.248,94,281,65,30.497488754587845,0.6191388888888889,35.10964912280702,33905.96491228075,360.70175438596544,0
1701,128,0,1,374,0.0,0.0026666666666666666,0.9973333333333333,375,11700,9100,2600,0.7777777777777778,143,91,52,172.36093970631856,0.4185653594771242,0.8504219558524919,0.1307220301289798,4496166.840277775,68292.7083333331,4564459.548611108,1700,4,989.248,99,276,70,30.379454051221593,0.6208333333333333,34.947916666666664,33926.66666666665,342.69360269360254,0
1702,128,0,0,374,0.0,0.0,1.0,374,8900,6500,2400,0.7303370786516854,113,65,48,173.87043240638144,0.4180367187089313,0.8502785033329763,0.13213338481468512,4498280.575846877,72723.59776154383,4571004.17360842,1701,5,992.6417112299465,101,273,72,30.276065742167436,0.6218805704099821,34.88562091503267,33934.64052287567,335.98653983045216,0
1703,128,0,0,374,0.0,0.0,1.0,374,9850,6700,3150,0.6802030456852792,130,67,63,172.74611775830223,0.4174801257329644,0.8494619442198761,0.13168838369836422,4501534.92822165,70874.53656073619,4572409.464782387,1702,6,993.6417112299465,107,267,66,30.208333333333314,0.6230782085561497,34.789737654320966,33946.91358024662,317.2608745817441,0
1704,128,0,1,373,0.0,0.00267379679144385,0.9973262032085561,374,10350,7500,2850,0.7246376811594203,132,75,57,173.87012048870815,0.4170624196546764,0.8508604416004832,0.13311401077963417,4505999.287173762,71541.72779658457,4577541.014970346,1703,7,994.6417112299465,113,261,70,30.04476020753696,0.6242758467023173,34.65826023391809,33963.74269005795,300.56409460228275,0
1705,128,0,0,373,0.0,0.0,1.0,373,12100,9200,2900,0.7603305785123967,150,92,58,189.622048700478,0.4166801795958373,0.8695810690713726,0.1330026014713846,4412215.468051764,80630.66727198247,4492846.135323747,1704,8,994.9839142091153,78,295,57,32.45524280620702,0.5953418230563003,37.4340717299578,33608.43881856534,430.87742075083764,8
1706,128,0,1,372,0.0,0.002680965147453083,0.9973190348525469,373,10450,7000,3450,0.6698564593301436,139,70,69,173.03491709183731,0.4167005991332507,0.8493560896208354,0.11011312905844159,4301783.264746212,63821.74211248217,4365605.006858694,1705,9,995.9839142091153,116,257,58,36.25465029761905,0.5652926720285969,40.74074074074073,33185.18518518507,286.0791826309058,8
1707,128,0,0,372,0.0,0.0,1.0,372,10150,6700,3450,0.6600985221674877,136,67,69,168.26823296104638,0.4166053797254345,0.8441670915379418,0.10756852358323646,4307096.756953903,60399.5120969783,4367496.269050881,1706,10,999.4677419354839,93,279,61,36.21547059661113,0.5667002688172043,40.58067375886527,33205.67375886546,357.05025547167156,0
1708,128,3,0,375,0.008,0.0,1.0,375,11250,8200,3050,0.7288888888888889,143,82,61,192.0307828626232,0.4180181224004753,0.8674048320965075,0.12274248284727882,4306938.391283438,79162.95020384854,4386101.341487287,1707,0,992.464,78,297,58,35.6038849920369,0.5612222222222223,40.58544303797468,33205.06329113916,425.7059396299892,8
1709,128,0,1,374,0.0,0.0026666666666666666,0.9973333333333333,375,10800,8100,2700,0.75,135,81,54,190.2728285976416,0.4179967320261438,0.8668156917828844,0.12211521459321875,4311679.210069427,78279.07986111037,4389958.289930537,1708,1,993.464,79,296,61,35.504038326477406,0.5625277777777777,40.44270833333332,33223.3333333332,420.54852320674934,0
1710,128,0,0,374,0.0,0.0,1.0,374,9350,6400,2950,0.6844919786096256,123,64,59,184.62458885965358,0.41785153617869275,0.8654744337409876,0.1143045404369516,4269422.824821625,73498.0867401418,4342920.911561767,1709,2,996.9839572192514,101,273,55,36.949202944393896,0.5492424242424243,41.71772875816992,33060.13071895405,327.32802692033715,8
1711,128,2,0,376,0.005319148936170213,0.0,1.0,376,11250,8700,2550,0.7733333333333333,138,87,51,182.86090712009934,0.4184963061465721,0.863806358682448,0.11376677690140596,4275212.624401599,69903.85172587499,4345116.476127475,1710,0,992.6755319148937,83,293,59,36.81648434251351,0.5507258421985816,41.54265873015872,33082.53968253958,398.5848154522841,0
1712,128,1,1,376,0.002652519893899204,0.002652519893899204,0.9973474801061007,377,10650,7400,3250,0.6948356807511737,139,74,65,180.21171239007174,0.41887592414921837,0.8621657154559739,0.11278371478780684,4282203.872520937,68290.65853407801,4350494.531055015,1711,0,991.0397877984085,86,291,65,36.66990680738133,0.5521109637488948,41.33141762452106,33109.57854406116,384.99509934954835,0
1713,128,1,1,376,0.002652519893899204,0.002652519893899204,0.9973474801061007,377,10500,6900,3600,0.6571428571428571,141,69,72,180.82289889413624,0.41933623511484847,0.8616199517463505,0.11372270523341962,4287983.533272942,69173.12257934545,4357156.655852287,1712,0,991.3448275862069,93,284,67,36.47643919285327,0.5538240495137047,41.156914893617,33131.91489361677,356.2571493937287,0
1714,128,0,0,376,0.0,0.0,1.0,376,11150,7900,3250,0.7085201793721974,144,79,65,176.07741857491231,0.41946793735224586,0.8614018801770535,0.10501253459231354,4224547.359396439,62419.47873799765,4286966.838134437,1713,1,994.7446808510638,89,287,67,38.55489984082655,0.5322750443262412,43.07870370370371,32885.92592592597,369.50478568456145,8
1715,128,3,2,377,0.0079155672823219,0.005277044854881266,0.9947229551451188,379,10950,7700,3250,0.7031963470319634,142,77,65,172.98501512451918,0.42093477916916794,0.8601966930257205,0.10397147034235327,4233936.1203665435,59731.50076357208,4293667.621130115,1714,0,987.8627968337731,97,282,58,38.344078022977094,0.5344382145998241,42.793367346938794,32922.44897959207,339.40669051125843,0
1716,128,1,0,378,0.0026455026455026454,0.0,1.0,378,10050,7100,2950,0.7064676616915423,130,71,59,178.99894278830277,0.42100127947829097,0.8637656755780085,0.10791463171605142,4237615.7863978185,66055.74914164562,4303671.535539464,1715,0,991.473544973545,77,301,62,38.075652203999724,0.5356040564373898,42.68162393162392,32936.75213675198,427.7500277500257,0
1717,128,2,0,380,0.005263157894736842,0.0,1.0,380,10900,7500,3400,0.6880733944954128,143,75,68,172.55696561228118,0.42210022913484235,0.8577571185299591,0.10471607639210972,4245516.495402892,59618.68878072091,4305135.184183613,1716,0,987.25,85,295,66,37.99751536242786,0.5375,42.44186046511626,32967.44186046489,387.8522571819399,0
1718,128,0,0,380,0.0,0.0,1.0,380,10250,7300,2950,0.7121951219512195,132,73,59,174.03564531840607,0.4224594095727445,0.8596003383890294,0.10618173653147273,4251953.349187863,61748.28899793212,4313701.638185795,1717,1,988.25,87,293,68,37.76085916570994,0.5390076754385965,42.24668560606058,32992.424242423935,379.22326715429807,0
1719,128,1,1,380,0.0026246719160104987,0.0026246719160104987,0.9973753280839895,381,10400,7200,3200,0.6923076923076923,136,72,64,170.71155266599692,0.4229428558272321,0.8565310550463856,0.10457936207411733,4256832.284907668,58738.089759065144,4315570.374666733,1718,0,986.6535433070866,93,288,67,37.69617690027072,0.5406003937007874,42.098847517730476,33011.34751773024,354.96072599709936,0
1720,128,2,0,382,0.005235602094240838,0.0,1.0,382,9750,6400,3350,0.6564102564102564,131,64,67,169.87610477419426,0.4234265996527921,0.8567832331760099,0.10457127433231089,4262593.025590135,58672.53988497928,4321265.565475114,1719,0,984.3089005235602,96,286,68,37.54031083555257,0.5421847731239092,41.92439862542954,33033.67697594485,344.10080183275886,0
1721,128,1,1,382,0.0026109660574412533,0.0026109660574412533,0.9973890339425587,383,11450,7900,3550,0.6899563318777293,150,79,71,173.0003910470504,0.4237798973840216,0.8586266545981271,0.10713580660346267,4269733.444444425,59683.11111111022,4329416.5555555355,1720,0,982.7362924281985,99,284,54,37.23987739958056,0.5440328546562228,41.70833333333332,33061.33333333318,333.9528619528604,0
1722,128,0,1,381,0.0,0.002617801047120419,0.9973821989528796,382,9100,6100,3000,0.6703296703296703,121,61,60,177.7132195649471,0.4235884945010146,0.8615222354791796,0.1103706401922508,4273137.495194162,66378.60438293002,4339516.099577093,1721,1,986.3062827225131,84,298,56,37.01337838906015,0.5452661431064573,41.60539215686275,33074.50980392162,393.7441643324002,0
1723,128,1,0,382,0.002617801047120419,0.0,1.0,382,9750,7400,2350,0.7589743589743589,121,74,47,176.33964871558638,0.42379791285906016,0.8613428685429554,0.11011041709356728,4279526.104576064,64780.02599002546,4344306.130566089,1722,0,987.2958115183246,85,297,61,36.85237989289119,0.5468204624781849,41.4123062015504,33099.22480620168,389.4026447788433,0
1724,128,2,1,383,0.005208333333333333,0.0026041666666666665,0.9973958333333334,384,11100,8300,2800,0.7477477477477478,139,83,56,177.31590215473477,0.42463838573397156,0.8628098801661594,0.11120347940240351,4284667.418886508,64047.933762571876,4348715.35264908,1723,0,983.1484375,88,296,64,36.669098023250505,0.5485026041666667,41.25702247191011,33119.10112359553,376.3534218590401,0
1725,128,0,1,382,0.0,0.0026109660574412533,0.9973890339425587,383,10100,7000,3100,0.693069306930693,132,70,62,175.094834601169,0.42450155837764686,0.8603999978986197,0.11015459847693754,4288350.694444426,63473.611111110324,4351824.305555536,1724,1,986.5430809399478,93,290,66,36.613430583501,0.5495539599651871,41.14583333333332,33133.33333333319,356.2724014336902,0
1726,128,3,0,385,0.007792207792207792,0.0,1.0,385,10750,7400,3350,0.6883720930232559,141,74,67,172.08105500160895,0.42582831664862913,0.8591094977714464,0.10896130346232166,4295947.111111088,60100.2222222211,4356047.333333309,1725,0,981.7246753246753,99,286,64,36.45833333333327,0.551461038961039,40.91666666666665,33162.66666666648,334.9764309764291,0
1727,128,1,2,384,0.0025906735751295338,0.0051813471502590676,0.9948186528497409,386,11250,8100,3150,0.72,144,81,63,170.76567114261204,0.4263752439270574,0.8584370242935038,0.10849588873041868,4299918.962934975,58405.70951288496,4358324.672447859,1726,0,980.1787564766839,102,284,57,36.37062686955387,0.5528929188255614,40.796925566343006,33177.99352750763,325.274446348114,0
1728,128,0,1,383,0.0,0.0026041666666666665,0.9973958333333334,384,11100,8400,2700,0.7567567567567568,138,84,54,173.32166544528462,0.4258540601428779,0.861508199294905,0.11059673663012119,4304966.2950365245,61328.78558830895,4366295.080624834,1727,2,985.5442708333334,104,280,59,36.14965446454757,0.5543077256944444,40.644841269841265,33197.46031746025,319.2063492063486,0
1729,128,0,2,381,0.0,0.005221932114882507,0.9947780678851175,383,9950,7300,2650,0.7336683417085427,126,73,53,180.1904921984096,0.4255037387393545,0.8652607305824656,0.11578297684080505,4313070.198864113,68884.84840392231,4381955.047268035,1728,3,989.1122715404699,78,305,64,35.72311391033454,0.5557822019147085,40.40084388185652,33228.69198312213,426.0088715784889,0
1730,128,1,0,382,0.002617801047120419,0.0,1.0,382,11200,8500,2700,0.7589285714285714,139,85,54,175.27861026539478,0.4258663306811779,0.8607287610490937,0.11319483150743496,4318905.573958892,63802.35337419617,4382707.927333089,1729,0,990.390052356021,85,297,65,35.67199569481357,0.5576188917975566,40.22529069767442,33251.16279069764,391.1901504787958,0
1731,128,0,0,382,0.0,0.0,1.0,382,10950,7900,3050,0.7214611872146118,140,79,61,177.53239065529795,0.42609378507005996,0.861407346240791,0.11501011394625839,4322531.097890754,66127.85589808345,4388658.953788837,1730,1,991.390052356021,85,297,69,35.50250124285357,0.5592277486910995,40.116279069767444,33265.116279069785,391.3543091655269,0
1732,128,0,0,382,0.0,0.0,1.0,382,10250,6900,3350,0.6731707317073171,136,69,67,180.00783024725612,0.4260392475482449,0.8637271509561284,0.1169498079345515,4325854.698831536,69087.54366031308,4394942.242491849,1731,2,992.390052356021,88,294,67,35.336477138012256,0.5605093804537522,40.016385767790275,33277.90262172299,378.15798433776126,0
1733,128,0,1,381,0.0,0.002617801047120419,0.9973821989528796,382,11700,8200,3500,0.7008547008547008,152,82,70,178.6157666754571,0.4260766078978348,0.862883084011894,0.1164728926436358,4330093.541601044,66584.59554190363,4396678.137142948,1732,3,993.390052356021,91,291,61,35.24304799837494,0.5620091623036649,39.889039855072475,33294.202898550844,365.87036152253677,0
1734,128,0,0,381,0.0,0.0,1.0,381,9650,6600,3050,0.6839378238341969,127,66,61,180.15767319227552,0.42574826173044156,0.8643140074231193,0.11784018055434636,4333631.388008675,70297.38946733181,4403928.777476006,1733,4,996.7821522309712,93,288,55,35.094788916333094,0.563238188976378,39.78280141843973,33307.80141843989,358.14840234881603,0
1735,128,0,0,381,0.0,0.0,1.0,381,9800,6300,3500,0.6428571428571429,133,63,70,184.67346199785956,0.42586222774784727,0.8684351043437024,0.12131177878151192,4338541.840277809,74242.7083333344,4412784.548611143,1734,5,997.7821522309712,99,282,57,34.82717376808694,0.5644411636045494,39.635416666666686,33326.666666666904,336.63299663299904,0
1736,128,2,0,383,0.005221932114882507,0.0,1.0,383,9550,6600,2950,0.6910994764397905,125,66,59,178.3955008190203,0.42680494989952567,0.8643073926690588,0.11773137449179447,4343839.761852575,68834.29395865266,4412674.055811227,1735,0,993.5665796344648,77,306,63,34.82887362449595,0.56595409051349,39.47649572649572,33347.00854700849,433.0780330780323,0
1737,128,0,1,382,0.0,0.0026109660574412533,0.9973890339425587,383,11550,8300,3250,0.7186147186147186,148,83,65,178.29601165525384,0.42668847028374324,0.8644408575655016,0.11812564682577201,4348294.296515447,66906.70611439826,4415201.002629845,1736,1,994.5665796344648,77,306,66,34.69553745260786,0.5672867711053089,39.342948717948715,33364.10256410254,433.300033300033,0
1738,128,1,0,383,0.0026109660574412533,0.0,1.0,383,11400,8400,3000,0.7368421052631579,144,84,60,171.89256950093935,0.42630172378439707,0.8593534785824886,0.11473842980109816,4356807.7140756175,61780.57455879444,4418588.288634412,1737,0,995.5117493472585,81,302,71,34.60302148757647,0.5687826370757181,39.08790650406504,33396.74796747968,412.30553046271206,0
1739,128,0,0,383,0.0,0.0,1.0,383,10400,7700,2700,0.7403846153846154,131,77,54,174.15119574728678,0.4263939961450658,0.8595380699154527,0.11674901156893486,4361702.731581615,64919.14923982828,4426621.880821443,1738,1,996.5117493472585,85,298,70,34.395008815478114,0.5701697127937337,38.94137596899223,33415.50387596883,393.12357501139803,0
1740,128,0,0,383,0.0,0.0,1.0,383,9350,6400,2950,0.6844919786096256,123,64,59,174.58866541525867,0.42621258412733126,0.8600601652966673,0.11744639093420056,4365601.444352513,66486.90598088485,4432088.350333398,1739,2,997.5117493472585,91,292,68,34.264904047629344,0.5714208006962576,38.82472826086954,33430.4347826084,367.36741519349886,0
1741,128,0,0,383,0.0,0.0,1.0,383,11550,8600,2950,0.7445887445887446,145,86,59,177.19625766819786,0.42617299814543946,0.862324275913595,0.11950340309821962,4368466.674361284,66665.18928900933,4435131.863650293,1740,3,998.5117493472585,94,289,57,34.109588561995416,0.5728894691035683,38.73903508771926,33441.40350877148,355.7596117954413,0
1742,128,0,0,383,0.0,0.0,1.0,383,9650,6500,3150,0.6735751295336787,128,65,63,179.34870145180824,0.42592380581338657,0.864310455245803,0.1214356626129624,4372935.351011078,70606.05534730607,4443541.406358384,1741,4,999.5117493472585,97,286,57,33.91736472565604,0.5740861618798956,38.6054421768707,33458.503401359965,344.9330247562883,0
1743,128,0,0,383,0.0,0.0,1.0,383,10400,7800,2600,0.75,130,78,52,187.9385468537809,0.4259508609808666,0.8710766068551759,0.12618731003039507,4363456.790123431,77012.34567901137,4440469.135802442,1742,5,1000.5117493472585,92,291,64,33.98160460992905,0.573569408181027,38.88888888888887,33422.22222222202,363.2850241545872,8
1744,128,0,0,383,0.0,0.0,1.0,383,11800,8900,2900,0.7542372881355932,147,89,58,189.9398073043138,0.42575748773119354,0.8726168361701969,0.1281540629981678,4368961.898182566,77567.95621213612,4446529.854394702,1743,6,1001.5117493472585,96,287,53,33.761559802712675,0.5751468668407311,38.724226804123695,33443.29896907198,348.36769759449976,0
1745,128,0,1,382,0.0,0.0026109660574412533,0.9973890339425587,383,10500,6800,3700,0.6476190476190476,142,68,74,193.3772168917062,0.4259303560118291,0.875773132244027,0.13090695515408646,4372700.563462873,82016.13305264886,4454716.696515522,1744,7,1002.5117493472585,102,281,54,33.55782003662719,0.57631636205396,38.61245954692556,33457.60517799341,328.01573703915113,0
1746,128,0,0,382,0.0,0.0,1.0,382,10150,6900,3250,0.6798029556650246,134,69,65,191.24781933617714,0.42525310563273827,0.8743157397176153,0.12999673884277546,4377304.416410989,80879.98484184408,4458184.401252833,1745,8,1006.1125654450262,77,305,56,33.47328252395786,0.5773069371727748,38.474893162393165,33475.213675213694,434.74303474303497,0
1747,128,0,0,382,0.0,0.0,1.0,382,10850,8100,2750,0.7465437788018433,136,81,55,187.7778402887924,0.425169939490548,0.8722149874646739,0.12807901978150094,4381172.265625031,77287.41319444572,4458459.678819477,1746,9,1007.1125654450262,79,303,57,33.446343850568994,0.5783704188481675,38.35937500000002,33490.00000000023,423.9240506329143,0
1748,128,0,0,382,0.0,0.0,1.0,382,10400,7200,3200,0.6923076923076923,136,72,64,186.0901415890956,0.4252107352745828,0.8715427863809802,0.12744298928968104,4385704.2868828215,76427.26634278595,4462131.553225608,1747,10,1008.1125654450262,81,301,59,33.352693663965326,0.5797611256544503,38.22408536585367,33507.31707317084,413.67058115025725,0
1749,128,0,1,381,0.0,0.002617801047120419,0.9973821989528796,382,10800,7600,3200,0.7037037037037037,140,76,64,184.61984955446735,0.42503266525584826,0.8700663137972333,0.1270045229199227,4390710.794028292,74922.47324613643,4465633.267274429,1748,11,1009.1125654450262,86,296,61,33.23905192905471,0.5811245636998255,38.074712643678176,33526.43678160934,389.8422881582482,0
1750,128,0,0,381,0.0,0.0,1.0,381,9850,6200,3650,0.6294416243654822,135,62,73,185.3593254390832,0.4243798061426532,0.8704056979327444,0.12808537656745708,4395693.440082669,76906.55417814615,4472599.994260815,1749,12,1012.7270341207349,87,294,64,33.06835290575131,0.5822397200349956,37.92613636363638,33545.45454545473,385.5799373040774,0
1751,128,0,0,381,0.0,0.0,1.0,381,11250,7800,3450,0.6933333333333334,147,78,69,185.61387899446885,0.42436282635723166,0.8700582193095181,0.128797525066485,4400324.461797714,75902.25843770514,4476226.720235419,1750,13,1013.7270341207349,93,288,60,32.921104161383944,0.5837981189851269,37.7881205673759,33563.12056737603,360.8937695416777,0
1752,128,0,2,379,0.0,0.005249343832020997,0.994750656167979,381,10600,7400,3200,0.6981132075471698,138,74,64,184.40746936521742,0.4242649767463278,0.869643492788613,0.1283777697169027,4403930.661124995,75623.54169558987,4479554.202820585,1751,14,1014.7270341207349,97,284,54,32.84333340086714,0.5849464129483815,37.680697278911566,33576.87074829933,346.1533066834982,0
1753,128,0,0,379,0.0,0.0,1.0,379,9400,6300,3100,0.6702127659574468,125,63,62,185.6005712901801,0.42393365535405997,0.869650890278858,0.12948122673094178,4406262.9279647255,78360.98333699888,4484623.911301725,1752,15,1020.6121372031662,102,277,55,32.741295689599795,0.5863841248900616,37.611245954692556,33585.76051779935,329.2721619392093,0
1754,128,0,2,377,0.0,0.005277044854881266,0.9947229551451188,379,9150,6200,2950,0.6775956284153005,121,62,59,184.48902723082628,0.4238999176334269,0.8691895436843164,0.12902527606254222,4409000.056689341,77732.42630385494,4486732.482993196,1753,16,1021.6121372031662,104,275,55,32.687474014438514,0.5872361477572559,37.529761904761905,33596.190476190466,323.04029304029297,0
1755,128,0,0,377,0.0,0.0,1.0,377,9450,6800,2650,0.7195767195767195,121,68,53,186.159439521846,0.42326680869876027,0.8695126186177795,0.13057389641417794,4412215.468051764,79425.11171642688,4491640.579768191,1754,17,1027.525198938992,78,299,55,32.5461591255294,0.5881962864721486,37.4340717299578,33608.43881856534,430.87742075083764,0
1756,128,0,0,377,0.0,0.0,1.0,377,10950,7700,3250,0.7031963470319634,142,77,65,185.2378178842669,0.4230974989182987,0.8683673222423287,0.1305144140616415,4417171.587958271,77295.44523475501,4494467.033193026,1755,18,1028.525198938992,82,295,57,32.420201754805014,0.5897988505747127,37.28664658634539,33627.30923694788,410.0891370359498,0
1757,128,1,1,377,0.0026455026455026454,0.0026455026455026454,0.9973544973544973,378,11050,8300,2750,0.751131221719457,138,83,55,187.38036204349854,0.4232269167613995,0.8690888936059811,0.13274419332134207,4423134.7656250205,79111.71875000095,4502246.484375021,1756,0,1026.8015873015872,87,291,60,32.18332095096584,0.5914902998236331,37.109375000000014,33650.00000000015,386.78160919540403,0
1758,128,0,0,377,0.0,0.0,1.0,377,11050,9000,2050,0.8144796380090498,131,90,41,189.1896472007723,0.4230472350772241,0.8698497970937582,0.134752675139876,4429042.250840171,81135.78817475378,4510178.039014925,1757,1,1027.161803713528,91,286,58,31.95693810794525,0.5927829354553493,36.93387681159421,33672.46376811603,370.0270743749014,0
1759,128,0,0,377,0.0,0.0,1.0,377,10000,6600,3400,0.66,134,66,68,191.8890150417278,0.4227218428428993,0.8707582548248423,0.1374298249428416,4435035.430839033,84806.91609977455,4519842.3469388075,1758,2,1028.161803713528,97,280,59,31.704588279630702,0.5938605216622458,36.7559523809524,33695.23809523833,347.3735886107045,0
1760,128,0,0,377,0.0,0.0,1.0,377,11100,7800,3300,0.7027027027027027,144,78,66,192.13099597591884,0.42246258724156743,0.8710412413607926,0.13795872267443868,4437837.910899677,84029.24356017009,4521867.154459847,1759,3,1029.161803713528,101,276,64,31.613462284273808,0.5951867816091954,36.67279411764707,33705.88235294136,333.7216074548649,0
1761,128,0,0,377,0.0,0.0,1.0,377,9150,6500,2650,0.7103825136612022,118,65,53,190.50739284705554,0.42226976221381946,0.8700445043215812,0.1373266646158103,4442058.049886663,84698.97959183854,4526757.0294785015,1760,4,1030.161803713528,104,273,50,31.52865642416027,0.5963748894783378,36.54761904761907,33721.90476190509,324.2490842490874,0
1762,128,0,0,377,0.0,0.0,1.0,377,10900,8400,2500,0.7706422018348624,134,84,50,186.69249636769652,0.4219961035235247,0.8674473951835255,0.13495200451722186,4445069.444444486,79672.22222222359,4524741.66666671,1761,5,1031.161803713528,107,270,53,31.538208168642992,0.5977564102564102,36.45833333333336,33733.333333333656,315.2647975077912,0
1763,128,0,1,376,0.0,0.002652519893899204,0.9973474801061007,377,10050,7300,2750,0.7263681592039801,128,73,55,185.97860888765436,0.42176212681302555,0.8678728145146706,0.1349173725083279,4448926.988317131,80031.05046599194,4528958.038783123,1762,6,1032.161803713528,81,296,56,31.440566530153372,0.5991379310344828,36.34400406504064,33747.96747967473,416.64157382314477,0
1764,128,0,0,376,0.0,0.0,1.0,376,10700,7400,3300,0.6915887850467289,140,74,66,181.93354200310011,0.4212600472813239,0.8644417710858159,0.13247420697140397,4452927.489427114,76127.37408688832,4529054.863514002,1763,7,1033.465425531915,84,292,61,31.426547110202556,0.600675975177305,36.22549019607841,33763.13725490173,401.94211017740156,0
1765,128,0,0,376,0.0,0.0,1.0,376,10650,8200,2450,0.7699530516431925,131,82,49,182.7139024726551,0.4211841016548463,0.864749703391408,0.1334056862108726,4455857.231763642,76979.41273530676,4532836.644498949,1764,8,1034.465425531915,87,289,61,31.317618844675724,0.6017841312056738,36.13873106060605,33774.24242424229,388.2096830372677,0
1766,128,0,0,376,0.0,0.0,1.0,376,10150,7400,2750,0.729064039408867,129,74,55,181.49969020285553,0.4210465425531915,0.8635631338920597,0.13293441023245792,4459212.621101094,76519.1418557009,4535731.762956795,1765,9,1035.465425531915,91,285,62,31.24852550079355,0.6028645833333333,36.03940217391302,33786.95652173882,371.2852365026244,0
1767,128,0,0,376,0.0,0.0,1.0,376,9650,7000,2650,0.7253886010362695,123,70,53,178.52627320083064,0.42093291962174945,0.8614765621721441,0.1311780007432179,4462656.249999958,74490.27777777574,4537146.527777734,1766,10,1036.465425531915,93,283,67,31.22329059829056,0.6038896276595744,35.93749999999997,33799.99999999968,363.4408602150503,0
1768,128,0,0,376,0.0,0.0,1.0,376,10050,7000,3050,0.6965174129353234,131,70,61,203.1525448387698,0.4207789598108747,0.8721099881645176,0.14076342405258382,4398716.903688321,93472.10660192081,4492189.010290242,1767,11,1037.465425531915,92,284,62,32.51009356575238,0.5853280141843972,37.836021505376365,33556.989247312085,364.74988312295744,8
1769,128,0,0,376,0.0,0.0,1.0,376,10100,7000,3100,0.693069306930693,132,70,62,201.28061655294908,0.4206483451536643,0.870919607185388,0.13985346809943447,4401789.539370172,91898.98248415024,4493688.521854322,1768,12,1038.465425531915,97,279,61,32.46577736797308,0.5865469858156028,37.74447278911565,33568.70748299322,346.0691493092084,0
1770,128,1,2,375,0.002652519893899204,0.005305039787798408,0.9946949602122016,377,9900,7500,2400,0.7575757575757576,123,75,48,202.74255700080764,0.420762434862765,0.8723598751806874,0.1413419541667179,4405496.199991279,93336.31288871454,4498832.512879994,1769,0,1036.708222811671,100,277,54,32.3148020755533,0.5880028735632183,37.634075907590756,33582.83828382833,335.8283828382833,0
1771,128,0,0,375,0.0,0.0,1.0,375,9650,6000,3650,0.6217616580310881,133,60,73,203.77172488013093,0.4197519310754605,0.8729579167152994,0.14259582479156047,4409656.86941989,95062.67728224225,4504719.546702133,1770,14,1043.152,101,274,57,32.16141274040645,0.5891666666666666,37.51021241830066,33598.69281045759,332.6603248560158,0
1772,128,0,0,375,0.0,0.0,1.0,375,10450,7100,3350,0.6794258373205742,138,71,67,196.98332370386126,0.41957486631016044,0.8676459308807132,0.1386301602260201,4415905.590232442,88521.95206529049,4504427.542297733,1771,15,1044.152,82,293,60,32.15002388915433,0.5905,37.32429718875504,33622.489959839564,410.03036536389715,0
1773,128,0,0,375,0.0,0.0,1.0,375,11450,8200,3250,0.7161572052401747,147,82,65,192.512027971177,0.4194910873440285,0.8646734516196819,0.13623078690656434,4421939.888946316,83805.32311754068,4505745.212063856,1772,16,1045.152,87,288,63,32.084609264763294,0.5918055555555555,37.14488636363639,33645.45454545481,386.7293625914346,0
1774,128,0,0,375,0.0,0.0,1.0,375,10100,7700,2400,0.7623762376237624,125,77,48,192.947627466641,0.41939691027926324,0.8654576477757447,0.13706798990162797,4426168.639053294,85703.74753451842,4511872.386587813,1773,17,1046.152,90,285,64,31.94507921998781,0.5930833333333334,37.019230769230795,33661.53846153877,374.0170940170974,0
1775,128,0,1,374,0.0,0.0026666666666666666,0.9973333333333333,375,10850,7700,3150,0.7096774193548387,140,77,63,196.09370504690276,0.4194521687462864,0.8661864214350574,0.13974056262565804,4429591.6033967035,87873.00587094382,4517464.609267647,1774,18,1047.152,92,283,63,31.758681738192564,0.5942777777777778,36.91756272401436,33674.551971326444,366.02773881876567,0
1776,128,0,0,374,0.0,0.0,1.0,374,11050,8800,2250,0.7963800904977375,133,88,45,190.36416406734202,0.4190773250562716,0.8672339918920817,0.12678334803445487,4354257.727059172,79928.92646907562,4434186.653528247,1775,19,1050.831550802139,86,288,64,34.19889449927319,0.57525623885918,39.16427203065132,33386.973180076384,388.2206183729812,8
1777,128,0,0,374,0.0,0.0,1.0,374,10000,6800,3200,0.68,132,68,64,190.31796686069117,0.41882598457369785,0.8670199707536808,0.12713240186294067,4357656.249999959,81068.05555555355,4438724.305555512,1776,20,1051.831550802139,89,285,65,34.09639055222886,0.5764538770053476,39.06249999999997,33399.99999999969,375.28089887640095,0
1778,128,0,0,374,0.0,0.0,1.0,374,10650,8100,2550,0.7605633802816901,132,81,51,193.0071111524743,0.4188333022704573,0.8675514087345122,0.1296193942166079,4363709.075036708,82995.37649653215,4446704.45153324,1777,21,1052.831550802139,91,283,62,33.84156476743847,0.5779300356506238,38.88134057971011,33423.188405796725,367.2877846790849,0
1779,128,0,0,374,0.0,0.0,1.0,374,9450,6300,3150,0.6666666666666666,126,63,63,193.21985533247837,0.41878551323039576,0.8681928493069995,0.13025116852335783,4367957.824286152,84545.23578138635,4452503.060067538,1778,22,1053.831550802139,97,277,64,33.70646513141834,0.5792112299465241,38.75425170068026,33439.455782312725,344.7366575496157,0
1780,128,0,0,374,0.0,0.0,1.0,374,10650,7600,3050,0.7136150234741784,137,76,61,193.2501628884782,0.4188047781871706,0.8692468797165447,0.13074573504212667,4372053.137584224,83529.99619904612,4455583.133783271,1779,23,1054.831550802139,103,271,56,33.58086638564221,0.5807987967914439,38.63181089743589,33455.12820512811,324.8070699527001,0
1781,128,0,0,374,0.0,0.0,1.0,374,9550,6700,2850,0.7015706806282722,124,67,57,193.25247966260844,0.4186195956569321,0.8682876643987256,0.131149783426062,4375510.735459068,84765.65988356606,4460276.395342634,1780,24,1055.831550802139,78,296,60,33.47547907211297,0.581857174688057,38.52848101265823,33468.3544303798,429.08146705615127,0
1782,128,0,0,374,0.0,0.0,1.0,374,10300,7000,3300,0.6796116504854369,136,70,66,191.53286595717026,0.41859973333715644,0.867915948056261,0.1303922098441441,4379041.864729673,82646.08769962184,4461687.952429295,1781,25,1056.831550802139,78,296,62,33.412936451927294,0.5832219251336899,38.42299578059073,33481.856540084525,429.2545710267247,0
1783,128,0,0,374,0.0,0.0,1.0,374,8650,6200,2450,0.7167630057803468,111,62,49,191.99986004089516,0.41869874625453396,0.8686180846424258,0.13111183103098484,4382480.566406266,84837.13107638981,4467317.697482656,1782,26,1057.831550802139,79,295,63,33.29606616244549,0.5843638591800356,38.320312500000014,33495.000000000124,423.98734177215346,0
1784,128,0,0,374,0.0,0.0,1.0,374,10600,7600,3000,0.7169811320754716,136,76,60,190.3005305611537,0.41845965171347604,0.8675288892914745,0.1308109565333688,4389846.607074224,81678.027681662,4471524.634755886,1783,27,1058.831550802139,84,290,65,33.116528629139175,0.5858400178253119,38.10049019607845,33523.13725490213,399.0849673202635,0
1785,128,0,0,374,0.0,0.0,1.0,374,9650,6900,2750,0.7150259067357513,124,69,55,184.92880926729885,0.4185313352735684,0.8613539574871243,0.11626869981308889,4287616.387819981,74130.75863889951,4361747.146458881,1784,28,1059.831550802139,93,281,65,36.38144703229579,0.5562611408199644,41.16799645390068,33130.496453900334,356.24189735376706,8
1786,128,2,0,376,0.005319148936170213,0.0,1.0,376,11500,8600,2900,0.7478260869565218,144,86,58,183.61543004626674,0.4194239066193854,0.8620016443715941,0.11625514872792901,4295849.410207507,71056.84737384797,4366906.257581355,1785,0,1055.188829787234,98,278,61,36.1624971232858,0.558095079787234,40.91961279461275,33162.289562289036,338.39070981927586,0
1787,128,2,1,377,0.005291005291005291,0.0026455026455026454,0.9973544973544973,378,11250,7900,3350,0.7022222222222222,146,79,67,182.7911351398721,0.4203124195940288,0.8627572601470375,0.11614705201688912,4300027.614008475,70351.38573947767,4370378.999747952,1786,0,1050.600529100529,104,274,56,36.05558851296182,0.5596891534391535,40.79365079365074,33178.41269841199,319.0231990231922,0
1788,128,1,0,378,0.0026455026455026454,0.0,1.0,378,10200,7400,2800,0.7254901960784313,130,74,56,181.87167422180627,0.4201782147184446,0.862892021020504,0.11586579330030916,4303087.147780205,70721.93277782106,4373809.080558026,1787,0,1051.5978835978835,108,270,59,35.98554650548531,0.5609567901234568,40.701452599388325,33190.21406727753,307.31679691923637,0
1789,128,0,0,378,0.0,0.0,1.0,378,10150,7100,3050,0.6995073891625616,132,71,61,180.08712612690198,0.4203765981783223,0.8618869197420509,0.11494799057494746,4305313.444074623,69316.30504377966,4374629.749118403,1788,1,1052.5978835978835,110,268,64,35.96354355114935,0.5621417548500882,40.63438438438434,33198.79879879816,301.807261807256,0
1790,128,2,0,380,0.005263157894736842,0.0,1.0,380,10350,7500,2850,0.7246376811594203,132,75,57,176.42170444419736,0.42152334166550937,0.8595375098193256,0.11365629036308841,4316086.773631383,65940.27702662049,4382027.050658003,1789,0,1048.0526315789473,85,295,68,35.72858364427862,0.5640350877192982,40.31007751937984,33240.3100775193,391.0624715002271,0
1791,128,1,0,381,0.0026246719160104987,0.0,1.0,381,11300,7800,3500,0.6902654867256637,148,78,70,182.2092706454328,0.4219491066906111,0.8639669332225377,0.11830020784290278,4325075.756778742,70113.7798257795,4395189.536604522,1790,0,1046.2992125984251,88,293,68,35.30307805441746,0.5658628608923885,40.039794007490634,33274.90636704117,378.1239359891042,0
1792,128,0,0,381,0.0,0.0,1.0,381,10800,7700,3100,0.7129629629629629,139,77,62,179.92421307611227,0.4221249481972648,0.8619982197994134,0.11719792830095158,4328834.384902682,68772.42404808677,4397606.808950769,1791,1,1047.2992125984251,93,288,63,35.2475162270797,0.5672298775153106,39.92686170212767,33289.361702127746,357.9501258293306,0
1793,128,0,0,381,0.0,0.0,1.0,381,9850,7100,2750,0.7208121827411168,126,71,55,181.56761902588028,0.4222109982962656,0.8635283259836002,0.11870975199668413,4333121.50895718,71300.91106623826,4404422.420023418,1792,2,1048.2992125984251,96,285,66,35.0736862016784,0.5683781714785652,39.79810996563576,33305.8419243989,346.93585337915516,0
1794,128,0,0,381,0.0,0.0,1.0,381,10300,6200,4100,0.6019417475728155,144,62,82,182.71095084373954,0.42222625132384767,0.8655220552525451,0.12013315690081736,4339596.976590226,72078.37797428471,4411675.354564511,1793,3,1049.2992125984251,101,280,56,34.8460336758439,0.5700459317585302,39.60375816993466,33330.71895424857,330.0071183588968,0
1795,128,0,0,381,0.0,0.0,1.0,381,10800,8000,2800,0.7407407407407407,136,80,56,182.46549773536054,0.42223258276925907,0.8655052536643819,0.12055877603633329,4345181.122645101,71569.12725874482,4416750.249903846,1794,4,1050.2992125984251,84,297,58,34.681885523469084,0.5716316710411198,39.436274509803894,33352.156862744814,397.0494864612478,0
1796,128,0,0,381,0.0,0.0,1.0,381,10950,7000,3950,0.639269406392694,149,70,79,180.4218390123353,0.42228352212552384,0.863953159330209,0.11948898732763909,4347864.103947353,69739.92748197899,4417604.031429332,1795,5,1051.2992125984251,86,295,60,34.65325309691145,0.5728893263342083,39.35584291187737,33362.452107279416,387.9354896195281,0
1797,128,0,0,381,0.0,0.0,1.0,381,10700,7900,2800,0.7383177570093458,135,79,56,178.85757443620878,0.4224029562094212,0.8629681981661848,0.11873167373513892,4350542.678202448,68725.50218089843,4419268.180383347,1796,6,1052.2992125984251,87,294,63,34.61231423469231,0.5743657042869641,39.27556818181816,33372.72727272703,383.5945663531843,0
1798,128,0,0,381,0.0,0.0,1.0,381,9400,5700,3700,0.6063829787234043,131,57,74,177.9006624544504,0.4223359004466547,0.8619363873445531,0.11847427095370791,4354177.777777757,69322.22222222114,4423499.999999978,1797,7,1053.2992125984251,89,292,67,34.526424387646394,0.5754319772528433,39.16666666666665,33386.6666666665,375.1310861423202,0
1799,128,1,0,382,0.002617801047120419,0.0,1.0,382,11900,8400,3500,0.7058823529411765,154,84,70,178.54950804861755,0.42258677907408165,0.8633185313057214,0.1194302426152235,4359169.062434325,67365.4983196791,4426534.560754004,1798,0,1051.5392670157069,91,291,66,34.357375271149664,0.5768979057591623,39.01721014492751,33405.79710144898,367.0966714444943,0
1800,128,0,0,382,0.0,0.0,1.0,382,9600,6400,3200,0.6666666666666666,128,64,64,178.60647272599408,0.4226146919789477,0.8637868571540246,0.119802540223602,4362333.803843704,69828.21071157738,4432162.014555281,1799,1,1052.5392670157069,92,290,65,34.25947774107279,0.5777977748691099,38.922491039426504,33417.92114695319,363.23827333644766,0
1801,128,0,1,381,0.0,0.002617801047120419,0.9973821989528796,382,10850,7600,3250,0.7004608294930875,141,76,65,178.09588248754912,0.4227154647226688,0.8637232564816584,0.12000998441529337,4367525.448447673,68317.65980562239,4435843.108253295,1800,2,1053.5392670157069,96,286,65,34.114733207267975,0.5792157504363002,38.767182130584175,33437.80068728498,348.3104238258852,0
1802,128,0,0,381,0.0,0.0,1.0,381,10000,7300,2700,0.73,127,73,54,178.28756507949507,0.4227051388313303,0.8646337906948631,0.12064702219456983,4372280.999999954,69704.66666666477,4441985.6666666195,1801,3,1056.6876640419948,99,282,58,33.9650087677347,0.5805719597550306,38.62499999999997,33455.99999999965,337.9393939393904,0
1803,128,0,0,381,0.0,0.0,1.0,381,10500,7000,3500,0.6666666666666666,140,70,70,177.89983491968056,0.42258426578256664,0.8640188270083591,0.12061146730060981,4374399.064143629,68940.97427679038,4443340.038420419,1802,4,1057.6876640419948,103,278,59,33.91071565397286,0.5817202537182853,38.5616987179487,33464.10256410236,324.8941996514792,0
1804,128,0,0,381,0.0,0.0,1.0,381,10400,7400,3000,0.7115384615384616,134,74,60,174.77866270666914,0.422176463139476,0.861679712609908,0.1190672323100832,4379804.950126192,66499.290419822,4446304.240546013,1803,5,1058.6876640419948,80,301,63,33.82799954117915,0.5830325896762905,38.40020576131689,33484.77366255163,418.5596707818954,0
1805,128,0,0,381,0.0,0.0,1.0,381,11150,8600,2550,0.7713004484304933,137,86,51,172.61978518768453,0.4220138601095916,0.8601884779385245,0.11809139564505407,4384507.5355632715,64020.549788544056,4448528.085351815,1804,6,1059.6876640419948,84,297,64,33.74165027936451,0.5842355643044619,38.25980392156865,33502.74509803942,398.8422035480883,0
1806,128,0,0,381,0.0,0.0,1.0,381,11100,8400,2700,0.7567567567567568,138,84,54,156.258549901895,0.42169009301468896,0.8415705958470008,0.11103670466538729,4426485.966935836,51035.255670897684,4477521.222606733,1805,7,1060.6876640419948,101,280,75,32.90035725380557,0.6009678477690289,37.009803921568654,33662.74509803954,333.29450592118354,8
1807,128,0,0,381,0.0,0.0,1.0,381,9800,6300,3500,0.6428571428571429,133,63,70,153.17020470282367,0.4214725215269144,0.8372563600871494,0.1092320576864295,4430387.144169009,49720.66115702673,4480107.805326036,1806,8,1061.6876640419948,109,272,75,32.86393847778096,0.6020067804024497,36.89393939393942,33677.575757576116,308.968584931891,0
1808,128,0,0,381,0.0,0.0,1.0,381,11000,7700,3300,0.7,143,77,66,150.60898895994052,0.4211260187871253,0.8344434772012019,0.10812779880038867,4437674.861495886,46470.74484456921,4484145.606340455,1807,9,1062.6876640419948,113,268,74,32.711760011104204,0.6036745406824147,36.67763157894739,33705.26315789505,298.27666511411553,0
1809,128,0,0,381,0.0,0.0,1.0,381,12400,9000,3400,0.7258064516129032,158,90,68,150.0688743998125,0.4209294561863977,0.834529065339908,0.10808080746150014,4441098.109640864,44694.11888258901,4485792.228523453,1808,10,1063.6876640419948,114,267,65,32.62291394447886,0.6050142169728784,36.576086956521756,33718.26086956546,295.77421815408303,0
1810,128,0,0,381,0.0,0.0,1.0,381,10900,7500,3400,0.6880733944954128,143,75,68,150.5334788943672,0.42059129944283286,0.8355409893840997,0.10866442107661368,4443580.633159386,46681.53029142377,4490262.16345081,1809,11,1064.6876640419948,117,264,67,32.535951790679746,0.6062992125984252,36.502471751412436,33727.683615819304,288.2708001352077,0
1811,128,0,0,381,0.0,0.0,1.0,381,11900,8400,3500,0.7058823529411765,154,84,70,147.4078960365776,0.42027098586360917,0.832025663366567,0.10700705685041226,4449638.673611096,43082.374999999425,4492721.048611095,1810,12,1065.6876640419948,99,282,68,32.43610825794386,0.6076115485564304,36.32291666666666,33750.66666666655,340.9158249158237,0
1812,128,0,0,381,0.0,0.0,1.0,381,9200,7100,2100,0.7717391304347826,113,71,42,145.5184947577035,0.4200367223833863,0.8305448734361909,0.1060675439215851,4454030.928275423,44228.775257378555,4498259.703532802,1811,13,1066.6876640419948,101,280,72,32.3539279446681,0.6086231408573928,36.19281045751632,33767.32026143771,334.32990357859114,0
1813,128,0,0,381,0.0,0.0,1.0,381,9400,6400,3000,0.6808510638297872,124,64,60,145.73914692072648,0.41980620021181564,0.8316865641842661,0.10655822468188084,4457359.481205647,44322.35366198352,4501681.83486763,1812,14,1067.6876640419948,102,279,73,32.24811585872133,0.6095253718285214,36.094255663430395,33779.935275080614,331.1758360302021,0
1814,128,0,0,381,0.0,0.0,1.0,381,10050,7500,2550,0.746268656716418,126,75,51,147.28756388770273,0.41953366026615097,0.834160581412472,0.10812162271355352,4461640.682784736,45178.837421925346,4506819.520206662,1813,15,1068.6876640419948,103,278,75,32.078678413818366,0.6107010061242344,35.96754807692306,33796.15384615363,328.11799850634594,0
1815,128,0,0,381,0.0,0.0,1.0,381,9750,6800,2950,0.6974358974358974,127,68,59,154.19851037266415,0.41941192383846754,0.8392277939891455,0.1039928479550832,4368460.352259213,48772.01578808275,4417232.368047296,1814,16,1069.6876640419948,115,266,58,34.710621892257265,0.583989501312336,38.73922413793103,33441.37931034481,290.7946026986505,8
1816,128,0,0,381,0.0,0.0,1.0,381,9500,6500,3000,0.6842105263157895,125,65,60,155.99322709270842,0.41924903301560984,0.8410227119378109,0.10549515007428789,4371584.027777809,50687.50000000129,4422271.52777781,1815,17,1070.6876640419948,119,262,60,34.56888534608744,0.585165135608049,38.64583333333335,33453.333333333576,281.12044817927375,0
1817,128,0,0,381,0.0,0.0,1.0,381,11350,8200,3150,0.7224669603524229,145,82,63,158.2344771650859,0.41907808398950136,0.8436867180269108,0.10748618965298883,4376568.975539841,50954.82072429488,4427523.796264135,1816,18,1071.6876640419948,92,289,63,34.358982595908095,0.5863954505686789,38.496863799283126,33472.40143369143,363.8304503662112,0
1818,128,0,0,381,0.0,0.0,1.0,381,11150,8100,3050,0.726457399103139,142,81,61,156.05798695711448,0.4189612400423632,0.8416863089757816,0.10631257438680515,4379791.493356916,49350.2887490335,4429141.78210595,1817,19,1072.6876640419948,95,286,65,34.31814018278096,0.5876257655293089,38.40060763888886,33484.722222221855,352.4707602339143,0
1819,128,0,2,379,0.0,0.005249343832020997,0.994750656167979,381,11350,8500,2850,0.748898678414097,142,85,57,153.34874383147118,0.41883864023576,0.8397713651015928,0.10498101400768599,4385287.243931986,46945.658039427624,4432232.901971414,1818,20,1073.6876640419948,98,283,69,34.22242208644856,0.5889654418197725,38.236531986531965,33505.72390572361,341.89514189513886,0
1820,128,0,0,379,0.0,0.0,1.0,379,10600,7400,3200,0.6981132075471698,138,74,64,154.2071628027011,0.41834162815913034,0.8401960432978097,0.1058356164784334,4388108.044530572,48935.538323752495,4437043.582854325,1819,21,1077.9023746701846,98,281,72,34.11447868949076,0.5905068161829375,38.152356902356885,33516.49831649807,342.00508486222526,0
1821,128,0,0,379,0.0,0.0,1.0,379,10250,7300,2950,0.7121951219512195,132,73,59,154.3084312617366,0.41826339154835196,0.8409063841329787,0.106158290125208,4390771.00694443,49456.597222221564,4440227.604166652,1820,22,1078.9023746701846,99,280,72,34.031160933253744,0.5916611697449428,38.07291666666666,33526.666666666555,338.65319865319753,0
1822,128,0,0,379,0.0,0.0,1.0,379,10300,7200,3100,0.6990291262135923,134,72,62,153.97880836816998,0.4181109901206647,0.8400296934634035,0.10622588678563581,4393860.946745543,49212.29454306298,4443073.241288606,1821,23,1079.9023746701846,103,276,72,33.94622833843017,0.5929804309586632,37.98076923076922,33538.46153846139,325.6161314413728,0
1823,128,0,0,379,0.0,0.0,1.0,379,10750,8200,2550,0.7627906976744186,133,82,51,159.41530688019856,0.4182535029060974,0.8461257962456563,0.10383799472470182,4328823.640305448,51466.14980991171,4380289.79011536,1822,24,1080.9023746701846,102,277,70,35.78122569606475,0.5703331134564644,39.92718446601945,33289.320388349886,326.36588616029303,8
1824,128,0,0,379,0.0,0.0,1.0,379,10500,7400,3100,0.7047619047619048,136,74,62,159.08405439003585,0.4184466222724798,0.8464196864527935,0.10403496839922065,4333398.623849116,51574.92447402517,4384973.548323141,1823,25,1081.9023746701846,110,269,59,35.65026026639743,0.5717073438874231,39.789789789789815,33306.906906907236,302.7900627900658,0
1825,128,0,0,379,0.0,0.0,1.0,379,11800,8700,3100,0.7372881355932204,149,87,62,155.39442630529373,0.41859960538500557,0.8426526756026167,0.10204644624845796,4338182.724146228,47225.88312524912,4385408.607271478,1824,26,1082.9023746701846,115,264,66,35.600439473896,0.5730540897097625,39.646192528735654,33325.287356322144,289.7851074462795,0
1826,128,0,0,379,0.0,0.0,1.0,379,9600,7300,2300,0.7604166666666666,119,73,46,151.46672415126392,0.4186251995178996,0.839234241848557,0.09991535386186873,4343330.817534122,46174.01816742516,4389504.835701547,1825,27,1083.9023746701846,90,289,71,35.545925242405616,0.5742634124890061,39.49175824175825,33345.054945055,370.5006105006111,0
1827,128,0,0,379,0.0,0.0,1.0,379,11000,8000,3000,0.7272727272727273,140,80,60,148.8649435851398,0.41866708082627163,0.8366429575607295,0.09850283906268381,4346859.218220988,42618.99045860248,4389478.20867959,1826,28,1084.9023746701846,94,285,72,35.506335549197765,0.5753078276165348,39.3859649122807,33358.59649122805,354.8786860768941,0
1828,128,0,0,379,0.0,0.0,1.0,379,10150,7600,2550,0.7487684729064039,127,76,51,146.78021639051445,0.41855917828872974,0.834063620764556,0.09742142763294082,4350353.062500013,41759.15277777811,4392112.215277791,1827,29,1085.9023746701846,99,280,72,35.45441454579352,0.5765171503957784,39.28125000000001,33372.0000000001,337.09090909091015,0
1829,128,0,0,379,0.0,0.0,1.0,379,10750,6900,3850,0.641860465116279,146,69,77,158.85261271717508,0.41856092334324524,0.8427827078762664,0.10123525137594205,4303482.93610388,50173.90163677474,4353656.837740655,1828,30,1086.9023746701846,112,267,63,36.57031342576124,0.5601912928759895,40.68952802359879,33191.74041297894,296.35482511588344,8
1830,128,0,1,378,0.0,0.002638522427440633,0.9973614775725593,379,10250,7000,3250,0.6829268292682927,135,70,65,157.48619798097388,0.4184626186055385,0.8417063531800817,0.10058165857522297,4306005.045016091,49577.27260529729,4355582.3176213885,1829,31,1087.9023746701846,90,289,64,36.52857458075908,0.5615930079155673,40.61355311355315,33201.46520146565,368.9051689051739,0
1831,128,3,1,380,0.007874015748031496,0.0026246719160104987,0.9973753280839895,381,9300,6600,2700,0.7096774193548387,120,66,54,154.1008154312194,0.4194608486439195,0.838598694641516,0.09899860119163646,4312832.875192963,47422.21257716305,4360255.087770126,1830,0,1082.7979002624672,95,286,71,36.407652009140044,0.5635115923009624,40.40798611111115,33227.777777778254,349.76608187135,0
1832,128,0,0,380,0.0,0.0,1.0,380,10250,6400,3850,0.624390243902439,141,64,77,152.7172680748895,0.4192570187011064,0.8359888370050719,0.09843709740546018,4316698.777777847,45596.88888889155,4362295.666666739,1831,1,1085.9052631578948,99,281,73,36.32547195037164,0.564501096491228,40.29166666666671,33242.6666666672,335.7845117845172,0
1833,128,1,0,381,0.0026246719160104987,0.0,1.0,381,10650,7600,3050,0.7136150234741784,137,76,61,153.16184893091938,0.4198436132983377,0.8370572538866974,0.0991269659050651,4321420.204019696,45525.34169101907,4366945.545710715,1832,0,1084.0524934383202,102,279,75,36.16976077424045,0.5658902012248469,40.14967637540456,33260.8414239486,326.08668062694704,0
1834,128,2,1,382,0.005221932114882507,0.0026109660574412533,0.9973890339425587,383,9450,7200,2250,0.7619047619047619,117,72,45,158.65135005049825,0.42037521815008727,0.8477451081057292,0.10382330995951752,4334188.2972538695,51474.964946479755,4385663.262200349,1833,0,1079.3864229765013,113,270,56,35.637435627340814,0.5701425152306354,39.76608187134504,33309.94152046794,294.77824354396404,8
1835,128,0,0,382,0.0,0.0,1.0,382,10400,7700,2700,0.7403846153846154,131,77,54,160.0621839770295,0.42028503799590494,0.8492185738455822,0.10505256124601675,4337536.982533128,52055.12850107846,4389592.111034206,1834,1,1083.2120418848167,113,269,59,35.49860043522514,0.5712260034904014,39.66557017543862,33322.807017544175,294.89209750039095,0
1836,128,0,2,380,0.0,0.005235602094240838,0.9947643979057592,382,10350,7800,2550,0.7536231884057971,129,78,51,160.2204355474751,0.42022563360862614,0.8502199732696201,0.10551847213031185,4341475.1783590615,52368.60879904712,4393843.787158108,1835,2,1084.2120418848167,86,296,61,35.37443111294994,0.5726167102966842,39.54741379310342,33337.93103448249,387.65036086607546,0
1837,128,0,2,378,0.0,0.005263157894736842,0.9947368421052631,380,8700,6700,2000,0.7701149425287356,107,67,40,158.12163938996187,0.41931820811924275,0.8467069710654649,0.10440982402538163,4344475.984180628,52691.13298179093,4397167.1171624195,1836,3,1090.8921052631579,90,290,62,35.33767555614131,0.5736293859649123,39.45741758241756,33349.45054945035,370.5494505494483,0
1838,128,0,0,378,0.0,0.0,1.0,378,11300,8000,3300,0.7079646017699115,146,80,66,158.64835809916937,0.41869377429722254,0.845259571725459,0.10517864097740234,4349054.139735296,51094.0597106797,4400148.199445976,1837,4,1097.3121693121693,94,284,65,35.184532822971875,0.5750110229276896,39.320175438596486,33367.0175438596,354.9682717431872,0
1839,128,1,0,379,0.002638522427440633,0.0,1.0,379,9800,7400,2400,0.7551020408163265,122,74,48,160.18155101843743,0.4192153187865589,0.8474681161964814,0.10673406037315925,4354816.5767157,53912.254731823836,4408728.831447524,1838,0,1095.4142480211083,97,282,68,34.969158754736995,0.5763522427440633,39.14753401360543,33389.115646258346,344.2176870748283,0
1840,128,0,0,379,0.0,0.0,1.0,379,10900,8500,2400,0.7798165137614679,133,85,48,158.96978112808304,0.41917140158125205,0.8452884412897785,0.1064797590574896,4360726.643598613,51944.75201845447,4412671.395617068,1839,1,1096.4142480211083,101,278,67,34.82100938967136,0.577561565523307,38.970588235294116,33411.764705882335,330.80955154338943,0
1841,128,0,0,379,0.0,0.0,1.0,379,10050,7300,2750,0.7263681592039801,128,73,55,158.0676319743373,0.41904343091678187,0.844512677717941,0.10611058568868488,4363237.831770903,52087.33436177389,4415325.166132677,1840,2,1097.4142480211083,105,274,72,34.76822230585874,0.5787708883025506,38.89544025157233,33421.38364779881,318.29889188379815,0
1842,128,0,1,378,0.0,0.002638522427440633,0.9973614775725593,379,9700,6900,2800,0.711340206185567,125,69,56,158.40213805573163,0.4189230221552121,0.8449036266049157,0.10672719851499693,4367396.9701858265,52861.00356311216,4420257.973748939,1841,3,1098.4142480211083,108,271,72,34.633101640143856,0.5802000879507476,38.771024464831804,33437.30886850155,309.6047117453847,0
1843,128,1,0,379,0.002638522427440633,0.0,1.0,379,11750,8500,3250,0.723404255319149,150,85,65,165.35893654422557,0.4190835671706384,0.8492523776380996,0.10837389737302669,4335896.467621857,55845.8457703639,4391742.313392221,1842,0,1098.8364116094988,102,277,60,35.410757534548225,0.5713225593667546,39.714805825242735,33316.50485436914,326.63240053303076,8
1844,128,0,0,379,0.0,0.0,1.0,379,10400,7500,2900,0.7211538461538461,133,75,58,166.3578410503509,0.41904284923194335,0.8511967939080343,0.10938217378925266,4339610.068417188,58185.632396450776,4397795.700813639,1843,1,1099.8364116094988,103,276,63,35.27146318947611,0.5722845206684257,39.6033653846154,33330.76923076945,323.5997012696063,0
1845,128,0,1,378,0.0,0.002638522427440633,0.9973614775725593,379,11600,8600,3000,0.7413793103448276,146,86,60,162.41037645987598,0.41875666029140085,0.8472590319430893,0.10711315444717907,4343104.465251429,53673.04624120866,4396777.511492638,1844,2,1100.8364116094988,85,294,66,35.26773259868876,0.5733839050131926,39.498546511627865,33344.186046511175,392.2845417236609,0
1846,128,1,0,379,0.002638522427440633,0.0,1.0,379,10500,7100,3400,0.6761904761904762,139,71,68,158.05316707070165,0.41900823898405254,0.8425611325670994,0.10474932248352666,4348676.219994849,51164.40982704509,4399840.629821894,1845,0,1098.3852242744063,90,289,71,35.21155366239241,0.5746756816182937,39.3315018315018,33365.56776556736,370.7285307285262,0
1847,128,0,0,379,0.0,0.0,1.0,379,10700,8500,2200,0.794392523364486,129,85,44,157.2507707423067,0.41907745947983416,0.8416735299415243,0.10441668825414632,4350851.843100136,50334.96114261456,4401186.804242751,1846,1,1099.3852242744063,91,288,73,35.16624688784669,0.5757750659630607,39.26630434782605,33373.91304347785,366.74629718107525,0
1848,128,0,0,379,0.0,0.0,1.0,379,8850,5900,2950,0.6666666666666666,118,59,59,157.7489959246418,0.4190233627898536,0.8416447233545208,0.10491896306128731,4352713.573407144,52677.2391505055,4405390.81255765,1847,2,1100.3852242744063,94,285,73,35.096598553649564,0.5768469656992085,39.21052631578944,33381.052631578495,355.11758118700527,0
1849,128,0,0,379,0.0,0.0,1.0,379,9650,6600,3050,0.6839378238341969,127,66,61,156.02307979871685,0.4190658257830641,0.8403289942946415,0.10414111941729612,4356759.603689085,50501.010262039905,4407260.613951124,1848,3,1101.3852242744063,96,283,76,35.018538716935566,0.5781387423043096,39.089347079037765,33396.56357388274,347.8808705612785,0
1850,128,2,0,381,0.005249343832020997,0.0,1.0,381,10100,7100,3000,0.7029702970297029,131,71,60,153.88043232231908,0.4193350831146107,0.8389666052381755,0.10331971884498449,4363456.790123407,47990.12345678796,4411446.913580195,1849,0,1096.5984251968505,101,280,72,34.87089982269497,0.5797790901137359,38.88888888888886,33422.22222222183,330.9130913091271,0
1851,128,1,0,382,0.002617801047120419,0.0,1.0,382,10350,7300,3050,0.7053140096618358,134,73,61,153.1365516882298,0.4195653144796691,0.8394657263524008,0.10324968873019405,4368165.72351762,47035.16722044073,4415200.890738061,1850,0,1094.7251308900525,105,277,62,34.747312080747285,0.5813154450261779,38.748034591194944,33440.25157232672,318.47858640311165,0
1852,128,0,0,382,0.0,0.0,1.0,382,9500,6500,3000,0.6842105263157895,125,65,60,152.2988022642072,0.41943219139492377,0.8385629816779316,0.10291348572315798,4370673.652255816,47229.67246525652,4417903.324721073,1851,1,1095.7251308900525,110,272,63,34.6930698698842,0.5825152705061082,38.673048048048024,33449.84984984952,304.08954408954105,0
1853,128,0,1,381,0.0,0.002617801047120419,0.9973821989528796,382,10650,7300,3350,0.6854460093896714,140,73,67,150.8362288916416,0.41926385510711683,0.8373713722063223,0.1022156517180999,4373877.692754115,44897.84336166083,4418775.536115776,1852,2,1096.7251308900525,116,266,66,34.63407746710712,0.5837696335078534,38.5772792022792,33462.108262108246,288.4664505354159,0
1854,128,0,0,381,0.0,0.0,1.0,381,11850,8800,3050,0.7426160337552743,149,88,61,149.03757946055148,0.4188622392595662,0.8340126876564791,0.10137132421982482,4378036.850510517,42448.402997836136,4420485.253508354,1853,3,1100.5958005249345,93,288,68,34.55498121628109,0.5852198162729658,38.45301418439715,33478.014184397005,359.9786471440538,0
1855,128,0,0,381,0.0,0.0,1.0,381,9700,7100,2600,0.7319587628865979,123,71,52,149.10307145391454,0.41882223603628493,0.834433213990486,0.10177244744158283,4381971.759560636,44773.08967495998,4426744.849235596,1854,4,1101.5958005249345,95,286,69,34.43400545994883,0.5862040682414698,38.3355034722222,33493.05555555531,352.55847953216113,0
1856,128,0,0,381,0.0,0.0,1.0,381,10450,7800,2650,0.7464114832535885,131,78,53,148.6597987595876,0.4184797623981213,0.8345070815373989,0.10211848967565189,4389093.4643192515,43846.35022854347,4432939.814547795,1855,5,1102.5958005249345,101,280,72,34.229898672802186,0.5878718285214348,38.12295751633985,33520.26143790829,331.88377661295334,0
1857,128,0,0,381,0.0,0.0,1.0,381,10350,7200,3150,0.6956521739130435,135,72,63,154.98918968085866,0.4182492402265506,0.8382981553565605,0.10520858041648136,4375788.25976306,49089.97531913651,4424878.235082197,1856,6,1103.5958005249345,96,285,62,34.467534601010286,0.5852471566054243,38.52018900343639,33469.415807559744,348.639747995414,8
1858,128,0,1,380,0.0,0.0026246719160104987,0.9973753280839895,381,12000,9500,2500,0.7916666666666666,145,95,50,155.36992603404573,0.4183194617120229,0.8384311492835967,0.10592483882386124,4380648.999999945,47924.22222221969,4428573.222222164,1857,7,1104.5958005249345,99,282,65,34.31013431013427,0.5865321522309711,38.374999999999964,33487.99999999957,338.26262626262195,0
1859,128,0,1,379,0.0,0.002631578947368421,0.9973684210526316,380,10150,7400,2750,0.729064039408867,129,74,55,158.2021477034034,0.41797927371198446,0.8406741220027587,0.10827447924661884,4384986.5503117815,52592.85798197038,4437579.408293752,1858,8,1105.2473684210527,101,279,67,34.10449423224481,0.5879934210526316,38.245506535947676,33504.5751633982,331.7284669643386,0
1860,128,0,0,379,0.0,0.0,1.0,379,9800,7000,2800,0.7142857142857143,126,70,56,157.76632414223016,0.417550536778769,0.8403414396971607,0.10838040754132207,4389159.295899042,52892.30563773723,4442051.601536779,1859,9,1109.1108179419525,103,276,69,33.98942476860705,0.5891875549692173,38.12099358974357,33520.51282051254,325.44187204381103,0
1861,128,0,0,379,0.0,0.0,1.0,379,10200,7400,2800,0.7254901960784313,130,74,56,158.42825677825303,0.4175034203068504,0.8424299101667625,0.10945504538244581,4395483.663620852,53273.76290494654,4448757.426525799,1860,10,1110.1108179419525,105,274,70,33.78049847507622,0.5905068161829375,37.93238993710689,33544.65408804994,319.4728960766661,0
1862,128,0,0,379,0.0,0.0,1.0,379,10150,7300,2850,0.7192118226600985,130,73,57,158.11775747567378,0.41743187307171475,0.8422054704011979,0.1095008383063658,4398127.267859916,53134.40413732224,4451261.671997239,1861,11,1111.1108179419525,108,271,71,33.70859307596025,0.5913313544415127,37.85359327217122,33554.740061161574,310.6920376033479,0
1863,128,0,0,379,0.0,0.0,1.0,379,11200,8500,2700,0.7589285714285714,139,85,54,156.03646295995293,0.4173265881159461,0.8400055213123423,0.10851221452700494,4402761.5933411615,50398.269256173066,4453159.862597334,1862,12,1112.1108179419525,115,264,74,33.62292294348578,0.5924582233948988,37.71551724137926,33572.413793102685,291.9340329835016,0
1864,128,0,0,379,0.0,0.0,1.0,379,9200,5900,3300,0.6413043478260869,125,59,66,160.3002901571682,0.41700695229718976,0.8431999703151838,0.11181895152174184,4406144.910665748,56261.261530847056,4462406.172196595,1863,13,1113.1108179419525,117,262,62,33.40871687469859,0.5935850923482849,37.614759887005604,33585.3107344626,287.0539379013897,0
1865,128,0,0,379,0.0,0.0,1.0,379,9650,7100,2550,0.7357512953367875,122,71,51,160.36182458011893,0.41688625269320084,0.844170283312871,0.11219488418848325,4409426.248170978,55970.72770163107,4465396.97587261,1864,14,1114.1108179419525,121,258,63,33.3078524494177,0.5946569920844327,37.51707650273221,33597.81420764979,277.66788601363464,0
1866,128,0,1,378,0.0,0.002638522427440633,0.9973614775725593,379,10100,7100,3000,0.7029702970297029,131,71,60,159.94773546169446,0.4167195999869702,0.843689815944799,0.11226663327903874,4412979.226397107,55269.206780345085,4468248.433177453,1865,15,1115.1108179419525,93,286,65,33.21130148548282,0.5957563764291997,37.411347517730526,33611.34751773084,361.41233890033163,0
1867,128,0,0,378,0.0,0.0,1.0,378,8750,6100,2650,0.6971428571428572,114,61,53,157.97598898839328,0.41641112187089196,0.8406360039710885,0.11119511865195655,4416073.518267888,55176.71629876569,4471250.234566653,1866,16,1118.4814814814815,97,281,66,33.16957842700869,0.5968915343915344,37.319302721088455,33623.12925170096,346.6301984711439,0
1868,128,0,0,378,0.0,0.0,1.0,378,11100,8000,3100,0.7207207207207207,142,80,62,159.5661597804732,0.41610835684111547,0.841449515812916,0.11293703733198995,4422137.052195363,54424.68548835263,4476561.737683715,1867,17,1119.4814814814815,100,278,70,32.94465479133154,0.5983520723104057,37.13902640264029,33646.204620462384,336.46204620462385,0
1869,128,0,1,377,0.0,0.0026455026455026454,0.9973544973544973,378,10000,6700,3300,0.67,133,67,66,163.03880446616606,0.41596099462478775,0.8440852600500297,0.11572951009895754,4425304.517390931,58699.27158282965,4484003.788973761,1868,18,1120.4814814814815,102,276,72,32.75771444688028,0.5993441358024691,37.04490291262138,33658.25242718475,329.98286693318386,0
1870,128,1,0,378,0.0026455026455026454,0.0,1.0,378,9300,6500,2800,0.6989247311827957,121,65,56,163.24267486164632,0.4159485682474188,0.8439781990468345,0.11623369405562493,4428686.419753148,59690.123456792484,4488376.543209941,1869,0,1118.8412698412699,104,274,70,32.65025519183386,0.6003637566137566,36.94444444444448,33671.11111111158,323.76068376068827,0
1871,128,2,1,379,0.005263157894736842,0.002631578947368421,0.9973684210526316,380,10000,7100,2900,0.71,129,71,58,162.93835246467017,0.41639225454797946,0.84453550331804,0.11662078618183422,4434339.045353253,58504.77966392438,4492843.8250171775,1870,0,1113.9473684210527,107,273,72,32.48770198966696,0.6019462719298245,36.77662037037039,33692.59259259282,314.8840429214282,0
1872,128,0,0,379,0.0,0.0,1.0,379,10800,7600,3200,0.7037037037037037,140,76,64,161.70488738881164,0.41639850995611766,0.8436476558588162,0.11612691626359867,4437982.84621769,56928.70327622368,4494911.549493914,1871,1,1116.4089709762534,113,266,79,32.41029500213982,0.6033696130167107,36.66849415204681,33706.4327485384,298.28701547379114,0
1873,128,0,0,379,0.0,0.0,1.0,379,10000,7500,2500,0.75,125,75,50,164.25308655171804,0.4166076256555588,0.8472565896949196,0.11826706040520776,4440829.555588648,60083.99227110801,4500913.547859755,1872,2,1117.4089709762534,115,264,59,32.257363469012084,0.6045789357959543,36.584051724137964,33717.24137931083,293.193403298355,0
1874,128,0,2,377,0.0,0.005277044854881266,0.9947229551451188,379,10000,7700,2300,0.77,123,77,46,163.04097150313086,0.4165293890447804,0.846611179254315,0.11779093945528708,4444478.89449903,59126.43135685836,4503605.325855888,1873,3,1118.4089709762534,118,261,62,32.17931683552016,0.6057882585751979,36.47584033613448,33731.0924369752,285.8567155675865,0
1875,128,0,0,377,0.0,0.0,1.0,377,9550,6800,2750,0.7120418848167539,123,68,55,163.08607644053626,0.4159976578813703,0.8467569114671114,0.11818352235448477,4447772.8468112815,60123.96449704013,4507896.811308322,1874,5,1125.3262599469497,90,287,64,32.078900709219866,0.6065981432360743,36.37820512820511,33743.58974358953,374.92877492877255,0
1876,128,0,0,377,0.0,0.0,1.0,377,9950,6600,3350,0.6633165829145728,133,66,67,157.66367518821778,0.4158533330511504,0.8406177342405496,0.11488247477455,4453679.051552578,55086.68147531059,4508765.733027888,1875,6,1126.3262599469497,97,280,69,32.04411448679719,0.6078691423519009,36.203231292516996,33765.9863945577,348.1029525212134,0
1877,128,0,0,377,0.0,0.0,1.0,377,10550,7600,2950,0.7203791469194313,135,76,59,155.6093028622205,0.41554410754933496,0.838065318109938,0.11382426305882698,4457825.0419176305,52785.809410910064,4510610.851328541,1876,7,1127.3262599469497,101,276,73,31.973640508712872,0.6090572502210434,36.080473856209146,33781.69934640517,334.4722707564868,0
1878,128,0,0,377,0.0,0.0,1.0,377,9450,6600,2850,0.6984126984126984,123,66,57,158.08306438554038,0.41538890691724517,0.8396650248014053,0.11599295816080493,4461147.4489795985,56196.371882086336,4517343.820861685,1877,8,1128.3262599469497,104,273,75,31.80846766617819,0.6102453580901857,35.98214285714286,33794.28571428577,324.94505494505546,0
1879,128,0,0,377,0.0,0.0,1.0,377,9600,6700,2900,0.6979166666666666,125,67,58,158.22897512010746,0.4151255361476381,0.8397525435828743,0.11649688803212033,4464795.330256887,56291.997845517755,4521087.328102404,1878,9,1129.3262599469497,106,271,75,31.69498605531191,0.6112953138815207,35.87422118380062,33808.09968847351,318.9443366837123,0
1880,128,0,0,377,0.0,0.0,1.0,377,10050,6900,3150,0.6865671641791045,132,69,63,157.16797043984772,0.4147266587655436,0.8395036752245557,0.11603978680185699,4467778.931359027,54988.34940312158,4522767.280762148,1879,10,1130.3262599469497,109,268,76,31.633386796172175,0.6122071175950486,35.78598484848484,33819.3939393938,310.26966916875045,0
1881,128,0,0,377,0.0,0.0,1.0,377,10250,7700,2550,0.751219512195122,128,77,51,156.85534544875938,0.41433895112591007,0.8394402536338583,0.11611669531013105,4470605.029759567,54597.659261579254,4525202.689021147,1880,11,1131.3262599469497,112,265,74,31.556785020868954,0.6135333775419982,35.70243362831858,33830.088495575175,302.0543615676355,0
1882,128,0,0,377,0.0,0.0,1.0,377,12400,9500,2900,0.7661290322580645,153,95,58,157.40972760311118,0.4144468273228361,0.841671709092995,0.11713066615832127,4476093.256248212,53116.124038431095,4529209.380286643,1881,12,1132.3262599469497,117,260,56,31.3774005830385,0.6151635720601238,35.54025423728814,33850.84745762718,289.323482543822,0
1883,128,0,1,376,0.0,0.002652519893899204,0.9973474801061007,377,9550,7200,2350,0.7539267015706806,119,72,47,159.42836409705885,0.4142134384935192,0.8444308135119585,0.11903619992528647,4479689.83410497,57887.92438271713,4537577.758487687,1882,13,1133.3262599469497,119,258,60,31.21609576306407,0.616406940760389,35.43402777777779,33864.444444444685,284.5751633986948,0
1884,128,0,0,376,0.0,0.0,1.0,376,9050,6400,2650,0.7071823204419889,117,64,53,158.7904919894672,0.41363091016548464,0.8428801592681499,0.11891796789170861,4482877.570021545,58117.666974453736,4540995.236995999,1883,14,1137.2021276595744,94,282,60,31.13736172680948,0.6174091312056738,35.33991228070175,33876.49122807017,360.38820455393795,0
1885,128,0,0,376,0.0,0.0,1.0,376,10100,7100,3000,0.7029702970297029,131,71,60,157.21501748306252,0.4134240543735224,0.8408619071574428,0.11820483761461764,4487050.818227146,55786.35456699349,4542837.172794139,1884,15,1138.2021276595744,98,278,64,31.053960527187225,0.618572695035461,35.21675084175083,33892.255892255744,345.83934583934433,0
1886,128,0,0,376,0.0,0.0,1.0,376,9600,7300,2300,0.7604166666666666,119,73,46,157.53224788567317,0.4133024527186761,0.8412007842678613,0.11899408205343326,4491930.436421867,56724.779799120945,4548655.216220988,1885,16,1139.2021276595744,102,274,65,30.89935804448515,0.6196531471631206,35.07281553398056,33910.679611650194,332.45764325147246,0
1887,128,0,0,376,0.0,0.0,1.0,376,10000,7400,2600,0.74,126,74,52,156.90059813008804,0.4131598699763593,0.8412725745317884,0.11910181767147515,4497092.466616245,55919.29957167928,4553011.766187924,1886,17,1140.2021276595744,104,272,71,30.761523827345325,0.6207335992907801,34.9206349206349,33930.15873015849,326.2515262515239,0
1888,128,0,0,376,0.0,0.0,1.0,376,10350,7800,2550,0.7536231884057971,129,78,51,155.57253064459542,0.412961731678487,0.840556421141609,0.11845285459688827,4500268.5811478505,54473.63434990535,4554742.215497755,1887,18,1141.2021276595744,105,271,72,30.701681243205847,0.6217032358156028,34.82704402515721,33942.138364779516,323.2584606169478,0
1889,128,0,0,376,0.0,0.0,1.0,376,9750,7200,2550,0.7384615384615385,123,72,51,154.42117941092124,0.41288002364066195,0.8390714499841698,0.11769684564219818,4501339.679834239,54070.436457834905,4555410.116292074,1888,19,1142.2021276595744,108,268,72,30.700169963845156,0.6223404255319149,34.79548929663606,33946.17737003025,314.31645712990974,0
1890,128,0,0,376,0.0,0.0,1.0,376,9900,6700,3200,0.6767676767676768,131,67,64,154.88289844171595,0.41254639479905436,0.8393219463294859,0.11843912420464428,4504783.167176127,54442.77475673633,4559225.941932864,1889,20,1143.2021276595744,110,266,71,30.584933913433044,0.6233377659574468,34.69406906906904,33959.15915915872,308.7196287196247,0
1891,128,0,0,376,0.0,0.0,1.0,376,9550,6800,2750,0.7120418848167539,123,68,55,155.77752193370526,0.4122036052009456,0.8404898100005738,0.11951172483059544,4508171.937519168,55704.370575559195,4563876.308094727,1890,21,1144.2021276595744,113,263,75,30.45987399297663,0.6246121453900709,34.594298245614,33971.92982456088,300.6365471200078,0
1892,128,0,0,376,0.0,0.0,1.0,376,10100,6800,3300,0.6732673267326733,134,68,66,158.64717921963089,0.41180644208037825,0.8447147876332983,0.12204590086423432,4511006.616257033,57831.695022052314,4568838.311279085,1891,22,1145.2021276595744,114,262,59,30.298959399522314,0.6256094858156028,34.51086956521736,33982.608695651754,298.0930587337873,0
1893,128,0,0,376,0.0,0.0,1.0,376,10750,7400,3350,0.6883720930232559,141,74,67,160.9047431018943,0.4116192375886525,0.8469027059094989,0.12419259248167139,4514434.6022722125,59328.78798578012,4573763.390257993,1892,23,1146.2021276595744,118,258,62,30.13654515891589,0.6269115691489362,34.41001400560221,33995.51820728239,288.09761192612194,0
1894,128,0,1,375,0.0,0.0026595744680851063,0.9973404255319149,376,9300,6800,2500,0.7311827956989247,118,68,50,158.96383179000753,0.41124926122931443,0.8455880423301252,0.12311968425332505,4518012.956066147,59140.130314634676,4577153.086380783,1893,24,1147.2021276595744,88,288,65,30.081182179933315,0.628019725177305,34.30477528089887,34008.9887640449,386.46578140960116,0
1895,128,0,0,375,0.0,0.0,1.0,375,10500,6900,3600,0.6571428571428571,141,69,72,155.2074373863531,0.4110026737967914,0.8410742847511898,0.12073215704655307,4522482.440166514,54884.582032605904,4577367.02219912,1894,25,1150.8053333333332,92,283,69,30.047560358993806,0.6289722222222223,34.173387096774206,34025.80645161306,369.845722300142,0
1896,128,0,0,375,0.0,0.0,1.0,375,10500,7300,3200,0.6952380952380952,137,73,64,152.78180358656553,0.4105243612596554,0.838646372481731,0.11949013239771566,4528047.621367268,52860.656463670566,4580908.277830939,1895,26,1151.8053333333332,96,279,73,29.946034693905037,0.6301666666666667,34.00987972508592,34046.73539518915,354.65349369988695,0
1897,128,0,0,375,0.0,0.0,1.0,375,9200,6400,2800,0.6956521739130435,120,64,56,151.6734745000479,0.41029887106357693,0.8378232626805857,0.11896770543291671,4531021.0976204565,53247.14258182403,4584268.240202281,1896,27,1152.8053333333332,98,277,75,29.886869925129165,0.6309444444444444,33.92255892255894,34057.9124579127,347.5297189582929,0
1898,128,1,0,376,0.0026595744680851063,0.0,1.0,376,10450,8000,2450,0.7655502392344498,129,80,49,150.78862807120922,0.4102432033096927,0.837400812815587,0.11880302474464143,4535590.385783596,51133.090353055944,4586723.476136652,1897,0,1150.7367021276596,102,274,76,29.77426268535757,0.6321476063829787,33.788430420712,34075.08090614915,334.0694206485211,0
1899,128,0,1,375,0.0,0.0026595744680851063,0.9973404255319149,376,9650,7000,2650,0.7253886010362695,123,70,53,151.76080154660644,0.41009471040189127,0.8384710420648123,0.11989545773498532,4538373.704560798,52899.446224439525,4591273.150785238,1898,1,1151.7367021276596,105,271,74,29.66547346667652,0.6331172429078014,33.70676100628934,34085.53459119543,324.624138963766,0
1900,128,0,1,374,0.0,0.0026666666666666666,0.9973333333333333,375,10350,7400,2950,0.714975845410628,133,74,59,152.41813652559873,0.4094105763517528,0.8384855001629172,0.12087112687262745,4542226.562500055,53113.54166666863,4595340.104166724,1899,2,1155.7306666666666,111,264,73,29.53323558162271,0.6344166666666666,33.59375000000003,34100.000000000415,307.20720720721096,0
1901,128,0,0,374,0.0,0.0,1.0,374,9450,6900,2550,0.7301587301587301,120,69,51,152.09541475375366,0.4089333545994562,0.8377600764741648,0.12088341731850562,4544484.52312557,53989.05167736059,4598473.5748029305,1900,3,1156.1631016042782,117,257,61,29.474618476556458,0.6354445187165776,33.52754237288137,34108.47457627143,291.52542372881567,0
1902,128,0,0,374,0.0,0.0,1.0,374,9000,6300,2700,0.7,117,63,54,149.4282677451675,0.4086935133546472,0.8350214880591975,0.11922815096705353,4548444.835069495,52133.24652777928,4600578.081597274,1901,4,1157.1631016042782,119,255,65,29.427871935137247,0.6365028966131907,33.41145833333336,34123.33333333372,286.7507002801153,0
1903,128,0,0,374,0.0,0.0,1.0,374,9850,6800,3050,0.6903553299492385,129,68,61,152.58789062499824,0.40845725628784296,0.8387366310160393,0.1220703124999999,4551111.111111164,54238.88888889054,4605350.000000055,1902,5,1158.1631016042782,123,251,65,29.26432291666667,0.6376169786096257,33.33333333333336,34133.333333333736,277.50677506775395,0
1904,128,0,0,374,0.0,0.0,1.0,374,10000,7200,2800,0.72,128,72,56,152.92350606547706,0.40825967847533845,0.8391672894936477,0.12284940947634354,4555317.578461207,54523.02706799694,4609840.605529204,1903,6,1159.1631016042782,92,282,67,29.13028114810301,0.6385918003565063,33.21012544802866,34149.10394265221,371.18591242013275,0
1905,128,0,1,373,0.0,0.00267379679144385,0.9973262032085561,374,11400,7400,4000,0.6491228070175439,154,74,80,149.71316684268885,0.4080078899705142,0.835066748035376,0.12089699267161658,4560549.105696681,50354.84983108807,4610903.955527769,1904,7,1160.1631016042782,97,277,72,29.060484192084107,0.6397058823529411,33.05697278911563,34168.70748299305,352.254716319516,0
1906,128,0,0,373,0.0,0.0,1.0,373,9800,6700,3100,0.6836734693877551,129,67,62,152.1498598133071,0.40796824401587434,0.8380559784281958,0.11262999258556794,4470573.558155406,51639.428031684394,4522212.986187091,1905,8,1160.4128686327078,108,265,73,31.68209430141742,0.6142202859696158,35.703363914373085,33829.9694189602,313.24045758296484,7
1907,128,0,0,373,0.0,0.0,1.0,373,9750,6100,3650,0.6256410256410256,134,61,73,153.56023972105444,0.40767156014875033,0.8388926069515015,0.11424206845181734,4475869.140625,53113.10763888896,4528982.248263889,1906,9,1161.4128686327078,111,262,62,31.485926473001783,0.6154769883824844,35.546875,33850.0,304.9549549549549,0
1908,128,0,0,373,0.0,0.0,1.0,373,9500,6100,3400,0.6421052631578947,129,61,68,152.79918097463894,0.40749829436805135,0.8390774674637167,0.1140177025944123,4479050.808653637,52779.05902121362,4531829.867674851,1907,10,1162.4128686327078,114,259,65,31.410640507658226,0.616677837354781,35.45289855072463,33862.02898550719,297.03534197813326,0
1909,128,0,1,372,0.0,0.002680965147453083,0.9973190348525469,373,10650,7800,2850,0.7323943661971831,135,78,57,154.1291950150416,0.4073745759943113,0.8401905191080965,0.11535489995314854,4482216.326866069,52918.078868629134,4535134.405734698,1908,11,1163.4128686327078,90,283,66,31.280548466629202,0.617683199285076,35.35943223443225,33873.9926739928,376.37769637769776,0
1910,128,0,0,372,0.0,0.0,1.0,372,11900,8700,3200,0.7310924369747899,151,87,64,156.553479212852,0.4067458807929745,0.84201731442818,0.1180423110456024,4490040.773854446,54286.30099089643,4544327.074845342,1909,12,1167.220430107527,93,279,70,30.981891334058517,0.6190916218637993,35.12854609929079,33903.54609929087,364.55425913215987,0
1911,128,0,2,370,0.0,0.005376344086021506,0.9946236559139785,372,10000,6900,3100,0.69,131,69,62,155.34109468937982,0.4064018587755654,0.8409499859299503,0.11739286626526144,4492412.719726574,55171.26193576442,4547583.981662338,1910,13,1168.220430107527,95,277,71,30.942964942458122,0.6202396953405018,35.05859375000001,33912.50000000009,356.9736842105272,0
1912,128,0,0,370,0.0,0.0,1.0,370,9800,6500,3300,0.6632653061224489,131,65,66,155.8628893917045,0.40608626919602525,0.8403209425587617,0.11816482660328834,4495770.172439727,56344.74582349961,4552114.918263227,1911,14,1173.2,97,273,72,30.82861272642204,0.6212837837837838,34.95960884353742,33925.17006802723,349.7440213198684,0
1913,128,0,0,370,0.0,0.0,1.0,370,9950,6900,3050,0.6934673366834171,130,69,61,153.30939656494124,0.4058430381601113,0.8370604525331014,0.11648847888560487,4498105.617871617,53970.371592253796,4552075.98946387,1912,15,1174.2,102,268,72,30.826403194221903,0.6221846846846847,34.890776699029125,33933.98058252426,332.6860841423947,0
1914,128,0,1,369,0.0,0.002702702702702703,0.9972972972972973,370,9850,6800,3050,0.6903553299492385,129,68,61,155.61309090909157,0.40574095436900315,0.8388823587223593,0.11873917869034403,4502517.242036252,56280.12498094722,4558797.367017199,1913,16,1175.2,107,263,72,30.633333333333322,0.6233952702702703,34.76080246913579,33950.61728395044,317.29548863505084,0
1915,128,0,0,369,0.0,0.0,1.0,369,10250,7700,2550,0.751219512195122,128,77,51,159.09032844156096,0.40536537498527164,0.8422601372643284,0.12190834765977178,4506936.002066107,59351.98576675827,4566287.987832865,1914,17,1178.5880758807589,109,260,70,30.408912619395974,0.6247177055103884,34.63068181818181,33967.272727272655,311.6263552960794,0
1916,128,0,0,369,0.0,0.0,1.0,369,9000,6700,2300,0.7444444444444445,113,67,46,159.94542078740207,0.40510946889360194,0.8443182809714096,0.12295508067694066,4510250.855876195,61478.794199971184,4571729.650076167,1915,18,1179.5880758807589,111,258,61,30.287088778334436,0.6258186540198736,34.53311011904761,33979.76190476183,306.12398112398046,0
1917,128,0,0,369,0.0,0.0,1.0,369,10000,6900,3100,0.69,131,69,62,161.34060277207902,0.4047934218019717,0.84578245858829,0.12437085212885378,4513117.973433907,61829.83484306549,4574947.808276973,1916,19,1180.5880758807589,112,257,64,30.16432637900509,0.6269478319783197,34.44874631268436,33990.56047197627,303.4871470712167,0
1918,128,0,0,369,0.0,0.0,1.0,369,9900,7600,2300,0.7676767676767676,122,76,46,148.491881307638,0.40461115775107026,0.8287904642233426,0.10862425532245273,4457886.302539803,48691.98474393839,4506578.287283742,1917,20,1181.5880758807589,106,263,72,32.15964281323007,0.6122685185185186,36.07866043613709,33781.93146417474,318.69746664315795,8
1919,128,0,0,369,0.0,0.0,1.0,369,10850,7600,3250,0.7004608294930875,141,76,65,149.4764457776384,0.40443687158791874,0.8290954838680837,0.10976696701653697,4462016.12144171,48743.26216712651,4510759.383608837,1918,21,1182.5880758807589,109,260,77,32.009610096952784,0.6136799909665763,35.956439393939405,33797.575757575905,310.0695023630817,0
1920,128,0,0,369,0.0,0.0,1.0,369,9700,7200,2500,0.7422680412371134,122,72,50,151.57694399129883,0.4041521223636149,0.831169290485726,0.11194779116465865,4468121.28418552,51952.83392786474,4520074.1181133855,1919,22,1183.5880758807589,115,254,75,31.77083333333333,0.6151479223125564,35.77586206896553,33820.68965517262,294.09295352324017,0
1921,128,0,0,369,0.0,0.0,1.0,369,10850,7800,3050,0.7188940092165899,139,78,61,148.1961222016174,0.4039262867719257,0.8270304220990234,0.10976462478513921,4471168.986304037,47871.98109567982,4519040.967399717,1920,23,1184.5880758807589,119,250,74,31.768729405453897,0.6163900180668473,35.6857638888889,33832.222222222415,284.3043884220371,0
1922,128,0,0,369,0.0,0.0,1.0,369,11200,8200,3000,0.7321428571428571,142,82,60,147.27404080258947,0.4035632928793056,0.8275052721538041,0.10961278046226591,4476327.537777818,46849.36888889032,4523176.906666708,1921,24,1185.5880758807589,124,245,62,31.63842586757418,0.6176603432700993,35.53333333333335,33851.73333333364,272.9978494623681,0
1923,128,0,0,369,0.0,0.0,1.0,369,11400,8700,2700,0.7631578947368421,141,87,54,145.39360910269463,0.4034964013589411,0.8265474288086456,0.10856100670483773,4479726.579454246,45064.72303602557,4524791.302490272,1922,25,1186.5880758807589,127,242,68,31.586306777401813,0.6189024390243902,35.43294270833335,33864.58333333361,266.6502624671938,0
1924,128,0,0,369,0.0,0.0,1.0,369,10000,7200,2800,0.72,128,72,56,144.9752144930421,0.40328621470091514,0.8254480755898814,0.10863424249545543,4483485.422405827,46198.85215794089,4529684.274563768,1923,26,1187.5880758807589,98,271,71,31.484794275491932,0.6202856820234869,35.32196969696967,33878.7878787875,345.70191713048473,0
1925,128,0,0,369,0.0,0.0,1.0,369,9050,6200,2850,0.6850828729281768,119,62,57,142.37648857387072,0.40330370468559756,0.822425968098627,0.10709834558258916,4487543.793252536,44934.145520951,4532477.938773487,1924,27,1188.5880758807589,101,268,75,31.43210787149522,0.6212454832881662,35.20220588235291,33894.117647058374,335.58532323820174,0
1926,128,0,0,369,0.0,0.0,1.0,369,10400,7800,2600,0.75,130,78,52,140.07029149849842,0.4033616977927026,0.8196652094980574,0.10568004671662508,4490699.174855071,41602.708490801844,4532301.883345873,1925,28,1189.5880758807589,104,265,78,31.398792804264488,0.6223464317976513,35.10912698412695,33906.031746031316,326.01953601953187,0
1927,128,0,0,369,0.0,0.0,1.0,369,9550,6600,2950,0.6910994764397905,125,66,59,139.05929427732315,0.403057003849024,0.8178738209367671,0.10522328751941587,4493757.598714346,41629.75206611292,4535387.350780459,1926,29,1190.5880758807589,109,260,79,31.334131465465873,0.6235038392050587,35.018939393939355,33917.57575757522,311.17041979426807,0
1928,128,0,0,369,0.0,0.0,1.0,369,11250,8100,3150,0.72,144,81,63,139.05856699612107,0.40295206394092925,0.8163846696032491,0.10575170991279265,4499009.877126574,40075.17328292073,4539085.050409494,1927,30,1191.5880758807589,114,255,77,31.177189026681678,0.6250564588979224,34.86413043478257,33937.39130434721,297.6964149504141,0
1929,128,0,1,368,0.0,0.0027100271002710027,0.997289972899729,369,9500,5900,3600,0.6210526315789474,131,59,72,138.08958292921366,0.40275230990534544,0.8143214055724586,0.10533305175702125,4502170.849175382,41040.57896773654,4543211.4281431185,1928,31,1192.5880758807589,120,249,83,31.108469386651024,0.6262985546522132,34.77100550964184,33949.31129476532,282.9109274563777,0
1930,128,0,0,368,0.0,0.0,1.0,368,9900,7400,2500,0.7474747474747475,124,74,50,138.83214932628553,0.4024164050467954,0.8151281794519241,0.10631008729137678,4506204.51515339,41621.211628508914,4547825.726781899,1929,32,1196.4755434782608,123,245,81,30.968337448950486,0.6274343297101449,34.65221774193544,33964.51612903153,276.13427747180106,0
1931,128,0,1,367,0.0,0.002717391304347826,0.9972826086956522,368,10150,7900,2250,0.7783251231527094,124,79,45,144.76014391405909,0.4019699852900525,0.8212327628476837,0.11126008211300079,4510049.294404082,46825.07698348528,4556874.371387567,1930,33,1197.4755434782608,126,242,59,30.696225346310275,0.6287364130434783,34.539041994750626,33979.00262467144,269.6746240053289,0
1932,128,0,0,367,0.0,0.0,1.0,367,8750,6300,2450,0.72,112,63,49,144.28135093194686,0.401743261218068,0.8207879015154316,0.1111729603276618,4512674.093364107,48068.942901231814,4560743.03626534,1931,34,1198.9727520435968,131,236,64,30.630584613708155,0.629683242506812,34.461805555555515,33988.88888888821,259.4571670907497,0
1933,128,0,0,367,0.0,0.0,1.0,367,11550,8900,2650,0.7705627705627706,142,89,53,146.8816232120381,0.40169828223721105,0.8313218808940015,0.10656368199992118,4449018.510920294,45745.81211687412,4494764.323037168,1932,35,1199.9727520435968,88,279,71,32.468630236309,0.6088499091734787,36.34129213483143,33748.31460674122,383.5035750766048,8
1934,128,0,0,367,0.0,0.0,1.0,367,10800,8000,2800,0.7407407407407407,136,80,56,144.59272261610928,0.4014457795446762,0.8277942161497811,0.1053474325857794,4453568.619262247,44590.72240335737,4498159.341665605,1933,36,1200.9727520435968,90,277,77,32.39223982064078,0.6100136239782017,36.2065018315018,33765.56776556736,375.1729751729706,0
1935,128,0,0,367,0.0,0.0,1.0,367,9200,6300,2900,0.6847826086956522,121,63,58,142.9840821808368,0.40120010124923694,0.8257732811976204,0.10450039191758777,4456913.581101831,44853.53955062896,4501767.12065246,1934,37,1201.9727520435968,94,273,78,32.33421282253708,0.610950272479564,36.10745614035085,33778.245614034735,359.343038447178,0
1936,128,0,0,367,0.0,0.0,1.0,367,10550,7500,3050,0.7109004739336493,136,75,61,144.75591023811376,0.4009029297757131,0.8271201746993566,0.10618568512977636,4460860.087232116,45197.172474429644,4506057.259706546,1935,38,1202.9727520435968,97,270,79,32.16895482728077,0.6120856039963669,35.99064625850337,33793.19727891114,348.3834771021767,0
1937,128,0,0,367,0.0,0.0,1.0,367,10000,7500,2500,0.75,125,75,50,144.33017806801152,0.4008489549986847,0.8266041793553596,0.10630613623181877,4465220.33179372,45493.20912013729,4510713.5409138575,1936,39,1203.9727520435968,102,265,76,32.04933698343413,0.6134763851044505,35.86165048543687,33809.70873786377,331.46773272415464,0
1938,128,0,0,367,0.0,0.0,1.0,367,11100,7400,3700,0.6666666666666666,148,74,74,145.82249725138948,0.4006718308740688,0.8271676499262572,0.10776035390102617,4468739.761248825,45828.55831037548,4514568.319559201,1937,40,1204.9727520435968,109,258,75,31.90432673929664,0.614867166212534,35.757575757575744,33823.0303030301,310.30303030302844,0
1939,128,0,0,367,0.0,0.0,1.0,367,11500,8200,3300,0.7130434782608696,148,82,66,147.16095401950238,0.40065880247961366,0.8289447660981621,0.10917078773569842,4472853.9550630925,46745.89104339783,4519599.84610649,1938,41,1205.9727520435968,113,254,74,31.74555855108528,0.6160876475930972,35.6359649122807,33838.59649122804,299.4566061170623,0
1940,128,0,0,367,0.0,0.0,1.0,367,9750,7300,2450,0.7487179487179487,122,73,49,147.17014350388575,0.40032750902061215,0.829179379741994,0.10951125581444084,4476093.256248183,48599.45737176355,4524692.7136199465,1939,42,1206.9727520435968,117,250,65,31.64819636379819,0.6171378292461398,35.540254237288124,33850.84745762695,289.3234825438201,0
1941,128,0,0,367,0.0,0.0,1.0,367,9550,7200,2350,0.7539267015706806,119,72,47,148.898109222798,0.40015069509586415,0.8313087890165796,0.11117333135251514,4479684.893565231,50453.32211315769,4530138.215678388,1940,43,1207.9727520435968,118,249,68,31.494838538909473,0.6184150772025432,35.43417366946777,33864.42577030783,286.9866590704054,0
1942,128,0,0,367,0.0,0.0,1.0,367,9350,6300,3050,0.6737967914438503,124,63,61,172.61959789302287,0.4000954795193639,0.8466770905761438,0.11990785786596625,4401499.427412311,69207.0122572541,4470706.439669564,1941,44,1208.9727520435968,106,261,69,33.22622008562869,0.5938919164396004,37.753115264797465,33567.60124610532,316.67548345382374,8
1943,128,0,0,367,0.0,0.0,1.0,367,8850,5700,3150,0.6440677966101694,120,57,63,172.1468647321279,0.3998336708307897,0.8469076835710336,0.1197980075039633,4403520.900015177,69360.46334400009,4472881.3633591775,1942,45,1209.9727520435968,107,260,56,33.177366769622935,0.5947717983651226,37.69290123456786,33575.30864197481,313.78793123340944,0
1944,128,0,0,367,0.0,0.0,1.0,367,10200,7100,3100,0.696078431372549,133,71,62,170.9578881662992,0.3998488706243207,0.8473301495064387,0.1196359934885535,4409681.823920987,67173.97842056802,4476855.802341554,1943,46,1210.9727520435968,109,258,60,33.021987024543925,0.5960490463215259,37.509469696969674,33598.78787878756,308.2457603558492,0
1945,128,0,0,367,0.0,0.0,1.0,367,10600,7600,3000,0.7169811320754716,136,76,60,171.80300906167443,0.399608465726637,0.8465665390633821,0.12092209389298986,4416023.5608484335,67737.2271682036,4483760.788016637,1944,47,1211.9727520435968,92,275,64,32.80788063562458,0.5973546775658491,37.320788530465975,33622.93906810065,365.466729001094,0
1946,128,0,1,366,0.0,0.0027247956403269754,0.997275204359673,367,9650,7000,2650,0.7253886010362695,123,70,53,171.0206123758948,0.3995392911560777,0.8463468634022064,0.12075152158948854,4419484.260464934,68114.58092206967,4487598.841387004,1945,48,1212.9727520435968,95,272,64,32.72376606931486,0.5982345594913715,37.21788194444447,33636.11111111143,354.06432748538344,0
1947,128,0,0,366,0.0,0.0,1.0,366,9650,6300,3350,0.6528497409326425,130,63,67,171.1406578540175,0.3992310115527609,0.8472336693258153,0.12142506541743416,4424806.221289348,68602.84951760295,4493409.070806951,1946,49,1214.551912568306,96,270,68,32.55973044721264,0.599641393442623,37.059707903780094,33656.35738831645,350.58705612829635,0
1948,128,0,0,366,0.0,0.0,1.0,366,10300,7900,2400,0.7669902912621359,127,79,48,171.7868957776019,0.39932723257728875,0.8478082677619438,0.12230432701076399,4428569.506944462,68654.04166666752,4497223.54861113,1947,50,1215.551912568306,99,267,70,32.429026584300246,0.600922131147541,36.94791666666668,33670.6666666668,340.1077441077455,0
1949,128,0,0,366,0.0,0.0,1.0,366,11350,8800,2550,0.775330396475771,139,88,51,172.25949225602125,0.39892581780073355,0.847956113705675,0.12303623276403378,4432077.562500011,68143.48611111176,4500221.048611123,1948,51,1216.551912568306,99,267,68,32.310633799100124,0.6020605646630237,36.84375000000001,33684.00000000009,340.2424242424251,0
1950,128,0,0,366,0.0,0.0,1.0,366,10300,7400,2900,0.7184466019417476,132,74,58,175.9831683014414,0.39894718292287346,0.8523731768637666,0.1262436851738391,4436805.315263374,72660.61130334543,4509465.926566719,1949,52,1217.551912568306,101,265,68,32.06985493755333,0.6035120673952641,36.703431372549026,33701.96078431383,333.68278004271116,0
1951,128,0,0,366,0.0,0.0,1.0,366,10800,8300,2500,0.7685185185185185,133,83,50,174.6811908864026,0.3989217631060209,0.8518344043320694,0.12576287907851924,4440719.979843817,71142.05089443312,4511862.030738249,1950,53,1218.551912568306,104,262,55,31.985977201968485,0.6049635701275046,36.5873015873016,33716.82539682561,324.20024420024623,0
1952,128,0,0,366,0.0,0.0,1.0,366,9850,6800,3050,0.6903553299492385,129,68,61,176.62942091221893,0.39889415999201533,0.8544243440210573,0.12760026140039699,4444412.667045175,73952.8071350246,4518365.4741802,1951,54,1219.551912568306,106,260,59,31.823226445996045,0.6061873861566485,36.47780373831777,33730.84112149547,318.2154822782591,0
1953,128,0,0,366,0.0,0.0,1.0,366,11050,8100,2950,0.7330316742081447,140,81,59,177.1390015976533,0.3987241747136762,0.8551361523949979,0.12873536559878046,4450858.910034589,73434.14071510876,4524293.050749698,1952,55,1220.551912568306,84,282,62,31.615374785073616,0.6074396630236794,36.28676470588234,33755.294117646954,401.8487394957971,0
1954,128,1,0,367,0.0027247956403269754,0.0,1.0,367,10550,7700,2850,0.7298578199052133,134,77,57,176.23985660182151,0.39890058962790903,0.8549295595910822,0.12871161538995923,4456131.249210927,73119.58647196481,4529250.835682891,1953,0,1218.2234332425069,88,279,63,31.48018777260294,0.6087647593097185,36.13061797752807,33775.28089887616,383.8100102145018,0
1955,128,0,0,367,0.0,0.0,1.0,367,10000,7400,2600,0.74,126,74,52,173.1649763152628,0.39861830774804824,0.851818532054927,0.1271260662310704,4461709.8396089235,71122.37574029001,4532832.215349213,1954,1,1219.2234332425069,92,275,70,31.393349029256605,0.6099852406902815,35.96550179211468,33796.41577060914,367.35234533270807,0
1956,128,0,0,367,0.0,0.0,1.0,367,8750,6000,2750,0.6857142857142857,115,60,55,172.3126337603492,0.3986577031312815,0.8513531673600099,0.12685411742112665,4464694.859956878,71714.66605109152,4536409.52600797,1955,2,1220.2234332425069,94,273,69,31.326023331119252,0.6110638056312443,35.87719298245612,33807.71929824537,359.65658827920606,0
1957,128,0,0,367,0.0,0.0,1.0,367,10350,7500,2850,0.7246376811594203,132,75,57,173.86403274591532,0.3986136547500285,0.8510897880492687,0.12841392912692298,4468170.368102982,71620.82383883536,4539791.191941817,1956,3,1221.2234332425069,98,269,69,31.180478124668156,0.6123978201634878,35.77441077441075,33820.87542087507,345.11097368239865,0
1958,128,0,0,367,0.0,0.0,1.0,367,10000,7200,2800,0.72,128,72,56,172.715211249414,0.39866483772824507,0.850741516001136,0.12806454434806738,4472326.515709714,71087.76378742998,4543414.279497144,1957,4,1222.2234332425069,101,266,71,31.0858524885712,0.6137318346957312,35.651552287581666,33836.60130718912,335.01585452662493,0
1959,128,0,0,367,0.0,0.0,1.0,367,10050,7300,2750,0.7263681592039801,128,73,55,175.7570407405754,0.39849267680151673,0.85308747981297,0.1305952720060918,4474567.957923866,73837.36457545808,4548405.322499324,1958,5,1223.2234332425069,104,263,56,30.938043247164174,0.6145833333333333,35.585317460317434,33845.07936507902,325.43345543345214,0
1960,128,0,0,367,0.0,0.0,1.0,367,9700,7100,2600,0.7319587628865979,123,71,52,182.07751314392937,0.3982373823101701,0.8583911041906112,0.13572363393229278,4477948.416053505,79966.74231636184,4557915.158369866,1959,6,1224.2234332425069,105,262,57,30.669240938192694,0.6155767484105359,35.485455974842736,33857.86163521972,322.45582509733066,0
1961,128,0,0,367,0.0,0.0,1.0,367,10750,7700,3050,0.7162790697674418,138,77,61,185.25614419062018,0.3980869353742003,0.8612304700215032,0.13894861749448378,4484478.497417522,82005.43902746477,4566483.936444987,1960,7,1225.2234332425069,83,284,59,30.388792591898564,0.6170526793823796,35.292658730158756,33882.53968253996,408.2233696691561,0
1962,128,0,0,367,0.0,0.0,1.0,367,8950,6200,2750,0.6927374301675978,117,62,55,185.04039060180736,0.39797929602001164,0.8610499598432364,0.1392493473610134,4487985.43217218,83741.71547687273,4571727.147649053,1961,8,1226.2234332425069,86,281,60,30.28910641889346,0.618017711171662,35.18917624521074,33895.785440613145,394.1370400071296,0
1963,128,0,0,367,0.0,0.0,1.0,367,9650,6100,3550,0.6321243523316062,132,61,71,184.45583756107843,0.39771252413354974,0.8611770474497658,0.13960715375077395,4494007.41598082,82739.18038408889,4576746.596364909,1962,9,1227.2234332425069,89,278,61,30.123707869258233,0.6193517257039056,35.01157407407409,33918.5185185187,381.10694964627754,0
1964,128,0,0,367,0.0,0.0,1.0,367,10250,7100,3150,0.6926829268292682,134,71,63,184.90920022416654,0.39743644625104846,0.859848846875862,0.14040090529583726,4497375.931055717,82671.23730378613,4580047.168359503,1963,10,1228.2234332425069,94,273,63,30.01056488528567,0.620685740236149,34.91228070175439,33931.2280701755,360.97051138484574,0
1965,128,0,1,366,0.0,0.0027247956403269754,0.997275204359673,367,8900,6100,2800,0.6853932584269663,117,61,56,177.90331748378696,0.39742651985527316,0.8561830164475355,0.1189683468199077,4358886.345214216,72792.06826967801,4431678.413483894,1964,11,1229.2234332425069,98,269,62,34.38285355266165,0.5772309264305178,39.025673400673405,33404.71380471387,340.864426578713,8
1966,128,1,0,367,0.0027247956403269754,0.0,1.0,367,10100,6900,3200,0.6831683168316832,133,69,64,175.67801195266154,0.39768739794424346,0.8540284166966774,0.11780415182778836,4362006.293402787,69761.71875000041,4431768.012152787,1965,0,1229.3732970027247,103,264,65,34.34590606816293,0.5787636239782017,38.93229166666667,33416.666666666744,324.43365695792954,0
1967,128,0,0,367,0.0,0.0,1.0,367,10050,7700,2350,0.7661691542288557,124,77,47,168.35843903505994,0.3978462202766486,0.8488404965763148,0.10976607676630477,4329903.1143350145,62345.145900498814,4392248.260235514,1966,1,1230.3732970027247,96,271,67,35.51566822179107,0.5682050408719346,39.89475945017185,33293.47079037831,346.8069873997741,8
1968,128,0,0,367,0.0,0.0,1.0,367,9600,6800,2800,0.7083333333333334,124,68,56,166.6071264143865,0.3980090752073376,0.847749930104774,0.10891597515584914,4332989.173611151,61381.37500000157,4394370.548611153,1967,2,1231.3732970027247,99,268,76,35.46700061384897,0.5693971389645777,39.80208333333336,33305.33333333365,336.4175084175116,0
1969,128,0,0,367,0.0,0.0,1.0,367,10050,6800,3250,0.6766169154228856,133,68,65,168.38210780923524,0.3980134180054893,0.849889930571591,0.11038382623049935,4336193.771626326,62577.48942714481,4398771.261053471,1968,3,1232.3732970027247,101,266,54,35.32299513496553,0.5705040871934605,39.705882352941195,33317.64705882376,329.8776936517204,0
1970,128,0,0,367,0.0,0.0,1.0,367,10200,7100,3100,0.696078431372549,133,71,62,170.1729814401583,0.39821194592099585,0.8525712304469404,0.11185807834386421,4339276.2329984745,64085.514772355185,4403361.74777083,1969,4,1233.3732970027247,103,264,58,35.182304689002564,0.5716678019981835,39.61338141025643,33329.487179487456,323.58725416978115,0
1971,128,2,0,369,0.005420054200542005,0.0,1.0,369,10800,7500,3300,0.6944444444444444,141,75,66,171.46992057795504,0.39904903578021284,0.8548330076513229,0.11320804148654981,4344316.184423986,64383.91022174014,4408700.094645726,1970,0,1227.6829268292684,85,284,60,34.99476987447697,0.5732836495031617,39.46220930232556,33348.83720930212,392.33926128590724,0
1972,128,1,0,370,0.002702702702702703,0.0,1.0,370,9500,6700,2800,0.7052631578947368,123,67,56,182.40095616851073,0.3994605886374179,0.8606363926243301,0.12188535737330207,4358042.832647426,75482.23593964169,4433525.068587068,1971,0,1225.3621621621621,89,281,69,34.29118986368608,0.5765484234234235,39.0509259259259,33401.481481481205,375.2975447357439,8
1973,128,0,0,370,0.0,0.0,1.0,370,8800,6000,2800,0.6818181818181818,116,60,56,183.95435949730313,0.3996751324495227,0.8626496408619315,0.12325925799471624,4361136.111111084,77649.99999999872,4438786.111111083,1972,1,1226.3621621621621,89,281,67,34.15635807395582,0.5776182432432433,38.958333333333314,33413.333333333125,375.43071161048454,0
1974,128,0,0,370,0.0,0.0,1.0,370,11200,7900,3300,0.7053571428571429,145,79,66,184.01922262463324,0.3998002575746478,0.8624281543163017,0.12370267641125791,4364800.623268676,75441.44352108247,4440242.066789758,1973,2,1227.3621621621621,94,276,67,34.042997998628415,0.5796452702702704,38.8486842105263,33427.36842105246,355.6103023516219,0
1975,128,0,0,370,0.0,0.0,1.0,370,10250,7900,2350,0.7707317073170732,126,79,47,182.7984662785847,0.399633169755121,0.8612373565165363,0.12299353541613799,4365825.466240894,75363.23985376376,4441188.706094658,1974,3,1228.3621621621621,97,273,69,34.043660806337854,0.5809121621621622,38.81802721088434,33431.292517006616,344.65250017532594,0
1976,128,1,1,370,0.0026954177897574125,0.0026954177897574125,0.9973045822102425,371,9900,6600,3300,0.6666666666666666,132,66,66,191.6589179427757,0.3998609795779607,0.8587455031111357,0.12854020498795277,4362180.340277783,83110.15277777809,4445290.493055561,1975,0,1226.0485175202157,99,272,68,33.92338806208357,0.5809467654986523,38.927083333333336,33417.333333333365,337.5488215488219,8
1977,128,0,0,370,0.0,0.0,1.0,370,8950,6100,2850,0.6815642458100558,118,61,57,190.90229114161158,0.3990618667447936,0.8578805019232387,0.1285628021493585,4366851.347108503,83778.38544756906,4450629.732556072,1976,1,1230.3486486486486,105,265,67,33.80073329320441,0.5823198198198198,38.7873427672956,33435.22012578619,318.4306678646304,0
1978,128,0,0,370,0.0,0.0,1.0,370,10350,7200,3150,0.6956521739130435,135,72,63,190.0675497579361,0.39877636783124587,0.8574630214211867,0.12846236321504045,4370912.685052713,81803.73285077099,4452716.417903485,1977,2,1231.3486486486486,108,262,57,33.69878897584047,0.5838682432432433,38.66590214067279,33450.764525994,309.72930116661115,0
1979,128,0,0,370,0.0,0.0,1.0,370,10400,7800,2600,0.75,130,78,52,175.25803788839633,0.39903501062037644,0.8536464057644859,0.10750346277508893,4258376.173611094,64862.930555554805,4323239.104166649,1978,3,1232.3486486486486,99,271,66,37.531338758093376,0.5478040540540541,42.05208333333332,33017.3333333332,333.50841750841613,7
1980,128,1,1,370,0.0026954177897574125,0.0026954177897574125,0.9973045822102425,371,9550,7200,2350,0.7539267015706806,119,72,47,174.74977280737951,0.3998810130885602,0.8542527765614922,0.10772476607208271,4264289.937354146,65286.7395474864,4329576.676901632,1979,0,1230.0242587601078,105,266,56,37.36227173513029,0.5492756064690028,41.87303459119497,33040.25157232709,314.6690625935914,0
1981,128,0,0,370,0.0,0.0,1.0,370,10400,7200,3200,0.6923076923076923,136,72,64,175.15147353984378,0.3996000573744476,0.8541854763616634,0.10825399698837312,4267388.199009848,65087.86624462408,4332476.065254472,1980,1,1234.3243243243244,110,260,58,37.256505306003795,0.5504222972972973,41.779279279279294,33052.25225225247,300.4750204750224,0
1982,128,4,0,374,0.0106951871657754,0.0,1.0,374,10350,7400,2950,0.714975845410628,133,74,59,173.22197103443332,0.4018044245482741,0.8548700468930914,0.10824413665092844,4280404.550491647,63142.02261218358,4343546.57310383,1981,0,1222.1122994652405,88,286,65,36.90600108616945,0.5527239304812834,41.385767790262165,33102.621722846336,376.16615594143565,0
1983,128,2,0,376,0.005319148936170213,0.0,1.0,376,9300,6600,2700,0.7096774193548387,120,66,54,168.80965184865576,0.4031044621749409,0.8515905161300785,0.10602036729462333,4286352.7546937205,60215.54324407359,4346568.297937794,1982,0,1216.6063829787233,94,282,70,36.83745021608335,0.5542165336879432,41.20614035087717,33125.61403508747,352.4001493094412,0
1984,128,0,0,376,0.0,0.0,1.0,376,9000,6000,3000,0.6666666666666666,120,60,60,168.15342157764871,0.4030893912529551,0.8515309243099582,0.10601440156162217,4290867.701400911,60104.81710551548,4350972.518506427,1983,1,1217.6063829787233,95,281,72,36.71587988378101,0.5553800975177305,41.0698784722222,33143.055555555286,348.8742690058451,0
1985,128,2,1,377,0.005291005291005291,0.0026455026455026454,0.9973544973544973,378,10600,7800,2800,0.7358490566037735,134,78,56,191.94404553361662,0.40393840142403364,0.8671472732639149,0.11805761570997671,4261603.1809020005,77397.87100025208,4339001.051902252,1984,0,1212.1587301587301,104,274,60,37.00133276946929,0.5482528659611994,41.95436507936508,33029.841269841345,317.5946275946283,8
1986,128,1,1,377,0.0026455026455026454,0.0026455026455026454,0.9973544973544973,378,9450,6200,3250,0.656084656084656,127,62,65,191.66582452026222,0.40396033032527284,0.8676857365786086,0.11845054141404598,4267284.807956116,78528.53223593999,4345813.340192056,1985,0,1213.1507936507937,107,271,53,36.83325862841773,0.5497960758377425,41.78240740740741,33051.85185185194,308.89581169955085,0
1987,128,3,0,380,0.007894736842105263,0.0,1.0,380,8800,6100,2700,0.6931818181818182,115,61,54,188.74282223729895,0.405072212192751,0.8682355899703471,0.11718852856587735,4272812.240681445,76492.52823925755,4349304.768920703,1986,0,1207.7578947368422,80,300,59,36.73839919702699,0.5512061403508772,41.61522633744854,33073.2510288064,413.41563786008,0
1988,128,1,0,381,0.0026246719160104987,0.0,1.0,381,12000,8900,3100,0.7416666666666667,151,89,62,183.25580681076622,0.4057316848551826,0.8644427643265917,0.11446786060297931,4279927.025118653,68664.29601586313,4348591.321134516,1987,0,1205.5853018372704,85,296,64,36.66120218579236,0.5527668416447944,41.40019379844959,33100.77519379822,389.4208846329202,0
1989,128,1,0,382,0.002617801047120419,0.0,1.0,382,10550,7700,2850,0.7298578199052133,134,77,57,183.72851764779844,0.4064708698061957,0.8646871621800394,0.11543561065249779,4286816.881001346,70572.10219478614,4357388.983196132,1988,0,1203.4267015706807,89,293,68,36.43709099175646,0.5543739092495636,41.19212962962961,33127.407407407205,372.2180607573843,0
1990,128,1,1,382,0.0026109660574412533,0.0026109660574412533,0.9973890339425587,383,10550,8000,2550,0.7582938388625592,131,80,51,181.60558204074707,0.4070891373787359,0.8636966485526489,0.11455121328723966,4291439.335180025,68719.86765158383,4360159.202831608,1989,0,1201.2819843342036,94,289,67,36.35000282294488,0.5558637946040035,41.05263157894735,33145.26315789449,352.60918253079245,0
1991,128,6,2,386,0.015463917525773196,0.005154639175257732,0.9948453608247423,388,10250,7400,2850,0.7219512195121951,131,74,57,179.01934522585378,0.4093831304332383,0.8644055187933894,0.11608788339155225,4323671.3523590835,66954.16289422255,4390625.515253306,1990,0,1184.1211340206185,93,295,67,35.42896859233996,0.5647551546391752,40.08200354609932,33269.50354609966,357.7365972698888,8
1992,128,0,0,386,0.0,0.0,1.0,386,10900,7900,3000,0.7247706422018348,139,79,60,176.98755946372285,0.4088196453805262,0.862956240697464,0.11522409958279345,4328224.7537704455,65108.38719606304,4393333.140966509,1991,1,1191.2538860103627,94,292,64,35.34252856600756,0.5659812176165804,39.94517543859653,33287.01754386008,354.1172079134051,0
1993,128,0,1,385,0.0,0.0025906735751295338,0.9974093264248705,386,11000,7900,3100,0.7181818181818181,141,79,62,178.26017918051414,0.40897034744185,0.8643034889092944,0.11481036814111563,4315780.437736336,65666.35882692887,4381446.796563265,1992,2,1192.2538860103627,91,295,58,35.690220550832045,0.5627698618307426,40.319293478260896,33239.13043478293,365.2651696129992,7
1994,128,1,1,385,0.0025906735751295338,0.0025906735751295338,0.9974093264248705,386,11150,7600,3550,0.6816143497757847,147,76,71,174.93332132891928,0.4089403472175493,0.8612059217212784,0.11315811166672296,4320812.689446557,62820.822921006526,4383633.512367564,1993,0,1193.2461139896373,97,289,62,35.622613690597944,0.56433506044905,40.16794217687077,33258.50340136078,342.8711690861936,0
1995,128,0,1,384,0.0,0.0025974025974025974,0.9974025974025974,385,10950,8000,2950,0.730593607305936,139,80,59,176.50193919635976,0.4083183960137085,0.8628269100677564,0.11463757746257802,4325507.63677854,64742.09718001538,4390249.733958555,1994,1,1197.3142857142857,100,285,61,35.4382380555666,0.5657467532467533,40.02681518151816,33276.56765676576,332.7656765676576,0
1996,128,0,0,384,0.0,0.0,1.0,384,11100,7700,3400,0.6936936936936937,145,77,68,176.3020204307304,0.4077778797686394,0.8624553397822288,0.11480391125288035,4328486.983012338,64724.200102638795,4393211.183114977,1995,2,1201.421875,102,282,57,35.35233974982181,0.5667317708333333,39.93729773462784,33288.02588996773,326.35319499968364,0
1997,128,1,0,385,0.0025974025974025974,0.0,1.0,385,10900,7800,3100,0.7155963302752294,140,78,62,175.20604985728593,0.4082307449494949,0.8625275989355292,0.11444806735681401,4332092.4372552745,63901.76070962465,4395994.197964899,1996,0,1199.2987012987012,105,280,63,35.27065627950895,0.5683170995670996,39.82900943396228,33301.88679245301,317.1608265947906,0
1998,128,1,1,385,0.0025906735751295338,0.0025906735751295338,0.9974093264248705,386,9700,6400,3300,0.6597938144329897,130,64,66,177.39170729444183,0.4085848305407891,0.8657947802018366,0.1165174739726568,4338434.315747368,67020.45405104486,4405454.769798413,1997,0,1197.1891191709844,112,274,57,35.020048505877334,0.5696243523316062,39.63864306784662,33326.25368731585,297.55583649389155,0
1999,128,1,1,385,0.0025906735751295338,0.0025906735751295338,0.9974093264248705,386,9400,6000,3400,0.6382978723404256,128,60,68,175.58968025795895,0.4085771202027679,0.8645649110738824,0.11614784798932887,4346480.389030575,66039.4203514723,4412519.8093820475,1998,0,1198.1839378238342,83,303,62,34.82140732809899,0.5711625647668394,39.3973214285714,33357.142857142564,401.8932874354526,0
2000,128,1,2,384,0.0025906735751295338,0.0051813471502590676,0.9948186528497409,386,10200,7100,3100,0.696078431372549,133,71,62,173.15973822681164,0.4086139896373057,0.8620983162385742,0.1151089026293489,4352122.969754318,63322.494834708836,4415445.464589027,1999,0,1199.1502590673574,87,299,67,34.71270237554851,0.572538860103627,39.22821969696967,33378.78787878754,383.6642284918108,0
2001,128.29664374266312,0,0,384,0.0,0.0,1.0,384,10700,7600,3100,0.7102803738317757,138,76,62,174.78006217890902,0.40840257379605455,0.8626140841858096,0.11649216584460204,4365208.763866176,65090.29183448835,4430299.055700664,2000,1,1206.3072916666667,88,296,68,34.579239201962174,0.5735677083333333,39.13857677902619,33467.64508118504,380.31414864983,0
2002,128.23342016620677,0,0,384,0.0,0.0,1.0,384,11500,8100,3400,0.7043478260869566,149,81,68,172.16859215115204,0.4082340055664346,0.8590345423978394,0.11544179065859778,4369871.866460822,62170.937425896824,4432042.803886718,2001,2,1207.3072916666667,97,287,66,34.440228750186606,0.5753580729166667,38.93494897959183,33477.26437821213,345.12643688878484,0
2003,128.4846410266448,0,0,384,0.0,0.0,1.0,384,10150,7400,2750,0.729064039408867,129,74,55,176.7831848360262,0.4082541204308094,0.8622502262257328,0.11897513037396659,4382631.0797365485,68005.09604743583,4450636.175783984,2002,3,1208.3072916666667,100,284,71,34.19241526818034,0.5765516493055556,38.80981848184818,33558.92671204389,335.5892671204389,0
2004,127.99855647591068,2,0,386,0.0051813471502590676,0.0,1.0,386,10150,6900,3250,0.6798029556650246,134,69,65,178.06190564234257,0.408849925980755,0.8638605716407568,0.12044414161703139,4371762.699982191,68338.8794749887,4440101.579457181,2003,0,1203.041450777202,106,280,52,33.98517525235596,0.5783948618307426,38.63901869158879,33453.82832660414,315.60215402456737,0
2005,128.33143119244158,0,0,386,0.0,0.0,1.0,386,10000,7200,2800,0.72,128,72,56,179.9819367715019,0.4089374032703048,0.8660139504423849,0.1221409442171589,4386813.936534009,70709.45371072185,4457523.390244731,2004,1,1204.041450777202,83,303,55,33.823264959291755,0.5795822538860104,38.52926587301588,33554.91352545435,404.2760665717392,0
2006,128.69372565728108,0,0,386,0.0,0.0,1.0,386,11900,8500,3400,0.7142857142857143,153,85,68,179.6282328545461,0.4086773545970437,0.8653357204680978,0.12242285988371347,4404020.069585337,69117.26851111474,4473137.338096452,2005,2,1205.041450777202,86,300,58,33.68668954996184,0.5810125215889465,38.38601532567051,33668.07837178649,391.4892833928662,0
2007,128.1989684885643,0,0,386,0.0,0.0,1.0,386,10650,8200,2450,0.7699530516431925,131,82,49,178.83836867428693,0.4087292241437319,0.8648631180098945,0.12247088039709471,4392468.916550011,69258.3950976639,4461727.311647675,2006,3,1206.041450777202,88,298,62,33.54412575635635,0.5824158031088082,38.22565543071162,33559.20095055289,381.3545562562829,0
2008,128.61801734321702,0,0,386,0.0,0.0,1.0,386,10850,7300,3550,0.6728110599078341,144,73,71,177.66032318366234,0.408514736558778,0.8642756731137085,0.12216523768978868,4411436.797076799,68697.4574145935,4480134.2544913925,2007,4,1207.041450777202,91,295,64,33.43564470574673,0.5836571675302245,38.08876811594204,33686.503364847216,370.1813556576617,0
2009,128.69036665838271,0,0,386,0.0,0.0,1.0,386,10950,7700,3250,0.7031963470319634,142,77,65,174.26384131273292,0.4084100161496535,0.8616566578637268,0.12023209257199648,4417671.7683863295,65818.09040356302,4483489.858789893,2008,5,1208.041450777202,95,291,64,33.41132460935342,0.5849794905008636,37.97743055555556,33719.78053457712,354.9450582587065,0
2010,128.25292598197777,1,0,387,0.002583979328165375,0.0,1.0,387,10050,7300,2750,0.7263681592039801,128,73,55,168.06880030775292,0.40869381853235326,0.8564488884460753,0.11030128003221379,4346043.172176131,58636.85240666998,4404680.024582801,2009,0,1205.9173126614987,98,289,63,35.29213146336867,0.5650570628768303,39.667508417508444,33388.40377363346,340.6979976901373,8
2011,128.3483428852993,0,0,387,0.0,0.0,1.0,387,9950,6800,3150,0.6834170854271356,131,68,63,235.9117544633991,0.4088667532455941,0.8955319301093481,0.14009888151202576,4230848.908459014,112271.39777282346,4343120.306231838,2010,1,1206.9173126614987,72,315,59,37.17894390722833,0.5257859603789836,43.23630136986299,32955.19523227828,457.71104489275393,8
2012,128.43210251194583,2,0,389,0.005141388174807198,0.0,1.0,389,9750,7000,2750,0.717948717948718,125,70,55,232.17721828892155,0.41018913594643064,0.8936293595437388,0.13843885565227254,4238530.842577684,109268.06013229575,4347798.90270998,2011,0,1201.706940874036,76,313,60,37.122189458164385,0.5274207369323051,43.08712121212119,32995.86118512373,434.15606822531225,0
2013,128.0201435652591,1,0,390,0.002564102564102564,0.0,1.0,390,10900,8100,2800,0.7431192660550459,137,81,56,229.51869747446415,0.41090773515259377,0.892933780167823,0.13729391176199685,4228829.4554587165,105219.08569170526,4334048.541150422,2012,0,1199.623076923077,79,311,62,37.069402228976664,0.5290865384615384,42.96874999999998,32905.1775257578,416.52123450326326,0
2014,127.90701313227153,3,2,391,0.007633587786259542,0.005089058524173028,0.9949109414758269,393,10600,7700,2900,0.7264150943396226,135,77,58,222.94654922230333,0.4127360072527739,0.890276075803738,0.1339652273645523,4230542.444438391,99436.96786520566,4329979.412303597,2013,0,1191.4580152671756,87,306,51,37.06891261659305,0.5308789228159457,42.803030303030305,32897.29618061076,378.12984115644554,0
2015,127.6796949606161,3,1,393,0.007614213197969543,0.0025380710659898475,0.9974619289340102,394,10600,7400,3200,0.6981132075471698,138,74,64,226.11326633326732,0.4134481977327426,0.8919757372905492,0.13660231214018062,4229508.621729928,101869.60188881411,4331378.223618742,2014,0,1189.4263959390862,70,324,55,36.7856057151543,0.5326512267343486,42.605633802816904,32864.03416063747,469.486202294821,0
2016,128.14443391835272,1,0,394,0.0025380710659898475,0.0,1.0,394,12150,8600,3550,0.7078189300411523,157,86,71,222.65134768040122,0.4135010742132841,0.8910996583668631,0.1354512376589395,4253286.690340528,98450.0027350863,4351736.693075615,2015,0,1190.4162436548224,72,322,58,36.61502178407916,0.5344225888324874,42.35159817351598,33016.20860202306,458.5584528058759,0
2017,128.1872448721137,1,0,395,0.002531645569620253,0.0,1.0,395,11900,9000,2900,0.7563025210084033,148,90,58,224.68361863550925,0.41443220030414013,0.8911637798818017,0.13770213854988075,4263572.3031635145,100690.97067778118,4364263.273841295,2016,0,1188.4,79,316,58,36.28836833602584,0.5365506329113924,42.083333333333314,33061.626906599144,418.5016064126474,0
2018,128.19346618174873,1,0,396,0.0025252525252525255,0.0,1.0,396,10750,8000,2750,0.7441860465116279,135,80,55,222.96794391260698,0.4150906480415974,0.8898552866385474,0.13733743168550025,4269767.478666312,100454.25514062704,4370221.733806939,2017,0,1186.3964646464647,83,313,59,36.147529989269486,0.5382207491582491,41.90228174603172,33086.44111657631,398.6318206816423,0
2019,127.71722526113744,4,2,398,0.01,0.005,0.995,400,10650,7400,3250,0.6948356807511737,139,74,65,218.0969203802994,0.41687278091060986,0.8878320785157308,0.13495880979938882,4259384.552505284,95141.7307233627,4354526.283228646,2018,0,1175.5225,89,311,55,36.103455229900504,0.5401302083333333,41.736111111111086,32984.7472740393,370.6151379105539,0
2020,127.84928806984547,1,0,399,0.002506265664160401,0.0,1.0,399,9300,5900,3400,0.6344086021505376,127,59,68,219.9899232410725,0.4165047774377317,0.8877059095850544,0.1367641998578903,4269293.7808519,98740.32222864062,4368034.10308054,2019,0,1179.388471177945,74,325,57,35.88423263646298,0.5418233082706767,41.569444444444464,33040.162543272614,446.4886830171975,0
2021,127.41886266564549,0,0,399,0.0,0.0,1.0,399,12300,9200,3100,0.7479674796747967,154,92,62,216.86278044180762,0.4167658467777484,0.8864637076390944,0.1353329921612545,4259392.845183923,92640.75508010673,4352033.60026403,2020,1,1180.388471177945,75,324,60,35.82632078805549,0.5435202589807853,41.433662280701775,32946.22867581437,439.28304901085824,0
2022,127.01449415912816,1,1,399,0.0025,0.0025,0.9975,400,10300,7300,3000,0.7087378640776699,133,73,60,211.55423999507676,0.41725929406850465,0.8835504995278098,0.13263508116113928,4251317.737382685,89576.85858191733,4340894.595964602,2021,0,1178.435,80,320,63,35.79441904004508,0.5449479166666666,41.26800411522635,32862.713580086245,410.7839197510781,0
2023,126.6103837684888,5,0,404,0.012376237623762377,0.0,1.0,404,10800,6900,3900,0.6388888888888888,147,69,78,203.7917377004812,0.41901664189371796,0.8808792359702033,0.12893848452081674,4248392.378289906,81557.45304103664,4329949.831330943,2022,0,1166.6287128712872,87,317,63,35.66526730637423,0.5474680280528053,40.94460227272729,32799.10332354867,377.00118762699617,0
2024,126.48975996330623,1,1,404,0.0024691358024691358,0.0024691358024691358,0.9975308641975309,405,11000,8200,2800,0.7454545454545455,138,82,56,201.72524942937466,0.419734496597808,0.8806552753202725,0.1280758012609022,4248371.121108672,79400.7448148411,4327771.865923513,2023,0,1164.7456790123456,89,316,56,35.59347973324999,0.549022633744856,40.82175925925928,32783.393459008556,368.35273549447817,0
2025,126.42025429895958,1,0,405,0.0024691358024691358,0.0,1.0,405,10400,7300,3100,0.7019230769230769,135,73,62,160.3137442441817,0.42015824267611945,0.85977854528777,0.101954594338512,4247975.954169865,44801.78613444336,4292777.740304308,2024,0,1164.2172839506172,105,300,59,36.6066464493303,0.5575102880658436,40.76257861635218,32772.86073512702,312.1224831916859,8
2026,126.09379601950353,1,1,405,0.0024630541871921183,0.0024630541871921183,0.9975369458128078,406,11200,8200,3000,0.7321428571428571,142,82,60,164.14871214901459,0.42052722536439013,0.8644992929556914,0.10484102356065887,4241925.298156669,46861.314944947655,4288786.613101617,2025,0,1162.347290640394,80,326,62,36.35432159973559,0.5591133004926108,40.61213991769546,32707.199919153452,408.8399989894182,0
2027,126.30878356980334,1,0,406,0.0024630541871921183,0.0,1.0,406,10900,7900,3000,0.7247706422018348,139,79,60,181.1644609420539,0.4207250045612114,0.8703689890300563,0.1099760851251141,4189816.1119594546,59709.155473891944,4249525.267433346,2026,0,1163.3399014778324,85,321,66,37.76349047731015,0.5383569376026273,42.42974806201548,32533.38520605432,382.7457083065214,8
2028,126.20725765549196,4,0,410,0.00975609756097561,0.0,1.0,410,10850,8200,2650,0.7557603686635944,135,82,53,180.18931281529424,0.42223696503468705,0.8728897524921537,0.10812127166840003,4172651.2036224045,57523.43059972479,4230174.634222129,2027,0,1152.980487804878,113,297,54,38.221045649444484,0.5380081300813009,42.85453216374267,32453.624314152217,287.2002151694887,8
2029,125.94929881897582,1,0,411,0.0024330900243309003,0.0,1.0,411,11650,8500,3150,0.7296137339055794,148,85,63,178.2966014654047,0.42246454216366985,0.873175548858002,0.10759492207652027,4170868.4499998074,54880.33395884882,4225748.783958656,2028,0,1151.1727493917274,83,328,59,38.05780088019404,0.5395377128953771,42.64632936507935,32413.514364957784,390.5242694573227,0
2030,125.70895588437372,2,0,413,0.004842615012106538,0.0,1.0,413,10750,7500,3250,0.6976744186046512,140,75,65,173.6419347627158,0.42300692697681347,0.8705348472987828,0.1054406891717391,4170267.714623783,51476.6708891524,4221744.385512935,2029,0,1146.593220338983,89,324,63,37.946294840110866,0.5410108958837773,42.41898148148148,32380.240893596478,363.82293138872444,0
2031,126.04612241654627,2,0,415,0.004819277108433735,0.0,1.0,415,10650,7500,3150,0.704225352112676,138,75,63,171.31133621974706,0.42382404012184005,0.8695073766463748,0.10459633550687607,4187914.026374988,49837.429566344625,4237751.4559413325,2030,0,1142.0626506024096,95,320,67,37.80398935050723,0.5429718875502008,42.22005208333334,32492.162871635217,342.0227670698444,0
2032,126.63663216817574,3,2,416,0.007177033492822967,0.004784688995215311,0.9952153110047847,418,11200,7700,3500,0.6875,147,77,70,166.2750273534384,0.4248501916170413,0.8666501799276338,0.1022745226671541,4216268.7289010305,45412.03964549373,4261680.768546524,2031,0,1134.858851674641,101,317,66,37.66193076882486,0.5449810606060606,41.95261437908497,32678.25185483528,323.54704806767603,0
2033,126.35234461703484,2,2,416,0.004784688995215311,0.004784688995215311,0.9952153110047847,418,12400,9600,2800,0.7741935483870968,152,96,56,168.8114470191791,0.4252026608378369,0.8687646281553227,0.10431681726057007,4212247.114114684,46215.10610721263,4258462.220221897,2032,0,1135.8086124401914,104,314,57,37.426761564469004,0.5467005582137161,41.78571428571429,32625.980413613044,313.71135013089463,0
2034,126.10582468417728,0,0,416,0.0,0.0,1.0,416,11600,8100,3500,0.6982758620689655,151,81,70,170.12931562878788,0.42458729147358665,0.8687961416081333,0.10536789969786567,4206660.944989539,48335.26953068352,4254996.2145202225,2033,1,1142.266826923077,108,308,59,37.31053598737111,0.5478265224358974,41.704892966360845,32572.517484364755,301.5973841144885,0
2035,126.58319015425235,0,1,415,0.0,0.002403846153846154,0.9975961538461539,416,11800,8700,3100,0.7372881355932204,149,87,62,165.5992455767321,0.4247961799119555,0.8651019848218473,0.10297716686632762,4227319.37460952,45008.17984944672,4272327.5544589665,2034,2,1143.266826923077,87,329,65,37.28038786851705,0.5492538060897436,41.56013257575755,32714.142881602365,376.0246308230157,0
2036,126.87989862527236,0,0,415,0.0,0.0,1.0,415,12900,9200,3700,0.7131782945736435,166,92,74,168.22518695499224,0.4246430165104864,0.8661932454870385,0.10508723510801593,4242563.582656428,46841.210372162524,4289404.793028591,2035,3,1147.012048192771,88,327,70,37.047126046616846,0.5507530120481927,41.39747191011233,32811.462548283795,372.8575289577704,0
2037,127.23149780718846,1,0,416,0.002403846153846154,0.0,1.0,416,10800,7700,3100,0.7129629629629629,139,77,62,166.65222092628076,0.42511138303212853,0.8643963343533541,0.10464719858272084,4260414.259221344,48001.4996730449,4308415.7588943895,2036,0,1145.2524038461538,93,323,74,36.89956857791288,0.5523587740384616,41.212322695035425,32925.943797553555,354.04240642530704,0
2038,126.92407921610024,1,0,417,0.002398081534772182,0.0,1.0,417,11000,7500,3500,0.6818181818181818,145,75,70,164.07893859677162,0.42539910379388796,0.8616578981384502,0.10352798003846897,4255727.466769815,45255.04914094172,4300982.515910757,2037,0,1143.5035971223022,99,318,76,36.79270581925449,0.5538069544364508,41.04166666666662,32868.048013668726,332.0004849865528,0
2039,126.99941873473996,3,4,416,0.007142857142857143,0.009523809523809525,0.9904761904761905,420,11650,9000,2650,0.7725321888412017,143,90,53,160.08589973349615,0.4263550308747206,0.8594429046418544,0.10163282277443701,4265419.600980795,40916.70691277749,4306336.307893572,2038,0,1136.3285714285714,109,311,54,36.674819138441265,0.5557539682539683,40.82386363636359,32915.21866809689,301.9744831935494,0
2040,126.64453867181524,0,1,415,0.0,0.002403846153846154,0.9975961538461539,416,11250,8400,2850,0.7466666666666667,141,84,57,161.4478737865101,0.4252202318890948,0.8601209598711739,0.10275733447326943,4256429.364923735,42988.29417787767,4299417.659101613,2039,1,1148.0865384615386,113,303,59,36.548865158243444,0.5570162259615384,40.73464912280697,32834.54075542775,290.5711571276792,0
2041,126.51076653133816,0,1,414,0.0,0.0024096385542168677,0.9975903614457832,415,11350,8000,3350,0.7048458149779736,147,80,67,161.99187022746943,0.42482320586694605,0.8604601978481936,0.10345966952601454,4255910.415348121,43534.57754056283,4299444.992888683,2040,2,1151.7807228915663,89,326,62,36.411574301310374,0.5585090361445784,40.61342592592595,32815.19431404915,368.71004847246235,0
2042,126.76137518401478,0,0,414,0.0,0.0,1.0,414,12300,9300,3000,0.7560975609756098,153,93,60,163.58347013327977,0.4245080135140931,0.8625983503808741,0.10502318144796992,4270361.02077318,44612.094899996,4314973.115673176,2041,3,1155.5531400966183,90,324,65,36.184273387428725,0.5599084138486312,40.43040293040297,32903.39908050318,365.593323116702,0
2043,126.90358723514876,1,0,415,0.0024096385542168677,0.0,1.0,415,10600,8000,2600,0.7547169811320755,132,80,52,165.35631810006717,0.4247945889839551,0.8635603556893781,0.10689232398995806,4283042.44704352,48045.625861884946,4331088.072905405,2042,0,1153.766265060241,95,320,70,35.89486579797308,0.5613704819277108,40.19097222222225,32970.69762107675,347.05997495870264,0
2044,126.83020118932777,0,0,415,0.0,0.0,1.0,415,11200,7900,3300,0.7053571428571429,145,79,66,170.94856861274238,0.42487461924994663,0.8681608809825334,0.11105527329878064,4286229.907871307,52344.97349914642,4338574.881370453,2043,1,1154.766265060241,97,318,66,35.574796939095336,0.5627259036144578,40.01913265306124,32973.4257109884,339.93222382462267,0
2045,126.40702115998076,3,1,417,0.007177033492822967,0.0023923444976076554,0.9976076555023924,418,11150,7700,3450,0.6905829596412556,146,77,69,170.29178830540903,0.4258138943390742,0.8688292164231386,0.11128729018389037,4278682.348897382,50974.89375690576,4329657.242654287,2044,0,1147.4712918660287,103,315,66,35.38294292386857,0.5646431419457736,39.81370192307694,32889.37488654692,319.3143192868633,0
2046,126.11673956707763,2,3,416,0.00477326968973747,0.007159904534606206,0.9928400954653938,419,11800,8500,3300,0.7203389830508474,151,85,66,172.77963891055765,0.42627791544384935,0.8716421751045618,0.11338947369993244,4273620.73894903,52078.929623257914,4325699.668572288,2045,0,1145.6658711217183,109,310,57,35.17056339650554,0.5661296738265712,39.66856060606062,32832.152343168134,301.21240681805625,0
2047,125.93305653529947,0,0,416,0.0,0.0,1.0,416,12850,9300,3550,0.7237354085603113,164,93,71,201.53136683271418,0.4256920711692926,0.8862581970558623,0.12688845746906025,4220035.349423942,74043.89841035481,4294079.247834297,2046,1,1154.923076923077,90,326,57,35.89991598868057,0.5501552483974359,41.1172161172161,32601.900258726175,362.2433362080686,8
2048,126.49816822760745,0,1,415,0.0,0.002403846153846154,0.9975961538461539,416,10100,6700,3400,0.6633663366336634,135,67,68,204.34273228442808,0.42564766276645044,0.8873092390183539,0.1291861680374426,4243721.944284979,80134.74743011456,4323856.691715094,2047,2,1155.923076923077,92,324,58,35.67917783735476,0.5514072516025641,40.9722222222222,32766.539408956403,356.15803705387395,0
2049,126.49287562803957,0,0,415,0.0,0.0,1.0,415,11700,7900,3800,0.6752136752136753,155,79,76,205.0211499592754,0.4254156723512407,0.8876815510958462,0.12997212350629167,4246730.490076264,79433.91372850846,4326164.4038047725,2048,4,1159.7036144578312,99,316,59,35.562389451680296,0.5526857429718876,40.87499999999997,32777.4663971154,331.08551916278185,0
2050,126.87962695569662,1,0,416,0.002403846153846154,0.0,1.0,416,12350,9200,3150,0.7449392712550608,155,92,63,209.73985689386373,0.4258785140562249,0.891612961739928,0.1336387630211302,4265585.96495745,83382.67797172768,4348968.642929178,2049,0,1157.9134615384614,101,315,50,35.25785875572708,0.5541866987179487,40.69648692810455,32900.33300686333,325.74587135508244,0
2051,127.08683647558229,0,0,416,0.0,0.0,1.0,416,11950,8100,3850,0.6778242677824268,158,81,77,213.99867950501064,0.4259165266836577,0.8945211028658946,0.13690795182125579,4277260.4298455,87915.61677719338,4365176.046622694,2050,1,1158.9134615384614,72,344,51,35.00153540131264,0.5555138221153846,40.553652968036516,32972.21547943819,457.9474372144193,0
2052,127.01767561705839,1,0,417,0.002398081534772182,0.0,1.0,417,11000,7500,3500,0.6818181818181818,145,75,70,210.9279610738188,0.4263759665344647,0.893215398502373,0.13566117389171303,4281054.127364598,86198.80366633346,4367252.931030932,2051,0,1157.1318944844124,76,341,52,34.89159979852713,0.5572292166266987,40.367965367965354,32977.85755468852,433.9191783511647,0
2053,127.05676140187366,0,0,417,0.0,0.0,1.0,417,13500,9800,3700,0.725925925925926,172,98,74,226.45211084527259,0.4266219236149542,0.9006589392996516,0.13799076902246413,4219147.516005719,94186.97219341685,4313334.488199136,2052,1,1158.1318944844124,69,348,56,36.45580706009164,0.532074340527578,42.291666666666664,32743.58621960785,474.5447278204036,8
2054,127.3209856093418,3,1,419,0.007142857142857143,0.002380952380952381,0.9976190476190476,420,11100,7400,3700,0.6666666666666666,148,74,74,221.5187089997179,0.42746938572565063,0.8986279986439369,0.13598907830374063,4236740.689632534,92603.46558679469,4329344.155219329,2053,0,1150.852380952381,75,345,53,36.30835369957143,0.5339037698412699,42.02302631578947,32845.882553988915,437.9451007198522,0
2055,127.0374127320785,0,1,418,0.0,0.002386634844868735,0.9976133651551312,419,11350,8000,3350,0.7048458149779736,147,80,67,221.5175013051057,0.4273558503005181,0.8981123615073674,0.1363118662869743,4230116.766973512,92258.97928976115,4322375.746263273,2054,1,1154.5155131264917,76,343,58,36.22068742573563,0.5351780031821798,41.93722943722944,32783.62669476641,431.3635091416633,0
2056,126.85024004602167,4,2,420,0.009478672985781991,0.004739336492890996,0.995260663507109,422,10650,8000,2650,0.7511737089201878,133,80,53,186.14678725575044,0.4287380437760091,0.8806352468202696,0.11468204165896179,4225282.108684719,62254.53795617172,4287536.64664089,2055,0,1147.2345971563982,95,327,69,37.08998087190481,0.5416172985781991,41.894531249999986,32740.740668128277,344.63937545398187,8
2057,127.02031382130421,2,1,421,0.004739336492890996,0.002369668246445498,0.9976303317535545,422,11700,7600,4100,0.6495726495726496,158,76,82,189.85136415460687,0.42940902762924354,0.8821282116818687,0.11757396430456234,4237080.570189182,64783.10525667956,4301863.675445861,2056,0,1146.6872037914693,101,321,54,36.80379830249357,0.5434439178515008,41.70751633986929,32808.39233219395,324.8355676454847,0
2058,127.0596625588764,1,1,421,0.002369668246445498,0.002369668246445498,0.9976303317535545,422,11050,7600,3450,0.6877828054298643,145,76,69,190.35191085114164,0.4294560504403493,0.8807703167271397,0.1184131512286086,4243664.836115322,66107.9421132686,4309772.77822859,2057,0,1147.6848341232228,86,336,56,36.62723138453932,0.5448015402843602,41.54693486590036,32838.95924324578,381.84836329355556,0
2059,127.2673950383097,0,0,421,0.0,0.0,1.0,421,10600,7300,3300,0.6886792452830188,139,73,66,191.6747476807354,0.429411265693926,0.8810861681856383,0.11954768243411171,4253673.526948511,68264.35999881453,4321937.886947325,2058,1,1151.4014251781473,87,334,59,36.49791685743064,0.5459224069675377,41.45359848484846,32904.52701736197,378.2129542225514,0
2060,127.16499114339726,2,0,423,0.004728132387706856,0.0,1.0,423,11500,7900,3600,0.6869565217391305,151,79,72,188.52397747275398,0.4297780373395479,0.8798473258848725,0.11817409377593208,4256136.659773206,64376.7623536074,4320513.422126814,2059,0,1146.952718676123,92,331,63,36.39704821276533,0.5476507092198581,41.2746415770609,32900.807912424934,357.61747730896667,0
2061,127.58305921280738,1,0,424,0.0023584905660377358,0.0,1.0,424,13550,10500,3050,0.7749077490774908,166,105,61,188.0853001407466,0.43017408968583193,0.8807519627680467,0.11866794682349358,4277751.915323803,62566.45058426473,4340318.365908068,2060,0,1145.245283018868,96,328,64,36.17322924442228,0.5497248427672956,41.04381443298966,33038.4223567183,344.15023288248227,0
2062,127.86111430584268,0,0,424,0.0,0.0,1.0,424,11250,8600,2650,0.7644444444444445,139,86,53,191.12999394894257,0.4301319240004758,0.883848427337554,0.1211119278007105,4292145.013326243,68021.53008500427,4360166.5434112465,2061,1,1146.245283018868,97,327,63,35.93837599649939,0.5510760613207547,40.89073129251698,33129.99982391048,341.5463899372215,0
2063,127.92035582243534,0,0,424,0.0,0.0,1.0,424,12900,9000,3900,0.6976744186046512,168,90,78,192.64574333884536,0.4301110153961669,0.8846985804060046,0.1224097984821364,4297362.018306362,67873.70008254927,4365235.718388911,2062,2,1147.245283018868,98,326,51,35.799844394831204,0.5525992531446541,40.79335016835015,33157.806878005824,338.34496814291657,0
2064,127.4935097978558,0,0,424,0.0,0.0,1.0,424,12550,9600,2950,0.7649402390438247,155,96,59,193.49559544031212,0.43031185415644463,0.8858327132452997,0.12329331701585543,4286269.636603406,68524.85911046022,4354794.495713866,2063,3,1148.245283018868,103,321,54,35.67767681254585,0.5538030660377358,40.69511217948716,33059.69025597621,320.9678665628758,0
2065,127.09974066743722,1,3,422,0.002352941176470588,0.007058823529411765,0.9929411764705882,425,12300,8500,3800,0.6910569105691057,161,85,76,178.711981876999,0.4307496300406955,0.8752296650465763,0.11159259639731316,4249435.86266168,54585.02097509086,4304020.883636771,2064,0,1146.5411764705882,89,336,64,36.790760301972355,0.547328431372549,41.412037037037,32866.463032313055,369.28610148666354,7
2066,126.98197964159283,0,0,422,0.0,0.0,1.0,422,11300,7200,4100,0.6371681415929203,154,72,82,174.95043548844083,0.4302010277943511,0.8716981825955317,0.10988091073327806,4252303.036035363,53088.45359663886,4305391.489632001,2065,1,1154.7203791469194,96,326,68,36.677265308380676,0.5491706161137441,41.20489690721646,32862.31451227129,342.3157761694926,0
2067,127.35371886528492,3,0,425,0.007058823529411765,0.0,1.0,425,12800,9000,3800,0.703125,166,90,76,170.78866425575532,0.431145948945616,0.8698035272734734,0.10790188294623787,4271652.773719596,48109.97427759034,4319762.747997186,2066,0,1147.5623529411764,103,322,71,36.572091277053765,0.5515441176470588,40.99559294871791,32985.17444047832,320.2444120434788,0
2068,127.43245531028826,1,0,426,0.002347417840375587,0.0,1.0,426,13200,9700,3500,0.7348484848484849,167,97,70,169.97715574005377,0.43176551136886676,0.8698726292138033,0.10783584093899301,4279136.459522658,47071.0888826422,4326207.5484053,2067,0,1145.8661971830986,106,320,69,36.44393313298267,0.5532814945226917,40.848909657320824,33024.25973870528,311.54962017646494,0
2069,127.19733803215033,1,0,427,0.00234192037470726,0.0,1.0,427,11950,9100,2850,0.7615062761506276,148,91,57,170.01163815938338,0.4319945171942401,0.8708838972022634,0.10848791604273451,4278006.108045443,48112.16529692922,4326118.273342372,2068,0,1144.1803278688524,110,317,61,36.23441099492225,0.5549619437939111,40.643768768768744,32989.42221466312,299.9038383151193,0
2070,127.32746373431324,2,2,427,0.004662004662004662,0.004662004662004662,0.9953379953379954,429,10450,7500,2950,0.7177033492822966,134,75,59,165.80618299927096,0.4324122787907834,0.8688454359840412,0.10646350684880898,4289576.047486962,45997.64622378393,4335573.693710745,2069,0,1139.841491841492,88,341,68,36.12213304475906,0.556478243978244,40.42602996254684,33050.89525631582,375.578355185407,0
2071,127.60579424606398,1,0,428,0.002336448598130841,0.0,1.0,428,11450,8500,2950,0.74235807860262,144,85,59,168.03195328405397,0.4321606860148686,0.8696414376818793,0.10866565989211663,4307206.376425521,47699.66012566377,4354906.036551185,2070,0,1143.4532710280373,92,336,72,35.81111422454057,0.5579731308411215,40.176971326164896,33154.92393734281,360.3796080145958,0
2072,127.37242963658146,0,0,428,0.0,0.0,1.0,428,12150,8700,3450,0.7160493827160493,156,87,69,170.90900798658487,0.4322810650995499,0.8717205571964768,0.11111839155132185,4305472.63528039,49418.811401833016,4354891.446682223,2071,1,1144.4532710280373,96,332,69,35.547627898012,0.5595307632398754,39.99140893470793,33117.92597037089,344.97839552469674,0
2073,126.98463584403181,1,0,429,0.002331002331002331,0.0,1.0,429,13050,10200,2850,0.7816091954022989,159,102,57,173.41665990314502,0.4324896611695677,0.8734468734468714,0.1132308779367603,4297240.992464894,50192.63594242882,4347433.628407323,2072,0,1142.7832167832169,99,330,64,35.33220720720722,0.5610188422688422,39.84375000000002,33035.84666879919,333.69542089696154,0
2074,127.20467883924479,0,0,429,0.0,0.0,1.0,429,11950,8600,3350,0.7196652719665272,153,86,67,174.2171121707081,0.4324417794043962,0.8737089571912713,0.11394525409639934,4306612.008863882,52307.10148479237,4358919.1103486745,2073,1,1143.7832167832169,102,327,56,35.25221855162584,0.5621114996114995,39.785598705501634,33100.489346013266,324.5146014315026,0
2075,126.99905821375013,2,1,430,0.004640371229698376,0.002320185614849188,0.9976798143851509,431,10750,8100,2650,0.7534883720930232,134,81,53,176.63999999999842,0.4328099426248673,0.877772621809743,0.11621052631578944,4306337.423155088,55184.288485223005,4361521.711640311,2074,0,1139.4709976798144,105,326,60,34.98333333333332,0.5636842614075792,39.58333333333336,33072.671409831084,314.97782295077224,0
2076,126.70199863057854,0,0,430,0.0,0.0,1.0,430,11500,8400,3100,0.7304347826086957,146,84,62,177.0826505581035,0.4326816916933196,0.8777590818115821,0.11683895486572192,4299538.5699553685,54774.737228896796,4354313.307184265,2075,1,1143.1162790697674,83,347,61,34.87084285351616,0.5650193798449612,39.48412698412694,33007.88178610062,397.6853227241038,0
2077,126.77898660684208,0,0,430,0.0,0.0,1.0,430,12400,8300,4100,0.6693548387096774,165,83,82,174.90877418448392,0.43275374496304725,0.8761330141122983,0.11560725102532274,4304136.551701893,52166.24963615966,4356302.801338052,2076,2,1144.1162790697674,84,346,64,34.86631707661196,0.5659883720930232,39.42401960784309,33035.55872820152,393.28046105001806,0
2078,126.84948763746178,0,0,430,0.0,0.0,1.0,430,11500,7500,4000,0.6521739130434783,155,75,80,173.68747408627615,0.4327733958547912,0.8743956336772876,0.11538136401899213,4312238.574702238,52296.365139485286,4364534.939841723,2077,3,1145.1162790697674,90,340,66,34.72249659774354,0.5673449612403101,39.25137362637359,33075.82965766605,367.5092184185117,0
2079,126.59381471416194,0,0,430,0.0,0.0,1.0,430,11700,8300,3400,0.7094017094017094,151,83,68,174.03708348451568,0.4327496792613072,0.8746218321231245,0.11589366780394253,4306269.584416482,52190.11983398246,4358459.704250464,2078,4,1146.1162790697674,92,338,67,34.62947853594997,0.5684593023255814,39.16890681003581,33019.60308298222,358.9087291628502,0
2080,127.11843241271242,1,0,431,0.002320185614849188,0.0,1.0,431,9950,6700,3250,0.6733668341708543,132,67,65,173.82940402477203,0.43293494487310924,0.873956374706159,0.11632020471965955,4329603.354504356,54372.47415542828,4383975.828659784,2079,0,1144.4547563805104,96,335,66,34.46654871626069,0.5697747486465584,39.00343642611682,33177.474026616655,345.5986877772568,0
2081,127.25622715908806,1,1,431,0.0023148148148148147,0.0023148148148148147,0.9976851851851852,432,12400,8500,3900,0.6854838709677419,163,85,78,173.4077507954614,0.4331831075807053,0.87523061261136,0.1167125430090709,4340817.073073001,51746.26505122445,4392563.338124225,2080,0,1142.8032407407406,101,331,65,34.27790376394534,0.5714457947530864,38.80718954248364,33238.41161990211,329.0931843554664,0
2082,127.26995925239017,1,1,431,0.0023148148148148147,0.0023148148148148147,0.9976851851851852,432,12100,8800,3300,0.7272727272727273,154,88,66,171.36113965681233,0.43319810106413453,0.8742082422943798,0.11580285122728894,4345826.021464871,50441.13995768914,4396267.16142256,2081,0,1143.6550925925926,104,328,55,34.192465138055795,0.5729407793209876,38.6706349206349,33259.37764510356,319.8017081259958,0
2083,127.59256310584057,0,0,431,0.0,0.0,1.0,431,11400,7900,3500,0.6929824561403509,149,79,70,164.48750838603624,0.43303589093329015,0.8706070402437027,0.10797947131200779,4323968.059178492,44647.74647901577,4368615.805657508,2082,2,1147.308584686775,110,321,60,35.37611443539279,0.5643609822119102,39.65840840840843,33217.65095422538,301.97864503841254,8
2084,127.19716633700794,0,0,431,0.0,0.0,1.0,431,11250,8100,3150,0.72,144,81,63,168.75729039137286,0.4328841346067375,0.8738466596253565,0.11114485324835284,4314287.34606907,48163.4884984792,4362450.834567549,2083,3,1148.308584686775,83,348,61,35.15078203113837,0.5655452436194895,39.54613095238092,33128.99410436697,399.14450728152974,0
2085,127.13174439009019,0,0,431,0.0,0.0,1.0,431,11100,8100,3000,0.7297297297297297,141,81,60,165.62010565398992,0.4327530621054336,0.8714630971658219,0.1096169736498577,4317656.433867778,45718.142950961024,4363374.576818739,2084,4,1149.308584686775,85,346,67,35.0609885981627,0.5668986852281516,39.37742248062013,33133.402907480006,389.8047400880001,0
2086,127.00507518369879,0,0,431,0.0,0.0,1.0,431,11000,7400,3600,0.6727272727272727,146,74,72,164.22212790845256,0.43272585837874783,0.8695560013016415,0.10911816519710471,4317783.231873289,44615.110037132865,4362398.341910422,2085,5,1150.308584686775,91,340,68,34.96146330872774,0.5681554524361949,39.243659420289845,33117.37863995214,363.9272378016719,0
2087,127.03588264642116,0,1,430,0.0,0.002320185614849188,0.9976798143851509,431,10850,6700,4150,0.6175115207373272,150,67,83,167.87642724674717,0.4326181675929423,0.871438287963604,0.11197530765839678,4323163.02994402,48101.43277444401,4371264.462718464,2086,6,1151.308584686775,92,339,70,34.73322385368364,0.5695330626450116,39.112903225806434,33142.02260977178,360.23937619317155,0
2088,126.96398197961564,0,1,429,0.0,0.002325581395348837,0.9976744186046511,430,12400,8600,3800,0.6935483870967742,162,86,76,166.37475593006462,0.4322506143727074,0.8699104583916619,0.11131241844977605,4324146.75323323,45485.77213499108,4369632.525368221,2087,7,1154.120930232558,97,333,67,34.66712823436778,0.5710029069767442,39.00935374149658,33136.411708412656,341.61249183930573,0
2089,127.20675628027746,0,0,429,0.0,0.0,1.0,429,9900,6100,3800,0.6161616161616161,137,61,76,167.9153061828334,0.4320537328714899,0.8710667903337161,0.11276604036968065,4336643.883083036,49937.77708675928,4386581.660169795,2088,8,1157.7808857808857,100,329,66,34.49744253100562,0.5720425407925408,38.88201320132012,33215.972107096226,332.15972107096223,0
2090,127.41736724871987,0,0,429,0.0,0.0,1.0,429,12250,8200,4050,0.6693877551020408,163,82,81,166.54714430647533,0.4320405710592627,0.8703638379609111,0.11223791506862867,4347745.907285502,46770.93300571226,4394516.840291214,2089,9,1158.7808857808857,102,327,71,34.41335023808601,0.5733294483294483,38.76415857605176,33285.98314524335,326.3331680906211,0
2091,127.28783485322136,0,0,429,0.0,0.0,1.0,429,12850,9800,3050,0.7626459143968871,159,98,61,169.23800057188814,0.4319071375146142,0.8724623470010908,0.11454420118626749,4348159.917698166,48524.77812761203,4396684.695825778,2090,10,1159.7808857808857,107,322,63,34.19526445264451,0.5748834498834499,38.618827160493815,33270.643562136225,310.9405940386563,0
2092,126.85650523345794,0,0,429,0.0,0.0,1.0,429,11250,7700,3550,0.6844444444444444,148,77,71,170.31475690862058,0.43173989172820953,0.8730578850100781,0.11553784860557786,4335984.530280539,50646.430246854005,4386630.960527393,2091,11,1160.7808857808857,85,344,63,34.08864541832672,0.5762432012432013,38.54166666666667,33167.690430831215,390.2081227156614,0
2093,126.47971744555335,0,0,429,0.0,0.0,1.0,429,11550,7800,3750,0.6753246753246753,153,78,75,169.97590593433517,0.43158648853742315,0.8728872631959252,0.11560663760274334,4325976.901746153,49712.36858506239,4375689.270331215,2092,12,1161.7808857808857,83,346,65,34.00922391857507,0.5773358585858586,38.45486111111112,33080.15526592478,398.55608754126246,0
2094,126.51106849261275,0,0,429,0.0,0.0,1.0,429,11200,7800,3400,0.6964285714285714,146,78,68,170.77512301916911,0.43150865230304486,0.8726539839524661,0.11640189419582478,4329448.708036657,50872.42714402896,4380321.135180687,2093,13,1162.7808857808857,84,345,67,33.91457435513085,0.5784770784770785,38.38235294117648,33097.5280659351,394.01819126113213,0
2095,126.44830853735677,0,0,429,0.0,0.0,1.0,429,11600,7900,3700,0.6810344827586207,153,79,74,167.3325943189257,0.43152113333188097,0.8701285151989384,0.11455137655166114,4332098.814654816,47580.2667004265,4379679.081355242,2094,14,1163.7808857808857,88,341,69,33.857217378344174,0.579763986013986,38.2373595505618,33099.44312310373,376.1300354898151,0
2096,126.05670469704309,0,0,429,0.0,0.0,1.0,429,12550,8700,3850,0.6932270916334662,164,87,77,165.66707880624853,0.43144919722022523,0.8691942758266427,0.11380201561359403,4322465.600069986,44868.049840817985,4367333.649910804,2095,15,1164.7808857808857,91,338,70,33.784291365817815,0.5809537684537684,38.12273550724637,33011.38499703239,362.76247249486147,0
2097,126.0429946190694,0,0,429,0.0,0.0,1.0,429,11400,8100,3300,0.7105263157894737,147,81,66,164.46506550667712,0.4313591068848078,0.8683692211934726,0.11347149719586351,4326793.010153103,45121.259169731784,4371914.269322835,2096,16,1165.7808857808857,95,334,71,33.66807465076474,0.5821678321678322,37.97743055555554,33026.1093105607,347.64325590063896,0
2098,125.99138642177279,0,0,429,0.0,0.0,1.0,429,12300,9600,2700,0.7804878048780488,150,96,54,163.81465822473479,0.4312308926794908,0.8681250485054377,0.11331011661048267,4327799.80565466,43691.40920567717,4371491.214860337,2097,17,1166.7808857808857,97,332,70,33.599590075293676,0.5832119269619269,37.89328231292515,33023.188751854526,340.44524486447966,0
2099,125.59819044690593,0,0,429,0.0,0.0,1.0,429,11600,8000,3600,0.6896551724137931,152,80,72,164.8710085069361,0.43091364761925505,0.8679817630332531,0.11438615567458632,4317586.096763934,44968.954817797305,4362555.051581731,2098,18,1167.7808857808857,102,327,71,33.470256232241745,0.5846445221445222,37.793284789643984,32932.68895344758,322.8694995436037,0
2100,125.77707452735152,0,1,428,0.0,0.002331002331002331,0.9976689976689976,429,11350,7500,3850,0.6607929515418502,152,75,77,167.774938978407,0.43079564516480406,0.8707795319094658,0.11693133789728766,4328681.695842576,48098.86147538552,4376780.557317962,2099,19,1168.7808857808857,108,321,60,33.24166150633205,0.5858828671328671,37.643348623853186,32998.45209288363,305.54122308225584,0
2101,126.33135180658478,0,0,428,0.0,0.0,1.0,428,11150,7900,3250,0.7085201793721974,144,79,65,167.02194643769235,0.4304146193102643,0.8708086167516493,0.11677929574757522,4351242.287731885,48600.59126379443,4399842.878995679,2100,20,1172.306074766355,108,320,61,33.15453866880279,0.5868623442367602,37.53822629969417,33157.15066911335,307.0106543436421,0
2102,126.05329486810194,0,0,428,0.0,0.0,1.0,428,13300,9800,3500,0.7368421052631579,168,98,70,166.76912552779172,0.430375176920776,0.8709002693419337,0.11712287000323639,4346496.280524957,46072.27676259002,4392568.557287547,2101,21,1173.306074766355,86,342,63,33.012754753111764,0.5881279205607477,37.39224137931036,33102.573232065326,384.9136422333177,0
2103,126.190116492329,1,0,429,0.002331002331002331,0.0,1.0,429,12750,9500,3250,0.7450980392156863,160,95,65,165.94985143922892,0.4302587339970518,0.8708508418085266,0.11708278330643293,4356177.393595604,46031.3982620239,4402208.791857628,2102,0,1171.5687645687647,88,341,66,32.88205270972531,0.5898407148407148,37.24250936329589,33157.39835267781,376.78861764406605,0
2104,126.23679537129213,0,0,429,0.0,0.0,1.0,429,10650,7500,3150,0.704225352112676,138,75,63,165.96165965001796,0.42999504389691307,0.8717195865276304,0.11789743873838943,4365198.005992163,48441.10115508198,4413639.107147245,2103,1,1172.5687645687647,90,339,69,32.65475827747311,0.5910304972804973,37.019230769230774,33197.84955196965,368.864995021885,0
2105,126.7455663803119,0,0,429,0.0,0.0,1.0,429,11450,7900,3550,0.6899563318777293,150,79,71,166.03453204454885,0.4298491293234284,0.8721460019071385,0.11830151340248658,4386014.000450763,48395.9564211362,4434409.956871899,2104,2,1173.5687645687647,91,338,71,32.55456028979269,0.5919046231546232,36.922554347826086,33343.899851070484,366.41648187989546,0
2106,127.30610646419291,0,0,429,0.0,0.0,1.0,429,11600,8000,3600,0.6896551724137931,152,80,72,183.89272963992772,0.42965056750103475,0.8778642474030816,0.1352925082350901,4439810.925307781,65889.79002800489,4505700.715335786,2105,3,1174.5687645687647,103,326,61,31.040781755663428,0.6048708236208236,35.897435897435905,33621.86914310747,326.42591401075214,8
2107,127.35426740239538,0,0,429,0.0,0.0,1.0,429,11750,8000,3750,0.6808510638297872,155,80,75,186.34040948458914,0.42938301962834674,0.879775709185505,0.13768912532649383,4446093.708931573,68147.38446583258,4514241.093397405,2106,4,1175.5687645687647,105,324,58,30.836765653860947,0.6060848873348874,35.760613207547166,33652.01352381099,320.49536689343796,0
2108,127.55464238114249,0,0,429,0.0,0.0,1.0,429,11150,7500,3650,0.672645739910314,148,75,73,188.9318643044054,0.4291708421381319,0.8828033938577549,0.14019010288532027,4457530.955622596,71483.92672807384,4529014.882350669,2107,5,1176.5687645687647,107,322,67,30.634044752523412,0.6072018259518259,35.62885802469135,33721.76647055459,315.1566959864915,0
2109,127.27044086343447,0,0,429,0.0,0.0,1.0,429,11600,8100,3500,0.6982758620689655,151,81,70,188.64093902238025,0.4287995882622051,0.883322563548433,0.14038702722731747,4450707.165401469,70517.11579899414,4521224.281200463,2108,6,1177.5687645687647,112,317,55,30.547640210533675,0.6082216394716395,35.53650442477877,33658.385674143494,300.5213006619955,0
2110,126.88817681766359,0,1,428,0.0,0.002331002331002331,0.9976689976689976,429,11100,7900,3200,0.7117117117117117,143,79,64,188.98975218571394,0.42847235837890046,0.8843675819147194,0.14090763683117552,4439287.224186216,70895.95847603235,4510183.182662248,2109,7,1178.5687645687647,117,312,55,30.479274431280945,0.609338578088578,35.47846045197741,33564.65588225026,286.8774007029937,0
2111,127.42081922687373,0,1,427,0.0,0.002336448598130841,0.9976635514018691,428,11650,8800,2850,0.7553648068669528,145,88,57,190.06707702457726,0.4280065816352587,0.8850033108582518,0.14222546585497312,4461739.592085795,72355.96054251576,4534095.55262831,2110,8,1182.196261682243,80,348,57,30.335390546538374,0.6105188862928349,35.36522633744857,33719.979656000716,421.49974570000893,0
2112,127.29191081114955,0,0,427,0.0,0.0,1.0,427,11800,8500,3300,0.7203389830508474,151,85,66,188.3417607224399,0.4278927206224597,0.8834920699055124,0.14161206228517695,4462258.6011187965,70885.92834671475,4533144.529465511,2111,9,1184.7330210772834,82,345,61,30.228872404967323,0.6116071428571428,35.21586345381529,33704.87869344447,411.03510601761553,0
2113,127.41328549547616,0,0,427,0.0,0.0,1.0,427,10500,6900,3600,0.6571428571428571,141,69,72,189.04079407680757,0.4276047908580811,0.8826918974242428,0.14290105011216506,4472120.510582388,73182.64250553572,4545303.153087924,2112,10,1185.7330210772834,87,340,64,30.041074699548766,0.6129488680718189,35.04971590909093,33758.18618898273,388.02512860899685,0
2114,127.24011322071111,0,0,427,0.0,0.0,1.0,427,10750,7300,3450,0.6790697674418604,142,73,69,189.24149289447217,0.4270793247646168,0.8819474001786298,0.14381872541319435,4471605.3327967,73092.65376266639,4544697.986559367,2113,11,1186.7330210772834,93,334,68,29.867671236693976,0.6140710382513661,34.88475177304965,33733.29420093414,362.7235935584316,0
2115,127.20863250718534,0,1,426,0.0,0.00234192037470726,0.9976580796252927,427,12850,9700,3150,0.754863813229572,160,97,63,186.8045698175678,0.42697097887873686,0.8810148953720995,0.1425856883341757,4475015.668079228,68940.67536048323,4543956.343439711,2114,12,1187.7330210772834,96,331,65,29.795883940620797,0.6154127634660422,34.75085910652921,33741.98048676419,351.4789634037936,0
2116,127.53705770850856,0,0,426,0.0,0.0,1.0,426,10950,6800,4150,0.6210045662100456,151,68,83,189.40843145126377,0.42653445180889255,0.8825126859832297,0.14503274179696754,4489864.539190234,73933.63995933456,4563798.179149568,2115,35,1191.4929577464789,100,326,63,29.62757825456051,0.6161727308294209,34.65346534653465,33841.516302851756,338.41516302851755,0
2117,128.04074754134004,0,0,426,0.0,0.0,1.0,426,11900,8900,3000,0.7478991596638656,149,89,60,169.270107283895,0.42616784037558686,0.8734882915461599,0.13096561334347145,4518374.746076411,55865.155603438405,4574239.901679849,2116,36,1192.4929577464789,80,346,63,29.839529480104552,0.6192048122065728,34.3364197530864,34015.76340932342,425.1970426165428,8
2118,127.60139846117465,0,0,426,0.0,0.0,1.0,426,12500,9100,3400,0.728,159,91,68,167.80346253496424,0.42593609039860075,0.8720828520234531,0.13041869845974297,4507520.269284425,53575.50172649155,4561095.771010917,2117,37,1193.4929577464789,82,344,67,29.73906936115965,0.6204763302034428,34.19929718875501,33916.54139067784,413.6163584229005,0
2119,127.6701590379401,0,0,426,0.0,0.0,1.0,426,12550,9200,3350,0.7330677290836654,159,92,67,166.40722886449106,0.4255439335358557,0.8712089742757625,0.12989341245897273,4514384.580853471,52495.24562568218,4566879.826479153,2118,38,1194.4929577464789,84,342,68,29.643337173579106,0.6217967527386541,34.06862745098038,33951.5006265109,404.18453126798687,0
2120,128.1200453300704,0,0,426,0.0,0.0,1.0,426,12600,9400,3200,0.746031746031746,158,94,64,164.90039630923445,0.42527305992819664,0.8686796931049103,0.1293379464603537,4535234.6656375425,51772.39874380071,4587007.064381343,2119,39,1195.4929577464789,89,337,72,29.536000913480365,0.6232149843505477,33.92361111111109,34089.71900570565,383.0305506259062,0
2121,128.16942841067308,0,0,426,0.0,0.0,1.0,426,12900,9500,3400,0.7364341085271318,163,95,68,165.60792553682302,0.42497008192948543,0.8689407470474795,0.1302424056739402,4539737.544343937,52263.30344008492,4592000.847784022,2120,40,1196.4929577464789,91,335,74,29.43507075906464,0.6242664319248826,33.84284420289853,34113.21052592474,374.8704453398323,0
2122,128.54737374639083,0,0,426,0.0,0.0,1.0,426,11050,7700,3350,0.6968325791855203,144,77,67,165.3122408740773,0.4247140522875817,0.868601264096426,0.13049022745474123,4556908.265395972,54412.543362042146,4611320.808758014,2121,41,1197.4929577464789,93,333,72,29.33053798346374,0.6252689749608764,33.73226950354609,34228.01746873085,368.0431985885038,0
2123,128.33136979216977,0,0,426,0.0,0.0,1.0,426,12500,9400,3100,0.752,156,94,62,165.97040791886445,0.4244406471508791,0.8692570209474162,0.1316887709555663,4554530.709045208,53483.4639318457,4608014.172977054,2122,42,1198.4929577464789,97,329,71,29.15598610279941,0.6266383020344288,33.57780612244898,34190.325083341166,352.4775781787749,0
2124,128.2073353052774,0,1,425,0.0,0.002347417840375587,0.9976525821596244,426,12150,8700,3450,0.7160493827160493,156,87,69,164.7310191862861,0.4239804842124643,0.8676200316753198,0.13107544732382542,4553005.733441233,52654.25496615679,4605659.988407389,2123,43,1199.4929577464789,103,323,59,29.10340248546806,0.6279342723004695,33.49358974358976,34168.0767007496,331.72890000727773,0
2125,128.45279010297935,0,0,425,0.0,0.0,1.0,425,12150,9400,2750,0.7736625514403292,149,94,55,168.03159412995768,0.4238110432852386,0.8665669377801037,0.12198574758221223,4465444.836752543,52917.16288378445,4518361.999636328,2124,44,1203.0917647058823,90,335,67,31.89032993271109,0.601764705882353,36.32097069597071,33870.30700574796,376.3367445083107,8
2126,128.8258398222863,0,0,425,0.0,0.0,1.0,425,12250,8900,3350,0.726530612244898,156,89,67,207.54173913361853,0.42363577506474287,0.887915718341584,0.13949253083323782,4392777.320688005,85086.92895245944,4477864.249640464,2125,45,1204.0917647058823,89,336,61,33.43430062491684,0.5757598039215686,38.854166666666636,33642.33129525715,378.00372241861965,8
2127,128.39487242278074,0,0,425,0.0,0.0,1.0,425,11600,8000,3600,0.6896551724137931,152,80,72,208.0025053019491,0.4237301146873844,0.8883268555512203,0.1400518847174392,4380104.262169537,85614.53200300055,4465718.7941725375,2126,46,1205.0917647058823,94,331,64,33.360706489799334,0.5770588235294118,38.79385964912279,33537.5290663976,356.78222411061273,0
2128,128.6720261376459,1,0,426,0.002347417840375587,0.0,1.0,426,12500,9100,3400,0.728,159,91,68,207.0916427270251,0.4238082251680015,0.888263759564538,0.14008327961896277,4394788.535331677,84324.79544394476,4479113.330775621,2127,0,1203.2605633802816,96,330,51,33.225734105787886,0.5787118544600939,38.638316151202716,33629.937415571185,350.3118480788665,0
2129,128.4160352338385,0,0,426,0.0,0.0,1.0,426,12700,9400,3300,0.7401574803149606,160,94,66,197.23143839091242,0.4236859062873976,0.8811810230289707,0.12823221230721893,4340748.835584006,73326.42730718454,4414075.262891191,2128,1,1204.2605633802816,96,330,62,34.86322209372765,0.5629401408450705,39.99140893470794,33389.27239134171,347.80492074314276,8
2130,128.6895649375025,0,0,426,0.0,0.0,1.0,426,12550,9300,3250,0.7410358565737052,158,93,65,199.10500381372069,0.42356404768480166,0.8833237312733171,0.13005437927729988,4355386.302951991,75685.84129189826,4431072.144243889,2129,2,1205.2605633802816,96,330,66,34.65021807625103,0.5643339201877935,39.830326460481125,33481.12209773306,348.7616885180527,0
2131,129.12244546327895,0,0,426,0.0,0.0,1.0,426,12250,8700,3550,0.710204081632653,158,87,71,201.64614669494608,0.4236687609316027,0.8865045043171722,0.13223363489888562,4374598.2130452255,78974.17459983486,4453572.38764506,2130,3,1206.2605633802816,102,324,52,34.44562078298822,0.5658988654147105,39.69457928802591,33611.27248967807,329.52227931056933,0
2132,129.21396629307137,0,0,426,0.0,0.0,1.0,426,11300,8000,3300,0.7079646017699115,146,80,66,203.16852649161154,0.42367313357267794,0.888530916305283,0.13362528626213108,4381110.788289946,81520.76465067563,4462631.552940621,2131,4,1207.2605633802816,105,321,54,34.30251298791154,0.567268192488263,39.593160377358515,33648.20059748556,320.45905330938626,0
2133,128.77039746190522,0,0,426,0.0,0.0,1.0,426,11650,8400,3250,0.721030042918455,149,84,65,185.02861602497282,0.42378003314001655,0.8807928214447962,0.11471774193548383,4296817.776419846,62156.84929649395,4358974.625716341,2132,5,1208.2605633802816,105,321,53,36.886760752688154,0.5485133020344288,41.66666666666668,33265.68601099236,316.81605724754627,8
2134,128.77336945146382,0,0,426,0.0,0.0,1.0,426,12650,9300,3350,0.7351778656126482,160,93,67,181.53119388230243,0.4239925665101722,0.8780959280779144,0.11323684583903082,4304172.867059627,58418.327846629705,4362591.194906256,2133,6,1209.2605633802816,85,341,60,36.755129766701,0.5501026995305165,41.44864341085272,33294.529364231494,391.700345461547,0
2135,129.11492207171048,1,0,427,0.00234192037470726,0.0,1.0,427,11300,8300,3000,0.7345132743362832,143,83,60,178.01810174943066,0.42411069330372037,0.875636787210929,0.11141211302150754,4319516.605089943,57090.42930265162,4376607.034392594,2134,0,1207.4262295081967,89,338,63,36.72624241203934,0.5514002732240437,41.331018518518526,33398.02538635027,375.25871220618285,0
2136,129.4604462297516,1,0,428,0.002336448598130841,0.0,1.0,428,11200,8700,2500,0.7767857142857143,137,87,50,175.41872830988638,0.4241935513289121,0.8742910568198101,0.11020187972616174,4335590.72747054,55308.7623770032,4390899.489847544,2135,0,1205.6028037383178,92,336,67,36.65633385267898,0.5528134735202492,41.196236559139784,33504.8507009928,364.1831597934,0
2137,128.97881378831528,0,0,428,0.0,0.0,1.0,428,12150,8800,3350,0.7242798353909465,155,88,67,172.03763983523373,0.42418215179437796,0.8718626889240415,0.1084632549376003,4323679.892572557,51017.136824247355,4374697.029396804,2136,1,1206.6028037383178,95,333,67,36.61530577323333,0.5540790498442367,41.069878472222214,33396.49992871699,351.54210451281045,0
2138,128.9689107271569,2,0,430,0.004651162790697674,0.0,1.0,430,10100,6700,3400,0.6633663366336634,135,67,68,169.07653847125198,0.42464210531070995,0.8703634451326416,0.10715360240693922,4329510.017993591,50303.71342379192,4379813.731417383,2137,0,1201.9860465116278,99,331,69,36.504396984924604,0.5554021317829457,40.88541666666665,33417.725566020876,337.5527834951604,0
2139,129.28378316302897,5,2,433,0.011494252873563218,0.004597701149425287,0.9954022988505747,435,12000,8300,3700,0.6916666666666667,157,83,74,165.9300004343707,0.42633459575895616,0.869910744828428,0.10579727734331082,4347220.91594953,45266.87369436075,4392487.789643891,2138,0,1189.1586206896552,109,326,59,36.36932475199318,0.5573754789272031,40.67234848484846,33526.85986666206,307.58587033634916,0
2140,128.8198227899379,2,0,435,0.004597701149425287,0.0,1.0,435,11100,8000,3100,0.7207207207207207,142,80,62,164.5252496549087,0.4264851157370624,0.8694635071368411,0.10525582083877182,4335575.331043761,44562.322747528946,4380137.65379129,2139,0,1190.151724137931,87,348,62,36.28543510660952,0.5586685823754789,40.5539772727273,33421.79067128178,384.15851346300894,0
2141,129.24570453956275,1,0,436,0.0022935779816513763,0.0,1.0,436,12150,8900,3250,0.7325102880658436,154,89,65,161.39976644325415,0.42682585503884146,0.8668960277277142,0.10386591396681986,4356819.797211839,41287.93954106825,4398107.736752907,2140,0,1188.4197247706422,93,343,67,36.157183147681856,0.5600152905198776,40.34796099290782,33558.9107166059,360.84850232909565,0
2142,129.1394760270728,0,0,436,0.0,0.0,1.0,436,11700,8700,3000,0.7435897435897436,147,87,60,162.5077392352272,0.426655594221238,0.8669879338472442,0.10484328324573128,4356192.860394741,42683.010683078464,4398875.87107782,2141,1,1189.4197247706422,96,340,68,36.03890175162972,0.5613054281345566,40.25987972508593,33542.7030355115,349.40315661991144,0
2143,129.35532459972563,1,1,436,0.002288329519450801,0.002288329519450801,0.9977116704805492,437,13250,9600,3650,0.7245283018867924,169,96,73,162.70493052089935,0.4266623629276622,0.8671680310918679,0.10568970186962445,4371454.374567421,41601.43605785625,4413055.810625277,2142,0,1187.695652173913,101,336,69,35.792504681096254,0.5629052250190694,40.02246732026147,33629.47812842377,332.96512998439374,0
2144,129.43067444481164,2,0,438,0.0045662100456621,0.0,1.0,438,12150,8200,3950,0.6748971193415638,161,82,79,166.14185454306826,0.42677802681211663,0.8686870732153651,0.10847321717455322,4379934.546312966,45788.08966033948,4425722.635973305,2143,0,1185.8082191780823,106,332,71,35.52394005164091,0.5644977168949772,39.84618380062308,33671.883890077304,317.65928198186134,0
2145,128.88741184508334,0,0,438,0.0,0.0,1.0,438,11700,8500,3200,0.7264957264957265,149,85,64,165.47189893163034,0.4266251014423094,0.8690086562262884,0.10832536270698252,4364649.1741653215,45145.35740390373,4409794.531569225,2144,1,1186.8082191780823,109,329,60,35.44744438784176,0.5657581811263318,39.75378787878791,33542.46072279005,307.72899745678944,0
2146,128.51393532796922,1,1,438,0.002277904328018223,0.002277904328018223,0.9977220956719818,439,13000,9500,3500,0.7307692307692307,165,95,70,165.82625553496734,0.4267336949549793,0.8701089711947936,0.10900847661383041,4356779.03178403,43693.67060680361,4400472.702390833,2145,0,1185.1025056947608,112,327,61,35.29305471967527,0.5673880030372058,39.61098820059001,33463.61662250374,298.7822912723548,0
2147,128.9006526968312,1,2,437,0.002277904328018223,0.004555808656036446,0.9954441913439636,439,12950,9300,3650,0.7181467181467182,166,93,73,162.03174984898683,0.4267740003397787,0.867225470775252,0.10692750429554032,4374354.1451928485,41006.851320952366,4415360.996513801,2146,0,1186.0956719817768,88,351,68,35.25671264057982,0.5686930523917996,39.47799625468163,33581.456324657614,381.6074582347456,0
2148,128.6691126167814,1,1,437,0.00228310502283105,0.00228310502283105,0.997716894977169,438,12350,9000,3350,0.728744939271255,157,90,67,163.48266099405828,0.4264932917463402,0.8682392139028381,0.10834770535962392,4371408.674097193,42979.90446678283,4414388.578563976,2147,0,1189.4155251141553,90,348,70,35.070023859710766,0.5699200913242009,39.33150183150182,33539.98434648962,372.6664927387735,0
2149,128.27625837876033,0,1,436,0.0,0.002288329519450801,0.9977116704805492,437,10600,7500,3100,0.7075471698113207,137,75,62,164.68242177637046,0.42654820887479966,0.869726718175506,0.10958306944371488,4362656.115576606,45690.55489812839,4408346.670474735,2148,1,1192.1304347826087,90,347,72,34.899125117041166,0.5710573989321128,39.19413919413917,33455.19998742734,371.7244443047482,0
2150,128.36658000265757,0,0,436,0.0,0.0,1.0,436,12450,9300,3150,0.7469879518072289,156,93,63,163.69472043598938,0.42620863211360677,0.868534118633957,0.10929402443554984,4369573.424165647,43405.220018662985,4412978.64418431,2149,2,1195.8463302752293,92,344,73,34.80816698862415,0.5723671636085628,39.07930107526879,33493.497772870476,364.05975840076604,0
2151,128.68836424159662,1,1,436,0.002288329519450801,0.002288329519450801,0.9977116704805492,437,12050,8800,3250,0.7302904564315352,153,88,65,166.46413890461008,0.4265580497414258,0.8705718541175682,0.11162561822867573,4385464.4899183465,46554.51400219898,4432019.003920546,2150,0,1194.1075514874142,95,342,72,34.58645054031592,0.5736556064073226,38.93229166666664,33596.3763417186,353.64606675493263,0
2152,128.6399590617571,0,0,436,0.0,0.0,1.0,436,12850,9500,3350,0.7392996108949417,162,95,67,166.7788363674102,0.4263110082955464,0.8707734019214883,0.1124065153791524,4389589.035041025,46368.11027905621,4435957.145320081,2151,1,1197.5366972477063,99,337,70,34.40349329452263,0.5751863532110092,38.76041666666665,33605.84930531029,339.4530232859625,0
2153,128.3681998143893,0,0,436,0.0,0.0,1.0,436,12950,9800,3150,0.7567567567567568,161,98,63,171.23246729413643,0.42595148335618127,0.8741114479800363,0.1159840557112454,4385940.972461029,50053.09882418741,4435994.071285216,2152,2,1198.5366972477063,101,335,60,34.11658755583333,0.5766437308868502,38.592728758169905,33556.380827705114,332.241394333714,0
2154,128.70113938292312,1,2,435,0.002288329519450801,0.004576659038901602,0.9954233409610984,437,13950,10200,3750,0.7311827956989247,177,102,75,171.29902947744887,0.42604698073464475,0.8741227954045578,0.11671625861012198,4403984.468768633,49529.653066765815,4453514.1218353985,2153,0,1196.79176201373,84,353,66,33.913332864883415,0.5781369183829138,38.39460784313727,33668.912039304865,400.82038142029603,0
2155,128.54473620427058,1,0,436,0.0022935779816513763,0.0,1.0,436,10900,7700,3200,0.7064220183486238,141,77,64,170.0986079214102,0.4263326478962353,0.8731915172241842,0.1162606432753659,4402143.278590712,51659.68871177544,4453802.967302487,2154,0,1200.2912844036698,86,350,67,33.83858312745906,0.5793673547400612,38.290229885057485,33641.41336150574,391.1792251337877,0
2156,128.2713676864245,0,0,436,0.0,0.0,1.0,436,12600,8900,3700,0.7063492063492064,163,89,74,163.8910540172303,0.4261042787092692,0.8712342814802336,0.11162790169278317,4388867.022298122,44059.20844518165,4432926.230743304,2155,1,1201.2912844036698,84,352,68,34.119585246260066,0.5790089831804281,38.40686274509807,33554.90949306913,399.46320825082296,8
2157,128.7142491554917,0,1,435,0.0,0.0022935779816513763,0.9977064220183486,436,11600,8100,3500,0.6982758620689655,151,81,70,159.9388594382571,0.4259913573412071,0.8677718039641045,0.10945142755438217,4409335.2444095975,42244.80997435711,4451580.054383955,2156,2,1202.2912844036698,88,348,71,34.06264904906701,0.5802513379204892,38.24906367041201,33691.07523541013,382.8531276751151,0
2158,128.7974195975949,0,0,435,0.0,0.0,1.0,435,12900,9800,3100,0.7596899224806202,160,98,62,158.5788754800023,0.42592408672775744,0.8669312037744508,0.10906051246943123,4417757.95960286,40212.61787533198,4457970.577478192,2157,3,1205.8229885057472,90,345,74,33.930353422781685,0.5815852490421456,38.08379120879125,33734.13184309303,374.8236871454782,0
2159,128.70005965924116,0,2,433,0.0,0.004597701149425287,0.9954022988505747,435,10250,7000,3250,0.6829268292682927,135,70,65,158.78248255636473,0.4259044440913184,0.8664724948357787,0.10948073009857584,4417288.287386754,43027.60008768557,4460315.887474439,2158,4,1206.8229885057472,93,342,75,33.8385480550974,0.5827825670498084,37.99867021276599,33719.58677441786,362.57620187546087,0
2160,129.03464644638802,1,0,434,0.002304147465437788,0.0,1.0,434,11550,8200,3350,0.70995670995671,149,82,67,157.8193001255345,0.42576895822025446,0.8651657320526349,0.1091583492534958,4432286.489929413,41550.07035930582,4473836.560288719,2159,0,1205.6866359447004,94,340,75,33.758209923025454,0.5840773809523809,37.894736842105296,33820.659963316815,359.79425492890226,0
2161,128.49716558461057,0,0,434,0.0,0.0,1.0,434,11150,8400,2750,0.7533632286995515,139,84,55,156.13693457235482,0.42564046962746954,0.8639476826685437,0.10839121680814084,4417906.094815345,40009.66297459911,4457915.757789943,2160,1,1206.6866359447004,98,336,73,33.6792459139181,0.585397465437788,37.773569023569046,33695.35312184017,343.8301338963283,0
2162,128.56651486601342,1,0,435,0.0022988505747126436,0.0,1.0,435,11000,8200,2800,0.7454545454545455,138,82,56,162.15139290150427,0.4259642548157565,0.8644434091482374,0.10604655611496795,4352639.470125653,43157.31057578928,4395796.780701442,2161,0,1204.9103448275862,111,324,55,35.56857173493459,0.5631944444444444,39.78794642857145,33454.55685380729,301.392404088354,8
2163,128.26848695013405,0,0,435,0.0,0.0,1.0,435,11700,8100,3600,0.6923076923076923,153,81,72,161.98543982981317,0.42607239966806154,0.8656590527973855,0.10648365647830581,4348458.0326393945,42177.37739971745,4390635.410039112,2162,1,1205.9103448275862,112,323,61,35.393065340272145,0.5644157088122606,39.61098820059001,33399.70456195147,298.21164787456667,0
2164,128.27232585690626,0,1,434,0.0,0.0022988505747126436,0.9977011494252873,435,11700,7400,4300,0.6324786324786325,160,74,86,158.6570613307896,0.42611786464678564,0.8630543848491916,0.10475509235354802,4353628.558137739,39446.782631987146,4393075.340769726,2163,2,1206.9103448275862,92,343,67,35.326476362437894,0.5656609195402299,39.46012544802868,33420.05568724796,363.26147486139087,0
2165,128.1305497708262,0,0,434,0.0,0.0,1.0,434,12500,9200,3300,0.736,158,92,66,159.74517856097498,0.42595875327706884,0.863805774330193,0.10578458466459521,4352182.489661339,39748.033788179404,4391930.523449518,2164,3,1210.6820276497697,92,342,69,35.195709783698575,0.5667002688172043,39.35931899641576,33396.03374963166,363.00036684382235,0
2166,128.52366920571114,0,2,432,0.0,0.004608294930875576,0.9953917050691244,434,11900,9000,2900,0.7563025210084033,148,90,58,158.03902660773,0.4258788220644736,0.8625160368121136,0.10517952677368338,4371256.312180374,39465.81852597555,4410722.130706349,2165,4,1211.6820276497697,94,340,74,35.06675845735589,0.5679723502304148,39.188596491228054,33520.43854963845,356.60041010253667,0
2167,128.5882327377149,1,1,432,0.0023094688221709007,0.0023094688221709007,0.9976905311778291,433,12300,9100,3200,0.7398373983739838,155,91,64,161.249019310411,0.4259651298719813,0.8654520571379714,0.10791280523081287,4379779.501162911,42347.0298716714,4422126.531034582,2166,0,1213.0046189376444,99,334,74,34.791400595998326,0.5699576597382602,38.999999999999986,33561.52874454338,339.0053408539735,0
2168,128.79759295142037,0,0,432,0.0,0.0,1.0,432,12100,8300,3800,0.6859504132231405,159,83,76,162.43396329106284,0.4254803733064077,0.8662812366561314,0.10907399297661508,4390763.113249734,44141.81087147062,4434904.924121205,2167,1,1216.7847222222222,99,333,71,34.64402900227388,0.5712287808641976,38.88541666666664,33630.929817846125,339.7063617964255,0
2169,128.4773635642493,0,0,432,0.0,0.0,1.0,432,10650,6800,3850,0.6384976525821596,145,68,77,165.7400366020788,0.4255207661983329,0.8690703612836181,0.1118337970719557,4385331.773118257,48315.00971777535,4433646.782836032,2168,2,1217.7847222222222,103,329,59,34.39153185616807,0.5726996527777778,38.72195512820512,33568.31436234967,325.9059646830065,0
2170,128.94330024395057,2,0,434,0.004608294930875576,0.0,1.0,434,12600,9400,3200,0.746031746031746,158,94,64,164.37464037043307,0.4260527639126872,0.8685889655300194,0.11138142896540024,4406023.023259828,45447.689982437,4451470.713242264,2169,0,1213.168202764977,108,326,63,34.28280935843534,0.5742847542242704,38.57989296636086,33708.3713510443,312.1145495467065,0
2171,129.31579439569728,1,2,433,0.0022988505747126436,0.004597701149425287,0.9954022988505747,435,12250,8800,3450,0.7183673469387755,157,88,69,164.6555612785618,0.4264078694139873,0.8690363074369385,0.11216229644418481,4424740.776281646,46461.63520615877,4471202.411487806,2170,0,1211.3770114942529,89,346,66,34.09543403238656,0.5758860153256705,38.40277777777778,33828.652603374416,380.09722026263387,0
2172,129.065958855746,1,0,434,0.002304147465437788,0.0,1.0,434,12150,8700,3450,0.7160493827160493,156,87,69,163.96796260043828,0.4260996583688977,0.8679101257939967,0.11248173049941076,4424121.836896764,46132.84877841428,4470254.685675179,2171,0,1215.1013824884792,91,343,74,33.87481981981982,0.5773809523809523,38.16802536231884,33793.59486570571,371.35818533742537,0
2173,128.62992399168525,1,0,435,0.0022988505747126436,0.0,1.0,435,12050,9000,3050,0.7468879668049793,151,90,61,163.07965378046563,0.42649350248071044,0.8673399541409543,0.11219822605637522,4412435.831483235,44865.701545361466,4457301.533028596,2172,0,1213.3057471264367,92,343,77,33.79971135343169,0.5787116858237548,38.07123655913979,33691.87693263401,366.2160536155871,0
2174,128.9205110648725,0,0,435,0.0,0.0,1.0,435,11450,8200,3250,0.7161572052401747,147,82,65,163.8576385984931,0.42645885198721684,0.8679276689930298,0.11311447196847901,4426187.003878082,46602.91009016063,4472789.913968243,2173,1,1214.3057471264367,92,343,73,33.665491201823755,0.5797413793103448,37.95922939068101,33782.43006678651,367.20032681289683,0
2175,128.56984486229706,1,0,436,0.0022935779816513763,0.0,1.0,436,11750,8100,3650,0.6893617021276596,154,81,73,163.3040826443445,0.4262456501107244,0.8687563084198187,0.11320005319929138,4418766.67534105,45370.52766719442,4464137.203008245,2174,0,1212.5183486238532,96,340,74,33.540693864176276,0.5811353211009174,37.82216494845362,33708.163578910346,351.1267039469828,0
2176,128.75519339261015,1,2,435,0.002288329519450801,0.004576659038901602,0.9954233409610984,437,11500,7900,3600,0.6869565217391305,151,79,72,163.77750351716003,0.4263343340401262,0.8683444870728365,0.11399882387672289,4429746.565613618,46198.5667459828,4475945.132359601,2175,0,1210.7414187643021,100,337,60,33.38952452098242,0.5825228832951945,37.68564356435644,33774.33569252941,337.74335692529405,0
2177,128.94638425410741,0,0,435,0.0,0.0,1.0,435,12300,8400,3900,0.6829268292682927,162,84,78,165.5279565120012,0.42570691420802653,0.8693978555187012,0.11545051144064869,4438577.234232562,47641.72388064093,4486218.958113203,2176,2,1217.222988505747,104,331,62,33.27590933151845,0.5838601532567049,37.61904761904761,33833.07510667288,325.3180298718546,0
2178,129.16666720180976,0,2,433,0.0,0.004597701149425287,0.9954022988505747,435,11850,8200,3650,0.6919831223628692,155,82,73,164.44128647650814,0.4256197362148419,0.8688317531508438,0.11494148766872775,4448575.340294965,47455.890389153465,4496031.230684118,2177,3,1218.222988505747,108,327,64,33.23198485234675,0.584985632183908,37.54778287461772,33900.07818581109,313.8896128315842,0
2179,128.9457881905187,0,2,431,0.0,0.004618937644341801,0.9953810623556582,433,11950,8000,3950,0.6694560669456067,159,80,79,162.4442118050115,0.42526458208593504,0.8673549654724673,0.11416375442881857,4446993.778583266,45927.67985275039,4492921.458436016,2178,6,1224.593533487298,87,346,69,33.10351594777721,0.586027713625866,37.36979166666668,33865.05921618194,389.2535542089878,0
2180,129.34874711272892,0,0,431,0.0,0.0,1.0,431,11200,7700,3500,0.6875,147,77,70,160.5056594969658,0.42477854817532684,0.8650721519429092,0.11309483198627733,4463775.971650737,45892.26123530304,4509668.232886041,2179,8,1227.3178654292344,91,340,69,33.06814671953341,0.587272815158546,37.28487318840581,33981.87250064157,373.42717033672056,0
2181,129.15310044687618,0,1,430,0.0,0.002320185614849188,0.9976798143851509,431,13450,8900,4550,0.6617100371747212,180,89,91,157.56562250582564,0.4248120469792622,0.8625139465349818,0.11166842713636421,4463432.137251581,41006.69264371149,4504438.829895292,2180,9,1228.3178654292344,97,334,73,32.95362658688441,0.5887229311678268,37.09608843537416,33954.85529818297,350.050054620443,0
2182,128.6292287905817,0,0,430,0.0,0.0,1.0,430,11550,8400,3150,0.7272727272727273,147,84,63,156.7898808150706,0.42458868650729115,0.8611005927952573,0.11143093536188185,4448410.09197531,41943.137627473836,4490353.229602784,2181,10,1231.7186046511629,100,330,75,32.881454248366005,0.5898740310077519,37.00495049504952,33828.850393562825,338.2885039356282,0
2183,128.76854614786114,0,1,429,0.0,0.002325581395348837,0.9976744186046511,430,12500,9200,3300,0.736,158,92,66,156.2610233456721,0.4242917773441029,0.861708356156595,0.11170604251432312,4459637.194857838,40873.49436378269,4500510.689221621,2182,11,1232.7186046511629,101,329,72,32.70322423137114,0.5914001937984497,36.81576797385623,33889.850927048195,335.5430784856257,0
2184,128.4447578194124,0,0,429,0.0,0.0,1.0,429,11800,8300,3500,0.7033898305084746,153,83,70,156.99706786182696,0.4238500660813745,0.8622956338089844,0.11257023802007723,4451703.705075993,42180.88573731417,4493884.590813307,2183,12,1236.4895104895104,103,326,74,32.58531157270028,0.5928273115773115,36.71875000000003,33817.09639464256,328.3213242198307,0
2185,128.32656197671994,1,1,429,0.002325581395348837,0.002325581395348837,0.9976744186046511,430,12800,9400,3400,0.734375,162,94,68,156.54098931521713,0.4238540367900833,0.8617659423894821,0.11270272094082653,4452049.4352710005,40585.6446155164,4492635.079886517,2184,0,1234.6116279069768,104,326,59,32.46381314653004,0.5942102713178294,36.58730158730161,33802.84596831251,325.027365079928,0
2186,128.0759912237497,0,0,429,0.0,0.0,1.0,429,10300,7100,3200,0.6893203883495146,135,71,64,158.4768549303831,0.42344749616945876,0.864008690010502,0.11448779865615287,4447063.290016139,44851.320775625434,4491914.610791764,2185,14,1238.4895104895104,108,321,61,32.301223934723495,0.5952311577311578,36.47744648318045,33750.91225148061,312.50844677296857,0
2187,128.5147456718897,0,1,428,0.0,0.002331002331002331,0.9976689976689976,429,11300,7500,3800,0.6637168141592921,151,75,76,161.00531433666285,0.4232859235779796,0.8667014198667546,0.11672116645322966,4466081.6399788745,46712.57565959818,4512794.215638473,2186,15,1239.4895104895104,89,340,61,32.121089062545714,0.5963480963480963,36.36574074074071,33880.88977910042,380.68415482135305,0
2188,128.4821046565137,0,1,427,0.0,0.002336448598130841,0.9976635514018691,428,12100,8400,3700,0.6942148760330579,158,84,74,160.88290442279765,0.4231272388685825,0.866086504258901,0.1171643958842727,4469866.21872439,46125.01192994413,4515991.230654334,2187,16,1242.2967289719627,91,337,66,31.976801376429012,0.5976440809968847,36.22056159420287,33890.93741148972,372.4278836427442,0
2189,128.74825767577448,0,0,427,0.0,0.0,1.0,427,11650,8000,3650,0.6866952789699571,153,80,73,159.9095837528311,0.4228815516047102,0.8645821272654226,0.11699160124409147,4484085.333558078,46359.64384028803,4530444.977398366,2188,17,1243.4543325526931,94,333,70,31.85414070073398,0.5990193208430914,36.074561403508746,33979.940375612525,361.48872740013326,0
2190,128.79077581792475,0,0,427,0.0,0.0,1.0,427,10700,7200,3500,0.6728971962616822,142,72,70,160.03788108436459,0.42277320571883026,0.8649194879457618,0.11751242602012334,4489488.246872037,47597.63723651015,4537085.884108547,2189,18,1244.4543325526931,95,332,72,31.733548395934356,0.6002146760343481,35.95920138888886,34006.019300709035,357.9580979022004,0
2191,128.2672496002371,0,1,426,0.0,0.00234192037470726,0.9976580796252927,427,11000,7500,3500,0.6818181818181818,145,75,70,158.76115793768574,0.42254689338215085,0.8636921076544601,0.1170402024796417,4475502.65454101,45707.19675762193,4521209.851298632,2190,19,1245.4543325526931,99,328,70,31.63939274447946,0.601532006245121,35.83333333333331,33883.931769395655,342.2619370646026,0
2192,128.35897164261283,0,0,426,0.0,0.0,1.0,426,11450,7900,3550,0.6899563318777293,150,79,71,159.56393118097137,0.4221906931786799,0.8637204008393526,0.11800288725149088,4482067.557893724,46385.26387124319,4528452.821764967,2191,20,1249.056338028169,104,322,69,31.517396826588556,0.602699530516432,35.73412698412697,33920.895700554654,326.1624586591794,0
2193,128.20549414923275,0,0,426,0.0,0.0,1.0,426,12200,8400,3800,0.6885245901639344,160,84,76,160.55986131982795,0.42208563472337296,0.8663912826795908,0.1071809580613815,4363877.776718563,42732.72212932142,4406610.498847885,2192,21,1250.056338028169,89,337,72,34.89641093317952,0.5681484741784038,39.085648148148124,33450.65340979319,375.850038312283,8
2194,127.77092400184695,0,0,426,0.0,0.0,1.0,426,9950,7400,2550,0.7437185929648241,125,74,51,159.3662832883957,0.42225386633526646,0.8654868891576748,0.1068048800974311,4353552.94502487,43611.91038957104,4397164.855414442,2193,22,1251.056338028169,93,333,72,34.79145441553113,0.5692243740219092,38.95168439716309,33354.3844936999,358.64929563118176,0
2195,127.97617508557667,0,2,424,0.0,0.004694835680751174,0.9953051643192489,426,13050,9200,3850,0.7049808429118773,169,92,77,160.30970744016102,0.4222361456319617,0.8665497123320267,0.10797976184466508,4366242.213178503,41740.20236150384,4407982.415540007,2194,23,1252.056338028169,99,327,73,34.593659860961516,0.5707404147104851,38.78124999999997,33429.77648563515,337.6745099559106,0
2196,128.04645349843167,0,0,424,0.0,0.0,1.0,424,11450,8000,3450,0.6986899563318777,149,80,69,160.60101891817888,0.4218538590778655,0.866211134783375,0.10840362983769834,4371012.828456749,44147.822790916776,4415160.651247666,2195,24,1257.4716981132076,104,320,59,34.5139785354494,0.5720322327044025,38.710317460317455,33457.21718493738,321.7040113936286,0
2197,127.61963839798696,0,0,424,0.0,0.0,1.0,424,11450,8500,2950,0.74235807860262,144,85,59,162.14551416134393,0.4216484901199875,0.8680727762803253,0.10980322496669373,4360101.412510068,45144.17706540872,4405245.589575477,2196,25,1258.4716981132076,105,319,59,34.36215538847119,0.5734571540880503,38.6006289308176,33359.693213310115,317.71136393628683,0
2198,127.7286638808928,0,0,424,0.0,0.0,1.0,424,10800,7500,3300,0.6944444444444444,141,75,66,163.29957633304085,0.42168403474731253,0.8692162240747761,0.11074650084987334,4365466.938398192,46975.78030726365,4412442.718705456,2197,26,1259.4716981132076,105,319,59,34.28205067969674,0.574685534591195,38.55149371069181,33394.46838198835,318.0425560189367,0
2199,127.4947620014425,1,0,425,0.002352941176470588,0.0,1.0,425,10950,8300,2650,0.7579908675799086,136,83,53,163.96555909366577,0.4218576581576026,0.8703415316925445,0.11176676575764417,4363175.8264340125,47132.112761044904,4410307.939195057,2198,0,1257.5058823529412,83,342,63,34.090796874753146,0.5759313725490196,38.38045634920637,33355.12145268416,401.86893316486936,0
2200,127.52241636147599,0,0,425,0.0,0.0,1.0,425,11850,8500,3350,0.7172995780590717,152,85,67,165.1978995689962,0.42161510358860527,0.8706151633168788,0.1132489063885657,4370460.478947124,47548.17825427561,4418008.6572014,2199,1,1258.5058823529412,88,337,65,33.865505833966644,0.5775,38.190543071161066,33386.574573851525,379.3928928846764,0
2201,127.15584041177681,0,0,425,0.0,0.0,1.0,425,12150,9200,2950,0.757201646090535,151,92,59,164.46031664503948,0.42148816130225675,0.8698987500943092,0.1133390337751179,4363735.285393486,46382.25735818984,4410117.5427516755,2200,2,1259.5058823529412,92,333,68,33.706623200798106,0.5790441176470589,38.01523297491042,33312.89322615908,362.09666550172915,0
2202,127.37735769574535,0,0,425,0.0,0.0,1.0,425,11700,8500,3200,0.7264957264957265,149,85,64,164.33059639116902,0.4214197188309286,0.8700959582141519,0.11357155478232527,4374479.210247446,47072.15550414738,4421551.365751593,2201,3,1260.5058823529412,93,332,67,33.61434108527131,0.5802205882352941,37.92109929078016,33382.91788014626,358.95610623813184,0
2203,127.51120269907065,1,0,426,0.002347417840375587,0.0,1.0,426,11450,8500,2950,0.74235807860262,144,85,59,162.82909508320935,0.42143997974776765,0.8689617438154897,0.1128930270251367,4382600.1991043165,46072.96490632975,4428673.164010646,2202,0,1258.544600938967,98,328,68,33.54653262701661,0.5817683881064163,37.81565656565657,33431.44096017933,341.1371526548911,0
2204,127.73920071098523,0,1,425,0.0,0.002347417840375587,0.9976525821596244,426,12450,9400,3050,0.7550200803212851,155,94,61,164.0542074562088,0.42152029826014914,0.8700685858471722,0.11404077402905677,4393333.692465766,46498.97540162646,4439832.667867393,2203,1,1259.544600938967,99,327,69,33.42650329652872,0.5828442879499218,37.72916666666667,33502.26661980408,338.40673353337456,0
2205,128.13877067371234,0,1,424,0.0,0.002352941176470588,0.9976470588235294,425,12500,8300,4200,0.664,167,83,84,157.2671837539144,0.4214181002589715,0.8607456059690515,0.10774223834979514,4390859.064054087,40607.60785282604,4431466.671906913,2204,2,1262.6752941176471,97,328,68,34.09509622802387,0.5836519607843138,38.21215986394556,33545.1720123601,345.8265155913412,8
2206,128.5676534201763,0,0,424,0.0,0.0,1.0,424,11450,8500,2950,0.74235807860262,144,85,59,157.61465138571347,0.42116875381001234,0.8599623811236909,0.10840286843897463,4409933.653936876,42764.03109987599,4452697.685036752,2205,7,1266.6485849056603,101,323,71,33.953898116738834,0.5848073899371069,38.08210784313724,33674.16878336639,333.4076117164989,0
2207,128.15809521354026,0,0,424,0.0,0.0,1.0,424,12950,9500,3450,0.7335907335907336,164,95,69,159.34684184897182,0.4211955865188754,0.8619607939787224,0.1099443256769863,4399441.642648581,42457.42633098072,4441899.068979562,2206,8,1267.6485849056603,104,320,66,33.80092382250491,0.5861094732704403,37.97619047619047,33580.47232916682,322.8891570112194,0
2208,128.3248829732648,0,0,424,0.0,0.0,1.0,424,12250,8600,3650,0.7020408163265306,159,86,73,161.0708756841015,0.42108000840061255,0.8641696490219446,0.11170729386423135,4410897.924746733,45043.438258428076,4455941.363005161,2207,9,1268.6485849056603,108,316,67,33.582625625698604,0.5874115566037736,37.80581039755351,33646.0386970038,311.5373953426278,0
2209,128.35275140627334,0,0,424,0.0,0.0,1.0,424,13050,9700,3350,0.7432950191570882,164,97,67,160.53472427424904,0.42087138699317544,0.8640047052131286,0.11183984622082747,4416874.966633116,43962.360984454186,4460837.32761757,2208,10,1269.6485849056603,112,312,58,33.445190156599544,0.588689072327044,37.65671091445425,33672.48296710077,300.647169349114,0
2210,128.78141807966526,0,0,424,0.0,0.0,1.0,424,12700,9500,3200,0.7480314960629921,159,95,64,158.11582658360885,0.4206827449187445,0.8617906111586884,0.11042240240961551,4434324.945324899,42727.390814071485,4477052.33613897,2209,11,1270.6485849056603,121,303,61,33.42751884388045,0.5899665880503144,37.57684426229506,33795.226132842174,279.29938952762126,0
2211,128.4583204759868,0,0,424,0.0,0.0,1.0,424,11750,8900,2850,0.7574468085106383,146,89,57,158.26965223611984,0.4206514981711941,0.8629453524888937,0.11102630951423224,4428158.888632404,43618.633470028406,4471777.522102432,2210,12,1271.6485849056603,88,336,64,33.27408546551365,0.5912686713836478,37.42977528089891,33729.330074418525,383.28784175475596,0
2212,128.11876631649548,0,0,424,0.0,0.0,1.0,424,11950,8000,3950,0.6694560669456067,159,80,79,155.94180347384162,0.42038154485778434,0.8606149472771285,0.10979595067163168,4420497.979119142,41118.085423263954,4461616.064542405,2211,13,1272.6485849056603,92,332,66,33.21314615045688,0.592595322327044,37.309587813620105,33655.571532491114,365.8214297009904,0
2213,128.400174130193,0,0,424,0.0,0.0,1.0,424,11400,7800,3600,0.6842105263157895,150,78,72,152.2606057941692,0.4202197354922164,0.8569859969093974,0.10759198280254018,4434182.872448284,38830.27407222302,4473013.1465205075,2212,14,1273.6485849056603,97,327,69,33.19021739130433,0.5939465408805031,37.19175170068031,33744.6248444841,347.88273035550617,0
2214,128.47618356836645,0,0,424,0.0,0.0,1.0,424,12550,9400,3150,0.749003984063745,157,94,63,141.98201567295425,0.4201808222564194,0.8469854908657914,0.0919866486810329,4338699.946889798,25853.472771910623,4364553.419661709,2213,15,1274.6485849056603,109,315,77,36.42371738813583,0.5647356525157232,40.11363636363636,33389.20816146063,306.3230106556021,8
2215,128.61320723132437,2,0,426,0.004694835680751174,0.0,1.0,426,11650,7600,4050,0.6523605150214592,157,76,81,138.9561916638432,0.420774302678818,0.8448072909372846,0.09015281397351892,4344957.843725668,23901.75898081441,4368859.602706483,2214,0,1269.6596244131456,105,321,79,36.45289875619073,0.563600352112676,40.064858490566074,33431.09222165695,318.39135449197096,8
2216,128.57911307112317,0,0,426,0.0,0.0,1.0,426,11550,8500,3050,0.7359307359307359,146,85,61,142.63161361372156,0.42065520574426957,0.8480118786566082,0.09286176686481552,4347861.856274804,27278.51046600665,4375140.366740811,2215,1,1270.6596244131456,106,320,79,36.234308513957004,0.5652386541471048,39.9435358255452,33437.82951196406,315.4512218109817,0
2217,128.5855787224393,0,1,425,0.0,0.002347417840375587,0.9976525821596244,426,13200,9700,3500,0.7348484848484849,167,97,70,147.01209769300903,0.42070434042161464,0.8518773947960367,0.09612439097338873,4353031.318642765,29589.653095408314,4382620.971738174,2216,2,1271.6596244131456,107,319,78,35.97020411693481,0.5667302425665102,39.79552469135804,33458.54304373059,312.696663960099,0
2218,128.62189066800704,0,0,425,0.0,0.0,1.0,425,12350,8500,3850,0.6882591093117408,162,85,77,151.46354660311366,0.4204659174990751,0.8559885130522789,0.09934577505542916,4357876.713561219,34661.89253902239,4392538.606100242,2217,3,1275.1011764705881,109,316,66,35.744714552487665,0.5680147058823529,39.68750000000003,33481.88591451597,307.17326527078876,0
2219,128.8237329586733,0,0,425,0.0,0.0,1.0,425,12200,9300,2900,0.7622950819672131,151,93,58,151.70594794974372,0.42006127450980396,0.8568799590211074,0.1000761276803285,4371316.095391798,35430.93040787604,4406747.025799674,2218,4,1276.1011764705881,89,336,70,35.53866032817961,0.5694362745098039,39.49074074074072,33559.77524807635,377.0761263828804,0
2220,128.52470297216092,0,0,425,0.0,0.0,1.0,425,12000,8400,3600,0.7,156,84,72,151.5656055861168,0.4201835923048465,0.8561837344502083,0.10052384751658804,4367347.047347925,35387.92000720474,4402734.967355129,2219,5,1277.1011764705881,93,332,74,35.3550743889479,0.5711764705882353,39.306294326241115,33505.5810884316,360.27506546700647,0
2221,128.39000263956802,0,1,424,0.0,0.002352941176470588,0.9976470588235294,425,10600,7300,3300,0.6886792452830188,139,73,66,149.64567683958114,0.4200996577876434,0.854444548329174,0.0995892588178135,4366661.4336752,35090.40115432358,4401751.834829523,2220,6,1278.1011764705881,97,328,76,35.28714288625344,0.5722303921568628,39.19005102040815,33485.39003791521,345.2102065764455,0
2222,128.10474610094676,0,1,423,0.0,0.0023584905660377358,0.9976415094339622,424,11300,7900,3400,0.6991150442477876,147,79,68,151.6216186866139,0.41995280231054016,0.8566816341338193,0.10125156407831817,4360866.945814298,36140.34104026194,4397007.28685456,2221,7,1281.7311320754718,97,327,76,35.116913801531716,0.5736045597484276,39.073129251700664,33425.97052812523,344.5976343105694,0
2223,128.44889438429504,0,0,423,0.0,0.0,1.0,423,10600,7700,2900,0.7264150943396226,135,77,58,154.65651831040032,0.419903719389451,0.8583451499285693,0.10370385292691779,4377260.562957567,40194.37568088735,4417454.938638454,2222,8,1284.2198581560283,100,323,74,34.89601851486061,0.5747143420015761,38.9335808580858,33533.69289964569,335.3369289964569,0
2224,128.849283156628,0,1,422,0.0,0.002364066193853428,0.9976359338061466,423,11550,8600,2950,0.7445887445887446,145,86,59,154.172455830762,0.4200993243924574,0.8578486653099178,0.10365891215397859,4393981.142772237,39336.17273105075,4433317.315503287,2223,9,1285.2198581560283,103,320,73,34.815812686967874,0.5759456264775413,38.84214743589744,33650.00209360897,326.69904945251426,0
2225,128.5323959174468,0,0,422,0.0,0.0,1.0,422,10600,7400,3200,0.6981132075471698,138,74,64,155.9981647293052,0.4202297292987058,0.8587261462161522,0.10517908215390735,4386334.423501488,41852.023991040885,4428186.447492529,2224,10,1288.867298578199,105,317,75,34.67255187762522,0.5771376382306477,38.74803459119496,33579.34105213552,319.80324811557637,0
2226,128.52577283779772,0,0,422,0.0,0.0,1.0,422,12150,8100,4050,0.6666666666666666,162,81,81,156.53349046050567,0.4201294686914853,0.8588575285469797,0.10580448161029493,4388941.833949897,40853.276939261705,4429795.110889159,2225,11,1289.867298578199,110,312,63,34.5728747725749,0.5784458925750395,38.663663663663655,33588.45459822616,305.34958725660147,0
2227,128.32295425163213,0,0,422,0.0,0.0,1.0,422,11650,8500,3150,0.7296137339055794,148,85,63,155.62044676372065,0.4200226413076516,0.8590139342798004,0.10554108494802691,4385804.195376802,40454.161660547325,4426258.35703735,2226,12,1290.867298578199,114,308,66,34.48203933388766,0.5798528830963665,38.55072463768116,33549.94340144117,294.29774913544884,0
2228,128.63586383978486,0,0,422,0.0,0.0,1.0,422,10600,7200,3400,0.6792452830188679,140,72,68,156.25890815718464,0.4199534556254761,0.8592190151491932,0.10628609858369899,4399817.63556027,42502.139964673705,4442319.775524944,2227,13,1291.867298578199,92,330,66,34.36514139294532,0.580938981042654,38.45206093189962,33644.44507754022,365.7004899732633,0
2229,128.99871194919893,1,0,423,0.002364066193853428,0.0,1.0,423,11450,8500,2950,0.74235807860262,144,85,59,150.61370504202543,0.41984326390522825,0.8537554650678048,0.10307612490592602,4419147.884883666,37066.84721418958,4456214.732097856,2228,0,1289.8108747044917,98,325,73,34.304695769854334,0.5822498029944838,38.24705387205383,33765.7928994126,344.54890713686325,0
2230,128.91079108587624,0,0,423,0.0,0.0,1.0,423,11350,7700,3650,0.6784140969162996,150,77,73,148.82886072115497,0.41964555813249976,0.8523449380869914,0.10210926304601624,4418945.374397759,35583.32113212484,4454528.695529884,2229,1,1290.8108747044917,101,322,74,34.26692896238805,0.5833825847123719,38.16380718954244,33753.51075010949,334.19317574365834,0
2231,129.13558818821895,1,0,424,0.0023584905660377358,0.0,1.0,424,10950,8000,2950,0.730593607305936,139,80,59,159.77259927757916,0.4197358174613795,0.8633256889319032,0.10449631446727387,4371966.382152605,43954.086566144164,4415920.4687187495,2230,0,1288.7641509433963,112,312,57,35.62863114637949,0.5674626572327044,39.78613569321536,33602.87042198629,300.02562876773476,8
2232,129.3036909869593,0,1,423,0.0,0.0023584905660377358,0.9976415094339622,424,12300,9100,3200,0.7398373983739838,155,91,64,161.82169744015715,0.41981039148341437,0.8667129799009257,0.10621387777435783,4381786.150668105,44713.61454417677,4426499.765212282,2231,1,1289.7641509433963,116,308,60,35.45065148250744,0.568936713836478,39.66346153846154,33662.475321845464,290.19375277452986,0
2233,129.12508024016125,0,0,423,0.0,0.0,1.0,423,12400,8600,3800,0.6935483870967742,162,86,76,164.17920141824408,0.4194634914232575,0.8685763432009423,0.1082415053862882,4380871.585715057,46849.599691713476,4427721.185406771,2232,2,1293.8061465721041,85,338,62,35.23396571499424,0.5702570921985816,39.51065891472865,33635.707069342054,395.71420081578884,0
2234,129.39867420636386,1,0,424,0.0023584905660377358,0.0,1.0,424,11500,8500,3000,0.7391304347826086,145,85,60,160.82566362797235,0.41971490885707063,0.8654586659672494,0.10650767481921437,4395338.718766392,45076.65326306398,4440415.372029456,2233,0,1291.752358490566,91,333,65,35.16507384882712,0.5717865566037736,39.35688405797099,33726.873643913794,370.62498509795375,0
2235,129.8003128292245,0,0,424,0.0,0.0,1.0,424,11050,7500,3550,0.6787330316742082,146,75,71,162.5844989234396,0.4196648443656423,0.8664941984940957,0.1080071501882693,4412568.136203214,47633.03587802575,4460201.1720812395,2234,1,1292.752358490566,93,331,65,35.01151012891346,0.5728920990566038,39.25088652482267,33845.31649902065,363.9281343980715,0
2236,129.8608206890387,2,0,426,0.004694835680751174,0.0,1.0,426,11450,8200,3250,0.7161572052401747,147,82,65,158.5475332011295,0.42016075209426496,0.8630498234887358,0.10586248334858042,4420492.356394646,43521.631728163855,4464013.98812281,2235,0,1287.6784037558687,102,324,69,34.94081072351422,0.5745060641627543,39.077669902912625,33883.58792250408,332.19203845592233,0
2237,130.04753673338618,0,0,426,0.0,0.0,1.0,426,11300,8100,3200,0.7168141592920354,145,81,64,156.5831781765573,0.42001541931326525,0.8615440170390214,0.1049432122670432,4431162.899868183,42269.11397588249,4473432.013844065,2236,1,1288.6784037558687,106,320,68,34.862949841506584,0.5757042253521127,38.95054517133957,33948.83856606077,320.2720619439695,0
2238,130.4245115685988,0,0,426,0.0,0.0,1.0,426,12700,8900,3800,0.7007874015748031,165,89,76,156.40407580926947,0.4197972475375127,0.8611070702773993,0.10511042701227122,4447163.036417457,41210.884936803974,4488373.921354261,2237,2,1289.6784037558687,111,315,71,34.77351781940788,0.577024647887324,38.85788690476192,34059.33255043843,306.8408337877336,0
2239,130.69729408828255,0,1,425,0.0,0.002347417840375587,0.9976525821596244,426,12550,9700,2850,0.7729083665338645,154,97,57,157.76030138787976,0.4196855150510908,0.8605900313277735,0.10726621176464235,4469886.8047846565,43284.13789850476,4513170.942683161,2238,3,1290.6784037558687,94,332,63,34.33892685449155,0.5818906494522691,38.46491228070171,34181.928274053374,363.63753483035504,8
2240,130.47401786541184,0,0,425,0.0,0.0,1.0,425,11950,7900,4050,0.6610878661087866,160,79,81,152.49035140196867,0.41913128930817606,0.8540143391392407,0.10411031905069523,4466950.956762845,39283.38421842335,4506234.340981268,2239,4,1294.7082352941177,101,324,68,34.336948249619475,0.5832352941176471,38.32720588235291,34141.500814597646,338.0346615306698,0
2241,130.02904973553575,1,1,425,0.002347417840375587,0.002347417840375587,0.9976525821596244,426,10950,7300,3650,0.6666666666666666,146,73,73,148.38417051260626,0.4193615944030194,0.8510049663754096,0.10181257179896314,4457371.880657429,36130.68583551152,4493502.56649294,2240,0,1292.6666666666667,103,323,77,34.27578226608518,0.584800469483568,38.16105769230765,34046.668852026436,330.5501830293829,0
2242,130.07917999501362,0,1,424,0.0,0.002352941176470588,0.9976470588235294,425,11050,7400,3650,0.669683257918552,147,74,73,148.8924312310119,0.41908689419163897,0.8503546552048331,0.10245779423789113,4462374.848737733,36832.768058534064,4499207.616796267,2241,1,1296.6917647058824,106,319,79,34.1646225129463,0.585857843137255,38.06464174454825,34072.33661356871,321.43713786385575,0
2243,130.4121844448451,0,0,424,0.0,0.0,1.0,424,10350,7300,3050,0.7053140096618358,134,73,61,149.8840352607746,0.4190080818725188,0.851054653643579,0.10345654141170356,4477272.5651590405,39064.33580567678,4516336.900964717,2242,2,1299.2358490566037,107,317,78,34.0354461130742,0.5866990959119497,37.96296296296292,34172.82240545416,319.3721720135903,0
2244,130.42645466293652,0,0,424,0.0,0.0,1.0,424,11950,8000,3950,0.6694560669456067,159,80,79,160.3902888855426,0.4189263059978887,0.8632783665775967,0.11188555197483849,4489709.226064069,47271.1519560992,4536980.378020168,2243,3,1300.2358490566037,109,315,60,33.40521389730999,0.5909247248427674,37.613636363636346,34222.12316099074,313.96443266963985,8
2245,130.0320265568207,0,0,424,0.0,0.0,1.0,424,12150,9500,2650,0.7818930041152263,148,95,53,162.06355728649987,0.418993213531677,0.8654505432706483,0.11348542816364837,4480413.715351091,48272.356965005834,4528686.072316096,2244,4,1301.2358490566037,87,337,62,33.23380266342005,0.5924970518867925,37.48816287878791,34134.94617602563,392.3557031727084,0
2246,129.89281345595137,0,1,423,0.0,0.0023584905660377358,0.9976415094339622,424,11650,8000,3650,0.6866952789699571,153,80,73,159.5695916547276,0.4188698527662548,0.8630450448783802,0.11209838752500975,4479204.966050165,46498.98147409198,4525703.947524257,2245,5,1302.2358490566037,88,336,68,33.19238939893633,0.5936271619496856,37.382958801498155,34112.06634275123,387.63711753126404,0
2247,129.97484633987,0,0,423,0.0,0.0,1.0,423,12200,8900,3300,0.7295081967213115,155,89,66,157.71532813346155,0.4185547918090522,0.860884742903768,0.1111589764632966,4485685.89914718,44692.28469752928,4530378.183844709,2246,6,1304.3995271867611,92,331,69,33.1324252501137,0.595276792750197,37.275985663082466,34147.513393235015,371.16862383951104,0
2248,130.02725966040427,0,0,423,0.0,0.0,1.0,423,11800,8800,3000,0.7457627118644068,148,88,60,150.17539716327656,0.4183652556963538,0.8531275137760737,0.10543977093706655,4483214.368462368,38253.699670390095,4521468.068132758,2247,7,1305.3995271867611,94,329,70,33.45772961988675,0.5923955870764381,37.40131578947371,34144.987298322936,363.24454572683976,8
2249,130.33434231913782,0,0,423,0.0,0.0,1.0,423,10250,7200,3050,0.7024390243902439,133,72,61,149.22907966013153,0.41799248578012316,0.8519810468856208,0.10518263998516728,4498144.209474572,39400.78411168963,4537544.993586262,2248,8,1306.3995271867611,96,327,74,33.35385584849104,0.5935776201733649,37.274484536082504,34242.157268446535,356.68913821298474,0
2250,130.62997764782432,0,0,423,0.0,0.0,1.0,423,11150,7900,3250,0.7085201793721974,144,79,65,145.99670853201803,0.4178848796865838,0.8474608941873645,0.10339529444499139,4513671.6326113995,36046.24035112218,4549717.872962521,2249,9,1307.3995271867611,103,320,78,33.2814206609261,0.5949074074074074,37.11939102564105,34340.088074367304,333.3989133433719,0
2251,130.93118787772949,0,1,422,0.0,0.002364066193853428,0.9976359338061466,423,11850,8700,3150,0.7341772151898734,150,87,63,145.30521273526855,0.4174087052162579,0.8475291504719582,0.10327335759124756,4528068.984892279,35140.40542595007,4563209.390318229,2250,10,1308.3995271867611,106,317,80,33.18202850268371,0.5961879432624113,37.00350467289722,34434.44354085767,324.85324095148746,0
2252,130.396786418841,0,0,422,0.0,0.0,1.0,422,13000,9200,3800,0.7076923076923077,168,92,76,146.7145103186407,0.4170408556697549,0.8487561779143808,0.10459761971215954,4513020.791100226,35025.12708482508,4548045.9181850515,2251,16,1312.4763033175354,109,313,71,33.043400340735964,0.5973785545023697,36.90340909090913,34306.949972298455,314.7426602963161,0
2253,130.44549710509557,0,0,422,0.0,0.0,1.0,422,11100,7800,3300,0.7027027027027027,144,78,66,149.58109548179303,0.41688243218395976,0.8519581559843041,0.10703652549254823,4518810.692702102,39685.73073784598,4558496.423439948,2252,17,1313.4763033175354,111,311,76,32.8466382224421,0.5985880726698263,36.7838541666667,34335.360989316985,309.3275764803332,0
2254,129.90524622203503,0,0,422,0.0,0.0,1.0,422,11000,7700,3300,0.7,143,77,66,150.50872335944308,0.4167404256396978,0.8527813256970636,0.10807469072110502,4503920.829615741,40175.874835496084,4544096.704451237,2253,18,1314.4763033175354,116,306,74,32.708692565168874,0.5997482227488151,36.67200854700858,34207.68756685533,294.89385833495976,0
2255,129.9096309331277,0,0,422,0.0,0.0,1.0,422,11000,7400,3600,0.6727272727272727,146,74,72,184.35465508661156,0.41667006731884143,0.8749602992917811,0.12049118242008929,4397372.75426383,66735.2274799143,4464107.981743745,2254,19,1315.4763033175354,114,308,63,35.01305483028719,0.5712628357030016,39.809782608695656,33801.215113714665,296.50188696240934,8
2256,130.2584055231251,1,0,423,0.002364066193853428,0.0,1.0,423,11800,8200,3600,0.6949152542372882,154,82,72,185.4185352092412,0.41705554248409954,0.8780572294434319,0.12174379792420674,4414540.005372031,67307.50828373486,4481847.513655766,2255,0,1313.3640661938534,121,302,52,34.824298176570885,0.572695035460993,39.651639344262286,33912.56233957577,280.26911024442785,0
2257,130.55148771201527,0,0,423,0.0,0.0,1.0,423,12300,9100,3200,0.7398373983739838,155,91,64,183.5814992161836,0.4168711415862772,0.878292474720658,0.12115710771746768,4430459.007303128,65770.06135530939,4496229.068658438,2256,1,1314.3640661938534,86,337,56,34.69282825497489,0.5741972025216706,39.47557471264365,34011.85130658185,395.4866430997889,0
2258,130.2115146841229,0,0,423,0.0,0.0,1.0,423,12000,8700,3300,0.725,153,87,66,179.35342742042025,0.41658567032293964,0.8747965075081172,0.1187777876645014,4422948.810183419,62054.2056822929,4485003.0158657115,2257,2,1315.3640661938534,91,332,59,34.6821604401969,0.5754038613081166,39.35688405797101,33938.734918801005,372.9531309758352,0
2259,130.00295048551726,0,0,423,0.0,0.0,1.0,423,9950,6700,3250,0.6733668341708543,132,67,65,179.7906022475443,0.41658590374179766,0.8747899878118381,0.11942515423035181,4419338.189715477,64361.09493290337,4483699.28464838,2258,3,1316.3640661938534,94,329,61,34.56642486683488,0.5764873916469662,39.254385964912274,33897.699150719214,360.61382075233206,0
2260,130.26455940893092,0,0,423,0.0,0.0,1.0,423,10750,7300,3450,0.6790697674418604,142,73,69,181.9028494691934,0.4163632221512629,0.8758035109291358,0.1214730998033122,4434390.048982537,65975.63711355175,4500365.686096089,2259,4,1317.3640661938534,97,326,66,34.32679512248114,0.5775709219858156,39.07312925170068,33989.52385597825,350.4074624327655,0
2261,130.13874913712618,0,0,423,0.0,0.0,1.0,423,12200,9200,3000,0.7540983606557377,152,92,60,181.16565988195686,0.41619656108664876,0.8744984178311921,0.12158096532972315,4435809.16020176,63923.258723677136,4499732.418925437,2260,5,1318.3640661938534,105,318,66,34.17512734138782,0.5791469661150512,38.9052672955975,33978.54192044345,323.6051611470805,0
2262,129.94278658315216,0,0,423,0.0,0.0,1.0,423,11900,8800,3100,0.7394957983193278,150,88,62,180.55595164693412,0.4157780410742496,0.87561587698938,0.12176382669242997,4434720.588818172,63643.039240465136,4498363.6280586375,2261,6,1319.3640661938534,109,314,54,34.023335085239324,0.5805260047281324,38.740530303030326,33948.78351366117,311.45672948313,0
2263,129.653871485248,0,0,423,0.0,0.0,1.0,423,11350,8300,3050,0.7312775330396476,144,83,61,180.46487378236097,0.41572925653292697,0.8762007238150635,0.12212952990428311,4428859.8866948495,63900.728090430624,4492760.61478528,2262,7,1320.3640661938534,115,308,57,33.905539618190375,0.5816587864460205,38.622485632183924,33888.606656978634,294.6835361476403,0
2264,129.69516218230177,1,0,424,0.0023584905660377358,0.0,1.0,424,12100,9300,2800,0.768595041322314,149,93,56,176.8958096297862,0.41576980370073,0.8737232977373521,0.12042170117015161,4436980.2192124,60076.641637784254,4497056.860850184,2263,0,1318.247641509434,88,336,59,33.79746670246245,0.5831613600628931,38.424625468164784,33925.06062280258,385.5120525318475,0
2265,129.98462181954824,0,0,424,0.0,0.0,1.0,424,10650,7600,3050,0.7136150234741784,137,76,61,175.09961231877676,0.4158270700447537,0.8717054039046181,0.1196117253372258,4450816.668712739,60417.25463870917,4511233.923351448,2264,1,1319.247641509434,93,331,60,33.726753828781106,0.5844143081761006,38.308953900709206,34015.811660778105,365.76141570729146,0
2266,129.4572908830978,0,0,424,0.0,0.0,1.0,424,11450,8400,3050,0.7336244541484717,145,84,61,176.1923784024917,0.4158539027536167,0.8719315497798901,0.12097757620746234,4438562.0146040525,60158.15960800735,4498720.17421206,2265,2,1320.247641509434,97,327,66,33.52394192780211,0.5855689858490566,38.13775510204079,33899.97680905579,349.48429700057517,0
2267,129.08830274491103,0,0,424,0.0,0.0,1.0,424,12150,7900,4250,0.6502057613168725,164,79,85,176.9126953818214,0.4156909317989206,0.8715234000866743,0.12191868512546017,4430035.157003356,59795.89205233752,4489831.049055694,2266,3,1321.247641509434,102,322,69,33.38094318986035,0.58687106918239,38.015776699029104,33819.09873186581,331.5597914888805,0
2268,129.47131849367514,0,0,424,0.0,0.0,1.0,424,10800,7700,3100,0.7129629629629629,139,77,62,176.59391239189426,0.4155429453439791,0.8718447185296943,0.12227164512667764,4448457.997616809,61514.120382030815,4509972.117998839,2267,4,1322.247641509434,106,318,67,33.2309732486599,0.5878537735849056,37.86020249221181,33939.585212998,320.1847661603585,0
2269,129.39444920733698,0,0,424,0.0,0.0,1.0,424,11550,8400,3150,0.7272727272727273,147,84,63,175.3177995006074,0.4154929970114635,0.8706706003258677,0.12171193220982483,4448804.1629065415,59640.91124998247,4508445.074156524,2268,5,1323.247641509434,110,314,67,33.17482613415405,0.588934748427673,37.77214714714714,33930.828586717325,308.4620780610666,0
2270,129.33033794806548,0,0,424,0.0,0.0,1.0,424,12000,8600,3400,0.7166666666666667,154,86,68,178.7324591163293,0.4155111178018645,0.8732860402929856,0.12466898359799519,4451872.000386062,62338.806060026196,4514210.8064460885,2269,6,1324.247641509434,115,309,52,32.92709794996405,0.5902122641509434,37.61673850574712,33934.1158809673,295.07926853015044,0
2271,129.25543306873158,0,0,424,0.0,0.0,1.0,424,12450,9400,3050,0.7550200803212851,155,94,61,175.8068310521474,0.4152707850112256,0.8718093467081707,0.12300023586002604,4452669.425117519,59311.94027053811,4511981.365388057,2270,7,1325.247641509434,120,304,56,32.902591013447,0.5916617531446541,37.51721763085398,33927.32570820931,282.7277142350776,0
2272,129.6775854791109,0,0,424,0.0,0.0,1.0,424,11950,8400,3550,0.702928870292887,155,84,71,177.35088457239064,0.4152031805239604,0.871510544408181,0.12465598145843632,4472374.551602456,61885.91657314957,4534260.468175605,2271,8,1326.247641509434,92,332,57,32.707746929375645,0.592840998427673,37.36559139784948,34057.79597126128,370.1934344702313,0
2273,129.4860179678179,0,1,423,0.0,0.0023584905660377358,0.9976415094339622,424,11000,7700,3300,0.7,143,77,66,176.34740810759232,0.4150679715494298,0.8699583613199444,0.12437855388205449,4469597.228565103,61840.377308467396,4531437.605873571,2272,9,1327.247641509434,96,328,60,32.61953175024861,0.5939711084905661,37.25300687285224,34022.06187305206,354.3964778442923,0
2274,128.96103310040922,0,0,423,0.0,0.0,1.0,423,11800,8400,3400,0.711864406779661,152,84,68,174.3433402262045,0.4148287265787518,0.8683144400086,0.12340965471551996,4455461.13822368,58955.995417193226,4514417.133640873,2273,10,1327.8841607565012,99,324,63,32.55254771811636,0.5953260441292356,37.13541666666668,33899.288232175415,342.4170528502567,0
2275,128.84135940584727,0,0,423,0.0,0.0,1.0,423,10450,7500,2950,0.7177033492822966,134,75,59,170.5134710841486,0.41469077603367205,0.8659459103119795,0.11899075198358694,4435551.047158953,56214.24104440045,4491765.288203353,2274,11,1328.8841607565012,122,301,55,33.12738026077973,0.5906471631205674,37.60162601626016,33807.76320994896,277.1128131963029,8
2276,128.71947595441978,0,1,422,0.0,0.002364066193853428,0.9976359338061466,423,11550,8000,3550,0.6926406926406926,151,80,71,169.68010945143143,0.4145516583943023,0.864025127821145,0.11881620197443027,4435162.636211604,54361.77630945781,4489524.4125210615,2275,12,1329.8841607565012,93,330,59,33.03462753458007,0.5919523246650906,37.48891843971633,33790.288850667836,363.33643925449286,0
2277,128.9290385757267,0,1,421,0.0,0.002369668246445498,0.9976303317535545,422,11250,8200,3050,0.7288888888888889,143,82,61,167.04090394754687,0.41461759783559043,0.8610407744048965,0.11746103405076583,4447046.000268735,52917.71675624364,4499963.717024978,2276,13,1333.3909952606634,97,325,64,32.963881019830005,0.5934044233807267,37.351190476190496,33863.05849496419,349.1036958243731,0
2278,128.69934282367663,1,0,422,0.002369668246445498,0.0,1.0,422,10800,7500,3300,0.6944444444444444,141,75,66,166.31253732332053,0.4147111744023295,0.8596530343744162,0.11740433190305592,4443414.762900356,52599.11671957266,4496013.879619929,2277,0,1332.414691943128,101,321,68,32.85397477750571,0.5944905213270142,37.22426470588237,33819.06444236158,334.84222220159984,0
2279,128.77144863822036,0,0,422,0.0,0.0,1.0,422,11700,8600,3100,0.7350427350427351,148,86,62,164.8069036597076,0.4148131939675714,0.8583820702484826,0.11669096540225514,4449210.585720941,50552.124072533465,4499762.7097934745,2278,1,1333.414691943128,105,317,70,32.79423676012462,0.5955766192733017,37.12657232704404,33850.59208994116,322.3865913327729,0
2280,128.71286104379493,1,0,423,0.002364066193853428,0.0,1.0,423,11100,7800,3300,0.7027027027027027,144,78,66,165.18657542874575,0.41469847885598615,0.8576020407989537,0.1173889859981357,4451213.495838038,51356.14277594082,4502569.638613978,2279,0,1331.260047281324,109,314,74,32.66329396514472,0.5968282111899132,37.007575757575765,33850.50735708604,310.55511336776186,0
2281,128.39965388887111,0,0,423,0.0,0.0,1.0,423,11050,7200,3850,0.6515837104072398,149,72,77,166.56784196393167,0.41430260047281325,0.8579873207721773,0.11881678574849255,4444499.02643881,52412.12228894106,4496911.148727751,2280,1,1332.260047281324,116,307,71,32.50304537610392,0.5980348699763594,36.88568376068375,33783.78713833499,291.2395442959913,0
2282,128.1675452502549,0,0,423,0.0,0.0,1.0,423,11250,8100,3150,0.72,144,81,63,182.63599596689136,0.4146328881568873,0.8789035331088746,0.11843651635658421,4329363.624498589,62289.527492627225,4391653.1519912165,2281,2,1333.260047281324,89,334,69,35.33396231316146,0.5626231284475965,40.08101851851854,33313.17782042821,374.3053687688563,8
2283,127.92936445577533,1,0,424,0.0023584905660377358,0.0,1.0,424,11400,8100,3300,0.7105263157894737,147,81,66,180.34966357280553,0.41489547556388184,0.8778577121049678,0.11729623403991774,4324690.431751689,59791.29288459031,4384481.724636279,2282,0,1331.1132075471698,91,333,66,35.29016075186881,0.5640231918238994,39.979619565217405,33264.242014570795,365.5411210392395,0
2284,128.27667513438428,0,0,424,0.0,0.0,1.0,424,11450,8500,2950,0.74235807860262,144,85,59,175.98664032329748,0.41492683847034506,0.8673021931728235,0.10404330175913405,4223005.045637145,52388.494010004,4275393.539647149,2283,1,1332.1132075471698,98,326,65,38.887009472259805,0.5339033018867925,43.40277777777779,32915.43851538559,335.87182158556726,8
2285,128.13612616045577,1,0,425,0.002352941176470588,0.0,1.0,425,12350,8600,3750,0.6963562753036437,161,86,75,176.1222728531711,0.41567032001479837,0.867833809842447,0.10458351875471086,4223752.180718034,51429.36680732078,4275181.547525355,2284,0,1329.9764705882353,101,324,69,38.7172526714926,0.5355392156862745,43.23937908496734,32900.31131460583,325.74565658025574,0
2286,128.2639249756514,3,0,428,0.007009345794392523,0.0,1.0,428,11200,7900,3300,0.7053571428571429,145,79,66,172.56811492505477,0.4167264002276259,0.8664035464308875,0.10293973307654963,4233495.958746883,49313.28342875726,4282809.242175641,2285,0,1321.6471962616822,108,320,72,38.63771619862377,0.5370424454828661,43.07148318042813,32954.6600054509,305.1357407912121,0
2287,128.4719888242322,5,5,428,0.011547344110854504,0.011547344110854504,0.9884526558891455,433,13150,9500,3650,0.7224334600760456,168,95,73,176.7611504624803,0.4189832634790294,0.8725842561161417,0.10615223684530614,4248533.782297984,50445.14382754115,4298978.926125525,2286,0,1307.3741339491917,116,317,57,38.27820282028198,0.5392609699769053,42.82407407407408,33039.90268141726,284.8267472535971,0
2288,128.73687288554999,1,3,426,0.002331002331002331,0.006993006993006993,0.993006993006993,429,10600,7500,3100,0.7075471698113207,137,75,62,185.27768057238828,0.41800327139112187,0.8781758480712742,0.111508188301259,4259926.214362391,61453.849681316125,4321380.064043707,2287,0,1319.5268065268065,114,315,58,37.97819619027502,0.540185508935509,42.74456521739131,33118.26020672568,290.5110544449621,0
2289,129.18072524568905,1,0,427,0.00234192037470726,0.0,1.0,427,11000,7500,3500,0.6818181818181818,145,75,70,181.7451003483409,0.4174136348143506,0.8756981938945838,0.11001142196595401,4281589.808257132,59231.59387042386,4340821.402127556,2288,0,1326.6908665105386,83,344,64,37.85541694762867,0.5413739266198283,42.53472222222219,33259.55130891581,400.71748564958807,0
2290,129.5026793318506,1,0,428,0.002336448598130841,0.0,1.0,428,11950,8000,3950,0.6694560669456067,159,80,79,175.51411462079423,0.4178303311519184,0.8711697168504744,0.10695787852433405,4300444.18059465,53407.730566642625,4353851.911161292,2289,0,1324.588785046729,91,337,69,37.76621743332892,0.5430782710280374,42.289402173913025,33374.21291069104,366.7495924251763,0
2291,129.6436987997331,3,1,430,0.0069605568445475635,0.002320185614849188,0.9976798143851509,431,12350,8800,3550,0.7125506072874493,159,88,71,177.14281732511475,0.41850190650910984,0.8732029016325722,0.10863158589040636,4312747.998733321,54244.46618177394,4366992.464915095,2290,0,1316.3619489559164,94,337,69,37.49220654083767,0.5448327532869296,42.06140350877192,33440.11371233455,355.7458905567505,0
2292,129.89228384911536,1,0,431,0.002320185614849188,0.0,1.0,431,11550,8300,3250,0.7186147186147186,148,83,65,179.84536053483671,0.4189326696523319,0.8753590179080795,0.1108785744514776,4327468.483702034,57905.025930906966,4385373.50963294,2291,0,1316.8352668213456,102,329,72,37.22656454056311,0.5467420726991492,41.86893203883495,33529.23394988693,328.7179799008523,0
2293,129.68661750133816,1,0,432,0.0023148148148148147,0.0,1.0,432,12600,9200,3400,0.7301587301587301,160,92,68,179.09651328085047,0.4195881581020309,0.8761905026233945,0.11089478818962617,4325818.404480441,55947.79866571703,4381766.203146158,2292,0,1314.7847222222222,110,322,60,37.08776901742788,0.5484182098765432,41.71358858858861,33496.29104250523,304.5117367500476,0
2294,129.66232724549218,2,3,431,0.004608294930875576,0.0069124423963133645,0.9930875576036866,434,11050,7200,3850,0.6515837104072398,149,72,77,176.53972548788755,0.4203828583135556,0.8761741124067406,0.10994249866300618,4331917.773133489,55101.11490101789,4387018.888034508,2293,0,1309.721198156682,84,350,64,36.94393084593627,0.5500912058371736,41.50735294117648,33516.75819349478,399.0090261130331,0
2295,129.8309608567676,2,0,433,0.004618937644341801,0.0,1.0,433,11350,7800,3550,0.6872246696035242,149,78,71,175.99592715938334,0.42064608994098024,0.8754552214369227,0.11015735698756791,4343589.067683312,54940.79703325835,4398529.864716571,2294,0,1313.5819861431871,85,348,67,36.774989074108774,0.5515781370284835,41.327519379844986,33583.69670611859,395.10231418963053,0
2296,129.3031596280916,0,0,433,0.0,0.0,1.0,433,12800,9300,3500,0.7265625,163,93,70,176.9101124859637,0.42077238901719266,0.8752281005219531,0.11105856294902555,4329464.146436249,53785.19782999746,4383249.344266246,2295,1,1314.5819861431871,88,345,68,36.64386401326699,0.5526607005388761,41.221910112359566,33460.824664994405,380.236643920391,0
2297,129.42999903392695,2,0,435,0.004597701149425287,0.0,1.0,435,11450,7800,3650,0.6812227074235808,151,78,73,175.35727823093845,0.4215859332238643,0.8749755682340836,0.11082850110939653,4341725.360267884,53820.628400562535,4395545.988668446,2296,0,1309.5333333333333,98,337,64,36.44068800693289,0.5543342911877395,40.9827441077441,33524.60317990492,342.0877875500502,0
2298,129.39425647728646,0,0,435,0.0,0.0,1.0,435,12200,8100,4100,0.6639344262295082,163,81,82,176.53435719393258,0.4216296325723467,0.8743603316054334,0.11201377247940408,4345202.696325227,54215.512974622216,4399418.209299849,2297,1,1310.5333333333333,104,331,66,36.268247010935404,0.5557710727969349,40.84325396825395,33533.39446385047,322.4364852293314,0
2299,129.62632578853152,2,0,437,0.004576659038901602,0.0,1.0,437,12700,9500,3200,0.7480314960629921,159,95,64,174.49446096655805,0.42214824806331747,0.8750302815039483,0.11144782197950641,4360752.822257982,52085.442625660886,4412838.264883642,2298,0,1305.5308924485125,82,355,61,36.086280723824274,0.5573989321128909,40.612449799196796,33623.45508781846,410.04213521729827,0
2300,129.83351640166296,1,0,438,0.00228310502283105,0.0,1.0,438,11850,8200,3650,0.6919831223628692,155,82,73,169.20168678202657,0.42214455137247525,0.8706571371848311,0.10856503078932644,4373148.675546573,48538.82649021363,4421687.502036786,2299,0,1303.5479452054794,89,349,63,36.05978260869568,0.5588850837138508,40.4513888888889,33698.108857723426,378.630436603634,0
2301,129.69467736504214,0,1,437,0.0,0.00228310502283105,0.997716894977169,438,11700,7600,4100,0.6495726495726496,158,76,82,168.7490852756103,0.42233970808995885,0.8702810918768606,0.10871991628880388,4373301.273104357,48298.117894205214,4421599.390998562,2300,1,1304.5479452054794,91,347,66,35.9256917800256,0.5603833713850837,40.30797101449277,33680.67391354872,370.1172957532827,0
2302,129.13278786704603,1,0,438,0.00228310502283105,0.0,1.0,438,11750,8200,3550,0.6978723404255319,153,82,71,170.8828478600483,0.42231467404365586,0.871409485637942,0.11074096244436933,4361191.584158321,49700.56759285007,4410892.151751171,2301,0,1305.513698630137,95,343,69,35.662992651970626,0.5619054414003044,40.10416666666668,33561.07351336263,353.2744580353961,0
2303,129.08937643503032,0,0,438,0.0,0.0,1.0,438,12350,9300,3050,0.7530364372469636,154,93,61,169.59374230826305,0.42224632021288083,0.8706963598357897,0.11036856577120704,4364619.5038055135,48092.43108040307,4412711.934885916,2302,1,1306.513698630137,99,339,70,35.54818939272553,0.5633323820395738,39.95833333333335,33568.61659712621,339.07693532450713,0
2304,128.81003282881812,0,1,437,0.0,0.00228310502283105,0.997716894977169,438,12550,8300,4250,0.6613545816733067,168,83,85,190.47050839663547,0.42227135425918383,0.8850094665330221,0.11817642105276102,4298996.236422893,63616.39974933788,4362612.63617223,2303,2,1307.513698630137,80,358,58,36.71996847519493,0.545543188736682,41.64094650205761,33279.238162692294,415.9904770336537,8
2305,129.07184440874636,2,1,438,0.004555808656036446,0.002277904328018223,0.9977220956719818,439,12550,9400,3150,0.749003984063745,157,94,63,186.09794926458486,0.4229029498340979,0.8809804373859949,0.11614638867815927,4314773.927113547,60244.1158752254,4375018.0429887725,2304,0,1305.5261958997721,87,352,62,36.61798815845693,0.5467444950645406,41.42992424242423,33374.11658693943,383.61053548206246,0
2306,129.31256417897487,1,2,437,0.002277904328018223,0.004555808656036446,0.9954441913439636,439,12800,9200,3600,0.71875,164,92,72,184.98784407155318,0.4231538833588167,0.8793019075785959,0.11602289754143667,4328685.909271789,59550.85480381966,4388236.764075608,2305,0,1305.9567198177676,90,349,68,36.468102990621055,0.5485715641609719,41.254578754578745,33459.033890814324,371.7670432312703,0
2307,129.69491513091023,1,0,438,0.00228310502283105,0.0,1.0,438,12700,8900,3800,0.7007874015748031,165,89,76,182.33078692002653,0.4233811244161625,0.8788154303368259,0.11504424778761059,4348632.789238229,58277.92769760726,4406910.716935837,2306,0,1309.2876712328766,94,344,70,36.320058997050126,0.5501569634703196,41.041666666666664,33585.57906410861,357.2933942990278,0
2308,130.0537930917395,1,0,439,0.002277904328018223,0.0,1.0,439,11600,8200,3400,0.7068965517241379,150,82,68,179.62642904878686,0.42389888289075417,0.8772855540067315,0.11388125233032409,4366364.171498213,57462.88081055682,4423827.05230877,2307,0,1307.3029612756263,100,339,69,36.21791044776117,0.5518223234624146,40.87252475247523,33700.5110502262,337.005110502262,0
2309,130.20106917088097,1,2,438,0.0022727272727272726,0.004545454545454545,0.9954545454545455,440,11550,7600,3950,0.658008658008658,155,76,79,175.49088639186772,0.4242447970594326,0.8741653456475289,0.11160678840447044,4375018.972332993,54005.191487189615,4429024.163820182,2308,0,1305.3295454545455,105,335,56,36.213198129896355,0.5530776515151515,40.76257861635218,33752.989433252864,321.4570422214558,0
2310,130.11790003990018,0,0,438,0.0,0.0,1.0,438,10600,6700,3900,0.6320754716981132,145,67,78,184.18254311052905,0.42348245788184974,0.8801290728762039,0.11763500012955617,4377284.804730461,63043.88945086764,4440328.694181329,2309,3,1312.2876712328766,83,355,60,35.8351360934487,0.5542237442922374,40.61259920634923,33750.94388807806,406.63787816961513,0
2311,129.87465134504296,1,2,437,0.002277904328018223,0.004555808656036446,0.9954441913439636,439,10950,7400,3550,0.6757990867579908,145,74,71,182.6546838341687,0.4237326773523609,0.8778888154834432,0.11705670069254302,4373121.722467706,61004.23311713647,4434125.955584842,2310,0,1310.2961275626424,86,353,64,35.753283504044795,0.5555001898253606,40.49329501915712,33703.3428310882,391.89933524521166,0
2312,129.73428198816262,0,0,437,0.0,0.0,1.0,437,12350,8500,3850,0.6882591093117408,162,85,77,182.1039746507868,0.42316010783840335,0.8779637096816741,0.11702366266681635,4371620.619971071,59467.898112414645,4431088.518083486,2311,1,1317.2723112128147,86,351,65,35.670045045045036,0.5567076659038901,40.39750957854408,33679.34269716668,391.62026392054275,0
2313,130.1298454730532,1,0,438,0.00228310502283105,0.0,1.0,438,11750,7900,3850,0.6723404255319149,156,79,77,182.5762390922923,0.42342966869725435,0.8780741438230408,0.11794955155706258,4391188.110037676,60995.32205549535,4452183.432093171,2312,0,1315.2625570776256,90,348,68,35.46981714033929,0.558195395738204,40.212912087912116,33806.05360589481,375.6228178432757,0
2314,129.82919291213048,0,0,438,0.0,0.0,1.0,438,13250,9300,3950,0.7018867924528301,172,93,79,182.08075788931194,0.42359195462350535,0.8783211211498838,0.11814850173747218,4386207.00400211,58878.77910962381,4445085.783111734,2313,1,1316.2625570776256,93,345,67,35.32683029941317,0.5597888127853881,40.05984042553194,33747.821123003836,362.8797970215466,0
2315,129.79360430156302,1,2,437,0.002277904328018223,0.004555808656036446,0.9954441913439636,439,13550,9500,4050,0.7011070110701108,176,95,81,183.94840419936395,0.42366593510226297,0.8776602158711544,0.11990164914716434,4390296.04805792,60167.59040060695,4450463.638458528,2314,0,1314.261958997722,100,339,69,35.118610967921015,0.5613373196659074,39.903052805280545,33758.92024423617,337.58920244236174,0
2316,129.50290145782336,0,0,437,0.0,0.0,1.0,437,11850,8300,3550,0.70042194092827,154,83,71,183.9811567665334,0.424096739655281,0.8777421336427536,0.12032443209474598,4384353.2753861975,62077.67745573966,4446430.952841938,2315,1,1319.8009153318078,101,336,73,35.00016352694925,0.5628337147215865,39.787581699346426,33698.26316529172,333.6461699533834,0
2317,129.16647020192593,0,0,437,0.0,0.0,1.0,437,12900,9400,3500,0.7286821705426356,164,94,70,183.39370955251823,0.4241116102981826,0.8770611710583522,0.12031590230487411,4376587.221049666,60227.713129691314,4436814.934179358,2316,2,1320.8009153318078,107,330,61,34.90567494133631,0.5643592677345537,39.67978395061731,33624.64342930193,314.2490040121675,0
2318,128.64135764781412,0,1,436,0.0,0.002288329519450801,0.9977116704805492,437,11900,8500,3400,0.7142857142857143,153,85,68,181.83829176050327,0.4241288864862595,0.876722959521389,0.11976166515092646,4363286.602030285,59382.5164349341,4422669.118465219,2317,3,1321.8009153318078,82,355,65,34.80962591753799,0.565765636918383,39.545682730923666,33505.196978728185,408.59996315522176,0
2319,128.96964255128685,1,0,437,0.002288329519450801,0.0,1.0,437,10550,7300,3250,0.6919431279620853,138,73,65,180.8293573938826,0.4241013320597065,0.8762793785387961,0.11952712447051313,4378572.88531248,60404.904230664615,4438977.789543144,2318,0,1322.79176201373,83,354,67,34.71011001126284,0.5668144546147978,39.42212301587298,33606.63565141563,404.89922471585095,0
2320,129.14032081550764,0,1,436,0.0,0.002288329519450801,0.9977116704805492,437,11400,7700,3700,0.6754385964912281,151,77,74,181.03374152240292,0.42403594496812436,0.8761827608206147,0.11995600256017015,4387190.852607273,60045.91496406875,4447236.767571341,2319,1,1323.79176201373,84,353,68,34.61937784046382,0.5677440884820748,39.3382352941176,33661.943918453544,400.73742760063743,0
2321,129.1157042884371,1,0,437,0.002288329519450801,0.0,1.0,437,11750,7800,3950,0.6638297872340425,157,78,79,182.85067676349217,0.42414966164913676,0.8766175424196647,0.12180464066385344,4392449.629262462,61482.477472036524,4453932.106734498,2320,0,1324.7734553775745,87,350,70,34.387668663399275,0.569078947368421,39.15719696969693,33678.90222182726,387.1138186416926,0
2322,129.01978000459096,0,0,437,0.0,0.0,1.0,437,12900,9700,3200,0.751937984496124,161,97,64,182.3762926831112,0.424151192450612,0.8762932956301326,0.12193005045717065,4393337.316533271,59948.11445913889,4453285.4309924105,2321,1,1325.7734553775745,90,347,72,34.27447948650462,0.5702707856598017,39.033882783882746,33669.7910318753,374.1087892430589,0
2323,128.81782874533434,1,0,438,0.00228310502283105,0.0,1.0,438,13450,9800,3650,0.7286245353159851,171,98,73,180.26915621572903,0.42421236359710074,0.8756928598390377,0.12099782034393328,4390959.431571003,57260.91034135784,4448220.341912361,2322,0,1323.744292237443,92,346,73,34.193263552257164,0.5718702435312024,38.90008960573473,33634.323542590115,365.590473289023,0
2324,129.11095261615625,0,1,437,0.0,0.00228310502283105,0.997716894977169,438,12750,10200,2550,0.8,153,102,51,179.43766427854138,0.42421105747294585,0.8757816238041223,0.12095965553851584,4405861.00612313,57765.48161492565,4463626.487738056,2323,1,1324.744292237443,92,346,71,34.06675170068028,0.5732971841704718,38.754480286738314,33729.65791688158,366.6267164878433,0
2325,128.63230746265725,1,0,438,0.00228310502283105,0.0,1.0,438,11350,7800,3550,0.6872246696035242,149,78,71,182.4557739976201,0.42442678564586966,0.8777201296439765,0.12361913566868869,4395266.485156996,61438.34969502156,4456704.834852017,2324,0,1325.3196347031962,98,340,62,33.81406386261484,0.5748192541856925,38.58375420875417,33626.57490435265,343.12831535053726,0
2326,128.89944732861736,1,1,438,0.002277904328018223,0.002277904328018223,0.9977220956719818,439,11900,8500,3400,0.7142857142857143,153,85,68,182.09200849938605,0.4246922055453275,0.8764401703898173,0.12401895640369706,4410304.217422625,60916.23060875942,4471220.4480313845,2325,0,1323.2984054669703,85,354,67,33.645056798012064,0.5763572513287776,38.40843023255813,33719.00876884863,396.6942208099839,0
2327,128.8094890062726,0,0,438,0.0,0.0,1.0,438,12200,8500,3700,0.6967213114754098,159,85,74,182.6507942792509,0.42450754765611665,0.8760238650883865,0.12469667876272703,4409916.665936608,61294.95634772465,4471211.622284332,2326,1,1326.554794520548,87,351,68,33.54914955215781,0.5774828767123288,38.32859848484847,33705.75951672167,387.4225231807089,0
2328,128.96917797507103,0,0,438,0.0,0.0,1.0,438,12550,9000,3550,0.7171314741035857,161,90,71,185.8099050401766,0.42409241786220564,0.877999654448971,0.12746526413687495,4420804.382694366,64135.8485099259,4484940.231204293,2327,2,1327.554794520548,91,347,68,33.30292792792794,0.5788622526636225,38.16802536231882,33768.25453661115,371.07972018254014,0
2329,129.26023274736613,1,0,439,0.002277904328018223,0.0,1.0,439,10850,7600,3250,0.7004608294930875,141,76,65,185.2565008622224,0.4241916386695929,0.8789049409962844,0.12769195899080618,4436139.45919025,65714.7347092831,4501854.193899534,2328,0,1325.5284738041003,93,346,70,33.15621210839464,0.5802723993925589,38.009751773049636,33864.92046335574,364.13892971350253,0
2330,129.4311703997542,0,0,439,0.0,0.0,1.0,439,11150,8100,3050,0.726457399103139,142,81,61,182.1359805195663,0.4241595677182472,0.8767334131296003,0.1259881276245024,4446002.68075242,63005.41153029126,4509008.0922827115,2329,1,1326.5284738041003,100,339,69,33.11798287033393,0.5816249050873197,37.89191419141912,33924.9563174435,339.249563174435,0
2331,129.2424828491034,0,1,438,0.0,0.002277904328018223,0.9977220956719818,439,11650,7600,4050,0.6523605150214592,157,76,81,179.94836251033226,0.42405923764748304,0.875500086856575,0.12495243438949152,4443810.334008474,60481.27858226154,4504291.612590736,2330,2,1327.5284738041003,105,334,66,33.04646024608079,0.5828113135914958,37.765330188679215,33891.8598155295,322.77961729075713,0
2332,129.5548545303778,1,1,438,0.002277904328018223,0.002277904328018223,0.9977220956719818,439,12500,9000,3500,0.72,160,90,70,178.7136621202583,0.42363299736844845,0.8757913202592704,0.12474585014994807,4460407.197507866,59127.140962835176,4519534.338470701,2331,0,1328.4100227790432,111,328,59,32.90343446515912,0.5845197418375094,37.59300595238092,33996.09994159252,306.27117064497764,0
2333,129.070488669515,0,0,438,0.0,0.0,1.0,438,12450,9200,3250,0.7389558232931727,157,92,65,182.01651923637704,0.42319184525737613,0.8793330715787848,0.12750679774629498,4447712.1354571665,61861.416292262744,4509573.55174943,2332,1,1332.36301369863,84,354,59,32.69711044720383,0.5857115677321156,37.47549019607846,33884.16676811734,403.38293771568266,0
2334,129.503128905461,0,0,438,0.0,0.0,1.0,438,12250,8800,3450,0.7183673469387755,157,88,69,186.39971846931587,0.42295696059684645,0.8812028193960235,0.13123675609997146,4468228.176497443,66725.29483115952,4534953.471328602,2333,2,1333.36301369863,87,351,60,32.41408315308824,0.5870909436834094,37.3106060606061,34019.09844543115,391.02412006242696,0
2335,129.19262392707347,0,0,438,0.0,0.0,1.0,438,12950,9400,3550,0.7258687258687259,165,94,71,186.8831325723269,0.42270781741429214,0.8809971096958207,0.13207454999439347,4461693.761902603,66213.06136055503,4527906.823263158,2334,3,1334.36301369863,89,349,62,32.275977672083506,0.588494101978691,37.18750000000003,33953.436475834314,381.49928624532936,0
2336,129.53882143036932,0,0,438,0.0,0.0,1.0,438,13050,9500,3550,0.7279693486590039,166,95,71,185.511224389764,0.42246596675826953,0.8809032958090317,0.13194812438990394,4480745.162662802,65595.70426081964,4546340.866923622,2335,4,1335.36301369863,91,347,67,32.09983498349837,0.5899210426179604,36.9791666666667,34071.40876163398,374.4110852926811,0
2337,129.19897515037445,0,1,437,0.0,0.00228310502283105,0.997716894977169,438,11100,7800,3300,0.7027027027027027,144,78,66,183.5036912027843,0.42220485077096154,0.8799511521716035,0.1310462755903999,4473415.724539673,65477.659547523705,4538893.384087197,2336,5,1336.36301369863,95,343,68,32.0200395843642,0.5912290715372908,36.84895833333337,33998.84489308728,357.8825778219713,0
2338,128.94863777933762,0,0,437,0.0,0.0,1.0,437,11400,8000,3400,0.7017543859649122,148,80,68,182.66771758082825,0.4218112530528555,0.879296347869096,0.13084444925386834,4468062.36579995,64434.1508738963,4532496.516673847,2337,6,1340.324942791762,95,342,68,31.94259820287708,0.5921529366895499,36.751302083333364,33945.560993538886,357.3216946688304,0
2339,129.1291226469631,0,0,437,0.0,0.0,1.0,437,12800,8800,4000,0.6875,168,88,80,186.63483205706018,0.42157616568345474,0.8821516761168824,0.13437491016961334,4479940.979064645,67022.6064506555,4546963.585515301,2338,7,1341.324942791762,97,340,62,31.669659430231594,0.5934877955758963,36.58588435374151,34014.43364622725,350.6642643940953,0
2340,128.5767528381722,0,0,437,0.0,0.0,1.0,437,11800,8300,3500,0.7033898305084746,153,83,70,191.081821337282,0.42151799522739836,0.8836704332637413,0.13808039306590122,4464748.930241761,71426.47148085666,4536175.401722617,2339,8,1342.324942791762,100,337,64,31.433041771029032,0.5946557971014492,36.46864686468649,33884.00565718857,338.8400565718857,0
2341,128.5728946806028,0,0,437,0.0,0.0,1.0,437,11650,8200,3450,0.703862660944206,151,82,69,191.50799472372015,0.42127722202394696,0.8839261461195345,0.13911118755899476,4470260.411896203,72168.12147501433,4542428.533371217,2340,9,1343.324942791762,79,358,67,31.252057409967748,0.5959429824561404,36.30208333333333,33904.40446707766,429.16967679845135,0
2342,128.78604684914484,0,0,437,0.0,0.0,1.0,437,11750,8600,3150,0.7319148936170212,149,86,63,187.0962120620485,0.4211794694154613,0.8808608421035631,0.136653854753053,4483603.934889312,68623.06252085589,4552226.997410168,2341,10,1344.324942791762,84,353,70,31.19049554151959,0.5973731884057971,36.12745098039213,33983.10246024223,404.5607435743123,0
2343,129.00039400576688,0,0,437,0.0,0.0,1.0,437,12900,9900,3000,0.7674418604651163,159,99,60,186.4501685760987,0.42090130091883077,0.8803696060985347,0.13682312630903054,4496139.178197319,67361.1815432968,4563500.359740616,2342,11,1345.324942791762,88,349,71,31.055778437804737,0.5987080472921433,35.97846441947563,34058.88211589493,387.0327513169878,0
2344,128.48454024998694,0,0,437,0.0,0.0,1.0,437,13550,10900,2650,0.8044280442804428,162,109,53,187.08672713787732,0.4205437494314166,0.880045298095337,0.13780590939611848,4482181.713331667,66761.3414368909,4548943.054768558,2343,12,1346.324942791762,93,344,63,30.918218940538083,0.6001382532418001,35.85992907801415,33937.915574009865,364.9238233764502,0
2345,128.45568230156186,0,0,437,0.0,0.0,1.0,437,12700,9500,3200,0.7480314960629921,159,95,64,193.20042776548652,0.4205301909040651,0.8823688574368362,0.14298197833274684,4486220.1484107645,73247.93034461833,4559468.078755382,2344,13,1347.324942791762,98,339,67,30.605210075112133,0.601687643020595,35.711279461279425,33949.38792140768,346.4223257286498,0
2346,128.40831627267124,0,2,435,0.0,0.004576659038901602,0.9954233409610984,437,14250,10600,3650,0.743859649122807,179,106,73,191.9507925398178,0.42009019482291693,0.8831798089738405,0.14268435925690198,4489262.7539793085,70693.50870915985,4559956.262688468,2345,14,1348.324942791762,99,338,58,30.49721784518409,0.603594584286804,35.57291666666662,33954.636547726106,342.97612674470815,0
2347,128.19045167958203,0,0,435,0.0,0.0,1.0,435,11550,8800,2750,0.7619047619047619,143,88,55,192.17061436713752,0.41971855853947065,0.8836002552325324,0.14328433835196006,4484886.162021752,73822.66582447525,4558708.827846228,2346,15,1354.8689655172413,102,333,60,30.393998190345055,0.6052921455938698,35.4773462783171,33909.27846006353,332.44390647121105,0
2348,128.2494127440323,0,0,435,0.0,0.0,1.0,435,12200,9500,2700,0.7786885245901639,149,95,54,192.62049453883904,0.4193497625227325,0.8848025460850208,0.1442595494471799,4491659.145303021,73837.12117363424,4565496.266476655,2347,16,1355.8689655172413,79,356,62,30.240619567712937,0.6068486590038313,35.338541666666686,33942.67660722937,429.6541342687262,0
2349,128.55436954767052,0,1,434,0.0,0.0022988505747126436,0.9977011494252873,435,10800,7900,2900,0.7314814814814815,137,79,58,187.82669678888408,0.41917077175697864,0.881631770825829,0.13104060799294354,4425400.369235502,68441.66666436094,4493842.035899863,2348,17,1356.8689655172413,113,322,52,32.68125783535307,0.5846264367816092,37.609649122807,33731.42613240934,298.50819586202954,8
2350,128.74418960838472,0,0,434,0.0,0.0,1.0,434,12550,9200,3350,0.7330677290836654,159,92,67,185.18518518518502,0.41911138663913755,0.8792882744495647,0.12962962962962973,4435639.657601389,64932.95028153321,4500572.6078829225,2349,18,1359.63133640553,94,340,53,32.638888888888886,0.5859735023041475,37.50000000000001,33795.34977220106,359.524997576607,0
2351,129.09468640877597,1,0,435,0.0022988505747126436,0.0,1.0,435,11700,8600,3100,0.7350427350427351,148,86,62,184.69753702537596,0.4192166781432632,0.880617648296296,0.13001346870117664,4453924.008160918,65825.75888110365,4519749.767042021,2350,0,1357.503448275862,90,345,57,32.465156731160306,0.5874281609195402,37.31684981684984,33910.99889776346,376.78887664181616,0
2352,128.81562713655342,0,0,435,0.0,0.0,1.0,435,12150,8300,3850,0.6831275720164609,160,83,77,184.63417596822134,0.41887171813478824,0.8805592144479231,0.13056509796107044,4449349.412430925,65150.39247177614,4514499.804902702,2351,1,1358.503448275862,93,342,62,32.314767968069255,0.588984674329502,37.16755319148938,33856.92646747337,364.0529727685309,0
2353,129.03793222796972,1,2,434,0.0022935779816513763,0.0045871559633027525,0.9954128440366973,436,11700,8600,3100,0.7350427350427351,148,86,62,182.45122418224207,0.4190276899012268,0.8776287736545094,0.12943883644767223,4460591.558154457,63868.07807245178,4524459.636226909,2352,0,1356.3853211009175,99,337,66,32.26517312415819,0.5902618501529052,37.062500000000014,33928.91130519197,342.7162758100199,0
2354,128.97780002416678,0,0,434,0.0,0.0,1.0,434,13700,10100,3600,0.7372262773722628,173,101,72,182.56935770398937,0.4181752713005041,0.8773028849552904,0.12983541935487192,4461167.904941599,62394.51180296838,4523562.416744567,2353,1,1363.389400921659,102,332,67,32.182361159175095,0.5914938556067588,36.98422330097088,33923.196250288405,332.58035539498434,0
2355,128.69842491201987,0,0,434,0.0,0.0,1.0,434,13000,9600,3400,0.7384615384615385,164,96,68,182.6699407713198,0.4180721700138001,0.8784941918164839,0.13057374877873787,4457114.937693014,63036.18433586999,4520151.122028884,2354,2,1364.389400921659,106,328,61,32.01100157825948,0.5929339477726574,36.818535825545176,33871.03990529158,319.53811231407155,0
2356,128.72945013893477,0,2,432,0.0,0.004608294930875576,0.9953917050691244,434,11500,7600,3900,0.6608695652173913,154,76,78,193.9175664819366,0.41802372349520905,0.8849091094597583,0.1361441982295473,4438406.8094491735,73837.00950904978,4512243.818958223,2355,3,1365.389400921659,85,349,57,32.310885608856125,0.5869575652841782,37.40310077519383,33803.95444539887,397.69358171057496,8
2357,128.68698590190644,0,2,430,0.0,0.004629629629629629,0.9953703703703703,432,12400,9100,3300,0.7338709677419355,157,91,66,203.90251108404246,0.4175781361891668,0.8912266804833704,0.14212046167486464,4428905.070392139,81812.97304116064,4510718.0434333,2356,6,1372.273148148148,95,337,53,32.291494340819135,0.5851176697530864,37.64105902777777,33762.1813381314,355.3913825066463,8
2358,128.25005435492318,0,0,430,0.0,0.0,1.0,430,12300,8500,3800,0.6910569105691057,161,85,76,208.80574452002995,0.4169974566776892,0.893337024732374,0.14616402116402122,4418615.1539469715,86226.44539347732,4504841.599340449,2357,7,1375.3348837209303,94,336,55,32.01884920634921,0.5866036821705427,37.50000000000001,33665.639268167404,358.1450985975256,0
2359,128.04613912034992,0,0,430,0.0,0.0,1.0,430,11600,8300,3300,0.7155172413793104,149,83,66,204.5291695745505,0.4168838429012847,0.8903778941650353,0.14367699249679688,4415480.785213735,83018.92365442951,4498499.708868165,2358,8,1376.3348837209303,80,350,56,32.01300132216835,0.5876695736434108,37.38425925925925,33626.93167408256,420.336645926032,0
2360,128.26273267021327,0,0,430,0.0,0.0,1.0,430,11200,8500,2700,0.7589285714285714,139,85,54,203.049670488285,0.41659348403534446,0.8885834097183731,0.1430531183669542,4426152.684251835,82545.76881363426,4508698.453065469,2359,9,1377.3348837209303,83,347,58,31.954852096609226,0.5887596899224806,37.289186507936506,33696.006840506765,405.97598603020197,0
2361,128.20101664583822,1,0,431,0.002320185614849188,0.0,1.0,431,13050,9500,3550,0.7279693486590039,166,95,71,199.64285803983688,0.41660821237792045,0.8870095344553064,0.1415445431720651,4430958.766382291,77671.85439544753,4508630.620777738,2360,0,1375.1368909512762,89,342,62,31.834389857369278,0.590438901778809,37.08333333333336,33706.1839598019,378.7211680876618,0
2362,127.84917063135605,1,0,432,0.0023148148148148147,0.0,1.0,432,11200,8600,2600,0.7678571428571429,138,86,52,189.0901119451089,0.41674599785884103,0.8846068707250894,0.12518753877953503,4342356.400496715,66619.33157509641,4408975.732071811,2361,0,1372.951388888889,81,351,61,34.43907288265016,0.5695167824074074,39.36737804878048,33321.66455593911,411.37857476468037,8
2363,127.43735004331465,0,0,432,0.0,0.0,1.0,432,11100,7900,3200,0.7117117117117117,143,79,64,184.46820151937857,0.41690891212655035,0.8721263401067596,0.11338157200086951,4242054.887553789,59004.847170708774,4301059.734724497,2362,1,1373.951388888889,109,323,68,37.219502758713524,0.5453076774691358,41.979166666666686,32881.49125596801,301.66505739420194,8
2364,127.0389810353325,1,0,433,0.0023094688221709007,0.0,1.0,433,11600,8000,3600,0.6896551724137931,152,80,72,180.8993024423894,0.4172616310979956,0.8715955799889734,0.11172292625368632,4234466.552871049,55002.409126000945,4289468.961997051,2363,0,1371.7759815242493,111,322,56,37.1354673222627,0.5467667436489607,41.80617559523811,32800.68036199671,295.50162488285326,0
2365,126.71823927919525,1,0,434,0.002304147465437788,0.0,1.0,434,11200,8100,3100,0.7232142857142857,143,81,62,180.2244522272215,0.4178039958067709,0.8720924095089218,0.11168466159650026,4227768.166309076,54389.440383348774,4282157.606692425,2364,0,1369.6129032258063,118,316,62,37.02869083926355,0.5484110983102919,41.6841736694678,32733.326690555667,277.40107364877684,0
2366,126.41269130313438,1,0,435,0.0022988505747126436,0.0,1.0,435,13200,9700,3500,0.7348484848484849,167,97,70,177.12212790742024,0.4183848455956354,0.8685673454805305,0.11025817009448906,4222851.538852068,49392.09007971747,4272243.628931785,2365,0,1367.4620689655173,93,342,66,36.94439978563769,0.5501436781609195,41.52260638297867,32674.822968146666,351.34218245318993,0
2367,126.77920707882814,3,1,437,0.00684931506849315,0.00228310502283105,0.997716894977169,438,13100,9100,4000,0.6946564885496184,171,91,80,175.89824085992203,0.41906960858071324,0.8672898215367915,0.11016368478125768,4242206.237716584,48539.32291586528,4290745.560632449,2366,0,1359.0890410958905,100,338,71,36.75530571834841,0.5519644216133942,41.3056930693069,32797.05910847984,327.97059108479846,0
2368,126.43719884287546,1,0,438,0.00228310502283105,0.0,1.0,438,12500,9000,3500,0.72,160,90,70,171.39534611534913,0.4193787246307152,0.8634382588620397,0.10781213526619177,4235830.230256065,45100.317680117514,4280930.5479361825,2367,0,1356.63698630137,104,334,79,36.714238719403134,0.553343797564688,41.15079365079362,32728.16857349466,314.6939285912948,0
2369,126.24886793595181,1,0,439,0.002277904328018223,0.0,1.0,439,11300,7700,3600,0.6814159292035398,149,77,72,169.56864965367848,0.419659016444597,0.8629158691280714,0.10707764948922661,4234016.663832583,44491.297659451346,4278507.961492035,2368,0,1354.5444191343963,109,330,74,36.62165435664919,0.5546934320425209,41.01325757575755,32696.783041480187,299.9704866190843,0
2370,126.34926590776216,0,0,439,0.0,0.0,1.0,439,11050,8300,2750,0.751131221719457,138,83,55,168.99817403528402,0.4195911907164131,0.8631682666844944,0.10695170156804264,4239922.89681134,44457.845522300035,4284380.74233364,2369,1,1355.5444191343963,113,326,72,36.557532684349134,0.555879840546697,40.93567251461985,32732.587600665418,289.66891682004797,0
2371,125.95639773785706,2,2,439,0.0045351473922902496,0.0045351473922902496,0.9954648526077098,441,11950,8500,3450,0.7112970711297071,154,85,69,171.0269517912414,0.42040129182986324,0.8665411695529177,0.10876381789381599,4232346.652864514,44619.06939265519,4276965.722257169,2370,0,1350.392290249433,119,322,57,36.330252701134015,0.5575160619803476,40.76388888888887,32652.44671912617,274.39030856408544,0
2372,125.62644813263489,0,0,439,0.0,0.0,1.0,439,11800,8700,3100,0.7372881355932204,149,87,62,169.25756781383876,0.4198975983191355,0.8646894773526757,0.10785634690721899,4223576.861334431,43374.4694048532,4266951.330739284,2371,3,1357.5444191343963,122,317,59,36.30377924382463,0.5585611237661352,40.69275067750675,32575.848707428042,267.0151533395741,0
2373,125.6841411479433,0,2,437,0.0,0.004555808656036446,0.9954441913439636,439,12650,8900,3750,0.7035573122529645,164,89,75,168.3973949688744,0.4199142838816599,0.8655018835801933,0.10761498320023782,4228786.088052681,41973.312221738066,4270759.400274419,2372,4,1358.5444191343963,95,344,60,36.22409231605805,0.5601034548215642,40.59244791666668,32603.415390884264,343.19384621983437,0
2374,125.76088176407548,1,1,437,0.00228310502283105,0.00228310502283105,0.997716894977169,438,12800,9100,3700,0.7109375,165,91,74,153.14713004035744,0.41933007150594376,0.8586086018284267,0.1021120588129251,4279350.995802126,30674.064688488317,4310025.060490614,2373,0,1362.623287671233,106,332,73,35.13056498861811,0.5726788432267884,39.12577881619938,32807.77208559125,309.5072838263325,8
2375,125.51799937636157,0,0,437,0.0,0.0,1.0,437,12650,8700,3950,0.6877470355731226,166,87,79,153.8116753664803,0.4188939828130358,0.8587805688683714,0.10291827105548902,4275019.682296935,31459.587911755123,4306479.270208689,2374,1,1366.725400457666,109,328,71,34.99128448411401,0.5741800152555301,39.005681818181834,32759.4846667796,300.54573088788624,0
2376,125.3891843228776,1,0,438,0.00228310502283105,0.0,1.0,438,12750,9600,3150,0.7529411764705882,159,96,63,153.39012474980933,0.41927173129368983,0.8589686473501688,0.10315327646517472,4276204.510712294,30835.508670771378,4307040.019383065,2375,0,1364.6027397260275,116,322,70,34.829464103088604,0.5757229832572298,38.83547008547009,32747.207380050782,282.3035118969895,0
2377,125.19561239599035,1,2,437,0.002277904328018223,0.004555808656036446,0.9954441913439636,439,11750,8100,3650,0.6893617021276596,154,81,73,151.9838437388513,0.41953138272606555,0.8588217360483177,0.10263269094845129,4274185.556095393,30371.429933691652,4304556.986029085,2376,0,1362.4920273348519,121,318,59,34.72394676077197,0.5770216400911161,38.69535519125683,32714.195028747385,270.36524817146596,0
2378,125.82137465445251,0,1,436,0.0,0.002288329519450801,0.9977116704805492,437,12150,8300,3850,0.6831275720164609,160,83,77,151.12493988240414,0.41964735582474333,0.8578417258660258,0.10232305854284253,4298478.659276673,30371.46579379713,4328850.125070469,2377,1,1363.5652173913043,128,309,61,34.655954918497,0.5783752860411899,38.6062661498708,32888.91891908333,256.9446790553385,0
2379,125.61341112110841,0,2,434,0.0,0.0045871559633027525,0.9954128440366973,436,14450,11200,3250,0.7750865051903114,177,112,65,156.3467246551638,0.4194293955850821,0.8641854599948826,0.10606223753634114,4293495.28756563,32604.785106653828,4326100.072672284,2378,2,1367.6880733944954,120,316,62,34.45385126162021,0.579582377675841,38.54166666666667,32842.67311603988,273.68894263366565,0
2380,125.66146780153639,0,1,433,0.0,0.002304147465437788,0.9976958525345622,434,11750,8000,3750,0.6808510638297872,155,80,75,153.06573993398803,0.41914409081072646,0.8603915849953481,0.10414559410959652,4298415.28662542,33038.023278176406,4331453.3099035965,2379,3,1374.410138248848,93,341,66,34.43837471225409,0.5807651689708142,38.44193262411346,32867.77066178688,353.4168888364181,0
2381,125.38127785838495,0,0,433,0.0,0.0,1.0,433,11850,9200,2650,0.7763713080168776,145,92,53,151.46754283387233,0.4189387135403302,0.8579015405775974,0.10353786339965533,4293927.748953629,31628.13704803647,4325555.886001666,2380,4,1378.570438799076,97,336,69,34.32245552757692,0.5818658583525789,38.286564625850325,32813.96495991856,338.28829855586145,0
2382,125.04099602805601,0,0,433,0.0,0.0,1.0,433,12000,9400,2600,0.7833333333333333,146,94,52,149.86448361038407,0.4189228983120919,0.8555345726376649,0.10287092284305496,4286834.4286638,29888.845594982267,4316723.274258782,2381,5,1379.570438799076,102,331,73,34.223006462742646,0.5829724788298691,38.14724919093849,32742.328773851114,321.00322327305014,0
2383,125.35825751551849,0,0,433,0.0,0.0,1.0,433,11950,8300,3650,0.694560669456067,156,83,73,150.06566572369232,0.4187482625523908,0.855256987343803,0.10320092838685009,4299744.4156751055,30498.80163600186,4330243.217311108,2382,6,1380.570438799076,104,329,75,34.15487734050474,0.5838385296381832,38.08531746031744,32833.16822090456,315.7035405856208,0
2384,125.41864858814986,0,0,433,0.0,0.0,1.0,433,11900,8400,3500,0.7058823529411765,154,84,70,152.24008027831317,0.4184606926980869,0.8562591288200825,0.10506596428771763,4305661.4864569325,32598.85006988742,4338260.3365268195,2383,7,1381.570438799076,108,325,71,33.979099043242535,0.5848729792147807,37.968272171253794,32863.66519149884,304.29319621758185,0
2385,125.79552052223079,1,0,434,0.002304147465437788,0.0,1.0,434,12300,9000,3300,0.7317073170731707,156,90,66,152.1636071134228,0.41875485573801896,0.856565222092353,0.10544544290710438,4323084.211798028,32463.217504452696,4355547.429302481,2384,0,1379.384792626728,115,319,69,33.84301678369579,0.5861655145929339,37.832255747126396,32979.52785242873,286.77850306459766,0
2386,126.28046765319367,1,0,435,0.0022988505747126436,0.0,1.0,435,12050,8100,3950,0.6721991701244814,160,81,79,152.50938092916988,0.4189595582393135,0.8582230742734513,0.10613321200472467,4344375.415380645,33461.601024719566,4377837.0164053645,2385,0,1377.2114942528735,118,317,59,33.69214276179668,0.5875957854406131,37.692577030812295,33124.30404145263,280.7144410292596,0
2387,126.00228380539366,0,2,433,0.0,0.004597701149425287,0.9954022988505747,435,12350,8600,3750,0.6963562753036437,161,86,75,146.97334307456774,0.4190968359906069,0.8570751485434349,0.09696848018349245,4275743.382341807,26334.059806347024,4302077.442148154,2386,1,1378.2114942528735,95,340,65,35.65681098754632,0.5720785440613028,39.48567708333333,32825.399651515756,345.53052264753427,8
2388,126.04332619797103,1,0,434,0.002304147465437788,0.0,1.0,434,12700,9500,3200,0.7480314960629921,159,95,64,146.74102176237966,0.4190224756370551,0.8561233179277081,0.09725420206370256,4282222.913309048,26175.55314264904,4308398.466451697,2387,0,1381.983870967742,98,336,70,35.50572172438853,0.5734447004608295,39.33080808080809,32855.611986832315,335.2613468044114,0
2389,126.28212212865813,1,0,435,0.0022988505747126436,0.0,1.0,435,12700,9300,3400,0.7322834645669292,161,93,68,147.07316551241155,0.419179379204407,0.8560150696246138,0.09781210754653068,4294223.233243601,26613.00086601651,4320836.234109618,2388,0,1379.8045977011495,103,332,71,35.37725960492121,0.5747126436781609,39.212740384615394,32932.76856834821,319.73561716842926,0
2390,126.14304132518008,0,0,435,0.0,0.0,1.0,435,11200,8000,3200,0.7142857142857143,144,80,64,144.2239084428599,0.4191100782174197,0.8532624806999478,0.0962450385027056,4293316.135300016,25639.76664275316,4318955.901942769,2389,1,1380.8045977011495,106,329,77,35.33372201492536,0.575933908045977,39.096573208722745,32911.15174761326,310.48256365672887,0
2391,126.05530252050096,0,0,435,0.0,0.0,1.0,435,12450,8300,4150,0.6666666666666666,166,83,83,143.94231517289325,0.4190566679026078,0.8524344676834021,0.09650061562219131,4295473.730527118,24210.086707285398,4319683.817234403,2390,2,1381.8045977011495,114,321,73,35.18246244058147,0.5773706896551725,38.94021739130437,32907.96987267575,288.6664023918925,0
2392,126.56001746227082,0,0,435,0.0,0.0,1.0,435,11650,8600,3050,0.7381974248927039,147,86,61,144.17958795573477,0.41906328901601425,0.8528494760258596,0.09699175282533973,4316508.053696346,25820.47051791221,4342328.5242142575,2391,3,1382.8045977011495,117,318,70,35.0585299353298,0.5784961685823755,38.82415254237292,33054.41981496127,282.51640867488265,0
2393,126.32246866370994,1,2,434,0.0022935779816513763,0.0045871559633027525,0.9954128440366973,436,12650,8900,3750,0.7035573122529645,164,89,75,144.2396860052232,0.41911611568069174,0.8525172676963946,0.09729790388096234,4311453.183620663,24526.530686333437,4335979.714306997,2392,0,1380.630733944954,125,311,60,34.96328803172694,0.5799168577981652,38.73181216931218,33004.04247006648,264.03233976053184,0
2394,126.69647113346558,0,0,434,0.0,0.0,1.0,434,11200,7600,3600,0.6785714285714286,148,76,72,145.27563367807085,0.41884997498962334,0.8542697738309151,0.09826826405973103,4327305.253725255,27730.402570676786,4355035.656295932,2393,5,1385.774193548387,128,306,63,34.84162109556033,0.5811731950844854,38.63856589147287,33113.57139193225,258.6997764994707,0
2395,127.19756456803309,0,1,433,0.0,0.002304147465437788,0.9976958525345622,434,12350,9100,3250,0.7368421052631579,156,91,65,146.37120365646496,0.41876028795635073,0.855536104618704,0.09939037392735353,4348713.502364125,28155.285939630765,4376868.788303756,2394,6,1386.774193548387,96,338,63,34.68198151950718,0.5823492703533026,38.509450171821285,33260.96109569998,346.46834474687483,0
2396,127.14521769393997,1,1,433,0.002304147465437788,0.002304147465437788,0.9976958525345622,434,13350,9700,3650,0.7265917602996255,170,97,73,146.21495469207366,0.41879077489596744,0.8543300742053843,0.09979540674268192,4352645.305201313,27134.36721813425,4379779.672419447,2395,0,1387.7511520737328,101,333,67,34.5115200478755,0.5837653609831029,38.337418300653574,33269.14591252147,329.3974842823908,0
2397,126.72984469089259,0,1,432,0.0,0.0023094688221709007,0.9976905311778291,433,10150,7700,2450,0.7586206896551724,126,77,49,145.6261589821005,0.41865760342713765,0.8534569040935049,0.09976072386343812,4342509.663528345,29726.600528455914,4372236.264056801,2396,1,1391.9399538106236,104,329,70,34.40200090950431,0.5847045804464973,38.214285714285694,33176.06291372268,319.00060493964116,0
2398,126.576651771374,0,1,431,0.0,0.0023148148148148147,0.9976851851851852,432,13850,10000,3850,0.7220216606498195,177,100,77,145.7466253724368,0.418487927336656,0.8528726999121738,0.10039677899161008,4343358.958311121,26355.982190996634,4369714.940502117,2397,2,1395.4074074074074,109,323,76,34.21218310198573,0.5862991898148149,38.03030303030301,33159.24710798542,304.21327622004975,0
2399,126.61309018144351,0,0,431,0.0,0.0,1.0,431,11200,7400,3800,0.6607142857142857,150,74,76,147.25874662739008,0.41830900735624743,0.8538442044803092,0.10185280323602439,4349094.490799838,30688.44073585308,4379782.931535691,2398,3,1397.3712296983758,115,316,73,34.03539125668084,0.5877078499613302,37.89511494252872,33185.90944877826,288.57312564155006,0
2400,126.86148063469304,0,0,431,0.0,0.0,1.0,431,12800,8600,4200,0.671875,170,86,84,146.48047893445354,0.41827550855231205,0.8542065879785055,0.10168016841990168,4361588.262395501,28777.507518115755,4390365.769913617,2399,4,1398.3712296983758,116,315,70,33.93492739845402,0.5890612915699922,37.775997150997135,33266.125259380206,286.77694189120865,0
2401,127.00342375966723,1,0,432,0.0023148148148148147,0.0,1.0,432,12850,9800,3050,0.7626459143968871,159,98,61,200.59828634031365,0.4182807039686632,0.8872609853796447,0.14004120366392972,4372716.769735943,76181.89813211313,4448898.667868055,2400,0,1396.1319444444443,105,327,52,32.32451253916535,0.5880353009259259,37.588443396226374,33327.166122782415,317.4015821217373,8
2402,127.13728126450845,0,0,432,0.0,0.0,1.0,432,12650,8900,3750,0.7035573122529645,164,89,75,202.72524542783145,0.41809563515081205,0.8879113167537864,0.14186917661876802,4379979.519542256,78536.484613614,4458516.0041558705,2401,1,1397.1319444444443,116,316,52,32.18754593042317,0.5894820601851851,37.50890313390311,33372.40441169394,287.6931414801202,0
2403,127.06772612321079,0,0,432,0.0,0.0,1.0,432,11250,8400,2850,0.7466666666666667,141,84,57,199.81077523725043,0.4180864600340867,0.8859604629249691,0.14032820151388492,4381475.308100482,77443.19559888606,4458918.503699369,2402,2,1398.1319444444443,86,346,56,32.14505539597869,0.5905912422839505,37.392241379310356,33368.97075024414,388.0112877935365,0
2404,127.40310017857293,0,0,432,0.0,0.0,1.0,432,11350,7300,4050,0.6431718061674009,154,73,81,201.33213405044106,0.41795151868322306,0.887694202942074,0.14211039884851373,4398544.726394592,79363.67929626808,4477908.40569086,2403,3,1399.1319444444443,87,345,59,31.93729634968541,0.591748649691358,37.227746212121225,33477.999773486656,384.80459509754775,0
2405,127.7515219199832,0,0,432,0.0,0.0,1.0,432,11850,8600,3250,0.7257383966244726,151,86,65,200.08086527326023,0.4178131086906705,0.8857263055475799,0.14181555835302614,4415118.831972662,78426.15923707254,4493544.991209735,2404,4,1400.1319444444443,91,341,64,31.832113120872854,0.5929301697530864,37.09239130434785,33586.84713521323,369.08623225509047,0
2406,127.64263819110502,0,0,432,0.0,0.0,1.0,432,12700,8700,4000,0.6850393700787402,167,87,80,199.63319439720868,0.4175167076637736,0.8855039016421773,0.1420166390035666,4415340.286134838,77189.69713435759,4492529.983269196,2405,5,1401.1319444444443,94,338,68,31.72280584736813,0.5943528163580247,36.97368421052633,33573.3728610553,357.1635410750564,0
2407,128.04037095499928,0,0,432,0.0,0.0,1.0,432,11800,7900,3900,0.6694915254237288,157,79,78,197.8166817167824,0.41737605983787346,0.8847691078952287,0.14142623207453128,4434521.213121299,77244.45427646817,4511765.667397767,2406,6,1402.1319444444443,96,336,61,31.60643123333879,0.5955825617283951,36.81271477663232,33698.597630639415,351.0270586524939,0
2408,128.36098547695073,0,0,432,0.0,0.0,1.0,432,12500,9200,3300,0.736,158,92,66,195.51602665028975,0.4170849177193435,0.882977241125704,0.14034480042180125,4450008.314468753,75109.58884113768,4525117.90330989,2407,7,1403.1319444444443,101,331,61,31.53473730478851,0.5967881944444444,36.683006535947726,33799.62877387374,334.64978984033405,0
2409,128.50404003389883,0,0,432,0.0,0.0,1.0,432,12250,8900,3350,0.726530612244898,156,89,67,199.44208402081674,0.4171521646114405,0.8839302817354273,0.14408053836027548,4461913.931977671,79328.68266302998,4541242.614640701,2408,8,1404.1319444444443,106,326,53,31.222062137500487,0.5984519675925926,36.477803738317775,33863.6668582324,319.4685552663434,0
2410,128.68076252326978,0,0,432,0.0,0.0,1.0,432,13550,10000,3550,0.7380073800738007,171,100,71,200.2488037567486,0.4169952924937699,0.8847519370095829,0.14538850466760436,4473474.6509242905,79211.58949674436,4552686.240421035,2409,9,1405.1319444444443,88,344,57,31.037681062926286,0.5994646990740741,36.31788389513107,33930.81576412369,385.57745186504195,0
2411,128.27427578495406,0,1,431,0.0,0.0023148148148148147,0.9976851851851852,432,10050,6700,3350,0.6666666666666666,134,67,67,198.54446296620594,0.41693833963507204,0.8837960954011086,0.1446556164734807,4463111.6351130195,80775.220550347,4543886.855663367,2410,10,1406.1319444444443,90,342,61,30.969027988717713,0.6006462191358024,36.20650183150182,33837.91993434354,375.97688815937266,0
2412,128.12809050222944,0,0,431,0.0,0.0,1.0,431,12200,9000,3200,0.7377049180327869,154,90,64,192.37034577574542,0.4167064605478516,0.8792056797850853,0.14088625901610916,4463598.400048456,73332.7935242764,4536931.193572733,2411,11,1409.5104408352668,94,337,69,30.963891081294367,0.6021365042536737,36.04166666666666,33820.47722215088,359.79231087394555,0
2413,128.1361840764988,0,0,431,0.0,0.0,1.0,431,11600,8400,3200,0.7241379310344828,148,84,64,194.24312096137288,0.4165398658249249,0.8800139119610817,0.14272646714118276,4467404.240001081,75752.50843477606,4543156.748435857,2412,12,1410.5104408352668,97,334,71,30.808267587113722,0.6030790796597061,35.9375,33835.96110770049,348.8243413164999,0
2414,128.5593473531191,0,1,430,0.0,0.002320185614849188,0.9976798143851509,431,13900,10300,3600,0.7410071942446043,175,103,72,190.60169222258347,0.4162801938883793,0.8781567862145747,0.14057766617568318,4486184.90912735,70914.88706061803,4557099.796187968,2413,13,1411.5104408352668,100,331,68,30.783557811178362,0.604142498066512,35.818894389438945,33962.95052031917,339.62950520319174,0
2415,128.2651915854218,0,0,430,0.0,0.0,1.0,430,12800,9400,3400,0.734375,162,94,68,187.2503169699674,0.41579084675014905,0.8764994447499226,0.13879688443443955,4481246.0604449,69022.94904774481,4550269.009492645,2414,14,1415.7511627906977,101,329,63,30.712022871271838,0.6054505813953488,35.66176470588235,33905.39439335223,335.6969741916063,0
2416,128.44000341160822,0,1,429,0.0,0.002325581395348837,0.9976744186046511,430,10950,7500,3450,0.684931506849315,144,75,69,189.88690552817428,0.4155606828571945,0.8782504594750307,0.14137181590802678,4492040.43423681,73645.93151293234,4565686.365749742,2415,15,1416.7511627906977,106,324,55,30.501696298204898,0.6067102713178294,35.52375389408099,33969.32995213348,320.4653769069196,0
2417,128.3307826314819,0,0,429,0.0,0.0,1.0,429,10750,7400,3350,0.6883720930232559,141,74,67,193.70364909954841,0.4153765821406008,0.8795818996613589,0.1446641607108334,4491534.357623405,77455.31902552956,4568989.676648934,2416,16,1416.9160839160838,109,320,57,30.301244079363364,0.6075174825174825,35.42613636363636,33952.97098428946,311.4951466448574,0
2418,128.01009260029383,0,0,429,0.0,0.0,1.0,429,11900,9300,2600,0.7815126050420168,145,93,52,194.25263576951826,0.41513445018117917,0.8807895202928868,0.1458744186011798,4486120.808220932,76588.15827547855,4562708.966496411,2417,17,1417.9160839160838,89,340,60,30.111881029407453,0.6090229215229215,35.25462962962961,33890.079376609996,380.787408725955,0
2419,128.06298283069245,0,1,428,0.0,0.002331002331002331,0.9976689976689976,429,12450,9100,3350,0.7309236947791165,158,91,67,196.3150847460811,0.414843982600992,0.880931539960268,0.1479446669581282,4491694.468624706,78107.47605231096,4569801.944677018,2418,18,1418.9160839160838,91,338,63,29.945422936616488,0.6102369852369852,35.14492753623186,33918.13059754908,372.7267098631767,0
2420,128.52827154983427,0,0,428,0.0,0.0,1.0,428,12700,9600,3100,0.7559055118110236,158,96,62,196.96433713416295,0.41489837086972065,0.8817740417074404,0.14901136308227925,4512109.681898594,79444.9385143584,4591554.620412952,2419,19,1419.9859813084113,92,336,66,29.805571994194807,0.6112733644859814,35.02464157706092,34056.82482139802,370.1828784934567,0
2421,128.77255154150134,0,0,428,0.0,0.0,1.0,428,11900,8400,3500,0.7058823529411765,154,84,70,197.40740145886016,0.4144703183479612,0.8821151939538865,0.15004749003194198,4525620.386051042,81178.19207991484,4606798.578130957,2420,20,1420.9859813084113,98,330,67,29.64638647458028,0.6126119548286604,34.88005050505049,34140.17236101845,348.36910572467804,0
2422,128.29785008868743,0,1,427,0.0,0.002336448598130841,0.9976635514018691,428,13450,10500,2950,0.7806691449814126,164,105,59,195.75258353663787,0.4142693445541232,0.8814711063267622,0.14955497382198968,4514307.358299916,77687.46565313055,4591994.823953046,2421,21,1421.9859813084113,101,327,61,29.529341186736477,0.6139018691588785,34.72222222222219,34034.568565193076,336.97592638805025,0
2423,128.67621287951442,0,0,427,0.0,0.0,1.0,427,11650,7800,3850,0.6695278969957081,155,78,77,194.89573824423007,0.4137956152213829,0.8812872235986484,0.1495074206005054,4531879.150766029,79598.78654443435,4611477.937310464,2422,22,1426.2365339578455,102,325,69,29.424910134766094,0.6150224434035909,34.59749190938509,34150.98962982471,334.8136238218109,0
2424,128.9512127240611,0,0,427,0.0,0.0,1.0,427,12150,9200,2950,0.757201646090535,151,92,59,198.41268835504093,0.41386273011475044,0.8843534112748348,0.15267774426909955,4544807.407513987,82799.49115614854,4627606.898670136,2423,23,1427.2365339578455,105,322,54,29.234949291187,0.6162665886026542,34.502751572327014,34236.192159649356,326.0589729490415,0
2425,128.76417697872517,0,0,427,0.0,0.0,1.0,427,9900,6700,3200,0.6767676767676768,131,67,64,199.93423796665218,0.4136765034652359,0.8849488692164538,0.15424790757155582,4540919.167874611,86277.04269943306,4627196.210574044,2424,24,1428.2365339578455,106,321,56,29.113896016617762,0.617217993754879,34.42367601246103,34196.71678329032,322.61053569141814,0
2426,129.03065664958794,0,0,427,0.0,0.0,1.0,427,12100,8600,3500,0.7107438016528925,156,86,70,182.93927453850966,0.413459811693476,0.8762951384085063,0.1338575945217716,4494059.849574999,66928.00972277828,4560987.8592977775,2425,25,1429.2365339578455,93,334,66,31.242171208240585,0.5989949258391881,36.07047872340424,34054.99943953041,366.18278967237,8
2427,128.513746456062,0,0,427,0.0,0.0,1.0,427,11100,8200,2900,0.7387387387387387,140,82,58,182.25942283859723,0.4133102348150836,0.8760593863077046,0.1338074777346244,4479656.7372571835,66791.93028950474,4546448.667546689,2426,26,1430.2365339578455,96,331,68,31.152048508019128,0.6002390710382514,35.964347079037786,33932.210954845155,353.46053077963705,0
2428,128.0854438741856,0,0,427,0.0,0.0,1.0,427,10250,7100,3150,0.6926829268292682,134,71,63,180.63841036965042,0.4130672010203296,0.8756666412921306,0.1330618149624322,4468304.685422659,65779.49108440163,4534084.17650706,2427,27,1431.2365339578455,98,329,65,31.087177342256194,0.6013612412177987,35.85858585858585,33832.67027585799,345.2313293454897,0
2429,128.43622361132972,0,0,427,0.0,0.0,1.0,427,12900,9400,3500,0.7286821705426356,164,94,70,184.76354702753295,0.412753845477235,0.8791784937742686,0.13680830452685816,4486088.697659246,67473.13201192855,4553561.829671174,2428,28,1432.2365339578455,100,327,68,30.811741522612856,0.6028005464480874,35.6951320132013,33946.31912631525,339.46319126315245,0
2430,127.98833142030779,0,0,427,0.0,0.0,1.0,427,11400,8100,3300,0.7105263157894737,147,81,66,184.6950367952264,0.4126303815607672,0.8791143091229439,0.13719320291712273,4473824.3250544295,68458.62966626084,4542282.95472069,2429,29,1433.2365339578455,104,323,54,30.71181337235476,0.6041178766588602,35.59523809523809,33840.72429577416,325.3915797670592,0
2431,127.92644372147427,0,0,427,0.0,0.0,1.0,427,12700,9100,3600,0.7165354330708661,163,91,72,183.56460407958926,0.4125403605604483,0.8795350866787193,0.13692596034614973,4476100.677931393,66230.72975297076,4542331.407684363,2430,30,1434.2365339578455,109,318,56,30.608070819163494,0.6056303669008587,35.46401515151514,33841.147778024344,310.4692456699481,0
2432,128.42213932061057,0,0,427,0.0,0.0,1.0,427,11750,8700,3050,0.7404255319148936,148,87,61,184.01196673836978,0.4122785437579943,0.8798474130230083,0.13768637342906082,4496739.16249932,68340.76344019009,4565079.92593951,2431,31,1435.2365339578455,83,344,58,30.497500781005943,0.6070452771272443,35.367063492063494,33984.72784104453,409.45455230174133,0
2433,128.1532848357231,0,0,427,0.0,0.0,1.0,427,10450,7300,3150,0.6985645933014354,136,73,63,183.2840436321027,0.4120281800090158,0.8790727300148786,0.13766225451063352,4491328.562164816,68787.77203078476,4560116.334195601,2432,32,1436.2365339578455,86,341,60,30.39657953449109,0.6081674473067915,35.24904214559387,33928.70491244622,394.51982456332814,0
2434,127.7669091588223,0,1,426,0.0,0.00234192037470726,0.9976580796252927,427,11650,7900,3750,0.6781115879828327,154,79,75,184.58350844787716,0.4118978442604626,0.879907750995977,0.13940766478871186,4483600.5258081965,68469.74310648449,4552070.268914681,2433,33,1437.2365339578455,88,339,64,30.18721007289594,0.609314012490242,35.07724719101123,33848.36129225114,384.6404692301266,0
2435,127.95117697481008,0,0,426,0.0,0.0,1.0,426,11100,8300,2800,0.7477477477477478,139,83,56,182.07703099556258,0.41169773543220106,0.8775518697287152,0.13797700485709274,4493587.530341201,67335.8152086403,4560923.345549841,2434,34,1440.6267605633802,93,333,66,30.147878686513916,0.610475352112676,34.97340425531913,33910.46485515888,364.62865435654714,0
2436,127.59880211097399,0,0,426,0.0,0.0,1.0,426,11900,8300,3600,0.6974789915966386,155,83,72,182.58566745081671,0.4114759965018871,0.8782864928992717,0.13886028860229613,4484960.527459129,66677.90227933833,4551638.429738468,2435,35,1441.6267605633802,93,333,64,30.021559530775427,0.6117224178403755,34.862588652482266,33831.216082747786,363.7765170187934,0
2437,127.66033698450605,0,1,425,0.0,0.002347417840375587,0.9976525821596244,426,10550,7300,3250,0.6919431279620853,138,73,65,184.01942140972702,0.41128302494706803,0.8794095231552173,0.1404737716416132,4491009.327948458,69536.58761495315,4560545.915563411,2436,36,1442.6267605633802,94,332,73,29.86665150951456,0.6126760563380282,34.74780701754387,33862.18434201971,360.23600363850755,0
2438,127.39338440869527,0,0,425,0.0,0.0,1.0,425,10600,7200,3400,0.6792452830188679,140,72,68,185.08582662627782,0.4110282556418794,0.8802506147536087,0.14181878641122375,4485507.4943014765,70440.77248423125,4555948.266785707,2437,37,1444.0188235294117,96,329,65,29.721159942265924,0.6139950980392157,34.632731958762896,33806.034387062726,352.1461915319034,0
2439,127.78619126758662,0,0,425,0.0,0.0,1.0,425,12200,9100,3100,0.7459016393442623,153,91,62,185.21426272665514,0.41079610617832035,0.8801187513011055,0.14245059094207488,4503230.50191971,69612.50346024873,4572843.005379959,2438,38,1445.0188235294117,101,324,53,29.600868082269077,0.6152941176470588,34.51797385620915,33924.93697091691,335.8904650585833,0
2440,128.29228310471848,0,0,425,0.0,0.0,1.0,425,12050,8600,3450,0.7136929460580913,155,86,69,185.59878768101993,0.41068188124306326,0.8813750464141887,0.1433238056701456,4525260.138637836,70926.55913448543,4596186.697772321,2439,39,1446.0188235294117,104,321,55,29.46524172362706,0.6165196078431372,34.39484126984127,34075.09221788323,327.6451174796465,0
2441,128.19112844422452,0,0,425,0.0,0.0,1.0,425,12350,8700,3650,0.7044534412955465,160,87,73,181.92035172417087,0.4104414076951535,0.8783267785398514,0.14118545898145804,4526853.458102847,67355.35466037004,4594208.812763218,2440,40,1447.0188235294117,86,339,59,29.408639694839867,0.6177941176470588,34.24329501915709,34067.651903113154,396.1354872455018,0
2442,127.71699850161315,0,0,425,0.0,0.0,1.0,425,12050,9000,3050,0.7468879668049793,151,90,61,176.70391759055659,0.4101780429152793,0.8754282598323231,0.13123535359780453,4464162.5430764565,60717.00202452456,4524879.545100981,2441,41,1448.0188235294117,101,324,57,30.928447276940886,0.6061519607843138,35.600490196078404,33768.31179745435,334.33972076687473,8
2443,127.35628471776549,0,0,425,0.0,0.0,1.0,425,12150,8900,3250,0.7325102880658436,154,89,65,173.81089427768657,0.4097239178690344,0.8731530173907021,0.1294433765278552,4454466.541515001,57696.96262215021,4512163.504137151,2442,42,1449.0188235294117,106,319,58,30.916964198076155,0.6072794117647059,35.51401869158877,33683.951939371385,317.77313150350363,0
2444,127.6940099314144,0,0,425,0.0,0.0,1.0,425,12350,9000,3350,0.728744939271255,157,90,67,164.81484574872405,0.40956113577506476,0.8634677408574227,0.11337784151791981,4380191.708397419,47034.12415387019,4427225.832551289,2443,43,1450.0188235294117,104,321,69,33.75849051839502,0.5859313725490196,38.075396825396794,33446.20287905915,321.598104606338,8
2445,128.11223187738415,1,0,426,0.002347417840375587,0.0,1.0,426,13000,9700,3300,0.7461538461538462,163,97,66,151.7830828092774,0.40972463868176373,0.8560525632859135,0.10480185619347858,4398677.831516079,35328.976310465805,4434006.807826544,2444,0,1447.612676056338,105,321,72,33.97459936498406,0.587074530516432,37.9520440251572,33571.54849884318,319.72903332231596,8
2446,127.86722968280664,0,1,425,0.0,0.002347417840375587,0.9976525821596244,426,11350,8400,2950,0.7400881057268722,143,84,59,154.32557143969265,0.4095773497192304,0.8578319235475576,0.10681292200401918,4392924.582550778,39038.11929872267,4431962.701849501,2445,1,1448.612676056338,108,318,76,33.827411984882175,0.5880526212832551,37.87270642201832,33517.49085406784,310.34713753766516,0
2447,128.1114246577293,0,0,425,0.0,0.0,1.0,425,12600,9000,3600,0.7142857142857143,162,90,72,153.49097187347942,0.40962980947095823,0.8563571302676203,0.10667065071943245,4405853.138118363,37651.736020319775,4443504.874138683,2446,2,1452.6752941176471,113,312,68,33.712081620328426,0.5896078431372549,37.73757309941518,33598.81314442712,297.33462959670015,0
2448,128.1259839456467,0,0,425,0.0,0.0,1.0,425,11700,8100,3600,0.6923076923076923,153,81,72,147.4838529190203,0.4097338605253422,0.8548770638542793,0.09585342649153672,4330524.793824601,31036.496350921407,4361561.290175523,2447,3,1453.6752941176471,103,322,72,36.16948532244396,0.5642401960784313,40.004006410256444,33312.242500612396,323.41983010303295,8
2449,127.66276210303313,0,0,425,0.0,0.0,1.0,425,11950,8700,3250,0.7280334728033473,152,87,65,146.1803559975448,0.40979328523862374,0.8540671874186074,0.09541951209661391,4319856.568677561,29345.634213524703,4349202.202891086,2448,4,1454.6752941176471,103,322,72,36.05093911626178,0.565343137254902,39.85376602564105,33210.98677986892,322.43676485309635,0
2450,127.22307565211297,1,0,426,0.002347417840375587,0.0,1.0,426,11700,8200,3500,0.7008547008547008,152,82,70,154.48553090235657,0.41052080456595785,0.8629881069937455,0.09920753287805416,4286210.336646776,35531.49588320987,4321741.832529985,2449,0,1452.2582159624412,86,340,68,36.41134301968017,0.5578051643192488,40.421455938697335,33024.38074877664,384.00442731135627,8
2451,126.94143085541026,0,1,425,0.0,0.002347417840375587,0.9976525821596244,426,12600,9000,3600,0.7142857142857143,162,90,72,153.24014580405947,0.4106668277639694,0.8612780280208794,0.0986258379652761,4279270.899063034,33351.219301497935,4312622.118364532,2450,1,1453.2582159624412,88,338,70,36.36513034332511,0.5590522300469484,40.344101123595514,32961.09133341858,374.5578560615748,0
2452,127.1153295924249,1,0,426,0.002347417840375587,0.0,1.0,426,12500,9400,3100,0.752,156,94,62,153.15541326330478,0.4107680889257111,0.861239659209103,0.09905891836432708,4290812.072296177,33732.21923353969,4324544.291529717,2451,0,1453.2558685446008,91,335,73,36.19269653128809,0.5604215571205008,40.17210144927537,33028.10896158257,362.9462523250832,0
2453,127.1281750841833,0,0,426,0.0,0.0,1.0,426,12100,9200,2900,0.7603305785123967,150,92,58,152.85389787369044,0.4108826981496824,0.860519828410431,0.09918378651239719,4294954.620396073,34000.11098363122,4328954.731379705,2452,1,1454.2558685446008,93,333,72,36.08655376504528,0.5615952660406887,40.05984042553192,33045.71811779354,355.33030234186606,0
2454,127.65022868028741,2,0,428,0.004672897196261682,0.0,1.0,428,11150,7600,3550,0.6816143497757847,147,76,71,158.67009283830114,0.41169931949338645,0.8648734173836816,0.09770580652314916,4251342.283532585,38162.174963102516,4289504.458495688,2453,0,1448.4556074766356,105,323,73,37.81726351394225,0.545633761682243,41.9123427672956,32944.94846531439,313.76141395537513,8
2455,128.11178291904707,1,0,429,0.002331002331002331,0.0,1.0,429,12400,9400,3000,0.7580645161290323,154,94,60,159.13292604149265,0.4124576098875164,0.8652912536558588,0.09837407445818322,4271362.71713043,37742.889472301715,4309105.606602732,2454,0,1446.076923076923,108,321,56,37.66252791039069,0.5472999222999223,41.7717889908257,33082.076512381354,306.3155232627903,0
2456,128.55056908970545,1,0,430,0.002325581395348837,0.0,1.0,430,11900,8200,3700,0.6890756302521008,156,82,74,157.90420718281058,0.4131029661552917,0.8646911093600551,0.09802849487535724,4291037.39560402,37614.571588928346,4328651.967192948,2455,0,1443.7116279069767,88,342,63,37.53991891647038,0.548812984496124,41.6198501872659,33214.91529991008,377.44221931716,0
2457,128.05550197447263,1,0,431,0.002320185614849188,0.0,1.0,431,12200,8400,3800,0.6885245901639344,160,84,76,156.5017616368661,0.41367785391823597,0.8637665016667553,0.09751783635472068,4278893.65590384,35530.879001151974,4314424.534904992,2456,0,1441.3596287703017,92,339,64,37.44168833044485,0.5505123743232792,41.487455197132604,33103.953691429364,359.8255836024931,0
2458,128.28313798641878,0,0,431,0.0,0.0,1.0,431,12700,9300,3400,0.7322834645669292,161,93,68,153.34758043676368,0.41369763844673463,0.860667977525795,0.09594487198035538,4291353.370635151,32713.73123720896,4324067.10187236,2457,1,1442.3596287703017,95,336,71,37.37467488883297,0.5517933101314771,41.34114583333331,33181.56948047114,349.27967874180143,0
2459,128.5060508962239,0,1,430,0.0,0.002320185614849188,0.9976798143851509,431,11850,8300,3550,0.70042194092827,154,83,71,154.67952289947678,0.4137277648878577,0.8618249718524573,0.09723898757485858,4304429.821811275,35111.43023840897,4339541.252049684,2458,2,1443.3596287703017,98,333,73,37.168601027142,0.5531225831399845,41.172138047138034,33260.94640147514,339.39741225995044,0
2460,128.4529076507744,1,0,431,0.002320185614849188,0.0,1.0,431,10250,7400,2850,0.7219512195121951,131,74,57,155.14643651366055,0.4132889080738862,0.8622460357266011,0.09786953700251866,4306719.517991258,37184.43725603312,4343903.955247291,2459,0,1444.3364269141532,102,329,72,37.03223654234196,0.5542343387470998,41.04975728155337,33262.91161405784,326.1069766084102,0
2461,128.89704378347346,1,1,431,0.0023148148148148147,0.0023148148148148147,0.9976851851851852,432,10700,7600,3100,0.7102803738317757,138,76,62,154.3955770886152,0.41362366088052477,0.8621387849956947,0.09769158479561393,4325192.434396422,36458.116385588626,4361650.55078201,2460,0,1441.9907407407406,104,328,76,36.942726483616056,0.5556037808641976,40.9424603174603,33391.75103489903,321.07452918172146,0
2462,128.78057704279794,1,0,432,0.0023148148148148147,0.0,1.0,432,11550,8000,3550,0.6926406926406926,151,80,71,158.09770488040002,0.4139039495073186,0.8645109633671433,0.100474277112838,4326456.888989545,38850.58088264702,4365307.4698721925,2461,0,1441.9814814814815,108,324,61,36.68937103672019,0.5569299768518519,40.78746177370028,33381.540249510836,309.08833564361885,0
2463,128.4512961514948,0,2,430,0.0,0.004629629629629629,0.9953703703703703,432,11650,8600,3050,0.7381974248927039,147,86,61,171.15299109994814,0.41399894553292654,0.8742597613927119,0.11006297111250254,4329199.919554841,50141.10306029499,4379341.022615136,2462,1,1442.9814814814815,90,342,62,35.9295776200344,0.5631751543209876,40.37316849816853,33349.40302211639,370.5489224679599,8
2464,128.06998303842983,0,0,430,0.0,0.0,1.0,430,11950,8400,3550,0.702928870292887,155,84,71,170.80930078217978,0.4136476572523084,0.8726935342496396,0.11036227879553447,4321831.081914257,49691.78904009574,4371522.870954353,2463,2,1450.6813953488372,94,336,67,35.77085004009624,0.5642926356589147,40.20833333333338,33271.51434352596,353.95228025027615,0
2465,127.66208684222934,1,0,431,0.002320185614849188,0.0,1.0,431,12750,8800,3950,0.6901960784313725,167,88,79,168.9410079226589,0.41419832191226463,0.8708347392372149,0.10993470188435273,4316266.725165219,46888.890202491544,4363155.615367711,2464,0,1448.3132250580047,101,330,69,35.56807099189679,0.5661011214230471,39.961192810457554,33197.096785781585,328.68412659189687,0
2466,127.22287095077907,1,0,432,0.0023148148148148147,0.0,1.0,432,12700,8700,4000,0.6850393700787402,167,87,80,173.89661450359716,0.4143858669187362,0.8745674454088757,0.11373563526125126,4307227.916759094,50702.470523960066,4357930.387283054,2465,0,1445.9583333333333,102,330,52,35.260558362482264,0.5675154320987654,39.78559870550166,33105.22319542475,324.56101171985046,0
2467,126.7941854390932,0,0,432,0.0,0.0,1.0,432,12250,8700,3550,0.710204081632653,158,87,71,183.1156041895654,0.4144149587522557,0.8805045543008958,0.12022774082428972,4297097.808498933,58723.13229299109,4355820.9407919245,2466,1,1446.9583333333333,104,328,54,34.88541388814797,0.5687692901234568,39.65277777777783,33010.51397299794,317.4087882019033,0
2468,126.988274726738,0,0,432,0.0,0.0,1.0,432,11600,8500,3100,0.7327586206896551,147,85,62,194.63462556985337,0.4144876883360546,0.8867863262842244,0.11729881426928346,4203690.526376931,65636.7463225813,4269327.272699513,2467,2,1447.9583333333333,76,356,58,37.68675516999652,0.5384355709876543,42.69480519480517,32674.742766538664,429.93082587550873,8
2469,127.0503163130957,1,0,433,0.0023094688221709007,0.0,1.0,433,10950,7500,3450,0.684931506849315,144,75,69,196.27868453386145,0.41505618638268754,0.8877842723375602,0.11888741164941735,4211769.925334506,67786.13210078594,4279556.057435292,2468,0,1445.6120092378753,78,355,61,37.45657944148572,0.5397661662817552,42.51054852320672,32714.116257411803,419.4117468898949,0
2470,127.3102982726438,1,0,434,0.002304147465437788,0.0,1.0,434,11850,8400,3450,0.7088607594936709,153,84,69,192.98866965630793,0.41571935430657403,0.8837975176879729,0.11745238040168866,4226074.050818898,64466.8817873149,4290540.932606213,2469,0,1443.278801843318,86,348,63,37.364563971499344,0.5414986559139785,42.337164750957825,32803.13240933033,381.4317722015154,0
2471,127.54090542730037,3,0,437,0.006864988558352402,0.0,1.0,437,10600,7400,3200,0.6981132075471698,138,74,64,189.50592152437665,0.4170688300827858,0.882103470104665,0.11600624385152085,4240674.745718295,62726.59511449845,4303401.340832793,2470,0,1434.3638443935927,92,345,65,37.23902908685517,0.5430730358504958,42.12589605734765,32889.496703099445,357.4945293815157,0
2472,127.9732438684592,2,2,437,0.004555808656036446,0.004555808656036446,0.9954441913439636,439,13750,10600,3150,0.7709090909090909,169,106,63,155.82428170633537,0.41767148424362827,0.8590861799498579,0.09803122532664325,4287454.290731338,32067.8970403906,4319522.187771728,2471,0,1428.8246013667426,105,334,78,37.11225687458077,0.5539341305998482,41.145833333333314,33126.40739719987,315.4895942590464,8
2473,127.69951876470112,2,0,439,0.004555808656036446,0.0,1.0,439,12600,8600,4000,0.6825396825396826,166,86,80,156.88556294756108,0.41767646824282395,0.8586916010647896,0.09925076140156268,4284816.613158536,34045.1732964878,4318861.786455024,2472,0,1429.8154897494305,115,324,74,36.884128304677425,0.5556425588458618,40.948275862068975,33080.78050758004,287.6589609354786,0
2474,127.26602554900902,0,0,439,0.0,0.0,1.0,439,11650,8300,3350,0.7124463519313304,150,83,67,157.89124501129248,0.4182065057224979,0.8600108360666257,0.10026643563710164,4274686.250582647,35537.10682743016,4310223.357410077,2473,1,1430.8154897494305,120,319,51,36.72208013640241,0.5569238800303721,40.814393939393945,32985.521962844534,274.8793496903711,0
2475,126.85201365842714,0,2,437,0.0,0.004555808656036446,0.9954441913439636,439,12250,8100,4150,0.6612244897959184,164,81,83,161.89791023032723,0.41831962083467683,0.8633496057518348,0.10314527794280982,4264542.073912323,38034.08997114168,4302576.163883465,2474,2,1431.8154897494305,124,315,55,36.50198718772765,0.5582526575550494,40.69999999999999,32892.727141629955,265.2639285615319,0
2476,126.9961806838317,0,1,436,0.0,0.002288329519450801,0.9977116704805492,437,10900,6900,4000,0.6330275229357798,149,69,80,163.53296829411815,0.41761926255607107,0.8649692132723479,0.10450737341713347,4272942.4410070535,41453.39214556123,4314395.8331526145,2475,4,1439.3592677345537,94,343,60,36.34993096063346,0.5594488939740656,40.59210526315792,32943.81187081269,350.4660837320499,0
2477,126.96184101561205,1,2,435,0.002288329519450801,0.004576659038901602,0.9954233409610984,437,11450,8300,3150,0.7248908296943232,146,83,63,162.99589964277754,0.41755693706743924,0.8639020494404206,0.10456748651465356,4276249.417080273,40552.22416678148,4316801.641247055,2476,0,1440.3478260869565,98,339,62,36.226199645950715,0.5606645690312738,40.456649831649855,32952.10156073371,336.2459342932011,0
2478,126.75024661649563,2,2,435,0.004576659038901602,0.004576659038901602,0.9954233409610984,437,12650,8900,3750,0.7035573122529645,164,89,75,160.23978734572069,0.4174309739746254,0.8626827674693356,0.10346704820920583,4276562.843312781,37005.104116611,4313567.9474293925,2477,0,1441.3157894736842,102,335,70,36.06804290274856,0.5623331426392066,40.23058252427186,32925.83772847216,322.80233067129564,0
2479,126.99962435002436,0,0,435,0.0,0.0,1.0,435,11400,7700,3700,0.6754385964912281,151,77,74,161.97052572441808,0.4170727616222611,0.8627721722522972,0.10480069194105683,4287347.648587078,40484.79052099999,4327832.439108077,2478,1,1447.7724137931034,104,331,72,35.950067450621034,0.5635536398467433,40.15873015873017,32999.74366047476,317.30522750456504,0
2480,127.34039925954957,0,0,435,0.0,0.0,1.0,435,11800,8500,3300,0.7203389830508474,151,85,66,163.67089874975193,0.41719348659003835,0.8656163385883844,0.10636240951538872,4303850.031913179,42083.00056147635,4345933.032474656,2479,2,1448.7724137931034,107,328,69,35.75239897116287,0.5647030651340996,40.00771604938272,33107.52124267387,309.4160863801296,0
2481,127.68071555078869,0,1,434,0.0,0.0022988505747126436,0.9977011494252873,435,11650,8400,3250,0.721030042918455,149,84,65,163.61308996361564,0.41707099599201936,0.8656009959295954,0.10666605698737035,4319036.283560827,42680.17440367172,4361716.4579644995,2480,3,1449.7724137931034,112,323,68,35.641125602495066,0.5656130268199233,39.896755162241895,33210.16841796701,296.51936087470546,0
2482,127.22472236408689,0,1,433,0.0,0.002304147465437788,0.9976958525345622,434,11850,9200,2650,0.7763713080168776,145,92,53,169.29313577023578,0.4170072334975859,0.8701299424050586,0.11085525668533597,4308635.702854493,47234.489805565965,4355870.192660059,2481,4,1453.5483870967741,115,319,55,35.33903227290502,0.566916282642089,39.74497126436781,33110.87377474821,287.92064151954963,0
2483,126.91039331528395,0,0,433,0.0,0.0,1.0,433,12650,9000,3650,0.7114624505928854,163,90,73,180.66084522315725,0.41727410508083146,0.8780560054263395,0.11882653111800702,4303051.0496343095,56228.56793306455,4359279.617567374,2482,5,1457.538106235566,122,311,56,34.88724565568526,0.5682977290223248,39.591802168021665,33048.50680938042,270.8894000768887,0
2484,127.11782674099133,0,1,432,0.0,0.0023094688221709007,0.9976905311778291,433,12600,9000,3600,0.7142857142857143,162,90,72,179.75634379232162,0.41728212406979726,0.8774720482303962,0.11854982636827807,4313139.610352954,55862.84132457517,4369002.451677529,2483,6,1458.538106235566,86,347,57,34.816859707986666,0.5697170900692841,39.499521072796895,33114.254746213046,385.04947379317497,0
2485,126.87991805142515,1,0,433,0.0023094688221709007,0.0,1.0,433,12750,9000,3750,0.7058823529411765,165,90,75,175.9385588182318,0.41723556938385653,0.8748761190863223,0.11660281901655241,4310622.518946323,52330.942718565086,4362953.461664888,2484,0,1459.471131639723,90,343,61,34.745337841794,0.5714251347190147,39.331501831501804,33073.597686206806,367.48441873563115,0
2486,126.99188739454776,0,0,433,0.0,0.0,1.0,433,11550,8100,3450,0.7012987012987013,150,81,69,173.90475987756392,0.41733313374960795,0.8733617871093933,0.11556489422984825,4317462.5246274965,52015.45672514403,4369477.98135264,2485,1,1460.471131639723,93,340,62,34.705061054212145,0.5726760969976905,39.23980496453898,33114.42932492331,356.0691325260571,0
2487,127.32059218765062,0,1,432,0.0,0.0023094688221709007,0.9976905311778291,433,10950,7400,3550,0.6757990867579908,145,74,71,172.89219263052016,0.41739528091409345,0.8725078795594678,0.11542120578382896,4333834.249412775,52307.22117564328,4386141.470588419,2486,2,1461.471131639723,99,334,66,34.57228787394872,0.5741195150115473,39.08333333333333,33220.06451162778,335.5562071881594,0
2488,127.46918240158745,0,0,432,0.0,0.0,1.0,432,11700,8000,3700,0.6837606837606838,154,80,74,175.94103790623615,0.41701856596058545,0.8752441180774899,0.11805032265384435,4344583.652760681,54778.11142743595,4399361.764188116,2487,3,1465.8310185185185,103,329,63,34.31865481259831,0.5755449459876543,38.91225961538461,33280.64080190482,323.11301749422154,0
2489,127.42679161153241,1,0,433,0.0023094688221709007,0.0,1.0,433,11800,8400,3400,0.711864406779661,152,84,68,172.83199484852875,0.41700836469649016,0.8736071037287392,0.1164826284807542,4348157.055389521,51900.13155953535,4400057.186949056,2488,0,1463.443418013857,108,325,64,34.24643022631936,0.577126635873749,38.76146788990826,33288.787992095364,308.2295184453274,0
2490,127.91315372373397,1,0,434,0.002304147465437788,0.0,1.0,434,11450,8100,3350,0.7074235807860262,148,81,67,182.08056538530988,0.41712751833207395,0.881000580863702,0.11725486696282575,4312693.445255848,58801.532169142185,4371494.977424989,2489,0,1461.069124423963,89,345,60,35.59588013311938,0.5617079493087558,40.3240740740741,33215.96663131621,373.21310821703605,7
2491,127.89348365159611,0,0,434,0.0,0.0,1.0,434,12650,9300,3350,0.7351778656126482,160,93,67,183.38403947666498,0.4172015738799431,0.8818040134041225,0.11849469968437394,4315950.198789524,58845.27632682946,4374795.4751163535,2490,1,1462.069124423963,91,343,63,35.44186278782597,0.5631000384024578,40.20606884057974,33225.95088752153,365.12033942331357,0
2492,128.37190520943324,1,0,435,0.0022988505747126436,0.0,1.0,435,12250,8600,3650,0.7020408163265306,159,86,73,182.934033759437,0.41752851492840365,0.8811759226491345,0.11876871950237802,4337622.377470492,59449.75168717636,4397072.129157669,2491,0,1459.7057471264368,97,338,62,35.284845170435204,0.5646551724137931,40.040391156462604,33371.51026474416,344.03618829633155,0
2493,128.70208396134817,0,0,435,0.0,0.0,1.0,435,11800,9000,2800,0.7627118644067796,146,90,56,182.20881329853665,0.4175532337517877,0.8808468894368084,0.11878906132382984,4353582.96252782,59852.23703978493,4413435.199567605,2492,1,1460.7057471264368,102,333,62,35.15753593322705,0.5657088122605364,39.89684466019419,33475.818137155475,328.19429546230856,0
2494,128.7358890576952,1,1,435,0.0022935779816513763,0.0022935779816513763,0.9977064220183486,436,12200,8600,3600,0.7049180327868853,158,86,72,177.17438479794467,0.41799195490175406,0.8774479418719989,0.11590482882156351,4358705.605643295,55050.196839041426,4413755.802482336,2493,0,1458.3532110091744,106,330,51,35.16757076942266,0.5670154816513762,39.77803738317758,33499.90570981514,316.03684631901075,0
2495,129.13342571581254,0,0,435,0.0,0.0,1.0,435,12450,9500,2950,0.7630522088353414,154,95,59,178.32724336367215,0.4175825873545562,0.8792413664171832,0.11715455966007002,4377073.705023242,56660.297563283195,4433734.002586525,2494,3,1462.7057471264368,106,329,55,34.98893874244408,0.5683668582375478,39.632009345794415,33622.210579920546,317.19066584830705,0
2496,128.97211803534245,0,1,434,0.0,0.0022988505747126436,0.9977011494252873,435,12100,8400,3700,0.6942148760330579,158,84,74,177.99366217776307,0.41761194095732473,0.8793096052396632,0.11742832327664486,4376458.4528490715,56696.37347828572,4433154.826327357,2495,4,1463.7057471264368,86,349,56,34.85059135337194,0.5698754789272031,39.487547892720286,33598.84272285637,390.6842177076322,0
2497,128.93736829332823,0,0,434,0.0,0.0,1.0,434,12150,9000,3150,0.7407407407407407,153,90,63,181.85742288523724,0.41750544552172353,0.8815947685848304,0.12027124913695438,4378094.966125125,60287.81353726794,4438382.779662393,2496,5,1467.7442396313363,86,348,57,34.664599127038805,0.571236559139785,39.40373563218389,33600.596514658435,390.7046106355632,0
2498,128.66137089369045,0,1,433,0.0,0.002304147465437788,0.9976958525345622,434,13050,9800,3250,0.7509578544061303,163,98,65,185.3150236675401,0.4174417001025248,0.883370130876239,0.12304807100571596,4373298.379283884,62237.578532440704,4435535.957816324,2497,6,1468.7442396313363,88,346,59,34.435553859735755,0.572556643625192,39.26732209737826,33546.223775734165,381.2070883606155,0
2499,128.2362935307117,0,0,433,0.0,0.0,1.0,433,14050,10400,3650,0.7402135231316725,177,104,73,164.58083992378073,0.4170355401590968,0.8605198656790649,0.1094248366414098,4360353.138485978,42876.11637926372,4403229.254865242,2498,7,1473.041570438799,100,333,73,34.930459429174114,0.5722911855273287,39.22235973597361,33441.1580231442,334.411580231442,8
2500,128.0043786461947,0,0,433,0.0,0.0,1.0,433,10550,7400,3150,0.7014218009478673,137,74,63,166.4870261209677,0.4172077256721695,0.8599666797133543,0.11102418842504844,4355872.5953123355,47889.254911075775,4403761.850223411,2499,8,1474.041570438799,107,326,74,34.777062999112694,0.5734218629715165,39.12037037037039,33393.7348921904,312.0909803008448,0
2501,128.35433838752803,0,0,433,0.0,0.0,1.0,433,11450,7900,3550,0.6899563318777293,150,79,71,171.19999999999715,0.4172674225900265,0.8682494226327913,0.11263157894736842,4352292.832693487,50972.50659142516,4403265.339284913,2500,9,1475.041570438799,111,322,65,35.12500000000001,0.571401077752117,39.58333333333337,33425.60895508599,301.1316122079819,8
2502,128.55136680241478,1,0,434,0.002304147465437788,0.0,1.0,434,11650,7600,4050,0.6523605150214592,157,76,81,179.0983459718607,0.41748404923319254,0.8768439275351705,0.11409973277083824,4321630.69389358,56349.38183551488,4377980.075729094,2501,0,1472.6405529953918,122,312,55,36.05722124240647,0.5599798387096775,40.701219512195145,33333.21264190698,273.22305444186054,7
2503,128.48102559157348,2,0,436,0.0045871559633027525,0.0,1.0,436,11150,7900,3250,0.7085201793721974,144,79,65,176.32964749427674,0.41807258163731587,0.8764310407527252,0.11299838824954897,4326145.843675312,54215.5543248214,4380361.398000133,2502,0,1466.880733944954,87,349,62,35.9189454758321,0.5613771024464832,40.4947916666667,33341.49531302197,383.23557831059736,0
2504,128.62437749385447,0,0,436,0.0,0.0,1.0,436,13200,10300,2900,0.7803030303030303,161,103,58,174.6740695386435,0.4181449699462196,0.8747462243325463,0.11241794225554902,4335974.605919211,51076.4659664266,4387051.071885638,2503,1,1467.880733944954,92,344,64,35.80948221321143,0.5628822629969419,40.34498207885308,33397.9650432635,363.02135916590765,0
2505,128.838449611766,0,0,436,0.0,0.0,1.0,436,12550,9300,3250,0.7410358565737052,158,93,65,173.57455808937345,0.4183078711026749,0.8731763572022389,0.11214895022665802,4347763.643497045,51182.230619409864,4398945.874116455,2504,2,1468.880733944954,99,337,65,35.69901095963648,0.5641485091743119,40.20833333333335,33471.15555539025,338.09248035747726,0
2506,128.8610594680699,0,0,436,0.0,0.0,1.0,436,11250,8200,3050,0.7288888888888889,143,82,61,171.52671978252474,0.41852778217160536,0.8716526400425011,0.11107738385916724,4351167.818442764,50818.308624154364,4401986.127066918,2505,3,1469.880733944954,102,334,68,35.67197553445412,0.5652475152905199,40.1294498381877,33487.19441840135,328.30582763138574,0
2507,128.39756348975607,0,0,436,0.0,0.0,1.0,436,11600,8600,3000,0.7413793103448276,146,86,60,182.2208742034357,0.41840552391999714,0.8835197708569396,0.11280146403543137,4282526.2623019265,57273.13586316745,4339799.398165094,2506,4,1470.880733944954,111,325,58,37.01611451206338,0.5455848623853211,41.722470238095255,33162.20552558179,298.7586083385747,8
2508,128.87746401206428,1,0,437,0.002288329519450801,0.0,1.0,437,13200,10100,3100,0.7651515151515151,163,101,62,178.2248989617413,0.4191050147306839,0.8811353230207042,0.11073751143281507,4302959.693596565,52778.9113255391,4355738.604922105,2507,0,1468.512585812357,80,357,62,36.98398775753958,0.5469345919145691,41.58950617283951,33303.28911854971,416.2911139818713,0
2509,128.46823325888167,1,0,438,0.00228310502283105,0.0,1.0,438,11550,8200,3350,0.70995670995671,149,82,67,174.07525967789977,0.4198984532007008,0.8784508736878116,0.10855648103531351,4293652.021388281,50333.718117941105,4343985.739506222,2508,0,1466.1575342465753,84,354,64,36.957762557077594,0.5483732876712328,41.458333333333336,33214.3911404734,395.4094183389691,0
2510,128.5645851489865,1,0,439,0.002277904328018223,0.0,1.0,439,12300,8300,4000,0.6747967479674797,163,83,80,168.30118294673716,0.4201899207067397,0.8742707053011001,0.10557746181393808,4303875.260085691,44769.459505522354,4348644.719591213,2509,0,1463.8154897494305,91,348,68,36.89290428681863,0.5495918754745635,41.24773550724636,33266.3775408715,365.5645883612253,0
2511,128.7381654846287,4,0,443,0.009029345372460496,0.0,1.0,443,12150,8900,3250,0.7325102880658436,154,89,65,171.56739428875468,0.4212334742891774,0.8753320947234007,0.1084654882537373,4318868.688684115,47445.4094385637,4366314.098122679,2510,0,1451.589164785553,98,345,67,36.52815013404823,0.551566027088036,40.9722222222222,33346.76092067091,340.2730706190909,0
2512,128.89685746879144,2,1,444,0.0044943820224719105,0.0022471910112359553,0.9977528089887641,445,11400,8600,2800,0.7543859649122807,142,86,56,178.66537358397795,0.4221174123561764,0.8803193519703807,0.11380873325017518,4333088.735415326,54434.58353709905,4387523.318952425,2511,0,1446.0606741573033,102,343,58,36.07321853426417,0.553066479400749,40.70590614886728,33422.19385762841,327.6685672316511,0
2513,128.42513008652534,0,2,442,0.0,0.0045045045045045045,0.9954954954954955,444,12450,9200,3250,0.7389558232931727,157,92,65,178.28198991423966,0.42232600122696057,0.8799228528613618,0.11418459934797749,4323600.104081732,52914.00602982234,4376514.110111554,2512,1,1445.9211711711712,84,360,63,35.88855042347535,0.5544998123123124,40.51470588235296,33324.43265259936,396.7194363404686,0
2514,128.68984926757636,0,0,442,0.0,0.0,1.0,442,11250,7900,3350,0.7022222222222222,146,79,67,176.95180917186318,0.42184544758074166,0.8787450524049603,0.1137127779035079,4336426.656220578,53817.70843186574,4390244.364652444,2513,2,1453.4547511312217,86,356,65,35.80379654398426,0.5554298642533937,40.39750957854408,33408.2053618248,388.46750420726516,0
2515,129.06311103172342,1,0,443,0.002257336343115124,0.0,1.0,443,12500,8700,3800,0.696,163,87,76,177.72582580142688,0.4223066027939219,0.8788476329651371,0.11471673018295774,4354180.893538726,53670.07899859354,4407850.972537319,2514,0,1451.1715575620767,89,354,67,35.626503809651155,0.5571388261851016,40.24305555555557,33525.039362094714,376.6858355291541,0
2516,128.81207827787978,1,1,443,0.0022522522522522522,0.0022522522522522522,0.9977477477477478,444,12100,8700,3400,0.71900826446281,155,87,68,175.3489365030441,0.42263920240782543,0.8776426395410086,0.11375826877663345,4351618.665859717,51710.34102506,4403329.006884777,2515,0,1448.900900900901,96,348,67,35.5086758934105,0.5586054804804805,40.06658075601376,33482.5639466934,348.7767077780563,0
2517,128.56359829789986,0,1,442,0.0,0.002257336343115124,0.9977426636568849,443,12000,8900,3100,0.7416666666666667,151,89,62,201.94033501027855,0.4223746974045739,0.8933368479062525,0.12754216416948932,4311856.135894341,73547.53451972605,4385403.670414068,2516,1,1453.155756207675,89,354,65,35.776830004022,0.5495438299473288,41.00694444444445,33297.079156390144,374.12448490326005,8
2518,128.4552207662638,1,0,443,0.002257336343115124,0.0,1.0,443,12300,9000,3300,0.7317073170731707,156,90,66,201.54235850782484,0.4227353860453715,0.8935613486548724,0.1278943396757641,4313784.596701718,72982.06434279689,4386766.661044515,2517,0,1450.4830699774266,96,347,60,35.61660036740836,0.5510252069224981,40.83977663230239,33290.48370653163,346.7758719430378,0
2519,128.6873350661011,1,1,443,0.0022522522522522522,0.0022522522522522522,0.9977477477477478,444,13150,9900,3250,0.752851711026616,164,99,65,199.4926336888398,0.423184894827107,0.8935520092403673,0.12733206185290782,4328411.056302459,70747.22426193269,4399158.280564392,2518,0,1448.213963963964,103,341,53,35.46087565167021,0.5526933183183182,40.63501602564101,33376.98859712203,324.0484329817673,0
2520,128.76546672799125,0,1,442,0.0,0.002257336343115124,0.9977426636568849,443,13250,10000,3250,0.7547169811320755,165,100,65,201.26015276491876,0.4227632622766071,0.8938767163004531,0.12904327441985963,4336344.983546665,72696.69076599825,4409041.674312663,2519,1,1452.4762979683974,76,367,58,35.25301032110091,0.5540349887133182,40.476190476190474,33417.70446035962,439.7066376363108,0
2521,128.72101438279387,1,0,443,0.002257336343115124,0.0,1.0,443,12050,8800,3250,0.7302904564315352,153,88,65,171.91930342746267,0.4232052388588705,0.875157468841232,0.10794007662121607,4310132.200006258,47548.98510106918,4357681.185107327,2520,0,1453.115124153499,94,349,70,36.76812776294789,0.5464164785553047,41.21710526315787,33310.79671544177,354.3701778238486,8
2522,128.98381754266444,2,0,445,0.0044943820224719105,0.0,1.0,445,11050,7800,3250,0.7058823529411765,143,78,65,171.8038604570583,0.42421403144717756,0.8760286556292103,0.10827866072117533,4323440.87654187,48506.766609546336,4371947.643151416,2521,0,1447.579775280899,97,348,70,36.633747622370876,0.5480102996254681,41.08205782312921,33396.22461226315,344.2909753841562,0
2523,128.64372295043913,2,0,447,0.0044742729306487695,0.0,1.0,447,13150,9700,3450,0.7376425855513308,166,97,69,172.97517953599237,0.4248546613697695,0.8785944235281298,0.10974223757389835,4319857.660679372,46895.6308851875,4366753.29156456,2522,0,1442.0984340044743,102,345,73,36.36479674796748,0.5498928038777032,40.847491909385084,33338.3434527201,326.84650443843236,0
2524,128.7457576382512,0,0,447,0.0,0.0,1.0,447,11150,8000,3150,0.7174887892376681,143,80,63,171.76161845941925,0.42492007838337625,0.8781969160561507,0.10930938145471626,4326916.69141834,48089.64277141506,4375006.334189756,2523,1,1443.0984340044743,109,338,58,36.2855212214186,0.551127889634601,40.73863636363632,33378.800687689145,306.22752924485457,0
2525,128.28110713197708,0,0,447,0.0,0.0,1.0,447,12850,9900,2950,0.7704280155642024,158,99,59,171.30342095483647,0.42492927438528905,0.8784097788405434,0.10940837338943782,4315483.820390176,45601.42830161794,4361085.2486917935,2524,2,1444.0984340044743,85,362,58,36.16949762627444,0.5524095824011932,40.61288759689925,33274.46595483661,391.46430535101894,0
2526,127.98446538624162,0,1,446,0.0,0.0022371364653243847,0.9977628635346756,447,13250,9900,3350,0.7471698113207547,166,99,67,168.21757902244102,0.42517589443658604,0.8758991901786561,0.10792195812850341,4310742.199859539,42378.52333004919,4353120.723189589,2525,3,1445.0984340044743,91,356,59,36.08916263141823,0.553994220730798,40.45516304347827,33217.707201639794,365.02974946856915,0
2527,127.53946140185114,0,1,445,0.0,0.002242152466367713,0.9977578475336323,446,12650,8500,4150,0.6719367588932806,168,85,83,167.27082788291347,0.4247492274231202,0.8754857739091688,0.10765331293674957,4299401.689368404,41982.89599637076,4341384.585364775,2526,4,1449.3295964125562,92,354,62,36.001711097690766,0.555236360239163,40.344982078853064,33116.26113595127,359.95936017338335,0
2528,127.12355414694503,2,0,447,0.0044742729306487695,0.0,1.0,447,14150,10600,3550,0.7491166077738516,177,106,71,165.81075373560247,0.4249322003858977,0.8740517501677536,0.1073378442721812,4292092.18359,38785.008012749924,4330877.19160275,2527,0,1446.9217002237137,96,351,70,35.833023390362854,0.557256711409396,40.14175257731961,33034.103986767564,344.1052498621621,0
2529,127.66585440093233,1,0,448,0.002232142857142857,0.0,1.0,448,13150,9800,3350,0.7452471482889734,165,98,67,163.22656107662124,0.42523351360258865,0.8719928837720525,0.10623630642710284,4316612.298749008,38167.156205171304,4354779.45495418,2528,0,1444.689732142857,100,348,73,35.70998915946168,0.5588960193452381,39.95462046204623,33198.915561727925,331.98915561727927,0
2530,128.14207311850305,1,0,449,0.0022271714922048997,0.0,1.0,449,13500,9900,3600,0.7333333333333333,171,99,72,162.41216613664596,0.4256818227012409,0.8719905854309942,0.1060763393361685,4336743.317646107,37567.97523950737,4374311.292885614,2529,0,1442.4699331848553,103,346,72,35.60831729226817,0.5605048255382331,39.833733974359,33338.24468402597,323.67227848568905,0
2531,128.34276083960918,2,1,450,0.004434589800443459,0.0022172949002217295,0.9977827050997783,451,11450,7800,3650,0.6812227074235808,151,78,73,161.09785010570218,0.4261802989242014,0.8709770964787038,0.10569664999839715,4348764.316781188,38465.3164099703,4387229.633191159,2530,0,1437.0687361419068,110,341,58,35.483432468156686,0.5620380635624538,39.67717717717721,33410.549790641926,303.7322708240175,0
2532,128.25170426823234,0,2,448,0.0,0.0044444444444444444,0.9955555555555555,450,12350,8300,4050,0.6720647773279352,164,83,81,163.62594174960776,0.42580961808133305,0.87352255108188,0.10772120951578884,4349585.828469502,39991.01548081352,4389576.843950315,2531,1,1441.26,89,361,60,35.29871418836843,0.5633333333333334,39.560185185185176,33401.85010930272,375.3016866213789,0
2533,128.2512031869497,1,0,449,0.0022271714922048997,0.0,1.0,449,12650,8900,3750,0.7035573122529645,164,89,75,160.02483960910948,0.42566732288683845,0.8709435097879539,0.10590039727032864,4355531.906662265,36948.658955197185,4392480.565617462,2532,0,1445.4521158129176,92,357,65,35.21118059137015,0.5645647735708983,39.38172043010752,33424.60792735147,363.3109557320812,0
2534,128.0039468130643,0,0,449,0.0,0.0,1.0,449,14000,10600,3400,0.7571428571428571,174,106,68,160.63901576053604,0.4255948238148266,0.8715236737652687,0.10670379315043374,4351383.78377268,36000.40164431937,4387384.185416999,2533,1,1446.4521158129176,94,355,67,35.06579408466499,0.5661423533778768,39.25438596491227,33376.467710687,355.0688054328404,0
2535,127.54147057429779,0,0,449,0.0,0.0,1.0,449,11800,8400,3400,0.711864406779661,152,84,68,161.23062936633207,0.42546101124191327,0.8720457642140842,0.10735905453484407,4338435.58882526,38297.74009031754,4376733.328915577,2534,2,1447.4521158129176,95,354,70,34.96564467371104,0.5673487379361544,39.17100694444443,33266.513342718696,350.1738246601968,0
2536,127.59820933937031,0,0,449,0.0,0.0,1.0,449,12700,8000,4700,0.6299212598425197,174,80,94,160.86536282024332,0.425693215412557,0.8713121658290126,0.10742445393121114,4343623.717224966,37247.72104520116,4380871.4382701665,2535,3,1448.4521158129176,97,352,73,34.87571967845309,0.5687639198218263,39.07312925170067,33293.80147600821,343.2350667629712,0
2537,127.9870812527197,1,1,449,0.0022222222222222222,0.0022222222222222222,0.9977777777777778,450,13450,10200,3250,0.758364312267658,167,102,65,159.2552400890359,0.42605254474964943,0.870095398859305,0.10682313659703609,4361900.720912279,35481.109310685366,4397381.830222964,2536,0,1446.2311111111112,103,347,71,34.76447607355686,0.5704166666666667,38.92227564102565,33414.57592080733,324.4133584544401,0
2538,127.69246105912664,0,0,449,0.0,0.0,1.0,449,14550,10400,4150,0.7147766323024055,187,104,83,157.76579146401107,0.4256996367589352,0.8690635147676169,0.10628494808822037,4356760.650480166,33119.5584484531,4389880.2089286195,2537,1,1450.412026726058,106,343,65,34.65407955378325,0.5719886785449146,38.775311526479754,33356.423360587534,314.6832392508258,0
2539,127.54018359472903,0,0,449,0.0,0.0,1.0,449,13550,10200,3350,0.7527675276752768,169,102,67,154.60314579602272,0.4256770584765086,0.8665605926030651,0.10458713173585245,4356224.017072461,31347.187366318605,4387571.2044387795,2538,2,1451.412026726058,110,339,61,34.59473328306582,0.5734966592427617,38.63551051051052,33334.474974632256,303.040681587566,0
2540,127.66195683237481,0,0,449,0.0,0.0,1.0,449,12850,9000,3850,0.7003891050583657,167,90,77,154.5670672388826,0.42585954899777284,0.8669099082808205,0.10517045903736551,4366880.4460760355,32345.18070655886,4399225.626782594,2539,3,1452.412026726058,92,357,66,34.398017300445346,0.5750510393466963,38.44086021505376,33391.15161233885,362.94730013411794,0
2541,127.78969921816947,0,0,449,0.0,0.0,1.0,449,12350,8700,3650,0.7044534412955465,160,87,73,157.2132151919418,0.42593308377081346,0.8694305623457119,0.10742903038116028,4376030.691425277,35443.97095551705,4411474.662380794,2540,4,1453.412026726058,93,356,68,34.18356904923216,0.5763270230141054,38.297872340425535,33442.83617837204,359.6003890147531,0
2542,128.0667401451883,0,0,449,0.0,0.0,1.0,449,12900,9100,3800,0.7054263565891473,167,91,76,159.3206927207793,0.4259090555069467,0.8699116210085749,0.10940078924631641,4390964.128268097,37214.28932555237,4428178.417593649,2541,5,1454.412026726058,99,350,69,33.96337198509621,0.5776494060876021,38.13541666666665,33536.14354697778,338.7489247169473,0
2543,128.09174890205918,2,0,451,0.004434589800443459,0.0,1.0,451,12600,9100,3500,0.7222222222222222,161,91,70,158.7112811328268,0.42626303687279293,0.8700537023094697,0.1094246096961641,4396338.114801316,36749.69089863811,4433087.805699954,2542,0,1448.9578713968958,103,348,71,33.84257843362133,0.5791990022172949,38.00080128205127,33559.93557472003,325.82461723029155,0
2544,127.94275911846984,1,0,452,0.0022123893805309734,0.0,1.0,452,13050,9200,3850,0.7049808429118773,169,92,77,160.728717767461,0.4264862907076376,0.870865206242994,0.11131981721182324,4396268.263643593,37871.31219544171,4434139.575839034,2543,0,1446.75,109,343,69,33.63688153981383,0.5807061209439528,37.85037878787876,33540.14583974015,307.70775999761605,0
2545,127.54465977730031,0,0,452,0.0,0.0,1.0,452,12950,8600,4350,0.6640926640926641,173,86,87,164.03534998639861,0.4264600257376266,0.8748236559105456,0.11400148100058385,4386389.432247812,40554.58513908056,4426944.017386893,2544,1,1447.75,109,343,66,33.43469789974125,0.581697087020649,37.7367424242424,33450.27795958612,306.8832840329002,0
2546,127.9196077199318,0,0,452,0.0,0.0,1.0,452,12100,8900,3200,0.7355371900826446,153,89,64,165.88342707176434,0.42637315715976953,0.8752836960537671,0.11430049837958559,4389758.576065027,43137.63932306714,4432896.215388094,2545,2,1448.75,93,359,77,33.6750331345262,0.5797151548672566,38.020833333333336,33512.27223079464,360.347013234351,7
2547,128.01537350489454,0,0,452,0.0,0.0,1.0,452,10700,7600,3100,0.7102803738317757,138,76,62,163.94167470538295,0.4261808199085611,0.874293359919013,0.11329565863116206,4396320.6699581845,43048.034634967364,4439368.704593152,2546,3,1449.75,95,357,71,33.62664575829093,0.5808674410029498,37.923177083333336,33549.86237265319,353.15644602792827,0
2548,128.03214111649746,1,0,453,0.002207505518763797,0.0,1.0,453,11650,7800,3850,0.6695278969957081,155,78,77,164.8135566603274,0.42626406552188945,0.8752790209342662,0.11425485202787444,4400368.633917257,42798.081034489034,4443166.714951746,2547,0,1447.5474613686533,100,353,73,33.49863301994414,0.5821376011773363,37.819719471947174,33567.50267453029,335.6750267453029,0
2549,127.83995362196019,0,1,452,0.0,0.002207505518763797,0.9977924944812362,453,13300,9100,4200,0.6842105263157895,175,91,84,164.04138276713726,0.4261122588186264,0.8739876700296896,0.11413826737797583,4397830.087589767,40385.225748628334,4438215.313338395,2548,1,1448.5474613686533,104,349,54,33.39558119011595,0.583586276674025,37.69841269841268,33532.622755601245,322.42906495770427,0
2550,128.03934852126338,0,0,452,0.0,0.0,1.0,452,13150,9300,3850,0.7072243346007605,170,93,77,165.04435487743493,0.42575516387706114,0.8744339330228532,0.11512100032755108,4407430.11292663,41934.29193106958,4449364.4048577,2549,2,1452.5420353982302,106,346,56,33.28633620263183,0.5847621681415929,37.61682242990651,33595.37111901331,316.937463386918,0
2551,127.56264710915657,0,0,452,0.0,0.0,1.0,452,12050,8700,3350,0.7219917012448133,154,87,67,164.97358137442595,0.42561913790396955,0.8750568681205528,0.11544818737989591,4394614.737253868,42549.0663931194,4437163.803646987,2550,3,1453.5420353982302,109,343,58,33.179069410873375,0.5859375,37.509469696969674,33483.98688654053,307.1925402434911,0
2552,127.94245324562011,0,0,452,0.0,0.0,1.0,452,13850,10900,2950,0.7870036101083032,168,109,59,158.9233003077679,0.42550201862135273,0.873258786286047,0.10605472368931007,4354563.190388801,34158.31072306144,4388721.501111862,2551,4,1454.5420353982302,91,361,71,34.950102344891434,0.5692063053097345,39.09646739130433,33380.638022404964,366.8201980484062,8
2553,127.9324786950905,0,3,449,0.0,0.00663716814159292,0.9933628318584071,452,12700,9100,3600,0.7165354330708661,163,91,72,162.6432671438621,0.4256494908070561,0.8758733696731631,0.10906346174697017,4359705.290614038,38715.3424499684,4398420.633064006,2552,5,1455.5420353982302,95,357,72,34.68620116375723,0.5705660029498525,38.93229166666664,33399.03903432998,351.5688319403156,0
2554,127.76466141787532,0,0,449,0.0,0.0,1.0,449,13550,9700,3850,0.7158671586715867,174,97,77,165.415951489841,0.42552066762116875,0.8766512953155781,0.11121787459998406,4356986.793868587,40793.02322728781,4397779.817095875,2553,6,1464.077951002227,96,353,66,34.52238990090053,0.5718494803266518,38.84235395189002,33366.71822402589,347.5699815002697,0
2555,127.54578986101798,0,0,449,0.0,0.0,1.0,449,11300,8200,3100,0.7256637168141593,144,82,62,165.0247412963126,0.42544423288524763,0.8764121863662901,0.11138490363937174,4353874.868717664,42599.41476932871,4396474.283486993,2554,7,1465.077951002227,97,352,59,34.39983185528707,0.572986265775798,38.711734693877524,33326.21817988429,343.5692595864359,0
2556,128.0608444273005,0,1,448,0.0,0.0022271714922048997,0.9977728285077951,449,13750,10300,3450,0.7490909090909091,172,103,69,165.29655221837538,0.4251782648610669,0.8768416400095673,0.11171348210742194,4372922.543907797,41015.80392519183,4413938.347832989,2555,8,1466.077951002227,98,351,59,34.34820026573258,0.5742622494432071,38.66792929292927,33466.40565068221,341.4939352110429,0
2557,127.58924458225017,0,0,448,0.0,0.0,1.0,448,11750,8500,3250,0.723404255319149,150,85,65,173.00226658950749,0.4249866420981144,0.8771995907738104,0.11533484439300394,4341410.968772175,48864.78755882557,4390275.7563310005,2556,9,1469.921875,91,357,69,34.617332175925924,0.5710565476190477,39.13043478260867,33284.15076058667,365.7598984679854,8
2558,127.6887219374761,0,0,448,0.0,0.0,1.0,448,12150,9300,2850,0.7654320987654321,150,93,57,173.60964371341987,0.42503449750985406,0.8772655721926721,0.11620992537743413,4349385.082445236,49269.03890715486,4398654.12135239,2557,10,1470.921875,96,352,66,34.461359116779775,0.5720796130952381,38.99269759450169,33327.688860506096,347.16342563027183,0
2559,127.47535116058998,1,0,449,0.0022271714922048997,0.0,1.0,449,11850,8700,3150,0.7341772151898734,150,87,63,173.99231060844963,0.42532264158447347,0.8785548694467362,0.11713262250051966,4348547.444504852,49672.76353197181,4398220.208036824,2558,0,1468.643652561247,100,349,69,34.25481718392161,0.5734038604305864,38.79950495049502,33296.62482975523,332.9662482975523,0
2560,127.51177194930253,0,1,448,0.0,0.0022271714922048997,0.9977728285077951,449,13500,10100,3400,0.7481481481481481,169,101,68,177.90661033845012,0.4252919848340227,0.8796444799933827,0.12021722832493491,4353999.63595462,51621.06332950513,4405620.699284125,2559,1,1469.643652561247,102,347,60,34.023961558307526,0.574749443207127,38.67313915857603,33322.251083838455,326.6887361160633,0
2561,127.64730922551173,0,0,448,0.0,0.0,1.0,448,12500,8900,3600,0.712,161,89,72,178.8087133088488,0.4248001100258336,0.879530355516525,0.12119257235377462,4362021.161890954,53893.478276737136,4415914.640167691,2560,13,1473.921875,104,344,61,33.89685792349727,0.5759161086309523,38.571428571428555,33370.65369752642,320.8716701685232,0
2562,127.68120017621722,0,0,448,0.0,0.0,1.0,448,12800,9100,3700,0.7109375,165,91,74,177.3101252492097,0.4247716048457974,0.8785597653458281,0.12037015672578406,4364981.534903885,52391.08453285877,4417372.619436744,2561,14,1474.921875,85,363,62,33.88109134704467,0.5772646949404762,38.51744186046511,33386.406848403254,392.78125704003827,0
2563,127.95881668370114,0,0,448,0.0,0.0,1.0,448,12350,8100,4250,0.6558704453441295,166,81,85,174.51938287192422,0.4245467884441248,0.8770802496865193,0.11897678594186538,4379207.847722488,50901.33021048369,4430109.177932972,2562,15,1475.921875,87,361,66,33.81010014176699,0.5786365327380952,38.375946969696976,33477.104241751505,384.79430162932766,0
2564,127.78352683969172,0,0,448,0.0,0.0,1.0,448,13350,9500,3850,0.7116104868913857,172,95,77,174.33972230341223,0.42441508202833705,0.8768290140308368,0.11936529250402467,4378002.358941619,49701.94310031307,4427704.302041932,2563,16,1476.921875,90,358,68,33.66895516296426,0.5802176339285714,38.23260073260073,33449.56149004197,371.66179433379966,0
2565,127.64742108201374,0,0,448,0.0,0.0,1.0,448,11900,8800,3100,0.7394957983193278,150,88,62,173.9202750021675,0.4243185389368275,0.8770409827425008,0.119334730517337,4375737.288259062,50705.88650225098,4426443.174761313,2564,17,1477.921875,92,356,68,33.606928462448856,0.5812406994047619,38.16084229390681,33423.09321946948,363.29449151597265,0
2566,127.38608768259677,0,0,448,0.0,0.0,1.0,448,14050,10300,3750,0.7330960854092526,178,103,75,173.33914084081943,0.42426464958186855,0.8772284449605088,0.11947683572941983,4371812.135669331,47911.23190287747,4419723.367572209,2565,18,1478.921875,95,353,71,33.46867018706429,0.5828218005952381,38.009982638888886,33373.88332352749,351.3040349844999,0
2567,127.51546438493597,0,0,448,0.0,0.0,1.0,448,12600,9000,3600,0.7142857142857143,162,90,72,173.81663051902956,0.42407343600191755,0.8773921587638842,0.120308373672975,4380886.999861592,50094.20340011193,4430981.203261704,2566,19,1479.921875,100,348,71,33.31505416535517,0.5843098958333333,37.871287128712865,33425.46455040762,334.25464550407617,0
2568,127.79058537538785,1,1,448,0.0022271714922048997,0.0022271714922048997,0.9977728285077951,449,11600,7900,3700,0.6810344827586207,153,79,74,173.56848169036735,0.4241264068962774,0.8783347021658336,0.12065816330392416,4395134.214780317,51171.35449696089,4446305.569277277,2567,0,1477.6236080178173,104,345,70,33.17596235074578,0.5858389012620638,37.7281746031746,33515.87009493179,322.26798168203646,0
2569,128.09504437843552,0,0,448,0.0,0.0,1.0,448,12350,9300,3050,0.7530364372469636,154,93,61,175.35826949288554,0.42359987549270267,0.8793762966805008,0.12219132058681602,4408227.228642889,52653.8196692453,4460881.048312135,2568,1,1481.877232142857,110,338,57,33.04962858301138,0.5869140625,37.650150150150125,33605.715659192036,305.50650599265487,0
2570,128.2088275173447,0,0,448,0.0,0.0,1.0,448,12850,9700,3150,0.754863813229572,160,97,63,177.23770138616575,0.42325021888649195,0.8824717013671137,0.12403154453111398,4416884.526171584,54117.6921413534,4471002.218312937,2569,2,1482.877232142857,112,336,59,32.85689201053551,0.58837890625,37.509218289085524,33653.63535726731,300.47888711845815,0
2571,128.40887384674548,1,0,449,0.0022271714922048997,0.0,1.0,449,12300,9000,3300,0.7317073170731707,156,90,66,174.08341467047964,0.42309049872733057,0.8803802983906543,0.1224456324076989,4429396.171531145,52116.88209369856,4481513.053624844,2570,0,1480.5723830734967,85,364,61,32.77010798555072,0.5897132516703787,37.34253875968993,33727.548805313476,396.7946918272174,0
2572,128.0193808510045,0,0,449,0.0,0.0,1.0,449,14400,11100,3300,0.7708333333333334,177,111,66,171.33113331084482,0.4227083250477251,0.8781058700976365,0.12102831257078166,4420674.914803876,47279.848630435416,4467954.763434311,2571,1,1481.5723830734967,90,359,64,32.69983956209893,0.5911516332590943,37.20238095238098,33643.18847959462,373.8132053288291,0
2573,128.2588190180985,0,1,448,0.0,0.0022271714922048997,0.9977728285077951,449,12500,9100,3400,0.728,159,91,68,171.86166294899212,0.4224183287596776,0.8777361418715515,0.12231983241296382,4437187.084708992,50216.470238777314,4487403.554947769,2572,2,1482.5723830734967,97,352,68,32.437223030400986,0.5927292130660727,36.95790816326534,33737.46805103019,347.8089489796927,0
2574,128.57568185784368,0,1,447,0.0,0.002232142857142857,0.9977678571428571,448,11650,7800,3850,0.6695278969957081,155,78,77,174.5865646731676,0.42228926141205925,0.8797607505540184,0.12476454730300904,4452591.2160880705,54222.520862149424,4506813.73695022,2573,3,1486.7254464285713,98,350,67,32.23194533290687,0.59375,36.82659932659936,33837.699438430376,345.2826473309222,0
2575,128.58260809235696,1,1,447,0.002232142857142857,0.002232142857142857,0.9977678571428571,448,11550,7700,3850,0.6666666666666666,154,77,77,181.60762201402503,0.4223290022105039,0.8850377818518445,0.13068687119234254,4460410.170381045,60858.89685001669,4521269.067231062,2574,0,1486.5267857142858,100,348,56,31.819227456047628,0.5951450892857143,36.60272277227726,33868.30887036659,338.68308870366593,0
2576,128.3333197459146,0,1,446,0.0,0.0022371364653243847,0.9977628635346756,447,12050,8000,4050,0.6639004149377593,161,80,81,184.80925992898972,0.4223146838414542,0.8862641725626272,0.13354892716263989,4456305.926932496,63263.320074715666,4519569.247007212,2575,1,1488.7718120805368,103,344,59,31.598040426691036,0.5965930275913498,36.4683493589744,33819.891584883924,328.3484619891643,0
2577,128.09122019083208,0,0,446,0.0,0.0,1.0,446,10150,7100,3050,0.6995073891625616,132,71,61,184.26717755653243,0.4220879310055256,0.8855638384941407,0.13347008979005387,4450435.274734077,64663.82939465617,4515099.104128733,2576,2,1492.6636771300448,79,367,60,31.535821602041658,0.5975336322869955,36.39322916666667,33765.71292660678,427.41408767856683,0
2578,127.76104993548032,0,1,445,0.0,0.002242152466367713,0.9977578475336323,446,13800,10000,3800,0.7246376811594203,176,100,76,183.30200425348963,0.42192491308510105,0.8847128442225649,0.1333467488546235,4443617.608561838,59904.802757096724,4503522.4113189345,2577,3,1493.6636771300448,81,365,62,31.420584079889572,0.5988181988041854,36.25508130081301,33696.327728156044,416.0040460266178,0
2579,127.92791878941708,0,0,445,0.0,0.0,1.0,445,11750,7800,3950,0.6638297872340425,157,78,79,181.36441529113475,0.4218816428788339,0.8822090452567926,0.12421049294754552,4383269.579693126,58243.82487689325,4441513.404570019,2578,4,1495.7752808988764,84,361,67,33.47533667275252,0.576123595505618,38.22303921568629,33488.58178015627,398.67359262090804,8
2580,128.1661587067821,0,0,445,0.0,0.0,1.0,445,13000,9800,3200,0.7538461538461538,162,98,64,176.14621383383417,0.42204908560245635,0.8775310620913865,0.11299537403512784,4316724.991896922,50074.9526969072,4366799.944593829,2579,5,1496.7752808988764,87,358,66,35.88756879199736,0.555126404494382,40.459280303030326,33264.337071554495,382.34870197189076,8
2581,128.22373531341648,1,1,445,0.002242152466367713,0.002242152466367713,0.9977578475336323,446,12500,9300,3200,0.744,157,93,64,176.54438344177495,0.4224533304781579,0.8767633280956157,0.11368410379750338,4323107.553461208,50944.0715156591,4374051.624976867,2580,0,1494.4170403587443,93,353,67,35.74139568130415,0.5564508594917787,40.32579787234045,33296.396161339944,358.0257651756983,0
2582,128.52568659631342,1,1,445,0.002242152466367713,0.002242152466367713,0.9977578475336323,446,12950,8700,4250,0.6718146718146718,172,87,85,182.60775491341118,0.42285011588653193,0.885185224369677,0.11293831940149524,4285716.214215959,54371.003214796074,4340087.2174307555,2581,0,1493.3609865470853,105,341,58,37.039358105965455,0.5447729820627802,41.75511006289308,33191.10178915606,316.10573132529584,8
2583,128.35398297286633,0,0,445,0.0,0.0,1.0,445,12250,8500,3750,0.6938775510204082,160,85,75,185.4230361315016,0.4225208354421837,0.8875014782603066,0.1150056421241738,4283371.413896626,57597.146488720085,4340968.560385346,2582,1,1497.714606741573,76,369,58,36.86279258522284,0.5461376404494382,41.653138528138555,33159.84865845302,436.3137981375397,0
2584,127.89117727036977,0,1,444,0.0,0.0022471910112359553,0.9977528089887641,445,13550,10300,3250,0.7601476014760148,168,103,65,179.58339039811761,0.4227992036980801,0.8829386765091376,0.11202183084272958,4274686.120960067,50982.52529795655,4325668.646258024,2583,2,1498.714606741573,85,360,60,36.805490490021526,0.5477294007490636,41.4486434108527,33066.43737903711,389.0169103416131,0
2585,128.05795698159088,2,0,446,0.004484304932735426,0.0,1.0,446,13900,10300,3600,0.7410071942446043,175,103,72,176.4658741769142,0.4227482952923196,0.88180392856935,0.1109996285309872,4290106.771565219,48311.48835131016,4338418.25991653,2584,0,1496.0829596412557,92,354,65,36.583639838453756,0.5498178251121076,41.15143369175626,33147.61856904741,360.30020183747183,0
2586,127.67055529907871,0,0,446,0.0,0.0,1.0,446,11750,8700,3050,0.7404255319148936,148,87,61,175.13330207116567,0.4226663139685259,0.8811935410225114,0.11048258667534608,4280541.352272103,48983.06833511605,4329524.4206072185,2585,1,1497.0829596412557,95,351,64,36.51306830085897,0.5511023916292974,41.048177083333314,33060.523027479314,348.0055055524138,0
2587,127.53433486028804,0,0,446,0.0,0.0,1.0,446,11150,7800,3350,0.6995515695067265,145,78,67,176.95344519316032,0.4226336683965671,0.8827743209647079,0.1120178920305687,4280020.362994503,51122.86974575078,4331143.232740254,2586,2,1498.0829596412557,96,350,64,36.34127806563039,0.5522935351270553,40.925687285223354,33040.87015146513,344.17573074442845,0
2588,127.28445652087589,0,0,446,0.0,0.0,1.0,446,13950,10300,3650,0.7383512544802867,176,103,73,176.90459336705678,0.42249101459498495,0.8838048484658756,0.11250839884815554,4277041.097818369,48175.64324474997,4325216.741063119,2587,3,1499.0829596412557,98,348,59,36.17574140217006,0.5537649476831091,40.76178451178451,32996.99536785923,336.7040343659105,0
2589,127.19735283995091,0,0,446,0.0,0.0,1.0,446,12350,8700,3650,0.7044534412955465,160,87,73,174.92125620721183,0.42244083908567204,0.8827098724156095,0.11158502308384603,4277634.516262551,48099.840635993954,4325734.356898544,2588,4,1500.0829596412557,103,343,60,36.11855359878471,0.555119581464873,40.65504807692306,32987.991357019506,320.2717607477622,0
2590,127.04677266255723,0,0,446,0.0,0.0,1.0,446,12200,9600,2600,0.7868852459016393,148,96,52,176.7798328232343,0.4224086133924523,0.8835344891158154,0.11344112890214582,4279423.138864913,49903.141413683756,4329326.280278597,2589,5,1501.0829596412557,81,365,62,35.85878360741318,0.5564508594917787,40.447154471544714,32975.351359773485,407.10310320708004,0
2591,127.17598990734075,0,0,446,0.0,0.0,1.0,446,13400,10100,3300,0.753731343283582,167,101,66,175.60012351426886,0.42232936128046217,0.8823330700402598,0.11321854023845143,4289233.505575848,48037.986672131825,4337271.49224798,2590,6,1502.0829596412557,84,362,65,35.72120904701238,0.5578755605381166,40.28186274509804,33029.91120228275,393.21322859860413,0
2592,127.41588918013137,0,0,446,0.0,0.0,1.0,446,13000,9100,3900,0.7,169,91,78,174.59359195224965,0.4226354528812079,0.8813878625890228,0.11312666207469255,4303013.11060953,48055.70303978844,4351068.813649318,2591,7,1503.0829596412557,88,358,68,35.572506192299066,0.5592769058295964,40.11001872659177,33114.11305295908,376.29673923817137,0
2593,127.52361804607852,3,0,449,0.0066815144766146995,0.0,1.0,449,13200,9600,3600,0.7272727272727273,168,96,72,171.40410195070513,0.423475986650228,0.8804930890015379,0.111855952738521,4314857.0398133965,44916.83919097942,4359773.879004376,2592,0,1494.033407572383,96,353,68,35.4036802344782,0.5612936154417223,39.862542955326475,33173.66971164329,345.5590594962843,0
2594,127.68331130342823,0,0,449,0.0,0.0,1.0,449,12650,9400,3250,0.7430830039525692,159,94,65,172.26692026412414,0.4235712711448722,0.8813455249883579,0.11264307081258138,4322544.95623061,46476.30146261548,4369021.2576932255,2593,1,1495.033407572383,98,351,71,35.31127847418787,0.5627087973273942,39.793771043771066,33223.9929349096,339.0203360705061,0
2595,128.04568970343274,0,2,447,0.0,0.004454342984409799,0.9955456570155902,449,12400,9100,3300,0.7338709677419355,157,91,66,173.88566069926003,0.4234900721842189,0.8827358070877829,0.11395358138320562,4337357.402131677,48640.8515116992,4385998.253643376,2594,2,1496.033407572383,100,349,57,35.19146821465836,0.5639615812917594,39.717409240924106,33328.06385154237,333.28063851542373,0
2596,128.33822293224117,0,0,447,0.0,0.0,1.0,447,13500,10100,3400,0.7481481481481481,169,101,68,179.20441973414304,0.42288420895991546,0.8859817132015333,0.11779156430689736,4350712.366146783,53033.37700109956,4403745.743147883,2595,3,1503.7181208053692,100,347,58,34.94804663260322,0.5652265100671141,39.61427392739275,33417.4413610799,334.17441361079904,0
2597,128.08475980615074,0,0,447,0.0,0.0,1.0,447,11750,8500,3250,0.723404255319149,150,85,65,179.44904642962825,0.4228988389629585,0.8863173843499665,0.11819463201481932,4344471.3876425,54772.24955064935,4399243.637193149,2596,4,1504.7181208053692,78,369,58,34.86991427462497,0.5664149888143177,39.543776371308,33360.47284349792,427.69836978843483,0
2598,128.08784827973656,0,0,447,0.0,0.0,1.0,447,12450,9200,3250,0.7389558232931727,157,92,65,175.49481780079176,0.422995605983086,0.8833365377593172,0.11604304912730697,4349049.513257331,50797.13038714246,4399846.6436444735,2597,5,1505.7181208053692,83,364,60,34.836497890295355,0.5677898956002982,39.4097222222222,33378.44796317418,402.14997545992986,0
2599,127.7830485106298,1,0,448,0.002232142857142857,0.0,1.0,448,12450,9200,3250,0.7389558232931727,157,92,65,181.30606375515583,0.42318686248268883,0.8819278411416664,0.12062980567695697,4345741.140069394,55531.84404096478,4401272.984110359,2598,0,1503.3549107142858,91,357,65,34.46987786171165,0.5702659970238095,39.198369565217384,33326.02739349908,366.2200812472426,8
2600,127.86181630719365,0,0,448,0.0,0.0,1.0,448,12700,9200,3500,0.7244094488188977,162,92,70,181.5977213837092,0.4229713050628529,0.8818225001801023,0.12124857963094073,4352403.166419635,55777.29951300868,4408180.465932643,2599,1,1504.3549107142858,94,354,68,34.34068050652773,0.5713820684523809,39.07894736842104,33361.83970225842,354.9131883218981,0
2601,128.10700245349943,0,0,448,0.0,0.0,1.0,448,11650,8500,3150,0.7296137339055794,148,85,63,182.20703656542292,0.42283148403377013,0.8814623366445471,0.12224942472429526,4366274.87321607,57863.20109575242,4424138.074311823,2600,2,1505.3549107142858,97,351,66,34.156514201576876,0.5726376488095238,38.91369047619045,33446.98449474151,344.81427314166507,0
2602,127.77728707256654,1,0,449,0.0022271714922048997,0.0,1.0,449,12050,7900,4150,0.6556016597510373,162,79,83,192.27206211030835,0.42312239831901577,0.8833099267539577,0.12214277240417672,4292273.025974839,63206.83716892457,4355479.8631437635,2601,0,1503.0,105,344,50,35.81823122030122,0.5541249072011878,40.80188679245279,33119.63171998784,315.4250639998842,8
2603,127.9143916539211,1,0,450,0.0022222222222222222,0.0,1.0,450,13150,9900,3250,0.752851711026616,164,99,65,213.0430991652684,0.42381970221892273,0.8953443976550235,0.12533590663512043,4205104.092262782,76023.68162564497,4281127.773888427,2602,0,1500.6577777777777,81,369,58,38.122110065229975,0.524513888888889,43.584857723577265,32799.186935142556,404.92823376719207,8
2604,128.19411332545943,2,0,452,0.004424778761061947,0.0,1.0,452,12000,8500,3500,0.7083333333333334,155,85,70,210.88033382345037,0.4245309301192368,0.8927733626062948,0.124726710005127,4220818.277435171,75617.51347073104,4296435.790905902,2603,0,1495.013274336283,85,367,65,37.9751565499229,0.5260647123893805,43.38662790697676,32896.32370292153,387.0155729755474,0
2605,128.24273563436148,0,0,452,0.0,0.0,1.0,452,12750,9100,3650,0.7137254901960784,164,91,73,209.45366817204754,0.4247266399152326,0.8931118986086097,0.12456981317600795,4229161.909388357,74012.69504297953,4303174.604431337,2604,1,1496.013274336283,87,365,63,37.8026671583088,0.527516592920354,43.1818181818182,32935.06619700667,378.5639792759388,0
2606,128.38494218207393,3,0,455,0.006593406593406593,0.0,1.0,455,12350,8800,3550,0.7125506072874493,159,88,71,205.85341658536544,0.4258631053234578,0.8926267938209129,0.12323049560079366,4241793.926032301,71287.5544249611,4313081.480457262,2605,0,1487.142857142857,93,362,65,37.64939970685865,0.5293727106227106,42.9410460992908,33002.49893392722,354.8655799347013,0
2607,128.12776361681895,2,2,455,0.00437636761487965,0.00437636761487965,0.9956236323851203,457,12900,9100,3800,0.7054263565891473,167,91,76,204.13870810453622,0.42642091986896485,0.892487397785124,0.12263905593761205,4237599.044362558,68711.5988762402,4306310.643238798,2606,0,1481.6301969365427,101,356,55,37.56022342227875,0.5311360320933625,42.8104575163399,32953.12090406462,326.26852380262,0
2608,128.3036795262812,2,0,457,0.00437636761487965,0.0,1.0,457,13050,9300,3750,0.7126436781609196,168,93,75,204.85138738463783,0.426967765877129,0.8943109877644126,0.12376229296514367,4250227.142482773,69682.98536748718,4319910.127850261,2607,0,1479.4704595185995,79,378,59,37.33137731013081,0.5327315827862874,42.60416666666665,33024.83251139993,418.0358545746827,0
2609,128.46385457869968,1,1,457,0.002183406113537118,0.002183406113537118,0.9978165938864629,458,13100,9400,3700,0.7175572519083969,168,94,74,202.9798061283672,0.42756667669982384,0.8936576102128955,0.12305043749504338,4259650.601757917,68224.61066388036,4327875.212421797,2608,0,1477.2379912663755,81,377,62,37.252532228360934,0.5343204148471616,42.47967479674796,33082.05360796993,408.420414913209,0
2610,128.50484852449281,2,0,459,0.004357298474945534,0.0,1.0,459,12900,9500,3400,0.7364341085271318,163,95,68,199.95657072657798,0.42797871615086275,0.8925268739589842,0.1220760930953932,4269507.789418753,66043.22725251663,4335551.01667127,2609,0,1475.004357298475,87,372,66,37.06859109764126,0.5361746550472041,42.22301136363635,33125.5928778157,380.75394112431843,0
2611,128.5946198350929,0,0,459,0.0,0.0,1.0,459,11400,8600,2800,0.7543859649122807,142,86,56,201.11191849745967,0.4280025005311845,0.8933292940489534,0.12342959005279067,4278812.644802621,68904.04397748853,4347716.688780109,2610,1,1476.004357298475,93,366,64,36.8443214198777,0.5373320624546114,42.03235815602836,33173.250832680824,356.70162185678305,0
2612,128.58470253822705,3,0,462,0.006493506493506494,0.0,1.0,462,12000,8100,3900,0.675,159,81,78,202.31226997204385,0.4290650148838869,0.8964446292727875,0.125213236982698,4288524.676175398,69124.23241363415,4357648.908589032,2611,0,1467.4134199134198,98,364,53,36.504674896113414,0.5391414141414141,41.729797979797986,33209.59710125559,338.8734398087305,0
2613,128.72505964853733,1,1,462,0.0021598272138228943,0.0021598272138228943,0.9978401727861771,463,12550,8400,4150,0.6693227091633466,167,84,83,197.89420558470647,0.42925280263293225,0.893632438608452,0.12286838039050432,4296994.842364317,64920.07614625314,4361914.91851057,2612,0,1465.2419006479481,81,382,55,36.50258112094394,0.5407892368610512,41.61585365853658,33260.5146500412,410.6236376548296,0
2614,128.39825576737624,1,0,463,0.0021598272138228943,0.0,1.0,463,14300,10400,3900,0.7272727272727273,182,104,78,194.26231158075544,0.4295969958766935,0.8918880734697567,0.12128017128987752,4292630.655444471,59879.27077781106,4352509.926222282,2613,0,1466.233261339093,83,380,61,36.3953897308012,0.5422516198704104,41.41865079365079,33201.39421207003,400.0167977357835,0
2615,128.14648569158257,1,0,464,0.0021551724137931034,0.0,1.0,464,13100,9500,3600,0.7251908396946565,167,95,72,190.648956603035,0.42965462547478955,0.8898828164094164,0.11957260748543837,4289643.075716021,57663.19531693885,4347306.271032959,2614,0,1464.0711206896551,85,379,67,36.321895577817315,0.543664691091954,41.25484496124031,33157.28230794071,390.08567421106716,0
2616,127.80956465520376,0,1,463,0.0,0.0021551724137931034,0.9978448275862069,464,12850,9000,3850,0.7003891050583657,167,90,77,188.10097230809032,0.4298964811263375,0.8881899172345964,0.11849142916247968,4283502.394051225,55496.193041013015,4338998.587092238,2615,1,1465.0711206896551,89,375,66,36.22959415560223,0.5450116738505747,41.099537037037024,33089.95546032686,371.79725236322315,0
2617,127.90741502465494,1,0,464,0.0021551724137931034,0.0,1.0,464,13200,9800,3400,0.7424242424242424,166,98,68,185.67393398076155,0.4299950077269681,0.887194815137287,0.11749527822273675,4292112.290102737,53386.674798110136,4345498.9649008475,2616,0,1464.790948275862,92,372,68,36.128525516307064,0.5467627514367817,40.93862007168458,33135.8714393508,360.17251564511736,0
2618,127.63790905676083,0,0,464,0.0,0.0,1.0,464,13650,10000,3650,0.7326007326007326,173,100,73,185.29426674783798,0.4300459196022939,0.8868585005889558,0.11772099585298766,4287699.434935959,52447.22456631498,4340146.659502274,2617,1,1465.790948275862,95,369,57,35.99575798169234,0.5480423850574713,40.7986111111111,33083.92330238596,348.2518242356417,0
2619,127.9921100271727,3,1,466,0.006423982869379015,0.0021413276231263384,0.9978586723768736,467,12100,9000,3100,0.743801652892562,152,90,62,182.88061089773697,0.43083573045617324,0.8865496278681744,0.11680396990217726,4305776.250561066,51988.59821831635,4357764.848779382,2618,0,1457.3683083511778,82,385,63,35.86875443519775,0.5500089221984297,40.61244979919681,33199.55986498024,404.87268128024687,0
2620,128.00391045458977,0,0,466,0.0,0.0,1.0,466,13550,9700,3850,0.7158671586715867,174,97,77,181.76173916654943,0.4305657467657329,0.8861023330322948,0.1164947514706678,4310233.328654011,49937.10120595633,4360170.429859967,2619,1,1461.491416309013,84,382,64,35.77330074927595,0.5511891988555079,40.49019607843139,33218.26970326476,395.45559170553287,0
2621,128.25407238354092,0,1,465,0.0,0.002145922746781116,0.9978540772532188,466,13800,9400,4400,0.6811594202898551,182,94,88,179.41440192278708,0.4304919085636931,0.8851301249303078,0.1153129457018306,4321920.622656877,48082.960734349035,4370003.583391226,2620,2,1462.491416309013,84,382,67,35.7344182716516,0.5527092274678111,40.39215686274511,33295.763105060534,396.3781322031016,0
2622,128.6155065452053,0,0,465,0.0,0.0,1.0,465,13250,9200,4050,0.6943396226415094,173,92,81,180.69891692742272,0.4303527839574836,0.886056199370902,0.11658560229751422,4338579.228596133,50545.31352222808,4389124.542118361,2621,3,1466.425806451613,87,378,67,35.564540324173265,0.5542338709677419,40.25804924242426,33406.842567725595,383.98669618075394,0
2623,128.95082373397375,0,1,464,0.0,0.002150537634408602,0.9978494623655914,465,13400,9700,3700,0.7238805970149254,171,97,74,178.50744268324684,0.4305839435792856,0.8842304994792556,0.11556909215862428,4353907.822318957,49040.990208149466,4402948.812527107,2622,4,1467.425806451613,91,374,70,35.49940634395019,0.5555779569892474,40.13813405797104,33509.40167027235,368.2351831898061,0
2624,129.29758862006355,1,0,465,0.002150537634408602,0.0,1.0,465,12150,9100,3050,0.7489711934156379,152,91,61,181.6438113804639,0.43055362439747863,0.8868802382590035,0.11815245394221087,4371086.919701791,53646.177593986264,4424733.097295778,2623,0,1468.4021505376345,92,373,68,35.252171728049404,0.5570116487455197,39.975358422939095,33620.55913771062,365.4408601925067,0
2625,128.98371323191853,1,1,465,0.002145922746781116,0.002145922746781116,0.9978540772532188,466,12650,8500,4150,0.6719367588932806,168,85,83,184.77290391350238,0.43095310889596505,0.8896239365593324,0.12080538213233111,4366422.672737424,55509.31939109111,4421931.992128516,2624,0,1466.2489270386266,96,370,63,34.99028408309262,0.5586328683834049,39.79810996563576,33561.80596659587,349.6021454853737,0
2626,128.84608454666164,0,0,465,0.0,0.0,1.0,465,14450,11100,3350,0.7681660899653979,178,111,67,185.60271389989518,0.4307249181188975,0.8880707592367654,0.12177467637364943,4365822.077916171,54611.685213065255,4420433.763129237,2625,1,1470.374193548387,99,366,54,34.84541935096635,0.5599686379928315,39.67708333333335,33541.588530267094,338.80392454815245,0
2627,128.60337755723168,0,0,465,0.0,0.0,1.0,465,13150,9500,3650,0.7224334600760456,168,95,73,203.8140700574914,0.43076875540724263,0.8977160009835614,0.12755348596847305,4302375.473564104,69226.93123652521,4371602.404800629,2626,2,1471.374193548387,83,382,61,36.05982429646673,0.5477150537634409,41.331845238095234,33265.59836887764,400.7903417937065,8
2628,128.90825908634574,2,0,467,0.004282655246252677,0.0,1.0,467,14050,10400,3650,0.7402135231316725,177,104,73,218.0413796355834,0.43129696599302153,0.8929042761861345,0.1416417686867502,4356400.932023364,82525.13389282531,4438926.065916189,2627,0,1466.0685224839401,99,368,66,34.35221171568241,0.5634814418272662,40.020833333333364,33513.46177371929,338.51981589615446,8
2629,128.7569500034595,0,0,467,0.0,0.0,1.0,467,14250,10500,3750,0.7368421052631579,180,105,75,226.4822052458926,0.43105725370903064,0.898192075098343,0.14806903285187117,4358698.649764046,89783.53644017255,4448482.186204218,2628,1,1467.0685224839401,105,362,63,33.906450638265724,0.565087437544611,39.79952830188681,33502.619125310775,319.07256309819786,0
2630,128.4302506094559,0,0,467,0.0,0.0,1.0,467,13500,9500,4000,0.7037037037037037,175,95,80,226.60331774429463,0.43101876954842183,0.8992765551409232,0.14875601611126904,4352356.34389535,90351.67750642332,4442708.021401773,2629,2,1468.0685224839401,110,357,48,33.75898156825992,0.5664926837972877,39.65840840840841,33435.73585217277,303.9612350197525,0
2631,128.15359206193168,3,1,469,0.006382978723404255,0.002127659574468085,0.997872340425532,470,15400,11700,3700,0.7597402597402597,191,117,74,221.16950807266144,0.43182019235131336,0.8971431165219712,0.1462530174409806,4351346.898949318,83077.05061882445,4434423.949568142,2630,0,1459.6914893617022,88,382,57,33.644266037877074,0.5684397163120567,39.40777153558053,33395.830141138984,379.4980697856703,0
2632,128.07526401215642,0,0,469,0.0,0.0,1.0,469,12400,8300,4100,0.6693548387096774,165,83,82,222.33517076367056,0.4315119305790947,0.8967850115223035,0.14799973690518892,4356230.575356922,87508.65377158168,4443739.229128504,2631,1,1460.4690831556504,95,374,61,33.38295301687676,0.5696739516702203,39.1818576388889,33404.35244205966,351.6247625479964,0
2633,127.97834286143643,0,1,468,0.0,0.0021321961620469083,0.997867803837953,469,13500,10100,3400,0.7481481481481481,169,101,68,223.09244927159054,0.431271602913394,0.8970310887956527,0.14904883464265836,4357094.637800605,87106.9828910112,4444201.620691616,2632,2,1461.4690831556504,98,371,65,33.23580309139786,0.5708511016346838,39.05723905723907,33395.02212714271,340.7655319096195,0
2634,128.31402944818555,1,1,468,0.0021321961620469083,0.0021321961620469083,0.997867803837953,469,13800,10200,3600,0.7391304347826086,174,102,72,223.7183309018594,0.4311544763970137,0.8967913234140339,0.15019647942725436,4374053.176160011,88111.17516930084,4462164.351329313,2633,0,1462.4371002132195,106,363,58,33.0506723587239,0.5725390902629708,38.89213395638631,33503.80241267339,316.0736076667301,0
2635,128.02154636842613,0,0,468,0.0,0.0,1.0,468,12350,9100,3250,0.7368421052631579,156,91,65,227.09293993335962,0.4309799319167627,0.8985964739485854,0.15300925592995937,4368132.138499802,92444.39386986519,4460576.532369667,2634,1,1465.207264957265,108,360,60,32.83869885982567,0.57380698005698,38.77102446483183,33442.93740425238,309.6568278171516,0
2636,127.57328702308523,0,0,468,0.0,0.0,1.0,468,13950,10300,3650,0.7383512544802867,176,103,73,176.13612392775195,0.43091053704008736,0.8752210037399375,0.11652428761521189,4332136.841250825,45059.158308507365,4377195.999559332,2635,2,1466.207264957265,92,376,66,34.802689073222474,0.5701566951566952,39.392921146953405,33246.501670767495,361.3750181605163,8
2637,127.92835510713965,1,1,468,0.0021321961620469083,0.0021321961620469083,0.997867803837953,469,12450,9000,3450,0.7228915662650602,159,90,69,174.21051612656785,0.43099311895953685,0.8740893148410376,0.116073034085173,4352291.276600988,45392.9819259638,4397684.258526951,2636,0,1464.0788912579958,100,369,72,34.605886578101156,0.5716062544420754,39.15016501650166,33370.09031940786,333.7009031940786,0
2638,127.95280349142169,1,0,469,0.0021321961620469083,0.0,1.0,469,13400,10400,3000,0.7761194029850746,164,104,60,170.36803969165,0.43078126613574375,0.8711565158407331,0.11405555023631912,4358534.04002597,41310.980065711774,4399845.020091682,2637,0,1465.0511727078892,104,365,75,34.54128658304826,0.5731165600568586,38.988095238095255,33397.20495892192,321.12697075886456,0
2639,127.59432283794925,1,0,470,0.002127659574468085,0.0,1.0,470,13200,9600,3600,0.7272727272727273,168,96,72,165.23222936715405,0.4307949235584993,0.8757635130636581,0.10411957664628807,4276670.9729299,34128.77582540018,4310799.7487552995,2638,0,1462.931914893617,107,363,68,36.80990165400089,0.5525265957446808,41.087962962962955,33035.70604033467,308.74491626481,8
2640,128.11142902457246,0,0,470,0.0,0.0,1.0,470,11750,8200,3550,0.6978723404255319,153,82,71,156.18788825325353,0.4307502192683996,0.8752400294931857,0.09797831729919612,4288701.369892519,28218.642062468934,4316920.011954988,2639,1,1463.931914893617,96,374,69,37.20645707961541,0.5522828014184398,41.24785223367696,33149.10741352076,345.3032022241746,8
2641,128.4521841862598,3,0,473,0.006342494714587738,0.0,1.0,473,13400,9200,4200,0.6865671641791045,176,92,84,157.66184625525526,0.4314088983050848,0.8771282675129877,0.09963673861585683,4308830.340074811,27867.629323369096,4336697.96939818,2640,0,1455.6405919661734,103,370,68,36.9019077081722,0.5541974982381959,40.9855769230769,33270.96837997441,323.01911048518843,0
2642,128.52385509609178,2,1,474,0.004210526315789474,0.002105263157894737,0.9978947368421053,475,13250,9200,4050,0.6943396226415094,173,92,81,158.93070022015252,0.4317264416315049,0.8787885421518411,0.10089420856672517,4316558.75379277,28956.741056341394,4345515.494849112,2641,0,1450.5073684210527,108,367,56,36.70661258603735,0.5558333333333334,40.825688073394474,33310.081710684026,308.4266825063336,0
2643,128.6579225982807,2,2,474,0.004201680672268907,0.004201680672268907,0.9957983193277311,476,15000,11100,3900,0.74,189,111,78,157.58411666680726,0.43209171826625387,0.8782015951876663,0.10071094402204667,4328914.780536261,26233.642363339324,4355148.422899601,2642,0,1448.4327731092437,89,387,59,36.50239258466071,0.5577074579831933,40.5902777777778,33375.11596290841,375.00130295402704,0
2644,128.71244117364955,0,0,474,0.0,0.0,1.0,474,15100,11200,3900,0.7417218543046358,190,112,78,160.17945077551008,0.4317016574339212,0.8798689827469797,0.10281619912730837,4335843.969231468,29002.621127961513,4364846.590359429,2643,1,1455.535864978903,88,386,64,36.28007996272417,0.5591596343178622,40.43773408239702,33408.89288281883,379.64651003203215,0
2645,128.1786399972809,0,0,474,0.0,0.0,1.0,474,13700,9400,4300,0.6861313868613139,180,94,86,160.79014129604758,0.4316642098048486,0.8801578953731573,0.10353461127734519,4321534.457130053,30472.02719553737,4352006.484325591,2644,2,1456.535864978903,90,384,65,36.1521012416428,0.5603683192686357,40.32738095238098,33284.48315405611,369.82759060062347,0
2646,128.26658664815264,1,0,475,0.002105263157894737,0.0,1.0,475,13550,9800,3750,0.7232472324723247,173,98,75,161.32809741938001,0.43195443778221926,0.8807914734644542,0.10448371912369277,4331214.031634332,31199.303847938103,4362413.3354822695,2645,0,1454.4673684210527,95,380,67,35.93336812804449,0.5619298245614035,40.12586805555556,33333.167862665556,350.87545118595324,0
2647,128.7141354288292,1,1,475,0.0021008403361344537,0.0021008403361344537,0.9978991596638656,476,13200,9500,3700,0.7196969696969697,169,95,74,161.8306739623265,0.43210037962553444,0.881100002766346,0.10529643309966827,4351711.364217342,32448.07659216192,4384159.440809504,2646,0,1452.4096638655462,100,376,68,35.7567689948307,0.5633096988795518,39.96493399339934,33470.188702218176,334.7018870221818,0
2648,128.72966917489566,0,0,475,0.0,0.0,1.0,475,13150,8900,4250,0.6768060836501901,174,89,85,160.95259818920468,0.43198497298097566,0.8808445135718217,0.10513030853080743,4356709.342673214,32094.737651688007,4388804.080324902,2647,1,1456.3368421052633,104,371,69,35.643867175087394,0.5647149122807018,39.83134920634922,33491.424346345855,322.03292640717166,0
2649,129.13778488714217,2,1,476,0.0041928721174004195,0.0020964360587002098,0.9979035639412998,477,14250,10700,3550,0.7508771929824561,178,107,71,169.23416708814406,0.4325963876116485,0.8838199627929704,0.10793309035574872,4342628.799729802,37334.233579049745,4379963.0333088515,2648,0,1451.2264150943397,109,368,61,36.27400861754182,0.5532844164919637,40.66287878787875,33490.221372341126,307.2497373609278,8
2650,129.21444386250474,0,3,473,0.0,0.0063025210084033615,0.9936974789915967,476,12250,8900,3350,0.726530612244898,156,89,67,171.65661392593802,0.4323915487247531,0.8852158416509555,0.1099665777464774,4350444.208626333,41906.504385302294,4392350.713011635,2649,1,1455.2710084033613,87,389,63,36.05225344402883,0.5545124299719888,40.506628787878824,33530.291647181155,385.4056511170248,0
2651,128.8966224878103,1,0,474,0.002109704641350211,0.0,1.0,474,12900,8600,4300,0.6666666666666666,172,86,86,167.51329298349782,0.4323932770448078,0.8813032141483601,0.10771395984609242,4344117.170186324,37839.4744568152,4381956.644643139,2650,0,1461.6413502109704,91,383,68,36.02685710132288,0.5560170534458508,40.37590579710149,33464.66885921118,367.7436138374855,0
2652,128.66983671325676,1,0,475,0.002105263157894737,0.0,1.0,475,12600,9500,3100,0.753968253968254,157,95,62,167.31780056825292,0.43267654896735513,0.8804651678794015,0.10821315650224347,4343222.439271514,37739.68518352043,4380962.124455035,2651,0,1459.562105263158,96,379,73,35.82661706964253,0.5576754385964913,40.17396907216499,33431.77297333858,348.2476351389435,0
2653,128.2621294622042,1,1,475,0.0021008403361344537,0.0021008403361344537,0.9978991596638656,476,12800,9000,3800,0.703125,166,90,76,166.48864827859134,0.4329122438449064,0.8789255524264166,0.10836161381943103,4336796.5853850115,36405.480271993765,4373202.065657006,2652,0,1457.4936974789916,103,373,74,35.624454351705666,0.5593049719887955,39.953926282051306,33354.063173349736,323.8258560519392,0
2654,128.3018408705735,0,0,475,0.0,0.0,1.0,475,14000,9800,4200,0.7,182,98,84,168.02100275753145,0.4327859204974462,0.8803395885040932,0.10986733580888867,4343490.879386439,36959.538604542766,4380450.417990982,2653,1,1461.5305263157895,108,367,73,35.421563586504156,0.5608114035087719,39.79357798165141,33384.962951299916,309.1200273268511,0
2655,128.78607595756583,0,1,474,0.0,0.002105263157894737,0.9978947368421053,475,12850,9100,3750,0.708171206225681,166,91,75,169.46074552222157,0.43268913317047897,0.882782698950225,0.11121631249501858,4364125.5091159865,40059.59246546897,4404185.101581455,2654,2,1462.5305263157895,111,364,55,35.25541691972421,0.5622587719298245,39.66703869047621,33527.26052946668,302.0473921573575,0
2656,128.4157239301618,0,1,473,0.0,0.002109704641350211,0.9978902953586498,474,12600,8800,3800,0.6984126984126984,164,88,76,171.95168130756838,0.4322319641811105,0.884747077056186,0.11328217950574036,4355957.872253186,42402.85596777458,4398360.728220961,2655,3,1466.5253164556962,87,387,59,35.05726231594257,0.5637086849507735,39.535984848484844,33447.67506343839,384.45603521193556,0
2657,128.74055653978064,0,0,473,0.0,0.0,1.0,473,13600,9700,3900,0.7132352941176471,175,97,78,169.50228007492433,0.4321933117139069,0.8825266192085666,0.1122825949223902,4373278.305206446,40056.12882693885,4413334.434033385,2656,4,1470.6046511627908,92,381,63,34.930009453826656,0.5650986610288936,39.348118279569896,33556.468315829276,364.74422082423126,0
2658,129.09974385989594,0,0,473,0.0,0.0,1.0,473,13650,9800,3850,0.717948717948718,175,98,77,169.4500541665707,0.43209626318366956,0.8832029457552011,0.11261680591070314,4389249.652580361,40501.71827606864,4429751.370856429,2657,5,1471.6046511627908,92,381,66,34.817465601420295,0.5664200140944327,39.23611111111111,33664.55126346588,365.9190354724552,0
2659,129.46032736951574,0,1,472,0.0,0.0021141649048625794,0.9978858350951374,473,12700,9000,3700,0.7086614173228346,164,90,74,168.9458457232687,0.4320494186046511,0.8833152280826209,0.11272847597138086,4406075.584931377,41577.63320337496,4447653.2181347525,2658,6,1472.6046511627908,94,379,68,34.69309489787338,0.5676532769556025,39.100877192982445,33776.08584901586,359.32006222357296,0
2660,129.6436475102683,2,0,474,0.004219409282700422,0.0,1.0,474,14200,10200,4000,0.7183098591549296,182,102,80,170.26671799669128,0.43256750608825967,0.8848621797931913,0.1145196308055828,4421466.532320009,41565.71903806753,4463032.251358076,2659,0,1469.168776371308,100,374,65,34.383597256775815,0.5698400140646975,38.83044554455444,33858.97365823544,338.58973658235436,0
2661,129.1268538044866,1,2,473,0.002105263157894737,0.004210526315789474,0.9957894736842106,475,12800,8800,4000,0.6875,168,88,80,170.37778648931717,0.4326556369827523,0.8854010049548435,0.11512535459400913,4409104.5069969,42442.69326044046,4451547.20025734,2660,0,1467.0736842105264,101,374,60,34.22202085531542,0.5711842105263158,38.674428104575156,33744.14891751428,334.10048433182453,0
2662,129.39303135846782,0,2,471,0.0,0.004228329809725159,0.9957716701902748,473,14350,10400,3950,0.7247386759581882,183,104,79,173.0190634143824,0.43227020401094113,0.8868860015615969,0.1170902774010126,4419946.873487946,43997.01367844101,4463943.8871663865,2661,2,1474.1797040169133,102,371,61,34.100245050622306,0.5724541930937279,38.62257281553396,33820.41763207491,331.57272188308735,0
2663,129.69080725876768,0,0,471,0.0,0.0,1.0,471,12350,8800,3550,0.7125506072874493,159,88,71,170.60886392381556,0.4318108069446327,0.8847791308506245,0.11570319093793659,4432525.235622383,44695.618952635035,4477220.8545750175,2662,3,1481.3821656050955,104,367,62,34.091045635071175,0.57340322009908,38.55158730158729,33907.45569938045,326.0332278786582,0
2664,129.63069076683806,0,0,471,0.0,0.0,1.0,471,13400,9500,3900,0.7089552238805971,173,95,78,169.58371383323882,0.4315983044977489,0.8839249324216771,0.1156528487150905,4436826.810929854,42882.713646474294,4479709.524576329,2663,4,1482.3821656050955,87,384,65,33.927191256088896,0.5747744161358811,38.36410984848485,33916.04116973752,389.83955367514386,0
2665,129.79181235825365,0,0,471,0.0,0.0,1.0,471,12650,9300,3350,0.7351778656126482,160,93,67,167.4763600485988,0.4315066404661878,0.8816905353022548,0.11450895622461581,4445252.8931667525,42044.954808613846,4487297.847975367,2664,5,1483.3821656050955,90,381,68,33.89516999066946,0.5760350318471338,38.27838827838827,33969.32231867105,377.43691465190057,0
2666,130.18469880447992,0,1,470,0.0,0.0021231422505307855,0.9978768577494692,471,12800,8800,4000,0.6875,168,88,80,167.84048294155332,0.4315730827724323,0.8819487855288419,0.11504702194357352,4461569.506264921,42766.39612176193,4504335.902386683,2665,6,1484.3821656050955,92,379,69,33.800287356321796,0.5773841118188252,38.194444444444436,34083.07739533945,370.4682325580375,0
2667,129.7456579143905,0,1,469,0.0,0.002127659574468085,0.997872340425532,470,15000,10400,4600,0.6933333333333334,196,104,92,164.96757273778218,0.43114896641413,0.8798943680818256,0.11363305750965226,4452061.01610066,37889.13990132545,4489950.156001985,2666,7,1488.4127659574467,97,373,73,33.70983120993263,0.5789893617021277,38.031462585034,33989.28023977522,350.4049509255177,0
2668,129.66209835159745,0,0,469,0.0,0.0,1.0,469,12900,9400,3500,0.7286821705426356,164,94,70,165.76424663873354,0.4306580649864232,0.880522788301304,0.11445407714271266,4451878.332761611,40892.45159150542,4492770.7843531165,2667,8,1492.503198294243,98,371,71,33.608629458609414,0.5801128287135751,37.95244107744107,33977.636357812764,346.7105750797221,0
2669,129.38927179139986,0,2,467,0.0,0.0042643923240938165,0.9957356076759062,469,12450,9200,3250,0.7389558232931727,157,92,65,157.30464031454102,0.4306692650909069,0.8725108441201879,0.10537168268727641,4408135.439588626,32434.03195645455,4440569.471545081,2668,9,1493.503198294243,104,365,71,34.86210347623391,0.570273631840796,38.968253968253975,33774.707533485365,324.75680320659006,8
2670,129.79047753278456,1,1,467,0.002136752136752137,0.002136752136752137,0.9978632478632479,468,13300,9500,3800,0.7142857142857143,171,95,76,154.6347180259302,0.43064563544354767,0.869678935852032,0.1039866175265285,4426263.7592720045,29990.809664684537,4456254.568936689,2669,0,1496.7606837606838,112,356,73,34.79815984845813,0.5717370014245013,38.83665191740414,33896.51566170111,302.6474612651885,0
2671,129.23139141926723,0,0,467,0.0,0.0,1.0,467,12050,8000,4050,0.6639004149377593,161,80,81,157.7964355941884,0.43053953644392573,0.8716041947842141,0.10654830308129709,4411865.227071242,33785.321430756914,4445650.548501999,2670,1,1498.5888650963598,112,355,56,34.575131117853175,0.5728051391862955,38.69837758112094,33768.37224530363,301.5033236187824,0
2672,129.44637383083622,0,0,467,0.0,0.0,1.0,467,12600,9900,2700,0.7857142857142857,153,99,54,158.82477803696472,0.43053819619952644,0.8735793057729471,0.10754024975576625,4422361.136280829,34476.10517382133,4456837.241454651,2671,2,1499.5888650963598,114,353,60,34.45347332917507,0.5738534975017844,38.60507246376813,33836.62550733963,296.81250445034766,0
2673,129.61539887033842,1,0,468,0.002136752136752137,0.0,1.0,468,14050,9800,4250,0.697508896797153,183,98,85,158.45960042522358,0.4307585927634108,0.8738058787956002,0.10767505095250614,4432182.259624565,32814.365974374385,4464996.625598939,2672,0,1497.3824786324785,92,376,62,34.34171734909487,0.5752314814814814,38.48566308243727,33896.28508988189,368.43788141175963,0
2674,129.30905529097228,0,0,468,0.0,0.0,1.0,468,13400,10300,3100,0.7686567164179104,165,103,62,156.4591868625188,0.43049502568373016,0.8724887659820149,0.10682098644659503,4427077.606011453,31531.392482763018,4458608.998494216,2673,1,1498.3824786324785,96,372,65,34.232773833463256,0.5766782407407407,38.32689003436425,33836.70264470689,352.46565254903015,0
2675,129.6092015201021,0,0,468,0.0,0.0,1.0,468,12400,9200,3200,0.7419354838709677,156,92,64,156.0155453258165,0.43061551349158417,0.8717110154849108,0.10687606864997182,4441153.559105817,32577.79887991584,4473731.357985733,2674,2,1499.3824786324785,101,367,66,34.13061428831498,0.5777911324786325,38.21486928104573,33929.761762318914,335.9382352704843,0
2676,129.2071460702491,0,0,468,0.0,0.0,1.0,468,13400,9300,4100,0.6940298507462687,175,93,82,155.7811206715148,0.43045518082322154,0.8714377481329518,0.10703565912250443,4430752.824985619,31045.52809894672,4461798.353084565,2675,3,1500.3824786324785,104,364,68,34.03540672273149,0.5789485398860399,38.115079365079346,33837.40319407154,325.35964609684174,0
2677,129.590606612492,0,1,467,0.0,0.002136752136752137,0.9978632478632479,468,13750,10700,3050,0.7781818181818182,168,107,61,156.3936464569423,0.4304640458280715,0.8720743579767527,0.10783924072594306,4447912.631765787,31775.055120748348,4479687.686886535,2676,4,1501.3824786324785,108,360,71,33.89938053204943,0.5804843304843305,37.996941896024445,33953.13523402188,314.3808817964989,0
2678,129.93484049427835,0,1,466,0.0,0.0021413276231263384,0.9978586723768736,467,13150,9700,3450,0.7376425855513308,166,97,69,156.48959021277204,0.43013248507350665,0.8726166458348055,0.1084043273366268,4464931.716772156,33193.06693713472,4498124.78370929,2677,5,1505.5374732334046,111,356,67,33.74165543217322,0.5817050321199144,37.84412202380949,34063.182189473315,306.87551522048034,0
2679,130.26930449224258,0,0,466,0.0,0.0,1.0,466,14000,10200,3800,0.7285714285714285,178,102,76,154.8012781249322,0.4299044718261111,0.8717560409025507,0.10768832242830213,4481185.039476775,31538.634325065053,4512723.673801839,2678,6,1509.6158798283261,116,350,68,33.644408426959934,0.5831545064377682,37.70477207977206,34169.01691280209,294.5604906276043,0
2680,130.03815497236337,0,0,466,0.0,0.0,1.0,466,14350,10600,3750,0.7386759581881533,181,106,75,156.06174311036344,0.4297181457381513,0.8733810275650209,0.10883310954308292,4476003.137465212,32156.570360054196,4508159.707825266,2679,7,1510.6158798283261,117,349,58,33.5288955431442,0.5843615879828326,37.62358757062145,34118.94458058402,291.6149109451626,0
2681,129.8403632808656,0,0,466,0.0,0.0,1.0,466,13100,8700,4400,0.6641221374045801,175,87,88,160.655566152755,0.42954951005276354,0.8774530178489468,0.11240133945385047,4472833.651835914,37417.12452855789,4510250.776364472,2680,8,1511.6158798283261,123,343,60,33.29986238238493,0.5856133762517883,37.51680107526881,34080.913903510664,277.0806008415501,0
2682,129.25851709754645,0,0,466,0.0,0.0,1.0,466,13800,10000,3800,0.7246376811594203,176,100,76,154.89824463105148,0.42947144153706523,0.8724113030066096,0.1089435665948139,4458625.421169087,31126.650241296746,4489752.071410384,2681,9,1512.6158798283261,93,373,65,33.27637611453325,0.5871334048640915,37.34485815602841,33950.41414279795,365.05821658922525,0
2683,129.39162381779687,0,0,466,0.0,0.0,1.0,466,12250,9100,3150,0.7428571428571429,154,91,63,159.37799075759247,0.42952037857461506,0.8743306997936078,0.10623179383956662,4402521.175647334,34882.995848485436,4437404.171495819,2682,10,1513.6158798283261,97,369,73,34.97932116371932,0.5685130543633763,39.136904761904766,33753.499486993824,347.97422151540025,8
2684,128.9073414241275,0,0,466,0.0,0.0,1.0,466,13050,9500,3550,0.7279693486590039,166,95,71,156.54796139687903,0.42953383866352857,0.8722383425331346,0.1046534495964394,4389413.280622641,31180.740161972222,4420594.020784613,2683,11,1514.6158798283261,100,366,76,34.95138916334031,0.569943669527897,39.036716171617165,33640.083127626865,336.40083127626866,0
2685,128.8051453920546,1,0,467,0.0021413276231263384,0.0,1.0,467,14150,10400,3750,0.734982332155477,179,104,75,158.49505635219097,0.4295900690187573,0.8731734885447342,0.10635575963990268,4390236.513681965,31616.156727095065,4421852.67040906,2684,0,1512.370449678801,104,363,71,34.770562606074435,0.5714445039257673,38.90873015873017,33629.89897250111,323.36441319712605,0
2686,128.5965339371475,0,0,467,0.0,0.0,1.0,467,12000,8300,3700,0.6916666666666667,157,83,74,158.4424682403061,0.42932067989449596,0.8730734238257665,0.10671716904631216,4387355.540213934,33628.68816785572,4420984.22838179,2685,1,1513.370449678801,107,360,76,34.64400331080999,0.5727159172019985,38.782793209876544,33591.627397953016,313.9404429715235,0
2687,128.2283423472408,1,1,467,0.002136752136752137,0.002136752136752137,0.9978632478632479,468,13950,10300,3650,0.7383512544802867,176,103,73,160.29562576352322,0.4295203517633925,0.8760916647146395,0.10838400395949563,4379166.353842217,32842.2422023409,4412008.596044557,2686,0,1511.1346153846155,112,356,61,34.46299660211865,0.5739405270655271,38.65228613569322,33512.1841250611,299.21592968804555,0
2688,128.41242769282036,0,0,467,0.0,0.0,1.0,467,13050,8800,4250,0.6743295019157088,173,88,85,161.74346438945233,0.42892837121246935,0.8765452110188776,0.10972326908581889,4389166.317857785,35533.793206364586,4424700.11106415,2687,3,1515.370449678801,116,351,63,34.31274900398409,0.5752810492505354,38.54166666666669,33574.49932385238,289.43533899872745,0
2689,127.9535900846399,0,0,467,0.0,0.0,1.0,467,12700,9300,3400,0.7322834645669292,161,93,68,159.74852392222402,0.4289142029145338,0.8747290786348949,0.10865970818840143,4376481.374500867,33727.28790992273,4410208.66241079,2688,4,1516.370449678801,92,375,65,34.27387121179678,0.5765747680228408,38.45206093189962,33465.99778300179,363.7608454674108,0
2690,127.87004616746191,0,0,467,0.0,0.0,1.0,467,14300,10500,3800,0.7342657342657343,181,105,76,159.57195696419743,0.42857129181179604,0.8753698357983017,0.10900467930892402,4378411.268536816,32034.33090290196,4410445.599439719,2689,5,1517.370449678801,93,374,68,34.13309866610208,0.5780692362598144,38.308953900709206,33462.44614632752,359.81124888524215,0
2691,128.1352467505713,0,0,467,0.0,0.0,1.0,467,13100,9500,3600,0.7251908396946565,167,95,72,159.3864244549003,0.4284363100544369,0.8752869703862014,0.10918105838724874,4390604.606431408,33460.55388286269,4424065.16031427,2690,6,1518.370449678801,95,372,70,34.04366658376858,0.5792960385438972,38.216145833333314,33543.738748961165,353.0919868311702,0
2692,127.69438742148543,0,0,467,0.0,0.0,1.0,467,13800,9500,4300,0.6884057971014492,181,95,86,160.3501133294164,0.4282136380206658,0.8752914566270158,0.1104538428336774,4381688.162140492,33320.838674676204,4415009.000815169,2691,7,1519.370449678801,101,366,74,33.83037060138258,0.5807012847965739,38.03104575163396,33451.96513619187,331.20757560586014,0
2693,127.37425513448048,0,0,467,0.0,0.0,1.0,467,12600,9100,3500,0.7222222222222222,161,91,70,161.6908293657004,0.428111396519347,0.8766933285757363,0.11171482836951464,4374052.537749201,35448.836503561804,4409501.374252763,2692,8,1520.370449678801,103,364,72,33.69326867953369,0.5817050321199144,37.93068910256408,33380.88326916722,324.0862453317206,0
2694,126.97866128543255,0,0,467,0.0,0.0,1.0,467,13000,9400,3600,0.7230769230769231,166,94,72,163.48639801621488,0.4280807623616485,0.877491861316583,0.11337281233859041,4364530.11456413,36308.26149267591,4400838.376056806,2693,9,1521.370449678801,107,360,73,33.52216990386499,0.5830879728765168,37.80864197530862,33292.70764258453,311.1468003979863,0
2695,127.19445482329316,0,1,466,0.0,0.0021413276231263384,0.9978586723768736,467,12650,9400,3250,0.7430830039525692,159,94,65,166.74149848818945,0.428066019673256,0.8798702990237042,0.11611545980693252,4376557.06997782,39900.7368134345,4416457.806791254,2694,10,1522.370449678801,109,358,53,33.29633239477293,0.5842255531763026,37.67045454545452,33366.86351813282,306.11801392782405,0
2696,126.88007707199871,0,0,466,0.0,0.0,1.0,466,12850,9000,3850,0.7003891050583657,167,90,77,169.29598025818703,0.4277627793929884,0.8830867031090188,0.11855044289877967,4371813.943443703,41976.105412344165,4413790.048856048,2695,11,1525.3197424892703,86,380,58,33.04380463702019,0.5859263233190272,37.48802681992341,33307.539389411,387.296969644314,0
2697,127.34837201064596,0,0,466,0.0,0.0,1.0,466,12900,9300,3600,0.7209302325581395,165,93,72,169.60303061940658,0.4277507614564586,0.883015298032217,0.1193532024777513,4393354.935366668,42925.26232498474,4436280.197691653,2696,12,1526.3197424892703,89,377,61,32.87136483807006,0.5870663447782547,37.32638888888893,33451.05674515798,375.85457017031433,0
2698,127.706035244697,0,0,466,0.0,0.0,1.0,466,14550,10400,4150,0.7147766323024055,187,104,83,169.78312300619496,0.42746175411878723,0.8829833771183042,0.12004799373569394,4410886.151042656,42028.80518976064,4452914.956232416,2697,13,1527.3197424892703,91,375,66,32.70926671836184,0.5886757868383405,37.17164855072466,33564.76671348705,368.8435902580994,0
2699,128.16535306512048,0,1,465,0.0,0.002145922746781116,0.9978540772532188,466,13150,9000,4150,0.6844106463878327,173,90,83,167.22884857816265,0.4273053286569139,0.8800628684238827,0.11874976216486145,4431445.532458259,41863.10678596878,4473308.639244228,2698,14,1528.3197424892703,97,369,71,32.63473457289142,0.5898605150214593,37.03231292517009,33703.34645866395,347.4571799862263,0
2700,128.11998983575697,0,0,465,0.0,0.0,1.0,465,14150,9800,4350,0.6925795053003534,185,98,87,164.99186439032778,0.4269008388950686,0.8786079806892559,0.11752157176777786,4433231.90975927,39139.43961317651,4472371.349372447,2699,15,1531.7247311827957,100,365,69,32.59236026711625,0.5915770609318997,36.93275577557758,33704.1726561539,337.041726561539,0
2701,128.35695073186167,0,0,465,0.0,0.0,1.0,465,13300,8900,4400,0.6691729323308271,177,89,88,167.9153227843999,0.4266785626004202,0.8802596481675762,0.11994143581871167,4444510.224380938,42960.273789100305,4487470.498170039,2700,16,1532.7247311827957,105,360,68,32.4227550817183,0.5930779569892473,36.8415880503145,33778.2113173012,321.6972506409638,0
2702,127.92024769912265,0,0,465,0.0,0.0,1.0,465,11900,7900,4000,0.6638655462184874,159,79,80,160.84087530897048,0.4264257740081572,0.8751870426521573,0.11596970003065815,4439552.016409294,37912.286459796596,4477464.302869091,2701,17,1533.7247311827957,114,351,61,32.302339040546464,0.5973566308243727,36.53985507246379,33701.88699797745,295.63058770155664,8
2703,127.5533469007061,0,0,465,0.0,0.0,1.0,465,14200,10700,3500,0.7535211267605634,177,107,70,162.19032844705112,0.42614266623408725,0.8765184618585824,0.11737205425487648,4430766.015310176,36525.47905903583,4467291.494369212,2702,18,1534.7247311827957,86,379,65,32.14744026528571,0.5985887096774194,36.42241379310341,33620.203288698634,390.9325963802167,0
2704,127.18558809907049,0,0,465,0.0,0.0,1.0,465,13050,9100,3950,0.6973180076628352,170,91,79,160.05743882661,0.42592096928686196,0.8746752113052167,0.11615510541689004,4421008.817583687,35473.069674459206,4456481.887258146,2703,19,1535.7247311827957,90,375,65,32.1122217880814,0.5996415770609319,36.33241758241755,33534.71653243994,372.60796147155486,0
2705,126.80559354669222,0,0,465,0.0,0.0,1.0,465,12550,8900,3650,0.7091633466135459,162,89,73,158.3960882105984,0.42575411722901985,0.8735887298718878,0.11527138003329694,4410783.328054521,34180.16502166993,4444963.493076191,2704,20,1536.7247311827957,91,374,68,32.06540208914644,0.6008288530465951,36.24320652173908,33445.836748982634,367.53666757123773,0
2706,126.4363638255389,0,0,465,0.0,0.0,1.0,465,13100,9500,3600,0.7251908396946565,167,95,72,156.9944598337964,0.4253601609813373,0.8725580079230328,0.11472672064777266,4402346.3870581435,32128.798607489487,4434475.185665633,2705,21,1537.7247311827957,95,370,69,31.968201754385923,0.6019713261648745,36.111111111111065,33365.15156507224,351.21212173760256,0
2707,126.3370650676248,0,0,465,0.0,0.0,1.0,465,14150,10200,3950,0.7208480565371025,181,102,79,155.26936487313054,0.42529508095414653,0.870703311313926,0.11392529621635518,4403160.738644051,29585.194264712256,4432745.932908763,2706,22,1538.7247311827957,102,363,71,31.883634668913924,0.6033378136200717,35.983009708737846,33355.13168138541,327.0110949155432,0
2708,126.0743917513557,0,1,464,0.0,0.002150537634408602,0.9978494623655914,465,13350,10200,3150,0.7640449438202247,165,102,63,158.5271246952545,0.4250409405512297,0.8729244137274783,0.11668420350460991,4397337.566663564,33069.45615151961,4430407.022815084,2707,23,1539.7247311827957,104,361,70,31.69596464210141,0.604681899641577,35.88293650793649,33298.39813091592,320.1769051049608,0
2709,126.3795776065222,0,1,463,0.0,0.0021551724137931034,0.9978448275862069,464,10550,7200,3350,0.6824644549763034,139,72,67,161.05225943414507,0.4246480971177478,0.8749557086304434,0.11895461437579906,4411634.621725733,38750.74472536525,4450385.366451099,2708,24,1543.9008620689656,107,357,69,31.518107014662004,0.6056034482758621,35.77353395061727,33392.82917178493,312.0825156241582,0
2710,126.83891880219065,0,0,463,0.0,0.0,1.0,463,13100,9400,3700,0.7175572519083969,168,94,74,159.23861470230844,0.42442611084619725,0.8735846809586747,0.1179227639945902,4430426.05837685,35398.98161538668,4465825.0399922365,2709,25,1548.0518358531317,109,354,68,31.48247256159459,0.6063039956803455,35.69128787878786,33524.63127545379,307.56542454544757,0
2711,126.50074596197304,0,0,463,0.0,0.0,1.0,463,12150,8600,3550,0.7078189300411523,157,86,71,159.2477956479851,0.4242030767408737,0.8733363848601787,0.11837842173791474,4422603.056218868,36107.957545778496,4458711.013764647,2710,26,1549.0518358531317,113,350,60,31.361045359779773,0.607563894888409,35.5720029239766,33450.33888334724,296.020698082719,0
2712,126.26996987067932,0,0,463,0.0,0.0,1.0,463,13650,10300,3350,0.7545787545787546,170,103,67,158.86629718720081,0.4240121829214702,0.8737649285485927,0.118450052669628,4417676.090110411,34113.96852165482,4451790.058632066,2711,27,1550.0518358531317,118,345,63,31.275577175507646,0.6088237940964722,35.47794117647059,33401.19239777712,283.0609525235349,0
2713,126.8425296898306,0,0,463,0.0,0.0,1.0,463,13200,9400,3800,0.7121212121212122,170,94,76,159.1671779564217,0.42375778768867317,0.8735510657688097,0.1192646309578046,4442906.722432045,35632.9849866258,4478539.707418671,2712,28,1551.0518358531317,88,375,67,31.11024512838652,0.6102186825053996,35.323033707865186,33572.29595512461,381.503363126416,0
2714,126.63666788949953,0,1,462,0.0,0.0021598272138228943,0.9978401727861771,463,12550,8800,3750,0.701195219123506,163,88,75,159.5618362465326,0.42348177080898464,0.8730157557289362,0.11989697875285722,4438630.192106372,36497.19677435873,4475127.388880731,2713,29,1552.0518358531317,91,372,67,31.01087638271185,0.6116135709143269,35.23550724637681,33528.893137772386,368.44937514035587,0
2715,127.144137482544,0,0,462,0.0,0.0,1.0,462,13350,9700,3650,0.7265917602996255,170,97,73,155.78515571498454,0.42299134042626446,0.8694903820572706,0.11759205083161668,4461165.030135932,33246.65777799372,4494411.687913926,2714,30,1556.2770562770563,96,366,70,30.967667288254678,0.6130050505050505,35.09450171821305,33681.18109342128,350.84563638980495,0
2716,126.69427212046266,0,0,462,0.0,0.0,1.0,462,14250,10300,3950,0.7228070175438597,182,103,79,155.32748731858842,0.4226656086742855,0.8691771210323904,0.11751620429029053,4447767.558595497,31522.111810753795,4479289.670406251,2715,31,1557.2770562770563,97,365,71,30.907569163089867,0.614448051948052,35.023384353741484,33571.01944824617,346.0929840025378,0
2717,127.2519223609538,0,0,462,0.0,0.0,1.0,462,12500,9000,3500,0.72,160,90,70,151.51399989177597,0.4224643005825219,0.8652956451878664,0.11504988892037829,4471144.5024985075,30588.197533533927,4501732.700032041,2716,32,1558.2770562770563,104,358,74,30.894240485011807,0.6155753968253967,34.91071428571426,33733.12120443468,324.3569346580258,0
2718,127.37136168163471,0,0,462,0.0,0.0,1.0,462,12850,9000,3850,0.7003891050583657,167,90,77,153.30830345824424,0.4223629618152395,0.8674239472326546,0.11687048572751003,4479426.823945532,32096.665368886363,4511523.489314418,2717,33,1559.2770562770563,107,355,73,30.72384411632782,0.6167478354978355,34.78973765432095,33780.19224691222,315.70273127955346,0
2719,127.79194532976767,0,0,462,0.0,0.0,1.0,462,11500,7700,3800,0.6695652173913044,153,77,76,153.076377782691,0.4219350109398916,0.8679491263038841,0.11725536484439848,4499215.287908232,33844.71582749817,4533060.00373573,2718,34,1560.2770562770563,112,350,73,30.58033129530556,0.6179879148629148,34.6423303834808,33910.57280846834,302.7729715041816,0
2720,127.89345938364585,0,0,462,0.0,0.0,1.0,462,13100,8700,4400,0.6641221374045801,175,87,88,152.44385842873098,0.421710520137852,0.8666964693087245,0.11731685941169404,4507633.055157634,31932.195061822422,4539565.250219457,2719,35,1561.2770562770563,116,346,62,30.452254004448744,0.6193632756132756,34.49964387464385,33955.759012461385,292.72206045225334,0
2721,127.62011627330483,0,0,462,0.0,0.0,1.0,462,11450,8000,3450,0.6986899563318777,149,80,69,152.09534794309863,0.4215344489205661,0.866692131398014,0.11752822341057644,4502223.340208152,33103.44508929983,4535326.7852974525,2720,36,1562.2770562770563,106,356,68,30.334967320261455,0.6203553391053391,34.37500000000001,33899.093385096676,319.8027677839309,0
2722,127.20652467540098,0,0,462,0.0,0.0,1.0,462,12300,8600,3700,0.6991869918699187,160,86,74,155.85113444523265,0.42135573663502085,0.86982625960962,0.12091968658756046,4491796.588806301,35310.31881253802,4527106.907618839,2721,37,1563.2770562770563,92,370,70,30.110076147124136,0.6214601370851371,34.25179211469535,33804.90596380567,367.444630041366,0
2723,126.9168395612457,0,1,461,0.0,0.0021645021645021645,0.9978354978354979,462,12500,9000,3500,0.72,160,90,70,153.1822688442474,0.4210298092483559,0.8671917256647628,0.11920864713107053,4484656.457514092,32493.970229802828,4517150.427743895,2722,38,1564.2770562770563,96,366,72,30.088029354339195,0.6227678571428572,34.160223367697604,33739.54427983941,351.45358624832716,0
2724,127.38437026480844,0,0,461,0.0,0.0,1.0,461,14400,10800,3600,0.75,180,108,72,153.07509896114183,0.4205881197145462,0.8669593539998182,0.11969023899284623,4506019.567356178,31351.87823877811,4537371.445594956,2723,39,1568.3882863340564,98,363,76,29.94572240463099,0.6242995300072307,34.0172558922559,33882.0443594708,345.7351465252122,0
2725,127.1842918415415,0,0,461,0.0,0.0,1.0,461,13300,9400,3900,0.706766917293233,172,94,78,151.27788535739387,0.4202460388569273,0.8651877456349895,0.11876923339761392,4503104.8693176145,30744.036434590846,4533848.905752205,2724,40,1569.3882863340564,103,358,78,29.868638964167463,0.6256552783803326,33.89423076923078,33844.47381456418,328.5871244132445,0
2726,126.7940175056569,0,0,461,0.0,0.0,1.0,461,13700,9300,4400,0.6788321167883211,181,93,88,166.12471903799033,0.4199503285233739,0.8772670739679114,0.1184949407888935,4388868.195527568,39919.899175359504,4428788.094702928,2725,41,1570.3882863340564,101,360,71,32.5163018164881,0.589547180043384,36.887254901960816,33361.12200792265,330.30813869230343,8
2727,127.02422221807338,0,0,461,0.0,0.0,1.0,461,12000,8700,3300,0.725,153,87,66,166.33750933941207,0.41978370901317236,0.8775836443992568,0.11897092334657071,4399784.47351396,42169.83819090658,4441954.311704867,2726,42,1571.3882863340564,106,355,69,32.421046629185824,0.5905639913232104,36.799065420560765,33432.89400202352,315.40466039644826,0
2728,127.18002998253353,0,0,461,0.0,0.0,1.0,461,12250,8400,3850,0.6857142857142857,161,84,77,167.5323212468837,0.4197485381495803,0.8784519700492541,0.12031152233406071,4409550.250660059,43298.43782957224,4452848.688489631,2727,43,1572.3882863340564,108,353,59,32.25692554285376,0.5917841648590021,36.668577981651396,33490.498147636994,310.0972050707129,0
2729,127.19786170519258,0,1,460,0.0,0.0021691973969631237,0.9978308026030369,461,12800,10000,2800,0.78125,156,100,56,167.98481213182717,0.41973635606274956,0.8794621993744842,0.12096384983357704,4413087.7139338935,43266.34210929345,4456354.056043187,2728,44,1573.3882863340564,109,352,61,32.15640765239488,0.5927783803326103,36.58143939393942,33506.2776425509,307.3970425922101,0
2730,126.94106460719944,0,2,458,0.0,0.004347826086956522,0.9956521739130435,460,11350,7800,3550,0.6872246696035242,149,78,71,154.54325819319794,0.4196437592750466,0.8659751148915757,0.110459979214271,4396169.397910364,32529.668464461356,4428699.066374825,2729,45,1576.341304347826,111,349,76,32.75380340672161,0.5937952898550725,36.82105654761909,33408.21526404371,300.9749122886821,7
2731,127.2625465691859,0,0,458,0.0,0.0,1.0,458,12700,9600,3100,0.7559055118110236,158,96,62,152.98820796712403,0.41937143862733667,0.8646073033352291,0.10987948074053343,4412535.4830448255,30713.179228477362,4443248.662273303,2730,46,1583.0065502183406,115,343,58,32.636153736857096,0.5952056040756915,36.66487068965521,33512.69915716091,291.4147752796601,0
2732,127.66240210348718,0,0,458,0.0,0.0,1.0,458,13350,9600,3750,0.7191011235955056,171,96,75,153.74081288167318,0.4191858053121586,0.8662883362271281,0.11080218309536854,4430133.6595107075,31268.469997529668,4461402.129508237,2731,47,1584.0065502183406,119,339,62,32.503576449526086,0.5964565138282387,36.55381944444448,33632.172234711754,282.6232960900147,0
2733,127.87840755180616,0,1,457,0.0,0.002183406113537118,0.9978165938864629,458,11150,7600,3550,0.6816143497757847,147,76,71,152.53576859132338,0.41897986679789395,0.864355261338847,0.11033555462825993,4441570.745147312,32749.68147275669,4474320.426620069,2732,48,1585.0065502183406,96,362,66,32.416574990832444,0.59757096069869,36.4368556701031,33704.03518625414,351.083699856814,0
2734,127.81089809952348,0,1,456,0.0,0.002188183807439825,0.9978118161925602,457,12250,8700,3550,0.710204081632653,158,87,71,149.90718834200567,0.4187046927585192,0.8619513874583495,0.10895168377584105,4444352.238405072,29598.069612161627,4473950.308017233,2733,49,1587.9562363238513,101,356,68,32.331440640772435,0.5988101750547046,36.284722222222236,33705.686495343274,333.7196682707255,0
2735,127.76629140012334,0,0,456,0.0,0.0,1.0,456,11600,8100,3500,0.6982758620689655,151,81,70,151.40165618464732,0.41851051908617704,0.8624385872562292,0.11050160394859793,4447314.860113277,31866.16707914992,4479181.027192427,2734,50,1591.9429824561403,104,352,71,32.156072968366196,0.600123355263158,36.15079365079367,33711.03458410425,324.1445633086947,0
2736,128.24292642627842,0,0,456,0.0,0.0,1.0,456,11800,7600,4200,0.6440677966101694,160,76,84,152.54213165728694,0.41835869722382885,0.8636885463381803,0.11158708011951074,4466346.758697848,33261.211058477784,4499607.969756326,2735,51,1592.9429824561403,106,350,71,32.05274806344523,0.6012198464912281,36.078660436137085,33846.044932013494,319.30231067937257,0
2737,128.7258779308011,0,0,456,0.0,0.0,1.0,456,11550,8200,3350,0.70995670995671,149,82,67,150.29300289808435,0.4183150183150183,0.8619690545721561,0.11030058472759974,4486676.151356213,32113.206363709956,4518789.357719922,2736,52,1593.9429824561403,109,347,75,32.00727347177889,0.6022934941520468,35.9753787878788,33986.80116087774,311.8055152374104,0
2738,128.51598405284665,0,0,456,0.0,0.0,1.0,456,13150,10300,2850,0.7832699619771863,160,103,57,150.5748972073222,0.4183645210783369,0.8626457008422819,0.11080564335388468,4482252.751192391,30632.949453606503,4512885.700645997,2737,53,1594.9429824561403,109,347,71,31.913320186446814,0.603641264619883,35.89015151515152,33942.33707607863,311.39758785393235,0
2739,128.9628843454822,0,0,456,0.0,0.0,1.0,456,12650,9100,3550,0.7193675889328063,162,91,71,153.92625254455137,0.41810194556905084,0.8652297232292656,0.11373728897381695,4502246.519869003,34752.78696703703,4536999.306836041,2738,54,1595.9429824561403,111,345,70,31.69345353325592,0.6050804093567251,35.7607886904762,34077.05084765163,307.00045808695165,0
2740,128.86796839891326,0,0,456,0.0,0.0,1.0,456,11650,7700,3950,0.6609442060085837,156,77,79,155.10934798597754,0.41790363328192276,0.8660723732302225,0.11500790679935997,4502632.199453336,36830.06893557621,4539462.268388912,2739,55,1596.9429824561403,114,342,76,31.551892018457597,0.606108369883041,35.6521739130435,34065.96729849564,298.82427454820737,0
2741,128.63795475392118,0,0,456,0.0,0.0,1.0,456,12500,9200,3300,0.736,158,92,66,163.38641395726242,0.4177741027247606,0.8751006044002814,0.11396830782803409,4428072.125298191,40997.36505931537,4469069.490357506,2740,56,1597.9429824561403,107,349,59,33.32873842082042,0.585046600877193,37.61574074074072,33752.574470733445,315.4446212218079,8
2742,128.66309269414222,0,0,456,0.0,0.0,1.0,456,12700,9200,3500,0.7244094488188977,162,92,70,163.76921138825875,0.41763141828931305,0.8763923698134222,0.11463844797178144,4432845.6154778795,41292.72613054283,4474138.341608423,2741,57,1598.9429824561403,101,355,62,33.201058201058196,0.5864857456140351,37.50000000000001,33774.061832212414,334.3966518040833,0
2743,128.93324831289556,1,1,456,0.002188183807439825,0.002188183807439825,0.9978118161925602,457,13350,9500,3850,0.7116104868913857,172,95,77,162.15427537009322,0.4177375651016673,0.8753517303037457,0.11394503950432078,4446415.958663741,39451.07155422836,4485867.03021797,2742,0,1596.4420131291029,90,367,63,33.115492742884555,0.5879604303428154,37.37408424908427,33861.21240891465,376.235693432385,0
2744,129.27192298491346,0,0,456,0.0,0.0,1.0,456,13000,9900,3100,0.7615384615384615,161,99,62,161.46299927337662,0.4175683600025705,0.8744019648763761,0.11372231786660056,4460665.856917728,39846.497602857264,4500512.354520585,2743,1,1600.5964912280701,92,364,64,33.05672806344332,0.5891355994152047,37.29838709677421,33959.942671238576,369.12981164389754,0
2745,129.64896692001804,0,0,456,0.0,0.0,1.0,456,9600,6000,3600,0.625,132,60,72,159.16279700258966,0.41728781087333716,0.8725061778277481,0.1124650329763587,4477266.856946598,41722.863175723774,4518989.7201223215,2744,2,1601.5964912280701,94,362,69,33.01007245772145,0.590140716374269,37.19298245614037,34072.65832389267,362.47508855204967,0
2746,129.38413451051107,0,0,456,0.0,0.0,1.0,456,10850,7800,3050,0.7188940092165899,139,78,61,158.38573278136874,0.4170703200308463,0.8717160989431825,0.11234462323229216,4472351.490104996,39621.333603226725,4511972.823708222,2745,3,1602.5964912280701,98,358,70,32.90414449024238,0.5910544590643274,37.06860269360271,34019.1512761278,347.13419669518163,0
2747,129.5224707141911,0,0,456,0.0,0.0,1.0,456,12800,9100,3700,0.7109375,165,91,74,157.7896326493484,0.41683445392326973,0.8711774365553628,0.1122831889350731,4480696.401354148,37401.48783658619,4518097.889190734,2746,4,1603.5964912280701,102,354,72,32.813561331334036,0.5924022295321638,36.96399676375406,34069.07302594472,334.0105198622032,0
2748,129.24766513536755,0,0,456,0.0,0.0,1.0,456,13650,9700,3950,0.7106227106227107,176,97,79,157.09303054141805,0.4167814367649894,0.8714646113965632,0.11233633693433576,4476577.900200015,35797.837759432914,4512375.737959448,2747,5,1604.5964912280701,104,352,67,32.67095426561126,0.5937271564327485,36.80555555555558,34017.26742104498,327.08910981774017,0
2749,128.97572217517114,0,0,456,0.0,0.0,1.0,456,11000,7300,3700,0.6636363636363637,147,73,74,170.54116293547222,0.4167772194910353,0.879847276998659,0.11434196429879036,4395081.753521082,47708.47068839137,4442790.2242094735,2748,6,1605.5964912280701,99,357,67,34.48530976511584,0.5714318347953216,38.937499999999986,33670.72447035543,340.1083279833882,7
2750,129.03122645470017,1,0,457,0.002188183807439825,0.0,1.0,457,13850,10100,3750,0.7292418772563177,176,101,75,171.70463288957316,0.41705455743662584,0.8804251347355061,0.11570150205585601,4402695.15369447,45942.631017962434,4448637.784712433,2749,0,1603.0809628008753,105,352,65,34.28220886782277,0.5732129832239241,38.76768867924528,33707.12551931304,321.0202430410766,0
2751,128.6776781340175,2,1,458,0.004357298474945534,0.002178649237472767,0.9978213507625272,459,12400,8200,4200,0.6612903225806451,166,82,84,175.67738906163726,0.41765669149755974,0.8833424253090014,0.11897260765048175,4396303.730576876,50266.23218193593,4446569.962758811,2750,0,1597.0915032679738,108,351,58,34.00678170584581,0.5747775962236746,38.599006116207946,33636.472954890814,311.4488236563964,0
2752,128.71347212613065,0,0,458,0.0,0.0,1.0,458,14750,10700,4050,0.7254237288135593,188,107,81,175.1304298566857,0.41773886080666583,0.8850801467286664,0.11339810248200656,4346051.303082708,45875.16657761715,4391926.469660325,2751,1,1601.5764192139738,88,370,69,35.58237250221442,0.5591339155749636,40.13342696629214,33448.32890468735,380.0946466441744,8
2753,129.0036307179427,0,1,457,0.0,0.002183406113537118,0.9978165938864629,458,13050,8300,4750,0.6360153256704981,178,83,95,174.4203664521095,0.4175849792488828,0.8849266270602449,0.11360074301967862,4362652.261549766,47537.081232527256,4410189.342782293,2752,2,1602.5764192139738,92,366,59,35.39441477525595,0.5606350072780204,39.930555555555564,33549.90257213171,364.67285404490985,0
2754,129.14157505389258,1,0,458,0.002183406113537118,0.0,1.0,458,12650,8400,4250,0.6640316205533597,169,84,85,174.992390747148,0.41796769243754756,0.8851446328167358,0.11441810164236639,4371840.3362554135,48757.758481230805,4420598.094736644,2753,0,1603.061135371179,97,361,68,35.24254493464054,0.5621588427947598,39.79591836734695,33603.16493749259,346.4243807988927,0
2755,129.06974815426778,0,0,458,0.0,0.0,1.0,458,12150,8600,3550,0.7078189300411523,157,86,71,173.18662864722359,0.4179075731226052,0.8837346524231284,0.1135334565576249,4372433.109780572,47699.389853679175,4420132.499634252,2754,1,1604.061135371179,101,357,55,35.1979362837414,0.5635234716157205,39.70588235294119,33596.09621074339,332.63461594795433,0
2756,128.58604931401362,0,0,458,0.0,0.0,1.0,458,14050,9900,4150,0.7046263345195729,182,99,83,177.73706194615744,0.41773886080666583,0.8863985930914251,0.11697500071185189,4360570.049666948,49356.981807641634,4409927.031474589,2755,2,1605.061135371179,82,376,58,34.941990747433834,0.5650018195050945,39.570783132530096,33487.564122930205,408.3849283284171,0
2757,128.35404625173965,1,0,459,0.002178649237472767,0.0,1.0,459,12950,9500,3450,0.7335907335907336,164,95,69,174.7447706518131,0.4180731163563598,0.8846313025102828,0.11544613536504911,4357086.770754844,47525.62569311939,4404612.396447963,2756,0,1602.562091503268,86,373,59,34.8864994026284,0.5665168845315904,39.43965517241376,33443.97455136886,388.883425015917,0
2758,128.60261734598836,0,0,459,0.0,0.0,1.0,459,10900,7600,3300,0.6972477064220184,142,76,66,175.0266347352442,0.41816726286180006,0.8855408947278987,0.11618856710905553,4371024.806970786,50309.152461672275,4421333.9594324585,2757,1,1603.562091503268,87,372,63,34.712196192378684,0.5677196804647785,39.27556818181816,33529.844337863615,385.4005096306163,0
2759,128.9029287316337,0,0,459,0.0,0.0,1.0,459,12350,8800,3550,0.7125506072874493,159,88,71,175.1210391170715,0.41794170765508204,0.885877065678983,0.11655905721878101,4384263.110734813,49405.34234290327,4433668.453077716,2758,2,1604.562091503268,88,371,64,34.61798076347752,0.5689678649237473,39.18539325842694,33619.766664977775,382.04280301111106,0
2760,128.98544534734103,0,0,459,0.0,0.0,1.0,459,11550,7700,3850,0.6666666666666666,154,77,77,177.7117458111563,0.4179363561695097,0.887621247889923,0.1185902360590601,4390036.365172945,52682.205325867886,4442718.570498813,2759,3,1605.562091503268,89,370,65,34.46067340963534,0.5701252723311547,39.09722222222219,33652.6609840247,378.1197863373561,0
2761,129.07947032104428,0,0,459,0.0,0.0,1.0,459,13800,10200,3600,0.7391304347826086,174,102,72,175.56382692582974,0.41803109728445803,0.8862254680143489,0.11766697184284446,4398204.631897744,48833.127355774384,4447037.759253518,2760,4,1606.562091503268,96,363,64,34.366644041301555,0.5714642338416849,38.94974226804122,33696.228995213125,351.00238536680337,0
2762,128.7268194502129,0,0,459,0.0,0.0,1.0,459,12650,9700,2950,0.766798418972332,156,97,59,175.96763556180113,0.4180951169081574,0.8867531648086409,0.11825997148682217,4389294.755327778,50024.763975768765,4439319.519303546,2761,5,1607.562091503268,98,361,62,34.26205729481448,0.5725989469862018,38.85732323232323,33616.06620301801,343.02108370426544,0
2763,128.67543510263658,1,1,459,0.002173913043478261,0.002173913043478261,0.9978260869565218,460,13250,9900,3350,0.7471698113207547,166,99,67,176.96577226379864,0.4185722940544978,0.8876689249466014,0.11950443955961522,4393003.794979705,50232.261827276576,4443236.056806982,2762,0,1605.0652173913043,101,359,55,34.070646226599436,0.574026268115942,38.69485294117647,33623.55349235258,332.90647022131265,0
2764,128.1561961765585,0,0,459,0.0,0.0,1.0,459,13500,10000,3500,0.7407407407407407,170,100,70,180.0765109144022,0.4182138406065969,0.890104257965427,0.12201445832985211,4379065.920408226,52413.3824022558,4431479.302810482,2763,7,1609.562091503268,103,356,57,33.874201787994906,0.5753676470588236,38.581730769230774,33502.370995674886,325.2657378220863,0
2765,128.39000440602481,0,0,459,0.0,0.0,1.0,459,11800,8100,3700,0.6864406779661016,155,81,74,181.1636722347699,0.41805131400773154,0.8907868657028672,0.12294703149415909,4388854.017671015,55420.182148721855,4444274.199819737,2764,8,1610.562091503268,76,383,57,33.79121826710819,0.5767746913580247,38.52813852813855,33570.37344642399,441.71544008452616,0
2766,127.91799255353294,1,0,460,0.002173913043478261,0.0,1.0,460,12800,9600,3200,0.75,160,96,64,177.61769503025965,0.41812797985538824,0.8883562786294947,0.12139828890416358,4380665.326496754,50816.735598268046,4431482.062095022,2765,0,1608.0586956521738,82,378,60,33.6422417238127,0.5782608695652174,38.290662650602435,33477.333066250554,408.26015934451897,0
2767,128.16522055692116,0,0,460,0.0,0.0,1.0,460,13550,8900,4650,0.6568265682656826,182,89,93,182.42057629065707,0.41818343279340725,0.8912302620199264,0.12515095307964477,4393342.471254768,54737.2130897038,4448079.684344471,2766,1,1609.0586956521738,82,378,61,33.3887544137149,0.5795742753623188,38.1651606425703,33558.11993573119,409.2453650698926,0
2768,128.6412756602382,0,0,460,0.0,0.0,1.0,460,13200,9900,3300,0.75,165,99,66,186.28709726539225,0.418023290233968,0.892269239711696,0.12829006613375885,4413918.476696765,59251.212117984505,4473169.68881475,2767,2,1610.0586956521738,86,374,62,33.158793820558536,0.5808650362318841,38.03879310344828,33699.02382866802,391.8491142868374,0
2769,128.97850739988957,0,0,460,0.0,0.0,1.0,460,11650,8500,3150,0.7296137339055794,148,85,63,184.53628189869357,0.41794997789776134,0.8907286764913085,0.12745724394345756,4428774.833528048,59803.92822915448,4488578.761757202,2768,3,1611.0586956521738,91,369,61,33.105647368042085,0.5819746376811594,37.94157608695652,33799.904367871866,371.4275205260645,0
2770,128.70434799190815,0,1,459,0.0,0.002173913043478261,0.9978260869565218,460,12650,9000,3650,0.7114624505928854,163,90,73,188.3207491213405,0.41809354377821983,0.8920677644636694,0.13055423265393393,4423500.289509388,61957.37765177418,4485457.667161162,2769,4,1612.0586956521738,97,363,62,32.881463012513855,0.5830842391304347,37.8188775510204,33743.850420582436,347.87474660394264,0
2771,128.96994521309023,0,0,459,0.0,0.0,1.0,459,13650,10500,3150,0.7692307692307693,168,105,63,187.61190996130824,0.41803030447178063,0.8917404479003752,0.13033436658901457,4434958.02132592,60960.18899583563,4495918.210321755,2770,5,1616.5119825708061,99,360,60,32.82987766126467,0.5841503267973855,37.74999999999999,33822.36813213285,341.64008214275606,0
2772,128.54885316827256,0,0,459,0.0,0.0,1.0,459,13000,9400,3600,0.7230769230769231,166,94,72,184.89663850324868,0.41797698781922604,0.8896031595974876,0.1288429935498914,4423889.6905467585,58792.46657825318,4482682.157125012,2771,6,1617.5119825708061,104,355,52,32.798024201172225,0.5855573710965868,37.648809523809504,33724.944663045055,324.2783140677409,0
2773,128.89010887867192,0,0,459,0.0,0.0,1.0,459,14600,11200,3400,0.7671232876712328,180,112,68,185.83166999453988,0.417872732952149,0.890174146512295,0.1298946969457406,4439065.204704525,58583.78004097705,4497648.984745502,2772,7,1618.5119825708061,109,350,54,32.67014703229296,0.587032498184459,37.547348484848456,33827.55082928362,310.3445030209506,0
2774,128.87572826519326,0,0,459,0.0,0.0,1.0,459,14250,10100,4150,0.7087719298245614,184,101,83,182.68146315537402,0.41773002667021847,0.8870077298357135,0.12852573454082938,4445779.622286618,56382.3052531337,4502161.927539752,2773,8,1619.5119825708061,87,372,58,32.53586450353015,0.5885530137981119,37.33428030303031,33851.23591624817,389.094665704002,0
2775,128.3637490389353,0,0,459,0.0,0.0,1.0,459,13500,10300,3200,0.762962962962963,167,103,64,182.9575638491754,0.4177437026889035,0.8872555187923916,0.12924122310305786,4432566.394044907,56894.30981083631,4489460.703855743,2774,9,1620.5119825708061,90,369,60,32.39429973574935,0.5898011982570806,37.20238095238096,33733.68761945841,374.8187513273157,0
2776,128.2452430366664,1,0,460,0.002173913043478261,0.0,1.0,460,12900,8900,4000,0.689922480620155,169,89,80,173.26368926807623,0.4176285087303843,0.8827071074028885,0.12417471908929116,4444271.608532522,49106.179000744974,4493377.7875332665,2775,0,1617.986956521739,101,359,67,32.17262597463052,0.59375,36.73406862745102,33762.60335214746,334.2832015064105,7
2777,128.1876936042677,0,0,460,0.0,0.0,1.0,460,13200,10000,3200,0.7575757575757576,164,100,64,174.3612060736252,0.4173641699030659,0.8835893828193329,0.1254494291687605,4446513.406063883,49859.88806077086,4496373.294124654,2776,1,1618.986956521739,103,357,54,32.01604904234965,0.5953125,36.608573717948765,33763.53945023525,327.8013538857791,0
2778,128.24472255047087,0,1,459,0.0,0.002173913043478261,0.9978260869565218,460,12600,9700,2900,0.7698412698412699,155,97,58,177.20637892737915,0.41732262953490573,0.885658854394684,0.1279378525729351,4452239.518264851,53193.04862982113,4505432.566894672,2777,2,1619.986956521739,105,355,58,31.828211630740142,0.5966032608695653,36.497641509434,33792.78685601785,321.83606529540805,0
2779,128.0239606113803,0,0,459,0.0,0.0,1.0,459,12100,8300,3800,0.6859504132231405,159,83,76,177.6663897251332,0.41710489387409505,0.8858075146490332,0.12906905381854814,4451278.3408039175,54268.51049446172,4505546.851298379,2778,13,1624.5119825708061,84,375,63,31.613939492517897,0.597676107480029,36.29901960784312,33760.04392690767,401.9052848441389,0
2780,127.70053688780243,0,0,459,0.0,0.0,1.0,459,12950,9300,3650,0.7181467181467182,166,93,73,178.72097147813622,0.4169978641626471,0.8862898089738536,0.13080096597822086,4447977.286721866,54239.36435912239,4502216.651080988,2779,14,1625.5119825708061,86,373,69,31.346114589003808,0.5991285403050108,36.06321839080458,33704.8687159327,391.91707809224073,0
2781,127.25418244794979,0,0,459,0.0,0.0,1.0,459,13200,10400,2800,0.7878787878787878,160,104,56,175.20200226417242,0.41682939146870135,0.8846651918382282,0.1290935027456771,4439603.889374494,50565.49813564314,4490169.387510137,2780,15,1626.5119825708061,88,371,68,31.221753289910936,0.6006717501815542,35.84971910112358,33614.22803918266,381.9798640816211,0
2782,126.9013399394884,0,0,459,0.0,0.0,1.0,459,13400,9600,3800,0.7164179104477612,172,96,76,177.73696271541516,0.4167342539474143,0.8866159702773342,0.1315388770990232,4431943.557072085,52344.03735202783,4484287.594424113,2781,16,1627.5119825708061,91,368,66,31.013659212292566,0.6018291575889615,35.71105072463766,33538.621794242696,368.55628345321645,0
2783,127.30849295248585,0,0,459,0.0,0.0,1.0,459,14650,10900,3750,0.7440273037542662,184,109,75,174.80850823637405,0.4164759952177539,0.8844692356984629,0.12992863039725808,4450704.659837439,49154.208437370544,4499858.868274809,2782,17,1628.5119825708061,97,362,54,30.953750787206385,0.6032135076252723,35.57610544217684,33663.407516783074,347.0454383173513,0
2784,127.09528352605412,0,0,459,0.0,0.0,1.0,459,13750,10300,3450,0.7490909090909091,172,103,69,178.66891299939027,0.41601041597295557,0.8874420042852287,0.1331652394421333,4446159.085531433,53328.08216685158,4499487.167698285,2783,18,1629.5119825708061,99,360,55,30.763604471048424,0.6046205519244735,35.48958333333331,33618.02640184441,339.5760242610546,0
2785,127.06660921149742,0,0,459,0.0,0.0,1.0,459,13350,9200,4150,0.6891385767790262,175,92,83,178.20965027735403,0.4158330241363892,0.88799633831923,0.13329770896972398,4448904.225755769,53417.53323787529,4502321.758993644,2784,19,1630.5119825708061,80,379,60,30.662268552267108,0.6062091503267975,35.37808641975308,33624.60928169981,420.30761602124767,0
2786,126.87032896453525,0,0,459,0.0,0.0,1.0,459,11450,8300,3150,0.7248908296943232,146,83,63,177.9773122334322,0.4156510736269277,0.8880139600400967,0.13398142224180007,4448744.810839543,55105.1288491302,4503849.939688673,2785,20,1631.5119825708061,82,377,64,30.464985861649513,0.6073892519970951,35.178212851405625,33598.027252518346,409.7320396648579,0
2787,127.32571611243404,0,0,459,0.0,0.0,1.0,459,12400,8500,3900,0.6854838709677419,163,85,78,170.71850484954058,0.41545168123856363,0.8790968734502613,0.12150461342899224,4404891.617055385,46199.30217759589,4451090.919232981,2786,21,1632.5119825708061,99,360,73,32.467725328686846,0.5947712418300654,36.958333333333364,33491.968575741885,338.30271288628165,8
2788,127.68277866162121,0,0,459,0.0,0.0,1.0,459,12300,8700,3600,0.7073170731707317,159,87,72,173.05566832278888,0.41511751069504305,0.8795590956038917,0.12356128135294805,4420710.250465902,48905.793371157735,4469616.043837059,2787,22,1633.5119825708061,104,355,69,32.301288092994035,0.5959513435003632,36.855158730158756,33599.06452380493,323.06792811350897,0
2789,127.41423017125857,1,0,460,0.002173913043478261,0.0,1.0,460,12950,9600,3350,0.7413127413127413,163,96,67,174.30934938534568,0.4152931704082599,0.8808809558863417,0.12497441341696611,4415908.452760578,48996.82586918956,4464905.278629768,2788,0,1630.958695652174,110,350,71,32.131898651458464,0.597463768115942,36.721096096096105,33545.478861248776,304.95889873862524,0
2790,127.29375050911345,0,1,459,0.0,0.002173913043478261,0.9978260869565218,460,13950,9700,4250,0.6953405017921147,182,97,85,171.80090923776388,0.41494308673549934,0.8793595200589868,0.12360799925071547,4415510.427369314,45767.7412341753,4461278.168603489,2789,1,1631.958695652174,117,343,52,32.08331238618718,0.5990036231884057,36.60840395480226,33528.104113174646,286.5649924202961,0
2791,127.26694123339374,0,0,459,0.0,0.0,1.0,459,12800,9200,3600,0.71875,164,92,72,173.90252709229952,0.41446879172176715,0.8809476457011824,0.12547248266404645,4417608.04383936,49046.640505386844,4466654.684344746,2790,25,1636.5119825708061,121,338,54,31.93608428659386,0.6000590050835148,36.518101092896174,33532.53534427336,277.1283912749865,0
2792,127.76477208058236,0,0,459,0.0,0.0,1.0,459,12850,9400,3450,0.7315175097276264,163,94,69,171.4998878026884,0.41440338467588234,0.8795031320948699,0.12418938998240621,4438807.077210932,47600.98314388921,4486408.060354821,2791,26,1637.5119825708061,91,368,57,31.881013487393133,0.601261801016703,36.40172101449273,33678.57403541682,370.0942201694156,0
2793,128.2555212855281,0,0,459,0.0,0.0,1.0,459,12750,9000,3750,0.7058823529411765,165,90,75,158.6985579788506,0.4143338153634412,0.8697786189485754,0.11083146757021906,4416237.791352111,35620.11383585613,4451857.905187967,2792,27,1638.5119825708061,122,337,55,33.41159195791782,0.5920252360203341,37.57621951219511,33657.29876418222,275.87949806706735,8
2794,127.91860225769713,0,0,459,0.0,0.0,1.0,459,14200,10600,3600,0.7464788732394366,178,106,72,141.9082452726916,0.4143413470838764,0.8591276449918435,0.09237397655824166,4325316.9915628955,16759.628904171434,4342076.620467067,2793,28,1639.5119825708061,107,352,73,36.259519570753945,0.5646105664488017,39.949845679012384,33265.25225763972,310.89020801532445,8
2795,128.02197546955375,0,2,457,0.0,0.004357298474945534,0.9956427015250545,459,12700,9000,3700,0.7086614173228346,164,90,74,141.12493107283433,0.4143685009180771,0.8583354548792765,0.0920831794909934,4331556.774649229,17758.130252090385,4349314.904901319,2794,29,1640.5119825708061,109,350,80,36.19630506006559,0.5659041394335512,39.867424242424285,33302.68623246878,305.5292314905393,0
2796,127.90080256240988,0,0,457,0.0,0.0,1.0,457,11800,8300,3500,0.7033898305084746,153,83,70,142.95807214283468,0.41437791118021167,0.8601595516175871,0.09366742572363743,4332226.86072741,20665.360019000687,4352892.22074641,2795,30,1647.875273522976,110,347,63,36.003244997295866,0.5673778264040846,39.724099099099135,33289.496612879964,302.6317873898179,0
2797,127.84213982016885,0,0,457,0.0,0.0,1.0,457,11500,8200,3300,0.7130434782608696,148,82,66,142.42404762664472,0.41446428685682113,0.8601164661535603,0.09362597981072901,4334020.355679993,20553.744310443897,4354574.099990437,2796,31,1648.875273522976,114,343,67,35.90193469463477,0.5686998541210795,39.61050724637683,33288.74994031177,292.00657842378746,0
2798,127.3608590183349,0,0,457,0.0,0.0,1.0,457,11600,8700,2900,0.75,145,87,58,141.13620891064016,0.4144610877576875,0.8591351723631084,0.09312011073334889,4321879.185391737,18994.728719198887,4340873.914110936,2797,32,1649.875273522976,94,363,71,35.807834224223804,0.5698395331874544,39.484649122807014,33179.45887518216,352.972966757257,0
2799,127.02111287531679,1,0,458,0.002183406113537118,0.0,1.0,458,13250,9800,3450,0.7396226415094339,167,98,69,139.88809890140803,0.4147124903251698,0.8580832313093087,0.09286373959276376,4317287.661578652,15937.43267774821,4333225.094256401,2798,0,1647.2707423580787,97,361,77,35.62785376493133,0.5712108806404658,39.27508503401359,33117.568853301775,341.4182356010492,0
2800,127.11678952471276,1,0,459,0.002178649237472767,0.0,1.0,459,12450,7900,4550,0.6345381526104418,170,79,91,139.62651950742884,0.4147248702165647,0.8582320648621267,0.0930585917760578,4325022.732568979,16527.574187823102,4341550.306756802,2799,0,1644.6797385620914,100,359,79,35.497552023616535,0.5726443355119826,39.13985148514851,33159.704594147646,331.59704594147644,0
2801,127.3616743951166,0,0,459,0.0,0.0,1.0,459,12900,9900,3000,0.7674418604651163,159,99,60,140.9990258363509,0.414570073541304,0.8591799185598645,0.09445538701076737,4339130.950084341,17662.647387650522,4356793.597471992,2800,1,1645.6797385620914,107,352,75,35.285496107990966,0.574005991285403,38.96604938271605,33245.72102458945,310.7076731270042,0
2802,127.29008136107839,0,0,459,0.0,0.0,1.0,459,11050,7600,3450,0.6877828054298643,145,76,69,141.29766237619558,0.4144995132130161,0.859131266817148,0.09498436825140485,4340595.648647674,19813.20369484024,4360408.852342514,2801,2,1646.6797385620914,111,348,75,35.15857788145356,0.5752087872185911,38.8485863095238,33241.984696221225,299.4773396055966,0
2803,126.86377549474024,0,0,459,0.0,0.0,1.0,459,12350,9400,2950,0.7611336032388664,153,94,59,145.69898373250064,0.41453677540885353,0.863797963256695,0.09827721259408793,4329870.5860272795,22021.54881548399,4351892.134842764,2802,3,1647.6797385620914,113,346,60,34.92692704508095,0.5765704429920115,38.733552631578945,33145.24792325572,293.32077808190905,0
2804,126.94616043744502,0,0,459,0.0,0.0,1.0,459,11250,6900,4350,0.6133333333333333,156,69,87,143.0504584739463,0.41433639200464273,0.8614507086691963,0.09675769448952387,4335771.00709178,20996.80608050476,4356767.8131722845,2803,4,1648.6797385620914,115,344,63,34.90168499112405,0.5776824618736384,38.64044540229885,33178.591949818976,288.5094952158172,0
2805,127.38757811029902,0,1,458,0.0,0.002178649237472767,0.9978213507625272,459,13300,9800,3500,0.7368421052631579,168,98,70,147.18664649402,0.41439228529839883,0.8652192964458163,0.09994929728842655,4355268.133273302,23107.46222375361,4378375.595497055,2804,5,1649.6797385620914,91,368,66,34.65888179259583,0.5789760348583878,38.50769927536231,33310.870883801515,366.05352619562103,0
2806,127.62226595913762,0,1,457,0.0,0.002183406113537118,0.9978165938864629,458,13700,10100,3600,0.7372262773722628,173,101,72,145.39919929556376,0.4141507131504432,0.8622101207708315,0.09925700486635591,4369183.099370513,21755.14484483521,4390938.244215349,2805,7,1654.2707423580787,98,360,69,34.52658597718713,0.5803538937409025,38.331228956228934,33394.761491348545,340.7628723606994,0
2807,127.6890564287578,0,0,457,0.0,0.0,1.0,457,12000,8300,3700,0.6916666666666667,157,83,74,147.19440820247084,0.413829065735089,0.8640370445981211,0.10094765211921088,4376621.556636316,25442.843991050937,4402064.400627366,2806,8,1658.1378555798688,99,358,72,34.32319640607387,0.5816238147337709,38.177083333333314,33431.92118059171,337.6961735413304,0
2808,127.21732185642756,1,0,458,0.002183406113537118,0.0,1.0,458,13600,10400,3200,0.7647058823529411,168,104,64,146.25212497758724,0.41406043464273995,0.8640903943917178,0.10089784271443795,4367020.109631054,22537.194170679042,4389557.303801733,2807,0,1655.5152838427948,101,357,71,34.14788524249391,0.5830149199417758,37.97998366013071,33333.48475153547,330.0345024904502,0
2809,126.92830136294448,1,1,458,0.002178649237472767,0.002178649237472767,0.9978213507625272,459,11600,8200,3400,0.7068965517241379,150,82,68,146.96469460165244,0.4140190687305166,0.8642189585365743,0.1018263411666447,4361836.240079756,24807.18618514661,4386643.426264903,2808,0,1652.9063180827886,107,352,72,33.98471511963015,0.584173021060276,37.8375771604938,33275.83101221214,310.9890748804873,0
2810,126.59234617934204,0,1,457,0.0,0.002183406113537118,0.9978165938864629,458,9900,6500,3400,0.6565656565656566,133,65,68,147.98329189422816,0.41375824550339374,0.8644907908865476,0.10296940482289098,4354955.583526859,27392.13266068941,4382347.716187549,2809,1,1657.1703056768558,110,348,58,33.815426997245176,0.5856077147016012,37.69707207207205,33205.54305610691,301.8685732373355,0
2811,126.44713356073812,0,2,455,0.0,0.00437636761487965,0.9956236323851203,457,10850,7500,3350,0.6912442396313364,142,75,67,161.07158412750547,0.41372289563258985,0.8727981070157262,0.1111315479823569,4340679.696222673,37582.03097213447,4378261.7271948075,2810,2,1659.800875273523,106,351,69,33.75657935475877,0.5848149161196208,37.97702492211834,33132.054125654315,312.5665483552294,8
2812,126.86713150418053,0,0,455,0.0,0.0,1.0,455,13500,9500,4000,0.7037037037037037,175,95,80,159.13636237512648,0.41308031175872584,0.8712879981548036,0.11015387964255592,4358678.528370279,34224.849153481126,4392903.37752376,2811,13,1668.0857142857142,109,346,70,33.69786586467249,0.5861034798534799,37.869318181818144,33255.76768150727,305.09878606887406,0
2813,126.74894583204362,0,0,455,0.0,0.0,1.0,455,13250,9200,4050,0.6943396226415094,173,92,81,158.08618771668776,0.4131807619693082,0.8711772188234947,0.1099675984047791,4360028.149827987,33602.04570874785,4393630.195536735,2812,14,1669.0857142857142,115,340,55,33.56003999908705,0.5876373626373627,37.70653735632181,33245.41988872228,289.09060772801985,0
2814,127.04457350648475,0,0,455,0.0,0.0,1.0,455,12250,8300,3950,0.6775510204081633,162,83,79,155.61105079978506,0.4131882251375643,0.8686495235604701,0.10418471689123637,4327687.831514924,31437.210199095876,4359125.04171402,2813,15,1670.0857142857142,107,348,72,34.92366294681353,0.5752518315018316,38.985339506172835,33160.49622137812,309.9111796390478,8
2815,127.11814237026276,1,0,456,0.0021929824561403508,0.0,1.0,456,12550,8700,3850,0.6932270916334662,164,87,77,155.50199327343668,0.4134915614356404,0.8687121048886945,0.10449309818390717,4334304.614079404,31048.60138872127,4365353.215468125,2814,0,1667.421052631579,113,343,69,34.800720517396215,0.5765944809941521,38.86147660818715,33195.44399488086,293.7649911051403,0
2816,126.8158757603217,0,0,456,0.0,0.0,1.0,456,11350,7800,3550,0.6872246696035242,149,78,71,155.38737730917364,0.4135441769487822,0.8691668634120582,0.10473422441477306,4327403.247575287,31934.76823998579,4359338.015815273,2815,1,1668.421052631579,119,337,71,34.699320208229445,0.577828033625731,38.75868055555557,33129.546710129456,278.3995521859618,0
2817,126.82475239217658,0,0,456,0.0,0.0,1.0,456,11400,7900,3500,0.6929824561403509,149,79,70,157.7226475461485,0.41330399315596683,0.8716782909700749,0.1066515237676223,4331307.688000854,34029.06317769687,4365336.7511785505,2816,2,1669.421052631579,124,332,61,34.52791860638139,0.5789245248538012,38.650000000000006,33145.64903769545,267.30362127173754,0
2818,127.01542580114474,0,1,455,0.0,0.0021929824561403508,0.9978070175438597,456,12800,8900,3900,0.6953125,167,89,78,157.7714443405997,0.41325539409420986,0.8722263314619241,0.10700281174436235,4341146.2185477745,32981.78179880311,4374128.000346578,2817,3,1670.421052631579,127,329,62,34.42486719374151,0.5803865131578947,38.5498046875,33208.207883409625,261.48195183787107,0
2819,126.94756210556208,1,0,456,0.0021929824561403508,0.0,1.0,456,12550,9200,3350,0.7330677290836654,159,92,67,155.4605926582019,0.41324274227234753,0.8694846927711068,0.1061535634846343,4346378.764961256,31388.123743579337,4377766.888704835,2818,0,1671.4122807017543,94,362,67,34.25431245198683,0.5818941885964912,38.322368421052616,33219.33738650463,353.397206239411,0
2820,127.15639478275912,0,0,456,0.0,0.0,1.0,456,12300,8400,3900,0.6829268292682927,162,84,78,156.00055722203592,0.41329324914851234,0.869322411249611,0.10687448466819215,4357196.542848211,32445.017722049215,4389641.56057026,2819,1,1672.4122807017543,97,359,68,34.12825497042782,0.5830592105263157,38.212159863945566,33287.99794966581,343.1752365944929,0
2821,127.19866309527737,0,1,455,0.0,0.0021929824561403508,0.9978070175438597,456,12000,8200,3800,0.6833333333333333,158,82,76,154.65817243349483,0.41326704180322604,0.8674697229585737,0.106533067649409,4364677.943792698,31806.622809551693,4396484.56660225,2820,2,1673.4122807017543,101,355,73,33.97948178179738,0.5843156067251463,38.031045751633975,33322.10075285989,329.92178963227616,0
2822,127.26727083336085,0,0,455,0.0,0.0,1.0,455,12900,9500,3400,0.7364341085271318,163,95,68,152.77964106561436,0.41284350744703163,0.8655293150501535,0.10562746524829063,4371106.155315154,29663.205893748338,4400769.361208903,2821,3,1677.6241758241758,106,349,72,33.90465975781888,0.5855540293040293,37.90887850467288,33355.621742364805,314.6756768147623,0
2823,127.52766634681572,0,0,455,0.0,0.0,1.0,455,13000,9000,4000,0.6923076923076923,170,90,80,152.40116513943025,0.41289917864807735,0.865685590511577,0.10578827583104457,4384473.759413566,29639.781891576124,4414113.541305142,2822,4,1678.6241758241758,112,343,72,33.780232721647984,0.5867216117216117,37.776548672566356,33440.744809195225,298.5780786535288,0
2824,127.67127143157305,0,0,455,0.0,0.0,1.0,455,11900,8500,3400,0.7142857142857143,153,85,68,155.28130795102408,0.4127394265059463,0.866706179475689,0.10794753013523238,4391050.160369981,33469.60243615861,4424519.76280614,2823,5,1679.6241758241758,118,337,73,33.65499076608147,0.5880723443223443,37.72759103641453,33484.65191380192,283.7682365576434,0
2825,127.47339940494977,0,0,455,0.0,0.0,1.0,455,14400,10600,3800,0.7361111111111112,182,106,76,153.52331044197683,0.4126563231188782,0.8656210439421952,0.10703461731517006,4387431.919354659,29314.614519623847,4416746.533874283,2824,6,1680.6241758241758,125,330,64,33.60431896479289,0.5894688644688645,37.63227513227512,33444.90578303123,267.55924626424985,0
2826,127.07500598859879,0,1,454,0.0,0.002197802197802198,0.9978021978021978,455,13100,9300,3800,0.7099236641221374,169,93,76,154.51596959576366,0.412602467283084,0.8672657406350377,0.10819977152867342,4378521.490943516,31210.298713806125,4409731.789657322,2825,7,1681.6241758241758,88,367,68,33.43207083091828,0.5906822344322344,37.488295880149835,33358.6763731075,379.07586787622154,0
2827,126.95001146125273,0,0,454,0.0,0.0,1.0,454,12550,8700,3850,0.6932270916334662,164,87,77,152.328705821185,0.41246407941185054,0.8632278598831802,0.10723249895972944,4379973.848373045,30089.14957066127,4410062.997943707,2826,8,1680.1343612334801,95,359,70,33.314099783827,0.5920750734214391,37.31553819444447,33347.79543690858,351.02942565166927,0
2828,126.8975782374086,0,0,454,0.0,0.0,1.0,454,13150,9700,3450,0.7376425855513308,166,97,69,181.23521212692356,0.4127593656906316,0.8862621783110787,0.11725448162102155,4283793.662363884,51324.85062129839,4335118.512985182,2827,9,1681.1343612334801,89,365,64,35.45285820341503,0.5630506607929515,40.16203703703705,32972.808234141616,370.48099139484964,8
2829,127.2663924880381,0,0,454,0.0,0.0,1.0,454,13700,10500,3200,0.7664233576642335,169,105,64,176.82782377975423,0.4128337190795253,0.8829554396828763,0.11488054928858298,4301029.618920302,47608.341505189645,4348637.960425491,2828,10,1682.1343612334801,95,359,63,35.42014468558706,0.5644273127753303,40.01736111111113,33087.05256090944,348.28476379904674,0
2830,127.57082652203692,0,0,454,0.0,0.0,1.0,454,11500,8500,3000,0.7391304347826086,145,85,60,162.1169698643314,0.41295051670540334,0.8714427241508664,0.10004639218477443,4251286.619708737,35541.140962391626,4286827.760671129,2829,11,1683.1343612334801,105,349,62,37.64841301561921,0.5441216960352423,41.83372641509434,32934.48490134073,313.6617609651498,8
2831,127.1101508253584,0,0,454,0.0,0.0,1.0,454,13000,9100,3900,0.7,169,91,78,180.5316789177495,0.413131841727365,0.8850027795564277,0.11261930118245078,4248642.701020953,49602.91998738907,4298245.621008342,2830,12,1684.1343612334801,89,365,60,36.779054195204175,0.5483893171806167,41.446759259259224,32864.74142694036,369.26675760607145,8
2832,127.09702639640629,3,0,457,0.006564551422319475,0.0,1.0,457,11850,8200,3650,0.6919831223628692,155,82,73,175.9378254031903,0.41425594552573997,0.8826408010906337,0.11019116312018622,4252869.464160512,46398.12104960386,4299267.585210116,2831,0,1674.0722100656455,94,363,64,36.753397900507174,0.549826768781911,41.30482456140347,32879.387541341806,349.78071852491286,0
2833,126.92433642087481,1,0,458,0.002183406113537118,0.0,1.0,458,10650,7200,3450,0.676056338028169,141,72,69,174.53484898305095,0.4145983233479531,0.8822603544098222,0.10963814507325224,4250567.082036471,46124.41675111016,4296691.498787581,2832,0,1671.414847161572,97,361,66,36.68199989047694,0.5510826055312955,41.19897959183669,32848.14778035084,338.6406987665035,0
2834,126.70682437593508,1,0,459,0.002178649237472767,0.0,1.0,459,11300,8200,3100,0.7256637168141593,144,82,62,169.9815611796004,0.4151506106243241,0.8820456251627853,0.10310255998284211,4202040.402961315,39753.87756702341,4241794.280528338,2833,0,1668.7712418300653,87,372,63,38.08204447610734,0.5361292665214235,42.459753787878775,32632.106746534155,375.0816867417719,8
2835,126.32343100223967,3,1,461,0.006493506493506494,0.0021645021645021645,0.9978354978354979,462,12750,9500,3250,0.7450980392156863,160,95,65,168.2456176188676,0.41632939246822115,0.8816548149152086,0.10293998087267667,4199601.405385666,36162.906440434635,4235764.311826101,2834,0,1658.9285714285713,95,367,62,37.805784660270426,0.5381042568542569,42.144097222222214,32573.242343068752,342.8762351901974,0
2836,126.64364485476037,2,0,463,0.004319654427645789,0.0,1.0,463,13300,10000,3300,0.7518796992481203,166,100,66,165.90707274953556,0.4168524959561677,0.8795745680192975,0.101884960842741,4214613.44013144,33946.8357246115,4248560.275856052,2835,0,1656.3347732181426,99,364,67,37.730187009596115,0.5396418286537077,42.010416666666664,32672.741167894234,330.02768856458823,0
2837,126.7128306235598,2,2,463,0.004301075268817204,0.004301075268817204,0.9956989247311828,465,13050,9600,3450,0.735632183908046,165,96,69,167.6476261259664,0.4175567374242986,0.8811757028967024,0.1033639861368037,4221605.992938082,35498.444631044156,4257104.437569126,2836,0,1650.2064516129033,103,362,48,37.539448497076954,0.5413082437275986,41.866987179487175,32708.764731874755,317.56082263956074,0
2838,126.79963098111403,1,2,462,0.0021551724137931034,0.004310344827586207,0.9956896551724138,464,12450,9100,3350,0.7309236947791165,158,91,67,175.02815697999995,0.41697572599364463,0.8872828529016468,0.1083057602046868,4228760.808048404,42780.44210839366,4271541.2501567975,2837,0,1654.760775862069,103,361,52,37.21644528472625,0.5423626077586207,41.73677884615385,32747.68113830155,317.93865182817035,0
2839,126.8624858984073,4,0,466,0.008583690987124463,0.0,1.0,466,12150,9200,2950,0.757201646090535,151,92,59,178.53009259259258,0.4177586644515206,0.8890224129709119,0.11158130787037047,4242577.18893307,46135.53967428869,4288712.728607358,2838,0,1648.6416309012875,86,380,59,36.7621527777778,0.544349070100143,41.379310344827594,32809.263594415745,381.50306505134586,0
2840,127.28102984233035,0,1,465,0.0,0.002145922746781116,0.9978540772532188,466,13650,10300,3350,0.7545787545787546,170,103,67,179.6584083582869,0.41794662497884844,0.8900125510124146,0.11276234467759232,4261533.659203782,46274.07087556488,4307807.730079346,2839,1,1649.6416309012875,87,379,61,36.57964907064333,0.5458020386266094,41.22869318181821,32936.67842546411,378.5825106375185,0
2841,127.0219679376319,0,0,465,0.0,0.0,1.0,465,13500,9900,3600,0.7333333333333333,171,99,72,176.2825717244831,0.4177552604746014,0.8874694926683664,0.11104345137884437,4257073.208951889,43589.56265868801,4300662.771610577,2840,2,1651.141935483871,91,374,63,36.53659727688858,0.5473566308243727,41.10054347826089,32885.91846537486,361.38371939972376,0
2842,126.86601358927622,0,0,465,0.0,0.0,1.0,465,13900,10200,3700,0.7338129496402878,176,102,74,174.3137704824268,0.4178848411815597,0.8863431430050042,0.11021326440429394,4256183.695840809,41482.285577569346,4297665.981418378,2841,3,1652.141935483871,93,372,61,36.453253119429625,0.5488799283154122,40.968528368794345,32862.29020001494,353.3579591399456,0
2843,127.2207837045051,0,0,465,0.0,0.0,1.0,465,10800,7300,3500,0.6759259259259259,143,73,70,176.87783519611335,0.41780025645779256,0.8871211047685257,0.11214036162065752,4271267.588028657,47298.512902766925,4318566.100931424,2842,4,1653.141935483871,96,369,65,36.28859303771242,0.5500224014336917,40.871993127147775,32966.46811415073,343.4007095224035,0
2844,126.76081166797698,1,1,465,0.002145922746781116,0.002145922746781116,0.9978540772532188,466,11550,8300,3250,0.7186147186147186,148,83,65,173.9983499097615,0.41844532127309364,0.8857565705928296,0.1106600760215983,4259445.465030793,43477.296489195505,4302922.761519989,2843,0,1650.5922746781116,98,368,59,36.25108233893448,0.5515021459227467,40.761784511784526,32861.24661064426,335.31884296575777,0
2845,126.7499215515775,0,0,465,0.0,0.0,1.0,465,11900,7600,4300,0.6386554621848739,162,76,86,174.3697025277494,0.4180030280558646,0.8858606706944441,0.11122937442565708,4262547.936396671,43751.84313595243,4306299.7795326235,2844,6,1655.141935483871,99,366,62,36.13408074600693,0.552576164874552,40.656250000000014,32871.79996739209,332.03838350901106,0
2846,127.28272489988487,2,0,467,0.004282655246252677,0.0,1.0,467,12500,9400,3100,0.752,156,94,62,171.93101502911037,0.418717814988068,0.8842798375995649,0.11016959771062401,4285692.391858923,41468.688606969474,4327161.080465892,2845,0,1649.0492505353318,81,386,66,36.03632269434106,0.5541131334760885,40.49796747967482,33030.12581624578,407.77933106476274,0
2847,127.07992502094746,1,0,468,0.002136752136752137,0.0,1.0,468,12550,9100,3450,0.7250996015936255,160,91,69,171.3372473021237,0.419149344637835,0.8840728487250857,0.11026588323073089,4283863.277690366,40647.06836362476,4324510.346053991,2846,0,1646.5235042735044,85,383,67,35.89758167343071,0.5553552350427351,40.34641472868219,32996.75814769946,388.1971546788172,0
2848,127.44299652857113,1,0,469,0.0021321961620469083,0.0,1.0,469,12550,8500,4050,0.6772908366533864,166,85,81,170.09412495746702,0.4194638453033976,0.8822769071312726,0.11017537571781469,4303553.6977113485,40051.84008393808,4343605.537795287,2847,0,1644.0106609808101,90,379,71,35.70095361846455,0.5568585643212509,40.12133699633702,33119.71554702581,367.99683941139784,0
2849,127.50864624458166,0,0,469,0.0,0.0,1.0,469,12650,9300,3350,0.7351778656126482,160,93,67,169.99366065996458,0.4194012006512007,0.8816227681371529,0.11048866203608257,4309717.170368407,40074.91964000711,4349792.090008414,2848,1,1645.0106609808101,91,378,72,35.582467810535796,0.5580357142857143,40.002264492753646,33151.95928118606,364.3072448481984,0
2850,127.91194144123412,2,0,471,0.004246284501061571,0.0,1.0,471,13800,9700,4100,0.7028985507246377,179,97,82,167.20424127831478,0.4201297601300989,0.8799117588926504,0.10917453401113542,4328621.6047598515,36752.77824095919,4365374.383000811,2849,0,1639.0212314225053,95,376,71,35.493827160493844,0.5596027954706299,39.843750000000014,33277.09101557123,350.28516858496033,0
2851,128.17834978721936,1,2,470,0.00211864406779661,0.00423728813559322,0.9957627118644068,472,13650,10200,3450,0.7472527472527473,171,102,69,171.50713736278828,0.42035564506939194,0.8833735090008101,0.11235170947579322,4341409.673049679,40866.54902877446,4382276.222078454,2850,0,1636.5466101694915,98,374,59,35.26683443833547,0.5610213629943503,39.730639730639744,33360.89709950206,340.4173173418577,0
2852,128.39960006445517,0,1,469,0.0,0.002127659574468085,0.997872340425532,470,14000,10300,3700,0.7357142857142858,177,103,74,163.93837837532845,0.4197659120809327,0.8818193606241573,0.10749527082781034,4349993.865214229,34626.1880411712,4384620.0532554,2851,2,1644.5085106382978,108,362,56,35.430663656166615,0.563031914893617,39.69801223241593,33422.67112534084,309.4691770864893,8
2853,128.0422335069942,0,1,468,0.0,0.0021321961620469083,0.997867803837953,469,13100,9400,3700,0.7175572519083969,168,94,74,166.88664622044578,0.4198524319792976,0.8841024435038081,0.10973443684546892,4341089.627164301,37993.97776396398,4379083.604928265,2852,3,1649.006396588486,111,358,57,35.25623854084818,0.5641879886282871,39.60193452380954,33341.94990447215,300.3779270673167,0
2854,128.02313271087118,0,0,468,0.0,0.0,1.0,468,11200,7700,3500,0.6875,147,77,70,168.6626566156452,0.4198573058316099,0.8850876911302716,0.11140965364293327,4345665.963356575,41790.31322878045,4387456.276585355,2853,4,1653.5149572649573,82,386,61,35.05069601656952,0.5654380341880342,39.445281124497974,33357.03135304194,406.79306528099926,0
2855,127.58169597181946,0,0,468,0.0,0.0,1.0,468,14100,10500,3600,0.7446808510638298,177,105,72,166.79357335670593,0.4198158404863437,0.8837320471798973,0.11061822944549295,4335248.0263323225,36918.30193991409,4372166.3282722365,2854,5,1654.5149572649573,86,382,63,34.959774338247676,0.5667957621082621,39.30795019157086,33259.53384092918,386.73876559219974,0
2856,127.75734043737488,1,1,468,0.0021321961620469083,0.0021321961620469083,0.997867803837953,469,13350,10300,3050,0.7715355805243446,164,103,61,164.46681343366424,0.4200033486414083,0.8816523046387559,0.10947637581320523,4345389.212058164,35784.463367244454,4381173.675425408,2855,0,1651.9850746268658,90,379,67,34.89311315924219,0.5681414356787491,39.182692307692285,33321.32557080546,370.2369507867273,0
2857,127.95829417375313,0,0,468,0.0,0.0,1.0,468,12250,8700,3550,0.710204081632653,158,87,71,162.73842580403405,0.419817556293734,0.8802529980572478,0.10865553537130831,4355675.453935347,35917.15333734096,4391592.607272687,2856,1,1656.5021367521367,92,376,70,34.83311869499893,0.569511217948718,39.079301075268795,33386.96754903178,362.9018211851281,0
2858,128.46035449048063,1,0,469,0.0021321961620469083,0.0,1.0,469,13600,9700,3900,0.7132352941176471,175,97,78,161.46250352436925,0.42010490891087904,0.8794194078036981,0.10815352726227086,4376453.337769948,33926.62249478258,4410379.96026473,2857,0,1653.9680170575693,94,375,71,34.75463118541542,0.5709843638948117,38.96929824561401,33532.09648026709,356.7244306411393,0
2859,127.95673883535424,0,1,468,0.0,0.0021321961620469083,0.997867803837953,469,13750,10500,3250,0.7636363636363637,170,105,65,159.84573675686164,0.4200388472776533,0.8774839851914817,0.10778001153700612,4366760.235165235,32051.601406109898,4398811.836571344,2858,1,1654.9680170575693,101,368,57,34.569879863445635,0.5726057213930349,38.745915032679726,33429.22071983267,330.98238336467995,0
2860,127.66232298709139,0,0,468,0.0,0.0,1.0,468,11450,7900,3550,0.6899563318777293,150,79,71,160.56668812320765,0.41970250187594943,0.8776247796678949,0.10839551826428641,4358056.361750093,34901.73533209755,4392958.097082191,2859,2,1659.4764957264956,107,361,58,34.510115598046106,0.5736289173789173,38.70563271604938,33357.445910911345,311.7518309430967,0
2861,127.23740660253368,0,0,468,0.0,0.0,1.0,468,13050,8300,4750,0.6360153256704981,178,83,95,162.195679587353,0.419629866029759,0.8788841764875546,0.10978010473629538,4346460.82849634,34345.43357555489,4380806.2620718945,2860,3,1660.4764957264956,108,360,61,34.37861808830874,0.5746972934472934,38.61811926605505,33257.552637479945,307.9403021988884,0
2862,126.88997879201524,0,0,468,0.0,0.0,1.0,468,11800,7900,3900,0.6694915254237288,157,79,78,167.61609580358765,0.41952653629580827,0.8822999231218256,0.11364475479525632,4336517.025704325,39974.01064687005,4376491.036351196,2861,4,1661.4764957264956,112,356,62,34.17794976669841,0.5756766381766382,38.56010324483777,33174.10295464936,296.19734780936926,0
2863,127.3473228669749,0,1,467,0.0,0.002136752136752137,0.9978632478632479,468,12350,8900,3450,0.7206477732793523,158,89,69,166.30980916148388,0.4193179703752509,0.8815816870982018,0.11323390355827424,4356842.14062673,38967.11699086957,4395809.2576176,2862,5,1662.4764957264956,84,384,66,34.068770984617814,0.5768785612535612,38.41911764705885,33311.62508082841,396.5669652479572,0
2864,127.2769541992757,0,1,466,0.0,0.0021413276231263384,0.9978586723768736,467,12200,8700,3500,0.7131147540983607,157,87,70,166.2186558208591,0.4194403981827817,0.8815049411677196,0.11371989224971726,4359814.578169824,39336.503762315806,4399151.08193214,2863,6,1666.5331905781584,87,380,68,33.90692836468885,0.577935403283369,38.25757575757578,33313.77854231066,382.916994739203,0
2865,127.67754407408195,1,1,466,0.0021413276231263384,0.0021413276231263384,0.9978586723768736,467,11950,7900,4050,0.6610878661087866,160,79,81,167.07850292321848,0.41935711156653893,0.8817634305967896,0.11496710549154526,4379937.02590027,41008.664237079,4420945.690137349,2864,0,1667.5139186295503,91,376,71,33.68977118815019,0.5792960385438972,38.06612318840581,33443.074101107624,367.5063088033805,0
2866,127.60738349967005,0,0,466,0.0,0.0,1.0,466,12700,8700,4000,0.6850393700787402,167,87,80,166.93051241367897,0.4193209962004092,0.8814140912457282,0.11530159338893325,4381737.066314412,40389.12274837525,4422126.189062787,2865,1,1670.3798283261804,96,370,70,33.5657159638842,0.5804721030042919,37.940292096219935,33440.75364628923,348.3411838155128,0
2867,127.34665527357157,0,0,466,0.0,0.0,1.0,466,13150,9500,3650,0.7224334600760456,168,95,73,168.44131369540185,0.41920658544464445,0.8822681000492456,0.11674693222109363,4376593.351449532,41089.82672574367,4417683.178175276,2866,2,1671.3798283261804,98,368,64,33.410088159355716,0.581634477825465,37.82617845117844,33386.959274532535,340.6832579033932,0
2868,127.30032542723504,0,1,465,0.0,0.002145922746781116,0.9978540772532188,466,12150,9000,3150,0.7407407407407407,153,90,63,170.04854422136782,0.4190653506545449,0.8837954451004106,0.11820768212052976,4378239.4570222935,43552.64918383791,4421792.106206131,2867,3,1672.3798283261804,99,367,69,33.269289326660825,0.582863912732475,37.72916666666666,33387.16243340536,337.24406498389254,0
2869,127.20657201637563,0,0,465,0.0,0.0,1.0,465,12550,8900,3650,0.7091633466135459,162,89,73,172.54962362379513,0.4187453652206155,0.8852511341303031,0.1203437151344228,4378651.416822761,45556.930790512364,4424208.347613274,2868,4,1676.9118279569893,103,362,56,33.09283860131321,0.584094982078853,37.6201923076923,33376.43590285422,324.0430670180021,0
2870,126.99693317727134,0,0,465,0.0,0.0,1.0,465,11950,8100,3850,0.6778242677824268,158,81,77,171.28463860367376,0.41867198121369426,0.8849203078606234,0.1198267839285029,4374779.796010678,44916.51526606789,4419696.311276746,2869,5,1677.9118279569893,104,361,59,33.02395935696828,0.5852150537634409,37.51984126984126,33334.175178613375,320.52091517897475,0
2871,126.71034470086896,1,0,466,0.002145922746781116,0.0,1.0,466,14600,11300,3300,0.773972602739726,179,113,66,171.81535565261083,0.41865895211284937,0.8855067071105773,0.12068105428375887,4369280.351063826,42341.891492798684,4411622.242556625,2870,0,1675.3090128755364,83,383,62,32.8763221891675,0.5865969241773963,37.38839285714285,33275.607263520506,400.91093088578924,0
2872,127.1650030591926,0,0,466,0.0,0.0,1.0,466,13700,9500,4200,0.6934306569343066,179,95,84,169.46775343837598,0.4185480025228052,0.883412921171782,0.11944543625165988,4388742.484110312,41850.06584034692,4430592.549950658,2871,1,1676.3090128755364,87,379,64,32.822754749568205,0.587848712446352,37.27509469696971,33409.413386586086,384.0162458228286,0
2873,126.95052903809123,0,0,466,0.0,0.0,1.0,466,14600,11300,3300,0.773972602739726,179,113,66,161.8863626296216,0.41846656898487855,0.8729630533300805,0.10880986413278908,4328864.173554028,32356.81507486955,4361220.988628898,2872,2,1677.3090128755364,106,360,72,34.62558247903079,0.5753084763948497,38.85319314641745,33152.725286670626,312.76155930821346,8
2874,126.80016242245279,1,0,467,0.0021413276231263384,0.0,1.0,467,13500,10400,3100,0.7703703703703704,166,104,62,152.32515017979551,0.41897418459530744,0.863300737737227,0.10098565353712372,4308277.114024761,24351.79168200121,4332628.905706762,2873,0,1674.7152034261242,106,361,66,35.34967820642101,0.5733850820842256,39.32048286604364,33054.20511279258,311.8321237055904,8
2875,127.19256120116432,0,0,467,0.0,0.0,1.0,467,12300,8900,3400,0.7235772357723578,157,89,68,151.1864055196226,0.4190276029077942,0.8635200078120095,0.10082978425579897,4328348.2524082195,25177.48282374774,4353525.735231968,2874,1,1675.7152034261242,113,354,71,35.17313316521312,0.5748572448251249,39.117324561403514,33182.335662047255,293.6489881597102,0
2876,127.19688138565631,1,0,468,0.002136752136752137,0.0,1.0,468,12700,9300,3400,0.7322834645669292,161,93,68,149.69927981144536,0.4190025477833294,0.8619008551595062,0.10016682510902288,4332203.39507622,23405.54564792179,4355608.940724142,2875,0,1673.1324786324785,118,350,71,35.09853490296036,0.5761885683760684,39.00560224089636,33197.67345408555,281.33621571258936,0
2877,127.20749581114542,0,0,468,0.0,0.0,1.0,468,11550,7500,4050,0.6493506493506493,156,75,81,145.31380957745017,0.41892066564175773,0.8570395938111517,0.09758386003642941,4336625.245040622,20884.30701331857,4357509.5520539405,2876,1,1674.1324786324785,124,344,69,35.08894757558348,0.5774127492877492,38.88333333333332,33215.99728122005,267.8709458162907,0
2878,126.93077791816496,1,1,468,0.0021321961620469083,0.0021321961620469083,0.997867803837953,469,12000,8100,3900,0.675,159,81,78,146.2878597101717,0.4191018351466113,0.8602578359059119,0.09862633122395427,4331611.961127616,20932.44857766782,4352544.409705284,2877,0,1671.5607675906183,129,340,56,34.9282296650718,0.5787579957356077,38.74999999999999,33160.665731120505,257.059424272252,0
2879,126.6365647044383,0,2,466,0.0,0.004273504273504274,0.9957264957264957,468,13500,9200,4300,0.6814814814814815,178,92,86,148.54494510507828,0.4188896857860991,0.862392382319368,0.10050787043235673,4325571.308755483,21408.35052143654,4346979.659276919,2878,1,1676.0491452991453,130,338,61,34.74660277862284,0.580016915954416,38.629134860050875,33099.10847514995,254.6085267319227,0
2880,127.04629652271758,1,1,466,0.0021413276231263384,0.0021413276231263384,0.9978586723768736,467,12300,8600,3700,0.6991869918699187,160,86,74,148.35092620014984,0.4186153820232636,0.8633640535895761,0.1007317636029845,4343509.743269843,23172.738674690314,4366682.481944533,2879,0,1678.8843683083512,99,368,64,34.63119447874757,0.5813927551748751,38.51041666666665,33221.283141768305,335.5685165835182,0
2881,127.21822389251241,0,0,466,0.0,0.0,1.0,466,12900,9200,3700,0.7131782945736435,166,92,74,150.20810972271838,0.41839196163490083,0.8631971401149072,0.10247254748647028,4354620.090165796,24719.85046087431,4379339.94062667,2880,1,1683.3562231759656,104,362,66,34.42302709739385,0.5826403791130186,38.35317460317458,33286.24441409814,320.06004244325135,0
2882,127.08592182811459,0,0,466,0.0,0.0,1.0,466,14100,10300,3800,0.7304964539007093,179,103,76,148.47389756345095,0.41837436737582107,0.8615500204484516,0.10163733225480133,4353900.869154802,21988.126329660787,4375888.995484462,2881,2,1684.3562231759656,109,357,68,34.352163374574914,0.5839145207439198,38.238636363636346,33266.184196711314,305.19435042854417,0
2883,127.0879013212899,1,2,465,0.0021413276231263384,0.004282655246252677,0.9957173447537473,467,14000,10200,3800,0.7285714285714285,178,102,76,145.8306821486406,0.4189071723753419,0.8589411446399366,0.10034523126435167,4359696.296306628,19755.49697025837,4379451.793276886,2882,0,1681.747323340471,113,354,78,34.24672666806204,0.5853185224839401,38.066520467836234,33288.576199525385,294.58916990730427,0
2884,126.86758107963023,0,0,465,0.0,0.0,1.0,465,14150,10600,3550,0.7491166077738516,177,106,71,146.6557496138178,0.4186777746879249,0.8591724566592707,0.10129415037309844,4356297.684927132,20625.220504784716,4376922.905431917,2883,1,1686.4301075268818,117,348,74,34.098143906218425,0.5868503584229391,37.94138418079095,33246.74269005898,284.16019393212804,0
2885,127.13003707597981,0,0,465,0.0,0.0,1.0,465,14050,10600,3450,0.7544483985765125,175,106,69,148.21139736632705,0.41850030126066,0.8608583782044295,0.10282208242644103,4370183.32839376,22492.195569651994,4392675.523963412,2884,2,1687.4301075268818,119,346,74,33.908964002736695,0.588149641577061,37.79513888888887,33334.11371455745,280.1186026433399,0
2886,126.81150569660018,0,1,464,0.0,0.002150537634408602,0.9978494623655914,465,12100,8300,3800,0.6859504132231405,159,83,76,147.5815249025746,0.41847847917439135,0.8607708963208276,0.1027674640500728,4363323.12840199,23689.176186445296,4387012.304588435,2885,3,1688.4301075268818,120,345,62,33.800702284064,0.5890008960573476,37.67217630853991,33266.18630842578,277.2182192368815,0
2887,126.53879154422836,0,0,464,0.0,0.0,1.0,464,12600,8500,4100,0.6746031746031746,167,85,82,149.55836173338403,0.4181417534011072,0.862618104978496,0.10439436445841095,4356563.002230811,24912.085080381232,4381475.087311192,2886,4,1693.0086206896551,122,342,65,33.66864342961651,0.5903600933908046,37.5931571815718,33204.644783179865,272.1692195342612,0
2888,126.76510938109561,0,1,463,0.0,0.0021551724137931034,0.9978448275862069,464,13050,9500,3550,0.7279693486590039,166,95,71,150.03559166329273,0.41764921737295496,0.8634414837711537,0.10489481610086307,4366100.266641871,25164.087353373106,4391264.353995244,2887,5,1694.0086206896551,127,337,65,33.6028663193906,0.5916397270114943,37.54069010416665,33270.68312703191,261.97388289001503,0
2889,127.27521645723655,1,0,464,0.0021551724137931034,0.0,1.0,464,12350,9100,3250,0.7368421052631579,156,91,65,150.99711898819416,0.41756077617238896,0.8647809416821333,0.10617924900962752,4390002.039354788,27425.532058975507,4417427.571413764,2888,0,1694.9956896551723,97,367,70,33.385269121813025,0.5928520114942528,37.3511904761905,33428.68408437867,344.6256091173059,0
2890,127.33232250798915,0,0,464,0.0,0.0,1.0,464,12950,9300,3650,0.7181467181467182,166,93,73,149.71598331248154,0.41748261432188877,0.8639234804196361,0.10568137273165484,4396145.160707831,25884.639103957426,4422029.799811789,2889,1,1695.9956896551723,98,366,75,33.29229064894155,0.5941091954022988,37.226430976431004,33459.568837484774,341.42417181106913,0
2891,127.751189226023,0,1,463,0.0,0.0021551724137931034,0.9978448275862069,464,13350,10100,3250,0.7565543071161048,166,101,65,150.83517750909678,0.417109842419503,0.8650970576927455,0.10681288319839609,4414108.21067902,27010.55910042791,4441118.7697794475,2890,2,1696.9956896551723,101,363,76,33.15701766313147,0.5953663793103448,37.122140522875846,33582.95916939432,332.50454623162693,0
2892,127.45316600187137,0,0,463,0.0,0.0,1.0,463,12850,8900,3950,0.6926070038910506,168,89,79,152.7170005705819,0.41703306592615447,0.8657709278430952,0.10857374966881243,4408112.870555675,29188.75515356956,4437301.625709244,2891,3,1700.4082073434124,106,357,77,32.977217204619464,0.5966297696184305,36.993769470405006,33520.976759215206,316.23562980391705,0
2893,127.7909673863457,0,0,463,0.0,0.0,1.0,463,13250,9200,4050,0.6943396226415094,173,92,81,149.9011897358974,0.41665965424064777,0.8625070033295674,0.10686073176691532,4422744.263385724,26744.9253958279,4449489.188781552,2892,4,1701.4082073434124,113,350,74,32.96225789833177,0.5978446724262059,36.906067251462,33621.028179414,297.5312228266726,0
2894,127.89763483290989,0,0,463,0.0,0.0,1.0,463,12400,9000,3400,0.7258064516129032,158,90,68,149.64458633477975,0.41649232996425223,0.8630250604130856,0.10713690083833931,4431106.486620155,27618.219439127628,4458724.706059283,2893,5,1702.4082073434124,117,346,75,32.82816744357623,0.5991945644348452,36.767302259887025,33666.839451647014,287.7507645439916,0
2895,127.57591893295114,1,0,464,0.0021551724137931034,0.0,1.0,464,12100,9000,3100,0.743801652892562,152,90,62,150.83708016479483,0.4164365449901939,0.8650939159671178,0.10826366519773854,4422693.672723193,28521.24001137677,4451214.912734569,2894,0,1699.7370689655172,118,346,77,32.714171736311975,0.600237966954023,36.685924369747916,33592.53516651026,284.6825014111039,0
2896,128.08031340379708,0,0,464,0.0,0.0,1.0,464,13800,10200,3600,0.7391304347826086,174,102,72,151.59349946947066,0.41609625971301606,0.8661475458387984,0.10923086951497202,4444400.71594462,28148.45151493444,4472549.167459554,2895,1,1700.7370689655172,121,343,63,32.56722521120981,0.6016522988505747,36.5607923497268,33741.376278695396,278.85434941070577,0
2897,128.22265011399614,0,2,462,0.0,0.004310344827586207,0.9956896551724138,464,10800,7900,2900,0.7314814814814815,137,79,58,150.76893818403397,0.41590289156177845,0.8656978575591265,0.10892860838576285,4452247.124703717,30652.114304900875,4482899.2390086185,2896,2,1701.7370689655172,126,338,64,32.50159513212365,0.6026400862068966,36.47473753280842,33789.90752553004,268.1738692502384,0
2898,128.19779002950523,0,1,461,0.0,0.0021645021645021645,0.9978354978354979,462,12650,8800,3850,0.6956521739130435,165,88,77,153.15790159931205,0.41523041462032784,0.8668261562998398,0.11122254917358354,4456916.324750095,31472.390380488658,4488388.715130583,2897,3,1710.017316017316,98,364,68,32.27242195709135,0.6040088383838385,36.31102693602694,33804.343601951165,344.9422816525629,0
2899,128.614234130968,0,0,461,0.0,0.0,1.0,461,12900,8900,4000,0.689922480620155,169,89,80,149.06499197806292,0.4150535225879468,0.8614611051589303,0.10877650545475172,4476635.15319265,28361.9166398762,4504997.069832526,2898,4,1709.9132321041216,106,355,72,32.22355976188722,0.6055676066522053,36.15654205607478,33934.02427392436,320.13230447098454,0
2900,129.02156750915734,0,1,460,0.0,0.0021691973969631237,0.9978308026030369,461,12750,9000,3750,0.7058823529411765,165,90,75,151.8082325652442,0.414776674840454,0.8636994254015662,0.11131272770788814,4496014.563917244,31556.404907175616,4527570.968824419,2899,5,1710.9132321041216,109,352,75,31.996108042183785,0.6068555676066523,36.0037878787879,34061.20510435906,312.4881202234776,0
2901,128.8537456110402,0,0,460,0.0,0.0,1.0,460,13550,9900,3650,0.7306273062730627,172,99,73,151.5232834886986,0.4145109090335007,0.863773728897345,0.11151860069314773,4494178.030214409,30644.5223441733,4524822.552558582,2900,6,1710.5217391304348,110,350,75,31.883942107257898,0.608197463768116,35.885885885885905,34032.092872345616,309.38266247586927,0
2902,129.0593059868383,0,0,460,0.0,0.0,1.0,460,12400,8200,4200,0.6612903225806451,166,82,84,149.54902900073844,0.4144869320514035,0.8614717737127031,0.11037565986572836,4504374.441356209,30324.964792114384,4534699.406148324,2901,7,1711.5217391304348,114,346,77,31.84597275553116,0.6091711956521739,35.79710144927539,34097.84272666796,299.10388356726276,0
2903,128.98255297610683,0,0,460,0.0,0.0,1.0,460,12850,9600,3250,0.7470817120622568,161,96,65,149.81486404898808,0.414261765495248,0.8614716557880115,0.11091068582512749,4504979.402734216,30132.575352825465,4535111.9780870415,2902,8,1712.5217391304348,120,340,75,31.741162068553688,0.6103940217391304,35.7007575757576,34089.991037530155,284.08325864608463,0
2904,128.85789624524787,0,0,460,0.0,0.0,1.0,460,13250,9400,3850,0.7094339622641509,171,94,77,151.57583104113215,0.41407419247892396,0.8640980958679951,0.11271624968467273,4505398.874056069,31331.915701367456,4536730.789757437,2903,9,1713.5217391304348,122,338,60,31.552375233520163,0.6115489130434782,35.56063685636859,34075.10001912191,279.3040985173927,0
2905,128.97227222247022,1,0,461,0.0021691973969631237,0.0,1.0,461,12700,9000,3700,0.7086614173228346,164,90,74,152.5035911094314,0.41413023829733725,0.8664412096521994,0.1137513018036532,4512643.362553703,32738.863637116912,4545382.226190819,2904,0,1710.8026030368765,127,334,61,31.431248590003893,0.612956435285611,35.46549479166668,34117.61621796586,268.64264738555795,0
2906,128.66058286095497,0,1,460,0.0,0.0021691973969631237,0.9978308026030369,461,11850,9100,2750,0.7679324894514767,146,91,55,180.55140239059156,0.41405243012983745,0.8867191189932713,0.12883413628210133,4453892.6497771,56781.3128028825,4510673.962579983,2905,1,1711.8026030368765,94,367,64,32.124241224597554,0.5950379609544468,36.87500000000003,33853.81586528912,360.1469772903098,8
2907,129.09334312411764,0,0,460,0.0,0.0,1.0,460,13650,10100,3550,0.73992673992674,172,101,71,181.8489381920101,0.4140740938082157,0.8875105512396808,0.1219953472771554,4399763.086550493,54368.44911711999,4454131.535667613,2906,2,1713.0065217391304,96,364,65,34.16976870132714,0.5732563405797102,38.91752577319585,33704.00942905412,351.083431552647,8
2908,128.71393939406613,1,0,461,0.0021691973969631237,0.0,1.0,461,13050,10000,3050,0.7662835249042146,161,100,61,165.21027662376156,0.4144964868433462,0.8744818727801731,0.11056795700453606,4384103.982757401,39609.80634773584,4423713.789105137,2907,0,1710.288503253796,97,364,72,34.6867151971764,0.5705892986261749,38.99872448979589,33594.50235779403,346.3350758535467,8
2909,128.31426136724625,0,0,461,0.0,0.0,1.0,461,13350,9700,3650,0.7265917602996255,170,97,73,162.42844420142427,0.41428605111760824,0.8715879136351794,0.10908001327918349,4374387.2549404185,36554.98323090136,4410942.2381713195,2908,1,1711.288503253796,106,355,69,34.6411061814928,0.5719902386117137,38.88239875389407,33505.11213388112,316.0859635271804,0
2910,128.12391807044864,0,0,461,0.0,0.0,1.0,461,12200,8500,3700,0.6967213114754098,159,85,74,161.2359347536052,0.4143058961300261,0.8715542161351584,0.10867372909962629,4372011.833475006,36585.08294483276,4408596.916419839,2909,2,1712.288503253796,109,352,72,34.547333587076054,0.5734363702096891,38.759469696969695,33471.16030122598,307.0748651488622,0
2911,127.87190070261848,0,0,461,0.0,0.0,1.0,461,12250,9400,2850,0.7673469387755102,151,94,57,160.19484264222163,0.41414713603068315,0.8716083482081698,0.10837519383046791,4367609.557666965,35483.70516262496,4403093.26282959,2910,3,1713.288503253796,112,349,62,34.44689862330853,0.5746565437454809,38.633849557522126,33421.38643640619,298.405236039341,0
2912,128.26191555583148,2,0,463,0.004319654427645789,0.0,1.0,463,14350,10300,4050,0.7177700348432056,184,103,81,158.09452686151445,0.414530798575075,0.8704905062329396,0.10742892871198499,4385920.486344938,31728.004828184254,4417648.491173122,2911,0,1706.8833693304537,91,372,68,34.35064618781657,0.5763363930885529,38.485054347826065,33542.40787582672,368.5978887453486,0
2913,128.49403867195767,0,0,463,0.0,0.0,1.0,463,12700,9100,3600,0.7165354330708661,163,91,72,159.78388192088732,0.4143141925269355,0.8707287932657231,0.1090048320148525,4398287.083009031,35255.076785135,4433542.159794166,2912,1,1707.8833693304537,93,370,71,34.172587282763665,0.5778212742980562,38.35328014184395,33620.04373984455,361.50584666499515,0
2914,128.5852344773564,0,0,463,0.0,0.0,1.0,463,13650,10200,3450,0.7472527472527473,171,102,69,157.96457967508894,0.414497099972262,0.8705155346720235,0.10838337424337698,4407850.057375856,33006.83631683861,4440856.893692695,2913,2,1708.8833693304537,95,368,74,34.025777699501305,0.5791261699064074,38.16189236111111,33668.51446585378,354.4054154300398,0
2915,128.11809122138894,1,0,464,0.0021551724137931034,0.0,1.0,464,11850,7800,4050,0.6582278481012658,159,78,81,157.5042785039268,0.4149048248553909,0.8711909577020645,0.10852692066777428,4396569.843456001,33845.712217131775,4430415.555673133,2914,0,1706.198275862069,97,367,76,33.89454937044404,0.5803699712643677,38.020833333333336,33564.27077310347,346.0234100319945,0
2916,127.72461402864822,1,0,465,0.002150537634408602,0.0,1.0,465,12900,9400,3500,0.7286821705426356,164,94,70,154.97626086177598,0.4148782211716722,0.8692594907296132,0.10720522787448598,4387425.075139803,30089.346591272235,4417514.421731075,2915,0,1703.52688172043,103,362,74,33.828551912568344,0.5816308243727599,37.89062499999999,33477.81875516511,325.0273665550011,0
2917,127.68746119692128,0,0,465,0.0,0.0,1.0,465,13150,9500,3650,0.7224334600760456,168,95,73,154.26619515196506,0.41495179829440115,0.8689741229271684,0.10701900370125011,4389307.841528524,29274.364012657126,4418582.20554118,2916,1,1704.52688172043,108,357,69,33.75133639489255,0.5827508960573476,37.79625382262996,33480.13066571015,310.0012098676866,0
2918,128.05771798372052,0,0,465,0.0,0.0,1.0,465,12850,8500,4350,0.6614785992217899,172,85,87,155.9736431769036,0.4148869113830182,0.8703777930298191,0.10844321345139674,4404488.37320813,31546.81957991622,4436035.192788046,2917,2,1705.52688172043,111,354,74,33.63238770685579,0.5839381720430108,37.72321428571427,33586.566658676464,302.58168160969785,0
2919,127.61621755339462,0,0,465,0.0,0.0,1.0,465,12400,9300,3100,0.75,155,93,62,159.8191932450364,0.4145779260907181,0.8721473396858082,0.11147665331646399,4392867.711745029,35012.91474465055,4427880.62648968,2918,3,1706.52688172043,115,350,61,33.42335038844589,0.5851478494623656,37.61673850574711,33484.35938121951,291.16834244538705,0
2920,127.22277777251905,0,0,465,0.0,0.0,1.0,465,12750,9100,3650,0.7137254901960784,164,91,73,161.082161074603,0.4144365653194908,0.8737669402136903,0.11263830301229463,4382062.759525816,35424.427853788955,4417487.187379605,2919,4,1707.52688172043,119,346,64,33.30687480707318,0.5864023297491039,37.534722222222186,33391.56170772416,280.6013588884383,0
2921,127.10984152443386,0,0,465,0.0,0.0,1.0,465,12650,9000,3650,0.7114624505928854,163,90,73,161.21167673932283,0.41428110709430227,0.8737780002123241,0.11316740476057525,4382421.278967394,35649.49651208572,4418070.77547948,2920,5,1708.52688172043,89,376,66,33.174108192289644,0.5876792114695341,37.40740740740744,33378.10282993502,375.0348632576969,0
2922,126.69071264390891,3,1,467,0.00641025641025641,0.002136752136752137,0.9978632478632479,468,11800,7200,4600,0.6101694915254238,164,72,92,153.793391612331,0.41494609314470127,0.8668144803553604,0.10872404213423278,4375636.58184671,29188.798077040294,4404825.379923751,2921,0,1698.568376068376,99,369,73,33.1350405585721,0.5893874643874644,37.177083333333364,33297.22261165109,336.3355819358696,0
2923,126.92559218904667,0,0,467,0.0,0.0,1.0,467,13600,10000,3600,0.7352941176470589,172,100,72,154.60534049620392,0.41483474403629533,0.8665485064686562,0.10981159980668731,4388834.448989489,28707.448873499015,4417541.8978629885,2922,1,1699.1092077087794,102,365,77,32.95893743029649,0.5909618129907209,37.02467637540455,33378.29868215827,327.23822237410064,0
2924,127.33425327671846,1,0,468,0.002136752136752137,0.0,1.0,468,13100,9500,3600,0.7251908396946565,167,95,72,154.325198076293,0.4151450314793463,0.8670954856521849,0.10999984565757603,4406793.358288005,29315.85157981937,4436109.209867825,2923,0,1696.4764957264956,105,363,78,32.8502415458937,0.592258725071225,36.91037735849059,33500.32064391061,319.05067279914863,0
2925,127.84851088363405,0,2,466,0.0,0.004273504273504274,0.9957264957264957,468,13200,9200,4000,0.696969696969697,172,92,80,154.31194291105558,0.4149451399183733,0.8678733031674204,0.1103258283429524,4427902.895358677,29855.65976085904,4457758.555119536,2924,1,1697.4764957264956,108,360,70,32.75062030985238,0.5935274216524217,36.811926605504624,33648.20326581931,311.55743764647514,0
2926,127.9788242403825,0,0,466,0.0,0.0,1.0,466,11700,8000,3700,0.6837606837606838,154,80,74,153.46941153742688,0.41444969387912073,0.8660670688053678,0.11006487244616829,4435792.296505042,31251.6866893778,4467043.98319442,2925,2,1702.8218884120172,110,356,76,32.67104184488167,0.5943982474964234,36.71171171171174,33695.32557139845,306.3211415581677,0
2927,128.1944180235919,0,0,466,0.0,0.0,1.0,466,13800,9600,4200,0.6956521739130435,180,96,84,151.8656835519793,0.41430557478425395,0.8651196624718109,0.10926921133618128,4446794.973095984,28063.11164094713,4474858.084736931,2926,3,1703.8218884120172,111,355,61,32.607109227871966,0.5955829756795422,36.60714285714288,33765.49403300002,304.1936399369371,0
2928,128.62967834839733,0,1,465,0.0,0.002145922746781116,0.9978540772532188,466,12600,9200,3400,0.7301587301587301,160,92,68,152.81858588790922,0.4142151037580568,0.8666356266408684,0.11021656850289278,4464480.218752662,30651.110750866716,4495131.329503529,2927,4,1704.8218884120172,114,352,63,32.50449800025212,0.5966335836909871,36.5307971014493,33889.95882354962,297.2803405574528,0
2929,128.25186329406307,0,1,464,0.0,0.002150537634408602,0.9978494623655914,465,10750,7500,3250,0.6976744186046512,140,75,65,155.23062713346025,0.4137179813990854,0.8691789368604954,0.11247904573666749,4456410.581264639,34604.281858778515,4491014.863123418,2928,7,1709.4795698924731,94,371,63,32.28941366497519,0.5979390681003585,36.3815789473684,33809.553698638636,359.6761031770068,0
2930,128.50334573524358,0,0,464,0.0,0.0,1.0,464,13600,9800,3800,0.7205882352941176,174,98,76,157.15363657037526,0.41355978159678264,0.8706412838529776,0.11447260929753346,4470832.336818066,34121.51204547607,4504953.848863542,2929,8,1713.6056034482758,97,367,65,32.068365434984095,0.5992726293103448,36.21386054421766,33897.40147865122,349.45774720258987,0
2931,128.83985943136884,0,0,464,0.0,0.0,1.0,464,12350,8600,3750,0.6963562753036437,161,86,75,172.594683364502,0.4137009771976863,0.8789088248315207,0.11479020212382954,4381247.16030367,46085.99327484782,4427333.153578518,2930,9,1714.6056034482758,97,367,70,34.71023537803138,0.5703573994252873,39.21130952380953,33599.97822224326,346.3915280643635,8
2932,128.72631962854354,0,0,464,0.0,0.0,1.0,464,13400,9200,4200,0.6865671641791045,176,92,84,176.0033306041809,0.4136852672475857,0.8796908718099306,0.11755306250764887,4382216.599918826,48056.94340293002,4430273.543321756,2931,10,1715.6056034482758,104,360,70,34.47496071274686,0.5716594827586207,39.067460317460345,33588.88550466259,322.970052929448,0
2933,128.34314534191293,0,0,464,0.0,0.0,1.0,464,13200,9000,4200,0.6818181818181818,174,90,84,173.50752852845486,0.4135404835716591,0.8783627130705784,0.11642190482010378,4374414.0008563185,45798.752409771514,4420212.75326609,2932,11,1716.6056034482758,109,355,68,34.380893873998055,0.5732534123563218,38.910984848484865,33508.985418768076,307.4218845758539,0
2934,128.49928508239225,0,1,463,0.0,0.0021551724137931034,0.9978448275862069,464,13000,9000,4000,0.6923076923076923,170,90,80,173.20918559643587,0.41347735284625503,0.8785851772213342,0.11652621692691749,4382706.190426589,46024.99399045112,4428731.18441704,2933,12,1717.6056034482758,114,350,69,34.2986289334351,0.5747126436781609,38.822463768115966,33561.12668537806,294.3958481173514,0
2935,128.02324409091418,0,1,462,0.0,0.0021598272138228943,0.9978401727861771,463,12450,8900,3550,0.714859437751004,160,89,71,174.99632164170762,0.4133990709314683,0.880168155391787,0.11812845321133006,4370298.632933474,47907.237047829505,4418205.869981304,2934,13,1717.4103671706264,118,345,52,34.135469011725256,0.576223902087833,38.70798319327733,33451.45164665461,283.48687836147974,0
2936,127.7210937399374,0,0,462,0.0,0.0,1.0,462,12800,8300,4500,0.6484375,173,83,90,179.27832910480407,0.41316412106813405,0.8845502929697924,0.12170334702310587,4366318.088080562,51357.242234232835,4417675.330314795,2935,14,1719.6450216450216,88,374,54,33.83045745490357,0.5777642496392497,38.518258426966284,33396.73402673141,379.5083412128569,0
2937,127.56901893544723,0,0,462,0.0,0.0,1.0,462,12400,8900,3500,0.717741935483871,159,89,70,178.24674518527573,0.41304077339869094,0.8829696046541844,0.12132311979923444,4364075.097933866,50776.43639016435,4414851.53432403,2936,15,1720.6450216450216,92,370,55,33.767253315062966,0.579004329004329,38.429659498207876,33368.2717204244,362.698605656787,0
2938,128.03782488893154,0,0,462,0.0,0.0,1.0,462,12350,8500,3850,0.6882591093117408,162,85,77,174.22451418225387,0.41288935215182504,0.8805323506778904,0.11899667540451403,4383993.753408812,48009.83637313628,4432003.589781948,2937,16,1721.6450216450216,95,367,60,33.75458701331007,0.5800414862914862,38.313802083333314,33505.73158470424,352.69191141793937,0
2939,127.78244496149301,0,0,462,0.0,0.0,1.0,462,13550,9700,3850,0.7158671586715867,174,97,77,176.329727563286,0.4128485623198204,0.8816739976521368,0.12094236330443148,4379945.715791074,48512.92696148298,4428458.642752557,2938,17,1722.6450216450216,98,364,63,33.556619380592615,0.5814619408369408,38.17340067340065,33456.84301790577,341.39635732556906,0
2940,128.00218464543966,0,0,462,0.0,0.0,1.0,462,12500,8400,4100,0.672,166,84,82,174.41343392202378,0.41286812578840776,0.8794832732679265,0.12026455493979353,4393393.540324617,48353.37078777068,4441746.911112388,2939,18,1723.6450216450216,108,354,66,33.42725658982591,0.5829500360750361,37.99694189602446,33536.96382109483,310.5274427879151,0
2941,128.4340211243671,1,0,463,0.0021598272138228943,0.0,1.0,463,12400,8900,3500,0.717741935483871,159,89,70,171.63170843837923,0.41303871014994126,0.878669170930964,0.11892594056337083,4413661.544231858,46504.85426105717,4460166.398492916,2940,0,1720.9200863930885,114,349,65,33.33556473067755,0.5844132469402448,37.83514492753623,33670.886534443365,295.35865381090673,0
2942,128.61975038131732,0,1,462,0.0,0.0021598272138228943,0.9978401727861771,463,12450,8400,4050,0.6746987951807228,165,84,81,172.7500574327509,0.41297871494955724,0.8801549954830401,0.12004478513320407,4423240.023565321,47772.993621949536,4471013.01718727,2941,1,1721.9200863930885,116,347,67,33.20984825338632,0.5856506479481641,37.740384615384606,33731.76626586936,290.79108849887376,0
2943,128.89635691775356,1,2,461,0.0021598272138228943,0.004319654427645789,0.9956803455723542,463,12850,9500,3350,0.7392996108949417,162,95,67,173.60325511371428,0.41304319031100883,0.8819518487695024,0.12114993915844456,4437472.135954283,48621.921455613825,4486094.057409897,2942,0,1721.0323974082073,123,340,54,33.04547103769156,0.5874055075593952,37.600806451612904,33822.3001065436,274.9780496466959,0
2944,129.09202730743857,0,0,461,0.0,0.0,1.0,461,12450,9000,3450,0.7228915662650602,159,90,69,175.58213154553022,0.41265856361407144,0.8834460089920058,0.1231710299903832,4450003.752616933,51618.22885401908,4501621.981470952,2943,3,1728.4381778741865,88,373,56,32.81951130724197,0.5887789226319595,37.4297752808989,33895.72261955878,385.17866613134976,0
2945,129.39755623865423,0,0,461,0.0,0.0,1.0,461,13100,9300,3800,0.7099236641221374,169,93,76,178.98004357358982,0.4125591420667107,0.8859015777475916,0.1262540848244686,4466708.207915274,54590.325936638226,4521298.533851912,2944,4,1729.4381778741865,90,371,59,32.54543507304467,0.5900442877801879,37.24816849816852,33999.44489356787,377.77160992853186,0
2946,129.57159189949203,0,0,461,0.0,0.0,1.0,461,14650,11200,3450,0.764505119453925,181,112,69,174.94019673375917,0.41250235782325756,0.8830025581112406,0.12397268285060743,4477811.903783882,49819.859076945,4527631.762860827,2945,5,1730.4381778741865,95,366,64,32.49932071759738,0.5914452277657267,37.09852430555557,34064.56271845495,358.574344404789,0
2947,129.7528796862149,0,0,461,0.0,0.0,1.0,461,12000,8300,3700,0.6916666666666667,157,83,74,173.5444154441168,0.4124137429658273,0.8812635117658318,0.12345615696154337,4488325.423650931,51584.76239409453,4539910.1860450255,2946,6,1731.4381778741865,100,361,67,32.40934073115586,0.5926879971077368,36.97400990099011,34128.37964766453,341.2837964766453,0
2948,129.1788875310233,0,0,461,0.0,0.0,1.0,461,13700,9400,4300,0.6861313868613139,180,94,86,172.66282896600896,0.41225537583702726,0.8805935215734881,0.12318271371076192,4471634.589315477,48517.01565869377,4520151.60497417,2947,7,1732.4381778741865,105,356,65,32.33780734516029,0.5937048083875633,36.880896226415096,33989.43311363159,323.7088867964913,0
2949,128.78692309719102,0,0,461,0.0,0.0,1.0,461,11900,8100,3800,0.680672268907563,157,81,76,177.2617998757464,0.4120514241252476,0.8842332378935964,0.12712824788634827,4463801.294908606,54152.29036463723,4517953.5852732435,2948,8,1733.4381778741865,110,351,63,32.04461612489308,0.5948345986984815,36.711711711711715,33908.08853617487,308.2553503288625,0
2950,128.29498397578377,0,0,461,0.0,0.0,1.0,461,14050,10400,3650,0.7402135231316725,177,104,73,187.57823355935676,0.41176200132038104,0.8901770366330333,0.13516790931641717,4451915.623633294,60766.49372728828,4512682.117360583,2949,9,1734.4381778741865,113,348,56,31.617262379614544,0.5961903470715835,36.558845029239784,33798.1787555359,299.09892704014067,0
2951,127.84214645845867,0,0,461,0.0,0.0,1.0,461,12150,8200,3950,0.6748971193415638,161,82,79,187.5241548375873,0.4115103036876356,0.8909448365594141,0.13551613551465252,4439292.732198834,62144.92353644675,4501437.655735281,2950,10,1735.4381778741865,118,343,58,31.52520815341353,0.5974557122198121,36.467086834733905,33690.613281498365,285.5136718771048,0
2952,127.5596566892722,0,0,461,0.0,0.0,1.0,461,12550,8800,3750,0.701195219123506,163,88,75,186.07395201666878,0.41146904178062815,0.889568464261552,0.12569185138201147,4355238.822710426,57329.29994363163,4412568.122654057,2951,11,1736.4381778741865,108,353,55,33.82262409791306,0.5745887563268257,38.68501529051989,33333.24973730391,308.6412012713325,8
2953,127.15709979399988,1,0,462,0.0021645021645021645,0.0,1.0,462,13700,9600,4100,0.7007299270072993,178,96,82,186.8869634753944,0.41180191675039834,0.8915579844740904,0.1269223197840063,4347510.754231224,56398.61670697875,4403909.370938202,2952,0,1733.6774891774892,82,380,57,33.61699702438087,0.5760957792207793,38.50401606425702,33251.07092504741,405.50086493960254,0
2954,127.52129772155408,0,0,462,0.0,0.0,1.0,462,12400,9100,3300,0.7338709677419355,157,91,66,182.33746312600732,0.41170351250340403,0.888790446246811,0.12427601344457587,4363958.866216546,54342.6377704334,4418301.503986979,2953,1,1734.6774891774892,85,377,61,33.61396939673135,0.5770878427128427,38.38420542635657,33361.58562848632,392.48924268807434,0
2955,127.17204222386059,0,0,462,0.0,0.0,1.0,462,13300,10000,3300,0.7518796992481203,166,100,66,178.54850875827793,0.41189836465053387,0.8855435222217234,0.12227611144820326,4357317.322130222,49898.502010590964,4407215.824140813,2954,2,1735.6774891774892,91,371,65,33.55067762399074,0.5784406565656566,38.224637681159386,33290.50742997761,365.8297519777759,0
2956,127.32597834216173,0,1,461,0.0,0.0021645021645021645,0.9978354978354979,462,12200,8400,3800,0.6885245901639344,160,84,76,176.76901772184885,0.41200351829419074,0.8839061937229002,0.12146706213532464,4366342.992332207,49766.83235824638,4416109.824690454,2955,3,1736.6774891774892,96,366,67,33.482746955345036,0.5797258297258296,38.112113402061816,33345.1313770431,347.34511851086563,0
2957,127.5229191901129,0,0,461,0.0,0.0,1.0,461,12750,8800,3950,0.6901960784313725,167,88,79,173.82173119699397,0.41201487786475527,0.8819312704335922,0.11973198398773229,4375790.498979634,47171.4959775978,4422961.994957232,2956,4,1739.3318872017353,97,364,71,33.47788011577266,0.5810059652928417,38.03146258503398,33406.99262712034,344.4019858466014,0
2958,127.19011270711178,0,0,461,0.0,0.0,1.0,461,12800,9300,3500,0.7265625,163,93,70,170.83669286044895,0.41195829010657364,0.8799837223979143,0.1180838239661768,4368196.474093201,44249.64787974883,4412446.121972949,2957,5,1740.3318872017353,99,362,69,33.4393216746158,0.5822035430224151,37.91666666666663,33334.408705321715,336.71119904365366,0
2959,127.34148709170836,0,0,461,0.0,0.0,1.0,461,10150,6900,3250,0.6798029556650246,134,69,65,172.8884968782913,0.41188205382124554,0.8803796672848523,0.11976524895988779,4375825.740401976,48955.98697188418,4424781.72737386,2958,6,1741.3318872017353,102,359,69,33.31147288017895,0.58324295010846,37.84385113268604,33383.35384699848,327.2877828137106,0
2960,127.33678668468234,0,0,461,0.0,0.0,1.0,461,13050,9600,3450,0.735632183908046,165,96,69,172.5620977853972,0.4117480508661071,0.8799534999897509,0.11991147459449637,4379094.057264813,45883.13138423322,4424977.188649046,2959,7,1742.3318872017353,107,354,67,33.21553240655606,0.5844179320318149,37.74112654320982,33395.20222553166,312.1046936965576,0
2961,126.8848704536109,0,0,461,0.0,0.0,1.0,461,13950,9400,4550,0.6738351254480287,185,94,91,177.31389839056635,0.4116445031280455,0.8832942544610596,0.12398038592770452,4370352.244117964,48834.83874890077,4419187.082866865,2960,8,1743.3318872017353,112,349,59,32.883037135899585,0.5858414678235719,37.536873156342146,33302.59984840662,297.34464150363056,0
2962,126.93199467342143,0,0,461,0.0,0.0,1.0,461,12200,8200,4000,0.6721311475409836,162,82,80,174.07504019899724,0.4115686598132604,0.8806705720513355,0.12214748130877397,4375845.101256241,47945.08238115439,4423790.1836373955,2961,9,1744.3318872017353,91,370,60,32.849893277564576,0.5872198120028922,37.420742753623216,33329.708882148356,366.26053716646544,0
2963,126.52584313954293,0,0,461,0.0,0.0,1.0,461,13950,9900,4050,0.7096774193548387,180,99,81,169.78530021984903,0.41152857681788174,0.877442837071517,0.11952825264081568,4365403.913609317,42086.28281061399,4407490.196419931,2962,10,1745.3318872017353,94,367,65,32.85356750288711,0.5886433477946493,37.3135964912281,33236.61868524187,353.5810498429986,0
2964,126.90833246373532,0,0,461,0.0,0.0,1.0,461,12200,9100,3100,0.7459016393442623,153,91,62,166.85881605006668,0.4113242321355591,0.8767583872463989,0.11827804926646977,4386069.613722484,41970.8765717832,4428040.4902942665,2963,11,1746.3318872017353,98,363,70,32.70275543282505,0.5897279464931309,37.08964646464649,33365.514554623194,340.4644342308489,0
2965,126.79611516889797,0,1,460,0.0,0.0021691973969631237,0.9978308026030369,461,13000,9600,3400,0.7384615384615385,164,96,68,165.84305323129783,0.41123443836650003,0.8762686538728464,0.11801510127262957,4386390.95950947,40290.4938782436,4426681.453387713,2964,12,1747.3318872017353,100,361,74,32.60142199916352,0.5909481200289226,36.96369636963698,33351.98144871692,333.5198144871692,0
2966,126.9154055905595,0,0,460,0.0,0.0,1.0,460,12800,9300,3500,0.7265625,163,93,70,167.9403224817,0.41140278172460615,0.8776255911779205,0.11996911454280117,4394683.395429056,42808.909326666915,4437492.304755723,2965,13,1748.8260869565217,103,357,70,32.419407018345176,0.592572463768116,36.838942307692335,33399.192372660196,324.26400361806014,0
2967,127.4276069801496,0,0,460,0.0,0.0,1.0,460,12400,8800,3600,0.7096774193548387,160,88,72,165.27665740852473,0.4113207863660762,0.875907310081222,0.11861337400769588,4417421.582812506,41619.3347143061,4459040.917526812,2966,14,1749.8260869565217,107,353,68,32.3379120879121,0.5937273550724638,36.68981481481483,33552.9867916484,313.5793158097981,0
2968,127.68859287437466,0,0,460,0.0,0.0,1.0,460,12900,9700,3200,0.751937984496124,161,97,64,163.98599628314668,0.4112130379527012,0.8754106516870335,0.1180963666781057,4430223.401252951,40398.919642276596,4470622.320895227,2967,15,1750.8260869565217,112,348,58,32.25842198581562,0.5950407608695651,36.57817109144545,33635.962665727886,300.32109522971325,0
2969,127.74272392218653,0,0,460,0.0,0.0,1.0,460,15000,10900,4100,0.7266666666666667,191,109,82,164.59871257857176,0.41095343531937734,0.876022865815909,0.11881758093731183,4434649.172247342,38987.50889791012,4473636.681145252,2968,16,1751.8260869565217,117,343,59,32.16533635967705,0.5965579710144928,36.50247175141246,33659.8920052383,287.69138466015636,0
2970,128.19934246104384,0,0,460,0.0,0.0,1.0,460,11300,7800,3500,0.6902654867256637,148,78,70,174.44167552895942,0.4107072519023713,0.882496102546336,0.11833746096694295,4381883.01561862,49576.60304328082,4431459.618661901,2969,17,1752.8260869565217,117,343,56,33.98074369189911,0.5766983695652175,38.54166666666667,33518.786414293834,286.48535396832335,8
2971,128.30339238612098,0,1,459,0.0,0.002173913043478261,0.9978260869565218,460,12300,8800,3500,0.7154471544715447,158,88,70,171.6626953454303,0.41098599665308955,0.8810426250005277,0.10650537210310555,4282066.719415244,42714.22294075758,4324780.942356002,2970,18,1753.8260869565217,82,378,63,37.20651575504388,0.5456068840579711,41.641566265060256,33148.26349975776,404.2471158507044,8
2972,128.27411703723087,3,0,462,0.006493506493506494,0.0,1.0,462,12750,8700,4050,0.6823529411764706,168,87,81,181.4465187205569,0.4124552387838722,0.8822759913161262,0.11366613080793822,4292515.022740801,50622.38148640124,4343137.404227202,2971,0,1746.2683982683982,92,370,66,36.60296791791138,0.5477092352092352,41.297043010752674,33184.893382716255,360.70536285561144,0
2973,128.64716447126412,2,0,464,0.004310344827586207,0.0,1.0,464,11200,7700,3500,0.6875,147,77,70,179.77528368321677,0.4131592748442194,0.8810567622311802,0.11315046967278326,4310568.912428141,50986.74981356363,4361555.662241704,2972,0,1739.7370689655172,96,368,71,36.47587737492737,0.5491199712643677,41.129725085910636,33302.926833594,346.9054878499375,0
2974,128.74680175565044,1,0,465,0.002150537634408602,0.0,1.0,465,12800,9400,3400,0.734375,162,94,68,174.52379698216515,0.41363996261277963,0.8800465566360149,0.1090945371379452,4305779.979436583,44492.21419621002,4350272.193632793,2973,0,1736.9935483870968,95,370,63,36.86005349276273,0.5500896057347671,41.37369791666663,33297.309243119395,350.4979920328357,8
2975,129.0131864583126,1,0,466,0.002145922746781116,0.0,1.0,466,15250,11200,4050,0.7344262295081967,193,112,81,180.4214753123158,0.41407915686003044,0.8834523186433583,0.11345522220559616,4321768.155760992,47497.957324034884,4369266.113085027,2974,0,1734.263948497854,98,368,68,36.49161585365848,0.5518821530758227,41.16161616161613,33393.56467670932,340.7506599664216,0
2976,128.67350359833665,6,0,472,0.012711864406779662,0.0,1.0,472,13700,9700,4000,0.708029197080292,177,97,80,177.81385643353892,0.41610073905142325,0.8830415653026182,0.11275960081973292,4320310.088042074,45542.19954869432,4365852.287590768,2975,0,1713.2055084745762,108,364,73,36.25611570044743,0.5541357697740112,40.863914373088654,33343.94804637281,308.74025968863714,0
2977,129.07812474510712,2,8,466,0.004219409282700422,0.016877637130801686,0.9831223628691983,474,12800,8600,4200,0.671875,170,86,84,176.93382975533822,0.4168298379734941,0.883116020529892,0.11264852186385503,4338584.185036862,45928.46311490165,4384512.648151764,2976,0,1706.9725738396623,115,359,55,36.13630525635251,0.5555995077355838,40.72377873563216,33466.88843180168,291.01642114610155,0
2978,129.04275977798744,1,1,466,0.0021413276231263384,0.0021413276231263384,0.9978586723768736,467,15000,11600,3400,0.7733333333333333,184,116,68,182.2819542863226,0.41519450392576734,0.8857093733881445,0.11669452213657164,4343871.165979866,49961.865060564276,4393833.03104043,2977,0,1733.0620985010707,87,380,61,35.800638686131435,0.5566336545324768,40.53030303030305,33482.68577572802,384.85845719227615,0
2979,128.85988082035936,1,0,467,0.0021413276231263384,0.0,1.0,467,14250,9900,4350,0.6947368421052632,186,99,87,180.4221640216409,0.4150788599804554,0.8853708669002274,0.11617589528330828,4344502.44688715,49118.906612939805,4393621.353500091,2978,0,1734.0535331905783,90,377,65,35.64231136580705,0.5581950392576731,40.32738095238097,33461.38274278699,371.7931415865221,0
2980,128.45816975348436,0,1,466,0.0,0.0021413276231263384,0.9978586723768736,467,13400,10100,3300,0.753731343283582,167,101,66,178.24732155527778,0.4153654808184222,0.8835855002161683,0.115281848303394,4336077.666939296,47778.846037518364,4383856.512976814,2979,1,1735.0535331905783,96,371,67,35.54263966384243,0.5595779800142755,40.173969072164965,33376.7763873021,347.6747540343969,0
2981,128.03244193426718,0,1,465,0.0,0.002145922746781116,0.9978540772532188,466,12150,8700,3450,0.7160493827160493,156,87,69,181.4483314752694,0.4155725537249835,0.8857462989472646,0.11788529741826362,4326947.240702862,51673.471441412396,4378620.712144274,2980,2,1735.0922746781116,100,366,64,35.29914445149689,0.5608458512160228,40.01650165016504,33286.32215634319,332.86322156343186,0
2982,128.5033692886155,0,0,465,0.0,0.0,1.0,465,13400,9900,3500,0.7388059701492538,169,99,70,183.27243951704628,0.4156031779137313,0.8869232978812793,0.11941265079959262,4346185.047767426,52907.187259370694,4399092.235026796,2981,3,1739.5182795698925,102,363,65,35.150467913572065,0.5620967741935483,39.917071197411026,33421.5326455841,327.66208476062843,0
2983,128.72470407410015,1,0,466,0.002145922746781116,0.0,1.0,466,13050,9900,3150,0.7586206896551724,162,99,63,183.0017350337497,0.41624815404494897,0.8873486017136827,0.1195895059174046,4357095.061040418,53221.19117547669,4410316.252215895,2982,0,1736.783261802575,107,359,66,35.05338078291818,0.563550608011445,39.81481481481483,33492.26096742813,313.0117847423189,0
2984,128.94111991749975,3,1,468,0.006396588486140725,0.0021321961620469083,0.997867803837953,469,11550,7300,4250,0.6320346320346321,158,73,85,181.09185198576859,0.4168918077500167,0.8878269356847224,0.11891795664048262,4370042.188806563,52925.80664538573,4422967.995451949,2983,0,1726.6673773987206,113,356,59,34.932519975666544,0.5653207178393745,39.64729532163744,33570.16931477838,297.0811443785697,0
2985,128.90269091483398,3,0,471,0.006369426751592357,0.0,1.0,471,12300,8400,3900,0.6829268292682927,162,84,78,167.53951064114972,0.4170312523527729,0.8813794485503774,0.10995541482664646,4368077.196485728,39865.10318839827,4407942.299674126,2984,0,1720.3269639065818,111,360,63,35.30543299632028,0.5648000707714084,39.66703869047622,33557.61924662538,302.32089411374216,8
2986,129.2396936789071,1,2,470,0.00211864406779661,0.00423728813559322,0.9957627118644068,472,13250,9500,3750,0.7169811320754716,170,95,75,173.26902210031386,0.41739977674019696,0.885798217882644,0.11444688536151111,4386906.029732145,44372.98356353083,4431279.013295677,2985,0,1717.6800847457628,83,389,66,34.932346945250934,0.5662738347457628,39.44692460317458,33673.79965138262,405.7084295347304,0
2987,129.00974020654755,0,1,469,0.0,0.002127659574468085,0.997872340425532,470,13350,9700,3650,0.7265917602996255,170,97,73,160.94645852034967,0.41712533457333395,0.8751591714206155,0.10362634098157439,4349454.2364969645,32655.851172104867,4382110.087669069,2986,1,1725.9808510638297,98,372,65,36.151096748922846,0.5589317375886524,40.33038720538723,33499.90928616812,341.8358090425318,8
2988,128.87042641041393,1,1,469,0.002127659574468085,0.002127659574468085,0.997872340425532,470,13650,9800,3850,0.717948717948718,175,98,77,161.9418376553668,0.417122026644891,0.8764261535239137,0.10471352089871773,4349740.532114864,33230.995018944515,4382971.5271338085,2987,0,1726.9489361702128,100,370,68,35.97396991108291,0.5604609929078015,40.18151815181521,33482.91854508235,334.8291854508235,0
2989,128.87520910471184,0,1,468,0.0,0.0021321961620469083,0.997867803837953,469,12750,9700,3050,0.7607843137254902,158,97,61,160.48712149700492,0.417006466446765,0.8753822234792787,0.10401913077809773,4352661.765899195,33159.23153184839,4385820.997431044,2988,1,1731.597014925373,102,367,71,35.92803546182082,0.5617448471926083,40.09911003236249,33494.78154108039,328.3802111870626,0
2990,128.90256191125303,1,0,469,0.0021321961620469083,0.0,1.0,469,13700,9800,3900,0.7153284671532847,176,98,78,170.72449594236645,0.41727488928981465,0.8795415614165307,0.10715848408926448,4315863.36225715,39864.71941549492,4355728.081672645,2989,0,1732.586353944563,101,368,69,36.80965277503714,0.5501288201847903,41.22753267973855,33356.43398967758,330.261722670075,8
2991,128.84533924319024,0,0,469,0.0,0.0,1.0,469,12350,9000,3350,0.728744939271255,157,90,67,171.52673646791928,0.4171727595235058,0.8809438174187567,0.1081844527422561,4319678.902818859,42038.084957966435,4361716.987776825,2990,1,1733.586353944563,103,366,67,36.61410184504699,0.5515502842928216,41.05568910256408,33363.76758267395,323.92007361819367,0
2992,128.81858970408194,1,0,470,0.002127659574468085,0.0,1.0,470,13600,9900,3700,0.7279411764705882,173,99,74,169.14479043439314,0.41747758169638133,0.8801538707976757,0.10718248624052334,4324305.671643587,38686.75532088,4362992.426964466,2991,0,1730.895744680851,109,361,65,36.50744341300584,0.5532801418439717,40.89015151515148,33378.16526025603,306.2216996353764,0
2993,128.5939135349865,0,0,470,0.0,0.0,1.0,470,13000,9200,3800,0.7076923076923077,168,92,76,169.69055717316712,0.4175237981823406,0.8806800590416548,0.10783561213907539,4320118.758984768,39616.67185327239,4359735.43083804,2992,1,1731.895744680851,113,357,57,36.39091582064293,0.5545877659574467,40.789473684210485,33332.89600841038,294.9813806054016,0
2994,128.53452645087978,0,0,470,0.0,0.0,1.0,470,13300,9700,3600,0.7293233082706767,169,97,72,173.45456766942618,0.4176184994480485,0.8831462890134238,0.11060386705505654,4322121.273241094,42638.335372970745,4364759.608614065,2993,2,1732.895744680851,116,354,59,36.17130996521095,0.5560062056737589,40.66951566951564,33332.92099769566,287.35276722151434,0
2995,128.86063081750754,0,1,469,0.0,0.002127659574468085,0.997872340425532,470,13550,9300,4250,0.6863468634686347,178,93,85,163.59244249780377,0.41764600251024514,0.8784485618158528,0.1058400672644302,4350062.162664061,34777.4588414999,4384839.621505561,2994,3,1733.895744680851,98,372,69,35.91128433556049,0.5621010638297872,40.16203703703706,33482.883817743874,341.6620797728967,8
2996,128.40785723446714,1,0,470,0.002127659574468085,0.0,1.0,470,12800,8800,4000,0.6875,168,88,80,160.862686736812,0.4179752831586747,0.8763395891055461,0.10448373134353987,4339332.592544162,32807.33989625481,4372139.932440417,2995,0,1730.8531914893617,105,365,70,35.843531468531495,0.5635195035460994,40.02555031446542,33382.76201982944,317.93106685551845,0
2997,127.99518935410569,0,0,470,0.0,0.0,1.0,470,14300,10800,3500,0.7552447552447552,178,108,70,162.398352483953,0.4179796307217711,0.8771215932611047,0.10600803541023715,4331129.074531881,32373.645219865786,4363502.719751747,2996,1,1731.8531914893617,111,359,64,35.628306996532146,0.564982269503546,39.8530505952381,33297.55804895555,299.978000441041,0
2998,127.70206625987393,0,0,470,0.0,0.0,1.0,470,14150,10400,3750,0.734982332155477,179,104,75,159.9162419204586,0.41788681970088765,0.875379270115261,0.10473151518696273,4324980.663828698,30176.930827626114,4355157.594656324,2997,2,1732.8531914893617,119,351,56,35.57759655793472,0.5664007092198582,39.739583333333314,33235.79297398879,279.2923779326789,0
2999,127.78859268107547,0,0,470,0.0,0.0,1.0,470,14250,10200,4050,0.7157894736842105,183,102,81,165.4570807796107,0.4179919173131304,0.8793125897193548,0.10869514364756358,4331445.535355759,35083.66676716767,4366529.202122927,2998,3,1733.8531914893617,124,346,58,35.325382473434885,0.5678191489361701,39.63333333333332,33271.88991439579,268.3216928580306,0
3000,127.5797666658896,0,1,469,0.0,0.002127659574468085,0.997872340425532,470,11450,7500,3950,0.6550218340611353,154,75,79,164.6362067840193,0.4180389844092607,0.8798007147651206,0.10846104635202891,4327583.895058092,37045.39940439403,4364629.294462486,2999,4,1734.8531914893617,88,382,60,35.24834486684041,0.568927304964539,39.53651685393256,33229.87040475989,377.61216369045326,0
3001,127.94336559711445,2,1,470,0.004246284501061571,0.0021231422505307855,0.9978768577494692,471,13400,9200,4200,0.6865671641791045,176,92,84,162.34449640500503,0.4185360858893858,0.8774245628004873,0.10779154197612204,4348848.092657217,33602.31070886046,4382450.403366078,3000,0,1732.1486199575372,95,376,67,35.03583343737427,0.5705944798301485,39.268663194444436,33358.844747537485,351.1457341846051,0
3002,127.59777247481183,0,1,469,0.0,0.002127659574468085,0.997872340425532,470,12900,9100,3800,0.7054263565891473,167,91,76,161.93882681768335,0.4185889511409518,0.8771742183842257,0.10787130320591594,4340778.211178073,33688.10619878756,4374466.31737686,3001,1,1736.068085106383,97,373,70,34.93412116272751,0.571697695035461,39.158163265306115,33282.83733558542,343.12203438747855,0
3003,127.2111407961061,1,0,470,0.002127659574468085,0.0,1.0,470,12200,8900,3300,0.7295081967213115,155,89,66,158.8764015581366,0.41882806711125226,0.8740076255746898,0.10628026080992906,4332401.124205955,31463.260144054162,4363864.384350009,3002,0,1736.7063829787235,107,363,67,34.867827401850285,0.5732934397163121,39.01427469135803,33200.291848011635,310.2831013832863,0
3004,126.9811793182674,0,0,470,0.0,0.0,1.0,470,14500,10100,4400,0.696551724137931,189,101,88,159.71593481213125,0.4186365853105294,0.8737890448166568,0.10723784194528864,4328725.696204541,29773.29422292115,4358498.990427462,3003,1,1737.7063829787235,113,357,62,34.718528368794296,0.5747118794326241,38.8888888888889,33156.196821992235,293.4176709910817,0
3005,126.66745671161596,0,0,470,0.0,0.0,1.0,470,14350,10300,4050,0.7177700348432056,184,103,81,161.35101959168222,0.41858885662871054,0.8748300794690715,0.10870723916968093,4321859.937590815,31117.301492546314,4352977.239083362,3004,2,1738.7063829787235,116,354,70,34.55822625904593,0.5762411347517731,38.773148148148174,33088.94094885657,285.2494909384187,0
3006,127.19658776600721,0,0,470,0.0,0.0,1.0,470,12600,8700,3900,0.6904761904761905,165,87,78,160.31149700188425,0.4184425516792935,0.8749607623707989,0.1084210102348144,4344201.857791058,32685.100620171135,4376886.958411229,3005,3,1739.7063829787235,121,349,58,34.45429053686159,0.5775265957446809,38.64412568306012,33243.57540571635,274.74029260922606,0
3007,127.08809557468778,0,1,469,0.0,0.002127659574468085,0.997872340425532,470,12100,8300,3800,0.6859504132231405,159,83,76,158.37852524784972,0.4182840546507584,0.8730093785463977,0.10754587329472362,4344993.44444125,31530.730788434754,4376524.175229684,3006,4,1740.7063829787235,94,376,60,34.367312423124226,0.579011524822695,38.50877192982454,33232.42218492468,353.536406222603,0
3008,126.95295478829406,0,0,469,0.0,0.0,1.0,469,11750,7700,4050,0.6553191489361702,158,77,81,157.84555239188578,0.4177796533206981,0.8720872677429192,0.10758420544604735,4344521.559102883,31602.681075009048,4376124.240177891,3007,5,1742.8144989339019,98,371,61,34.254343629343644,0.5803349324804549,38.38383838383836,33212.944737543265,338.90759936268637,0
3009,126.51169147932644,2,0,471,0.004246284501061571,0.0,1.0,471,11400,8000,3400,0.7017543859649122,148,80,68,154.08155231722293,0.4182149794461761,0.8694362969994507,0.10549964290832037,4334475.284141826,27972.53605224047,4362447.8201940665,3008,0,1736.4097664543524,103,368,67,34.197795102353126,0.5816303963198868,38.23116987179485,33116.81747608341,321.52249976780007,0
3010,127.01053306138944,0,0,471,0.0,0.0,1.0,471,13450,9600,3850,0.7137546468401487,173,96,77,151.238166334963,0.4181743235307404,0.8681517192864414,0.10411685335291114,4357581.374126477,24156.523335653575,4381737.8974621305,3009,1,1737.4097664543524,105,366,75,34.08863545418164,0.5829794762915782,38.05031446540877,33270.36919501127,316.8606590001073,0
3011,127.521699044905,0,0,471,0.0,0.0,1.0,471,13700,10000,3700,0.7299270072992701,174,100,74,151.57186001709584,0.41791533029166855,0.8686070574323435,0.10486550070836409,4380616.00387784,24895.62314568283,4405511.627023523,3010,2,1738.4097664543524,107,364,72,33.91288882347163,0.5844612526539278,37.88580246913577,33425.24781292718,312.38549357875866,0
3012,127.30115580030267,0,0,471,0.0,0.0,1.0,471,12450,8800,3650,0.7068273092369478,161,88,73,155.01718870012076,0.41768212344340544,0.8711422342750117,0.10754875815378544,4376118.3350330265,29024.712343172425,4405143.047376199,3011,3,1739.4097664543524,109,362,77,33.72891009666893,0.5857218683651805,37.793560606060566,33379.18279312995,306.2310347993573,0
3013,127.25347169619278,0,0,471,0.0,0.0,1.0,471,12750,9100,3650,0.7137254901960784,164,91,73,155.72100438708895,0.4175450979506407,0.871172775861659,0.1082928356223343,4377083.5765885115,29370.770166517184,4406454.346755029,3012,4,1740.4097664543524,115,356,72,33.63119693234725,0.586694975230007,37.71551724137928,33376.61100307427,290.2314000267328,0
3014,127.48697029095096,0,0,471,0.0,0.0,1.0,471,12700,9100,3600,0.7165354330708661,163,91,72,157.4198188522206,0.41733410127840265,0.8728036090431559,0.10978204894841258,4388208.198595156,31258.187941735712,4419466.386536892,3013,5,1741.4097664543524,126,345,58,33.49269801077456,0.5880219391365888,37.62303149606299,33449.6447886912,265.47337133881905,0
3015,127.26376215399651,0,0,471,0.0,0.0,1.0,471,13600,10500,3100,0.7720588235294118,167,105,62,160.96651642271996,0.4171492674406348,0.8769834696706196,0.11279330964924808,4385769.118606437,33392.39537128437,4419161.513977721,3014,6,1742.4097664543524,91,380,60,33.24011479133424,0.5896364118895966,37.46603260869566,33411.060383432145,367.15450970804557,0
3016,127.72900932340607,0,2,469,0.0,0.004246284501061571,0.9957537154989384,471,13100,9400,3700,0.7175572519083969,168,94,74,160.69004748836818,0.4171319510322085,0.876792705951877,0.11286404106044351,4404379.829989441,34248.00080756363,4438627.8307970045,3015,7,1743.4097664543524,93,378,61,33.16928995414525,0.590697983014862,37.389184397163135,33543.019314562174,360.67762703830294,0
3017,127.58144942317071,0,1,468,0.0,0.0021321961620469083,0.997867803837953,469,12750,9300,3450,0.7294117647058823,162,93,69,160.7931633367227,0.41687339401891643,0.8763858130226372,0.11330396014868306,4402850.452337135,35039.650385962224,4437890.1027230965,3016,8,1751.628997867804,95,374,63,33.05867613855391,0.591684434968017,37.28298611111113,33517.81742007189,352.81913073759887,0
3018,127.2810966504413,0,0,468,0.0,0.0,1.0,468,11050,7600,3450,0.6877828054298643,145,76,69,159.99317818545364,0.41680145286944,0.8759754738015619,0.11302982264880015,4395283.6364033595,35993.07960293891,4431276.716006299,3017,9,1755.5213675213674,96,372,65,32.9946809959682,0.592815170940171,37.199312714776646,33449.559678153055,348.4329133140943,0
3019,126.92453221898161,0,0,468,0.0,0.0,1.0,468,14000,10000,4000,0.7142857142857143,180,100,80,159.52527158746136,0.41652577981539435,0.8755692279809708,0.11325106749670696,4388271.615261457,32408.0442448272,4420679.659506284,3018,10,1756.5213675213674,101,367,67,32.845571672686305,0.5942396723646723,37.0404411764706,33376.01899618641,330.455633625608,0
3020,126.50759906071521,0,0,468,0.0,0.0,1.0,468,13900,10200,3700,0.7338129496402878,176,102,74,164.1913396425574,0.4162300890084616,0.878019316664763,0.11698081527784468,4377710.984660127,36256.44622785858,4413967.430887986,3019,11,1757.5213675213674,104,364,68,32.605132991427226,0.5955751424501424,36.9246031746032,33281.036824326184,320.00996946467484,0
3021,126.68378881468513,0,1,467,0.0,0.002136752136752137,0.9978632478632479,468,14550,10900,3650,0.7491408934707904,182,109,73,161.1302913113042,0.4158004699024506,0.8756561411700607,0.11534408293793758,4388903.418279091,33287.05726489935,4422190.47554399,3020,12,1758.5213675213674,112,356,64,32.530350785034734,0.5970219017094017,36.77175516224191,33346.75137908708,297.7388515989918,0
3022,127.08105607692089,0,0,467,0.0,0.0,1.0,467,13850,9900,3950,0.7148014440433214,178,99,79,159.09317531629256,0.41562836018417254,0.8741576765521766,0.11416862669173725,4405341.231608436,32921.94497767615,4438263.176586113,3021,13,1762.1498929336187,115,352,65,32.502756746924995,0.5984341541755889,36.691810344827616,33461.48281508189,290.96941578332076,0
3023,127.29377550078422,0,0,467,0.0,0.0,1.0,467,11050,7400,3650,0.669683257918552,147,74,73,160.50795892223036,0.4154112405914843,0.8747033285216608,0.1154607038790505,4415304.113812499,37288.29026579537,4452592.4040782945,3022,14,1763.1498929336187,119,348,58,32.38703776942853,0.5993709850107066,36.61458333333335,33527.32409934743,281.7422193222473,0
3024,127.09767659060275,0,0,467,0.0,0.0,1.0,467,12600,9200,3400,0.7301587301587301,160,92,68,161.10162600703939,0.4151202160933484,0.8756353035267399,0.11627334746595078,4412073.036193838,36158.42803852933,4448231.464232367,3023,15,1764.1498929336187,125,342,60,32.263036521084366,0.6008877587437544,36.50793650793652,33489.229069905035,267.9138325592403,0
3025,127.24089382855567,0,2,465,0.0,0.004282655246252677,0.9957173447537473,467,13500,10900,2600,0.8074074074074075,161,109,52,157.0365676183389,0.4150158684936878,0.8730935937984579,0.11406138371046239,4423857.036114386,32041.464917127454,4455898.501031513,3024,16,1765.1498929336187,94,373,64,32.16384603656423,0.6022930049964311,36.30482456140349,33552.80982108462,356.94478533068747,0
3026,127.02306591248502,0,0,465,0.0,0.0,1.0,465,12050,8200,3850,0.6804979253112033,159,82,77,158.362060177355,0.41467332529971573,0.8734402536975923,0.11546845868395805,4420399.612266518,34954.71788114058,4455354.3301476585,3025,17,1770.5139784946236,97,368,64,32.00409615901155,0.6033602150537634,36.18197278911563,33510.97465930975,345.47396555989434,0
3027,127.0988733438003,0,0,465,0.0,0.0,1.0,465,12000,8500,3500,0.7083333333333334,155,85,70,157.11039123608234,0.4145607387838339,0.8723270820831657,0.11486116259853937,4425875.322098328,34070.20068339848,4459945.522781726,3026,18,1771.5139784946236,100,365,67,31.951175029961927,0.604502688172043,36.0973597359736,33541.72825001203,335.4172825001203,0
3028,127.45892089054924,0,1,464,0.0,0.002150537634408602,0.9978494623655914,465,13400,9800,3600,0.7313432835820896,170,98,72,159.34255923634367,0.4142552295760722,0.872893234370538,0.1169201895695259,4442317.453629788,35170.04640033081,4477487.500030119,3027,19,1772.5139784946236,106,359,67,31.774367010816114,0.6057795698924731,35.981308411214975,33651.53752484158,317.4673351400149,0
3029,127.15256737446609,1,0,465,0.002150537634408602,0.0,1.0,465,12700,9300,3400,0.7322834645669292,161,93,68,156.62066305264398,0.4144792439129898,0.8707521153063988,0.11564790894957278,4438311.479185031,33326.25734082442,4471637.736525855,3028,0,1773.1741935483872,110,355,69,31.644468122891176,0.6073252688172043,35.78265765765767,33595.91342368723,305.41739476079294,0
3030,127.08194926899182,0,0,465,0.0,0.0,1.0,465,15100,10900,4200,0.7218543046357616,193,109,84,158.03596678644217,0.41429713570634036,0.8733955989607634,0.11719672664946512,4440398.544770634,32248.53538798799,4472647.080158622,3029,1,1774.1741935483872,112,353,73,31.469397658983368,0.6087141577060933,35.647123893805315,33594.478790439614,299.950703486068,0
3031,126.66849471571265,0,0,465,0.0,0.0,1.0,465,13700,10300,3400,0.7518248175182481,171,103,68,151.45824472806282,0.4140335326288469,0.8683243213607716,0.10971282824484264,4401073.8492483655,26615.784025146568,4427689.633273512,3030,2,1775.1741935483872,92,373,67,32.39855534310597,0.6021729390681003,36.39112903225804,33390.93887919219,362.9449878173064,8
3032,126.66016321587034,0,0,465,0.0,0.0,1.0,465,12950,9200,3750,0.7104247104247104,167,92,75,151.50385852808458,0.41380893894450627,0.8682032247336875,0.11030801515591915,4406230.386833969,27562.181033807108,4433792.567867775,3031,3,1776.1741935483872,94,371,71,32.23182366145659,0.6034498207885305,36.22807017543857,33409.39568334369,355.4191030142946,0
3033,127.16439326718111,0,0,465,0.0,0.0,1.0,465,12300,9200,3100,0.7479674796747967,154,92,62,153.24601977295936,0.4137490730441231,0.870623205539605,0.11211251240313887,4428884.448068282,30441.78274016294,4459326.230808444,3032,4,1777.1741935483872,97,368,71,32.03114512015034,0.604502688172043,36.075680272108805,33561.77598665033,345.99769058402404,0
3034,127.39979537819458,0,0,465,0.0,0.0,1.0,465,12550,8900,3650,0.7091633466135459,162,89,73,154.51925887189367,0.41364459739216414,0.8710917052868106,0.11348363797148346,4441220.091032471,31700.807390659127,4472920.89842313,3033,5,1778.1741935483872,102,363,72,31.872630127542223,0.6056451612903226,35.9526699029126,33639.57582452722,329.799762985561,0
3035,126.99237704397126,0,0,465,0.0,0.0,1.0,465,13100,8700,4400,0.6641221374045801,175,87,88,151.06425648603124,0.4132967958225189,0.8685068942168293,0.11149667818260471,4432260.906140331,27811.239667637074,4460072.145807968,3034,6,1779.1741935483872,106,359,70,31.805166611395624,0.6070564516129032,35.79633956386291,33551.85086250302,316.5268949292738,0
3036,126.7664881420192,0,0,465,0.0,0.0,1.0,465,11950,8600,3350,0.7196652719665272,153,86,67,152.33109116476805,0.4130559804103325,0.8698713604454291,0.11272989901422621,4427171.306687445,29929.1671842094,4457100.473871655,3035,7,1780.1741935483872,108,357,70,31.68700656903514,0.6083109318996416,35.71292048929662,33502.74493088225,310.21060121187264,0
3037,126.55096118017387,0,0,465,0.0,0.0,1.0,465,13100,9400,3700,0.7175572519083969,168,94,74,150.23065933183412,0.4128524363490298,0.8682188120864736,0.1114738700899779,4422461.973149628,26777.875619245744,4449239.848768874,3036,8,1781.1741935483872,112,353,63,31.657019654334782,0.6096326164874553,35.6286873156342,33456.443728670565,298.71824757741575,0
3038,126.31008497859595,0,0,465,0.0,0.0,1.0,465,13600,9900,3700,0.7279411764705882,173,99,74,142.50932391678603,0.41246137683846246,0.8598025222078574,0.09954924045241592,4349512.659954524,17369.221707523062,4366881.881662047,3037,9,1782.1741935483872,121,344,64,33.828409682457064,0.5875,37.56830601092894,33147.76956883614,273.9485088333565,8
3039,125.96399615072748,0,0,465,0.0,0.0,1.0,465,15250,11300,3950,0.740983606557377,192,113,79,141.6209185755322,0.41247180509207765,0.8593847556367813,0.09945342953877825,4343333.121366631,14771.365265497096,4358104.486632128,3038,10,1783.1741935483872,98,367,70,33.67574191308069,0.5889336917562724,37.394781144781184,33078.802777040204,337.538803847349,0
3040,125.85616818846655,0,1,464,0.0,0.002150537634408602,0.9978494623655914,465,12050,8500,3550,0.7053941908713693,156,85,71,141.2884841899287,0.412404214559387,0.8590759130244259,0.09949568650267387,4342614.593419133,17662.2866650519,4360276.880084185,3039,11,1784.1741935483872,100,365,72,33.59245154620293,0.590076164874552,37.30404290429046,33061.90655866822,330.6190655866822,0
3041,125.98728932540489,0,0,464,0.0,0.0,1.0,464,14050,10000,4050,0.7117437722419929,181,100,81,141.39972443303503,0.4123379935639631,0.8587845457802044,0.10002664229762209,4352035.004441262,16225.310070185093,4368260.314511447,3040,12,1788.0086206896551,102,362,77,33.439544055405904,0.5914376795977012,37.15614886731395,33114.984320057876,324.65670902017524,0
3042,125.9429735974914,1,0,465,0.002150537634408602,0.0,1.0,465,11650,8500,3150,0.7296137339055794,148,85,63,139.01123030161702,0.412398034853541,0.8565092201779361,0.09863493739539685,4353761.033583795,16394.33554354658,4370155.369127342,3041,0,1785.1612903225807,105,360,81,33.40259091078972,0.5926971326164874,37.05778301886796,33115.72469092103,315.3878541992479,0
3043,125.61477086452136,0,0,465,0.0,0.0,1.0,465,11850,7600,4250,0.6413502109704642,161,76,85,140.0963434095381,0.41239629681127177,0.8574456307575331,0.09973337332727306,4345951.001705869,16920.368795204227,4362871.370501073,3042,1,1786.1612903225807,109,356,77,33.265533875729005,0.5938172043010752,36.950757575757606,33042.87031320756,303.1455992037391,0
3044,125.61076323334646,0,0,465,0.0,0.0,1.0,465,13300,10200,3100,0.7669172932330827,164,102,62,141.05645945655422,0.41233662402669635,0.8573111335607679,0.10081161650788341,4350007.263796646,16419.324648290432,4366426.588444937,3043,2,1787.1612903225807,113,352,72,33.11156053977738,0.5951388888888889,36.823830409356745,33057.75952710957,292.5465444876953,0
3045,126.19333146124269,0,1,464,0.0,0.002150537634408602,0.9978494623655914,465,12900,9400,3500,0.7286821705426356,164,94,70,169.32257720583502,0.4123559356074651,0.882530084467106,0.11777741696251069,4340856.1637568595,41100.990585427775,4381957.154342287,3044,3,1788.1612903225807,104,361,55,33.267143235371954,0.583915770609319,37.70833333333331,33099.45923118812,318.2640310691165,8
3046,126.58660184512655,0,0,464,0.0,0.0,1.0,464,14050,10800,3250,0.7686832740213523,173,108,65,168.32289845269833,0.41233983608897495,0.8818552824651507,0.11726378123938393,4356080.89858095,39795.632548714486,4395876.531129664,3045,4,1787.905172413793,105,359,56,33.24140320647282,0.5851293103448276,37.65723270440249,33209.079430596146,316.27694695805855,0
3047,126.88617006614997,0,0,464,0.0,0.0,1.0,464,12350,8700,3650,0.7044534412955465,160,87,73,167.5027740820978,0.4121331823626524,0.8821825222201187,0.11697421705069926,4369031.411503264,41214.97629572313,4410246.387798987,3046,5,1788.905172413793,106,358,59,33.18223833902157,0.5862742456896552,37.57788161993767,33297.73754189162,314.12959945180774,0
3048,126.54565683404913,0,0,464,0.0,0.0,1.0,464,11750,8200,3550,0.6978723404255319,153,82,71,168.40720704922637,0.4120464867120975,0.8825856303677373,0.11781577718862751,4359252.572802342,42275.91012155816,4401528.4829239,3047,6,1789.905172413793,107,357,60,33.098925797996124,0.5873967313218391,37.51929012345677,33215.79383759438,310.4279797906017,0
3049,126.72926012005026,0,0,464,0.0,0.0,1.0,464,14800,10600,4200,0.7162162162162162,190,106,84,167.494975991479,0.41176079836026913,0.8810784896598363,0.11762823812507063,4369763.768192393,38782.69548836464,4408546.463680757,3048,7,1790.905172413793,87,377,63,32.994938396814675,0.5888335129310345,37.39346590909093,33279.931768031856,382.527951356688,0
3050,126.90885623478539,0,0,464,0.0,0.0,1.0,464,12700,9800,2900,0.7716535433070866,156,98,58,168.8173104917467,0.4116111659343114,0.8813971765532873,0.11925254813137072,4382327.062466534,42462.533676160485,4424789.596142694,3049,8,1791.905172413793,90,374,66,32.765902227255594,0.5902029454022988,37.20238095238098,33351.345254558444,370.57050282842715,0
3051,127.35603062260708,0,0,464,0.0,0.0,1.0,464,13750,10800,2950,0.7854545454545454,167,108,59,169.15274554827903,0.4116187299843599,0.8810748570365341,0.1197803411909345,4400418.1661565555,42318.56287318237,4442736.729029738,3050,9,1792.905172413793,93,371,67,32.676594160132645,0.5916846264367817,37.123226950354635,33478.942358483066,359.9886275105706,0
3052,127.60326463441959,1,0,465,0.002150537634408602,0.0,1.0,465,12900,9500,3400,0.7364341085271318,163,95,68,176.28949322204954,0.41207244160177975,0.8874298875143432,0.11576438189388981,4324699.911390947,46579.831143311385,4371279.742534258,3051,0,1790.047311827957,113,352,56,35.05755068496351,0.5692876344086022,39.647295321637436,33221.855073360144,293.99871746336413,8
3053,128.05415984499237,1,0,466,0.002145922746781116,0.0,1.0,466,12450,9600,2850,0.7710843373493976,153,96,57,169.29431883709796,0.41243289184241694,0.8770423968983065,0.11358351646929217,4364451.015096131,42125.35233971801,4406576.367435848,3052,0,1787.2038626609442,108,358,73,34.4943417520742,0.5781026466380543,38.914373088685046,33433.10060173201,309.56574631233343,8
3054,128.38421113049475,0,0,466,0.0,0.0,1.0,466,14600,11000,3600,0.7534246575342466,182,110,72,160.30144286817278,0.41238731982709553,0.8617842053405922,0.10784678224377126,4378825.827548756,32586.419644898117,4411412.247193654,3053,1,1788.2038626609442,122,344,77,34.634403372243895,0.5785944206008584,38.82113821138213,33531.242134692424,274.8462470056756,8
3055,128.6315094253725,3,2,467,0.006396588486140725,0.0042643923240938165,0.9957356076759062,469,11950,8500,3450,0.7112970711297071,154,85,69,160.3630395687576,0.41325936708399397,0.8628885855026478,0.10829190234651491,4391496.181214236,35096.735174821384,4426592.916389057,3054,0,1777.7590618336887,128,341,58,34.50472548413679,0.5799351457000711,38.695090439276484,33612.0449370563,262.59410107075234,0
3056,128.31260515604492,0,2,465,0.0,0.004282655246252677,0.9957173447537473,467,14700,11000,3700,0.7482993197278912,184,110,74,159.02866136800213,0.41266718591563967,0.8617996108986856,0.10765562970579538,4383389.895532139,31316.925468100406,4414706.821000239,3055,1,1786.372591006424,132,335,61,34.45533948582726,0.5811697002141327,38.61215538847118,33539.35529822877,254.0860249865816,0
3057,128.362736768415,0,0,465,0.0,0.0,1.0,465,13500,9700,3800,0.7185185185185186,173,97,76,160.3841721434379,0.4126716799530343,0.864246797837128,0.10893626237794488,4388866.378190948,34280.940142864,4423147.318333812,3056,2,1794.7247311827957,99,366,65,34.30595389844912,0.5826836917562723,38.499999999999986,33566.855664940325,339.05914813071035,0
3058,128.4579107501989,0,0,465,0.0,0.0,1.0,465,12300,8800,3500,0.7154471544715447,158,88,70,160.33559821914966,0.41261799375849706,0.8650955041348269,0.10933291697568202,4396553.845837656,35684.81819501601,4432238.6640326725,3057,3,1795.7247311827957,101,364,68,34.173164122981674,0.584005376344086,38.36805555555554,33608.69296884526,332.7593363252006,0
3059,128.03571498953232,0,0,465,0.0,0.0,1.0,465,12200,8700,3500,0.7131147540983607,157,87,70,165.04083640048879,0.4126222423062662,0.8657183172299794,0.11285918470496813,4385261.571079654,39549.447505180455,4424811.018584834,3058,4,1796.7247311827957,104,361,70,33.954258585399124,0.5852150537634409,38.27380952380951,33510.29992910538,322.214422395244,0
3060,128.0647765465593,0,0,465,0.0,0.0,1.0,465,13850,10500,3350,0.7581227436823105,172,105,67,161.756531041942,0.4126255252749969,0.8620089475144528,0.11107125398376626,4390875.163432625,35200.54693501534,4426075.7103676405,3059,5,1797.7247311827957,112,353,73,33.90024172445761,0.5867159498207886,38.136061946902636,33535.54671237168,299.4245242176043,0
3061,127.79536931828665,0,0,465,0.0,0.0,1.0,465,12850,9200,3650,0.7159533073929961,165,92,73,159.4297550749129,0.4125948198615746,0.8602137383158102,0.10989785435908778,4385942.266850929,33999.94027535011,4419942.207126278,3060,6,1798.7247311827957,116,349,79,33.83053828117036,0.5879032258064516,38.00747863247863,33481.43102679147,288.6330260930299,0
3062,127.35990194598826,0,0,465,0.0,0.0,1.0,465,13550,10100,3450,0.7453874538745388,170,101,69,158.78384933522187,0.4125426785934989,0.8593956189915468,0.10978040988002,4374305.849990464,32363.824206214565,4406669.674196678,3061,7,1799.7247311827957,124,341,76,33.746740962131554,0.5890456989247312,37.90833333333335,33379.96896752763,269.19329812522284,0
3063,127.2255950394009,0,0,465,0.0,0.0,1.0,465,13000,9300,3700,0.7153846153846154,167,93,74,161.94061796906425,0.4123912758002719,0.8615998270192369,0.11238935001729972,4373885.738090457,35661.95187048994,4409547.689960947,3062,8,1800.7247311827957,128,337,69,33.536258327431,0.5903673835125448,37.7826227390181,33360.76185169971,260.630951966404,0
3064,127.06843570550909,0,0,465,0.0,0.0,1.0,465,13100,10000,3100,0.7633587786259542,162,100,62,163.43714896901147,0.4123451211222346,0.8648679688258716,0.11390885705710993,4373131.840509711,36846.44001570354,4409978.280525414,3063,9,1801.7247311827957,130,335,57,33.355243882726135,0.5914874551971326,37.643129770992374,33337.27709659339,256.44059305071835,0
3065,127.46850765267749,1,0,466,0.002145922746781116,0.0,1.0,466,12400,8700,3700,0.7016129032258065,161,87,74,159.50829098750359,0.41249596197332594,0.8617078408966259,0.11155163501142279,4390663.350189971,34469.44145805274,4425132.791648024,3064,0,1798.8562231759656,135,331,62,33.34403330609701,0.5929899856938483,37.53063725490194,33456.57797366654,247.82650350864105,0
3066,127.00396795114379,1,1,466,0.0021413276231263384,0.0021413276231263384,0.9978586723768736,467,11850,8300,3550,0.70042194092827,154,83,71,157.25105074464395,0.4124274736316487,0.8609588901152385,0.1105057673192375,4379943.670805453,32500.148887302174,4412443.819692755,3065,0,1796.0021413276231,105,362,66,33.242399438727766,0.5943076374018559,37.37224842767295,33354.76654377272,317.66444327402587,0
3067,126.67471224438415,0,0,466,0.0,0.0,1.0,466,13250,9400,3850,0.7094339622641509,171,94,77,156.53888036298477,0.41224666189794945,0.8580839568129615,0.1103338996636981,4371832.122577296,30422.341120635152,4402254.463697931,3066,1,1798.6652360515022,110,356,69,33.162103514787795,0.5956500357653791,37.274774774774755,33280.64230474615,302.5512936795105,0
3068,127.12266213549965,0,0,466,0.0,0.0,1.0,466,12400,8900,3500,0.717741935483871,159,89,70,154.7587521651954,0.4121285015459874,0.8571030682593848,0.1095295561675487,4391778.033859103,30333.21766130965,4422111.251520413,3067,2,1799.6652360515022,112,354,76,33.07250569875505,0.5969241773962803,37.14048672566371,33415.401095075256,298.35179549174336,0
3069,127.4500554962206,0,0,466,0.0,0.0,1.0,466,13900,9700,4200,0.697841726618705,181,97,84,153.6951376763723,0.4119803444244466,0.8565848009972645,0.10924336782868274,4407748.696055754,28389.908536628533,4436138.604592383,3068,3,1800.6652360515022,116,350,80,32.95926427443014,0.5981089055793991,37.00142450142451,33519.183042720535,288.95847450621153,0
3070,127.41595366445536,0,0,466,0.0,0.0,1.0,466,13350,9000,4350,0.6741573033707865,177,90,87,151.62953589637826,0.4117339286538373,0.8530770255022848,0.10823990550394866,4411240.011681988,27224.855139773957,4438464.866821762,3069,4,1801.6652360515022,128,338,79,32.87213203629256,0.5995171673819742,36.86208010335916,33527.96900891137,261.9372578821201,0
3071,127.04406852933127,0,0,466,0.0,0.0,1.0,466,12950,9800,3150,0.7567567567567568,161,98,63,153.6921803914575,0.41167643484547817,0.857470189717406,0.11019396694971534,4403093.381700773,29194.204460158522,4432287.586160932,3070,5,1802.6652360515022,134,332,79,32.67428172288818,0.6008136623748213,36.72067901234569,33448.07609791156,249.61250819336985,0
3072,127.52627781386151,0,1,465,0.0,0.002145922746781116,0.9978540772532188,466,13300,9400,3900,0.706766917293233,172,94,78,151.93641454054583,0.41147761010352735,0.8569482059311377,0.10938012061546198,4424211.020681677,27939.751930629867,4452150.772612307,3071,6,1803.6652360515022,134,332,63,32.58734157439414,0.6021101573676682,36.58950617283953,33591.7598148893,250.68477473797986,0
3073,127.69116788789559,0,1,464,0.0,0.002150537634408602,0.9978494623655914,465,12950,9200,3750,0.7104247104247104,167,92,75,152.63253204541397,0.4108768616363861,0.8588490279010401,0.1104012327958798,4435025.287650994,29435.827867923057,4464461.115518917,3072,7,1808.5010752688172,102,363,66,32.41529488507729,0.6036962365591398,36.438106796116514,33654.52595394884,329.9463328818514,0
3074,128.1069705104598,0,0,464,0.0,0.0,1.0,464,12900,10000,2900,0.7751937984496124,158,100,58,151.701240382007,0.41064558585313177,0.8565171611927682,0.11036224501690006,4455689.078568966,29486.711995095422,4485175.790564061,3073,8,1811.5495689655172,106,358,74,32.25283293961323,0.6049524066091954,36.2538940809969,33787.71461321455,318.75202465296746,0
3075,128.02441350484193,0,0,464,0.0,0.0,1.0,464,13300,9200,4100,0.6917293233082706,174,92,82,151.43538469181516,0.4104340833767781,0.8569190586386322,0.11060935765235844,4457106.97469352,28892.741865058764,4485999.716558578,3074,9,1812.5495689655172,109,355,76,32.130921406782726,0.6061422413793103,36.126893939393966,33782.19964311041,309.9284370927561,0
3076,127.89740675644327,0,0,464,0.0,0.0,1.0,464,12050,8800,3250,0.7302904564315352,153,88,65,151.64627860626294,0.41027000167572797,0.8564797214307787,0.11110599398063348,4455993.9467143705,30296.979902255523,4486290.926616626,3075,10,1813.5495689655172,113,351,77,32.0258503813447,0.6070402298850575,36.028874269005875,33761.22243957359,298.77187999622646,0
3077,128.03090516500177,0,0,464,0.0,0.0,1.0,464,12300,9000,3300,0.7317073170731707,156,90,66,172.8950985734168,0.4100378435242422,0.8807172980254137,0.12140345205005472,4414490.183988513,47548.7431024172,4462038.927090931,3076,11,1814.5495689655172,91,373,61,32.85783964989437,0.591864224137931,37.398097826086996,33621.159233377795,369.46328827887686,8
3078,128.27712161635367,0,0,464,0.0,0.0,1.0,464,12450,8400,4050,0.6746987951807228,165,84,81,170.92712607206002,0.4100963194496165,0.8787148045456301,0.12074292185730488,4429575.037022332,46176.90615975561,4475751.9431820875,3077,12,1815.5495689655172,97,367,65,32.71045677614196,0.5931887571839081,37.20238095238099,33710.9221390601,347.5352797841248,0
3079,128.67553708067177,1,0,465,0.002150537634408602,0.0,1.0,465,14400,10100,4300,0.7013888888888888,187,101,86,165.68794420908597,0.4102865066122852,0.8730443387178835,0.11755384468717944,4448135.393013415,40000.48176641463,4488135.87477983,3078,0,1812.6430107526883,108,357,69,32.703805335465574,0.5947356630824372,37.060397553516836,33833.894564579765,313.2768015238867,0
3080,128.75804298766295,1,0,466,0.002145922746781116,0.0,1.0,466,12850,9200,3650,0.7159533073929961,165,92,73,163.57889183984287,0.41024610811143414,0.8717604884573638,0.11654540645783043,4455594.937147633,39718.25646116523,4495313.193608798,3079,0,1809.7510729613734,113,353,69,32.6209796464173,0.5960076895565093,36.924342105263165,33873.10686821833,299.7620076833481,0
3081,128.75692963602577,0,1,465,0.0,0.002145922746781116,0.9978540772532188,466,13600,9700,3900,0.7132352941176471,175,97,78,181.05377199277982,0.41004555278662297,0.8823809941095409,0.125434882264498,4424582.780306057,53417.48037374095,4478000.260679798,3080,1,1810.7510729613734,100,366,65,33.093847122231374,0.5834451001430615,37.84034653465344,33754.87205464222,337.5487205464222,8
3082,128.74275165885945,0,1,464,0.0,0.002150537634408602,0.9978494623655914,465,12300,8600,3700,0.6991869918699187,160,86,74,180.13009716733706,0.40957526109257203,0.8812472973196279,0.1249298446197464,4425300.844599625,54125.97422648335,4479426.818826108,3081,2,1815.6408602150539,105,360,69,33.081710767962186,0.5844534050179211,37.804638364779834,33755.75232910744,321.483355515309,0
3083,128.92912552184893,0,0,464,0.0,0.0,1.0,464,12550,8900,3650,0.7091633466135459,162,89,73,182.4816200984362,0.4097075466721283,0.8833647089592038,0.12701011566213702,4435661.466137391,56535.338109788594,4492196.804247179,3082,3,1820.4956896551723,110,354,56,32.90097011543596,0.5855783045977012,37.68768768768766,33819.69704004009,307.4517912730917,0
3084,128.53871598012174,0,0,464,0.0,0.0,1.0,464,12750,9100,3650,0.7137254901960784,164,91,73,188.67467153756365,0.40948925594573127,0.8862999836699808,0.13170537718074116,4425477.888660912,61445.117407967584,4486923.00606888,3083,4,1821.4956896551723,113,351,57,32.64038814216398,0.5869477370689655,37.59137426900582,33729.667813569904,298.49263551831774,0
3085,128.23070620739165,0,0,464,0.0,0.0,1.0,464,12450,8600,3850,0.6907630522088354,163,86,77,187.82604306757526,0.40924536381917037,0.8873313527034252,0.13162568925864268,4419186.15706488,60757.64989210197,4479943.806956982,3084,5,1822.4956896551723,84,380,59,32.53211112667072,0.5881375718390804,37.46323529411768,33665.27474363948,400.77708028142234,0
3086,128.58832126927945,0,0,464,0.0,0.0,1.0,464,12300,9100,3200,0.7398373983739838,155,91,64,187.356107417968,0.40935610926987914,0.8861456528826763,0.13202364204328643,4437613.827851154,61182.8106020706,4498796.638453225,3085,6,1823.4956896551723,90,374,61,32.360336514022634,0.5895743534482758,37.282509157509196,33782.40111551365,375.3600123945961,0
3087,128.06241737938353,0,0,464,0.0,0.0,1.0,464,12400,9200,3200,0.7419354838709677,156,92,64,165.7480426747118,0.4093354535947469,0.8714374721034481,0.11158859692154906,4368635.3422172405,39618.551426416525,4408253.893643657,3086,7,1824.4956896551723,117,347,74,34.46829198914012,0.5768453663793103,38.79766949152544,33450.201870044206,285.89916128242913,8
3088,128.28434905894446,1,1,464,0.002150537634408602,0.002150537634408602,0.9978494623655914,465,12950,10100,2850,0.7799227799227799,158,101,57,165.13116177720084,0.40959669694722534,0.8728102401156184,0.11156368608384126,4380169.803514797,38710.50568716458,4418880.309201961,3087,0,1821.5698924731182,120,345,59,34.36419041344094,0.5781362007168459,38.67940771349865,33523.34207717206,279.36118397643384,0
3089,128.7510509341674,0,0,464,0.0,0.0,1.0,464,11850,8300,3550,0.70042194092827,154,83,71,166.48590123812835,0.40920153111888985,0.8736655037253531,0.11273978912641786,4398728.803909899,41815.26584421203,4440544.069754111,3088,9,1826.4956896551723,121,343,61,34.249516849039175,0.5792923850574713,38.60143442622953,33655.34003030719,278.1433060355966,0
3090,128.28281410319138,0,0,464,0.0,0.0,1.0,464,12100,8100,4000,0.6694214876033058,161,81,80,165.69202575140105,0.4091984279188699,0.873123124208482,0.11265924168250738,4387310.862405268,40488.48487860863,4427799.3472838765,3089,10,1827.4956896551723,94,370,66,34.1314844317737,0.5803250718390804,38.46491228070171,33550.45703935606,356.91975573783037,0
3091,128.55061148524067,1,1,464,0.002150537634408602,0.002150537634408602,0.9978494623655914,465,12900,9700,3200,0.751937984496124,161,97,64,163.95188445778928,0.4091855533926585,0.8718341209506209,0.11191498199944588,4400894.475693957,38406.988517977596,4439301.464211934,3090,0,1824.563440860215,99,366,67,34.043259023354544,0.5817428315412186,38.33333333333329,33637.410005304126,339.7718182353952,0
3092,128.3198784349619,1,0,465,0.002150537634408602,0.0,1.0,465,13550,9000,4550,0.6642066420664207,181,90,91,162.00916446228686,0.40905655203312324,0.869407316928493,0.11123571773837906,4399531.09027627,36002.87119230002,4435533.96146857,3091,0,1825.5075268817204,105,360,73,33.89636575724594,0.583266129032258,38.13875786163518,33602.00275802253,320.01907388592883,0
3093,127.90086796036775,0,0,465,0.0,0.0,1.0,465,11050,6900,4150,0.6244343891402715,152,69,83,167.30999464402922,0.40893488907428005,0.879575066617104,0.10803328108780987,4315395.504768192,40351.75975792884,4355747.26452612,3092,1,1826.5075268817204,94,371,69,35.88405582992138,0.5600358422939068,40.230263157894775,33224.77481194202,353.45505119087255,8
3094,128.21869325837875,1,0,466,0.002145922746781116,0.0,1.0,466,12400,8400,4000,0.6774193548387096,164,84,80,166.28568971734538,0.40918237651329853,0.8794271749234444,0.10792352111564166,4332055.7112364685,38471.77436738691,4370527.485603855,3093,0,1823.5858369098712,99,367,67,35.72952147198291,0.5613599785407726,40.05208333333338,33330.18219023851,336.6685069721062,0
3095,128.04401186686405,1,0,467,0.0021413276231263384,0.0,1.0,467,12150,8400,3750,0.691358024691358,159,84,75,166.6243936357372,0.4093569737128293,0.880780376276864,0.10881200789209115,4333261.049019305,38855.39895164278,4372116.447970948,3094,0,1820.678800856531,101,366,69,35.503720968269654,0.5629014989293362,39.83864379084972,33312.10378174449,329.82280972024245,0
3096,127.57494575926944,0,0,467,0.0,0.0,1.0,467,13900,9900,4000,0.7122302158273381,179,99,80,165.6615409561406,0.4093326578501561,0.8801727094580285,0.10870794851298445,4322927.035660764,35928.55083370721,4358855.586494472,3095,1,1821.678800856531,105,362,58,35.35913926742418,0.5644405781584583,39.67177672955979,33211.35896333392,316.2986567936564,0
3097,127.31414271803051,1,1,467,0.002136752136752137,0.002136752136752137,0.9978632478632479,468,13850,10000,3850,0.7220216606498195,177,100,77,162.25844261948922,0.4098314619594063,0.8780612097654932,0.10703731027196597,4320091.868575776,32744.27571364536,4352836.144289421,3096,0,1818.784188034188,89,379,64,35.26375807120433,0.5658386752136753,39.490740740740755,33166.51301270189,372.6574495809202,0
3098,127.25918109291592,0,1,466,0.0,0.0021413276231263384,0.9978586723768736,467,11050,7400,3650,0.669683257918552,147,74,73,160.197991118812,0.4098819665903876,0.8758654585589636,0.10600833863624773,4321770.765162983,34017.79893102524,4355788.564094008,3097,1,1823.1434689507494,93,374,66,35.208847124188594,0.5671841541755889,39.38386524822697,33165.79588811188,356.62146116249335,0
3099,127.27979455656083,1,0,467,0.0021413276231263384,0.0,1.0,467,12400,8600,3800,0.6935483870967742,162,86,76,162.06642771716486,0.41026087282842116,0.8770902434133889,0.10775582472455539,4327858.620123741,34480.11724567935,4362338.737369421,3098,0,1818.591006423983,94,373,71,34.99514709386256,0.5686563169164882,39.221491228070185,33191.83502125764,353.1046278857196,0
3100,127.04693246851264,1,0,468,0.002136752136752137,0.0,1.0,468,12850,9200,3650,0.7159533073929961,165,92,73,161.17654306554653,0.41057135623516783,0.8770600344363964,0.10776503692076725,4326245.878835476,33007.871040454505,4359253.74987593,3099,0,1815.7029914529915,99,369,69,34.82504590268628,0.5702012108262109,39.03125000000001,33155.27915764225,334.90180967315405,0
3101,127.37965303153365,0,1,467,0.0,0.002136752136752137,0.9978632478632479,468,14550,10600,3950,0.7285223367697594,185,106,79,156.74872804326208,0.4104561111721176,0.8738698662302469,0.10528632966545905,4342745.279073188,27993.95974212097,4370739.2388153095,3100,1,1816.7029914529915,105,363,67,34.782697325505595,0.5717370014245013,38.875786163522015,33261.91175662258,316.7801119678341,0
3102,127.26080270473543,0,1,466,0.0,0.0021413276231263384,0.9978586723768736,467,14400,11000,3400,0.7638888888888888,178,110,68,159.1455629786104,0.410570852211633,0.8758569420143412,0.10724540524781569,4342356.4659915585,30413.35288680662,4372769.818878365,3101,2,1816.0385438972162,106,361,76,34.608146381456336,0.5732066381156318,38.76557632398753,33244.9024511182,313.6311551992283,0
3103,127.4053799003074,0,0,466,0.0,0.0,1.0,466,12300,8800,3500,0.7154471544715447,158,88,70,158.70963376007373,0.4106660628855354,0.8754175953691155,0.10733220245391503,4351275.967383933,32617.88303450296,4383893.850418436,3102,3,1818.1223175965665,109,357,59,34.49789092599969,0.5746825822603719,38.64583333333333,33297.9268926949,305.485567822889,0
3104,127.63721014746817,0,1,465,0.0,0.002145922746781116,0.9978540772532188,466,13400,10100,3300,0.753731343283582,167,101,66,157.49898412184484,0.41071403848816285,0.8751574381102054,0.10688114536093564,4363059.800262946,30835.497240854118,4393895.2975038,3103,4,1819.1223175965665,88,378,63,34.41183601909878,0.5759120171673819,38.52996254681647,33373.30611767825,379.2421149736165,0
3105,127.41825668248195,0,0,465,0.0,0.0,1.0,465,12000,8500,3500,0.7083333333333334,155,85,70,156.06547106272998,0.41048232604128043,0.874134551336949,0.10623733873547285,4359042.029906687,31059.189555925204,4390101.219462613,3104,6,1824.0258064516129,89,376,66,34.34365781710913,0.5767921146953405,38.425925925925924,33329.3125118529,374.4866574365494,0
3106,127.83821468041815,0,0,465,0.0,0.0,1.0,465,12700,8500,4200,0.6692913385826772,169,85,84,157.33821884575286,0.4104809742306266,0.8746346794886277,0.10757718408161775,4378343.928944036,32076.16705483443,4410420.095998871,3105,7,1825.0258064516129,90,375,71,34.16050705621651,0.5781586021505376,38.278388278388285,33458.023585772484,371.75581761969426,0
3107,127.75912263522456,0,0,465,0.0,0.0,1.0,465,13000,9300,3700,0.7153846153846154,167,93,74,180.0465778523433,0.41037321560993695,0.8901711142071247,0.12151125545640093,4361038.874825883,51038.025058685234,4412076.899884568,3106,8,1826.0258064516129,101,364,52,34.01093576965667,0.5747535842293907,38.71527777777775,33381.50686909912,330.50996900098136,8
3108,128.21409325442457,0,0,465,0.0,0.0,1.0,465,11600,7900,3700,0.6810344827586207,153,79,74,178.95318773041896,0.41033864788036084,0.8897963523460295,0.12122390020138778,4380770.710410498,52190.57666880156,4432961.2870793,3107,9,1827.0258064516129,107,358,56,33.91187476171149,0.576008064516129,38.58989197530863,33516.459967926836,313.23794362548443,0
3109,128.04163205097638,0,1,464,0.0,0.002150537634408602,0.9978494623655914,465,12700,9000,3700,0.7086614173228346,164,90,74,174.75180606848002,0.41033575114324555,0.8865843288033397,0.11893821902824099,4380185.593350774,47389.06867063703,4427574.662021411,3108,10,1828.0258064516129,84,381,60,33.860413543228404,0.5771281362007168,38.431372549019606,33491.67395215734,398.7104041923493,0
3110,128.47599896791104,0,0,464,0.0,0.0,1.0,464,13100,9400,3700,0.7175572519083969,168,94,74,173.3337133064775,0.41003367359921555,0.8849130131270029,0.11829397136893084,4398101.376731535,46567.84862544098,4444669.2253569765,3109,11,1832.9396551724137,87,377,62,33.8049932142049,0.578192349137931,38.340435606060595,33616.973925019694,386.4019991381574,0
3111,128.661711526484,0,0,464,0.0,0.0,1.0,464,12000,8800,3200,0.7333333333333333,152,88,64,174.45753101462122,0.40985834279809336,0.8852955583340323,0.1193754028410178,4407425.985441758,48981.73110996988,4456407.716551729,3110,12,1833.9396551724137,89,375,63,33.685929324194824,0.5792250359195402,38.252314814814795,33676.90516402104,378.39219285416897,0
3112,128.64266033826433,0,0,464,0.0,0.0,1.0,464,13650,10100,3550,0.73992673992674,172,101,71,173.36647727272762,0.409715789547181,0.8854427899686517,0.1191894531249999,4412064.0308758365,46530.799706930615,4458594.830582767,3111,13,1834.9396551724137,90,374,67,33.554687499999964,0.580706716954023,38.09523809523809,33692.125326688205,374.3569480743134,0
3113,128.1645362540181,0,0,464,0.0,0.0,1.0,464,11600,7400,4200,0.6379310344827587,158,74,84,173.4603924126201,0.4097735866475509,0.8854027238902786,0.11962221401285393,4399103.927058575,48214.058690295715,4447317.98574887,3112,14,1835.9396551724137,92,372,68,33.44804491564067,0.5817843031609196,37.992831541218635,33580.02724074807,365.0002960950878,0
3114,127.86504165222772,0,0,464,0.0,0.0,1.0,464,13550,9800,3750,0.7232472324723247,173,98,75,173.94881605382247,0.40947470969563815,0.8858422409510596,0.12032954182692225,4392248.857005348,46455.29769796664,4438704.154703315,3113,15,1836.9396551724137,95,369,67,33.33126345421428,0.5831312859195402,37.89062499999999,33514.626151814286,352.7855384401504,0
3115,128.26481997269406,0,0,464,0.0,0.0,1.0,464,14550,10500,4050,0.7216494845360825,186,105,81,173.58080213202732,0.40954152547106576,0.885681937783467,0.12044536881562917,4409406.179000339,45727.652295359156,4455133.831295698,3114,16,1837.9396551724137,100,364,66,33.237295468848274,0.584680316091954,37.78877887788778,33632.4750720479,336.32475072047896,0
3116,128.69469948376656,1,0,465,0.002150537634408602,0.0,1.0,465,12400,9500,2900,0.7661290322580645,153,95,58,173.96708210664255,0.4098141453466815,0.8863667213697584,0.12123710617253335,4429002.768779915,48700.13766537481,4477702.90644529,3115,0,1834.9849462365592,106,359,55,33.08193253924078,0.5861111111111111,37.646028037383154,33763.56558010114,318.52420358585977,0
3117,129.1299539533895,0,2,463,0.0,0.004301075268817204,0.9956989247311828,465,12400,8200,4200,0.6612903225806451,166,82,84,173.00746935386724,0.40969209615622293,0.8860143174502644,0.12090317602875189,4447072.271929349,48475.343960047314,4495547.6158893965,3116,1,1835.9849462365592,113,352,58,33.0143269967272,0.5874551971326165,37.55482456140347,33889.53341967466,299.907375395351,0
3118,128.61678234364126,0,0,463,0.0,0.0,1.0,463,14000,10400,3600,0.7428571428571429,176,104,72,171.61284564208543,0.4095367825119445,0.8839334480697945,0.12039557501065169,4433704.045676022,45576.113602658406,4479280.159278681,3117,2,1838.8401727861772,85,378,60,32.921241196912376,0.5886654067674586,37.42732558139536,33771.25251508556,397.30885311865364,0
3119,128.33062763678214,0,0,463,0.0,0.0,1.0,463,12350,9000,3350,0.728744939271255,157,90,67,169.72350074221612,0.40945613961272703,0.8827227775887965,0.11953071773326188,4428096.3573631635,45360.403079106894,4473456.76044227,3118,3,1839.8401727861772,88,375,62,32.842411078933665,0.589880309575234,37.30102996254683,33712.323704442744,383.09458755048576,0
3120,128.06287588085152,0,0,463,0.0,0.0,1.0,463,13400,10500,2900,0.7835820895522388,163,105,58,167.24433146392343,0.4094257524333118,0.8808967355912183,0.11824007947577546,4423092.366081662,41947.42515370305,4465039.791235365,3119,4,1840.8401727861772,92,371,64,32.77958306697921,0.5910952123830093,37.175179211469555,33658.102403048855,365.8489391635745,0
3121,128.0609789482095,0,0,463,0.0,0.0,1.0,463,12700,8800,3900,0.6929133858267716,166,88,78,165.88246980557037,0.4093082942974952,0.8793208004851432,0.11760111466439667,4426047.125558747,41540.72573270689,4467587.8512914535,3120,5,1841.8401727861772,97,366,65,32.72416784583253,0.5924226061915047,37.085459183673485,33669.09347665793,347.104056460391,0
3122,127.60500294628402,0,0,463,0.0,0.0,1.0,463,13850,10100,3750,0.7292418772563177,176,101,75,168.0227428683459,0.4090768842388713,0.8797810234587182,0.1195091340119929,4413854.421166478,41875.58529319394,4455730.006459672,3121,6,1842.8401727861772,101,362,68,32.559818481848225,0.5935025197984161,36.97916666666668,33562.77421243421,332.30469517261594,0
3123,127.36366834793854,0,0,463,0.0,0.0,1.0,463,11650,8200,3450,0.703862660944206,151,82,69,167.0233293715361,0.4090166942488757,0.8795016633882011,0.11922578894150967,4409403.578872766,43044.65325722054,4452448.232129987,3122,7,1843.8401727861772,102,361,69,32.4678600253661,0.5944024478041756,36.86286407766992,33514.11090963828,328.56971480037527,0
3124,127.82354144423932,0,0,463,0.0,0.0,1.0,463,14700,10500,4200,0.7142857142857143,189,105,84,170.45942601039707,0.40877846655384453,0.8819912695378251,0.12218646250997471,4429848.687638235,43721.892921545965,4473570.580559781,3123,8,1844.8401727861772,107,356,67,32.240682395466955,0.5957298416126711,36.72839506172841,33652.308904918835,314.50755985905454,0
3125,127.34063005640151,0,0,463,0.0,0.0,1.0,463,11600,7800,3800,0.6724137931034483,154,78,76,169.23804096827658,0.4086425034049224,0.8822071783870886,0.12182575406656176,4417682.572329898,45327.98883216297,4463010.561162061,3124,9,1845.8401727861772,108,355,58,32.13426211467066,0.5966972642188625,36.59212538226302,33542.524715640575,310.57893255222757,0
3126,127.50947869682689,0,0,463,0.0,0.0,1.0,463,13950,9700,4250,0.6953405017921147,182,97,85,172.41407233102547,0.4086236088125937,0.8837309124510255,0.12091296816304241,4395127.327707812,45006.36019669655,4440133.687904509,3125,10,1846.8401727861772,85,378,59,32.91252441143455,0.5876529877609791,37.43943798449613,33478.96038894284,393.87012222285693,8
3127,127.93098015528548,0,0,463,0.0,0.0,1.0,463,13350,9600,3750,0.7191011235955056,171,96,75,171.03881625126758,0.4085221234249312,0.8813993863424898,0.12055846574405948,4415229.923676558,45085.139924563686,4460315.063601121,3126,11,1847.8401727861772,91,372,61,32.779908636441974,0.5891603671706264,37.2735507246377,33610.85216851522,369.3500238298376,0
3128,127.50952059768407,0,0,463,0.0,0.0,1.0,463,12800,9600,3200,0.75,160,96,64,170.5444818273981,0.4083799270084367,0.8813685329871284,0.12085762650471044,4406549.621007817,44902.54435230025,4451452.165360117,3127,12,1848.8401727861772,95,368,65,32.61488471115881,0.5903302735781137,37.09852430555557,33522.44113022249,352.86780137076306,0
3129,127.48667068184479,0,0,463,0.0,0.0,1.0,463,12550,8900,3650,0.7091633466135459,162,89,73,168.25801392020333,0.4083158412262084,0.8797895772298612,0.11967647468972265,4409761.3105791025,43245.535996039165,4453006.846575142,3128,13,1849.8401727861772,99,364,68,32.55363036303633,0.5916801655867531,36.97916666666668,33531.6503616312,338.7035390063757,0
3130,127.55781103051068,0,1,462,0.0,0.0021598272138228943,0.9978401727861771,463,11950,8200,3750,0.6861924686192469,157,82,75,167.26464976146352,0.40825662518427097,0.8794084990167848,0.11947278208737497,4416803.84419913,43205.029613011735,4460008.873812142,3129,14,1850.8401727861772,102,361,67,32.44094513405837,0.5929850611951044,36.84263754045309,33567.777111902695,329.09585403826173,0
3131,127.4693575540234,1,0,463,0.0021598272138228943,0.0,1.0,463,14200,10700,3500,0.7535211267605634,177,107,70,167.09944659749965,0.40836979794863165,0.8792548374715055,0.11983146540496041,4418056.691207011,40850.96562741544,4458907.656834426,3130,0,1850.7861771058315,109,354,68,32.314520915009176,0.5942449604031678,36.71401515151517,33560.89534161497,307.8981224001373,0
3132,127.97705747049889,0,1,462,0.0,0.0021598272138228943,0.9978401727861771,463,13050,9800,3250,0.7509578544061303,163,98,65,163.49333121186936,0.4083279181821298,0.877061093350392,0.11778924220180254,4440670.104564907,39553.98964165628,4480224.094206563,3131,1,1851.7861771058315,116,347,60,32.25818716414889,0.5957298416126711,36.56517094017096,33713.614258321024,290.63460567518126,0
3133,127.6886930732771,1,1,462,0.0021598272138228943,0.0021598272138228943,0.9978401727861771,463,13950,10300,3650,0.7383512544802867,176,103,73,164.09410454733495,0.40849582682736035,0.8787552889648838,0.11858390953889185,4433961.598127298,38967.391608394915,4472928.989735693,3132,0,1852.781857451404,117,346,63,32.14274249377506,0.5969897408207343,36.46716101694917,33650.163791636376,287.6082375353536,0
3134,127.4726399274306,0,0,462,0.0,0.0,1.0,462,11900,8900,3000,0.7478991596638656,149,89,60,160.88076378165417,0.4082126071686809,0.875654409229129,0.1169272153992015,4432590.02965245,38323.6939002852,4470913.7235527355,3133,1,1857.2445887445888,89,373,68,32.04205069124425,0.5982368326118326,36.2847222222222,33616.48264752878,377.7132881744806,0
3135,127.2692603256064,0,0,462,0.0,0.0,1.0,462,13150,9500,3650,0.7224334600760456,168,95,73,172.9378701571278,0.4081320056781011,0.8853104894952601,0.11849848107131282,4361255.3622363405,45295.24271130083,4406550.6049476415,3134,2,1858.2445887445888,86,376,63,33.679015168839115,0.5792523448773449,38.206417624521066,33318.27558691783,387.4218091502073,8
3136,127.67539639990174,0,1,461,0.0,0.0021645021645021645,0.9978354978354979,462,12450,8700,3750,0.6987951807228916,162,87,75,171.94464462587794,0.40827794915376264,0.8835872419943223,0.11808132224860012,4377659.790308311,45693.03138751161,4423352.821695822,3135,3,1859.2445887445888,88,374,67,33.62934283841364,0.5802895021645021,38.13202247191011,33434.09783533942,379.9329299470388,0
3137,127.70581177218722,0,1,460,0.0,0.0021691973969631237,0.9978308026030369,461,12350,8600,3750,0.6963562753036437,161,86,75,172.1958464309483,0.408231553962715,0.883416162943951,0.11869048825039356,4382800.653971486,46390.0136697468,4429190.667641233,3136,4,1863.0455531453363,91,370,69,33.49814346629789,0.5815030730296458,38.00951086956522,33457.70809099457,367.66712187906126,0
3138,127.25386830318132,0,2,458,0.0,0.004347826086956522,0.9956521739130435,460,12400,9200,3200,0.7419354838709677,156,92,64,168.35428289230273,0.4080684024817656,0.8806244748453174,0.11652222023229272,4371848.976609924,42803.89987412243,4414652.876484047,3137,22,1868.0869565217392,94,366,67,33.45978345743046,0.5825860507246376,37.87280701754386,33356.699294472106,354.85850313268196,0
3139,126.91161573980725,0,1,457,0.0,0.002183406113537118,0.9978165938864629,458,12350,8700,3650,0.7044534412955465,160,87,73,170.627694888297,0.4079308524361461,0.8812318826377374,0.11857282567492813,4364523.85257629,44991.728850016014,4409515.581426307,3138,23,1874.8187772925764,99,359,67,33.26469429770558,0.5836062590975255,37.73958333333333,33283.893223761675,336.2009416541583,0
3140,126.85525373949208,1,1,457,0.002183406113537118,0.002183406113537118,0.9978165938864629,458,11250,7400,3850,0.6577777777777778,151,74,77,174.23170323895104,0.4078786959443749,0.8838684618928074,0.12143278503007711,4365800.252038782,49282.16278275127,4415082.4148215335,3139,0,1875.7663755458516,101,357,54,33.07188270403528,0.584697962154294,37.642973856209146,33281.367121809075,329.5184863545453,0
3141,126.43280230978355,0,1,456,0.0,0.002188183807439825,0.9978118161925602,457,12100,8100,4000,0.6694214876033058,161,81,80,177.57233425518888,0.4075648297439441,0.8854451922395068,0.124109336015524,4354327.0770517485,51141.6046365305,4405468.681688279,3140,42,1880.870897155361,102,355,58,32.89019048720025,0.5858634208606857,37.55056634304207,33182.217361864816,325.31585648887074,0
3142,126.9443942672653,0,0,456,0.0,0.0,1.0,456,12750,9500,3250,0.7450980392156863,160,95,65,175.81152736252167,0.4076197103335261,0.8843693714596059,0.12326126863438275,4375345.392819898,49897.23125004683,4425242.624069945,3141,43,1884.5657894736842,80,376,60,32.83260269723093,0.5871938961988303,37.448559670781876,33329.43355659045,416.6179194573806,0
3143,126.8499093539172,0,0,456,0.0,0.0,1.0,456,13350,10000,3350,0.7490636704119851,167,100,67,166.87679182642026,0.4075619738448686,0.8738404052433104,0.11635588556990521,4366079.518260383,41169.468573265665,4407248.986833649,3142,44,1885.5657894736842,112,344,56,33.25069390766634,0.5874908625730995,37.629056047197615,33281.73045751432,297.1583076563779,7
3144,127.21195719071794,0,0,456,0.0,0.0,1.0,456,13500,9500,4000,0.7037037037037037,175,95,80,164.30579481516185,0.4074891756635178,0.8726198364269635,0.1149825877003097,4382549.601167681,39315.65910734342,4421865.260275024,3143,45,1886.5657894736842,115,341,61,33.19610031587468,0.5887929459064327,37.50897988505744,33391.99641380951,290.3651862070392,0
3145,127.45884652827404,0,0,456,0.0,0.0,1.0,456,12900,9600,3300,0.7441860465116279,162,96,66,158.61205345610242,0.40787164224664224,0.8734399869710967,0.10100585758836382,4284413.303347664,31811.91837972223,4316225.221727386,3144,46,1887.5657894736842,102,354,69,36.603462958629144,0.5524031432748537,40.716019417475714,33048.03708830774,324.00036361086023,8
3146,127.31160360575917,2,0,458,0.004366812227074236,0.0,1.0,458,12900,9600,3300,0.7441860465116279,162,96,66,155.8039489206858,0.4086040095999796,0.8718832889005492,0.09968848765203803,4284955.847539916,29022.60839950103,4313978.455939417,3145,0,1880.3187772925764,82,376,73,36.50736064754349,0.5539255822416302,40.54969879518073,33031.03390238287,402.81748661442526,0
3147,127.66445944941111,1,0,459,0.002178649237472767,0.0,1.0,459,12650,9300,3350,0.7351778656126482,160,93,67,154.92118247953206,0.4092786435292215,0.872203019172662,0.09970115247114189,4303567.928698197,28892.766478983343,4332460.695177181,3146,0,1877.2200435729847,85,374,74,36.323830682153904,0.5553740014524329,40.34641472868218,33148.53460776444,389.9827600913464,0
3148,127.47536767310588,1,0,460,0.002173913043478261,0.0,1.0,460,13650,9400,4250,0.6886446886446886,179,94,85,150.9921596313912,0.40977787250165765,0.8684951274362815,0.09774046047567742,4303916.967483481,24321.543558903824,4328238.511042385,3147,0,1874.1369565217392,92,368,78,36.21973778735629,0.5569746376811594,40.14336917562724,33125.31955663148,360.0578212677335,0
3149,127.46067118932642,0,0,460,0.0,0.0,1.0,460,12500,8700,3800,0.696,163,87,76,152.91660600064594,0.40982701051435066,0.8708636462399508,0.09937010802035234,4307873.739931765,27249.086277934697,4335122.8262097,3148,1,1875.1369565217392,92,368,74,36.033265839508296,0.5584692028985507,40.0089605734767,33138.63238851525,360.2025259621223,0
3150,127.04947814198853,1,1,460,0.0021691973969631237,0.0021691973969631237,0.9978308026030369,461,12600,8800,3800,0.6984126984126984,164,88,76,150.57407603853562,0.41010405859976734,0.8688937303868653,0.09818891410574067,4297957.372385935,24632.1920400046,4322589.56442594,3149,0,1872.0672451193059,98,363,71,35.971862653883974,0.5598562906724511,39.88846801346801,33047.03439760198,337.2146367102243,0
3151,126.82248645500849,2,1,461,0.004329004329004329,0.0021645021645021645,0.9978354978354979,462,12450,8400,4050,0.6746987951807228,165,84,81,148.8250702176246,0.4106329016849624,0.8675897429862109,0.09746496438287736,4295158.845778152,22995.463363756557,4318154.309141909,3150,0,1868.9004329004329,105,357,62,35.867253184312545,0.5615079365079365,39.740566037735846,33006.74853846736,314.3499860806415,0
3152,126.93807034705617,0,1,460,0.0,0.0021691973969631237,0.9978308026030369,461,12050,8800,3250,0.7302904564315352,153,88,65,148.18338112359146,0.41043611870854163,0.8670095900646113,0.09724556697633749,4301426.703324531,23229.990510786967,4324656.693835318,3151,1,1873.9544468546637,108,353,63,35.81167480391075,0.5626355748373102,39.66934250764527,33045.871314260046,305.9802899468523,0
3153,126.59804965145172,1,0,461,0.0021691973969631237,0.0,1.0,461,11200,6700,4500,0.5982142857142857,157,67,90,144.07873295686005,0.4106667924172404,0.8635943550901399,0.09507047796399075,4296100.049185476,20395.330348507956,4316495.379533984,3152,0,1874.9479392624728,91,370,70,35.72791262839178,0.5638783441793203,39.48143115942026,32981.14271320451,362.43013970554404,0
3154,126.91225002539866,0,0,461,0.0,0.0,1.0,461,12450,8900,3550,0.714859437751004,160,89,71,147.28584562781563,0.4104655914992612,0.8657286611718775,0.09761434090075344,4311732.9250156125,22361.445996442584,4334094.371012055,3153,1,1875.9479392624728,94,367,71,35.49185700865125,0.5652340925524223,39.33114035087716,33082.07148962469,351.9369307406881,0
3155,126.65772203349441,0,0,461,0.0,0.0,1.0,461,14500,10700,3800,0.7379310344827587,183,107,76,146.45532029483107,0.4104060564620076,0.8648407995468712,0.09746607523933405,4307744.98567043,19478.4343249623,4327223.419995392,3154,2,1876.9479392624728,97,364,75,35.370350559019705,0.5665220535068691,39.19005102040814,33033.59402142674,340.55251568481174,0
3156,126.84399605190785,0,1,460,0.0,0.0021691973969631237,0.9978308026030369,461,12900,9000,3900,0.6976744186046512,168,90,78,146.1736440421193,0.41040448457983586,0.8646242724810058,0.09770272367795622,4318977.087537723,21164.123883961525,4340141.211421684,3155,3,1877.9479392624728,101,360,78,35.22755808189511,0.5679229934924078,39.042075163398685,33100.945987687846,327.7321384919589,0
3157,126.75888676998639,0,0,460,0.0,0.0,1.0,460,13700,10100,3600,0.7372262773722628,173,101,72,147.48013250851943,0.41008108758801426,0.8657251401804613,0.09885496391696719,4319251.2548855655,21700.749481622013,4340952.004367188,3156,4,1883.0086956521739,102,358,73,35.09617247123544,0.5694972826086957,38.94619741100323,33090.88940325299,324.4204843456176,0
3158,127.31499438843834,0,1,459,0.0,0.002173913043478261,0.9978260869565218,460,13250,8600,4650,0.6490566037735849,179,86,93,147.94981182097115,0.4101671284455812,0.8661568737792296,0.09954962274880437,4342501.30006059,23244.450035257258,4365745.750095847,3157,5,1884.0086956521739,105,355,70,34.95262372388196,0.570901268115942,38.81682389937107,33252.53459960611,316.69080571053433,0
3159,126.99642533724669,0,0,459,0.0,0.0,1.0,459,12800,9200,3600,0.71875,164,92,72,152.64656046533761,0.40998503962477767,0.8705600598177066,0.10325276414242629,4337535.130131982,27821.963702442925,4365357.093834425,3158,6,1888.409586056645,106,353,61,34.64943320793139,0.5725081699346406,38.639018691588774,33191.91034880301,313.1312297056888,0
3160,127.53036666047912,0,0,459,0.0,0.0,1.0,459,12250,8300,3950,0.6775510204081633,162,83,79,153.8197557086417,0.41018542302898836,0.8714889464557758,0.10453006756550734,4360968.790911947,30110.63081421711,4391079.421726164,3159,7,1889.409586056645,88,371,65,34.46050020885545,0.5737563543936093,38.483146067415724,33351.34026991736,378.99250306724275,0
3161,127.77315410000386,0,0,459,0.0,0.0,1.0,459,12750,8600,4150,0.6745098039215687,169,86,83,155.64160135292772,0.4103590490053372,0.8728809302762686,0.10623503628923761,4374201.895421866,31611.557528893823,4405813.45295076,3160,8,1890.409586056645,90,369,67,34.263036440789215,0.5750499273783587,38.33562271062271,33433.6828018771,371.4853644653011,0
3162,127.4873786940222,0,1,458,0.0,0.002178649237472767,0.9978213507625272,459,14600,10300,4300,0.7054794520547946,189,103,86,158.28533572086045,0.4103431927517894,0.8753030402368116,0.1086942768572464,4371145.193887233,31977.636899813115,4403122.830787046,3161,9,1891.409586056645,91,368,70,33.98910411622279,0.5764342774146696,38.13405797101449,33384.60251851612,366.86376393973757,0
3163,127.50158810272777,0,0,458,0.0,0.0,1.0,458,12050,8000,4050,0.6639004149377593,161,80,81,158.5410795972065,0.4104297854178412,0.874654322208346,0.10925936010429929,4375596.719444797,35092.365556554716,4410689.085001352,3162,10,1894.316593886463,94,364,73,33.86181796621049,0.5775564046579331,38.015350877192986,33403.45882169384,355.35594491163664,0
3164,127.58262672365794,0,0,458,0.0,0.0,1.0,458,12650,8700,3950,0.6877470355731226,166,87,79,160.36596696732022,0.4104510859698241,0.8760165908494344,0.11093357096399188,4382547.717184952,36312.30048935779,4418860.01767431,3163,11,1895.316593886463,95,363,70,33.68728266269248,0.578830058224163,37.89062500000001,33440.60255139636,352.00634264627746,0
3165,127.2210596420054,1,0,459,0.002178649237472767,0.0,1.0,459,12150,8600,3550,0.7078189300411523,157,86,71,160.76064612265785,0.4108279977040145,0.8763415648653736,0.1115915908791775,4373938.722406613,36681.44302300023,4410620.165429613,3164,0,1892.1851851851852,97,362,70,33.56083637346305,0.5801561365286856,37.77636054421769,33360.369274747805,343.9213327293588,0
3166,127.47881947252294,0,1,458,0.0,0.002178649237472767,0.9978213507625272,459,13050,8900,4150,0.6819923371647509,172,89,83,165.08281747794837,0.4107617978454523,0.8792795339309536,0.11494337428282518,4386178.559301603,39966.54290617488,4426145.102207777,3165,1,1893.1851851851852,100,359,55,33.344800471790826,0.5815631808278867,37.67533003300329,33440.83924591181,334.4083924591181,0
3167,127.307228311841,0,0,458,0.0,0.0,1.0,458,14150,10500,3650,0.7420494699646644,178,105,73,167.47825575132978,0.41052494115473676,0.8807952251031377,0.11709178798580122,4384793.084517645,41121.49952510095,4425914.584042746,3166,2,1898.0720524017468,103,355,55,33.14443087569327,0.5831513828238719,37.540064102564095,33413.04698200592,324.398514388407,0
3168,127.03636789535307,0,0,458,0.0,0.0,1.0,458,11400,7900,3500,0.6929824561403509,149,79,70,169.09471382045538,0.4105392742364449,0.8821293074378425,0.1186289710744283,4379223.675342238,45100.71482755194,4424324.390169789,3167,3,1899.0720524017468,85,373,58,32.98736045760678,0.5842885735080059,37.42732558139535,33356.27886670866,392.42681019657243,0
3169,126.85789064219097,0,0,458,0.0,0.0,1.0,458,12250,8700,3550,0.710204081632653,158,87,71,167.26694074988424,0.4104641250927669,0.8807185417857406,0.11789424420272109,4378143.362658105,42613.729287246744,4420757.091945352,3168,4,1900.0720524017468,87,371,63,32.8805755800856,0.5855394832605532,37.2750946969697,33328.727305911845,383.0888196081821,0
3170,127.12853156622,0,0,458,0.0,0.0,1.0,458,12050,8300,3750,0.6887966804979253,158,83,75,169.5294346737425,0.41037205494985013,0.8825666575095994,0.12008201299927268,4392873.844094653,45294.28387648769,4438168.127971141,3169,5,1901.0720524017468,88,370,64,32.65706854844695,0.5869723435225619,37.11376404494382,33420.34114593715,379.776603931104,0
3171,127.42521365350802,0,2,456,0.0,0.004366812227074236,0.9956331877729258,458,12500,8900,3600,0.712,161,89,72,172.97109309349452,0.41029760255319964,0.8830659788932467,0.11838160883863973,4365287.946320024,46913.72554856658,4412201.671868591,3170,6,1902.0720524017468,87,371,67,33.7181465653688,0.5786481077147017,38.24573863636364,33354.092678977584,383.380375620432,8
3172,127.30860592529066,0,0,456,0.0,0.0,1.0,456,12450,9000,3450,0.7228915662650602,159,90,69,172.8363284272284,0.41010719908746224,0.8824127082714475,0.1190310968567736,4368230.772491911,47347.79368806815,4415578.56617998,3171,7,1910.3662280701753,92,364,69,33.50997306310928,0.5801352339181287,38.03763440860216,33350.0635683323,362.5006909601337,0
3173,127.12896076955838,0,0,456,0.0,0.0,1.0,456,12300,8600,3700,0.6991869918699187,160,86,74,171.10589415199624,0.4100348025512499,0.880946000122014,0.11836294327421586,4366963.991229761,45942.65568978757,4412906.6469195485,3172,8,1911.3662280701753,95,361,68,33.40577910250041,0.5813459429824561,37.890625,33321.69245170846,350.75465738640486,0
3174,126.86511978954968,0,0,456,0.0,0.0,1.0,456,11100,8400,2700,0.7567567567567568,138,84,54,177.0675889254311,0.409997349142086,0.8845525843985218,0.12305128304564923,4362953.726346138,52207.53938346733,4415161.265729605,3173,9,1912.3662280701753,95,361,71,33.094917942352794,0.5825109649122807,37.738715277777786,33271.80930244601,350.22957160469485,0
3175,127.0608979341584,0,0,456,0.0,0.0,1.0,456,13100,9300,3800,0.7099236641221374,169,93,76,178.69903539012606,0.409945838153075,0.8855573388541724,0.12472922596121952,4374487.094822791,52043.32483427805,4426530.419657069,3174,10,1913.3662280701753,98,358,55,32.90553951642008,0.5840871710526316,37.59469696969698,33341.453425715394,340.21891250729993,0
3176,127.13709148695135,0,0,456,0.0,0.0,1.0,456,11400,8200,3200,0.7192982456140351,146,82,64,179.16819017305875,0.4097992376775272,0.886914914670643,0.12565798547135731,4382364.5752358865,54436.06592470879,4436800.641160595,3175,11,1914.3662280701753,82,374,60,32.732959705558976,0.5854120979532164,37.43724899598396,33381.46449546346,407.0910304324812,0
3177,127.09328729609997,0,0,456,0.0,0.0,1.0,456,12300,8600,3700,0.6991869918699187,160,86,74,179.59832679852272,0.4095568448364501,0.886313714463921,0.1263318325655648,4384077.549326669,53974.59848280843,4438052.1478094775,3176,12,1915.3662280701753,84,372,63,32.62336894819516,0.5864172149122807,37.34068627450982,33382.235620310385,397.40756690845694,0
3178,127.3023652167152,2,0,458,0.004366812227074236,0.0,1.0,458,12200,9000,3200,0.7377049180327869,154,90,64,194.95028960565728,0.41021737710975,0.8966927347727953,0.1237561289105624,4275492.381534835,62901.69559739788,4338394.077132233,3177,0,1907.9978165938865,97,361,46,35.774369779491145,0.5491266375545851,40.8269557823129,32993.34152932758,340.1375415394596,8
3179,127.38769994048296,1,0,459,0.002178649237472767,0.0,1.0,459,10750,7800,2950,0.7255813953488373,137,78,59,192.60615144199673,0.4108337455959256,0.8961001406382882,0.12268615617441668,4282329.619108573,62410.60542851328,4344740.224537086,3178,0,1904.838779956427,101,358,49,35.71255087304713,0.5503585693536674,40.7066993464052,33030.777180237215,327.03739782413084,0
3180,127.14897007896057,0,0,459,0.0,0.0,1.0,459,13750,9800,3950,0.7127272727272728,177,98,79,179.52092016984386,0.41112728448972985,0.886507942525897,0.10997605620196868,4228530.006444411,46271.919544539785,4274801.925988951,3179,1,1905.838779956427,93,366,63,37.468982297082434,0.5347449164851126,42.098847517730505,32791.865920297656,352.6007088204049,7
3181,127.03456541111339,1,0,460,0.002173913043478261,0.0,1.0,460,12100,8300,3800,0.6859504132231405,159,83,76,177.11496456355616,0.4115845331691453,0.8861271236369952,0.10900314891352524,4230180.347624942,45745.648473408364,4275925.99609835,3180,0,1902.6934782608696,97,363,67,37.361634540137544,0.5363224637681159,41.93239795918367,32783.5056719432,337.974285277765,0
3182,126.71735445120284,1,0,461,0.0021691973969631237,0.0,1.0,461,13650,9700,3950,0.7106227106227107,176,97,79,175.72173476421042,0.4121995740199315,0.8852260909818768,0.10860392676602137,4224598.754796102,42620.76437509875,4267219.519171201,3181,0,1899.5639913232103,100,361,58,37.24263090625875,0.538232104121475,41.78011551155115,32720.94062907138,327.2094062907138,0
3183,127.01464405119923,4,0,465,0.008602150537634409,0.0,1.0,465,12750,9200,3550,0.7215686274509804,163,92,71,174.38666792389762,0.41355730904708937,0.8856652913583944,0.10863887693994935,4243863.09822902,42264.628965068856,4286127.7271940885,3182,0,1884.215053763441,84,381,65,36.98711718972218,0.5403001792114696,41.49509803921568,32833.90810803907,390.8798584290365,0
3184,127.3015700045359,1,0,466,0.002145922746781116,0.0,1.0,466,12500,9100,3400,0.728,159,91,68,169.69534225774493,0.41397089928776903,0.8824157273140414,0.10626137563612434,4259492.2388356775,38863.19866268488,4298355.437498363,3183,0,1881.1695278969958,87,379,72,36.92173057563836,0.5420466738197425,41.31155303030302,32931.445441277385,378.5223613939929,0
3185,127.8020471717166,1,0,467,0.0021413276231263384,0.0,1.0,467,12750,10000,2750,0.7843137254901961,155,100,55,168.1795034882368,0.4144265438849626,0.88144756670126,0.10566924383546149,4280220.580246469,37819.07440119575,4318039.654647665,3184,0,1878.1391862955031,91,376,74,36.83848834835361,0.5434957173447538,41.191123188405776,33076.304282734105,363.4758712388363,0
3186,127.38406767824507,3,1,469,0.006382978723404255,0.002127659574468085,0.997872340425532,470,13000,9300,3700,0.7153846153846154,167,93,74,185.1246045894429,0.41578297721120844,0.8937341258275384,0.11397430475325959,4242252.721177826,50069.07151530668,4292321.792693133,3185,0,1867.1446808510639,98,372,60,37.14148116438356,0.5374113475177305,41.919191919191924,32875.3831230219,335.4630930920602,8
3187,127.24095715707837,2,0,471,0.004246284501061571,0.0,1.0,471,13800,9700,4100,0.7028985507246377,179,97,82,183.76829545201693,0.4162998223185918,0.8937325377164311,0.11374937214013026,4243845.424683094,47976.847971171184,4291822.272654265,3186,0,1863.976645435244,105,366,55,36.979364837785035,0.5390790870488322,41.72562893081762,32863.07818398536,312.98169699033673,0
3188,127.6600855293618,3,0,474,0.006329113924050633,0.0,1.0,474,14200,10500,3700,0.7394366197183099,179,105,74,181.6893200965111,0.41758659601609266,0.8937035065405612,0.11326346783410512,4266212.443794502,46025.04766006072,4312237.491454563,3187,0,1853.1729957805908,79,395,61,36.77416477797363,0.5408315752461322,41.471354166666686,33003.78903887361,417.76948150472924,0
3189,127.83511833620805,1,1,474,0.002105263157894737,0.002105263157894737,0.9978947368421053,475,13550,10000,3550,0.7380073800738007,171,100,71,174.18433094325968,0.418183988452143,0.8863883377017661,0.10785447167503516,4264073.751172158,39996.96668812944,4304070.717860287,3188,0,1850.2694736842104,111,364,58,37.21421776913572,0.5382894736842105,41.713169642857174,33018.1275233899,297.46060831882795,8
3190,127.36551047044448,0,0,474,0.0,0.0,1.0,474,13900,9600,4300,0.6906474820143885,182,96,86,172.40827180835063,0.4180154317683755,0.8851082339406007,0.10741251745716832,4255653.632868868,38041.97765156903,4293695.610520437,3189,1,1855.1582278481012,89,385,61,37.03618200134317,0.5400184599156118,41.493055555555536,32924.86893932126,369.94234763282316,0
3191,127.29378161289821,0,0,474,0.0,0.0,1.0,474,13350,9800,3550,0.7340823970037453,169,98,71,178.85249029344078,0.4182183737581883,0.8879236878261902,0.1120411165800804,4259709.460453795,44221.928985736515,4303931.389439532,3190,2,1856.1582278481012,92,382,64,36.67007620037232,0.5413809774964838,41.29704301075266,32931.277709599926,357.9486707565209,0
3192,126.96125126040292,2,0,476,0.004201680672268907,0.0,1.0,476,12800,9100,3700,0.7109375,165,91,74,181.30274461202487,0.4189713253722542,0.8895301871518204,0.11440245446730667,4257043.7279071165,46362.74236059138,4303406.4702677075,3191,0,1849.3550420168067,97,379,66,36.344516616727475,0.5431109943977591,41.03954081632649,32877.94392492727,338.9478755147141,0
3193,127.19030407251569,0,2,474,0.0,0.004201680672268907,0.9957983193277311,476,13700,9000,4700,0.656934306569343,184,90,94,186.95295338314438,0.41921540984814976,0.8915516351281603,0.1183781531707107,4268772.026106726,50711.90751999826,4319483.933626724,3192,1,1850.3550420168067,99,377,67,36.073027232765085,0.544358368347339,40.916666666666636,32952.8879467872,332.85745400795156,0
3194,126.8592416529192,1,1,474,0.002105263157894737,0.002105263157894737,0.9978947368421053,475,12100,9100,3000,0.7520661157024794,151,91,60,205.80252148822262,0.4193115700644015,0.9019967326988507,0.12676211690025485,4225307.244738618,66815.77700593256,4292123.02174455,3193,0,1852.2736842105264,96,379,63,36.59121799672682,0.5356140350877193,41.90292096219931,32741.999719568947,341.0624970788432,8
3195,127.33917288712853,3,2,475,0.006289308176100629,0.0041928721174004195,0.9958071278825996,477,13900,10000,3900,0.7194244604316546,178,100,78,207.06200737046086,0.42001905584036553,0.9028463071349806,0.12830815477934784,4248414.07993401,66637.02950641289,4315051.109440424,3194,0,1845.4696016771488,105,372,52,36.33762585913918,0.537561146051712,41.68632075471698,32893.450260525366,313.2709548621463,0
3196,127.7068894142447,1,0,476,0.0021008403361344537,0.0,1.0,476,12150,8100,4050,0.6666666666666666,162,81,81,204.2277225856374,0.41983515774730945,0.9007134103641457,0.12734199172986815,4268038.695593262,66980.3645416777,4335019.06013494,3195,0,1850.3193277310925,81,395,58,36.1833808307128,0.5388874299719888,41.463414634146346,33016.903116853544,407.6160878623894,0
3197,127.67903134857937,1,1,476,0.0020964360587002098,0.0020964360587002098,0.9979035639412998,477,13650,10500,3150,0.7692307692307693,168,105,63,200.33298483487687,0.4203596532952804,0.8980211408218106,0.1256968728039722,4274468.179260993,62213.39378661064,4336681.573047604,3196,0,1847.4381551362683,87,390,63,36.05672461116194,0.5405529350104822,41.24053030303029,33038.15844318103,379.7489476227705,0
3198,127.53536771782582,0,1,475,0.0,0.0021008403361344537,0.9978991596638656,476,12700,9200,3500,0.7244094488188977,162,92,70,200.5006794466497,0.4205594869526758,0.8988974505764522,0.12632513614466903,4274523.166600861,63508.95984278315,4338032.126443644,3197,1,1850.9033613445379,88,388,61,35.90206515678919,0.5419292717086834,41.093164794007485,33019.77843265472,375.2247549165309,0
3199,127.89137424683665,0,1,474,0.0,0.002105263157894737,0.9978947368421053,475,14450,10600,3850,0.7335640138408305,183,106,77,203.13520850608748,0.42043896661484936,0.8997282518415022,0.12854484918022682,4291574.0193574205,64903.95664829525,4356477.976005715,3198,2,1855.7873684210526,92,383,60,35.676171328923296,0.5431798245614035,40.93862007168458,33131.71589331406,360.1273466664572,0
3200,128.0438566430999,2,0,476,0.004201680672268907,0.0,1.0,476,12800,8900,3900,0.6953125,167,89,78,201.6096356856502,0.4212446557570397,0.8989821033015719,0.1285611070674234,4305658.8910600245,65612.46408265799,4371271.355142683,3199,0,1847.1911764705883,95,381,57,35.440027894002796,0.5449492296918768,40.66840277777777,33205.81785774827,349.5349248184028,0
3201,128.0830421140063,0,1,475,0.0,0.0021008403361344537,0.9978991596638656,476,13350,9300,4050,0.6966292134831461,174,93,81,201.25837309029328,0.4214336392451718,0.8983459558744469,0.1289256868311308,4312312.373912758,65027.79452616548,4377340.168438924,3200,1,1848.1911764705883,79,397,61,35.28531495141086,0.5465905112044818,40.50781250000002,33236.54877981834,420.71580733947263,0
3202,127.67177671779633,2,0,477,0.0041928721174004195,0.0,1.0,477,13900,9400,4500,0.6762589928057554,184,94,90,197.6774492533991,0.42203951811332496,0.896255937487298,0.1276323147068023,4307580.3647556035,61002.29979178334,4368582.664547387,3201,0,1844.0587002096436,84,393,68,35.097832240411414,0.5485237596086653,40.23284313725492,33164.93444959733,394.820648209492,0
3203,127.81298309631853,1,0,478,0.0020920502092050207,0.0,1.0,478,13900,9400,4500,0.6762589928057554,184,94,90,196.5121198836282,0.42239486022297656,0.8951142371462011,0.12732908589720077,4316427.800862878,60146.075494439385,4376573.876357317,3202,0,1841.1987447698746,90,388,69,35.002734466760614,0.550056659693166,40.109890109890124,33217.33022228515,369.0814469142794,0
3204,128.02713463442294,0,0,478,0.0,0.0,1.0,478,12700,8900,3800,0.7007874015748031,165,89,76,197.73500837845154,0.42250094295764146,0.8964983030026914,0.12866076105701035,4328510.317288585,62879.60477105428,4391389.922059639,3203,1,1842.1987447698746,92,386,66,34.82233876062485,0.5512116457461645,39.96415770609319,33291.64379113757,361.8656933819301,0
3205,128.34169503580193,0,2,476,0.0,0.0041841004184100415,0.99581589958159,478,12450,8900,3550,0.714859437751004,160,89,71,199.49429715174267,0.4227594339622642,0.8974551527812971,0.13028905005558514,4343439.324303046,65248.27504461541,4408687.599347661,3204,2,1843.1987447698746,94,384,66,34.645393433641004,0.5525409693165969,39.83552631578948,33389.94954072894,355.2122291566909,0
3206,128.75521259159038,0,3,473,0.0,0.0063025210084033615,0.9936974789915967,476,13350,9300,4050,0.6966292134831461,174,93,81,204.89245619237204,0.4223790173964323,0.8993322786819931,0.13450926090655016,4363416.600870493,70256.22894858553,4433672.829819079,3205,3,1851.8697478991596,98,378,52,34.32275458378802,0.5538559173669468,39.65698653198654,33520.520045809455,342.04612291642303,0
3207,128.82319148501261,0,1,472,0.0,0.0021141649048625794,0.9978858350951374,473,11550,8000,3550,0.6926406926406926,151,80,71,207.6394784845673,0.42222194849559846,0.9000660471753765,0.1367603716867559,4369501.456060765,75306.20071480157,4444807.656775567,3206,4,1861.5475687103594,79,394,55,34.13618165608491,0.5551224453840733,39.544270833333314,33552.7382718059,424.7182059722266,0
3208,128.65692833057062,2,1,473,0.004219409282700422,0.002109704641350211,0.9978902953586498,474,13050,8900,4150,0.6819923371647509,172,89,83,208.57777753736863,0.42261637942569646,0.8992329917209747,0.13808939211791443,4369791.633732184,74438.28545304816,4444229.919185232,3207,0,1858.607594936709,81,393,61,33.931160744748226,0.5566763361462729,39.367378048780466,33532.19256298654,413.97768596279684,0
3209,128.41781605652682,1,0,474,0.002109704641350211,0.0,1.0,474,10750,6600,4150,0.6139534883720931,149,66,83,207.97939819486132,0.42259872421596006,0.8993523848517195,0.1381387460644634,4365364.441561322,76031.1738914332,4441395.615452755,3208,0,1859.5928270042193,82,392,63,33.83411147477857,0.5577751406469761,39.25702811244978,33484.04300188738,408.3419878278949,0
3210,128.12966339099646,0,0,474,0.0,0.0,1.0,474,13000,9900,3100,0.7615384615384615,161,99,62,209.31926120589608,0.4227478642771548,0.8993188291623406,0.13955471429479904,4359869.111632619,74720.91628026776,4434590.027912887,3209,1,1860.5928270042193,86,388,65,33.667806437794525,0.5592475386779184,39.128352490421435,33425.39638365672,388.66739980996186,0
3211,128.47121409524155,0,1,473,0.0,0.002109704641350211,0.9978902953586498,474,12400,8400,4000,0.6774193548387096,164,84,80,206.7816775728743,0.4226107111741495,0.8984245043831338,0.13836578128392552,4375638.553017378,73760.37608909431,4449398.929106472,3210,2,1861.5928270042193,89,385,62,33.60772357723576,0.5606540084388185,39.00462962962961,33530.39210471853,376.74597870470257,0
3212,128.88471195349365,0,1,472,0.0,0.0021141649048625794,0.9978858350951374,473,15100,11100,4000,0.7350993377483444,191,111,80,208.72187085568117,0.4222154163829863,0.9004411295105974,0.14042055927907512,4395878.116596011,73803.18090989243,4469681.297505904,3211,3,1866.4693446088795,92,381,59,33.37032192583693,0.5617952783650457,38.8216845878136,33661.89195039814,365.89012989563196,0
3213,129.160555811872,0,1,471,0.0,0.00211864406779661,0.9978813559322034,472,14050,10100,3950,0.7188612099644128,180,101,79,207.1161066827445,0.42204902344452844,0.8999852145097724,0.1397875725852381,4408936.992329126,74182.37289214628,4483119.365221272,3212,4,1871.3983050847457,96,376,52,33.30182346252378,0.5630517302259888,38.713487972508574,33747.91111961598,351.5407408293331,0
3214,129.36257688650772,0,0,471,0.0,0.0,1.0,471,13950,10700,3250,0.7670250896057348,172,107,65,204.73942796410836,0.42210176025056095,0.8991848007429326,0.13867135092044286,4419845.256710266,72833.31790974615,4492678.574620012,3213,5,1874.864118895966,97,374,57,33.24281807831495,0.5646673743807502,38.59481292517005,33816.048611499355,348.6190578505088,0
3215,129.06677205442173,0,1,470,0.0,0.0021231422505307855,0.9978768577494692,471,12900,9200,3700,0.7131782945736435,166,92,74,198.05103019488323,0.42185914231076177,0.8953425086051183,0.13487610835983857,4415927.008905939,67815.77867584753,4483742.7875817865,3214,6,1875.864118895966,79,392,61,33.230670316907265,0.5661933828733192,38.411458333333364,33762.38867934058,427.3720085992479,0
3216,129.10798993202337,0,0,470,0.0,0.0,1.0,470,12600,8500,4100,0.6746031746031746,167,85,82,195.6701795621894,0.421870605180783,0.8938980930544795,0.1340572923607285,4424117.246550442,66533.56320734174,4490650.809757783,3215,7,1876.740425531915,84,386,64,33.08835002964768,0.567929964539007,38.21078431372551,33799.07942313604,402.36999313257195,0
3217,129.40753251347545,0,0,470,0.0,0.0,1.0,470,11600,8000,3600,0.6896551724137931,152,80,72,195.08850202687535,0.4220757912564836,0.8934261329486732,0.1340892546550059,4438010.332795318,67560.95756096754,4505571.290356286,3216,8,1877.740425531915,87,383,65,32.994397363465204,0.568927304964539,38.1036931818182,33891.3548397332,389.555802755554,0
3218,129.11660095452157,0,0,470,0.0,0.0,1.0,470,13350,10000,3350,0.7490636704119851,167,100,67,199.16728195187787,0.4217136203481075,0.8959448546323865,0.13763763719554095,4434127.062277767,69276.60696462696,4503403.669242394,3217,9,1878.740425531915,90,380,66,32.703829074761586,0.5703900709219858,37.92353479853482,33838.422376989365,375.9824708554374,0
3219,129.20032264282614,0,0,470,0.0,0.0,1.0,470,12350,8200,4150,0.6639676113360324,165,82,83,199.3635611347513,0.421654739221824,0.8956928665317669,0.13813805541503915,4439965.962273313,70683.48511117963,4510649.4473844925,3218,10,1879.740425531915,92,378,65,32.609427069982075,0.5716090425531914,37.836021505376365,33871.67060683256,368.17033268296257,0
3220,129.25213491181478,0,0,470,0.0,0.0,1.0,470,12200,8000,4200,0.6557377049180327,164,80,84,199.62480770342356,0.42146533669040814,0.8966165482310446,0.1387827121702454,4445491.8041047165,71286.08930831014,4516777.893413027,3219,11,1880.740425531915,96,374,64,32.489866109814535,0.5728945035460993,37.72551546391753,33899.53705918448,353.1201776998383,0
3221,129.0367630209448,0,0,470,0.0,0.0,1.0,470,13050,9400,3650,0.7203065134099617,167,94,73,200.50830607064887,0.4216743977679989,0.8984128735124988,0.13999290328824088,4442839.90758559,71115.26080261363,4513955.168388204,3220,12,1881.740425531915,97,373,56,32.32339598185353,0.5745345744680851,37.58503401360545,33861.177779135796,349.08430700139996,0
3222,129.1372729737981,0,0,470,0.0,0.0,1.0,470,12800,9100,3700,0.7109375,165,91,74,192.23444305622567,0.4216484069016619,0.8963696727649813,0.13253080161557793,4432166.557008535,63603.01392379397,4495769.570932329,3221,13,1882.740425531915,84,386,65,32.9659556886041,0.5716755319148936,38.002450980392176,33833.649006211366,402.78153578823054,8
3223,129.48667932198381,0,1,469,0.0,0.002127659574468085,0.997872340425532,470,12250,9500,2750,0.7755102040816326,150,95,55,191.6263740691673,0.42159340077726865,0.8959024260450621,0.13234159516991573,4446116.167343659,64148.62396767421,4510264.791311334,3222,14,1883.740425531915,88,382,64,32.923086943576,0.5728280141843971,37.944756554307126,33932.66327269694,385.59844628064707,0
3224,129.07339602269636,0,0,469,0.0,0.0,1.0,469,12800,9100,3700,0.7109375,165,91,74,195.21836529541324,0.4218492777261434,0.8974107994446712,0.13552929676983805,4437779.611119012,66667.21624479494,4504446.827363808,3223,15,1883.9466950959488,91,378,62,32.65256188831318,0.57420486851457,37.7717391304348,33846.692163560554,371.94167212703906,0
3225,128.82147455807018,0,0,469,0.0,0.0,1.0,469,11750,9000,2750,0.7659574468085106,145,90,55,194.91420469930728,0.421734049532557,0.8970876434684669,0.13565217711301963,4431865.791572201,67216.7192196738,4499082.5107918745,3224,16,1884.9466950959488,92,377,55,32.57762571701042,0.5754708599857854,37.69041218637995,33791.107892870416,367.29465100946106,0
3226,129.14177187867347,0,0,469,0.0,0.0,1.0,469,13750,9600,4150,0.6981818181818182,179,96,83,195.13688762833885,0.42158294303816696,0.8971425427844768,0.1362866935970602,4446815.666494291,65997.55380332739,4512813.220297619,3225,17,1885.9466950959488,97,372,56,32.453513373027114,0.5768256929637527,37.57440476190477,33890.10635536335,349.38253974601395,0
3227,129.0988289627819,0,0,469,0.0,0.0,1.0,469,12950,10000,2950,0.7722007722007722,159,100,59,194.32001682880787,0.4218430132609237,0.8979063876745146,0.13635689403597442,4450573.926130079,66217.12004468942,4516791.046174768,3226,18,1886.9466950959488,77,392,58,32.3174143016987,0.5783359985785359,37.41987179487178,33898.78706017905,440.2439877945331,0
3228,129.14242884939614,0,0,469,0.0,0.0,1.0,469,14000,10300,3700,0.7357142857142858,177,103,74,196.60433416513237,0.4218122604316634,0.8987691244979197,0.13877831646682498,4458634.572324918,67517.37627551559,4526151.948600433,3227,19,1887.9466950959488,79,390,61,32.060322828402896,0.5798240938166311,37.226562499999986,33935.19995585488,429.55949311208707,0
3229,129.2155694716979,0,0,469,0.0,0.0,1.0,469,14050,10400,3650,0.7402135231316725,177,104,73,188.37689790586074,0.4214107651607652,0.8900784829651138,0.13319747028918902,4463044.752331952,60296.90513186589,4523341.657463818,3228,20,1888.9466950959488,94,375,58,32.21996245306638,0.5850213219616205,37.171052631578966,33961.59210785766,361.29353306231553,7
3230,128.9932171966093,0,3,466,0.0,0.006396588486140725,0.9936034115138592,469,14700,10600,4100,0.7210884353741497,188,106,82,186.7560989439404,0.4212974352899726,0.8872273826967627,0.13062383180193177,4443322.74630508,57463.524489760515,4500786.2707948405,3229,21,1889.9466950959488,117,352,55,32.624630040695514,0.5886860341151385,37.52648305084743,33857.30338017956,289.3786613690561,8
3231,128.86771866633578,0,0,466,0.0,0.0,1.0,466,14450,10900,3550,0.754325259515571,180,109,71,166.6729047564415,0.42125684541664743,0.8792358436135257,0.10936229978146146,4366634.828188666,37909.94216497139,4404544.770353638,3230,22,1895.8605150214592,113,353,62,35.33579033579035,0.5671271459227467,39.674707602339204,33547.52654243367,296.88076586224486,7
3232,128.48804302557633,1,0,467,0.0021413276231263384,0.0,1.0,467,13600,9600,4000,0.7058823529411765,176,96,80,166.16236725972192,0.4214406172170093,0.8797880441917736,0.10962282555600418,4360032.156990908,37894.652906823714,4397926.809897732,3231,0,1892.7987152034261,86,381,66,35.15881131844225,0.568723233404711,39.48754789272029,33472.73515505842,389.2178506402142,0
3233,128.4100579710578,0,0,467,0.0,0.0,1.0,467,11900,8500,3400,0.7142857142857143,153,85,68,165.32312712412232,0.4216495038798161,0.8794207659890694,0.10971443890964432,4364140.299284205,38998.66429721266,4403138.963581418,3232,1,1893.7987152034261,90,377,69,34.97550418569254,0.5700392576730906,39.28571428571427,33478.33654245417,371.9815171383797,0
3234,128.1400366155821,0,0,467,0.0,0.0,1.0,467,12850,9500,3350,0.7392996108949417,162,95,67,167.18904962346562,0.42155032579426716,0.879914634925693,0.11141253474908247,4359674.400843582,39527.96394895785,4399202.36479254,3233,2,1894.7987152034261,94,373,71,34.783522488440525,0.5711545324768023,39.14473684210526,33426.0029724199,355.59577630233935,0
3235,128.07875365587338,2,0,469,0.0042643923240938165,0.0,1.0,469,12350,8400,3950,0.680161943319838,163,84,79,169.35189502106377,0.42219344364866757,0.8807972023177884,0.11349494574271038,4364020.283661828,41661.020989699115,4405681.304651528,3234,0,1887.7142857142858,103,366,69,34.53143185102764,0.5727611940298507,38.95232371794873,33434.66102296719,324.60835944628343,0
3236,127.83500750868839,0,0,469,0.0,0.0,1.0,469,12900,9300,3600,0.7209302325581395,165,93,72,168.5907327494754,0.42228038683262564,0.8814980421060774,0.11356261407077085,4361475.603720363,40360.87358003498,4401836.477300398,3235,1,1888.7142857142858,104,365,69,34.37583076981506,0.57420486851457,38.779761904761905,33393.09109832613,321.087414406982,0
3237,127.48225705269071,2,1,470,0.004246284501061571,0.0021231422505307855,0.9978768577494692,471,13050,9500,3550,0.7279693486590039,166,95,71,163.37594663677717,0.42269202391170135,0.8776190868826828,0.11042211163443705,4353232.925552785,34992.71002851545,4388225.635581301,3236,0,1881.6900212314224,108,363,60,34.39633157804922,0.5756369426751593,38.66590214067279,33315.460639935896,308.4764874068139,0
3238,127.89135417125127,0,2,468,0.0,0.00425531914893617,0.9957446808510638,470,13450,9700,3750,0.7211895910780669,172,97,75,166.89727182845562,0.4223397639462263,0.8811179965789397,0.11312635346689787,4370431.223280481,38432.609575882714,4408863.832856364,3237,1,1886.6936170212766,112,358,60,34.206114833098255,0.5767952127659575,38.56932153392331,33434.72349093558,298.52431688335344,0
3239,127.88275172670426,0,1,467,0.0,0.002136752136752137,0.9978632478632479,468,12300,8500,3800,0.6910569105691057,161,85,76,167.4120085015502,0.4216146738898345,0.8808460621591485,0.11376910193247432,4373041.02605745,40519.91628639117,4413560.942343841,3238,2,1895.5555555555557,87,381,63,34.10436375020747,0.5779914529914529,38.482481060606055,33443.579946710124,384.4089649047141,0
3240,127.59313099829346,0,0,467,0.0,0.0,1.0,467,14250,10100,4150,0.7087719298245614,184,101,83,171.3658016781893,0.4217052197541302,0.8830388746899185,0.11529638284645308,4351900.744453414,41503.39197943434,4393404.136432849,3239,3,1899.036402569593,104,363,68,34.3437029158912,0.5760617416131335,38.81944444444446,33324.84483920722,320.4312003769925,7
3241,127.62056121956275,1,2,466,0.002136752136752137,0.004273504273504274,0.9957264957264957,468,12650,9300,3350,0.7351778656126482,160,93,67,174.43263732659506,0.4218752859678984,0.8854756917922815,0.11779966212408424,4357045.9288857505,45752.202465729635,4402798.13135148,3240,0,1895.9764957264956,109,359,56,34.13513807349423,0.577190170940171,38.69318181818183,33348.12278686202,305.946080613413,0
3242,127.81930704633004,0,0,466,0.0,0.0,1.0,466,14400,10500,3900,0.7291666666666666,183,105,78,170.94966746559606,0.42141625132678023,0.8835644546278396,0.11596855819963377,4368893.31772234,41772.17197145922,4410665.489693799,3241,5,1905.0944206008583,85,381,59,34.072045152722424,0.5786167739628041,38.54166666666666,33419.42298815495,393.16968221358763,0
3243,127.91335482961433,0,0,466,0.0,0.0,1.0,466,12450,8700,3750,0.6987951807228916,162,87,75,173.09352941287375,0.42128088128970725,0.8836452094874157,0.11791568046044228,4376806.346977467,45869.37163099815,4422675.718608465,3242,6,1906.0944206008583,88,378,62,33.87311156846078,0.580092095851216,38.4012172284644,33461.977923650375,380.2497491323906,0
3244,127.54134941064594,0,1,465,0.0,0.002145922746781116,0.9978540772532188,466,12400,8400,4000,0.6774193548387096,164,84,80,170.40869971125383,0.42110503484240164,0.8816957264627165,0.11646442002146334,4367703.100406297,43258.92121300862,4410962.021619305,3243,7,1907.0944206008583,91,375,65,33.83285022064547,0.5813662374821174,38.29257246376809,33378.51845875954,366.7969061402148,0
3245,127.9035170068567,0,0,465,0.0,0.0,1.0,465,13500,10100,3400,0.7481481481481481,169,101,68,170.83803170541384,0.4206828961191447,0.8830918197833286,0.11727429976999369,4385034.059104717,43326.11752372974,4428360.176628447,3244,10,1912.1806451612904,91,374,67,33.671907654833475,0.5827956989247312,38.145380434782595,33492.126786883615,368.04534930641336,0
3246,127.51974342409767,0,0,465,0.0,0.0,1.0,465,13850,9900,3950,0.7148014440433214,178,99,79,173.94775177060288,0.42069602799406747,0.8848865686688367,0.12001400885018572,4377486.715318224,45440.79450705672,4422927.509825281,3245,11,1913.1806451612904,95,370,67,33.419606868753796,0.5842965949820789,37.97743055555554,33413.050826878214,351.71632449345486,0
3247,127.70606680239553,0,0,465,0.0,0.0,1.0,465,13300,9900,3400,0.7443609022556391,167,99,68,170.24924910190612,0.42049866363861077,0.8822204875731194,0.11793732045548168,4388357.150813469,43122.90194339369,4431480.052756863,3246,12,1914.1806451612904,99,366,64,33.38055952901285,0.5855958781362007,37.843749999999986,33478.94357516534,338.17114722389226,0
3248,127.94008160135778,1,0,466,0.002145922746781116,0.0,1.0,466,12650,8500,4150,0.6719367588932806,168,85,83,170.47310892293504,0.4208130470564708,0.8824798530274496,0.11847881070143876,4400018.363509806,44166.96194910308,4444185.325458909,3247,0,1911.0708154506437,105,361,72,33.264950539568304,0.5869322246065809,37.73584905660375,33554.096872808586,319.56282736008177,0
3249,127.79470193473,0,1,465,0.0,0.002145922746781116,0.9978540772532188,466,11900,7900,4000,0.6638655462184874,159,79,80,169.06050313659296,0.4208258341409387,0.8820453706701126,0.11796427533980701,4399401.101233938,43652.992734857165,4443054.093968795,3248,1,1912.0708154506437,108,358,59,33.16906132012475,0.5879381258941345,37.605122324159005,33532.67518178382,310.48773316466503,0
3250,127.61358260810147,0,0,465,0.0,0.0,1.0,465,12950,9300,3650,0.7181467181467182,166,93,73,171.81569413115213,0.42046718576195774,0.884576163161249,0.12045523864690731,4398368.52898687,45191.74837049908,4443560.27735737,3249,15,1917.1806451612904,82,383,63,32.938774697259404,0.5891129032258065,37.44979919678716,33504.97173897456,408.597216328958,0
3251,128.04905484648495,0,0,465,0.0,0.0,1.0,465,13450,9400,4050,0.6988847583643123,175,94,81,169.2178844913706,0.42041427203065135,0.8822369685175462,0.11903009249437332,4417046.710398519,43038.660006641534,4460085.370405161,3250,16,1918.1806451612904,84,381,68,32.896020933451524,0.5905913978494624,37.340686274509814,33633.2768691755,400.3961532044702,0
3252,127.69817444580524,0,0,465,0.0,0.0,1.0,465,13150,10200,2950,0.7756653992395437,161,102,59,167.6829075399851,0.42007631936719814,0.8803959559513985,0.11849282469099912,4409967.393765282,41745.23094862032,4451712.624713902,3251,17,1919.1806451612904,90,375,68,32.784075235564856,0.5919354838709677,37.1909340659341,33560.237947587884,372.89153275097647,0
3253,127.25809969130361,0,0,465,0.0,0.0,1.0,465,12350,9000,3350,0.728744939271255,157,90,67,168.08371302617246,0.4198382075763194,0.8809317757818225,0.11930776028710997,4399629.825262225,42551.223394154804,4442181.04865638,3252,18,1920.1806451612904,93,372,70,32.62582177925748,0.5930779569892473,37.045656028368825,33463.07011940354,359.81795827315636,0
3254,127.42881903525122,0,0,465,0.0,0.0,1.0,465,14350,10100,4250,0.7038327526132404,186,101,85,167.81429527830454,0.4196752178346311,0.8814434329716223,0.11946186776636679,4408679.033094942,40617.87300941453,4449296.906104356,3253,19,1921.1806451612904,94,371,71,32.53742878977353,0.594489247311828,36.95175438596494,33519.927287891514,356.5949711477821,0
3255,127.78847154972578,0,0,465,0.0,0.0,1.0,465,13450,9300,4150,0.6914498141263941,176,93,83,166.08502748029474,0.4196875772463231,0.87991446880086,0.11866437031284496,4425103.5638210075,40538.689400073745,4465642.253221082,3254,20,1922.1806451612904,99,366,68,32.462529026810245,0.5959901433691757,36.83333333333336,33629.66609616979,339.693596931008,0
3256,128.1312583902255,0,1,464,0.0,0.002150537634408602,0.9978494623655914,465,12700,8900,3800,0.7007874015748031,165,89,76,171.019909824364,0.4198049916573971,0.8836653950280513,0.12273935051522647,4441851.998941174,46229.02566241954,4488081.024603593,3255,21,1923.1806451612904,103,362,69,32.18555447779173,0.5971102150537635,36.68870192307695,33738.40797096024,327.55735894136154,0
3257,127.81458637545808,0,1,463,0.0,0.0021551724137931034,0.9978448275862069,464,12750,9300,3450,0.7294117647058823,162,93,69,172.4327960577283,0.41952180463493954,0.8851878725827076,0.1242699047894679,4435382.272702619,47411.07337340023,4482793.34607602,3256,22,1928.209051724138,107,357,59,32.01212442947451,0.5982399425287357,36.554783950617306,33672.14132194535,314.69290955089116,0
3258,127.79286332347516,0,0,463,0.0,0.0,1.0,463,12350,9200,3150,0.7449392712550608,155,92,63,169.93111312342268,0.41906686426124873,0.8833579832146217,0.12288465681323316,4438304.027208933,45891.18874475722,4484195.21595369,3257,23,1933.267818574514,81,382,63,31.96702133641812,0.599374550035997,36.44563008130082,33680.36757332503,415.80700707808677,0
3259,127.36513818853267,0,0,463,0.0,0.0,1.0,463,12400,9200,3200,0.7419354838709677,156,92,64,168.83540351665025,0.41904835924814327,0.8823990329107323,0.1222834074297836,4425129.083902818,44423.690898799694,4469552.7748016175,3258,24,1934.267818574514,82,381,65,31.945006506697155,0.6002969762419006,36.39558232931727,33574.0130837342,409.43918394797805,0
3260,127.21005728323028,0,1,462,0.0,0.0021598272138228943,0.9978401727861771,463,13300,9100,4200,0.6842105263157895,175,91,84,161.25875221876606,0.4188705163327193,0.8722515997746816,0.11198346351891492,4374014.054046944,35169.60970858916,4409183.663755533,3259,25,1935.267818574514,110,353,73,33.533957796545415,0.5874280057595392,37.762762762762726,33359.21397074451,303.26558155222284,8
3261,126.97522230848824,0,2,460,0.0,0.004329004329004329,0.9956709956709957,462,12200,8800,3400,0.7213114754098361,156,88,68,159.67234489241676,0.41864472897553157,0.8711149367838458,0.11122707599526901,4369353.330847171,34932.978399969514,4404286.309247141,3260,26,1940.3181818181818,116,346,60,33.47141620851147,0.5886544011544012,37.66025641025637,33310.64726265894,287.1607522643012,0
3262,126.5669843996377,0,0,460,0.0,0.0,1.0,460,11850,8300,3550,0.70042194092827,154,83,71,163.25204266071984,0.41861413043478257,0.8731410327990348,0.11406337662575093,4358592.597890031,38459.828946286216,4397052.4268363165,3261,27,1945.0304347826086,118,342,62,33.27690870884887,0.5898777173913043,37.56127450980389,33216.07807497795,281.49218707608435,0
3263,126.97624767407454,0,0,460,0.0,0.0,1.0,460,13800,10900,2900,0.7898550724637681,167,109,58,163.56438169605624,0.4184431340974393,0.8708951178907423,0.11486701575277992,4378272.114494411,37425.87426087394,4415697.988755285,3262,28,1946.0304347826086,97,363,62,33.098403896489366,0.5913496376811594,37.39370748299322,33344.76163941021,343.7604292722702,0
3264,127.14036498413577,0,1,459,0.0,0.002173913043478261,0.9978260869565218,460,10400,7300,3100,0.7019230769230769,135,73,62,165.86558930096317,0.41823286681822486,0.8727066431179924,0.11686242603086244,4387480.6466718605,43146.41260136173,4430627.059273222,3263,29,1947.0304347826086,97,363,65,32.929917192641746,0.5924592391304349,37.28741496598643,33401.37394715073,344.3440613108323,0
3265,127.6251232110412,0,0,459,0.0,0.0,1.0,459,13100,9100,4000,0.6946564885496184,171,91,80,163.9791036576352,0.41829688773455365,0.8716841644964348,0.11607328697897588,4409306.928280229,39706.839570161195,4449013.76785039,3264,30,1950.161220043573,99,360,71,32.82498679083287,0.593681917211329,37.135416666666714,33548.12483573625,338.8699478357197,0
3266,127.73107431667108,0,0,459,0.0,0.0,1.0,459,12200,8700,3500,0.7131147540983607,157,87,70,163.8856199126095,0.4180199979069745,0.87180747330759,0.11627343774841604,4415470.887739948,40726.436728670546,4456197.324468618,3265,31,1951.161220043573,101,358,73,32.75167171579866,0.594748547567175,37.06086601307194,33585.49806404597,332.52968380243533,0
3267,127.49966207794142,0,1,458,0.0,0.002178649237472767,0.9978213507625272,459,12750,9300,3450,0.7294117647058823,162,93,69,162.59531848344832,0.417904049052906,0.8710702102872272,0.11570188605126697,4410709.730559846,38882.150675686935,4449591.881235533,3266,32,1952.161220043573,104,355,76,32.687448140605014,0.5957924836601307,36.96428571428575,33536.96468585899,322.47081428710567,0
3268,127.74847819186941,0,0,458,0.0,0.0,1.0,458,13400,9300,4100,0.6940298507462687,175,93,82,163.94949491397955,0.4175354106746422,0.8719598933262256,0.11726228156559973,4424864.841258201,40090.87115738343,4464955.712415584,3267,33,1957.2663755458516,109,349,68,32.48407929769016,0.5973435225618632,36.79924242424246,33623.496239250635,308.47244256193244,0
3269,127.63788873507028,0,0,458,0.0,0.0,1.0,458,12900,9700,3200,0.751937984496124,161,97,64,166.89032206377024,0.417515304546135,0.8733209883367414,0.11985759493670894,4425489.242197679,43214.26498402589,4468703.507181705,3268,34,1958.2663755458516,114,344,56,32.27188818565404,0.5987081513828238,36.66666666666669,33611.31070023554,294.83605877399594,0
3270,127.25431682917295,0,0,458,0.0,0.0,1.0,458,10850,7900,2950,0.728110599078341,138,79,59,168.8669790361069,0.4172720402982555,0.8749007980538774,0.12160886541600052,4415132.979415469,46664.03365531618,4461797.013070785,3269,35,1959.2663755458516,120,338,59,32.1305434818131,0.5999363173216885,36.578856749311306,33521.477622726285,279.3456468560524,0
3271,127.61047406560373,0,0,458,0.0,0.0,1.0,458,13500,9700,3800,0.7185185185185186,173,97,76,169.86164394266225,0.4169602957711039,0.8767460636744413,0.12272132129160176,4430977.3228817,45430.6184674691,4476407.941349168,3270,36,1960.2663755458516,123,335,62,31.998857719689756,0.6013464337700145,36.475134408602166,33628.53302619302,273.40270753002454,0
3272,127.18826869654613,0,0,458,0.0,0.0,1.0,458,11900,9000,2900,0.7563025210084033,148,90,58,168.03220135402472,0.41668687233046353,0.8753995659444154,0.12180765181591165,4419917.066268358,45037.67888945788,4464954.745157816,3271,37,1961.2663755458516,91,367,63,31.937882952528188,0.6024608806404658,36.36775362318838,33530.928989247666,368.47174713458975,0
3273,126.74447911541748,0,0,458,0.0,0.0,1.0,458,11550,8100,3450,0.7012987012987013,150,81,69,163.93222917371696,0.4164420155179498,0.8720034055553083,0.11937940543118836,4409363.848596114,41417.36898767102,4450781.217583785,3272,38,1962.2663755458516,96,362,67,31.897908778786523,0.6036435589519651,36.22207903780067,33432.39519450149,348.25411660939056,0
3274,126.44691960921148,0,1,457,0.0,0.002183406113537118,0.9978165938864629,458,13750,10500,3250,0.7636363636363637,170,105,65,162.2711371691023,0.41611096114460805,0.8703446101248815,0.11865904716253356,4403395.486475026,37558.79859911887,4440954.2850741455,3273,39,1963.2663755458516,101,357,70,31.80819982973454,0.604917212518195,36.0906862745098,33370.51977676918,330.4011859086057,0
3275,126.31407888162047,0,0,457,0.0,0.0,1.0,457,12300,8900,3400,0.7235772357723578,157,89,68,160.75792241601715,0.41592207634330175,0.8688906889582038,0.11790230919209146,4401910.994240274,37828.41321885827,4439739.407459132,3274,40,1968.3741794310722,105,352,72,31.752396240461604,0.6061269146608315,35.99646226415095,33347.36369059299,317.5939399104094,0
3276,125.9864783866709,0,0,457,0.0,0.0,1.0,457,12150,8700,3450,0.7160493827160493,156,87,69,162.7976230103759,0.4157391278615942,0.8696722202345664,0.1198875430991641,4394797.653007958,39542.52230425542,4434340.175312214,3275,41,1969.3741794310722,110,347,70,31.567096567896005,0.6071982129832239,35.867117117117125,33277.17174053351,302.51974309575917,0
3277,126.12433213918253,0,0,457,0.0,0.0,1.0,457,14200,9900,4300,0.6971830985915493,185,99,86,161.2345768283004,0.41544161164216153,0.8689410357443355,0.11920571577265177,4403750.386821352,36407.36601532143,4440157.7528366735,3276,42,1970.3741794310722,114,343,70,31.482013093850682,0.6086342086068564,35.742753623188406,33329.26871221479,292.3620062474982,0
3278,126.3504610274292,0,0,457,0.0,0.0,1.0,457,13300,10200,3100,0.7669172932330827,164,102,62,160.12146397087756,0.41532684396074065,0.8686285449302242,0.11875413094107388,4414935.186523183,36685.17708052718,4451620.36360371,3277,43,1971.3741794310722,118,339,72,31.411354856512137,0.6099334427425237,35.644257703081244,33401.469914464134,283.0633043598655,0
3279,126.80372457248764,0,0,457,0.0,0.0,1.0,457,13000,9500,3500,0.7307692307692307,165,95,70,163.1561857586886,0.41494435167056953,0.8710318106523349,0.12138929957972341,4434109.687221447,40290.484760541716,4474400.1719819885,3278,44,1972.3741794310722,121,336,62,31.229989291748716,0.6110731218088986,35.54474043715848,33533.91189535246,277.1397677301856,0
3280,127.05685815732872,0,0,457,0.0,0.0,1.0,457,12900,9300,3600,0.7209302325581395,165,93,72,161.57479478414294,0.4146238419261136,0.8698783935060102,0.12048946691233334,4445380.390363085,39352.28486207621,4484732.675225161,3279,45,1973.3741794310722,129,328,64,31.198662900473586,0.612326768781911,35.472756410256444,33610.00046753177,260.542639283192,0
3281,127.44536977233564,0,0,457,0.0,0.0,1.0,457,12300,8700,3600,0.7073170731707317,159,87,72,181.05339012019465,0.41454186501081297,0.8890597460642604,0.13120388843511904,4428500.430665787,56659.003224156506,4485159.433889944,3280,46,1974.3741794310722,77,380,62,31.605243161094194,0.5986734135667395,36.378205128205124,33597.377127482694,436.3295730841908,8
3282,127.78385033775206,0,0,457,0.0,0.0,1.0,457,11950,8700,3250,0.7280334728033473,152,87,65,184.23490117741588,0.4145576605627855,0.8906831417514713,0.13400241794002424,4444226.366024638,60406.32107092249,4504632.68709556,3281,47,1975.3741794310722,78,379,62,31.401547345265488,0.5995851568198396,36.260548523206744,33701.642595671285,432.0723409701447,0
3283,128.07191184540736,0,0,457,0.0,0.0,1.0,457,13350,9200,4150,0.6891385767790262,175,92,83,187.02176237873454,0.4140925915262262,0.891926959173954,0.13646460104718394,4457680.584110437,61986.65579236035,4519667.239902797,3282,48,1976.3741794310722,79,378,62,31.224450558489238,0.6009071845368344,36.15885416666667,33790.63997035795,427.7296198779488,0
3284,127.91915490448478,0,0,457,0.0,0.0,1.0,457,12600,9400,3200,0.746031746031746,158,94,64,188.6583924186254,0.41391864051083216,0.8928626302208613,0.1383209928381245,4457506.322002384,64189.19538096599,4521695.51738335,3283,49,1977.3741794310722,82,375,62,31.026067665002763,0.6025483223924143,36.006526104417674,33769.8220810221,411.82709854905005,0
3285,127.76685146928044,0,0,457,0.0,0.0,1.0,457,13100,9500,3600,0.7251908396946565,167,95,72,188.66670770187767,0.4137618846532816,0.8931132565890259,0.13897082599703245,4457153.74579115,63683.3045879017,4520837.050379052,3284,50,1978.3741794310722,86,371,61,30.87622576794643,0.6037107950401167,35.859674329501914,33748.37775698988,392.4229971743009,0
3286,127.76871967506041,0,0,457,0.0,0.0,1.0,457,15400,11800,3600,0.7662337662337663,190,118,72,186.50884388255372,0.4135145543015087,0.8918398492028115,0.13814299114690842,4463099.5880072685,59681.50885838749,4522781.096865656,3285,51,1979.3741794310722,92,365,58,30.755784388507486,0.6051239970824216,35.68548387096774,33771.12731733952,367.0774708406469,0
3287,128.13179205665392,0,0,457,0.0,0.0,1.0,457,12600,9300,3300,0.7380952380952381,159,93,66,187.55972529916303,0.41340458526878826,0.8926281317696463,0.1393277292147685,4478889.397663753,64011.85301422851,4542901.250677981,3286,52,1980.3741794310722,99,358,56,30.634553638261796,0.606514405543399,35.593749999999986,33878.84664347951,342.2105721563587,0
3288,128.22814494486832,0,1,456,0.0,0.002188183807439825,0.9978118161925602,457,11800,8800,3000,0.7457627118644068,148,88,60,190.33538557863037,0.4132186376316429,0.8945721213554925,0.14182066992193582,4485491.957724051,67549.56825664904,4553041.5259807,3287,53,1981.3741794310722,101,356,58,30.46396396396396,0.6074945295404814,35.49836601307187,33916.553861030035,335.8074639705944,0
3289,128.08109361529245,0,0,456,0.0,0.0,1.0,456,11950,8300,3650,0.694560669456067,156,83,73,193.07930631791206,0.4129379940235203,0.8960342488314808,0.14456726555488195,4485501.691308429,70061.51100913162,4555563.202317561,3288,54,1986.4188596491229,73,383,59,30.23636818963528,0.6089181286549707,35.346283783783804,33897.137402324435,464.34434797704705,0
3290,128.11389445081372,0,0,456,0.0,0.0,1.0,456,12650,8700,3950,0.6877470355731226,166,87,79,190.19933449367747,0.41276729483966323,0.8929784659583551,0.1429834923079092,4490887.243293874,66982.75299212857,4557869.996286003,3289,55,1987.4188596491229,79,377,61,30.185281944102947,0.6101059941520468,35.22135416666668,33921.823485121175,429.3901706977364,0
3291,128.36288900698682,0,0,456,0.0,0.0,1.0,456,13050,9800,3250,0.7509578544061303,163,98,65,175.9652013906323,0.41253936122357177,0.8825688208310993,0.12683456171371316,4454571.079518632,52519.89942327703,4507090.978941909,3290,56,1988.4188596491229,124,332,55,31.914196769363777,0.6005573830409356,36.550000000000004,33817.20310889074,272.7193799104092,8
3292,128.48521483139191,0,0,456,0.0,0.0,1.0,456,11450,8300,3150,0.7248908296943232,146,83,63,178.50188277493555,0.41238271961956174,0.8857178716702012,0.12922911466193415,4463579.5683490615,56701.47137320699,4520281.0397222685,3291,57,1989.4188596491229,84,372,57,31.704170347296458,0.6016995614035088,36.40931372549017,33867.505953534186,403.1845946849308,0
3293,128.43210751860207,0,0,456,0.0,0.0,1.0,456,12200,8300,3900,0.680327868852459,161,83,78,177.84141639159338,0.41229767126148703,0.8847100833204875,0.1293569553572669,4466812.410856869,55476.8491804652,4522289.260037335,3292,58,1990.4188596491229,88,368,59,31.568962456732038,0.603001644736842,36.25936329588012,33872.76581020776,384.9177932978155,0
3294,128.02937083501877,0,0,456,0.0,0.0,1.0,456,13900,11000,2900,0.7913669064748201,168,110,58,175.61725082582657,0.4119614942805732,0.8827300996811893,0.12823128977042955,4456939.228221775,51443.08287161605,4508382.311093391,3293,59,1991.4188596491229,93,363,61,31.50307805916031,0.6041895102339181,36.136968085106346,33782.21796268388,363.2496555127299,0
3295,128.05504125124253,0,0,456,0.0,0.0,1.0,456,11050,8200,2850,0.7420814479638009,139,82,57,175.80693713909605,0.41190134792108474,0.8837877649623647,0.12877371594874615,4461203.412479591,54612.10158050211,4515815.514060093,3294,60,1992.4188596491229,93,363,64,31.396585502378933,0.6053545321637427,36.03723404255316,33801.76288347256,363.45981595131786,0
3296,128.20661958570776,0,0,456,0.0,0.0,1.0,456,13500,10100,3400,0.7481481481481481,169,101,68,178.87415276509512,0.4117426980913823,0.8854743255275301,0.13182416855478135,4473034.367402844,55322.04655166656,4528356.41395451,3295,61,1993.4188596491229,99,357,63,31.118677458364534,0.6067251461988303,35.843749999999986,33866.57985493695,342.0866652013833,0
3297,128.1714361403697,0,1,455,0.0,0.0021929824561403508,0.9978070175438597,456,12650,8800,3850,0.6956521739130435,165,88,77,178.73393220445806,0.4114720896793265,0.884772209002578,0.13235759472938013,4476952.127579085,56186.65161066438,4533138.779189749,3296,62,1994.4188596491229,105,351,62,30.9677399365457,0.6082099780701755,35.69182389937106,33876.75851445922,322.6357953758021,0
3298,127.95336768811646,0,0,455,0.0,0.0,1.0,455,13450,10200,3250,0.758364312267658,167,102,65,179.71380373861405,0.4113206177082829,0.885465960583065,0.1336941655056534,4474198.821520563,56365.05777965703,4530563.87930022,3297,63,1998.123076923077,110,345,55,30.795481428909405,0.6095924908424908,35.54804804804805,33837.51784394828,307.61379858134796,0
3299,127.61436458517126,0,1,454,0.0,0.002197802197802198,0.9978021978021978,455,13450,9200,4250,0.6840148698884758,177,92,85,182.18928069884763,0.4113274757547885,0.8877524871063922,0.1360673248184898,4466479.09537677,58298.922728628175,4524778.018105398,3298,64,1999.123076923077,116,339,59,30.60530728763564,0.6108745421245421,35.425569800569825,33763.49779538438,291.0646361671067,0
3300,127.70356327399473,0,0,454,0.0,0.0,1.0,454,13550,10100,3450,0.7453874538745388,170,101,69,182.7685519068718,0.41110849759962137,0.8881868629721861,0.1368170047386228,4472048.208946697,59119.95504138201,4531168.16398808,3299,65,2004.068281938326,81,373,60,30.51623825981216,0.6122659691629956,35.35315040650408,33796.34570232651,417.23883583119147,0
3301,127.76085233872661,0,0,454,0.0,0.0,1.0,454,12900,9500,3400,0.7364341085271318,163,95,68,181.0298961600268,0.41081179313631105,0.8874250336880298,0.13604960622712944,4478197.134306772,58437.512441537554,4536634.646748309,3300,66,2005.068281938326,83,371,62,30.43753805442369,0.6133443465491923,35.23065476190477,33827.15722078573,407.556111093804,0
3302,128.17077318084802,0,0,454,0.0,0.0,1.0,454,12000,9200,2800,0.7666666666666667,148,92,56,182.50053281917218,0.41068415652867324,0.8880055557763455,0.13768757476043358,4496650.885078897,61328.2364857409,4557979.121564638,3301,67,2006.068281938326,84,370,65,30.276042871462728,0.614262114537445,35.11029411764707,33951.11841058876,404.1799810784376,0
3303,128.50068481166338,0,1,453,0.0,0.0022026431718061676,0.9977973568281938,454,13150,9900,3250,0.752851711026616,164,99,65,184.7591185181295,0.41037590399133855,0.8887477445330831,0.13991023282566914,4512139.71952386,62781.79144197472,4574921.510965835,3302,68,2007.068281938326,88,366,65,30.099115213614816,0.6156617107195301,34.99531835205994,34053.283070057296,386.96912579610563,0
3304,128.72307049004039,0,0,453,0.0,0.0,1.0,453,13800,10100,3700,0.7318840579710145,175,101,74,184.15090261346822,0.40979100327544327,0.8878682609280211,0.13989971556754555,4523342.804040558,62195.5320388415,4585538.336079399,3303,69,2012.2582781456954,91,362,67,30.01391617550755,0.6170207873436351,34.89583333333334,34125.022333036824,375.00024541798706,0
3305,129.09026878860897,0,0,453,0.0,0.0,1.0,453,11900,9000,2900,0.7563025210084033,148,90,58,184.37080152408927,0.4094224752062618,0.8883051744796253,0.14074559045682655,4541340.236104784,64958.10786484786,4606298.343969631,3304,70,2013.2582781456954,97,356,60,29.856533426834957,0.6183084988962473,34.74702380952382,34241.577993407176,353.00595869491934,0
3306,128.63159917094538,0,0,453,0.0,0.0,1.0,453,13050,9800,3250,0.7509578544061303,163,98,65,182.88023150867778,0.4091595606477954,0.8881180887172784,0.14029014660865907,4530307.889604596,62050.75113129555,4592358.640735892,3305,71,2014.2582781456954,102,351,67,29.743804697125608,0.6195732155997057,34.59749190938511,34139.14903967553,334.6975396046621,0
3307,128.47959446220298,0,0,453,0.0,0.0,1.0,453,13850,9800,4050,0.7075812274368231,179,98,81,181.04954194136658,0.40881992876073636,0.8866542824140178,0.13934313494573222,4528381.803782368,59522.29026208222,4587904.094044451,3306,72,2015.2582781456954,110,343,51,29.6900772892219,0.6208839220014717,34.496996996996984,34111.71815432271,310.106528675661,0
3308,128.52079978622274,0,0,453,0.0,0.0,1.0,453,11700,8700,3000,0.7435897435897436,147,87,60,186.57328099987964,0.4085627120409984,0.8856024197931622,0.13027469139400508,4425169.214232341,62823.66785579386,4487992.882088135,3307,73,2016.2582781456954,113,340,58,32.68622253560355,0.5901628035320088,37.58223684210521,33726.14079916343,298.4614230014463,8
3309,128.4867460723755,0,0,453,0.0,0.0,1.0,453,12900,9000,3900,0.6976744186046512,168,90,78,183.6337666140168,0.40853178091647296,0.8851410054185185,0.12878694072602162,4428861.425890656,59157.70108956609,4488019.126980222,3308,74,2017.2582781456954,83,370,63,32.61647105590457,0.5916114790286976,37.437996031746046,33735.737532123225,406.4546690617256,0
3310,128.47198223849256,0,0,453,0.0,0.0,1.0,453,12200,8900,3300,0.7295081967213115,155,89,66,181.74028209588596,0.4085104140212415,0.8825634804160978,0.12781051928905654,4431393.960836087,58272.557704072075,4489666.51854016,3309,75,2018.2582781456954,88,365,64,32.5743987938743,0.5926232523914643,37.34784644194758,33743.44280681211,383.448213713774,0
3311,128.28077290283528,0,0,453,0.0,0.0,1.0,453,11250,7700,3550,0.6844444444444444,148,77,71,177.44594365643695,0.4085132629406057,0.8797552735216074,0.12531128969233996,4429380.91481497,55345.135248632105,4484726.050063603,3310,76,2019.2582781456954,93,360,66,32.54881082904614,0.5937959896983076,37.21187943262414,33710.66321606671,362.48024963512586,0
3312,128.00527344886316,0,1,452,0.0,0.002207505518763797,0.9977924944812362,453,12700,9400,3300,0.7401574803149606,160,94,66,180.80154511178256,0.40854419406513115,0.8811487883133102,0.1282976235049443,4425142.886496646,56714.534243802445,4481857.420740449,3311,77,2020.2582781456954,95,358,69,32.30103749707698,0.5951296909492274,37.05512152777779,33658.33107081508,354.2982217980535,0
3313,127.96927283870106,0,0,452,0.0,0.0,1.0,452,12050,8300,3750,0.6887966804979253,158,83,75,166.11836342943468,0.40822416508054865,0.8689696080515243,0.11574042709144669,4403780.16980532,43859.750942210856,4447639.920747531,3312,78,2025.5,121,331,52,33.295634533185776,0.5905005530973451,37.65368852459016,33572.266711423494,277.4567496811859,8
3314,127.57559586337906,0,0,452,0.0,0.0,1.0,452,12050,8200,3850,0.6804979253112033,159,82,77,154.44634904865342,0.4084839532275049,0.8629286632717905,0.10006147812252895,4308280.8706753375,30629.650230392668,4338910.52090573,3313,79,2026.5,107,345,76,36.09996443372301,0.5652424410029498,40.11381172839507,33155.13532541243,309.86107780759284,8
3315,127.90289918731334,0,0,452,0.0,0.0,1.0,452,10350,6700,3650,0.6473429951690821,140,67,73,159.90511334983574,0.4085585580061352,0.867509198231651,0.10398418556458786,4323626.489956898,37523.99679178314,4361150.4867486805,3314,80,2027.5,108,344,72,35.82693202979519,0.5663947271386431,39.98470948012234,33256.709490524096,307.9324952826305,0
3316,127.50342509806282,0,0,452,0.0,0.0,1.0,452,12250,9000,3250,0.7346938775510204,155,90,65,164.35162566728616,0.4084759817580075,0.870773243164527,0.1087569367597983,4330065.385574184,39680.65707295207,4369746.042647136,3315,81,2028.5,93,359,68,35.1005967060691,0.5716030604719764,39.38386524822695,33229.44981666931,357.30591200719687,8
3317,127.1187288931163,1,0,453,0.002207505518763797,0.0,1.0,453,14100,10700,3400,0.7588652482269503,175,107,68,171.84927367558743,0.40880629464663637,0.8768247877157207,0.11491985804733378,4328875.715571824,44082.82951058192,4372958.545082406,3316,0,2025.0198675496688,98,355,73,34.54084855326646,0.571674944812362,39.02567340067341,33174.72467104352,338.51759868411756,8
3318,127.24609335074607,3,0,456,0.006578947368421052,0.0,1.0,456,12550,9200,3350,0.7330677290836654,159,92,67,168.46512957884158,0.4099629080714607,0.8752842113185408,0.11322186022832986,4338844.910225221,42438.81400471882,4381283.72422994,3317,0,2012.6907894736842,105,351,73,34.45676852060911,0.5733963815789473,38.85613207547171,33229.53699589964,316.4717809133299,0
3319,127.62956852327477,0,0,456,0.0,0.0,1.0,456,11400,8200,3200,0.7192982456140351,146,82,64,167.46403499455855,0.41007587076666024,0.8751321424962486,0.11282576924857324,4354686.93674462,43250.68911307016,4397937.62585769,3318,1,2013.6907894736842,107,349,72,34.398537882144446,0.5745614035087719,38.77314814814816,33340.27038854543,311.5913120424807,0
3320,127.5841377637458,0,0,456,0.0,0.0,1.0,456,12350,8000,4350,0.6477732793522267,167,80,87,166.80487262239583,0.4101073999100315,0.8751710262464878,0.11264840076217385,4355802.409280719,41763.813209679996,4397566.222490399,3319,2,2014.6907894736842,109,347,54,34.334456765963616,0.5755665204678362,38.693181818181834,33338.6050895154,305.8587622891321,0
3321,127.2891658896406,2,4,454,0.004366812227074236,0.008733624454148471,0.9912663755458515,458,12800,10000,2800,0.78125,156,100,56,167.03760990124064,0.41073934016862074,0.8773161607146303,0.11328467557413095,4350476.672544693,40938.64506259449,4391415.317607287,3320,0,2006.8886462882097,116,342,58,34.183381007514406,0.5770560407569141,38.55056980056982,33279.67989240754,286.8937921759271,0
3322,127.48059176696702,0,1,453,0.0,0.0022026431718061676,0.9977973568281938,454,12350,9000,3350,0.728744939271255,157,90,67,169.8032917426987,0.4097651729536813,0.8792565924769173,0.1154348900850214,4359683.521874602,44907.72259414228,4404591.244468744,3321,1,2020.6519823788547,87,367,59,34.02978938475,0.5781020558002936,38.470643939393945,33339.91707503996,383.2174376441374,0
3323,127.50113425425256,1,0,454,0.0022026431718061676,0.0,1.0,454,11300,8000,3300,0.7079646017699115,146,80,66,167.20417967156502,0.4095402894068909,0.8774927364615996,0.11397717965307774,4363421.476926426,43816.46172215448,4407237.938648581,3322,0,2021.6387665198238,89,365,61,34.005227688314775,0.578928046989721,38.37962962962963,33356.89396623989,374.79656141842577,0
3324,127.49595055958525,0,0,454,0.0,0.0,1.0,454,10900,7700,3200,0.7064220183486238,141,77,64,149.83662100514698,0.40973154172055765,0.8636125567305482,0.0932368942618223,4258581.642944635,25918.296730672573,4284499.939675308,3323,1,2022.6387665198238,95,359,68,37.66372795969779,0.5475403817914831,41.5364583333333,32953.0549297882,346.8742624188232,8
3325,127.14807904154155,1,0,455,0.002197802197802198,0.0,1.0,455,13000,9500,3500,0.7307692307692307,165,95,70,145.60275567317694,0.41042120507979535,0.8595324900346029,0.09099104760690244,4251990.4810211295,19820.3062265572,4271810.787247687,3324,0,2019.1912087912087,102,353,71,37.61796756869493,0.5491071428571428,41.383495145631045,32882.591800670205,322.3783509869628,0
3326,126.73346639429583,0,2,453,0.0,0.004395604395604396,0.9956043956043956,455,12300,9200,3100,0.7479674796747967,154,92,62,146.76322897172045,0.4103203514547127,0.8606587397108452,0.09210127133658946,4243017.415691659,21243.787302028853,4264261.202993687,3325,1,2020.1912087912087,105,350,74,37.43654742012253,0.5504578754578755,41.23427672955972,32794.277094089564,312.32644851513874,0
3327,127.04522160469074,0,0,453,0.0,0.0,1.0,453,12050,8900,3150,0.7385892116182573,152,89,63,147.47519343053725,0.41029017464689677,0.860945405593488,0.09286617828993984,4257463.050883586,22924.037390482918,4280387.088274068,3326,2,2029.0397350993378,108,345,74,37.29443521594681,0.552014348785872,41.11238532110089,32890.43437759013,304.54105905176044,0
3328,126.74410277873136,1,0,454,0.0022026431718061676,0.0,1.0,454,12400,8100,4300,0.6532258064516129,167,81,86,145.2080399742385,0.41044407814764033,0.8591674046441149,0.09172133748012959,4250963.7458114065,20254.822706162995,4271218.568517569,3327,0,2025.568281938326,112,342,77,37.242104451404636,0.55359765051395,41.00294985250735,32826.3487432817,293.0923994935866,0
3329,127.0090817180267,0,0,454,0.0,0.0,1.0,454,12750,9400,3350,0.7372549019607844,161,94,67,149.01142979772933,0.41057738749339534,0.8619192965710099,0.0944131707374539,4263422.67619256,23509.741762301717,4286932.417954862,3328,1,2026.568281938326,115,339,75,37.033426907881044,0.5549284140969163,40.89439655172412,32908.764761960454,286.16317184313436,0
3330,127.32510942014291,1,1,454,0.002197802197802198,0.002197802197802198,0.9978021978021978,455,11950,8200,3750,0.6861924686192469,157,82,75,152.05031772618582,0.411202417259686,0.8652506713898693,0.09664447432551014,4277721.305729132,27135.77673603686,4304857.082465169,3329,0,2023.1120879120879,118,337,61,36.841153659991726,0.5562957875457876,40.782563025210074,33004.88852642394,279.70244513918595,0
3331,127.74653485332568,0,1,453,0.0,0.0022026431718061676,0.9977973568281938,454,12850,9200,3650,0.7159533073929961,165,92,73,155.17546659291503,0.41081625028768887,0.8691728055773644,0.09904968403240141,4296818.412655803,29702.16040977862,4326520.573065582,3330,3,2028.568281938326,122,332,64,36.60873658547207,0.5578652716593245,40.63346883468835,33133.175613295716,271.5834066663583,0
3332,127.48444313459481,0,0,453,0.0,0.0,1.0,453,11750,8100,3650,0.6893617021276596,154,81,73,158.0011149093438,0.41062044579890206,0.8699421205288185,0.10117104080406426,4291653.042702027,33267.19311020089,4324920.235812227,3331,7,2034.0397350993378,91,362,65,36.423333842416824,0.5589128035320088,40.52309782608698,33079.26837993132,363.50844373550905,0
3333,127.28775006175724,0,0,453,0.0,0.0,1.0,453,13300,9600,3700,0.7218045112781954,170,96,74,158.82466678159108,0.41053599568917803,0.869854213814401,0.10220875493983778,4290817.953194423,32397.546327315802,4323215.499521739,3332,8,2035.0397350993378,93,360,70,36.22404613546159,0.5602694996320824,40.34796099290783,33050.5238441607,355.38197681893223,0
3334,127.80124836412006,0,0,453,0.0,0.0,1.0,453,12700,9400,3300,0.7401574803149606,160,94,66,154.49869597647665,0.4108499873019594,0.8658127590138331,0.09984151235627214,4312967.859059222,29969.582002622705,4342937.441061845,3333,9,2036.0397350993378,100,353,73,36.18830223633716,0.5617181751287712,40.20214521452148,33202.4901639049,332.024901639049,0
3335,127.40041321407399,0,0,453,0.0,0.0,1.0,453,14600,10400,4200,0.7123287671232876,188,104,84,164.14854534348154,0.4108015556727682,0.8747127834880015,0.10605184848737431,4299161.732713246,35940.2289242491,4335101.961637495,3334,10,2037.0397350993378,92,361,70,35.946167830760785,0.5610513245033113,40.21057347670253,33097.280287715665,359.75304660560505,8
3336,127.02577489020005,1,0,454,0.0022026431718061676,0.0,1.0,454,11200,7700,3500,0.6875,147,77,70,166.0343991608199,0.41141168519220855,0.8750062562164045,0.10771542834863783,4291272.530088633,40499.77123372094,4331772.301322354,3335,0,2033.5506607929515,96,358,70,35.75079184741451,0.5624082232011747,40.06658075601377,33018.24399932688,343.940041659655,0
3337,126.63744221841861,1,0,455,0.002197802197802198,0.0,1.0,455,13500,9600,3900,0.7111111111111111,174,96,78,169.4323523232611,0.41184122412095986,0.8768900423391797,0.1103082045915584,4282179.478619439,40607.94842657833,4322787.427046017,3336,0,2030.0791208791209,100,355,69,35.53812214951417,0.5639880952380952,39.94430693069309,32932.787804635394,329.32787804635393,0
3338,127.06326555634772,2,1,456,0.00437636761487965,0.002188183807439825,0.9978118161925602,457,14850,10600,4250,0.7138047138047138,191,106,85,171.95140592269664,0.4123732756855669,0.8800936492908353,0.11267874482228554,4304005.925800466,41765.974008202415,4345771.8998086685,3337,0,2022.1903719912473,106,351,58,35.24406854677836,0.5657822757111597,39.719626168224316,33072.074259292625,312.0007005593644,0
3339,127.30387677192711,0,1,455,0.0,0.0021929824561403508,0.9978070175438597,456,12000,8600,3400,0.7166666666666667,154,86,68,174.51048354175612,0.4121846081550029,0.8811672778817168,0.1146249790035669,4314839.902460947,47396.95955674513,4362236.862017692,3338,1,2027.625,112,344,60,35.095064438464824,0.5668631213450293,39.638643067846616,33145.0100990627,295.9375901702027,0
3340,127.58328787237838,1,0,456,0.0021929824561403508,0.0,1.0,456,13450,10000,3450,0.7434944237918215,169,100,69,176.56107848273652,0.4119866975130133,0.8825512750174744,0.11653696820118645,4329856.649099813,48246.831928140215,4378103.481027953,3339,0,2028.6184210526317,83,373,64,34.871810890570714,0.5681195175438596,39.47172619047615,33239.053756333844,400.4705271847451,0
3341,127.63850783830961,0,0,456,0.0,0.0,1.0,456,13800,10100,3700,0.7318840579710145,175,101,74,172.89266295324956,0.4122827099800784,0.8783087103724236,0.11480312117899082,4338564.352178616,45021.188848439066,4383585.541027055,3340,1,2029.6184210526317,91,365,68,34.758410051531456,0.5693530701754386,39.266304347826065,33279.65985621117,365.7105478704524,0
3342,127.67981772400691,0,0,456,0.0,0.0,1.0,456,13350,10100,3250,0.7565543071161048,166,101,65,170.79707121180553,0.4122332072167598,0.875553561447822,0.11398545160317997,4345693.581974612,43896.34723704005,4389589.929211652,3341,2,2030.6184210526317,97,359,73,34.638196311686904,0.5707465277777778,39.09438775510203,33312.38101459883,343.4266083979261,0
3343,127.91957527430853,0,0,456,0.0,0.0,1.0,456,12050,8700,3350,0.7219917012448133,154,87,67,170.98717701810514,0.41224706397403765,0.8751589318669311,0.11441040459069723,4356811.866503364,45741.79237047827,4402553.658873843,3342,3,2031.6184210526317,100,356,72,34.54310901235547,0.5721171418128654,39.005775577557756,33386.27033716638,333.8627033716638,0
3344,127.94914211376022,1,0,457,0.002188183807439825,0.0,1.0,457,12500,9000,3500,0.72,160,90,70,170.8300148509919,0.41285533993627394,0.8763605813711695,0.11481448837798805,4362849.387969057,45161.125147878825,4408010.513116936,3343,0,2028.1706783369802,102,355,72,34.39404061136499,0.5736916484318015,38.855177993527505,33413.25594317871,327.5809406193991,0
3345,127.58120860579189,0,0,457,0.0,0.0,1.0,457,14900,10800,4100,0.7248322147651006,190,108,82,172.26231811605314,0.41266359393194874,0.8782196379508915,0.11621860466562664,4354587.203435394,43726.25722045595,4398313.46065585,3344,1,2029.1706783369802,106,351,59,34.225879971185144,0.575082056892779,38.72663551401869,33333.57161762305,314.4676567700288,0
3346,127.37927051637944,0,1,456,0.0,0.002188183807439825,0.9978118161925602,457,12700,9100,3600,0.7165354330708661,163,91,72,172.835734174174,0.4126879870628431,0.8787890558346634,0.1168787094813475,4350320.034877098,46278.1514241204,4396598.186301218,3345,2,2030.1706783369802,107,350,60,34.130661758374224,0.5762901167031365,38.64776234567901,33290.85738023084,311.12950822645644,0
3347,127.38724246175126,0,0,456,0.0,0.0,1.0,456,13150,8900,4250,0.6768060836501901,174,89,85,170.59616843371114,0.4126455963627016,0.8767822868951454,0.11560294597083122,4352907.994686917,44167.88508761209,4397075.8797745295,3346,3,2032.9780701754387,113,343,63,34.1184609111033,0.5777138157894737,38.57821637426901,33301.80013551459,294.7061958895097,0
3348,127.844028155723,0,0,456,0.0,0.0,1.0,456,12500,9500,3000,0.76,155,95,60,171.23293610807121,0.4124347326649958,0.877290132998001,0.11661253174275091,4374091.703650401,46097.71304440281,4420189.416694804,3347,4,2033.9780701754387,87,369,69,33.93220092915217,0.5790844298245614,38.411458333333336,33442.53288604786,384.39692972468805,0
3349,128.0149851408002,0,0,456,0.0,0.0,1.0,456,13050,9600,3450,0.735632183908046,165,96,69,168.875606184229,0.41249759012916903,0.8756505915844406,0.11539577913060158,4383720.632859413,43810.69584328905,4427531.328702701,3348,5,2034.9780701754387,89,367,72,33.879113042324555,0.5803179824561404,38.298611111111114,33501.69940993792,376.42358887570697,0
3350,128.2132447657259,1,0,457,0.002188183807439825,0.0,1.0,457,13150,10200,2950,0.7756653992395437,161,102,59,171.78751713428665,0.4127897584040334,0.8782075645666552,0.11792608812005481,4395652.741088432,46473.654115220575,4442126.395203653,3349,0,2031.5229759299782,91,366,73,33.64704494025741,0.5816921954777534,38.14538043478261,33573.230431351265,368.9365981467172,0
3351,128.47464375737084,0,0,457,0.0,0.0,1.0,457,12350,8300,4050,0.6720647773279352,164,83,81,171.48513660920568,0.41279975558882614,0.8787920188679934,0.11812088081123612,4408432.5217680205,47446.13064557059,4455878.652413591,3350,1,2032.5229759299782,93,364,74,33.53955160744501,0.5830598103574034,38.03191489361702,33656.25640984316,361.8952302133673,0
3352,128.24721156495974,0,0,457,0.0,0.0,1.0,457,13600,9800,3800,0.7205882352941176,174,98,76,170.72734630217047,0.41266099466390266,0.878293441023624,0.11797114269750832,4404151.1923717605,45381.80915743323,4449533.0015291935,3351,2,2033.5229759299782,99,358,68,33.452781973316334,0.5841994894237783,37.927083333333314,33610.12078919583,339.4961695878367,0
3353,127.8009975788062,0,0,457,0.0,0.0,1.0,457,11900,8200,3700,0.6890756302521008,156,82,74,173.72554782443737,0.41242786031453543,0.8797800622443377,0.12030830684363356,4391277.0374086015,49275.401794535006,4440552.439203137,3352,3,2034.5229759299782,102,355,64,33.29981803685556,0.5854075492341357,37.853964401294476,33502.52486084352,328.4561260867012,0
3354,128.21087277663335,0,0,457,0.0,0.0,1.0,457,13900,10300,3600,0.7410071942446043,175,103,72,148.7815330427476,0.4121443401538127,0.8626621287532343,0.09701204593223328,4337151.607991973,23757.61305517295,4360909.221047146,3353,4,2035.5229759299782,114,343,69,36.02136729813809,0.5677881108679796,39.89130434782609,33348.762886357006,292.53300777506144,8
3355,128.0248307688347,1,0,458,0.002183406113537118,0.0,1.0,458,12200,9000,3200,0.7377049180327869,154,90,64,145.6440018928769,0.412711333326963,0.8599503454152135,0.09521152311998607,4333826.815886144,22439.17619526459,4356265.992081408,3354,0,2032.0764192139738,118,340,76,36.01254555649003,0.5688227802037846,39.80217086834734,33311.783040998016,282.30324611015266,0
3356,127.7888030253353,0,0,458,0.0,0.0,1.0,458,11700,8100,3600,0.6923076923076923,153,81,72,146.63561143355963,0.41302277924824576,0.8615529328608647,0.09628090488446217,4330862.08563097,23711.721992184823,4354573.8076231545,3355,1,2033.0764192139738,122,336,66,35.833441762626585,0.5699372270742358,39.65108401084012,33269.67634319855,272.70226510818486,0
3357,128.14315486374684,0,0,458,0.0,0.0,1.0,458,11500,7900,3600,0.6869565217391305,151,79,72,147.47891130623864,0.4129569864217939,0.8627458247757405,0.09718227671020872,4346981.1220558835,25117.608669915033,4372098.730725799,3356,2,2034.0764192139738,93,365,69,35.686511735091855,0.5709606986899564,39.5279255319149,33377.7133762453,358.90014383059463,0
3358,127.952277636912,0,0,458,0.0,0.0,1.0,458,13400,9500,3900,0.7089552238805971,173,95,78,146.99719858129396,0.4129867474733962,0.8616531832520584,0.09713344298411027,4343670.620234573,22701.482546871543,4366372.102781445,3357,3,2035.0764192139738,96,362,71,35.602727634904916,0.5719386826783115,39.43298969072166,33340.14244611305,347.2931504803443,0
3359,128.1409346195079,1,0,459,0.002178649237472767,0.0,1.0,459,13600,10400,3200,0.7647058823529411,168,104,64,144.3465804248682,0.4131963273745532,0.8582082600678631,0.09563981398124875,4353159.945675344,20272.750440148746,4373432.696115493,3358,0,2031.640522875817,102,357,73,35.5780857970565,0.5731663035584604,39.34061488673141,33401.1372257607,327.46212966432057,0
3360,127.66620774801474,0,0,459,0.0,0.0,1.0,459,13250,9700,3550,0.7320754716981132,168,97,71,143.72404721695668,0.41332615045047616,0.8575865003112815,0.09569221354465053,4342563.823279095,19776.16959592366,4362339.992875018,3359,1,2032.640522875817,106,353,77,35.42576453170099,0.5745960421205519,39.17445482866046,33298.60823583374,314.1378135456013,0
3361,127.35477979573808,1,0,460,0.002173913043478261,0.0,1.0,460,12750,9500,3250,0.7450980392156863,160,95,65,144.16207433886967,0.4137148337595908,0.8582062140652695,0.09632711252381033,4336004.950377732,20267.49359801354,4356272.443975745,3360,0,2029.2195652173914,109,351,79,35.29116465863454,0.5759510869565218,39.05303030303033,33232.843864123126,304.8884758176434,0
3362,127.18539489682865,0,2,458,0.0,0.004347826086956522,0.9956521739130435,460,11650,8200,3450,0.703862660944206,151,82,69,146.61090274684258,0.41362977960910613,0.8601189037802597,0.09825871103864449,4333628.426902066,23421.435167500254,4357049.862069566,3361,1,2030.2195652173914,111,349,78,35.123628331195725,0.5772644927536232,38.95089285714289,33201.633779429256,299.113817832696,0
3363,127.15990590861524,0,1,457,0.0,0.002183406113537118,0.9978165938864629,458,13200,9800,3400,0.7424242424242424,166,98,68,147.79013606808869,0.41296644227430973,0.860731321886492,0.09944522715090122,4337245.847115463,23400.430781190385,4360646.277896653,3362,2,2039.9737991266375,113,345,75,34.95574447243212,0.5786708515283843,38.815789473684234,33212.159635342585,293.91291712692555,0
3364,127.46261111249069,0,0,457,0.0,0.0,1.0,457,12500,9100,3400,0.728,159,91,68,150.90159258132687,0.412458851587393,0.8638010981201427,0.10201967682964627,4352877.70141205,27471.235490965835,4380348.936903016,3363,3,2045.3960612691467,117,340,63,34.71271040927774,0.5799598832968635,38.65642655367233,33311.53426893815,284.71396811058247,0
3365,127.4781517060311,0,1,456,0.0,0.002188183807439825,0.9978118161925602,457,12800,9800,3000,0.765625,158,98,60,152.07094138966914,0.41239386988624,0.8651739576026682,0.10308551724684899,4356405.946433318,28296.55066993358,4384702.4971032515,3364,4,2046.3960612691467,125,332,64,34.59082392562377,0.581350291757841,38.56646825396825,33327.063420964114,266.6165073677129,0
3366,127.68281067606465,1,0,457,0.002188183807439825,0.0,1.0,457,13800,10000,3800,0.7246376811594203,176,100,76,148.40507112768825,0.4122201188145418,0.862069551451216,0.10123388678242208,4370427.516121763,24518.721277689605,4394946.237399452,3365,0,2047.2975929978118,100,357,69,34.47309380214698,0.5831509846827134,38.356023102310196,33407.43836675991,334.0743836675991,0
3367,127.7436309414401,0,0,457,0.0,0.0,1.0,457,11900,9000,2900,0.7563025210084033,148,90,58,147.05545959723239,0.4122527096369662,0.8612588323971442,0.10055329024967474,4375179.56179011,25378.80825589034,4400558.370046,3366,1,2048.297592997812,101,356,72,34.427351594610066,0.5841311086797958,38.27614379084963,33433.55569615167,331.02530392229374,0
3368,127.41726677567823,0,0,457,0.0,0.0,1.0,457,13750,10200,3550,0.7418181818181818,173,102,71,149.55526675931145,0.41218812782320496,0.8637146653618788,0.10256520002997983,4367288.928508983,25480.212143626683,4392769.14065261,3367,2,2049.297592997812,102,355,73,34.261896944648285,0.5854075492341357,38.1775889967637,33360.69599064994,327.0656469671563,0
3369,127.3342065915378,0,0,457,0.0,0.0,1.0,457,12500,8500,4000,0.68,165,85,80,151.7888213829631,0.41202337421782026,0.8648158203374197,0.10443415707644374,4368030.690080097,28703.646042371503,4396734.336122468,3368,3,2050.297592997812,105,352,75,34.09416347765189,0.5865928154631656,38.06996855345908,33352.65273674125,317.6443117784881,0
3370,127.76235117596036,0,0,457,0.0,0.0,1.0,457,13850,10400,3450,0.7509025270758123,173,104,69,150.97676449653358,0.41200337984823476,0.8650701774097531,0.10440923190863252,4388409.921030162,27259.586232323334,4415669.507262485,3369,4,2051.297592997812,111,346,73,33.94282347444495,0.588119985412108,37.899925595238074,33486.521749346226,301.68037612023625,0
3371,128.23287006270166,0,1,456,0.0,0.002188183807439825,0.9978118161925602,457,12700,9100,3600,0.7165354330708661,163,91,72,148.0140456127372,0.4119655904897181,0.8621847892642882,0.10272451427291324,4408519.424428631,26404.55903440188,4434923.983463032,3370,5,2052.297592997812,117,340,71,33.901298366101095,0.5896015681983953,37.782485875706186,33624.904416864745,287.39234544328843,0
3372,128.1605842540005,0,0,456,0.0,0.0,1.0,456,11600,8500,3100,0.7327586206896551,147,85,62,148.35184051811925,0.41168676900584794,0.8615886287047763,0.1032768775971568,4409452.722862057,28030.085422841792,4437482.808284899,3371,6,2057.4232456140353,120,336,58,33.789231290954206,0.5911229897660819,37.68078512396691,33618.983839562636,280.15819866302195,0
3373,128.64561449921666,0,0,456,0.0,0.0,1.0,456,13550,10400,3150,0.7675276752767528,167,104,63,144.73343612587598,0.411685162425294,0.858347875080222,0.10128747320549034,4431959.759846815,23540.552962845337,4455500.31280966,3372,7,2058.4232456140353,123,333,65,33.70926942319794,0.5927677266081872,37.50840053763436,33768.393113717466,274.5397814123371,0
3374,128.83460736543623,1,0,457,0.002188183807439825,0.0,1.0,457,13400,9800,3600,0.7313432835820896,170,98,72,142.52442190330163,0.4118798146441962,0.8564534566386541,0.10022574190319963,4443837.278178492,21871.067820947188,4465708.345999439,3373,0,2054.9168490153174,103,354,68,33.60635224802655,0.59429704595186,37.34975961538464,33838.44059438971,328.52854946009427,0
3375,129.20206642157424,1,1,457,0.002183406113537118,0.002183406113537118,0.9978165938864629,458,13200,9800,3400,0.7424242424242424,166,98,68,140.3507195229289,0.4119458074143439,0.8542871832221617,0.09938079765612544,4464155.106870321,20509.476262242588,4484664.583132563,3374,0,2051.4279475982535,110,348,74,33.43514981674522,0.595865174672489,37.12462462462465,33964.04170984588,308.76401554405345,0
3376,129.64167601526063,1,2,456,0.002183406113537118,0.004366812227074236,0.9956331877729258,458,13400,9800,3600,0.7313432835820896,170,98,72,139.39393830097518,0.41211919788889634,0.8524209395204336,0.09899424698517457,4482604.315688158,19969.57388174525,4502573.889569904,3375,0,2050.220524017467,114,344,78,33.363328970331644,0.5972752911208151,37.0289855072464,34092.00306227423,299.052658441002,0
3377,129.0808718812806,0,0,456,0.0,0.0,1.0,456,12150,8600,3550,0.7078189300411523,157,86,71,163.50449105794863,0.4118438122549965,0.870850121149839,0.10938713978380137,4396192.297694183,40409.43684547252,4436601.734539655,3376,1,2059.2609649122805,110,346,66,34.74359665839657,0.5747669956140351,39.01088588588589,33688.70240137299,306.26093092157265,8
3378,129.01824763840239,0,0,456,0.0,0.0,1.0,456,11300,8000,3300,0.7079646017699115,146,80,66,162.04484919925432,0.41179099591928536,0.8706330535639413,0.10881124779564245,4398270.065138089,40043.40188858033,4438313.467026669,3377,2,2060.2609649122805,114,342,71,34.65464957620752,0.5760005482456141,38.885869565217405,33688.48754232108,295.5130486168516,0
3379,129.3523161754887,0,1,455,0.0,0.0021929824561403508,0.9978070175438597,456,13600,9900,3700,0.7279411764705882,173,99,74,163.2042463187442,0.4117840675406465,0.8708728917132356,0.11000879739646019,4414016.112878338,39277.23458822127,4453293.34746656,3378,3,2061.2609649122805,120,336,72,34.493288516883105,0.577531067251462,38.75688705234161,33792.40174467461,281.6033478722884,0
3380,129.63392738474113,0,0,455,0.0,0.0,1.0,455,13400,9800,3600,0.7313432835820896,170,98,72,163.94589620322623,0.4116707814945701,0.8721820891352592,0.11107499072082161,4429458.648026968,40838.31354918379,4470296.961576153,3379,4,2066.747252747253,120,335,62,34.29891435596832,0.5787545787545787,38.58471074380168,33888.29062469951,282.40242187249595,0
3381,129.25453229511402,0,1,454,0.0,0.002197802197802198,0.9978021978021978,455,12400,8100,4300,0.6532258064516129,167,81,86,159.32039024984996,0.41168691807458324,0.8683298781855284,0.1084998861057441,4422351.090835487,37514.14032274994,4459865.231158236,3380,5,2067.747252747253,95,360,66,34.24381947901107,0.5804029304029303,38.4114583333333,33811.50460688555,355.9105748093216,0
3382,129.55594975819213,0,0,454,0.0,0.0,1.0,454,11600,8300,3300,0.7155172413793104,149,83,66,155.0167110183787,0.4114168514358511,0.863640814472757,0.10590721662305604,4436290.98029859,35139.84737727589,4471430.827675866,3381,6,2072.8722466960353,100,354,70,34.24773718504505,0.5816125183553598,38.30445544554453,33904.214822239395,339.04214822239396,0
3383,129.3671161184152,0,0,454,0.0,0.0,1.0,454,13450,9700,3750,0.7211895910780669,172,97,75,151.96417358790035,0.41127878104203336,0.8606194556194886,0.10429651382989809,4434978.979004706,30541.583084830436,4465520.562089536,3382,7,2073.8722466960353,106,348,74,34.17311100370551,0.5830580029368575,38.15225856697816,33874.487171310066,319.57063369160437,0
3384,129.68103532296445,1,0,455,0.002197802197802198,0.0,1.0,455,11650,8300,3350,0.7124463519313304,150,83,67,149.57221995653836,0.4114513240063901,0.8593713572779829,0.10316164056842132,4451300.876487917,30508.190758155073,4481809.067246072,3383,0,2070.312087912088,112,343,78,34.069606187477255,0.5844093406593407,37.988569321533895,33977.913596834194,303.3742285431625,0
3385,129.25953948184676,0,0,455,0.0,0.0,1.0,455,13150,9500,3650,0.7224334600760456,168,95,73,154.86147856589517,0.4111491665456423,0.8636879770775043,0.107452782395146,4443565.536182227,33477.42580752545,4477042.961989752,3384,1,2071.312087912088,114,341,69,33.7292299986182,0.5857371794871795,37.789855072463745,33893.16258080128,297.30844369123935,0
3386,129.20652091382223,0,0,455,0.0,0.0,1.0,455,12000,8200,3800,0.6833333333333333,158,82,76,154.3698168667197,0.41105214535831275,0.8633678554324713,0.10745137287876587,4445283.110019482,34243.507922884346,4479526.617942366,3385,2,2072.312087912088,117,338,59,33.63603539177744,0.5870192307692308,37.68538135593217,33892.75925983556,289.68170307551765,0
3387,128.66175733902847,0,0,455,0.0,0.0,1.0,455,13450,9000,4450,0.6691449814126395,179,90,89,155.5749153045173,0.4109125639411983,0.8658419694630135,0.10870439126426161,4430781.259066331,33413.68382241491,4464194.942888746,3386,3,2073.312087912088,121,334,64,33.47685606923246,0.5882783882783883,37.5597677595628,33766.02147651681,279.0580287315439,0
3388,128.93547903736774,0,1,454,0.0,0.002197802197802198,0.9978021978021978,455,13600,10000,3600,0.7352941176470589,172,100,72,155.6139083136596,0.4107197318100402,0.8670591753526167,0.10904260175487585,4443379.896081897,33690.34235033045,4477070.238432228,3387,4,2074.312087912088,91,364,67,33.38063893561048,0.5896978021978022,37.46603260869567,33849.9428491787,371.97739394701864,0
3389,128.48891765037254,0,0,454,0.0,0.0,1.0,454,12700,8700,4000,0.6850393700787402,167,87,80,151.7912245216937,0.410296992152172,0.8627855678415,0.10671236100922518,4431603.706210283,31035.710632108065,4462639.416842391,3388,5,2079.850220264317,95,359,71,33.372280176272085,0.5909508076358296,37.35894097222224,33746.46540502703,355.2259516318635,0
3390,128.6130173111008,0,0,454,0.0,0.0,1.0,454,12950,9100,3850,0.7027027027027027,168,91,77,150.25234278066887,0.41008193459819187,0.8617105769133375,0.10605107999398952,4440268.66067309,29682.15376834389,4469950.814441434,3389,6,2080.850220264317,99,355,72,33.28097333439047,0.5923504038179148,37.22916666666669,33795.74973635271,341.3712094581081,0
3391,128.72488561424527,0,0,454,0.0,0.0,1.0,454,13000,9400,3600,0.7230769230769231,166,94,72,150.05150397064378,0.4096188973493726,0.861490710805499,0.10637820967343507,4448996.578814545,29715.725562275704,4478712.30437682,3390,7,2081.850220264317,102,352,76,33.14028221205015,0.5935664464023496,37.085355987055046,33843.65747687673,331.80056349879146,0
3392,129.05907529128584,0,0,454,0.0,0.0,1.0,454,11600,8200,3400,0.7068965517241379,150,82,68,148.60306278847463,0.4095882037842025,0.8599996839374549,0.10556853101360228,4462816.528406191,30237.64095683849,4493054.169363029,3391,8,2082.850220264317,105,349,78,33.11048883325242,0.5945071585903083,37.01847484276732,33940.15245548477,323.23954719509305,0
3393,129.1850495696068,0,1,453,0.0,0.0022026431718061676,0.9977973568281938,454,13100,9600,3500,0.732824427480916,166,96,70,147.2463608312162,0.4093421487683675,0.8591873858581272,0.10511870742773063,4472568.082245436,27813.874736099424,4500381.956981535,3392,9,2083.850220264317,108,346,79,32.985064463410225,0.5957232011747431,36.85970948012235,33993.791474571444,314.7573284682541,0
3394,128.76897476706128,0,0,453,0.0,0.0,1.0,453,10900,7300,3600,0.6697247706422018,145,73,72,145.40914031364767,0.40911662336309235,0.8578572903266775,0.10418489950307802,4462138.001955648,28267.130165046387,4490405.132120694,3393,10,2087.717439293598,109,344,81,32.914418465227804,0.5970382634289919,36.742424242424256,33899.40812996521,311.0037443116074,0
3395,128.4980214939925,0,0,453,0.0,0.0,1.0,453,11650,8100,3550,0.6952789699570815,152,81,71,145.6488423651719,0.40886510448208274,0.8585957645363842,0.10464468336893795,4455752.563763181,27545.04055555085,4483297.604318731,3394,11,2088.717439293598,111,342,67,32.818036670787,0.5979810522442972,36.653645833333336,33839.48547807291,304.8602295321883,0
3396,128.52095239740262,0,0,453,0.0,0.0,1.0,453,13600,9800,3800,0.7205882352941176,174,98,76,148.0693996130024,0.4088587961606334,0.861252420560813,0.10666768592810785,4459447.501236942,27861.542822772222,4487309.044059714,3395,12,2089.717439293598,113,340,70,32.667360388484255,0.5992917586460633,36.56798245614036,33856.53378670628,299.6153432451883,0
3397,128.2066313290376,0,0,453,0.0,0.0,1.0,453,12000,8000,4000,0.6666666666666666,160,80,80,148.88531300285834,0.4086044283602597,0.862218499419767,0.10762281197063828,4452245.152311427,29974.782613469797,4482219.934924897,3396,13,2090.717439293598,118,335,71,32.534584980237184,0.60030353200883,36.45833333333335,33787.78929817368,286.33719744214983,0
3398,128.49368559388722,0,0,453,0.0,0.0,1.0,453,13600,10400,3200,0.7647058823529411,168,104,64,145.76983391133106,0.4085189607793341,0.8594924389356535,0.10598718395511826,4468528.212301304,26075.323067050842,4494603.535368354,3397,14,2091.717439293598,94,359,74,32.42757012583844,0.6017292126563649,36.27192982456138,33887.391731405194,360.5041673553744,0
3399,127.99068543433769,0,0,453,0.0,0.0,1.0,453,13900,10800,3100,0.7769784172661871,170,108,62,144.9852712883166,0.40852771103166696,0.8593575642382862,0.10603355819786685,4457303.523548894,24748.67211521991,4482052.195664113,3398,15,2092.717439293598,97,356,76,32.2599497227704,0.603039919058131,36.0863095238095,33778.49413955293,348.23189834590653,0
3400,128.2779993766635,0,0,453,0.0,0.0,1.0,453,14400,10400,4000,0.7222222222222222,184,104,80,144.0257264630635,0.4084695116789414,0.858331151535817,0.1056080776289825,4470122.126212344,23762.517321268395,4493884.643533612,3399,16,2093.717439293598,102,351,76,32.20100367759724,0.6041206769683591,36.00323624595467,33864.97669628229,332.00957545374797,0
3401,128.2879782107801,0,1,452,0.0,0.002207505518763797,0.9977924944812362,453,11750,8200,3550,0.6978723404255319,153,82,71,143.93488210312333,0.40825319730150356,0.8583776184655012,0.10598700581860734,4474983.915046955,26471.256445130282,4501455.171492086,3400,17,2094.717439293598,107,346,74,32.068232304789724,0.6052934142752023,35.86998456790122,33884.70566456588,316.6794921922045,0
3402,128.31979736064147,0,0,452,0.0,0.0,1.0,452,14550,11000,3550,0.7560137457044673,181,110,71,144.88865398926043,0.4081377052959991,0.858832113605126,0.10701603332531055,4479363.449461477,24851.788184232115,4504215.237645709,3401,18,2097.2898230088495,107,345,70,31.945192249193912,0.6065864675516224,35.77353395061727,33905.486580775025,316.8737063623834,0
3403,128.24588871406112,1,0,453,0.002207505518763797,0.0,1.0,453,13400,9800,3600,0.7313432835820896,170,98,72,143.47501998123875,0.4081203155625883,0.8575264740304205,0.10651774335352955,4482259.572493933,24618.456344932012,4506878.028838865,3402,0,2093.6578366445915,111,342,61,31.818671509480424,0.6080298013245033,35.61197916666665,33906.67669712229,305.46555582993057,0
3404,128.39458255905674,0,0,453,0.0,0.0,1.0,453,10600,7800,2800,0.7358490566037735,134,78,56,141.71801136966644,0.4081288623206809,0.8557141264338013,0.1055627781036113,4490985.478262208,26090.706213873535,4517076.184476082,3403,1,2094.6578366445915,113,340,63,31.75971348948622,0.609156548933039,35.5080409356725,33959.33467429117,300.52508561319615,0
3405,127.89530524035251,0,0,453,0.0,0.0,1.0,453,13100,9200,3900,0.7022900763358778,170,92,78,171.54920407640572,0.4081335426882078,0.8800752787764945,0.11737415022175625,4381065.585283509,46613.6628323834,4427679.2481158925,3404,2,2095.6578366445915,90,363,62,33.76528834659902,0.5808038999264165,38.255494505494504,33475.89342520488,371.9543713911653,8
3406,127.7679525633695,0,0,453,0.0,0.0,1.0,453,13250,9600,3650,0.7245283018867924,169,96,73,171.6794465902883,0.40821453339584673,0.8807606287682752,0.11793210336165062,4381144.034137951,46580.47664262925,4427724.51078058,3405,3,2096.6578366445915,91,362,65,33.62684112297691,0.5820916114790287,38.122735507246375,33459.5219071351,367.68705392456155,0
3407,127.50986651830327,0,0,453,0.0,0.0,1.0,453,11200,7300,3900,0.6517857142857143,151,73,78,174.33112594157717,0.4083541304446919,0.8818999488277064,0.12008123010661084,4375327.504057294,50751.1540290915,4426078.658086386,3406,4,2097.6578366445915,93,360,66,33.46499576988157,0.5832413539367182,38.03191489361702,33403.5155639704,359.17758670935916,0
3408,127.91830623011529,0,0,453,0.0,0.0,1.0,453,12200,8100,4100,0.6639344262295082,163,81,82,169.75622327172854,0.40817932889227504,0.878511756184021,0.11752174301603907,4394951.714198516,46414.0808927886,4441365.795091304,3407,5,2098.6578366445915,99,354,65,33.414671501423946,0.5845520603384842,37.864583333333314,33531.91850292529,338.70624750429585,0
3409,128.31731155952787,1,1,453,0.0022026431718061676,0.0022026431718061676,0.9977973568281938,454,11850,8600,3250,0.7257383966244726,151,86,65,169.47089086734084,0.4084493003082728,0.8789711756078096,0.11764955098525409,4411739.657072328,46882.28999176348,4458621.947064091,3408,0,2095.033039647577,102,352,69,33.32907490968928,0.58571953010279,37.77305825242716,33648.25618352515,329.8848645443642,0
3410,127.8825964177207,2,2,453,0.004395604395604396,0.004395604395604396,0.9956043956043956,455,11850,8300,3550,0.70042194092827,154,83,71,168.74530994770163,0.4089324038663246,0.8789843219387612,0.11774434498688696,4402426.915914874,45727.77888963041,4448154.694804504,3409,0,2086.1582417582417,108,347,58,33.17733182794913,0.5870879120879121,37.605122324159,33555.73824389644,310.7012800360782,0
3411,127.47068468206831,0,0,453,0.0,0.0,1.0,453,12150,8500,3650,0.6995884773662552,158,85,73,166.67036525410614,0.40831282111391115,0.8752280370518968,0.1176115616298418,4400573.387709959,43939.03477142481,4444512.422481384,3410,1,2096.3664459161146,94,359,64,32.85735895509927,0.5943938557763061,37.23684210526318,33494.599646064795,356.3255281496255,8
3412,127.32225746161134,0,0,453,0.0,0.0,1.0,453,11000,7900,3100,0.7181818181818181,141,79,62,164.65661274324975,0.40800289938593576,0.8732383973452762,0.11661384835267359,4399412.814471795,43278.48241803561,4442691.29688983,3411,2,2097.3664459161146,100,353,66,32.78987994821297,0.5953826342899191,37.118399339934015,33470.6788411617,334.706788411617,0
3413,127.34962882054127,0,0,453,0.0,0.0,1.0,453,12350,8600,3750,0.6963562753036437,161,86,75,166.29064410143621,0.4077418162756321,0.874378228421109,0.11831441517891243,4405363.113197376,43564.133918861495,4448927.247116238,3412,3,2098.3664459161146,101,352,72,32.59499404669462,0.5965783664459161,36.96895424836604,33496.90604474974,331.65253509653206,0
3414,127.31286927686033,0,0,453,0.0,0.0,1.0,453,13550,10200,3350,0.7527675276752768,169,102,67,168.49512173704863,0.407711088645347,0.8751346447282398,0.1202536088876407,4407439.652313929,44376.416153067985,4451816.068466997,3413,4,2099.3664459161146,103,350,69,32.43536123482168,0.5980270419426048,36.868990384615415,33499.96382985214,325.24236728011783,0
3415,127.40811586089194,0,1,452,0.0,0.002207505518763797,0.9977924944812362,453,13250,9400,3850,0.7094339622641509,171,94,77,159.27132313686232,0.40765390676382296,0.8690828835285063,0.10723652656486249,4346402.279599455,34601.44839137557,4381003.72799083,3414,5,2100.3664459161146,110,343,71,34.634799166486985,0.577147718910964,38.795045045045036,33279.631164339866,302.54210149399876,8
3416,127.14573364054823,0,0,452,0.0,0.0,1.0,452,14200,10100,4100,0.7112676056338029,183,101,82,158.25549776270805,0.4074713722046714,0.8691157615371508,0.10713180815623685,4343523.049332521,32877.28044318301,4376400.329775704,3415,13,2106.0022123893805,117,335,62,34.47568389057749,0.5786089601769911,38.612288135593225,33234.33238962432,284.054122988242,0
3417,127.6373448061483,0,0,452,0.0,0.0,1.0,452,11900,8500,3400,0.7142857142857143,153,85,68,161.10344954105824,0.4073617133999176,0.8718831232465616,0.10951295780019489,4364966.130025153,38342.2201353867,4403308.35016054,3416,14,2107.0022123893805,90,362,62,34.259694927123924,0.5799225663716814,38.47298534798534,33380.613745261726,370.8957082806858,0
3418,127.62843921546175,0,0,452,0.0,0.0,1.0,452,13000,8400,4600,0.6461538461538462,176,84,92,167.1631603188424,0.40768374032795035,0.8715890640385482,0.1061194243349059,4286474.527033424,39908.12571302299,4326382.652746447,3417,15,2108.0022123893805,113,339,55,36.493589291590204,0.555194505899705,40.82602339181284,33077.97011976716,292.72539928997486,8
3419,127.69157554143686,0,0,452,0.0,0.0,1.0,452,13450,10000,3450,0.7434944237918215,169,100,69,171.22556972025166,0.40768782826102595,0.8766353325915566,0.10918134749284854,4293763.371672802,43190.41591172345,4336953.7875845255,3418,16,2109.0022123893805,115,337,57,36.229505003635865,0.5565772492625369,40.66989942528734,33114.26912770409,287.9501663278616,0
3420,127.78364064924402,0,0,452,0.0,0.0,1.0,452,12500,9500,3000,0.76,155,95,60,171.2540216854792,0.40777939796192003,0.8774350819783334,0.10948667267383327,4299916.625903956,44375.603019663366,4344292.228923619,3419,17,2110.0022123893805,87,365,60,36.13493946583929,0.5580521755162242,40.57765151515155,33149.93215517122,381.03370293300253,0
3421,127.70810533012981,1,0,453,0.002207505518763797,0.0,1.0,453,11150,8000,3150,0.7174887892376681,143,80,63,170.32525873342723,0.40833907187090973,0.8761822810471338,0.10958395289202427,4304715.329281075,44890.35044671233,4349605.679727787,3420,0,2106.3421633554085,92,361,66,35.93379276131317,0.5594876747608536,40.35618279569897,33158.61995584439,360.4197821287434,0
3422,127.67100251344229,1,0,454,0.0022026431718061676,0.0,1.0,454,11100,7600,3500,0.6846846846846847,146,76,70,169.86084125023353,0.4088753634604351,0.8757667863459286,0.10986232618735799,4309553.785392147,44504.88627996975,4354058.671672116,3421,0,2102.7004405286343,98,356,69,35.75910815042792,0.560893906020558,40.17255892255896,33172.429882859775,338.49418247816095,0
3423,127.86954779888873,0,0,454,0.0,0.0,1.0,454,12550,9200,3350,0.7330677290836654,159,92,67,170.4447841302311,0.4090503066520148,0.8750643579894801,0.1105526766549279,4319526.914088296,43898.16648330177,4363425.080571597,3422,1,2103.7004405286343,103,351,71,35.643817515060434,0.5622935022026432,40.07411858974361,33236.60491715737,322.68548463259583,0
3424,128.03938806035922,0,0,454,0.0,0.0,1.0,454,14050,10300,3750,0.7330960854092526,178,103,75,170.86323821346485,0.4092555382131848,0.8763560447405245,0.11125208461320939,4329713.105225406,43107.760338819506,4372820.865564225,3423,2,2104.7004405286343,104,350,72,35.49701495384142,0.5639454845814977,39.94047619047621,33297.86228784016,320.1717527676938,0
3425,128.14629505290966,1,0,455,0.002197802197802198,0.0,1.0,455,11000,7500,3500,0.6818181818181818,145,75,70,171.35649585133933,0.4096750899614336,0.8766296032635652,0.11193891354812772,4337099.797631403,46638.044695934404,4383737.842327338,3424,0,2101.0725274725273,110,345,71,35.36909957678061,0.5653846153846154,39.82732732732733,33340.164077016474,303.09240070014977,0
3426,128.4980684637171,1,1,455,0.0021929824561403508,0.0021929824561403508,0.9978070175438597,456,13250,9500,3750,0.7169811320754716,170,95,75,170.60411952875677,0.41008370284686074,0.8769867190709628,0.1117341259263643,4351970.019607008,44042.80268212021,4396012.822289129,3425,0,2097.4627192982457,113,343,55,35.29850407845614,0.5669316520467836,39.738669590643276,33443.07825339964,295.95644472035076,0
3427,128.1977522671088,0,0,455,0.0,0.0,1.0,455,12850,9500,3350,0.7392996108949417,162,95,67,172.15999999999943,0.40997926449468297,0.8793670329670327,0.11326315789473694,4346983.244734337,45825.32708269279,4392808.571817029,3426,1,2102.5450549450547,112,343,58,35.100000000000044,0.5683150183150183,39.58333333333334,33384.83131955971,298.0788510674974,0
3428,128.13459695980595,0,0,455,0.0,0.0,1.0,455,12950,9500,3450,0.7335907335907336,164,95,69,166.66598326643907,0.41024128221264783,0.8735811525006156,0.1102110116391259,4350697.822514299,41072.666096899906,4391770.488611199,3427,2,2103.5450549450547,94,361,62,35.06471079132651,0.5697115384615384,39.407894736842096,33390.86437880199,355.2219614766169,0
3429,128.29771417319884,0,0,455,0.0,0.0,1.0,455,12050,8800,3250,0.7302904564315352,153,88,65,164.66232101959628,0.4102237336818835,0.8719484999305636,0.10934398307013204,4361033.292077175,40569.57278343081,4401602.864860606,3428,3,2104.5450549450547,97,358,68,34.9711237939938,0.5708562271062272,39.264455782312915,33451.77432683413,344.8636528539601,0
3430,127.91152471881911,1,0,456,0.0021929824561403508,0.0,1.0,456,13850,10300,3550,0.7436823104693141,174,103,71,164.51763912523268,0.4107358741404794,0.8714656689518341,0.10980066568212121,4353641.326446644,38200.1585250095,4391841.484971654,3429,0,2100.9276315789475,103,353,71,34.80016027486661,0.5722542032163742,39.09254807692308,33373.0699859828,324.01038821342524,0
3431,127.45187482907289,0,0,456,0.0,0.0,1.0,456,10750,7800,2950,0.7255813953488373,137,78,59,166.6484953758608,0.41087745405179615,0.8728720535811871,0.11143293129310845,4340129.018624271,42705.19413816964,4382834.212762441,3430,1,2101.9276315789475,106,350,68,34.67937479016678,0.5733506944444444,39.02842679127727,33261.3162825445,313.78600266551416,0
3432,127.60347385811998,0,0,456,0.0,0.0,1.0,456,13550,9900,3650,0.7306273062730627,172,99,73,161.8647480469261,0.41072854411670207,0.8712827242977896,0.10344336547369887,4293398.98194622,34239.98889553263,4327638.970841752,3431,2,2102.9276315789475,92,364,61,36.39248704663211,0.5581140350877193,40.591397849462396,33101.43878308796,359.7982476422604,8
3433,127.45323249188624,0,0,456,0.0,0.0,1.0,456,13050,8600,4450,0.6590038314176245,175,86,89,160.1144588859574,0.4109646110468479,0.8692325100219835,0.10278641130376157,4293560.241226092,33242.2149436361,4326802.456169728,3432,3,2103.9276315789475,97,359,65,36.2776412776413,0.5593704312865497,40.43367346938776,33082.56736237107,341.0573954883615,0
3434,127.9263523943194,0,0,456,0.0,0.0,1.0,456,13950,10600,3350,0.7598566308243727,173,106,67,164.85058242641122,0.4110153187455819,0.8734543951399589,0.1072782175428069,4325258.188353154,37454.26629892534,4362712.454652079,3433,4,2104.9276315789475,107,349,73,35.67270780015581,0.5675255847953216,39.959490740740755,33266.033824298436,310.8975123766209,8
3435,128.06719183304958,0,0,456,0.0,0.0,1.0,456,12350,8800,3550,0.7125506072874493,159,88,71,167.33036123006843,0.4107889917100443,0.8748150696850316,0.10933854030411734,4334735.245709242,41516.5629002491,4376251.808609491,3434,5,2105.9276315789475,110,346,73,35.464307183648955,0.5689875730994152,39.81794294294297,33320.78541264396,302.91623102403605,0
3436,127.62214711116106,0,0,456,0.0,0.0,1.0,456,12100,8300,3800,0.6859504132231405,159,83,76,165.79676344901708,0.4107585670908039,0.8739460012710796,0.10872970067070986,4323821.969093061,40075.13764107877,4363897.10673414,3435,6,2106.9276315789475,113,343,55,35.377176354956504,0.5701982821637427,39.69298245614037,33220.94048705031,293.9906237792063,0
3437,127.60278383558928,1,1,456,0.002188183807439825,0.002188183807439825,0.9978118161925602,457,13100,9500,3600,0.7251908396946565,167,95,72,155.64371966541952,0.4110784403112084,0.8661487499747986,0.10157876431448175,4317624.002248325,29902.211965327082,4347526.214213653,3436,0,2103.315098468271,112,345,76,35.81096444601941,0.5665116703136397,39.859882005899735,33194.60324336629,296.38038610148476,8
3438,127.36248957559776,0,0,456,0.0,0.0,1.0,456,13450,9700,3750,0.7211895910780669,172,97,75,155.62184128151034,0.41091872308977573,0.8666168719515606,0.1018989686349227,4313254.784912866,29597.33030888655,4342852.115221752,3437,1,2108.1447368421054,114,342,59,35.696262007517745,0.567891081871345,39.74637681159423,33146.54937034529,290.75920500302885,0
3439,127.44351193777922,0,1,455,0.0,0.0021929824561403508,0.9978070175438597,456,11850,8200,3650,0.6919831223628692,155,82,73,161.23905512892702,0.41093448766146135,0.8719557408087286,0.10591363270867919,4319635.44320263,36248.78747268485,4355884.230675315,3438,2,2109.1447368421054,116,340,62,35.43867972917521,0.5690104166666667,39.636752136752165,33181.606687219224,286.04833351051053,0
3440,127.60958499081136,1,0,456,0.0021929824561403508,0.0,1.0,456,12700,9000,3700,0.7086614173228346,164,90,74,157.8946037162354,0.4114398576569629,0.8695780828490218,0.10408154489866127,4329273.02045602,32813.76958885844,4362086.790044879,3439,0,2110.1140350877195,92,364,66,35.40322927416581,0.5704952485380117,39.516129032258064,33240.23867099359,361.30694207601726,0
3441,127.23408565917002,1,0,457,0.002188183807439825,0.0,1.0,457,12950,9200,3750,0.7104247104247104,167,92,75,155.16017380762293,0.4119967817062715,0.8667331058714969,0.10289744288698256,4323375.995852659,29813.154190440942,4353189.1500431,3440,0,2106.4945295404814,98,359,71,35.26489008179959,0.5718225747629467,39.30976430976431,33168.683778320694,338.4559569216397,0
3442,127.31027306701264,0,0,457,0.0,0.0,1.0,457,13450,10200,3250,0.758364312267658,167,102,65,152.29992353540442,0.4119947822693129,0.8632616189602489,0.1014372022687726,4330848.368055997,27067.575059672286,4357915.943115669,3441,1,2107.4945295404814,103,354,77,35.190109566597556,0.5728710795040117,39.16266025641026,33207.272948829646,322.40070824106454,0
3443,126.97867203405485,0,0,457,0.0,0.0,1.0,457,12800,9200,3600,0.71875,164,92,72,151.03858146418392,0.41193519904794806,0.863173416945094,0.10098138392152212,4323862.835422595,26414.021821585986,4350276.857244181,3442,2,2108.4945295404814,105,352,71,35.09141060400664,0.5740107585703866,39.033018867924525,33137.240708887126,315.59276865606785,0
3444,127.33017147882288,0,0,457,0.0,0.0,1.0,457,11200,7100,4100,0.6339285714285714,153,71,82,149.59848135522316,0.41183142826979924,0.8616654944867601,0.1003230487103414,4339258.458186626,27229.295110505118,4366487.7532971315,3443,3,2109.4945295404814,109,348,80,35.02435555636165,0.5751048504741065,38.929924242424235,33242.0975142013,304.97337168992016,0
3445,127.22322960033823,0,0,457,0.0,0.0,1.0,457,11800,8600,3200,0.7288135593220338,150,86,64,150.9750712441974,0.4120081784969352,0.8644465766714504,0.10171972346452832,4340856.801016378,27872.232958861096,4368729.033975239,3444,4,2110.4945295404814,112,345,79,34.82823417319498,0.5762445295404814,38.77212389380531,33234.25405986708,296.7344112488132,0
3446,127.29648888884932,1,0,458,0.002183406113537118,0.0,1.0,458,12050,8900,3150,0.7385892116182573,152,89,63,151.5711418004608,0.4120670413971251,0.8644062653380629,0.10249079339978197,4347406.337014132,28138.268474358214,4375544.60548849,3445,0,2106.8842794759826,114,344,60,34.68905601959356,0.5777610989810771,38.65036231884058,33268.8912491845,291.83237937881137,0
3447,127.56725407158345,0,0,458,0.0,0.0,1.0,458,12000,8700,3300,0.725,153,87,66,155.008022152449,0.4119389394793587,0.8674007612078289,0.10518879156419321,4360647.705957925,31587.075240828744,4392234.781198754,3446,1,2107.8842794759826,93,365,63,34.47759942078124,0.5789210334788937,38.53058510638295,33354.935281681974,358.6552180826019,0
3448,127.82954166492652,0,0,458,0.0,0.0,1.0,458,12500,9300,3200,0.744,157,93,64,170.3680045554832,0.41196352469589975,0.8808717504084684,0.11164631725165518,4330015.0013351375,43439.20309455631,4373454.2044296935,3447,2,2108.8842794759826,115,343,55,35.28365965154387,0.5705740538573508,39.718031609195414,33271.72472304164,289.31934541775337,8
3449,128.18929484724586,1,0,459,0.002178649237472767,0.0,1.0,459,12150,9400,2750,0.7736625514403292,149,94,55,171.25042559136944,0.412393604538694,0.8818590652797678,0.11249969671002268,4345014.037639016,44867.10062923025,4389881.138268246,3448,0,2105.2875816993464,123,336,57,35.17495321675163,0.5718046477850399,39.63373655913977,33376.167712495866,271.35095701216153,0
3450,127.84473869084316,0,0,459,0.0,0.0,1.0,459,13050,9600,3450,0.735632183908046,165,96,69,170.87750280194143,0.4122792413099802,0.8814240428352511,0.1126910759413336,4337772.195658525,43395.536103563354,4381167.731762089,3449,1,2106.2875816993464,87,372,60,35.049122627648735,0.5732570806100218,39.50047348484846,33303.4938964177,382.7987804185942,0
3451,128.18375159744423,3,0,462,0.006493506493506494,0.0,1.0,462,12100,9000,3100,0.743801652892562,152,90,62,167.85093751305834,0.41282068437708347,0.8793081873847024,0.11132487468268068,4355761.313670099,41723.724016526845,4397485.0376866255,3450,0,2093.603896103896,93,369,65,34.93052603613179,0.5749007936507937,39.30629432624112,33416.697211102204,359.3193248505613,0
3452,128.15152389863448,1,1,462,0.0021598272138228943,0.0021598272138228943,0.9978401727861771,463,13100,8900,4200,0.6793893129770993,173,89,84,193.3039654661039,0.4132397330291499,0.8923209772707785,0.12320216594164941,4308685.433405154,60877.19604465111,4369562.629449805,3451,0,2090.0799136069113,101,362,56,35.673637366099555,0.5553905687544997,40.68627450980392,33231.44908940081,329.02424840990903,8
3453,127.97073404653995,0,0,462,0.0,0.0,1.0,462,12450,9100,3350,0.7309236947791165,158,91,67,193.7952050293421,0.4129858978693035,0.893323793506758,0.12396340878274896,4306829.157002611,62078.56790153499,4368907.724904146,3452,1,2095.0108225108224,78,384,58,35.53123094124825,0.5567956349206349,40.55907172995783,33200.846032433226,425.65187221068237,0
3454,128.28542254831993,1,1,462,0.0021598272138228943,0.0021598272138228943,0.9978401727861771,463,13650,10100,3550,0.73992673992674,172,101,71,171.7943498035924,0.41334647773632655,0.8774271931651041,0.10532985766702821,4267315.496070572,40370.138210848905,4307685.634281421,3453,0,2091.4838012958962,100,363,70,37.63778373119015,0.5435340172786177,42.06889438943897,33088.80087160644,330.8880087160644,8
3455,128.14781879742748,1,0,463,0.0021598272138228943,0.0,1.0,463,11950,7800,4150,0.6527196652719666,161,78,83,173.42523457296926,0.41371073431008637,0.8781926068601855,0.10669101289951283,4266788.897611977,43443.773088340735,4310232.670700317,3454,0,2092.4190064794816,107,356,72,37.47107238522396,0.5445464362850971,41.946373456790134,33069.00937427843,309.0561623764339,0
3456,128.6353753523184,1,1,463,0.0021551724137931034,0.0021551724137931034,0.9978448275862069,464,12700,9800,2900,0.7716535433070866,156,98,58,170.31815485728194,0.41440840982721383,0.8766972242431836,0.10524557325628497,4288330.969630627,40576.12363296792,4328907.093263594,3455,0,2088.907327586207,112,352,58,37.38865981221666,0.546179058908046,41.7865044247788,33215.38992435332,296.5659814674404,0
3457,128.4632801003495,0,0,463,0.0,0.0,1.0,463,13050,10100,2950,0.7739463601532567,160,101,59,183.4727205101602,0.4141747231650039,0.8856058020115318,0.10942037205239744,4239807.326295831,49927.79691888232,4289735.123214713,3456,1,2094.416846652268,100,363,70,38.36583236321308,0.5346247300215983,43.07962046204623,33004.83468007257,330.0483468007257,8
3458,128.40646905482552,7,2,468,0.014893617021276596,0.00425531914893617,0.9957446808510638,470,12900,9100,3800,0.7054263565891473,167,91,76,180.0766318571327,0.4167318801131123,0.8871525860482217,0.10834510973198319,4248625.8826890625,46115.64779513801,4294741.5304842,3457,0,2064.208510638298,109,361,56,38.12331277992516,0.5368351063829787,42.755681818181834,33031.834582143565,303.04435396461986,0
3459,128.43586266722488,1,1,468,0.0021321961620469083,0.0021321961620469083,0.997867803837953,469,13350,10500,2850,0.7865168539325843,162,105,57,179.3067175890001,0.41662186624873193,0.8869670935271812,0.10813117398108997,4252392.407152211,45346.50488536863,4297738.91203758,3458,0,2069.6076759061834,83,386,60,38.05705146739914,0.5379353233830846,42.67113095238092,33050.25528531196,398.1958468109875,0
3460,127.98683983965861,1,0,469,0.0021321961620469083,0.0,1.0,469,13400,9900,3500,0.7388059701492538,169,99,70,181.33599579207646,0.4169290148767761,0.887672681338421,0.10998118113034273,4244398.119335043,46732.43190152682,4291130.55123657,3459,0,2070.3432835820895,88,381,62,37.79246576380052,0.5395788912579957,42.46254681647939,32961.40477331268,374.5614178785532,0
3461,128.1689219684994,2,0,471,0.004246284501061571,0.0,1.0,471,12700,9300,3400,0.7322834645669292,161,93,68,188.05478425207474,0.4178989549923959,0.8918507611389208,0.10962710443043687,4202238.512924081,51150.21138473841,4253388.7243088195,3460,0,2062.547770700637,105,366,48,39.11130938675262,0.5222708775654635,43.92688679245281,32820.614864928575,312.5772844278912,8
3462,128.3880342840966,2,0,473,0.004228329809725159,0.0,1.0,473,12500,9100,3400,0.728,159,91,68,191.2458627362309,0.4189689564147585,0.896237842713506,0.11216792228390174,4216911.838684465,54193.388534368176,4271105.227218833,3461,0,2054.8224101479914,81,392,53,38.79753998149612,0.5240926708949964,43.69918699186994,32905.95756752985,406.2463897225907,0
3463,128.50868880881004,4,0,477,0.008385744234800839,0.0,1.0,477,13050,9500,3550,0.7279693486590039,166,95,71,188.93831986162508,0.42051196788988127,0.8951785795914107,0.1116416670621717,4229999.969474996,51391.81744946723,4281391.786924464,3462,0,2038.5828092243187,88,389,58,38.57454839886873,0.5261617749825297,43.422284644194775,32972.465777934834,374.6871111128958,0
3464,128.0109612836911,6,0,483,0.012422360248447204,0.0,1.0,483,12750,9200,3550,0.7215686274509804,163,92,71,187.34702817050638,0.42231210392630203,0.8969296127891822,0.11214852795236531,4229400.51746703,49123.12357805119,4278523.641045081,3463,0,2014.2463768115942,97,386,59,38.12627494762382,0.5285757418909593,42.94217687074832,32906.21904426879,339.2393715903999,0
3465,128.50731480465507,5,2,486,0.010245901639344262,0.004098360655737705,0.9959016393442623,488,13950,10100,3850,0.7240143369175627,178,101,77,186.82973043104542,0.4240203452328856,0.8985215832715989,0.11275642172396769,4255708.1003791755,47468.55943741009,4303176.6598165855,3464,0,1994.5983606557377,78,410,57,37.834200054650374,0.53088712431694,42.64240506329111,33072.33346990026,424.0042752551315,0
3466,128.8489309838933,2,2,486,0.004098360655737705,0.004098360655737705,0.9959016393442623,488,15500,11900,3600,0.7677419354838709,191,119,72,186.64599118671214,0.4241730519462304,0.8982767713935664,0.11363366688744966,4277589.174465611,46578.974271535,4324168.148737146,3465,0,1995.5655737704917,83,405,63,37.514487784141004,0.5328509221311475,42.3239087301587,33201.28890022684,400.01552891839566,0
3467,128.88815074345524,2,1,487,0.004098360655737705,0.0020491803278688526,0.9979508196721312,488,12850,9100,3750,0.708171206225681,166,91,75,184.85038147095537,0.4244503259613335,0.8973150553360558,0.11323216679011998,4286275.971742735,48013.94969328641,4334289.921436022,3466,0,1996.4815573770493,90,398,64,37.334387483355556,0.5344945355191257,42.10164835164834,33240.041623741265,369.33379581934736,0
3468,128.79084456966118,2,0,489,0.00408997955010225,0.0,1.0,489,15500,11500,4000,0.7419354838709677,195,115,80,187.2273583756849,0.4246007800015645,0.898997871597998,0.11523491387892561,4288748.998221914,47294.22913469059,4336043.227356605,3467,0,1993.3844580777097,94,395,63,37.09804483911173,0.5361068507157465,41.92982456140351,33237.07585297745,353.5859133295473,0
3469,128.27061264001188,3,4,488,0.006097560975609756,0.008130081300813009,0.991869918699187,492,16150,12200,3950,0.7554179566563467,201,122,79,170.43885710058743,0.42550823357011575,0.889306825295084,0.10532247323395312,4276197.007315114,31216.026132748717,4307413.033447863,3468,0,1982.2235772357724,104,388,61,37.38473951129551,0.5396764905149052,41.78571428571429,33121.3046209746,318.4740828939866,8
3470,128.75525022370172,0,1,487,0.0,0.0020491803278688526,0.9979508196721312,488,14500,10600,3900,0.7310344827586207,184,106,78,174.19920492480543,0.4245786627169803,0.8915999515623021,0.10794492534971481,4295664.746748964,37560.27670143708,4333225.023450402,3469,1,1999.4282786885246,106,382,62,37.186330117333725,0.5410689890710383,41.68613707165109,33259.26605759053,313.7666609206654,0
3471,128.83003796169362,0,1,486,0.0,0.002053388090349076,0.997946611909651,487,13750,9600,4150,0.6981818181818182,179,96,83,171.36939489386498,0.4247050543204243,0.8892276660737168,0.10655070200858217,4302190.754111233,36302.765250005505,4338493.519361239,3470,2,2004.5195071868584,81,406,65,37.13625639009047,0.5424366872005475,41.56504065040652,33294.18562363707,411.03932868687747,0
3472,128.6015571472785,1,0,487,0.002053388090349076,0.0,1.0,487,14900,10600,4300,0.7114093959731543,192,106,86,167.67921723916615,0.42496630499995774,0.886752040163693,0.10473818864997675,4300041.2492733095,31905.51015485557,4331946.759428165,3471,0,2005.505133470226,85,402,68,37.06401249024197,0.5440195071868583,41.40019379844962,33256.337755503926,391.25103241769324,0
3473,128.71021228980933,0,1,486,0.0,0.002053388090349076,0.997946611909651,487,12100,8500,3600,0.7024793388429752,157,85,72,167.43422759994345,0.42511171811403764,0.8869585197773628,0.10507531473196556,4309220.636333289,34802.20576043984,4344022.8420937285,3472,1,2006.505133470226,88,399,70,36.90097923922386,0.5454312114989732,41.23361423220974,33305.87644563898,378.475868700443,0
3474,128.4750469350668,2,0,488,0.004098360655737705,0.0,1.0,488,14200,10700,3500,0.7535211267605634,177,107,70,165.27358571503152,0.4252179796288193,0.8853219217893922,0.10444467678173924,4309570.045210428,30651.618852402928,4340221.664062831,3473,0,2003.3504098360656,97,391,70,36.705583825782384,0.5471951844262295,40.98639455782311,33276.78511600435,343.0596403711789,0
3475,128.7364193871684,1,1,488,0.002044989775051125,0.002044989775051125,0.9979550102249489,489,12300,9100,3200,0.7398373983739838,155,91,64,167.0356565279575,0.4256733869165354,0.8876362343218149,0.1060537152235359,4323855.717551397,34347.61570267156,4358203.333254069,3474,0,2000.2515337423313,100,389,57,36.49174293672901,0.5485685071574642,40.82095709570956,33365.78196369148,333.6578196369148,0
3476,128.2760287409056,0,0,488,0.0,0.0,1.0,488,13500,10000,3500,0.7407407407407407,170,100,70,170.21311543039516,0.42540618933809093,0.8896963464305263,0.1084270947899127,4312244.389298587,35700.11039995014,4347944.499698537,3475,1,2005.327868852459,103,385,59,36.29158941079521,0.549863387978142,40.7051282051282,33261.316426728285,322.9254022012455,0
3477,128.45824764010268,1,0,489,0.002044989775051125,0.0,1.0,489,13750,9900,3850,0.72,176,99,77,166.78948390970552,0.4257535312391744,0.8876410851066263,0.10683207463807579,4324803.639161572,32716.353397315634,4357519.992558887,3476,0,2002.2249488752557,82,407,64,36.18406203649962,0.5515720858895705,40.5120481927711,33333.36757287619,406.50448259605105,0
3478,128.15995557653463,1,0,490,0.0020408163265306124,0.0,1.0,490,14050,10000,4050,0.7117437722419929,181,100,81,165.26382790485425,0.4259713701431493,0.8864079204790236,0.10638399037615295,4320562.980126451,30756.55535994118,4351319.535486392,3477,0,1999.1367346938775,86,404,67,36.04636418130678,0.5530612244897959,40.33764367816094,33278.31605110538,386.9571633849463,0
3479,128.492811935394,1,1,490,0.002036659877800407,0.002036659877800407,0.9979633401221996,491,14900,10900,4000,0.7315436241610739,189,109,80,165.08549496011972,0.4263428793105837,0.885609826264719,0.10677050637740586,4337258.957094604,30103.708340436242,4367362.66543504,3478,0,1996.0631364562119,89,402,72,35.88425430976884,0.5546291581805838,40.173611111111136,33385.82332335283,375.1216103747509,0
3480,128.20358806982068,2,0,492,0.0040650406504065045,0.0,1.0,492,14200,10600,3600,0.7464788732394366,178,106,72,166.3342493884695,0.4263589978695103,0.8865324489843978,0.10858906670310695,4338306.313033911,31721.784839151325,4370028.097873063,3479,0,1992.9227642276423,93,399,69,35.522093485545525,0.5562542344173442,39.84929078014186,33352.25436089455,358.62639097736076,0
3481,128.08614377235924,1,1,492,0.002028397565922921,0.002028397565922921,0.9979716024340771,493,13250,8800,4450,0.6641509433962264,177,88,89,166.4563417894862,0.4265229816344817,0.8861880408383598,0.10897104471587693,4337527.879906623,32551.804659833033,4370079.684566456,3480,0,1989.8782961460447,97,396,60,35.421431683276154,0.5575769100743746,39.75340136054423,33333.98324960097,343.6493118515564,0
3482,127.90201337792675,0,0,492,0.0,0.0,1.0,492,12200,8800,3400,0.7213114754098361,156,88,68,172.72717592068074,0.4264884451288505,0.889962153206548,0.11372037767263232,4337801.482670452,39251.239961240746,4377052.722631693,3481,2,1994.9227642276423,81,411,65,35.05938445029753,0.5588160569105691,39.55792682926827,33311.06552685767,411.2477225537983,0
3483,127.57515799944882,0,1,491,0.0,0.0020325203252032522,0.9979674796747967,492,13750,9600,4150,0.6981818181818182,179,96,83,170.68115541531338,0.42647292180661117,0.8892152573178265,0.11287405616343381,4331782.582444838,35720.73123592188,4367503.313680761,3482,3,1995.9227642276423,81,411,68,34.957630561242745,0.560255758807588,39.40548780487803,33245.38606708176,410.43686502570074,0
3484,127.43308767172708,0,0,491,0.0,0.0,1.0,491,13550,10000,3550,0.7380073800738007,171,100,71,173.5052493835032,0.4263319686326669,0.8892801328507447,0.11522809139410975,4331761.054462984,38566.656404868045,4370327.710867852,3483,4,1997.663951120163,83,408,70,34.73695266178378,0.5617150373387645,39.260912698412675,33226.78697154903,400.32273459697626,0
3485,127.82296960859807,1,1,491,0.0020325203252032522,0.0020325203252032522,0.9979674796747967,492,14600,10000,4600,0.684931506849315,192,100,92,171.5664093999907,0.42649068738650725,0.8880226440392371,0.11440239398318783,4349609.654503861,36249.38214295073,4385859.036646812,3484,0,1994.60162601626,85,407,74,34.64729006097749,0.563304539295393,39.12306201550385,33346.06491557607,392.30664606560083,0
3486,127.94543928655838,0,1,490,0.0,0.002036659877800407,0.9979633401221996,491,15200,11000,4200,0.7236842105263158,194,110,84,175.71320739891434,0.42624329772642255,0.8906416251058094,0.11783272923102055,4360194.758255724,39828.761171408165,4400023.519427132,3485,1,1999.6150712830956,90,401,69,34.343531225793235,0.5647063815342838,38.93086080586078,33402.605698357525,371.14006331508364,0
3487,127.48628946238978,0,1,489,0.0,0.0020408163265306124,0.9979591836734694,490,13000,9000,4000,0.6923076923076923,170,90,80,176.05120464203063,0.4262709020213402,0.8911582232281965,0.11845135147610573,4348281.230508708,42104.02975067629,4390385.260259384,3486,2,2004.6510204081633,93,397,69,34.22057752414901,0.5661352040816326,38.81870567375884,33297.034090636495,358.0326246304999,0
3488,127.03486858479519,0,0,489,0.0,0.0,1.0,489,12700,9500,3200,0.7480314960629921,159,95,64,174.11788573142923,0.42619039637042255,0.8900173624661993,0.11757444861245894,4336929.627830407,40527.40347276343,4377457.03130317,3487,3,2004.558282208589,93,396,59,34.14705258693808,0.5672077368779822,38.69680851063827,33194.616591638325,356.9313612004121,0
3489,126.81062045938572,0,1,488,0.0,0.002044989775051125,0.9979550102249489,489,14700,11200,3500,0.7619047619047619,182,112,70,177.09047315159413,0.42618760266854405,0.8914020128606375,0.11998245445427673,4333006.611920114,40966.83821478156,4373973.450134895,3488,4,2005.558282208589,97,392,62,33.95475861321188,0.56861366734833,38.58418367346935,33150.30186626366,341.7556893429243,0
3490,127.12163115631418,0,0,488,0.0,0.0,1.0,488,15100,11300,3800,0.7483443708609272,189,113,76,176.55096359841335,0.426141758816665,0.8906817233283042,0.12016745644341209,4348756.874737588,40855.443338029676,4389612.318075618,3489,5,2010.030737704918,83,405,64,33.812017019864406,0.5701630806010929,38.43005952380953,33251.19749479344,400.616837286668,0
3491,126.77012094712777,0,0,488,0.0,0.0,1.0,488,13400,9400,4000,0.7014925373134329,174,94,80,175.87700445375947,0.42609372019501573,0.8906814352226795,0.12018730976352152,4341159.50336842,41702.02586168224,4382861.529230102,3490,6,2011.030737704918,84,404,67,33.69380707094357,0.5713157445355191,38.296568627450995,33176.17564737654,394.95447199257785,0
3492,126.4663700984878,0,0,488,0.0,0.0,1.0,488,14500,10400,4100,0.7172413793103448,186,104,82,174.5917097930545,0.42608600596380203,0.8897243439769771,0.11983069228458493,4335575.553970921,39291.10978095149,4374866.663751872,3491,7,2012.030737704918,87,401,70,33.57937593237191,0.5727672472677596,38.15104166666668,33115.087274487,380.63318706306893,0
3493,126.42185366724395,0,0,488,0.0,0.0,1.0,488,12150,8600,3550,0.7078189300411523,157,86,71,174.58744380999565,0.42602876286172736,0.8901017292917508,0.12019198953895835,4337391.7925437875,41700.8291725358,4379092.621716323,3492,8,2013.030737704918,88,400,70,33.476777177069835,0.5739839480874317,38.05009363295882,33116.192730882554,376.3203719418472,0
3494,126.057829128828,1,0,489,0.002044989775051125,0.0,1.0,489,12600,9400,3200,0.746031746031746,158,94,64,174.54285268856435,0.4261032677930872,0.8898832903450813,0.12067855298790046,4329608.7709653145,40740.453181944074,4370349.224147258,3493,0,2009.912065439673,91,398,72,33.33297333102932,0.5754729038854806,37.907608695652186,33038.79787900956,363.063712956149,0
3495,126.63076354599187,0,0,489,0.0,0.0,1.0,489,13100,8800,4300,0.6717557251908397,174,88,86,177.12861035797513,0.4261451733212645,0.8915837279294707,0.12283930774013606,4352626.053563706,43294.92085513107,4395920.974418837,3494,1,2010.912065439673,94,395,68,33.16282968105272,0.5768788343558282,37.807017543859644,33201.697564821836,353.2095485619344,0
3496,126.85189501937433,0,0,489,0.0,0.0,1.0,489,11750,8100,3650,0.6893617021276596,154,81,73,173.9759802030735,0.4259628842736934,0.8868472478824763,0.11684573832889664,4324637.932170913,40926.6246545657,4365564.556825479,3495,2,2011.912065439673,107,382,68,34.33636987650676,0.5711486025903204,38.8792438271605,33123.66274941678,309.56694158333437,8
3497,126.88902989387186,0,1,488,0.0,0.002044989775051125,0.9979550102249489,489,14650,10100,4550,0.689419795221843,192,101,91,172.59695442638792,0.42588658129113727,0.8863963885071471,0.11647288591641915,4331235.603094756,37061.614799459334,4368297.217894215,3496,3,2012.912065439673,111,378,60,34.208736755300855,0.5726823449216087,38.71837797619048,33153.77154769858,298.6826265558431,0
3498,126.69218394426927,0,0,488,0.0,0.0,1.0,488,14100,10500,3600,0.7446808510638298,177,105,72,172.0067342805196,0.42572580396315124,0.8864469122341436,0.11643655863807909,4327988.667789527,37188.63934991555,4365177.307139443,3497,4,2017.9569672131147,115,373,61,34.11748202097934,0.5740266393442623,38.61350574712645,33115.62581043299,287.9619635689825,0
3499,126.45611560431041,0,1,487,0.0,0.0020491803278688526,0.9979508196721312,488,14200,10200,4000,0.7183098591549296,182,102,80,171.54462060625585,0.42557292192636975,0.8876313927517812,0.11670871258259273,4325503.493906204,36603.371158634756,4362106.865064838,3498,5,2018.9569672131147,85,403,65,33.95792812818373,0.5753073770491803,38.44476744186047,33075.258725284446,389.1206908856994,0
3500,126.20090526113955,0,0,487,0.0,0.0,1.0,487,13000,9200,3800,0.7076923076923077,168,92,76,171.61354507379303,0.42529093185511924,0.8873636355954415,0.11711210053936841,4320143.741244585,37879.03653266847,4358022.777777254,3499,6,2024.028747433265,88,399,65,33.85230288662256,0.5764031485284051,38.34269662921348,33021.388553581804,375.2430517452478,0
3501,126.7053266993183,0,0,487,0.0,0.0,1.0,487,12850,9300,3550,0.7237354085603113,164,93,71,167.78662213540247,0.42527561594600916,0.8852822344147588,0.11585538068330753,4350405.9911709335,35737.985235237415,4386143.976406171,3500,7,2025.028747433265,96,391,67,33.55419979236675,0.5774512320328542,37.95103092783505,33203.00023750818,345.8645858073769,8
3502,127.17198037371583,0,0,487,0.0,0.0,1.0,487,12100,7900,4200,0.6528925619834711,163,79,84,166.0713504940344,0.42502756863639823,0.8835328391170034,0.1151519529458635,4371046.269367499,35681.11140515414,4406727.380772653,3501,8,2026.028747433265,99,388,67,33.45831677923454,0.578670431211499,37.8125,33342.90360423361,336.79700610336977,0
3503,127.55869674154755,1,0,488,0.0020491803278688526,0.0,1.0,488,13500,9700,3800,0.7185185185185186,173,97,76,154.8302421691958,0.4251073505402767,0.8759575951547625,0.11122756685409163,4423047.746417082,25864.310740736262,4448912.057157818,3502,0,2022.875,114,374,57,32.58027207374544,0.5938994193989071,36.65760869565221,33591.61223158572,294.6632651893484,8
3504,127.10788510591692,0,1,487,0.0,0.0020491803278688526,0.9979508196721312,488,14450,10100,4350,0.698961937716263,188,101,87,154.5031682212641,0.4249536795480302,0.8760083853818637,0.11135969779951657,4410968.828227297,24251.731777272493,4435220.56000457,3503,1,2023.875,122,366,62,32.48112757704346,0.5951161202185793,36.551490514905176,33486.382874956886,274.4785481553843,0
3505,126.75497550754315,0,0,487,0.0,0.0,1.0,487,12600,8700,3900,0.6904761904761905,165,87,78,154.39374320309093,0.42474061539674896,0.8765007389002311,0.11151756390059736,4400998.257297447,25897.31895488673,4426895.576252334,3504,2,2028.9507186858316,124,363,66,32.41480087702656,0.5961883983572895,36.48333333333334,33402.04862916284,269.37135991260357,0
3506,127.29226908491697,0,0,487,0.0,0.0,1.0,487,13200,9200,4000,0.696969696969697,172,92,80,153.66909749637088,0.4245997794509088,0.8764097421112469,0.11139574302943535,4423531.1817537565,25352.008889429508,4448883.190643186,3505,3,2029.9507186858316,91,396,66,32.31654068602187,0.5971723134839151,36.36775362318837,33558.34684525784,368.77304225558066,0
3507,127.4888539949879,0,0,487,0.0,0.0,1.0,487,14000,10400,3600,0.7428571428571429,176,104,72,153.31336707318624,0.42443728997839575,0.8756665107191994,0.11169317551442014,4435707.867174786,24610.661693916332,4460318.528868702,3506,4,2030.9507186858316,95,392,68,32.16449515308571,0.5984129021218343,36.208767361111086,33630.4419430569,354.00465203217794,0
3508,127.96793805101163,0,0,487,0.0,0.0,1.0,487,13450,9600,3850,0.7137546468401487,173,96,77,151.85492006111173,0.4240600256884765,0.8735083241070671,0.11091088009601872,4455093.319667144,24455.56798456913,4479548.887651713,3507,5,2031.9507186858316,100,387,70,32.12127874405576,0.5996107118412046,36.128300330033,33767.11731678141,337.6711731678141,0
3509,128.0355898903532,0,1,486,0.0,0.002053388090349076,0.997946611909651,487,14750,10600,4150,0.7186440677966102,189,106,83,150.75597216554215,0.4239366181909341,0.8730471882056929,0.11080795110522731,4464235.716020859,22452.03906897141,4486687.755089831,3508,6,2032.9507186858316,103,384,78,31.946433086794364,0.6011293634496919,35.927483974358964,33810.68036317258,328.25903265216095,0
3510,128.34010542634218,0,2,484,0.0,0.00411522633744856,0.9958847736625515,486,13900,10100,3800,0.7266187050359713,177,101,76,148.68542825582938,0.42338139733853747,0.8712498864093678,0.10961228083045986,4478044.741037376,22064.000013980854,4500108.741051357,3509,7,2038.0699588477366,104,382,78,31.905559936908517,0.6024305555555556,35.83333333333332,33903.17785012524,325.9920947127427,0
3511,128.62677073531248,0,0,484,0.0,0.0,1.0,484,13350,9700,3650,0.7265917602996255,170,97,73,147.21294504605285,0.4230561722533066,0.8694799787688949,0.10909095035812019,4493597.1430507265,22153.1338558044,4515750.276906531,3510,8,2047.3202479338843,110,374,78,31.778765931764106,0.6036716597796143,35.67004504504503,33999.908514466246,309.09007740423857,0
3512,128.1998855437753,0,0,484,0.0,0.0,1.0,484,12050,8300,3750,0.6887966804979253,158,83,75,148.18623626044163,0.42282366294224,0.8705315783757199,0.11016511232419109,4482097.606716011,23987.03497823552,4506084.641694246,3511,9,2048.3202479338843,115,369,61,31.650826060379714,0.6048123278236914,35.56932471264367,33899.982306102145,294.7824548356708,0
3513,127.77911426255334,0,0,484,0.0,0.0,1.0,484,12950,9300,3650,0.7181467181467182,166,93,73,150.9230128407567,0.4225154923030417,0.8728512943647417,0.11255906831312068,4470770.831835088,25198.44073222445,4495969.272567313,3512,10,2049.3202479338843,118,366,64,31.476808956540946,0.6060175619834711,35.46918767507002,33801.51289403313,286.45349910197564,0
3514,128.0577034455105,0,0,484,0.0,0.0,1.0,484,12950,8800,4150,0.6795366795366795,171,88,83,140.29542630111217,0.42223129445214425,0.8629649535793658,0.10028727692763484,4434959.258529437,14690.899960691746,4449650.158490129,3513,11,2050.3202479338843,115,369,82,33.12519903553065,0.595148932506887,36.8175287356322,33702.542857229295,293.0655900628634,8
3515,128.50750591047284,0,1,483,0.0,0.002066115702479339,0.9979338842975206,484,12300,8700,3600,0.7073170731707317,159,87,72,139.6110011470435,0.4219273123670357,0.8627376526855046,0.10023904662238155,4455347.054303145,15303.092541760094,4470650.146844905,3514,12,2051.3202479338843,119,365,83,32.99904538212184,0.5962465564738292,36.67534722222225,33839.19437321393,284.3629779261675,0
3516,128.546993192605,0,0,483,0.0,0.0,1.0,483,13850,9900,3950,0.7148014440433214,178,99,79,141.8371885506579,0.4215861776185608,0.8657155516313462,0.10220360028365427,4460622.764073421,16086.438408248694,4476709.20248167,3515,13,2055.503105590062,122,361,64,32.82339987784105,0.5975025879917184,36.55995934959352,33864.42511214772,277.5772550176043,0
3517,128.08972379882496,0,0,483,0.0,0.0,1.0,483,14350,10400,3950,0.7247386759581882,183,104,79,142.1932650617665,0.4213198614583244,0.866246014283264,0.10265290911242844,4446790.023879861,15510.71850791455,4462300.742387776,3516,14,2056.503105590062,125,358,66,32.75287207563348,0.5986024844720497,36.499669312169324,33751.68457870348,270.01347662962786,0
3518,127.97204013962936,1,1,483,0.002066115702479339,0.002066115702479339,0.9979338842975206,484,13950,10000,3950,0.7168458781362007,179,100,79,139.03141184730472,0.4214022280968921,0.8636550311658846,0.10095473180062604,4448969.486564376,12959.30179652483,4461928.788360901,3517,0,2053.2520661157023,100,384,71,32.64787942790839,0.599991391184573,36.31394389438944,33744.44255620777,337.44442556207764,0
3519,127.54788391622894,0,0,483,0.0,0.0,1.0,483,15450,11500,3950,0.7443365695792881,194,115,79,138.85588522468532,0.4209234298085101,0.8623684655666017,0.10137661211421856,4440046.3577799015,11255.313489634877,4451301.671269536,3518,1,2058.4347826086955,104,379,76,32.47703375067365,0.6014277087646653,36.140873015873034,33654.6732988092,323.6026278731654,0
3520,127.91395799046985,0,0,483,0.0,0.0,1.0,483,13050,9700,3350,0.7432950191570882,164,97,67,139.31813701886222,0.4206563977446171,0.8627049347747824,0.10207001581373844,4456533.11300747,14525.178173414775,4471058.291180884,3519,2,2059.4347826086955,106,377,78,32.35240334378264,0.6025276052449966,36.02998442367602,33765.44948317369,318.54197625635555,0
3521,128.19872899300927,0,0,483,0.0,0.0,1.0,483,14750,10600,4150,0.7186440677966102,189,106,83,138.67417186036587,0.4203315564604578,0.861443774341778,0.10192533682711347,4469899.691094825,12621.927592296764,4482521.618687122,3520,3,2060.4347826086955,111,372,81,32.26620557883987,0.6038000345065562,35.92819940476192,33853.66919920513,304.9880108036498,0
3522,128.44676250376799,0,1,482,0.0,0.002070393374741201,0.9979296066252588,483,12700,8600,4100,0.6771653543307087,168,86,82,139.26537563378983,0.42015777084783035,0.8621282140557456,0.10265020182959692,4481583.403338315,15525.879220014254,4497109.282558329,3521,4,2061.4347826086955,115,368,78,32.159869293265835,0.6049861973775017,35.83872126436783,33930.661032447555,295.0492263691092,0
3523,128.63799977524002,0,1,481,0.0,0.002074688796680498,0.9979253112033195,482,12000,7900,4100,0.6583333333333333,161,79,82,144.5658801921154,0.4196294423213511,0.8663856575257962,0.10700852220251414,4492782.846593264,21500.621345959116,4514283.467939222,3522,5,2066.585062240664,118,364,77,31.88473597633008,0.6061332987551867,35.70553221288516,33998.31168779614,288.12128548979774,0
3524,128.57632008984342,0,0,481,0.0,0.0,1.0,481,14200,10400,3800,0.7323943661971831,180,104,76,146.94672071281985,0.41911111832986836,0.8677226163437513,0.10916582771006905,4494498.848954337,21690.3734202767,4516189.222374613,3523,6,2071.711018711019,124,357,58,31.706272915419124,0.6073934511434511,35.59166666666666,33996.65050108862,274.1665362991018,0
3525,128.18675166096276,0,0,481,0.0,0.0,1.0,481,13500,9700,3800,0.7185185185185186,173,97,76,148.0270979006226,0.4188216461653962,0.8693298366311979,0.1104985746418222,4485986.500142047,23109.51256748014,4509096.012709527,3524,7,2072.711018711019,127,354,61,31.524891824827975,0.6087794525294525,35.44108072916667,33912.948484263114,267.0310904272686,0
3526,128.6662239784879,0,0,481,0.0,0.0,1.0,481,13350,9200,4150,0.6891385767790262,175,92,83,147.2577403346032,0.41855383027258025,0.8686936399791148,0.11045647678407697,4507896.439249586,23214.52866125926,4531110.967910846,3525,8,2073.711018711019,98,383,66,31.392350345814428,0.6100788288288288,35.290404040404034,34059.184162992344,347.5426955407382,0
3527,128.25542368082148,0,0,481,0.0,0.0,1.0,481,15400,11600,3800,0.7532467532467533,192,116,76,147.7973881658864,0.4184276824901825,0.8679772745959582,0.11146420818755673,4499227.934817901,21394.827505815607,4520622.762323717,3526,9,2074.711018711019,105,376,68,31.207025549701935,0.6115947678447679,35.12185534591193,33972.05866639976,323.5434158704739,0
3528,127.81186534780699,0,0,481,0.0,0.0,1.0,481,13050,9700,3350,0.7432950191570882,164,97,67,150.074622147331,0.4180398547586048,0.8701584681115251,0.11364960223103132,4487993.830286141,25456.795655947004,4513450.625942088,3527,10,2075.711018711019,105,376,73,31.017037799285585,0.6127208939708939,34.994103773584875,33870.89792486503,322.5799802368098,0
3529,128.31053859751276,0,0,481,0.0,0.0,1.0,481,12300,8800,3500,0.7154471544715447,158,88,70,155.44258519185433,0.4178326764264264,0.8751097065703815,0.11270631132218623,4459156.425777021,30128.560519528837,4489284.986296549,3528,11,2076.711018711019,95,386,63,32.26259929209367,0.5979296604296604,36.360677083333314,33827.70351892087,356.08108967285125,8
3530,127.9945007835277,0,0,481,0.0,0.0,1.0,481,13150,9500,3650,0.7224334600760456,168,95,73,155.76822543645937,0.417721688034188,0.8748692310812218,0.11340894205008664,4452612.056973663,29365.095734353643,4481977.152708016,3529,12,2077.711018711019,99,382,65,32.12045520364375,0.5991424116424117,36.22916666666666,33761.21613375496,341.02238518944404,0
3531,128.45198374393507,0,0,481,0.0,0.0,1.0,481,13100,9600,3500,0.732824427480916,166,96,70,156.0239467938178,0.41764733483483485,0.8748487235645677,0.11380805768271002,4470546.759898451,30202.46996113342,4500749.229859585,3530,13,2078.711018711019,100,381,67,32.05316771562223,0.6002685377685377,36.169554455445535,33889.54410224415,338.8954410224415,0
3532,128.17390511536314,1,0,482,0.002074688796680498,0.0,1.0,482,13700,10300,3400,0.7518248175182481,171,103,68,155.02644359399025,0.4174745085014795,0.8747748717061097,0.1136433516263382,4466201.42226957,28375.864573774415,4494577.286843345,3531,0,2075.396265560166,104,378,70,31.91939120631341,0.6014868603042877,36.01190476190476,33836.38507063304,325.34985644839463,0
3533,127.90809437638006,0,0,482,0.0,0.0,1.0,482,13050,9700,3350,0.7432950191570882,164,97,67,157.03200886489896,0.41725489054327225,0.875135396357211,0.11548809765886933,4460411.595638995,30635.478645496834,4491047.074284492,3532,1,2076.396265560166,109,373,71,31.762018311340565,0.6025674273858921,35.90909090909092,33779.3649239442,309.90243049490095,0
3534,127.66733105148245,0,0,482,0.0,0.0,1.0,482,12200,9000,3200,0.7377049180327869,154,90,64,154.4727847586958,0.41714813680581314,0.8733865171329842,0.11410801732580275,4456708.934084126,29088.047981388147,4485796.982065514,3533,2,2077.396265560166,114,368,68,31.688292025184865,0.6038641078838174,35.769927536231904,33733.548134989374,295.908316973591,0
3535,127.83744072662138,0,0,482,0.0,0.0,1.0,482,14350,11100,3250,0.7735191637630662,176,111,65,153.59433018518104,0.41692186920402685,0.8719973626456266,0.11388868120597384,4466663.942173469,26460.85127208794,4493124.793445556,3534,3,2078.396265560166,119,363,74,31.590791547630772,0.6050743430152143,35.65104166666668,33793.69429208181,283.9806243032085,0
3536,127.87197814347223,0,1,481,0.0,0.002074688796680498,0.9979253112033195,482,13000,9600,3400,0.7384615384615385,164,96,68,156.77907610619457,0.4168668748544267,0.8757833623673081,0.11670139535126903,4471979.612319257,30822.566397030638,4502802.178716288,3535,4,2079.396265560166,119,363,63,31.383170041903266,0.6062413554633472,35.52951388888889,33818.36421959356,284.1879346184333,0
3537,128.06314635017398,0,0,481,0.0,0.0,1.0,481,15050,11100,3950,0.7375415282392026,190,111,79,157.05494299997721,0.4164176195426195,0.8770087615282476,0.1173727705760866,4482880.21433001,29561.699307465416,4512441.913637475,3536,5,2077.6673596673595,89,392,66,31.24949878249709,0.6076316701316702,35.4050925925926,33884.85635082568,380.72872304298517,0
3538,127.91886726498416,0,0,481,0.0,0.0,1.0,481,12550,9300,3250,0.7410358565737052,158,93,65,154.42136791082876,0.41622253262878267,0.8745624075246121,0.11597865139131132,4483065.587607255,29706.224094455312,4512771.81170171,3537,6,2078.6673596673595,93,388,70,31.162144391890955,0.6089310464310465,35.25044326241135,33866.46340677902,364.15552050300016,0
3539,128.07198881472485,0,0,481,0.0,0.0,1.0,481,14250,10100,4150,0.7087719298245614,184,101,83,152.57412521824529,0.4157024211711711,0.8728843473446759,0.11514040553177785,4493466.705428499,26667.35035561224,4520134.055784111,3538,7,2079.6673596673595,95,386,76,31.060338412594408,0.610338704088704,35.10199652777777,33926.01413773731,357.11593829197164,0
3540,127.82738828383854,0,0,481,0.0,0.0,1.0,481,13450,9300,4150,0.6914498141263941,176,93,83,152.28210789584296,0.4155508272695773,0.8726162866465492,0.11549383712100456,4490103.6287586205,27102.489051626166,4517206.117810247,3539,8,2080.6673596673595,99,382,79,30.911647671448215,0.6115947678447679,34.94791666666665,33880.915571690115,342.23147042111225,0
3541,127.7153012348528,0,0,481,0.0,0.0,1.0,481,12600,8800,3800,0.6984126984126984,164,88,76,155.20880138976776,0.4151850167475168,0.8747591404912509,0.11818626794389127,4490350.402603374,30588.38076162504,4520938.783364999,3540,9,2081.6673596673595,101,380,76,30.708586870009476,0.6128075190575191,34.824346405228745,33866.988479005035,335.31671761391124,0
3542,127.6215937192718,0,0,481,0.0,0.0,1.0,481,12800,9400,3400,0.734375,162,94,68,156.20937037279054,0.41499227592977594,0.8751907818157552,0.11926902009973425,4489859.453737931,31271.623666142965,4521131.077404074,3541,10,2082.6673596673595,107,374,74,30.59792621142699,0.6139553014553014,34.74151234567898,33852.710942007754,316.38047609353043,0
3543,127.69803326678993,0,1,480,0.0,0.002079002079002079,0.997920997920998,481,12200,8600,3600,0.7049180327868853,158,86,72,157.2956914569601,0.41474521396396397,0.8756672827320442,0.12066101751117604,4497403.920399116,33084.451884082315,4530488.372283199,3542,11,2083.6673596673595,111,370,75,30.423558545930256,0.6152979902979903,34.59821428571425,33891.2860612078,305.32690145232255,0
3544,127.8797265858254,0,1,479,0.0,0.0020833333333333333,0.9979166666666667,480,12050,8700,3350,0.7219917012448133,154,87,67,169.20638403207116,0.41422786548944557,0.8871498812759706,0.1265075621049871,4476907.144447639,43454.25391186598,4520361.3983595045,3543,12,2088.8333333333335,83,397,63,30.914526509825965,0.6064019097222222,35.391865079365076,33838.01594603595,407.68693910886685,8
3545,128.14113832292438,0,0,479,0.0,0.0,1.0,479,12300,8700,3600,0.7073170731707317,159,87,72,168.36512919007006,0.41394223350017323,0.8844799944549888,0.12661320443513302,4492206.361675137,43166.18088637769,4535372.542561514,3544,13,2087.4133611691022,90,389,66,30.752492939074315,0.6075591510090466,35.21062271062271,33930.41222167906,377.0045802408784,0
3546,128.36884571096456,0,0,479,0.0,0.0,1.0,479,14150,9800,4350,0.6925795053003534,185,98,87,167.51339138990141,0.41382631178972934,0.8799399201096767,0.11598563532904373,4410590.448345639,37816.59280685408,4448407.041152493,3545,14,2088.4133611691022,109,370,70,33.468649904871995,0.5812239039665971,37.85984848484844,33650.62866449674,308.7213638944655,8
3547,128.6705061522143,1,0,480,0.0020833333333333333,0.0,1.0,480,12950,9100,3850,0.7027027027027027,168,91,77,166.44659586441313,0.41431204331941546,0.8790987628960132,0.11575171838113507,4425824.708458881,38382.691323114304,4464207.399781995,3546,0,2085.0604166666667,115,365,73,33.34988131105629,0.5825954861111111,37.71551724137926,33748.277152422685,293.4632795862842,0
3548,128.4117153428099,0,0,480,0.0,0.0,1.0,480,12050,8200,3850,0.6804979253112033,159,82,77,165.8262866575545,0.4140684803409882,0.8791132264807615,0.11580028529482256,4421529.705508166,38591.170482094734,4460120.87599026,3547,1,2086.0604166666667,118,362,63,33.227147892413555,0.5838541666666667,37.578781512605,33697.95880831601,285.575922104373,0
3549,128.70047011523408,0,0,480,0.0,0.0,1.0,480,13200,9800,3400,0.7424242424242424,166,98,68,166.93236325315095,0.4138723976455579,0.8798094135169843,0.11496747795588194,4416011.970624291,38235.06288210247,4454247.033506393,3548,2,2087.0604166666667,96,384,76,33.66393033806124,0.5797309027777777,38.03694158075599,33714.768771380994,351.19550803521867,8
3550,128.97464256116842,0,0,480,0.0,0.0,1.0,480,11600,8500,3100,0.7327586206896551,147,85,62,166.33933158908312,0.41396717698909763,0.8796872929421449,0.11475862717476029,4427371.696564316,39689.20974058532,4467060.9063049015,3549,3,2088.0604166666667,99,381,71,33.62072963875861,0.5807725694444444,37.97916666666664,33794.04332274583,341.35397295702853,0
3551,128.65932922979562,0,0,480,0.0,0.0,1.0,480,13600,9800,3800,0.7205882352941176,174,98,76,167.30727391679343,0.4138413179946648,0.8788350232753952,0.11573949236730906,4419574.198697962,38285.382211428005,4457859.58090939,3550,4,2089.0604166666667,106,374,73,33.50410724013269,0.5821831597222222,37.88940809968843,33722.97293791818,318.1412541313036,0
3552,129.0208886764975,1,0,481,0.002079002079002079,0.0,1.0,481,13350,9500,3850,0.7116104868913857,172,95,77,163.11788035614427,0.4139320209632709,0.8755121718433134,0.11332961229972405,4436821.143700798,35194.97209595601,4472016.115796754,3551,0,2085.7151767151768,113,368,70,33.468890456778475,0.5834199584199584,37.74671052631574,33836.15246622872,299.4349775772453,0
3553,129.25345337248325,0,0,481,0.0,0.0,1.0,481,12800,9000,3800,0.703125,166,90,76,167.4074130812222,0.4138046098983599,0.8776877178709874,0.11658377278274991,4447447.815510365,39907.1467216625,4487354.962232028,3552,1,2086.7151767151768,116,365,57,33.27754680694606,0.5845893970893972,37.66915954415951,33907.16705502285,292.3031642674384,0
3554,128.9606373447744,1,0,482,0.002074688796680498,0.0,1.0,482,12700,8300,4400,0.6535433070866141,171,83,88,167.61156434187748,0.4139074240215319,0.8792900851071306,0.11720805094667713,4441959.525702383,39804.75696925327,4481764.282671637,3553,0,2083.383817427386,123,359,63,33.13436179746506,0.5859266943291839,37.5336021505376,33847.83394825321,275.18564185571717,0
3555,129.26018087877782,0,1,481,0.0,0.002074688796680498,0.9979253112033195,482,12950,9100,3850,0.7027027027027027,168,91,77,164.33367229558488,0.4139028411590652,0.8764926666668946,0.1154150765205394,4457099.657435361,37140.310898751195,4494239.968334112,3554,1,2084.383817427386,95,387,66,33.075951023331434,0.5872017634854771,37.391493055555586,33944.82310794504,357.31392745205306,0
3556,128.78599975390168,1,0,482,0.002074688796680498,0.0,1.0,482,13650,10000,3650,0.7326007326007326,173,100,73,163.96418254193014,0.4141101482906462,0.8747507807225674,0.11565527238360415,4445535.753567534,35731.72715892647,4481267.48072646,3555,0,2084.609958506224,99,383,70,32.941841103710786,0.5886497233748271,37.25000000000003,33838.52143533803,341.80324682159625,0
3557,128.4312962778327,0,0,482,0.0,0.0,1.0,482,13500,10000,3500,0.7407407407407407,170,100,70,163.26863330843275,0.4140416749337911,0.8735365891822391,0.1154250610016209,4435776.6557166055,34944.638448061116,4470721.294164667,3556,1,2085.609958506224,102,380,72,32.885290005643675,0.5898167358229599,37.176375404530766,33754.778799234875,330.9292039140674,0
3558,128.14132717976852,0,0,482,0.0,0.0,1.0,482,13750,10100,3650,0.7345454545454545,174,101,73,161.82099933570055,0.41390203241862994,0.8725903794303773,0.11475008845021704,4429094.393017957,33194.0961660634,4462288.48918402,3557,2,2086.609958506224,105,377,75,32.822797919392016,0.591070193637621,37.077437106918254,33691.24615462585,320.86901099643666,0
3559,127.63752207952133,0,1,481,0.0,0.002074688796680498,0.9979253112033195,482,11900,8600,3300,0.7226890756302521,152,86,66,162.4832872305517,0.4137284228051863,0.8718693733803178,0.11576831895726468,4416852.856016568,35232.954251845615,4452085.810268413,3558,3,2087.609958506224,111,371,72,32.64880741945369,0.5922372060857538,36.92336309523811,33578.45005153796,302.5085590228645,0
3560,127.70694517375843,0,0,481,0.0,0.0,1.0,481,14100,11000,3100,0.7801418439716312,172,110,62,164.18240396201583,0.41361439564564567,0.8722731832053587,0.11754877658389282,4424533.451345412,34986.10769045141,4459519.559035864,3559,4,2092.814968814969,114,367,76,32.444470252228086,0.5936200623700624,36.76630434782612,33616.77113853849,294.8839573556008,0
3561,127.23125308877896,1,0,482,0.002074688796680498,0.0,1.0,482,13800,10300,3500,0.7463768115942029,173,103,70,165.04008753620968,0.41382843703901795,0.8719438837742104,0.11868881952918205,4412844.577193619,35459.251060746145,4448303.828254364,3560,0,2089.4709543568465,119,363,56,32.276491930610995,0.5950250691562933,36.623263888888914,33509.7521698497,281.5945560491571,0
3562,127.41621277504967,0,0,482,0.0,0.0,1.0,482,12200,9100,3100,0.7459016393442623,153,91,62,164.67229325184525,0.41371332631706076,0.8733091409008571,0.11888229422491638,4423419.200049283,37082.91673727156,4460502.116786554,3561,1,2090.4709543568465,126,356,65,32.160218099566286,0.5963865836791148,36.499343832021,33574.25567266442,266.4623466084478,0
3563,127.66232945232767,0,0,482,0.0,0.0,1.0,482,13000,9500,3500,0.7307692307692307,165,95,70,166.48584966085318,0.413508535266834,0.8764281933964151,0.12046920090751354,4434449.914749352,38254.632367109196,4472704.547116461,3562,2,2091.4709543568465,94,388,66,32.03729511606622,0.597661652835408,36.42543859649123,33648.54249314759,357.9632180122084,0
3564,127.61373479979167,0,0,482,0.0,0.0,1.0,482,14050,9900,4150,0.7046263345195729,182,99,83,162.57686472262276,0.413230328557092,0.8730223777178809,0.11823563873449067,4438183.701621276,33859.19825452779,4472042.899875804,3563,3,2092.4709543568465,101,381,68,31.976565020974512,0.5990015560165975,36.264297385620935,33656.298010668375,333.2306733729542,0
3565,127.68215730883311,0,0,482,0.0,0.0,1.0,482,13550,9500,4050,0.7011070110701108,176,95,81,161.4119805838828,0.41325333272947384,0.871587210660455,0.11762417033998546,4442715.387553057,33471.497975087965,4476186.885528144,3564,4,2093.4709543568465,104,378,70,31.94235518283128,0.6000821230982019,36.20039682539685,33682.50243054779,323.87021567834415,0
3566,127.5628740632283,0,1,481,0.0,0.002074688796680498,0.9979253112033195,482,13200,9500,3700,0.7196969696969697,169,95,74,163.57916571923232,0.41304953013977913,0.8732518671441003,0.11972034955621329,4443193.507650019,35762.777422100524,4478956.285072119,3565,5,2094.4709543568465,107,375,73,31.74542450819172,0.6013355809128631,36.06288580246915,33668.576858991706,314.6595968130066,0
3567,127.47880876435786,0,1,480,0.0,0.002079002079002079,0.997920997920998,481,13050,9500,3550,0.7279693486590039,166,95,71,160.37754955112126,0.41257327038577035,0.8694920007995377,0.11767264897740269,4442947.372831024,33259.80248784707,4476207.175318872,3566,6,2099.804573804574,113,368,76,31.748950185736373,0.6026074151074151,35.983187134502934,33656.548797856114,297.84556458279746,0
3568,127.56361937639574,0,0,480,0.0,0.0,1.0,480,12800,8500,4300,0.6640625,171,85,86,160.34470430395777,0.41227555599048943,0.8699838534522162,0.11807200953291483,4449730.718665418,33898.151263329586,4483628.869928747,3567,7,2097.7520833333333,114,366,74,31.63437357110196,0.6036241319444444,35.86956521739131,33693.43424833074,295.55644077483106,0
3569,127.55313234007333,0,0,480,0.0,0.0,1.0,480,12950,9500,3450,0.7335907335907336,164,95,69,160.69818995307838,0.41230446097193224,0.8706431479921362,0.11859534411483769,4451725.714016697,34126.85288201243,4485852.56689871,3568,8,2098.7520833333333,116,364,77,31.553847233923086,0.6047743055555556,35.799501424501436,33699.6011591141,290.5138030958112,0
3570,127.87426729337076,0,0,480,0.0,0.0,1.0,480,12300,8800,3500,0.7154471544715447,158,88,70,161.79062037713115,0.41193648877870565,0.8718816714290405,0.11976754239296192,4466190.247422805,36217.53817056607,4502407.785593371,3569,9,2099.7520833333333,119,361,75,31.427049463001307,0.6058810763888889,35.70312500000001,33796.769238552704,284.0064641895185,0
3571,127.51225109211353,0,0,480,0.0,0.0,1.0,480,13800,9900,3900,0.717391304347826,177,99,78,161.25604859973623,0.4116743504987242,0.8726943198804178,0.11975294570132705,4456921.918167928,33941.12348826417,4490863.041656192,3570,10,2100.7520833333333,122,358,55,31.339419175742048,0.6071180555555555,35.60298102981031,33713.85907093331,276.3431071387976,0
3572,127.32990335425292,0,0,480,0.0,0.0,1.0,480,13850,10000,3850,0.7220216606498195,177,100,77,163.12265953440513,0.4114509938239388,0.8729827021236369,0.12147318086116794,4453454.640597137,35441.87301800978,4488896.513615146,3571,11,2101.7520833333333,124,356,56,31.20234419308086,0.6083116319444444,35.51666666666668,33676.6372721442,271.58578445277584,0
3573,127.291377895236,0,0,480,0.0,0.0,1.0,480,13100,9300,3800,0.7099236641221374,169,93,76,161.13487313695546,0.41141810194850387,0.8720460465629913,0.12049657359588531,4456516.580977839,34520.04678171888,4491036.627759558,3572,12,2102.7520833333333,100,380,60,31.121867326655465,0.6096788194444445,35.385726072607234,33683.1155389649,336.831155389649,0
3574,127.0050926557667,0,1,479,0.0,0.0020833333333333333,0.9979166666666667,480,14700,10200,4500,0.6938775510204082,192,102,90,159.09436906410252,0.41141728644745995,0.8710693944844132,0.11953576918870287,4451456.499232734,30940.33263234476,4482396.831865079,3573,13,2103.7520833333333,104,376,63,31.025882419064715,0.6111762152777778,35.23809523809521,33626.11024600266,323.32798313464093,0
3575,127.14165145811684,0,0,479,0.0,0.0,1.0,479,13450,9700,3750,0.7211895910780669,172,97,75,160.57493058484854,0.41102508276482563,0.8712754248209966,0.12083252316307971,4457840.245146134,33913.47758453571,4491753.722730669,3574,14,2108.945720250522,105,374,65,30.938470268799232,0.612169450243563,35.19064465408803,33668.298760238285,320.6504643832218,0
3576,127.08440262646323,0,0,479,0.0,0.0,1.0,479,11600,8200,3400,0.7068965517241379,150,82,68,161.18912635487294,0.4105375564504154,0.8727687634904213,0.12167950935727437,4459140.709154326,36352.999040405295,4495493.708194731,3575,15,2109.945720250522,105,374,69,30.822351337314945,0.6133002783576896,35.09237421383645,33665.6273742289,320.6250226117038,0
3577,127.24235812728753,0,0,479,0.0,0.0,1.0,479,14200,9700,4500,0.6830985915492958,187,97,90,158.25393308461068,0.41024311166627364,0.8697420531561246,0.11986410338417972,4468173.638304161,31421.21039331995,4499594.848697481,3576,16,2110.945720250522,111,368,72,30.794933436279,0.6145398399443285,34.988839285714256,33720.645019334836,303.7895947687823,0
3578,127.36698257158422,0,0,479,0.0,0.0,1.0,479,12500,9000,3500,0.72,160,90,70,155.87833520611775,0.40992646523586157,0.8676793907813822,0.11835206932316222,4475083.325573807,31213.707739818532,4506297.0333136255,3577,17,2111.945720250522,115,364,74,30.781673441734384,0.6156054279749479,34.91379310344825,33763.2302937601,293.5933069022617,0
3579,127.19205147351286,0,0,479,0.0,0.0,1.0,479,12350,8100,4250,0.6558704453441295,166,81,85,156.2387813790743,0.40976886994348405,0.8688743149425138,0.11898184120406342,4472051.844876839,31591.58610151885,4503643.430978358,3578,18,2112.945720250522,118,361,75,30.67831088664423,0.6167580027835768,34.821428571428555,33728.60650681522,285.8356483628408,0
3580,127.71326680066824,0,0,479,0.0,0.0,1.0,479,15100,11000,4100,0.7284768211920529,192,110,82,155.0649658696238,0.40961982774434186,0.8681250343642912,0.1185023190013644,4494025.047614256,28473.168125106276,4522498.215739362,3579,19,2113.945720250522,122,357,72,30.60009310986965,0.6180845511482255,34.713753387533856,33880.57319216545,277.709616329225,0
3581,127.64293120032217,0,0,479,0.0,0.0,1.0,479,13350,9500,3850,0.7116104868913857,172,95,77,154.5995686888721,0.40943511732660154,0.8683130016064629,0.11858165750518371,4495365.581187846,29846.315990087736,4525211.897177934,3580,20,2114.945720250522,128,351,73,30.498042616200653,0.6192806193458594,34.601098191214454,33876.293764219605,264.65854503296566,0
3582,127.50207547106326,0,0,479,0.0,0.0,1.0,479,13750,10500,3250,0.7636363636363637,170,105,65,155.06081631481925,0.40901346802817357,0.8699161901304056,0.11936223081434805,4494110.795783998,29822.09772070046,4523932.893504699,3581,21,2115.945720250522,133,346,60,30.374609622798022,0.6205636743215031,34.49160447761193,33852.87148409624,254.5328683014755,0
3583,127.81511623446332,0,0,479,0.0,0.0,1.0,479,13800,9700,4100,0.7028985507246377,179,97,82,155.63315688022254,0.4087019170575612,0.8722271386316096,0.1201419182979675,4508070.100757759,30721.03624365391,4538791.137001413,3582,22,2116.945720250522,136,343,64,30.271881232525065,0.6215640222686152,34.40541362530413,33947.0029287258,249.6103156523956,0
3584,127.55667319375092,0,0,479,0.0,0.0,1.0,479,12450,8800,3650,0.7068273092369478,161,88,73,154.59485679540782,0.4083661626529002,0.8717557100900803,0.1196302298918715,4501455.878462289,30930.385380346896,4532386.263842637,3583,23,2117.945720250522,95,384,66,30.22450035397269,0.6225426235212248,34.331597222222264,33887.77763103126,356.7134487476975,0
3585,127.76845751051289,1,0,480,0.0020833333333333333,0.0,1.0,480,13750,10000,3750,0.7272727272727273,175,100,75,151.48678656989117,0.40842929062282535,0.8684412335292515,0.11788796834681281,4514737.984728107,27034.62990229927,4541772.614630407,3584,0,2114.53125,101,379,71,30.133422649917403,0.6237630208333333,34.16053921568631,33965.89784983875,336.2960183152352,0
3586,128.01666023331737,0,0,480,0.0,0.0,1.0,480,13400,9400,4000,0.7014925373134329,174,94,80,149.77331111971364,0.40825975701693346,0.8675631550869258,0.11708066755325423,4528141.233095632,26238.94113968921,4554380.174235322,3585,1,2115.53125,103,377,76,30.040835059310876,0.625,34.02443910256414,34049.303009773525,330.57575737644197,0
3587,128.39682709101922,0,0,480,0.0,0.0,1.0,480,12800,9100,3700,0.7109375,165,91,74,157.5917701127084,0.4080194560426815,0.8773614819759681,0.11135493944756568,4434025.755302525,30953.193500693997,4464978.948803219,3586,2,2116.53125,94,386,68,33.05136014686253,0.5920138888888888,37.19298245614038,33743.58718988571,358.9743318072948,8
3588,128.3638651663124,0,0,480,0.0,0.0,1.0,480,13000,9400,3600,0.7230769230769231,166,94,72,157.00935048887172,0.4077828701287404,0.8763074484944529,0.11131786534660541,4436587.232507338,30317.135952640696,4466904.368459978,3587,3,2117.53125,99,381,69,32.95529582673009,0.5933376736111111,37.08333333333336,33748.99954997659,340.8989853532988,0
3589,128.23165146101348,0,1,479,0.0,0.0020833333333333333,0.9979166666666667,480,12450,9000,3450,0.7228915662650602,159,90,69,159.04134786442447,0.40758388787404315,0.8776419970264415,0.11310331785370813,4435359.633893146,32631.11488756613,4467990.7487807125,3588,4,2118.53125,102,378,71,32.80118493738868,0.5943359375,36.98422330097089,33726.947406417836,330.65634712174347,0
3590,128.42655889133638,0,0,479,0.0,0.0,1.0,479,13550,9700,3850,0.7158671586715867,174,97,77,158.3259084622199,0.4074797346284536,0.8772989597004437,0.11304427246192256,4446461.858631552,31448.022642091586,4477909.881273644,3589,5,2117.8977035490607,104,375,71,32.68889412503927,0.5953810020876826,36.855158730158756,33794.78645429297,324.949869752817,0
3591,128.5642976812302,1,1,479,0.0020833333333333333,0.0020833333333333333,0.9979166666666667,480,12000,8800,3200,0.7333333333333333,152,88,64,160.5097677742889,0.4079946285664579,0.8789111998619403,0.11501073503318386,4455105.383196402,35017.586093369224,4490122.969289771,3590,0,2114.483333333333,106,374,74,32.515084559820494,0.5965277777777778,36.7406542056075,33845.752900076506,319.29955566109913,0
3592,128.26702903882546,0,0,479,0.0,0.0,1.0,479,12750,8800,3950,0.6901960784313725,167,88,79,161.15126042454315,0.40790465957961003,0.879391632907212,0.11590106308195303,4448852.472518323,34837.63667783576,4483690.109196159,3591,1,2115.695198329854,108,371,63,32.37640602322209,0.5977731384829506,36.62079510703366,33782.86812222913,312.80433446508454,0
3593,127.94162821740447,0,0,479,0.0,0.0,1.0,479,14150,9700,4450,0.6855123674911661,186,97,89,162.30061924302927,0.4079432394895223,0.8789260319560139,0.11708830388247166,4440904.705108411,34202.31672767622,4475107.021836087,3592,2,2116.695198329854,114,365,64,32.2454706408141,0.5991214335421016,36.521739130434796,33709.837695542396,295.7003306626526,0
3594,127.75894035227876,0,1,478,0.0,0.0020876826722338203,0.9979123173277662,479,13200,9200,4000,0.696969696969697,172,92,80,158.81965799512693,0.40777308752835256,0.8765242658969739,0.1151366699494897,4439816.262852959,32026.020085500528,4471842.28293846,3593,3,2117.695198329854,89,390,70,32.178710451605355,0.6005784620737649,36.36574074074071,33681.63360352056,378.44532138787145,0
3595,128.13105192195798,0,1,477,0.0,0.0020920502092050207,0.997907949790795,478,13400,10000,3400,0.746268656716418,168,100,68,160.23676411975129,0.4075500388878655,0.8774281619284039,0.11677686478655144,4458418.559424586,33880.512610725964,4492299.072035312,3594,4,2121.9435146443516,91,387,72,31.97083744652842,0.6020528242677825,36.197916666666636,33801.238436703665,371.44218062311717,0
3596,127.75734341776806,0,0,477,0.0,0.0,1.0,477,12950,9400,3550,0.7258687258687259,165,94,71,155.73636798045786,0.4072543587665674,0.8731271207503941,0.1140107750498442,4450252.558536814,30263.234012452056,4480515.792549266,3595,5,2127.1509433962265,97,380,76,31.943829198883122,0.6031621243885394,36.05442176870747,33720.98588169647,347.639029708211,0
3597,127.64362475767996,0,0,477,0.0,0.0,1.0,477,11350,7900,3450,0.6960352422907489,148,79,69,157.9911927035513,0.4069682642449013,0.8741463375897343,0.11586020798260377,4448125.035555607,33802.915932390686,4481927.951487998,3596,6,2128.1509433962265,99,378,76,31.829032512626245,0.6042321802935011,35.999999999999986,33697.91693602732,340.38299935381133,0
3598,127.72186737753304,0,0,477,0.0,0.0,1.0,477,12750,8800,3950,0.6901960784313725,167,88,79,161.79152899031138,0.40678236703486426,0.8756366025956968,0.11937273175321474,4457351.855946761,36082.35440428521,4493434.210351046,3597,7,2129.1509433962265,103,374,77,31.53287744373256,0.6054769392033543,35.80729166666666,33743.18605586113,327.6037481151566,0
3599,127.43949310146873,0,0,477,0.0,0.0,1.0,477,12800,8700,4100,0.6796875,169,87,82,158.43145278701562,0.4068480641732584,0.8722658301406054,0.10965471406749998,4378229.538733269,30529.853291306135,4408759.392024575,3598,8,2130.1509433962265,108,369,73,33.71978562834958,0.5836609014675053,37.87270642201833,33405.369421637624,309.3089761262743,8
3600,127.6953971989491,1,1,477,0.0020920502092050207,0.0020920502092050207,0.997907949790795,478,13150,9700,3450,0.7376425855513308,166,97,69,158.11229938468136,0.4068858568049379,0.8733647298026685,0.11011139055803078,4393845.134207768,30194.19146195604,4424039.3256697245,3599,0,2126.692468619247,110,368,63,33.52114187593906,0.5851202928870293,37.668918918918905,33498.471596278156,304.53155996616505,0
3601,127.95823418780049,0,0,477,0.0,0.0,1.0,477,12600,9100,3500,0.7222222222222222,161,91,70,163.63023686853646,0.4068150320925015,0.8770490548801451,0.1143466573540449,4406686.848288867,36213.4425581932,4442900.29084706,3600,1,2127.4381551362685,111,366,64,33.26142296879053,0.5863687980433263,37.555803571428555,33581.895947836056,302.53960313365815,0
3602,128.0867834512495,0,0,477,0.0,0.0,1.0,477,14500,10800,3700,0.7448275862068966,182,108,74,166.07561965182333,0.40694550881149105,0.8780140548426494,0.11470006577149129,4398091.463995095,36183.15303367555,4434274.617028771,3601,2,2128.4381551362685,100,377,70,33.59136198459866,0.5834861984626136,37.94348184818481,33565.97649249986,335.6597649249986,7
3603,127.81613421686733,1,0,478,0.0020920502092050207,0.0,1.0,478,13900,9400,4500,0.6762589928057554,184,94,90,165.88079297232562,0.40736610732466105,0.8779390404668095,0.11519285692950519,4394850.575338266,36304.25968639772,4431154.835024663,3602,0,2124.983263598326,106,372,70,33.41283983616092,0.5852074616457461,37.7628504672897,33518.13870132135,316.20885567284296,0
3604,127.93386593340195,0,0,478,0.0,0.0,1.0,478,13500,9900,3600,0.7333333333333333,171,99,72,166.63059714721103,0.40736528497788066,0.8789771167221179,0.1160817301489588,4402413.318655989,37615.35203529507,4440028.670691284,3603,1,2125.983263598326,111,367,61,33.28669154228855,0.5864496164574616,37.6581101190476,33562.41216874477,302.3640735922952,0
3605,128.13786526303852,0,1,477,0.0,0.0020920502092050207,0.997907949790795,478,12800,9100,3700,0.7109375,165,91,74,167.54850088183417,0.4074567482142282,0.879723716543801,0.11728395061728408,4414749.889140633,39536.945138751384,4454286.834279384,3604,2,2126.983263598326,106,372,66,33.10185185185186,0.5878661087866108,37.50000000000001,33636.18963154768,317.322543693846,0
3606,127.74035193438995,0,0,477,0.0,0.0,1.0,477,14100,10700,3400,0.7588652482269503,175,107,68,166.17745444298407,0.4071804036079841,0.8787279291662857,0.1167404421663025,4404979.794694699,36901.66583102957,4441881.460525729,3605,3,2132.146750524109,88,389,69,33.018855661526594,0.5892732354996506,37.38295880149815,33546.793266665045,381.21355984846645,0
3607,127.5730187870885,1,0,478,0.0020920502092050207,0.0,1.0,478,13200,9200,4000,0.696969696969697,172,92,80,161.91816827969916,0.40738008721992697,0.8752410982661178,0.11418137575980508,4403371.100394773,33797.156566337966,4437168.256961111,3606,0,2128.6841004184103,94,384,71,33.004514091756434,0.5905901324965133,37.25877192982458,33518.691624739455,356.5818257951006,0
3608,128.03607621071444,0,0,478,0.0,0.0,1.0,478,12300,9400,2900,0.7642276422764228,152,94,58,160.5260868216373,0.4073635489124556,0.8751007080346924,0.11368212526827941,4424016.184555761,34134.001228466615,4458150.185784227,3607,1,2129.6841004184103,95,383,74,32.90031954706187,0.5917887029288703,37.12022569444447,33658.09481724183,354.29573491833503,0
3609,128.1937503306948,0,0,478,0.0,0.0,1.0,478,12700,8600,4100,0.6771653543307087,168,86,82,157.86058376460363,0.4073841989538287,0.8724032626963942,0.1121771406740793,4433206.089076729,31665.700234090626,4464871.7893108195,3608,2,2130.6841004184103,103,375,75,32.85762685506088,0.5930526499302651,37.009214743589766,33713.77506443392,327.3182045090672,0
3610,127.83321232678131,1,1,478,0.0020876826722338203,0.0020876826722338203,0.9979123173277662,479,12500,8900,3600,0.712,161,89,72,145.92141760894714,0.40749647685350987,0.8660171124653984,0.10558653519439873,4440362.811404564,21288.807227641242,4461651.618632206,3609,0,2127.23382045929,96,383,67,32.58000937092571,0.5971859777313848,36.42611683848798,33693.49616997988,350.9739184372904,8
3611,127.65244539930399,0,1,477,0.0,0.0020920502092050207,0.997907949790795,478,12600,8700,3900,0.6904761904761905,165,87,78,147.53997453029996,0.4069568527436413,0.866027729160932,0.10714283690825392,4437956.907552643,22755.209821376942,4460712.11737402,3610,4,2132.6841004184103,98,380,69,32.42056049904897,0.5981738145048814,36.311026936026934,33660.54223644732,343.4749207800747,0
3612,127.368434330632,0,0,477,0.0,0.0,1.0,477,14700,10700,4000,0.7278911564625851,187,107,80,147.16163215982922,0.406601241125381,0.8655791754613349,0.10723080734331585,4431711.126170177,20335.56851761559,4452046.694687793,3611,5,2138.132075471698,101,376,71,32.32094350457464,0.5994933612858141,36.20302287581699,33599.4079574607,332.6674055194129,0
3613,127.34630211036344,0,0,477,0.0,0.0,1.0,477,12300,9400,2900,0.7642276422764228,152,94,58,142.83910122979438,0.40659041394335516,0.860573889675265,0.10455586416818019,4435800.518662899,19021.15186409362,4454821.6705269925,3612,6,2139.132075471698,111,366,73,32.28828975651012,0.600672606568833,36.05840773809525,33611.98574767503,302.81068241148677,0
3614,127.46975078338735,0,0,477,0.0,0.0,1.0,477,12550,8800,3750,0.701195219123506,163,88,75,141.2912038502703,0.40639497413221054,0.8591355108518348,0.10372996920872679,4443262.6331240125,17608.78529140302,4460871.418415415,3613,7,2140.132075471698,115,362,76,32.23384943713227,0.6017426624737945,35.96443965517242,33656.54707510731,292.66562674006354,0
3615,127.4359643271406,0,0,477,0.0,0.0,1.0,477,13700,9300,4400,0.6788321167883211,181,93,88,143.80173003470406,0.4063239551585833,0.8604144459971064,0.1060703308743624,4447081.90669316,18799.614357701586,4465881.521050861,3614,8,2141.132075471698,119,358,76,32.016960198024194,0.6030747728860937,35.81597222222223,33666.546339689296,282.9121541150361,0
3616,127.73062504509323,0,0,477,0.0,0.0,1.0,477,12600,9000,3600,0.7142857142857143,162,90,72,141.82845112172217,0.4060347409404013,0.8588541822607241,0.10508424763209356,4462122.8549739355,18571.194647158485,4480694.049621094,3615,9,2142.132075471698,124,353,75,31.92611946572505,0.6042103424178895,35.67500000000001,33762.397465044436,272.2773989116487,0
3617,127.67167045358445,0,0,477,0.0,0.0,1.0,477,12750,9300,3450,0.7294117647058823,162,93,69,140.63631021642647,0.4060552942350945,0.8582806471283757,0.10448248802908253,4462922.907255718,17379.802091363206,4480302.70934708,3616,10,2143.132075471698,125,352,64,31.871717005909375,0.605367749825297,35.59027777777779,33757.630920279626,270.061047362237,0
3618,127.62085907389873,0,1,476,0.0,0.0020964360587002098,0.9979035639412998,477,11850,8400,3450,0.7088607594936709,153,84,69,141.42968264403123,0.4058727002331331,0.8599706442654835,0.10531028246644543,4463543.658630522,19005.512621578495,4482549.171252101,3617,11,2144.132075471698,131,346,66,31.77871226813864,0.6063504542278126,35.51925505050505,33753.25987895926,257.65847235846763,0
3619,127.26361152212074,0,0,476,0.0,0.0,1.0,476,14100,11000,3100,0.7801418439716312,172,110,62,141.2003449706606,0.4050352904319623,0.860012479648421,0.1053264764074435,4452920.400640301,16450.779339460612,4469371.179979762,3618,12,2149.6050420168067,132,344,67,31.728396889309966,0.6073398109243697,35.46365914786968,33665.850115688874,255.04431905824904,0
3620,126.94483640109219,0,0,476,0.0,0.0,1.0,476,14450,9900,4550,0.6851211072664359,190,99,91,148.07147302138304,0.4046704076367389,0.8630705251696362,0.10552056900869032,4393093.57650371,20448.36739873776,4413541.943902448,3619,13,2150.6050420168067,108,368,81,33.02154092048387,0.5930278361344538,36.91704892966364,33397.02218354087,309.23168688463767,8
3621,126.54311482436414,0,0,476,0.0,0.0,1.0,476,12650,9100,3550,0.7193675889328063,162,91,71,148.0911339309066,0.4046758440218192,0.8629159383831284,0.10601911993741536,4384121.4099360285,21999.902177639713,4406121.312113668,3620,14,2151.6050420168067,113,363,77,32.870788206979555,0.5943627450980392,36.76900584795324,33310.069918314286,294.77937980809105,0
3622,126.62976080317765,0,0,476,0.0,0.0,1.0,476,11250,7400,3850,0.6577777777777778,151,74,77,148.8208895022076,0.4047250479139024,0.8635296017216785,0.10684558467793442,4390184.942103539,24220.245632610444,4414405.187736149,3621,15,2152.6050420168067,118,358,81,32.75837710258625,0.5953256302521008,36.67717086834736,33344.50686695754,282.5805666691317,0
3623,126.78978951752728,0,0,476,0.0,0.0,1.0,476,12750,8800,3950,0.6901960784313725,167,88,79,150.4135424117468,0.404734077841663,0.8659151375031808,0.10826165977822337,4398441.007276544,24367.018598713308,4422808.025875257,3622,16,2153.6050420168067,120,356,64,32.634122626401314,0.5965511204481793,36.59607438016532,33396.92828742971,278.30773572858095,0
3624,127.14961603969883,0,1,475,0.0,0.0021008403361344537,0.9978991596638656,476,12700,9200,3500,0.7244094488188977,162,92,70,151.2325001480781,0.4046464506855374,0.8669119020328027,0.10917966965746528,4414163.948365593,25613.009994969725,4439776.958360563,3623,17,2154.6050420168067,126,350,66,32.51435752972672,0.5977984943977591,36.49934383202102,33504.007257967576,265.9048195076792,0
3625,127.22453536113355,0,1,474,0.0,0.002105263157894737,0.9978947368421053,475,14250,10500,3750,0.7368421052631579,180,105,75,148.25518689437087,0.40423347398030945,0.8639476283660263,0.1074818254113333,4421283.702142964,21845.64831484871,4443129.350457813,3624,18,2159.7915789473686,99,376,68,32.45605153634409,0.5989035087719299,36.36458333333334,33540.893390155645,338.7969029308651,0
3626,126.8794642257209,0,0,474,0.0,0.0,1.0,474,13600,9900,3700,0.7279411764705882,173,99,74,146.69297747592125,0.4038692414281169,0.8609779851939878,0.10693145989692222,4415117.646519459,21133.350694885172,4436250.997214344,3625,19,2165.2763713080167,104,370,74,32.32057573706383,0.6001230661040788,36.19047619047621,33472.01103859518,321.8462599864921,0
3627,127.06513693325398,0,0,474,0.0,0.0,1.0,474,12200,8600,3600,0.7049180327868853,158,86,72,145.27602194994077,0.4038844806617841,0.8594590364294528,0.10639579179802104,4426568.2856434025,21614.84628560948,4448183.131929012,3626,20,2166.2763713080167,109,365,77,32.206985003946336,0.601221870604782,36.041666666666686,33539.90176967377,307.7055208226952,0
3628,127.20872369815045,0,0,474,0.0,0.0,1.0,474,13500,10000,3500,0.7407407407407407,170,100,70,146.56964406203136,0.4038764893563245,0.8605372669907569,0.10779189440925674,4436006.095724849,21736.7669014793,4457742.862626328,3627,21,2167.2763713080167,111,363,77,32.038834595292606,0.6026283403656821,35.90959821428573,33594.602952092675,302.65408064948355,0
3629,127.70485984047271,0,0,474,0.0,0.0,1.0,474,12000,8600,3400,0.7166666666666667,154,86,68,146.10486009734674,0.40381804131988114,0.8602755617190674,0.09954690163630481,4369858.65062729,20891.517359014593,4390750.1679863045,3628,22,2168.2763713080167,106,368,66,34.57347176739103,0.5793117088607596,38.39563862928346,33408.14830250336,315.1712104009751,8
3630,127.22586967526294,0,0,474,0.0,0.0,1.0,474,13450,9300,4150,0.6914498141263941,176,93,83,173.88211441298685,0.4038662679191087,0.8872978206268463,0.11744699836621512,4343753.333198366,42810.20281299805,4386563.536011363,3629,23,2169.2763713080167,106,368,51,34.14394108735064,0.57401547116737,38.68769470404984,33245.685298125034,313.6385405483494,8
3631,127.20319720230087,1,0,475,0.002105263157894737,0.0,1.0,475,12150,8500,3650,0.6995884773662552,158,85,73,172.5369438580333,0.40446831741801764,0.8873977773118038,0.11704533218477425,4347834.54152679,42882.41683908555,4390716.958365875,3630,0,2165.7073684210527,112,363,56,34.03054448871183,0.5754824561403509,38.54166666666667,33258.33593518501,296.9494279927233,0
3632,127.09206396426903,0,0,475,0.0,0.0,1.0,475,14200,10100,4100,0.7112676056338029,183,101,82,177.65556700670382,0.40451347249981495,0.8834495439867107,0.11876775608885506,4327636.681365984,44565.74968541539,4372202.431051399,3631,1,2166.7073684210527,96,379,69,34.399476016076136,0.5723026315789475,39.03565292096218,33166.49749136253,345.48434886835963,8
3633,126.7663977625661,0,0,475,0.0,0.0,1.0,475,13850,10500,3350,0.7581227436823105,172,105,67,176.7394960651597,0.4047101932045303,0.8830570521870489,0.11888311079353955,4323432.330331304,43974.250266914154,4367406.580598218,3632,2,2167.7073684210527,101,374,68,34.21166679700737,0.5739254385964913,38.827614379084956,33107.88252021907,327.800817031872,0
3634,126.80631080578358,2,0,477,0.0041928721174004195,0.0,1.0,477,12750,8500,4250,0.6666666666666666,170,85,85,159.73344141788297,0.4056658827052834,0.8762097471410102,0.10128568832009584,4257522.349507216,27863.739360066444,4285386.0888672825,3633,0,2159.6142557651992,111,366,72,36.72759194123416,0.5564727463312369,40.86681547619045,32859.72313681831,296.0335417731379,8
3635,126.49987715276413,0,0,477,0.0,0.0,1.0,477,13000,8500,4500,0.6538461538461539,175,85,90,167.40327424602313,0.40567946256070564,0.8806437281904391,0.10648228887607886,4250857.260557934,33921.48475397598,4284778.745311909,3634,1,2160.6142557651992,118,359,52,36.41647814244551,0.5576519916142557,40.75630252100841,32794.29588372085,277.9177617264479,0
3636,126.81052901127642,2,0,479,0.0041753653444676405,0.0,1.0,479,12250,8600,3650,0.7020408163265306,159,86,73,167.14240180728257,0.4064267942569801,0.8828184714605818,0.10674956509662807,4265998.91181915,34555.86084574146,4300554.772664892,3635,0,2152.58872651357,88,391,56,36.277844207803156,0.5590857689631177,40.61329588014981,32892.96516792962,373.78369509010935,0
3637,127.14940985980928,1,0,480,0.0020833333333333333,0.0,1.0,480,13900,10800,3100,0.7769784172661871,170,108,62,167.5718576856023,0.4066603782475064,0.8835192473501909,0.10744820603043398,4281976.722260774,33607.75878314948,4315584.481043924,3636,0,2149.102083333333,89,391,60,36.125620642495065,0.5605251736111111,40.47453703703705,32998.509459334695,370.7697692060078,0
3638,126.6981158450118,1,0,481,0.002079002079002079,0.0,1.0,481,14300,10500,3800,0.7342657342657343,181,105,76,164.770627596162,0.40711047586047583,0.8817264871640698,0.10625978371550009,4273371.0565981325,30325.206189390767,4303696.262787524,3637,0,2145.6320166320165,94,387,66,35.99460322821241,0.5622184684684685,40.27412280701757,32906.779276544075,350.07211996323485,0
3639,126.40272793944413,0,0,481,0.0,0.0,1.0,481,14900,11700,3200,0.785234899328859,181,117,64,164.73273544448375,0.40731909794409793,0.8796292571826363,0.10669384807395405,4268331.424498214,29526.78226824889,4297858.206766463,3638,1,2146.6320166320165,103,378,68,35.84319355584673,0.5638426888426888,40.12419871794873,32849.01020750033,318.9224291990323,0
3640,126.30475285916197,1,0,482,0.002074688796680498,0.0,1.0,482,13550,9600,3950,0.7084870848708487,175,96,79,168.63459108195187,0.4076896478348761,0.883013136925421,0.10972956303020777,4270315.5801828485,34074.584331004946,4304390.164513853,3639,0,2143.1763485477177,106,376,68,35.5778830194801,0.5651365836791148,39.9630062305296,32843.90823229247,309.8481908706837,0
3641,126.0109261771748,0,0,482,0.0,0.0,1.0,482,12250,9500,2750,0.7755102040816326,150,95,55,166.46017782380022,0.40786568366962556,0.8819104054668463,0.10861427754916399,4263513.970633623,33291.05874118629,4296805.02937481,3640,1,2144.1763485477177,109,373,67,35.53725276058729,0.5661090940525588,39.86742424242425,32779.5468000663,300.7297871565716,0
3642,125.67000414388302,1,0,483,0.002070393374741201,0.0,1.0,483,14500,10000,4500,0.6896551724137931,190,100,90,164.85258791390524,0.4083577098528388,0.8805047635486207,0.1080065073236739,4256598.928459186,29242.26981361065,4285841.198272796,3641,0,2140.734989648033,123,360,62,35.43546057515414,0.5676975500345065,39.72614247311829,32708.616753947743,265.9237134467296,0
3643,126.18116816712526,0,0,483,0.0,0.0,1.0,483,13450,10200,3250,0.758364312267658,167,102,65,161.54681683529176,0.40838956756555533,0.8790318805945558,0.10623200203130771,4278085.460868044,28172.217670516296,4306257.67853856,3642,1,2141.734989648033,131,352,63,35.39242277309738,0.5688190131124914,39.59911616161619,32857.68771447957,250.82204362198146,0
3644,126.01927298205003,1,1,483,0.002066115702479339,0.002066115702479339,0.9979338842975206,484,13700,9700,4000,0.708029197080292,177,97,80,158.9358817759027,0.4087781043067604,0.8772506364028632,0.10516038590891537,4279526.529180367,25534.064499729404,4305060.593680096,3643,0,2138.3078512396696,95,389,65,35.24596136231157,0.5703340220385675,39.38802083333333,32842.13214499647,345.70665415785754,0
3645,125.77036619603736,0,0,483,0.0,0.0,1.0,483,12700,8400,4300,0.6614173228346457,170,84,86,161.3900649914675,0.4089053761500992,0.8789319055526597,0.10727126698552289,4276170.665834424,28726.292334723912,4304896.958169148,3644,1,2142.3706004140786,97,386,67,35.024040747836246,0.5716873706004141,39.23256802721087,32796.81541121775,338.11149908471907,0
3646,125.86828387230159,2,0,485,0.004123711340206186,0.0,1.0,485,14100,11000,3100,0.7801418439716312,172,110,62,156.3141753087863,0.4094421842606004,0.8748746774384017,0.10440291155747335,4284923.833475158,22858.867058126703,4307782.700533284,3645,0,2134.5319587628865,106,379,72,34.98862067678994,0.5734106529209622,39.06736760124611,32843.14264631334,309.8409683614466,0
3647,125.57019112318696,1,0,486,0.00205761316872428,0.0,1.0,486,13750,9600,4150,0.6981818181818182,179,96,83,155.89828995071053,0.40991454895139506,0.8746305563358223,0.10458756510052428,4279702.77601178,22489.668855509597,4302192.44486729,3646,0,2131.1378600823045,110,376,72,34.846803373950195,0.5746742112482853,38.917042042042056,32784.23692978795,298.0385175435268,0
3648,125.54338939237779,0,2,484,0.0,0.00411522633744856,0.9958847736625515,486,14250,10600,3650,0.743859649122807,179,106,73,155.59523710444088,0.4100693118662764,0.8746147012783088,0.10480395136269464,4283238.337939232,21840.296953297984,4305078.63489253,3647,1,2132.1378600823045,112,374,71,34.716904282975165,0.5761102537722909,38.78134218289087,32794.2756748878,292.80603281149826,0
3649,125.36372305135154,0,0,484,0.0,0.0,1.0,484,13700,9900,3800,0.7226277372262774,175,99,76,159.6651477264123,0.4097761387163561,0.8767083525940387,0.10792912636064567,4281043.725209328,26206.695761755982,4307250.420971084,3648,2,2141.2314049586776,121,363,63,34.48853240982752,0.5776730371900827,38.661202185792355,32762.404671753564,270.76367497316994,0
3650,125.67726562147197,0,1,483,0.0,0.002066115702479339,0.9979338842975206,484,11600,7900,3700,0.6810344827586207,153,79,74,162.5674548553238,0.40987024750611706,0.8803848181417848,0.11032112166817942,4296066.818208369,31280.1297049083,4327346.947913278,3649,3,2142.2314049586776,87,397,64,34.279175532316216,0.5788352272727273,38.52982954545454,32860.8560643074,377.71098924491264,0
3651,125.92624646474773,1,0,484,0.002066115702479339,0.0,1.0,484,12750,9400,3350,0.7372549019607844,161,94,67,160.6066586195665,0.40973558994804055,0.879025584716802,0.10932447888339904,4307957.72288381,28827.339069344474,4336785.061953154,3650,0,2143.223140495868,90,394,65,34.22616442752325,0.5798898071625345,38.427197802197796,32938.88115803507,365.98756842261184,0
3652,126.28427620466375,0,0,484,0.0,0.0,1.0,484,13300,9500,3800,0.7142857142857143,171,95,76,158.48067154875588,0.4097816640430277,0.8767672568254605,0.10829512555831543,4324478.9830247555,26969.266665647032,4351448.249690402,3651,1,2144.223140495868,93,391,71,34.150399446702764,0.5812887396694215,38.2978723404255,33048.86377270951,355.3641265882743,0
3653,126.12235747829133,1,0,485,0.002061855670103093,0.0,1.0,485,13600,9500,4100,0.6985294117647058,177,95,82,157.5606257563604,0.4098584249240294,0.8744856638776646,0.10815835636983429,4323953.969439396,25656.978633311912,4349610.948072707,3652,0,2140.8,99,386,74,34.02004269764234,0.582689003436426,38.14583333333329,33025.66481551292,333.5925738940699,0
3654,126.08783587885749,0,1,484,0.0,0.002061855670103093,0.9979381443298969,485,14200,10800,3400,0.7605633802816901,176,108,68,155.79228640618757,0.4097583141631876,0.8729117330879128,0.10737906813828553,4327223.117760723,23629.59666112841,4350852.714421852,3653,1,2141.8,105,380,77,33.92941985496373,0.5839991408934708,38.01100628930813,33033.6252410601,314.60595467676285,0
3655,126.02471401254643,0,0,484,0.0,0.0,1.0,484,14350,10500,3850,0.7317073170731707,182,105,77,155.64158130718891,0.40979503176884596,0.8727013509804535,0.10772599036251787,4329646.845003905,23624.61629161496,4353271.46129552,3654,2,2144.4256198347107,111,373,73,33.79222253760995,0.5855070592286502,37.87202380952376,33034.603234091664,297.60903814496993,0
3656,125.8812290025381,0,1,483,0.0,0.002066115702479339,0.9979338842975206,484,13400,9800,3600,0.7313432835820896,170,98,72,151.14439243561134,0.409941720280159,0.8684824367078343,0.10508151082758406,4329586.646896329,20678.54864849303,4350265.195544822,3655,3,2145.4256198347107,115,369,73,33.76034997317994,0.5867553374655647,37.72449712643673,33015.5626389821,287.09184903462693,0
3657,125.84975764385891,0,0,483,0.0,0.0,1.0,483,14500,10500,4000,0.7241379310344828,185,105,80,155.6043194885369,0.4100413362771292,0.871284830227139,0.10861202704613025,4332815.261192715,23740.95403748501,4356556.2152301995,3656,4,2150.2567287784677,121,362,63,33.51076882612606,0.5882936507936508,37.59392076502728,33023.74147599588,272.9234832726932,0
3658,126.31842206160101,0,0,483,0.0,0.0,1.0,483,13300,9400,3900,0.706766917293233,172,94,78,162.31858476409056,0.4100109103717258,0.8832227811192352,0.11660195312198454,4379994.714960545,32290.908681320187,4412285.623641865,3657,5,2151.2567287784677,108,375,54,32.38450791116268,0.5935343340234644,36.65902140672785,33264.81688006035,308.0075637042625,8
3659,126.19128312883736,0,0,483,0.0,0.0,1.0,483,14100,10400,3700,0.7375886524822695,178,104,74,162.34482717918976,0.41021154237147384,0.8837545160126592,0.11708004746263008,4379783.839034327,31507.05008604793,4411290.889120375,3658,6,2152.2567287784677,111,372,57,32.255483385107794,0.5949145962732919,36.53273809523811,33247.27184220354,299.52497155138326,0
3660,126.46317404620709,0,0,483,0.0,0.0,1.0,483,12350,8500,3850,0.6882591093117408,162,85,77,166.00771623840913,0.41005028507283603,0.8862598806532251,0.11986541400836354,4390502.871934095,36821.470981591774,4427324.342915687,3659,7,2153.2567287784677,115,368,57,32.1198541439477,0.5960144927536232,36.49425287356323,33323.77316102651,289.7719405306653,0
3661,126.41492051000644,0,0,483,0.0,0.0,1.0,483,12700,9000,3700,0.7086614173228346,164,90,74,164.7589290405374,0.41003936754207365,0.8856917423078807,0.11927969723099596,4391657.491979938,35412.95701829179,4427070.44899823,3660,8,2154.2567287784677,84,399,59,32.06642180792534,0.5972437888198758,36.409313725490165,33321.79565256989,396.6880434829749,0
3662,126.14325890712932,0,1,482,0.0,0.002070393374741201,0.9979296066252588,483,13050,9200,3850,0.7049808429118773,169,92,77,164.201802707536,0.40966584480926893,0.884330226244368,0.11960125552916029,4388674.067538877,34475.6386771383,4423149.706216015,3661,9,2155.2567287784677,89,394,64,31.88388508621821,0.5986456176673568,36.21527777777775,33274.66451102268,373.872634955311,0
3663,126.69221619841652,0,0,482,0.0,0.0,1.0,482,13450,8900,4550,0.6617100371747212,180,89,91,144.3260373921534,0.4093828807262417,0.8626580262049779,0.10026463117621677,4356643.984789556,15905.432530605569,4372549.417320161,3662,12,2160.7095435684646,120,362,79,33.96470034686889,0.5862508644536653,37.74965564738289,33225.07732483043,276.8756443735869,8
3664,126.80547170980927,1,1,482,0.002070393374741201,0.002070393374741201,0.9979296066252588,483,13700,10000,3700,0.7299270072992701,174,100,74,144.65704384987376,0.40945859070069784,0.8645385779103107,0.10083456079299621,4364240.923903628,15963.638140107905,4380204.562043736,3663,0,2157.2339544513457,127,356,58,33.84310023056958,0.5875819530710835,37.638346354166664,33268.89324912546,261.9597893631926,0
3665,126.82974148000758,0,0,482,0.0,0.0,1.0,482,13100,10100,3000,0.7709923664122137,161,101,60,144.31599588165324,0.409076278241216,0.8638320572446472,0.10094890356881232,4368898.716131171,16600.393824907787,4385499.109956079,3664,14,2162.7095435684646,132,350,60,33.735540437044286,0.5887577800829875,37.52349624060148,33289.82711638039,252.19565997257868,0
3666,127.08713472960989,0,0,482,0.0,0.0,1.0,482,13000,9000,4000,0.6923076923076923,170,90,80,143.7380169873685,0.4090637876944931,0.8629549381909978,0.10094904147052436,4382155.853623284,16576.478505880106,4398732.332129164,3665,15,2163.7095435684646,105,377,65,33.61722579800173,0.5899031811894883,37.391902515723274,33374.110666070825,317.84867301019835,0
3667,127.39822108698428,0,0,482,0.0,0.0,1.0,482,12800,9100,3700,0.7109375,165,91,74,147.35041405855216,0.4090654051753637,0.8649230870491698,0.10369357045143626,4395074.664343845,20323.214321862473,4415397.878665708,3666,16,2164.7095435684646,107,375,65,33.455882352941146,0.5908540802213001,37.32638888888887,33464.150782049626,312.74907272943574,0
3668,127.7730036159201,0,0,482,0.0,0.0,1.0,482,12950,9300,3650,0.7181467181467182,166,93,73,145.41754916196854,0.40887472215273046,0.863964560406467,0.10270183175744235,4411942.112150396,18964.761798677187,4430906.873949073,3667,17,2165.7095435684646,110,372,69,33.38764299063195,0.5918482019363762,37.209084084084076,33577.58464955513,305.25076954141025,0
3669,127.54627252044094,0,0,482,0.0,0.0,1.0,482,14800,11100,3700,0.75,185,111,74,144.3477481532508,0.4088528861609775,0.8635421993002093,0.10236946214621065,4408632.871314877,16075.245481740452,4424708.116796617,3668,18,2166.7095435684646,114,368,72,33.27900173401777,0.5933393845089903,37.074275362318836,33535.196127272015,294.16838708133344,0
3670,127.96310313100794,0,0,482,0.0,0.0,1.0,482,12050,8600,3450,0.7136929460580913,155,86,69,142.94596352966133,0.40855841478248117,0.863131417571946,0.10196178860404768,4429335.110448983,18181.1150317781,4447516.22548076,3669,19,2167.7095435684646,118,364,74,33.12616441546342,0.5947008990318119,36.88725490196079,33668.72333606306,285.3281638649412,0
3671,128.44087244068737,0,0,482,0.0,0.0,1.0,482,13400,9200,4200,0.6865671641791045,176,92,84,139.79737040828374,0.40854026305271124,0.860124544380265,0.10008883355523325,4449948.837576392,14618.22918891611,4464567.066765308,3670,20,2168.7095435684646,124,358,73,33.08673388628598,0.595954356846473,36.76666666666668,33809.91898880379,272.66063700648215,0
3672,127.92547842719155,0,0,482,0.0,0.0,1.0,482,13100,9000,4100,0.6870229007633588,172,90,82,140.83501623568384,0.40863039268122253,0.8613077892890268,0.10127119117590687,4436810.3597122645,15471.651808945848,4452282.01152121,3671,21,2169.7095435684646,129,353,66,32.917382893709394,0.5971429806362378,36.62660256410257,33692.16787198214,261.1795959068383,0
3673,127.76104891950132,0,0,482,0.0,0.0,1.0,482,11950,8400,3550,0.702928870292887,155,84,71,140.53039846282334,0.4086407265867847,0.8619176741183083,0.10131079175937593,4433871.040776621,16268.732818623514,4450139.773595244,3672,22,2170.7095435684646,132,350,69,32.842135382603054,0.5983316044260027,36.54448621553886,33659.35278472912,254.99509685400847,0
3674,128.03038227302778,0,0,482,0.0,0.0,1.0,482,12950,9300,3650,0.7181467181467182,166,93,73,140.0893349356294,0.40860532172772834,0.861433386762597,0.10133048463525741,4446827.505205628,15240.621555544698,4462068.126761173,3673,23,2171.7095435684646,99,383,71,32.74527046610284,0.5995418395573997,36.43750000000001,33744.00762783498,340.848561897323,0
3675,128.1880090389451,0,0,482,0.0,0.0,1.0,482,12750,9700,3050,0.7607843137254902,158,97,61,137.38457520439505,0.4086329087625768,0.8573812280871067,0.09973763316786577,4456247.469350581,13293.933116477678,4469541.402467059,3674,24,2172.7095435684646,105,377,74,32.69820860663887,0.600600795297372,36.32075471698113,33800.51747772176,321.9096902640168,0
3676,127.8365485339519,0,0,482,0.0,0.0,1.0,482,13150,9400,3750,0.714828897338403,169,94,75,138.29707876021052,0.4087419988612935,0.8572545889959406,0.1008027216143888,4448330.764715731,13488.230023871893,4461818.994739603,3675,25,2173.7095435684646,109,373,77,32.54481058702463,0.601811030428769,36.19318181818181,33724.153116087386,309.3959001475907,0
3677,127.63818408267133,1,0,483,0.002070393374741201,0.0,1.0,483,14950,11100,3850,0.7424749163879598,188,111,77,134.73978143998715,0.4087478773456583,0.8540359768480639,0.09857709845776551,4445423.33682229,8245.073762330572,4453668.41058462,3676,0,2170.2070393374743,113,370,82,32.51843581221433,0.6030020703933747,36.07456140350877,33686.96371567867,298.11472314759885,0
3678,127.77387893772337,0,1,482,0.0,0.002070393374741201,0.9979296066252588,483,14550,10500,4050,0.7216494845360825,186,105,81,168.11907021853722,0.40841372931396386,0.8834658630612595,0.11780939906504403,4403387.19266544,36908.67212862792,4440295.864794068,3677,1,2171.2070393374743,88,395,62,33.05117174148876,0.5891563146997929,37.46488764044948,33545.1296635313,381.1946552674011,8
3679,127.84634375768478,0,0,482,0.0,0.0,1.0,482,13350,9100,4250,0.6816479400749064,176,91,85,165.59425468965833,0.4081286141711453,0.8814264728716283,0.11639770702367742,4409266.979457237,36279.85583819,4445546.835295427,3678,28,2176.7095435684646,91,391,64,33.01503132724039,0.5902705739972338,37.364130434782645,33577.03566353364,368.97841388498506,0
3680,127.98710987436749,1,0,483,0.002070393374741201,0.0,1.0,483,14250,10800,3450,0.7578947368421053,177,108,69,162.0125173421322,0.4085968216741264,0.8788045307865544,0.11441871029954917,4419302.561790158,32346.466586434144,4451649.028376592,3679,0,2173.20082815735,96,387,68,32.95252543827388,0.5918305728088337,37.210051546391796,33633.726006611876,350.3513125688737,0
3681,127.71529736632897,0,0,483,0.0,0.0,1.0,483,12850,8900,3950,0.6926070038910506,168,89,79,139.2362684662458,0.4082594520759774,0.8610108261936118,0.09527468113053356,4375005.692621403,12381.893431837056,4387387.58605324,3680,1,2174.20082815735,107,376,75,34.60783771832855,0.5829235679779158,38.2523148148148,33429.18344837402,312.42227521844876,8
3682,127.33744426842195,0,0,483,0.0,0.0,1.0,483,13700,9800,3900,0.7153284671532847,176,98,78,136.77375228902525,0.40816710050428257,0.8587460685350483,0.09406148837842164,4367647.243654253,9175.90043788205,4376823.144092135,3681,2,2175.20082815735,113,370,80,34.50248278909666,0.5841959972394755,38.08479532163742,33351.612778783245,295.14701574144465,0
3683,127.08627433484965,0,1,482,0.0,0.002070393374741201,0.9979296066252588,483,13750,9800,3950,0.7127272727272728,177,98,79,134.38890013061553,0.40795626687742875,0.8569008110204854,0.09283190798593356,4363930.563052324,6942.7657229958495,4370873.328775319,3682,3,2176.20082815735,118,365,78,34.41584830872691,0.5855546928916494,37.93767507002801,33304.52451887885,282.2417332108377,0
3684,127.41325007893104,1,0,483,0.002070393374741201,0.0,1.0,483,13750,9400,4350,0.6836363636363636,181,94,87,134.39308663552666,0.4076996154165557,0.8570138270405465,0.0932417151463533,4379991.47319926,7378.114704107215,4387369.587903367,3683,0,2177.192546583851,127,356,79,34.2690875232775,0.586978088336784,37.79296874999999,33408.65004511019,263.0602365756708,0
3685,127.14980614564942,0,0,483,0.0,0.0,1.0,483,13000,9000,4000,0.6923076923076923,170,90,80,137.94268304364817,0.4075335257682362,0.8607176039119033,0.09602832936238614,4374652.281359025,11090.25461473707,4385742.535973762,3684,1,2178.192546583851,131,352,56,34.063010789888,0.5882073844030367,37.68150252525254,33353.74610233241,254.60874887276645,0
3686,126.87923617549251,1,0,484,0.002066115702479339,0.0,1.0,484,14150,10400,3750,0.734982332155477,179,104,75,137.43219409128034,0.4076714348453479,0.8616399403779931,0.09618008420874527,4371131.088013222,9196.827217252085,4380327.915230474,3685,0,2174.690082644628,135,349,61,33.90016948245843,0.5898329889807162,37.50765931372548,33304.82768819155,246.7024273199374,0
3687,127.24022650650065,0,0,484,0.0,0.0,1.0,484,13500,10100,3400,0.7481481481481481,169,101,68,138.93658766760342,0.4076906843705263,0.8623826136258261,0.0975800056287915,4387469.088811368,11615.996739308783,4399085.085550676,3686,1,2175.690082644628,104,380,64,33.742271416518705,0.5910382231404958,37.390873015873034,33414.44480013493,321.29273846283587,0
3688,127.45444389446989,0,0,484,0.0,0.0,1.0,484,12800,9300,3500,0.7265625,163,93,70,136.25285022757842,0.40780297326740017,0.8600422977627784,0.09602565038419227,4398628.958255049,10265.146531163746,4408894.104786213,3687,2,2176.690082644628,107,377,69,33.69850367732541,0.5921143250688705,37.27816358024693,33485.06555981376,312.9445379421847,0
3689,127.0594337461626,0,1,483,0.0,0.002066115702479339,0.9979338842975206,484,13500,9500,4000,0.7037037037037037,175,95,80,137.8565157966976,0.4077732077979113,0.861087929700052,0.09773317641157396,4391441.119220506,10777.754404418372,4402218.873624925,3688,3,2177.690082644628,112,372,75,33.46072484601986,0.5935347796143251,37.08517699115045,33405.80853497707,298.26614763372385,0
3690,127.51916011793146,0,0,483,0.0,0.0,1.0,483,13150,8800,4350,0.6692015209125475,175,88,87,150.82188920978444,0.4077660154807006,0.8713928610149826,0.10209207200035694,4356197.3636329705,21651.983230761005,4377849.346863732,3689,4,2181.7474120082816,113,370,66,34.67250460276394,0.5743831953071084,38.61476608187134,33331.62549646873,294.9701371368914,7
3691,127.38054742038507,0,0,483,0.0,0.0,1.0,483,12100,8100,4000,0.6694214876033058,161,81,80,156.56978914633476,0.4075766589635433,0.876924437192877,0.10677084134954726,4359741.303893324,27820.75533662728,4387562.059229951,3690,5,2182.7474120082816,94,389,67,34.269833619714184,0.5768202208419599,38.36622807017541,33327.05309208089,354.54311800086055,8
3692,127.500171513475,0,0,483,0.0,0.0,1.0,483,11350,7500,3850,0.6607929515418502,152,75,77,142.39786504743986,0.4078220349418256,0.8663328935447219,0.09406086946666377,4327918.623709082,15307.274423045583,4343225.898132128,3691,6,2183.7474120082816,97,386,70,35.73490766804017,0.5658212560386473,39.445153061224495,33220.78767336111,342.4823471480527,8
3693,127.86831866338142,0,0,483,0.0,0.0,1.0,483,12600,9300,3300,0.7380952380952381,159,93,66,140.08080547883498,0.40773773728626694,0.8637967063237748,0.09297845430598303,4345921.421332782,12556.034649604264,4358477.455982386,3692,7,2184.7474120082816,102,381,74,35.62774760796486,0.5671368184955141,39.279935275080916,33337.836318183516,326.84153253121093,0
3694,127.44865508196396,1,1,483,0.002066115702479339,0.002066115702479339,0.9979338842975206,484,13500,9700,3800,0.7185185185185186,173,97,76,162.976536583712,0.40808975554528915,0.8807142305443065,0.10614732687061033,4310066.005355292,30187.926000002408,4340253.931355295,3693,0,2181.2314049586776,104,380,68,35.692033822875,0.5605199724517906,39.93055555555559,33145.50092235846,318.70673963806206,8
3695,127.24067069803493,0,0,483,0.0,0.0,1.0,483,14400,10700,3700,0.7430555555555556,181,107,74,158.88767976869335,0.40807260122161804,0.8770959207889357,0.1037662354383824,4306147.072795401,25838.74342784423,4331985.816223245,3694,1,2186.383022774327,106,377,70,35.70277029386819,0.5619392684610076,39.83644859813087,33103.38477155693,312.29608275053704,0
3696,127.37745642605203,0,0,483,0.0,0.0,1.0,483,13050,10000,3050,0.7662835249042146,161,100,61,160.7845538810149,0.4083562780455257,0.8783054516277882,0.10531881949305924,4314189.082030132,29080.99338251366,4343270.075412646,3695,2,2187.383022774327,110,373,59,35.548799908656044,0.5632332643202209,39.73348348348352,33152.08686674341,301.38260787948553,0
3697,127.48529471279456,0,0,483,0.0,0.0,1.0,483,12300,8400,3900,0.6829268292682927,162,84,78,178.22908194351544,0.40859843245735367,0.8912601186433211,0.1077282266627864,4223673.535888168,41656.29134609287,4265329.827234261,3696,3,2188.383022774327,85,398,60,37.999364765669085,0.5346790890269151,42.58720930232556,32816.34548493574,386.07465276394987,8
3698,127.70107076348616,2,0,485,0.004123711340206186,0.0,1.0,485,12800,9100,3700,0.7109375,165,91,74,173.61790848983154,0.40944271676464744,0.8879172937985749,0.10557193719341573,4238009.538760535,37358.87045591127,4275368.409216447,3697,0,2180.354639175258,91,394,67,37.89571796900178,0.5362972508591065,42.368659420289845,32899.79805426127,361.53624235451946,0
3699,127.28247622540974,2,0,487,0.004106776180698152,0.0,1.0,487,14050,10300,3750,0.7330960854092526,178,103,75,170.85211716264567,0.41000547851829316,0.88576941556114,0.10451577591582101,4231268.87299455,33134.24904710407,4264403.122041654,3698,0,2172.3963039014375,98,389,69,37.745263064827654,0.5378379534565366,42.1506734006734,32819.70078261666,334.89490594506793,0
3700,127.18674521331498,1,1,487,0.0020491803278688526,0.0020491803278688526,0.9979508196721312,488,14400,10500,3900,0.7291666666666666,183,105,78,168.55387836949296,0.4105980212295643,0.8850556009090322,0.10350043936242398,4232573.5139531,30683.336252157602,4263256.850205258,3699,0,2168.94262295082,101,387,63,37.66543292956483,0.5393186475409837,42.013888888888886,32812.4137824628,324.87538398478017,0
3701,127.71108520504778,3,0,490,0.006122448979591836,0.0,1.0,490,13200,9000,4200,0.6818181818181818,174,90,84,164.22213596862446,0.41147081020547277,0.8820864166403581,0.10122433163817725,4254539.774418197,28537.92186368456,4283077.696281881,3700,0,2161.055102040816,113,377,73,37.63787361204523,0.5409651360544218,41.87682748538011,32965.190478411794,291.72734936647606,0
3702,127.43223140176008,1,2,489,0.002036659877800407,0.004073319755600814,0.9959266802443992,491,15200,11200,4000,0.7368421052631579,192,112,80,167.61725235456672,0.41199516466464386,0.8866957524203571,0.10377202926670365,4250451.366848775,29089.79587558061,4279541.162724356,3701,0,2157.651731160896,119,372,62,37.389510654029706,0.5424940597420231,41.71875,32913.35601673583,276.582823670049,0
3703,127.27445088256906,0,0,489,0.0,0.0,1.0,489,13750,10200,3550,0.7418181818181818,173,102,71,168.65951642415502,0.4117268779264027,0.8882021287116337,0.10500941355114575,4251854.082952422,31873.130707365337,4283727.213659788,3702,1,2167.472392638037,82,407,67,37.15648669644591,0.543818166325835,41.51606425702812,32898.40098365207,401.20001199575694,0
3704,127.65727850159593,1,0,490,0.0020408163265306124,0.0,1.0,490,13150,9300,3850,0.7072243346007605,170,93,77,172.77775658975267,0.4119943171542646,0.8899900576324966,0.10835738623913918,4273195.171714904,36512.6150478125,4309707.786762716,3703,0,2164.04693877551,88,402,68,36.78651935284446,0.5453231292517007,41.257022471910105,33030.42434263549,375.34573116631236,0
3705,128.11291804344646,0,0,490,0.0,0.0,1.0,490,13900,9900,4000,0.7122302158273381,179,99,80,170.15535182514967,0.41218986060681945,0.887640662126526,0.10716292376483269,4293406.538681892,34209.22002356215,4327615.758705454,3704,1,2165.04693877551,94,396,64,36.70226095181622,0.5466624149659864,41.107456140350855,33167.47925355034,352.84552397393975,0
3706,127.96217476412842,1,0,491,0.002036659877800407,0.0,1.0,491,13700,9700,4000,0.708029197080292,177,97,80,173.27328498412822,0.41272687282652365,0.8896920284474106,0.10973398003113573,4294867.219082211,36937.15032420329,4331804.369406414,3705,0,2161.6354378818737,101,390,69,36.421626593088945,0.5483706720977597,40.91094771241828,33153.59858829564,328.25345136926376,0
3707,127.89643146998455,0,0,491,0.0,0.0,1.0,491,12250,8200,4050,0.6693877551020408,163,82,81,176.32187267817199,0.4128278398935949,0.89208658589582,0.11205816807870508,4296775.046206627,41073.08452479662,4337848.130731423,3706,1,2162.6354378818737,102,389,56,36.21631682988048,0.5492829260013578,40.7868122977346,33152.44169707864,325.0239382066533,0
3708,127.69736754425179,0,0,491,0.0,0.0,1.0,491,13450,9300,4150,0.6914498141263941,176,93,83,176.3427820726613,0.4128967676683708,0.8925228927423983,0.11239935587761676,4293492.444725269,39775.28050215905,4333267.725227429,3707,2,2163.6354378818737,105,386,59,36.11111111111107,0.550301255940258,40.683962264150914,33113.97538087338,315.371194103556,0
3709,127.67238029429276,2,0,493,0.004056795131845842,0.0,1.0,493,14050,9900,4150,0.7046263345195729,182,99,83,174.004163730356,0.4136221807197788,0.8911268202737193,0.1117037685966954,4300950.845171419,37026.671011884726,4337977.516183304,3708,0,2155.8539553752535,86,407,63,35.91686270891952,0.5520833333333333,40.43342911877396,33139.48194923354,385.34281336318065,0
3710,127.76032341993208,0,0,493,0.0,0.0,1.0,493,13750,10400,3350,0.7563636363636363,171,104,67,174.53216206852272,0.41382900581034204,0.892071689977034,0.10583626371389454,4236678.166669091,35537.32008345137,4272215.486752543,3709,1,2156.8539553752535,86,407,64,37.97412323523487,0.5323064570655849,42.46886973180075,32902.26049376563,382.584424346112,8
3711,127.63962010977296,1,0,494,0.0020242914979757085,0.0,1.0,494,14900,10700,4200,0.7181208053691275,191,107,84,169.96944134796954,0.41438523266349675,0.8897047903737301,0.10372281518356506,4240234.606145464,30442.061438173245,4270676.667583637,3710,0,2153.4858299595144,90,404,70,37.857861858661195,0.5340755735492577,42.239010989010964,32900.514716481724,365.56127462757473,0
3712,127.2632505006921,2,0,496,0.004032258064516129,0.0,1.0,496,12900,9100,3800,0.7054263565891473,167,91,76,169.92184986611187,0.41510705169979367,0.8895734479046229,0.10429952696637616,4234654.193308077,31812.054814038478,4266466.248122116,3711,0,2145.798387096774,97,399,72,37.64455431946165,0.5358702956989247,42.02806122448978,32830.347466536776,338.45719037666777,0
3713,127.5170937152321,4,4,496,0.008,0.008,0.992,500,13300,10300,3000,0.7744360902255639,163,103,60,165.99599706972978,0.41662758851035403,0.8881132962469644,0.1023976273852564,4249002.872225107,27763.493665430113,4276766.365890536,3712,0,2129.624,102,398,60,37.56349734910808,0.5376666666666667,41.84870550161811,32918.70281325852,322.73238052214236,0
3714,127.65319172728786,1,0,497,0.002012072434607646,0.0,1.0,497,12800,9600,3200,0.75,160,96,64,169.74505723205002,0.4161374496981891,0.8912182774063746,0.10524193548387109,4259538.79340013,32407.13125356869,4291945.924653699,3713,0,2142.6740442655937,81,416,63,37.2815860215054,0.5388791079812207,41.66666666666667,32977.0745295494,407.12437690801727,0
3715,127.41743075684995,0,0,497,0.0,0.0,1.0,497,13850,10400,3450,0.7509025270758123,173,104,69,167.68456502028465,0.41642343983254365,0.8901475672859089,0.10429260789679057,4255390.661888341,29462.66642602611,4284853.328314368,3714,1,2143.6740442655937,82,415,64,37.21996956894737,0.5403881623071765,41.55371485943777,32930.561641262866,401.592215137352,0
3716,127.74386859936324,2,1,498,0.004008016032064128,0.002004008016032064,0.9979959919839679,499,14050,10200,3850,0.7259786476868327,179,102,77,163.84315752361402,0.4169201857530322,0.8879138054439566,0.1026865040277711,4275320.012004679,26246.38603814835,4301566.398042828,3715,0,2136.078156312625,88,411,70,37.041487597074564,0.5421050434201737,41.280430711610485,33049.83866325988,375.56634844613495,0
3717,127.99111020009575,0,0,498,0.0,0.0,1.0,498,13750,9100,4650,0.6618181818181819,184,91,93,168.24114042995515,0.41716227754748036,0.8896725869743289,0.105962402481323,4289380.329583698,30980.047677396033,4320360.377261094,3716,1,2139.885542168675,90,408,68,36.75010316723414,0.5436746987951807,41.10576923076924,33136.16002055373,368.17955578393037,0
3718,128.46091177112586,0,1,497,0.0,0.002008032128514056,0.9979919678714859,498,14450,10400,4050,0.7197231833910035,185,104,81,166.46320879361875,0.4174568832001379,0.8882347400071491,0.10533551841896749,4310650.702540555,29462.949586673414,4340113.652127229,3717,2,2140.885542168675,95,403,67,36.62726876090751,0.5453480589022758,40.939670138888886,33279.12617768692,350.30659134407284,0
3719,128.77781162930825,0,0,497,0.0,0.0,1.0,497,14400,10500,3900,0.7291666666666666,183,105,78,162.87965569731008,0.4176642516388655,0.8852319629162635,0.10357465181069529,4327060.86991808,27158.036934710883,4354218.906852791,3718,3,2138.7203219315898,102,395,60,36.544200834861314,0.5468435613682092,40.766585760517785,33383.511786954296,327.28933124464993,0
3720,128.3009966492742,0,0,497,0.0,0.0,1.0,497,14000,9400,4600,0.6714285714285714,186,94,92,184.01226797471844,0.4178383472880292,0.8973784614456477,0.11474559917967725,4287982.300597207,44408.26963366792,4332390.570230874,3719,4,2139.7203219315898,85,412,58,36.70331654563909,0.5418552984574112,41.460755813953476,33170.84270201971,390.24520825905546,8
3721,128.71219698719273,0,0,497,0.0,0.0,1.0,497,14400,10600,3800,0.7361111111111112,182,106,76,189.58753708215522,0.41795598861989136,0.8991028012166571,0.11874336446944918,4306948.469533236,49508.75053571226,4356457.220068948,3720,5,2140.7203219315898,88,409,60,36.39928214872794,0.5433014755197854,41.30383895131085,33297.35124072928,378.37899137192363,0
3722,128.91040131435722,1,0,498,0.002008032128514056,0.0,1.0,498,13900,9900,4000,0.7122302158273381,179,99,80,186.68303825122555,0.4183006337893492,0.8978395409259052,0.11750050054635901,4319412.285975742,47772.20180112369,4367184.487776866,3721,0,2137.4196787148594,92,406,66,36.296350380754575,0.544929718875502,41.1290322580645,33371.16034024872,362.7300036983557,0
3723,129.24095627003055,2,0,500,0.004,0.0,1.0,500,14300,10500,3800,0.7342657342657343,181,105,76,180.7863964919036,0.4191849532398129,0.8948138819378935,0.11455757700241988,4338464.661312421,42567.078485226215,4381031.739797647,3722,0,2129.866,97,403,61,36.206388193789195,0.5466041666666667,40.89073129251698,33487.52966618309,345.2322645998256,0
3724,129.67513939836346,3,2,501,0.005964214711729622,0.003976143141153081,0.9960238568588469,503,15600,11000,4600,0.7051282051282052,202,110,92,182.2399720415483,0.42028704268413425,0.8963845085569222,0.11618909436990316,4360304.61077477,42724.358072043935,4403028.968846815,3723,0,2118.1570576540757,104,399,57,35.94865786789083,0.5484592445328031,40.67460317460315,33628.05698286892,323.346701758355,0
3725,129.84972095264837,1,2,500,0.00199203187250996,0.00398406374501992,0.9960159362549801,502,13100,9400,3700,0.7175572519083969,168,94,74,183.0024975581293,0.4202802065192324,0.8972258397964681,0.117132929861201,4370804.666156046,46473.63404905755,4417278.300205104,3724,0,2123.374501992032,82,420,59,35.78891361129922,0.5497385458167331,40.537148594377534,33691.1788525988,410.86803478779024,0
3726,129.95871903559436,1,0,501,0.001996007984031936,0.0,1.0,501,13450,9400,4050,0.6988847583643123,175,94,81,185.27805660173414,0.420459747172322,0.8984056815925427,0.11926028979968424,4381131.229255253,48695.49597471667,4429826.72522997,3725,0,2128.061876247505,83,418,62,35.52884768454401,0.5510437458416501,40.33978174603176,33745.109348788734,406.5675825155269,0
3727,130.05285239342845,0,0,501,0.0,0.0,1.0,501,13800,10200,3600,0.7391304347826086,174,102,72,185.56485152298535,0.4206531936127744,0.8981165578499601,0.11978070377242496,4387612.082691528,48837.31693302348,4436449.399624552,3726,1,2129.061876247505,86,415,63,35.42166013674425,0.5522704590818364,40.24185823754792,33782.28726862378,392.81729382120676,0
3728,129.94709833327605,1,0,502,0.00199203187250996,0.0,1.0,502,14500,9800,4700,0.6758620689655173,192,98,94,181.32457299368153,0.4211603353717532,0.89572371835304,0.11750774275824392,4388693.228093038,44255.585116847826,4432948.813209886,3727,0,2125.8187250996016,91,411,67,35.3916165664663,0.5537433598937582,40.10416666666669,33772.70941057569,371.1286748414911,0
3729,129.42220566306,0,0,502,0.0,0.0,1.0,502,13250,8900,4350,0.6716981132075471,176,89,87,180.92532237111823,0.42146782132945265,0.8955251065179659,0.11765301221110278,4374981.7391186645,44658.996303561675,4419640.735422227,3728,1,2126.8187250996016,95,407,68,35.280475802974046,0.5549468791500665,39.9848090277778,33651.73952152704,354.2288370687057,0
3730,129.4771542879015,0,0,502,0.0,0.0,1.0,502,12800,8400,4400,0.65625,172,84,88,179.77680545448956,0.42152133316368595,0.895218485289917,0.11720696689813695,4379835.1903182585,44278.55578651592,4424113.746104774,3729,2,2127.8187250996016,99,403,66,35.21976371645976,0.5559013944223108,39.89583333333336,33677.54731842634,340.1772456406701,0
3731,129.6903046405512,0,0,502,0.0,0.0,1.0,502,13750,9600,4150,0.6981818181818182,179,96,83,182.3672660852723,0.42163357547852504,0.8970900170497857,0.11934573985010849,4391447.394883331,46021.25111243392,4437468.645995765,3730,3,2128.8187250996016,102,400,56,35.01954440644596,0.5570841633466135,39.76537216828481,33749.908161515916,330.8814525638815,0
3732,129.9565088254707,0,0,502,0.0,0.0,1.0,502,14450,11000,3450,0.7612456747404844,179,110,69,181.36594985200497,0.4217707513260332,0.897176012727513,0.11908565031270259,4404335.283207111,44909.29042111235,4449244.5736282235,3731,4,2129.8187250996016,107,395,57,34.92900165475,0.5583706839309429,39.650848765432116,33834.06677011916,316.20623149644075,0
3733,130.16494429803944,0,1,501,0.0,0.00199203187250996,0.99800796812749,502,13200,10200,3000,0.7727272727272727,162,102,60,179.2055749468647,0.42199440759914436,0.8961370610067563,0.11811405868600057,4415814.953257884,44667.73151150737,4460482.684769391,3732,5,2130.8187250996016,82,420,59,34.852645948767375,0.5596572045152722,39.52058232931725,33905.28889188997,413.47913282792643,0
3734,130.0435458652829,2,1,502,0.003976143141153081,0.0019880715705765406,0.9980119284294234,503,15500,11800,3700,0.7612903225806451,192,118,74,173.92081684786658,0.4227358293796319,0.8923220274313723,0.11540322297545971,4419485.905228883,37628.11973700613,4457114.024965889,3733,0,2127.0536779324057,88,415,65,34.75645342312007,0.5615473823724321,39.290730337078614,33903.557866914096,385.26770303311474,0
3735,129.8413314623582,0,0,502,0.0,0.0,1.0,502,13550,8900,4650,0.6568265682656826,182,89,93,176.4461696566008,0.42269229800690783,0.8932639018789497,0.11742581178504995,4416030.453380494,41888.33171717585,4457918.78509767,3734,1,2132.1075697211154,89,413,67,34.58791899647938,0.5628735059760956,39.189814814814774,33863.941703388184,380.49372700436163,0
3736,129.6917196311924,0,0,502,0.0,0.0,1.0,502,14200,10900,3300,0.7676056338028169,175,109,66,176.00060229342242,0.4228062798705378,0.8933994175143247,0.11772530130189574,4416782.280235909,40871.268304084464,4457653.548539993,3735,2,2133.1075697211154,91,411,65,34.423897324656515,0.5642430278884463,39.01721014492749,33847.306810449925,371.9484264884607,0
3737,129.30928226602242,0,0,502,0.0,0.0,1.0,502,12550,8600,3950,0.6852589641434262,165,86,79,176.2443076181741,0.4226041608681707,0.8937207827010083,0.1181162775124114,4405969.597747862,42355.41222835671,4448325.009976219,3736,3,2134.1075697211154,93,409,68,34.35085643333187,0.5654880478087649,38.95168439716307,33755.97032735637,362.9674228747997,0
3738,128.89727107231107,0,1,501,0.0,0.00199203187250996,0.99800796812749,502,12800,8900,3900,0.6953125,167,89,78,173.7420288330355,0.4227927776584944,0.8922484409766687,0.11694609880019526,4396877.814063305,39584.49438926127,4436462.308452566,3737,4,2135.1075697211154,98,404,63,34.26665391019442,0.5667953187250996,38.80471380471376,33667.359607523074,343.5444857910518,0
3739,129.16164263209694,0,0,501,0.0,0.0,1.0,501,12300,8200,4100,0.6666666666666666,164,82,82,172.03093717983435,0.4225668662674651,0.8912961706729381,0.11614223475085735,4409311.883713974,39207.61113469653,4448519.49484867,3738,5,2140.1656686626748,102,399,58,34.208370424842904,0.5680306054557551,38.70347896440125,33749.48787100961,330.87733206872167,0
3740,129.1014331559664,1,0,502,0.00199203187250996,0.0,1.0,502,14850,10500,4350,0.7070707070707071,192,105,87,170.7860416936918,0.42270778827471217,0.8909339975963964,0.11575874520744789,4411748.999743397,35443.029722454594,4447192.029465852,3739,0,2136.9003984063743,108,394,60,34.10548264853533,0.5695343625498008,38.57033639143729,33750.94424134735,312.50874297543845,0
3741,129.14987150117338,0,0,502,0.0,0.0,1.0,502,13000,9200,3800,0.7076923076923077,168,92,76,171.26446298620456,0.422539714727252,0.8882616344068703,0.1157256767354628,4409902.142150106,37651.90443941018,4447554.046589516,3740,1,2137.9003984063743,117,385,59,34.1984976184846,0.5736221779548473,38.67408192090396,33750.2087398415,288.46332256274786,8
3742,129.2665538715671,1,0,503,0.0019880715705765406,0.0,1.0,503,14450,11000,3450,0.7612456747404844,179,110,69,173.17185441500763,0.42286008385279295,0.8896105439078668,0.11747604177883056,4418360.547126016,37977.1378839851,4456337.685010001,3741,0,2134.648111332008,122,381,64,34.013944223107586,0.5752567925778662,38.541666666666686,33797.817731003786,277.0312928770802,0
3743,129.18172888346143,0,1,502,0.0,0.0019880715705765406,0.9980119284294234,503,14100,10700,3400,0.7588652482269503,175,107,68,170.39769079777773,0.4227729572102577,0.8888110123081976,0.11616686496028657,4421060.272127943,35967.69224967965,4457027.964377623,3742,1,2135.648111332008,87,416,67,33.91793352034509,0.5764993373094764,38.375946969696976,33797.04748795301,388.4718102063564,0
3744,128.76142914544846,0,2,500,0.0,0.00398406374501992,0.9960159362549801,502,13850,9700,4150,0.7003610108303249,180,97,83,169.207064139547,0.4225131244814488,0.88625073962793,0.11604605993772905,4413395.897971938,35105.55255626921,4448501.450528207,3743,2,2140.8844621513945,96,406,69,33.74630860095977,0.5779174966799469,38.17654639175256,33712.76207039472,351.174604899945,0
3745,128.74911785257612,1,0,501,0.001996007984031936,0.0,1.0,501,14400,10900,3500,0.7569444444444444,179,109,70,169.8871907743826,0.42259281437125745,0.8863873827148856,0.11700473551164009,4417702.703958132,35502.22041036714,4453204.9243685,3744,0,2144.12375249501,100,401,72,33.58587598425194,0.5793621091151031,38.036303630363015,33727.59481699059,337.2759481699059,0
3746,129.02140878691458,0,0,501,0.0,0.0,1.0,501,13350,9200,4150,0.6891385767790262,175,92,83,170.19060884278446,0.42271556886227546,0.887739349250527,0.11755750238262908,4430330.52228892,37250.12979262389,4467580.6520815445,3745,1,2145.12375249501,101,400,70,33.479104152864906,0.5804432801064537,37.93913398692809,33811.46212092522,334.7669516923289,0
3747,128.87431553578884,0,0,501,0.0,0.0,1.0,501,14950,10900,4050,0.7290969899665551,190,109,81,169.61743033525207,0.4227145708582834,0.8873087740281822,0.11765883755202311,4430013.744642791,35131.50954323012,4465145.254186021,3746,2,2146.12375249501,107,394,64,33.3516108760959,0.581857119095143,37.798996913580226,33790.974805559286,315.80350285569426,0
3748,128.50730746427826,0,0,501,0.0,0.0,1.0,501,13500,9100,4400,0.674074074074074,179,91,88,172.56161199540827,0.4227398536260812,0.8881054108372803,0.12006341086407969,4420758.689718734,38870.649148113305,4459629.338866847,3747,3,2147.12375249501,114,387,56,33.17297177521466,0.5828967065868264,37.69927536231882,33707.55986911721,295.68034972909834,0
3749,128.57450949391597,0,1,500,0.0,0.001996007984031936,0.998003992015968,501,14550,11000,3550,0.7560137457044673,181,110,71,199.6498109496318,0.4228524617431803,0.9044907689147794,0.1283498957652611,4333003.097920379,58266.649868795845,4391269.747789174,3748,4,2148.12375249501,81,420,59,35.2004024563292,0.5544951763140387,40.383638211382134,33380.046373566795,412.09933794526904,8
3750,128.5826590449545,0,0,500,0.0,0.0,1.0,500,12900,9100,3800,0.7054263565891473,167,91,76,197.9136455975567,0.42272503340013357,0.9031511268838999,0.12783960608902092,4338811.809586419,58842.01255939742,4397653.822145816,3749,8,2153.412,86,414,61,35.076469865265544,0.5560625,40.217911877394656,33403.47166305551,388.41246119831993,0
3751,128.2073904306624,0,0,500,0.0,0.0,1.0,500,13300,9600,3700,0.7218045112781954,170,96,74,197.18075463001173,0.4229621743486974,0.9034764682309988,0.12795384479154742,4331480.964854597,57516.937063113124,4388997.90191771,3750,9,2154.412,89,411,61,34.93231184232011,0.5575625,40.05787037037039,33326.50210280397,374.45507980678616,0
3752,127.79754801606586,1,1,500,0.001996007984031936,0.001996007984031936,0.998003992015968,501,13150,9300,3850,0.7072243346007605,170,93,77,195.11871377954805,0.42304607451763143,0.9025062228998544,0.12712151265512373,4322225.530603781,55319.41723930735,4377544.947843089,3751,0,2151.1097804391216,95,406,61,34.84505159442056,0.5590277777777778,39.91970486111112,33237.624006044854,349.86972637941955,0
3753,128.065176047242,1,2,499,0.001996007984031936,0.003992015968063872,0.9960079840319361,501,14250,10700,3550,0.7508771929824561,178,107,71,196.82600638496547,0.422979374584165,0.9030296604635211,0.128739668828838,4335809.613636908,56230.01813954009,4392039.631776448,3752,0,2152.0279441117764,103,398,56,34.661919425198874,0.5604416167664671,39.78365384615387,33324.65218056266,323.5403124326472,0
3754,127.9889227633158,0,0,499,0.0,0.0,1.0,499,14300,10800,3500,0.7552447552447552,178,108,70,158.40895908380503,0.42257641118917894,0.8793343518476928,0.10594209029485693,4358617.262396982,23988.804716202205,4382606.067113184,3753,2,2161.555110220441,103,396,71,34.88831747006448,0.5690547762191049,39.0224358974359,33402.237294881386,324.2935659697222,8
3755,128.04496903882796,0,0,499,0.0,0.0,1.0,499,14450,10800,3650,0.7474048442906575,181,108,73,158.46518114968924,0.42264247370242497,0.8797153607763601,0.10638785040339985,4364881.267654029,24086.34015513629,4388967.607809165,3754,3,2162.555110220441,106,393,72,34.75448342716528,0.5705369071476286,38.892133956386296,33433.54862334901,315.4108360693303,0
3756,128.1015217156158,0,0,499,0.0,0.0,1.0,499,13900,10100,3800,0.7266187050359713,177,101,76,157.29359070751312,0.42261899971294664,0.8791816940631074,0.10598683422709942,4370930.6951799495,23803.876755707843,4394734.571935657,3755,4,2163.555110220441,109,390,71,34.65994224123349,0.5721234134936539,38.76893939393939,33464.096383020566,307.0100585598217,0
3757,128.3331683949635,0,0,499,0.0,0.0,1.0,499,14450,10500,3950,0.726643598615917,184,105,79,157.09437159937968,0.42261178984474973,0.8794173916558428,0.10625412560076213,4383114.63338246,23462.527795852744,4406577.161178313,3756,5,2164.555110220441,114,385,61,34.53550634227492,0.5735429191716768,38.64130434782609,33540.98950061854,294.21920614577664,0
3758,128.0292953517826,0,0,499,0.0,0.0,1.0,499,14500,10100,4400,0.696551724137931,189,101,88,152.4260060232465,0.42258613612767704,0.8781900493987138,0.09873685598133086,4323418.664539406,17500.287880420776,4340918.952419827,3757,6,2165.555110220441,102,397,74,36.158079412642195,0.5596401135604543,40.11933656957931,33272.338214550844,326.19939426030237,8
3759,127.88004550640906,0,0,499,0.0,0.0,1.0,499,14200,9700,4500,0.6830985915492958,187,97,90,153.53691879342512,0.4226184966988864,0.8781181729067489,0.09974903943303934,4321768.321072179,18710.198351292078,4340478.519423471,3758,7,2166.555110220441,107,392,72,36.02566777963273,0.5609552438209753,40.01736111111113,33246.59169198765,310.715810205492,0
3760,127.47581760597285,1,0,500,0.002,0.0,1.0,500,14750,10500,4250,0.711864406779661,190,105,85,154.33852270689013,0.4228857715430862,0.8794374374374365,0.10077397659097008,4313862.896273442,18409.045314182797,4332271.941587624,3759,0,2163.22,115,385,69,35.82853687020357,0.5625,39.843750000000014,33163.63067405408,288.3793971656877,0
3761,127.3037100109573,0,1,499,0.0,0.002,0.998,500,15700,11000,4700,0.7006369426751592,204,110,94,161.52766425272904,0.4228352538410154,0.8842306542902434,0.10057339907024253,4252882.58403739,21691.638028133064,4274574.222065522,3760,1,2164.22,88,412,68,37.33925741453474,0.5490208333333333,41.51451310861422,32906.1614652619,373.9336530143398,8
3762,127.51449439193708,1,0,500,0.002,0.0,1.0,500,13450,10000,3450,0.7434944237918215,169,100,69,161.23132534821175,0.42303866065464263,0.883573395687191,0.10090721483988005,4265986.89839538,24112.144309277715,4290099.042704658,3761,0,2164.616,92,408,72,37.16008487052913,0.5506875,41.3306451612903,32984.09199694635,358.52273909724295,0
3763,127.59709416190236,4,0,504,0.007936507936507936,0.0,1.0,504,14550,10500,4050,0.7216494845360825,186,105,81,155.99156613877682,0.4238640577171889,0.880176397200535,0.09838619076325325,4277830.140769258,18111.084666850787,4295941.225436109,3762,0,2148.4285714285716,103,401,70,37.0163762426024,0.5525380291005291,41.055689102564074,33040.541620268654,320.78195747833644,0
3764,128.00433812222934,1,0,505,0.0019801980198019802,0.0,1.0,505,14000,10600,3400,0.7571428571428571,174,106,68,153.2900426353214,0.42403756744722093,0.8781162570961658,0.09693691252782603,4294570.276444248,16662.9721553024,4311233.248599551,3763,0,2145.1722772277226,107,398,78,36.991791401372666,0.5538778877887789,40.962577160493794,33157.913859458575,309.8870454155007,0
3765,127.61271972680926,0,0,505,0.0,0.0,1.0,505,14000,9000,5000,0.6428571428571429,190,90,100,154.91676931736293,0.4239933665985646,0.8801563089554638,0.09835112640795202,4286018.010791907,17795.21269357948,4303813.223485487,3764,1,2146.1722772277226,109,396,58,36.80879066340263,0.5552186468646865,40.82386363636358,33074.17164964926,303.43276742797485,0
3766,127.2465759262005,0,0,505,0.0,0.0,1.0,505,13900,10000,3900,0.7194244604316546,178,100,78,157.50425066996718,0.42419554455445546,0.8825187433029051,0.10032947800783673,4277614.57006901,19848.495502728638,4297463.065571739,3765,2,2147.1722772277226,115,390,60,36.621825396825365,0.5567656765676567,40.70581896551721,32994.2966942258,286.9069277758765,0
3767,126.86235316033566,1,2,504,0.001976284584980237,0.003952569169960474,0.9960474308300395,506,13750,9400,4350,0.6836363636363636,181,94,87,157.45453930603813,0.4243503698195907,0.8829410405988338,0.10069092545685984,4269220.209512096,19491.620256952483,4288711.829769049,3766,0,2143.9268774703555,91,415,64,36.48351918125079,0.558300395256917,40.56838768115945,32912.1048229484,361.67148157086154,0
3768,126.9111624119494,1,0,505,0.0019801980198019802,0.0,1.0,505,13450,9700,3750,0.7211895910780669,172,97,75,156.9998034164403,0.42423123264707424,0.8826426424395408,0.1007784706884986,4275202.493994099,19791.19022451102,4294993.68421861,3767,0,2149.1564356435642,93,412,67,36.361473409327026,0.5596122112211221,40.43661347517733,32941.49110344768,354.20958175750195,0
3769,127.43483217410115,0,0,505,0.0,0.0,1.0,505,13850,10200,3650,0.7364620938628159,175,102,73,157.3296152953013,0.42422206506364923,0.8815941474238385,0.10144006254110645,4297980.141275618,20389.912434748883,4318370.0537103675,3768,1,2150.1564356435642,96,409,73,36.195213975604766,0.5610561056105611,40.28135738831618,33097.20163370565,344.76251701776715,0
3770,127.14378643317427,2,0,507,0.0039447731755424065,0.0,1.0,507,14700,10200,4500,0.6938775510204082,192,102,90,156.9254553917826,0.42497654705012566,0.880655386787899,0.10193547634367531,4296717.302687218,18752.863882789676,4315470.166570008,3769,0,2142.670611439842,101,406,77,35.94275804952141,0.5628698224852071,40.022467320261455,33054.52789245649,327.27255339065835,0
3771,127.29341851603726,0,0,507,0.0,0.0,1.0,507,14550,10400,4150,0.7147766323024055,187,104,83,156.3151968376213,0.42494357649039927,0.880350655358564,0.10205769869836463,4307612.7014574725,18719.065465713364,4326331.766923185,3770,1,2143.670611439842,110,397,77,35.77949522641465,0.5641025641025641,39.84609609609611,33115.87976822079,301.0534524383708,0
3772,127.77028859190754,1,0,508,0.001968503937007874,0.0,1.0,508,14200,10300,3900,0.7253521126760564,181,103,78,145.2757426281678,0.42494916963042345,0.8717097600745394,0.09580165331839094,4335181.076789316,10159.330071629978,4345340.406860946,3771,0,2140.448818897638,102,406,65,35.718029350104814,0.5678313648293963,39.50242718446602,33283.85005613227,326.31225545227716,8
3773,127.76486663727756,0,1,507,0.0,0.001968503937007874,0.9980314960629921,508,13950,10300,3650,0.7383512544802867,176,103,73,142.310162186111,0.42513780174667515,0.869184225655047,0.09440478951767851,4341762.23405814,8025.377540469846,4349787.61159861,3772,1,2141.448818897638,109,399,70,35.589205714977574,0.5691847112860893,39.299242424242436,33308.397523904074,305.5816286596704,0
3774,127.52550036163792,1,0,508,0.001968503937007874,0.0,1.0,508,14850,10500,4350,0.7070707070707071,192,105,87,145.255025286291,0.424826219022918,0.8719551634767853,0.09681827350831497,4339026.740770457,9603.087789701221,4348629.828560159,3773,0,2142.4409448818897,111,397,75,35.347737212397824,0.5705790682414698,39.136904761904766,33266.69674612376,299.6999706857996,0
3775,127.43805145164261,0,0,508,0.0,0.0,1.0,508,13050,10000,3050,0.7662835249042146,161,100,61,147.3463740222066,0.42483317543886895,0.8738943207235834,0.09866199156193303,4341213.08603533,13282.401417012677,4354495.487452342,3774,1,2143.4409448818897,115,393,73,35.135670749188634,0.5717683727034121,38.981681034482776,33263.66596214913,289.2492692360794,0
3776,127.35044719493146,0,0,508,0.0,0.0,1.0,508,12600,8700,3900,0.6904761904761905,165,87,78,148.3767837012587,0.42473950648920367,0.874603727416291,0.09964996719173044,4341602.511750809,14638.603360579382,4356241.115111388,3775,2,2144.4409448818897,119,389,76,35.005796848509064,0.572998687664042,38.88020833333336,33253.72224019768,279.4430440352746,0
3777,127.35526858272122,1,0,509,0.0019646365422396855,0.0,1.0,509,14150,10700,3450,0.7561837455830389,176,107,69,152.07190909604705,0.42470504669234616,0.8788996660066923,0.102721778175737,4348239.762928104,16299.024391165325,4364538.787319269,3776,0,2141.2259332023577,122,387,61,34.711779448621556,0.5746152586771447,38.68563685636858,33279.76090268023,272.78492543180516,0
3778,127.79573219398273,1,0,510,0.00196078431372549,0.0,1.0,510,14900,10900,4000,0.7315436241610739,189,109,80,153.9768848322239,0.42497046624805784,0.8817475941737691,0.10442868103601824,4367809.084457227,17608.32727332254,4385417.411730549,3777,0,2138.0254901960784,124,386,63,34.52427434606149,0.5761029411764707,38.550000000000004,33412.194182116866,269.45317888803925,0
3779,128.1372087393606,0,1,509,0.0,0.00196078431372549,0.9980392156862745,510,15500,11500,4000,0.7419354838709677,195,115,80,153.69309469050438,0.4248390089500109,0.8819111379617883,0.10460338869734534,4383433.565247176,17240.69400261282,4400674.259249789,3778,1,2139.0254901960784,94,416,65,34.411898274296085,0.5776143790849673,38.43201754385963,33516.59116751561,356.5594805054852,0
3780,127.917510552354,0,2,507,0.0,0.003929273084479371,0.9960707269155207,509,14500,10500,4000,0.7241379310344828,185,105,80,152.95867515931252,0.4244554385883494,0.8803614068004948,0.10460641459044222,4381312.6752440175,17731.95645280424,4399044.631696822,3779,2,2144.2180746561885,99,410,69,34.267458674944976,0.5788924361493124,38.27083333333331,33479.74343894178,338.17922665597763,0
3781,127.68056535483795,0,1,506,0.0,0.0019723865877712033,0.9980276134122288,507,15200,10700,4500,0.7039473684210527,197,107,90,150.20069441043884,0.42444333351523983,0.8775745354490696,0.10333855194757571,4379880.466178101,14972.21749093248,4394852.683669033,3780,3,2150.2800788954637,103,404,77,34.13672039310158,0.5805391190006575,38.07091346153844,33443.25385210673,324.69178497191,0
3782,128.0010953288724,1,2,505,0.0019723865877712033,0.0039447731755424065,0.9960552268244576,507,13400,9400,4000,0.7014925373134329,174,94,80,145.56845312150963,0.4244873484003919,0.8735855142979863,0.10056069325223671,4395413.392891891,13166.70568656602,4408580.098578458,3781,0,2146.1005917159764,109,398,74,34.120775216207726,0.5818951347797502,37.93560606060603,33544.52947093905,307.747976797606,0
3783,128.12854981286293,0,0,505,0.0,0.0,1.0,505,15300,11300,4000,0.738562091503268,193,113,80,143.71889210357676,0.42397273953585835,0.8713448708054896,0.09961205969937437,4403468.229575106,10272.315073564863,4413740.544648671,3782,1,2155.4613861386138,114,391,73,34.05815252441493,0.5832508250825083,37.826086956521706,33591.96327702402,294.66634453529844,0
3784,127.9945683849757,1,0,506,0.001976284584980237,0.0,1.0,506,14950,11300,3650,0.7558528428093646,186,113,73,168.82325398533303,0.4242861242646004,0.8893540010551972,0.11330930109826466,4362837.828773553,31159.69577277195,4393997.524546324,3783,0,2152.199604743083,106,400,68,34.49392555306986,0.5699522397891963,38.90186915887852,33419.142563133435,315.27492984088144,8
3785,127.71199637158584,0,0,506,0.0,0.0,1.0,506,12250,8300,3950,0.6775510204081633,162,83,79,170.99954156384155,0.42435550620279416,0.8901804584389532,0.11519707741943638,4357394.993639714,35572.509264994515,4392967.5029047085,3784,1,2153.199604743083,110,396,69,34.309362576040606,0.5711256587615283,38.776276276276285,33361.403256376485,303.2854841488771,0
3786,128.17138050497266,0,0,506,0.0,0.0,1.0,506,13800,9600,4200,0.6956521739130435,180,96,84,171.06892906952402,0.4243249324932494,0.8913730692637394,0.11564736452288905,4377016.063301402,34754.29009381514,4411770.353395217,3785,2,2154.199604743083,115,391,57,34.18766249756614,0.5725049407114624,38.6584051724138,33496.51299242306,291.2740260210701,0
3787,127.98356262147867,0,1,505,0.0,0.001976284584980237,0.9980237154150198,506,12850,9500,3350,0.7392996108949417,162,95,67,168.71178320895515,0.4242888962809324,0.8904190737654962,0.11436025314106747,4373621.470327115,33526.29546797305,4407147.765795087,3786,3,2155.199604743083,117,389,61,34.157486352636596,0.5735754281949934,38.56814971751414,33458.9795818778,285.97418446049403,0
3788,127.7039766140419,0,0,505,0.0,0.0,1.0,505,12950,8800,4150,0.6795366795366795,171,88,83,165.85078176328224,0.4240383859814553,0.8887921258071401,0.11286740759541897,4368509.117112526,30954.130442627662,4399463.247555153,3787,4,2160.419801980198,87,418,64,34.097058801345575,0.574855610561056,38.43513257575758,33402.873712600456,383.9410771563271,0
3789,127.41630135858915,0,0,505,0.0,0.0,1.0,505,13600,9500,4100,0.6985294117647058,177,95,82,164.8176318138269,0.42396913798522706,0.8880743588137732,0.11246701486312044,4361675.805567716,29176.215402667247,4390852.020970384,3788,5,2161.419801980198,89,416,66,34.03237013609356,0.5760107260726073,38.344907407407405,33339.12412978729,374.59690033468866,0
3790,127.16716128974375,0,0,505,0.0,0.0,1.0,505,13550,9100,4450,0.6715867158671587,180,91,89,163.53712419221426,0.42382278406412066,0.8870479158302698,0.11212211538494601,4358401.216318588,28002.080198517382,4386403.296517105,3789,6,2162.419801980198,93,412,69,33.90544315584523,0.5772896039603961,38.18705673758864,33294.00878359345,358.00009444724134,0
3791,127.06004156646378,0,0,505,0.0,0.0,1.0,505,14800,10900,3900,0.7364864864864865,187,109,78,163.8239122241119,0.42368887186337684,0.8870666750974419,0.1128277715807383,4359735.88965515,27045.797941433968,4386781.687596584,3790,7,2163.419801980198,98,407,70,33.7450295216291,0.5786097359735973,38.036616161616145,33285.07843939635,339.6436575448607,0
3792,126.79950055961373,0,0,505,0.0,0.0,1.0,505,13900,10200,3700,0.7338129496402878,176,102,74,159.4640181043839,0.4237090078055425,0.8842481497118093,0.11040984872560597,4356645.530070066,24045.640336294055,4380691.17040636,3791,8,2164.419801980198,103,402,67,33.68039635233583,0.5799711221122112,37.860576923076906,33239.14792313888,322.71017401105706,0
3793,126.9076924972499,0,0,505,0.0,0.0,1.0,505,14900,10700,4200,0.7181208053691275,191,107,84,158.22704298339647,0.4238044488972707,0.8840661324092138,0.11018616251196608,4366690.038532229,22285.690484400373,4388975.72901663,3792,9,2165.419801980198,109,396,61,33.51969171900944,0.5816006600660066,37.670454545454525,33291.637287488506,305.4278650228303,0
3794,127.03197103591876,0,0,505,0.0,0.0,1.0,505,13400,8700,4700,0.6492537313432836,181,87,94,156.18209955052384,0.4237052425480643,0.8826802301452832,0.10920580884832543,4375429.679329808,22272.75875067961,4397702.438080488,3793,10,2166.419801980198,113,392,65,33.437340435408245,0.5829620462046204,37.53654970760232,33341.24941553085,295.05530456221993,0
3795,126.94078503613036,0,0,505,0.0,0.0,1.0,505,13850,9800,4050,0.7075812274368231,179,98,81,154.77922597475214,0.42357280370894235,0.881347719920121,0.10853267224458923,4375393.371069244,20593.999861833574,4395987.370931078,3794,11,2167.419801980198,91,414,65,33.37955675823308,0.5841377887788779,37.44338768115945,33329.14248418092,366.25431301297715,0
3796,127.179823043684,0,0,505,0.0,0.0,1.0,505,13400,9500,3900,0.7089552238805971,173,95,78,154.02786920107752,0.4234495324532453,0.8801231692524631,0.1084048875161034,4387663.613560102,20764.49543355329,4408428.108993655,3795,12,2168.419801980198,93,412,69,33.27673247834402,0.5852722772277228,37.32269503546101,33407.25316298209,359.21777594604396,0
3797,127.1807597387769,0,0,505,0.0,0.0,1.0,505,15150,11000,4150,0.7260726072607261,193,110,83,154.82894765087693,0.42339059798837025,0.8803423291701946,0.10941752341495631,4392177.725428326,19857.251024739013,4412034.976453065,3796,13,2169.419801980198,96,409,71,33.11949222953187,0.5864686468646865,37.18857388316153,33424.55684157118,348.1724670996998,0
3798,127.5490930355383,1,0,506,0.001976284584980237,0.0,1.0,506,14000,10000,4000,0.7142857142857143,180,100,80,152.8494314244937,0.4237844708383882,0.8788860405861172,0.1084580087438767,4409325.887144659,19592.590963073173,4428918.478107732,3797,0,2166.1304347826085,100,406,75,33.037441982087984,0.5878005599472991,37.0565181518152,33538.20262934271,335.3820262934271,0
3799,127.37539071231303,0,0,506,0.0,0.0,1.0,506,14750,11200,3550,0.7593220338983051,183,112,71,153.7638132767639,0.4236736717149976,0.8792475900702346,0.10973999289850286,4409604.079643989,19657.50766536771,4429261.587309357,3798,1,2167.1304347826085,103,403,76,32.82298764163271,0.5892210144927537,36.8689903846154,33516.41515828525,325.4020889153908,0
3800,127.28569625783416,0,0,506,0.0,0.0,1.0,506,14450,10900,3550,0.754325259515571,180,109,71,153.1803551000616,0.4237779484470186,0.8787874401983147,0.10956042540966367,4408841.245523876,19419.57351382998,4428260.819037706,3799,2,2168.1304347826085,106,400,73,32.76734415840613,0.5904767786561265,36.799065420560765,33501.71421365679,316.0539076760075,0
3801,127.44078263055597,0,0,506,0.0,0.0,1.0,506,14050,9500,4550,0.6761565836298933,186,95,91,151.6966188069744,0.42369723385382013,0.8776651252539571,0.10903069693404716,4419496.750224694,18834.542767500254,4438331.292992194,3800,3,2169.1304347826085,107,399,63,32.64653146554358,0.5917531291172595,36.64158950617285,33562.60194567268,313.6691770623615,0
3802,127.4100301847708,0,1,505,0.0,0.001976284584980237,0.9980237154150198,506,15500,11200,4300,0.7225806451612903,198,112,86,154.1986545865625,0.4236633174186984,0.8774989046085853,0.10578174793974633,4367378.263861666,17988.77047161032,4385367.034333277,3801,4,2170.1304347826085,102,404,75,34.13005343118318,0.5774662384716733,38.16747572815529,33360.08982082978,327.05970412578216,8
3803,127.47071487624078,0,1,504,0.0,0.0019801980198019802,0.998019801980198,505,15000,10400,4600,0.6933333333333334,196,104,92,152.2614956398202,0.4232619244067264,0.8763177310037844,0.1048068575896794,4373216.336371215,17174.492026472515,4390390.8283976875,3802,19,2175.419801980198,106,399,76,34.066491371514196,0.5788778877887788,38.054906542056024,33390.32832140715,315.00309737176553,0
3804,127.50021288387714,0,0,504,0.0,0.0,1.0,504,14300,9800,4500,0.6853146853146853,188,98,90,150.65974304355237,0.42299090707080267,0.8743944646193111,0.10397532077802904,4377122.240663629,16791.22240971796,4393913.463073347,3803,20,2180.4246031746034,108,396,77,34.020508892860164,0.580212466931217,37.96827217125378,33409.1010804947,309.34352852309905,0
3805,127.8381279071182,0,0,504,0.0,0.0,1.0,504,14750,10700,4050,0.7254237288135593,188,107,81,148.51697503065836,0.42287347344504406,0.8728385323894878,0.1029302587802387,4393407.816664322,14949.127801403942,4408356.944465727,3804,21,2181.4246031746034,110,394,76,33.93476095023323,0.5817625661375662,37.828453453453406,33515.51970102374,304.68654273657944,0
3806,128.02284277513513,0,0,504,0.0,0.0,1.0,504,14100,10400,3700,0.7375886524822695,178,104,74,147.474716970223,0.42273368716273785,0.8729381084477947,0.10263687403846722,4404396.876155479,15007.436547110545,4419404.31270259,3805,22,2182.4246031746034,114,390,59,33.8218112964305,0.5831886574074074,37.69021739130431,33581.64405729237,294.5758250639681,0
3807,127.66246614611379,0,0,504,0.0,0.0,1.0,504,14350,10000,4350,0.6968641114982579,187,100,87,150.11270888420108,0.42295458400391306,0.8752268023700889,0.10491233565429592,4396625.69181419,16847.878509617345,4413473.570323807,3806,23,2183.4246031746034,119,385,64,33.612406562148564,0.5845940806878307,37.552083333333286,33504.74827657568,281.55250652584607,0
3808,128.04681002163443,1,0,505,0.0019801980198019802,0.0,1.0,505,14450,10500,3950,0.726643598615917,184,105,79,149.34591875775325,0.4231874377913982,0.8738257152438471,0.10500858883318566,4416515.905081695,16467.725110532767,4432983.630192228,3807,0,2180.09900990099,99,406,69,33.43165833796043,0.5861798679867987,37.3541666666667,33630.961123807625,339.70667801825886,0
3809,128.36540167919003,0,0,505,0.0,0.0,1.0,505,14150,9900,4250,0.6996466431095406,184,99,85,150.9620462752814,0.4229073353763948,0.8755710286054506,0.10647588845263299,4430933.73585411,18630.564734943855,4449564.300589054,3808,1,2181.09900990099,100,405,71,33.285984848484844,0.5873968646864687,37.25247524752478,33727.69155506473,337.27691555064735,0
3810,128.33110189250675,0,1,504,0.0,0.0019801980198019802,0.998019801980198,505,13350,9600,3750,0.7191011235955056,171,96,75,150.32517969999245,0.4228888365026979,0.8754109638056353,0.10621823652936943,4431734.263520882,18890.24990927951,4450624.513430162,3809,2,2182.09900990099,101,404,72,33.2429859330069,0.5884075907590759,37.193627450980415,33726.23137358863,333.9230829068181,0
3811,127.88711991332347,0,1,503,0.0,0.001984126984126984,0.998015873015873,504,16550,12900,3650,0.7794561933534743,202,129,73,153.6062480360248,0.4224025062587438,0.8772953772670795,0.10903822202578801,4421444.056043781,18482.286470015584,4439926.342513797,3810,3,2187.313492063492,104,400,75,33.00447697376692,0.5900917658730158,37.043650793650826,33628.7301629226,323.3531746434865,0
3812,128.2095841206852,0,0,503,0.0,0.0,1.0,503,13800,10000,3800,0.7246376811594203,176,100,76,175.15886082450604,0.4223462346769318,0.8888753626887318,0.11271091913924802,4321795.522590807,37000.15609069251,4358795.678681499,3811,4,2191.9184890656065,94,409,67,35.802892736486484,0.555769549370444,40.35087719298247,33289.50605238865,354.1436814083899,8
3813,128.68204151294907,0,0,503,0.0,0.0,1.0,503,13500,10000,3500,0.7407407407407407,170,100,70,172.25435646262,0.42235960069595707,0.8876479086680342,0.11130940370108806,4342626.2204581415,35507.256992544164,4378133.477450686,3812,5,2192.9184890656065,98,405,70,35.729027445897955,0.5572813121272366,40.204124579124596,33431.06362580226,341.1333023041047,0
3814,128.5300747947898,0,0,503,0.0,0.0,1.0,503,15500,11000,4500,0.7096774193548387,200,110,90,171.25612531757298,0.42253418400618864,0.8870243397812854,0.11111097410604188,4342174.6242246255,32624.800319400347,4374799.424544026,3813,6,2193.9184890656065,103,400,67,35.612541101520726,0.5585652750165673,40.064102564102576,33409.58033928689,324.36485766297955,0
3815,128.5117366212701,0,1,502,0.0,0.0019880715705765406,0.9980119284294234,503,13600,9900,3700,0.7279411764705882,173,99,74,170.1346533362658,0.4225990339503484,0.8856809886837902,0.11057533154960514,4343568.973005779,33598.32029290066,4377167.293298679,3814,7,2194.9184890656065,108,395,70,35.58038667940896,0.5598078197481776,40.003822629969434,33412.5602687146,309.3755580436537,0
3816,128.30506516016555,0,0,502,0.0,0.0,1.0,502,14200,11000,3200,0.7746478873239436,174,110,64,167.4779224903125,0.4226256981389147,0.8844857319466377,0.10928097582802487,4341162.691626073,30809.781757198165,4371972.473383271,3815,8,2199.4143426294822,113,389,68,35.509933319282965,0.5612964807436919,39.86659356725147,33376.433662689764,295.36666958132537,0
3817,128.76417683411537,2,0,504,0.003968253968253968,0.0,1.0,504,13450,10200,3250,0.758364312267658,167,102,65,167.14460281666572,0.4231824660502593,0.8848541334159148,0.10954821673131648,4361824.708669898,31561.091697309857,4393385.800367208,3816,0,2191.6825396825398,119,385,60,35.36299399699848,0.5627893518518519,39.71354166666667,33515.571548359,281.64345838957144,0
3818,128.81484504739691,0,0,504,0.0,0.0,1.0,504,13400,9400,4000,0.7014925373134329,174,94,80,151.93323754084324,0.4234197164894233,0.8798751313286202,0.09542773009587725,4313720.807104693,16879.513614141848,4330600.320718834,3817,1,2192.6825396825398,98,406,74,37.271727787716124,0.5509052579365079,41.20370370370368,33336.80480624735,340.1714776147689,8
3819,128.79072727784563,0,1,503,0.0,0.001984126984126984,0.998015873015873,504,13200,9200,4000,0.696969696969697,172,92,80,147.4415162226404,0.4237360230153471,0.8751182712373067,0.09300549621933227,4317999.811280808,13330.487844861904,4331330.29912567,3818,2,2193.6825396825398,109,395,75,37.23315505576883,0.5520833333333333,41.05113636363633,33350.212475498505,305.96525206879363,0
3820,128.41765442146664,0,0,503,0.0,0.0,1.0,503,14000,9900,4100,0.7071428571428572,181,99,82,142.77662267456176,0.4234752507531174,0.8707724543682918,0.09053186114084381,4311601.872606666,8519.190737618159,4320121.063344284,3819,3,2199.0397614314115,115,388,71,37.16764996361365,0.5534915506958251,40.86745689655171,33277.193369614186,289.3668988662103,0
3821,128.44677336560287,0,2,501,0.0,0.003976143141153081,0.9960238568588469,503,15450,11800,3650,0.7637540453074434,191,118,73,157.78701001650234,0.4234377928973305,0.8798089514918681,0.0971338119095481,4277523.774396305,18937.537327299593,4296461.311723605,3820,4,2200.0397614314115,121,382,69,37.85069145768544,0.5450008283631544,41.922814207650276,33149.1817943026,273.9601801182033,8
3822,128.2466954959065,3,0,504,0.005952380952380952,0.0,1.0,504,12500,8500,4000,0.68,165,85,80,158.96632626102962,0.4243884411783269,0.8827856121643354,0.09842302744841565,4277699.645063536,22702.03948477135,4300401.684548307,3821,0,2192.781746031746,125,379,63,37.61042826963707,0.5465649801587302,41.71626984126983,33124.03489321332,264.99227914570656,0
3823,128.3121843673267,1,0,505,0.0019801980198019802,0.0,1.0,505,14850,10700,4150,0.7205387205387206,190,107,83,162.30305629573252,0.424603993137409,0.8867178231272992,0.10095707293302415,4285408.576667172,23256.981893805074,4308665.558560977,3822,0,2189.4376237623765,88,417,65,37.354896899435445,0.5480816831683168,41.549625468164784,33162.33210673337,376.844683031061,0
3824,128.72631275686345,0,0,505,0.0,0.0,1.0,505,14000,10100,3900,0.7214285714285714,179,101,78,157.50092550956566,0.4248878608098905,0.8833147793091121,0.09467208097733969,4258053.434839885,19129.47137129501,4277182.90621118,3823,1,2190.4376237623765,113,392,59,38.73949785072292,0.5357673267326732,42.790570175438624,33109.62150761143,293.0055000673578,8
3825,129.1617180666987,4,0,509,0.007858546168958742,0.0,1.0,509,15200,10800,4400,0.7105263157894737,196,108,88,156.39303808853566,0.4262648959155155,0.8846675496748888,0.09498819260745703,4285084.6654005395,17031.481857715968,4302116.147258256,3824,0,2174.2161100196463,90,419,69,38.38219718852301,0.5380648330058939,42.410714285714256,33270.67469843053,369.67416331589476,0
3826,129.213577418219,0,0,509,0.0,0.0,1.0,509,13700,9800,3900,0.7153284671532847,176,98,78,157.72532516520917,0.4264055724002083,0.8853531775871621,0.09618184616393269,4291654.12645203,19880.508518249968,4311534.634970279,3825,1,2175.2161100196463,93,416,70,38.19993837245965,0.539456450556647,42.26507092198578,33302.85221180077,358.0951850731265,0
3827,129.24381546213388,2,2,509,0.003913894324853229,0.003913894324853229,0.9960861056751468,511,13650,10000,3650,0.7326007326007326,173,100,73,154.4703711683785,0.426898750367727,0.8831298759651545,0.09456153582206646,4297325.562879382,16911.894945867065,4314237.457825249,3826,0,2167.698630136986,99,412,69,38.141595303495464,0.5410958904109588,42.12499999999999,33328.74891229768,336.65402941714825,0
3828,129.1006588770317,2,2,509,0.003913894324853229,0.003913894324853229,0.9960861056751468,511,15550,11900,3650,0.7652733118971061,192,119,73,160.9656859504111,0.4273779146361741,0.8860161537093019,0.09907243428013349,4299079.012666092,20650.840445764625,4319729.853111857,3827,0,2167.8551859099803,110,401,69,37.7753787878788,0.5389554794520548,41.92942942942946,33317.08069743264,302.8825517948422,8
3829,129.1073560555672,3,0,512,0.005859375,0.0,1.0,512,13750,9900,3850,0.72,176,99,77,157.84176831297918,0.42749923238237936,0.8847167001309093,0.09766286645354813,4305623.709112132,19771.45198731056,4325395.161099442,3828,0,2164.6015625,113,399,62,37.66334088121525,0.54046630859375,41.739766081871366,33343.2959754622,295.07341571205484,0
3830,129.45345416853266,1,1,512,0.001949317738791423,0.001949317738791423,0.9980506822612085,513,15800,11800,4000,0.7468354430379747,198,118,80,155.2865395406697,0.42793171803931124,0.8826452841187455,0.09672074424494713,4325112.153871571,15926.339900000256,4341038.493771571,3829,0,2161.3801169590643,94,419,69,37.488069989395534,0.5421133853151396,41.50219298245611,33463.434013411425,355.993978866079,0
3831,129.28285489195125,0,0,512,0.0,0.0,1.0,512,15600,12100,3500,0.7756410256410257,191,121,70,153.8475246672547,0.42762432857346705,0.8810440742983299,0.09635349466238982,4325981.729097231,15108.316155474598,4341090.045252706,3830,1,2166.595703125,100,412,73,37.3257451926271,0.5438639322916667,41.305693069306905,33444.73854429435,334.44738544294347,0
3832,129.16998834815908,1,1,512,0.001949317738791423,0.001949317738791423,0.9980506822612085,513,13350,9200,4150,0.6891385767790262,175,92,83,154.39379457027036,0.42787191231115984,0.8817177048167819,0.09707650703856138,4326878.740092472,17658.64546565968,4344537.385558132,3831,0,2163.3703703703704,103,410,76,37.16962696385727,0.5451185834957765,41.16586538461535,33433.60215237462,324.59807914926813,0
3833,129.38498452235606,0,0,512,0.0,0.0,1.0,512,13550,10000,3550,0.7380073800738007,171,100,71,154.41611856757794,0.4277281639860568,0.8799308244223183,0.09468461223794973,4304014.2870297525,16971.836092508558,4320986.123122261,3832,1,2168.369140625,114,398,75,38.08228859390364,0.5382080078125,42.065217391304365,33372.88785560364,292.74463031231267,8
3834,128.99955073540286,1,0,513,0.001949317738791423,0.0,1.0,513,13850,10100,3750,0.7292418772563177,176,101,75,155.67411844926343,0.42799628284397334,0.8815543651617865,0.0957462411384492,4294843.146853027,17269.184152841925,4312112.3310058685,3833,0,2165.1403508771928,118,395,71,37.93844770853836,0.5397579597141,41.955532212885174,33287.62041429423,282.09847808723924,0
3835,129.29468884044994,2,0,515,0.003883495145631068,0.0,1.0,515,13000,9500,3500,0.7307692307692307,165,95,70,155.13298314240336,0.4284215115913012,0.8822874365002764,0.09580991124857327,4309656.307652854,17713.967864934373,4327370.275517789,3834,0,2157.7281553398057,126,389,60,37.80066340523319,0.5410800970873786,41.806102362204754,33383.0996555822,264.9452353617635,0
3836,129.52208899513792,0,1,514,0.0,0.001941747572815534,0.9980582524271845,515,14550,9300,5250,0.6391752577319587,198,93,105,155.7164710057166,0.42859701812045886,0.8825168633530802,0.09650110711807755,4321364.061980162,17031.512332498904,4338395.574312661,3835,1,2158.7281553398057,129,386,64,37.660266352337864,0.5426779935275081,41.68269230769235,33457.7973159082,259.3627698907613,0
3837,129.1017721438513,0,0,514,0.0,0.0,1.0,514,14850,10800,4050,0.7272727272727273,189,108,81,180.22522106930268,0.42858016474389604,0.8989472661024971,0.10831552185284402,4270294.363326869,36272.9491323181,4306567.312459187,3836,2,2163.9241245136186,106,408,52,38.16048448145345,0.5309662775616083,42.795950155763265,33205.498637466764,313.25942110817704,8
3838,128.8275472797286,3,0,517,0.005802707930367505,0.0,1.0,517,14600,10100,4500,0.6917808219178082,191,101,90,178.80195573565996,0.42929792731870914,0.8973453312028701,0.10829216996009566,4270580.116201955,34717.61538054701,4305297.731582502,3837,0,2152.3617021276596,90,427,58,37.90983151062505,0.5329021598968408,42.51373626373628,33171.32381536435,368.57026461515943,0
3839,129.0846007548158,2,1,518,0.0038535645472061657,0.0019267822736030828,0.9980732177263969,519,14350,9800,4550,0.6829268292682927,189,98,91,173.208100513021,0.43001822011937624,0.893679772601538,0.10538565151695904,4284647.0620961385,30277.115798874605,4314924.177895013,3838,0,2145.063583815029,97,422,64,37.88417904290433,0.5346419396274887,42.34693877551022,33259.042541419534,342.8767272311292,0
3840,129.14386412061776,2,2,518,0.0038461538461538464,0.0038461538461538464,0.9961538461538462,520,15950,11200,4750,0.7021943573667712,207,112,95,172.8035503771143,0.430530544439504,0.893731276345026,0.10580286441895172,4294211.660201567,28461.004190727974,4322672.664392295,3839,0,2141.6653846153845,105,415,64,37.66243045499585,0.5364983974358974,42.11871069182392,33303.786185665085,317.1789160539532,0
3841,129.05934007718201,3,0,521,0.005758157389635317,0.0,1.0,521,13450,9300,4150,0.6914498141263941,176,93,83,175.72374423436855,0.43088057975294064,0.8967916145764443,0.10829669695644929,4299266.031162345,33446.624891096755,4332712.656053442,3840,0,2138.5297504798464,110,411,66,37.34677028419077,0.5382677543186181,41.88250750750752,33312.47324345824,302.8406658496204,0
3842,129.12444051679907,3,3,521,0.0057251908396946565,0.0057251908396946565,0.9942748091603053,524,13550,9400,4150,0.6937269372693727,177,94,83,174.15203469954065,0.4314892033871917,0.8963949309200316,0.10776562679660455,4306315.347546951,31640.715966631942,4337956.063513583,3841,0,2127.280534351145,119,405,55,37.2383929371695,0.5398974236641221,41.736111111111114,33348.180158470605,280.2368080543748,0
3843,128.8125380236488,1,2,520,0.0019157088122605363,0.0038314176245210726,0.9961685823754789,522,14250,9900,4350,0.6947368421052632,186,99,87,174.75320824765782,0.4312418493515025,0.8966452361220489,0.10869746908551986,4302076.242936302,31710.32511582839,4333786.568052131,3842,0,2136.425287356322,89,433,59,37.03444543961782,0.5411278735632183,41.550925925925895,33291.48118134316,374.0615863072265,0
3844,128.3430091349831,1,2,519,0.0019193857965451055,0.003838771593090211,0.9961612284069098,521,16100,11200,4900,0.6956521739130435,210,112,98,172.0431656722589,0.4311038929081155,0.8954065625094274,0.107775454231954,4294820.401030511,27478.899557416873,4322299.300587928,3843,0,2141.47792706334,92,429,66,36.84623544183226,0.5427463211772232,41.297043010752674,33202.715972117934,360.8990866534558,0
3845,128.54550111140188,1,2,518,0.0019230769230769232,0.0038461538461538464,0.9961538461538462,520,12350,8600,3750,0.6963562753036437,161,86,75,171.08264374599125,0.43075178474383674,0.8943668363744237,0.10766337725792907,4306987.535658624,31020.16283630085,4338007.698494925,3844,0,2146.3307692307694,95,425,71,36.70625148453982,0.5439503205128204,41.13498263888887,33275.93337689556,350.27298291469015,0
3846,128.2818627871987,0,0,518,0.0,0.0,1.0,518,14450,10200,4250,0.7058823529411765,187,102,85,166.82359536832865,0.43071127047190877,0.8911155506329786,0.10546644249556958,4303560.78504051,25537.096609319873,4329097.881649829,3845,1,2155.3783783783783,101,417,64,36.651027703306525,0.5450249356499357,40.9722222222222,33228.565846961574,328.9957014550651,0
3847,128.42567646870515,3,1,520,0.005758157389635317,0.0019193857965451055,0.9980806142034548,521,13950,10400,3550,0.7455197132616488,175,104,71,163.30397150034926,0.43140502731433633,0.8838223571819044,0.1006268392235079,4277971.068916514,21571.933103533967,4299543.002020048,3846,0,2143.961612284069,126,395,75,37.673053904901145,0.5400471849008317,41.88812335958008,33148.19236215331,263.08089176312154,8
3848,128.10851718419764,0,0,520,0.0,0.0,1.0,520,15250,11200,4050,0.7344262295081967,193,112,81,166.2180364485771,0.4314905390049899,0.8867506000971683,0.10282369906573402,4272060.160537306,22768.69029494247,4294828.850832249,3847,1,2149.0807692307694,128,392,58,37.45479227899027,0.5412660256410257,41.74741602067186,33084.35559257957,258.4715280670279,0
3849,128.26598811891324,1,2,519,0.0019193857965451055,0.003838771593090211,0.9961612284069098,521,14000,10900,3100,0.7785714285714286,171,109,62,162.58618592462156,0.43192609134307786,0.8851517773379882,0.10122301252726318,4284918.897777032,21133.724117178186,4306052.621894211,3848,0,2145.953934740883,97,424,63,37.31529456918057,0.5429662507997441,41.51785714285711,33154.46746466512,341.79863365634145,0
3850,127.87680463071487,4,0,523,0.0076481835564053535,0.0,1.0,523,14450,10700,3750,0.740484429065744,182,107,75,157.37664281740066,0.43287113347936185,0.8806194200949093,0.0986491746004967,4279953.834507032,15662.953177634216,4295616.787684667,3849,0,2135.4646271510514,108,415,69,37.20311749713737,0.545012746972594,41.2748470948012,33084.94583110965,306.3420910287931,0
3851,127.72377399418781,1,3,521,0.0019083969465648854,0.0057251908396946565,0.9942748091603053,524,15450,11800,3650,0.7637540453074434,191,118,73,182.06006730653561,0.43354424221194027,0.8985068453766012,0.10582452520804628,4184077.3161271433,32100.67955796923,4216177.995685113,3850,0,2132.3874045801526,101,423,70,39.37586445366527,0.5113311068702291,44.03594771241827,32692.69476501515,323.6900471783678,8
3852,128.13162031082916,4,2,523,0.007619047619047619,0.0038095238095238095,0.9961904761904762,525,15700,12000,3700,0.7643312101910829,194,120,74,189.95778225336466,0.4339534108808918,0.9040227087545936,0.11123279874472468,4206510.442451584,39111.87893474222,4245622.321386326,3851,0,2129.272380952381,109,416,56,38.891981410990795,0.5134325396825397,43.75946969696967,32832.514337032946,301.2157278626876,0
3853,127.8832639674467,2,0,525,0.0038095238095238095,0.0,1.0,525,14350,10100,4250,0.7038327526132404,186,101,85,186.5341437883622,0.43449594086998666,0.9023905570259505,0.10994376619091434,4206341.722957954,37575.27035464633,4243916.9933126,3852,0,2127.942857142857,88,437,60,38.731613732469384,0.515436507936508,43.515917602996275,32800.02161262459,372.7275183252794,0
3854,128.2639729883316,3,0,528,0.005681818181818182,0.0,1.0,528,14500,10400,4100,0.7172413793103448,186,104,82,180.54940687414577,0.4356458920322772,0.9000703280617208,0.10709914525321543,4226677.831596564,32524.835108573425,4259202.666705137,3853,0,2116.846590909091,94,434,66,38.643417474622375,0.5174400252525253,43.27850877192985,32928.11841640171,350.2991320893799,0
3855,128.36011785546748,1,1,528,0.001890359168241966,0.001890359168241966,0.998109640831758,529,15450,11300,4150,0.7313915857605178,196,113,83,184.6137723114336,0.4362773529243284,0.9029697529102185,0.11018343053369205,4237314.274424275,35203.31453411156,4272517.588958387,3854,0,2113.843100189036,96,433,63,38.30836154414125,0.5191005040957781,43.05197594501721,32981.87865042743,343.5612359419524,0
3856,128.43149464474274,2,2,528,0.0037735849056603774,0.0037735849056603774,0.9962264150943396,530,14100,10400,3700,0.7375886524822695,178,104,74,188.0082667650227,0.4367575287417817,0.9046322602015453,0.11272884335182211,4245283.43710048,39529.67618710532,4284813.113287586,3855,0,2110.822641509434,101,429,53,38.04791244654513,0.5206761006289309,42.881944444444464,33022.05617515026,326.9510512391115,0
3857,128.6508896983004,0,1,527,0.0,0.001893939393939394,0.9981060606060606,528,15250,9900,5350,0.6491803278688525,206,99,107,189.27919037336744,0.43655490208057807,0.9055686521374202,0.11381536430100903,4256003.55837318,40264.58155101028,4296268.139924191,3856,1,2119.7670454545455,105,423,55,37.90842884431712,0.5219578598484849,42.77712264150945,33091.952022926824,315.1614478373983,0
3858,128.4849889029435,2,3,526,0.003780718336483932,0.005671077504725898,0.994328922495274,529,14350,10500,3850,0.7317073170731707,182,105,77,189.56091940534645,0.4370687319795306,0.9060632752969375,0.11477449327683947,4258868.032279968,41312.987965005595,4300181.020244974,3857,0,2116.7315689981097,84,445,59,37.64378073933047,0.5238854757403907,42.52450980392157,33081.73550062307,393.830184531227,0
3859,128.28152404485158,0,1,525,0.0,0.0019011406844106464,0.9980988593155894,526,15050,10600,4450,0.7043189368770764,195,106,89,190.1101203073235,0.4364920936688998,0.906478763346102,0.11561136995142764,4257387.476941935,41624.489087264235,4299011.966029199,3858,1,2129.752851711027,84,442,63,37.467297721543076,0.525229721166033,42.36519607843137,33049.78529405526,393.4498249292293,0
3860,128.6843562599633,2,1,526,0.003795066413662239,0.0018975332068311196,0.9981024667931688,527,14800,10400,4400,0.7027027027027027,192,104,88,193.95786999836926,0.43704170003583426,0.9093585906752091,0.11922564351331322,4283678.474276022,45970.63052568647,4329649.104801709,3859,0,2119.406072106262,90,437,61,36.97114886946747,0.5299059139784946,41.97573260073257,33203.68674972301,368.9298527747001,8
3861,128.83424538222053,1,0,527,0.0018975332068311196,0.0,1.0,527,15700,10700,5000,0.6815286624203821,207,107,100,174.95522741614673,0.4373770451391645,0.8999815191804281,0.10493807528187038,4259011.3300650725,27927.259163898092,4286938.589228971,3860,0,2120.371916508539,96,431,56,38.37078182425667,0.5229087602783049,42.86941580756017,33127.224779122924,345.0752581158638,8
3862,128.37845677449627,2,0,529,0.003780718336483932,0.0,1.0,529,13350,9200,4150,0.6891385767790262,175,92,83,171.911223864863,0.437702133575834,0.8988537784071624,0.10350830668268857,4248588.22142971,26926.000168766786,4275514.221598477,3861,0,2113.351606805293,101,428,60,38.305976765110636,0.5243186830497795,42.72875816993468,33028.08499860251,327.0107425604209,0
3863,127.98772242082836,3,0,532,0.005639097744360902,0.0,1.0,532,14400,10500,3900,0.7291666666666666,183,105,78,168.8431955322284,0.4384801162510797,0.8971657337504078,0.10235285934349361,4243824.340428206,22508.172583069252,4266332.513011276,3862,0,2102.4285714285716,86,446,63,38.13280717252495,0.5259241854636592,42.48084291187738,32959.29039544019,383.2475627376767,0
3864,127.5256659556237,1,0,533,0.001876172607879925,0.0,1.0,533,15300,10800,4500,0.7058823529411765,198,108,90,168.84379421551756,0.4386715792765215,0.8973869997171453,0.10291937491915984,4235098.7160928175,21114.027220474843,4256212.743313292,3863,0,2099.4821763602254,89,444,66,37.92865189143875,0.5275758286429018,42.280092592592574,32865.90282215111,369.2798069904619,0
3865,127.84082268336051,1,0,534,0.0018726591760299626,0.0,1.0,534,15950,11400,4550,0.7147335423197492,205,114,91,168.3360072833768,0.4392121392583848,0.896722257355147,0.10323087161976326,4252773.233782622,20428.973211314515,4273202.206993937,3864,0,2096.5486891385767,94,440,67,37.719368163010806,0.5293188202247191,42.0614035087719,32975.08237722964,350.7987486939324,0
3866,127.54116471267834,1,1,534,0.001869158878504673,0.001869158878504673,0.9981308411214953,535,14400,9200,5200,0.6388888888888888,196,92,104,168.6428093273742,0.4396351814904267,0.8973072764317314,0.1037890688887019,4247049.822501029,21846.88268397868,4268896.705185007,3865,0,2093.6280373831773,97,438,67,37.58027341872949,0.5307242990654206,41.93239795918365,32914.24253889343,339.32208802982916,0
3867,127.97248953537597,3,3,534,0.00558659217877095,0.00558659217877095,0.994413407821229,537,15150,10300,4850,0.6798679867986799,200,103,97,175.07676895187203,0.43993704082010804,0.9016897823049403,0.10839770938554082,4268553.438718834,26914.9088298595,4295468.347548693,3866,0,2086.5940409683426,104,433,62,37.194321746367066,0.5327048417132216,41.71626984126984,33053.21195489598,317.81934572015365,0
3868,127.69636625350974,2,0,536,0.0037313432835820895,0.0,1.0,536,15600,10900,4700,0.6987179487179487,203,109,94,171.2992096248546,0.4399354715906449,0.8994289757457987,0.10678636756990549,4267424.892275837,23401.302236056108,4290826.194511893,3867,0,2091.481343283582,79,457,70,37.04277889700331,0.5343011504975124,41.47135416666667,33013.16864535727,417.8882107007249,0
3869,127.9616570604117,1,0,537,0.00186219739292365,0.0,1.0,537,15600,11900,3700,0.7628205128205128,193,119,74,169.58459237026563,0.43996107104144083,0.8978482233702163,0.10618053765030123,4281451.083704766,22213.62735666164,4303664.711061427,3868,0,2088.584729981378,85,452,71,36.928514850712524,0.5361770639354438,41.3154069767442,33101.709179254154,389.4318726971077,0
3870,127.89282476311665,1,0,538,0.0018587360594795538,0.0,1.0,538,15850,12300,3550,0.7760252365930599,194,123,71,168.6474192519032,0.4402079886422112,0.8977826491481289,0.10602930100450696,4283993.731519739,21046.89738242694,4305040.628902166,3869,0,2085.700743494424,89,449,72,36.80386315193252,0.5379298327137547,41.16898148148148,33102.630094647895,371.9396639848078,0
3871,127.52125925103906,2,0,540,0.003703703703703704,0.0,1.0,540,15550,11900,3650,0.7652733118971061,192,119,73,169.23476232833767,0.44043295769486246,0.8967682763000404,0.10261915940170778,4228694.964177076,19578.437444309853,4248273.4016213855,3870,0,2078.972222222222,91,449,65,38.11226826408737,0.5277006172839507,42.47056159420291,32840.47827972032,360.8843767002233,8
3872,127.4774456880639,2,1,541,0.0036900369003690036,0.0018450184501845018,0.9981549815498155,542,14350,10400,3950,0.7247386759581882,183,104,79,169.13543349074288,0.44098356649000875,0.896792176127517,0.10313598315548406,4233946.728426716,20472.083057834774,4254418.811484551,3871,0,2072.2970479704795,98,444,67,37.9072259644826,0.529289667896679,42.266414141414174,32855.21919327824,335.2573387069208,0
3873,127.56005324480675,2,0,543,0.003683241252302026,0.0,1.0,543,16550,12300,4250,0.743202416918429,208,123,85,169.17137521776945,0.441539871199817,0.8970659847486278,0.10385109634473326,4244670.145065944,18465.337157323884,4263135.482223268,3872,0,2069.421731123389,104,439,67,37.6595908321797,0.5310197974217311,42.02380952380954,32907.456593035466,316.41785185611025,0
3874,127.67388003146557,2,1,544,0.003669724770642202,0.001834862385321101,0.998165137614679,545,13700,9200,4500,0.6715328467153284,182,92,90,169.4741988810714,0.44198610923727294,0.8988434773548586,0.10462373975204181,4255140.762681363,21527.314376323513,4276668.077057687,3873,0,2062.823853211009,107,438,56,37.44551952580194,0.532473241590214,41.820987654320994,32962.7162488646,308.06276868097757,0
3875,127.92656110916049,2,2,544,0.003663003663003663,0.003663003663003663,0.9963369963369964,546,14750,10100,4650,0.6847457627118644,194,101,93,173.16788368530223,0.44227422679257544,0.9016501500491825,0.1074007695195592,4269065.603989448,23903.01119131207,4292968.615180761,3874,0,2060.0421245421244,84,462,60,37.18069588729184,0.5343406593406593,41.65441176470585,33049.262680664004,393.44360334123814,0
3876,127.92884325169386,1,0,545,0.001834862385321101,0.0,1.0,545,16000,11400,4600,0.7125,206,114,92,178.71942392134721,0.44210064759848894,0.8999596538305115,0.10756114343696088,4233188.368847789,26310.597326204905,4259498.966173994,3875,0,2064.8128440366972,114,431,58,38.146910906892955,0.527599388379205,42.744565217391305,32910.390191950704,288.68763326272546,8
3877,128.1754654709038,2,1,546,0.003656307129798903,0.0018281535648994515,0.9981718464351006,547,15850,11600,4250,0.7318611987381703,201,116,85,178.8019557356599,0.4426100128796655,0.9007566348385567,0.10829216996009564,4248963.8728929255,26694.61006468472,4275658.48295761,3876,0,2058.259597806216,90,457,63,37.90983151062505,0.5292123705057892,42.51373626373628,33003.42170675967,366.704685630663,0
3878,128.3935136593421,1,0,547,0.0018281535648994515,0.0,1.0,547,14650,10200,4450,0.6962457337883959,191,102,89,175.53256129819982,0.44267390896732767,0.898928770200152,0.106791206229635,4261609.8156404905,25560.25723858509,4287170.072879076,3877,0,2059.2449725776964,92,455,69,37.82731237954472,0.5305834856794638,42.349910394265244,33080.60029912472,359.57174238179044,0
3879,128.85560126955437,1,0,548,0.0018248175182481751,0.0,1.0,548,16800,12400,4400,0.7380952380952381,212,124,88,179.97379925422183,0.44293921556199045,0.9009789350026054,0.11022878829610182,4285017.04170744,27838.15937303516,4312855.201080475,3878,0,2056.485401459854,96,452,68,37.46555971961968,0.5322194343065694,42.106958762886606,33230.96289184234,346.15586345669107,0
3880,128.48001904986572,3,1,550,0.0054446460980036296,0.0018148820326678765,0.9981851179673321,551,15400,10500,4900,0.6818181818181818,203,105,98,178.7938062135403,0.4431636693614915,0.9008261284409047,0.11005258506684382,4278489.36592988,27393.479715752146,4305882.845645633,3879,0,2046.2831215970962,103,448,72,37.312899428187045,0.5339345130066546,41.927083333333336,33157.21324958777,321.91469174357053,0
3881,128.70918626048427,0,0,550,0.0,0.0,1.0,550,15000,11000,4000,0.7333333333333333,190,110,80,179.0175683456701,0.4431211017276591,0.9004291482860598,0.11050363975333514,4289519.745041547,28579.878825616124,4318099.623867163,3880,1,2050.9945454545455,111,439,55,37.20298671902208,0.5353030303030303,41.8247767857143,33229.522892529785,299.3650711038719,0
3882,128.46619853023537,2,1,551,0.0036231884057971015,0.0018115942028985507,0.9981884057971014,552,14600,9900,4700,0.678082191780822,193,99,94,178.706705995446,0.44351549554170283,0.9024926768412882,0.1108355723226764,4287069.234540086,28225.60425581427,4315294.8387959,3881,0,2044.5597826086957,85,467,59,37.03774790191758,0.536911231884058,41.65455426356587,33188.65732135866,390.45479201598425,0
3883,128.2530402625755,1,1,551,0.0018115942028985507,0.0018115942028985507,0.9981884057971014,552,14050,10100,3950,0.7188612099644128,180,101,79,184.6466162786152,0.4438606491710286,0.9067468922586572,0.11341423455012573,4268396.035104979,33178.97696383882,4301575.012068817,3882,0,2045.554347826087,101,451,61,37.23986165538536,0.5343636775362319,42.003676470588246,33088.81286921423,327.6120086060815,7
3884,127.86825717947842,1,2,550,0.0018115942028985507,0.0036231884057971015,0.9963768115942029,552,16150,11700,4450,0.7244582043343654,206,117,89,182.93386160566618,0.44410593497111095,0.9067201746104643,0.11294177542610734,4261711.632672749,29372.27320292334,4291083.905875673,3883,0,2046.5452898550725,109,443,50,37.09516211854462,0.5359299516908212,41.81818181818183,33013.2591263382,302.87393693888254,0
3885,128.18542377631982,0,0,550,0.0,0.0,1.0,550,16500,11900,4600,0.7212121212121212,211,119,92,188.70158389275915,0.4439623006016449,0.9106938006616467,0.11703799092152097,4277734.990357715,34943.073630796214,4312678.0639885105,3884,1,2049.7818181818184,78,472,56,36.77844128004902,0.5376515151515151,41.65348101265825,33116.25801752964,424.56741048114924,0
3886,128.52160315628646,1,1,550,0.0018148820326678765,0.0018148820326678765,0.9981851179673321,551,16250,12600,3650,0.7753846153846153,199,126,73,189.08725134291697,0.4442788593741407,0.9061146072552859,0.11449849827395608,4260195.591515674,34659.734916582216,4294855.326432256,3885,0,2047.059891107078,88,463,63,37.65246905162352,0.5265426497277677,42.52106741573033,33091.60519469969,376.04096812158735,6
3887,128.0609784480552,2,0,552,0.0036231884057971015,0.0,1.0,552,16650,12500,4150,0.7507507507507507,208,125,83,190.07308949910532,0.44489686351999436,0.9071492031158559,0.1158514361929783,4252790.068521978,34618.1894630178,4287408.257984996,3886,0,2044.25,92,460,67,37.38419386616828,0.5285137379227054,42.28270609318997,33003.52882069123,358.73400892055685,0
3888,127.73184011389489,0,2,550,0.0,0.0036231884057971015,0.9963768115942029,552,16050,11600,4450,0.7227414330218068,205,116,89,185.40650108091648,0.44504255547664767,0.9042715484363077,0.11355105800832754,4247593.428852509,31056.28713156734,4278649.715984076,3887,1,2045.25,98,454,68,37.32711138310895,0.5299290458937198,42.10858585858586,32940.9448778574,336.13209059038167,0
3889,127.40261010024422,4,0,554,0.007220216606498195,0.0,1.0,554,15100,10500,4600,0.695364238410596,197,105,92,181.68699686433277,0.44603252579192804,0.9029106648504128,0.11185694747842985,4242860.160169982,28274.504123321727,4271134.664293304,3888,0,2033.4873646209387,102,452,72,37.23051125305328,0.5319268953068592,41.91949838187703,32880.129522129224,322.3542110012669,0
3890,127.0882067308154,5,2,557,0.008944543828264758,0.0035778175313059034,0.9964221824686941,559,14950,10700,4250,0.7157190635451505,192,107,85,195.07571267361672,0.4473331206733307,0.9134113643764707,0.11463685848444904,4176582.1728540827,36199.948781887084,4212782.12163597,3889,0,2016.2898032200358,75,484,63,38.6254232379934,0.509074985092427,43.62664473684212,32582.029973957113,434.42706631942815,8
3891,127.27696166618811,6,0,563,0.010657193605683837,0.0,1.0,563,15400,10600,4800,0.6883116883116883,202,106,96,188.054365768533,0.44859742440619543,0.9104570623810953,0.11162493087361583,4194954.778133783,29775.912045925885,4224730.690179708,3890,0,2002.9467140319716,83,480,71,38.425747037609504,0.5113232682060391,43.25396825396827,32677.85484048573,393.70909446368347,0
3892,127.12343653782797,2,2,563,0.0035398230088495575,0.0035398230088495575,0.9964601769911504,565,17350,11800,5550,0.6801152737752162,229,118,111,188.89699075472657,0.4492261867403084,0.910693353057239,0.1127885078058212,4197010.27579827,28210.522252992727,4225220.798051262,3891,0,1996.8530973451327,88,477,67,38.18207697563199,0.5135508849557522,43.036048689138596,32666.140556976017,371.2061426929093,0
3893,126.88299274219962,1,1,563,0.0017730496453900709,0.0017730496453900709,0.99822695035461,564,18950,14000,4950,0.7387862796833773,239,140,99,196.11697921182034,0.44928936296184324,0.9147707920120973,0.11800415670835437,4198301.224186424,32921.63078174647,4231222.854968171,3892,0,2000.8812056737588,92,472,56,37.70808841671383,0.5155141843971631,42.75313620071685,32640.25195239814,354.7853473086754,0
3894,126.82619443442556,2,1,564,0.0035398230088495575,0.0017699115044247787,0.9982300884955753,565,15800,10900,4900,0.689873417721519,207,109,98,196.72593560955374,0.44969782317621704,0.9128078276345697,0.11278814267943997,4137843.26066866,34004.21737214351,4171847.4780408037,3893,0,1998.3345132743364,87,478,57,39.529657089898045,0.5048856932153392,44.55492424242421,32397.12684534646,372.38076833731566,8
3895,126.55766365101977,2,3,563,0.0035335689045936395,0.00530035335689046,0.9946996466431095,566,15800,11100,4700,0.7025316455696202,205,111,94,198.98621673295423,0.4500291858198609,0.9131397109751955,0.11456551498970674,4134241.5780591797,35531.41813561335,4169772.996194793,3894,0,1995.7950530035337,91,475,60,39.30920081210777,0.506404593639576,44.39538043478258,32348.723470581324,355.4804776986959,0
3896,126.40035640684586,3,1,565,0.00530035335689046,0.0017667844522968198,0.9982332155477032,566,17550,11900,5650,0.6780626780626781,232,119,113,196.39755767195257,0.4505056703878587,0.9126855673613816,0.1140033911906748,4139071.851231462,31830.720522116488,4170902.5717535783,3895,0,1996.570671378092,101,465,58,39.06094117881797,0.5085394581861014,44.08700980392155,32347.49316992575,320.27220960322524,0
3897,126.21632392162017,3,1,567,0.00528169014084507,0.0017605633802816902,0.9982394366197183,568,15650,10800,4850,0.6900958466453674,205,108,97,201.11577691906837,0.45116396682564525,0.9160643901813061,0.11758389061737493,4141754.931825616,37344.45218449726,4179099.3840101133,3896,0,1990.468309859155,107,461,49,38.66528149040575,0.5105083626760563,43.81751543209875,32334.411455267484,302.1907612641821,0
3898,126.73750696966712,4,1,570,0.0070052539404553416,0.0017513134851138354,0.9982486865148862,571,15850,11500,4350,0.7255520504731862,202,115,87,174.81851472011988,0.4521006800421954,0.9055931050957289,0.1045657854452279,4186375.0329246335,16321.173063456112,4202696.20598809,3897,0,1981.0035026269702,98,473,67,38.47804432072485,0.522639375364857,42.971380471380485,32575.166458912492,332.399657744005,8
3899,126.73546967492899,1,0,571,0.0017513134851138354,0.0,1.0,571,16500,12100,4400,0.7333333333333333,209,121,88,173.2270881929636,0.4523160096680698,0.9039817178858855,0.10419256433696138,4192976.3329795194,14567.41620481168,4207543.749184331,3898,0,1981.9964973730298,106,465,58,38.310767765456866,0.5242265032107414,42.766744548286624,32600.577445684157,307.55261741211467,0
3900,127.28006254364352,1,2,570,0.0017482517482517483,0.0034965034965034965,0.9965034965034965,572,14650,9400,5250,0.6416382252559727,199,94,105,175.00655893791196,0.45265942463840886,0.9045133895100181,0.10593254159384578,4218593.892740069,18606.320144985097,4237200.212885054,3899,0,1979.5297202797203,89,483,60,38.02891099123398,0.5259688228438228,42.53472222222221,32770.19665837195,368.20445683563986,0
3901,127.47734370608295,1,0,571,0.0017513134851138354,0.0,1.0,571,14900,10200,4700,0.6845637583892618,196,102,94,177.72584795537273,0.4530350979608975,0.9055160779895137,0.10825889817075038,4232672.158052749,21351.049681403365,4254023.207734153,3900,0,1982.353765323993,92,479,64,37.72520319902638,0.5275467016929364,42.305107526881706,32850.26037909762,357.0680475988872,0
3902,127.45864532138224,1,0,572,0.0017482517482517483,0.0,1.0,572,17150,12700,4450,0.7405247813411079,216,127,89,175.42177373317568,0.4530634463318351,0.9044675230099222,0.10731118290327508,4237125.286495272,17106.80665733784,4254232.09315261,3901,0,1979.8863636363637,98,474,66,37.627434777877525,0.529173951048951,42.1506734006734,32865.125865380774,335.358427197763,0
3903,127.91726361482483,0,2,570,0.0,0.0034965034965034965,0.9965034965034965,572,17650,13000,4650,0.7365439093484419,223,130,93,174.6244744948059,0.45316225113182207,0.9041994910737821,0.10726811868136221,4257329.017050855,16636.768470797848,4273965.785521653,3902,1,1980.8863636363637,102,470,63,37.495100152875224,0.5306854603729604,42.000404530744326,33002.6022661588,323.5549241780274,0
3904,127.95954391969093,1,2,569,0.0017513134851138354,0.0035026269702276708,0.9964973730297724,571,15400,10100,5300,0.6558441558441559,207,101,106,177.8358101997714,0.4531170307555228,0.9062794405925112,0.10975630923719823,4264342.793398218,22070.571126706258,4286413.364524924,3903,0,1978.9754816112084,107,464,59,37.239456856079016,0.53219862813777,41.83063271604939,33035.23449168956,308.74050926812674,0
3905,128.01199171817203,0,0,569,0.0,0.0,1.0,569,16950,12500,4450,0.7374631268436578,214,125,89,179.78040479517074,0.4530801350280948,0.9064185483078517,0.11131692487601053,4269945.591678306,22780.509385055695,4292726.101063362,3904,3,1986.9068541300528,109,460,60,37.070539260617124,0.5336482132396017,41.71401515151514,33063.703353344026,303.3367280123305,0
3906,127.69207105431468,0,0,569,0.0,0.0,1.0,569,15100,11200,3900,0.7417218543046358,190,112,78,178.19284940780213,0.45295843234568517,0.9060413955535958,0.1107932557564898,4264189.129762835,23069.602289244143,4287258.732052079,3905,4,1987.9068541300528,81,488,62,36.959914471097164,0.5349846221441125,41.56504065040652,33000.095192187415,407.4085826195977,0
3907,127.23702794657284,3,4,568,0.005244755244755245,0.006993006993006993,0.993006993006993,572,14550,9900,4650,0.6804123711340206,192,99,93,176.21318723688637,0.4532113664939847,0.9044654310611755,0.11062625725810303,4260338.809510719,21195.576066577,4281534.385577296,3906,0,1978.4755244755245,90,482,69,36.660197431473996,0.5368407634032635,41.220238095238095,32926.36779748365,365.8485310831516,0
3908,127.70351237509607,2,1,569,0.0035087719298245615,0.0017543859649122807,0.9982456140350877,570,15650,10500,5150,0.670926517571885,208,105,103,178.0519386285648,0.4527830450467117,0.9040576041035528,0.1122952672046874,4281348.596949725,22810.48352631632,4304159.080476042,3907,0,1986.2035087719298,93,477,71,36.44665375672243,0.5383406432748539,41.057180851063826,33067.907509628385,355.5688979529934,0
3909,127.41031613260905,1,2,568,0.0017543859649122807,0.0035087719298245615,0.9964912280701754,570,16800,11700,5100,0.6964285714285714,219,117,102,165.8310653525794,0.4527967913339294,0.9028165518034967,0.10340824101521508,4258214.626216751,10428.853593092208,4268643.479809843,3908,0,1983.8315789473684,85,485,67,37.17337198407124,0.5385599415204678,41.4607558139535,32940.56683443007,387.5360804050597,8
3910,127.43623426513267,1,3,566,0.0017574692442882249,0.005272407732864675,0.9947275922671354,569,15350,10500,4850,0.6840390879478827,202,105,97,165.57185388336333,0.4527812930600592,0.9022545544025391,0.10371375370080013,4264388.32044213,12062.535978833592,4276450.856420963,3909,0,1988.311072056239,87,482,70,37.01636734538246,0.5401654950205038,41.29971590909092,32967.79000786558,378.9401150329377,0
3911,127.96219715401514,0,0,566,0.0,0.0,1.0,566,15300,10700,4600,0.6993464052287581,199,107,92,164.36674783693053,0.45256568112407103,0.900455046056378,0.10337381412206602,4286724.789567382,12419.002506627497,4299143.79207401,3910,1,1992.9010600706713,95,471,71,36.90216062320967,0.541685070671378,41.156684027777764,33122.15943043638,348.65430979406716,0
3912,127.60518760433621,1,2,565,0.001763668430335097,0.003527336860670194,0.9964726631393298,567,17150,12600,4550,0.7346938775510204,217,126,91,166.3923409210167,0.45258816784140693,0.9022417029566272,0.1051938019720996,4280859.892506644,11910.459733813035,4292770.352240457,3911,0,1990.384479717813,98,469,68,36.662198391420894,0.5434119635508524,40.9722222222222,33053.28817806738,337.2784507966059,0
3913,127.79900692603985,1,2,564,0.0017667844522968198,0.0035335689045936395,0.9964664310954063,566,16650,11700,4950,0.7027027027027027,216,117,99,165.1330806750639,0.45275486777781254,0.9014611613512384,0.10485705132657319,4292496.983089606,11916.650121199236,4304413.633210805,3912,0,1989.3939929328621,102,464,59,36.53718589043228,0.5449609835100118,40.81715210355984,33123.31057342752,324.7383389551718,0
3914,127.62863701834235,2,0,566,0.0035335689045936395,0.0,1.0,566,16500,11400,5100,0.6909090909090909,216,114,102,166.6102159642585,0.4526648998822144,0.90319582215789,0.10637421480794981,4293133.205172667,13355.970095429773,4306489.175268097,3913,0,1990.3710247349823,99,467,61,36.30354752342708,0.5466725559481743,40.62500000000001,33103.67772663262,334.38058309729917,0
3915,127.1971869963047,2,0,568,0.0035211267605633804,0.0,1.0,568,17350,12000,5350,0.69164265129683,227,120,107,162.9634162411286,0.45280019882670514,0.9015061507892916,0.10490916049841455,4288171.775403394,8813.024389705632,4296984.7997931,3914,0,1984.3591549295775,89,479,66,36.10406916276654,0.5486539025821596,40.335648148148174,33028.575118774526,371.10758560420817,0
3916,127.30727590775162,0,2,566,0.0,0.0035211267605633804,0.9964788732394366,568,17150,11900,5250,0.6938775510204082,224,119,105,162.2565966440794,0.45270627106258954,0.9013073888565233,0.10477492532522184,4295418.854439875,8642.008896445732,4304060.863336321,3915,1,1985.3591549295775,91,477,67,36.01375328713189,0.5500843603286385,40.22871376811596,33070.77480923417,363.4151077937821,0
3917,127.08340864154044,0,2,564,0.0,0.0035335689045936395,0.9964664310954063,566,16600,12100,4500,0.7289156626506024,211,121,90,160.9850309484335,0.45245760238489846,0.8998023782642957,0.10437505234516377,4292510.106144546,8405.974456829492,4300916.080601376,3916,2,1993.2226148409893,96,470,70,35.90386522331948,0.551420789163722,40.08805841924401,33030.49548272364,344.0676612783713,0
3918,127.33945214773075,0,0,564,0.0,0.0,1.0,564,14950,10600,4350,0.7090301003344481,193,106,87,164.0772531725009,0.4519205938299132,0.9008023976148736,0.1067581879803431,4305234.535261292,13528.21136181342,4318762.746623105,3917,3,2001.241134751773,100,464,69,35.698350057510034,0.552452718676123,39.96493399339936,33112.722844479824,331.1272284447982,0
3919,126.98458186099174,0,0,564,0.0,0.0,1.0,564,15500,10500,5000,0.6774193548387096,205,105,100,165.1857915475686,0.4517617515714952,0.9012671129811654,0.10801939981304437,4298959.954160815,13725.420571871753,4312685.374732687,3918,4,2002.241134751773,104,460,57,35.493394715772666,0.5539487293144207,39.791666666666686,33042.44640507913,317.7158308180685,0
3920,126.75555996133467,1,1,564,0.0017699115044247787,0.0017699115044247787,0.9982300884955753,565,15500,11200,4300,0.7225806451612903,198,112,86,162.578293581212,0.45173565346555367,0.9000826920491705,0.10665989654246377,4294897.608152643,11151.424847898425,4306049.033000541,3919,0,1999.6955752212389,107,458,59,35.44754229961717,0.5553834808259587,39.67978395061731,32997.03475459549,308.38350237939704,0
3921,127.09111325778751,0,0,564,0.0,0.0,1.0,564,15050,10700,4350,0.7109634551495017,194,107,87,165.68467879633542,0.45153939865378395,0.9022872270767528,0.10897358049374287,4309151.051270664,14942.061562935614,4324093.1128336,3920,1,2004.1879432624114,111,453,62,35.27808284819702,0.5567745271867612,39.59263392857145,33095.46205454636,298.157315806724,0
3922,126.94346099811915,0,0,564,0.0,0.0,1.0,564,15200,10900,4300,0.7171052631578947,195,109,86,164.89093917569855,0.45141775737038575,0.9018170977012909,0.10890294727075277,4308857.89190482,14098.324914159904,4322956.21681898,3921,2,2005.1879432624114,85,479,64,35.15386507678241,0.557956560283688,39.450096899224775,33075.106462336655,389.1188995569018,0
3923,126.9711442569098,0,2,562,0.0,0.0035460992907801418,0.9964539007092199,564,16000,11000,5000,0.6875,210,110,100,163.05733606796946,0.451076912458167,0.9001060872650937,0.10812880488562514,4314380.756517978,11898.286588145354,4326279.043106124,3922,3,2006.1879432624114,91,473,65,35.06087850359048,0.5593417553191489,39.31159420289853,33099.90517856739,363.73522174249877,0
3924,127.03934765010032,0,2,560,0.0,0.0035587188612099642,0.99644128113879,562,16400,11900,4500,0.725609756097561,209,119,90,159.54267632428036,0.45082530612805893,0.8972837527417084,0.10602086180702142,4319076.075531919,9015.391267705925,4328091.466799624,3923,4,2014.081850533808,93,469,70,35.079567025059134,0.5608874555160142,39.239804964539,33126.80507041777,356.20220505825563,0
3925,127.10112017146952,0,1,559,0.0,0.0017857142857142857,0.9982142857142857,560,15400,10500,4900,0.6818181818181818,203,105,98,160.70642816808143,0.4506462832225913,0.897833664007414,0.10738618758027718,4327414.490452457,11688.66519268199,4339103.1556451395,3924,5,2021.0696428571428,95,465,74,34.85804156790997,0.5625186011904761,39.05164930555554,33166.82768016121,349.1245018964338,0
3926,126.82938739033074,0,0,559,0.0,0.0,1.0,559,15000,10600,4400,0.7066666666666667,194,106,88,160.1005870774049,0.45041335120104814,0.8970923239000581,0.10736258828552887,4322157.501962416,11595.990701038441,4333753.492663454,3925,6,2025.6332737030411,98,461,74,34.751246036863925,0.5637857781753131,38.93097643097643,33111.22432585104,337.86963597807187,0
3927,126.95854039997721,1,0,560,0.0017857142857142857,0.0,1.0,560,15250,10500,4750,0.6885245901639344,200,105,95,158.60797929107122,0.450363837954681,0.8969041021376456,0.10696549418121354,4332904.883549733,10196.657608046342,4343101.541157779,3926,0,2023.0142857142857,99,461,58,34.59578465770899,0.5651971726190477,38.739583333333314,33169.24116428965,335.04284004332976,0
3928,127.26235873538556,0,0,560,0.0,0.0,1.0,560,16400,11900,4500,0.725609756097561,209,119,90,160.14646841085764,0.4503927213774597,0.8976664931515761,0.10835179395871715,4346886.328224689,10827.698809724,4357714.027034413,3927,1,2024.0142857142857,104,456,60,34.445219388142405,0.5664620535714286,38.63095238095237,33262.441500421206,319.8311682732808,0
3929,127.43369680198116,0,1,559,0.0,0.0017857142857142857,0.9982142857142857,560,17800,13200,4600,0.7415730337078652,224,132,92,158.44090988931038,0.4504388416815743,0.8969028702068917,0.10752077599216546,4356107.476124825,8237.126418569249,4364344.602543394,3928,2,2025.0142857142857,87,473,62,34.38707237388142,0.56796875,38.529829545454554,33320.11042446695,382.98977499387297,0
3930,127.81874697887795,0,2,557,0.0,0.0035778175313059034,0.9964221824686941,559,15450,11000,4450,0.7119741100323624,199,110,89,160.694804926162,0.45037354424076104,0.8980494852736121,0.10962259274105463,4375134.707184892,13362.283659351982,4388496.990844244,3929,3,2029.577817531306,88,471,64,34.14989189592187,0.5692270423375074,38.35440074906368,33443.21264879242,380.0365073726411,0
3931,128.14510824939927,0,0,557,0.0,0.0,1.0,557,14900,10600,4300,0.7114093959731543,192,106,86,161.50820733277544,0.45020280902746385,0.897189852801815,0.11070653484446592,4391670.546484098,15558.167431759335,4407228.7139158575,3930,4,2037.4201077199282,92,465,68,33.96606984969056,0.5704293836026332,38.19444444444444,33549.10125696075,364.66414409739946,0
3932,128.18364739764885,1,0,558,0.0017921146953405018,0.0,1.0,558,15400,10900,4500,0.7077922077922078,199,109,90,161.16847343852479,0.45003890422535814,0.8974977181148296,0.1112698294322576,4401006.068381273,14860.685926939037,4415866.754308213,3931,0,2034.7670250896058,95,463,67,33.73240165631471,0.5719086021505376,37.955729166666664,33589.79041507397,353.576741211305,0
3933,128.12700026004842,1,0,559,0.0017889087656529517,0.0,1.0,559,17350,12700,4650,0.7319884726224783,220,127,93,161.17296123640594,0.45012508468997586,0.8974754133215075,0.11194058687129434,4405707.852775132,12866.196194850902,4418574.048969983,3932,0,2032.1252236135956,100,459,69,33.53120370734523,0.5735316040548599,37.75783828382838,33600.3015224035,336.003015224035,0
3934,128.06484604883767,0,0,559,0.0,0.0,1.0,559,14800,10400,4400,0.7027027027027027,192,104,88,162.31855731530277,0.44996118153469994,0.8978817661650633,0.11317793001101514,4407899.68542323,16496.78354569438,4424396.468968924,3933,1,2033.1252236135956,104,455,61,33.370199518533894,0.5748360166964819,37.628968253968246,33600.50578823016,323.08178642529003,0
3935,127.79672796034386,0,1,558,0.0,0.0017889087656529517,0.998211091234347,559,15450,10800,4650,0.6990291262135923,201,108,93,163.38132036593262,0.4496811970086539,0.8992029994112174,0.11429909599652963,4402343.5005444735,16602.13876466667,4418945.63930914,3934,2,2034.1252236135956,106,453,63,33.23102885542614,0.576103160405486,37.51947040498441,33544.152835541005,316.4542720334057,0
3936,127.31951060704672,0,0,558,0.0,0.0,1.0,558,16450,12300,4150,0.7477203647416414,206,123,83,159.58280767337828,0.4492938655195417,0.8968940016938223,0.11223400695608886,4391699.488073755,12117.946952910039,4403817.435026665,3935,3,2038.725806451613,87,471,68,33.15461302146709,0.5773409498207885,37.346117424242436,33440.96378858631,384.37889412168175,0
3937,127.12665623684224,0,0,558,0.0,0.0,1.0,558,17000,12700,4300,0.7470588235294118,213,127,86,155.3061446045215,0.44908305609715815,0.894142423666147,0.10979990006463136,4390756.79707377,7782.302009925463,4398539.099083696,3936,4,2039.725806451613,92,466,71,33.093348249165416,0.5788157108721625,37.17517921146955,33412.04064289335,363.1743548140581,0
3938,127.5361451447651,0,2,556,0.0,0.0035842293906810036,0.996415770609319,558,17400,12700,4700,0.7298850574712644,221,127,94,152.7026191601643,0.4488333692614257,0.8923855909528924,0.1084507464615465,4409851.742945438,5679.182251157393,4415530.9251965955,3937,5,2040.725806451613,96,462,74,33.011832326037236,0.5803651433691757,37.02749140893472,33538.50002475329,349.35937525784675,0
3939,127.98127536356533,0,0,556,0.0,0.0,1.0,556,16550,11500,5050,0.6948640483383686,216,115,101,156.590233192737,0.4485249638127336,0.8945382343303587,0.11172188192441662,4430235.0731205,10996.308639717134,4441231.381760217,3938,6,2048.893884892086,98,458,75,32.75899414830514,0.5816846522781774,36.879208754208776,33674.53443830706,343.6176983500721,0
3940,128.45916591802072,0,0,556,0.0,0.0,1.0,556,16150,11900,4250,0.7368421052631579,204,119,85,157.49442349066197,0.4483262039017435,0.8953879962686164,0.11269464939057051,4449958.296323358,12818.723287388266,4462777.019610747,3939,7,2049.893884892086,101,455,70,32.639643309795396,0.5829211630695443,36.78513071895427,33812.36256506427,334.7758669808344,0
3941,128.50606280665403,0,0,556,0.0,0.0,1.0,556,16050,11300,4750,0.7040498442367601,208,113,95,159.17989800918934,0.4481665343400955,0.8963205026439305,0.11434166522100148,4455796.108281283,14604.634013192288,4470400.742294475,3940,8,2050.893884892086,102,454,60,32.4687648015157,0.5843637589928057,36.660598705501634,33840.70964221769,331.77166315899694,0
3942,128.21368661933994,0,0,556,0.0,0.0,1.0,556,16500,11500,5000,0.696969696969697,215,115,100,157.9720733346267,0.44783240974787736,0.8959759918934491,0.11394872581898596,4450187.816323757,12901.079214632138,4463088.89553839,3941,9,2051.893884892086,106,450,65,32.36433392452458,0.5857688848920863,36.526479750778826,33780.91135772808,318.6878429974347,0
3943,128.3594980883785,0,0,556,0.0,0.0,1.0,556,15200,9900,5300,0.6513157894736842,205,99,106,156.60924270073053,0.44774646499017007,0.8952889695961685,0.11354952620333385,4460832.289279269,13321.513327797826,4474153.802607067,3942,10,2052.893884892086,85,471,67,32.23261049343008,0.5870241306954436,36.36143410852711,33840.513994569184,398.1236940537551,0
3944,128.09127056857466,0,1,555,0.0,0.0017985611510791368,0.9982014388489209,556,15850,11300,4550,0.7129337539432177,204,113,91,155.52787088753712,0.44745014798971633,0.8947446936444583,0.11310044278771092,4454708.289864722,11516.259149543597,4466224.549014266,3943,11,2053.893884892086,86,470,69,32.16497556029723,0.5883917865707434,36.266762452107265,33781.925488673136,392.8130870775946,0
3945,127.83972446831315,0,2,553,0.0,0.0036036036036036037,0.9963963963963964,555,16200,12000,4200,0.7407407407407407,204,120,84,154.4011802931187,0.4470414457779079,0.8926924092325068,0.11284503948233544,4451336.865992652,10258.333198305805,4461595.199190958,3944,12,2058.2954954954953,91,464,72,32.032803092061066,0.589771021021021,36.107336956521706,33735.96533268726,370.72489376579404,0
3946,127.52339801367502,0,0,553,0.0,0.0,1.0,553,15750,11200,4550,0.7111111111111111,203,112,91,155.5908295843199,0.4466570681657363,0.8921126373270658,0.11190483157695312,4423087.819337782,11288.380627014823,4434376.199964797,3945,13,2064.02712477396,115,438,58,32.5220195476759,0.5897189572031345,36.61997126436784,33587.11623330757,292.06188028963106,8
3947,127.29477714050755,0,0,553,0.0,0.0,1.0,553,14600,10000,4600,0.684931506849315,192,100,92,160.70741060486122,0.4463121391007329,0.8955717174533708,0.11607489000978839,4419712.726451795,16856.117577084726,4436568.844028879,3946,14,2065.02712477396,120,433,60,32.249264946096005,0.5910940325497287,36.48415977961434,33544.1901538478,279.5349179487317,0
3948,127.81097030796109,0,0,553,0.0,0.0,1.0,553,14800,10500,4300,0.7094594594594594,191,105,86,160.36959652887626,0.4460960636318369,0.8953042290969819,0.11638164103484926,4442747.288908874,17096.318040413928,4459843.6069492875,3947,15,2066.02712477396,90,463,66,32.10399120141237,0.5922995780590717,36.33241758241756,33699.6095475453,374.4401060838366,0
3949,127.51958187249426,0,0,553,0.0,0.0,1.0,553,13850,9400,4450,0.6787003610108303,183,94,89,161.5693085575593,0.4458473652715535,0.895002740094879,0.11756377600056371,4435464.623854697,18876.99048154227,4454341.614336239,3948,16,2067.02712477396,93,460,67,31.98635736593703,0.5933732670283303,36.24778368794324,33633.57234205687,361.65131550598784,0
3950,127.59695314503767,0,2,551,0.0,0.003616636528028933,0.9963833634719711,553,16600,12700,3900,0.7650602409638554,205,127,78,179.08823815141395,0.4456390701575071,0.9007491111610322,0.12421686532127951,4386001.558569088,29896.258330698176,4415897.816899786,3949,17,2068.02712477396,99,454,65,33.10642703905285,0.5782097649186257,37.80208333333333,33455.65528764311,337.935911996395,8
3951,127.25816882482248,0,0,551,0.0,0.0,1.0,551,14950,10200,4750,0.6822742474916388,197,102,95,180.09193835805934,0.44534826486278395,0.9014376997912077,0.1253750097181699,4378421.081375602,32553.66789854353,4410974.749274145,3950,18,2076.301270417423,103,448,54,32.956121929489605,0.5793632788868723,37.680288461538446,33382.326137040094,324.1002537576708,0
3952,127.19505658988821,0,1,550,0.0,0.0018148820326678765,0.9981851179673321,551,15650,11800,3850,0.7539936102236422,195,118,77,177.4994394639502,0.44512855414398067,0.8994714621866637,0.1239990412368137,4380054.197271672,29641.432967486762,4409695.630239159,3951,19,2077.301270417423,109,442,56,32.90810419899206,0.5806299153055051,37.566287878787854,33380.270864351645,306.2410171041435,0
3953,126.917253502469,0,0,550,0.0,0.0,1.0,550,15900,11900,4000,0.7484276729559748,199,119,80,171.81250333725606,0.4447712093613733,0.8950596247063374,0.12074271786252787,4376990.323894625,24504.33292625766,4401494.656820882,3952,20,2081.9672727272728,96,454,63,32.85884172936431,0.5822727272727273,37.371134020618584,33332.13436057143,347.209732922619,0
3954,126.98419072283956,0,0,550,0.0,0.0,1.0,550,15000,10300,4700,0.6866666666666666,197,103,94,202.63657658103446,0.4446342523596622,0.9131891079922823,0.14166201440936937,4373585.076500789,52249.661457605194,4425834.737958394,3953,21,2082.9672727272728,97,453,56,32.224168421621044,0.5777462121212121,37.54251700680273,33327.95107704473,343.5871245056158,8
3955,127.32874286284544,0,0,550,0.0,0.0,1.0,550,15250,10800,4450,0.7081967213114754,197,108,89,204.0259614284461,0.44447349174808193,0.9127896800843966,0.14343622066275882,4391602.5282472875,53950.18560744908,4445552.713854737,3954,22,2083.9672727272728,80,470,58,31.999971437431643,0.5790719696969697,37.3585390946502,33441.80704073927,418.0225880092409,0
3956,127.18254843697713,0,1,549,0.0,0.0018181818181818182,0.9981818181818182,550,15950,12000,3950,0.7523510971786834,199,120,79,201.31793186543115,0.44428623668377765,0.9119747944218308,0.1422651193739269,4392192.49330963,50895.421821592565,4443087.915131222,3955,23,2084.9672727272728,83,467,61,31.899143191934456,0.5806628787878788,37.18998015873015,33424.84807818511,402.70901299018203,0
3957,127.06199264859244,0,0,549,0.0,0.0,1.0,549,16100,11600,4500,0.7204968944099379,206,116,90,197.90545439852107,0.44404903961637837,0.9104768357034829,0.14036567021885116,4392000.5561691765,47940.17315744264,4439940.729326619,3956,24,2089.3278688524592,84,465,64,31.867571661617326,0.5819861870066788,37.071078431372534,33408.27269945512,397.7175321363705,0
3958,127.08745984592913,0,0,549,0.0,0.0,1.0,549,16100,11500,4600,0.7142857142857143,207,115,92,199.80800088000666,0.44376152283071635,0.9103043836664064,0.1424511275541282,4398495.9756003665,49870.93755269236,4448366.913153059,3957,25,2090.3278688524592,88,461,64,31.646203122914674,0.5835040983606558,36.90308988764044,33436.317999492436,379.9581590851413,0
3959,127.30616699606543,1,0,550,0.0018181818181818182,0.0,1.0,550,16300,12400,3900,0.7607361963190185,202,124,78,197.2011410579159,0.4437201247447149,0.9095212289604815,0.141178900081065,4410570.594613519,47653.91079485546,4458224.505408374,3958,0,2087.5254545454545,93,457,62,31.577664112710842,0.5850757575757576,36.7686170212766,33510.97840009463,360.33310107628637,0
3960,126.8984840523026,0,0,550,0.0,0.0,1.0,550,16200,11900,4300,0.7345679012345679,205,119,86,196.08183485066536,0.4434873323397914,0.9092200800830494,0.14074726553098177,4399278.289057788,46323.71178743028,4445602.000845219,3959,1,2088.5254545454545,96,454,62,31.520697389885843,0.5865151515151514,36.683848797250874,33414.420414115935,348.06687931370766,0
3961,126.96881148078731,0,0,550,0.0,0.0,1.0,550,15850,11800,4050,0.7444794952681388,199,118,81,172.36582305108124,0.44334996136225646,0.8985583364809244,0.1178924482220454,4348948.04480406,24072.00182980905,4373020.046633869,3960,2,2089.5254545454545,90,460,68,33.75555798527589,0.5745265151515151,38.266941391941394,33231.93537669649,369.2437264077388,8
3962,126.7799803263357,0,0,550,0.0,0.0,1.0,550,14650,10000,4650,0.6825938566552902,193,100,93,171.593094797273,0.44313897168405364,0.8985148027328136,0.11788046558863821,4347338.597488346,24544.656814932117,4371883.2543032775,3961,3,2090.5254545454545,93,457,70,33.626897145113965,0.5758901515151515,38.12056737588652,33201.06931595704,357.00074533287136,0
3963,126.58817213734056,0,0,550,0.0,0.0,1.0,550,15000,11200,3800,0.7466666666666667,188,112,76,169.96093015820108,0.44300173869846,0.8973151098991368,0.11727728023634451,4345638.692792741,22717.75887170453,4368356.451664445,3962,4,2091.5254545454545,98,452,69,33.52005782435852,0.5771212121212121,37.973484848484844,33169.45760454741,338.4638531076266,0
3964,126.95603275063809,0,0,550,0.0,0.0,1.0,550,15450,11600,3850,0.7508090614886731,193,116,77,174.96078363839635,0.4428861704476459,0.9001238921594579,0.12117583647195448,4362353.788434866,27198.16746649743,4389551.955901363,3963,5,2092.5254545454545,100,450,67,33.26407467149263,0.5783901515151515,37.85066006600658,33281.440186218,332.81440186218003,0
3965,127.34432561240376,1,0,551,0.0018148820326678765,0.0,1.0,551,16800,12600,4200,0.75,210,126,84,176.43311792919525,0.44263556618819777,0.9016183160067721,0.12290255917025177,4382054.570672363,27627.91016792056,4409682.480840283,3964,0,2089.725952813067,103,448,56,33.031714518428,0.5800249546279492,37.6602564102564,33407.4777287667,324.34444396860874,0
3966,127.54441169788413,0,0,551,0.0,0.0,1.0,551,14950,10300,4650,0.6889632107023411,196,103,93,179.4552990864939,0.4424454160479569,0.9039661962568057,0.12558279136222855,4393989.371876148,32554.93538258032,4426544.307258728,3965,1,2090.725952813067,110,441,60,32.79885119111458,0.5814239261947973,37.50938438438436,33479.21114490882,304.3564649537165,0
3967,127.77513991169765,0,0,551,0.0,0.0,1.0,551,17400,12900,4500,0.7413793103448276,219,129,90,177.88957412233933,0.4422142935709179,0.9030662899555288,0.12470897369100188,4403897.186190351,29081.4789859949,4432978.665176346,3966,2,2091.725952813067,84,467,61,32.78050706372917,0.5826905626134301,37.45098039215688,33547.23771407139,399.3718775484689,0
3968,127.54841300298925,0,0,551,0.0,0.0,1.0,551,15350,11300,4050,0.7361563517915309,194,113,81,177.30139357691922,0.44205397899136556,0.9015485671260066,0.1248149016321896,4400643.873864309,30498.058294376464,4431141.932158685,3967,3,2092.725952813067,89,462,63,32.6573698742804,0.5841462492437992,37.314814814814845,33505.07848976704,376.4615560647982,0
3969,127.58913667072272,0,1,550,0.0,0.0018148820326678765,0.9981851179673321,551,14200,10100,4100,0.7112676056338029,183,101,82,178.8935997837239,0.44197987130836497,0.9023584397096474,0.1264897085525316,4406848.547807758,33271.40008380217,4440119.947891559,3968,4,2093.725952813067,91,460,65,32.46981755912636,0.5853561705989111,37.17164855072466,33534.04245400261,368.5059610329957,0
3970,127.95283505905124,0,1,549,0.0,0.0018181818181818182,0.9981818181818182,550,17250,13000,4250,0.7536231884057971,215,130,85,179.70318203666412,0.4415290197052492,0.9022703079814098,0.12768883093001032,4424790.478249428,31779.78575739182,4456570.26400682,3969,5,2098.32,95,455,69,32.28573565210215,0.5867234848484848,37.011718750000014,33650.09617324481,354.21153866573485,0
3971,127.89473398750117,0,0,549,0.0,0.0,1.0,549,16300,12400,3900,0.7607361963190185,202,124,78,180.50028189480096,0.4411924301649981,0.9010887448019442,0.12884600369330185,4427789.377288267,33743.44615426865,4461532.8234425355,3970,6,2099.5956284153003,102,447,69,32.11323135657279,0.5882096235579842,36.86286407766992,33653.85400101956,329.93974510803486,0
3972,127.88241032764803,0,2,547,0.0,0.0036429872495446266,0.9963570127504554,549,16250,11000,5250,0.676923076923077,215,110,105,180.88071820481048,0.44087804524040614,0.9016078915899799,0.1297247155621623,4432459.41447123,34299.28846064713,4466758.702931876,3971,7,2100.5956284153003,106,443,63,31.94906637086342,0.5896706132361871,36.711448598130865,33669.974564946184,317.6412694806244,0
3973,127.48425616777665,0,0,547,0.0,0.0,1.0,547,14400,10100,4300,0.7013888888888888,187,101,86,178.3451575559205,0.440620863495635,0.9001203512373686,0.1282843920961686,4421848.656665644,33923.05907229519,4455771.715737939,3972,8,2106.0420475319925,111,436,60,31.91912526336856,0.5908935100548446,36.61644345238098,33577.256793297085,302.4978089486224,0
3974,127.76447827111069,0,0,547,0.0,0.0,1.0,547,14600,10100,4500,0.6917808219178082,191,101,90,178.88109484603524,0.4402642731024815,0.9016771321834498,0.12930547713156393,4436890.456627393,34735.1645186882,4471625.621146081,3973,9,2107.0420475319925,117,430,65,31.74407114624508,0.5924360146252285,36.45833333333336,33671.26354436599,287.78857730227344,0
3975,127.94739796924696,0,1,546,0.0,0.0018281535648994515,0.9981718464351006,547,18000,13600,4400,0.7555555555555555,224,136,88,178.71466985852462,0.43990921733152083,0.9015497985403003,0.12967536444934438,4447327.9049487095,31560.547657100833,4478888.45260581,3974,10,2108.0420475319925,85,462,66,31.625168442974392,0.5939975624619135,36.337209302325554,33734.96801107731,396.8819766009095,0
3976,127.58493694602227,0,1,545,0.0,0.0018315018315018315,0.9981684981684982,546,15050,10900,4150,0.7242524916943521,192,109,83,171.60014198200162,0.43965334487123475,0.8962149218586406,0.12512357060231225,4439975.547154303,28130.086857658287,4468105.634011961,3975,11,2112.5128205128203,93,453,69,31.65416159112867,0.5954097985347986,36.18129432624112,33659.292928567585,361.92788095233965,0
3977,128.0090509789628,0,1,544,0.0,0.001834862385321101,0.998165137614679,545,15500,11800,3700,0.7612903225806451,192,118,74,171.1579243738891,0.43931912214427055,0.8957295806786174,0.12510514079607152,4457347.109490714,28082.055894875906,4485429.16538559,3976,12,2117.183486238532,96,449,70,31.587161905537,0.5964258409785932,36.103951890034345,33781.08267565518,351.88627787140814,0
3978,128.07193822572202,1,0,545,0.001834862385321101,0.0,1.0,545,15200,10800,4400,0.7105263157894737,196,108,88,173.55712133485542,0.43922777253103074,0.896801477635712,0.1275891499218761,4465687.545653164,30810.375040894585,4496497.920694059,3977,0,2118.022018348624,100,445,74,31.338768469699918,0.5979166666666667,35.92202970297028,33820.97749865501,338.2097749865501,0
3979,127.8485941529064,0,0,545,0.0,0.0,1.0,545,15600,11100,4500,0.7115384615384616,201,111,90,170.72804259059882,0.4389285674132038,0.895132216419037,0.1260349849832737,4462355.367475861,27769.839446560694,4490125.206922421,3978,1,2119.022018348624,105,440,69,31.27929033697834,0.5991207951070336,35.790094339622634,33778.86499995117,321.70347619001114,0
3980,128.23321741190298,0,0,545,0.0,0.0,1.0,545,15200,11400,3800,0.75,190,114,76,175.89736686970278,0.43871045264436054,0.8977090497539135,0.13039813724095037,4480263.590094166,33413.31367595245,4513676.903770118,3979,2,2120.022018348624,107,438,70,31.008083397185622,0.600420489296636,35.65779320987654,33897.45167446004,316.7986137800004,0
3981,127.742406362109,0,1,544,0.0,0.001834862385321101,0.998165137614679,545,14650,10300,4350,0.7030716723549488,190,103,87,175.5676263530587,0.4384780030131319,0.8973229995582843,0.13042751169864794,4465343.676216006,33143.95801677741,4498487.634232784,3980,3,2121.022018348624,112,433,56,30.949662401654894,0.6017010703363914,35.59181415929204,33776.13792113184,301.5726600101057,0
3982,127.768030815685,0,0,544,0.0,0.0,1.0,544,15350,11000,4350,0.7166123778501629,197,110,87,177.22797319363224,0.43824420882533494,0.8987675098804668,0.13209319227157898,4469709.029572856,34281.49441529523,4503990.523988151,3981,4,2118.705882352941,114,430,60,30.801257904709733,0.6029411764705883,35.489130434782616,33796.03293369244,296.45642924291616,0
3983,127.63595847206946,0,0,544,0.0,0.0,1.0,544,14800,10800,4000,0.7297297297297297,188,108,80,175.55829036765857,0.4378376163425775,0.8981448711560078,0.1313904553558523,4469447.556484535,33329.71438086633,4502777.270865401,3982,5,2119.705882352941,91,453,60,30.714080705657487,0.6042241115196079,35.36005434782607,33777.57311331144,371.18212212430154,0
3984,127.53297682663096,0,0,544,0.0,0.0,1.0,544,15250,11200,4050,0.7344262295081967,193,112,81,145.63332425859434,0.43758907654912793,0.8824039145414888,0.10676685109658807,4443960.294611635,5387.742115499824,4449348.036727134,3983,6,2120.705882352941,108,436,73,32.164588160054066,0.5976371017156863,36.00917431192662,33667.53585492047,311.73644310111547,8
3985,128.03055302100464,0,0,544,0.0,0.0,1.0,544,15350,11200,4150,0.7296416938110749,195,112,83,145.23856253940318,0.4372331935191203,0.8816285545631863,0.10685888075896076,4465124.012462078,5551.638626034318,4470675.651088112,3984,7,2121.705882352941,112,432,70,32.0602094240838,0.5989391850490196,35.89601769911506,33813.378909032195,301.9051688306446,0
3986,128.45777936020335,0,0,544,0.0,0.0,1.0,544,15150,11300,3850,0.7458745874587459,190,113,77,149.80741284645742,0.43703649162243163,0.8849772875588968,0.11067215674821829,4484403.178631375,10409.367670239671,4494812.5463016145,3985,8,2122.705882352941,112,432,72,31.808554865568897,0.6001455269607843,35.76696165191741,33942.789339794275,303.06061910530605,0
3987,128.5481542997417,0,0,544,0.0,0.0,1.0,544,14250,10200,4050,0.7157894736842105,183,102,81,152.83223717565355,0.43686137121745566,0.8860579667598307,0.11333058456780518,4491562.2285118485,14241.100759426543,4505803.329271275,3986,9,2123.705882352941,120,424,80,31.608970810130163,0.6015050551470589,35.6491046831956,33981.819680459594,283.1818306704966,0
3988,128.68312623734568,0,0,544,0.0,0.0,1.0,544,15950,11200,4750,0.7021943573667712,207,112,95,152.47517768492864,0.43657975390893006,0.88621963494106,0.11332379130817785,4498711.848524852,12438.37769142541,4511150.226216277,3987,10,2124.705882352941,122,422,59,31.545788894938596,0.6027879901960784,35.57757452574527,34026.70435728883,278.9074127646625,0
3989,128.7241153331952,0,1,543,0.0,0.001838235294117647,0.9981617647058824,544,14600,10800,3800,0.7397260273972602,184,108,76,154.12584209565813,0.4363399595565666,0.8874480813498731,0.11477348607301813,4502218.203939539,15381.634396117599,4517599.838335657,3988,11,2125.705882352941,124,420,60,31.44029501963994,0.6040900735294117,35.51666666666668,34045.383103708155,274.5595411589367,0
3990,129.05266462438277,0,2,541,0.0,0.003683241252302026,0.996316758747698,543,16300,11900,4400,0.7300613496932515,207,119,88,156.14348025399124,0.4360593226098007,0.8883416126978951,0.11689194240008678,4519346.591319678,16233.301048532376,4535579.8923682105,3989,12,2130.3867403314916,95,448,64,31.21924969249693,0.6054135972989565,35.351562499999986,34153.58604805425,359.5114320847816,0
3991,129.2821492300888,0,0,541,0.0,0.0,1.0,541,14950,10900,4050,0.7290969899665551,190,109,81,154.98015365789294,0.43562019351452497,0.8868179491762804,0.116477987749151,4531571.66243249,17310.734511106573,4548882.396943596,3990,13,2138.5693160813307,99,442,66,31.12574422325385,0.6068430375847196,35.22916666666664,34230.14238677465,345.75901400782476,0
3992,129.3666196429637,0,0,541,0.0,0.0,1.0,541,14500,10200,4300,0.7034482758620689,188,102,86,153.11452973247168,0.4355042388352616,0.8856304793042822,0.11536525897971796,4537205.37512278,16242.413462312546,4553447.788585093,3991,14,2139.5693160813307,101,440,68,31.09592298398496,0.6079020332717191,35.15114379084965,34262.60124408287,339.2336756839888,0
3993,129.5013762676118,0,0,541,0.0,0.0,1.0,541,15650,11400,4250,0.7284345047923323,199,114,85,153.88197598213463,0.43532310421943815,0.8858871845935352,0.11639857537544007,4546095.766529588,16062.439911516649,4562158.206441104,3992,15,2140.5693160813307,104,437,72,30.95234752330674,0.6090380468268639,35.02976190476188,34314.01050328971,329.942408685478,0
3994,129.3288034972912,0,0,541,0.0,0.0,1.0,541,13950,9900,4050,0.7096774193548387,180,99,81,154.45947928800237,0.43495042331302347,0.8862462176092754,0.11705012608592594,4541983.219105878,18160.472591585887,4560143.691697463,3993,16,2141.5693160813307,107,434,72,30.879400490089033,0.6100585335797906,34.97299382716046,34275.62560280205,320.33294955889767,0
3995,129.36600962420192,0,0,541,0.0,0.0,1.0,541,16300,12300,4000,0.754601226993865,203,123,80,155.01974969895025,0.43461839072590763,0.8870650790304058,0.11829044831239413,4550603.6602597125,16586.688078515574,4567190.348338228,3994,17,2142.5693160813307,110,431,67,30.648012194546638,0.6114256007393715,34.75975975975973,34313.071471644136,311.93701337858306,0
3996,129.78038827353691,1,0,542,0.0018450184501845018,0.0,1.0,542,16800,12900,3900,0.7678571428571429,207,129,78,154.06728509904053,0.4341992443722959,0.8862384277871382,0.11827701480893736,4571567.081874108,15665.78579049561,4587232.8676646035,3995,0,2139.6143911439112,114,428,54,30.48493328328156,0.613065036900369,34.574275362318815,34447.05360126277,302.1671368531822,0
3997,129.97076178610772,0,0,542,0.0,0.0,1.0,542,14800,10800,4000,0.7297297297297297,188,108,80,153.31472332243018,0.43400471031050425,0.8852112326832322,0.11789852108045867,4580056.969424647,17238.033413660076,4597295.002838307,3996,1,2140.6143911439112,119,423,54,30.452409563046977,0.6142181734317342,34.52256944444442,34504.30388632373,289.9521334985187,0
3998,130.0258394312111,0,0,542,0.0,0.0,1.0,542,16450,11900,4550,0.723404255319149,210,119,91,159.79816986754219,0.43384889833186685,0.8912260821209965,0.1142248472818393,4503086.277948695,19066.989194370057,4522153.267143065,3997,2,2141.6143911439112,106,436,70,32.61294419373139,0.5915590405904059,36.81853582554519,34220.39080201894,322.83387549074473,8
3999,129.8179764796637,0,1,541,0.0,0.0018450184501845018,0.9981549815498155,542,14450,11000,3450,0.7612456747404844,179,110,69,160.17671620881342,0.433474466445219,0.891187312806941,0.1149086710987142,4499858.737519974,21304.519195898552,4521163.256715872,3998,3,2142.6143911439112,110,432,73,32.48491166791418,0.5927890528905289,36.702327327327346,34180.77107817147,310.73428252883156,0
4000,130.22424448005518,0,0,541,0.0,0.0,1.0,541,15450,11300,4150,0.7313915857605178,196,113,83,167.81254298465402,0.4332350642386071,0.8962686579822121,0.12123407937091352,4521672.654830362,28108.67735025189,4549781.332180614,3999,4,2147.022181146026,111,430,65,32.05468694854239,0.5939617991373999,36.47693452380955,34317.092104705334,309.1629919342823,0
4001,129.8215101326317,0,0,541,0.0,0.0,1.0,541,14550,10300,4250,0.7079037800687286,188,103,85,165.41182310077676,0.4328796410396842,0.8941067052275218,0.12017675310995168,4513870.756699353,26579.518221384194,4540450.274920737,4000,5,2148.022181146026,89,452,69,31.934325257490638,0.5952518484288355,36.29629629629628,34234.41304238274,384.65632631890713,0
4002,129.3409208210607,0,1,540,0.0,0.0018484288354898336,0.9981515711645101,541,16250,11700,4550,0.72,208,117,91,163.26246756471033,0.43263988726866115,0.8930073472453872,0.11923858215310233,4502855.477844291,22579.459280025123,4525434.937124317,4001,6,2149.022181146026,94,447,71,31.82136920839391,0.5966959334565619,36.12938596491225,34129.26819691663,363.07732124379396,0
4003,129.63660467230596,0,0,540,0.0,0.0,1.0,540,15650,11400,4250,0.7284345047923323,199,114,85,158.63782479939763,0.43233454156073203,0.8898529676564264,0.11646745393551931,4518815.234316829,19721.00388847888,4538536.238205307,4002,7,2153.7277777777776,98,442,75,31.775191944953608,0.598070987654321,35.963804713804684,34228.75586749592,349.27301905608084,0
4004,129.67288298482325,0,0,540,0.0,0.0,1.0,540,14050,9800,4250,0.697508896797153,183,98,85,158.6013333018899,0.43211086202157634,0.8892126872267316,0.11665273000298151,4522050.59996048,21390.65088246668,4543441.250842947,4003,8,2154.7277777777776,99,441,77,31.717687913330455,0.598900462962963,35.90624999999997,34245.797940772776,345.91715091689673,0
4005,129.86534544258726,0,0,540,0.0,0.0,1.0,540,14500,10400,4100,0.7172413793103448,186,104,82,158.66611022081116,0.43172191014452915,0.8896652474139592,0.1171435862729264,4532866.66722592,21342.464447660088,4554209.13167358,4004,9,2155.7277777777776,106,434,75,31.59443318594942,0.6000964506172839,35.78660436137069,34312.16389516923,323.69965938838897,0
4006,130.1176179822993,0,0,540,0.0,0.0,1.0,540,16100,12300,3800,0.7639751552795031,199,123,76,157.6892892290504,0.4314541388946151,0.8889649024815927,0.1165535027124421,4542891.149783461,19173.055290859258,4562064.205074321,4005,10,2156.7277777777776,108,432,72,31.584225404747254,0.6015432098765432,35.751146788990816,34383.431334370645,318.3651049478763,0
4007,129.6794207729557,0,0,540,0.0,0.0,1.0,540,16350,12400,3950,0.7584097859327217,203,124,79,159.86854680706992,0.43118729815158385,0.890676110954749,0.11858307866503459,4531405.671670203,20535.84794464455,4551941.519614847,4006,11,2157.7277777777776,111,429,74,31.413594145792263,0.6027006172839506,35.639880952380935,34282.06711356461,308.84745147355505,0
4008,129.50904602091296,0,1,539,0.0,0.001851851851851852,0.9981481481481481,540,16050,11600,4450,0.7227414330218068,205,116,89,163.51104271825852,0.43098165613046563,0.8927341237954756,0.12176714895526823,4529713.549430766,24081.637136489728,4553795.186567256,4007,12,2158.7277777777776,115,425,64,31.19083087178441,0.6041087962962963,35.515445402298845,34253.14235321428,297.8534117670807,0
4009,129.65843973065344,0,1,538,0.0,0.0018552875695732839,0.9981447124304267,539,16350,11800,4550,0.7217125382262997,209,118,91,142.2335624130765,0.43076696714508717,0.8767176003482664,0.10141114426259439,4487555.301267083,3506.1954049823453,4491061.496672065,4008,13,2160.322820037106,112,427,79,33.15865772047235,0.5899427952999381,36.90081120943955,34113.03031298505,304.5806277945094,8
4010,129.9180048029737,0,0,538,0.0,0.0,1.0,538,14850,10200,4650,0.6868686868686869,195,102,93,140.05178490650482,0.43051856255437176,0.8749884366644616,0.10024157758862741,4500801.782243735,3619.064622724587,4504420.84686646,4009,14,2165.118959107807,117,421,79,33.08963266036178,0.5912910470879802,36.77612994350286,34197.520014257854,292.28649584835773,0
4011,129.97739565649263,0,0,538,0.0,0.0,1.0,538,15750,11300,4450,0.7174603174603175,202,113,89,138.66700937051618,0.4302505255457946,0.874356591364023,0.09963006754587916,4507068.943648487,1646.3542884962135,4508715.297936983,4010,15,2166.118959107807,122,416,59,33.001364055398355,0.5927431846344486,36.65311653116535,34229.14206753366,280.56673825847264,0
4012,130.0153707463733,0,1,537,0.0,0.0018587360594795538,0.9981412639405205,538,13600,9400,4200,0.6911764705882353,178,94,84,140.1186334038027,0.4299848682039602,0.8746884025477446,0.10091797950621255,4511060.7996563595,5216.734889864816,4516277.534546224,4011,16,2167.118959107807,124,414,62,32.883924899560284,0.5939048946716232,36.57500000000003,34249.299038863894,276.2040245069669,0
4013,129.52646139682795,0,0,537,0.0,0.0,1.0,537,15050,10500,4550,0.6976744186046512,196,105,91,142.48100696423052,0.4298834331600841,0.8759050577271901,0.1028616815670322,4496679.219847071,5688.276647790113,4502367.496494861,4012,17,2172.0558659217877,126,411,65,32.74495994936606,0.5951660459342023,36.499343832021026,34130.30756918104,270.8754568982622,0
4014,129.72311885656947,0,0,537,0.0,0.0,1.0,537,16000,12200,3800,0.7625,198,122,76,141.2177088506777,0.42976024208566105,0.8752401325720081,0.10237391614659498,4508051.150479381,3923.330970471794,4511974.481449853,4013,18,2173.0558659217877,101,436,72,32.6434485764091,0.5963687150837989,36.36642156862745,34199.370029435675,338.60762405381854,0
4015,130.01784296579692,0,1,536,0.0,0.00186219739292365,0.9981378026070763,537,13900,9800,4100,0.7050359712230215,180,98,82,153.4565709031728,0.4295930438589177,0.8883274016049323,0.10730880066405861,4478364.915931621,16146.904650386867,4494511.820582007,4014,19,2174.0558659217877,122,415,60,33.506160191877456,0.5864369956548727,37.53387533875336,34125.279380046835,279.7154047544823,8
4016,130.38399625981893,0,0,536,0.0,0.0,1.0,536,15400,11500,3900,0.7467532467532467,193,115,78,151.6564171181251,0.429437363416562,0.8870563674321483,0.10651528416361092,4495889.733777671,13766.105756578176,4509655.839534249,4015,20,2178.8507462686566,94,442,64,33.40770702853165,0.5876865671641791,37.39035087719301,34240.095509020764,364.25633520234857,0
4017,130.53495636415667,0,0,536,0.0,0.0,1.0,536,14200,10000,4200,0.704225352112676,184,100,84,152.80262514974814,0.42925609975821827,0.8883328120843388,0.10757250927747687,4503726.63192962,16236.250463136606,4519962.882392757,4016,21,2179.8507462686566,94,442,65,33.29967928649946,0.5887165733830846,37.31359649122809,34289.758219475014,364.7846619093087,0
4018,130.55840651579948,0,0,536,0.0,0.0,1.0,536,14450,10100,4350,0.698961937716263,188,101,87,155.33255835963894,0.4290673530710931,0.8900333613335929,0.1099296876187118,4510413.910397349,18472.8263925858,4528886.736789934,4017,22,2180.8507462686566,98,438,66,33.05921930456598,0.5903101679104478,37.14225589225591,34318.288211045074,350.1866143984191,0
4019,130.79729400133448,0,1,535,0.0,0.0018656716417910447,0.9981343283582089,536,15650,11800,3850,0.7539936102236422,195,118,77,154.1932103255779,0.42883872111405585,0.8885763790522776,0.10963940173097211,4523937.635233253,16662.09345786462,4540599.728691118,4018,23,2181.8507462686566,105,431,69,32.93354256962086,0.591767723880597,36.98899371069184,34401.127915209676,327.6297896686636,0
4020,130.1912749333807,0,0,535,0.0,0.0,1.0,535,16800,12100,4700,0.7202380952380952,215,121,94,156.19172007811576,0.4285255288366178,0.8903975186474709,0.11166978117734548,4509042.1409182465,17055.009578947607,4526097.150497194,4019,24,2186.6317757009347,108,427,67,32.70114681675139,0.5933995327102803,36.81192660550461,34264.79082248986,317.2665816897209,0
4021,130.26168241722624,0,0,535,0.0,0.0,1.0,535,15000,10900,4100,0.7266666666666667,191,109,82,153.4515310365176,0.428233837376177,0.887870272606031,0.11008215953034399,4515219.250418497,16573.461388456315,4531792.711806954,4020,25,2187.6317757009347,114,421,69,32.662564217237765,0.5947429906542057,36.70289855072466,34297.52341036206,300.8554685119479,0
4022,130.57299961910968,0,0,535,0.0,0.0,1.0,535,14900,11400,3500,0.7651006711409396,184,114,70,156.43717083157634,0.4280850747313522,0.8894163078320887,0.11277340192857459,4531410.568069765,19876.20982902911,4551286.777898794,4021,26,2188.6317757009347,118,417,56,32.4244664473757,0.5960280373831776,36.54586834733895,34399.99623193608,291.52539179606845,0
4023,130.2817350906498,0,0,535,0.0,0.0,1.0,535,13500,9800,3700,0.725925925925926,172,98,74,153.42885963207866,0.42796796060998515,0.887182239211457,0.10629386940503319,4476956.015606841,16878.85121950408,4493834.866826345,4022,27,2189.6317757009347,112,423,64,33.818802231677125,0.5829244548286605,37.84107669616515,34154.51939751961,304.95106604928225,8
4024,130.1225515648329,0,1,534,0.0,0.001869158878504673,0.9981308411214953,535,14000,10300,3700,0.7357142857142858,177,103,74,153.84240870735542,0.42769537494020327,0.8869816532592605,0.10696350054543108,4475529.111181717,16705.235740814856,4492234.346922533,4023,28,2190.6317757009347,116,419,69,33.68763931792205,0.5840926791277259,37.72257834757831,34128.20732325812,294.2086838211907,0
4025,129.65584980879802,1,0,535,0.001869158878504673,0.0,1.0,535,13250,8600,4650,0.6490566037735849,179,86,93,153.74602270200617,0.42766649748561963,0.8870520279788061,0.10708805828110123,4461483.97076188,16937.083170676677,4478421.053932557,4024,0,2185.0822429906543,120,415,58,33.63024918233623,0.5854166666666667,37.66356749311292,34013.45309248843,283.4454424374036,0
4026,129.96624653842758,0,1,534,0.0,0.001869158878504673,0.9981308411214953,535,15500,11300,4200,0.7290322580645161,197,113,84,154.49722556346367,0.42740805885166905,0.8885069789129676,0.1081203764206381,4477456.748439372,15850.929042856029,4493307.677482228,4025,1,2186.0822429906543,123,412,62,33.45297815256931,0.5866043613707166,37.50840053763438,34115.04792999153,277.3581132519637,0
4027,129.5288964329593,0,0,534,0.0,0.0,1.0,534,16300,11600,4700,0.7116564417177914,210,116,94,150.6511543047177,0.4270980458292051,0.8853570074214776,0.10598118257059921,4468211.047091666,11528.230384290831,4479739.277475957,4026,2,2190.8520599250937,95,439,67,33.38019477836991,0.5880149812734082,37.33723958333335,34022.4174908058,358.1307104295347,0
4028,129.79129871122606,0,0,534,0.0,0.0,1.0,534,15700,11100,4600,0.7070063694267515,203,111,92,150.97312480706623,0.4269980594144749,0.8856214208094768,0.10656876254753245,4481041.250901082,12803.36000758139,4493844.610908663,4027,3,2191.8520599250937,98,436,67,33.259256293211564,0.5894584893882646,37.226430976431,34105.722790553285,348.0175794954417,0
4029,129.7613857410018,0,0,534,0.0,0.0,1.0,534,15350,11700,3650,0.762214983713355,190,117,73,149.05290978115863,0.42692025153829755,0.8844261573750629,0.10569696325594209,4485100.27769554,11553.449410162357,4496653.727105702,4028,4,2192.8520599250937,100,434,73,33.15820355914692,0.5906874219725343,37.07714521452148,34117.23397994427,341.1723397994427,0
4030,129.21265970696783,0,0,534,0.0,0.0,1.0,534,14900,10700,4200,0.7181208053691275,191,107,84,145.79869001438348,0.42678293491016156,0.8816094175269256,0.10371775337674768,4469631.816435613,8633.29273658547,4478265.109172198,4029,5,2193.8520599250937,104,430,78,33.139324733778395,0.5920529026217228,36.974206349206376,33986.2623691555,326.7909843188029,0
4031,129.55233901703483,0,1,533,0.0,0.0018726591760299626,0.99812734082397,534,14500,10600,3900,0.7310344827586207,184,106,78,148.1400491393614,0.42644118046625584,0.8824249522432084,0.10580767279367474,4485815.088651608,11605.77353258903,4497420.862184197,4030,6,2194.8520599250937,107,427,75,32.94574353711573,0.5934769038701623,36.84413580246916,34092.45773283967,318.6211003069128,0
4032,129.27265864962655,0,1,532,0.0,0.001876172607879925,0.99812382739212,533,13450,9800,3650,0.7286245353159851,171,98,73,151.59106508966497,0.42613540182538895,0.8848773907558749,0.1087177638587856,4480637.0646887105,15794.908983280038,4496431.97367199,4031,7,2199.669793621013,110,423,73,32.720496506986,0.59468808630394,36.71171171171174,34035.97701833683,309.4179728939712,0
4033,129.16181985457496,0,0,532,0.0,0.0,1.0,532,15200,10900,4300,0.7171052631578947,195,109,86,152.45038982354367,0.4260209876149885,0.8858025664898106,0.10976503556470704,4481100.517144324,15029.10413542855,4496129.621279753,4032,8,2201.53007518797,114,418,56,32.56937519342529,0.5961192042606516,36.585144927536255,34023.142057888894,298.448614542885,0
4034,128.72166603637953,0,0,532,0.0,0.0,1.0,532,14750,10800,3950,0.7322033898305085,187,108,79,156.7123517572105,0.4258078547357093,0.8884918814368159,0.11318624175963778,4469224.78561707,18926.545337134434,4488151.330954204,4033,9,2202.53007518797,116,416,58,32.355437867423475,0.5973723370927319,36.485042735042754,33920.08432465095,292.4145200400944,0
4035,128.33063386081852,0,0,532,0.0,0.0,1.0,532,14250,10000,4250,0.7017543859649122,185,100,85,155.70579348489065,0.42566721653474554,0.8878831547197157,0.11294787897814501,4460340.341233277,18250.166408877412,4478590.507642155,4034,10,2203.53007518797,92,440,64,32.24108571590406,0.5984492481203008,36.34632616487452,33834.84308299477,367.7700335108127,0
4036,128.1774502821066,0,0,532,0.0,0.0,1.0,532,15650,10800,4850,0.6900958466453674,205,108,97,157.44549380439895,0.4254318116383237,0.8892783296103925,0.1144505758451538,4457287.6185118165,18305.97002496361,4475593.58853678,4035,11,2204.53007518797,92,440,65,32.12695547533088,0.5995065789473684,36.27912186379925,33803.069745655965,367.4246711484344,0
4037,128.00654818992567,0,1,531,0.0,0.0018796992481203006,0.9981203007518797,532,14750,11500,3250,0.7796610169491526,180,115,65,155.79041916712782,0.425278119970359,0.8877002536262109,0.11370290738303146,4455660.132030544,17679.83192705757,4473339.963957601,4036,12,2205.53007518797,94,438,71,32.04080607848835,0.6007205513784462,36.15131578947364,33774.35931024274,359.3016947898164,0
4038,127.62753874482496,0,1,530,0.0,0.0018832391713747645,0.9981167608286252,531,13750,9300,4450,0.6763636363636364,182,93,89,153.22986476057645,0.4249456644044108,0.8855482892280446,0.11225104606088795,4446447.148237186,16315.699037884944,4462762.847275071,4037,13,2210.2937853107346,97,434,75,31.988402995892702,0.6016752981795355,36.03316326530608,33689.43768270552,347.3137905433558,0
4039,127.95667927022795,0,1,529,0.0,0.0018867924528301887,0.9981132075471698,530,13300,9400,3900,0.706766917293233,172,94,78,153.5449772780658,0.42463745823970706,0.8860276642464964,0.11274640202673293,4460427.629014666,17675.251789500828,4478102.880804167,4038,14,2215.254716981132,97,433,76,31.904537860794626,0.6025746855345913,35.95875850340132,33785.84045229256,348.3076335287893,0
4040,127.66864195576034,0,1,528,0.0,0.001890359168241966,0.998109640831758,529,15400,11100,4300,0.7207792207792207,197,111,86,153.12579066650255,0.4243461016115789,0.8853354619976399,0.11262323511478152,4452136.5352162765,15147.385422041785,4467283.920638318,4039,15,2219.68809073724,101,428,74,31.86291569992262,0.6036940768746062,35.90686274509801,33716.4121831692,333.82586319969505,0
4041,128.1797382652211,0,1,527,0.0,0.001893939393939394,0.9981060606060606,528,13000,8700,4300,0.6692307692307692,173,87,86,152.67988507992288,0.4242264018266153,0.8842054456513442,0.11270170013458089,4473820.989496508,18012.494908893696,4491833.484405401,4040,16,2224.6647727272725,107,421,73,31.758911948307937,0.6047190656565656,35.792824074074055,33866.00665797816,316.5047351212912,0
4042,128.39082860180767,0,0,527,0.0,0.0,1.0,527,14200,10500,3700,0.7394366197183099,179,105,74,153.06869965759387,0.42407116471021133,0.8843965169261465,0.1132854505103094,4483990.883879346,17671.730774382548,4501662.614653728,4041,17,2229.593927893738,109,418,74,31.664778088310822,0.6060641998734978,35.71022727272726,33932.38291143781,311.3062652425487,0
4043,128.7954701673791,0,0,527,0.0,0.0,1.0,527,15350,11300,4050,0.7361563517915309,194,113,81,154.85511975473673,0.423745589858659,0.8850410536324356,0.11505156021278959,4502258.143018584,18689.544780775468,4520947.68779936,4042,18,2230.593927893738,114,413,60,31.494224818151665,0.6074873497786211,35.58876811594202,34054.968928043,298.7277976144123,0
4044,129.12752278200688,0,0,527,0.0,0.0,1.0,527,15800,11100,4700,0.7025316455696202,205,111,94,153.90267563483192,0.42334155236975207,0.8847432278812022,0.11484772273575466,4518567.118202159,17883.913905376376,4536451.032107536,4043,19,2231.593927893738,120,407,63,31.37962360342771,0.6090290955091714,35.45110192837465,34160.54386269853,284.67119885582105,0
4045,128.7392860919664,0,0,527,0.0,0.0,1.0,527,15400,11300,4100,0.7337662337662337,195,113,82,151.77295007157394,0.4230087625630407,0.8833380552268999,0.11398313777537004,4511758.483599686,16152.579013274815,4527911.062612961,4044,20,2232.593927893738,94,433,70,31.23403741285288,0.6103731815306768,35.25219298245614,34083.443669852255,362.589826275024,0
4046,128.52825818575707,0,0,527,0.0,0.0,1.0,527,15350,11200,4150,0.7296416938110749,195,112,83,151.1422446552955,0.4225787211732479,0.8823475131911354,0.11383154691722845,4507359.5423127245,15500.48773872156,4522860.0300514465,4045,21,2233.593927893738,98,429,71,31.161352800953487,0.6115986717267552,35.164141414141405,34038.891609169754,347.3356286649975,0
4047,128.4522408338361,0,0,527,0.0,0.0,1.0,527,16650,12800,3850,0.7687687687687688,205,128,77,150.74271089713926,0.4224580209858995,0.8821814067316072,0.11424373110970401,4511292.453757602,13958.890825845057,4525251.344583447,4046,22,2234.593927893738,104,423,71,30.975107617443367,0.613239247311828,34.97023809523809,34043.66680432463,327.342950041583,0
4048,128.70358479559968,0,0,527,0.0,0.0,1.0,527,14550,9900,4650,0.6804123711340206,192,99,93,149.7323516422005,0.4220538331854267,0.8811574349352556,0.11382179334582304,4523304.307090621,15506.998218793542,4538811.305309415,4047,23,2235.593927893738,109,418,72,30.907143324880042,0.6145240354206198,34.87689393939392,34122.29416214377,313.048570294897,0
4049,128.4781201934203,0,1,526,0.0,0.0018975332068311196,0.9981024667931688,527,14700,10400,4300,0.7074829931972789,190,104,86,151.4583587298542,0.42170766564935797,0.8817496485108192,0.11559231152542246,4519547.251781478,16804.641791367714,4536351.8935728455,4048,24,2236.593927893738,117,410,70,30.73722695554738,0.6158088235294117,34.7545903954802,34078.2316159221,291.2669368882231,0
4050,128.73234901150624,0,0,526,0.0,0.0,1.0,526,15050,10600,4450,0.7043189368770764,195,106,89,151.32227160786655,0.4212935300863057,0.8819359597374683,0.11586582145693104,4531909.672108718,16905.773261028888,4548815.4453697475,4049,25,2241.5570342205324,122,404,70,30.639202732031144,0.6169993662864386,34.65447154471542,34158.553177747825,279.98814080121167,0
4051,129.09984807124385,0,0,526,0.0,0.0,1.0,526,14350,9300,5050,0.6480836236933798,194,93,101,153.10690954856028,0.42110794254330375,0.8837974312923464,0.11758058393000605,4547958.934711581,19714.787449488642,4567673.7221610695,4050,26,2242.5570342205324,126,400,61,30.499634344807685,0.6180687579214195,34.56364829396323,34267.792677834244,271.96660855424005,0
4052,128.672908894946,0,0,526,0.0,0.0,1.0,526,15250,11400,3850,0.7475409836065574,191,114,77,155.56726666427704,0.42074619771863114,0.8873831424603258,0.1200542215015441,4538005.309614654,20743.016424944763,4558748.326039598,4051,27,2243.5570342205324,130,396,62,30.283121257485014,0.6195144169835234,34.41475826972009,34173.625613002325,262.874043176941,0
4053,128.60112096861195,0,0,526,0.0,0.0,1.0,526,13950,9500,4450,0.6810035842293907,184,95,89,158.35510219465735,0.4203978815860945,0.8897659125801867,0.12274277518352061,4540030.573040663,24637.401072144956,4564667.974112808,4052,28,2244.5570342205324,88,438,64,30.07357691347693,0.6208412547528517,34.281367041198514,34171.714060749175,388.3149325085133,0
4054,128.9943492095817,0,1,525,0.0,0.0019011406844106464,0.9980988593155894,526,13550,9400,4150,0.6937269372693727,177,94,83,154.9305461489064,0.42005235681091196,0.8870067507176509,0.12055234743970611,4557921.128311917,22482.241942601766,4580403.370254519,4053,29,2245.5570342205324,93,433,66,30.045845665374376,0.6221086818757922,34.16445035460995,34291.283723278786,368.7234808954708,0
4055,128.88965767304433,0,0,525,0.0,0.0,1.0,525,14100,9900,4200,0.7021276595744681,183,99,84,152.3898951298317,0.4199156367381558,0.8840989119683473,0.11898840282380421,4557823.967295291,19813.263279274113,4577637.230574565,4054,30,2244.3885714285716,98,427,69,30.006676557863532,0.6230753968253968,34.05934343434347,34277.00018609254,349.76530802135244,0
4056,128.392827890263,0,0,525,0.0,0.0,1.0,525,14150,10300,3850,0.7279151943462897,180,103,77,151.5984915973175,0.4196115049073064,0.8837000810481996,0.11867010299756114,4542859.145258534,18588.118792055753,4561447.26405059,4055,31,2245.3885714285716,100,425,70,29.95030951550165,0.6240674603174603,33.98308580858088,34154.66387967801,341.5466387967801,0
4057,128.14822662336755,0,0,525,0.0,0.0,1.0,525,13350,9700,3650,0.7265917602996255,170,97,73,149.76977485652435,0.41944777656609716,0.8820285455071628,0.11748976693263752,4536401.370741587,17533.162390960453,4553934.5331325475,4056,32,2246.3885714285716,104,421,72,29.933556417235266,0.6249801587301587,33.91865079365082,34097.85303834697,327.863971522567,0
4058,128.19578781990467,0,0,525,0.0,0.0,1.0,525,14100,10100,4000,0.7163120567375887,181,101,80,146.1605782308558,0.4190830607051981,0.8789608453778366,0.11518998874669745,4542823.827119128,13696.351474529023,4556520.178593657,4057,33,2247.3885714285716,111,414,71,29.888671511086265,0.6261309523809524,33.779761904761926,34128.31315622196,307.4622806866843,0
4059,128.43633139608795,0,2,523,0.0,0.0038095238095238095,0.9961904761904762,525,14350,9900,4450,0.6898954703832753,188,99,89,145.78856095527973,0.4187416696958682,0.8788906701904038,0.11542968291467424,4556083.295876833,13494.965459655632,4569578.261336489,4058,34,2248.3885714285716,114,411,71,29.75809925412046,0.6272420634920635,33.641304347826114,34210.13370501275,300.08889214923465,0
4060,128.17593765129035,0,0,523,0.0,0.0,1.0,523,16200,12600,3600,0.7777777777777778,198,126,72,147.05315740939452,0.4183726731280631,0.8792379233647332,0.11677204551664833,4549826.482618728,13013.269986794141,4562839.752605522,4059,35,2256.315487571702,117,406,75,29.635853239682408,0.6285651688973869,33.55402542372884,34151.962624725806,291.8971164506479,0
4061,128.45952278280586,0,0,523,0.0,0.0,1.0,523,14450,10300,4150,0.71280276816609,186,103,83,151.3697765433665,0.41797814577945785,0.8836036694094156,0.11416872976575884,4506483.31190919,17379.07438402,4523862.38629321,4060,36,2257.315487571702,97,426,70,31.10955056179777,0.6111575844486934,35.119047619047606,34026.480737112084,350.7884612073411,8
4062,128.8872444097018,0,0,523,0.0,0.0,1.0,523,14200,11400,2800,0.8028169014084507,170,114,56,146.61961652936023,0.41771472055559217,0.8793731689462094,0.10417203574397577,4457007.267295421,11896.939279886337,4468904.206575307,4061,37,2258.315487571702,102,421,78,33.15868071578735,0.5884321223709369,37.01456310679614,33895.46828104686,332.3085125592829,8
4063,129.11751007924656,0,0,523,0.0,0.0,1.0,523,13400,9800,3600,0.7313432835820896,170,98,72,146.20020782431598,0.4176303207011323,0.8782646699714447,0.10426902378115145,4469146.563364682,12678.031272250542,4481824.594636932,4062,38,2259.315487571702,112,411,75,33.04494254081703,0.589746653919694,36.891592920354014,33971.90240304118,303.32055717001055,0
4064,129.4501572138593,0,0,523,0.0,0.0,1.0,523,14300,10000,4300,0.6993006993006993,186,100,86,148.99477001792596,0.4174160396963193,0.8807653599891341,0.10660564692340886,4484214.00269611,14724.886808576019,4498938.889504686,4063,39,2260.315487571702,113,410,73,32.86554884399089,0.5911209369024857,36.787280701754426,34072.92789384589,301.5303353437689,0
4065,129.3754051482203,0,1,522,0.0,0.0019120458891013384,0.9980879541108987,523,14100,9700,4400,0.6879432624113475,185,97,88,149.2040561111544,0.4172509029105587,0.8806117689510216,0.10701130825035446,4484254.236231947,15113.784135888878,4499368.020367837,4064,40,2261.315487571702,119,404,75,32.7816768872331,0.5924155513065648,36.71006944444448,34063.24143707233,286.24572636195234,0
4066,129.78539280460734,0,0,522,0.0,0.0,1.0,522,15900,12400,3500,0.779874213836478,194,124,70,151.6659909169689,0.4171525648191046,0.88249358474055,0.10919951346021964,4502727.012709605,16282.110842243945,4519009.123551848,4065,41,2266.3486590038315,122,400,61,32.59026170267495,0.5936502234993615,36.58536585365858,34187.37176316552,280.2243587144715,0
4067,129.30612220911388,0,0,522,0.0,0.0,1.0,522,15200,11500,3700,0.756578947368421,189,115,74,149.36968237145382,0.41695722502898686,0.8807300435287004,0.10794485455472917,4490143.312487107,14538.25607770386,4504681.568564811,4066,42,2267.3486590038315,124,398,63,32.53027763723757,0.595007183908046,36.46666666666671,34076.47340617587,274.81026940464415,0
4068,129.01477553287134,0,0,522,0.0,0.0,1.0,522,14650,10600,4050,0.7235494880546075,187,106,81,147.83054270067606,0.416814205661085,0.8784432526609478,0.10748293452940046,4486623.908055836,13602.009444345338,4500225.917500182,4067,43,2268.3486590038315,100,422,71,32.37399462933273,0.5964240102171137,36.27268976897692,34024.719731343626,340.2471973134363,0
4069,128.4669751842913,0,1,521,0.0,0.0019157088122605363,0.9980842911877394,522,14000,10300,3700,0.7357142857142858,177,103,74,145.46403219004546,0.4166063794451676,0.8764341637259103,0.10621132106470557,4472144.149823081,11707.224113678418,4483851.373936759,4068,44,2269.3486590038315,103,419,76,32.2995748557546,0.5976013729246488,36.137820512820525,33897.576064252695,329.1026802354631,0
4070,128.62104475684524,0,0,521,0.0,0.0,1.0,521,13550,9300,4250,0.6863468634686347,178,93,85,147.55917050925126,0.41658054038092424,0.8782291950858931,0.10808155585327464,4480907.468895163,14489.797847776319,4495397.26674294,4069,45,2274.443378119002,103,418,78,32.14265386658573,0.5985084772872681,36.03766025641026,33951.111914281944,329.6224457697276,0
4071,128.76319663074003,0,0,521,0.0,0.0,1.0,521,12800,8500,4300,0.6640625,171,85,86,148.8695301986074,0.4163956764604557,0.878720556629665,0.10953841835524833,4490754.397061436,16707.299465572913,4507461.696527009,4070,46,2275.443378119002,106,415,76,31.96195338321847,0.5996681062060141,35.89369158878504,34007.17252137202,320.8223822770945,0
4072,128.41766347218845,0,1,520,0.0,0.0019193857965451055,0.9980806142034548,521,16450,11600,4850,0.7051671732522796,213,116,97,146.74785781272092,0.41618328288793743,0.8766474728087004,0.10831389505224617,4482035.976929541,10895.835650790752,4492931.812580331,4071,47,2276.443378119002,109,412,78,31.918309438470718,0.6008277351247601,35.79545454545454,33928.53040600427,311.2709211560025,0
4073,128.27307848345103,0,0,520,0.0,0.0,1.0,520,14600,9900,4700,0.678082191780822,193,99,94,147.8801436571708,0.4161621214366879,0.8775705994455985,0.10943130630630625,4479740.929689901,13892.946445890133,4493633.876135791,4072,48,2281.2403846153848,111,409,79,31.806024774774762,0.6021634615384616,35.71428571428571,33900.742170626276,305.41209162726375,0
4074,128.66265605803045,0,0,520,0.0,0.0,1.0,520,12100,8100,4000,0.6694214876033058,161,81,80,149.0757274005398,0.4158733356800553,0.8786364437098615,0.11057970456418281,4495898.354045389,17945.86348964171,4513844.217535031,4073,49,2282.2403846153848,116,404,78,31.698267829679313,0.6031850961538461,35.63924501424502,34013.35689397354,293.21859391356503,0
4075,128.39395323987458,0,0,520,0.0,0.0,1.0,520,14550,10700,3850,0.7353951890034365,184,107,77,150.3519300477163,0.4155617774566474,0.8807424278522462,0.11187509344031443,4489833.728859883,16461.03334548338,4506294.762205366,4074,50,2283.2403846153848,116,404,65,31.565123103510174,0.6045072115384615,35.54131054131054,33954.89660823741,292.7146259330811,0
4076,128.3207209941132,0,0,520,0.0,0.0,1.0,520,14900,11300,3600,0.7583892617449665,185,113,72,152.2790577249707,0.4154958530952028,0.8820486781111188,0.1138826063080029,4492632.4870743705,17926.76836725337,4510559.255441624,4075,51,2284.2403846153848,93,427,68,31.353865669974997,0.605829326923077,35.383421985815566,33955.79007777471,365.11602234166355,0
4077,128.61241058252452,0,0,520,0.0,0.0,1.0,520,14500,10800,3700,0.7448275862068966,182,108,74,153.13889136963795,0.4151778105083741,0.8832461054127505,0.11484703251178609,4505818.751544386,19503.217664805143,4525321.969209191,4076,52,2285.2403846153848,94,426,68,31.24240572746225,0.606991185897436,35.29605263157892,34044.21276176198,362.1724761889572,0
4078,128.8739117445881,0,0,520,0.0,0.0,1.0,520,15300,10500,4800,0.6862745098039216,201,105,96,152.3267658382137,0.4150007256311447,0.8822794454825362,0.11462391574014295,4518559.4637229815,18359.50987131375,4536918.973594295,4077,53,2286.2403846153848,96,424,72,31.157403652486543,0.6081530448717949,35.19115120274912,34126.95220908261,355.48908551127715,0
4079,128.6408756971295,0,0,520,0.0,0.0,1.0,520,14150,9900,4250,0.6996466431095406,184,99,85,156.55682340176648,0.4148004051183242,0.884602909376843,0.11833648746579181,4515127.410309327,23224.80092245319,4538352.21123178,4078,54,2287.2403846153848,99,421,73,30.904142913308426,0.6093349358974358,35.05208333333331,34083.13201412977,344.27406074878553,0
4080,128.29462641687647,0,1,519,0.0,0.0019230769230769232,0.9980769230769231,520,14300,10300,4000,0.7202797202797203,183,103,80,155.15524028111616,0.4144866854404427,0.8833489860006452,0.11773650398865129,4507083.428825624,21559.52247329364,4528642.951298918,4079,55,2288.2403846153848,102,418,77,30.818548899910933,0.6104166666666666,34.93122977346275,34006.8988509941,333.4009691273931,0
4081,128.46790064017395,0,0,519,0.0,0.0,1.0,519,14150,10200,3950,0.7208480565371025,181,102,79,155.41946879181012,0.41430793923568493,0.8841087007105859,0.11826443223126103,4516081.866395147,22427.408939091398,4538509.275334238,4080,56,2292.795761078998,103,416,72,30.724739986653034,0.6115125240847784,34.84575320512819,34063.80943156358,330.7165964229474,0
4082,128.75454236592574,0,0,519,0.0,0.0,1.0,519,13350,10000,3350,0.7490636704119851,167,100,67,154.41676384815625,0.41407003617986277,0.8841969913834156,0.11793629958685652,4530037.761048267,22752.754234203836,4552790.515282471,4081,57,2293.795761078998,104,415,78,30.635962451849338,0.6127368336544636,34.732142857142854,34154.4415508183,328.4080918347914,0
4083,128.78010835745758,1,0,520,0.0019230769230769232,0.0,1.0,520,12950,8400,4550,0.6486486486486487,175,84,91,153.78043530332164,0.41397411195099054,0.8834539902559528,0.11791235839604794,4535051.2220712975,22530.4302105957,4557581.652281893,4082,0,2290.382692307692,109,411,78,30.53059024680343,0.6139022435897437,34.6117424242424,34176.7285674026,313.54796850828075,0
4084,128.35554409371375,0,1,519,0.0,0.0019230769230769232,0.9980769230769231,520,15300,11200,4100,0.7320261437908496,194,112,82,152.95336419003297,0.4139215422904006,0.8831435204022526,0.11772336714836443,4524046.654826318,19093.631121668877,4543140.285947987,4083,1,2291.382692307692,111,409,61,30.434933326327325,0.6150040064102564,34.49590773809522,34078.922221384084,307.0173173097665,0
4085,127.92909318249802,0,0,519,0.0,0.0,1.0,519,13950,10200,3750,0.7311827956989247,177,102,75,154.26259343191944,0.41346466201957527,0.883465621348837,0.11895504245757453,4510969.180859007,21424.76094615322,4532393.941805161,4084,60,2296.795761078998,114,405,64,30.341783773336008,0.6157875722543353,34.43840579710143,33973.05393047509,298.0092450041675,0
4086,128.02738757269933,0,1,518,0.0,0.0019267822736030828,0.9980732177263969,519,14850,10700,4150,0.7205387205387206,190,107,83,151.52012159296515,0.41337089566858354,0.8815641153248908,0.1172509057232043,4518067.318343383,18265.621888119127,4536332.940231502,4085,61,2297.795761078998,95,424,65,30.306186352992423,0.6168914579319204,34.33159722222224,34012.8315682508,358.02980598158734,0
4087,128.4857246344805,0,0,518,0.0,0.0,1.0,518,15050,10700,4350,0.7109634551495017,194,107,87,151.94551214002703,0.41289598005023537,0.8816266706026683,0.11786970669019217,4536793.009545534,19219.067461739105,4556012.077007273,4086,62,2303.023166023166,96,422,67,30.219025297017783,0.618384009009009,34.2568728522337,34144.198258213866,355.66873185639446,0
4088,128.07175084564574,0,0,518,0.0,0.0,1.0,518,13450,10000,3450,0.7434944237918215,169,100,69,154.4279286483034,0.41269706429280895,0.8852117933199015,0.11220518682754302,4453114.231572341,20487.041363198594,4473601.2729355395,4087,63,2304.023166023166,94,424,63,32.221500346500335,0.5988175675675675,36.29385964912279,33773.3071034842,359.29050110089577,8
4089,127.70853449534228,0,1,517,0.0,0.0019305019305019305,0.9980694980694981,518,12550,9200,3350,0.7330677290836654,159,92,67,152.33642718369234,0.41237546955632065,0.8836417976693158,0.11104737893752448,4443988.086179859,19246.253499106297,4463234.3396789655,4088,64,2305.023166023166,96,422,68,32.17107316345087,0.5998632561132562,36.18986254295532,33690.80603965387,350.9458962463945,0
4090,127.77579561746735,0,2,515,0.0,0.0038684719535783366,0.9961315280464217,517,14300,9600,4700,0.6713286713286714,190,96,94,149.33425096308918,0.41220905242429245,0.8809740444489627,0.10932607618192595,4450916.198100534,15234.847308564866,4466151.045409099,4089,65,2310.05415860735,102,415,70,32.11218182050394,0.6012048678272083,36.05380258899676,33725.93537439602,330.6464252391766,0
4091,127.94456281224674,0,0,515,0.0,0.0,1.0,515,14050,9900,4150,0.7046263345195729,182,99,83,151.21630506245944,0.41193349955296993,0.8819746845138925,0.11111111111111094,4460723.460059279,17856.823907118254,4478580.283966397,4090,66,2317.9203883495147,103,412,73,31.944444444444446,0.6024069579288026,35.937499999999986,33785.361117608736,328.0132147340654,0
4092,127.75127383166775,0,0,515,0.0,0.0,1.0,515,15050,11300,3750,0.7508305647840532,188,113,75,149.96956138692954,0.411802381222218,0.8808023038564758,0.11036642748726964,4455642.233507033,15592.142291224747,4471234.375798258,4091,67,2318.9203883495147,105,410,68,31.927494170759548,0.6035598705501618,35.888364779874195,33740.597833135565,321.33902698224347,0
4093,127.49296912807412,0,0,515,0.0,0.0,1.0,515,11750,7100,4650,0.6042553191489362,164,71,93,151.65472880966604,0.4115125986929092,0.8820615898058257,0.11199118435175283,4450289.046106775,20231.47568238926,4470520.521789164,4092,68,2319.9203883495147,108,407,74,31.772792486496932,0.6046318770226538,35.77981651376145,33686.21569622489,311.9094045946749,0
4094,127.80441946776845,0,0,515,0.0,0.0,1.0,515,13450,9500,3950,0.7063197026022305,174,95,79,149.83781552314645,0.41136936018032316,0.8802234506695465,0.11075943320749115,4462217.307003017,17271.77873418112,4479489.085737198,4093,69,2320.9203883495147,112,403,73,31.789038698574377,0.6056229773462782,35.74852507374631,33772.50634645135,301.5402352361728,0
4095,127.9171470989239,0,1,514,0.0,0.001941747572815534,0.9980582524271845,515,14850,10600,4250,0.7138047138047138,191,106,85,149.99447323497472,0.41118173346933123,0.8806328484359776,0.11119814993307464,4469245.68621839,16222.43049240252,4485468.116710793,4094,70,2321.9203883495147,116,399,75,31.692053147418395,0.6069377022653721,35.657051282051285,33813.99585571719,291.4999642734241,0
4096,127.65456928833304,0,0,514,0.0,0.0,1.0,514,13200,9800,3400,0.7424242424242424,166,98,68,152.9369396090279,0.41090688784217355,0.8827280412090432,0.11397010597835035,4465570.4506932935,20590.13566750806,4486160.586360802,4095,71,2327.0408560311284,120,394,61,31.44887442365065,0.6082603761348897,35.49414600550964,33765.38086590939,281.37817388257827,0
4097,127.67293704769395,0,0,514,0.0,0.0,1.0,514,13450,9800,3650,0.7286245353159851,171,98,73,154.56815350739254,0.4107736781426112,0.8840314613287843,0.11576515822605873,4471507.585863237,21980.534188235637,4493488.120051472,4096,72,2328.0408560311284,91,423,66,31.24656862745097,0.6093547341115435,35.33740942028985,33790.25026596288,371.32143149409757,0
4098,127.44067502855879,0,0,514,0.0,0.0,1.0,514,15150,11000,4150,0.7260726072607261,193,110,83,168.53792145797217,0.4107302230211644,0.8934234016980429,0.12366902005172888,4441695.180037485,31768.814678680403,4473463.994716166,4097,73,2329.0408560311284,95,419,65,31.53117979067347,0.6017752918287937,35.98090277777774,33646.77197043026,354.17654705716063,7
4099,127.33389262981223,0,0,514,0.0,0.0,1.0,514,14450,10400,4050,0.7197231833910035,185,104,81,167.37837930875665,0.4106482903649093,0.8925915539303144,0.12336870299957263,4442727.800561753,31473.315793595728,4474201.116355348,4098,74,2330.0408560311284,100,414,64,31.418046174468685,0.6030925745784695,35.83952145214519,33636.582012452076,336.3658201245208,0
4100,127.3571096247963,0,0,514,0.0,0.0,1.0,514,13450,9800,3650,0.7286245353159851,171,98,73,168.93881639777064,0.41052898630420986,0.894195784384433,0.12489888037453338,4446770.069613941,33996.414470720774,4480766.484084662,4099,75,2331.0408560311284,101,413,64,31.279145411449477,0.604105869001297,35.74346405228756,33654.9486177614,333.21731304714257,0
4101,127.53760301940954,0,0,514,0.0,0.0,1.0,514,14450,10500,3950,0.726643598615917,184,105,79,169.22989181249437,0.41045147816941113,0.8940917879816661,0.12544633503643562,4455883.961553593,33563.75214854797,4489447.713702141,4100,76,2332.0408560311284,106,408,66,31.186624559594385,0.6053420881971465,35.66004672897195,33713.28402244946,318.0498492683911,0
4102,127.07874203378019,1,2,513,0.001941747572815534,0.003883495145631068,0.996116504854369,515,13600,10100,3500,0.7426470588235294,171,101,70,172.24214421527142,0.4106641859645146,0.8965304866932455,0.12829287839690665,4444905.1678921385,36519.99939025633,4481425.167282395,4101,0,2328.5106796116506,111,404,59,30.95403450781818,0.6066949838187703,35.50967261904762,33611.098083674144,302.8026854385058,0
4103,127.29577749142915,0,0,513,0.0,0.0,1.0,513,14100,10500,3600,0.7446808510638298,177,105,72,172.73492956166263,0.4101865494537849,0.8967414802877232,0.12882090012727837,4453813.972933581,37165.84857908766,4490979.821512668,4102,78,2338.0331384015594,115,398,61,30.901198316246898,0.6079028589993503,35.47054597701151,33673.48251923984,292.8128914716508,0
4104,127.13908444336958,0,0,513,0.0,0.0,1.0,513,13250,8700,4550,0.6566037735849056,178,87,91,178.60175270183106,0.40997921235380114,0.9002928638189043,0.13376471568026754,4452805.566887737,43205.7757373249,4496011.342625062,4103,79,2339.0331384015594,78,435,61,30.610635047163537,0.6091211825860949,35.33755274261605,33648.94123084556,431.39668244673794,0
4105,126.71565136804455,0,0,513,0.0,0.0,1.0,513,14700,10900,3800,0.7414965986394558,185,109,76,174.8379210960847,0.40962275752314814,0.8979019116481342,0.1314690341748489,4442139.806133744,38030.89778451875,4480170.703918263,4104,80,2340.0331384015594,81,432,65,30.583941022196598,0.6102988953866146,35.21341463414636,33552.60463815471,414.2296868907989,0
4106,126.99983756645031,0,0,513,0.0,0.0,1.0,513,13700,10000,3700,0.7299270072992701,174,100,74,172.75648836091676,0.40943175991918457,0.8960992462603636,0.13062329270255335,4457863.863347085,37724.98132457524,4495588.84467166,4105,81,2341.0331384015594,88,425,67,30.464815796448466,0.6113953866146848,35.042134831460686,33649.60583835807,382.3818845267962,0
4107,127.24117093482447,0,0,513,0.0,0.0,1.0,513,13600,9100,4500,0.6691176470588235,181,91,90,168.18265976872195,0.40918032204353477,0.893209559440354,0.12769903781669428,4470701.9725883035,34178.9097566353,4504880.882344939,4106,82,2342.0331384015594,92,421,71,30.454324586977652,0.6125324886289798,34.912634408602166,33730.02679787753,366.6307260638862,0
4108,127.71925220057348,0,1,512,0.0,0.001949317738791423,0.9980506822612085,513,14050,10000,4050,0.7117437722419929,181,100,81,165.7403602112303,0.40899915986436003,0.8916472384957836,0.126224015680968,4490640.636250077,32206.079326255443,4522846.715576332,4107,83,2343.0331384015594,95,418,68,30.42477358593507,0.6137914230019493,34.81987847222223,33868.606819985034,356.51165073668454,0
4109,127.85357661456521,0,0,512,0.0,0.0,1.0,512,14050,10200,3850,0.7259786476868327,179,102,77,166.70271703029456,0.40880806183239565,0.891191095675713,0.12734661671328218,4498558.4857312525,33534.38445821763,4532092.87018947,4108,84,2342.5625,100,412,66,30.30346474346515,0.6150919596354167,34.725660066006604,33916.27314462907,339.1627314462907,0
4110,128.01243327883904,1,0,513,0.001949317738791423,0.0,1.0,513,14800,11400,3400,0.7702702702702703,182,114,68,167.99651431747267,0.40898234446068876,0.892309139336728,0.1289064484971004,4508774.194116088,34091.66969121462,4542865.863807302,4109,0,2338.9941520467837,101,412,69,30.130656239178112,0.6164108187134503,34.58946078431372,33975.84894284869,336.39454398860084,0
4111,128.44243233933406,0,2,511,0.0,0.003898635477582846,0.9961013645224172,513,14000,10400,3600,0.7428571428571429,176,104,72,169.88407080275363,0.4086122469440383,0.893989624080147,0.13080928210372128,4527546.002013169,37231.58911374501,4564777.591126914,4110,1,2339.9941520467837,105,408,54,29.972388257645882,0.6175276153346329,34.48309748427672,34103.63678632518,324.79654082214455,0
4112,128.18178143463203,0,0,511,0.0,0.0,1.0,511,14300,10400,3900,0.7272727272727273,182,104,78,165.88415534353567,0.4079705626542855,0.8909826109369998,0.1281436990404861,4521718.427121482,33516.288396868826,4555234.715518351,4111,87,2349.673189823875,110,401,58,29.9782421801394,0.6186195368558383,34.38438438438437,34047.08278646588,309.5189344224171,0
4113,128.21988760051056,0,0,511,0.0,0.0,1.0,511,15150,11400,3750,0.7524752475247525,189,114,75,165.4433204202979,0.4080316373124592,0.8904909976428586,0.1284155296595652,4528010.949746256,32475.83328509818,4560486.783031354,4112,88,2350.673189823875,91,420,60,29.84229436491707,0.6199853228962817,34.23913043478262,34075.828824266304,374.4596574095198,0
4114,127.94686535310062,0,1,510,0.0,0.0019569471624266144,0.9980430528375734,511,14800,10700,4100,0.722972972972973,189,107,82,166.2679280200636,0.4077673535167492,0.8895412046096962,0.1296889838556506,4523410.743333188,33419.62637554249,4556830.36970873,4113,89,2351.673189823875,98,413,61,29.669693732193736,0.6211676451402479,34.090909090909115,34022.23465071116,347.16565970113425,0
4115,127.94224815607643,0,0,510,0.0,0.0,1.0,510,15150,11200,3950,0.7392739273927392,191,112,79,167.81570806188887,0.4074625691796037,0.8909245381497144,0.13139933561253564,4527185.981260908,34796.58419463316,4561982.565455541,4114,90,2356.750980392157,98,412,65,29.510853801632237,0.6225490196078431,33.97516835016838,34035.81502662158,347.30423496552635,0
4116,128.38351089557653,0,0,510,0.0,0.0,1.0,510,14200,9600,4600,0.676056338028169,188,96,92,169.79482214177372,0.4071382596915649,0.8916064511521105,0.1335077751429208,4547109.6258877255,38215.1340373528,4585324.759925079,4115,91,2357.750980392157,100,410,70,29.32990389831825,0.6238357843137254,33.84900990099013,34169.398537245135,341.6939853724514,0
4117,128.54999989538751,0,1,509,0.0,0.00196078431372549,0.9980392156862745,510,14450,11100,3350,0.7681660899653979,178,111,67,168.78939356447728,0.40687767248353174,0.8916151630777733,0.13305626552260083,4555625.544592286,37338.25459571692,4592963.799188003,4116,92,2358.750980392157,101,409,65,29.27882894114338,0.6249183006535948,33.77246732026147,34223.54929813009,338.84702275376327,0
4118,128.91207198931184,0,0,509,0.0,0.0,1.0,509,14700,10500,4200,0.7142857142857143,189,105,84,170.81858661226772,0.40643160641265613,0.8930655289100891,0.13528140239329067,4573216.66410117,39738.081366688035,4612954.745467858,4117,93,2363.9548133595285,103,406,66,29.083784562933968,0.6261869679109364,33.63381410256413,34337.816931929076,333.37686341678716,0
4119,129.19905750694159,0,1,508,0.0,0.0019646365422396855,0.9980353634577603,509,13500,9500,4000,0.7037037037037037,175,95,80,173.78694800136535,0.40632170794466016,0.8953161056508898,0.13815833095728697,4587313.651866894,44143.04781659013,4631456.699683485,4118,94,2364.9548133595285,105,404,55,28.888973399220667,0.627128356254093,33.52004716981134,34428.958750154896,327.89484523957043,0
4120,129.29527923585803,0,0,508,0.0,0.0,1.0,508,13650,9400,4250,0.6886446886446886,179,94,85,176.4052771206097,0.4059349390682674,0.8969695079760969,0.14085406046663934,4595206.673261662,46873.74132464178,4642080.414586304,4119,95,2370.167322834646,109,399,58,28.687013094646122,0.628301345144357,33.390151515151544,34471.39480687871,316.2513285034744,0
4121,129.70404598981494,0,0,508,0.0,0.0,1.0,508,14100,10800,3300,0.7659574468085106,174,108,66,173.157411786179,0.40550736215295574,0.8947299877508881,0.13887045780906332,4614242.9801865285,44098.074360329265,4658341.054546858,4120,96,2371.167322834646,84,424,64,28.640999724340723,0.6294086286089239,33.25980392156863,34597.282659489174,411.87241261296634,0
4122,129.71492190412428,0,0,508,0.0,0.0,1.0,508,14800,11200,3600,0.7567567567567568,184,112,72,172.30830016661085,0.40496896791377407,0.8943317543849729,0.1387430416948491,4618715.052882668,42768.587943230435,4661483.640825898,4121,97,2372.167322834646,86,422,66,28.543573522373787,0.6305159120734909,33.14176245210728,34615.49544299716,402.50576096508325,0
4123,129.74317628864125,0,0,508,0.0,0.0,1.0,508,14900,11500,3400,0.7718120805369127,183,115,68,169.71802498512758,0.40470761698426755,0.8927463030535805,0.13697714614941425,4622105.054668986,40390.90823043956,4662495.962899426,4122,98,2373.167322834646,87,421,69,28.54268292682924,0.6313976377952756,33.07291666666667,34631.96762912958,398.06859343827097,0
4124,129.75127605695553,0,0,508,0.0,0.0,1.0,508,15250,11600,3650,0.760655737704918,189,116,73,172.20516530835044,0.40456945932793903,0.8939967801924458,0.1395950836220918,4626854.780746814,42503.65847524682,4669358.439222061,4123,99,2374.167322834646,90,418,69,28.345299328475505,0.6327099737532809,32.94413919413918,34650.83871804901,385.00931908943346,0
4125,129.7946148846042,0,0,508,0.0,0.0,1.0,508,14150,10600,3550,0.7491166077738516,177,106,71,172.26835585417646,0.40447854058923105,0.8938743405722263,0.14019505602830637,4632381.640159501,43852.55376786951,4676234.19392737,4124,100,2375.167322834646,92,416,72,28.226795371651367,0.6337352362204725,32.82930107526881,34677.31797538592,376.92736929767307,0
4126,129.43175254017584,0,0,508,0.0,0.0,1.0,508,12950,9500,3450,0.7335907335907336,164,95,69,171.19973464375278,0.40409067995568604,0.8932788555366675,0.13990398697320666,4623615.106490997,43762.33586522074,4667377.442356218,4125,101,2376.167322834646,94,414,69,28.13230709275136,0.6349040354330708,32.70833333333333,34596.0288560511,368.0428601707564,0
4127,129.17091053519724,0,0,508,0.0,0.0,1.0,508,15050,11500,3550,0.7641196013289037,186,115,71,172.73187332666194,0.4038604711208436,0.8937016985350799,0.1416270255492411,4617645.035202544,42872.89545761777,4660517.930660162,4126,102,2377.167322834646,100,408,68,27.992732520764193,0.6361343503937008,32.61138613861384,34538.830719219215,345.38830719219214,0
4128,129.14353777491814,0,1,507,0.0,0.001968503937007874,0.9980314960629921,508,14050,10000,4050,0.7117437722419929,181,100,81,156.98329595694346,0.40383830765606965,0.8819307633474951,0.11176070213383733,4468093.023748856,24633.19390206633,4492726.217650922,4127,103,2378.167322834646,103,405,77,32.8196591529275,0.5948367782152231,36.94911858974363,33971.32144013143,329.8186547585576,8
4129,128.668851159652,0,0,507,0.0,0.0,1.0,507,13000,9000,4000,0.6923076923076923,170,90,80,158.51431807140509,0.4035265180750131,0.8823247749329322,0.1132263249835743,4455310.143141841,26846.089827350286,4482156.232969191,4128,104,2383.4358974358975,105,402,71,32.67015042881862,0.5961538461538461,36.84158805031449,33860.29053856483,322.4789575101412,0
4130,128.39766815974633,1,0,508,0.001968503937007874,0.0,1.0,508,14700,10800,3900,0.7346938775510204,186,108,78,156.03797892687354,0.4037108272893403,0.8805653112161766,0.11177674629358272,4449040.68950611,22543.863470792785,4471584.552976903,4129,0,2379.7421259842517,110,398,74,32.64153773943628,0.5973794291338583,36.749249249249274,33800.78253769935,307.2798412518123,0
4131,128.55578149156293,0,0,508,0.0,0.0,1.0,508,15000,10900,4100,0.7266666666666667,191,109,82,158.7914156433894,0.4035094956695502,0.8838378722821341,0.11412608688090695,4458126.034814365,24982.42883696675,4483108.463651332,4130,1,2380.7421259842517,112,396,57,32.46081125228981,0.5985482283464567,36.64269911504428,33856.10362677464,302.28663952477353,0
4132,128.58579104550898,0,0,508,0.0,0.0,1.0,508,13450,9800,3650,0.7286245353159851,171,98,73,162.8617041374091,0.40347997134603736,0.8861218660810761,0.11739647852538998,4462369.712320277,30299.827167930132,4492669.539488207,4131,2,2381.7421259842517,115,393,58,32.257510168836845,0.5997170275590551,36.54813218390808,33876.16682554953,294.5753637004307,0
4133,128.277222573339,0,0,508,0.0,0.0,1.0,508,12850,9200,3650,0.7159533073929961,165,92,73,161.847138655981,0.40334076213846054,0.8858860670650108,0.11716168899400135,4456261.8301265845,29796.645261569432,4486058.475388154,4132,3,2382.7421259842517,89,419,63,32.14594127806561,0.6007217847769029,36.41203703703701,33812.33179265275,379.91384036688487,0
4134,128.21653573211404,0,1,507,0.0,0.001968503937007874,0.9980314960629921,508,14800,10400,4400,0.7027027027027027,192,104,88,162.02198510772473,0.4032502478425404,0.8849605496458357,0.1176120737410089,4457131.982081997,28030.67432480916,4485162.656406807,4133,4,2383.7421259842517,92,416,64,32.05179261713605,0.6017675524934383,36.32392473118277,33807.632926407605,367.4742709392131,0
4135,128.6730899047142,0,1,506,0.0,0.0019723865877712033,0.9980276134122288,507,11600,8000,3600,0.6896551724137931,152,80,72,162.67832845917974,0.40314792509608566,0.8841336821015311,0.11841191357753415,4475962.742384387,32628.42743533033,4508591.169819717,4134,5,2389.0118343195268,93,414,68,31.945844886984244,0.6028722879684418,36.23670212765955,33939.238540691294,364.9380488246376,0
4136,128.484660744165,0,0,506,0.0,0.0,1.0,506,14300,10300,4000,0.7202797202797203,183,103,80,159.2316604143398,0.40325695613039564,0.8808931942615723,0.11628455386927201,4472951.892546719,26947.111360734976,4499899.003907454,4135,6,2394.1521739130435,98,408,71,31.930543371348072,0.604001976284585,36.13215488215487,33902.97056126008,345.94867919653143,0
4137,128.88633519649616,0,1,505,0.0,0.001976284584980237,0.9980237154150198,506,13200,9700,3500,0.7348484848484849,167,97,70,155.79852341482476,0.4031783613143923,0.8776664980401951,0.1141587543908627,4490548.302496397,25524.158970377423,4516072.461466774,4136,7,2395.1521739130435,105,401,72,31.91326657235745,0.6051959815546772,36.02594339622642,34022.64874261286,324.02522612012245,0
4138,129.06647608366416,0,0,505,0.0,0.0,1.0,505,12950,9500,3450,0.7335907335907336,164,95,69,153.18237793516096,0.40306770260359365,0.8750392024393718,0.11269067101645237,4501129.470410272,23948.743134295895,4525078.213544567,4137,8,2398.5960396039604,109,396,78,31.854068808490766,0.606476897689769,35.89962121212121,34086.50522251243,312.7202313991966,0
4139,128.88770689035087,0,0,505,0.0,0.0,1.0,505,13250,9500,3750,0.7169811320754716,170,95,75,156.52755388532998,0.4030562431243125,0.8757248690230892,0.11555703614278662,4498671.780035012,26583.217892367356,4525254.99792738,4138,9,2399.5960396039604,111,394,80,31.65305547733032,0.6075288778877888,35.78869047619046,34053.589819020315,306.7890974686515,0
4140,128.649556779347,1,0,506,0.001976284584980237,0.0,1.0,506,13800,10400,3400,0.7536231884057971,172,104,68,154.2954545911868,0.40334052426981826,0.8731398490309192,0.11429773630305076,4494003.745286955,23680.870162708994,4517684.615449663,4139,0,2395.8517786561265,117,389,76,31.603182820118857,0.6091279644268774,35.68149717514124,34004.45823699862,290.6363951880224,0
4141,128.75052040142938,0,0,506,0.0,0.0,1.0,506,13900,9700,4200,0.697841726618705,181,97,84,156.28062414234176,0.40308109615309357,0.8736778833174661,0.11618803700407776,4501398.0982285915,25596.26086086348,4526994.359089455,4140,1,2396.8517786561265,123,383,61,31.435314611262907,0.6105278326745718,35.56787634408603,34045.7735315542,276.7949067606033,0
4142,128.49552084486365,0,1,505,0.0,0.001976284584980237,0.9980237154150198,506,13400,9900,3500,0.7388059701492538,169,99,70,155.31370778584483,0.4028885225479069,0.8772506536782259,0.11140043243251209,4453827.133501752,23748.08118827243,4477575.214690025,4141,2,2397.8517786561265,120,386,72,32.61870313453659,0.5961585968379446,36.70798898071627,33831.84409021473,281.9320340851227,8
4143,128.31615607677338,0,0,505,0.0,0.0,1.0,505,13900,10900,3000,0.7841726618705036,169,109,60,157.36435701619496,0.40244103279375554,0.8790921168534485,0.11322970192384225,4451057.411992401,25187.5575360716,4476244.969528472,4142,13,2403.5960396039604,126,379,60,32.461087929083725,0.5974422442244225,36.60597112860893,33797.70931835166,268.2357882408862,0
4144,128.78197873698952,0,0,505,0.0,0.0,1.0,505,12800,8400,4400,0.65625,172,84,88,153.83861985617654,0.40247262821520247,0.8797345479595602,0.10103526362397838,4364805.534023614,20495.13185895849,4385300.6658825725,4143,14,2404.5960396039604,122,383,63,35.63731310108533,0.5667079207920792,39.64261517615176,33529.33919640297,274.830649150844,8
4145,128.5438501071741,0,0,505,0.0,0.0,1.0,505,13650,9800,3850,0.717948717948718,175,98,77,156.63352967701638,0.40234264497878364,0.8812873174563913,0.10302397361017215,4358446.460031274,21885.770588599793,4380332.230619874,4144,15,2405.5960396039604,127,378,65,35.512600654187096,0.5678217821782179,39.59147135416668,33473.91487287996,263.5741328573225,0
4146,128.59397555397194,0,1,504,0.0,0.0019801980198019802,0.998019801980198,505,14800,10300,4500,0.6959459459459459,193,103,90,152.30552228670288,0.4022938603384148,0.8770946320916757,0.1006457020416315,4365507.189143112,17178.170497759747,4382685.359640872,4145,16,2406.5960396039604,95,410,72,35.46282029926988,0.5691419141914191,39.431423611111114,33507.549142286094,352.7110436030115,0
4147,128.2244060464003,0,0,504,0.0,0.0,1.0,504,13650,9100,4550,0.6666666666666666,182,91,91,151.94175808165983,0.4022230703083089,0.8771138026703322,0.10080269138406465,4357475.410712066,17966.49494023883,4375441.905652305,4146,17,2405.126984126984,97,407,74,35.335166347290745,0.5707671957671958,39.29634353741496,33428.571504039726,344.6244484952549,0
4148,127.9972222512583,0,1,503,0.0,0.001984126984126984,0.998015873015873,504,13700,9700,4000,0.708029197080292,177,97,80,151.29322460938255,0.40201721220297265,0.8755052625033037,0.10085961678756097,4355264.473601736,17284.401247578535,4372548.874849315,4147,18,2406.126984126984,105,399,75,35.184522464150284,0.5719452711640212,39.13128930817611,33390.47034082067,318.0044794363873,0
4149,128.20805995563057,0,0,503,0.0,0.0,1.0,503,13350,9400,3950,0.704119850187266,173,94,79,149.67385670144574,0.4017442489815424,0.8736903187077623,0.09999594568573782,4364896.457919821,16712.17739186788,4381608.635311689,4148,19,2411.5467196819086,110,393,76,35.15218537965426,0.573061630218688,39.05780780780781,33454.89222153033,304.1353838320939,0
4150,127.82101466058323,0,0,503,0.0,0.0,1.0,503,13700,10200,3500,0.7445255474452555,172,102,70,147.6488351340659,0.40168995984253836,0.8721842924892784,0.09893261519945713,4355037.8343369765,14303.25264092832,4369341.086977905,4149,20,2412.5467196819086,114,389,71,35.104083532854474,0.5743041749502982,38.958333333333336,33366.61070202312,292.68956756160634,0
4151,128.14751373875976,0,1,502,0.0,0.0019880715705765406,0.9980119284294234,503,13600,9700,3900,0.7132352941176471,175,97,78,147.06939424767128,0.40154953413648253,0.8724785145284859,0.09896834879481356,4371024.284204111,14368.778743952713,4385393.062948064,4150,21,2413.5467196819086,118,385,74,34.97176419331054,0.5755467196819086,38.81302521008404,33470.461440276005,283.6479783074238,0
4152,127.93569716117172,0,0,502,0.0,0.0,1.0,502,14450,10400,4050,0.7197231833910035,185,104,81,148.03759991715884,0.40155247274375555,0.8740235150435949,0.10002505773724944,4368376.7661046665,14486.802397602567,4382863.568502269,4151,22,2416.276892430279,123,379,61,34.80749860700359,0.5769422310756972,38.6760752688172,33432.65849537736,271.81023166973466,0
4153,127.9729241980226,1,0,503,0.0019880715705765406,0.0,1.0,503,13750,10000,3750,0.7272727272727273,175,100,75,149.91989904781482,0.40180876890054096,0.8766578050545268,0.10173634079570244,4374518.766696996,16815.48237719599,4391334.249074192,4152,0,2412.471172962227,92,411,66,34.610517334932595,0.5783631544068919,38.530465949820766,33461.020861095596,363.7067484901695,0
4154,127.77470251521534,0,0,503,0.0,0.0,1.0,503,14250,10300,3950,0.7228070175438597,182,103,79,146.6194187340486,0.40180381852312425,0.8734596039736906,0.09993751739964238,4372696.841119261,13374.453829021215,4386071.294948283,4153,1,2413.471172962227,97,406,70,34.54640332344697,0.5797506626905236,38.382227891156425,33428.13300390039,344.61992787526174,0
4155,127.64234677911529,0,0,503,0.0,0.0,1.0,503,14350,11000,3350,0.7665505226480837,177,110,67,149.9746015978359,0.40162065455870355,0.8762079178136151,0.10279006441119101,4374324.33856877,16257.50998731238,4390581.848556083,4154,2,2414.471172962227,99,404,73,34.2715503521267,0.5811795891318754,38.19791666666664,33417.03230832785,337.54578089220047,0
4156,127.39056107231397,0,1,502,0.0,0.0019880715705765406,0.9980119284294234,503,14050,10100,3950,0.7188612099644128,180,101,79,146.1044650430829,0.4014765985758754,0.8721743259923478,0.10052594266974738,4369994.217075975,13045.133465447565,4383039.350541422,4155,3,2415.471172962227,107,396,76,34.24213063544081,0.5825463883366468,38.06905864197526,33367.52958179748,311.8460708579203,0
4157,127.4623930012961,0,1,501,0.0,0.00199203187250996,0.99800796812749,502,13200,9500,3700,0.7196969696969697,169,95,74,144.63713501848864,0.4015641525713513,0.8691795770661401,0.09975616994622713,4375127.250848018,12961.174180793527,4388088.425028811,4156,4,2420.7171314741036,114,388,75,34.19948028302107,0.5836030876494024,37.98913043478259,33396.532427132755,292.95203883449784,0
4158,127.15059356112812,0,0,501,0.0,0.0,1.0,501,13550,9800,3750,0.7232472324723247,173,98,75,143.96899473374748,0.4015984697272122,0.8681451430242959,0.0996006358250033,4367814.683526174,12015.977834112313,4379830.661360286,4157,5,2424.9700598802397,120,381,75,34.11378789371699,0.584913506320692,37.88739669421487,33327.77309018297,277.7314424181914,0
4159,127.30677845085597,0,0,501,0.0,0.0,1.0,501,14950,11100,3850,0.7424749163879598,188,111,77,148.12873352780923,0.4017203925482369,0.8710769639061786,0.10285337569843576,4377209.403286331,14528.097058964633,4391737.500345296,4158,6,2425.9700598802397,124,377,76,33.88223751112243,0.5861610113107119,37.76666666666667,33384.08086909621,269.22645862174363,0
4160,127.30556026286868,0,0,501,0.0,0.0,1.0,501,15100,11700,3400,0.7748344370860927,185,117,68,169.74022080052416,0.40166167664670654,0.8886526477302379,0.11790592304742671,4377602.969328878,33311.0589181814,4410914.02824706,4159,7,2426.9700598802397,114,387,67,33.302247397992055,0.585973885562209,37.75362318840578,33385.42192690716,292.85457830620317,8
4161,127.41491470008758,0,0,501,0.0,0.0,1.0,501,13550,9700,3850,0.7158671586715867,174,97,77,171.05071580421628,0.40177145708582834,0.8906782511824374,0.1192540071409121,4385414.284500258,36275.65049236009,4421689.934992618,4160,8,2427.9700598802397,117,384,57,33.14459893677868,0.5870550565535595,37.63241525423727,33429.54343044913,285.72259342264215,0
4162,127.28116574856092,0,0,501,0.0,0.0,1.0,501,13900,10800,3100,0.7769784172661871,170,108,62,170.72083713140626,0.4017606453759148,0.8904641343634514,0.11922528809892692,4382666.822318541,35542.5097548523,4418209.332073393,4161,9,2428.9700598802397,121,380,57,33.09673417927443,0.5880530605455755,37.57684426229508,33401.525181711244,276.0456626587706,0
4163,127.2645808796665,0,0,501,0.0,0.0,1.0,501,13450,9300,4150,0.6914498141263941,176,93,83,170.68076770817112,0.4017729540918164,0.8917506225528569,0.11956584060969465,4385481.349200565,36053.46469028467,4421534.81389085,4162,10,2429.9700598802397,84,417,61,32.99470170852394,0.5893421490352628,37.47549019607845,33410.071710836164,397.73894893852577,0
4164,126.9609489226331,0,1,500,0.0,0.001996007984031936,0.998003992015968,501,13600,9500,4100,0.6985294117647058,177,95,82,172.26396858108208,0.4014564204923486,0.8909610520582274,0.12138871178705725,4381452.81760343,37153.29010222792,4418606.107705657,4163,11,2430.9700598802397,90,411,63,32.75683339868995,0.5905480705256154,37.28250915750919,33354.861935936184,370.6095770659576,0
4165,126.7424950140976,0,0,500,0.0,0.0,1.0,500,14550,10600,3950,0.7285223367697594,185,106,79,171.39510529122916,0.40103924515698064,0.8899592858334711,0.121271648879616,4378356.476327944,35535.7738525546,4413892.250180498,4164,35,2436.81,94,406,65,32.64398742977921,0.5918333333333333,37.14912280701758,33314.37599208314,354.4082552349271,0
4166,127.16625369595089,0,0,500,0.0,0.0,1.0,500,14550,9800,4750,0.6735395189003437,193,98,95,168.5487948372379,0.40098522044088175,0.8881081526214651,0.11982611700988095,4398160.668049279,33710.93602005021,4431871.604069329,4165,36,2437.81,100,400,69,32.56171326614642,0.5928541666666667,36.99463696369639,33445.40671927047,334.45406719270466,0
4167,126.76941864030294,0,0,500,0.0,0.0,1.0,500,14300,10400,3900,0.7272727272727273,182,104,78,168.24592924950392,0.4008901135604543,0.8874747002488468,0.1200166362440933,4388094.585512671,33355.810234861034,4421450.395747532,4166,37,2438.81,104,396,69,32.4581165321871,0.5940416666666667,36.88492063492066,33354.94564660865,320.72063121739086,0
4168,126.50492529970103,0,1,499,0.0,0.002,0.998,500,13650,9600,4050,0.7032967032967034,177,96,81,169.02142486952863,0.400750918503674,0.8882383115931405,0.12101082706031506,4382865.940486882,34509.6492546452,4417375.589741527,4167,38,2439.81,107,393,68,32.31777321803707,0.5953958333333333,36.766975308641996,33300.27412499487,311.2175151868679,0
4169,126.9829873165869,0,0,499,0.0,0.0,1.0,499,14600,10500,4100,0.7191780821917808,187,105,82,167.44411349470434,0.40050381888274544,0.8872617651553998,0.12022727289307689,4402531.315818524,33035.590661982715,4435566.906480507,4168,39,2441.9498997995993,110,389,67,32.26493822760752,0.5966933867735471,36.6741741741742,33437.90000097092,303.98090909973564,0
4170,127.24953665358892,0,1,498,0.0,0.002004008016032064,0.9979959919839679,499,13550,9900,3650,0.7306273062730627,172,99,73,168.1429213048659,0.4006000622396064,0.8882092199542413,0.12097130797381282,4413933.766373947,35084.34358486227,4449018.10995881,4169,40,2442.9498997995993,116,383,57,32.18096493600149,0.5977580160320641,36.60968660968663,33516.29533796118,288.9335804996653,0
4171,127.62677393661546,0,0,498,0.0,0.0,1.0,498,11950,8400,3550,0.702928870292887,155,84,71,170.09627886775073,0.40045367587048397,0.8903701257322372,0.12268921711487622,4429772.929487574,39147.57830698692,4468920.507794561,4170,41,2445.2248995983937,119,379,59,32.046213319276035,0.5990001673360107,36.527777777777786,33626.1097441334,282.57235079103697,0
4172,127.57589634606273,0,0,498,0.0,0.0,1.0,498,13950,9500,4450,0.6810035842293907,184,95,89,171.08917285679067,0.4003684085773005,0.8911601419452957,0.11246216356205412,4324917.69993974,34439.318391277484,4359357.018331017,4171,42,2446.2248995983937,105,393,57,35.157871645846726,0.5649263721552877,39.61281446540882,33219.128591604174,316.3726532533731,8
4173,127.8288626962764,0,0,498,0.0,0.0,1.0,498,12900,9300,3600,0.7209302325581395,165,93,72,172.72087309989448,0.40046697521137536,0.8924047525303695,0.11390991318685578,4337265.237904594,37327.24775133944,4374592.485655934,4172,43,2447.2248995983937,86,412,60,35.00013405647227,0.5661604752342704,39.49952107279691,33299.47995309939,387.20325526859756,0
4174,127.76649789456214,1,0,499,0.002004008016032064,0.0,1.0,499,13300,9800,3500,0.7368421052631579,168,98,70,175.44496371951607,0.4010412055704448,0.8931761560269815,0.11631464799954946,4341124.455269069,39225.684511316605,4380350.139780386,4173,0,2443.318637274549,90,409,63,34.746556594797966,0.5676352705410821,39.320054945054935,33306.16365101707,370.0684850113008,0
4175,127.55093546546105,0,0,499,0.0,0.0,1.0,499,14350,10400,3950,0.7247386759581882,183,104,79,174.96810282259932,0.4011062620555703,0.8927417274126261,0.11663396285380914,4339996.404899098,37722.18744441887,4377718.592343517,4174,1,2444.318637274549,94,405,67,34.56944502823196,0.5690965263861055,39.133771929824555,33273.73142169709,353.97586618826693,0
4176,128.00750314446037,0,0,499,0.0,0.0,1.0,499,12850,9300,3550,0.7237354085603113,164,93,71,176.25117110013184,0.4011213524773778,0.8934656802405012,0.1179201976891726,4359687.058338192,41029.98993243879,4400717.048270631,4175,2,2445.318637274549,97,402,64,34.40936303657246,0.5702029058116233,39.0093537414966,33408.7609716101,344.420216202166,0
4177,127.86527124973011,0,0,499,0.0,0.0,1.0,499,13750,9200,4550,0.6690909090909091,183,92,91,175.7817521809921,0.4013175279608749,0.8935014692417138,0.11790512121647172,4357716.234735762,39651.39904988226,4397367.633785644,4176,3,2446.318637274549,100,399,68,34.3340147744331,0.571622411489646,38.92326732673268,33382.64724026068,333.82647240260684,0
4178,128.14895534583795,0,0,499,0.0,0.0,1.0,499,12350,8800,3550,0.7125506072874493,159,88,71,177.3133277005403,0.4013572660716345,0.8948836098274926,0.10967425177729925,4273266.861171786,39391.43346136199,4312658.294633147,4177,4,2447.318637274549,97,402,56,37.17261414773351,0.542188543754175,41.7517006802721,33094.2497776623,341.17783275940513,8
4179,128.5010926948872,0,1,498,0.0,0.002004008016032064,0.9979959919839679,499,12200,8400,3800,0.6885245901639344,160,84,76,181.66689917579993,0.40153918949009126,0.8976768171965335,0.11271527871939413,4288696.125742701,43822.825334188776,4332518.951076889,4178,5,2448.318637274549,79,420,59,36.94709034707523,0.5432322979291917,41.640625,33199.46199546814,420.2463543730144,0
4180,128.6904980285404,0,0,498,0.0,0.0,1.0,498,15150,11500,3650,0.759075907590759,188,115,73,163.0745046918897,0.4012927127692527,0.8836410658112339,0.10247678018575844,4310149.7552556675,25825.107297235918,4335974.862552904,4179,50,2454.2248995983937,103,395,70,36.965299277605794,0.5485065261044177,41.18589743589741,33306.91575578373,323.36811413382264,8
4181,128.80197072412363,1,0,499,0.002004008016032064,0.0,1.0,499,13600,9500,4100,0.6985294117647058,177,95,82,163.00054188970796,0.4017576652635928,0.8837162236643843,0.10275717972601375,4317653.609319223,27355.975602216073,4345009.584921439,4180,0,2450.304609218437,106,393,66,36.85229223847302,0.5497870741482966,41.07281931464172,33350.33114631504,314.62576553127394,0
4182,128.4580829213466,2,0,501,0.003992015968063872,0.0,1.0,501,14000,10600,3400,0.7571428571428571,174,106,68,161.0996800463155,0.4025570525615436,0.8824055239490507,0.1018566898744579,4309575.721599619,24654.253977011365,4334229.97557663,4181,0,2441.5189620758483,111,390,69,36.7961428674015,0.5513972055888223,40.96912202380949,33274.61000225421,299.7712612815694,0
4183,128.29407050967328,1,1,501,0.00199203187250996,0.00199203187250996,0.99800796812749,502,15700,11700,4000,0.7452229299363057,197,117,80,161.78640302907698,0.403351000522196,0.8844193901864812,0.10281131689404703,4310030.324691651,23360.86063562177,4333391.185327273,4182,0,2437.6533864541834,119,383,54,36.596264079122086,0.5532453519256308,40.78993055555556,33255.114926122915,279.4547472783438,0
4184,128.01764693127353,0,2,499,0.0,0.003992015968063872,0.9960079840319361,501,14450,10200,4250,0.7058823529411765,187,102,85,164.34245535394138,0.4035324351297405,0.886556919998275,0.10487735178096812,4305673.924814575,26871.004951493072,4332544.929766068,4183,1,2443.1457085828342,126,375,55,36.379041354374195,0.5549110113107119,40.64140419947506,33202.477145782424,263.5117233792256,0
4185,127.61318742379675,1,1,499,0.002,0.002,0.998,500,13400,9300,4100,0.6940298507462687,175,93,82,158.53235828954408,0.40358984635938544,0.8828812297878004,0.09844706805144066,4260090.969246494,21672.453576526976,4281763.42282302,4184,0,2449.022,90,410,64,37.51310562766729,0.54525,41.60943223443223,32974.04395280855,366.3782661423172,8
4186,127.83874933527572,0,0,499,0.0,0.0,1.0,499,13000,9500,3500,0.7307692307692307,165,95,70,156.6496069779501,0.40347931472047177,0.8800661331054918,0.09777265935789699,4273617.706910937,21092.1068323199,4294709.813743257,4185,1,2454.921843687375,95,404,70,37.37743040984756,0.5464679358717435,41.42795138888886,33055.52730750415,347.95291902635944,0
4187,127.51812882931998,2,0,501,0.003992015968063872,0.0,1.0,501,14000,9500,4500,0.6785714285714286,185,95,90,154.61605039928804,0.4041974384564205,0.8796651921050087,0.09703861167751009,4269400.297369623,17823.562310565358,4287223.859680188,4186,0,2446.117764471058,97,404,76,37.2298812213322,0.5480081503659349,41.23086734693874,32997.755594703965,340.1830473680821,0
4188,127.20031850795796,1,0,502,0.00199203187250996,0.0,1.0,502,13850,9900,3950,0.7148014440433214,178,99,79,156.66813936903148,0.40502577182951494,0.8808308258041317,0.09882435412784994,4264662.914583082,19377.360772767555,4284040.275355849,4187,0,2442.2430278884462,104,398,76,36.99469070058487,0.5496347941567066,41.05158730158728,32938.32057236799,316.7146208881538,0
4189,127.46641172203971,1,0,503,0.0019880715705765406,0.0,1.0,503,12750,8700,4050,0.6823529411764706,168,87,81,158.6347375458269,0.4053951523264134,0.8829708752033762,0.10055681851053185,4279312.007524985,22419.5074380849,4301731.51496307,4188,0,2438.385685884692,106,397,73,36.76754204706259,0.5510064612326044,40.87811526479748,33029.33684584787,311.59751741365915,0
4190,127.11065381591412,1,0,504,0.001984126984126984,0.0,1.0,504,12800,8700,4100,0.6796875,169,87,82,158.04973506433168,0.40565847639033525,0.8833077512672518,0.10053907937602721,4271455.611704922,21420.485553801973,4292876.097258724,4189,0,2434.5456349206347,112,392,56,36.65668077137336,0.5523313492063492,40.75405604719762,32952.921434964264,294.2225128121809,0
4191,126.85607767990831,0,0,504,0.0,0.0,1.0,504,12250,8000,4250,0.6530612244897959,165,80,85,162.0101252170238,0.4058529116307446,0.8863476283175495,0.10323136027756333,4264842.24826048,25139.525334307706,4289981.773594788,4190,1,2435.5456349206347,118,386,56,36.49402491307433,0.5533234126984127,40.69502801120449,32894.41166939725,278.76620058811227,0
4192,127.16739302850958,0,1,503,0.0,0.001984126984126984,0.998015873015873,504,14900,10700,4200,0.7181208053691275,191,107,84,159.05540640065274,0.4058644166745558,0.8846554679888001,0.1018429393222099,4280943.670802741,20481.44706756775,4301425.117870309,4191,2,2436.5456349206347,92,412,61,36.39709056375725,0.554770171957672,40.524193548387125,32996.86186042207,358.66154196110944,0
4193,127.66600851432025,1,0,504,0.001984126984126984,0.0,1.0,504,15050,10900,4150,0.7242524916943521,192,109,83,158.76716939926504,0.4059695234676597,0.8829615227179686,0.10223199653199994,4304251.120238113,20824.7533487658,4325075.873586879,4192,0,2437.53373015873,97,407,68,36.204632282712524,0.5564029431216931,40.32738095238098,33151.36679426948,341.7666679821596,0
4194,127.40003800025248,1,0,505,0.0019801980198019802,0.0,1.0,505,16200,11700,4500,0.7222222222222222,207,117,90,159.18667198962785,0.4065081656975222,0.882477200917662,0.10290149997666809,4299769.393962142,19693.19602954016,4319462.589991682,4193,0,2433.7049504950496,100,405,73,36.05603191616057,0.5581889438943894,40.191831683168346,33099.570516340704,330.995705163407,0
4195,127.0227229488921,0,1,504,0.0,0.0019801980198019802,0.998019801980198,505,14850,11100,3750,0.7474747474747475,186,111,75,160.4783823382763,0.4067448857981036,0.8833429001462798,0.10410235443538536,4291074.8761270745,21874.950922659715,4312949.827049734,4194,1,2434.7049504950496,104,401,71,35.89812093685996,0.559529702970297,40.06944444444447,33017.08694428526,317.4719898488968,0
4196,127.27742932188455,1,0,505,0.0019801980198019802,0.0,1.0,505,13850,10000,3850,0.7220216606498195,177,100,77,158.08830828142607,0.4071566085179947,0.8802092914843145,0.10290926929756154,4303670.588535368,21222.000548417607,4324892.589083786,4195,0,2434.936633663366,113,392,73,35.83772546263763,0.5610973597359736,39.94883040935673,33098.644357646575,292.9083571473148,0
4197,127.80528784005814,0,0,505,0.0,0.0,1.0,505,13450,9400,4050,0.6988847583643123,175,94,81,157.86771896026596,0.407439493949395,0.8805400335836171,0.10310423632508434,4325301.00653217,22115.080743554914,4347416.087275725,4196,1,2435.936633663366,119,386,76,35.727905030418235,0.5624587458745874,39.835069444444436,33250.453835541426,279.415578449928,0
4198,127.86120465668739,1,1,505,0.001976284584980237,0.001976284584980237,0.9980237154150198,506,14500,10900,3600,0.7517241379310344,181,109,72,160.4419317920758,0.4079253577531666,0.8826555308472783,0.10518006124963207,4331507.8013721,23291.095844917327,4354798.897217017,4197,0,2432.120553359684,127,379,52,35.529186858423216,0.564064558629776,39.705403645833336,33281.580655469974,262.05969020055096,0
4199,127.7469978111004,0,0,505,0.0,0.0,1.0,505,14200,10100,4100,0.7112676056338029,183,101,82,162.65078204283105,0.4076323406150139,0.8853279281572768,0.10693284801358366,4330905.3159216205,25685.0273176217,4356590.343239242,4198,3,2437.936633663366,130,375,55,35.37187884895309,0.5652021452145215,39.6071882951654,33264.399946883874,255.87999959141442,0
4200,127.67104403842053,0,2,503,0.0,0.0039603960396039604,0.996039603960396,505,14000,9700,4300,0.6928571428571428,183,97,86,163.27730231911463,0.4078864136413642,0.8882144705666621,0.10459862716071486,4298480.398501295,25368.856707778457,4323849.255209073,4199,4,2438.936633663366,87,418,65,36.269691025758,0.5551361386138614,40.50662878787882,33129.789623701254,380.802179582773,8
4201,127.56056755396114,0,0,503,0.0,0.0,1.0,503,13550,9900,3650,0.7306273062730627,172,99,73,160.97095926447966,0.40802957817504004,0.885433333816505,0.10349919181113504,4299000.295714397,24252.84029588735,4323253.136010285,4200,5,2443.9463220675943,92,411,66,36.19943339517091,0.5564529489728297,40.37858422939072,33117.45514486228,359.97233853111175,0
4202,127.36087575436059,0,0,503,0.0,0.0,1.0,503,12900,9600,3300,0.7441860465116279,162,96,66,159.11632749933878,0.40803320845181235,0.8839827979941401,0.10262366658397457,4295841.047838322,23207.690210590405,4319048.738048912,4201,6,2444.9463220675943,96,407,67,36.137900024807756,0.557571239231279,40.27061855670106,33079.36147975726,344.5766820808048,0
4203,127.76802208331951,0,1,502,0.0,0.0019880715705765406,0.9980119284294234,503,14000,10200,3800,0.7285714285714285,178,102,76,165.61383518045085,0.4081209951446698,0.8894463005909199,0.10504846181965612,4290190.811754801,27502.99079812795,4317693.802552929,4202,7,2445.9463220675943,103,400,66,36.563574962315926,0.552041915175613,40.85536858974357,33110.39698879908,321.4601649397969,8
4204,127.35377547836666,3,1,504,0.005940594059405941,0.0019801980198019802,0.998019801980198,505,13500,10200,3300,0.7555555555555555,168,102,66,164.13455540435203,0.40907574388391216,0.8891807810047103,0.10457778583486198,4281494.179680731,26048.228729642367,4307542.408410373,4203,0,2434.1564356435642,114,391,60,36.44141311815187,0.5536509900990099,40.697463768115924,33023.15698024611,289.67681561619395,0
4205,127.64703213701765,1,0,505,0.0019801980198019802,0.0,1.0,505,15400,11400,4000,0.7402597402597403,194,114,80,162.38473108220984,0.40903006967363403,0.8846955848462859,0.10153731505969324,4269357.74417659,22255.701836371365,4291613.446012962,4204,0,2435.1544554455445,95,410,69,37.162974772053474,0.5472772277227722,41.362847222222186,33014.26495245129,347.51857844685566,8
4206,127.84644394733695,0,1,504,0.0,0.0019801980198019802,0.998019801980198,505,14500,10600,3900,0.7310344827586207,184,106,78,158.92776939230393,0.4089550919377652,0.8814935100455614,0.09978269763134151,4280840.713928439,20568.893157679442,4301409.607086118,4205,1,2436.1544554455445,101,404,74,37.104544856616684,0.54878300330033,41.217320261437884,33084.44535973739,327.56876593799393,0
4207,127.82500149777722,0,0,504,0.0,0.0,1.0,504,13850,9900,3950,0.7148014440433214,178,99,79,146.99333161530166,0.40879483351215457,0.8733952361058614,0.09014168354649704,4252234.457354651,10360.021939189013,4262594.47929384,4206,2,2441.9841269841268,115,389,75,38.27026180197742,0.542927414021164,42.0617816091954,32970.95315213856,286.7039404533788,7
4208,127.39454775360548,0,0,504,0.0,0.0,1.0,504,13650,9900,3750,0.7252747252747253,174,99,75,143.8309945891613,0.4092298885259869,0.8708255260494078,0.08848367530234696,4241694.785069544,7567.43593604188,4249262.221005586,4207,3,2442.9841269841268,118,386,73,38.235173563998195,0.5440848214285714,41.94677871148459,32874.57342241144,278.59807985094443,0
4209,127.36750743592492,1,1,504,0.0019801980198019802,0.0019801980198019802,0.998019801980198,505,13850,9500,4350,0.6859205776173285,182,95,87,145.60485681957425,0.40962285216616895,0.8735365924360814,0.09002198911169944,4246689.84907228,8817.733486261215,4255507.582558542,4208,0,2439.1445544554454,123,382,59,38.00748210800259,0.5454620462046205,41.76747311827956,32890.43328780509,267.4018966488219,0
4210,127.1146373272908,2,0,506,0.003952569169960474,0.0,1.0,506,14150,10000,4150,0.7067137809187279,183,100,83,146.3319458896981,0.4098855809493993,0.8748246844319785,0.09072580645161296,4241568.280261342,8785.388014932343,4250353.668276275,4209,0,2435.310276679842,128,378,62,37.88642473118283,0.5469161725955205,41.66666666666667,32837.94797621685,256.54646856419413,0
4211,126.95087838799215,2,0,508,0.003937007874015748,0.0,1.0,508,14150,10700,3450,0.7561837455830389,176,107,69,140.11175707140603,0.410840991861964,0.8698779094024456,0.0874247719548012,4243590.40060064,3165.381463901109,4246755.782064541,4210,0,2426.718503937008,104,404,71,37.81574134469042,0.5484949146981628,41.438492063492056,32824.61054986337,315.6212552871478,0
4212,127.08934430458093,2,0,510,0.00392156862745098,0.0,1.0,510,11900,8100,3800,0.680672268907563,157,81,76,137.18014447742726,0.4115464931879759,0.867362222364465,0.08599492003735001,4253674.482464704,2803.9360128900553,4256478.418477594,4211,0,2418.198039215686,110,400,76,37.72329524845846,0.5498978758169935,41.272522522522515,32881.505466190705,298.92277696537,0
4213,126.7166929355778,0,0,510,0.0,0.0,1.0,510,13350,9500,3850,0.7116104868913857,172,95,77,141.40870766459201,0.41159841801815683,0.8702396060748276,0.08905227265116135,4246534.675536717,4749.396104104466,4251284.071640822,4212,1,2419.198039215686,115,395,72,37.44898254133429,0.5511029411764705,41.10991379310344,32805.69555794442,285.26691789516883,0
4214,126.7618747228353,0,0,510,0.0,0.0,1.0,510,13500,9200,4300,0.6814814814814815,178,92,86,143.67754008011912,0.41183412625036914,0.8728123466988533,0.09072775873591349,4251216.137229576,6660.855389210779,4257876.992618786,4213,2,2420.198039215686,117,393,73,37.292362578680645,0.5522263071895425,41.01341807909605,32829.62465235301,280.5950824987437,0
4215,127.14521986246538,2,0,512,0.00390625,0.0,1.0,512,13800,9700,4100,0.7028985507246377,179,97,82,147.03710205376356,0.41247598407941943,0.8751819850614018,0.09328884089338749,4269572.020618392,9357.099384311525,4278929.120002704,4214,0,2411.740234375,126,386,74,37.03593809342955,0.5537923177083333,40.84645669291338,32950.13424191634,261.50900191997096,0
4216,127.19806260775307,1,1,512,0.001949317738791423,0.001949317738791423,0.9980506822612085,513,13300,9100,4200,0.6842105263157895,175,91,84,147.6594634476854,0.41292285981156596,0.8769472852068039,0.09404062078324336,4275764.4104994945,10371.415736611641,4286135.826236106,4215,0,2408.037037037037,130,383,65,36.8838424108603,0.5552103638726446,40.7124681933842,32980.87170414723,253.69901310882483,0
4217,127.19992034028215,0,1,511,0.0,0.001953125,0.998046875,512,14950,11300,3650,0.7558528428093646,186,113,73,148.0763628797114,0.41290350887251304,0.8780619676745529,0.09460139277051782,4279451.274934951,9387.115982663752,4288838.390917615,4216,1,2413.73828125,92,420,69,36.761536191833265,0.55670166015625,40.602598566308274,32995.328798842136,358.6448782482841,0
4218,126.78579991461254,0,0,511,0.0,0.0,1.0,511,14350,10600,3750,0.7386759581881533,181,106,75,143.92587803189625,0.4131185807656396,0.8727520818817964,0.09247642961703995,4272101.9069102,6423.203598757951,4278525.110508958,4217,2,2412.931506849315,102,409,72,36.66622839482123,0.558015329419439,40.40250809061489,32913.27566755858,322.6791732113586,0
4219,126.77707753565122,4,1,514,0.007766990291262136,0.001941747572815534,0.9980582524271845,515,12900,9900,3000,0.7674418604651163,159,99,60,141.00136252350555,0.4145657826804176,0.8696248508414883,0.0911463853523504,4278747.395952933,4761.842544652587,4283509.238497585,4218,0,2395.1825242718446,112,403,79,36.52840855331629,0.5596480582524272,40.19174041297935,32937.73187006629,294.0868916970204,0
4220,126.68816902193375,0,2,512,0.0,0.0038910505836575876,0.9961089494163424,514,14750,10800,3950,0.7322033898305085,187,108,79,141.49906092292542,0.4146598301489421,0.8699171885480046,0.09171049259462791,4278776.234692244,3538.5638216563675,4282314.7985139005,4219,1,2395.406614785992,116,398,79,36.42215047501595,0.5609192607003891,40.0997150997151,32926.29122229603,283.8473381232416,0
4221,126.66204400616527,0,0,512,0.0,0.0,1.0,512,13550,9300,4250,0.6863468634686347,178,93,85,141.84943843987028,0.41419707196877037,0.8698694550003363,0.09221610571196028,4281350.052030561,5511.420129008775,4286861.472159569,4220,2,2405.7265625,118,394,77,36.30658799896755,0.56201171875,39.99474789915966,32932.796683430715,279.0914973172095,0
4222,127.04089101190117,2,1,513,0.0038910505836575876,0.0019455252918287938,0.9980544747081712,514,14250,10100,4150,0.7087719298245614,184,101,83,137.1086239835369,0.4147180600116807,0.8654385292271436,0.08957744457932154,4299827.817333686,858.6950801524672,4300686.512413839,4221,0,2397.36186770428,125,389,79,36.255832088801384,0.5636551556420233,39.82308201058203,33053.107482106236,264.4248598568499,0
4223,127.34116424495183,0,3,510,0.0,0.005847953216374269,0.9941520467836258,513,13650,9600,4050,0.7032967032967034,177,96,81,139.9624080738607,0.4143202833109974,0.8682758722308457,0.09177126990032503,4314100.384276243,4512.375691135128,4318612.759967378,4222,1,2402.98440545809,125,388,63,36.05583963242923,0.5647945094217024,39.69907407407409,33147.02296144663,265.17618369157304,0
4224,127.49062260116787,0,0,510,0.0,0.0,1.0,510,13500,9800,3700,0.725925925925926,172,98,74,142.40280391401456,0.41378086598097,0.8706269554618467,0.0936409920184481,4322456.659264621,7605.989615218253,4330062.64887984,4223,5,2411.1294117647058,125,385,66,35.89169682731179,0.5658496732026144,39.59986772486774,33198.574989183355,265.58859991346685,0
4225,127.97786715672008,0,2,508,0.0,0.00392156862745098,0.996078431372549,510,13300,9300,4000,0.6992481203007519,173,93,80,159.9931690185276,0.41385421883226114,0.884998602138348,0.10374369655249456,4322852.847007341,23025.385238695464,4345878.232246037,4224,6,2412.1294117647058,103,407,71,35.925658317276834,0.5600081699346405,40.08413461538464,33263.4780921166,322.9463892438505,8
4226,128.47298197231007,0,0,508,0.0,0.0,1.0,508,15100,11100,4000,0.7350993377483444,191,111,80,173.4382827146693,0.4131296527098314,0.8930989270952314,0.11054805324334951,4319570.466151494,33135.77674286273,4352706.242894356,4225,7,2422.6023622047246,105,403,59,36.18642943762313,0.5527189960629921,40.68396226415093,33315.10464116841,317.2867108682706,8
4227,128.26776316080503,0,0,508,0.0,0.0,1.0,508,13050,9600,3450,0.735632183908046,165,96,69,170.03689073547835,0.4133151301723379,0.8917253016510873,0.1090883381640679,4320275.401835217,32271.239289807727,4352546.641125025,4226,8,2423.6023622047246,85,423,65,36.04221112563001,0.5540518372703411,40.45542635658918,33291.2019017655,391.6611988443,0
4228,127.8380489647667,1,1,508,0.0019646365422396855,0.0019646365422396855,0.9980353634577603,509,14850,11200,3650,0.7542087542087542,185,112,73,168.12608496729428,0.4140165344017656,0.8904723477470895,0.10849452926117416,4312575.460126394,28361.285647417626,4340936.745773812,4227,0,2419.838899803536,91,418,68,35.88430648184471,0.5554395874263262,40.25135869565221,33205.75952559724,364.8984563252444,0
4229,127.37279765123239,0,1,507,0.0,0.001968503937007874,0.9980314960629921,508,14000,10600,3400,0.7571428571428571,174,106,68,170.09190371995754,0.41415523873125326,0.8918766221492269,0.11024578599601326,4301933.062991914,30744.79687202677,4332677.859863942,4228,1,2425.5787401574803,94,414,69,35.67797325233094,0.55688156167979,40.09868421052636,33104.35770534216,352.1740181419379,0
4230,127.28309746537401,0,1,506,0.0,0.0019723865877712033,0.9980276134122288,507,15150,10700,4450,0.7062706270627063,196,107,89,170.5441313148588,0.4142643634700491,0.8924562320738392,0.11115658935537995,4305296.665251881,30298.615965629266,4335595.28121751,4229,2,2430.644970414201,96,411,65,35.469739196256555,0.5586990466798158,39.90549828178697,33105.63381240753,344.8503522125784,0
4231,127.23276535978836,0,1,505,0.0,0.001976284584980237,0.9980237154150198,506,12800,9100,3700,0.7109375,165,91,74,170.16844378561382,0.41405583493131926,0.891737525212458,0.1114557386244256,4309187.953649293,32657.56161044382,4341845.515259736,4230,3,2436.411067193676,101,405,57,35.307656464587005,0.5600502305665349,39.73651960784316,33114.04233245743,327.86180527185576,0
4232,126.85135804740521,0,1,504,0.0,0.0019801980198019802,0.998019801980198,505,15150,11600,3550,0.7656765676567657,187,116,71,173.87552585015487,0.41392392215412016,0.8946289279133666,0.11419392643672488,4299363.04668827,33360.80211273133,4332723.848801001,4231,4,2442.19801980198,104,401,57,35.11588363054416,0.5614273927392739,39.64285714285718,33026.65714877135,317.5640110458784,0
4233,127.2178899880524,0,0,504,0.0,0.0,1.0,504,14700,11100,3600,0.7551020408163265,183,111,72,170.11910172806637,0.4134819061819559,0.8922377053268225,0.11216327215630045,4316223.019420068,31354.396584347494,4347577.416004416,4232,5,2448.0178571428573,83,421,62,35.07747786346754,0.562582671957672,39.50892857142854,33139.12446786959,399.2665598538504,0
4234,127.45375792046858,0,1,503,0.0,0.001984126984126984,0.998015873015873,504,13900,9900,4000,0.7122302158273381,179,99,80,167.01883598512225,0.41346062185090515,0.8902444386776815,0.11064244188906014,4329616.880949621,29925.514343546703,4359542.395293168,4233,6,2449.0178571428573,87,417,64,34.993188010899175,0.5640500992063492,39.34659090909088,33221.25650341725,381.8535230277845,0
4235,127.17954582648322,0,0,503,0.0,0.0,1.0,503,13250,10300,2950,0.7773584905660378,162,103,59,166.7262653831547,0.4129708798998835,0.8900408499696475,0.11067850275254157,4322656.577441543,30290.077538150013,4352946.654979694,4234,16,2454.8747514910538,87,416,67,34.92860710069919,0.5653371438038436,39.27556818181815,33158.814824503905,381.1358025805047,0
4236,127.08748391986704,0,1,502,0.0,0.0019880715705765406,0.9980119284294234,503,13200,8800,4400,0.6666666666666666,176,88,88,163.38715430255854,0.41287946293025385,0.887788117479352,0.10883084142333724,4323364.377917023,27476.440544181336,4350840.818461205,4235,17,2455.8747514910538,90,413,69,34.898004710288,0.5665589794565937,39.159798534798504,33149.52490936333,368.3280545484815,0
4237,126.96728851649219,0,0,502,0.0,0.0,1.0,502,16300,11200,5100,0.6871165644171779,214,112,102,160.65530211826277,0.41309446180679804,0.885327118050353,0.10755812113706621,4325015.215416325,22267.325219757775,4347282.540636083,4236,18,2458.9840637450197,95,407,70,34.79322559412459,0.5683100929614874,38.98654513888887,33140.170630036875,348.8439013688092,0
4238,127.3594478573401,0,0,502,0.0,0.0,1.0,502,13800,10200,3600,0.7391304347826086,174,102,72,158.88263856588867,0.4131010886593347,0.8840435019144979,0.10656677685568891,4340442.512462474,23724.191784717157,4364166.704247192,4237,19,2459.9840637450197,97,405,75,34.77628043318945,0.5695551128818062,38.92431972789113,33250.454488434945,342.7881906024221,0
4239,127.88533631322545,0,0,502,0.0,0.0,1.0,502,14650,10400,4250,0.7098976109215017,189,104,85,157.77011199684716,0.41308253347223217,0.8835278801087236,0.10621174525337916,4362533.206234854,22605.470507526406,4385138.6767423805,4238,20,2460.9840637450197,100,402,71,34.678541814735866,0.571007636122178,38.799504950495034,33403.7131545867,334.037131545867,0
4240,127.63581462944263,0,0,502,0.0,0.0,1.0,502,12050,8400,3650,0.6970954356846473,157,84,73,157.47480471840817,0.4130035082557329,0.8831024136223642,0.10625679658262745,4356607.092131199,24761.1702136377,4381368.262344837,4239,21,2461.9840637450197,103,399,57,34.607484218865835,0.5720866533864541,38.72195512820512,33348.43610199946,323.7712242912569,0
4241,127.99438589416312,0,0,502,0.0,0.0,1.0,502,14600,10800,3800,0.7397260273972602,184,108,76,158.17611719814613,0.41281008699732014,0.8837872557594575,0.10702137341946247,4371918.277778195,23306.611577311196,4395224.889355507,4240,22,2462.9840637450197,105,397,60,34.49586262861725,0.5734354249667994,38.63011006289307,33453.8785537248,318.6083671783314,0
4242,128.33405243130403,0,0,502,0.0,0.0,1.0,502,14950,10500,4450,0.7023411371237458,194,105,89,159.12613887682016,0.4128616936114491,0.885398607462323,0.10806195923540873,4387679.062868683,24288.88558099219,4411967.948449675,4241,23,2463.9840637450197,87,415,62,34.34510471836192,0.5747841965471447,38.50615530303031,33558.56477580429,385.73062960694585,0
4243,127.98109914665902,0,0,502,0.0,0.0,1.0,502,11800,8500,3300,0.7203389830508474,151,85,66,160.2159053984032,0.41283485485867577,0.8852305140996939,0.10913803176053971,4379072.105104034,28119.400424826705,4407191.505528861,4242,24,2464.9840637450197,89,413,65,34.211574196973764,0.5756557104913679,38.40277777777778,33479.500033712815,376.1741576821665,0
4244,127.91799856128448,0,0,502,0.0,0.0,1.0,502,15450,11100,4350,0.7184466019417476,198,111,87,159.95221835024756,0.41305279547147405,0.8855172332383641,0.1093740403251936,4381174.392043504,24305.712597331287,4405480.104640835,4243,25,2465.9840637450197,89,413,68,34.089120933386376,0.5770044820717131,38.27546296296297,33479.278952156616,376.17167361973725,0
4245,127.59943361940194,0,0,502,0.0,0.0,1.0,502,12000,8500,3500,0.7083333333333334,155,85,70,158.91852170814923,0.4130491507025789,0.8843982386675076,0.10900467615756144,4373718.070308694,26612.96202033521,4400331.0323290285,4244,26,2466.9840637450197,92,410,70,34.01111182409308,0.5780834993359893,38.17204301075269,33409.09901755306,363.1423806255767,0
4246,127.96534071697076,0,0,502,0.0,0.0,1.0,502,13700,10100,3600,0.7372262773722628,173,101,72,158.92715278903086,0.41308195362263517,0.8840621608991466,0.10950733952449695,4391327.974373393,25480.25038599756,4416808.224759391,4245,27,2467.9840637450197,93,409,74,33.85727302849569,0.5793700199203187,38.02083333333334,33524.25332324817,360.4758421854642,0
4247,128.08431923163195,1,1,502,0.0019880715705765406,0.0019880715705765406,0.9980119284294234,503,12800,9300,3500,0.7265625,163,93,70,156.91704102474648,0.4134084932635264,0.882433032092597,0.10856097328038619,4399916.3850358,24684.371979223593,4424600.757015023,4246,0,2464.075546719682,96,407,72,33.773591991696705,0.5805997349237906,37.88659793814434,33572.61666457995,349.71475692270786,0
4248,127.80989903847379,0,0,502,0.0,0.0,1.0,502,14500,10400,4100,0.7172413793103448,186,104,82,159.03232246214202,0.412918684543264,0.883758709894201,0.11043640492404545,4394629.592245051,24877.630083118216,4419507.222328169,4247,1,2469.9143426294822,98,404,72,33.59263197314394,0.5819638114209827,37.763047138047156,33516.47846944346,342.00488234125976,0
4249,128.26956954817925,0,0,502,0.0,0.0,1.0,502,14100,10100,4000,0.7163120567375887,181,101,80,158.99350526290056,0.4129314412343971,0.883196533118163,0.11081702078264885,4414521.498573478,25876.04942332673,4440397.547996805,4248,2,2470.9143426294822,102,400,64,33.47025736900267,0.5830428286852589,37.64158576051781,33652.60086184146,329.92745942981827,0
4250,127.95569154903716,0,0,502,0.0,0.0,1.0,502,14350,10600,3750,0.7386759581881533,181,106,75,159.87525943222846,0.4127635333582503,0.8847336812757869,0.11181314836711591,4407492.521249735,26179.802056081826,4433672.323305816,4249,3,2471.9143426294822,106,396,67,33.33294697278786,0.5844331009296149,37.52920560747664,33584.63200792053,316.83615101811824,0
4251,127.79873966827938,0,1,501,0.0,0.00199203187250996,0.99800796812749,502,13200,8600,4600,0.6515151515151515,178,86,92,158.6837872300194,0.41301982688010436,0.884106845101001,0.11144032351054133,4406640.59502976,26252.483716174575,4432893.078745935,4250,4,2472.9143426294822,87,415,67,33.22632597100143,0.5857196215139442,37.39346590909093,33560.784085473446,385.75613891348786,0
4252,127.93072007011433,0,0,501,0.0,0.0,1.0,501,15900,11500,4400,0.7232704402515723,203,115,88,160.1729388341935,0.4127064204923487,0.8843733531644891,0.11296645629559593,4415870.911225013,25360.604272668144,4441231.515497682,4251,33,2478.8423153692615,88,413,71,33.04573700387542,0.5870966400532269,37.254213483146074,33613.25766448975,381.96883709647443,0
4253,128.1853135937899,0,0,501,0.0,0.0,1.0,501,13550,9700,3850,0.7158671586715867,174,97,77,159.6343981074141,0.41282784431137726,0.8838944001448747,0.11273713869452098,4426126.296226834,27562.401449114506,4453688.697675948,4252,34,2479.8423153692615,89,412,72,33.01562614695734,0.5880946440452428,37.21064814814816,33685.73547623858,378.4914098453773,0
4254,128.56987259412622,0,0,501,0.0,0.0,1.0,501,13000,8600,4400,0.6615384615384615,174,86,88,160.55123155746926,0.41269993346640055,0.8833833870461283,0.11396111796671307,4444981.085427415,29529.437503006942,4474510.522930422,4253,35,2480.8423153692615,93,408,76,32.82389165156559,0.5893421490352628,37.04565602836882,33808.00650250494,363.52695163983805,0
4255,128.23409165984674,0,0,501,0.0,0.0,1.0,501,12500,8700,3800,0.696,163,87,76,161.97762677070804,0.4125632069194944,0.8845557710869338,0.1153049104257056,4436520.137674507,31023.400604195573,4467543.538278703,4254,36,2481.8423153692615,96,405,76,32.691535687555294,0.5904233200266135,36.95231958762889,33731.680360910395,351.37167042614993,0
4256,127.85696424778685,0,0,501,0.0,0.0,1.0,501,13150,9400,3750,0.714828897338403,169,94,75,162.76026569747276,0.41241633399866934,0.8842518115013664,0.11608622943613914,4425577.916942146,30711.647525275628,4456289.564467422,4255,37,2482.8423153692615,98,403,73,32.60734090484951,0.5915044910179641,36.889730639730665,33640.480302821845,343.27020717165146,0
4257,128.117692292139,0,0,501,0.0,0.0,1.0,501,13700,9800,3900,0.7153284671532847,176,98,78,162.3622202743618,0.41235246174318035,0.8837113788251647,0.11628290188880488,4439113.317445075,30248.85885397502,4469362.17629905,4256,38,2483.8423153692615,104,397,72,32.481863576408564,0.5928559547571524,36.7559523809524,33726.219890594584,324.2905758711018,0
4258,128.04441919684706,0,1,500,0.0,0.001996007984031936,0.998003992015968,501,13750,10800,2950,0.7854545454545454,167,108,59,161.3445081846784,0.4120326014637392,0.8833426677144784,0.11588871339340323,4439715.859718715,29314.754373207154,4469030.614091922,4257,39,2484.8423153692615,106,395,59,32.41397104128158,0.5940826679973387,36.66277258566979,33718.86233717608,318.1024748790196,0
4259,127.78330359772382,0,1,499,0.0,0.002,0.998,500,12500,8900,3600,0.712,161,89,72,162.19002014415804,0.41191065464261856,0.8843887300074125,0.116799083156446,4433473.423565239,31313.028775328294,4464786.452340567,4258,40,2490.716,111,389,61,32.30681925172709,0.5952500000000001,36.57924107142859,33660.77481211274,303.2502235325472,0
4260,127.94581146784013,0,1,498,0.0,0.002004008016032064,0.9979959919839679,499,12750,9000,3750,0.7058823529411765,165,90,75,163.388257154377,0.4117594291662307,0.8853358594787868,0.11804017219232871,4442582.067801624,32623.148264680494,4475205.216066304,4259,41,2496.5751503006013,115,384,63,32.17062518457937,0.5962758851035403,36.4762931034483,33716.75451989292,293.1891697381993,0
4261,128.4016844281748,0,0,498,0.0,0.0,1.0,498,13950,9300,4650,0.6666666666666666,186,93,93,161.35404994796883,0.4115236937017015,0.8826913408411403,0.11700806767481867,4462467.73586101,30457.448388662102,4492925.184249672,4260,42,2499.881526104418,91,407,65,32.102435401903925,0.5974732262382865,36.35643115942027,33852.27832778564,372.003058547095,0
4262,128.81083638240406,0,1,497,0.0,0.002008032128514056,0.9979919678714859,498,13450,9100,4350,0.6765799256505576,178,91,87,158.97062692318926,0.41140896584325226,0.8804210384085589,0.11589363875212878,4482440.903210542,29465.288105905212,4511906.191316447,4261,43,2500.881526104418,95,403,71,31.993215220938065,0.5987491633199464,36.187065972222214,33981.96468061396,357.70489137488374,0
4263,128.59543395288978,0,0,497,0.0,0.0,1.0,497,13850,9900,3950,0.7148014440433214,178,99,79,156.5443861397109,0.4114064426883884,0.878553309813437,0.11462558291595999,4479664.954910837,27003.2800956185,4506668.235006455,4262,44,2505.9517102615696,98,399,73,31.915959100693616,0.5998071763916835,36.0479797979798,33943.02458062074,346.35739367980347,0
4264,128.71459136176182,0,0,497,0.0,0.0,1.0,497,13850,10200,3650,0.7364620938628159,175,102,73,156.17117877468957,0.4113878499491573,0.8771267180368822,0.11485890143379898,4488572.203122041,26947.122395375343,4515519.325517417,4263,45,2506.9517102615696,105,392,77,31.783663268090613,0.6010647216633132,35.90801886792453,33992.49143333325,323.7380136507928,0
4265,128.8870851818228,0,0,497,0.0,0.0,1.0,497,13750,9600,4150,0.6981818181818182,179,96,83,153.93796378015415,0.4112134162501893,0.8754033569548216,0.11362389852956505,4498448.280239473,25346.393686080613,4523794.673925553,4264,46,2507.9517102615696,112,385,73,31.727492643894745,0.602238430583501,35.79461651917405,34052.661766189456,304.04162291240584,0
4266,129.15648306700848,0,1,496,0.0,0.002012072434607646,0.9979879275653923,497,13850,10000,3850,0.7220216606498195,177,100,77,155.38954014195275,0.41099351485255625,0.8771401213313903,0.11505862477982712,4511249.3379170755,26950.19201692552,4538199.529934001,4265,47,2508.9517102615696,115,382,73,31.588020532508825,0.6032654258886654,35.69504310344829,34136.698689936165,296.84085817335796,0
4267,129.3214211428534,0,0,496,0.0,0.0,1.0,496,14250,10100,4150,0.7087719298245614,184,101,83,156.5730027698575,0.4109111952861953,0.8790922338521134,0.11655824323003457,4522764.131547264,28178.552179234128,4550942.683726498,4266,48,2514.907258064516,122,374,62,31.385824607469587,0.6048387096774194,35.526761517615206,34202.05505479529,280.3447135638958,0
4268,129.34159351156646,0,0,496,0.0,0.0,1.0,496,13150,8900,4250,0.6768060836501901,174,89,85,158.72031744063239,0.4108557008254589,0.8821278892557747,0.11857341361741516,4527236.462126918,31362.881679519833,4558599.343806438,4267,49,2515.907258064516,126,370,64,31.21719160104986,0.6059307795698925,35.41666666666669,34221.62994993576,271.60023769790286,0
4269,128.90215934856533,0,0,496,0.0,0.0,1.0,496,11750,8500,3250,0.723404255319149,150,85,65,154.9232359717436,0.41065128774302156,0.8781501402752137,0.1162962123378622,4516984.2940951185,29007.164734950184,4545991.458830069,4268,50,2516.907258064516,96,400,67,31.164983233273833,0.6070018481182795,35.26632302405496,34124.74261448462,355.46606890088145,0
4270,128.5125801999266,0,0,496,0.0,0.0,1.0,496,14750,11000,3750,0.7457627118644068,185,110,75,152.4497595684733,0.4103473410177039,0.8752357834074997,0.11496722294436633,4508197.077756989,23504.712118267733,4531701.789875257,4269,51,2517.907258064516,102,394,70,31.085344202206866,0.6082199260752688,35.123381877022624,34039.97762961406,333.72527087856923,0
4271,128.08979561343435,1,0,497,0.002012072434607646,0.0,1.0,497,13900,10500,3400,0.7553956834532374,173,105,68,150.99059403299532,0.4104970887150862,0.8738241780760243,0.11422073341828867,4496627.736831576,22489.698625887046,4519117.435457462,4270,0,2513.839034205231,106,391,73,31.02641940382583,0.6094483568075117,35.02725856697816,33940.304293286754,320.1915499366675,0
4272,128.16250743551294,0,0,497,0.0,0.0,1.0,497,14600,10700,3900,0.7328767123287672,185,107,78,153.2046802409319,0.4102729616949006,0.8760008172180369,0.1165329487113768,4504931.634221588,24035.322105632724,4528966.956327221,4271,1,2514.839034205231,109,388,70,30.795854316225583,0.6108526156941649,34.857954545454504,33981.26937203469,311.75476488105215,0
4273,127.85289613683794,0,0,497,0.0,0.0,1.0,497,15000,10800,4200,0.72,192,108,84,152.59175206416324,0.4100250021635188,0.8762771576814696,0.11656843241705221,4498546.925081836,22888.231408215965,4521435.156490052,4272,2,2515.839034205231,112,385,68,30.677421783600295,0.6122568745808182,34.7252949852507,33916.139307980506,302.8226723926831,0
4274,127.37415181484921,0,0,497,0.0,0.0,1.0,497,13500,9600,3900,0.7111111111111111,174,96,78,154.1999394246749,0.4099225730728457,0.8768464134999638,0.11805761027067814,4483993.650314709,25386.30985182918,4509379.960166538,4273,3,2516.839034205231,117,380,74,30.56590591523051,0.6132838698859826,34.657485875706186,33797.77767700115,288.86989467522346,0
4275,127.70029386565139,0,0,497,0.0,0.0,1.0,497,13750,9100,4650,0.6618181818181819,184,91,93,155.54880109293956,0.40976656308820664,0.8775919155290894,0.11950920188167974,4499117.758055868,26816.474648307565,4525934.232704176,4274,4,2517.839034205231,124,373,57,30.42095707498791,0.6143527833668678,34.549999999999976,33898.043006636784,273.3713145696515,0
4276,127.56473298330532,0,0,497,0.0,0.0,1.0,497,12900,9200,3700,0.7131782945736435,166,92,74,154.83155236608374,0.40954175996841263,0.877580436438171,0.11925676528068442,4496935.051668369,26953.486987851546,4523888.538656221,4275,5,2518.839034205231,126,371,59,30.362236019728357,0.6154636150234742,34.473425196850364,33871.826614734964,268.8240207518648,0
4277,127.83746723140501,0,0,497,0.0,0.0,1.0,497,15000,10400,4600,0.6933333333333334,196,104,92,156.98348832046082,0.40931256220116397,0.8801087160319045,0.12148231597788091,4511396.421028903,27242.949473912762,4538639.370502816,4276,6,2519.839034205231,93,404,62,30.16010400155724,0.6168678739101274,34.33067375886527,33962.493787740736,365.188105244524,0
4278,128.2621379713977,0,1,496,0.0,0.002012072434607646,0.9979879275653923,497,14700,10900,3800,0.7414965986394558,185,109,76,156.12997867837683,0.4091190286882586,0.8797866186382293,0.1213810246805527,4531159.514992879,27389.96769283311,4558549.482685712,4277,7,2520.839034205231,95,402,65,30.04045563402326,0.6182092555331993,34.190538194444464,34093.28986420735,358.8767354127089,0
4279,127.85520064668776,0,0,496,0.0,0.0,1.0,496,14500,10200,4300,0.7034482758620689,188,102,86,156.65381102337736,0.4087305345117845,0.8804155856720342,0.12222588178127705,4520471.878222543,27929.829469513323,4548401.707692056,4278,60,2526.907258064516,95,401,68,29.916324927571747,0.619182627688172,34.08203125000001,33998.99525009096,357.88416052727325,0
4280,127.91160300969791,0,0,496,0.0,0.0,1.0,496,13100,9000,4100,0.6870229007633588,172,90,82,155.36655138152193,0.40846460234061044,0.8790647612962645,0.12176923575786522,4527091.530909358,28371.71978917762,4555463.250698535,4279,61,2527.907258064516,101,395,70,29.812490403807807,0.6205687163978495,33.94607843137257,34031.38359485985,336.94439202831535,0
4281,127.94634195317644,0,0,496,0.0,0.0,1.0,496,13600,10100,3500,0.7426470588235294,171,101,70,153.87017836170963,0.40834029135440425,0.8779212715403482,0.12094565704393842,4531281.3889385015,26645.81510461391,4557927.2040431155,4280,62,2528.907258064516,104,392,73,29.76401262409762,0.6217237903225806,33.85912698412701,34051.751146606104,327.42068410198175,0
4282,127.88266925867886,0,0,496,0.0,0.0,1.0,496,11850,8400,3450,0.7088607594936709,153,84,69,152.22426201503896,0.4081461455957424,0.8767920335366075,0.11997984237975802,4531821.786791062,26920.64541558986,4558742.432206652,4281,63,2529.907258064516,107,389,70,29.72444629616217,0.6226478494623655,33.77700617283952,34045.30706865425,318.18043989396494,0
4283,128.23474943630364,0,0,496,0.0,0.0,1.0,496,13650,9700,3950,0.7106227106227107,176,97,79,153.62291424138198,0.40784839320625615,0.8763917015755593,0.11552727199483576,4495492.107828599,25272.119710751285,4520764.22753935,4282,64,2530.907258064516,95,401,71,31.142730060511663,0.6105300739247312,35.2105034722222,33955.21474060432,357.42331305899285,8
4284,128.3394665453433,0,0,496,0.0,0.0,1.0,496,15100,10900,4200,0.7218543046357616,193,109,84,151.45193017529675,0.40773748913869884,0.8745032088516616,0.11431216063921419,4503022.952107009,22098.30354405222,4525121.2556510605,4283,65,2531.907258064516,100,396,72,31.08493932905074,0.6118111559139785,35.09694719471945,33997.516483262254,339.97516483262257,0
4285,127.91994130495334,0,0,496,0.0,0.0,1.0,496,14950,10400,4550,0.6956521739130435,195,104,91,152.26797527699188,0.40751559614966876,0.8753169065095621,0.1155852357784428,4494279.721660131,22716.974709125247,4516996.696369256,4284,66,2532.907258064516,104,392,74,30.88432509980037,0.6130502352150538,34.920634920634896,33908.93682210637,326.0474694433305,0
4286,127.44072104554488,0,0,496,0.0,0.0,1.0,496,14150,10400,3750,0.734982332155477,179,104,75,152.3739623541145,0.40736226512436186,0.8756632437569309,0.11608540024733571,4481214.115608447,23214.070190488746,4504428.185798936,4285,67,2533.907258064516,107,389,71,30.768207855973785,0.6144573252688172,34.80902777777776,33796.128714768776,315.85167023148387,0
4287,127.56476358530499,0,0,496,0.0,0.0,1.0,496,14300,10400,3900,0.7272727272727273,182,104,78,155.35797272194185,0.4071755865102639,0.8773313320009493,0.11898592969645048,4491067.585416323,26044.631085499423,4517112.216501822,4286,68,2534.907258064516,114,382,69,30.524264664049642,0.6158434139784946,34.64673913043475,33849.72598941539,296.9274209597841,0
4288,127.76682068342866,0,0,496,0.0,0.0,1.0,496,13150,9200,3950,0.6996197718631179,171,92,79,153.50956328386508,0.4069396926251765,0.8758075239524061,0.11792012641491302,4501265.416598244,25847.457665349546,4527112.874263593,4287,69,2535.907258064516,120,376,64,30.480962573782133,0.6170614919354839,34.5557851239669,33914.96340351896,282.62469502932464,0
4289,127.7841508619501,0,0,496,0.0,0.0,1.0,496,14250,9500,4750,0.6666666666666666,190,95,95,158.32554989769233,0.40683040078201366,0.8802402434215588,0.12205096188315569,4505543.778969105,29218.53927867969,4534762.318247785,4288,70,2536.907258064516,128,368,65,30.243302621176163,0.6183215725806452,34.44767441860461,33933.378433834085,265.1045190143288,0
4290,128.13756295085562,0,0,496,0.0,0.0,1.0,496,14500,9900,4600,0.6827586206896552,191,99,92,158.1385414259056,0.4068288734115347,0.879662135487763,0.12224393711957277,4520867.610648685,29284.681985520696,4550152.292634206,4289,71,2537.907258064516,90,406,68,30.162817087534883,0.6196656586021505,34.363553113553124,34038.00693495382,378.2000770550424,0
4291,127.97047053733424,0,0,496,0.0,0.0,1.0,496,13550,9900,3650,0.7306273062730627,172,99,73,158.9738389079485,0.4067003197295536,0.8795702511351662,0.12347242721399772,4519858.396016636,30957.848107018173,4550816.244123654,4290,72,2538.907258064516,93,403,70,29.99464921058486,0.6208207325268817,34.21985815602838,34012.00981125261,365.72053560486677,0
4292,128.25860209262606,0,0,496,0.0,0.0,1.0,496,13050,9200,3850,0.7049808429118773,169,92,77,157.1205949807586,0.40647596597697405,0.8782177974560093,0.12263946626138747,4535149.557541192,30263.079361520657,4565412.636902712,4291,73,2539.907258064516,98,398,72,29.89155522143969,0.6218707997311828,34.06986531986534,34107.82732837817,348.0390543712058,0
4293,127.84102038347713,0,0,496,0.0,0.0,1.0,496,14950,11000,3950,0.7357859531772575,189,110,79,158.4626918672783,0.4062676496144238,0.879336194003981,0.12436457527993472,4525982.956735171,29289.888533936646,4555272.845269108,4292,74,2540.907258064516,101,395,75,29.68861938389111,0.6231518817204301,33.905228758169955,34017.82707426375,336.8101690521163,0
4294,127.83723029737641,0,1,495,0.0,0.0020161290322580645,0.9979838709677419,496,14250,10000,4250,0.7017543859649122,185,100,85,157.40362650011988,0.40592653687411756,0.8781536670190055,0.12396442289802166,4529407.828220986,29139.04361200476,4558546.871832991,4293,75,2541.907258064516,106,390,71,29.610548322605815,0.6242439516129032,33.80062305295952,34030.19105579723,321.039538262238,0
4295,128.1406083217532,0,0,495,0.0,0.0,1.0,495,14950,11300,3650,0.7558528428093646,186,113,73,159.20525232913155,0.40557481018007335,0.8788760385445655,0.12563497276840419,4542206.883589409,30678.6386065962,4572885.522196005,4294,76,2547.1252525252526,109,386,73,29.50153969721761,0.6253367003367003,33.74053030303033,34118.65041839753,313.01514145318833,0
4296,127.85714532926492,0,0,495,0.0,0.0,1.0,495,12050,8100,3950,0.6721991701244814,160,81,79,150.9868415085531,0.40510946168840906,0.8760565737718631,0.11368253113961621,4483528.640421787,24340.76564608521,4507869.406067872,4295,77,2548.1252525252526,93,402,74,31.17433118531539,0.6114057239057239,35.17287234042554,33860.040548302124,364.086457508625,8
4297,128.29009927871243,0,0,495,0.0,0.0,1.0,495,13850,10100,3750,0.7292418772563177,176,101,75,149.2883427502637,0.40483648904701536,0.8743772326490971,0.1129227642250161,4503563.926074841,21615.918998717498,4525179.845073558,4296,78,2549.1252525252526,96,399,78,31.074376536705277,0.6125631313131313,35.03006872852235,33993.018788691676,354.09394571553827,0
4298,127.86552201643298,0,0,495,0.0,0.0,1.0,495,13600,10300,3300,0.7573529411764706,169,103,66,138.1252411963877,0.40487448711132923,0.8661780341477485,0.10032037093707691,4445519.926264558,10207.702411726943,4455727.628676285,4297,79,2550.1252525252526,95,400,73,32.6641497270458,0.6014309764309764,36.30642361111109,33717.31679734521,354.91912418258113,8
4299,128.19035492162558,0,0,495,0.0,0.0,1.0,495,13450,9500,3950,0.7063197026022305,174,95,79,137.21648292927148,0.40481331533963116,0.8651212302842357,0.10012185015107257,4461790.041860818,9996.227422597083,4471786.269283415,4298,80,2551.1252525252526,100,395,75,32.538910822713866,0.6025673400673401,36.159240924092394,33821.84054873152,338.2184054873152,0
4300,128.24414287038996,0,0,495,0.0,0.0,1.0,495,14250,10500,3750,0.7368421052631579,180,105,75,137.32609426968548,0.40461054540001906,0.865314420309631,0.10040696077241301,4465861.297909571,9405.857918412936,4475267.155827984,4299,81,2552.1252525252526,102,393,76,32.47014115092294,0.6038510101010102,36.0942556634304,33844.3659810154,331.807509617798,0
4301,128.12122713326974,0,1,494,0.0,0.00202020202020202,0.997979797979798,495,13400,10100,3300,0.753731343283582,167,101,66,152.65025173116584,0.40494707534181223,0.8773197215123554,0.10342931947606487,4377850.069950236,21255.98304384089,4399106.052994077,4300,82,2553.1252525252526,127,368,61,34.59180986624327,0.5792718855218855,38.58235677083333,33493.14924480808,263.725584604788,8
4302,127.73562582744742,0,0,494,0.0,0.0,1.0,494,14050,10100,3950,0.7188612099644128,180,101,79,150.29294243726096,0.40493186664586256,0.8752414243061901,0.10244646512749005,4371414.490619643,18548.54928161919,4389963.039901262,4301,83,2558.3927125506075,96,398,69,34.44862901239634,0.5806764507422402,38.38058419243982,33418.11980678935,348.1054146540557,0
4303,128.21814119125634,0,0,494,0.0,0.0,1.0,494,13900,9900,4000,0.7122302158273381,179,99,80,152.27982950321814,0.40492202919140574,0.8764279029531279,0.10428213262346626,4393113.92479286,21096.527891132486,4414210.452683992,4302,84,2559.3927125506075,98,396,73,34.239720245990576,0.5820470647773279,38.226010101010075,33564.17439706687,342.49157548027415,0
4304,128.2852604562243,1,0,495,0.00202020202020202,0.0,1.0,495,14000,10200,3800,0.7285714285714285,178,102,76,149.8138668177293,0.40501642606905763,0.8748418548418557,0.10308658742240005,4400777.153074723,18859.48846104653,4419636.641535769,4303,0,2555.220202020202,102,393,78,34.142213642213626,0.5834806397306398,38.06634304207116,33602.227405098725,329.43360201077184,0
4305,128.29893154037399,0,0,495,0.0,0.0,1.0,495,13650,9300,4350,0.6813186813186813,180,93,87,146.57227132678585,0.40476935345356396,0.8719917778741331,0.10131204248851279,4406277.567149664,16517.62222267545,4422795.189372339,4304,1,2556.220202020202,109,386,74,34.075251722310554,0.5845959595959596,37.91666666666662,33625.0116412057,308.4863453321624,0
4306,127.79882279631475,0,0,495,0.0,0.0,1.0,495,12750,9400,3350,0.7372549019607844,161,94,67,146.5604145218894,0.4046519513624777,0.8720848618858594,0.10158152868585957,4392136.309843515,16992.66364145923,4409128.973484974,4305,2,2557.220202020202,114,381,76,33.983655219274006,0.5856481481481481,37.8260869565217,33505.51745485931,293.9080478496431,0
4307,127.71304346691419,0,0,495,0.0,0.0,1.0,495,13100,9400,3700,0.7175572519083969,168,94,74,146.41786289358484,0.4046033888139151,0.8724366346608197,0.10177388874750226,4392356.531180249,16523.891272415487,4408880.422452664,4306,3,2558.220202020202,116,379,76,33.891401882906706,0.5867003367003367,37.73148148148144,33495.11070555811,288.75095435825955,0
4308,127.69837303491865,0,0,495,0.0,0.0,1.0,495,13500,9700,3800,0.7185185185185186,173,97,76,147.05806211340533,0.40452245123297753,0.8730609295433698,0.10241165764444228,4393932.194044925,16732.630702788636,4410664.824747714,4307,4,2559.220202020202,122,373,59,33.811593384125345,0.587773569023569,37.669376693766914,33499.193793441686,274.58355568394825,0
4309,127.47376870897098,0,1,494,0.0,0.00202020202020202,0.997979797979798,495,12450,8500,3950,0.6827309236947792,164,85,79,149.40288493356783,0.40452006570427623,0.8755083266669159,0.10431270375284979,4389036.314709511,19696.937499157182,4408733.252208668,4308,5,2560.220202020202,122,373,60,33.6641278857118,0.5888468013468013,37.58468834688344,33451.06874336145,274.18908806033977,0
4310,127.52640928962389,0,0,494,0.0,0.0,1.0,494,13100,9400,3700,0.7175572519083969,168,94,74,148.5113078996021,0.4044314396147961,0.8748112567669266,0.10387939005297181,4392853.109217966,18577.67213215669,4411430.781350123,4309,6,2562.0404858299594,125,369,64,33.626748086553874,0.5901231443994601,37.52480158730155,33472.51958115248,267.78015664921986,0
4311,127.5840064144461,0,0,494,0.0,0.0,1.0,494,14650,11100,3550,0.757679180887372,182,111,71,149.20676795826282,0.4043976500973138,0.8760387384442465,0.10462136588443753,4397523.568529794,17778.055736124155,4415301.6242659185,4310,7,2563.0404858299594,93,401,65,33.52708781778022,0.5913250674763832,37.44459219858158,33497.870833083914,360.19215949552597,0
4312,127.80123139209803,0,0,494,0.0,0.0,1.0,494,13600,9300,4300,0.6838235294117647,179,93,86,148.03188405923692,0.40423041337154714,0.8749635413461208,0.1041731351542448,4408978.001190845,18133.8640584025,4427111.865249247,4311,8,2564.0404858299594,95,399,69,33.43798193434676,0.5926535087719298,37.3263888888889,33570.01095420921,353.3685363600969,0
4313,128.02874165267207,0,0,494,0.0,0.0,1.0,494,14000,10300,3700,0.7357142857142858,177,103,74,148.0460089936671,0.40422690610517553,0.8755472529530954,0.10464795935898866,4421713.440463208,18123.405554846966,4439836.8460180545,4312,9,2565.0404858299594,97,397,71,33.29019385801724,0.5938976045883941,37.1811224489796,33648.37017542494,346.8904141796386,0
4314,127.63015983910292,0,0,494,0.0,0.0,1.0,494,13600,9700,3900,0.7132352941176471,175,97,78,149.88208221528475,0.40431150821350453,0.877449815502997,0.10645077808487172,4413135.280835035,19889.98099785905,4433025.261832895,4313,10,2566.0404858299594,98,396,74,33.08501380386509,0.5950995276653172,37.02651515151517,33563.34790465825,342.48314188426787,0
4315,127.64754629745563,0,1,493,0.0,0.0020242914979757085,0.9979757085020243,494,12850,9200,3650,0.7159533073929961,165,92,73,148.5131084034678,0.4041701910416547,0.8760392833772974,0.10581060205919389,4417158.097539222,19551.175875020916,4436709.273414243,4314,11,2567.0404858299594,104,390,71,33.01758868190162,0.5963647098515519,36.9246031746032,33580.928895991674,322.893547076843,0
4316,127.65050511373087,0,1,492,0.0,0.002028397565922921,0.9979716024340771,493,12350,8900,3450,0.7206477732793523,158,89,69,146.00817649670722,0.40420562674186583,0.8734836647222401,0.10429642428508058,4420082.029081307,18123.623406406332,4438205.652487714,4315,12,2571.4949290060854,108,385,70,32.99825386449745,0.5973419540229885,36.84059633027525,33592.43080386884,311.0410259617485,0
4317,127.71316408780505,0,0,492,0.0,0.0,1.0,492,14700,10600,4100,0.7210884353741497,188,106,82,161.73835891947414,0.4040480167403507,0.8778326281147157,0.11773356927505832,4442624.533643082,30608.56027336488,4473233.093916447,4316,13,2576.0101626016262,97,395,69,31.969029149036206,0.6017742208672087,36.23511904761904,33686.24752167166,347.28090228527486,8
4318,128.2023467710167,0,0,492,0.0,0.0,1.0,492,13550,9800,3750,0.7232472324723247,173,98,75,162.3485009885837,0.40389468081289776,0.8790124405351256,0.11856073697704395,4463123.662365992,32966.28726235885,4496089.94962835,4317,14,2577.0101626016262,98,394,71,31.84829997075793,0.6029175135501355,36.13215488215487,33828.47698151877,345.18854062774255,0
4319,128.3739209106931,0,0,492,0.0,0.0,1.0,492,13150,9300,3850,0.7072243346007605,170,93,77,161.2065186079469,0.40386898109052377,0.8773461856294018,0.11818971379553969,4473316.417408713,32675.553256445914,4505991.970665159,4318,15,2578.0101626016262,103,389,75,31.751882801532773,0.6040608062330624,36.007612179487175,33889.73791509549,329.0265816999562,0
4320,128.7930014999248,0,0,492,0.0,0.0,1.0,492,13250,9600,3650,0.7245283018867924,169,96,73,158.59619317657388,0.4038356059477091,0.8751996888120819,0.11660482731403268,4490959.921867927,30799.829463362774,4521759.751331289,4319,16,2579.0101626016262,107,385,78,31.729973216459715,0.6051405826558265,35.9182098765432,34011.88639147309,317.86809711657094,0
4321,128.4369874728999,0,0,492,0.0,0.0,1.0,492,12600,8800,3800,0.6984126984126984,164,88,76,157.46544419306167,0.40383784820536595,0.8753582536542248,0.1161895907839779,4482389.088116401,30164.27776127548,4512553.365877677,4320,17,2580.0101626016262,109,383,77,31.644764746645635,0.6061568428184282,35.80492424242423,33932.419635477396,311.30660216034306,0
4322,128.0145671989612,0,0,492,0.0,0.0,1.0,492,13350,9200,4150,0.6891385767790262,175,92,83,157.30437635722836,0.4037989536590885,0.8749968228919749,0.11631038159398319,4469844.828737382,28875.23063962382,4498720.059377005,4321,18,2581.0101626016262,115,377,68,31.58301617507134,0.607151930894309,35.73994252873564,33829.136885156644,294.1664076970143,0
4323,128.09698497732114,0,0,492,0.0,0.0,1.0,492,12950,9200,3750,0.7104247104247104,167,92,75,159.18424034300094,0.4035836106833573,0.8766173463626086,0.11803354446470425,4475732.466538519,31143.21453288769,4506875.681071406,4322,19,2582.0101626016262,119,373,76,31.44302285489118,0.60840108401084,35.651041666666664,33862.304544395454,284.55718104534,0
4324,128.37334466013522,0,0,492,0.0,0.0,1.0,492,14350,10200,4150,0.710801393728223,185,102,83,159.0829848800909,0.4034935754143692,0.8762797977114929,0.1181391719304575,4487019.628498001,30011.695143403296,4517031.3236414045,4323,20,2583.0101626016262,122,370,56,31.396874332692686,0.609375,35.602981029810294,33941.52964337245,278.2092593719053,0
4325,128.54841805877328,0,0,492,0.0,0.0,1.0,492,12150,8000,4150,0.6584362139917695,163,80,83,162.059523421268,0.40319906349521745,0.8797075902270897,0.12075329276107583,4496706.140807025,35196.81082893696,4531902.951635962,4324,21,2584.0101626016262,127,365,59,31.211540828256737,0.610497120596206,35.49804687500003,34001.30764767505,267.7268318714571,0
4326,128.30691045973182,0,0,492,0.0,0.0,1.0,492,13000,9500,3500,0.7307692307692307,165,95,70,159.37062100109398,0.40324433985174885,0.8775699667659271,0.11223590312836111,4427242.482345893,29714.476746779015,4456956.959092672,4325,22,2585.0101626016262,99,393,66,33.11545032184729,0.5922679539295392,37.30208333333335,33705.9580717083,340.4642229465485,8
4327,128.72300690634512,0,0,492,0.0,0.0,1.0,492,11650,8500,3150,0.7296137339055794,148,85,63,170.01396277238717,0.40304400275418234,0.8891569589156694,0.11347776280978782,4381349.740693125,38928.12634140131,4420277.867034527,4326,23,2586.0101626016262,94,398,68,34.654076486656834,0.5714981368563685,39.08991228070174,33585.131023426184,357.2886279087892,8
4328,129.12621574715772,0,0,492,0.0,0.0,1.0,492,13600,10000,3600,0.7352941176470589,172,100,72,167.12168515685931,0.40306746021889955,0.887111644176918,0.11184717849622978,4398146.4587324085,35005.12955000606,4433151.588282415,4327,24,2587.0101626016262,97,395,67,34.636827190660405,0.5727261178861789,38.99872448979591,33702.10701181388,347.44440218364826,0
4329,128.65852952592593,0,0,492,0.0,0.0,1.0,492,12950,8900,4050,0.6872586872586872,170,89,81,168.92266096709673,0.4031135127415429,0.8874779198284708,0.11355652697819618,4387278.154739771,36872.1400602905,4424150.294800062,4328,25,2588.0101626016262,101,391,69,34.43659080244015,0.5739964430894309,38.84803921568626,33599.42725732194,332.66759660714797,0
4330,128.2708371682851,0,0,492,0.0,0.0,1.0,492,14750,10800,3950,0.7322033898305085,187,108,79,168.27269850331385,0.40312584515865524,0.8874106010628291,0.11334838639781934,4376345.242833733,34133.88471875453,4410479.127552487,4329,26,2589.0101626016262,104,388,68,34.3841384679655,0.575245596205962,38.779761904761905,33506.938625774965,322.18210217091314,0
4331,127.9985920673832,0,0,492,0.0,0.0,1.0,492,11250,7600,3650,0.6755555555555556,149,76,73,167.31219582526114,0.40318009054581383,0.8867561612186765,0.11290126408548086,4369056.20407275,36549.277437479,4405605.481510229,4330,27,2590.0101626016262,110,382,58,34.348436415008536,0.5763253726287263,38.71996996996998,33443.475979167604,304.0315998106146,0
4332,128.48490102541484,0,0,492,0.0,0.0,1.0,492,12400,9000,3400,0.7258064516129032,158,90,68,169.3458493815434,0.40323338728550223,0.8884470078094706,0.11456879554658679,4388574.432652199,37837.37297432313,4426411.805626522,4331,28,2591.0101626016262,113,379,59,34.20689996737054,0.5773416327913279,38.633040935672526,33581.707866693934,297.1832554574684,0
4333,128.70491568859583,0,0,492,0.0,0.0,1.0,492,14750,9900,4850,0.6711864406779661,196,99,97,170.63221218710672,0.4032872014692652,0.8903005862727953,0.11575320340260578,4399163.6248357715,36977.804215757395,4436141.429051529,4332,29,2592.0101626016262,120,372,61,34.080345285524594,0.5787813346883468,38.541666666666686,33650.972747747735,280.4247728978978,0
4334,128.95696556925634,0,0,492,0.0,0.0,1.0,492,13000,9200,3800,0.7076923076923077,168,92,76,166.07111431414347,0.4032044104173221,0.8869307994096145,0.11302148172295279,4411412.780215585,35121.64722201145,4446534.427437596,4333,30,2593.0101626016262,86,406,63,34.09005081021697,0.5799669715447154,38.43390804597701,33730.769514199914,392.21825016511525,0
4335,129.37405902104967,0,0,492,0.0,0.0,1.0,492,13700,9200,4500,0.6715328467153284,182,92,90,162.71719703035183,0.40307444571390727,0.8846389647001298,0.11114911857571785,4429868.63946189,32063.161645179658,4461931.8011070695,4334,31,2594.0101626016262,89,403,65,34.05204186937934,0.5812161246612466,38.31018518518519,33855.87354705947,380.4030735624659,0
4336,128.85151754689332,0,0,492,0.0,0.0,1.0,492,12550,8700,3850,0.6932270916334662,164,87,77,161.0043568914781,0.4029280090407829,0.8835296858428667,0.11038563365983907,4416129.172855652,31253.207485063715,4447382.380340716,4335,32,2595.0101626016262,93,399,66,33.97175428200568,0.582444105691057,38.18705673758865,33734.99505278033,362.74188228796055,0
4337,128.76737802272373,0,0,492,0.0,0.0,1.0,492,14350,10900,3450,0.759581881533101,178,109,69,158.64452499106437,0.40305426539499606,0.8807291141428861,0.10909227490246573,4416589.927351014,27383.562220983393,4443973.489571997,4336,33,2596.0101626016262,100,392,68,33.93277876222357,0.583545054200542,38.0878712871287,33725.73808670638,337.2573808670638,0
4338,128.87993303303375,0,0,492,0.0,0.0,1.0,492,12650,8900,3750,0.7035573122529645,164,89,75,159.51034719756296,0.403130415914648,0.8815670971777956,0.11007518314522377,4424404.6798208095,30097.665324147307,4454502.345144956,4337,34,2597.0101626016262,103,389,68,33.79111559191164,0.584667174796748,37.9707532051282,33770.311779619245,327.86710465649753,0
4339,128.930184997221,0,0,492,0.0,0.0,1.0,492,13650,10600,3050,0.7765567765567766,167,106,61,157.88565248193598,0.40325106662471916,0.8806377049347083,0.10929740863866579,4429652.132222299,27825.70343278207,4457477.835655081,4338,35,2598.0101626016262,107,385,70,33.72780067211225,0.585789295392954,37.86651234567899,33796.919057238054,315.85905660970144,0
4340,128.4789939713967,0,0,492,0.0,0.0,1.0,492,12450,8900,3550,0.714859437751004,160,89,71,156.62174791254512,0.4030153708487187,0.8816742649315561,0.10844191498325695,4414350.46922941,27426.657277853912,4441777.126507265,4339,36,2599.0101626016262,103,389,71,33.7549034591676,0.5847942073170731,37.86057692307691,33679.40935716524,326.98455686568195,8
4341,128.10493464942883,0,0,492,0.0,0.0,1.0,492,13800,9900,3900,0.717391304347826,177,99,78,155.37130350275257,0.4029798396889264,0.8804821920982939,0.10805404385573357,4406416.103533293,24726.122756295823,4431142.226289589,4340,37,2600.0101626016262,106,386,71,33.63900539430384,0.5861492208672087,37.71417445482864,33600.10854093533,316.98215604655974,0
4342,128.43678055342744,0,0,492,0.0,0.0,1.0,492,13750,10200,3550,0.7418181818181818,173,102,71,153.1795625653711,0.4029585382411869,0.8785483623879473,0.10672017521995428,4419812.896245019,23255.001213517913,4443067.897458537,4341,38,2601.0101626016262,113,379,62,33.6367521739635,0.5874407181571816,37.65533625730991,33694.70400648217,298.1832212963024,0
4343,128.8012322210377,0,1,491,0.0,0.0020325203252032522,0.9979674796747967,492,15150,10300,4850,0.6798679867986799,200,103,97,157.25663222222022,0.4028173622494881,0.882363870218376,0.11002044005871665,4437008.040262975,25999.788310932738,4463007.828573908,4342,39,2602.0101626016262,117,375,66,33.38994641375751,0.588816903794038,37.51765536723162,33808.04942496736,288.9576873928834,0
4344,128.46930586377096,1,0,492,0.0020325203252032522,0.0,1.0,492,13450,9500,3950,0.7063197026022305,174,95,79,157.0520958870314,0.40301519836736044,0.8821419862480144,0.11050060550255605,4431823.692492076,27355.439901536713,4459179.1323936125,4343,0,2594.221544715447,86,406,69,33.20712538365697,0.5902989498644986,37.332375478927204,33744.72739510787,392.38055110590545,0
4345,128.47405369865524,0,0,492,0.0,0.0,1.0,492,14600,11000,3600,0.7534246575342466,182,110,72,151.78019630439633,0.40305228185937664,0.8776026588544092,0.10728456281981957,4437062.906500532,21691.655792721584,4458754.562293254,4344,1,2595.221544715447,94,398,70,33.19296104690787,0.5914422425474255,37.18201754385966,33765.29159104248,359.20522969194127,0
4346,128.0554721309723,0,0,492,0.0,0.0,1.0,492,14250,10000,4250,0.7017543859649122,185,100,85,150.82350533842578,0.40302934183873407,0.8767584191866404,0.10711940519816177,4427841.52803389,20914.516068225952,4448756.044102116,4345,2,2596.221544715447,98,394,73,33.06025687192416,0.5928396002710027,37.02651515151518,33675.193760200134,343.62442612449115,0
4347,128.47335469978788,0,0,492,0.0,0.0,1.0,492,13850,10300,3550,0.7436823104693141,174,103,71,149.2995544153384,0.40294715447154467,0.8754854062515782,0.10635941708349388,4445616.305658645,20495.706707280704,4466112.012365926,4346,3,2597.221544715447,101,391,72,33.00045289855072,0.5940464092140921,36.92810457516342,33797.728932460755,334.6309795293144,0
4348,128.84688742323158,0,0,492,0.0,0.0,1.0,492,14400,10500,3900,0.7291666666666666,183,105,78,147.53107226512,0.40271128621418595,0.8734237315981965,0.10530447149515815,4460678.370140794,18817.73259534088,4479496.102736135,4347,4,2598.221544715447,104,388,73,32.983021665912645,0.595337906504065,36.86507936507939,33904.11549616891,326.0011105400857,0
4349,128.92634527278165,0,0,492,0.0,0.0,1.0,492,14450,11000,3450,0.7612456747404844,179,110,69,149.35278009783502,0.4026805845324237,0.8756606085640781,0.10704869420052451,4467981.754077001,20611.099279562128,4488592.853356563,4348,5,2599.221544715447,106,386,77,32.798922087046556,0.5967352642276422,36.73091900311529,33942.3204362526,320.21057015332644,0
4350,128.86527810035355,0,0,492,0.0,0.0,1.0,492,13700,10000,3700,0.7299270072992701,174,100,74,146.7560119372974,0.4025676954834721,0.8734943008162224,0.10549060346312267,4469009.659981519,19070.807001630634,4488080.46698315,4349,6,2600.221544715447,109,383,62,32.77326567425361,0.5978573848238482,36.6382575757576,33938.18417849401,311.35948787609186,0
4351,128.5258534339969,0,1,491,0.0,0.0020325203252032522,0.9979674796747967,492,14200,10500,3700,0.7394366197183099,179,105,74,145.62814284398925,0.40259787972115973,0.8722368778162282,0.10503064197627482,4460876.6625399245,17325.836764357904,4478202.4993042825,4350,7,2601.221544715447,114,378,64,32.69394402997904,0.5992547425474255,36.5307971014493,33862.604156111505,297.04038733431145,0
4352,128.15380626504594,0,0,491,0.0,0.0,1.0,491,14100,10000,4100,0.7092198581560284,182,100,82,144.69829091425422,0.402373332224947,0.8712917398974482,0.10456831536100515,4450122.325665119,16485.018976624186,4466607.344641743,4351,8,2607.1914460285134,121,370,67,32.65359225660136,0.6004964358452138,36.46687158469949,33772.773483356475,279.1138304409626,0
4353,127.71925525926252,0,0,491,0.0,0.0,1.0,491,12800,9100,3700,0.7109375,165,91,74,141.98609415280956,0.4021170178865843,0.8686932093517359,0.10287458723586988,4437824.761456277,15021.880882760346,4452846.642339038,4352,9,2608.1914460285134,97,394,68,32.6409469376235,0.601663272233537,36.38392857142857,33668.84831722967,347.10152904360484,0
4354,128.0218939911075,0,0,491,0.0,0.0,1.0,491,13500,9200,4300,0.6814814814814815,178,92,86,142.75622846184083,0.40197916233703257,0.870037034055035,0.10390142169825431,4453213.25124664,15444.785656852298,4468658.036903493,4353,10,2609.1914460285134,99,392,69,32.47423910324762,0.6030210454854039,36.23958333333333,33767.10810155029,341.0819000156595,0
4355,128.16115834837015,0,0,491,0.0,0.0,1.0,491,13250,10100,3150,0.7622641509433963,164,101,63,142.7232896488643,0.4021005652770273,0.8702834024599297,0.1041737494746616,4461122.57669966,15891.21793467846,4477013.7946343385,4354,11,2610.1914460285134,100,391,71,32.3831580867503,0.6042515274949083,36.14892739273927,33815.4590968064,338.154590968064,0
4356,127.94624031874922,0,0,491,0.0,0.0,1.0,491,14000,10600,3400,0.7571428571428571,174,106,68,141.49823681100372,0.4020572689360877,0.8688157440606177,0.10366724374845637,4457657.832054559,13950.144708496719,4471607.976763056,4355,12,2611.1914460285134,106,385,72,32.294855246173675,0.6055244399185336,36.02998442367601,33773.97104987234,318.62236839502214,0
4357,127.84685958640253,0,1,490,0.0,0.002036659877800407,0.9979633401221996,491,13650,10300,3350,0.7545787545787546,170,103,67,151.09836774057072,0.40195941920556405,0.872152564446196,0.11082534581003403,4455399.135220003,22790.70739289905,4478189.842612903,4356,13,2612.1914460285134,109,382,74,32.00523542212179,0.605948744059742,35.994318181818194,33752.29733342174,309.6541039763462,8
4358,128.32028515603912,0,0,490,0.0,0.0,1.0,490,13050,9200,3850,0.7049808429118773,169,92,77,150.01366048622324,0.40165877189321536,0.8709752782866582,0.11043657246277722,4475853.388569886,23237.83012380768,4499091.218693693,4357,14,2617.8448979591835,112,378,71,31.915384033691645,0.6071428571428572,35.877581120943965,33892.26410666349,302.60950095235256,0
4359,128.63905763486233,0,0,490,0.0,0.0,1.0,490,14000,10200,3800,0.7285714285714285,178,102,76,149.64873872876623,0.4013299389285367,0.8704174453286473,0.11065953819001603,4491743.894844257,22436.76171121568,4514180.656555473,4358,15,2618.8448979591835,116,374,73,31.782519708914514,0.6084183673469388,35.73717948717949,33994.52019870002,293.0562086094829,0
4360,128.99817271421833,0,0,490,0.0,0.0,1.0,490,13850,9500,4350,0.6859205776173285,182,95,87,149.76939158316168,0.4012082133466884,0.8714824887081118,0.1112314844546202,4508944.13047809,23210.36382083461,4532154.494298925,4359,16,2619.8448979591835,118,372,60,31.640594824256464,0.6097789115646258,35.60049019607843,34107.05363124099,289.0428273833982,0
4361,128.60873398447714,0,0,490,0.0,0.0,1.0,490,13300,9700,3600,0.7293233082706767,169,97,72,150.7154013769597,0.4011235271204596,0.8722130679763052,0.11221888683170114,4498040.931067416,24284.808867163978,4522325.73993458,4360,17,2620.8448979591835,119,371,64,31.534724957332294,0.6107568027210885,35.520833333333336,34014.33079026955,285.83471252327354,0
4362,128.82125986792943,0,0,490,0.0,0.0,1.0,490,11650,7900,3750,0.6781115879828327,154,79,75,152.52030504061074,0.40068914068694966,0.8748834967057701,0.11394163964798518,4509023.655403266,27893.532671486686,4536917.188074753,4361,18,2621.8448979591835,92,398,66,31.381233595800566,0.6118197278911565,35.41666666666666,34083.958340056175,370.4778080440889,0
4363,128.29694257086345,0,0,490,0.0,0.0,1.0,490,13350,8900,4450,0.6666666666666666,178,89,89,158.7329981557427,0.4004356906361726,0.8788104947754087,0.11720570758701958,4478238.682442626,30818.850504228685,4509057.532946855,4362,19,2622.8448979591835,107,383,74,31.589186196490726,0.6077593537414966,35.783179012345684,33898.21030850927,316.8057038178436,8
4364,128.36595025680282,0,0,490,0.0,0.0,1.0,490,13450,9900,3550,0.7360594795539034,170,99,71,160.95549970916096,0.40026153610728543,0.8800522758547709,0.11913245041548298,4483211.742773289,32869.51727201163,4516081.2600453,4363,20,2623.8448979591835,110,380,71,31.453650771106293,0.6087159863945578,35.707582582582596,33926.14730745458,308.4195209768598,0
4365,128.78391532150897,0,0,490,0.0,0.0,1.0,490,12850,9100,3750,0.708171206225681,166,91,75,162.99722635143235,0.4001185085486137,0.881581018969178,0.12091886545640163,4500247.226518167,35855.563163637984,4536102.789681805,4364,21,2624.8448979591835,113,377,77,31.326904465643555,0.6096301020408164,35.63596491228071,34045.83550878945,301.2905797238005,0
4366,128.2709430440811,0,0,490,0.0,0.0,1.0,490,11700,8600,3100,0.7350427350427351,148,86,62,161.1332127301017,0.3999244431924099,0.8806439218988216,0.11990136082882318,4485567.993220415,34854.79633338498,4520422.7895538,4365,22,2625.8448979591835,117,373,56,31.278929390034993,0.6106930272108844,35.54025423728815,33922.50098618123,289.93590586479684,0
4367,128.24985168150343,0,0,490,0.0,0.0,1.0,490,13500,10000,3500,0.7407407407407407,170,100,70,163.2446688290779,0.3997180313843329,0.8831554426450305,0.12192031314581095,4488735.762395177,35052.4365986896,4523788.198993866,4366,23,2626.8448979591835,122,368,61,31.106091887797028,0.6120535714285714,35.42513550135504,33931.68713060546,278.12858303774965,0
4368,128.51435490397273,0,0,490,0.0,0.0,1.0,490,12300,8500,3800,0.6910569105691057,161,85,76,163.47813771145212,0.39959143677921066,0.882457096717691,0.12251883649946686,4501673.187150647,36885.02984419213,4538558.216994839,4367,24,2627.8448979591835,93,397,64,30.98994313027701,0.6130739795918367,35.316932624113456,34015.57365781657,365.758856535662,0
4369,128.32494305810715,0,0,490,0.0,0.0,1.0,490,13100,9000,4100,0.6870229007633588,172,90,82,161.80130883009812,0.39937650418040427,0.8812905308108645,0.12179549071276548,4499676.52860592,34510.71032810099,4534187.238934021,4368,25,2628.8448979591835,96,394,68,30.8955967829143,0.6141794217687075,35.180412371134004,33982.95850314544,353.9891510744317,0
4370,128.78706842394715,0,0,490,0.0,0.0,1.0,490,14350,10100,4250,0.7038327526132404,186,101,85,161.21742645999478,0.39902976016582503,0.8814886459686511,0.1219566972226502,4521102.336185184,33426.09668040792,4554528.432865593,4369,26,2629.8448979591835,98,392,72,30.75553614210641,0.6155399659863945,35.027356902356885,34125.04991709009,348.21479507234784,0
4371,128.36253424399325,1,0,491,0.002036659877800407,0.0,1.0,491,15000,11600,3400,0.7733333333333333,184,116,68,160.01258378163647,0.39911433004973884,0.8795742918733269,0.12136837485259462,4509001.6316369735,31099.400270767805,4540101.031907741,4370,0,2625.4867617107943,105,386,73,30.70375451085074,0.6167472844534962,34.9449685534591,34023.13555059902,324.0298623866573,0
4372,127.93176624357537,0,0,491,0.0,0.0,1.0,491,13750,9500,4250,0.6909090909090909,180,95,85,158.55367910048403,0.39872795350319357,0.8790155718764117,0.12095013852677296,4499834.00756017,30743.047448026282,4530577.055008196,4371,1,2626.4867617107943,110,381,68,30.563811343452556,0.618041412084182,34.76914414414412,33931.45185193445,308.46774410849497,0
4373,127.65927245690737,0,0,491,0.0,0.0,1.0,491,13950,10300,3650,0.7383512544802867,176,103,73,160.07101755888723,0.39855961732962025,0.8814468616825437,0.12245497232240095,4493203.22746237,31696.32254375398,4524899.550006124,4372,2,2627.4867617107943,111,380,69,30.434946132903306,0.6190597420230821,34.68191964285712,33870.3131080558,305.13795592843064,0
4374,127.3725012737944,0,0,491,0.0,0.0,1.0,491,13500,9500,4000,0.7037037037037037,175,95,80,159.64572102916728,0.398300878396165,0.8810508589978538,0.12244282987304268,4485762.484915393,31526.55725398015,4517289.0421693735,4373,3,2628.4867617107943,113,378,72,30.3664930854421,0.6200780719619823,34.6034356725146,33804.224227863015,299.1524267952479,0
4375,127.34885193610238,0,0,491,0.0,0.0,1.0,491,13700,10100,3600,0.7372262773722628,173,101,72,162.390218121062,0.3981642351441595,0.8824005660598899,0.12482570594781295,4487234.225517997,33836.588928431534,4521070.814446428,4374,4,2629.4867617107943,116,375,53,30.22436864875739,0.621372199592668,34.53525641025639,33806.63032566532,291.436468324701,0
4376,126.90844479449841,0,1,490,0.0,0.002036659877800407,0.9979633401221996,491,13300,9600,3700,0.7218045112781954,170,96,74,163.9487219565895,0.3979920888925835,0.8836274914308979,0.12643305355157528,4475051.436929206,35235.792754907496,4510287.2296841135,4375,5,2630.4867617107943,118,373,55,30.08239117058913,0.6225390359809913,34.4362745098039,33702.279395793565,285.6125372524878,0
4377,127.34573117364755,0,1,489,0.0,0.0020408163265306124,0.9979591836734694,490,14650,10700,3950,0.7303754266211604,186,107,79,165.4634951634006,0.3975609671271372,0.8835873144518926,0.1279513195502282,4493293.220416947,36045.20020884151,4529338.420625789,4376,6,2635.873469387755,93,397,56,29.957346070415483,0.623937074829932,34.35283687943265,33829.0322217942,363.7530346429484,0
4378,127.07608109536412,0,0,489,0.0,0.0,1.0,489,14300,10700,3600,0.7482517482517482,179,107,72,163.92947780287375,0.39738209181221856,0.8824739616604067,0.12712580466727075,4486694.047796246,35000.28246330152,4521694.330259548,4377,7,2641.241308793456,95,394,59,29.91033755274262,0.6249786980231766,34.26649305555558,33768.372678228014,355.4565545076633,0
4379,127.60214915958345,0,0,489,0.0,0.0,1.0,489,12850,10300,2550,0.8015564202334631,154,103,51,163.04268424537327,0.39695063947835996,0.8819891661187571,0.1269963793314462,4509795.7669382775,36407.841448008694,4546203.608386287,4378,8,2642.241308793456,98,391,61,29.79822964487364,0.6263633265167008,34.13299663299665,33925.20102024805,346.175520614776,0
4380,127.8268280059635,0,0,489,0.0,0.0,1.0,489,13550,10100,3450,0.7453874538745388,170,101,69,161.6546528121081,0.3967512390067831,0.8811953544886075,0.1264251865480603,4521886.148448031,34846.78707664991,4556732.935524682,4379,9,2643.241308793456,102,387,63,29.71108512984296,0.6275988411724608,34.010922330097095,34000.54008277567,333.3386282625065,0
4381,127.87915803965655,0,0,489,0.0,0.0,1.0,489,12750,9100,3650,0.7137254901960784,164,91,73,161.42063766177188,0.3965146473789489,0.8811318367960956,0.1268397807346907,4528573.873061958,35651.05645762145,4564224.929519579,4380,10,2644.241308793456,106,383,68,29.572862177025048,0.6288556578050444,33.868769470405006,34032.637688182636,321.0626196998362,0
4382,127.68828893047524,0,0,489,0.0,0.0,1.0,489,12450,8800,3650,0.7068273092369478,161,88,73,144.48433180387997,0.39649142473208404,0.8699339173357763,0.10468466003704405,4436748.783207062,17958.136664669393,4454706.919871731,4381,11,2645.241308793456,97,392,66,32.57508937811646,0.6025477164280846,36.38392857142856,33660.68509528812,347.01737211637237,8
4383,128.1284526365112,0,0,489,0.0,0.0,1.0,489,11300,8200,3100,0.7256637168141593,144,82,62,143.1678823201591,0.3964753609462827,0.8682947718228187,0.10415362616339253,4456429.797793421,18503.5233717079,4474933.321165129,4382,12,2646.241308793456,101,388,70,32.4780905547381,0.6033997955010225,36.25408496732027,33793.35598233809,334.5876829934465,0
4384,127.9060078130107,0,0,489,0.0,0.0,1.0,489,14350,10000,4350,0.6968641114982579,187,100,87,143.2014757167483,0.3965066154860482,0.8674210061218139,0.10458371523381821,4452866.365005081,15381.406927640837,4468247.771932721,4383,13,2647.241308793456,107,382,70,32.35174964056829,0.604656612133606,36.13040123456792,33750.506961307605,315.4252987038094,0
4385,128.15805219922996,0,0,489,0.0,0.0,1.0,489,12850,9100,3750,0.708171206225681,166,91,75,140.20081381929114,0.3963279931721926,0.8654005906770212,0.10283237275632798,4466244.042185741,14584.209886000626,4480828.252071741,4384,14,2648.241308793456,109,380,77,32.2929370374356,0.6057217109747784,35.99431818181819,33834.45395134791,310.4078344160359,0
4386,128.37846091089315,0,0,489,0.0,0.0,1.0,489,13850,10300,3550,0.7436823104693141,174,103,71,141.96591383201894,0.3961354023489445,0.8666872152755969,0.10467050759675046,4479504.857015863,15537.400108244703,4495042.257124107,4385,15,2649.241308793456,115,374,74,32.07942416207767,0.6071276414451261,35.82974137931035,33913.77122015681,294.90235843614613,0
4387,128.5245023459589,0,0,489,0.0,0.0,1.0,489,14200,10000,4200,0.704225352112676,184,100,84,143.37472560695082,0.39608022673684445,0.8668318376259969,0.1060763917643652,4488310.915669663,16702.06919456459,4505012.9848642275,4386,16,2650.241308793456,119,370,72,31.931385832375312,0.6085548738922972,35.720486111111114,33966.39300280145,285.4318739731214,0
4388,128.6736810675637,1,0,490,0.0020408163265306124,0.0,1.0,490,14250,10100,4150,0.7087719298245614,184,101,83,143.34497717216652,0.39650760610992863,0.8676165235592275,0.10641598328345588,4497158.815959315,16679.025562660216,4513837.841521975,4387,0,2645.830612244898,126,364,60,31.823669624206342,0.6099702380952381,35.61351706036747,34019.581984349425,269.99668241547164,0
4389,128.87794714227985,0,0,490,0.0,0.0,1.0,490,13700,9600,4100,0.7007299270072993,178,96,82,143.04368857774855,0.39646882781742554,0.8678687348917118,0.10658853634202091,4508275.958548189,17276.08444742469,4525552.042995614,4388,1,2646.830612244898,129,361,63,31.713243461577278,0.6111181972789116,35.49679487179489,34088.63008947677,264.2529464300525,0
4390,129.20029335768234,0,0,490,0.0,0.0,1.0,490,12500,8400,4100,0.672,166,84,82,142.8240039204331,0.3963470152887331,0.8682254391272051,0.1067705932010578,4523017.385167646,18699.090550272926,4541716.475717919,4389,2,2647.830612244898,97,393,66,31.616219437079852,0.6123299319727891,35.39540816326527,34186.990889095534,352.443205042222,0
4391,129.32448232485805,0,0,490,0.0,0.0,1.0,490,13550,9800,3750,0.7232472324723247,173,98,75,139.4998472663999,0.39619181517187657,0.8643100731383242,0.10478543514614111,4532465.637603099,14905.652837166352,4547371.290440266,4390,3,2648.830612244898,103,387,70,31.553085473965616,0.6133715986394558,35.2463942307692,34239.12300974489,332.41866999752324,0
4392,129.59610306684124,0,0,490,0.0,0.0,1.0,490,12750,9100,3650,0.7137254901960784,164,91,73,140.2346860352106,0.3960567867228691,0.8643449188549148,0.10582772107405038,4546933.951298271,16777.571016628583,4563711.5223149,4391,4,2649.830612244898,105,385,76,31.38741529405945,0.6146683673469387,35.102201257861594,34329.722427964974,326.9497374091902,0
4393,129.03267516158647,0,0,490,0.0,0.0,1.0,490,12250,8800,3450,0.7183673469387755,157,88,69,137.35990996631836,0.39596123214111817,0.8607501025874764,0.10396387498398438,4530281.566066423,14205.813607388678,4544487.379673813,4392,5,2650.830612244898,112,378,78,31.37117627959827,0.6157100340136055,35.011061946902615,34192.2315652185,305.28778183230804,0
4394,128.7764728665297,0,0,490,0.0,0.0,1.0,490,12650,9600,3050,0.758893280632411,157,96,61,137.21577421733144,0.3956947400637147,0.8611483100116273,0.10424302847256788,4525219.36940277,13536.295855170676,4538755.665257941,4393,6,2651.830612244898,115,375,80,31.258185985592593,0.616921768707483,34.895833333333286,34139.17952555331,296.8624306569853,0
4395,129.10087672710088,0,0,490,0.0,0.0,1.0,490,14550,10200,4350,0.7010309278350515,189,102,87,137.48014999157292,0.39548589374400067,0.8604274119111672,0.10490839743277229,4541295.732394926,12317.603689147176,4553613.336084073,4394,7,2652.830612244898,121,369,77,31.112687107677388,0.6181547619047619,34.75922131147538,34242.817072467,282.9984882022066,0
4396,128.81484943781663,0,0,490,0.0,0.0,1.0,490,12150,8700,3450,0.7160493827160493,156,87,69,154.42799885127653,0.3956496146515866,0.8742346578207258,0.11047301232283062,4462007.482198004,27661.77726705409,4489669.259465057,4395,8,2653.830612244898,111,379,71,32.728504122497114,0.5961522108843538,36.793154761904795,33904.950140348374,305.45000126439976,8
4397,128.69581029549744,0,2,488,0.0,0.004081632653061225,0.9959183673469387,490,11750,8100,3650,0.6893617021276596,154,81,73,152.63973832433743,0.39555814657151206,0.8734931842925997,0.10965394396598768,4462476.71261614,26480.25553843724,4488956.968154578,4396,9,2654.830612244898,114,376,60,32.637957325812074,0.5973852040816326,36.65760869565221,33891.06243406748,297.2900213514691,0
4398,128.98708583064757,0,1,487,0.0,0.0020491803278688526,0.9979508196721312,488,12200,8500,3700,0.6967213114754098,159,85,74,166.2299177475894,0.3955498353362283,0.8833456596571336,0.11111254924484473,4391991.233364206,36216.068294052835,4428207.301658259,4397,10,2662.688524590164,95,393,74,34.702875952875914,0.5701417349726776,39.0407986111111,33660.36690784575,354.31965166153424,8
4399,128.4604110601117,0,1,486,0.0,0.002053388090349076,0.997946611909651,487,11500,8500,3000,0.7391304347826086,145,85,60,162.89911449737932,0.3956035946966816,0.8805641270429616,0.10921823455145294,4377521.592267586,33718.87821470913,4411240.470482295,4398,11,2666.6694045174536,99,388,71,34.68481499215279,0.5714621834360027,38.93749999999999,33536.19606238035,338.74945517555915,0
4400,128.79635713320522,0,0,486,0.0,0.0,1.0,486,14650,11200,3450,0.764505119453925,181,112,69,163.83717007268484,0.39596237608360557,0.8810180964921146,0.11026342059492973,4393273.677474874,32106.30533446013,4425379.982809334,4399,12,2671.713991769547,104,382,69,34.53025296262532,0.5728737997256516,38.80952380952381,33640.38185122055,323.4652101078899,0
4401,129.03795307493084,0,1,485,0.0,0.00205761316872428,0.9979423868312757,486,13600,9300,4300,0.6838235294117647,179,93,86,164.45182912429587,0.3959172111210103,0.8820171526830833,0.11107286228712569,4405575.14193974,34100.97808730339,4439676.120027043,4400,13,2672.713991769547,105,381,58,34.39176632444558,0.5739669067215363,38.689072327044016,33719.027223029436,321.13359260028034,0
4402,128.73171533763445,0,0,485,0.0,0.0,1.0,485,14000,10000,4000,0.7142857142857143,180,100,80,167.6613806166715,0.39571298741870436,0.8843014732723338,0.11092446098459054,4371544.213968975,35587.82766817104,4407132.041637146,4401,14,2678.138144329897,91,394,65,35.02144248454044,0.570274914089347,39.390851449275345,33548.662725614966,368.66662335840624,8
4403,128.38752556956263,0,1,484,0.0,0.002061855670103093,0.9979381443298969,485,11900,8100,3800,0.680672268907563,157,81,76,166.9346250730852,0.39608254522734376,0.8839246734922814,0.1108722150378412,4364285.070515584,36810.05839171566,4401095.1289073,4402,15,2679.138144329897,92,393,69,34.90583429986973,0.5715850515463918,39.258512544802855,33475.954387699756,363.8690694315191,0
4404,128.73147045367068,1,0,485,0.002061855670103093,0.0,1.0,485,11200,7500,3700,0.6696428571428571,149,75,74,163.3741167361701,0.3966892448382608,0.8809268477739838,0.10879341792642744,4378988.837998797,34882.686721119186,4413871.524719916,4403,0,2675.2123711340205,97,388,71,34.907485703030545,0.5730025773195877,39.168792517006786,33577.18487949198,346.15654514940184,0
4405,128.50040347467532,0,0,485,0.0,0.0,1.0,485,13600,9700,3900,0.7132352941176471,175,97,78,159.53146342736406,0.39679698815711,0.8779935298352268,0.10670992600327996,4376218.180423575,29028.89812008119,4405247.0785436565,4404,1,2676.2123711340205,102,383,71,34.85349014441087,0.5742912371134021,39.016990291262125,33536.422047607775,328.78845144713506,0
4406,128.19936906615226,1,0,486,0.00205761316872428,0.0,1.0,486,13550,10300,3250,0.7601476014760148,168,103,65,155.34074716371208,0.3972992059451586,0.8752451115909194,0.10431031066178864,4370362.834895947,25029.085629850888,4395391.920525798,4405,0,2671.703703703704,105,381,70,34.82944281359375,0.5754243827160495,38.88561320754716,33474.69964088756,318.80666324654817,0
4407,128.1077787464759,0,0,486,0.0,0.0,1.0,486,14800,11000,3800,0.7432432432432432,186,110,76,156.9325095930604,0.3973356207486601,0.8769709007612625,0.10576693989733413,4371394.23320732,25202.77348757015,4396597.00669489,4406,1,2672.703703703704,108,378,77,34.661786045263845,0.5765817901234568,38.76146788990824,33466.68807161355,309.87674140382916,0
4408,127.95815414303726,1,0,487,0.002053388090349076,0.0,1.0,487,12550,8100,4450,0.6454183266932271,170,81,89,153.28352613058152,0.3979969255513023,0.874274412302732,0.10370925274522833,4370661.042503668,24040.06722330446,4394701.109726973,4407,0,2668.2135523613965,116,371,61,34.62433718250048,0.577900410677618,38.630698005697994,33444.33343284477,288.31321924866177,0
4409,128.05382430009038,0,1,486,0.0,0.002053388090349076,0.997946611909651,487,12700,9500,3200,0.7480314960629921,159,95,64,152.85471659179962,0.39786594812167103,0.873859796951822,0.10369333476903185,4376909.171403004,23706.24218857119,4400615.413591575,4408,1,2669.2135523613965,120,367,63,34.54515272244355,0.5791196098562628,38.54166666666667,33480.739478461226,279.0061623205102,0
4410,127.82355410337473,0,0,486,0.0,0.0,1.0,486,14200,10600,3600,0.7464788732394366,178,106,72,157.87978142125502,0.39753006872852237,0.8773853524702562,0.10769321554202795,4375205.46971793,26751.29664642762,4401956.766364357,4409,2,2675.6995884773664,95,391,66,34.22639413041374,0.580525548696845,38.357204861111086,33444.11198019362,352.04328400203815,0
4411,127.58444317468623,1,0,487,0.002053388090349076,0.0,1.0,487,12450,8600,3850,0.6907630522088354,163,86,77,156.00055722203635,0.3979516820037012,0.8770851010098704,0.10687448466819213,4371864.235941125,26552.65138118049,4398416.887322306,4410,0,2671.2032854209447,97,390,71,34.12825497042783,0.5816649555099247,38.21215986394556,33400.055813662024,344.33047230579405,0
4412,127.19903895540565,0,0,487,0.0,0.0,1.0,487,12600,8000,4600,0.6349206349206349,172,80,92,157.51794071342476,0.3979719271709157,0.8789684487643925,0.10822440109585447,4361843.895253797,27413.733618760038,4389257.628872558,4411,1,2672.2032854209447,97,390,73,33.991361582379504,0.5827558179329226,38.11649659863944,33311.32995092761,343.41577268997537,0
4413,127.5492739507751,0,0,487,0.0,0.0,1.0,487,14150,10200,3950,0.7208480565371025,181,102,79,152.52750217469668,0.39789957270374027,0.875048293663143,0.10538373631901014,4380062.712228809,22066.0049729561,4402128.717201765,4412,2,2673.2032854209447,103,384,73,33.93341136378114,0.5842530800821355,37.93068910256409,33426.750329747694,324.53155659949215,0
4414,127.1986848741868,0,0,487,0.0,0.0,1.0,487,13150,9800,3350,0.7452471482889734,165,98,67,151.37281262744875,0.39814814814814814,0.8739201915012422,0.10505045568055181,4372911.625378522,21837.986420961697,4394749.611799484,4413,3,2674.2032854209447,109,378,74,33.814854941615465,0.5857503422313484,37.784090909090885,33353.518789452646,305.9955852243362,0
4415,127.55894100260343,0,0,487,0.0,0.0,1.0,487,12000,8800,3200,0.7333333333333333,152,88,64,151.08730944160064,0.39808441988265547,0.8735359638114544,0.1052710647587956,4389693.989673991,23245.410834359962,4412939.400508351,4414,4,2675.2032854209447,115,372,63,33.68892264247821,0.5869695414099931,37.65265804597698,33464.74911450252,290.99781838697845,0
4416,127.55850874958107,0,0,487,0.0,0.0,1.0,487,12550,8700,3850,0.6932270916334662,164,87,77,152.91393136460613,0.39801699467358453,0.8755575869074066,0.10692563708107013,4393616.912190729,24419.04699061926,4418035.959181348,4415,5,2676.2032854209447,118,369,66,33.52155872020627,0.5881887405886379,37.53501400560221,33479.642212424544,283.7257814612249,0
4417,127.64239806648236,0,0,487,0.0,0.0,1.0,487,12650,8200,4450,0.6482213438735178,171,82,89,152.3193969745724,0.39826768265718,0.8751125930041856,0.10691544738538662,4400682.349669085,24011.856355649325,4424694.206024734,4416,6,2677.2032854209447,92,395,69,33.4106452255019,0.5892796030116358,37.41039426523301,33517.5669833182,364.32138025345864,0
4418,127.17406420110868,1,0,488,0.0020491803278688526,0.0,1.0,488,11800,8100,3700,0.6864406779661016,155,81,74,151.75117586657333,0.39865455041460485,0.8738125192605728,0.10720187724580549,4391534.278216945,23884.098115558496,4415418.376332504,4417,0,2672.715163934426,100,388,71,33.21290046178199,0.5905268101092895,37.20090759075911,33421.228650046316,334.21228650046316,0
4419,127.24805852708047,0,0,488,0.0,0.0,1.0,488,13400,9500,3900,0.7089552238805971,173,95,78,151.33520975627732,0.3986686639512573,0.8735437281309377,0.10717603656943576,4396815.818395141,22078.60882731072,4418894.427222451,4418,1,2673.715163934426,103,385,72,33.14108181564177,0.5917862021857924,37.11939102564105,33451.047116404094,324.76744773207855,0
4420,127.24862345001699,0,0,488,0.0,0.0,1.0,488,12950,9000,3950,0.694980694980695,169,90,79,175.48898894277866,0.3986650698208054,0.8918236042242991,0.11726572131528497,4332452.202919575,41509.53134665249,4373961.734266228,4419,2,2674.715163934426,91,397,65,34.471813034234394,0.5668758538251366,39.051177536231855,33205.37844941701,364.8942686749122,8
4421,127.64913357114884,2,1,489,0.004081632653061225,0.0020408163265306124,0.9979591836734694,490,13450,9900,3550,0.7360594795539034,170,99,71,173.56683268322652,0.39959917504834247,0.8904228938583065,0.1164291381283828,4350443.887928658,39568.553278775114,4390012.441207433,4420,0,2664.7938775510206,98,392,68,34.38897956716238,0.5684523809523809,38.92045454545453,33326.57777042192,340.0671201063461,0
4422,127.7875282310396,0,1,488,0.0,0.002044989775051125,0.9979550102249489,489,14050,10300,3750,0.7330960854092526,178,103,75,170.61560226723137,0.39963730765362565,0.8888991035407354,0.11487747020027067,4359374.034908691,36905.44529481372,4396279.480203506,4421,1,2667.3394683026586,98,391,67,34.337613293051305,0.5698065780504431,38.79419191919189,33378.844574237424,340.6004548391574,0
4423,128.1570461832667,0,0,488,0.0,0.0,1.0,488,11850,8800,3050,0.7426160337552743,149,88,61,172.41543962051753,0.39966318614580176,0.8897880808192351,0.11626228273862682,4373662.487635232,41367.38811147788,4415029.875746709,4422,2,2672.7028688524592,102,386,56,34.23947405772979,0.5709742144808743,38.74393203883493,33481.80596735739,328.2529996799744,0
4424,127.83008052695759,0,2,486,0.0,0.004098360655737705,0.9959016393442623,488,14350,10600,3750,0.7386759581881533,181,106,75,174.40729170317192,0.39961497220071585,0.8921197860599852,0.1182436137152251,4368592.067394747,40432.86220605482,4409024.929600802,4423,3,2673.7028688524592,103,385,57,34.002024110540674,0.5726391734972678,38.5616987179487,33419.6791057154,324.4629039389844,0
4425,127.78945708000114,0,2,484,0.0,0.00411522633744856,0.9958847736625515,486,13850,9600,4250,0.6931407942238267,181,96,85,172.39265169189505,0.39955020646840045,0.8904208301869116,0.1172069962663469,4370359.376249116,39633.56834362498,4409992.944592741,4424,4,2681.561728395062,83,403,58,33.95862968231391,0.5740097736625515,38.46726190476192,33421.12660983677,402.66417602212977,0
4426,127.91409216628479,0,1,483,0.0,0.002066115702479339,0.9979338842975206,484,12500,9300,3200,0.744,157,93,64,172.71121097996902,0.39857549948953114,0.8906985721386662,0.11781551375578324,4378356.328207466,41938.24470930494,4420294.57291677,4425,8,2693.626033057851,83,401,61,33.836763590691504,0.575025826446281,38.35565476190477,33467.998891573065,403.2289023081092,0
4427,128.02100107038922,0,0,483,0.0,0.0,1.0,483,13900,9600,4300,0.6906474820143885,182,96,86,176.67098124508686,0.39844316011328457,0.892535903327109,0.12104058695822814,4386869.620186664,44506.5120785282,4431376.132265192,4426,9,2700.1718426501034,84,399,64,33.58572855225794,0.5764104554865425,38.2107843137255,33514.51746158898,398.9823507332021,0
4428,127.7951171093147,0,0,483,0.0,0.0,1.0,483,13500,10200,3300,0.7555555555555555,168,102,66,176.38124140582542,0.3983142974551057,0.8916217205626726,0.12134140182665168,4383723.34136294,44541.31298585812,4428264.654348798,4427,10,2701.1718426501034,88,395,67,33.45360978298109,0.5775534851621809,38.073501872659186,33472.92750221633,380.3741761615492,0
4429,127.78409402692,0,0,483,0.0,0.0,1.0,483,14250,10100,4150,0.7087719298245614,184,101,83,178.1700324597228,0.39862016729236643,0.8924955575641624,0.12301811549068736,4387382.746737473,45490.025279888956,4432872.772017362,4428,11,2702.1718426501034,91,392,67,33.28400449360524,0.5790200138026225,37.95289855072465,33485.45145107618,367.9719939678701,0
4430,127.52345714132223,0,0,483,0.0,0.0,1.0,483,13550,10600,2950,0.7822878228782287,165,106,59,184.3216607097467,0.3986674169336987,0.8954265174875067,0.12774292485710304,4382577.026017271,51410.77512477775,4433987.801142049,4429,12,2703.1718426501034,94,389,65,32.99656698731355,0.5802924430641823,37.82894736842106,33432.9589939586,355.6697765314745,0
4431,127.28580042848078,0,0,483,0.0,0.0,1.0,483,12550,8600,3950,0.6852589641434262,165,86,79,186.02835306549582,0.39876674856604494,0.8963679448219577,0.12952037642378725,4379478.787754539,53791.44523425054,4433270.23298879,4430,13,2704.1718426501034,99,384,53,32.79713331744963,0.5815648723257418,37.677083333333336,33389.98241865034,337.27254968333676,0
4432,127.46619075350729,0,0,483,0.0,0.0,1.0,483,13800,10200,3600,0.7391304347826086,174,102,72,187.72717142278555,0.39876102133679253,0.8982140395875875,0.13116160362504692,4389538.310532588,54407.12217764754,4443945.432710235,4431,14,2705.1718426501034,100,383,55,32.635204616311675,0.5828373015873016,37.56188118811882,33451.987313466925,334.51987313466924,0
4433,127.93757077949712,0,0,483,0.0,0.0,1.0,483,14000,9800,4200,0.7,182,98,84,186.36060226288436,0.3988184726052307,0.8980953644671628,0.13066510130129438,4409643.297186793,53756.75612564402,4463400.053312437,4432,15,2706.1718426501034,77,406,57,32.553619871142764,0.5838724982746721,37.446581196581185,33590.44660156124,436.2395662540421,0
4434,128.10661797061573,0,0,483,0.0,0.0,1.0,483,14550,10500,4050,0.7216494845360825,186,105,81,184.97242088712255,0.3988991907425066,0.8975121505581161,0.1302653072228396,4420326.933026145,52377.7147828787,4472704.647809024,4433,16,2707.1718426501034,78,405,61,32.44303066807205,0.585425293305728,37.30221518987341,33653.324760397816,431.4528815435618,0
4435,128.05491234936272,0,0,483,0.0,0.0,1.0,483,12600,10200,2400,0.8095238095238095,150,102,48,167.34730841873,0.39910554997150705,0.8835518464695313,0.10796922875545734,4319647.105159306,35376.26327343507,4355023.368432741,4434,17,2708.1718426501034,90,393,69,35.911998883551476,0.5578200483091788,40.258699633699656,33261.14945191636,369.5683272435151,8
4436,128.17553486517875,1,0,484,0.002066115702479339,0.0,1.0,484,13250,9300,3950,0.7018867924528301,172,93,79,165.75082663211995,0.3990406072298365,0.8830247312885215,0.10751586926543341,4329946.805370747,33488.45245266254,4363435.2578234095,4435,0,2703.5743801652893,95,389,73,35.76328010853685,0.5593793044077136,40.07161458333335,33316.459827423765,350.69957713077645,0
4437,128.41980397371975,0,0,484,0.0,0.0,1.0,484,14750,10600,4150,0.7186440677966102,189,106,83,166.45280435631673,0.39893304159608506,0.8834746206351503,0.10850026964835129,4343855.083688646,33059.372079484805,4376914.455768131,4436,1,2704.5743801652893,97,387,69,35.57281024383598,0.5608643250688705,39.902210884353764,33401.70709222949,344.3474957961803,0
4438,127.99968994976648,0,0,484,0.0,0.0,1.0,484,13150,8700,4450,0.6615969581749049,176,87,89,166.92766469252203,0.3988294862800792,0.8831976711677478,0.10912552044895428,4332978.677952516,34708.80237462206,4367687.480327138,4437,2,2705.5743801652893,99,385,71,35.4586602746307,0.5619404269972452,39.80208333333336,33305.25265890881,336.4166935243314,0
4439,128.06630223168625,0,0,484,0.0,0.0,1.0,484,14600,11100,3500,0.7602739726027398,181,111,70,167.9471129174234,0.399059945873187,0.8828753598760519,0.10990882781259347,4336456.999360238,34259.08666662232,4370716.08602686,4438,3,2706.5743801652893,102,382,60,35.39480672573711,0.5633178374655647,39.76537216828481,33327.28649904713,326.7381029318346,0
4440,127.86874154654906,0,0,484,0.0,0.0,1.0,484,13550,10200,3350,0.7527675276752768,169,102,67,172.27479417073178,0.39913819162831016,0.8850145676744994,0.11314263509050891,4333845.145168394,38972.45607034399,4372817.601238738,4439,4,2707.5743801652893,104,380,63,35.15755982319771,0.5645661157024793,39.642857142857174,33291.54020979837,320.11096355575353,0
4441,127.87776984135337,0,0,484,0.0,0.0,1.0,484,13100,9400,3700,0.7175572519083969,168,94,74,175.1640653442504,0.3991243783116312,0.8869692303804086,0.11544533981060537,4338173.919512731,42078.43598244941,4380252.35549518,4440,5,2708.5743801652893,84,400,66,34.95942131263235,0.5659650482093663,39.5220588235294,33309.33821051412,396.5397406013586,0
4442,127.95431813039764,0,0,484,0.0,0.0,1.0,484,13250,9200,4050,0.6943396226415094,173,92,81,177.50988015512291,0.3992444204894798,0.8877039631907526,0.11743708363089353,4345114.542726397,44210.15234792846,4389324.695074325,4441,6,2709.5743801652893,86,398,68,34.765708750650866,0.5673209366391185,39.39176245210727,33345.949334605226,387.74359691401423,0
4443,127.466119463265,1,0,485,0.002061855670103093,0.0,1.0,485,12400,8600,3800,0.6935483870967742,162,86,76,176.24095995111136,0.3997642782085144,0.8865637232339605,0.11707765607251004,4333200.92618784,43337.498178477916,4376538.424366319,4442,0,2704.9855670103093,90,395,71,34.65591480457147,0.5688144329896907,39.25137362637363,33236.61555922294,369.2957284358105,0
4444,127.94499325293789,0,0,485,0.0,0.0,1.0,485,11900,8700,3200,0.7310924369747899,151,87,64,176.06652920657976,0.399775283292153,0.886718864461163,0.11739952853565595,4353727.145197087,44409.12551346529,4398136.270710552,4443,1,2705.9855670103093,92,393,74,34.530952585404954,0.5701460481099656,39.12410394265234,33377.764760911596,362.80179087947386,0
4445,128.32838588386565,1,0,486,0.00205761316872428,0.0,1.0,486,14500,10100,4400,0.696551724137931,189,101,88,171.50268897672373,0.4000404805339895,0.8834794857592143,0.11480455591681529,4371222.7967970725,38235.292753411086,4409458.089550484,4444,0,2701.4156378600824,94,392,72,34.514857446927685,0.571630658436214,38.99122807017545,33494.83440328458,356.3280255668572,0
4446,128.54114147723828,1,1,486,0.002053388090349076,0.002053388090349076,0.997946611909651,487,12000,9000,3000,0.75,150,90,60,173.9098762098598,0.40021650005774273,0.8855670145315198,0.11682920232014322,4382498.64786419,43031.95946798849,4425530.607332178,4445,0,2696.8665297741272,97,390,75,34.32988527971127,0.5728738877481176,38.87117346938776,33565.79743485676,346.0391488129563,0
4447,128.57467619920584,1,1,486,0.002053388090349076,0.002053388090349076,0.997946611909651,487,13150,8900,4250,0.6768060836501901,174,89,85,175.680066143555,0.40084938158936184,0.885945814346458,0.11842086355779445,4387505.45477694,43609.44970008527,4431114.904477025,4446,0,2696.6981519507185,101,386,78,34.16659337007942,0.5740930869267624,38.75612745098041,33589.346322016965,332.5677853665046,0
4448,128.84594952503247,0,1,485,0.0,0.00205761316872428,0.9979423868312757,486,13200,9200,4000,0.696969696969697,172,92,80,179.9310305839776,0.4007822111917186,0.8890683498870633,0.12184738832825448,4401998.106031013,48011.211169376555,4450009.31720039,4447,1,2702.117283950617,105,381,60,33.89724310776945,0.5757458847736625,38.60062893081763,33680.25017065533,320.7642873395746,0
4449,128.44856675640668,0,1,484,0.0,0.002061855670103093,0.9979381443298969,485,13200,9800,3400,0.7424242424242424,166,98,68,181.91202113573593,0.400605634602823,0.8904660783245388,0.12353880541992504,4391621.99111998,49577.76649375656,4441199.757613736,4448,3,2708.686597938144,85,400,61,33.74842705390092,0.5769329896907216,38.505329457364354,33588.61564564043,395.160184066358,0
4450,128.46205401868775,1,1,484,0.002061855670103093,0.002061855670103093,0.9979381443298969,485,13400,9300,4100,0.6940298507462687,175,93,82,181.74286835912537,0.40066385504529833,0.8914109101020893,0.12436051340216746,4400586.532759183,49555.04378523903,4450141.576544422,4449,0,2709.678350515464,89,396,64,33.49523730562311,0.5785008591065293,38.252314814814824,33624.64527352584,377.8050030733241,0
4451,128.86193684002765,0,0,484,0.0,0.0,1.0,484,10850,6900,3950,0.6359447004608295,148,69,79,179.29388487798536,0.40014166224640535,0.8894476261601523,0.12307321830328131,4417840.167798811,50768.34529093154,4468608.5130897425,4450,1,2716.2665289256197,94,390,65,33.45206440266319,0.5794163223140496,38.1469298245614,33742.89379031461,358.96695521611286,0
4452,129.22629866839716,0,0,484,0.0,0.0,1.0,484,14400,10100,4300,0.7013888888888888,187,101,86,178.1179896810879,0.4001310571839228,0.8893680794228602,0.12271076979017619,4434417.913176043,46769.92082014424,4481187.833996187,4451,2,2717.2665289256197,96,388,66,33.359978137596514,0.5806000344352618,38.02620274914089,33853.90416683363,352.64483507118365,0
4453,129.38475989679893,0,0,484,0.0,0.0,1.0,484,12350,8700,3650,0.7044534412955465,160,87,73,160.3911908223407,0.4000299971767363,0.8799421588371876,0.11353955937251076,4470158.828279271,34244.81952654295,4504403.647805814,4452,3,2718.2665289256197,90,394,73,32.91755573941822,0.5935563016528926,37.13369963369965,34010.89315785378,377.89881286504203,8
4454,128.98471231953528,0,0,484,0.0,0.0,1.0,484,11600,7800,3800,0.6724137931034483,154,78,76,162.01007087570875,0.4001512870089945,0.8808362914777235,0.11507515689767919,4460074.869383413,36115.40913995552,4496190.278523369,4453,4,2719.2665289256197,93,391,74,32.76300865253612,0.5946969696969697,37.02349290780143,33919.949114083625,364.7306356353078,0
4455,128.99927746184215,0,0,484,0.0,0.0,1.0,484,14450,10700,3750,0.740484429065744,182,107,75,174.37149731852836,0.40016759563449283,0.8852972990563994,0.1203628261972172,4428801.969201631,43201.36613938512,4472003.335341016,4454,5,2720.2665289256197,105,379,67,33.3926729795612,0.5862388085399449,37.96187106918236,33802.72929952806,321.93075523360056,8
4456,128.59719632918436,0,0,484,0.0,0.0,1.0,484,14850,11200,3650,0.7542087542087542,185,112,73,172.19659800413578,0.40033371190732847,0.8839449964636665,0.11940930135610563,4420127.493483874,40576.18342449287,4460703.676908367,4455,6,2721.2665289256197,110,374,63,33.29485665199181,0.5875731749311295,37.809684684684655,33716.939454213934,306.51763140194487,0
4457,128.2550812329711,0,0,484,0.0,0.0,1.0,484,13550,9800,3750,0.7232472324723247,173,98,75,174.28352348185302,0.4003372766342134,0.8860828175713811,0.1212947982819258,4412386.624828814,43451.2575878714,4455837.882416685,4456,7,2722.2665289256197,114,370,53,33.11859007562414,0.588821453168044,37.69021739130432,33642.56247668089,295.11019716386744,0
4458,128.64141750727285,0,0,484,0.0,0.0,1.0,484,14700,11000,3700,0.7482993197278912,184,110,74,172.26872276705024,0.4003599126499324,0.8858918065597035,0.11296352918468194,4358247.627589427,38657.95046147048,4396905.578050897,4457,8,2723.2665289256197,119,365,56,35.21195990484764,0.5675146349862259,39.69618055555554,33485.85231589035,281.39371694025505,8
4459,128.26633758357806,0,0,484,0.0,0.0,1.0,484,13350,9600,3750,0.7191011235955056,171,96,75,171.89695791260988,0.4004104426535257,0.8852275376254142,0.11342635803301515,4352713.337360149,39493.63627157077,4392206.97363172,4458,9,2724.2665289256197,91,393,61,35.003196213076066,0.568741391184573,39.48143115942029,33415.76269769642,367.20618349116944,0
4460,128.42839563501857,0,0,484,0.0,0.0,1.0,484,13600,9900,3700,0.7279411764705882,173,99,74,171.7730931201893,0.4007482005258685,0.8845010962290618,0.11383462113176028,4363154.704080578,39494.51585636509,4402649.219936943,4459,10,2725.2665289256197,95,389,63,34.85622285587424,0.5700757575757576,39.333767361111114,33476.94605403705,352.38890583196894,0
4461,128.73946801323314,1,0,485,0.002061855670103093,0.0,1.0,485,12650,9400,3250,0.7430830039525692,159,94,65,169.12010611199747,0.40138113799664876,0.8833115463335242,0.11253637772343855,4378413.687306554,38445.5574799015,4416859.244786455,4460,0,2720.645360824742,98,387,68,34.78327012815858,0.5712843642611685,39.19402356902357,33576.02266039576,342.61247612648737,0
4462,128.86534532359582,0,0,485,0.0,0.0,1.0,485,14300,11200,3100,0.7832167832167832,174,112,62,170.07900366930784,0.4015032589247678,0.88392287589769,0.11361277445109784,4387116.230138882,37931.27148069449,4425047.5016195765,4461,1,2721.645360824742,101,384,71,34.624500998003995,0.5730455326460482,39.06250000000001,33625.80104537586,332.9287232215432,0
4463,129.0738883135571,0,0,485,0.0,0.0,1.0,485,12400,8600,3800,0.6935483870967742,162,86,76,168.98984923391768,0.40145906108886426,0.8827881228562382,0.11319322576839982,4397331.3547327295,39220.87253357264,4436552.227266302,4462,2,2722.645360824742,106,379,70,34.558873804995144,0.5742697594501718,38.970015576323995,33692.1550559912,317.8505193961434,0
4464,129.2991202269803,0,0,485,0.0,0.0,1.0,485,14100,10300,3800,0.7304964539007093,179,103,76,171.2969938659174,0.40166265513617905,0.884461240485402,0.11513178649379584,4408915.50718028,39946.794517762864,4448862.301698043,4463,3,2723.645360824742,109,376,70,34.380817045605646,0.5756013745704467,38.854166666666686,33765.92650094192,309.7791422104763,0
4465,129.6940517389811,2,2,485,0.004106776180698152,0.004106776180698152,0.9958932238193019,487,15350,11400,3950,0.742671009771987,193,114,79,169.35035242326347,0.4019917371550576,0.8830873214279653,0.11426819021889997,4426844.292443619,37187.52820964976,4464031.820653269,4464,0,2713.4558521560575,120,367,58,34.29770730367934,0.5774512320328542,38.72245179063364,33886.14385570022,282.38453213083517,0
4466,129.56886307198667,0,0,485,0.0,0.0,1.0,485,13300,9800,3500,0.7368421052631579,168,98,70,170.42409319226547,0.4014943838573173,0.8850649912433057,0.11532117492201202,4425825.034593938,40553.443629661764,4466378.4782235995,4465,5,2725.645360824742,122,363,59,34.17191837043278,0.5785867697594502,38.62635501355017,33865.88601787592,277.58922965472067,0
4467,129.85294542269395,1,0,486,0.00205761316872428,0.0,1.0,486,13450,10900,2550,0.8104089219330854,160,109,51,166.93828170469106,0.40183938950405157,0.8829914904055582,0.11358807559347106,4441826.698429043,37652.18333315238,4479478.881762195,4466,0,2721.034979423868,92,394,62,34.07443687906811,0.580054012345679,38.440860215053746,33964.22470330122,369.1763554706654,0
4468,129.37207296217014,0,0,486,0.0,0.0,1.0,486,14550,11000,3550,0.7560137457044673,181,110,71,163.7290580233721,0.4017742494307977,0.8807156812582446,0.11189223623189966,4430325.803073971,33324.61409478682,4463650.417168758,4467,1,2722.034979423868,96,390,66,34.0097968814116,0.5814471879286693,38.294673539518875,33857.36058943358,352.6808394732664,0
4469,128.8700492088878,0,0,486,0.0,0.0,1.0,486,12800,9200,3600,0.71875,164,92,72,161.4512718212002,0.4016921393520286,0.8793638697548414,0.11073741587648041,4417225.074198154,32633.321229955953,4449858.39542811,4468,2,2723.034979423868,98,388,71,33.9461769276108,0.5827546296296297,38.17340067340065,33741.60673941428,344.30210958586,0
4470,129.30494059541,1,0,487,0.002053388090349076,0.0,1.0,487,13600,9400,4200,0.6911764705882353,178,94,84,162.2438280657378,0.4018966728916155,0.8807000249249668,0.11182705978501892,4437644.364170383,32996.08184746869,4470640.446017851,4469,0,2718.441478439425,101,386,73,33.760004937501606,0.5843386379192335,38.01062091503266,33876.52109920978,335.41109999217605,0
4471,129.63387303015952,0,0,487,0.0,0.0,1.0,487,12400,9000,3400,0.7258064516129032,158,90,68,164.42753429724686,0.40203310771414813,0.8820511399114117,0.11366724571559168,4452258.129868366,36614.765269823416,4488872.895138189,4470,1,2719.441478439425,105,382,71,33.6032995875515,0.5853867214236824,37.912735849056574,33975.38712376489,323.57511546442754,0
4472,130.0376443571429,0,0,487,0.0,0.0,1.0,487,14350,10000,4350,0.6968641114982579,187,100,87,163.56159916303963,0.4019669148196032,0.8818767493977322,0.11341172041139526,4469542.414722804,34459.10097581706,4504001.515698621,4471,2,2720.441478439425,109,378,67,33.52411932194406,0.5867984257357974,37.812499999999964,34094.24487988789,312.79123743016413,0
4473,129.7783599001519,0,0,487,0.0,0.0,1.0,487,13150,9800,3350,0.7452471482889734,165,98,67,164.70685499091636,0.4020014196263341,0.878415580326189,0.11600826221432187,4478152.693691778,36966.48926941694,4515119.182961195,4472,3,2721.441478439425,97,390,69,32.97116292400027,0.5942419575633128,37.298044217687114,34093.0289639913,351.4745254019722,8
4474,130.14439346042096,0,0,487,0.0,0.0,1.0,487,13500,9600,3900,0.7111111111111111,174,96,78,163.21757992042203,0.40195916884258204,0.8769166291883645,0.11543640710118014,4495401.679892335,35845.71659244681,4531247.396484782,4473,4,2722.441478439425,101,386,73,32.87302813070682,0.5955681040383299,37.16299019607846,34206.763219882465,338.6808239592323,0
4475,130.52924076863445,0,0,487,0.0,0.0,1.0,487,11700,8000,3700,0.6837606837606838,154,80,74,162.72354616617162,0.4017412252163944,0.8752448378133388,0.11559980936960335,4513654.323245457,37795.567529355685,4551449.8907748135,4474,5,2723.441478439425,105,382,79,32.73914620778997,0.5967873032169746,37.01847484276732,34326.778814951445,326.92170299953756,0
4476,130.68638993798044,0,1,486,0.0,0.002053388090349076,0.997946611909651,487,12300,9200,3100,0.7479674796747967,154,92,62,164.64082441439155,0.4016708072434743,0.8768233243599228,0.1172749256982518,4522067.201158167,39203.37441119311,4561270.57556936,4475,6,2724.441478439425,109,378,79,32.6006419486441,0.5978139972621492,36.931818181818194,34379.43098936663,315.40762375565714,0
4477,130.263848309563,0,0,486,0.0,0.0,1.0,486,12700,9200,3500,0.7244094488188977,162,92,70,167.73115336132022,0.40147214797844805,0.8786267077156817,0.11995511521283923,4511880.362940874,41456.57942087467,4553336.942361749,4476,7,2729.1646090534978,111,375,78,32.38781258466142,0.5989368998628257,36.80245535714288,34285.12503080694,308.87500027754004,0
4478,130.02750130899057,0,0,486,0.0,0.0,1.0,486,13500,9500,4000,0.7037037037037037,175,95,80,168.1597799322139,0.4012663866615757,0.8792481430953458,0.12060774822926985,4506866.654306864,40874.74095441658,4547741.395261281,4477,8,2730.1646090534978,115,371,77,32.282287403365196,0.6000514403292181,36.70977011494255,34234.97071102404,297.69539748716556,0
4479,129.99598169354542,0,0,486,0.0,0.0,1.0,486,13750,10200,3550,0.7418181818181818,173,102,71,162.57628832693055,0.401199036952187,0.8748254001388003,0.11285315625955761,4469354.646315627,34372.217922941505,4503726.864238569,4478,9,2731.1646090534978,116,370,74,33.512856641655056,0.588434499314129,37.77599715099712,34088.066673966736,293.86264374109254,8
4480,130.13580299435992,0,0,486,0.0,0.0,1.0,486,14500,10400,4100,0.7172413793103448,186,104,82,166.63565190432462,0.4011696929843169,0.8772988040521039,0.11625153731377313,4479794.150577476,37598.68373572847,4517392.8343132045,4479,10,2732.1646090534978,121,365,64,33.23866101547839,0.5898062414266119,37.61099726775952,34146.203567448756,282.20002948304756,0
4481,130.31226109704065,0,0,486,0.0,0.0,1.0,486,13400,9800,3600,0.7313432835820896,170,98,72,164.75032058280405,0.40101881902903286,0.8762412123731302,0.1152662005582216,4489089.925147768,37315.800858622475,4526405.7260063905,4480,11,2733.1646090534978,123,363,67,33.19238195822394,0.5909850823045267,37.516801075268766,34204.77915186521,278.08763538101795,0
4482,130.03576883506997,0,0,486,0.0,0.0,1.0,486,15000,11400,3600,0.76,186,114,72,164.85298568795184,0.40091178425466323,0.8768396644712511,0.11559648881517856,4482071.233456755,35576.56498028741,4517647.798437042,4481,12,2734.1646090534978,91,395,70,33.11506353587192,0.5922067901234568,37.44338768115945,34141.7509456122,375.1840763254088,0
4483,129.8816516842415,0,0,486,0.0,0.0,1.0,486,13500,10000,3500,0.7407407407407407,170,100,70,162.47330583009608,0.40093547155402826,0.8749249184239529,0.11418898536509663,4479315.948895859,34853.85401491825,4514169.802910777,4482,13,2735.1646090534978,94,392,71,33.101358967935894,0.5934927983539094,37.368421052631604,34111.02325812478,362.88322615026357,0
4484,129.69423074472314,0,2,484,0.0,0.00411522633744856,0.9958847736625515,486,13650,10400,3250,0.7619047619047619,169,104,65,157.07029118752882,0.4012132670088951,0.8697543301297288,0.11085420717107758,4477505.36412495,29806.614267367193,4507311.978392317,4483,14,2736.1646090534978,100,386,75,33.104541172776514,0.594928840877915,37.23184818481851,34079.51331388297,340.79513313882967,0
4485,129.59124374172472,0,0,484,0.0,0.0,1.0,484,13250,9800,3450,0.7396226415094339,167,98,69,154.12931784435187,0.4012660662240702,0.866305553410055,0.10913073722436352,4477535.506277551,27973.8986412865,4505509.404918837,4484,15,2742.2975206611573,105,379,77,33.07492211838008,0.5961389462809917,37.12657232704405,34066.094438789056,324.43899465513385,0
4486,129.55398201011766,1,0,485,0.002061855670103093,0.0,1.0,485,13750,9700,4050,0.7054545454545454,178,97,81,150.87163973548522,0.4015790520007952,0.8632225199121937,0.10727877424509488,4480946.888935444,24459.560940263716,4505406.449875708,4485,0,2737.641237113402,109,376,84,33.02054079354796,0.5975300687285223,36.98863636363639,34074.169473002294,312.60705938534215,0
4487,129.11013369535422,0,0,485,0.0,0.0,1.0,485,13100,9200,3900,0.7022900763358778,170,92,78,151.44966988105355,0.4015552668200278,0.8642492053662929,0.10798685007083625,4468626.062604624,25254.388400670934,4493880.451005295,4486,1,2738.641237113402,110,375,83,32.914749488752584,0.5987757731958763,36.899399399399435,33968.95371887208,308.80867017156436,0
4488,129.04483911062985,0,0,485,0.0,0.0,1.0,485,13100,9300,3800,0.7099236641221374,169,93,76,151.20896839793264,0.40148799380875294,0.8640348977702457,0.10821818326518859,4470460.0884865355,25094.731648837835,4495554.820135374,4487,2,2739.641237113402,116,369,72,32.79870624048716,0.6001073883161512,36.77884615384619,33967.331448591765,292.82182283268764,0
4489,128.55646471576367,1,1,485,0.00205761316872428,0.00205761316872428,0.9979423868312757,486,13000,9300,3700,0.7153846153846154,167,93,74,152.1802718454358,0.4014693196441956,0.8662788218202115,0.10929895129091528,4457396.600112999,25465.56526562479,4482862.165378624,4488,0,2735.0020576131687,120,366,81,32.65750487648071,0.6013803155006858,36.66494490358129,33853.4237189268,282.11186432439,0
4490,128.84603809880403,0,0,485,0.0,0.0,1.0,485,14800,10600,4200,0.7162162162162162,190,106,84,154.72127897732406,0.4011660063616484,0.8693775519237465,0.1115578326416907,4471686.954284181,26573.024950613122,4498259.979234794,4489,1,2740.272164948454,127,358,62,32.46342229361011,0.602856529209622,36.53971354166668,33945.814106532416,267.28987485458595,0
4491,128.85771447274018,0,1,484,0.0,0.002061855670103093,0.9979381443298969,485,12950,8900,4050,0.6872586872586872,170,89,81,157.45548086934193,0.4010085626650763,0.8727481348263026,0.11396908974308076,4476299.352552796,31013.573414265105,4507312.925967061,4490,2,2741.272164948454,97,388,63,32.26553888754467,0.6037371134020619,36.41581632653062,33964.85547932632,350.1531492714053,0
4492,128.77963227789766,0,0,484,0.0,0.0,1.0,484,11950,7200,4750,0.602510460251046,167,72,95,154.43264271643392,0.4003731912575786,0.8702889535810407,0.11241299901443835,4479698.112088656,29612.323604334615,4509310.435692991,4491,3,2747.873966942149,102,382,68,32.16246181767062,0.6049845041322315,36.23584142394823,33967.451349513154,333.0142289167956,0
4493,128.89629851769322,0,0,484,0.0,0.0,1.0,484,12700,9200,3500,0.7244094488188977,162,92,70,152.5441298022164,0.4002225815466922,0.8692418151389147,0.11141599943552538,4487430.252752332,27406.228590849387,4514836.481343182,4492,4,2748.873966942149,103,381,73,32.10258904282912,0.6060175619834711,36.127804487179496,34012.14928333975,330.2150415858228,0
4494,128.9489354456194,0,0,484,0.0,0.0,1.0,484,14650,10900,3750,0.7440273037542662,184,109,75,151.717501513875,0.39997955629131515,0.8691239278079346,0.11118289721241291,4492869.541636052,24879.38829696275,4517748.929933014,4493,5,2749.873966942149,104,380,76,32.016814486326695,0.6070721418732783,36.021825396825406,34039.70459595731,327.3048518842049,0
4495,128.44181454156075,0,1,483,0.0,0.002066115702479339,0.9979338842975206,484,13800,10100,3700,0.7318840579710145,175,101,74,151.93908574671536,0.3999722486012012,0.8697958979300018,0.11194370992654203,4480950.985426583,25566.31920031149,4506517.304626895,4494,6,2750.873966942149,109,375,72,31.83883630888358,0.6083634641873279,35.85227272727273,33927.613397938425,311.2625082379672,0
4496,128.1910593098654,0,0,483,0.0,0.0,1.0,483,12300,8900,3400,0.7235772357723578,157,89,68,151.0446060828596,0.3996464151840302,0.8685316314314653,0.11169422276968526,4476124.760403056,26318.90024256338,4502443.660645619,4495,7,2755.6211180124224,113,370,75,31.74491862890868,0.6095367494824017,35.73647660818714,33876.22100055395,299.78956637658365,0
4497,128.10004672881888,0,0,483,0.0,0.0,1.0,483,14000,9900,4100,0.7071428571428572,181,99,82,151.28818545831191,0.39955424258824945,0.8691094507536121,0.11220970287256364,4476133.400172952,24837.219996302978,4500970.620169255,4496,8,2756.6211180124224,119,364,78,31.64294236115676,0.6109170117322291,35.64236111111113,33864.22589478716,284.5733268469509,0
4498,128.5676625605382,0,0,483,0.0,0.0,1.0,483,13050,9600,3450,0.735632183908046,165,96,69,152.83863007138956,0.3994137464956516,0.871344613983718,0.11371674770644064,4495826.98911752,27777.207610941117,4523604.196728461,4497,9,2757.6211180124224,122,361,66,31.501785313991142,0.6121463077984817,35.54369918699189,34000.52844493527,278.6928561060268,0
4499,128.68169226974777,0,0,483,0.0,0.0,1.0,483,12950,9500,3450,0.7335907335907336,164,95,69,154.42925220473296,0.3993477043833349,0.8728197339533985,0.11507691586034417,4501452.09503941,29481.17617447414,4530933.2712138835,4498,10,2758.6211180124224,131,352,66,31.410858842015216,0.6131815044858523,35.495580808080824,34036.876274443224,259.823483011017,0
4500,128.25873676743302,0,0,483,0.0,0.0,1.0,483,13050,9900,3150,0.7586206896551724,162,99,63,160.71662387028636,0.3992641226314328,0.8766625330242936,0.11080594541002481,4402056.736311258,31846.739349077645,4433903.475660335,4499,11,2759.6211180124224,105,378,77,33.790422652313616,0.5845841959972395,38.00117924528299,33603.63778455673,320.034645567207,7
4501,128.4873269457108,0,0,483,0.0,0.0,1.0,483,11700,8200,3500,0.7008547008547008,152,82,70,162.63489785805268,0.3993643491433497,0.8800258862370667,0.11162847855415133,4404902.256791444,34978.16572159513,4439880.422513039,4500,12,2760.6211180124224,100,383,68,33.891153649218126,0.5831823671497585,38.149752475247496,33644.438364527814,336.44438364527815,8
4502,128.72810025899093,0,0,483,0.0,0.0,1.0,483,14400,11300,3100,0.7847222222222222,175,113,62,165.12177585611397,0.399242287569908,0.8813678787252985,0.11375869384378744,4417335.963582918,34879.671771976864,4452215.635354895,4501,13,2761.6211180124224,104,379,69,33.700029032705935,0.5845410628019323,38.02579365079363,33723.44190018996,324.26386442490343,0
4503,128.99008907084342,0,0,483,0.0,0.0,1.0,483,13300,9000,4300,0.6766917293233082,176,90,86,165.25445678788572,0.39938457342164724,0.8805875674366419,0.1142906760363585,4430654.859757475,36537.09241276448,4467191.952170239,4502,14,2762.6211180124224,109,374,67,33.566370402485695,0.5858350586611456,37.89772727272725,33808.59550476113,310.1706009611113,0
4504,129.013205432744,0,1,482,0.0,0.002070393374741201,0.9979296066252588,483,12750,8300,4450,0.6509803921568628,172,83,89,163.42311735377785,0.39947298752323107,0.8795243904161225,0.11331253787850087,4434300.096982711,35583.42902621341,4469883.5260089245,4503,15,2763.6211180124224,112,371,68,33.52868703560459,0.5872153209109731,37.81342182890853,33825.530871294875,302.01366849370424,0
4505,129.33295893188233,0,0,482,0.0,0.0,1.0,482,15050,11400,3650,0.7574750830564784,187,114,73,162.50820876396182,0.3992594273973942,0.8790161616975474,0.11295815983409058,4448069.292221472,33119.55462737835,4481188.84684885,4504,16,2763.985477178423,116,366,70,33.46940276551926,0.5884552213001384,37.73148148148147,33919.963534680945,292.41347874724954,0
4506,129.05989585954435,0,0,482,0.0,0.0,1.0,482,12150,8600,3550,0.7078189300411523,157,86,71,162.29185662182232,0.3991131352386539,0.8798878604735214,0.113158748896436,4442143.030092759,35634.72794668669,4477777.758039446,4505,17,2764.985477178423,120,362,57,33.37106670604057,0.5897519017980637,37.62913223140493,33861.556870792716,282.1796405899393,0
4507,128.70722836606538,0,0,482,0.0,0.0,1.0,482,13200,9900,3300,0.75,165,99,66,165.02897455278367,0.39915644778196646,0.8834387143515767,0.11552028218694894,4434366.227299608,36759.782256550585,4471126.009556158,4506,18,2765.985477178423,105,377,63,33.16798941798942,0.591048582295989,37.50000000000001,33785.647446092255,321.76807091516434,0
4508,128.9268544035769,0,0,482,0.0,0.0,1.0,482,13950,10500,3450,0.7526881720430108,174,105,69,164.8138462448489,0.39928647527195243,0.883327604077633,0.11578720686473269,4445940.006226385,36200.49452000538,4482140.500746391,4507,19,2766.985477178423,87,395,64,33.05331440247606,0.5924965421853389,37.381628787878824,33858.56050897008,389.17885642494343,0
4509,129.13245828341434,0,0,482,0.0,0.0,1.0,482,13850,9800,4050,0.7075812274368231,179,98,81,158.37201888035997,0.399176216992607,0.8775940392757988,0.11181082810162919,4458486.204277657,30969.89226433931,4489456.096541996,4508,20,2767.985477178423,96,386,67,33.059102983244806,0.5939012793914247,37.22079037800692,33933.325324261175,353.47213879438726,0
4510,128.59137309687063,0,0,482,0.0,0.0,1.0,482,14450,10700,3750,0.740484429065744,182,107,75,156.81490573621448,0.3992926756152897,0.8748488750496053,0.11118666734623223,4444516.322482311,28543.281630627545,4473059.604112939,4509,21,2768.985477178423,106,376,67,32.95843053035633,0.595241182572614,37.081386292834914,33809.0655493304,318.9534485785887,0
4511,128.4178901126117,1,0,483,0.002070393374741201,0.0,1.0,483,15000,11700,3300,0.78,183,117,66,154.92263688429472,0.39941141980876776,0.8729785039138507,0.11020712037446044,4442127.853996648,26037.23210366764,4468165.086100316,4510,0,2764.250517598344,112,371,71,32.899698010490795,0.596553657694962,36.97455752212391,33777.17236894518,301.5818961512963,0
4512,128.08629584456367,0,0,483,0.0,0.0,1.0,483,14850,10800,4050,0.7272727272727273,189,108,81,153.90977566481178,0.39949249589787206,0.8718202568544966,0.10986469413756711,4434418.5421218565,25050.072604371155,4459468.614726228,4511,1,2765.250517598344,120,363,69,32.81301118890271,0.5979986197377501,36.8629476584022,33704.250333892225,280.8687527824352,0
4513,128.02985789117608,0,0,483,0.0,0.0,1.0,483,13150,9200,3950,0.6996197718631179,171,92,79,155.71906825062842,0.3994919589701296,0.8737858371883027,0.11166820911005866,4437463.2283059005,28449.52786164281,4465912.756167543,4512,2,2766.250517598344,125,358,63,32.61476094032926,0.5992926155969633,36.71461640211638,33708.3902468604,269.6671219748832,0
4514,127.9327341702265,1,1,483,0.002066115702479339,0.002066115702479339,0.9979338842975206,484,11850,8000,3850,0.6751054852320675,157,80,77,175.89814627915388,0.39954430313867073,0.8848585488071956,0.12206380550982512,4398084.918160215,46072.99685653619,4444157.915016751,4513,0,2761.53305785124,101,383,69,33.17365113984525,0.5848183539944903,37.785947712418285,33545.76064700485,332.13624402975097,8
4515,128.14328124093575,0,0,483,0.0,0.0,1.0,483,12850,9600,3250,0.7470817120622568,161,96,65,175.48515753119423,0.3994448883047115,0.884532460403175,0.12207126243588884,4407997.491133789,45257.626825742715,4453255.117959531,4514,1,2768.2443064182194,105,378,54,33.10350399010902,0.5860291580400276,37.70636792452827,33611.166662753305,320.10634916907907,0
4516,127.95864264073782,0,0,483,0.0,0.0,1.0,483,13200,9400,3800,0.7121212121212122,170,94,76,174.17730405371844,0.3994391610754591,0.8838525033246123,0.12158541122544032,4405506.460459904,43667.84765482669,4449174.308114731,4515,2,2769.2443064182194,113,370,58,33.02081156997928,0.5874741200828157,37.59137426900581,33577.451565758885,297.1455890775123,0
4517,127.88414352201353,0,0,483,0.0,0.0,1.0,483,12800,8900,3900,0.6953125,167,89,78,175.63850003563527,0.3992002282300857,0.8860258383801092,0.12291359830407227,4405709.51281609,45362.442084747505,4451071.9549008375,4516,3,2770.2443064182194,116,367,59,32.8985488812762,0.5887249827467218,37.508903133903104,33568.44910487421,289.38318193857083,0
4518,128.23925950840362,0,0,483,0.0,0.0,1.0,483,12150,8500,3650,0.6995884773662552,158,85,73,172.33101680964532,0.3990640275594272,0.8834816170580042,0.12109112192971139,4422436.8372397125,43674.60738759234,4466111.444627305,4517,4,2771.2443064182194,91,392,65,32.84961737443415,0.5899542788129745,37.37545289855076,33678.77744902017,370.0964554837381,0
4519,128.12966140417254,0,0,483,0.0,0.0,1.0,483,15100,11000,4100,0.7284768211920529,192,110,82,177.22870833544047,0.3991642540713441,0.8861701713229135,0.1252726307900975,4425168.751757704,45153.38840807554,4470322.140165779,4518,5,2772.2443064182194,94,389,67,32.524128388056795,0.5914639406487232,37.18201754385967,33674.7791030333,358.242330883333,0
4520,128.16051310159176,0,0,483,0.0,0.0,1.0,483,14100,9600,4500,0.6808510638297872,186,96,90,181.081274491908,0.39904129761833174,0.8879653501292084,0.1283506590072652,4429269.383307485,49711.54899946329,4478980.932306948,4519,6,2773.2443064182194,96,387,68,32.3311514582142,0.5927148033126294,37.09192439862546,33694.433867624626,350.9836861210899,0
4521,128.32198500966834,0,0,483,0.0,0.0,1.0,483,12350,9000,3350,0.728744939271255,157,90,67,179.08048230565413,0.399007829122388,0.8857511838140315,0.12737414586529078,4438654.815957451,50025.289045997124,4488680.105003448,4520,7,2774.2443064182194,103,380,71,32.26897689768978,0.5938146997929606,36.9791666666667,33751.35543223092,327.6830624488439,0
4522,128.80297894491954,0,0,483,0.0,0.0,1.0,483,13250,10000,3250,0.7547169811320755,165,100,65,177.18904994990427,0.398820262364372,0.8849807689040103,0.1266069553067077,4460312.023111614,48213.68997105855,4508525.713082673,4521,8,2775.2443064182194,108,375,70,32.16797395114632,0.5951302622498275,36.83103975535171,33896.9460453482,313.8606115310019,0
4523,128.59377516026981,1,0,484,0.002066115702479339,0.0,1.0,484,13250,10000,3250,0.7547169811320755,165,100,65,179.45590000706028,0.3990443501930656,0.8869818795286695,0.128646096993014,4456634.353817336,49903.86579333554,4506538.2196106715,4522,0,2770.50826446281,112,372,68,32.00105042016805,0.5967415633608815,36.725663716814175,33855.44080546951,302.2807214774063,0
4524,128.26894333128288,0,2,482,0.0,0.004132231404958678,0.9958677685950413,484,12800,8700,4100,0.6796875,169,87,82,180.72286584454824,0.39891619826155394,0.8891683864756905,0.12997474079055105,4448899.216497505,51203.563251800595,4500102.779749306,4523,1,2771.50826446281,114,370,52,31.861522853114117,0.5979037534435262,36.621376811594224,33783.29769242526,296.34471660022155,0
4525,128.29238684318827,0,0,482,0.0,0.0,1.0,482,14100,10300,3800,0.7304964539007093,179,103,76,178.5814289284216,0.39847432015481804,0.8877806282145821,0.1288071514334193,4452855.833295407,48539.47150443142,4501395.304799838,4524,2,2782.261410788382,118,364,54,31.823247173217275,0.5991528354080221,36.52836134453783,33801.405388595456,286.45258803894455,0
4526,128.60616668242957,0,1,481,0.0,0.002074688796680498,0.9979253112033195,482,13650,9900,3750,0.7252747252747253,174,99,75,180.0060775411815,0.39831454898882285,0.8884556716084038,0.13016624451099204,4466516.556013843,50750.02510415854,4517266.581118002,4525,3,2783.261410788382,88,394,57,31.702508363679446,0.6003198478561549,36.44662921348312,33894.58873308666,385.165781057803,0
4527,128.23323478523213,0,0,481,0.0,0.0,1.0,481,11750,8600,3150,0.7319148936170212,149,86,63,176.67989548760707,0.3983932851120351,0.8855622914446433,0.1285141049084669,4459912.548495744,49645.37659041853,4509557.925086163,4526,4,2788.679833679834,93,388,63,31.5990896358543,0.601481288981289,36.25886524822694,33820.37885514756,363.6599876897587,0
4528,128.6430968914525,0,1,480,0.0,0.002079002079002079,0.997920997920998,481,13600,9800,3800,0.7205882352941176,174,98,76,176.6196507466042,0.3982137185262185,0.8852640004416115,0.12919657916818525,4480253.5424318835,48460.16318411126,4528713.7056159945,4527,5,2789.679833679834,98,383,66,31.418191603875158,0.6028239778239779,36.07954545454545,33951.54460572708,346.44433271150086,0
4529,128.6820360832273,0,0,480,0.0,0.0,1.0,480,12350,8500,3850,0.6882591093117408,162,85,77,176.60637597291165,0.3980070060600789,0.8843160678489801,0.1296222282126736,4485232.404388485,50074.128067063364,4535306.532455548,4528,6,2796.329166666667,102,378,68,31.310009448296103,0.6040147569444445,35.972896440129446,33975.54526724122,333.09358105138455,0
4530,129.08137164807295,0,1,479,0.0,0.0020833333333333333,0.9979166666666667,480,14500,10300,4200,0.7103448275862069,187,103,84,192.6334507974752,0.3979277212363721,0.8944917590134689,0.1369203260789613,4464169.553727025,61489.67721589376,4525659.230942919,4529,7,2797.329166666667,93,387,64,31.935095647410822,0.5925347222222221,37.00132978723407,33948.22909268333,365.0347214267025,8
4531,129.15410503683856,0,1,478,0.0,0.0020876826722338203,0.9979123173277662,479,14250,9900,4350,0.6947368421052632,186,99,87,191.1470607011029,0.39776214684823974,0.8934761746282611,0.13618455735228593,4469281.023025982,60807.98619972885,4530089.009225711,4530,8,2800.6304801670144,95,384,61,31.896310235787475,0.5936195198329854,36.92491319444448,33977.22739386055,357.6550251985321,0
4532,129.17999763637005,1,0,479,0.0020876826722338203,0.0,1.0,479,12100,9400,2700,0.7768595041322314,148,94,54,190.29166761115476,0.397901726050611,0.8931495770808344,0.13611954341777224,4474581.415281472,62395.11187515996,4536976.527156631,4531,0,2801.4947807933195,101,378,63,31.7867778295115,0.5950113082811412,36.795343137254925,34000.7769514113,336.64135595456736,0
4533,128.63182088279893,2,2,479,0.004158004158004158,0.004158004158004158,0.9958419958419958,481,12400,8700,3700,0.7016129032258065,161,87,74,192.0595646491436,0.398440567971818,0.8946768638400202,0.1380412322386132,4460800.558758605,62747.88266036875,4523548.441418974,4532,0,2790.841995841996,107,374,53,31.583539339559334,0.5964786902286903,36.64158950617286,33876.27188662093,316.60067183757883,0
4534,128.23198341718782,0,0,479,0.0,0.0,1.0,479,13050,9800,3250,0.7509578544061303,163,98,65,193.24322028811295,0.39770172925347147,0.8963576049101032,0.13923007345693036,4449573.712169933,63119.990609811386,4512693.702779745,4533,2,2803.4947807933195,108,371,57,31.472723040460462,0.5975121781489214,36.56345565749237,33780.990585609936,312.7869498667587,0
4535,127.89485880893781,0,0,479,0.0,0.0,1.0,479,12350,8400,3950,0.680161943319838,163,84,79,188.57154427177483,0.39767097451396594,0.8937501427490377,0.13647265336920245,4442702.801252431,59403.465594541034,4502106.2668469725,4534,3,2804.4947807933195,81,398,60,31.449859029350787,0.5986864996520529,36.42022357723575,33710.49829048063,416.1789912405016,0
4536,127.49325260549169,0,0,479,0.0,0.0,1.0,479,13400,9600,3800,0.7164179104477612,172,96,76,184.86823423154092,0.3974984568036035,0.8915237169034813,0.13454848491397076,4434800.138953771,54770.734171633754,4489570.873125405,4535,4,2805.4947807933195,85,394,64,31.364231263776624,0.6000565414057064,36.240310077519354,33627.5807744327,395.6185973462671,0
4537,127.46656159087858,0,0,479,0.0,0.0,1.0,479,12850,9000,3850,0.7003891050583657,167,90,77,182.5569683271765,0.3975781643533279,0.889537421567679,0.13335842104746104,4437827.197309811,53381.255820152386,4491208.453129963,4536,5,2806.4947807933195,89,390,67,31.30542092489435,0.6011003827418233,36.122685185185155,33635.53400127792,377.92734832896537,0
4538,127.48168688414975,0,0,479,0.0,0.0,1.0,479,11150,7800,3350,0.6995515695067265,145,78,67,181.2754460957054,0.3975574185527147,0.8886951384934736,0.13280660649141696,4441448.612000763,54075.11569031585,4495523.7276910795,4537,6,2807.4947807933195,94,385,67,31.2455865248816,0.6021224773834377,36.03070175438593,33651.2514259757,357.99203644655,0
4539,127.163379135814,0,0,479,0.0,0.0,1.0,479,14200,11000,3200,0.7746478873239436,174,110,64,178.13568843961036,0.39766132953648786,0.8861810803558232,0.1308030930100004,4432774.067998393,47927.05206002739,4480701.120058421,4538,7,2808.4947807933195,97,382,71,31.255241670356757,0.6032967988865692,35.95875850340133,33576.37649992261,346.14821133940836,0
4540,126.83233519398097,0,0,479,0.0,0.0,1.0,479,12300,8100,4200,0.6585365853658537,165,81,84,176.98901965795008,0.3975253899482592,0.8858328598480998,0.13032457715468837,4424191.695678759,48506.670199404005,4472698.365878163,4539,8,2809.4947807933195,100,379,69,31.195659247689708,0.6042971468336813,35.870462046204594,33500.16609238676,335.0016609238676,0
4541,126.69557067303502,0,0,479,0.0,0.0,1.0,479,13150,9700,3450,0.7376425855513308,166,97,69,177.49114014792204,0.39739800345326587,0.8860511127330455,0.13112276024201328,4422876.3656505635,48054.273774521535,4470930.639425085,4540,9,2810.4947807933195,103,376,65,31.07732995969317,0.6055584551148225,35.76722756410254,33477.12189428393,325.020600915378,0
4542,126.5766569877346,0,1,478,0.0,0.0020876826722338203,0.9979123173277662,479,12650,8700,3950,0.6877470355731226,166,87,79,178.07133186584497,0.3972917267203,0.8871686240802374,0.13200976446976437,4422386.017473068,49050.0336312631,4471436.051104331,4541,10,2811.4947807933195,107,372,69,30.950616326729197,0.6065370563674322,35.65779320987653,33459.55283625408,312.7061012734026,0
4543,126.2639750221398,0,0,478,0.0,0.0,1.0,478,13750,10300,3450,0.7490909090909091,172,103,69,178.48729076224265,0.3970389850851878,0.8876069897971162,0.13254351423129684,4413245.213034009,48191.63630877465,4461436.849342783,4542,11,2816.9225941422596,110,368,51,30.885228106291827,0.6078059623430963,35.60435435435434,33383.64519776417,303.4876836160379,0
4544,126.20388050459879,0,1,477,0.0,0.0020920502092050207,0.997907949790795,478,12800,9400,3400,0.734375,162,94,68,177.1292513227607,0.3969248616264484,0.8876678990726434,0.13220786024339806,4416478.065837432,48057.490657034694,4464535.556494466,4543,12,2817.9225941422596,111,367,59,30.758517900040978,0.6092660390516039,35.444568452380935,33387.922069878055,300.79209071962214,0
4545,126.59023229096717,0,0,477,0.0,0.0,1.0,477,14050,10500,3550,0.7473309608540926,176,105,71,176.20999403384153,0.396462594471751,0.8859708547493688,0.1319932876353125,4433740.473015984,46803.87645954995,4480544.349475534,4544,13,2824.7861635220124,86,391,63,30.669154791525283,0.6105651642208245,35.332854406130274,33504.27544051526,389.5845981455263,0
4546,126.41863254870783,0,0,477,0.0,0.0,1.0,477,13650,10000,3650,0.7326007326007326,173,100,73,172.595430882879,0.39620329263780985,0.8833489349035455,0.12991638880496384,4432797.517347617,43966.119504634,4476763.636852251,4545,14,2825.7861635220124,92,385,64,30.610804466438253,0.6116788958770091,35.18145161290323,33477.99876063065,363.89129087642016,0
4547,126.56012990602638,0,1,476,0.0,0.0020964360587002098,0.9979035639412998,477,13350,10200,3150,0.7640449438202247,165,102,63,171.95085440805525,0.396147321612083,0.8829689172417143,0.1297310662332853,4440165.862222115,43948.06274451413,4484113.924966629,4546,15,2826.7861635220124,94,383,65,30.554836907028694,0.6129454926624738,35.109649122807014,33524.557217870424,356.6442257220258,0
4548,126.35181888623714,0,0,476,0.0,0.0,1.0,476,12800,9200,3600,0.71875,164,92,72,170.41154821973544,0.3959833407047029,0.8819476203984045,0.129034850427076,4436600.155092507,43209.58025224621,4479809.735344753,4547,16,2831.4579831932774,96,380,68,30.481909605435547,0.6141018907563025,34.99785223367697,33483.50337903426,348.7864935316068,0
4549,126.45561118979222,0,0,476,0.0,0.0,1.0,476,13400,9700,3700,0.7238805970149254,171,97,74,167.8411466567915,0.39561348223499926,0.8801258586387524,0.12748741905389993,4443487.670115779,40560.013141509524,4484047.683257288,4548,17,2832.4579831932774,98,378,73,30.451643844678173,0.6154586834733893,34.90109427609428,33523.24414906161,342.0739198883838,0
4550,126.31577910599704,0,0,476,0.0,0.0,1.0,476,11700,8400,3300,0.717948717948718,150,84,66,166.98560522352508,0.3954943424738316,0.879394585554578,0.12708840590291964,4440613.154097446,41403.69502010114,4482016.849117547,4549,18,2833.4579831932774,102,374,70,30.412423560522285,0.6165747549019608,34.84021035598704,33493.865416465575,328.3712295731919,0
4551,126.01863351480502,0,0,476,0.0,0.0,1.0,476,14000,10400,3600,0.7428571428571429,176,104,72,166.5701339332935,0.3953077546808197,0.879734051296867,0.12715104793912446,4433234.499296588,38488.89286110521,4471723.392157693,4550,19,2834.4579831932774,105,371,73,30.33012868010272,0.6176908263305323,34.74842767295596,33426.64068230741,318.3489588791182,0
4552,125.6453787583208,0,0,476,0.0,0.0,1.0,476,12100,8100,4000,0.6694214876033058,161,81,80,164.98115780542653,0.3952326588530149,0.878936756253041,0.12640285699528497,4423870.888023149,38671.06821755563,4462541.956240705,4551,20,2835.4579831932774,107,369,71,30.257401046777872,0.618719362745098,34.63541666666666,33341.833581960535,311.60592132673395,0
4553,125.45160645203548,0,0,476,0.0,0.0,1.0,476,11850,7600,4250,0.6413502109704642,161,76,85,164.76698921284918,0.3950218376824414,0.8796391298574648,0.12669457346676455,4420719.90437957,38627.7417595863,4459347.646139156,4552,21,2836.4579831932774,110,366,60,30.151000978000866,0.6196822478991597,34.52515015015014,33304.24638627643,302.7658762388766,0
4554,126.06288694631492,0,1,475,0.0,0.0021008403361344537,0.9978991596638656,476,12200,9400,2800,0.7704918032786885,150,94,56,169.8955553154137,0.39477498894294555,0.8835315029446993,0.13112815615888973,4446084.204410102,43673.988977467925,4489758.19338757,4553,22,2837.4579831932774,115,361,61,29.898679109187622,0.6206670168067228,34.41091954022988,33480.926224175615,291.1384889058749,0
4555,126.09489454582393,0,0,475,0.0,0.0,1.0,475,12700,9300,3400,0.7322834645669292,161,93,68,169.19372199861988,0.39454104670960105,0.8824563122958626,0.13109739308605578,4451191.8165762555,42922.742155267864,4494114.558731523,4554,23,2842.656842105263,87,388,63,29.79652997430987,0.6220833333333333,34.29214015151516,33504.4045675914,385.1080984780621,0
4556,126.60611643260852,0,0,475,0.0,0.0,1.0,475,12100,9100,3000,0.7520661157024794,151,91,60,165.31571517727355,0.39433562809978534,0.8793811266955236,0.12865255805923836,4473688.719490803,40814.21002862516,4514502.929519428,4555,24,2843.656842105263,91,384,67,29.765118119738236,0.6231140350877193,34.15987318840581,33656.98604756827,369.8569895337173,0
4557,126.95674753140419,0,0,475,0.0,0.0,1.0,475,11950,9000,2950,0.7531380753138075,149,90,59,165.36472520676693,0.39402990598860016,0.8781359091247194,0.12914719078352627,4489691.72553285,41537.32769116826,4531229.053224019,4556,25,2844.656842105263,96,379,68,29.65500706642441,0.6241228070175439,34.05283505154642,33763.78707705383,351.7061153859774,0
4558,127.29655653245098,0,0,475,0.0,0.0,1.0,475,11750,8400,3350,0.7148936170212766,151,84,67,164.00238298149154,0.39411836553408836,0.8763400416634899,0.12861875555714675,4505966.938207228,41047.86310036131,4547014.801307589,4557,26,2845.656842105263,99,376,71,29.563424095316435,0.6251315789473684,33.92708333333336,33870.16607821274,342.1228896789165,0
4559,127.1497764473817,0,0,475,0.0,0.0,1.0,475,12950,9900,3050,0.7644787644787645,160,99,61,165.8121485931699,0.3938094973721223,0.8777529501503119,0.13037624334537995,4503413.003587516,41394.11722545468,4544807.120812971,4558,27,2846.656842105263,100,375,72,29.43590314913846,0.6262938596491228,33.84900990099012,33841.03889233865,338.4103889233865,0
4560,127.59220399625286,0,0,475,0.0,0.0,1.0,475,14100,10700,3400,0.7588652482269503,175,107,68,163.82323340357937,0.3937156710341254,0.8759189245379975,0.1290673119539541,4521097.889868154,39032.17497046145,4560130.064838615,4559,28,2847.656842105263,104,371,69,29.428539042508273,0.6273684210526316,33.78968253968256,33966.36113130431,326.5996262625414,0
4561,127.86847216278146,0,1,474,0.0,0.002105263157894737,0.9978947368421053,475,11650,8100,3550,0.6952789699570815,152,81,71,164.86136198226083,0.3934297505366793,0.8765994206109775,0.13038697818867087,4534817.589601078,42873.240832550175,4577690.8304336285,4560,29,2848.656842105263,109,366,71,29.283559711752726,0.6286184210526315,33.67424242424244,34054.6677188077,312.428144209245,0
4562,127.72866000320087,0,0,474,0.0,0.0,1.0,474,13200,9800,3400,0.7424242424242424,166,98,68,164.38119303319456,0.3931245595489781,0.8761373121470124,0.13027687135740962,4531964.818144244,40993.95671820376,4572958.774862448,4561,30,2854.869198312236,111,363,72,29.233439238414466,0.6297248593530239,33.612351190476204,34025.33742384394,306.53457138598145,0
4563,127.44299810885464,0,0,474,0.0,0.0,1.0,474,13550,10300,3250,0.7601476014760148,168,103,65,162.00215246065284,0.39297365396680967,0.8741588307325885,0.1286263276869166,4523680.321093941,38219.189812224366,4561899.5109061655,4562,31,2855.869198312236,115,359,73,29.241409962589753,0.6308236638537271,33.55783045977014,33956.18890883498,295.27120790291286,0
4564,127.50997823798171,0,0,474,0.0,0.0,1.0,474,11500,8200,3300,0.7130434782608696,148,82,66,162.80364349700324,0.3929253344454257,0.8749485541024773,0.12961941148208384,4528845.724963604,41162.51697198234,4570008.241935586,4563,32,2856.869198312236,116,358,65,29.136672122750777,0.6318345639943741,33.47578347578351,33984.49704889845,292.9698021456763,0
4565,127.77000835809609,0,0,474,0.0,0.0,1.0,474,13600,9200,4400,0.6764705882352942,180,92,88,165.118936189802,0.39255401750802105,0.8783178005509933,0.1319050657559225,4541479.170345454,41576.84186711894,4583056.012212573,4564,33,2857.869198312236,121,353,65,28.973557871927138,0.6331091772151899,33.376024590163965,34066.54756658402,281.5417154263142,0
4566,128.2305880559985,0,0,474,0.0,0.0,1.0,474,12050,8600,3450,0.7136929460580913,155,86,69,162.0046375346368,0.39236668644050154,0.8762572141470619,0.130106136539704,4563224.88027167,41002.71854348829,4604227.598815159,4565,34,2858.869198312236,90,384,68,28.89688635258444,0.6342079817158931,33.21886446886444,34209.5018914042,380.10557657115777,0
4567,128.45233961979739,0,0,474,0.0,0.0,1.0,474,11250,8100,3150,0.72,144,81,63,162.6365258774554,0.3920189717308498,0.8760790367397353,0.1312617630113305,4576118.954571122,42798.81775468196,4618917.772325804,4566,35,2859.869198312236,95,379,69,28.731707317073152,0.6352188818565401,33.07291666666663,34287.40836205484,360.9200880216299,0
4568,128.57244189212852,0,0,474,0.0,0.0,1.0,474,12900,9200,3700,0.7131782945736435,166,92,74,159.96915533014734,0.39176297118967124,0.8729891965887784,0.12953587811760073,4583727.812332208,38951.013280416046,4622678.825612624,4567,36,2860.869198312236,101,373,71,28.704336698920216,0.6362957102672293,32.97589869281043,34331.94074911614,339.9202054367935,0
4569,128.21317687853815,0,0,474,0.0,0.0,1.0,474,12400,8900,3500,0.717741935483871,159,89,70,158.4426532643421,0.3916310217274303,0.8721433805415437,0.12861294703524392,4573367.43323824,37723.29409499842,4611090.727333238,4568,37,2861.869198312236,101,373,75,28.672478397185873,0.6374384669479607,32.90441176470585,34245.17389788854,339.0611277018667,0
4570,127.77164404425808,0,0,474,0.0,0.0,1.0,474,13250,10000,3250,0.7547169811320755,165,100,65,157.03585906173578,0.3913208475690077,0.870961510938074,0.12793598170577097,4561253.718589017,35206.07921943139,4596459.797808449,4569,38,2862.869198312236,106,368,77,28.601866020572974,0.638581223628692,32.79789719626166,34140.85196731619,322.08350912562446,0
4571,127.35851553734243,0,0,474,0.0,0.0,1.0,474,13300,9900,3400,0.7443609022556391,167,99,68,157.51460100426948,0.391099785758676,0.8703751013448153,0.12867125081468603,4549174.144975788,35212.27006895862,4584386.415044746,4570,39,2863.869198312236,111,363,73,28.509435822488218,0.6394382911392404,32.71949404761902,34040.44847016471,306.6707069384208,0
4572,127.22956120360479,0,0,474,0.0,0.0,1.0,474,12900,9000,3900,0.6976744186046512,168,90,78,159.57948220868786,0.39082993981617764,0.8723749841655251,0.13090792895896103,4548735.040528588,37476.956494412836,4586211.997023,4571,40,2864.869198312236,115,359,72,28.32977925537868,0.6406689521800282,32.596982758620676,34021.56854814048,295.8397265055694,0
4573,127.42155487773023,0,0,474,0.0,0.0,1.0,474,11900,8400,3500,0.7058823529411765,154,84,70,160.03575976729832,0.39054104483159535,0.8728147197618132,0.13170634465893372,4558788.853847901,39213.84756884798,4598002.7014167495,4572,41,2865.869198312236,122,352,77,28.222485172755878,0.6417897327707454,32.50338753387533,34084.83428495917,279.38388758163256,0
4574,127.55789787192401,0,0,474,0.0,0.0,1.0,474,12150,8600,3550,0.7078189300411523,157,86,71,162.02526751426007,0.3903032570330922,0.8749435011123778,0.13367187823346993,4566095.854802422,41014.58047402339,4607110.435276446,4573,42,2866.869198312236,125,349,58,28.096934703125786,0.6427786568213784,32.43220899470899,34130.38495886921,273.04307967095366,0
4575,127.69618405608618,0,0,474,0.0,0.0,1.0,474,11200,7800,3400,0.6964285714285714,146,78,68,163.71573715358343,0.3901507717742631,0.8757734098276324,0.1352327898621575,4572261.335287195,43710.22699307407,4615971.562280268,4574,43,2867.869198312236,128,346,61,28.015552705693036,0.643679676511955,32.39664082687339,34171.92780699857,266.9681859921763,0
4576,127.8558308061595,0,0,474,0.0,0.0,1.0,474,12000,8000,4000,0.6666666666666666,160,80,80,164.32423452271337,0.3897828929566492,0.878312761615414,0.13633960520012303,4582362.32083694,43798.6361354519,4626160.956972391,4575,44,2868.869198312236,89,385,64,27.869041443310884,0.6448883614627285,32.26851851851854,34231.03099777897,384.61832581774127,0
4577,127.60720622444106,0,0,474,0.0,0.0,1.0,474,11700,8600,3100,0.7350427350427351,148,86,62,163.40572669999122,0.3895892431824872,0.8776428384909416,0.13611006587376828,4577303.475415407,43091.52014533132,4620394.995560738,4576,45,2869.869198312236,91,383,66,27.77906943974746,0.6458113572433193,32.155797101449295,34178.85043529665,375.59176302523787,0
4578,127.73908274610541,0,0,474,0.0,0.0,1.0,474,11800,8100,3700,0.6864406779661016,155,81,74,162.81064595597144,0.3893962438634208,0.8767829485370755,0.13646371787439676,4588153.475949715,42800.046232902525,4630953.522182617,4577,46,2870.869198312236,95,379,70,27.61329669514053,0.646756329113924,31.976996527777793,34237.0126183981,360.38960650945364,0
4579,127.27160462168945,0,0,474,0.0,0.0,1.0,474,13250,9100,4150,0.6867924528301886,174,91,83,161.67482463519104,0.3890377501836142,0.8760295334739896,0.1357694839373577,4573213.385890138,39824.69443662063,4613038.080326759,4578,47,2871.869198312236,95,379,71,27.58860870503793,0.6478551336146272,31.92274305555558,34118.62265390069,359.14339635684934,0
4580,127.37355547688473,0,0,474,0.0,0.0,1.0,474,13650,9600,4050,0.7032967032967034,177,96,81,161.82680094108727,0.3887304566120433,0.874985964509192,0.1364508473304816,4580832.133911474,39810.281975806596,4620642.41588728,4579,48,2872.869198312236,100,374,72,27.46684804901811,0.6491077707454289,31.806930693069322,34160.70479188252,341.6070479188252,0
4581,127.87604968299087,0,0,474,0.0,0.0,1.0,474,12100,9500,2600,0.7851239669421488,147,95,52,160.04970136780585,0.38828396565002393,0.872791347413693,0.13545185823756456,4602501.55654572,40425.79993400056,4642927.356479721,4580,49,2873.869198312236,105,369,73,27.40794325202061,0.6502285513361463,31.70204402515723,34308.882748083844,326.75126426746516,0
4582,127.90916820186588,0,0,474,0.0,0.0,1.0,474,12900,9600,3300,0.7441860465116279,162,96,66,159.66203763027204,0.3881246970737698,0.8727666405996111,0.13560986312720322,4607183.139940483,39418.44957174532,4646601.589512228,4581,50,2874.869198312236,109,365,72,27.31505574568674,0.6511515471167371,31.60037878787877,34330.77229493807,314.9612137150282,0
4583,127.8850714406464,0,0,474,0.0,0.0,1.0,474,14800,11300,3500,0.7635135135135135,183,113,70,157.5265658264571,0.3878907190836835,0.870978466063365,0.1343218328276646,4610115.790861603,35643.141719349194,4645758.932580952,4582,51,2875.869198312236,112,362,73,27.25992458573652,0.6523382559774965,31.489675516224178,34338.462029158654,306.59341097463084,0
4584,127.90804367246248,0,0,474,0.0,0.0,1.0,474,11400,7900,3500,0.6929824561403509,149,79,70,157.32130739875024,0.38741560809745973,0.871768634301356,0.13451243964785822,4613576.189066096,38962.76756952367,4652538.9566356195,4583,52,2876.869198312236,114,360,65,27.18759836323575,0.6534150843881856,31.41304347826086,34354.43216463625,301.35466811084433,0
4585,128.0094406649776,0,0,474,0.0,0.0,1.0,474,13500,9600,3900,0.7111111111111111,174,96,78,157.24222015236566,0.3871789353648347,0.8723994399149493,0.134940153421728,4620784.999455756,37016.49843223321,4657801.497887989,4584,53,2877.869198312236,121,353,66,27.084822894488717,0.6545798171589311,31.309767759562828,34394.886341241094,284.25525901852143,0
4586,128.10709245146163,0,0,474,0.0,0.0,1.0,474,11500,7900,3600,0.6869565217391305,151,79,72,157.3347977625795,0.38682629578088806,0.8728341637471184,0.13552478380137817,4627910.096507524,39326.259819482504,4667236.356327007,4585,54,2878.869198312236,92,382,67,26.97611953773925,0.655568741209564,31.205197132616497,34434.52066140443,374.28826805874377,0
4587,128.30977744365464,0,0,474,0.0,0.0,1.0,474,13100,10200,2900,0.7786259541984732,160,102,58,146.42432653014606,0.38692535079972523,0.8617947787478373,0.11552637790364281,4548002.627161135,25287.64434788312,4573290.271509018,4586,55,2879.869198312236,115,359,76,29.84780775716697,0.6308676160337553,33.74640804597705,34162.93912719488,297.0690358886511,7
4588,128.01461065299546,0,0,474,0.0,0.0,1.0,474,12350,9300,3050,0.7530364372469636,154,93,61,145.84378418469876,0.38685677424822257,0.8614121817810432,0.11528750720224029,4539481.585723717,25261.034539743152,4564742.62026346,4587,56,2880.869198312236,116,358,79,29.805484978158173,0.6318345639943741,33.689458689458725,34091.64025865793,293.8934505056718,0
4589,128.42260382432173,0,0,474,0.0,0.0,1.0,474,13650,10400,3250,0.7619047619047619,169,104,65,147.55765314556143,0.3866173138509023,0.8628217798719524,0.11693944011785852,4556549.338218486,26020.7453578974,4582570.083576383,4588,57,2881.869198312236,118,356,82,29.682707895198067,0.6329553445850914,33.61344537815128,34210.05496832806,289.9157200705768,0
4590,128.62017381113455,0,1,473,0.0,0.002109704641350211,0.9978902953586498,474,12850,9400,3450,0.7315175097276264,163,94,69,148.4363753596683,0.3862819577880661,0.864073808971312,0.11818820215412164,4568342.584793102,27971.642937582605,4596314.227730685,4589,58,2882.869198312236,125,349,61,29.517658477827084,0.634164029535865,33.47387566137568,34280.63643764221,274.2450915011377,0
4591,128.2473549140946,0,0,473,0.0,0.0,1.0,473,12650,9500,3150,0.7509881422924901,158,95,63,150.6417624864625,0.38592523829146813,0.8651728030920984,0.12025516696776548,4557730.684337723,30066.916645453908,4587797.600983177,4590,59,2889.710359408034,130,343,64,29.380791179511707,0.6352184637068359,33.39694656488551,34191.13641507469,263.0087416544207,0
4592,127.90052510104165,0,0,473,0.0,0.0,1.0,473,14350,10600,3750,0.7386759581881533,181,106,75,149.0864634809809,0.38568970897385363,0.8643681137295853,0.11943710297143387,4548995.453785134,26688.72891917691,4575684.182704311,4591,60,2890.710359408034,99,374,68,29.315406446909332,0.6363636363636364,33.29166666666666,34112.13588215691,344.56702911269605,0
4593,128.22999851680314,0,1,472,0.0,0.0021141649048625794,0.9978858350951374,473,13950,10200,3750,0.7311827956989247,177,102,75,149.29255209304668,0.3854595919781178,0.8632994798679698,0.11996095656417756,4563742.353676225,27716.548615090458,4591458.902291316,4592,61,2891.710359408034,103,370,69,29.220046364079984,0.6373766737138831,33.203125,34211.36288553773,332.1491542285217,0
4594,128.42823893655074,0,0,472,0.0,0.0,1.0,472,13900,10000,3900,0.7194244604316546,178,100,78,147.380202833685,0.38530102588554227,0.8614287261204916,0.11873047073136679,4573407.710909014,26505.951214981553,4599913.662123995,4593,62,2896.830508474576,105,367,72,29.19378521191585,0.6385504943502824,33.12696540880502,34274.03385220026,326.41937002095483,0
4595,128.69955909224575,0,0,472,0.0,0.0,1.0,472,13900,10200,3700,0.7338129496402878,176,102,74,153.24194163436425,0.3852246504912016,0.8722520396048825,0.10885325518162055,4450275.983048362,28093.786490223625,4478369.769538585,4594,63,2897.830508474576,97,375,76,32.991752893308025,0.5975238347457628,37.02168367346942,33845.19336204599,348.9195191963504,8
4596,128.18053954756382,0,1,471,0.0,0.00211864406779661,0.9978813559322034,472,13350,9900,3450,0.7415730337078652,168,99,69,151.70484090949893,0.38522286996053595,0.8711692704838432,0.10820939981152754,4436861.488995467,26868.673265109937,4463730.162260577,4595,64,2898.830508474576,101,371,76,32.89570718832481,0.598825918079096,36.887254901960816,33725.9336285077,333.92013493571983,0
4597,128.3110062894144,0,0,471,0.0,0.0,1.0,471,13350,9200,4150,0.6891385767790262,175,92,83,152.75643038280222,0.38506252729216545,0.8718340682671881,0.10962803757756479,4448045.615292391,28343.514074390554,4476389.129366782,4596,65,2904.1337579617834,107,364,72,32.667582417582494,0.6003184713375795,36.68981481481486,33785.59482736375,315.7532226856425,0
4598,128.23290771638335,0,1,470,0.0,0.0021231422505307855,0.9978768577494692,471,12500,8700,3800,0.696,163,87,76,152.0795576524911,0.38505800996822814,0.8716658637977475,0.10948645734199086,4448758.388804384,28613.041574437862,4477371.430378822,4597,66,2905.1337579617834,111,360,62,32.58259186027356,0.6014021585279548,36.58854166666671,33778.01722789685,304.30646151258424,0
4599,128.66748247801945,0,0,470,0.0,0.0,1.0,470,12650,9400,3250,0.7430830039525692,159,94,65,148.6224171722097,0.3849824774304768,0.868348833195348,0.10734169216420038,4467327.779258334,26139.010570788967,4493466.789829123,4598,67,2910.7255319148935,114,356,65,32.56909115908156,0.6025044326241135,36.48550724637685,33905.746379081545,297.4188278866802,0
4600,128.99584391883064,0,0,470,0.0,0.0,1.0,470,12550,8800,3750,0.701195219123506,163,88,75,150.72994041613995,0.38496026705378883,0.8698988963941172,0.10922351840006955,4482318.057019528,28573.906732147807,4510891.963751676,4599,68,2911.7255319148935,92,378,68,32.40638454566055,0.6036347517730496,36.37992831541218,34005.89362089594,369.6292784879994,0
4601,129.27897606896929,0,0,470,0.0,0.0,1.0,470,12150,8900,3250,0.7325102880658436,154,89,65,148.610073427971,0.3849311572834913,0.867549586261384,0.10794091379852822,4494716.208729005,27442.021163421457,4522158.229892427,4600,69,2912.7255319148935,94,376,72,32.386048622950405,0.604654255319149,36.30482456140351,34090.242275028926,362.66215186200986,0
4602,129.68756592533882,0,0,470,0.0,0.0,1.0,470,12750,8700,4050,0.6823529411764706,168,87,81,147.47944206866575,0.38470253217196687,0.8663294323020843,0.10755000948094183,4513291.437063432,26373.540606280934,4539664.977669713,4601,70,2913.7255319148935,99,371,73,32.286237677840546,0.6058289007092199,36.17708333333334,34214.55189782363,345.6015343214508,0
4603,129.52344095932455,0,0,470,0.0,0.0,1.0,470,12650,8500,4150,0.6719367588932806,168,85,83,144.3687596027233,0.38449677902281904,0.8632513810124804,0.10557791969947765,4510633.1578675965,23588.90280485293,4534222.060672449,4602,71,2914.7255319148935,103,367,76,32.27767182815287,0.6070921985815603,36.0877403846154,34182.823976735424,331.87207744403327,0
4604,129.08779046683333,0,0,470,0.0,0.0,1.0,470,11350,8000,3350,0.7048458149779736,147,80,67,143.7373279366396,0.3843447088266872,0.8626931998515828,0.10556695222381503,4500083.767275079,24016.00323983356,4524099.770514913,4603,72,2915.7255319148935,106,364,80,32.15674888471041,0.6080895390070922,35.95210280373833,34085.35962647909,321.55999647621786,0
4605,129.0172638886767,0,0,470,0.0,0.0,1.0,470,14000,10100,3900,0.7214285714285714,179,101,78,144.86161017490642,0.3841439648263243,0.8640913784714221,0.10685746167793617,4502317.680220356,22442.5977351345,4524760.277955491,4604,73,2916.7255319148935,109,361,74,31.987358711496615,0.6092863475177305,35.814393939393945,34084.50405271128,312.70187204322275,0
4606,129.0214538763423,0,0,470,0.0,0.0,1.0,470,12800,9700,3100,0.7578125,159,97,62,144.09534859696623,0.3840296995266827,0.8635354190664062,0.10671024202549595,4506678.017625581,23078.267992809248,4529756.28561839,4605,74,2917.7255319148935,113,357,75,31.88221669086638,0.6104166666666666,35.69078947368423,34101.55861501373,301.78370455764366,0
4607,129.14369660479252,0,1,469,0.0,0.002127659574468085,0.997872340425532,470,12300,9000,3300,0.7317073170731707,156,90,66,144.29352542259136,0.3837789585507115,0.8640505170847141,0.10709905310734157,4513374.686271954,23950.149007053966,4537324.835279008,4606,75,2918.7255319148935,117,353,79,31.804866884815272,0.6114140070921985,35.619703389830526,34143.04881370911,291.8209300317018,0
4608,129.2634937868382,0,0,469,0.0,0.0,1.0,469,13900,10000,3900,0.7194244604316546,178,100,78,145.06712677129732,0.3834226684040117,0.8654565159090284,0.10822573534204499,4523042.8378421925,23528.96574985284,4546571.803592046,4607,76,2924.362473347548,121,348,66,31.621742837470038,0.6129175550817342,35.45935792349728,34195.44764342237,282.60700531754026,0
4609,129.26727227468575,0,0,469,0.0,0.0,1.0,469,14000,10800,3200,0.7714285714285715,172,108,64,140.55685880902092,0.3835713070787698,0.8606334346862472,0.10327873538575862,4506839.066695912,18893.428474511144,4525732.495170423,4608,77,2925.362473347548,109,360,77,32.22592044707427,0.607542643923241,35.93749999999999,34134.63908503413,313.161826468203,8
4610,129.03636643039755,0,0,469,0.0,0.0,1.0,469,11050,7500,3550,0.6787330316742082,146,75,71,140.15743193453108,0.3836286364271439,0.859742061859138,0.1032409011478677,4501458.903191627,21332.583966033948,4522791.487157661,4609,78,2926.362473347548,112,357,75,32.157014145785354,0.6083866382373845,35.85914454277286,34083.77621401743,304.3194304822985,0
4611,128.713578928514,0,0,469,0.0,0.0,1.0,469,12700,9300,3400,0.7322834645669292,161,93,68,141.41518905483656,0.3834465872712141,0.8604978079976129,0.10447229327494385,4493333.026266403,20585.10787916023,4513918.134145563,4610,79,2927.362473347548,112,357,74,32.030305144664666,0.609363894811656,35.7669616519174,34010.380036936884,303.66410747265076,0
4612,128.56504480944045,0,0,469,0.0,0.0,1.0,469,12150,8300,3850,0.6831275720164609,160,83,77,142.25097595360413,0.3832635889538875,0.861133836214353,0.10549400014627609,4492251.5754775265,21855.43416815868,4514107.009645686,4611,80,2928.362473347548,117,352,76,31.88572764309087,0.6106743070362473,35.646186440677965,33986.65988580072,290.4842725282113,0
4613,128.05217013247838,0,1,468,0.0,0.0021321961620469083,0.997867803837953,469,12400,9000,3400,0.7258064516129032,158,90,68,156.5967452702157,0.3831933510105152,0.8720052562121943,0.10680600955462216,4382904.522490456,31069.716610421267,4413974.239100877,4612,81,2929.362473347548,97,372,65,34.263787324801946,0.5833777540867093,38.36096938775507,33503.44566125549,345.39634702325253,8
4614,128.00965200458973,0,0,468,0.0,0.0,1.0,468,14000,10300,3700,0.7357142857142858,177,103,74,155.6059717322774,0.3828957643197472,0.8714894271245766,0.10648330222463574,4385166.644196805,28871.623375641248,4414038.267572446,4613,82,2930.709401709402,99,369,68,34.17701368990763,0.5846688034188035,38.24999999999997,33506.52641220099,338.4497617394039,0
4615,127.60101463433085,0,0,468,0.0,0.0,1.0,468,11800,8300,3500,0.7033898305084746,153,83,70,164.8449863835373,0.3831173894409976,0.875133216314621,0.10971262012416311,4339912.127285553,37682.55110562738,4377594.678391181,4614,83,2931.709401709402,99,369,73,34.888136698884395,0.5752092236467237,39.18750000000001,33279.93962931649,336.16100635673223,8
4616,127.56833780356607,0,0,468,0.0,0.0,1.0,468,11400,7900,3500,0.6929824561403509,149,79,70,163.79187172764452,0.3832764829151339,0.8742604314816413,0.10933160410611899,4342119.091066266,37240.76263801651,4379359.853704283,4615,84,2932.709401709402,102,366,76,34.81425313642646,0.5763443732193732,39.08778317152103,33284.137813452646,326.3150766024769,0
4617,127.64944084091604,0,0,468,0.0,0.0,1.0,468,14300,11000,3300,0.7692307692307693,176,110,66,167.41049550881203,0.38354748516017256,0.8771754391836433,0.11219976098647347,4349451.597863088,37728.76943797074,4387180.367301059,4616,85,2933.709401709402,106,362,75,34.58030331282241,0.5776575854700854,38.95054517133957,33322.816940704564,314.3661975538166,0
4618,127.42991022361356,0,1,467,0.0,0.002136752136752137,0.9978632478632479,468,13750,9800,3950,0.7127272727272728,177,98,79,166.44193540239337,0.3837308859056718,0.876491678377294,0.11194864641999072,4345982.858901271,37320.759652230925,4383303.618553502,4617,86,2934.709401709402,111,357,69,34.483020844461834,0.5789485398860399,38.82998511904762,33280.87154937962,299.8276716160326,0
4619,127.32896056153247,1,0,468,0.002136752136752137,0.0,1.0,468,14300,10600,3700,0.7412587412587412,180,106,74,164.6700585439655,0.38435629769944546,0.876637190513841,0.11134498852185598,4348483.574678431,35313.00896395405,4383796.583642385,4618,0,2930.08547008547,113,355,54,34.347685476540065,0.5806178774928774,38.651315789473685,33277.25630465055,294.48899384646506,0
4620,127.0267049821371,0,0,468,0.0,0.0,1.0,468,12150,8700,3450,0.7160493827160493,156,87,69,166.05494557425538,0.38441177547173266,0.8767750469141713,0.11252977478800849,4340629.329191429,38406.593403378945,4379035.922594807,4619,1,2931.08547008547,117,351,54,34.23591882217869,0.5819088319088319,38.57697740112993,33207.70516720504,283.82653989064136,0
4621,127.27117182887834,0,0,468,0.0,0.0,1.0,468,11300,7700,3600,0.6814159292035398,149,77,72,166.7889614027956,0.38450833729875483,0.877741302324182,0.11347928936971612,4353442.376113028,40321.226487760396,4393763.602600789,4620,2,2932.08547008547,94,374,59,34.08050012576506,0.5830439814814814,38.44298245614032,33288.668122873154,354.134767264608,0
4622,127.58260367442666,1,0,469,0.0021321961620469083,0.0,1.0,469,13250,9700,3550,0.7320754716981132,168,97,71,166.21419574757428,0.38492158408203186,0.8775448865472655,0.11382446947436972,4371338.623037786,38265.70671370505,4409604.329751492,4621,0,2926.8315565031985,98,371,67,33.87495478114071,0.5844660625444207,38.22601010101007,33397.80720555578,340.7939510770998,0
4623,127.7823976881168,0,0,469,0.0,0.0,1.0,469,13850,10800,3050,0.779783393501805,169,108,61,166.28305600929775,0.38487564467042074,0.8778000288544947,0.1141816373946379,4381215.012082803,38054.36424858638,4419269.37633139,4622,1,2927.8315565031985,99,370,70,33.78105234893987,0.5855987917555081,38.135416666666636,33461.68432793262,337.9968113932588,0
4624,127.29572562732594,0,0,469,0.0,0.0,1.0,469,12150,8900,3250,0.7325102880658436,154,89,65,168.2182291074386,0.3851178706589154,0.8818076412664493,0.11078568385631521,4317587.75876752,39309.39335916465,4356897.152126685,4623,2,2928.8315565031985,86,383,63,35.166126511285746,0.5710954157782516,39.54741379310343,33154.50095272038,385.5174529386091,8
4625,127.62514102251629,0,0,469,0.0,0.0,1.0,469,12950,9900,3050,0.7644787644787645,160,99,61,162.11352097013759,0.385059402316865,0.8766045062382779,0.10736500929759243,4335143.457448471,33807.07395952545,4368950.531407997,4624,3,2929.8315565031985,95,374,66,35.13006848174512,0.5724724591329069,39.35546875,33264.79505752892,350.15573744767283,0
4626,127.30389752365657,0,0,469,0.0,0.0,1.0,469,12350,8900,3450,0.7206477732793523,158,89,69,156.96023066984156,0.3852921366913904,0.8728850434036337,0.10450376150437318,4330227.170924324,29784.691120219617,4360011.862044543,4625,4,2930.8315565031985,101,368,70,35.08091882015141,0.5738272921108742,39.17483660130719,33204.059872898186,328.7530680484969,0
4627,127.53037448184904,0,0,469,0.0,0.0,1.0,469,13250,9400,3850,0.7094339622641509,171,94,77,152.998317023563,0.3854115411951233,0.8692227835208879,0.10236415974755946,4343450.20800531,25858.11438009174,4369308.322385401,4626,5,2931.8315565031985,106,363,71,35.01583734318075,0.5750710732054016,39.00895638629284,33284.28552846472,314.0026936647615,0
4628,127.68196574876484,2,0,471,0.004246284501061571,0.0,1.0,471,12650,9200,3450,0.7272727272727273,161,92,69,152.36610856141553,0.38634412973754345,0.8695637980532642,0.10237933259477547,4353457.098747023,25813.863385030672,4379270.962132054,4627,0,2920.3779193205946,109,362,73,34.88480321052127,0.5766100495399858,38.86363636363636,33342.404237575116,305.8936168584873,0
4629,128.18907817137836,0,1,470,0.0,0.0021231422505307855,0.9978768577494692,471,12700,9200,3500,0.7244094488188977,162,92,70,165.4222021783575,0.38679153302916686,0.8757857298975236,0.10621209091858688,4318549.961627411,35976.808973935054,4354526.770601346,4628,1,2921.3779193205946,94,377,69,36.133728298061065,0.5603547416843595,40.4276315789474,33274.34262665652,353.9823683686864,8
4630,128.65173319146209,1,0,471,0.0021231422505307855,0.0,1.0,471,13250,9300,3950,0.7018867924528301,172,93,79,163.25173725299405,0.3867695110749725,0.8744280572680712,0.10526922367693181,4339142.031223271,34224.49495693846,4373366.52618021,4629,0,2922.3736730360934,98,373,73,36.03776737967918,0.5615268931351733,40.27777777777781,33413.714037227335,340.95626568599323,0
4631,128.48089054191072,1,1,471,0.00211864406779661,0.00211864406779661,0.9978813559322034,472,13000,9700,3300,0.7461538461538462,163,97,66,165.6442128897853,0.38749220314992744,0.87393552622295,0.10748682665756534,4340694.883815054,36402.19748485302,4377097.081299907,4630,0,2917.1800847457625,102,370,71,35.752879041357076,0.5632503531073446,40.05865695792881,33397.495242705714,327.42642394809525,0
4632,128.14851103109294,1,0,472,0.00211864406779661,0.0,1.0,472,11500,7500,4000,0.6521739130434783,155,75,80,150.61485020763072,0.3874494704139528,0.8684759762493388,0.0925420966296227,4265316.795667165,22584.010053500457,4287900.8057206655,4631,0,2918.1716101694915,108,364,72,38.10560041484552,0.545992231638418,41.99159021406728,33063.393547567386,306.14253284784616,8
4633,128.3659833586207,1,0,473,0.0021141649048625794,0.0,1.0,473,14400,11100,3300,0.7708333333333334,177,111,66,148.31607672033888,0.388416212778156,0.8667078786015543,0.09142924351975427,4276476.9729166245,17854.057361573025,4294331.0302781975,4632,0,2913.0,115,358,58,38.04476865541833,0.5475466878083157,41.8732040229885,33134.699996799114,288.12782605912275,0
4634,128.19333219533937,2,0,475,0.004210526315789474,0.0,1.0,475,13450,9700,3750,0.7211895910780669,172,97,75,148.6706279354437,0.38964283070545563,0.8686520014913734,0.09197377932437388,4274953.651671012,18662.00875776948,4293615.660428781,4633,0,2901.7305263157896,118,357,62,37.905961540634244,0.5489035087719298,41.745448179271705,33106.51155251306,280.56365722468695,0
4635,128.2231846194263,1,0,476,0.0021008403361344537,0.0,1.0,476,12000,8600,3400,0.7166666666666667,154,86,68,147.37423794945633,0.3900914049830459,0.8682460632219944,0.09148503013923028,4280026.750573815,18953.136153819134,4298979.886727634,4634,0,2896.6323529411766,93,383,67,37.81451935723674,0.5502013305322129,41.62234042553188,33130.006345151916,356.2366273672249,0
4636,128.5486538272838,2,0,478,0.0041841004184100415,0.0,1.0,478,11500,8200,3300,0.7130434782608696,148,82,66,153.37259565501978,0.3908371197833975,0.8725310961730959,0.09591404189343491,4299661.163168463,24790.038606444163,4324451.201774907,4635,0,2885.5083682008367,97,381,72,37.391565295414985,0.551647489539749,41.35841836734691,33248.02714263667,342.7631664189347,0
4637,128.14626904903318,0,0,478,0.0,0.0,1.0,478,12700,8700,4000,0.6850393700787402,167,87,80,152.4150973355272,0.39109707273785194,0.8711127801769423,0.09570205052252378,4290982.755133517,22502.11085774759,4313484.865991265,4636,1,2886.5083682008367,98,380,79,37.26993968963879,0.5528896443514644,41.21422558922556,33162.43147370518,338.39215789495086,0
4638,128.13841412328472,1,0,479,0.0020876826722338203,0.0,1.0,479,12150,8500,3650,0.6995884773662552,158,85,73,157.47471407101477,0.3915322193202366,0.8737646879467096,0.09914152991965101,4293843.217386141,27284.346584727748,4321127.563970869,4637,0,2881.480167014614,100,379,80,37.0433448866579,0.5543884829505915,41.12004950495046,33172.46630474962,331.7246630474962,0
4639,128.57576734317774,0,0,479,0.0,0.0,1.0,479,14350,10800,3550,0.7526132404181185,179,108,71,157.74341976277037,0.39173530978939736,0.8747015750635618,0.0995755337252473,4311641.6918728985,25876.62105355123,4337518.31292645,4638,1,2882.480167014614,103,376,76,36.940490924092394,0.5557150313152401,41.02564102564099,33297.82692733525,323.27987308092474,0
4640,128.88324608397647,2,0,481,0.004158004158004158,0.0,1.0,481,12800,9700,3100,0.7578125,159,97,62,155.84070541650564,0.3928967428967429,0.8726964703643205,0.09883751123958025,4327496.123420468,25880.0097122058,4353376.133132674,4639,0,2871.4906444906446,110,371,80,36.8211474855749,0.5573458073458073,40.85960960960957,33398.85470498189,303.6259518634717,0
4641,129.33365648715832,0,3,478,0.0,0.006237006237006237,0.9937629937629937,481,13100,9500,3600,0.7251908396946565,167,95,72,159.11498624904,0.39279965061215066,0.875265177539573,0.10127525575730946,4346840.59924604,29029.496435158246,4375870.095681198,4640,1,2872.4906444906446,114,367,59,36.608380207059554,0.5586451836451836,40.73369565217388,33531.85914521628,294.1391153089147,0
4642,128.80533633714367,0,0,478,0.0,0.0,1.0,478,13200,9900,3300,0.75,165,99,66,154.09454087522488,0.3926081806326734,0.8716066297142739,0.0947761701747544,4288395.258949907,23363.659703877034,4311758.918653783,4641,2,2885.9916317991633,111,367,72,37.97865230972547,0.5441727684797768,41.95498511904765,33237.57493186477,299.43761199878173,8
4643,128.49521564750228,0,0,478,0.0,0.0,1.0,478,13700,10000,3700,0.7299270072992701,174,100,74,156.91122918193196,0.3931476401205816,0.8749152749393354,0.09682024124083755,4281924.558976577,25076.40916266483,4307000.968139241,4642,3,2886.9916317991633,114,364,61,37.7879284937371,0.5456982217573222,41.83876811594205,33172.48316276721,290.98669441023867,0
4644,128.15681879072537,0,1,477,0.0,0.0020920502092050207,0.997907949790795,478,11300,7900,3400,0.6991150442477876,147,79,68,158.3006627435783,0.39336866866076625,0.8763153257980605,0.0979535573017373,4274006.091260719,28415.59936333271,4302421.690624052,4643,4,2887.9916317991633,117,361,62,37.64897229058424,0.5468532078103208,41.737288135593225,33098.127564808194,282.88997918639484,0
4645,127.89272342372794,1,1,477,0.0020920502092050207,0.0020920502092050207,0.997907949790795,478,11500,8400,3100,0.7304347826086957,146,84,62,156.80019106353095,0.3937886137499305,0.8755566536538306,0.0974025182462333,4269800.960894848,26801.121294310822,4296602.0821891595,4644,0,2884.8912133891213,90,388,68,37.5462368211216,0.548073570432357,41.59798534798532,33047.73739202392,367.1970821335991,0
4646,128.36223248085165,1,0,478,0.0020920502092050207,0.0,1.0,478,11300,7100,4200,0.6283185840707964,155,71,84,157.41732036802216,0.3938928690473058,0.8754388231006638,0.09825874136894262,4291201.020938039,28201.873175315526,4319402.894113354,4645,0,2885.86820083682,94,384,71,37.35502713934357,0.5491849721059971,41.42543859649119,33191.20796451099,353.0979570692659,0
4647,128.61925934559608,1,1,478,0.0020876826722338203,0.0020876826722338203,0.9979123173277662,479,13250,9400,3850,0.7094339622641509,171,94,77,157.0838570685699,0.3944753932967042,0.8753908990005781,0.09835219525283595,4303437.257028801,26150.104597332436,4329587.361626134,4646,0,2880.84133611691,97,382,73,37.252391762885026,0.5504088378566458,41.31590136054418,33271.757171489466,343.00780589164395,0
4648,129.00255243917647,0,0,478,0.0,0.0,1.0,478,13500,10100,3400,0.7481481481481481,169,101,68,154.4464340870336,0.3947873996005953,0.8732098036930112,0.09702482728392565,4320234.007456073,24348.947374623443,4344582.954830696,4647,1,2886.0585774058577,101,377,76,37.19977376160784,0.5520179567642957,41.19689542483657,33386.26106937878,330.557040290879,0
4649,129.2044654826616,2,0,480,0.004166666666666667,0.0,1.0,480,13700,10600,3100,0.7737226277372263,168,106,62,154.09255776489368,0.39546200852470426,0.8740265159977172,0.09747098248821162,4335157.59584241,23903.10445145129,4359060.700293861,4648,0,2875.0291666666667,107,373,72,36.9612095713257,0.5536892361111111,40.9529320987654,33470.03794302934,312.80409292550786,0
4650,128.8109068844846,2,0,482,0.004149377593360996,0.0,1.0,482,12250,9300,2950,0.7591836734693878,152,93,59,162.22861733490566,0.3960172768523391,0.8809716334202857,0.10178591392785868,4312329.162991183,31266.63952100914,4343595.802512192,4649,0,2864.0954356846473,97,385,67,37.04369317559424,0.5482581258644537,41.241496598639436,33330.91748720099,343.61770605361846,8
4651,129.1339515766562,0,0,482,0.0,0.0,1.0,482,13100,9100,4000,0.6946564885496184,171,91,80,163.11146557413042,0.3964236239910514,0.8810915284236536,0.10261569416498972,4326341.179063297,31635.170058143118,4357976.34912144,4650,1,2865.0954356846473,101,381,69,36.92362508383627,0.5496412517289073,41.1458333333333,33426.86142374861,330.959023997511,0
4652,129.0484520582885,1,2,481,0.002070393374741201,0.004140786749482402,0.9958592132505176,483,13450,9300,4150,0.6914498141263941,176,93,83,159.66529514360553,0.3969939921365142,0.879115420384476,0.10095946229042292,4329495.037295635,28204.020590514527,4357699.05788615,4651,0,2860.1614906832297,106,377,67,36.82985380336741,0.5510912698412698,40.96573208722738,33427.97130419479,315.3582198508943,0
4653,128.6426092564651,0,1,480,0.0,0.002079002079002079,0.997920997920998,481,12350,8600,3750,0.6963562753036437,161,86,75,159.08599118446278,0.39650305353430354,0.8779967744111186,0.10090761245888029,4319554.718704127,28886.12878011285,4348440.847484239,4652,1,2873.035343035343,112,369,73,36.73283058243216,0.5520833333333333,40.85545722713862,33337.03015687419,297.652054972091,0
4654,128.4254588711882,0,0,480,0.0,0.0,1.0,480,13100,10000,3100,0.7633587786259542,162,100,62,160.22545883551766,0.39632616779749474,0.8791834105253584,0.10183680461571754,4314645.118466943,29163.198763758683,4343808.317230701,4653,2,2880.0041666666666,117,363,59,36.63059642192256,0.5531467013888889,40.78389830508475,33289.94680697012,284.5294598886335,0
4655,128.0094298177797,0,0,480,0.0,0.0,1.0,480,13600,10100,3500,0.7426470588235294,171,101,70,161.75022319542956,0.39638388714915335,0.8812219197485778,0.10309437628211501,4303941.593671897,29632.702679305687,4333574.296351203,4654,3,2881.0041666666666,120,360,61,36.490840028329266,0.5544270833333333,40.68526170798899,33194.731792107275,276.6227649342273,0
4656,127.58995527735867,0,0,480,0.0,0.0,1.0,480,12550,8800,3750,0.701195219123506,163,88,75,160.83385668240118,0.39646743070053353,0.8808118337211241,0.10292897239771011,4294574.612937488,29592.59956181388,4324167.212499302,4655,4,2882.0041666666666,87,393,64,36.36917932691579,0.5553385416666667,40.54214015151517,33104.21673442757,380.5082383267537,0
4657,127.36238883745142,1,0,481,0.002079002079002079,0.0,1.0,481,13150,9400,3750,0.714828897338403,169,94,75,154.5296117336456,0.39717205185955184,0.8756865176571818,0.09949013016943506,4293860.806999455,23355.72866878977,4317216.535668245,4656,0,2877.010395010395,95,386,68,36.31939221093978,0.5568910256410257,40.33203125000002,33071.932804568954,348.12560846914687,0
4658,126.95466155176561,0,1,480,0.0,0.002079002079002079,0.997920997920998,481,12500,8700,3800,0.696,163,87,76,154.07401720581726,0.39742597164472165,0.8745848942689749,0.09953133136608257,4283985.389036604,23310.16770798072,4307295.556744585,4657,1,2878.010395010395,98,383,72,36.21202916160388,0.5580171517671517,40.2146464646465,32980.96163418703,336.54042483864316,0
4659,127.11597762072518,0,0,480,0.0,0.0,1.0,480,12500,9100,3400,0.728,159,91,68,156.1577035837547,0.39722367200185577,0.8748840737348276,0.1013284831426842,4294552.997689623,25625.506807590078,4320178.504497213,4658,2,2884.983333333333,104,376,70,36.00035302648651,0.5592013888888889,40.05952380952384,33042.587754149616,317.7171899437463,0
4660,126.8550684941035,0,0,480,0.0,0.0,1.0,480,11800,7600,4200,0.6440677966101694,160,76,84,158.20093150718174,0.39749487140454653,0.8756370420285493,0.10296937822660555,4289242.683405049,27912.43759501019,4317155.121000059,4659,3,2885.983333333333,106,374,73,35.83930755216132,0.5602213541666667,39.95327102803741,32988.24561540631,311.20986429628596,0
4661,127.0900833769164,0,0,480,0.0,0.0,1.0,480,14450,11400,3050,0.7889273356401384,175,114,61,159.98981964947862,0.39761157866504293,0.8764910744077405,0.10446394106524837,4300809.404169605,27167.14418397606,4327976.548353581,4660,4,2886.983333333333,111,369,72,35.68151484818156,0.5616970486111111,39.843750000000014,33063.27950352609,297.8673829146495,0
4662,127.14494810809418,1,0,481,0.002079002079002079,0.0,1.0,481,13200,8400,4800,0.6363636363636364,180,84,96,184.00156164944994,0.3981583145645646,0.8871755380311641,0.11476739891896741,4249637.130254173,46987.97368205061,4296625.103936223,4661,0,2881.97920997921,96,385,59,36.69456443484525,0.5479253291753292,41.451890034364254,32873.08602502647,342.42797942735905,8
4663,126.98986286905216,2,0,483,0.004140786749482402,0.0,1.0,483,12050,8800,3250,0.7302904564315352,153,88,65,176.27597685791565,0.3990518571972658,0.886084038393697,0.105058437440067,4190377.790829279,39082.58769643136,4229460.378525711,4662,0,2871.041407867495,99,384,71,38.575710269510445,0.5266131815044859,43.1041666666667,32623.16664663132,329.5269358245588,8
4664,126.90596966571177,2,0,485,0.004123711340206186,0.0,1.0,485,12150,8000,4150,0.6584362139917695,163,80,83,172.36627969024406,0.40010579080401015,0.8841260319430975,0.10326867127766921,4193913.3453007285,35427.84813455185,4229341.193435281,4663,0,2860.19793814433,107,378,55,38.47953010692181,0.5281572164948454,42.910879629629655,32626.144111107078,304.91723468324375,0
4665,126.73711281266502,2,0,487,0.004106776180698152,0.0,1.0,487,13150,9400,3750,0.714828897338403,169,94,75,172.26966513137236,0.4010634522270388,0.8858332848390118,0.10378196899377898,4194935.175557704,33982.01558822952,4228917.191145933,4664,0,2849.4476386036963,114,373,59,38.27597840755739,0.5300735797399041,42.70833333333336,32608.402984092278,286.03862266747615,0
4666,127.0264435973175,3,0,490,0.006122448979591836,0.0,1.0,490,13700,9200,4500,0.6715328467153284,182,92,90,168.62610132811045,0.40268439686713126,0.881945470401577,0.10232101408798974,4213113.403777876,30388.177546454324,4243501.5813243305,4665,0,2832.995918367347,98,392,65,38.1022414685296,0.5320578231292517,42.44528619528621,32716.259326337884,333.8393808809988,0
4667,127.14653512023942,2,0,492,0.0040650406504065045,0.0,1.0,492,12000,8200,3800,0.6833333333333333,158,82,76,165.59974284891052,0.4037273738954294,0.8794474831177566,0.10085470856976517,4221478.504907699,29415.150970984723,4250893.6558786845,4666,0,2822.4756097560976,104,388,70,38.04419313442415,0.5333883807588076,42.31150793650796,32764.198906232614,315.04037409839054,0
4668,126.7211874170304,1,0,493,0.002028397565922921,0.0,1.0,493,14550,10200,4350,0.7010309278350515,189,102,87,165.7151425934728,0.40432037687516836,0.8804004568088284,0.10138026641431931,4212690.957740383,26471.33655283691,4239162.29429322,4667,0,2817.7484787018257,105,388,68,37.8751969079106,0.5347996957403651,42.14819182389938,32675.28730970398,311.19321247337126,0
4669,127.20911236058674,1,1,493,0.0020242914979757085,0.0020242914979757085,0.9979757085020243,494,13600,9900,3700,0.7279411764705882,173,99,74,187.31966004360925,0.4049575295705327,0.8985090285043122,0.11131501811280274,4194089.448172385,44727.08192482886,4238816.530097214,4668,0,2813.0425101214573,90,404,63,38.40185218205324,0.52652665317139,43.21199633699635,32665.77401081795,362.9530445646439,8
4670,127.37927855880616,3,1,495,0.006048387096774193,0.0020161290322580645,0.9979838709677419,496,11650,8000,3650,0.6866952789699571,153,80,73,183.77871778069442,0.40582114831106764,0.8971440545215061,0.10974896275952706,4205638.637779172,43731.375260000714,4249370.013039173,4669,0,2802.689516129032,96,400,64,38.3079457283352,0.528351814516129,43.03049828178695,32732.589740481966,340.96447646335383,0
4671,127.83651413674973,2,0,497,0.004024144869215292,0.0,1.0,497,14850,11200,3650,0.7542087542087542,185,112,73,189.24573621558153,0.40638707919560374,0.9002239943791734,0.11366365309310944,4227666.580961258,45763.57491760516,4273430.155878863,4670,0,2798.040241448692,102,395,54,37.952549482238865,0.5301601274312542,42.8195792880259,32877.048488041626,322.3240047847218,0
4672,128.00554665837413,3,2,498,0.006,0.004,0.996,500,13200,9500,3700,0.7196969696969697,169,95,74,190.63629496909752,0.40720733132932535,0.9026232401765082,0.1155717360201187,4244497.3698723735,48631.05051970898,4293128.420392082,4671,0,2782.246,76,424,60,37.569057750227664,0.5319791666666667,42.478354978354965,32964.1989473593,433.73945983367497,0
4673,127.96676398441981,2,1,499,0.004,0.002,0.998,500,14150,10600,3550,0.7491166077738516,177,106,71,183.45600823152697,0.4076028724114897,0.8983025840912378,0.11176778971150172,4249120.413733728,41755.33391973505,4290875.747653463,4672,0,2783.224,83,417,63,37.571429430730014,0.5335833333333333,42.29910714285711,32977.14933482391,397.3150522267941,0
4674,127.73774404776847,0,1,498,0.0,0.002004008016032064,0.9979959919839679,499,14150,10200,3950,0.7208480565371025,181,102,79,181.5598435368113,0.4075089603571265,0.8964909040243507,0.11100580661843423,4245756.008193339,40221.75930861095,4285977.76750195,4673,1,2789.7875751503007,90,409,65,37.4891782099094,0.5349240146960588,42.17032967032965,32934.58043649175,365.9397826276861,0
4675,128.23046679725348,0,0,498,0.0,0.0,1.0,498,13100,8600,4500,0.6564885496183206,176,86,90,181.75475436545972,0.4074877646063799,0.8966954297406149,0.11148103866573848,4265962.834036102,42371.80540648138,4308334.639442583,4674,2,2796.3694779116468,93,405,62,37.366239564090435,0.5361864123159303,42.05452127659572,33076.46914494289,355.66095854777296,0
4676,128.27414579708633,1,0,499,0.002004008016032064,0.0,1.0,499,12650,9700,2950,0.766798418972332,156,97,59,180.88676600972119,0.4081717652171814,0.8963123618186126,0.11144046865439113,4272701.029410721,42125.014267302875,4314826.043678024,4675,0,2791.763527054108,104,395,65,37.22606052452886,0.5377839011356045,41.89484126984128,33108.218761932636,318.34825732627536,0
4677,128.34190174124646,1,0,500,0.002,0.0,1.0,500,13950,10200,3750,0.7311827956989247,177,102,75,179.96152848239535,0.4084445557782231,0.8963279671366706,0.11125006774474554,4279035.086800548,40062.338930085636,4319097.425730634,4676,0,2787.178,108,392,57,37.12467463577711,0.53925,41.7717889908257,33141.49968415746,306.86573781627277,0
4678,128.8078752482069,1,0,501,0.001996007984031936,0.0,1.0,501,13450,9700,3750,0.7211895910780669,172,97,75,166.01665725417743,0.4089537591483699,0.8810338448442527,0.10198582535623256,4287032.719537116,28693.768327368904,4315726.487864485,4677,0,2782.6127744510977,112,389,67,37.71527083035591,0.5428933799068529,41.99852507374633,33232.62179615452,296.71983746566536,8
4679,128.6493027780462,1,0,502,0.00199203187250996,0.0,1.0,502,13050,8800,4250,0.6743295019157088,173,88,85,167.1130179902321,0.4093594020458419,0.8832055524246449,0.10313567686340477,4287297.463459911,29842.6436281301,4317140.107088041,4678,0,2778.067729083665,119,383,54,37.517267128430994,0.5444887118193891,41.831597222222214,33213.18501668281,279.10239509817484,0
4680,128.41416549390425,1,1,502,0.0019880715705765406,0.0019880715705765406,0.9980119284294234,503,14000,9900,4100,0.7071428571428572,181,99,82,172.2334243572954,0.4098937252976167,0.8882039257378938,0.10695344155803481,4286809.251885774,33066.367403762175,4319875.619289536,4679,0,2773.5427435387674,91,412,60,37.1597158319092,0.5460984095427435,41.61005434782604,33180.929242938655,364.62559607624894,0
4681,128.023313442008,2,0,504,0.003968253968253968,0.0,1.0,504,13200,9400,3800,0.7121212121212122,170,94,76,169.51031610372434,0.41067697650078366,0.8863704534337467,0.10579236368961722,4279706.173133036,31090.869247766772,4310797.042380803,4680,0,2767.4523809523807,96,408,65,37.04739111775611,0.5475363756613756,41.43041237113399,33102.93536358071,344.8222433706324,0
4682,127.99291501147455,0,1,503,0.0,0.001984126984126984,0.998015873015873,504,14650,10500,4150,0.7167235494880546,188,105,83,165.477033565757,0.41096312337614527,0.8829838258700053,0.10369412365365072,4283468.743012595,26313.140193072555,4309781.883205667,4681,1,2768.4523809523807,103,401,69,37.00493612078979,0.548900462962963,41.28605769230768,33113.551630071815,321.4907925249691,0
4683,128.03174530301013,0,0,503,0.0,0.0,1.0,503,14450,10400,4050,0.7197231833910035,185,104,81,166.83552667624804,0.4108897412338717,0.8825645442798131,0.1048866433611107,4288607.687721778,28048.424457772802,4316656.11217955,4682,2,2771.618290258449,106,397,74,36.85197026115519,0.5503230616302187,41.170171339563844,33138.43469987445,312.6267424516458,0
4684,128.30272996912387,2,0,505,0.0039603960396039604,0.0,1.0,505,13600,9900,3700,0.7279411764705882,173,99,74,166.50208547013963,0.41165379930850227,0.8820995055855481,0.10520086859178966,4303564.505496552,28710.493024087704,4332274.99852064,4683,0,2761.6376237623763,115,390,73,36.68065764079089,0.5519595709570957,40.9931752873563,33231.282691266235,288.96767557622815,0
4685,127.86785303243934,3,2,506,0.005905511811023622,0.003937007874015748,0.9960629921259843,508,15650,10800,4850,0.6900958466453674,205,108,97,165.72654495431095,0.4124108769872701,0.8833007174817638,0.10526455910469021,4295149.869688298,25114.06959287879,4320263.939281177,4684,0,2746.3228346456694,125,383,54,36.51136025346603,0.5535802165354331,40.80687830687829,33142.467991674945,265.13974393339953,0
4686,127.45856596163935,2,0,508,0.003937007874015748,0.0,1.0,508,13950,9700,4250,0.6953405017921147,182,97,85,167.69747934904925,0.4125043841598202,0.8871418631097265,0.10692422519147177,4285847.22932078,28195.155446440112,4314042.38476722,4685,0,2747.2893700787404,131,377,56,36.32348913638854,0.555056594488189,40.672348484848484,33053.53057632094,252.31702730015985,0
4687,127.1671836431586,1,0,509,0.0019646365422396855,0.0,1.0,509,14300,10200,4100,0.7132867132867133,184,102,82,168.39306042758383,0.41308400883828617,0.8875280818180162,0.1078526231666393,4281266.898492777,28087.127108902725,4309354.025601679,4686,0,2742.8899803536347,93,416,62,36.144623334472165,0.556544695481336,40.51418439716314,32998.080365561,354.8180684468925,0
4688,127.16608138110621,2,0,511,0.003913894324853229,0.0,1.0,511,13650,10100,3550,0.73992673992674,172,101,71,165.64551399098227,0.41385371500198254,0.8862055779094282,0.10682332852330173,4289147.785156826,26245.61789111804,4315393.4030479435,4687,0,2733.150684931507,100,411,68,35.97210088816532,0.5581172537508154,40.27433993399342,33028.29442471555,330.28294424715546,0
4689,126.97086120354118,0,1,510,0.0,0.0019569471624266144,0.9980430528375734,511,13600,9500,4100,0.6985294117647058,177,95,82,163.63257653405242,0.413947725208805,0.8856729399542962,0.10601184677475908,4287846.488940947,24526.273753581358,4312372.762694528,4688,1,2734.150684931507,103,408,72,35.861604103236125,0.5592384213959556,40.11418269230772,32997.92603814423,320.36821396256533,0
4690,126.8190446688613,2,0,512,0.00390625,0.0,1.0,512,15700,11800,3900,0.7515923566878981,196,118,78,181.882161268596,0.41427248004831213,0.8960170233749414,0.11421065103806158,4246603.046887374,36376.26804353567,4282979.314930909,4689,0,2729.775390625,93,419,64,36.50543648924475,0.5467325846354167,41.21232269503545,32819.206007889064,352.8946882568717,8
4691,126.92511914812098,1,0,513,0.001949317738791423,0.0,1.0,513,13900,10700,3200,0.7697841726618705,171,107,64,183.39122079269032,0.4147043407854126,0.8957834763928947,0.11549375448180563,4253549.268469634,39512.718609300166,4293061.987078934,4690,0,2725.4522417153994,98,415,63,36.361173203278454,0.547961338531514,41.10900673400673,32859.770166661576,335.3037772108324,0
4692,126.49521494188397,0,1,512,0.0,0.001949317738791423,0.9980506822612085,513,13600,9700,3900,0.7132352941176471,175,97,78,183.14852689922955,0.4149811604024529,0.8961618968092331,0.11573197439960885,4243070.604529269,39222.42614979081,4282293.03067906,4691,1,2726.4522417153994,102,411,64,36.24533078234608,0.5493827160493827,40.9890776699029,32763.64229244107,321.2121793376575,0
4693,126.43039304624283,4,0,516,0.007751937984496124,0.0,1.0,516,14600,10600,4000,0.726027397260274,186,106,80,195.32762579294814,0.4161426582373749,0.9048152633352609,0.11750724353370381,4183102.8309686366,45615.108884172514,4228717.9398528095,4692,0,2711.5833333333335,120,396,53,37.73537811095119,0.5326631136950905,42.75998622589531,32522.956048680888,271.0246337390074,8
4694,126.02762961928458,2,0,518,0.003861003861003861,0.0,1.0,518,14250,10200,4050,0.7157894736842105,183,102,81,194.2421185462579,0.4168948324533431,0.9043970657169771,0.11768005694428295,4178131.143972859,44463.808993877356,4222594.952966736,4693,0,2702.110038610039,85,433,59,37.500734982830814,0.5340452059202059,42.50242248062015,32451.809327475352,381.7859920879453,0
4695,126.02791428892499,4,0,522,0.007662835249042145,0.0,1.0,522,14050,10600,3450,0.7544483985765125,175,106,69,184.7644001895652,0.41829917108517617,0.8998464797409274,0.11273924313770425,4186566.5652491944,36255.692056390835,4222822.257305585,4694,0,2682.396551724138,93,429,67,37.480474347950725,0.5359394955300127,42.24290780141844,32484.58872296537,349.2966529351115,0
4696,126.60488241145923,3,2,523,0.005714285714285714,0.0038095238095238095,0.9961904761904762,525,15450,11000,4450,0.7119741100323624,199,110,89,178.31829171991046,0.41914046407367017,0.8963640898800245,0.10932979057669175,4211413.626432222,29744.41671827004,4241158.043150492,4695,0,2668.062857142857,100,425,68,37.469510976048625,0.5375793650793651,42.06889438943895,32655.337296082867,326.55337296082865,0
4697,126.37928270271229,2,0,525,0.0038095238095238095,0.0,1.0,525,14400,10100,4300,0.7013888888888888,187,101,86,175.75660547469926,0.41959272385799107,0.8943398448726694,0.10824763156340356,4209234.461164643,28560.15210828595,4237794.613272929,4696,0,2669.007619047619,108,417,69,37.36940114291363,0.5390873015873017,41.905581039755376,32617.78753776934,302.01655127564203,0
4698,126.1100150931292,1,1,525,0.0019011406844106464,0.0019011406844106464,0.9980988593155894,526,14950,10400,4550,0.6956521739130435,195,104,91,179.99308826147177,0.42001508841813023,0.8982219566745302,0.11131459753437349,4205095.563194116,31227.627370785878,4236323.190564902,4697,0,2664.9315589353614,114,412,58,37.1090553022332,0.5404388466413181,41.75724637681162,32566.99755711192,285.67541716764845,0
4699,126.0435106062056,0,1,524,0.0,0.0019047619047619048,0.9980952380952381,525,14400,10100,4300,0.7013888888888888,187,101,86,182.75912979965423,0.42005119350539194,0.9004647170953375,0.11346565055052625,4207423.154988886,34388.998900934974,4241812.153889821,4698,1,2671.0057142857145,84,441,60,36.895473660911854,0.5417857142857143,41.61764705882349,32567.418843397176,387.7073671832997,0
4700,125.83744072416248,1,2,523,0.0019047619047619048,0.0038095238095238095,0.9961904761904762,525,14800,10400,4400,0.7027027027027027,192,104,88,184.2194748920032,0.4202335514358415,0.9004746519984419,0.11520728024314339,4209003.8402499,35276.09545385058,4244279.935703751,4699,0,2671.9961904761903,90,435,63,36.592904034815966,0.5434325396825397,41.3576007326007,32546.897586566163,361.6321954062907,0
4701,126.35501975174671,1,1,523,0.0019083969465648854,0.0019083969465648854,0.9980916030534351,524,12900,8600,4300,0.6666666666666666,172,86,86,184.18835398820195,0.42043176720719666,0.8999489673089875,0.11584077469836344,4232891.699850193,38229.87096114318,4271121.570811337,4700,0,2676.43893129771,97,427,66,36.38886607533946,0.5448075699745547,41.15646258503398,32706.180282679543,337.17711631628396,0
4702,126.19487260947781,2,0,525,0.0038095238095238095,0.0,1.0,525,16000,11300,4700,0.70625,207,113,94,184.41322313009158,0.4208452986792681,0.900791950406862,0.11643953849684875,4232086.311393735,35090.535449769974,4267176.846843505,4701,0,2672.3161904761905,100,425,66,36.24092363240546,0.5465079365079365,41.01691419141911,32682.337521622918,326.8233752162292,0
4703,126.7356478309062,2,0,527,0.003795066413662239,0.0,1.0,527,13300,8900,4400,0.6691729323308271,177,89,88,183.35528749109253,0.4211524147252425,0.902318982108196,0.11647273513930735,4257227.117151607,37417.02039603928,4294644.137547646,4702,0,2663.1707779886146,104,423,54,36.051067860833605,0.5480510752688172,40.803571428571395,32849.42729045676,315.85987779285347,0
4704,126.91175845884938,2,3,526,0.003780718336483932,0.005671077504725898,0.994328922495274,529,13500,10000,3500,0.7407407407407407,170,100,70,183.88562827885235,0.42184605984227913,0.9044518712710845,0.11749210669470209,4269887.190533402,37734.17774221224,4307621.368275614,4703,0,2654.0982986767485,78,451,57,35.82861027804604,0.5499369880277253,40.59862869198314,32921.08417933749,422.0651817863781,0
4705,126.62555993988755,0,0,526,0.0,0.0,1.0,526,14550,10300,4250,0.7079037800687286,188,103,85,184.07243726326593,0.4216822831794315,0.9042749668826273,0.118171694456799,4265729.912543994,37290.66034175833,4303020.572885753,4704,1,2664.5627376425855,80,446,60,35.65416914387634,0.5511921736375158,40.4320987654321,32867.93083624861,410.84913545310764,0
4706,126.23862094589985,0,0,526,0.0,0.0,1.0,526,14700,10100,4600,0.6870748299319728,193,101,92,184.88804610833137,0.4219966503711751,0.9048488756790845,0.11933682976083208,4258863.766875765,37582.60009984589,4296446.366975611,4705,2,2665.5627376425855,81,445,63,35.44132270474699,0.5525982256020279,40.24390243902439,32791.251538386176,404.8302659060022,0
4707,126.03638050936742,0,0,526,0.0,0.0,1.0,526,14000,9300,4700,0.6642857142857143,187,93,94,189.18419381427742,0.42203814352103325,0.9059779545508748,0.12240684960159101,4254810.636087871,41788.5840041401,4296599.220092012,4706,3,2666.5627376425855,84,442,63,35.24353865019101,0.5537864385297846,40.15931372549021,32749.3796071094,389.8735667513024,0
4708,126.16806251826644,1,0,527,0.0018975332068311196,0.0,1.0,527,14750,10800,3950,0.7322033898305085,187,108,79,187.43939645070932,0.42221662061120285,0.9059129491200739,0.12192719045995709,4265334.818822326,39748.35682005133,4305083.175642378,4707,0,2662.5009487666034,87,440,63,35.100045902186594,0.5549889310562934,39.97395833333335,32806.981881377535,377.09174576296016,0
4709,126.32415541659657,2,0,529,0.003780718336483932,0.0,1.0,529,13800,9800,4000,0.7101449275362319,178,98,80,162.00923167216797,0.4227396245059289,0.885349341268518,0.10562043624912033,4273148.128758987,18857.889032322597,4292006.01779131,4708,0,2653.4310018903593,112,417,73,35.682842477081586,0.5618501890359169,39.89675516224191,32857.32272524631,293.3689529039849,8
4710,126.24316978509854,1,1,529,0.0018867924528301887,0.0018867924528301887,0.9981132075471698,530,14850,11200,3650,0.7542087542087542,185,112,73,163.96037091726888,0.4230219590778852,0.8865862509007723,0.10737182708536085,4275484.12152975,19351.99248338287,4294836.114013133,4709,0,2649.422641509434,117,413,57,35.47503561495149,0.563246855345912,39.74223163841809,32855.76563916221,280.8185097364291,0
4711,126.3966559588256,1,1,529,0.0018867924528301887,0.0018867924528301887,0.9981132075471698,530,12400,8500,3900,0.6854838709677419,163,85,78,163.27894142517533,0.42308311338588295,0.8869964502967878,0.10726170459777008,4284238.526977422,21505.18629956636,4305743.713276988,4710,0,2650.3830188679244,122,408,62,35.38292024460058,0.5646029874213836,39.634146341463435,32909.373228304314,269.7489608877403,0
4712,126.77579608676352,0,0,529,0.0,0.0,1.0,529,16100,12000,4100,0.7453416149068323,202,120,82,161.95234054398802,0.4226953192129232,0.8850919721019492,0.10677874656205305,4301223.746333061,17418.65058440377,4318642.396917464,4711,1,2656.38752362949,97,432,65,35.290214700561776,0.5660247321991179,39.50892857142857,33023.96295385109,340.4532263283618,0
4713,127.31747417579905,3,1,531,0.005639097744360902,0.0018796992481203006,0.9981203007518797,532,13100,8900,4200,0.6793893129770993,173,89,84,158.78932578781615,0.42353964891041157,0.8857095072460928,0.1057282749383923,4330760.718474535,18035.714926986184,4348796.433401521,4712,0,2642.402255639098,103,429,72,35.03101679402994,0.5679237155388471,39.172676282051285,33207.87605180274,322.4065636097354,0
4714,126.91309690122144,0,0,531,0.0,0.0,1.0,531,14300,10100,4200,0.7062937062937062,185,101,84,159.79328447173503,0.42344025749446285,0.8871512742793513,0.10678868279330604,4321146.332406403,17598.033027642272,4338744.365434045,4713,1,2647.9510357815443,104,427,74,34.877775243308996,0.5689344005021971,39.04761904761905,33118.274810414034,318.4449501001349,0
4715,127.20140007415975,0,1,530,0.0,0.0018832391713747645,0.9981167608286252,531,15000,10500,4500,0.7,195,105,90,158.24517478183745,0.4236401295763304,0.8867104300574293,0.1061989403581372,4335688.94261392,16020.370904724292,4351709.313518644,4714,2,2648.9510357815443,105,426,75,34.773569134454924,0.5705626177024482,38.90526729559749,33211.615551988594,316.30110049512945,0
4716,127.36611209028601,2,2,530,0.0037593984962406013,0.0037593984962406013,0.9962406015037594,532,14950,10200,4750,0.6822742474916388,197,102,95,157.27604980968943,0.4238557345576748,0.8868868511672026,0.10608857453113993,4347040.479378715,15387.070991900584,4362427.550370616,4715,0,2644.9323308270677,108,424,59,34.62369082019582,0.5721138784461153,38.732798165137616,33276.58771441448,308.1165529112452,0
4717,127.6242181584014,0,0,530,0.0,0.0,1.0,530,14850,9900,4950,0.6666666666666666,198,99,99,160.61986521578544,0.42338940507186934,0.8886929759693374,0.10872642389237476,4359807.4686190225,19204.3375952728,4379011.806214295,4716,1,2655.8547169811322,114,416,64,34.41575412089502,0.5733687106918239,38.614130434782616,33359.16724091487,292.62427404311285,0
4718,127.37013811827399,0,0,530,0.0,0.0,1.0,530,14600,10300,4300,0.7054794520547946,189,103,86,164.02244327037022,0.42343502930651167,0.8916509647496964,0.11134774959565036,4354329.05537359,22241.538093107436,4376570.593466698,4717,2,2656.8547169811322,87,443,65,34.22910064886073,0.5745479559748428,38.517992424242415,33304.99942036767,382.8160852915824,0
4719,126.92842039164067,0,0,530,0.0,0.0,1.0,530,15350,10200,5150,0.6644951140065146,205,102,103,164.5223309755123,0.42338806755358993,0.8923711223600055,0.11215515902090936,4343882.172623649,21583.124104602783,4365465.296728252,4718,3,2657.8547169811322,88,442,68,34.07353971875515,0.5760809748427673,38.37780898876404,33207.29144445619,377.3555845960931,0
4720,126.57617167527305,0,0,530,0.0,0.0,1.0,530,16500,12000,4500,0.7272727272727273,210,120,90,188.15775045175576,0.4232046046295966,0.9043057764644693,0.12492277171902996,4302304.984435371,39402.40552574649,4341707.389961118,4719,4,2658.8547169811322,89,441,61,34.36501198561725,0.5613600628930817,39.27083333333332,33002.099760750745,370.8101096713567,8
4721,126.71149911778858,0,2,528,0.0,0.0037735849056603774,0.9962264150943396,530,16600,12600,4000,0.7590361445783133,206,126,80,187.84505341330467,0.42327029163843016,0.903940302335648,0.12519457976639847,4311225.875044085,39368.4909548958,4350594.365998981,4720,5,2659.8547169811322,93,437,63,34.239946190880794,0.5628930817610063,39.14007092198582,33053.952673235195,355.4188459487655,0
4722,127.12824154660899,0,0,528,0.0,0.0,1.0,528,15000,10900,4100,0.7266666666666667,191,109,82,188.48406523729898,0.4228042252458168,0.9037488529135995,0.12612656171606057,4329937.44971165,42624.84254897513,4372562.2922606245,4721,6,2670.8011363636365,96,432,63,34.08406709457975,0.5642558396464646,39.00343642611684,33180.03417685556,345.6253560089121,0
4723,127.26169235217564,0,0,528,0.0,0.0,1.0,528,15300,11000,4300,0.7189542483660131,196,110,86,186.90687657863938,0.4228079688009123,0.9035299404815866,0.1258171793344798,4341173.226641155,41379.02569566202,4382552.252336817,4722,7,2671.8011363636365,99,429,60,33.920114656031906,0.5657946654040404,38.80208333333333,33240.48891386248,335.76251428143917,0
4724,127.01320490079428,1,2,527,0.001890359168241966,0.003780718336483932,0.996219281663516,529,16900,12300,4600,0.727810650887574,215,123,92,186.49092738922226,0.4231658205399935,0.9037536738771457,0.12609763587372358,4337682.525065277,39087.687363890145,4376770.212429167,4723,0,2667.748582230624,103,426,55,33.77793693072215,0.5675606490233145,38.651842948717956,33194.66702199956,322.2783206019375,0
4725,127.03566709421771,0,2,525,0.0,0.003795066413662239,0.9962049335863378,527,15500,11000,4500,0.7096774193548387,200,110,90,175.3718519025265,0.4226508707248384,0.8992171275843461,0.12187513871964101,4368839.58944625,32334.29789325071,4401173.887339501,4724,9,2678.7722960151805,104,423,66,33.13875964593734,0.579814990512334,37.73809523809521,33316.616024828414,320.3520771618117,8
4726,126.7380731459174,1,1,525,0.0019011406844106464,0.0019011406844106464,0.9980988593155894,526,16100,12200,3900,0.7577639751552795,200,122,78,179.3594366475529,0.4222310489468284,0.9017372507053989,0.12518006875707113,4363284.497315588,35219.24987430299,4398503.7471898915,4725,0,2684.722433460076,106,420,57,32.89091291335854,0.5812143536121672,37.59735202492209,33256.40599274744,313.73967917686264,0
4727,127.25995662507175,0,0,525,0.0,0.0,1.0,525,13850,9900,3950,0.7148014440433214,178,99,79,181.68022553243378,0.42199821277111355,0.9034052999483846,0.12713878472268322,4384180.998606446,40453.79852036525,4424634.797126811,4726,11,2690.8361904761905,107,418,60,32.740714373201044,0.5823214285714285,37.50964506172838,33404.51118394388,312.19169330788674,0
4728,127.65350493329693,0,0,525,0.0,0.0,1.0,525,14850,10800,4050,0.7272727272727273,189,108,81,179.518683371683,0.4219088513267903,0.9023569470361918,0.12595557315996936,4400616.576018489,38148.57875008917,4438765.154768578,4727,12,2691.8361904761905,81,444,60,32.71004676665053,0.583531746031746,37.42378048780488,33518.77473286652,413.81203373909284,0
4729,127.3734796747807,0,0,525,0.0,0.0,1.0,525,13250,8800,4450,0.6641509433962264,177,88,89,178.34067477444802,0.42187204652853505,0.9012428926794598,0.1257771074725061,4396613.227682381,38568.99394942882,4435182.22163181,4728,13,2692.8361904761905,84,441,64,32.569088152985096,0.5849007936507937,37.25490196078433,33466.75740474648,398.4137786279343,0
4730,126.91575828854901,0,1,524,0.0,0.0019047619047619048,0.9980952380952381,525,14950,10500,4450,0.7023411371237458,194,105,89,176.4322674290009,0.42189824912153157,0.8989837961111478,0.12501009513072947,4385856.8793867575,34811.334769859124,4420668.2141566165,4729,14,2693.8361904761905,91,434,67,32.46537498026041,0.5863492063492064,37.103713768115966,33365.68151836328,366.65584086113495,0
4731,127.35316231417818,0,0,524,0.0,0.0,1.0,524,16650,11700,4950,0.7027027027027027,216,117,99,179.2913172043417,0.42167719690666977,0.8997879418979373,0.12748143847803114,4404779.805726197,36497.75467274881,4441277.560398946,4730,15,2699.889312977099,95,429,67,32.27447673858936,0.587885655216285,36.99001736111114,33495.15300925998,352.5805579922103,0
4732,127.7188103842153,0,0,524,0.0,0.0,1.0,524,14550,11100,3450,0.7628865979381443,180,111,69,184.8815870791258,0.4217596021922847,0.9017523640069607,0.1319326517193372,4421362.39306813,44135.69925648162,4465498.092324612,4731,16,2700.889312977099,97,427,66,32.008138086581816,0.5891976781170484,36.87287414965989,33606.28349342353,346.45653086003637,0
4733,127.73731073219604,0,0,524,0.0,0.0,1.0,524,13300,9500,3800,0.7142857142857143,171,95,76,183.96702185560946,0.4217544328570247,0.9012470287978502,0.1316103824532159,4424732.73524527,44700.98076202101,4469433.71600729,4732,17,2701.889312977099,99,425,64,31.94950134557543,0.5903506679389313,36.79166666666669,33621.524662303775,339.61136022529064,0
4734,127.72891271097271,0,0,524,0.0,0.0,1.0,524,13700,10000,3700,0.7299270072992701,174,100,74,184.286555551418,0.421717411294207,0.9017412860958671,0.13244461570519234,4429408.455337305,44756.085472888415,4474164.540810193,4733,18,2702.889312977099,100,424,52,31.790679459565293,0.5916030534351144,36.64397689768978,33638.17848674408,336.3817848674408,0
4735,127.90114678233638,0,1,523,0.0,0.0019083969465648854,0.9980916030534351,524,15500,12300,3200,0.7935483870967742,187,123,64,185.51169270348873,0.42169240083390497,0.9024919112293204,0.13361088349384465,4437699.66461813,44349.03529860392,4482048.699916733,4734,19,2703.889312977099,106,418,55,31.688316887788453,0.592974713740458,36.5751557632399,33692.33966884026,317.8522610267949,0
4736,127.63902041401983,0,0,523,0.0,0.0,1.0,523,15350,11800,3550,0.7687296416938111,189,118,71,186.32786555316483,0.421413204593794,0.9014973889212461,0.12777715192916286,4374830.864866737,43080.57944134451,4417911.444308082,4735,20,2709.984703632887,91,432,63,33.300899498356664,0.5775971956660293,38.179347826086946,33418.53156763797,367.23661063338426,8
4737,127.8908256284929,0,0,523,0.0,0.0,1.0,523,14450,10200,4250,0.7058823529411765,187,102,85,186.37773766127864,0.421378101580185,0.9020354143870268,0.12825067205530222,4387285.861033248,44488.48265053787,4431774.343683786,4736,21,2710.984703632887,93,430,65,33.183277277150204,0.5788519757807521,38.065159574468076,33499.06300288871,360.2049785256851,0
4738,128.25044995308915,0,1,522,0.0,0.0019120458891013384,0.9980879541108987,523,14800,10700,4100,0.722972972972973,189,107,82,204.8424342833734,0.42139931601014874,0.9092255842699895,0.12925693495290996,4300278.917997923,56775.92033203418,4357054.838329957,4737,22,2711.984703632887,87,436,60,35.7346852097332,0.5430409496494583,41.03929924242426,33211.8263923266,381.74513094628276,8
4739,128.66265127984744,1,0,523,0.0019120458891013384,0.0,1.0,523,15100,10200,4900,0.6754966887417219,200,102,98,202.66311956510802,0.42179185927537616,0.9080257026331144,0.12841921576345178,4319044.11350406,55362.1907164103,4374406.30422047,4738,0,2712.3441682600383,93,430,63,35.639772759672724,0.5444550669216062,40.89095744680852,33337.65638547655,358.46942349974785,0
4740,128.66991626862662,3,2,524,0.005703422053231939,0.0038022813688212928,0.9961977186311787,526,13850,10200,3650,0.7364620938628159,175,102,73,204.12194552102153,0.422802598225602,0.909623427962837,0.13016641993784298,4326740.603265918,57586.541940687166,4384327.145206605,4739,0,2697.8688212927755,97,429,56,35.37397191026592,0.5462016793409379,40.66751700680272,33368.288872469675,344.00297806669766,0
4741,128.80904059773263,0,1,523,0.0,0.0019083969465648854,0.9980916030534351,524,15950,11600,4350,0.7272727272727273,203,116,87,200.9278708971383,0.42228619021207653,0.9085259295660904,0.12889595343133545,4338409.357620575,53591.47106138374,4392000.828681959,4740,1,2709.166030534351,74,450,62,35.24341788409055,0.5475508905852418,40.458333333333314,33431.31307846968,451.77450106040106,0
4742,128.4028819377575,0,1,522,0.0,0.0019120458891013384,0.9980879541108987,523,14000,9600,4400,0.6857142857142857,184,96,88,198.61975720758255,0.42222347372096825,0.9074764101682622,0.12787955493854977,4328967.536994157,53363.69623145585,4382331.233225613,4741,2,2715.14913957935,77,446,63,35.173661112253974,0.5489961759082218,40.33119658119655,33342.22270830307,433.0158793286113,0
4743,128.857073143801,1,0,523,0.0019120458891013384,0.0,1.0,523,13050,8900,4150,0.6819923371647509,172,89,83,194.98922514274932,0.4223545758457079,0.9056044257652409,0.12598526619326791,4348392.11050928,51927.92164900848,4400320.032158288,4742,0,2712.6539196940726,79,444,66,35.14267575514569,0.5502509560229445,40.208333333333314,33475.99379381643,423.74675688375225,0
4744,128.79723021047207,0,0,523,0.0,0.0,1.0,523,14250,10500,3750,0.7368421052631579,180,105,75,194.20381473505134,0.4225516105873131,0.9058197803314911,0.12608460865285764,4351985.215990975,50184.426123197874,4402169.642114173,4743,1,2713.6539196940726,81,442,63,34.99214066979409,0.551744741873805,40.04065040650405,33482.044194957925,413.3585703081225,0
4745,128.68043775466705,0,2,521,0.0,0.0038240917782026767,0.9961759082217974,523,16200,11700,4500,0.7222222222222222,207,117,90,192.47709187882685,0.4226172379605821,0.9050972430183095,0.12546126193573007,4352646.877351551,46756.962585616406,4399403.839937168,4744,2,2714.6539196940726,87,436,65,34.89666294998411,0.5534576163161249,39.90293560606061,33469.40410491595,384.70579430937875,0
4746,129.14172397702512,0,1,520,0.0,0.0019193857965451055,0.9980806142034548,521,14650,10100,4550,0.689419795221843,192,101,91,194.88251759491692,0.422745183079876,0.9050877378030291,0.12749743529416452,4372520.934100625,51575.57757480245,4424096.511675428,4745,3,2718.4798464491364,91,430,55,34.704500790439276,0.5547824696097249,39.77581521739132,33605.799843342225,369.2945037729915,0
4747,129.40876817477545,0,0,520,0.0,0.0,1.0,520,13700,9300,4400,0.6788321167883211,181,93,88,189.06602611822893,0.4227831196581197,0.903136058110426,0.1181162560081479,4327225.368916093,45926.26092378995,4373151.629839883,4746,4,2719.398076923077,87,433,58,36.505059809889985,0.5387419871794872,41.39441287878787,33465.83047247051,384.66471807437364,8
4748,129.16386203075737,0,1,519,0.0,0.0019230769230769232,0.9980769230769231,520,13850,9700,4150,0.7003610108303249,180,97,83,187.79136949640534,0.42300065461192626,0.9011843505302044,0.11784779008628139,4324379.708164014,44566.23752371593,4368945.94568773,4747,5,2720.398076923077,93,427,63,36.37509278688992,0.5401842948717949,41.23448581560282,33423.15317243121,359.38874378958286,0
4749,129.2842430193002,0,1,518,0.0,0.0019267822736030828,0.9980732177263969,519,13200,9300,3900,0.7045454545454546,171,93,78,187.41214892825116,0.42298031929534824,0.9013800301672277,0.11779327638235235,4330263.866926965,45308.81134542752,4375572.678272393,4748,9,2726.6300578034684,93,426,64,36.328459496489145,0.5413254656390494,41.179078014184384,33461.46697649335,359.80072017734784,0
4750,129.37965182777913,1,0,519,0.0019267822736030828,0.0,1.0,519,13200,9100,4100,0.6893939393939394,173,91,82,170.84951552867585,0.422876943830701,0.8923532457591568,0.1066102785308731,4324846.943067507,30779.60099175135,4355626.544059258,4749,0,2727.52408477842,94,425,62,37.01885698938413,0.5430515414258189,41.436403508771924,33452.86808937336,355.88157541886557,8
4751,129.2496278755943,1,1,519,0.0019230769230769232,0.0019230769230769232,0.9980769230769231,520,14350,10000,4350,0.6968641114982579,187,100,87,170.93629349076602,0.42329021231658515,0.8934405948496593,0.1071977890517041,4326444.960249029,29559.293099352748,4356004.253348382,4750,0,2723.276923076923,96,424,67,36.83576132370435,0.5447315705128205,41.258591065292066,33442.2308208176,348.3565710501833,0
4752,129.29823093658283,1,1,519,0.0019230769230769232,0.0019230769230769232,0.9980769230769231,520,14950,11100,3850,0.7424749163879598,188,111,77,167.34070621693917,0.4234618163628279,0.8914292762452272,0.10538350244499661,4333053.228412651,26069.237463630743,4359122.465876282,4751,0,2724.1826923076924,100,420,71,36.777448012110526,0.5463141025641025,41.10973597359733,33474.05314531835,334.7405314531835,0
4753,129.37853382821208,2,0,521,0.003838771593090211,0.0,1.0,521,16050,11000,5050,0.6853582554517134,211,110,101,164.3834051808035,0.42422686278852306,0.8897874881764403,0.10396118947342062,4340778.602288279,22460.39355602123,4363238.9958443,4752,0,2717.919385796545,108,413,67,36.70128384859436,0.5479046705054382,40.95948012232413,33514.28266387113,310.3174320728808,0
4754,129.07229318750842,0,0,521,0.0,0.0,1.0,521,12850,8700,4150,0.6770428015564203,170,87,83,162.1490996566981,0.4242534696589399,0.8880478161694465,0.10278305548147842,4333207.793727192,23475.14847564896,4356682.942202841,4753,1,2718.919385796545,114,407,71,36.67699339322543,0.5490842930262316,40.878623188405776,33445.390318976606,293.3806168331281,0
4755,128.8254400894541,0,0,521,0.0,0.0,1.0,521,14100,10300,3800,0.7304964539007093,179,103,76,162.47466191305298,0.42462642723559235,0.8881125290094474,0.10321464783840478,4327493.528248103,22321.60958660726,4349815.137834711,4754,2,2719.919385796545,117,404,56,36.59023567876845,0.5503438899552143,40.80155367231639,33391.35391866665,285.3961873390312,0
4756,128.45402973286275,0,0,521,0.0,0.0,1.0,521,14900,10700,4200,0.7181208053691275,191,107,84,163.5322104337101,0.42468748462030614,0.8893601104183195,0.10413496338016198,4317819.30381125,22120.507001119113,4339939.810812369,4755,3,2720.919385796545,123,398,59,36.477300340191164,0.5516834612923864,40.71740591397849,33305.894049939496,270.7796264222723,0
4757,127.98876401583503,0,2,519,0.0,0.003838771593090211,0.9961612284069098,521,15900,11900,4000,0.7484276729559748,199,119,80,163.96077324340695,0.42458428687435407,0.8898131285717454,0.10481926668590591,4306767.194632316,21128.175882251882,4327895.370514568,4756,4,2721.919385796545,90,431,62,36.325729162070324,0.5531829814459372,40.57921245421248,33202.94595800019,368.9216217555577,0
4758,127.94754118823471,0,0,519,0.0,0.0,1.0,519,16200,11700,4500,0.7222222222222222,207,117,90,174.06834294502147,0.42427352001051427,0.892175299406855,0.1065980486334784,4254665.228801322,28120.505232649186,4282785.734033971,4757,6,2733.393063583815,102,417,66,37.622630718954284,0.5382947976878613,42.11165048543689,32996.18022148037,323.49196295568987,8
4759,128.3172885912562,1,1,519,0.0019230769230769232,0.0019230769230769232,0.9980769230769231,520,13850,9600,4250,0.6931407942238267,181,96,85,175.5633458083435,0.4247872511239563,0.893690806838374,0.10797751158060803,4272112.1677894145,32155.261169129706,4304267.4289585445,4758,0,2729.1346153846152,107,413,71,37.42571204305901,0.5397836538461538,41.95601851851853,33111.504040996224,309.4533087943572,0
4760,128.71184333520534,2,0,521,0.003838771593090211,0.0,1.0,521,14700,10400,4300,0.7074829931972789,190,104,86,179.2207418775452,0.4255584366848762,0.8995669864410338,0.10697425881976988,4249034.144115386,33403.010314277184,4282437.154429663,4759,0,2724.0191938579655,100,421,58,38.4435792459394,0.5281110044785668,43.04867986798682,33072.67806160615,330.7267806160615,8
4761,128.282796623635,0,0,521,0.0,0.0,1.0,521,14200,10400,3800,0.7323943661971831,180,104,76,180.12399590563328,0.42569793050839116,0.8998202169062932,0.10788820195210702,4239095.818152909,34312.57555851276,4273408.393711422,4760,1,2725.0191938579655,107,414,66,38.289906455566424,0.529510556621881,42.92052469135803,32978.87404712941,308.21377614139635,0
4762,128.02376094486183,0,0,521,0.0,0.0,1.0,521,14950,10100,4850,0.6755852842809364,198,101,97,178.23866825149182,0.42592447339928147,0.8994403926180481,0.10716585776704583,4235136.006215697,31823.000322363878,4266959.006538061,4761,2,2726.0191938579655,114,407,55,38.19615628411451,0.5309101087651951,42.78079710144926,32930.169742311715,288.86113809045366,0
4763,128.14756424384376,3,0,524,0.0057251908396946565,0.0,1.0,524,14900,10800,4100,0.7248322147651006,190,108,82,176.49054916076574,0.4271294012328561,0.8981724478472157,0.10686469125286902,4247728.407613288,30236.783869091374,4277965.191482379,4762,0,2711.406488549618,89,435,59,37.978925050196295,0.5327608142493638,42.52314814814816,32995.031413987956,370.7306900448085,0
4764,127.83981751864562,1,0,525,0.0019047619047619048,0.0,1.0,525,14450,9900,4550,0.6851211072664359,190,99,91,172.1828625623281,0.4276519144553496,0.8940447504302931,0.10474104580955837,4243091.461061427,26667.5267758665,4269758.987837294,4763,0,2707.24,99,426,62,37.9179469556077,0.534345238095238,42.35416666666668,32937.396317772866,332.7009729067966,0
4765,128.15755616466805,1,1,525,0.0019011406844106464,0.0019011406844106464,0.9980988593155894,526,15100,11200,3900,0.7417218543046358,190,112,78,169.45709564052996,0.42824521697145274,0.893202746292324,0.10361435999949073,4259804.312369528,24070.81335423032,4283875.125723759,4764,0,2703.091254752852,103,423,69,37.79831274441254,0.535884030418251,42.16746794871797,33043.18720744105,320.8076427906898,0
4766,128.32164431980203,2,3,524,0.003795066413662239,0.0056925996204933585,0.9943074003795066,527,14400,9300,5100,0.6458333333333334,195,93,102,173.79366242416054,0.4287503637539893,0.8991233290106888,0.1086726755022373,4291937.405408315,29382.30411623056,4321319.709524546,4765,0,2698.9297912713473,88,439,64,36.86740127311672,0.5464697975964579,41.36235955056177,33188.80730546533,377.145537562106,8
4767,128.44880596722595,1,0,525,0.0019047619047619048,0.0,1.0,525,13650,9100,4550,0.6666666666666666,182,91,91,168.1486993638106,0.42827532412456076,0.8950527741072438,0.105553989987733,4300808.115399523,25985.058163548463,4326793.1735630715,4766,0,2710.207619047619,93,432,69,36.87210945529286,0.547797619047619,41.22340425531912,33239.54473566743,357.41445952330565,0
4768,128.20054768086632,2,1,526,0.003795066413662239,0.0018975332068311196,0.9981024667931688,527,14950,11000,3950,0.7357859531772575,189,110,79,163.84268131219574,0.4288313816879628,0.8927251704261738,0.10333077617948377,4297979.2689671675,20488.489530360454,4318467.758497528,4767,0,2700.9184060721063,100,427,70,36.815595916145526,0.549573055028463,41.05816831683165,33196.48463926845,331.9648463926845,0
4769,128.15032159521803,0,1,525,0.0,0.0019011406844106464,0.9980988593155894,526,14150,10000,4150,0.7067137809187279,183,100,83,164.1974120446468,0.42861699559418187,0.8925263405346318,0.10385516428737149,4299702.027285494,21849.98908867725,4321552.016374171,4768,1,2707.0437262357414,103,423,69,36.70208566936032,0.5507366920152091,40.9555288461538,33196.632285827916,322.29740083328073,0
4770,127.94173680851294,1,1,525,0.0019011406844106464,0.0019011406844106464,0.9980988593155894,526,15300,11600,3700,0.7581699346405228,190,116,74,165.18791991079405,0.4284961373649587,0.8926539323911458,0.10489490929291945,4297324.82008543,21473.22964218601,4318798.049727616,4769,0,2708.030418250951,108,418,55,36.534727087250936,0.5522417617237009,40.81613149847092,33160.434288834425,307.04105822994836,0
4771,128.1495930634233,2,0,527,0.003795066413662239,0.0,1.0,527,13900,10400,3500,0.7482014388489209,174,104,70,160.36040545091535,0.4286301145013384,0.8905591702311058,0.10216937361106944,4308206.075370454,18873.13460249769,4327079.209972952,4770,0,2703.888045540797,112,415,59,36.540580895161526,0.552636780518659,40.69874631268432,33229.35014086436,296.6906262577175,8
4772,127.99918763230622,0,0,527,0.0,0.0,1.0,527,16400,12400,4000,0.7560975609756098,204,124,80,155.2568357866038,0.428669947066279,0.8859228684613727,0.09934027831130599,4308119.728430338,11973.007445188307,4320092.735875526,4771,1,2704.888045540797,95,432,61,36.52089170953402,0.5540994623655914,40.54904513888891,33209.51145264857,349.5738047647218,0
4773,127.99225888354283,0,0,527,0.0,0.0,1.0,527,14000,10100,3900,0.7214285714285714,179,101,78,156.09359047556507,0.42859073287109517,0.8855818842982848,0.10037349455657904,4313668.104478329,15267.188509590133,4328935.292987919,4772,2,2705.888045540797,99,428,66,36.322420157278145,0.5554633143580012,40.375000000000014,33229.99021264,335.65646679434343,0
4774,127.54495422305608,1,0,528,0.001893939393939394,0.0,1.0,528,14100,9200,4900,0.6524822695035462,190,92,98,156.17259106407022,0.4289220927251644,0.8862273066089035,0.10088788280021947,4303914.408620449,14730.692982449122,4318645.101602898,4773,0,2701.7613636363635,103,425,69,36.15720303041987,0.5568773674242424,40.21434294871796,33134.34973641251,321.69271588750007,0
4775,127.65496189688007,0,0,528,0.0,0.0,1.0,528,13850,9500,4350,0.6859205776173285,182,95,87,158.8534115320011,0.4291041043739099,0.8878758933355122,0.10293084160821157,4311119.591943635,17517.21094053987,4328636.8028841745,4774,1,2702.7613636363635,106,422,70,35.980577614623904,0.5582780934343434,40.10903426791278,33176.3713278731,312.98463516861415,0
4776,127.85936491411111,2,0,530,0.0037735849056603774,0.0,1.0,530,15900,11200,4700,0.7044025157232704,206,112,94,171.97184757980196,0.4297849716446125,0.8979244620237092,0.1089807248786059,4292178.5979735805,25726.776727197815,4317905.374700778,4775,0,2693.5584905660376,102,428,65,36.4319471006856,0.5489190251572327,40.88794498381873,33129.902795958595,324.80296858782935,8
4777,127.96747487848266,2,1,531,0.0037593984962406013,0.0018796992481203006,0.9981203007518797,532,14700,9600,5100,0.6530612244897959,198,96,102,173.24674109473102,0.4301651315199486,0.899565627102509,0.11113540214286426,4310033.182953284,28239.840591362645,4338273.023544647,4776,0,2684.4285714285716,87,445,58,35.96282191614218,0.5557252506265664,40.459280303030326,33212.770527765526,381.75598307776465,8
4778,128.21516087538348,1,0,532,0.0018796992481203006,0.0,1.0,532,16300,12300,4000,0.754601226993865,203,123,80,184.14861526066952,0.4302424935927389,0.9042279237612922,0.11908277120190079,4327721.6350799035,36688.789266722895,4364410.424346627,4777,0,2685.4266917293235,90,442,62,35.393995799923665,0.5571154448621554,40.17857142857146,33313.04626315802,370.1449584795336,0
4779,128.22057368817914,0,2,530,0.0,0.0037593984962406013,0.9962406015037594,532,15250,10800,4450,0.7081967213114754,197,108,89,183.59464768894148,0.4302030381981319,0.9043301988987802,0.11924502864846659,4332968.8043813,37451.976217513555,4370420.780598814,4778,1,2686.4266917293235,93,439,65,35.25362318840581,0.5584273182957393,40.02659574468088,33333.93903728632,358.4294520138314,0
4780,128.33792450611637,1,1,530,0.0018832391713747645,0.0018832391713747645,0.9981167608286252,531,14650,10500,4150,0.7167235494880546,188,105,83,180.92381796240844,0.4301901597792228,0.9030874330832752,0.1179950651234651,4341692.695263387,36253.123769311715,4377945.819032699,4779,0,2692.1676082862523,96,435,59,35.17790300828448,0.5602440364092907,39.884020618556725,33382.7449246905,347.7369262988594,0
4781,128.0634610571405,0,1,529,0.0,0.0018867924528301887,0.9981132075471698,530,15000,11300,3700,0.7533333333333333,187,113,74,184.78706178288132,0.4301232151561627,0.9046619482013682,0.12105083678752454,4337515.075189407,39303.333236641236,4376818.408426048,4780,1,2695.7490566037736,105,425,52,34.921299792335304,0.5617727987421384,39.730738993710695,33330.982371249695,317.4379273452352,0
4782,127.73119943179512,0,2,527,0.0,0.003780718336483932,0.996219281663516,529,14050,10600,3450,0.7544483985765125,175,106,69,185.7922988679489,0.42989187121689487,0.9050830384416635,0.12203175993826673,4329290.442229929,41019.764745788096,4370310.206975717,4781,2,2701.810964083176,110,419,54,34.802344651095765,0.5629922810333963,39.63963963963965,33256.141113323334,302.32855557566666,0
4783,127.31238505035418,0,0,527,0.0,0.0,1.0,527,14100,9800,4300,0.6950354609929078,184,98,86,185.66005493573158,0.42937776422969526,0.9052174809860285,0.12246550741885665,4319946.923233504,40908.31661739439,4360855.239850899,4782,5,2713.0493358633776,80,447,57,34.65674417073934,0.5640615117014548,39.49331275720162,33165.72767444709,414.5715959305886,0
4784,127.3460111000042,0,0,527,0.0,0.0,1.0,527,13850,9400,4450,0.6787003610108303,183,94,89,185.32766624588663,0.4294390913485473,0.9043103660558172,0.1227132255827367,4325420.5185463885,41074.01804685436,4366494.536593243,4783,6,2714.0493358633776,84,443,59,34.532415679267736,0.5654451296647691,39.3627450980392,33191.11475581957,395.1323185216616,0
4785,127.68223091442289,0,1,526,0.0,0.0018975332068311196,0.9981024667931688,527,15350,11500,3850,0.749185667752443,192,115,77,182.73360986514393,0.42923992852384424,0.9029660261451318,0.12147318724589892,4341318.515563563,37910.96078466241,4379229.476348226,4784,7,2715.0493358633776,87,440,63,34.46304282039643,0.56676944971537,39.228219696969674,33295.92266861642,382.71175481168297,0
4786,127.42663781736094,0,0,526,0.0,0.0,1.0,526,14100,10600,3500,0.75177304964539,176,106,70,180.97451292438336,0.42891401110507577,0.9016344528939588,0.12064967528292171,4335878.035373319,37636.683110242855,4373514.718483562,4785,8,2721.1901140684413,91,435,65,34.40936053240738,0.5677083333333333,39.13043478260868,33241.73160452878,365.29375389592064,0
4787,127.330861229345,0,1,525,0.0,0.0019011406844106464,0.9980988593155894,526,15450,11200,4250,0.7249190938511327,197,112,85,185.37830681254894,0.4288157855030479,0.9024615978777113,0.12423651518150587,4338547.475112396,40204.51699243958,4378751.992104836,4786,9,2722.1901140684413,98,428,60,34.11275695284162,0.5693322243346007,38.95202020202021,33239.46408985749,339.17820499854577,0
4788,127.19604832916933,0,2,523,0.0,0.0038095238095238095,0.9961904761904762,525,14550,11200,3350,0.7697594501718213,179,112,67,184.0910374679712,0.42855067854113654,0.9017186411921851,0.12385803075439047,4338357.191208423,40180.535247239495,4378537.726455662,4787,10,2728.1638095238095,104,421,64,34.01134450057609,0.5706547619047619,38.81944444444446,33221.134567083915,319.4339862219607,0
4789,127.27981056492084,1,2,522,0.0019083969465648854,0.003816793893129771,0.9961832061068703,524,15400,11800,3600,0.7662337662337663,190,118,72,181.9425043765469,0.4286592964109001,0.9007915548130914,0.12290108299585781,4345684.103477139,37932.929803196836,4383617.033280336,4788,0,2727.7557251908397,108,416,53,33.93058501560372,0.572260655216285,38.68501529051989,33260.121751598,307.9640902925741,0
4790,127.44508694209325,0,2,520,0.0,0.0038314176245210726,0.9961685823754789,522,13200,9200,4000,0.696969696969697,172,92,80,184.60024444056486,0.4282749060530515,0.9016730014806675,0.12522881447184228,4356102.388475907,43227.51314415557,4399329.901620063,4789,12,2738.9827586206898,83,439,56,33.715139442231056,0.5735153256704981,38.54166666666666,33321.58002340136,401.4648195590525,0
4791,127.1042306199458,0,0,520,0.0,0.0,1.0,520,14400,9800,4600,0.6805555555555556,190,98,92,182.73489646335486,0.42803113112000396,0.8995744832889829,0.12465012279573275,4350608.179718288,40601.58705468864,4391209.766772976,4790,13,2747.3134615384615,89,431,59,33.57534135480254,0.575,38.35648148148147,33255.99811799169,373.66290020215376,0
4792,127.45919876991724,0,0,520,0.0,0.0,1.0,520,13000,9700,3300,0.7461538461538462,163,97,66,184.33157659152272,0.4279431290450077,0.8988373929724114,0.12608536077367882,4365822.024905608,43951.771393767456,4409773.796299376,4791,14,2748.3134615384615,93,427,61,33.44001827624651,0.5761618589743589,38.26462765957444,33360.580848256235,358.7159230995294,0
4793,127.20761229084086,0,1,519,0.0,0.0019230769230769232,0.9980769230769231,520,12650,9500,3150,0.7509881422924901,158,95,63,183.6047220367972,0.42784370213922235,0.8981131543775469,0.12619852621147776,4362585.181278767,43548.24791410563,4406133.429192873,4792,15,2749.3134615384615,94,426,69,33.29451887516568,0.577363782051282,38.10307017543856,33315.28310928395,354.4179054179143,0
4794,127.00060796936408,0,0,519,0.0,0.0,1.0,519,13200,9600,3600,0.7272727272727273,168,96,72,183.78417520747053,0.42743708820298415,0.897808939800756,0.1267565729956377,4359282.701074974,43233.435142649534,4402516.136217623,4793,16,2755.3911368015415,97,422,67,33.17359702501686,0.5788575786769428,37.98894557823125,33275.563206258295,343.0470433634876,0
4795,126.87975442758766,0,0,519,0.0,0.0,1.0,519,12800,8800,4000,0.6875,168,88,80,184.880360239067,0.427216078588911,0.8996879954574966,0.1282176760879998,4361205.969624342,44660.26614818176,4405866.235772524,4794,17,2756.3911368015415,101,418,66,32.95892731946713,0.5802023121387283,37.80637254901958,33267.0630634584,329.3768620144396,0
4796,126.46489598248546,1,0,520,0.0019230769230769232,0.0,1.0,520,15000,10000,5000,0.6666666666666666,200,100,100,181.46335203759196,0.42746112469739633,0.9012689971693175,0.1266623247763644,4353999.20310095,39018.25803274094,4393017.4611336915,4795,0,2752.0884615384616,99,421,53,32.832038227938554,0.578485576923077,37.59375000000001,33185.17911140417,335.20382940812294,8
4797,126.36592986195262,0,0,520,0.0,0.0,1.0,520,14250,9800,4450,0.6877192982456141,187,98,89,187.1899989347369,0.4275693518106813,0.9012905454841083,0.11778128782077688,4233776.956808382,40254.14080697429,4274031.097615356,4796,1,2753.0884615384616,98,422,63,36.29498279272689,0.5435897435897437,41.14057239057238,32711.012273397984,333.7858395244692,7
4798,126.41607061945636,0,1,519,0.0,0.0019230769230769232,0.9980769230769231,520,15150,11400,3750,0.7524752475247525,189,114,75,185.17878178075594,0.42753700718838,0.9009112722901931,0.11710349167055759,4241292.618908561,37929.48006904007,4279222.098977601,4797,2,2754.0884615384616,104,416,60,36.165473044566184,0.5450120192307693,40.96230158730159,32746.52797564114,314.87046130424176,0
4799,126.701623895069,0,0,519,0.0,0.0,1.0,519,14950,10400,4550,0.6956521739130435,195,104,91,166.43378168822517,0.4275469730672043,0.8950363002900787,0.10296860677968868,4225274.931110754,21895.697091443006,4247170.628202197,4798,3,2760.2023121387283,94,425,58,37.44515914462422,0.532675016056519,41.74342105263157,32721.52793421651,348.1013610023033,8
4800,127.07857457139949,1,0,520,0.0019230769230769232,0.0,1.0,520,14250,10500,3750,0.7368421052631579,180,105,75,166.62412720141072,0.4278737309174448,0.8954424138762285,0.10386495594201532,4246699.984169016,23270.535669683028,4269970.519838699,4799,0,2755.892307692308,80,440,64,37.166094612744324,0.534395032051282,41.4737654320988,32853.145378200534,410.6643172275067,0
4801,126.91668090519725,2,0,522,0.0038314176245210726,0.0,1.0,522,14250,10500,3750,0.7368421052631579,180,105,75,166.86170956783732,0.4285493010052875,0.8963016574902127,0.10475541983338323,4249612.474929462,23169.52051350896,4272781.995442972,4800,0,2746.329501915709,83,439,67,36.902194747939475,0.5360392720306513,41.22023809523812,32843.468466389866,395.70443935409475,0
4802,127.0425405413841,2,0,524,0.003816793893129771,0.0,1.0,524,14550,11100,3450,0.7628865979381443,180,111,69,164.95339879654816,0.4289993322435158,0.8951761818959119,0.1040457398160476,4259318.676792564,21167.818458911526,4280486.495251476,4801,0,2736.843511450382,89,435,68,36.781825936024106,0.5375715648854962,41.053240740740776,32897.25416125487,369.63206922758275,0
4803,127.00578112671035,1,0,525,0.0019047619047619048,0.0,1.0,525,12500,8700,3800,0.696,163,87,76,164.60160350525487,0.4293652308251545,0.8948135383693252,0.10418393609415702,4262117.080929452,22810.26116962642,4284927.342099078,4802,0,2732.6285714285714,91,434,69,36.66638440918959,0.5388293650793651,40.93070652173916,32903.29798415185,361.5747031225478,0
4804,127.14996132363692,2,3,524,0.003795066413662239,0.0056925996204933585,0.9943074003795066,527,12750,9100,3650,0.7137254901960784,164,91,73,160.55911752350474,0.4297995384833683,0.8925379452462809,0.10206448231710727,4271970.510340451,19030.76304534138,4291001.273385793,4803,0,2723.2542694497156,94,433,65,36.61647138445918,0.5403225806451613,40.77850877192986,32960.002583905014,350.6383253606916,0
4805,127.33701404266446,0,0,524,0.0,0.0,1.0,524,14850,10300,4550,0.6936026936026936,194,103,91,160.15870711762636,0.42956393008139576,0.892064440969986,0.10225517454433126,4283323.680370706,17552.31656289765,4300875.996933604,4804,1,2733.211832061069,97,427,66,36.47088353413653,0.5416070292620865,40.625000000000014,33028.038017316285,340.4952372919205,0
4806,127.22092195189416,0,2,522,0.0,0.003816793893129771,0.9961832061068703,524,14650,10500,4150,0.7167235494880546,188,105,83,159.0495965545175,0.42971156021484974,0.891411634362284,0.10169414091535232,4281095.498147124,16731.302358331974,4297826.8005054565,4805,2,2734.211832061069,81,443,66,36.448029902392854,0.5427997773536896,40.574186991869915,33004.391109013966,407.46161862980205,0
4807,127.65846019502604,0,0,522,0.0,0.0,1.0,522,12450,8700,3750,0.6987951807228916,162,87,75,162.52173183675984,0.4294199036384985,0.8934119214513814,0.10403040804373274,4297117.613841348,22824.99930154779,4319942.613142896,4806,3,2745.6724137931033,80,442,66,36.318108974359006,0.543602330779055,40.5349794238683,33122.905001219595,414.03631251524496,0
4808,127.18350779367334,0,0,522,0.0,0.0,1.0,522,14100,9800,4300,0.6950354609929078,184,98,86,162.77798415294086,0.4295433890273886,0.8935525713985812,0.1047601384158094,4287384.320183884,21078.355385691644,4308462.675569576,4807,4,2746.6724137931033,81,441,70,36.11892530985001,0.5447198275862069,40.34552845528455,33023.766505369415,407.7008210539434,0
4809,127.49189066926984,0,0,522,0.0,0.0,1.0,522,15400,12100,3300,0.7857142857142857,187,121,66,161.94379226126995,0.4294825655790147,0.8930920357759913,0.10461179476044812,4302076.425683894,19538.91419461125,4321615.339878505,4808,5,2747.6724137931033,83,439,70,36.00872953362927,0.5459969667943806,40.215773809523796,33120.38216307692,399.040748952734,0
4810,127.57847225890202,0,1,521,0.0,0.0019157088122605363,0.9980842911877394,522,13700,9100,4600,0.6642335766423357,183,91,92,162.59040175833715,0.42961524342861623,0.8930456578704475,0.10552696735980936,4310444.317896908,22067.374680760055,4332511.6925776685,4809,6,2748.6724137931033,88,434,68,35.824984991745445,0.5473140166028096,40.05149812734083,33163.83273490427,376.8617356239121,0
4811,128.0498553888141,3,1,523,0.0057251908396946565,0.0019083969465648854,0.9980916030534351,524,14900,10800,4100,0.7248322147651006,190,108,82,161.34043492710057,0.43006018626635334,0.8921379708175392,0.10537089181159706,4333562.66030259,20135.776879412584,4353698.437182002,4810,0,2739.087786259542,94,430,70,35.63802138211039,0.5491611005089059,39.83552631578948,33314.023232570165,354.4045024741507,0
4812,128.36137061611467,0,1,522,0.0,0.0019120458891013384,0.9980879541108987,523,13450,9400,4050,0.6988847583643123,175,94,81,161.98724031543614,0.42991927527844326,0.892068472827845,0.10623141119028877,4348866.766592041,22842.18520395175,4371708.951795992,4811,1,2745.2103250478012,94,429,63,35.47634091547314,0.5505297960484385,39.69298245614035,33413.365552922834,355.4613356693919,0
4813,128.2453918316114,0,0,522,0.0,0.0,1.0,522,14300,9800,4500,0.6853146853146853,188,98,90,161.3281741406958,0.42969674991359086,0.891610012028891,0.10625478812742231,4349871.480805273,21651.364748998472,4371522.845554272,4812,2,2751.467432950192,81,441,66,35.343354224585,0.5516642720306513,39.54522357723574,33402.1248567518,412.3719118117506,0
4814,127.81200165947958,0,1,521,0.0,0.0019157088122605363,0.9980842911877394,522,14950,10900,4050,0.7290969899665551,190,109,81,160.80208612054494,0.42974592957839697,0.8909470153473704,0.10621228014708366,4338444.519569566,20176.185853004485,4358620.70542257,4813,3,2752.467432950192,83,439,68,35.25717679628131,0.5531010536398467,39.446924603174566,33301.81010500116,401.2266277710983,0
4815,128.2617415362261,1,0,522,0.0019157088122605363,0.0,1.0,522,14700,11000,3700,0.7482993197278912,184,110,74,157.49767453913356,0.4295941773728193,0.8890697622043764,0.10456309026719902,4359557.209673239,18224.02450876801,4377781.234182007,4814,0,2753.2490421455936,86,436,71,35.16562576536862,0.5546775223499362,39.272030651340955,33441.423415862315,388.8537606495618,0
4816,128.5556303291727,1,1,522,0.0019120458891013384,0.0019120458891013384,0.9980879541108987,523,15150,10800,4350,0.7128712871287128,195,108,87,155.52651993069804,0.4300152743895738,0.8874159662878605,0.10376933378982517,4375228.387655501,16342.809006810221,4391571.196662311,4815,0,2748.9827915869982,90,433,75,35.04491707616707,0.5563456022944551,39.10256410256407,33539.83432305937,372.66482581177075,0
4817,128.34082330640706,0,0,522,0.0,0.0,1.0,522,13800,9700,4100,0.7028985507246377,179,97,82,177.46415204203487,0.43004024152884107,0.8945522077982404,0.1083487892073211,4264109.215409132,33145.30522544143,4297254.520634573,4816,1,2755.051724137931,91,431,74,37.64682252090015,0.5254430076628352,42.221467391304344,33083.50910571744,363.5550451177741,8
4818,128.7914745741069,2,0,524,0.003816793893129771,0.0,1.0,524,15400,10600,4800,0.6883116883116883,202,106,96,177.28344009524346,0.4308311774164513,0.893481176908056,0.10878378225562574,4285126.3176239785,31736.386966207952,4316862.7045901865,4817,0,2745.5324427480914,94,430,76,37.46626073280624,0.5272145356234097,42.03947368421052,33223.11656612317,353.43741027790605,0
4819,128.39043193191645,0,0,524,0.0,0.0,1.0,524,13450,9200,4250,0.6840148698884758,177,92,85,176.34274744171216,0.4310237351548854,0.8933555448893755,0.10851965592245302,4275239.179952729,32531.48459266348,4307770.664545392,4818,1,2746.5324427480914,96,428,73,37.384350769145406,0.5283476463104326,41.935137457044675,33133.05916834073,345.1360330035493,0
4820,128.51793462201536,0,1,523,0.0,0.0019083969465648854,0.9980916030534351,524,14200,10300,3900,0.7253521126760564,181,103,78,177.41481801110376,0.4311632311872686,0.8948919837724896,0.10971325335095179,4285312.409535955,33055.584251709566,4318367.993787664,4819,2,2747.5324427480914,100,424,55,37.17791911285063,0.5298385814249365,41.75948844884489,33188.53718028725,331.88537180287244,0
4821,128.44413976351615,0,4,519,0.0,0.0076481835564053535,0.9923518164435946,523,12700,8200,4500,0.6456692913385826,172,82,90,179.6931542790069,0.4308418740491662,0.8967698148238894,0.11144694423334586,4286328.487531787,36744.777240108815,4323073.2647718955,4820,3,2753.544933078394,86,437,59,37.01240518453287,0.5310309114085405,41.65469348659001,33182.94065705657,385.8481471750764,0
4822,128.81996122889723,1,1,519,0.0019230769230769232,0.0019230769230769232,0.9980769230769231,520,15650,11900,3750,0.7603833865814696,194,119,75,183.09265187541052,0.430680070772195,0.8974280265614971,0.11390177859234678,4302503.392763886,37901.35117681743,4340404.743940703,4821,0,2767.6596153846153,85,435,63,36.81343143687318,0.532431891025641,41.545542635658904,33294.09317710998,391.6952138483527,0
4823,128.66945549314522,0,0,519,0.0,0.0,1.0,519,14300,8400,5900,0.5874125874125874,202,84,118,180.95449617615526,0.4307257298586778,0.8954162761682449,0.11301120421567304,4302110.05044077,37597.231334374796,4339707.281775145,4822,1,2773.8574181117533,91,428,64,36.726879825444726,0.5338591843288375,41.406249999999964,33273.11700643011,365.6386484223089,0
4824,128.22179698249565,1,0,520,0.0019230769230769232,0.0,1.0,520,14200,10000,4200,0.704225352112676,184,100,84,186.5064286263977,0.43090339533619876,0.8988098725160607,0.1173152848545464,4295595.622972054,42031.2396927401,4337626.862664795,4823,0,2769.521153846154,92,428,70,36.32374152603489,0.5354967948717948,41.15143369175626,33190.02831838555,360.76117737375597,0
4825,127.99044176459316,2,1,521,0.0038314176245210726,0.0019157088122605363,0.9980842911877394,522,14200,10100,4100,0.7112676056338029,183,101,82,185.06473917971385,0.4316710606628867,0.8983868108002548,0.11684159515331823,4292209.170004911,40267.31411034586,4332476.484115257,4824,0,2759.9061302681994,94,428,71,36.22692535670436,0.5371567688378034,41.019736842105246,33146.998289889314,352.6276413818012,0
4826,127.99332797894351,0,0,521,0.0,0.0,1.0,521,14000,10400,3600,0.7428571428571429,176,104,72,185.2807927222512,0.431442399970471,0.8976953848038405,0.11746782786095356,4297204.728357751,41037.89971198508,4338242.628069736,4825,1,2765.9558541266792,96,425,69,36.07084887415385,0.5385276711452336,40.871993127147746,33166.65597220669,345.48599971048634,0
4827,127.7027425379112,1,1,521,0.0019157088122605363,0.0019157088122605363,0.9980842911877394,522,14750,10500,4250,0.711864406779661,190,105,85,187.85589498574862,0.4318784272557686,0.898856886007243,0.11958396997941834,4292176.334929484,42112.1253669651,4334288.460296449,4826,0,2761.655172413793,99,423,58,35.85861122271323,0.540249840357599,40.72916666666665,33109.59647675616,334.4403684520824,0
4828,127.94044533982105,0,0,521,0.0,0.0,1.0,521,14250,9400,4850,0.6596491228070176,191,94,97,189.20792302108296,0.4317343065603622,0.9001143860810064,0.12073036564271923,4302930.401396923,44379.70483051674,4347310.10622744,4827,3,2767.9558541266792,99,422,59,35.738647013146945,0.5417666346769034,40.64583333333332,33181.88758407137,335.1705816572866,0
4829,127.93520213501702,1,1,521,0.0019157088122605363,0.0019157088122605363,0.9980842911877394,522,14600,9900,4700,0.678082191780822,193,99,94,190.05752418725484,0.43204833457125136,0.9010221335015118,0.12189697901991833,4308733.510822808,44781.44468992934,4353514.955512738,4828,0,2763.6513409961685,84,438,62,35.53304136367931,0.5431633141762452,40.46568627450982,33203.57488744369,395.28065342194867,0
4830,128.25265105803365,0,0,521,0.0,0.0,1.0,521,15400,11800,3600,0.7662337662337663,190,118,72,185.65892923232826,0.43223506939317885,0.8980908702022501,0.11967827385935817,4325296.337762729,41005.97733630997,4366302.315099039,4829,1,2766.203454894434,89,432,67,35.46759176730989,0.5447456813819578,40.28935185185188,33308.57913300057,374.25369812360185,0
4831,128.29552799435146,2,0,523,0.0038240917782026767,0.0,1.0,523,14950,11000,3950,0.7357859531772575,189,110,79,185.98126146921834,0.4330098666940165,0.8981944114079758,0.12066164760738587,4334222.118097073,41666.81940229818,4375888.937499371,4830,0,2756.621414913958,92,431,67,35.23065957110641,0.5465065328234544,40.06496415770612,33348.502667618115,362.483724648023,0
4832,128.65594232608203,1,0,524,0.0019083969465648854,0.0,1.0,524,15350,11100,4250,0.7231270358306189,196,111,85,184.82450922778722,0.43318565758809763,0.8981898630819924,0.12057646342646736,4352810.676857207,40751.21942232293,4393561.89627953,4831,0,2752.358778625954,96,428,66,35.06550248386524,0.5481273854961832,39.87328178694161,33466.848055892595,348.6130005822145,0
4833,129.01593393646556,0,0,524,0.0,0.0,1.0,524,13400,9300,4100,0.6940298507462687,175,93,82,184.11566390465265,0.4332260240149071,0.897711451254587,0.1206061034341721,4369728.233590925,42707.08296210078,4412435.3165530255,4832,1,2753.358778625954,97,427,55,34.94020392605297,0.5494990458015268,39.732142857142875,33578.70066292855,346.1721717827686,0
4834,128.80483366248697,0,0,524,0.0,0.0,1.0,524,14750,10800,3950,0.7322033898305085,187,108,79,183.07282180580876,0.4332950498445551,0.8978799576709235,0.12026032013235763,4365821.563083762,40302.65461087879,4406124.217694641,4833,2,2754.358778625954,99,425,59,34.86884876975396,0.5509303435114503,39.63541666666668,33536.21684785287,338.74966512982695,0
4835,128.3213514023694,1,0,525,0.0019047619047619048,0.0,1.0,525,15700,10900,4800,0.6942675159235668,205,109,96,181.39107245894837,0.4334788864655277,0.8977721882860235,0.11990768519079614,4356651.653882535,37351.54316556004,4394003.197048095,4834,0,2750.110476190476,88,437,63,34.69277757815308,0.5528571428571429,39.4194756554307,33438.045033033035,379.9777844662845,0
4836,128.26873734845495,0,0,525,0.0,0.0,1.0,525,13350,9000,4350,0.6741573033707865,177,90,87,180.76890883605046,0.433553707742639,0.8975077607155784,0.1199136884456943,4358850.571556483,39238.93231993151,4398089.503876415,4835,1,2751.110476190476,91,434,63,34.587631197973195,0.5543055555555556,39.30027173913042,33439.62497110694,367.4684062759004,0
4837,128.35451884763737,0,0,525,0.0,0.0,1.0,525,13350,8900,4450,0.6666666666666666,178,89,89,181.7119141611343,0.43351872046528533,0.8977585790780545,0.12080573345229961,4364287.718316663,40258.615049050204,4404546.333365713,4836,2,2752.110476190476,92,433,66,34.486316324485294,0.5556944444444445,39.22491039426524,33471.66115379363,363.822403845583,0
4838,128.26216677195094,0,0,525,0.0,0.0,1.0,525,15200,11000,4200,0.7236842105263158,194,110,84,178.12202082922596,0.4334664667393675,0.8964754658255971,0.11909960308489573,4367671.0396517655,35395.67838001133,4403066.718031777,4837,3,2753.110476190476,95,430,73,34.381496611367496,0.5570833333333334,39.02994791666666,33472.58434279711,352.3429930820749,0
4839,127.84506040312203,0,0,525,0.0,0.0,1.0,525,14350,10400,3950,0.7247386759581882,183,104,79,178.2818240557869,0.4334940324730401,0.8958398389271938,0.11982641632918437,4359334.141935662,36088.00849859165,4395422.150434254,4838,4,2754.110476190476,99,426,68,34.19841111554316,0.5584920634920635,38.854166666666664,33386.204836523626,337.2343922881174,0
4840,127.64512177337497,0,0,525,0.0,0.0,1.0,525,13900,10000,3900,0.7194244604316546,178,100,78,190.0758523793884,0.43350539197867444,0.9049186373484539,0.12405697361211909,4319117.114623462,45291.97341769222,4364409.088041154,4839,5,2755.110476190476,90,435,65,34.91338848308841,0.5525396825396826,39.85805860805861,33205.849787336585,368.95388652596205,7
4841,127.55483939994905,1,0,526,0.0019011406844106464,0.0,1.0,526,14950,11500,3450,0.7692307692307693,184,115,69,187.0307295330851,0.43364106162109967,0.9036977655949643,0.12270478427524278,4322005.983246597,41519.586418595114,4363525.569665193,4840,0,2750.8707224334603,97,429,57,34.81019388074529,0.5542815272496832,39.67899659863947,33205.203781294345,342.321688466952,0
4842,127.41963851392369,0,0,526,0.0,0.0,1.0,526,13800,9700,4100,0.7028985507246377,179,97,82,184.42452132724387,0.4335411762930774,0.9021641878185067,0.12151380139759191,4322305.70842358,40427.832261205316,4362733.540684786,4841,1,2751.8707224334603,80,446,59,34.72822240874228,0.5555489543726235,39.531893004115204,33188.752037821425,414.8594004727678,0
4843,127.24606213388729,0,0,526,0.0,0.0,1.0,526,13550,9600,3950,0.7084870848708487,175,96,79,181.8658735107528,0.4335536996801255,0.9008142820761191,0.12027068114763276,4320608.214638849,38404.23741060482,4359012.452049454,4842,2,2752.8707224334603,81,445,64,34.666162945630624,0.5568559885931559,39.405487804878035,33159.62549053039,409.3780924756838,0
4844,127.76830869924612,0,1,525,0.0,0.0019011406844106464,0.9980988593155894,526,14450,9800,4650,0.6782006920415224,191,98,93,179.1989096271506,0.43337029995775245,0.8989134788840025,0.11896612172121308,4342742.921128607,35992.95925145351,4378735.8803800605,4843,3,2753.8707224334603,83,443,68,34.601119698771285,0.5581036121673004,39.27331349206347,33312.60776787737,401.3567200949081,0
4845,128.05564672216258,0,0,525,0.0,0.0,1.0,525,15000,10900,4100,0.7266666666666667,191,109,82,182.14097587007552,0.43319626196534594,0.8994059335897786,0.12154016791330266,4358336.591675121,38766.33599559224,4397102.9276707135,4844,4,2759.830476190476,85,440,70,34.34675796966883,0.5594246031746032,39.09883720930231,33409.86713172683,393.05726037325684,0
4846,127.96085636103892,0,0,525,0.0,0.0,1.0,525,15450,10700,4750,0.6925566343042071,202,107,95,182.65808863611355,0.43310250817884405,0.8995705776657323,0.1223489121773163,4359415.8319161795,38806.5126855629,4398222.344601742,4845,5,2760.830476190476,89,436,68,34.20198162846033,0.5609722222222222,38.96990740740738,33401.63418414915,375.2992604960579,0
4847,127.92665866473872,0,0,525,0.0,0.0,1.0,525,13050,9300,3750,0.7126436781609196,168,93,75,181.46033765208503,0.43303359384466256,0.89898747361785,0.1221217026113442,4363587.55665611,40313.61428104941,4403901.170937159,4846,6,2761.830476190476,96,429,70,34.07057739221004,0.562202380952381,38.810137457044654,33413.14639222243,348.05360825231696,0
4848,128.11107866327714,0,0,525,0.0,0.0,1.0,525,13700,10100,3600,0.7372262773722628,173,101,72,189.68870472993538,0.4329081849024597,0.9020035935285826,0.12803858669634274,4373228.945887645,47210.42684657626,4420439.372734221,4847,7,2762.830476190476,98,427,56,33.75364098846967,0.563234126984127,38.710016835016816,33474.14158717527,341.57287333852315,0
4849,128.00844405069464,0,1,524,0.0,0.0019047619047619048,0.9980952380952381,525,13600,10300,3300,0.7573529411764706,169,103,66,171.42824769034354,0.43277126499454743,0.8913518601602843,0.11487262995145194,4361488.270758873,30936.458315636093,4392424.729074509,4848,8,2763.830476190476,107,418,67,34.48137970318369,0.5672817460317461,38.95640432098765,33415.784512268976,312.29705151653246,8
4850,127.984039164563,1,0,525,0.0019047619047619048,0.0,1.0,525,15150,11100,4050,0.7326732673267327,192,111,81,175.37382529433776,0.43269099115473164,0.8945761406858732,0.11797991133107884,4365108.224360822,32955.14542598682,4398063.369786808,4849,0,2764.790476190476,110,415,69,34.24284071718586,0.5685714285714285,38.823198198198206,33426.46203067724,303.8769275516113,0
4851,127.8283607781708,0,2,523,0.0,0.0038095238095238095,0.9961904761904762,525,14200,9300,4900,0.6549295774647887,191,93,98,183.60555540021176,0.43280064824912157,0.8989027324167034,0.12390752053008613,4363350.994286035,41027.09654239143,4404378.090828426,4850,1,2765.790476190476,112,413,53,33.919509713990024,0.5698809523809524,38.71681415929204,33399.40134491597,298.20894057960686,0
4852,127.58383880738631,0,0,523,0.0,0.0,1.0,523,14250,10000,4250,0.7017543859649122,185,100,85,186.2886463401548,0.43235328771773024,0.9006706421835522,0.12620690433409437,4359360.138186318,43569.85981039268,4402929.99799671,4851,2,2776.967495219885,116,407,54,33.71633971346187,0.5710842893562779,38.58618233618235,33352.17837484417,287.51877909348417,0
4853,127.43331331370567,1,0,524,0.0019083969465648854,0.0,1.0,524,15100,11200,3900,0.7417218543046358,190,112,78,182.7367926340799,0.4323629730853999,0.8990317765622813,0.12477189604584968,4362949.446099018,39554.27764095339,4402503.723739971,4852,0,2772.666030534351,90,434,61,33.54239574219889,0.5727775127226463,38.32417582417581,33346.21728881979,370.513525431331,0
4854,127.2532498397603,1,0,525,0.0019047619047619048,0.0,1.0,525,15700,11500,4200,0.732484076433121,199,115,84,185.90526984398593,0.43230976614564404,0.9004519992424391,0.12782756205878032,4364564.736295277,41579.117010502494,4406143.853305779,4853,0,2768.382857142857,96,429,64,33.221602635067725,0.5742460317460317,38.090635738831594,33328.81776569897,347.1751850593643,0
4855,126.94979607761329,0,1,524,0.0,0.0019047619047619048,0.9980952380952381,525,14050,9700,4350,0.6903914590747331,184,97,87,189.33607431008207,0.43224494123349083,0.902079884850667,0.13072421130626444,4358707.841278396,46002.12634644371,4404709.967624839,4854,1,2769.382857142857,100,425,62,32.992315412468514,0.5755555555555556,37.95379537953794,33266.712239479944,332.66712239479943,0
4856,126.79466643091052,0,0,524,0.0,0.0,1.0,524,16100,11600,4500,0.7204968944099379,206,116,90,189.65232821515937,0.43216942709169553,0.9019148199723985,0.13140526093417845,4357262.792779133,44373.00665916829,4401635.7994383015,4855,2,2775.6049618320612,101,423,62,32.865027657668136,0.576952131043257,37.83700980392154,33240.86889244148,329.11751378654935,0
4857,126.63443338176212,0,0,524,0.0,0.0,1.0,524,13700,9500,4200,0.6934306569343066,179,95,84,198.13458345512024,0.432202875731613,0.9081875841376463,0.1267832276790858,4262256.951230546,50400.101122151515,4312657.052352698,4856,3,2776.6049618320612,79,445,57,35.4062113151996,0.5489225508905853,40.54687500000001,32855.69947350256,415.8949300443362,8
4858,126.55456463369664,1,0,525,0.0019047619047619048,0.0,1.0,525,15450,10800,4650,0.6990291262135923,201,108,93,192.836835649433,0.43230931176541865,0.9049703061367309,0.12393019185830043,4264561.460635039,44022.90750027775,4308584.368135317,4857,0,2772.3142857142857,85,440,61,35.38872105320454,0.550515873015873,40.39486434108529,32854.2149199859,386.5201755292459,0
4859,126.96304698020869,3,0,528,0.005681818181818182,0.0,1.0,528,14750,10100,4650,0.6847457627118644,194,101,93,191.3621565981735,0.4328456379497058,0.9044514961386763,0.12389147689942744,4286792.339791317,43715.96540620006,4330508.305197516,4858,0,2757.556818181818,91,437,67,35.1653613495418,0.5525370896464646,40.13813405797103,32992.85429396271,362.5588383951946,0
4860,126.80159203408411,2,0,530,0.0037735849056603774,0.0,1.0,530,15000,10900,4100,0.7266666666666667,191,109,82,191.79589926371204,0.43352014005302514,0.90475113806049,0.12496764125303776,4288641.618862795,43508.77518191575,4332150.39404471,4859,0,2748.147169811321,99,431,65,34.928374986649594,0.5542845911949685,39.91666666666669,32978.98072819836,333.1210174565491,0
4861,126.73894628609945,1,1,530,0.0018832391713747645,0.0018832391713747645,0.9981167608286252,531,15100,11500,3600,0.7615894039735099,187,115,72,187.87343604690352,0.4336743002996601,0.9033900889584972,0.1229614764067473,4291625.7211378785,39956.49409149062,4331582.215229369,4860,0,2743.969868173258,104,427,52,34.87272224763652,0.5556928750784683,39.761904761904795,32982.30197397821,317.1375189805597,0
4862,126.59992872811837,0,0,530,0.0,0.0,1.0,530,13650,10100,3550,0.73992673992674,172,101,71,189.15797859072623,0.43350126618397117,0.9039184324033342,0.1240975654390802,4289624.307230003,42633.33257385624,4332257.639803859,4861,2,2750.147169811321,107,423,52,34.75561936519701,0.5570754716981132,39.67978395061731,32956.52079834063,308.0048672742115,0
4863,126.27042573213089,1,0,531,0.0018832391713747645,0.0,1.0,531,15550,11600,3950,0.7459807073954984,195,116,79,192.05844200842998,0.4334927868386455,0.9065763644294178,0.12658260352642117,4283669.761300845,42792.988086811536,4326462.749387656,4862,0,2745.9661016949153,83,448,55,34.51861659922242,0.5587727558066541,39.52132936507934,32890.75263521067,396.27412813506834,0
4864,126.46333783343873,0,0,531,0.0,0.0,1.0,531,14800,10300,4500,0.6959459459459459,193,103,90,194.08164263309203,0.4336032346705516,0.9070929070929079,0.12865942005014847,4296752.623577297,45784.16143438495,4342536.785011682,4863,1,2746.9661016949153,87,444,58,34.26365301365302,0.5602832705586943,39.32291666666665,32966.09405501861,378.920621322053,0
4865,126.056203391154,0,1,530,0.0,0.0018832391713747645,0.9981167608286252,531,14600,10000,4600,0.684931506849315,192,100,92,173.71044051149113,0.433662159921354,0.8957113168601658,0.11389577632163536,4270532.620045873,27567.22052937356,4298099.840575247,4864,2,2747.9661016949153,106,425,58,35.17847570249584,0.5614210608913999,39.7001557632399,32812.410107795055,309.55103875278354,8
4866,125.83585443495389,1,0,531,0.0018832391713747645,0.0,1.0,531,15000,11200,3800,0.7466666666666667,188,112,76,158.01110304580982,0.4336732639259022,0.8837786241048167,0.09856134218102433,4205941.363327424,11717.086833071442,4217658.450160496,4865,0,2748.9510357815443,100,431,68,37.364706742723406,0.5430398618957941,41.4500825082508,32534.849781660778,325.3484978166078,8
4867,126.41635933777098,0,1,530,0.0,0.0018832391713747645,0.9981167608286252,531,14100,10400,3700,0.7375886524822695,178,104,74,159.2288796071926,0.43365757026614077,0.8853945033681538,0.09974248215156722,4230283.100703839,14416.647709261342,4244699.748413101,4866,1,2749.9510357815443,101,430,72,37.17975288173062,0.5442365034526051,41.29901960784312,32704.03609828832,323.80233760681506,0
4868,126.88594632475119,1,0,531,0.0018832391713747645,0.0,1.0,531,16800,12000,4800,0.7142857142857143,216,120,96,158.0829677279224,0.43378341565102035,0.8850915307419178,0.09959000162027275,4252640.841345429,11454.016976169281,4264094.858321599,4867,0,2750.015065913371,105,426,71,37.003877881525355,0.5459824231010671,41.09669811320752,32851.19046650807,312.86848063341023,0
4869,127.1656796604881,0,0,531,0.0,0.0,1.0,531,14900,10200,4700,0.6845637583892618,196,102,94,158.14398419239384,0.4337526205450734,0.8853843234522496,0.09994349019478496,4265699.522204181,13818.943561789756,4279518.465765971,4868,1,2751.015065913371,109,422,71,36.88867968216824,0.5473360012554928,40.98484848484845,32937.837784788055,302.1819980255785,0
4870,126.92845081022492,0,0,531,0.0,0.0,1.0,531,14400,11200,3200,0.7777777777777778,176,112,64,158.09266578532933,0.43368214712954084,0.8853977271305871,0.10018606108673186,4260936.927250404,14124.575514431592,4275061.502764836,4869,2,2752.015065913371,114,417,74,36.79130543708773,0.5487484306340238,40.88768115942026,32888.72521627942,288.4975896164861,0
4871,127.21473512504107,1,0,532,0.0018796992481203006,0.0,1.0,532,14050,10600,3450,0.7544483985765125,175,106,69,160.16638926812468,0.4339382472188003,0.8883387839070456,0.10213279053933366,4277766.454491601,16580.881429644498,4294347.335921246,4870,0,2747.84022556391,118,414,62,36.51515279371723,0.550281954887218,40.66876750700279,32990.75405124691,279.58266145124503,0
4872,126.89758345547675,1,0,533,0.001876172607879925,0.0,1.0,533,14850,9800,5050,0.6599326599326599,199,98,101,161.22433618354702,0.43411986227294314,0.8887700709002821,0.10323492909523263,4271896.921362053,16296.749078228288,4288193.670440281,4871,0,2743.682926829268,91,442,68,36.339698695291695,0.5519465290806754,40.52309782608698,32926.991848383,361.83507525695603,0
4873,127.01273675408476,0,1,532,0.0,0.001876172607879925,0.99812382739212,533,15700,11200,4500,0.7133757961783439,202,112,90,158.45932984510097,0.43407195874301135,0.8868745071988937,0.10192513022939803,4280999.19461372,13372.852689182631,4294372.047302903,4872,1,2744.682926829268,95,438,71,36.25041792042796,0.5535100062539087,40.36458333333336,32977.00482912074,347.1263666223236,0
4874,127.54829026228035,0,1,531,0.0,0.0018796992481203006,0.9981203007518797,532,15600,11400,4200,0.7307692307692307,198,114,84,158.3836358637833,0.4340813191170016,0.8893687158098695,0.10202538845119963,4300739.5703925295,14233.354012403946,4314972.924404933,4873,2,2750.8176691729323,96,436,69,36.200565847875815,0.5559602130325815,40.31357388316153,33122.55965552497,345.0266630783851,8
4875,127.88039775276866,0,0,531,0.0,0.0,1.0,531,16100,11800,4300,0.7329192546583851,204,118,86,172.48555958497755,0.4339316170983904,0.8947031657077247,0.11481127956478013,4349547.744688388,27746.83533683043,4377294.580025218,4874,3,2754.834274952919,98,433,69,34.68479371739012,0.5679927809165097,39.183501683501675,33353.31754519803,340.3399749510003,8
4876,127.96534353759321,0,0,531,0.0,0.0,1.0,531,16650,11400,5250,0.6846846846846847,219,114,105,170.5167462933102,0.4338478188774,0.8944385755842688,0.11403963915345172,4357814.280247819,25766.06240367586,4383580.342651495,4875,4,2755.834274952919,103,428,69,34.572331388803576,0.5695621468926554,39.02243589743589,33396.08364598881,324.2338218057166,0
4877,127.87953145455978,0,0,531,0.0,0.0,1.0,531,13100,8500,4600,0.648854961832061,177,85,92,172.2357401539159,0.43363077260183114,0.8957256481147575,0.1156439969604864,4359350.076900034,30867.177416981154,4390217.254317015,4876,5,2756.834274952919,107,424,66,34.391622340425556,0.5708961079723791,38.888888888888886,33390.76654646835,312.06323875204066,0
4878,127.58602191962133,0,0,531,0.0,0.0,1.0,531,13800,9300,4500,0.6739130434782609,183,93,90,170.55449888056677,0.4336427649267432,0.8942748133459759,0.11481733727205604,4352313.614552364,28461.33350020882,4380774.948052573,4877,6,2757.834274952919,112,419,68,34.34489147697195,0.5719554300062775,38.79977876106194,33325.497152400945,297.5490817178656,0
4879,127.54480968396591,1,0,532,0.0018796992481203006,0.0,1.0,532,14550,10800,3750,0.7422680412371134,183,108,75,173.35252643119773,0.43375483494517836,0.8973526688463622,0.1172256027041658,4355948.879169367,30072.948641831717,4386021.827811199,4878,0,2753.6484962406016,116,416,53,34.11791006642821,0.573406171679198,38.64850427350429,33334.026783055924,287.3622998539304,0
4880,127.41896167015676,0,1,531,0.0,0.0018796992481203006,0.9981203007518797,532,14650,10200,4450,0.6962457337883959,191,102,89,172.85439913651865,0.43370431729040115,0.8987134170086541,0.11726068698180224,4355209.420671482,29513.421504777478,4384722.8421762595,4879,1,2754.6484962406016,122,410,60,34.02224435590974,0.574718045112782,38.5416666666667,33314.749353343606,273.07171601101317,0
4881,127.04162180439484,0,0,531,0.0,0.0,1.0,531,14950,11400,3550,0.7625418060200669,185,114,71,169.58254789362925,0.4336762249937818,0.8949495345273555,0.11565777332108813,4348266.601767126,26328.025849687754,4374594.627616813,4880,2,2760.804143126177,92,439,62,33.92553904990224,0.5758396107972379,38.362455197132604,33238.85801667614,361.2919349638711,0
4882,127.0552410793064,0,1,530,0.0,0.0018832391713747645,0.9981167608286252,531,14700,9800,4900,0.6666666666666666,196,98,98,167.30308135459774,0.43374595814234446,0.8939601929793257,0.11460403579673475,4353597.787500017,24774.064965461563,4378371.852465479,4881,3,2761.804143126177,95,436,65,33.83642128823675,0.577036252354049,38.216145833333314,33261.0107018156,350.1159021243747,0
4883,126.89803091667781,2,1,531,0.0037593984962406013,0.0018796992481203006,0.9981203007518797,532,15100,11800,3300,0.7814569536423841,184,118,66,162.16814421621555,0.4337251143395211,0.889889983407826,0.11174051580925397,4354701.592908705,19738.775187478517,4374440.368096183,4882,0,2754.7067669172934,103,429,73,33.77236580516898,0.5785166040100251,38.0208333333333,33244.6403911917,322.76349894360874,0
4884,127.31074534172096,1,0,532,0.0018796992481203006,0.0,1.0,532,14650,10900,3750,0.7440273037542662,184,109,75,160.78787875610118,0.4337957653078081,0.8891858409474651,0.11118417200684269,4372798.518806763,19568.599613350278,4392367.118420113,4883,0,2755.5695488721803,105,427,74,33.68870527289317,0.5795739348370927,37.902908805031416,33367.77603192802,317.78834316121925,0
4885,127.47225687538008,0,1,531,0.0,0.0018796992481203006,0.9981203007518797,532,14850,10300,4550,0.6936026936026936,194,103,91,159.3315252766445,0.43364472858228437,0.8880622711048203,0.11055607060160327,4382140.79886816,18392.635492133995,4400533.434360294,4884,1,2756.5695488721803,107,425,70,33.61150960052965,0.5809053884711779,37.789351851851826,33424.58309620031,312.3792812729001,0
4886,127.61379672037876,1,1,531,0.0018796992481203006,0.0018796992481203006,0.9981203007518797,532,14350,10500,3850,0.7317073170731707,182,105,77,157.1662598489356,0.43358705733259706,0.8871740684615594,0.10945255674681428,4391037.359819815,17274.58373996387,4408311.943559779,4885,0,2757.5187969924814,110,422,64,33.54595943335479,0.5822368421052632,37.668918918918905,33477.06525451809,304.3369568592554,0
4887,128.00929241927426,0,1,530,0.0,0.0018832391713747645,0.9981167608286252,531,15900,12000,3900,0.7547169811320755,198,120,78,158.64672853974497,0.4331504873917729,0.8879872539022065,0.11084032133813049,4408208.183487497,17769.561406483117,4425977.74489398,4886,3,2763.7118644067796,115,416,65,33.39937981180499,0.5836079723791588,37.562859195402275,33594.392698933625,292.12515390377064,0
4888,127.8090976220554,0,2,528,0.0,0.0037735849056603774,0.9962264150943396,530,14350,10100,4250,0.7038327526132404,186,101,85,158.06972853498462,0.432977999310435,0.8876205808487359,0.11080007287261043,4404926.075973778,18907.09380917219,4423833.169782951,4887,4,2769.87358490566,92,438,67,33.30515856086466,0.5847877358490565,37.45519713261653,33555.61433984121,364.73493847653486,0
4889,127.85400752258063,0,1,527,0.0,0.001893939393939394,0.9981060606060606,528,14000,10200,3800,0.7285714285714285,178,102,76,155.54760040448272,0.43254592892875626,0.8856848858022914,0.10943150565901406,4410491.844914051,17608.28461598608,4428100.129530037,4888,6,2781.348484848485,94,434,71,33.249843456480875,0.5857796717171717,37.33552631578951,33582.70559433617,357.26282547166136,0
4890,127.971476788158,0,1,526,0.0,0.0018975332068311196,0.9981024667931688,527,14950,10300,4650,0.6889632107023411,196,103,93,154.5760830494023,0.43254062019754547,0.8838305737966066,0.10364309603160625,4360916.703352717,14468.684501795651,4375385.387854513,4889,7,2785.776091081594,110,417,76,34.9003828318775,0.5689634724857685,38.93581081081082,33408.76982704378,303.7160893367617,8
4891,127.93220778694231,1,0,527,0.0018975332068311196,0.0,1.0,527,16050,12200,3850,0.7601246105919003,199,122,77,183.87344109399044,0.43271783753363974,0.902037640973677,0.11518887767188488,4281098.218567645,35986.052221876176,4317084.270789522,4890,0,2786.740037950664,89,438,65,36.53942227392029,0.5422398798228969,41.296296296296276,33096.53597747356,371.8711907581299,8
4892,127.62867040925795,1,0,528,0.001893939393939394,0.0,1.0,528,15150,10600,4550,0.6996699669966997,197,106,91,208.66496191389862,0.43311487443217755,0.9147973865947099,0.12502822022369653,4217914.076383014,55276.1760209124,4273190.252403927,4891,0,2782.4602272727275,88,440,50,37.54267959573891,0.5246803977272727,42.90730337078653,32812.399042717356,372.86817093996996,8
4893,127.44862415334904,1,0,529,0.001890359168241966,0.0,1.0,529,16050,11800,4250,0.735202492211838,203,118,85,187.09928238823613,0.43347045597754486,0.9032296303193807,0.11226866516859632,4213705.111826366,35826.24052367324,4249531.352350039,4892,0,2778.1984877126656,99,430,55,38.042986578087465,0.5265831758034026,42.8541666666667,32772.88266510015,331.03921883939546,8
4894,127.32260796745221,1,0,530,0.0018867924528301887,0.0,1.0,530,14600,10600,4000,0.726027397260274,186,106,80,188.27959464821814,0.43419358050671136,0.9053872693671945,0.11350569848792597,4215147.106870129,38125.23773282371,4253272.344602953,4893,0,2773.954716981132,81,449,57,37.83817140600317,0.5281643081761006,42.6829268292683,32762.280830649343,404.47260284752275,0
4895,127.50584917781609,2,0,532,0.0037593984962406013,0.0,1.0,532,14150,10000,4150,0.7067137809187279,183,100,83,188.91409071581995,0.4347797902241479,0.9056960969013959,0.11464238655768229,4229126.452693543,39238.315666564085,4268364.768360107,4894,0,2764.5225563909776,85,447,61,37.57622429144721,0.530094768170426,42.44186046511627,32840.1692940537,386.35493287122006,0
4896,127.78764034219526,4,0,536,0.007462686567164179,0.0,1.0,536,15550,11100,4450,0.7138263665594855,200,111,89,183.66537186018817,0.43571373564420884,0.9038532838643305,0.11234295143119974,4247944.090006405,33290.04618646197,4281234.136192867,4895,0,2744.884328358209,93,443,65,37.418521861211396,0.5318913246268657,42.15425531914892,32949.499285041944,354.29569123701015,0
4897,127.35532189936494,2,1,537,0.0037174721189591076,0.0018587360594795538,0.9981412639405205,538,15700,11700,4000,0.7452229299363057,197,117,80,180.60562862165904,0.4362806010720903,0.9033277765691878,0.1109777706717126,4239006.798536213,29817.69751622311,4268824.4960524365,4896,0,2735.6765799256505,96,442,65,37.329004689364304,0.5336121437422552,41.98883161512026,32859.09540328745,342.28224378424426,0
4898,127.45008159308726,4,5,536,0.0073937153419593345,0.009242144177449169,0.9907578558225508,541,15650,11000,4650,0.7028753993610224,203,110,93,176.93280215531257,0.43714528992948587,0.901540051489899,0.10945382367496573,4250123.622850654,26547.256419490855,4276670.879270145,4897,0,2715.336414048059,103,438,55,37.17744854690249,0.5358518176216882,41.74679487179487,32914.392065266,319.55720451714564,0
4899,127.97576632231525,2,0,538,0.0037174721189591076,0.0,1.0,538,15350,10500,4850,0.6840390879478827,202,105,97,178.78155250250518,0.4365995485267411,0.9027685016265912,0.11078329519419848,4269646.5451558335,29716.807595983155,4299363.352751817,4898,0,2731.470260223048,104,434,60,37.068339222162464,0.5369230173482032,41.68650793650793,33057.86709821861,317.86410671364047,0
4900,128.26937329466392,1,1,538,0.0018552875695732839,0.0018552875695732839,0.9981447124304267,539,16050,11500,4550,0.7165109034267912,206,115,91,175.76601459424168,0.4371496909003547,0.901293106936411,0.109423163513038,4284973.939810757,26780.558408143657,4311754.4982189005,4899,0,2727.4007421150277,84,455,63,36.976401005120415,0.538613172541744,41.51960784313724,33155.117910919565,394.70378465380435,0
4901,128.18638137021844,0,0,538,0.0,0.0,1.0,538,15350,10200,5150,0.6644951140065146,205,102,103,176.3680930593456,0.43713576676612237,0.900915374582048,0.11015610392989375,4286057.514320503,28234.75810867642,4314292.272429179,4900,1,2733.46282527881,86,452,66,36.84243525635087,0.5397885687732342,41.403256704980826,33148.580757111624,385.4486134547863,0
4902,127.7888537395464,0,0,538,0.0,0.0,1.0,538,14650,10200,4450,0.6962457337883959,191,102,89,172.6595771290913,0.4372413374361672,0.8987447342939239,0.10818627953131596,4276544.926093428,25427.28770256954,4301972.213795998,4901,2,2734.46282527881,90,448,68,36.82202483665913,0.5411051734820322,41.288919413919395,33060.39243781442,367.33769375349357,0
4903,127.94513547737895,0,0,538,0.0,0.0,1.0,538,13750,9800,3950,0.7127272727272728,177,98,79,171.45046712862853,0.4371536503222502,0.8972763939182147,0.10797858040474824,4287783.696136162,25678.503529811052,4313462.199665973,4902,3,2735.46282527881,94,444,72,36.66873138226529,0.5424605018587361,41.10745614035085,33124.041598205746,352.3834212575079,0
4904,127.73317398536778,0,0,538,0.0,0.0,1.0,538,14250,10000,4250,0.7017543859649122,185,100,85,175.703014344225,0.43725878832561454,0.899825065464563,0.11117923197556215,4286197.999404501,28769.581714309927,4314967.581118811,4903,4,2736.46282527881,98,440,66,36.38890581211159,0.5438158302354399,40.94065656565654,33090.47218743379,337.65787946361013,0
4905,127.62442407520562,2,0,540,0.003703703703703704,0.0,1.0,540,15250,11200,4050,0.7344262295081967,193,112,81,176.73346288375978,0.43764795059437916,0.9014780653821588,0.11232957070517378,4287738.720669921,28307.382408953024,4316046.103078874,4904,0,2727.324074074074,104,436,57,36.20251125824435,0.5456211419753086,40.78373015873012,33082.32714941467,318.0992995136026,0
4906,128.0334469219778,1,0,541,0.0018484288354898336,0.0,1.0,541,13900,9500,4400,0.6834532374100719,183,95,88,175.64913515735816,0.43770523835603936,0.8994504598640514,0.10933020013571196,4276873.8409621185,28145.8382684233,4305019.679230542,4905,0,2723.2809611829944,88,453,63,36.9861475879973,0.5401840727048675,41.52621722846439,33093.28934720189,376.0601062182033,7
4907,128.12757704843065,2,3,540,0.003683241252302026,0.0055248618784530384,0.994475138121547,543,14650,10000,4650,0.6825938566552902,193,100,93,170.46227464130064,0.4381334110302429,0.8966478057289451,0.10710922483520142,4291185.483755336,23047.04769373063,4314232.5314490665,4906,0,2714.2467771639044,95,448,74,36.777488959695866,0.5421270718232044,41.18923611111107,33160.79609113632,349.06101148564545,0
4908,128.45843523364005,2,0,542,0.0036900369003690036,0.0,1.0,542,15450,11100,4350,0.7184466019417476,198,111,87,169.85691176858762,0.4384199514361133,0.8953929067690263,0.10709260740487427,4306282.006769206,22440.352574888275,4328722.359344095,4907,0,2719.8560885608854,100,442,72,36.670351044902894,0.5436654366543665,41.068481848184774,33261.93765445249,332.6193765445249,0
4909,128.65513189761663,0,1,541,0.0,0.0018450184501845018,0.9981549815498155,542,16250,11700,4550,0.72,208,117,91,169.07363052858804,0.43847693329058984,0.8949294704710862,0.10700893813920244,4317405.635214458,21341.88904205647,4338747.524256514,4908,1,2720.8560885608854,104,438,67,36.55239207577032,0.5451645141451414,40.93253968253965,33330.35827752296,320.48421420695155,0
4910,128.18912229883173,2,2,541,0.003683241252302026,0.003683241252302026,0.996316758747698,543,16200,11800,4400,0.7283950617283951,206,118,88,167.90115132504278,0.4385718719065644,0.8949378560109646,0.10670001044834386,4306536.64547459,19814.49219973191,4326351.137674322,4909,0,2716.8250460405156,107,436,56,36.43678294573641,0.5470188766114181,40.78896604938268,33228.0349323018,310.54238254487666,0
4911,128.34067065158243,0,0,541,0.0,0.0,1.0,541,15550,11200,4350,0.7202572347266881,199,112,87,172.02803889962985,0.43807848976518105,0.897040627574835,0.10968672881754277,4315522.562964592,24728.176666778614,4340250.739631371,4910,3,2727.86876155268,110,431,61,36.21075185158377,0.5484442390634627,40.671921921921886,33282.339459325965,302.56672235750875,0
4912,128.70436844338644,0,1,540,0.0,0.0018484288354898336,0.9981515711645101,541,15650,11900,3750,0.7603833865814696,194,119,75,173.9858715875941,0.43803042491043104,0.8973942314579082,0.11138009781188031,4332444.61582897,26906.8305179982,4359351.446346968,4911,4,2728.86876155268,88,453,64,36.016979415700604,0.5498498151571165,40.531367041198536,33394.74653583178,379.4857560889975,0
4913,129.09285226209283,0,0,540,0.0,0.0,1.0,540,15400,10500,4900,0.6818181818181818,203,105,98,173.63047132011437,0.43791930071691976,0.8960483597422089,0.11164741187241348,4350730.571804677,27683.879953856904,4378414.451758534,4912,5,2734.9148148148147,91,449,67,35.86804041285072,0.5512345679012346,40.37590579710148,33515.61483661484,368.30345974302026,0
4914,128.6486533960379,0,1,539,0.0,0.001851851851851852,0.9981481481481481,540,14050,10300,3750,0.7330960854092526,178,103,75,170.03735934343283,0.4378004821457202,0.8940775658983067,0.10977267255217422,4340395.909129651,25555.89177869024,4365951.800908341,4913,6,2735.9148148148147,93,447,71,35.820206404732474,0.5524305555555555,40.23714539007095,33418.141447878486,359.3348542782633,0
4915,128.65120951586715,1,0,540,0.001851851851851852,0.0,1.0,540,16150,13200,2950,0.8173374613003096,191,132,59,163.87738497594077,0.43794957797933987,0.8895900811631123,0.10635734210039931,4346634.751406098,18313.02730119833,4364947.778707296,4914,0,2729.987037037037,101,439,71,35.793162829679666,0.5539930555555556,40.05310457516344,33442.482506300395,331.11368818119206,0
4916,129.06311267586364,1,0,541,0.0018484288354898336,0.0,1.0,541,15150,10200,4950,0.6732673267326733,201,102,99,161.2198273236548,0.4381627815430958,0.8882769050870745,0.10510262043356017,4365763.389721955,17419.523965383203,4383182.913687338,4915,0,2725.9390018484287,105,436,73,35.704435544808824,0.5554913739987677,39.89779874213839,33569.59970818393,319.71047341127553,0
4917,128.86391548616302,1,1,541,0.0018450184501845018,0.0018450184501845018,0.9981549815498155,542,14850,10700,4150,0.7205387205387206,190,107,83,165.28410603872462,0.43822087019391454,0.8903793465047196,0.1082179771426219,4364019.70356863,21010.619087945084,4385030.322656575,4916,0,2721.9077490774907,106,436,61,35.44729360715219,0.5568111931119311,39.74883177570095,33536.98454723149,316.3866466719952,0
4918,129.25102071076208,0,0,541,0.0,0.0,1.0,541,14500,10200,4300,0.7034482758620689,188,102,86,165.608356942749,0.43825933912964105,0.8899779437626203,0.10870867632778927,4380101.144085173,22376.270743000605,4402477.414828173,4917,2,2727.9390018484287,107,434,64,35.34905404070342,0.5581484904497844,39.6604938271605,33649.146904175366,314.47800845023704,0
4919,129.24908225389876,0,0,541,0.0,0.0,1.0,541,16400,12200,4200,0.7439024390243902,206,122,84,166.3508798270146,0.43806921909586727,0.8902788213936461,0.10961809448651431,4384497.331895289,21272.997751995175,4405770.329647284,4918,3,2728.9390018484287,93,448,66,35.1949496561015,0.5595925754775108,39.52792553191488,33665.77657776906,361.99759761042,0
4920,129.6839101454485,0,0,541,0.0,0.0,1.0,541,14450,9100,5350,0.629757785467128,198,91,107,164.76406883123826,0.4379939127359029,0.8893137470075629,0.10903129096662949,4404130.629532839,22478.496437222784,4426609.125970062,4919,4,2729.9390018484287,98,443,67,35.089392654797024,0.5607863524337646,39.38341750841751,33797.77746625225,344.8752802678801,0
4921,129.95529039402268,0,0,541,0.0,0.0,1.0,541,15650,12000,3650,0.7667731629392971,193,120,73,162.59321521448862,0.43782561443143697,0.8874635538701863,0.10794348342893031,4417092.845423102,19787.86552765149,4436880.710950754,4920,5,2730.9390018484287,103,438,69,35.03358975836503,0.5623652187307455,39.27283653846154,33882.87424125409,328.9599440898455,0
4922,129.41812190881143,0,0,541,0.0,0.0,1.0,541,15400,11600,3800,0.7532467532467533,192,116,76,162.85748942389594,0.43788494671504535,0.8882687376795213,0.10844363984668971,4402285.360564782,19789.02830983026,4422074.388874613,4921,6,2731.9390018484287,105,436,71,34.922795318112215,0.5637707948243993,39.17059748427673,33756.05141218237,321.4862039255464,0
4923,128.94707136907968,1,0,542,0.0018450184501845018,0.0,1.0,542,16600,13000,3600,0.7831325301204819,202,130,72,161.36844650252777,0.438003244981618,0.8880596195562447,0.10791441439367087,4391173.131986363,16719.357326456102,4407892.489312819,4922,0,2727.8966789667898,109,433,69,34.81330206708032,0.5650561193111932,39.02462121212122,33652.01079413331,308.7340439828744,0
4924,128.45283255525402,0,0,542,0.0,0.0,1.0,542,14000,9800,4200,0.7,182,98,84,163.85383657763688,0.4378230629579863,0.8893921253042312,0.11001614741641327,4378893.628311048,21099.704192827077,4399993.332503876,4923,1,2728.8966789667898,113,429,71,34.61048315602838,0.5663245694956949,38.888888888888886,33540.461833871865,296.81824631745013,0
4925,128.37761434637713,0,0,542,0.0,0.0,1.0,542,16800,12500,4300,0.7440476190476191,211,125,86,163.71216572677088,0.4376099138764031,0.8909379285180385,0.11037368592546848,4380986.384581346,18244.15380786225,4399230.538389209,4924,2,2729.8966789667898,114,428,73,34.4730196703881,0.5679389606396064,38.75000000000001,33538.65174799116,294.19869954378214,0
4926,128.11731230992189,1,0,543,0.001841620626151013,0.0,1.0,543,14550,8900,5650,0.6116838487972509,202,89,113,165.13584192527344,0.43766054718558234,0.8933735662115392,0.11193990865685624,4378228.197254624,21450.479898924354,4399678.677153548,4925,0,2725.8674033149173,122,421,63,34.24987852283775,0.5696362799263353,38.567073170731724,33494.0839346826,274.54167159575906,0
4927,127.71615926953672,0,0,543,0.0,0.0,1.0,543,16500,12500,4000,0.7575757575757576,205,125,80,163.99672642424827,0.4376017931450033,0.8926709302723277,0.11159023202139981,4368771.129759027,18192.832755447344,4386963.962514474,4926,1,2726.8674033149173,91,452,65,34.150262254159266,0.5710942295887047,38.439764492753596,33405.46869662069,367.0930626002273,0
4928,127.94976751646111,1,1,543,0.001838235294117647,0.001838235294117647,0.9981617647058824,544,17450,12900,4550,0.7392550143266475,220,129,91,161.54174849553138,0.43753836709637817,0.8913411055077851,0.11051361478188243,4382795.424072659,15350.887220580804,4398146.31129324,4927,0,2722.8529411764707,95,449,69,34.031347594174036,0.5726485906862745,38.259548611111086,33489.629904861635,352.5224200511751,0
4929,128.34054736673426,0,0,543,0.0,0.0,1.0,543,15900,10900,5000,0.6855345911949685,209,109,100,158.41694302291,0.43730023626203113,0.8892847095094869,0.10891652169606238,4401752.466022871,14962.433922178847,4416714.8999450505,4928,1,2728.8139963167587,99,444,73,33.94471125164058,0.5741635972989565,38.09374999999998,33613.191483768496,339.5271867047323,0
4930,128.76210436720288,0,1,542,0.0,0.001841620626151013,0.998158379373849,543,14600,10100,4500,0.6917808219178082,191,101,90,163.29907801299476,0.4374420954154293,0.8928936742151174,0.10502152343580837,4339776.8777622515,18536.312584139752,4358313.190346391,4929,2,2729.8139963167587,93,450,69,36.13039217778541,0.5495319214241866,40.370124113475214,33430.48917574507,359.4676255456459,8
4931,129.0363296750966,0,1,541,0.0,0.0018450184501845018,0.9981549815498155,542,15700,11500,4200,0.732484076433121,199,115,84,164.59281929974333,0.4373652897804394,0.8935714658930127,0.10629934412881564,4353932.049991475,19225.19022952299,4373157.240220998,4930,3,2735.39852398524,95,447,73,35.947790053325555,0.5510455104551045,40.223524305555586,33520.602959543416,352.84845220572015,0
4932,129.21745251118872,0,0,541,0.0,0.0,1.0,541,15800,11500,4300,0.7278481012658228,201,115,86,165.00183142345006,0.4372618151114762,0.894537388898655,0.1069965855418882,4364779.78644136,20039.331704576947,4384819.118145936,4931,4,2739.5489833641404,95,446,75,35.79377835295432,0.5522758780036969,40.0824652777778,33585.881699794256,353.53559683993956,0
4933,129.3229008627505,1,1,541,0.0018450184501845018,0.0018450184501845018,0.9981549815498155,542,14700,10700,4000,0.7278911564625851,187,107,80,165.6061138834095,0.43747726409796445,0.8949120498894174,0.10763090673485257,4370972.535347555,21671.95509400637,4392644.490441561,4932,0,2735.492619926199,98,444,72,35.69851949278299,0.553659286592866,40.00420875420879,33623.40993601227,343.09601975522725,0
4934,129.72599948712693,1,0,542,0.0018450184501845018,0.0,1.0,542,16500,11600,4900,0.703030303030303,214,116,98,163.96282946876482,0.4377159200196438,0.8933010468252864,0.10711294441121079,4390607.803032284,19079.29569456361,4409687.098726847,4933,0,2732.2970479704795,102,440,69,35.560166109513126,0.555485086100861,39.8260517799353,33751.3254733602,330.8953477780412,0
4935,129.85240210259474,2,1,543,0.003676470588235294,0.001838235294117647,0.9981617647058824,544,15650,11200,4450,0.7156549520766773,201,112,89,164.17916642385217,0.4382063354232117,0.8944090041429824,0.10765641523518389,4399247.948386872,20002.972211601824,4419250.920598474,4934,0,2723.248161764706,109,435,61,35.423336243694244,0.5570810355392157,39.69696969696973,33800.97375943348,310.1006766920503,0
4936,129.95966229498563,0,0,543,0.0,0.0,1.0,543,15750,11100,4650,0.7047619047619048,204,111,93,168.3199999999983,0.4378009905789666,0.8968692449355411,0.11073684210526309,4406726.830206536,23998.052012072978,4430724.882218609,4935,1,2729.2633517495397,115,428,63,35.20000000000002,0.558529005524862,39.58333333333336,33843.6620559862,294.29271353031476,0
4937,129.38626598805158,0,1,542,0.0,0.001841620626151013,0.998158379373849,543,16600,12300,4300,0.7409638554216867,209,123,86,167.77548065338868,0.4376149597131331,0.895629390537446,0.11082633862878749,4391964.884721874,22172.80390940322,4414137.6886312775,4936,2,2730.2633517495397,89,454,67,35.072961087420026,0.559891037446286,39.444444444444436,33712.31041577558,378.79000467163576,0
4938,128.83668115942513,2,0,544,0.003676470588235294,0.0,1.0,544,15650,11100,4550,0.7092651757188498,202,111,91,163.671625472461,0.4379074388157657,0.8934502983103179,0.10875314125064475,4380060.228360277,18928.315448600566,4398988.5438088775,4937,0,2726.233455882353,94,450,71,34.97557573973618,0.5612553615196079,39.24342105263157,33595.01222206444,357.3937470432387,0
4939,128.93829361217948,2,0,546,0.003663003663003663,0.0,1.0,546,16300,11900,4400,0.7300613496932515,207,119,88,160.8048681477827,0.43838823638135566,0.8912587458209242,0.10728863845838127,4388225.42251998,15629.602094215206,4403855.024614195,4938,0,2717.24358974359,101,445,74,34.90800452760273,0.5627861721611722,39.10334967320262,33639.56890227083,333.06503863634487,0
4940,129.0437100510431,0,0,546,0.0,0.0,1.0,546,17650,13200,4450,0.7478753541076487,221,132,89,163.38758330229285,0.43823029035185,0.8928671060395641,0.10945937894725909,4396498.131784437,16816.64094906147,4413314.772733498,4939,1,2718.24358974359,105,441,69,34.699229190979935,0.5641597985347986,38.96422955974844,33685.024273642615,320.80975498707255,0
4941,128.90374911262262,0,1,545,0.0,0.0018315018315018315,0.9981684981684982,546,16750,12300,4450,0.7343283582089553,212,123,89,165.9508238747913,0.43806443301856146,0.8960856632768683,0.11173379854211363,4397424.333656597,20001.238219474737,4417425.571876071,4940,2,2719.24358974359,110,436,72,34.46032729754979,0.5657051282051282,38.795045045045065,33670.29798048768,306.0936180044335,0
4942,128.62335303536224,1,0,546,0.0018315018315018315,0.0,1.0,546,15300,11000,4300,0.7189542483660131,196,110,86,175.08055110282956,0.43824394260174077,0.9019162227750062,0.11276914650892285,4336866.814213451,27360.206378414532,4364227.020591865,4941,0,2720.161172161172,87,459,65,35.77069468502145,0.5481913919413919,40.31723484848488,33401.26797928274,383.92262045152575,8
4943,128.50603896096223,1,0,547,0.0018281535648994515,0.0,1.0,547,14700,10100,4600,0.6870748299319728,193,101,92,188.12197865835844,0.4384775543367865,0.9075875012726251,0.11596175699388449,4281083.3124087,36973.17270632196,4318056.4851150215,4942,0,2716.1864716636196,99,448,69,37.01910142588115,0.530754875076173,41.87500000000002,33170.62130679864,335.0567808767539,8
4944,128.212387641023,1,1,547,0.0018248175182481751,0.0018248175182481751,0.9981751824817519,548,13600,9900,3700,0.7279411764705882,173,99,74,187.39178697188228,0.4386346728672654,0.9077402411009621,0.11595625694912405,4275876.165944232,37052.815121354404,4312928.981065586,4943,0,2712.228102189781,103,445,52,36.89713819404045,0.5321243917274939,41.736778846153854,33112.54422399629,321.4810118834591,0
4945,127.75112732751691,2,0,549,0.0036429872495446266,0.0,1.0,549,16250,12000,4250,0.7384615384615385,205,120,85,185.82835088245378,0.43932135512921083,0.9075013094120679,0.11587038927533425,4269526.797676344,32629.824772127915,4302156.622448472,4944,0,2704.0218579234975,86,463,58,36.65877444850952,0.5340201882210078,41.463122605363985,33028.37754290078,384.050901661637,0
4946,128.1271756775042,0,2,547,0.0,0.0036429872495446266,0.9963570127504554,549,15350,10400,4950,0.6775244299674267,203,104,99,188.90698966811428,0.4393426834456809,0.9088077531085452,0.11853476194246473,4289541.027940336,36914.85652921468,4326455.88446955,4945,1,2705.0218579234975,89,460,62,36.350238925914326,0.5354242562234366,41.23842592592592,33154.389659976296,372.52123213456514,0
4947,127.63109461735026,0,0,547,0.0,0.0,1.0,547,14450,10600,3850,0.7335640138408305,183,106,77,190.96726546814267,0.4390385285037936,0.9099398984707852,0.1202577644704791,4277138.577581071,39508.691637791875,4316647.269218863,4946,2,2715.5594149908593,89,458,59,36.16718079399143,0.5368296770262035,41.111111111111114,33042.27227315849,371.2614862152639,0
4948,127.70274248697105,0,0,547,0.0,0.0,1.0,547,15900,11500,4400,0.7232704402515723,203,115,88,192.86309902296426,0.43917957423441883,0.9107520422253581,0.12205613234864239,4285354.594494743,39997.35350131034,4325351.947996054,4947,3,2716.5594149908593,93,454,63,35.93888128439841,0.5384673979280926,40.935283687943254,33083.274754658705,355.7341371468678,0
4949,128.20725788517305,1,0,548,0.0018248175182481751,0.0,1.0,548,15400,10300,5100,0.6688311688311688,205,103,102,198.21457491513226,0.4392311302081248,0.9132508885749071,0.12592951504182645,4306825.387937745,45735.11270075583,4352560.500638501,4948,0,2712.6003649635036,95,453,56,35.66086179950883,0.539955900243309,40.79861111111111,33231.499309472754,349.80525588918687,0
4950,127.80492109290334,1,0,549,0.0018214936247723133,0.0,1.0,549,16650,12000,4650,0.7207207207207207,213,120,93,197.66852351965062,0.4396749342977056,0.914155164575138,0.12635361677960408,4300444.33116164,43562.4962838343,4344006.8274454735,4949,0,2708.657559198543,74,475,58,35.45548238569441,0.5418564055859139,40.58333333333333,33154.7266135173,448.0368461286121,0
4951,127.51163210215563,1,0,550,0.0018181818181818182,0.0,1.0,550,15450,11800,3650,0.7637540453074434,191,118,73,170.0541789257331,0.43984993376386816,0.9015210646463052,0.11109227544549165,4315662.003750174,21329.271713746108,4336991.27546392,4950,0,2704.730909090909,102,448,67,35.40168506569229,0.553125,39.826051779935305,33175.204768002586,325.2471055686528,8
4952,127.32120816352298,1,2,549,0.0018148820326678765,0.003629764065335753,0.9963702359346642,551,15700,11400,4300,0.7261146496815286,200,114,86,173.02629083904654,0.43985700929439586,0.9038334316663965,0.11364512279810801,4315377.328798233,23434.746554576184,4338812.075352808,4951,0,2700.820326678766,109,442,57,35.13524162847655,0.5550514216575922,39.640151515151544,33149.33046636309,304.1222978565421,0
4953,127.38160629013996,0,1,548,0.0,0.0018214936247723133,0.9981785063752276,549,14700,10700,4000,0.7278911564625851,187,107,80,177.54595750163895,0.43954197855867116,0.9055462504369427,0.11702281769755932,4321416.261013067,28949.997564941943,4350366.258578009,4952,2,2711.526411657559,81,468,58,34.8950967243762,0.5562196417729204,39.5198170731707,33180.38410796865,409.63437170331673,0
4954,127.59516922912636,1,0,549,0.0018214936247723133,0.0,1.0,549,16100,11300,4800,0.7018633540372671,209,113,96,173.77872645993966,0.43931027548429125,0.903214414291432,0.11537212034730539,4336900.725577694,24832.216974814568,4361732.942552509,4953,0,2712.497267759563,86,463,64,34.74113320475143,0.5580601092896175,39.27203065134097,33267.62937180832,386.83289967218974,0
4955,128.05918647500354,1,0,550,0.0018181818181818182,0.0,1.0,550,16050,11600,4450,0.7227414330218068,205,116,89,168.83069012295272,0.43947749351437876,0.8999952621664902,0.11261532408453617,4358022.573103472,21103.591717692878,4379126.164821165,4954,0,2708.5636363636363,94,456,67,34.70724933103574,0.5596780303030303,39.11184210526315,33409.12526096218,355.41622618044875,0
4956,127.76152588482775,1,0,551,0.0018148820326678765,0.0,1.0,551,15800,11000,4800,0.6962025316455697,206,110,96,174.53070825252723,0.4396066380685255,0.902731206300587,0.11737190129982447,4357126.861415783,26090.487413801457,4383217.348829584,4955,0,2704.64609800363,102,449,64,34.276819366997124,0.5613467937084089,38.83495145631068,33366.84510972682,327.12593244830214,0
4957,128.26582585382073,0,1,550,0.0,0.0018148820326678765,0.9981851179673321,551,16000,10800,5200,0.675,212,108,104,177.07407154441654,0.43965847219930704,0.904316410135213,0.11942392861694287,4377566.682429724,28830.71118300427,4406397.393612728,4956,1,2705.64609800363,105,446,56,34.111938614308286,0.5626890502117363,38.73820754716983,33510.95957301202,319.15199593344784,0
4958,128.14154001597288,1,0,551,0.0018148820326678765,0.0,1.0,551,14850,10600,4250,0.7138047138047138,191,106,85,179.98665852152254,0.43933605565638234,0.9059272191780652,0.12164476210128959,4375707.437059172,32463.792052812743,4408171.229111985,4957,0,2706.6315789473683,107,444,58,33.96340807036966,0.5639367816091954,38.667052469135825,33487.60635351873,312.9682836777451,0
4959,128.55872121058198,0,0,551,0.0,0.0,1.0,551,16150,11400,4750,0.7058823529411765,209,114,95,181.86821147219274,0.4392098388604741,0.9073739046625919,0.12313459315378021,4391958.896633344,33401.541878020376,4425360.438511364,4958,1,2707.6315789473683,110,441,60,33.85345611641657,0.565562613430127,38.60735735735739,33604.303871993194,305.4936715635745,0
4960,128.07756538605878,0,0,551,0.0,0.0,1.0,551,14850,10600,4250,0.7138047138047138,191,106,85,187.63957030204654,0.4392469614475059,0.9105495584925256,0.12783542241229018,4382518.268394304,39416.76894447612,4421935.03733878,4959,2,2708.6315789473683,79,472,61,33.48975702221559,0.5669804900181488,38.39843750000002,33505.291226189096,424.1176104580898,0
4961,128.11130527260568,0,0,551,0.0,0.0,1.0,551,17500,13000,4500,0.7428571428571429,220,130,90,184.92364692057177,0.43922138810977285,0.9085598954324268,0.1264962040616219,4388210.283325529,34596.76980938231,4422807.053134911,4960,3,2709.6315789473683,85,466,62,33.42294684313638,0.5686630369026013,38.26308139534884,33531.45828047162,394.4877444761367,0
4962,128.21199575577978,0,1,550,0.0,0.0018148820326678765,0.9981851179673321,551,18250,13900,4350,0.7616438356164383,226,139,87,186.54585336269878,0.4390408623439477,0.9089920124683433,0.12821767647249835,4397009.593651027,35598.781378321466,4432608.375029349,4961,4,2710.6315789473683,87,464,66,33.21812617702453,0.5703455837870539,38.103693181818194,33578.24817822724,385.95687561180733,0
4963,127.93379491080611,0,0,550,0.0,0.0,1.0,550,16800,11700,5100,0.6964285714285714,219,117,102,185.15869163442073,0.438903240050781,0.907645494226591,0.12762546814801473,4390624.923166178,35792.473246185415,4426417.396412363,4962,5,2716.529090909091,91,459,68,33.1585292507599,0.5716287878787879,38.00951086956521,33517.437504994756,368.32348906587646,0
4964,128.42885757102312,0,0,550,0.0,0.0,1.0,550,14900,10100,4800,0.6778523489932886,197,101,96,187.53166514032455,0.4388261025556108,0.9079989161360256,0.1297255126898527,4411616.30719259,40563.55040960655,4452179.857602197,4963,6,2717.529090909091,95,455,64,32.97524424573602,0.5729166666666667,37.890624999999986,33662.40758990471,354.34113252531273,0
4965,128.8149903182843,0,0,550,0.0,0.0,1.0,550,15400,11800,3600,0.7662337662337663,190,118,72,173.43936235532593,0.4387746315615168,0.9007650225096282,0.11697894364237002,4396370.858422226,27100.751672458464,4423471.610094685,4964,7,2718.529090909091,106,444,56,34.2050309895542,0.5670075757575758,38.73637071651091,33654.67187667259,317.4969044969112,8
4966,128.64755284068954,0,0,550,0.0,0.0,1.0,550,15350,11900,3450,0.7752442996742671,188,119,69,170.826214240002,0.4388053347684495,0.8995351895337131,0.11561914100659487,4394607.964043701,24792.848313309456,4419400.81235701,4965,8,2719.529090909091,107,443,60,34.15375153751538,0.5682007575757575,38.61882716049383,33626.048244431804,314.26213312553085,0
4967,128.58161931414472,0,1,549,0.0,0.0018181818181818182,0.9981818181818182,550,14900,10400,4500,0.697986577181208,194,104,90,172.21948857954612,0.4387219876359221,0.9002897500905467,0.11682997738774631,4394949.326394555,26479.185064938505,4421428.511459494,4966,9,2720.529090909091,109,441,63,34.03884462151397,0.5694128787878787,38.54166666666667,33618.735883177476,308.4287695704356,0
4968,128.8422903218012,1,0,550,0.0018181818181818182,0.0,1.0,550,14300,9900,4400,0.6923076923076923,187,99,88,197.22629476705552,0.4387473091571452,0.9117661165630631,0.13183502441389333,4387092.691922644,48750.00728550412,4435842.699208148,4967,0,2718.7945454545456,91,459,63,33.89303482587061,0.5640530303030302,39.03985507246373,33622.702755172504,369.4802500568407,8
4969,128.55092685189706,0,0,550,0.0,0.0,1.0,550,15850,11500,4350,0.7255520504731862,202,115,87,197.86127393040306,0.4387143290831816,0.9123536799990846,0.13283536837058493,4382114.932276666,47560.16860193913,4429675.100878606,4968,1,2719.7945454545456,94,456,61,33.726238469183464,0.5653409090909092,38.892543859649095,33565.605494782845,357.08090951896645,0
4970,128.8485608645489,0,0,550,0.0,0.0,1.0,550,15200,11300,3900,0.743421052631579,191,113,78,195.48860567404597,0.43873206104763485,0.9118043720164852,0.13183785208149315,4397408.451999348,46728.64937212267,4444137.10137147,4969,2,2720.7945454545456,99,451,51,33.63223987613463,0.5666477272727273,38.73958333333332,33663.02869837226,340.03059291285115,0
4971,128.33489468169336,0,0,550,0.0,0.0,1.0,550,17200,12900,4300,0.75,215,129,86,195.7915572314683,0.43846332174201025,0.9115951157484019,0.13246514612276805,4383492.023083126,44450.14586223282,4427942.168945359,4970,3,2721.7945454545456,103,447,51,33.514442421919924,0.5682575757575757,38.6318108974359,33542.65902162248,325.65688370507263,0
4972,128.19342475065503,0,0,550,0.0,0.0,1.0,550,16650,12700,3950,0.7627627627627628,206,127,79,196.11753563105688,0.4383573439311144,0.9114856322716594,0.13334072838550076,4384204.998854446,45313.8960153392,4429518.894869786,4971,4,2722.7945454545456,82,468,55,33.337232272821794,0.5698863636363636,38.466365461847396,33526.89229893203,408.8645402308784,0
4973,127.77823399118002,1,1,550,0.0018148820326678765,0.0018148820326678765,0.9981851179673321,551,18400,14300,4100,0.7771739130434783,225,143,82,191.22312462384886,0.43835588186767865,0.9093372971488158,0.13061573213715666,4375181.344499268,38727.16949822478,4413908.513997492,4972,0,2718.8511796733214,85,466,61,33.30744233587902,0.5716500302480338,38.311531007751945,33438.09042368522,393.3892991021791,0
4974,127.4583235106869,0,1,549,0.0,0.0018181818181818182,0.9981818181818182,550,15400,10500,4900,0.6818181818181818,203,105,98,192.07032868864877,0.43818644091185077,0.9093229299415424,0.13149979097897171,4366817.14006426,42347.20068307395,4409164.340747334,4973,1,2721.04,87,463,62,33.206151457598516,0.5732007575757576,38.23390151515152,33364.26806481222,383.4973340783014,0
4975,127.82380045015226,0,0,549,0.0,0.0,1.0,549,14700,11600,3100,0.7891156462585034,178,116,62,194.87990702479317,0.43790648447298564,0.9094241596290784,0.1339799360795456,4383979.550586296,46369.90544337069,4430349.456029667,4974,2,2726.9398907103823,90,459,64,32.99124053030307,0.574415604128719,38.0952380952381,33477.66202265899,371.9740224739887,0
4976,127.79237617293543,0,0,549,0.0,0.0,1.0,549,15600,10200,5400,0.6538461538461539,210,102,108,192.38038225144672,0.43761799821839314,0.9075026803683597,0.13296638994184506,4388808.579041437,43464.13441288365,4432272.713454321,4975,3,2727.9398907103823,96,453,63,32.87688656696031,0.5758006982392228,37.918814432989684,33491.9774538282,348.87476514404375,0
4977,127.54391582216016,0,1,548,0.0,0.0018214936247723133,0.9981785063752276,549,14400,10900,3500,0.7569444444444444,179,109,70,195.19486257279317,0.4374609442516586,0.9087817966150071,0.1352179770539349,4382785.16483469,46899.42958719547,4429684.594421886,4976,4,2728.9398907103823,99,450,65,32.726594680865176,0.5770150273224044,37.843749999999986,33436.43468225297,337.74176446720173,0
4978,127.50789108592102,0,0,548,0.0,0.0,1.0,548,14000,10000,4000,0.7142857142857143,180,100,80,198.57402486378462,0.4371862031118643,0.9088332764645934,0.13798997523973738,4385003.123544985,50549.543856517856,4435552.667401503,4977,5,2734.8211678832117,103,445,63,32.53258987676952,0.5780679744525548,37.7403846153846,33440.17047469686,324.66184926890156,0
4979,127.79823054001163,0,2,546,0.0,0.0036496350364963502,0.9963503649635036,548,14550,11000,3550,0.7560137457044673,181,110,71,201.04452248383586,0.43693933565966986,0.9106046589345458,0.14027318184071308,4399456.685326548,52747.3336979563,4452204.019024504,4978,6,2735.8211678832117,106,442,52,32.331821442263646,0.5795506386861313,37.60708722741429,33533.34995857552,316.35235809976905,0
4980,128.28555363548858,1,0,547,0.0018281535648994515,0.0,1.0,547,16350,12200,4150,0.746177370030581,205,122,83,176.65255723343913,0.4369427926329206,0.9046330743847302,0.11455469219917655,4333333.043185421,27348.872684573984,4360681.915869995,4979,0,2741.206581352834,91,456,68,35.48999535342976,0.5539876599634369,40.08152173913045,33343.78588378955,366.41522949219285,8
4981,128.62278807838442,0,1,546,0.0,0.0018281535648994515,0.9981718464351006,547,13800,9000,4800,0.6521739130434783,186,90,96,177.3657173673622,0.43690121832260775,0.9044191261885963,0.11558932685483453,4350476.863745395,31125.089965664272,4381601.953711059,4980,1,2742.206581352834,98,449,61,35.296398182234995,0.5553587751371115,39.909511784511814,33453.56374694465,341.3628953769862,0
4982,128.50432981395468,2,2,546,0.0036496350364963502,0.0036496350364963502,0.9963503649635036,548,14950,10700,4250,0.7157190635451505,192,107,85,185.00532175317892,0.4367401458741999,0.9082230738489774,0.12139543846722783,4354362.680244898,36566.0537377493,4390928.733982648,4981,0,2738.184306569343,103,445,53,34.85729835968863,0.5571966240875912,39.673477564102576,33453.085298422586,324.7872359070154,0
4983,128.40979454069708,0,0,546,0.0,0.0,1.0,546,16600,11400,5200,0.6867469879518072,218,114,104,186.9258049319644,0.4364975047887892,0.9094189889566864,0.12325082173423944,4356722.420576381,37076.7690662744,4393799.189642655,4982,1,2749.1630036630036,81,465,56,34.637829578334795,0.558398199023199,39.5071138211382,33449.837993540685,412.9609628832183,0
4984,128.72096521450612,0,0,546,0.0,0.0,1.0,546,14000,10400,3600,0.7428571428571429,176,104,72,187.83830845499557,0.436724972275431,0.9101791607208329,0.12444063248171579,4372721.459264413,41072.92045061676,4413794.37971503,4983,2,2750.1630036630036,82,464,59,34.44877782592642,0.5599435286935287,39.344879518072275,33551.778696536996,409.1680328845975,0
4985,128.59542800513202,1,0,547,0.0018281535648994515,0.0,1.0,547,15600,11500,4100,0.7371794871794872,197,115,82,188.4430950940336,0.43683676419051193,0.9108164993758554,0.12535972199737763,4373199.386591864,39819.84557453903,4413019.232166403,4984,0,2746.1334552102376,84,463,61,34.288900114343,0.5615287934186471,39.203431372549005,33537.24636491669,399.2529329156749,0
4986,128.35182471918185,0,0,547,0.0,0.0,1.0,547,15350,11300,4050,0.7361563517915309,194,113,81,191.3978147122203,0.4367326889036212,0.9114381474710538,0.12804783378634363,4371359.203638627,42583.71977971587,4413942.923418343,4985,1,2747.1334552102376,90,457,59,34.01571637426898,0.5627094759293114,39.010989010988986,33498.415792093896,372.2046199121544,0
4987,128.11961630229865,1,0,548,0.0018248175182481751,0.0,1.0,548,13800,9600,4200,0.6956521739130435,180,96,84,187.68813896191628,0.43689429902987764,0.9101832096438649,0.12614439204084915,4368658.63117251,40589.08164893534,4409247.712821445,4986,0,2743.118613138686,92,456,60,33.95391021516905,0.5642677919708029,38.85528673835124,33457.76046245608,363.6713093745226,0
4988,127.79867905127377,0,0,548,0.0,0.0,1.0,548,14700,10300,4400,0.7006802721088435,191,103,88,186.33595041453336,0.4369329415702549,0.9098465127793482,0.12552262514077814,4360297.606687153,38196.03972645229,4398493.646413605,4987,1,2744.118613138686,96,452,67,33.91041452552241,0.5656364051094891,38.777920962199296,33383.83664005818,347.7482983339394,0
4989,128.07144656278595,0,0,548,0.0,0.0,1.0,548,14300,10700,3600,0.7482517482517482,179,107,72,186.97343782852712,0.43679769267893437,0.9105229028111226,0.12641577932549045,4373750.682423472,39655.040259515816,4413405.722682988,4988,2,2745.118613138686,101,447,53,33.767527320802856,0.5669670012165451,38.65400326797384,33470.95985486354,331.3956421273618,0
4990,127.70077471791589,0,1,547,0.0,0.0018248175182481751,0.9981751824817519,548,15150,11100,4050,0.7326732673267327,192,111,81,171.6832557737779,0.436761969179377,0.8925778512078626,0.11210654429540938,4321552.151481419,23637.628672501884,4345189.780153921,4989,3,2746.118613138686,112,436,73,35.374958661091824,0.5571966240875912,39.84144542772863,33222.4489683725,296.629008646183,8
4991,127.88390243576265,1,1,547,0.0018248175182481751,0.0018248175182481751,0.9981751824817519,548,15000,11000,4000,0.7333333333333333,190,110,80,172.3543805793501,0.4365563853044921,0.8932782307164189,0.11299451542058217,4332328.218280968,24739.149305651794,4357067.36758662,4990,0,2747.1113138686133,120,428,51,35.21753869559471,0.5588313564476886,39.703856749311306,33287.686587876524,277.39738823230437,0
4992,128.32500888006714,1,0,548,0.0018248175182481751,0.0,1.0,548,16500,12600,3900,0.7636363636363637,204,126,78,174.58190595699622,0.43634857739850635,0.8955372416481908,0.11477300263913907,4350462.906256982,25802.421193911752,4376265.327450894,4991,0,2748.109489051095,124,424,55,35.06236598713476,0.5601239355231143,39.60833333333334,33414.76293729561,269.47389465560974,0
4993,128.68414454797875,0,0,548,0.0,0.0,1.0,548,15450,11300,4150,0.7313915857605178,196,113,83,178.77984585343782,0.43619178320589636,0.8979354105660784,0.1178788178907858,4366021.770767372,31061.33983410994,4397083.110601482,4992,1,2749.109489051095,95,453,58,34.8502953999528,0.5614165145985401,39.50737847222224,33521.27016236273,352.8554753932919,0
4994,128.594801579989,0,1,547,0.0,0.0018248175182481751,0.9981751824817519,548,14150,9900,4250,0.6996466431095406,184,99,85,178.65625727196223,0.4361156101406922,0.8971984460427795,0.11836154423395136,4368473.472003081,32341.02409998645,4400814.496103067,4993,2,2750.109489051095,99,449,64,34.68696299404551,0.5628231447688564,39.34375000000002,33519.03874933427,338.57614898317445,0
4995,128.62840942577634,0,0,547,0.0,0.0,1.0,547,15850,12500,3350,0.7886435331230284,192,125,67,178.36194496952626,0.4359837932735556,0.8968966620015784,0.11863346595123107,4374129.420797991,30785.646208393446,4404915.067006384,4994,3,2755.508226691042,102,445,68,34.557625935548955,0.5641948507007922,39.20914239482204,33545.1132065386,328.8736588876333,0
4996,128.30252774394546,0,0,547,0.0,0.0,1.0,547,15600,11900,3700,0.7628205128205128,193,119,74,180.52933702036788,0.4358646507869543,0.8974132532500154,0.12038062242786894,4365943.837936196,32636.189306158652,4398580.027242354,4995,4,2756.508226691042,103,444,71,34.41299367785208,0.5653564899451554,39.12259615384619,33471.23034474006,324.9634014052433,0
4997,128.67124286896058,1,1,547,0.0018248175182481751,0.0018248175182481751,0.9981751824817519,548,14850,11200,3650,0.7542087542087542,185,112,73,176.66697189309016,0.43592059041353637,0.8940316320077994,0.11806244862848406,4380980.805352454,30344.922560676256,4411325.72791313,4996,0,2752.4762773722628,110,438,74,34.438270938972266,0.5666628649635037,39.04842342342346,33576.96368672331,305.24512442475736,0
4998,128.86912160313568,0,0,547,0.0,0.0,1.0,547,15350,11000,4350,0.7166123778501629,197,110,87,175.02650031326195,0.43569598185685937,0.8936811878835673,0.11766865389775513,4394545.304753921,29082.377031832882,4423627.681785754,4997,1,2756.107861060329,119,428,66,34.27459005041279,0.5681558500914077,38.845486111111136,33654.75280755538,282.8130488029864,0
4999,128.60614813223293,1,1,547,0.0018248175182481751,0.0018248175182481751,0.9981751824817519,548,16250,12100,4150,0.7446153846153846,204,121,83,178.2425412657179,0.4357980602000739,0.8955138108347793,0.12028374400060049,4389857.87226333,30641.884589508052,4420499.756852838,4998,0,2752.0766423357663,123,425,57,34.060922579815475,0.5696852189781022,38.71807795698927,33602.461570538326,273.19074447592135,0
5000,128.78426025592444,1,1,547,0.0018248175182481751,0.0018248175182481751,0.9981751824817519,548,14600,10100,4500,0.6917808219178082,191,101,90,177.38674795358256,0.4358390657734958,0.8967985902757736,0.12013155663118452,4399957.701359997,31898.83755551591,4431856.538915512,4999,0,2753.074817518248,127,421,60,33.96171896889888,0.5708257299270073,38.59863281250002,33664.38170312982,265.0738716781875,0
