period,mktsize,entries,exits,surviv,entryrate,exitrate,survivrate,firms,totresinv,totinninv,totimiinv,costshareinn,firmsres,firmsinn,firmsimi,hindex,div,gini,pcm,cs,totprofits,ts,maxage,minage,avgage,actfirms,inactfirms,profitablefirms,wmc,avgproxopt,price,totoutput,avgoutput,magtechshock
1,4,40,25,15,1.0,0.625,0.375,40,0,0,0,0,0,0,0,387.09523760917557,1.0057425213675213,-0.06616080937167179,0.17064902728404518,119591.06445312512,2258.626302083348,121849.69075520846,0,0,0.0,35,5,15,46.00306176783813,0.5151785714285713,55.46875000000001,978.1250000000009,27.946428571428598,0
2,4,33,32,16,0.6875,0.6666666666666666,0.33333333333333337,48,300,300,0,1.0,3,3,0,338.35891064042335,0.9990580673758865,-0.1983078258125589,0.15980020682853974,122589.85595703125,495.8740234375002,123085.72998046875,1,0,0.3125,39,9,14,44.04484853266016,0.5392628205128206,52.421875,990.3125,25.392628205128204,0
3,4,31,29,18,0.6595744680851063,0.6170212765957447,0.3829787234042553,47,300,100,200,0.3333333333333333,5,1,4,325.97111172222253,0.9898627813752697,-0.23464443422169823,0.15749520027480987,123560.04222803346,-544.5991340966164,123015.44309393685,2,0,0.574468085106383,43,4,13,43.34192542146874,0.543362403100775,51.4441287878788,994.2234848484873,23.121476391825286,0
4,4,30,28,20,0.625,0.5833333333333334,0.41666666666666663,48,450,200,250,0.4444444444444444,7,2,5,298.8085092546654,0.99538268321513,-0.2232941327532546,0.14883766512897206,124841.53576093551,-1539.2573612423535,123302.27839969315,3,0,0.8958333333333334,45,3,16,42.693038309314495,0.553935185185185,50.15851449275364,999.365942028988,22.20813204508862,0
5,4,20,17,23,0.5,0.425,0.575,40,500,200,300,0.4,8,2,6,318.3983537621346,0.9899305555555555,-0.17397409852717083,0.15968577650474883,125127.06479484781,-31.949711646488538,125095.11508320132,4,0,1.45,40,0,20,41.908963941086846,0.5638020833333333,49.872967479674806,1000.5081300813022,25.012703252032555,0
6,4,15,16,22,0.39473684210526316,0.42105263157894735,0.5789473684210527,38,450,100,350,0.2222222222222222,8,1,7,299.8363156279301,0.9748399715504978,-0.09764565021568472,0.15455124499243514,126258.49364681507,-28.62368964130394,126229.86995717377,5,0,2.026315789473684,38,0,20,41.21111052053434,0.578673245614035,48.744658119658126,1005.0213675213685,26.44793072424654,0
7,4,15,15,22,0.40540540540540543,0.40540540540540543,0.5945945945945945,37,900,700,200,0.7777777777777778,11,7,4,307.09890901013296,0.9743493493493494,-0.12437966173535764,0.1600330410063017,126705.33842143719,382.21423899659806,127087.5526604338,6,0,2.27027027027027,37,0,17,40.57077252595659,0.5850225225225226,48.30043859649122,1006.7982456140337,27.210763394973885,0
8,4,11,11,22,0.3333333333333333,0.3333333333333333,0.6666666666666667,33,650,400,250,0.6153846153846154,9,4,5,344.227067427906,0.9725378787878789,-0.13477545436056737,0.17664000110029363,126074.60359296898,2079.6582143886862,128154.26180735767,7,0,3.0303030303030303,33,0,22,40.2851077893024,0.5868055555555556,48.92769607843137,1004.289215686274,30.433006535947698,0
9,4,10,7,25,0.3125,0.21875,0.78125,32,500,100,400,0.2,9,1,8,345.0245420313097,0.9604334677419356,-0.09438471664994919,0.18009919811791428,126773.9261299869,2348.0231609019756,129121.94929088888,8,0,3.59375,32,0,21,39.5457204948178,0.5963541666666665,48.232323232323246,1007.0707070707084,31.470959595959638,0
10,4,3,2,26,0.10714285714285714,0.07142857142857142,0.9285714285714286,28,650,400,250,0.6153846153846154,9,4,5,372.75083909187504,0.9544201940035273,-0.038907707062256325,0.19316274052422047,126477.03884677636,3828.884471198316,130305.92331797467,9,0,5.0,28,0,23,39.15363281435987,0.6045386904761905,48.52729885057472,1005.8908045977014,35.92467159277505,0
11,4,3,4,25,0.10344827586206896,0.13793103448275862,0.8620689655172413,29,650,400,250,0.6153846153846154,9,4,5,363.20510426009525,0.9567939244663383,-0.05219474629930687,0.19009306106080306,126882.03124999997,3416.8402777777756,130298.87152777775,10,0,5.724137931034483,29,0,24,38.97677143644886,0.6056034482758621,48.125,1007.4999999999998,34.74137931034482,0
12,4,4,4,25,0.13793103448275862,0.13793103448275862,0.8620689655172413,29,700,600,100,0.8571428571428571,8,6,2,364.0461717095829,0.959051724137931,-0.056426332288401215,0.1915199425080848,127092.01388888883,3453.4722222222163,130545.48611111105,11,0,6.137931034482759,29,0,25,38.73966942148762,0.6077586206896551,47.916666666666664,1008.3333333333328,34.770114942528714,0
13,4,0,1,24,0.0,0.04,0.96,25,750,500,250,0.6666666666666666,10,5,5,415.3292693243875,0.9525,-0.022673933953189618,0.20726591856364232,124919.88463593034,5376.5768819855475,130296.46151791589,12,1,7.8,25,0,24,39.70022443090736,0.5991666666666666,50.08012820512821,999.6794871794874,39.987179487179496,4
14,4,12,10,26,0.3333333333333333,0.2777777777777778,0.7222222222222222,36,1150,900,250,0.782608695652174,14,9,5,306.1919516187362,0.960515873015873,-0.09372600024773992,0.1629028354697548,127546.62390430979,610.749939128319,128157.37384343811,13,0,6.027777777777778,36,0,15,39.733835005574136,0.5954861111111112,47.46621621621622,1010.1351351351358,28.059309309309327,0
15,4,4,3,27,0.13333333333333333,0.1,0.9,30,800,400,400,0.5,12,4,8,347.68426666666676,0.9519157088122606,-0.02865777777777767,0.18260728291316522,127024.25858480738,2832.8672389871545,129857.12582379453,14,0,8.1,30,0,22,39.22166666666667,0.6041666666666667,47.98387096774193,1008.0645161290313,33.60215053763438,0
16,4,2,1,28,0.06896551724137931,0.034482758620689655,0.9655172413793104,29,1100,700,400,0.6363636363636364,15,7,8,380.2664986998368,0.9522783251231527,0.07426170053537562,0.1882476303481009,124583.68055555545,3674.9999999999945,128258.68055555545,15,0,9.310344827586206,29,0,20,40.92584863661661,0.5818965517241379,50.416666666666664,998.3333333333325,34.42528735632181,8
17,4,7,5,30,0.2,0.14285714285714285,0.8571428571428572,35,1650,1200,450,0.7272727272727273,21,12,9,334.5271412664157,0.9586134453781512,0.03753650207051318,0.16949505653750094,125550.3730093663,1400.001473551082,126950.37448291738,16,0,8.2,35,0,19,41.068661700735284,0.5770833333333334,49.450231481481474,1002.199074074073,28.634259259259228,8
18,4,4,3,31,0.11764705882352941,0.08823529411764706,0.9117647058823529,34,1250,1000,250,0.8,15,10,5,347.2934314425474,0.9582961972667856,0.07439323183883739,0.1770503174087324,125804.86288265303,1938.2405045351431,127743.10338718818,17,0,9.088235294117647,34,0,21,40.48618527748111,0.5818014705882353,49.19642857142857,1003.2142857142854,29.506302521008394,0
19,4,9,9,31,0.225,0.225,0.775,40,1050,700,350,0.6666666666666666,14,7,7,306.33153473123457,0.9630074786324786,0.05268595041322377,0.16115702479338845,127092.01388888879,-200.21258503401782,126891.80130385477,18,0,8.1,37,3,20,40.19455922865017,0.588963963963964,47.916666666666664,1008.3333333333325,27.25225225225223,0
20,4,4,4,31,0.11428571428571428,0.11428571428571428,0.8857142857142857,35,950,700,250,0.7368421052631579,12,7,5,341.39954388286446,0.9574929971988795,0.08499814208019485,0.1780244970506332,126732.1499433108,1653.2596371882262,128385.40958049902,19,0,9.685714285714285,34,1,21,39.67988886261527,0.591299019607843,48.27380952380953,1006.904761904763,29.61484593837538,0
21,4,3,0,34,0.08823529411764706,0.0,1.0,34,1250,800,450,0.64,17,8,9,340.2073797795389,0.9511289364230542,0.10937672528653586,0.17968256257886953,127251.20722694117,1858.8701609737936,129110.07738791496,20,0,10.382352941176471,32,2,25,39.177407917240224,0.6012369791666666,47.75883838383839,1008.9646464646469,31.530145202020215,0
22,4,0,2,32,0.0,0.058823529411764705,0.9411764705882353,34,1250,900,350,0.72,16,9,7,351.1068530350426,0.950720439691028,0.11246851385390477,0.17824734099093598,125632.11024385269,2022.0589735741314,127654.16921742682,21,1,11.382352941176471,32,2,17,40.568849706129306,0.5846354166666666,49.36868686868687,1002.5252525252527,31.328914141414145,7
23,4,4,5,31,0.1111111111111111,0.1388888888888889,0.8611111111111112,36,1000,800,200,0.8,12,8,4,327.09898948701016,0.951851851851852,0.0770681498529604,0.16939751005018566,126450.94548396763,1072.3952974965548,127523.34078146418,22,0,10.88888888888889,35,1,15,40.328442654392035,0.586309523809524,48.55324074074073,1005.7870370370359,28.736772486772455,0
24,4,7,7,31,0.18421052631578946,0.18421052631578946,0.8157894736842105,38,950,500,450,0.5263157894736842,14,5,9,312.7093714445353,0.954954954954955,0.04315697820956377,0.16362037043464628,126870.98434133573,334.7491535857122,127205.73349492144,23,0,11.026315789473685,37,1,17,40.25994050210419,0.5867117117117118,48.1359649122807,1007.4561403508767,27.228544333807477,0
25,4,7,6,32,0.18421052631578946,0.15789473684210525,0.8421052631578947,38,900,500,400,0.5555555555555556,13,5,8,326.3889600837248,0.9542140825035562,0.12267632787581095,0.1685178858685608,126326.69990514188,723.2747954166538,127049.97470055854,24,0,11.236842105263158,36,2,15,40.4738900713192,0.5830439814814814,48.676801801801815,1005.2927927927949,27.924799799799857,7
26,4,4,5,31,0.1111111111111111,0.1388888888888889,0.8611111111111112,36,1050,700,350,0.6666666666666666,14,7,7,337.3271141567331,0.9574404761904762,0.10856133285956804,0.17398001373398275,126283.03748582769,1319.7385204081627,127602.77600623586,25,0,12.055555555555555,34,2,15,40.243890402305645,0.586703431372549,48.720238095238095,1005.1190476190478,29.562324929971993,0
27,4,3,2,32,0.08823529411764706,0.058823529411764705,0.9411764705882353,34,1050,600,450,0.5714285714285714,15,6,9,348.3525059781043,0.9535427807486632,0.12146155390483848,0.17996750371815928,126351.6736351404,2002.9844290657518,128354.65806420615,26,0,13.205882352941176,33,1,17,39.89618885096699,0.5896464646464646,48.65196078431373,1005.3921568627457,30.466428995840776,0
28,4,3,4,31,0.08571428571428572,0.11428571428571428,0.8857142857142857,35,1350,900,450,0.6666666666666666,18,9,9,337.4905405237066,0.953781512605042,0.11354965053854227,0.1765046325038074,126852.0479024942,1562.2732426303708,128414.32114512457,27,0,13.742857142857142,34,1,18,39.655223351453564,0.5925245098039216,48.1547619047619,1007.3809523809514,29.628851540616218,0
29,4,4,6,29,0.11428571428571428,0.17142857142857143,0.8285714285714285,35,950,800,150,0.8421052631578947,11,8,3,337.14772488675584,0.951750700280112,0.10742965112355773,0.17710712992190114,127032.00113378672,1565.710034013588,128597.71116780031,28,0,14.257142857142858,34,1,18,39.47926507636592,0.5943627450980392,47.97619047619047,1008.095238095237,29.64985994397756,0
30,4,4,6,27,0.12121212121212122,0.18181818181818182,0.8181818181818181,33,1000,600,400,0.6,14,6,8,353.82602155247156,0.9550189393939394,0.08899165821857213,0.18541598673737836,126932.92018990396,2382.4340309662102,129315.35422087017,29,0,15.0,32,1,18,39.16071503153323,0.5979817708333335,48.07449494949494,1007.7020202020192,31.4906881313131,0
