period,mktsize,entries,exits,surviv,entryrate,exitrate,survivrate,firms,totresinv,totinninv,totimiinv,costshareinn,firmsres,firmsinn,firmsimi,hindex,div,gini,pcm,cs,totprofits,ts,maxage,minage,avgage,actfirms,inactfirms,profitablefirms,wmc,avgproxopt,price,totoutput,avgoutput,magtechshock
1,4,40,27,13,1.0,0.675,0.32499999999999996,40,0,0,0,0,0,0,0,457.78109021527536,1.0034188034188034,0.009978671541743145,0.20032500507820436,119263.79145408155,4119.341695011329,123383.13314909289,0,0,0.0,34,6,13,44.62472069876092,0.5137867647058825,55.80357142857142,976.7857142857135,28.728991596638632,0
2,4,38,33,18,0.7450980392156863,0.6470588235294118,0.3529411764705882,51,500,400,100,0.8,6,4,2,357.1792226695781,0.9982352941176471,-0.23796676293256336,0.17065229527546488,123084.31952662703,1192.63231426691,124276.95184089395,1,0,0.2549019607843137,38,13,18,43.06228466838931,0.5460526315789473,51.92307692307691,992.3076923076908,26.1133603238866,0
3,4,26,26,18,0.5909090909090909,0.5909090909090909,0.40909090909090906,44,400,100,300,0.25,7,1,6,323.5617679415,0.9907064834390417,-0.25637563756375636,0.16010246557796978,124564.33376149271,-339.14878913526803,124225.18497235744,2,0,0.6136363636363636,42,2,16,42.36111111111111,0.5550595238095237,50.43604651162791,998.2558139534885,23.767995570321155,0
4,4,29,27,20,0.6170212765957447,0.574468085106383,0.42553191489361697,47,500,200,300,0.4,8,2,6,311.4945463532341,0.9856999691643539,-0.21421216860935777,0.15820182682517903,125648.98834019195,-972.2050754458248,124676.78326474613,3,0,0.8936170212765957,44,3,14,41.544298731683305,0.5634469696969697,49.35185185185185,1002.5925925925918,22.78619528619527,0
5,4,22,24,18,0.5238095238095238,0.5714285714285714,0.4285714285714286,42,750,500,250,0.6666666666666666,10,5,5,312.15485024976346,0.9825058072009292,-0.1657163974237139,0.16101353861963205,126287.21160274338,-515.7668747370806,125771.4447280063,4,0,1.4047619047619047,42,0,11,40.87213599408721,0.5726686507936507,48.71608527131784,1005.1356589147299,23.931801402731665,0
6,4,22,19,21,0.55,0.475,0.525,40,700,500,200,0.7142857142857143,9,5,4,342.7557077528933,0.9848824786324787,-0.24851003446178777,0.17413119529814872,125661.44180877792,614.2352848833448,126275.67709366126,5,0,1.65,40,0,19,40.74789681735252,0.5692708333333333,49.33943089430895,1002.6422764227649,25.066056910569124,0
7,4,7,4,24,0.25,0.14285714285714285,0.8571428571428572,28,900,600,300,0.6666666666666666,12,6,6,385.82200806650525,0.9643959435626102,-0.05168175672907516,0.19526289435818642,125503.37932685959,4084.393166204263,129587.77249306385,6,0,3.107142857142857,28,0,22,39.83217426632253,0.5944940476190477,49.49712643678161,1002.011494252874,35.7861247947455,0
8,4,4,3,25,0.14285714285714285,0.10714285714285714,0.8928571428571429,28,900,500,400,0.5555555555555556,13,5,8,384.474756506501,0.9653880070546736,-0.05013913328149888,0.19594180656411614,125791.47881159998,4072.7296373365198,129864.20844893651,7,0,3.9642857142857144,28,0,23,39.56751885801588,0.597470238095238,49.209770114942536,1003.1609195402302,35.827175697865364,0
9,4,6,5,26,0.1935483870967742,0.16129032258064516,0.8387096774193549,31,900,600,300,0.6666666666666666,12,6,6,348.5581383964851,0.9636200716845879,-0.04751536992083538,0.18189936858019035,126763.99230957055,2636.924235026071,129400.91654459662,8,0,4.387096774193548,31,0,19,39.46696405482286,0.598790322580645,48.242187500000014,1007.0312500000018,32.48487903225812,0
10,4,3,6,23,0.10344827586206896,0.20689655172413793,0.7931034482758621,29,650,600,50,0.9230769230769231,7,6,1,378.9980577373499,0.9624384236453202,-0.045282802566025904,0.1925395481214586,125660.59268904314,3725.0241126543096,129385.61680169746,9,0,5.310344827586207,29,0,18,39.840322990257164,0.5930316091954023,49.34027777777777,1002.6388888888883,34.57375478927201,3
11,4,6,6,23,0.20689655172413793,0.20689655172413793,0.7931034482758621,29,700,400,300,0.5714285714285714,10,4,6,378.46986050884055,0.9638752052545155,-0.05013416858449804,0.19275806294745035,125765.05594135803,3719.656635802463,129484.71257716049,10,0,5.793103448275862,29,0,20,39.74545370626788,0.5941091954022989,49.23611111111111,1003.0555555555557,34.588122605363985,0
12,4,5,5,23,0.17857142857142858,0.17857142857142858,0.8214285714285714,28,400,200,200,0.5,6,2,4,387.1882099777611,0.9612544091710757,-0.057712771399922036,0.19715250866920134,125755.44831302029,4138.205385453839,129893.65369847413,11,0,6.321428571428571,28,0,21,39.53677839851026,0.5970982142857142,49.24568965517242,1003.0172413793109,35.82204433497539,0
13,4,5,2,26,0.17857142857142858,0.07142857142857142,0.9285714285714286,28,450,300,150,0.6666666666666666,6,3,3,382.8052215559333,0.960813492063492,-0.057959680222454124,0.19594579362720205,125971.70871730095,4044.5255730611857,130016.23429036213,12,0,6.785714285714286,28,0,24,39.42291636849388,0.5993303571428571,49.03017241379311,1003.8793103448286,35.85283251231531,0
14,4,5,6,25,0.16129032258064516,0.1935483870967742,0.8064516129032258,31,1000,600,400,0.6,14,6,8,351.5840126677112,0.9631720430107527,-0.08298623705945829,0.18392194090669936,126862.35427856454,2720.5551147461106,129582.90939331065,13,0,6.967741935483871,31,0,19,39.28969561845677,0.599798387096774,48.14453125000001,1007.4218750000007,32.4974798387097,0
15,4,6,7,24,0.1935483870967742,0.22580645161290322,0.7741935483870968,31,950,700,250,0.7368421052631579,12,7,5,349.68990374723296,0.9552867383512544,-0.058346758582792924,0.18471350130452013,127256.18362426767,2700.0405205620796,129956.22414482974,14,0,7.709677419354839,31,0,21,38.93311502559472,0.6038306451612903,47.75390625000001,1008.9843750000007,32.54788306451615,0
16,4,10,11,23,0.29411764705882354,0.3235294117647059,0.6764705882352942,34,750,400,350,0.5333333333333333,11,4,7,331.8470408622456,0.9620098039215687,-0.12178444067444527,0.17785745186907143,127843.36911848096,1684.8887471655544,129528.2578656465,15,0,7.117647058823529,34,0,20,38.78261722581908,0.6026348039215685,47.17261904761906,1011.3095238095257,29.744397759103695,0
17,4,5,5,23,0.17857142857142858,0.17857142857142858,0.8214285714285714,28,550,300,250,0.5454545454545454,8,3,5,384.13249153920646,0.9516644620811286,-0.08779740703804018,0.2022675137369609,127128.23533904736,4166.817157154166,131295.05249620153,16,0,8.678571428571429,28,0,22,38.19602744930426,0.6112351190476191,47.88074712643677,1008.4770114942522,36.01703612479472,0
18,4,7,7,23,0.23333333333333334,0.23333333333333334,0.7666666666666666,30,1050,600,450,0.5714285714285714,15,6,9,366.4143843368039,0.9510536398467433,-0.09756205673758911,0.19569859163442932,127702.62458087645,3358.4157127991693,131061.04029367561,17,0,8.866666666666667,30,0,21,38.05296985815604,0.611111111111111,47.31182795698925,1010.7526881720433,33.69175627240144,0
19,4,7,3,27,0.23333333333333334,0.1,0.9,30,550,100,450,0.18181818181818182,10,1,9,350.8650296156807,0.9462164750957854,-0.021347016748855863,0.1847396713829086,127125.8983155565,2920.8064154815306,130046.70473103803,18,0,9.5,30,0,24,39.03716291261274,0.6052083333333336,47.88306451612902,1008.4677419354821,33.6155913978494,5
20,4,4,5,26,0.12903225806451613,0.16129032258064516,0.8387096774193549,31,800,600,200,0.75,10,6,4,340.49219327543034,0.9461469534050179,0.002923490913922855,0.18266183407206776,127880.9950086804,2508.4960937499804,130389.49110243039,19,0,9.870967741935484,31,0,21,38.525575008582216,0.610215053763441,47.13541666666666,1011.4583333333321,32.62768817204297,0
21,4,1,1,26,0.037037037037037035,0.037037037037037035,0.962962962962963,27,950,700,250,0.7368421052631579,12,7,5,388.77014066918423,0.9382716049382717,0.017745433883507244,0.20509515825652924,127204.57600357855,4490.668181335036,131695.24418491358,20,0,12.148148148148149,27,0,24,38.000473275311,0.6153549382716049,47.805059523809526,1008.7797619047622,37.36221340388008,0
22,4,1,0,27,0.037037037037037035,0.0,1.0,27,900,600,300,0.6666666666666666,12,6,6,389.8236362173163,0.9361348528015195,0.03055951192093831,0.20718347838738652,127504.98522976904,4540.891395620758,132045.8766253898,21,0,13.11111111111111,27,0,22,37.664683709051616,0.6184413580246912,47.50744047619048,1009.9702380952385,37.406305114638464,0
23,4,4,3,28,0.12903225806451613,0.0967741935483871,0.9032258064516129,31,400,200,200,0.5,6,2,4,346.87494689379383,0.9395161290322581,0.0063613284242878265,0.18933489568015124,128573.35620456263,2719.7752210828935,131293.13142564552,22,0,12.290322580645162,31,0,19,37.656871870586734,0.617271505376344,46.451822916666664,1014.1927083333326,32.715893817204275,0
24,4,1,2,27,0.034482758620689655,0.06896551724137931,0.9310344827586207,29,900,700,200,0.7777777777777778,11,7,4,366.3523978488503,0.9372947454844006,0.023259552017245833,0.19852707205865627,128285.19483024687,3599.517746913571,131884.71257716045,23,0,14.10344827586207,29,0,24,37.457727812814156,0.6199712643678161,46.73611111111111,1013.0555555555552,34.93295019157087,0
25,4,2,3,26,0.06896551724137931,0.10344827586206896,0.896551724137931,29,1300,700,600,0.5384615384615384,19,7,12,367.83749408099237,0.9382183908045977,0.021259407287724796,0.2002122199326745,128461.1328125,3650.5642361111104,132111.69704861112,24,0,14.827586206896552,29,0,21,37.24011850938485,0.6217672413793103,46.5625,1013.75,34.956896551724135,0
26,4,3,2,27,0.10344827586206896,0.06896551724137931,0.9310344827586207,29,1150,900,250,0.782608695652174,14,9,5,390.41590834706733,0.9408866995073891,0.010812912894398119,0.2073567618401411,127477.4329668213,4153.843557098803,131631.2765239201,25,0,14.96551724137931,29,0,18,37.678076147251645,0.6117097701149423,47.53472222222224,1009.8611111111136,34.822796934865984,5
27,4,4,1,30,0.12903225806451613,0.03225806451612903,0.967741935483871,31,850,500,350,0.5882352941176471,12,5,7,372.8910114663826,0.9435483870967742,-0.030545728580100295,0.19014726957964762,125815.12663099491,3183.0659654405326,128998.19259643545,26,0,14.870967741935484,31,0,20,39.83357668180837,0.5890456989247312,49.186197916666664,1003.2552083333326,32.363071236559115,8
28,4,1,1,30,0.03225806451612903,0.03225806451612903,0.967741935483871,31,900,800,100,0.8888888888888888,10,8,2,372.8571913655341,0.9448028673835125,-0.028915541685317514,0.1910366646258893,126011.151207818,3196.8327840169363,129207.98399183493,27,0,15.612903225806452,31,0,21,39.63183006959754,0.5910618279569892,48.99088541666667,1004.0364583333339,32.38827284946238,0
29,4,4,6,28,0.11764705882352941,0.17647058823529413,0.8235294117647058,34,650,300,350,0.46153846153846156,10,3,7,350.3859026022814,0.9470439691027926,-0.02600875060768071,0.18433345310815671,127092.01388888883,2106.249999999997,129198.26388888883,28,0,14.970588235294118,34,0,18,39.08402203856749,0.5949754901960784,47.916666666666664,1008.3333333333328,29.656862745098024,0
30,4,4,3,29,0.125,0.09375,0.90625,32,800,500,300,0.625,11,5,6,380.5238621159796,0.9464465725806452,0.036231471850214136,0.1919087884284591,125358.32934909403,3157.72823757596,128516.05758666998,29,0,16.5625,31,1,17,40.115205001516905,0.5843413978494623,49.641927083333336,1001.4322916666672,32.304267473118294,8
31,4,8,8,29,0.21621621621621623,0.21621621621621623,0.7837837837837838,37,1100,900,200,0.8181818181818182,13,9,4,341.6528812252879,0.9547672672672672,0.01874760991291513,0.1773127460591897,126538.2684568973,1248.3020023717443,127786.57045926905,30,0,15.0,35,2,15,39.87271847080025,0.587202380952381,48.46643518518518,1006.1342592592594,28.746693121693124,0
32,4,8,6,31,0.21621621621621623,0.16216216216216217,0.8378378378378378,37,1050,800,250,0.7619047619047619,13,8,5,344.0717381451058,0.9569569569569569,0.04761594641112743,0.18140261330517807,127179.55789448283,1351.7783082561502,128531.33620273898,31,0,15.297297297297296,35,2,19,39.15339931153184,0.59375,47.8298611111111,1008.680555555554,28.8194444444444,0
33,4,1,1,31,0.03125,0.03125,0.96875,32,1350,1200,150,0.8888888888888888,15,12,3,383.05206277583966,0.9451444892473119,0.0687629382843844,0.19909948844616432,126600.14046563033,3298.888990614144,129899.02945624448,32,0,18.59375,31,1,20,38.76754754819511,0.5971102150537635,48.404947916666664,1006.3802083333326,32.46387768817202,0
34,4,3,3,31,0.08823529411764706,0.08823529411764706,0.9117647058823529,34,600,200,400,0.3333333333333333,10,2,8,363.3157189543119,0.943033273915627,0.0575043436604008,0.19099031436658911,127061.12320081203,2432.6606653690706,129493.7838661811,33,0,18.41176470588235,33,1,21,38.78983327255784,0.5969065656565657,47.94730392156862,1008.2107843137242,30.551841948900734,0
35,4,6,4,33,0.16216216216216217,0.10810810810810811,0.8918918918918919,37,1000,600,400,0.6,14,6,8,330.21819887414233,0.9463213213213213,0.07130613644155015,0.17870992321259227,128232.43694540876,1073.5362158718153,129305.97316128058,34,0,17.0,35,2,17,38.42667980802195,0.6044642857142858,46.788194444444436,1012.8472222222206,28.938492063492017,0
36,4,3,5,31,0.08333333333333333,0.1388888888888889,0.8611111111111112,36,950,600,350,0.631578947368421,13,6,7,337.53522174008043,0.9441468253968255,0.07407516224651012,0.18281904530785137,128265.095308957,1458.7974773242745,129723.89278628127,35,0,18.36111111111111,34,2,19,38.20807380420731,0.6069240196078431,46.75595238095239,1012.976190476191,29.793417366946795,0
37,4,2,4,29,0.06060606060606061,0.12121212121212122,0.8787878787878788,33,800,600,200,0.75,10,6,4,366.3865574487878,0.9406565656565657,0.08150391976674243,0.1969051297677493,127952.84162649242,2776.0402318641204,130728.88185835653,36,0,19.848484848484848,32,1,20,37.797173343317105,0.6083984374999998,47.06439393939395,1011.742424242426,31.61695075757581,0
38,4,3,2,30,0.09375,0.0625,0.9375,32,850,600,250,0.7058823529411765,11,6,5,355.2499355912126,0.936407930107527,0.07272458260652903,0.1929117715192877,128368.35048719523,2720.569648505264,131088.9201357005,37,0,19.9375,32,0,19,37.65392682116455,0.6126302083333333,46.65404040404041,1013.3838383838388,31.668244949494962,0
39,4,3,2,31,0.09090909090909091,0.06060606060606061,0.9393939393939394,33,1050,800,250,0.7619047619047619,13,8,5,343.4287485399628,0.9375789141414143,0.06640697865803458,0.1888060505410478,128858.98940611785,2250.7762939734753,131109.76570009132,38,0,20.242424242424242,33,0,20,37.45310299738485,0.6152146464646464,46.1703431372549,1015.3186274509806,30.767231134878198,0
40,4,3,3,31,0.08823529411764706,0.08823529411764706,0.9117647058823529,34,1200,1000,200,0.8333333333333334,14,10,4,335.68927723312777,0.9388368983957219,0.056767701812021176,0.1862977333884435,129231.6485969388,1876.3357426303899,131107.9843395692,39,0,20.558823529411764,34,0,22,37.27046989033292,0.6167279411764706,45.80357142857143,1016.7857142857146,29.905462184873958,0
41,4,2,2,31,0.06060606060606061,0.06060606060606061,0.9393939393939394,33,600,500,100,0.8333333333333334,7,5,2,344.665412523515,0.93521148989899,0.07625434674615006,0.1911326378539494,129201.38888888895,2306.2500000000055,131507.63888888896,40,0,22.0,33,0,23,37.073087431694,0.6186868686868687,45.833333333333336,1016.6666666666672,30.808080808080824,0
42,4,3,3,31,0.08823529411764706,0.08823529411764706,0.9117647058823529,34,650,400,250,0.6153846153846154,9,4,5,329.826116103044,0.932449494949495,0.06363898837553017,0.18531333391291857,129716.28578514744,1756.763747165541,131473.049532313,41,0,21.205882352941178,34,0,18,36.92761287055433,0.6216299019607843,45.327380952380956,1018.6904761904766,29.961484593837547,0
43,4,0,0,31,0.0,0.0,1.0,31,650,400,250,0.6153846153846154,9,4,5,357.31740791248944,0.9301971326164875,0.06105533552764708,0.19864813332416065,129300.69181654204,3040.2776082356954,132340.96942477772,42,1,22.903225806451612,31,0,24,36.65037020441258,0.6246639784946235,45.73567708333334,1017.0572916666679,32.808299731182835,0
44,4,0,0,31,0.0,0.0,1.0,31,700,400,300,0.5714285714285714,10,4,6,354.75889422678483,0.9295698924731183,0.0549551260351564,0.19772368041997862,129400.03289116766,2981.1625162760615,132381.19540744374,43,2,23.903225806451612,31,0,24,36.61430338708302,0.6256720430107525,45.63802083333334,1017.4479166666678,32.820900537634444,0
45,4,1,2,30,0.03125,0.0625,0.9375,32,950,800,150,0.8421052631578947,11,8,3,346.2904506701436,0.9291834677419356,0.04244668980907518,0.19424052678062467,129651.06398581796,2579.3850755025214,132230.44906132048,44,0,24.125,32,0,18,36.57456194726835,0.6256510416666665,45.39141414141415,1018.4343434343449,31.826073232323278,0
46,4,0,1,29,0.0,0.03333333333333333,0.9666666666666667,30,850,700,150,0.8235294117647058,10,7,3,364.0681025639882,0.9256704980842912,0.03683654607869036,0.20365227539288389,129543.23657359235,3432.5120678691223,132975.74864146148,45,4,25.366666666666667,30,0,18,36.23168074993399,0.6298611111111111,45.49731182795699,1018.0107526881723,33.93369175627241,0
47,4,1,2,28,0.03333333333333333,0.06666666666666667,0.9333333333333333,30,800,400,400,0.5,12,4,8,365.95152949428785,0.9224616858237549,0.03640321942208713,0.20560019585153527,129714.32978162233,3493.831476182243,133208.16125780458,46,0,26.133333333333333,30,0,19,36.00958789638036,0.6315972222222221,45.32930107526883,1018.6827956989262,33.95609318996421,0
48,4,1,2,27,0.034482758620689655,0.06896551724137931,0.9310344827586207,29,600,400,200,0.6666666666666666,8,4,4,378.54410240074697,0.9220032840722495,0.030753748994860386,0.21238438430793258,129660.708429784,4016.459297839517,133677.1677276235,47,0,27.06896551724138,29,0,20,35.743528114914305,0.6339798850574712,45.38194444444445,1018.4722222222227,35.1197318007663,0
49,4,1,2,26,0.03571428571428571,0.07142857142857142,0.9285714285714286,28,850,700,150,0.8235294117647058,10,7,3,392.15255424976186,0.919808201058201,0.03435326141748174,0.21928972745537195,129530.26169655834,4559.124595389087,134089.38629194742,48,0,28.535714285714285,28,0,20,35.53016937191249,0.6357886904761905,45.51005747126437,1017.9597701149426,36.35570607553366,0
50,4,1,0,27,0.037037037037037035,0.0,1.0,27,700,400,300,0.5714285714285714,10,4,6,405.26498687020444,0.9177350427350428,0.0591206613717945,0.2266899243809539,129542.01488538113,5099.768592332753,134641.78347771388,49,0,30.185185185185187,27,0,21,35.18445768162551,0.6392746913580247,45.4985119047619,1018.0059523809515,37.703924162257465,0
51,4,1,3,25,0.03571428571428571,0.10714285714285714,0.8928571428571429,28,1100,800,300,0.7272727272727273,14,8,6,393.26763604262004,0.9193672839506173,0.04570401401784463,0.22156055142575887,129822.94401919014,4611.0324597040635,134433.9764788942,50,0,30.071428571428573,28,0,21,35.203134545796324,0.6387648809523809,45.22270114942529,1019.1091954022991,36.396756978653535,0
52,4,1,2,24,0.038461538461538464,0.07692307692307693,0.9230769230769231,26,450,300,150,0.6666666666666666,6,3,3,418.91622457936666,0.9135897435897435,0.03875326736370455,0.23323443854959314,129358.3295229384,5638.060604328581,134996.390127267,51,0,30.923076923076923,26,0,22,35.025093547734635,0.6410256410256411,45.679012345679,1017.2839506172824,39.126305792972396,0
53,4,2,2,24,0.07692307692307693,0.07692307692307693,0.9230769230769231,26,1100,900,200,0.8181818181818182,13,9,4,419.05508272466795,0.9143589743589744,0.017633064328030912,0.23424468861456857,129515.3654168571,5654.814433775321,135170.1798506324,52,0,30.615384615384617,26,0,21,34.86077420658984,0.6426282051282052,45.52469135802468,1017.9012345679005,39.15004748338079,0
54,4,0,0,24,0.0,0.0,1.0,24,850,600,250,0.7058823529411765,11,6,5,444.6199792243772,0.904891304347826,0.044887609649123084,0.24136513157894737,128355.55555555549,6613.888888888885,134969.44444444438,53,4,34.166666666666664,24,0,24,35.4029605263158,0.638888888888889,46.666666666666664,1013.3333333333328,42.2222222222222,3
55,4,0,0,24,0.0,0.0,1.0,24,950,700,250,0.7368421052631579,12,7,5,442.33329997557786,0.9022493961352657,0.04092690010411548,0.24088750794551828,128482.25347222216,6566.395833333329,135048.6493055555,54,5,35.166666666666664,24,0,23,35.33036056770235,0.6401909722222222,46.541666666666664,1013.8333333333328,42.243055555555536,0
56,4,0,0,24,0.0,0.0,1.0,24,750,500,250,0.6666666666666666,10,5,5,441.84850834281616,0.8997584541062802,0.04414421813403391,0.24190411140207432,128693.55555555565,6572.6111111111295,135266.16666666677,55,6,36.166666666666664,24,0,23,35.125109505037244,0.642361111111111,46.33333333333334,1014.6666666666674,42.27777777777781,0
57,4,1,1,24,0.04,0.04,0.96,25,500,0,500,0.0,10,0,10,426.94382521370227,0.9025,0.025593942262186697,0.23554368216097987,128997.80995747038,6014.963685486522,135012.7736429569,56,0,35.68,25,0,23,35.19071751590683,0.64125,46.03365384615385,1015.8653846153843,40.63461538461537,0
58,4,1,0,25,0.04,0.0,1.0,25,550,300,250,0.5454545454545454,8,3,5,463.8363750326412,0.9036111111111111,0.033831924732897534,0.23900722332207808,126245.07224379509,6711.411335059156,132956.48357885424,57,0,36.64,25,0,21,37.10449556157976,0.6129166666666668,48.75801282051281,1004.9679487179478,40.19871794871791,8
59,4,5,5,25,0.16666666666666666,0.16666666666666666,0.8333333333333334,30,350,200,150,0.5714285714285714,5,2,3,403.0197052128731,0.9218390804597701,-0.022009229676961617,0.2138053690366599,127431.06139438097,4271.4457596254015,131702.50715400637,58,0,31.366666666666667,30,0,13,37.40764776357826,0.6083333333333333,47.58064516129033,1009.6774193548397,33.65591397849466,0
60,4,7,4,28,0.21875,0.125,0.875,32,350,300,50,0.8571428571428571,4,3,1,383.686225346186,0.9244371639784947,-0.028699457132159933,0.2062023959556669,127952.84162649237,3418.7485651974525,131371.59019168981,59,0,30.1875,32,0,17,37.359603144889554,0.6083984374999998,47.06439393939395,1011.7424242424256,31.6169507575758,0
61,4,5,5,28,0.15151515151515152,0.15151515151515152,0.8484848484848485,33,800,500,300,0.625,11,5,6,368.3898062855037,0.9164299242424243,-0.025903907929775594,0.200637845121789,128485.98082768664,2866.585117502901,131352.56594518953,60,0,30.12121212121212,33,0,12,37.200708126838286,0.6114267676767676,46.53799019607844,1013.8480392156878,30.72266785502084,0
62,4,0,2,26,0.0,0.07142857142857142,0.9285714285714286,28,850,600,250,0.7058823529411765,11,6,5,441.96897436338895,0.9071318342151675,-0.016449318316538397,0.22662664430122706,126043.83680555559,5541.493055555558,131585.32986111115,61,2,36.5,28,0,17,37.86307053941908,0.6000744047619048,48.958333333333336,1004.166666666667,35.86309523809525,6
63,4,5,2,29,0.16129032258064516,0.06451612903225806,0.935483870967742,31,900,600,300,0.6666666666666666,12,6,6,408.5078201660799,0.9231182795698925,-0.002665267401281035,0.2152586105446567,127157.66906738271,4188.980441623248,131346.64950900595,62,0,33.67741935483871,31,0,18,37.551101643859184,0.6028225806451614,47.85156249999999,1008.5937499999992,32.53528225806449,0
64,4,1,0,30,0.03333333333333333,0.0,1.0,30,700,300,400,0.42857142857142855,11,3,8,415.7340129388735,0.9173850574712644,0.011706428539695057,0.2188948981810786,127125.8983155568,4570.111971037126,131696.01028659393,63,0,35.666666666666664,30,0,19,37.401705984272944,0.6052083333333333,47.88306451612904,1008.4677419354846,33.615591397849485,0
65,4,0,0,30,0.0,0.0,1.0,30,1100,700,400,0.6363636363636364,15,7,8,421.484643708783,0.9169540229885058,0.007709388045119336,0.22247986889438304,127227.57869406874,4724.894135160144,131952.47282922888,64,1,36.666666666666664,30,0,19,37.15166755484503,0.60625,47.782258064516135,1008.8709677419359,33.629032258064534,0
66,4,0,1,29,0.0,0.03333333333333333,0.9666666666666667,30,700,500,200,0.7142857142857143,9,5,4,423.3742255331689,0.915852490421456,0.01032094819549867,0.22403925719017384,127329.29972034346,4781.588731356238,132110.8884516997,65,2,37.666666666666664,30,0,17,36.998934611799186,0.6072916666666666,47.68145161290323,1009.2741935483876,33.64247311827959,0
67,4,2,3,28,0.06451612903225806,0.0967741935483871,0.9032258064516129,31,1350,1100,250,0.8148148148148148,16,11,5,414.5269071664594,0.9203405017921147,0.019935458951643836,0.22219672104636917,127848.07205200197,4399.293178982207,132247.36523098417,66,0,36.61290322580645,31,0,18,36.68740075533238,0.6098790322580645,47.16796875,1011.3281250000001,32.62348790322581,0
68,4,1,2,27,0.034482758620689655,0.06896551724137931,0.9310344827586207,29,900,600,300,0.6666666666666666,12,6,6,433.6415309339014,0.9127668308702791,0.04238051444445512,0.23091570248998514,127582.64853395055,5265.027006172829,132847.67554012337,67,0,39.86206896551724,29,0,18,36.47809549995417,0.6127873563218391,47.43055555555555,1010.2777777777771,34.83716475095783,0
69,4,1,0,28,0.03571428571428571,0.0,1.0,28,1000,600,400,0.6,14,6,8,446.4024964033049,0.9130842151675485,0.06083771867444199,0.2375969683733257,127563.29528752128,5788.914693156269,133352.20998067755,68,0,41.32142857142857,28,0,19,36.175804769354755,0.6156994047619049,47.44971264367815,1010.2011494252857,36.078612479474494,0
70,4,1,0,29,0.034482758620689655,0.0,1.0,29,950,700,250,0.7368421052631579,12,7,5,432.86983960831986,0.9157430213464696,0.06815148560773121,0.23293128887638243,128003.94483024682,5281.809413580228,133285.75424382705,69,0,40.86206896551724,29,0,20,36.062883154908945,0.6170977011494254,47.01388888888888,1011.9444444444437,34.894636015325645,0
71,4,2,3,28,0.06451612903225806,0.0967741935483871,0.9032258064516129,31,650,400,250,0.6153846153846154,9,4,5,410.27390195602095,0.9163082437275986,0.05619894958331284,0.2237544221592077,128540.344238281,4347.349717881916,132887.69395616293,70,0,39.16129032258065,31,0,18,36.08329053244308,0.616935483870968,46.484374999999986,1014.0624999999981,32.71169354838703,0
72,4,2,2,28,0.06666666666666667,0.06666666666666667,0.9333333333333333,30,650,500,150,0.7692307692307693,8,5,3,419.3149408076091,0.9159961685823755,0.06408693347468852,0.22895445320797514,128587.2011937795,4783.706931437144,133370.90812521664,71,0,40.7,30,0,19,35.80594575492534,0.620138888888889,46.438172043010745,1014.247311827956,33.80824372759853,0
73,4,0,0,28,0.0,0.0,1.0,28,850,700,150,0.8235294117647058,10,7,3,439.7616982291112,0.9123126102292769,0.06474131821403217,0.239207307710592,128435.64467317342,5696.215442925082,134131.8601160985,72,1,42.142857142857146,28,0,19,35.44353886132765,0.6246279761904763,46.587643678160916,1013.6494252873559,36.20176518883414,0
74,4,2,1,29,0.06666666666666667,0.03333333333333333,0.9666666666666667,30,950,800,150,0.8421052631578947,11,8,3,418.3676964572142,0.9162835249042146,0.07240275030611332,0.23243379556704552,129274.43560906322,4821.401440084552,134095.83704914778,73,0,40.266666666666666,28,2,21,35.12497645285864,0.633184523809524,45.76149425287356,1016.9540229885051,36.319786535303756,0
75,4,0,1,28,0.0,0.034482758620689655,0.9655172413793104,29,950,700,250,0.7368421052631579,12,7,5,426.3221970054944,0.9126642036124795,0.0780062053830437,0.23709619337124102,129314.8810631022,5225.960840065176,134540.84190316737,74,1,42.48275862068966,27,2,22,34.88127895635211,0.6369598765432098,45.72172619047618,1017.1130952380943,37.67085537918868,0
76,4,2,2,28,0.06666666666666667,0.06666666666666667,0.9333333333333333,30,950,700,250,0.7368421052631579,12,7,5,411.54278581753266,0.9137452107279693,0.06407652893338955,0.2314234650461637,129749.74247341121,4679.514095323015,134429.25656873424,75,0,41.6,28,2,21,34.81232078221218,0.6380208333333334,45.29454022988505,1018.8218390804592,36.38649425287354,0
77,4,2,1,29,0.06666666666666667,0.03333333333333333,0.9666666666666667,30,1000,800,200,0.8,12,8,4,403.90096403526184,0.9118773946360154,0.06830000938702718,0.22948037172627422,130152.60643744211,4513.75264235697,134666.3590797991,76,0,41.166666666666664,28,2,22,34.59588848211771,0.6421130952380952,44.899425287356316,1020.402298850574,36.44293924466336,0
78,4,0,1,28,0.0,0.034482758620689655,0.9655172413793104,29,950,600,350,0.631578947368421,13,6,7,418.49092117527624,0.90938013136289,0.0680284061790759,0.2297310301556587,128800.00092895364,4980.326207226852,133780.32713618048,77,1,43.58620689655172,28,1,20,35.6083392309507,0.6283482142857143,46.22844827586207,1015.0862068965519,36.25307881773399,3
79,4,0,0,28,0.0,0.0,1.0,28,400,200,200,0.5,6,2,4,426.5367483998189,0.9077932098765431,0.053429746862012406,0.2307638401915079,128219.8771435658,5362.668718832665,133582.54586239846,78,2,43.392857142857146,27,1,20,36.00071015770398,0.6257716049382716,46.80059523809524,1012.7976190476194,37.51102292768961,3
80,4,3,2,29,0.0967741935483871,0.06451612903225806,0.935483870967742,31,800,300,500,0.375,13,3,10,393.37543671056153,0.9125448028673835,0.025118984664198818,0.2181445603576752,129201.38888888893,3968.6729379251756,133170.0618268141,79,0,40.096774193548384,29,2,20,35.835040983606575,0.6293103448275862,45.833333333333336,1016.6666666666671,35.057471264367834,0
81,4,0,3,26,0.0,0.10344827586206896,0.896551724137931,29,1000,600,400,0.6,14,6,8,413.18021952877587,0.9061986863711001,0.04934610075072787,0.22765167356577676,128945.8879351631,4855.578056876721,133801.46599203983,80,1,43.86206896551724,28,1,20,35.59349507238174,0.6298363095238095,46.08477011494252,1015.6609195402294,36.273604269293905,0
82,4,2,2,26,0.07142857142857142,0.07142857142857142,0.9285714285714286,28,900,800,100,0.8888888888888888,10,8,2,421.31229454306373,0.9047619047619047,0.04831501831501783,0.23207880631609437,128936.76757812501,5264.529079861112,134201.29665798612,81,0,43.642857142857146,27,1,20,35.39636752136752,0.6331018518518519,46.09375,1015.6250000000001,37.61574074074075,0
83,4,4,3,27,0.13333333333333333,0.1,0.9,30,1050,700,350,0.6666666666666666,14,7,7,400.62013079790785,0.9045977011494253,0.0764915739567198,0.22740236201406427,130115.95663644471,4425.68558067859,134541.6422171233,82,0,41.6,28,2,18,34.716941275876636,0.6417410714285714,44.935344827586206,1020.2586206896552,36.4378078817734,0
84,4,0,1,26,0.0,0.037037037037037035,0.962962962962963,27,750,600,150,0.8,9,6,3,437.8378614165437,0.8977920227920229,0.11255714152439644,0.2448191985667152,129527.44904667977,5942.404257067716,135469.85330374748,83,1,46.48148148148148,25,2,18,34.370408270361054,0.6466666666666667,45.51282051282051,1017.9487179487176,40.7179487179487,0
85,4,2,2,26,0.07142857142857142,0.07142857142857142,0.9285714285714286,28,950,800,150,0.8421052631578947,11,8,3,417.9705491343514,0.8952270723104055,0.07751954728066002,0.23790509569488796,130223.20578036876,5285.892966011267,135509.09874638004,84,0,42.92857142857143,26,2,19,34.16490273157949,0.6498397435897436,44.83024691358024,1020.6790123456784,39.256885090218404,0
86,4,3,1,28,0.10344827586206896,0.034482758620689655,0.9655172413793104,29,900,600,300,0.6666666666666666,12,6,6,403.696531012453,0.8976806239737274,0.0777568142587608,0.2327351141877163,130718.71456916103,4754.138321995466,135472.8528911565,85,0,42.172413793103445,27,2,21,34.02454404346138,0.6512345679012346,44.345238095238095,1022.6190476190479,37.87477954144622,0
87,4,0,1,27,0.0,0.03571428571428571,0.9642857142857143,28,900,500,400,0.5555555555555556,13,5,8,440.2205764824978,0.896384479717813,0.08834071949947875,0.24124087591240867,128731.13854595328,5734.019204389563,134465.15775034283,86,1,44.67857142857143,26,2,19,35.127737226277375,0.6346153846153846,46.29629629629629,1014.8148148148142,39.03133903133901,5
88,4,4,2,29,0.12903225806451613,0.06451612903225806,0.935483870967742,31,850,700,150,0.8235294117647058,10,7,3,397.3655318119746,0.9039426523297491,0.08093729819490147,0.2249695528215365,130014.58574459875,4132.663001543207,134147.24874614197,87,0,40.806451612903224,29,2,19,34.90328090244678,0.6375718390804597,45.03472222222222,1019.861111111111,35.167624521072796,0
89,4,1,1,29,0.03333333333333333,0.03333333333333333,0.9666666666666667,30,900,600,300,0.6666666666666666,12,6,6,406.37398122033545,0.8986111111111111,0.09077284472633296,0.22937338080813682,129896.16620838286,4557.284441471791,134453.45064985464,88,0,43.13333333333333,28,2,19,34.79445618980503,0.6395089285714286,45.150862068965516,1019.3965517241378,36.407019704433495,0
90,4,1,0,30,0.03333333333333333,0.0,1.0,30,1400,1100,300,0.7857142857142857,17,11,6,401.99682602658237,0.8959770114942529,0.0989295774647887,0.22796944606938754,130079.31199630056,4458.294110846858,134537.6061071474,89,0,44.1,28,2,21,34.71919014084507,0.6413690476190477,44.97126436781608,1020.1149425287344,36.432676518883376,0
91,4,0,0,30,0.0,0.0,1.0,30,600,300,300,0.5,9,3,6,399.6194208411948,0.8953544061302682,0.09554992254612005,0.22683433312496604,130115.95663644471,4399.3726466508115,134515.32928309552,90,1,45.1,28,2,21,34.7424658498803,0.6417410714285714,44.935344827586206,1020.2586206896552,36.4378078817734,0
92,4,0,0,30,0.0,0.0,1.0,30,1000,700,300,0.7,13,7,6,398.166723152018,0.8940134099616859,0.09532591862593298,0.22643540708957421,130189.26139929309,4367.406320187597,134556.66771948067,91,2,46.1,28,2,21,34.7048195598104,0.6424851190476191,44.86350574712643,1020.5459770114935,36.44807060755334,0
93,4,0,0,30,0.0,0.0,1.0,30,1100,900,200,0.8181818181818182,13,9,4,398.5254150248208,0.8919061302681993,0.09302292868195239,0.22792575827927994,130409.29954832204,4394.284045118237,134803.58359344027,92,3,47.1,28,2,22,34.47156186993014,0.644717261904762,44.64798850574712,1021.408045977011,36.478858784893255,0
94,4,0,0,30,0.0,0.0,1.0,30,1150,900,250,0.782608695652174,14,9,5,398.193931866751,0.8919061302681993,0.0958386053704483,0.22859995458984636,130556.09486474418,4397.32894867219,134953.42381341636,93,4,48.1,28,2,20,34.33062702094756,0.6462053571428573,44.50431034482757,1021.9827586206882,36.499384236453146,0
95,4,0,0,30,0.0,0.0,1.0,30,1300,1100,200,0.8461538461538461,15,11,4,394.8533233744071,0.8898946360153257,0.09380999204008078,0.2279773567804057,130776.44266498207,4327.502601070146,135103.9452660522,94,5,49.1,28,2,20,34.19195111672989,0.6484375,44.28879310344827,1022.8448275862061,36.530172413793075,0
96,4,0,0,30,0.0,0.0,1.0,30,650,500,150,0.7692307692307693,8,5,3,394.02215378762793,0.8878352490421456,0.0872320509220259,0.2281484373394703,130886.68623662302,4314.450802615933,135201.13703923897,95,6,50.1,28,2,20,34.101200505475994,0.6495535714285714,44.18103448275862,1023.2758620689651,36.54556650246304,0
97,4,0,0,30,0.0,0.0,1.0,30,750,500,250,0.6666666666666666,10,5,5,395.72956603186503,0.8863026819923372,0.08945349054838103,0.22957470915399064,130960.20775531765,4364.965236490938,135325.1729918086,96,7,51.1,28,2,20,33.98283969679956,0.6502976190476191,44.109195402298845,1023.5632183908039,36.55582922824299,0
98,4,1,2,29,0.03225806451612903,0.06451612903225806,0.935483870967742,31,650,400,250,0.6153846153846154,9,4,5,386.3328585401673,0.8880824372759857,0.08709371490007034,0.22649109045948954,131363.71768904311,3950.024112654309,135313.7418016974,97,0,50.41935483870968,29,2,21,33.81415684414939,0.6512212643678161,43.71527777777777,1025.1388888888882,35.349616858237525,0
99,4,0,1,28,0.0,0.034482758620689655,0.9655172413793104,29,950,600,350,0.631578947368421,13,6,7,426.41767450810255,0.8836206896551724,0.15665543471681342,0.2373771354183543,129352.72285997744,5231.657454648543,134584.38031462597,98,1,54.06896551724138,27,2,19,34.84006241466745,0.6373456790123456,45.68452380952382,1017.2619047619057,37.67636684303355,5
100,4,1,1,28,0.034482758620689655,0.034482758620689655,0.9655172413793104,29,850,600,250,0.7058823529411765,11,6,5,427.6803118908381,0.881876026272578,0.15474894131881434,0.2389978213507626,129504.14540816336,5277.274659863958,134781.4200680273,99,0,55.0,27,2,17,34.65277777777777,0.6388888888888888,45.53571428571429,1017.8571428571436,37.698412698412724,0
101,4,2,2,28,0.06666666666666667,0.06666666666666667,0.9333333333333333,30,800,600,200,0.75,10,6,4,415.3329447211064,0.8829980842911878,0.14005827341510368,0.2339917852983964,129822.94401919028,4783.949126370744,134606.893145561,100,0,54.1,28,2,17,34.64096057145543,0.6387648809523808,45.2227011494253,1019.1091954023002,36.39675697865358,0
102,4,0,0,28,0.0,0.0,1.0,28,1100,800,300,0.7272727272727273,14,8,6,442.0898250289881,0.8733465608465608,0.1797407912687583,0.24736781812690706,129554.6392746913,5854.957561728386,135409.5968364197,101,12,58.964285714285715,26,2,18,34.234311050477494,0.6430288461538461,45.48611111111111,1018.0555555555552,39.155982905982896,0
103,4,1,1,28,0.034482758620689655,0.034482758620689655,0.9655172413793104,29,650,400,250,0.6153846153846154,9,4,5,431.46123927753223,0.8729474548440065,0.16112761137679366,0.24345218196467025,129883.08930342975,5407.903734410441,135290.99303784018,102,0,57.89655172413793,27,2,18,34.16849148418493,0.6427469135802468,45.16369047619048,1019.3452380952384,37.753527336860685,0
104,4,4,2,30,0.125,0.0625,0.9375,32,550,300,250,0.5454545454545454,8,3,5,397.86008613004026,0.8904569892473119,0.1510389311974789,0.23095292804621853,130983.92877789348,4022.655437044759,135006.58421493825,103,0,53.34375,30,2,20,33.904225752801125,0.6444444444444444,44.08602150537635,1023.6559139784953,34.121863799283176,0
105,4,0,0,30,0.0,0.0,1.0,30,1000,700,300,0.7,13,7,6,418.1451994697639,0.8745210727969349,0.18031835205992475,0.24165534255070775,130813.18536134233,4939.7810972387415,135752.96645858107,104,1,57.9,28,2,20,33.5589302434457,0.6488095238095237,44.252873563218394,1022.9885057471266,36.535303776683094,0
106,4,1,0,31,0.03225806451612903,0.0,1.0,31,900,700,200,0.7777777777777778,11,7,4,404.76185004309116,0.8775089605734767,0.17172225259704765,0.23597775842433172,131150.23389274685,4416.922260802459,135567.15615354932,105,0,57.0,29,2,21,33.558615819209045,0.649066091954023,43.92361111111111,1024.305555555555,35.32088122605362,0
107,4,0,0,31,0.0,0.0,1.0,31,1100,800,300,0.7272727272727273,14,8,6,405.82428608355565,0.8771505376344086,0.17227039578113335,0.23703608538704585,131221.3758680555,4450.564236111105,135671.9401041666,106,1,58.0,29,2,21,33.45914667208891,0.6497844827586208,43.854166666666664,1024.583333333333,35.330459770114935,0
108,4,1,0,32,0.03125,0.0,1.0,32,950,800,150,0.8421052631578947,11,8,3,403.52203754035463,0.8790322580645162,0.16771630176734353,0.22730342411819965,129817.03990345694,4076.8072898600835,133893.84719331702,107,0,57.15625,30,2,18,34.94790292798732,0.632638888888889,45.228494623655905,1019.0860215053755,33.969534050179185,7
109,4,0,1,31,0.0,0.03125,0.96875,32,1000,800,200,0.8,12,8,4,401.711312880256,0.879788306451613,0.16443942789348776,0.22707764675928616,129954.04996242335,4040.802404902287,133994.85236732563,108,1,58.15625,30,2,18,34.85422708498108,0.6340277777777779,45.09408602150537,1019.623655913978,33.987455197132604,0
110,4,2,1,32,0.06060606060606061,0.030303030303030304,0.9696969696969697,33,850,500,350,0.5882352941176471,12,5,7,390.7770088160467,0.8854166666666667,0.16479904204569595,0.22360653786738777,130428.79104614259,3593.714565700955,134022.50561184355,109,0,56.06060606060606,31,2,20,34.64959103462926,0.6360887096774194,44.62890625,1021.4843750000001,32.951108870967744,0
111,4,0,1,31,0.0,0.03125,0.96875,32,950,500,450,0.5263157894736842,14,5,9,393.7071547358179,0.8859206989247312,0.15015705170372273,0.2255137967706822,130468.48127312405,3873.2749089490053,134341.75618207306,110,1,55.5,30,2,20,34.534381441038434,0.6392361111111111,44.59005376344086,1021.6397849462365,34.05465949820788,0
112,4,1,1,31,0.03125,0.03125,0.96875,32,900,400,500,0.4444444444444444,14,4,10,387.87265528274725,0.8845346102150539,0.1345433639947431,0.22395378654792905,130777.6278326973,3745.013151809434,134522.64098450672,111,0,53.96875,30,2,19,34.36925098554531,0.6423611111111112,44.28763440860214,1022.8494623655904,34.094982078853015,0
113,4,1,1,31,0.03125,0.03125,0.96875,32,850,600,250,0.7058823529411765,11,6,5,391.6955554338835,0.8871387768817205,0.13216103086014463,0.22717148930914105,130949.53399598216,3858.4700904728843,134808.00408645504,112,0,54.9375,30,2,19,34.096903042241195,0.6440972222222222,44.119623655913976,1023.5215053763438,34.1173835125448,0
114,4,0,1,30,0.0,0.03225806451612903,0.967741935483871,31,1200,1000,200,0.8333333333333334,14,10,4,407.418790916201,0.8828853046594982,0.13179177064170067,0.2276147251459281,129493.69963007008,4352.17979349782,133845.8794235679,113,4,57.70967741935484,28,3,18,35.179041972520245,0.6354166666666666,45.54597701149426,1017.8160919540235,36.3505747126437,2
115,4,0,0,30,0.0,0.0,1.0,30,800,500,300,0.625,11,5,6,420.1273093351233,0.8786877394636016,0.1448637316561847,0.2341002782334341,129390.57019292082,4872.102421697835,134262.67261461864,114,5,60.36666666666667,27,3,21,34.961270781531866,0.6377314814814814,45.64732142857142,1017.4107142857134,37.681878306878275,0
116,4,2,0,32,0.0625,0.0,1.0,32,850,700,150,0.8235294117647058,10,7,3,397.23061325131863,0.8855426747311829,0.14231384426898952,0.22550665262319838,130120.8429783951,3937.596450617286,134058.4394290124,115,0,57.53125,29,3,21,34.798416371721565,0.6386494252873562,44.93055555555556,1020.277777777778,35.18199233716476,0
117,4,0,0,32,0.0,0.0,1.0,32,1200,900,300,0.75,15,9,6,396.6680549770928,0.8837785618279571,0.1389030612244897,0.2260085429520646,130262.58680555562,3934.201388888896,134196.78819444453,116,1,58.53125,29,3,21,34.66836734693878,0.6400862068965516,44.79166666666667,1020.8333333333339,35.201149425287376,0
118,4,0,0,32,0.0,0.0,1.0,32,500,400,100,0.8,6,4,2,398.9824299251328,0.883694556451613,0.1401319368879217,0.22774214478335228,130333.48765432104,4000.1543209876654,134333.6419753087,117,2,59.53125,29,3,21,34.537087413855645,0.6408045977011494,44.72222222222223,1021.1111111111115,35.210727969348675,0
119,4,1,0,33,0.030303030303030304,0.0,1.0,33,900,700,200,0.7777777777777778,11,7,4,389.5320667010864,0.8821022727272728,0.1418388882252215,0.22491191408158345,130777.62783269754,3588.4159295872496,134366.0437622848,118,0,58.696969696969695,30,3,20,34.32681778361806,0.6423611111111109,44.28763440860216,1022.8494623655924,34.09498207885308,0
120,4,1,0,34,0.029411764705882353,0.0,1.0,34,1300,1100,200,0.8461538461538461,15,11,4,367.9922952962021,0.88647504456328,0.07937558023084956,0.20324186686674953,129040.97995421392,2697.217280124484,131738.1972343384,119,0,57.94117647058823,32,2,21,36.64383206992254,0.6194661458333333,45.99116161616162,1016.035353535354,31.751104797979814,7
121,4,2,1,35,0.05555555555555555,0.027777777777777776,0.9722222222222222,36,950,500,450,0.5263157894736842,14,5,9,346.6789819782677,0.8908399470899472,0.06586466653678835,0.19448122562780848,129655.65653344664,1789.7782029478392,131445.43473639447,120,0,55.666666666666664,34,2,19,36.56000389635692,0.6210171568627452,45.38690476190476,1018.4523809523804,29.954481792717072,0
122,4,0,2,33,0.0,0.05714285714285714,0.9428571428571428,35,800,300,500,0.375,13,3,10,356.05833320979383,0.8884453781512605,0.0694560525546446,0.19917687366826647,129544.24267409173,2225.0614246924324,131769.30409878417,121,1,58.25714285714286,33,2,19,36.43450804542354,0.6221590909090908,45.49632352941177,1018.0147058823533,30.848930481283432,0
123,4,0,0,33,0.0,0.0,1.0,33,1150,700,450,0.6086956521739131,16,7,9,367.28578486220243,0.8849431818181819,0.06291619184942254,0.2053962994315237,129532.54699707043,2915.0926378038334,132447.63963487427,122,2,57.96969696969697,31,2,19,36.16067621727637,0.627016129032258,45.50781250000001,1017.9687500000009,32.83770161290325,0
124,4,2,1,34,0.05714285714285714,0.02857142857142857,0.9714285714285714,35,1100,900,200,0.8181818181818182,13,9,4,349.8245633020408,0.8928571428571428,0.06154268554268594,0.19852007426649576,130106.25608239628,2102.8728433775627,132209.12892577384,123,0,55.6,33,2,21,36.022397397397405,0.627840909090909,44.94485294117648,1020.2205882352948,30.91577540106954,0
125,4,0,0,34,0.0,0.0,1.0,34,1150,1100,50,0.9565217391304348,12,11,1,357.5369449073621,0.8871434937611409,0.06983838089691341,0.20287208671709883,130101.52025303546,2503.220015814725,132604.74026885018,124,1,58.23529411764706,32,2,21,35.83049711221124,0.6302083333333333,44.949494949494955,1020.2020202020207,31.881313131313146,0
126,4,4,2,36,0.10526315789473684,0.05263157894736842,0.9473684210526316,38,1000,600,400,0.6,14,6,8,326.1543520369104,0.8968112849691797,0.07882005729000907,0.1900303543738439,131126.20380092945,953.4764071504143,132079.68020807987,125,0,53.0,36,2,20,35.59579439252337,0.6316550925925926,43.94707207207208,1024.211711711713,28.45032532532536,0
127,4,0,2,34,0.0,0.05555555555555555,0.9444444444444444,36,1100,800,300,0.7272727272727273,14,8,6,343.23214170723486,0.8892195767195767,0.09052181108266799,0.19850181869663377,130840.48327664407,1781.7318594104418,132622.2151360545,126,1,56.94444444444444,34,2,20,35.447211232642935,0.6329656862745097,44.22619047619048,1023.0952380952388,30.091036414565846,0
128,4,0,1,33,0.0,0.029411764705882353,0.9705882352941176,34,800,600,200,0.75,10,6,4,344.74605036706885,0.8815359477124184,0.0438200402282336,0.20000853853279765,130962.30867346947,2229.7477324263127,133192.05640589577,127,2,53.970588235294116,34,0,20,35.2853376754284,0.6341911764705882,44.10714285714286,1023.5714285714292,30.105042016806742,0
129,4,0,0,33,0.0,0.0,1.0,33,600,500,100,0.8333333333333334,7,5,2,352.59951952382664,0.8820233585858587,0.051083287969515334,0.20417517253980247,130888.84833958095,2630.2690071126513,133519.1173466936,128,3,55.878787878787875,33,0,20,35.15868263473054,0.6357323232323232,44.17892156862745,1023.2843137254904,31.008615567439104,0
130,4,0,0,33,0.0,0.0,1.0,33,1050,800,250,0.7619047619047619,13,8,5,351.86776499592986,0.8821022727272728,0.049819560052953404,0.20458282369805106,131045.64838343432,2622.147881824309,133667.79626525863,129,4,56.878787878787875,33,0,20,35.01882605226412,0.637310606060606,44.02573529411765,1023.89705882353,31.02718360071303,0
131,4,0,0,33,0.0,0.0,1.0,33,900,600,300,0.6666666666666666,12,6,6,347.4765742634222,0.8815498737373738,0.02271184348577493,0.20071882113334136,130794.81336805545,2489.626736111102,133284.44010416654,130,5,57.878787878787875,33,0,19,35.38484385607603,0.6347853535353536,44.27083333333333,1022.9166666666657,30.99747474747472,3
132,4,2,0,35,0.05714285714285714,0.0,1.0,35,1350,900,450,0.6666666666666666,18,9,9,330.6183897858522,0.8872549019607843,0.02321045760061935,0.19470237798485096,131535.81700370798,1697.6320033864868,133233.44900709446,131,0,55.51428571428571,35,0,22,35.06866091240739,0.6377976190476191,43.5474537037037,1025.810185185185,29.30886243386243,0
133,4,0,0,35,0.0,0.0,1.0,35,600,500,100,0.8333333333333334,7,5,2,330.36319383805363,0.8871148459383753,0.02529654461062436,0.19470341424072504,131565.5006858709,1692.8798010973806,133258.3804869683,132,1,56.51428571428571,35,0,19,35.045314380264756,0.6380952380952382,43.51851851851851,1025.9259259259247,29.312169312169278,0
134,4,0,1,34,0.0,0.02857142857142857,0.9714285714285714,35,1200,900,300,0.75,15,9,6,335.8676810702316,0.8859243697478991,0.029457339368265556,0.19871984412354116,131713.9693313827,1847.6930887774117,133561.6624201601,133,2,57.51428571428571,35,0,20,34.75459935355357,0.6395833333333334,43.37384259259258,1026.5046296296282,29.328703703703663,0
135,4,0,0,34,0.0,0.0,1.0,34,1250,900,350,0.72,16,9,7,341.84464074886193,0.8816844919786097,0.040106951871658136,0.20247721028971039,131755.55555555542,2207.986111111102,133963.5416666665,134,3,59.5,34,0,20,34.55932088744589,0.6421568627450981,43.33333333333333,1026.6666666666656,30.196078431372516,0
136,4,0,1,33,0.0,0.029411764705882353,0.9705882352941176,34,1350,1200,150,0.8888888888888888,15,12,3,351.47254452833823,0.8814245395127749,0.0439730221664103,0.20155282505345842,130512.91120001936,2385.45210976549,132898.36330978485,135,4,60.5,33,1,17,35.56808187415049,0.6319444444444444,44.54656862745099,1021.8137254901972,30.964052287581733,3
137,4,0,0,33,0.0,0.0,1.0,33,700,400,300,0.5714285714285714,10,4,6,351.3183697646199,0.8790246212121213,0.050650388779885036,0.20179030329455444,130575.52984429065,2574.7164552095333,133150.24629950017,136,5,61.93939393939394,33,0,17,35.5085931254996,0.6325757575757576,44.48529411764706,1022.0588235294117,30.971479500891263,0
138,4,1,1,33,0.029411764705882353,0.029411764705882353,0.9705882352941176,34,1000,500,500,0.5,15,5,10,340.36170145041325,0.8848781937017232,0.04191415980072821,0.1971529100854283,130901.38888888908,2110.7638888889132,133012.15277777798,137,0,61.088235294117645,34,0,18,35.459079804560254,0.6335784313725489,44.16666666666668,1023.3333333333348,30.09803921568632,0
139,4,0,2,31,0.0,0.06060606060606061,0.9393939393939394,33,900,700,200,0.7777777777777778,11,7,4,347.4753844375161,0.8764993686868687,0.05182983264190599,0.20104448958203897,130857.49959450695,2493.9519956266854,133351.45159013363,138,7,63.93939393939394,33,0,18,35.32147063520582,0.6354166666666666,44.20955882352941,1023.1617647058827,31.004901960784323,0
140,4,1,0,32,0.03125,0.0,1.0,32,850,400,450,0.47058823529411764,13,4,9,381.12668126597157,0.8770161290322581,0.08628505417463339,0.2180845233064588,130428.79104614281,3567.843656675608,133996.6347028184,139,0,65.09375,31,1,21,34.89603250478011,0.6360887096774193,44.628906250000014,1021.4843750000018,32.9511088709678,3
141,4,2,0,34,0.058823529411764705,0.0,1.0,34,650,500,150,0.7692307692307693,8,5,3,361.5590199730927,0.8809789067142009,0.07804184383183621,0.21038907875314547,131077.01965590188,2678.415753556363,133755.43540945824,140,0,62.205882352941174,33,1,20,34.739009893090795,0.6376262626262624,43.995098039215705,1024.0196078431397,31.03089720736787,0
142,4,0,1,33,0.0,0.029411764705882353,0.9705882352941176,34,900,800,100,0.8888888888888888,10,8,2,361.8037590714496,0.88031045751634,0.07213622291021693,0.21122063029590252,131202.54229142662,2693.9146001538206,133896.45689158046,141,1,63.205882352941174,33,1,20,34.60576156299841,0.6388888888888887,43.87254901960786,1024.5098039215707,31.04575163398699,0
143,4,0,0,33,0.0,0.0,1.0,33,750,500,250,0.6666666666666666,10,5,5,359.5678161304762,0.8779198232323233,0.05814935194344506,0.21043146580120206,131296.7236910085,2842.015240532517,134138.738931541,142,2,63.72727272727273,33,0,21,34.56781358364224,0.6398358585858583,43.780637254901976,1024.877450980394,31.056892453951335,0
144,4,0,1,32,0.0,0.030303030303030304,0.9696969696969697,33,550,300,250,0.5454545454545454,8,3,5,359.9048185603808,0.8783933080808082,0.05740330130574067,0.2108013937282233,131328.1250000002,2853.125000000028,134181.25000000023,143,3,64.72727272727273,33,0,21,34.52743902439024,0.640151515151515,43.750000000000014,1025.0000000000016,31.06060606060611,0
145,4,0,0,32,0.0,0.0,1.0,32,1200,1000,200,0.8333333333333334,14,10,4,363.9308069803294,0.876890120967742,0.04634974141115622,0.21370080140905684,131425.20732897165,3165.9363521579594,134591.14368112962,144,4,64.34375,32,0,21,34.326129786972054,0.6435546875,43.65530303030304,1025.378787878789,32.04308712121215,0
146,4,0,1,31,0.0,0.03125,0.96875,32,1600,1400,200,0.875,18,14,4,365.86103130403995,0.8728158602150539,0.05961715867158657,0.2164810905750979,131716.66953627186,3237.9993112947727,134954.66884756665,145,5,65.34375,32,0,16,33.982164821648226,0.646484375,43.371212121212125,1026.515151515152,32.0785984848485,0
147,4,1,1,31,0.03125,0.03125,0.96875,32,850,600,250,0.7058823529411765,11,6,5,366.8660855585009,0.8747059811827957,0.05033889708594619,0.2176310630085549,131813.89534550047,3271.609561524329,135085.5049070248,146,0,65.375,32,0,16,33.858201155785075,0.6474609375,43.27651515151515,1026.8939393939393,32.0904356060606,0
148,4,1,1,31,0.03125,0.03125,0.96875,32,800,500,300,0.625,11,5,6,365.8669181141816,0.8742019489247312,0.0477794334521322,0.21778047642246498,131943.5855556831,3254.758602438528,135198.34415812162,147,0,66.34375,32,0,16,33.75296997255335,0.6487630208333334,43.150252525252526,1027.39898989899,32.10621843434344,0
149,4,0,0,31,0.0,0.0,1.0,31,1200,1000,200,0.8333333333333334,14,10,4,376.8375924196356,0.8673835125448028,0.06124452005496295,0.22383244947334963,131862.5217013888,3738.1510416666483,135600.67274305545,148,8,69.48387096774194,31,0,17,33.55307640297498,0.6505376344086022,43.22916666666666,1027.0833333333323,33.13172043010749,0
150,4,0,1,30,0.0,0.03225806451612903,0.967741935483871,31,1200,700,500,0.5833333333333334,17,7,10,380.6606700486229,0.8670250896057348,0.06512916712644534,0.22710163784533474,132029.74319457996,3851.706102159274,135881.44929673924,149,9,70.48387096774194,31,0,17,33.28595485451245,0.652217741935484,43.06640624999999,1027.734374999999,33.152721774193516,0
151,4,0,0,30,0.0,0.0,1.0,30,850,600,250,0.7058823529411765,11,6,5,390.9918048818154,0.862691570881226,0.07667844522968226,0.23213429534591676,131845.2661615503,4310.083716325566,136155.34987787588,150,10,73.53333333333333,30,0,17,33.207095493609046,0.6531250000000001,43.24596774193547,1027.0161290322567,34.233870967741886,0
152,4,0,0,30,0.0,0.0,1.0,30,700,500,200,0.7142857142857143,9,5,4,389.7130441759282,0.8618773946360153,0.079216814931101,0.2320067375140806,131948.81633714878,4284.4349780321345,136233.2513151809,151,11,74.53333333333333,30,0,18,33.13519317983603,0.6541666666666666,43.14516129032258,1027.4193548387093,34.24731182795698,0
153,4,0,0,30,0.0,0.0,1.0,30,600,400,200,0.6666666666666666,8,4,4,387.8205547066373,0.8613984674329502,0.08270991368035574,0.23130077701146234,132017.872369638,4239.848898716601,136257.7212683546,152,12,75.53333333333333,30,0,18,33.11399206556805,0.6548611111111111,43.077956989247305,1027.68817204301,34.25627240143366,0
154,4,0,0,30,0.0,0.0,1.0,30,800,700,100,0.875,9,7,2,388.5080097398437,0.8598659003831418,0.0799651416122007,0.23255761146399104,132156.0386316337,4268.735908775584,136424.7745404093,153,13,76.53333333333333,30,0,19,32.95669934640524,0.65625,42.943548387096776,1028.225806451613,34.274193548387096,0
155,4,0,1,29,0.0,0.03333333333333333,0.9666666666666667,30,1100,700,400,0.6363636363636364,15,7,8,402.6226466634564,0.8598659003831418,0.11183734674076029,0.22211839149506585,128996.49706613476,4387.382211816389,133383.87927795114,154,14,77.53333333333333,30,0,19,35.80973802593279,0.6243055555555556,46.034946236559136,1015.860215053763,33.86200716845877,7
156,4,0,0,29,0.0,0.0,1.0,29,750,600,150,0.8,9,6,3,409.3203551807287,0.8602216748768473,0.11232661705889546,0.22181149113582732,128285.1948302469,4701.948302469127,132987.143132716,155,15,79.65517241379311,29,0,20,36.369504615665825,0.6199712643678161,46.73611111111111,1013.0555555555554,34.932950191570875,1
157,4,4,2,31,0.12121212121212122,0.06060606060606061,0.9393939393939394,33,850,600,250,0.7058823529411765,11,6,5,371.70755476040506,0.8730271464646465,0.10243503888183714,0.2080961162364855,129575.43372741248,3032.833525567081,132608.26725297957,156,0,70.87878787878788,33,0,16,36.00445353875782,0.6224747474747474,45.4656862745098,1018.1372549019604,30.852644087938195,0
158,4,1,2,30,0.03125,0.0625,0.9375,32,900,700,200,0.7777777777777778,11,7,4,381.3326622316522,0.8687415994623656,0.12038286192780046,0.21302304852732837,129490.37606175388,3475.7819674012812,132966.15802915517,157,0,74.0625,32,0,16,35.84620394491998,0.6240234375,45.54924242424242,1017.8030303030301,31.806344696969692,0
159,4,3,3,30,0.09090909090909091,0.09090909090909091,0.9090909090909091,33,950,500,450,0.5263157894736842,14,5,9,364.836331827323,0.8768939393939394,0.09405769405769449,0.20703902266274438,130106.25608239596,2893.497843377519,132999.7539257735,158,0,69.6969696969697,33,0,18,35.63951451451451,0.6278409090909092,44.94485294117646,1020.2205882352923,30.915775401069464,0
160,4,1,0,31,0.03225806451612903,0.0,1.0,31,700,600,100,0.8571428571428571,8,6,2,381.3596828491147,0.8720430107526882,0.10839500881863251,0.21507806897282938,129864.12896050356,3704.9886067708426,133569.1175672744,159,0,73.90322580645162,31,0,19,35.464571623232835,0.6303763440860215,45.18229166666667,1019.270833333334,32.87970430107529,0
161,4,2,2,31,0.06060606060606061,0.06060606060606061,0.9393939393939394,33,600,300,300,0.5,9,3,6,362.31226771836697,0.8764993686868687,0.08876380798627093,0.20709948142420206,130387.71896626285,2848.214028258353,133235.9329945212,160,0,70.36363636363636,33,0,21,35.41816654667628,0.6306818181818183,44.66911764705882,1021.3235294117637,30.94919786096254,0
162,4,1,0,32,0.03125,0.0,1.0,32,1650,1400,250,0.8484848484848485,19,14,5,374.8037552272329,0.8706737231182796,0.12474901149141182,0.21497425875648457,130520.50053884818,3383.9147472196814,133904.41528606787,161,0,73.53125,32,0,15,34.964372502986116,0.6344401041666666,44.53914141414142,1021.8434343434352,31.93260732323235,0
163,4,0,0,32,0.0,0.0,1.0,32,500,200,300,0.4,8,2,6,374.81451921495835,0.8693296370967742,0.12446340333539219,0.21533878871860102,130585.01882779814,3389.032209723489,133974.05103752163,162,1,74.53125,32,0,15,34.89859995882231,0.6350911458333334,44.4760101010101,1022.0959595959592,31.940498737373726,0
164,4,0,0,32,0.0,0.0,1.0,32,1250,900,350,0.72,16,9,7,377.3457169545465,0.8674395161290324,0.11786441619353227,0.21806383728714243,130810.95838434855,3472.1909754106737,134283.1493597592,163,2,75.53125,32,0,16,34.60462437258289,0.6373697916666667,44.255050505050505,1022.9797979797981,31.968118686868692,0
165,4,0,0,32,0.0,0.0,1.0,32,800,400,400,0.5,12,4,8,431.7329731385771,0.8681535618279571,0.23616145900166785,0.23643675753119708,128705.44645521391,4714.297315498108,133419.74377071203,164,3,76.53125,31,1,15,35.3694822276402,0.6186155913978494,46.32161458333334,1014.7135416666679,32.732694892473155,6
166,4,0,1,31,0.0,0.03125,0.96875,32,1050,800,250,0.7619047619047619,13,8,5,432.7424900667807,0.867145497311828,0.2368465362411798,0.23738407530405062,128771.51701185455,4744.981384277368,133516.4983961319,165,4,77.53125,31,1,15,35.275951464614074,0.619287634408602,46.25651041666668,1014.9739583333347,32.74109543010757,0
167,4,1,1,31,0.03125,0.03125,0.96875,32,800,500,300,0.625,11,5,6,430.2508462023323,0.8667254704301076,0.22257260546223856,0.2368049646811567,128903.7089877659,4692.185974121099,133595.894961887,166,0,78.28125,31,1,15,35.203364747617215,0.6206317204301075,46.126302083333336,1015.4947916666672,32.75789650537636,0
168,4,0,0,31,0.0,0.0,1.0,31,800,500,300,0.625,11,5,6,438.0964662215542,0.8617383512544803,0.24507728048142785,0.23517218293747627,127906.48666030755,5007.07596253902,132913.56262284657,167,6,81.80645161290323,30,1,17,36.03120294091593,0.6131944444444444,47.11021505376344,1011.5591397849463,33.718637992831546,2
169,4,1,0,32,0.03125,0.0,1.0,32,900,500,400,0.5555555555555556,13,5,8,425.8890806341212,0.8658434139784947,0.2485784502698536,0.23112055965793107,128342.36145019531,4531.922064887153,132874.28351508247,168,0,80.21875,31,1,18,35.89105200034267,0.6149193548387097,46.6796875,1013.28125,32.68649193548387,0
170,4,1,1,32,0.030303030303030304,0.030303030303030304,0.9696969696969697,33,850,600,250,0.7058823529411765,11,6,5,413.03548789935525,0.8720801767676768,0.23228551383891194,0.22573653808050484,128624.38303489446,4025.2869605142428,132649.6699954087,169,0,78.75757575757575,32,1,16,35.92699775952204,0.615234375,46.401515151515156,1014.39393939394,31.699810606060623,0
171,4,1,0,33,0.030303030303030304,0.0,1.0,33,350,100,250,0.2857142857142857,6,1,5,408.4607689274955,0.8736584595959597,0.23131928816715486,0.2241376192087465,128784.53290799411,3920.685867513527,132705.21877550764,170,0,79.72727272727273,32,1,17,35.87873699050463,0.6168619791666666,46.24368686868687,1015.0252525252528,31.71953914141415,0
172,4,3,2,34,0.08333333333333333,0.05555555555555555,0.9444444444444444,36,1000,700,300,0.7,13,7,6,383.0822787121601,0.8796626984126985,0.21294611837533894,0.21418999626658933,129525.1833231525,2723.760475608712,132248.9437987612,171,0,74.0,35,1,17,35.76617870001893,0.6175595238095237,45.5150462962963,1017.9398148148153,29.083994708994723,0
173,4,2,1,35,0.05555555555555555,0.027777777777777776,0.9722222222222222,36,1350,1000,350,0.7407407407407407,17,10,7,390.22085053173925,0.8773148148148149,0.23159509202453998,0.21933102978163277,129731.44531250009,2924.7829861111254,132656.2282986112,172,0,74.94444444444444,35,1,18,35.374062713019775,0.6196428571428572,45.31250000000001,1018.7500000000007,29.107142857142875,0
174,4,0,0,35,0.0,0.0,1.0,35,1000,700,300,0.7,13,7,6,408.424356377066,0.8783613445378151,0.20962360992301132,0.22002215327409708,128048.66850321415,3461.8091425620096,131510.47764577618,173,1,78.08571428571429,32,3,21,36.63532310379242,0.6093749999999998,46.96969696969698,1012.1212121212138,31.628787878787932,6
175,4,3,3,35,0.07894736842105263,0.07894736842105263,0.9210526315789473,38,850,500,350,0.5882352941176471,12,5,7,385.674350357762,0.8901730678046468,0.18140062682373315,0.21103753778003373,128672.41753472215,2325.1302083333285,130997.54774305547,174,0,72.84210526315789,35,3,17,36.57169746748804,0.6089285714285715,46.354166666666664,1014.5833333333327,28.98809523809522,0
176,4,2,1,36,0.05405405405405406,0.02702702702702703,0.972972972972973,37,750,500,250,0.6666666666666666,10,5,5,395.95820054294643,0.8853853853853854,0.2077992096767034,0.21658252792214308,128657.32001133788,2788.584183673471,131445.90419501136,175,0,75.75675675675676,34,3,18,36.32632206837205,0.610906862745098,46.36904761904762,1014.5238095238096,29.838935574229694,0
177,4,2,3,35,0.05263157894736842,0.07894736842105263,0.9210526315789473,38,650,400,250,0.6153846153846154,9,4,5,391.4802227213276,0.8835052157420579,0.22377863442065693,0.21628727975270806,129054.34355977782,2504.444631987297,131558.7881917651,176,0,74.71052631578948,35,3,20,36.03355070812924,0.612797619047619,45.97800925925925,1016.0879629629618,29.031084656084623,0
178,4,3,2,36,0.07894736842105263,0.05263157894736842,0.9473684210526316,38,1000,700,300,0.7,13,7,6,386.7006396929772,0.8872984826932195,0.22678968909312847,0.21637524343126122,129554.63927469129,2420.0235500257118,131974.662824717,177,0,74.1842105263158,32,6,17,35.64404274670305,0.6246744791666667,45.48611111111111,1018.0555555555551,31.814236111111097,0
179,4,1,0,37,0.02702702702702703,0.0,1.0,37,900,500,400,0.5555555555555556,13,5,8,383.56509847798634,0.8770645645645646,0.25551390806865215,0.20056648279192446,126844.99351211089,2330.6624855824857,129175.65599769338,178,0,77.16216216216216,33,4,19,38.502128953771276,0.5946969696969696,48.16176470588236,1007.352941176472,30.52584670231733,7
180,4,1,0,38,0.02631578947368421,0.0,1.0,38,750,500,250,0.6666666666666666,10,5,5,377.09359354695624,0.8825272641062115,0.25615932066833347,0.1988377558286352,127184.70848051223,1992.3480452229824,129177.05652573521,179,0,76.10526315789474,33,5,20,38.31538796420039,0.598169191919192,47.82475490196078,1008.7009803921562,30.566696375519886,0
181,4,1,0,39,0.02564102564102564,0.0,1.0,39,1000,700,300,0.7,13,7,6,366.7330309476534,0.8877642825011246,0.25324215986795595,0.19465767011877314,127452.38803854866,1548.2001133786714,129000.58815192732,180,0,75.12820512820512,34,5,19,38.30169771280358,0.5986519607843137,47.5595238095238,1009.7619047619039,29.698879551820703,0
182,4,2,2,39,0.04878048780487805,0.04878048780487805,0.9512195121951219,41,1150,1000,150,0.8695652173913043,13,10,3,350.9862034312082,0.8927845528455285,0.24507473379139677,0.18912853695681628,128059.03031409776,789.3905730054232,128848.42088710319,181,0,72.41463414634147,36,5,20,38.078085595608954,0.6006944444444444,46.95945945945945,1012.1621621621612,28.11561561561559,0
183,4,3,3,39,0.07142857142857142,0.07142857142857142,0.9285714285714286,42,1350,900,450,0.6666666666666666,18,9,9,339.47924667205257,0.8974545102593883,0.24416194811443015,0.18542689962250905,128601.01814229762,331.50388564239086,128932.52202794001,182,0,71.30952380952381,36,6,17,37.816189260205036,0.6061921296296298,46.424549549549546,1014.301801801801,28.17505005005003,0
184,4,3,3,39,0.07142857142857142,0.07142857142857142,0.9285714285714286,42,1850,1500,350,0.8108108108108109,22,15,7,334.7644226172394,0.9021486643437863,0.2267505676094248,0.1837433148056839,128794.39153928321,223.15602399735235,129017.54756328056,183,0,71.21428571428571,38,4,17,37.73879065361539,0.6044407894736843,46.23397435897435,1015.0641025641014,26.71221322537109,0
185,4,1,0,40,0.025,0.0,1.0,40,1000,700,300,0.7,13,7,6,351.5636771939589,0.8909455128205128,0.25363167240039974,0.1925799571546967,128715.26668137721,1050.322493101196,129765.5891744784,184,0,75.75,36,4,18,37.393186105870576,0.6073495370370372,46.31193693693693,1014.7522522522514,28.18756256256254,0
186,4,2,2,40,0.047619047619047616,0.047619047619047616,0.9523809523809523,42,1400,800,600,0.5714285714285714,20,8,12,334.4252911211864,0.8973577235772358,0.2375838289257246,0.18599317915064975,129315.90374157928,251.13424235044192,129567.03798392972,185,0,73.0952380952381,36,6,21,37.21697852081487,0.613425925925926,45.72072072072071,1017.1171171171161,28.253253253253224,0
187,4,2,2,40,0.047619047619047616,0.047619047619047616,0.9523809523809523,42,1250,700,550,0.56,18,7,11,336.8835230491474,0.89017131242741,0.23946759808027673,0.18831726436866056,129516.42679419267,326.390030232914,129842.81682442558,186,0,73.92857142857143,36,6,17,36.95075967105505,0.6154513888888891,45.52364864864864,1017.905405405404,28.27515015015011,0
188,4,0,1,39,0.0,0.025,0.975,40,1000,400,600,0.4,16,4,12,351.2714085194312,0.8872329059829059,0.1759189925119129,0.1992346328629514,130085.41907793209,1139.0576774691372,131224.47675540124,187,2,78.625,35,5,20,36.0066371681416,0.6232142857142856,44.96527777777778,1020.1388888888888,29.146825396825395,4
189,4,1,0,40,0.025,0.0,1.0,40,950,500,450,0.5263157894736842,14,5,9,348.5309328047951,0.8886485042735043,0.18079997732169173,0.1984308777537436,130233.05047850228,1078.0493130572752,131311.09979155957,188,0,79.45,35,5,22,35.926810484937825,0.624702380952381,44.820601851851855,1020.717592592593,29.1633597883598,0
190,4,0,1,39,0.0,0.025,0.975,40,900,500,400,0.5555555555555556,13,5,8,348.3074223305938,0.8892895299145299,0.1823792790750396,0.19875602068567266,130321.66950660152,1078.4009559327867,131400.07046253432,189,1,80.45,35,5,22,35.84268495428097,0.6255952380952381,44.7337962962963,1021.064814814815,29.173280423280428,0
191,4,0,0,39,0.0,0.0,1.0,39,1150,900,250,0.782608695652174,14,9,5,357.6842982090792,0.8865834457939722,0.19696493982208252,0.20379686758424304,130262.58680555566,1518.5763888888978,131781.16319444455,190,2,83.25641025641026,34,5,22,35.663265306122454,0.6271446078431373,44.79166666666667,1020.8333333333343,30.024509803921596,0
192,4,0,1,38,0.0,0.02564102564102564,0.9743589743589743,39,1250,900,350,0.72,16,9,7,357.31168598301497,0.8860773729194782,0.19266630805092344,0.20438228438228453,130414.54081632654,1519.7278911564692,131934.26870748302,191,3,84.25641025641026,34,5,22,35.518648018648044,0.6286764705882353,44.642857142857146,1021.4285714285714,30.04201680672269,0
193,4,0,0,38,0.0,0.0,1.0,38,1350,900,450,0.6666666666666666,18,9,9,365.50524462291617,0.8863205310573732,0.20295385819712952,0.20943073707362578,130481.607509732,1938.342374327198,132419.9498840592,192,4,86.94736842105263,33,5,22,35.24136879772899,0.6316287878787878,44.57720588235295,1021.6911764705895,30.960338680926956,0
194,4,1,0,39,0.02564102564102564,0.0,1.0,39,700,300,400,0.42857142857142855,11,3,8,358.71539421332466,0.8853463787674314,0.20068316403394948,0.20762012210528785,130870.93431122445,1589.0837585033978,132460.01806972784,193,0,85.6923076923077,34,5,18,35.02036067481094,0.6332720588235294,44.19642857142857,1023.2142857142853,30.09453781512604,0
195,4,0,1,38,0.0,0.02564102564102564,0.9743589743589743,39,1600,1100,500,0.6875,21,11,10,359.4653214629475,0.8834907782276203,0.20510434468792038,0.2083832345662144,130931.84700963715,1613.0916950113328,132544.9387046485,194,1,86.6923076923077,34,5,18,34.93951378387809,0.6338848039215687,44.13690476190476,1023.4523809523806,30.10154061624649,0
196,4,1,0,39,0.02564102564102564,0.0,1.0,39,1250,900,350,0.72,16,9,7,358.6338595500432,0.880791722896986,0.2004315226072546,0.209057298615757,131145.15306122453,1606.6184807256286,132751.77154195015,195,0,87.51282051282051,34,5,19,34.74498295366496,0.6360294117647058,43.92857142857143,1024.2857142857147,30.126050420168077,0
197,4,0,0,39,0.0,0.0,1.0,39,1250,1000,250,0.8,15,10,5,359.7408954754633,0.8798358074673864,0.20259031550853157,0.21037021931065136,131267.12018140592,1644.4302721088447,132911.55045351476,196,1,88.51282051282051,34,5,20,34.59330467781908,0.6372549019607843,43.80952380952381,1024.7619047619048,30.140056022408967,0
198,4,0,1,38,0.0,0.02564102564102564,0.9743589743589743,39,1400,1100,300,0.7857142857142857,17,11,6,367.29714681056157,0.8780926675663518,0.2082901616111088,0.21547432073110084,131389.14399092997,1851.771541950141,133240.9155328801,197,2,89.51282051282051,34,5,20,34.27630051091499,0.6384803921568626,43.690476190476204,1025.2380952380972,30.15406162464992,0
199,4,1,1,38,0.02564102564102564,0.02564102564102564,0.9743589743589743,39,650,300,350,0.46153846153846156,10,3,7,365.7787504939415,0.8757309941520468,0.207770260218624,0.2156143140736518,131572.28599773248,1825.2692743764264,133397.5552721089,198,0,89.7948717948718,34,5,16,34.13011526262861,0.6403186274509803,43.511904761904766,1025.9523809523814,30.17507002801122,0
200,4,1,0,39,0.02564102564102564,0.0,1.0,39,1000,700,300,0.7,13,7,6,367.32136037985197,0.8774179037336932,0.21408561283300354,0.21721843410117178,131694.45153061225,1874.8370181405965,133569.28854875284,199,0,90.76923076923077,34,5,17,33.96712866310988,0.6415441176470588,43.392857142857146,1026.4285714285716,30.189075630252105,0
201,4,0,0,39,0.0,0.0,1.0,39,600,400,200,0.6666666666666666,8,4,4,368.74707991617015,0.8778677462887989,0.1833376580381345,0.21376390060952896,130931.84700963719,1879.9851190476138,132811.8321286848,200,1,91.76923076923077,34,5,20,34.70202783916869,0.6338848039215687,44.13690476190476,1023.452380952381,30.1015406162465,5
202,4,0,0,39,0.0,0.0,1.0,39,1050,900,150,0.8571428571428571,12,9,3,365.3190914007573,0.8782613585245165,0.17814549791294043,0.21228001257071033,131023.2426303855,1773.0583900226836,132796.3010204082,201,2,92.76923076923077,34,5,20,34.69718992248063,0.6348039215686274,44.04761904761905,1023.8095238095239,30.11204481792717,0
203,4,1,0,40,0.025,0.0,1.0,40,900,500,400,0.5555555555555556,13,5,8,357.8825160550016,0.8814636752136752,0.1784420939404805,0.21013354468997872,131422.35145436839,1407.4609776508457,132829.81243201924,202,0,91.425,33,7,22,34.484059400023895,0.6410984848484849,43.65808823529411,1025.3676470588225,31.07174688057038,0
204,4,1,0,41,0.024390243902439025,0.0,1.0,41,750,600,150,0.8,9,6,3,350.7956956715701,0.8853150406504064,0.1791069261730538,0.20761230499491726,131725.00177154178,1041.7127267573464,132766.71449829912,203,0,90.17073170731707,34,7,20,34.36038308400014,0.6418504901960785,43.36309523809523,1026.5476190476177,30.192577030812284,0
205,4,0,0,41,0.0,0.0,1.0,41,750,400,350,0.5333333333333333,11,4,7,346.9745595210916,0.8842987804878049,0.1726318051494915,0.20584611763610275,131816.67375283426,947.4064625850086,132764.08021541926,204,1,91.17073170731707,34,7,20,34.3660638380091,0.6427696078431373,43.27380952380951,1026.9047619047603,30.203081232492952,0
206,4,0,1,40,0.0,0.024390243902439025,0.975609756097561,41,1200,800,400,0.6666666666666666,16,8,8,345.0744500080232,0.884349593495935,0.16850541730569435,0.2049659082577773,131862.52170138864,900.4774305555208,132762.99913194418,205,2,92.17073170731707,35,6,20,34.368661257606476,0.6410714285714287,43.22916666666665,1027.0833333333312,29.345238095238035,0
207,4,1,1,40,0.024390243902439025,0.024390243902439025,0.975609756097561,41,1000,700,300,0.7,13,7,6,342.35943717596945,0.8860264227642276,0.16420323510784152,0.20436328208666263,132050.54029959007,841.7497311500604,132892.2900307401,206,0,92.41463414634147,36,5,20,34.24911434936634,0.6409143518518519,43.04617117117117,1027.8153153153148,28.550425425425413,0
208,4,0,1,39,0.0,0.025,0.975,40,850,500,350,0.5882352941176471,12,5,7,353.6157779401025,0.8803952991452991,0.17804054054054075,0.21102877070619008,132040.89506172828,1338.3487654320872,133379.24382716036,207,4,95.725,35,5,21,33.9695945945946,0.6428571428571429,43.05555555555555,1027.777777777777,29.36507936507934,0
209,4,0,1,38,0.0,0.02564102564102564,0.9743589743589743,39,1150,900,250,0.782608695652174,14,9,5,362.6963528288639,0.8758434547908233,0.1740499747452242,0.2158668637871099,131938.95266439897,1770.755385487514,133709.70804988648,208,5,98.97435897435898,34,5,21,33.83907879490151,0.6439950980392157,43.1547619047619,1027.3809523809514,30.217086834733863,0
210,4,0,0,38,0.0,0.0,1.0,38,1350,800,550,0.5925925925925926,19,8,11,366.16519088401765,0.8760372214319583,0.1440202916930875,0.20369779385639056,129326.01042868133,1872.5310467324196,131198.54147541375,209,6,97.84210526315789,33,5,20,36.39959839357429,0.619949494949495,45.71078431372549,1017.1568627450985,30.822935234699955,5
211,4,3,3,38,0.07317073170731707,0.07317073170731707,0.926829268292683,41,1250,800,450,0.64,17,8,9,343.1963990307141,0.8809451219512195,0.1349997247150796,0.19456161488011808,130066.77685682157,727.6898901585356,130794.4667469801,210,0,91.60975609756098,37,4,18,36.23147998853417,0.6190878378378377,44.98355263157896,1020.0657894736861,27.569345661450974,0
212,4,0,1,37,0.0,0.02631578947368421,0.9736842105263158,38,1300,1000,300,0.7692307692307693,16,10,6,366.7029592022067,0.8730144618302513,0.15609852119780498,0.2058733936308452,129685.96938775519,1911.2457482993282,131597.21513605452,211,1,99.44736842105263,34,4,19,36.01931393174381,0.6213235294117647,45.35714285714286,1018.5714285714292,29.95798319327733,0
213,4,2,1,38,0.05128205128205128,0.02564102564102564,0.9743589743589743,39,700,400,300,0.5714285714285714,10,4,6,367.0177278046104,0.8792172739541161,0.13963870960019853,0.20813864391513617,130080.3589143991,1750.9176587301577,131831.27657312926,212,0,97.61538461538461,34,5,18,35.61019372155444,0.6253063725490196,44.970238095238095,1020.1190476190477,30.003501400560225,3
214,4,0,1,37,0.0,0.02631578947368421,0.9736842105263158,38,1200,700,500,0.5833333333333334,17,7,10,377.9611793307821,0.8745258416311048,0.15453648540963028,0.21397230846195728,130012.50270328738,2227.9357698962117,132240.43847318357,213,1,101.1842105263158,33,5,19,35.400144196106694,0.6268939393939392,45.03676470588236,1019.8529411764721,30.904634581105213,0
215,4,0,1,36,0.0,0.02702702702702703,0.972972972972973,37,1150,600,550,0.5217391304347826,17,6,11,380.5674239547469,0.8722472472472472,0.13964721387253198,0.21613945237702778,130137.5147178972,2505.219747212639,132642.73446510982,214,2,99.45945945945945,33,4,20,35.206481703899435,0.6281565656565655,44.914215686274524,1020.3431372549039,30.919489007724362,0
216,4,0,0,36,0.0,0.0,1.0,36,850,800,50,0.9411764705882353,9,8,1,389.61216144541254,0.8728835978835979,0.15260598054521446,0.22145395688436534,130168.77710796338,2943.0677203479563,133111.84482831132,215,3,102.63888888888889,33,3,21,34.94393238861535,0.6284722222222221,44.883578431372555,1020.4656862745105,30.923202614379107,0
217,4,1,0,37,0.02702702702702703,0.0,1.0,37,650,300,350,0.46153846153846156,10,3,7,377.2774120843124,0.872997997997998,0.15204205688634742,0.2162130891350044,130488.24737271733,2446.1212374192246,132934.36861013656,216,0,100.83783783783784,32,5,18,34.93393681001814,0.6341145833333331,44.57070707070709,1021.7171717171739,31.928661616161683,0
218,4,1,2,36,0.02631578947368421,0.05263157894736842,0.9473684210526316,38,1050,900,150,0.8571428571428571,12,9,3,364.86872960665465,0.8768669985775249,0.13953356445004683,0.21127974287209222,130888.84833958106,1951.4495626682217,132840.2979022493,217,0,99.15789473684211,33,5,19,34.84481037924152,0.6357323232323231,44.17892156862746,1023.2843137254913,31.00861556743913,0
219,4,1,2,35,0.02702702702702703,0.05405405405405406,0.9459459459459459,37,800,500,300,0.625,11,5,6,362.7013624836213,0.8731856856856857,0.134856906223916,0.21070981795467136,131014.28086553258,2103.811634948109,133118.09250048068,218,0,99.21621621621621,33,4,19,34.773262309472514,0.6369949494949494,44.05637254901961,1023.7745098039223,31.023469994058253,0
220,4,1,2,34,0.027777777777777776,0.05555555555555555,0.9444444444444444,36,1150,700,450,0.6086956521739131,16,7,9,366.702896690867,0.8686507936507937,0.1603080494384841,0.2146169299535776,131298.46810967516,2429.505717378269,133727.9738270534,219,0,101.22222222222223,35,1,20,34.3832345191041,0.6354166666666665,43.77893518518519,1024.88425925926,29.28240740740743,0
221,4,0,0,34,0.0,0.0,1.0,34,950,600,350,0.631578947368421,13,6,7,393.9235973295118,0.8588829471182413,0.0799040960503683,0.21546467696001545,128656.40503838893,3336.1621274207437,131992.56716580968,220,1,107.5,32,2,19,36.37886330636799,0.6155598958333334,46.369949494949495,1014.5202020202019,31.703756313131308,8
222,4,2,0,36,0.05555555555555555,0.0,1.0,36,1150,700,450,0.6086956521739131,16,7,9,375.7952776000837,0.8679232804232805,0.07783175309219992,0.20887567056197248,129292.1786422903,2517.4780328798215,131809.65667517012,221,0,102.47222222222223,34,2,21,36.18922899840024,0.6173406862745099,45.74404761904762,1017.0238095238099,29.912464985994408,0
223,4,0,0,36,0.0,0.0,1.0,36,1200,700,500,0.5833333333333334,17,7,10,381.6695735439965,0.8687169312169313,0.07638076673164407,0.21328593815693925,129504.14540816336,2685.558390022689,132189.70379818603,222,1,103.47222222222223,34,2,18,35.82358674463938,0.619485294117647,45.53571428571429,1017.8571428571436,29.936974789915986,0
224,4,0,1,35,0.0,0.027777777777777776,0.9722222222222222,36,1200,900,300,0.75,15,9,6,380.4891578916087,0.866468253968254,0.0735924410676021,0.21344818005001398,129655.65653344676,2666.514314058967,132322.17084750574,223,2,104.47222222222223,34,2,19,35.69915254237288,0.621017156862745,45.386904761904766,1018.4523809523813,29.954481792717097,0
225,4,1,1,35,0.027777777777777776,0.027777777777777776,0.9722222222222222,36,1100,800,300,0.7272727272727273,14,8,6,380.01577908375896,0.8647156084656086,0.0708419357770762,0.21351247679709306,129716.28578514748,2658.8470804988733,132375.13286564636,224,0,105.38888888888889,34,2,19,35.64941957851271,0.6216299019607843,45.327380952380956,1018.6904761904769,29.961484593837557,0
226,4,1,0,36,0.027777777777777776,0.0,1.0,36,1350,1100,250,0.8148148148148148,16,11,5,378.0677329565294,0.8607473544973545,0.0877495039103533,0.21407179565357504,130019.64462868495,2631.2464569161148,132650.89108560106,225,0,106.36111111111111,34,2,20,35.390159915956566,0.6246936274509803,45.02976190476191,1019.8809523809537,29.996498599439814,0
227,4,1,1,36,0.02702702702702703,0.02702702702702703,0.972972972972973,37,1550,1200,350,0.7741935483870968,19,12,7,363.99556990052395,0.8651151151151151,0.07988736901451055,0.20836864478428282,130444.94224773257,2096.502976190496,132541.44522392307,226,0,104.45945945945945,34,3,20,35.31712504370122,0.6289828431372548,44.61309523809525,1021.5476190476202,30.045518207282946,0
228,4,0,0,36,0.0,0.0,1.0,36,900,700,200,0.7777777777777778,11,7,4,370.99340687896074,0.8574074074074075,0.07961318452738131,0.2118908882469077,130356.43029423794,2472.2752366878317,132828.70553092577,227,2,108.36111111111111,33,3,21,35.22828413136525,0.6303661616161615,44.699754901960794,1021.2009803921582,30.94548425430782,0
229,4,2,2,36,0.05263157894736842,0.05263157894736842,0.9473684210526316,38,1100,800,300,0.7272727272727273,14,8,6,351.4833848610795,0.8661391654812708,0.06930221481305043,0.203345099618583,130854.01663237334,1598.6025377229334,132452.61917009627,228,0,103.60526315789474,35,3,19,35.22247360482653,0.6309523809523808,44.212962962962976,1023.1481481481501,29.232804232804288,0
230,4,0,0,36,0.0,0.0,1.0,36,500,400,100,0.8,6,4,2,368.765427076836,0.8565806878306879,0.07727006209855802,0.21146947255616647,130512.91120001933,2425.729887543267,132938.6410875626,229,4,110.36111111111111,33,3,19,35.12632925561687,0.6319444444444444,44.54656862745099,1021.8137254901969,30.964052287581726,0
231,4,2,1,37,0.05263157894736842,0.02631578947368421,0.9736842105263158,38,1200,1000,200,0.8333333333333334,14,10,4,349.9884610090766,0.8678283546704599,0.06577608823686809,0.20357316992421465,131061.33355034744,1573.9908854166897,132635.32443576414,230,0,105.5,35,3,20,35.05107663614785,0.6330357142857141,44.01041666666668,1023.9583333333351,29.25595238095243,0
232,4,0,0,37,0.0,0.0,1.0,37,1000,600,400,0.6,14,6,8,359.0251487290426,0.8606106106106106,0.07489000628535503,0.20862272155876818,131023.24263038565,2008.1278344671396,133031.37046485278,231,1,109.35135135135135,34,3,21,34.85828488372093,0.6348039215686274,44.04761904761906,1023.8095238095251,30.11204481792721,0
233,4,0,0,37,0.0,0.0,1.0,37,1050,700,350,0.6666666666666666,14,7,7,357.86552670463936,0.859984984984985,0.07071459321197682,0.20811368459679555,131053.71492346957,1979.9213435374334,133033.636267007,232,2,110.35135135135135,34,3,21,34.85713870480177,0.635110294117647,44.01785714285715,1023.9285714285729,30.115546218487438,0
234,4,0,0,37,0.0,0.0,1.0,37,1050,700,350,0.6666666666666666,14,7,7,359.67665879165656,0.859984984984985,0.0733581756599655,0.20933278883124723,131084.19075963736,2029.5847505669112,133113.7755102043,233,3,111.35135135135135,34,3,21,34.77994458653026,0.6354166666666665,43.98809523809525,1024.0476190476204,30.11904761904766,0
235,4,0,0,37,0.0,0.0,1.0,37,550,200,350,0.36363636363636365,9,2,7,366.3835464053766,0.859984984984985,0.08489471066158205,0.205932820910608,129731.44531249985,2106.5201601473773,131837.96547264722,234,4,112.35135135135135,33,4,19,35.98116905248807,0.6240530303030304,45.31249999999999,1018.7499999999989,30.871212121212086,3
236,4,1,1,37,0.02631578947368421,0.02631578947368421,0.9736842105263158,38,1100,900,200,0.8181818181818182,13,9,4,358.529304968175,0.8654575628259839,0.07851737186102525,0.2031666061486323,130049.99999999985,1725.3472222222083,131775.34722222207,235,0,110.36842105263158,34,4,19,35.85750272331156,0.625,44.99999999999999,1019.9999999999989,29.999999999999968,0
237,4,0,1,36,0.0,0.02702702702702703,0.972972972972973,37,950,700,250,0.7368421052631579,12,7,5,366.3682832308383,0.858546046046046,0.08201609744386773,0.20568550074298209,129685.9693877549,2102.565192743744,131788.53458049864,236,6,114.35135135135135,34,3,19,36.02783621630046,0.6213235294117647,45.35714285714285,1018.5714285714268,29.95798319327726,2
238,4,0,1,35,0.0,0.027777777777777776,0.9722222222222222,36,1100,600,500,0.5454545454545454,16,6,10,372.74016083907304,0.8554232804232805,0.10196546239491022,0.20950567660954786,129731.4453124999,2471.2239583333194,132202.66927083323,237,7,117.97222222222223,33,3,19,35.81927402862984,0.6240530303030304,45.31249999999999,1018.7499999999992,30.871212121212096,0
239,4,0,1,34,0.0,0.02857142857142857,0.9714285714285714,35,850,700,150,0.8235294117647058,10,7,3,382.64565378402153,0.8514005602240896,0.10923390310867065,0.2144570672528238,129618.91842987963,2919.623157075812,132538.54158695546,238,8,122.0,32,3,19,35.6817007646208,0.6253255208333334,45.4229797979798,1018.3080808080811,31.822127525252533,0
240,4,2,2,34,0.05555555555555555,0.05555555555555555,0.9444444444444444,36,1050,700,350,0.6666666666666666,14,7,7,371.27325690305963,0.8590608465608466,0.08666253018961112,0.2110301986506331,130168.77710796313,2465.637164792371,132634.4142727555,234,0,112.94444444444444,33,3,21,35.411787958848734,0.6284722222222223,44.88357843137254,1020.4656862745086,30.923202614379047,0
241,4,1,0,35,0.02857142857142857,0.0,1.0,35,950,400,550,0.42105263157894735,15,4,11,380.60942648825744,0.8611344537815125,0.10266774176945881,0.21633683920598765,130168.77710796328,2908.692720347941,133077.4698283112,235,0,116.57142857142857,33,2,22,35.17360694127536,0.6284722222222222,44.88357843137255,1020.4656862745097,30.923202614379083,0
242,4,2,2,35,0.05405405405405406,0.05405405405405406,0.9459459459459459,37,800,400,400,0.5,12,4,8,359.67317482114925,0.8646771771771772,0.1029430268257081,0.20768225255801842,130779.5918367347,2007.6159906364487,132787.20782737117,236,0,111.21621621621621,34,3,20,35.08835738671632,0.6323529411764706,44.285714285714285,1022.8571428571429,30.084033613445378,0
243,4,1,1,35,0.027777777777777776,0.027777777777777776,0.9722222222222222,36,1050,800,250,0.7619047619047619,13,8,5,369.3779269208273,0.8628968253968254,0.11060194614166075,0.21337007308014858,130794.8133680556,2462.5434027777824,133257.3567708334,237,0,113.63888888888889,33,3,21,34.82476238968091,0.6347853535353535,44.270833333333336,1022.9166666666671,30.99747474747476,0
244,4,0,0,35,0.0,0.0,1.0,35,800,400,400,0.5,12,4,8,377.6775146748128,0.8642156862745097,0.12195930458087934,0.21825557945045193,130810.95838434865,2880.871530966243,133691.82991531488,238,1,116.05714285714286,32,3,21,34.596138813461685,0.6373697916666665,44.25505050505051,1022.979797979799,31.968118686868717,0
245,4,0,0,35,0.0,0.0,1.0,35,850,600,250,0.7058823529411765,11,6,5,377.83189221268634,0.8635154061624649,0.1233253419827951,0.21871068960654358,130875.54841342727,2889.791220283655,133765.33963371092,239,2,117.05714285714286,32,3,21,34.52667407041792,0.6380208333333333,44.1919191919192,1023.2323232323238,31.976010101010118,0
246,4,0,1,34,0.0,0.02857142857142857,0.9714285714285714,35,1100,600,500,0.5454545454545454,16,6,10,376.389989068313,0.863095238095238,0.123001585344372,0.21897581143070455,131069.41415416804,2866.643072135511,133936.05722630356,240,3,118.05714285714286,32,3,24,34.367036580353485,0.6399739583333333,44.00252525252526,1023.9898989898998,31.999684343434367,0
247,4,1,0,35,0.02857142857142857,0.0,1.0,35,950,600,350,0.631578947368421,13,6,7,369.1027758716026,0.8648459383753501,0.1225876807260704,0.21692132746954812,131457.5760764207,2704.271247831845,134161.84732425254,241,0,117.05714285714286,32,3,26,34.160818353443325,0.6438802083333334,43.62373737373737,1025.50505050505,32.04703282828281,0
248,4,0,0,35,0.0,0.0,1.0,35,850,700,150,0.8235294117647058,10,7,3,366.9030999513024,0.8637254901960784,0.11672585352132492,0.2163610007405139,131587.0909218446,2655.942314559724,134243.0332364043,242,1,118.05714285714286,32,3,18,34.086317581425874,0.6451822916666667,43.49747474747474,1026.0101010101,32.062815656565625,0
249,4,0,1,34,0.0,0.02857142857142857,0.9714285714285714,35,900,600,300,0.6666666666666666,12,6,6,368.36159019704434,0.8630252100840335,0.12294606611250702,0.21777537212449236,131684.26890432078,2701.4853395061455,134385.75424382693,243,2,119.05714285714286,32,3,19,33.95072169598556,0.6461588541666667,43.402777777777764,1026.3888888888873,32.07465277777773,0
250,4,0,0,34,0.0,0.0,1.0,34,1100,900,200,0.8181818181818182,13,9,4,380.015889845269,0.8581030897207368,0.12963350081751202,0.22394504084449302,131561.79004245324,3199.1141425238534,134760.9041849771,244,7,123.5,31,3,20,33.775569023141685,0.6475134408602152,43.52213541666666,1025.9114583333323,33.09391801075266,0
251,4,1,1,34,0.02857142857142857,0.02857142857142857,0.9714285714285714,35,850,500,350,0.5882352941176471,12,5,7,367.44807302407764,0.8607142857142857,0.1246944795617364,0.21853490658800387,131911.15702479324,2694.1000918273467,134605.25711662057,245,0,120.94285714285714,32,3,21,33.745083579154375,0.6484375,43.18181818181817,1027.2727272727261,32.10227272727269,0
252,4,0,0,34,0.0,0.0,1.0,34,1050,800,250,0.7619047619047619,13,8,5,378.805522129662,0.8582516339869282,0.1316798305476623,0.22480354800877664,131829.0901184081,3187.517462836359,135016.60758124443,246,9,125.5,31,3,22,33.53633088204218,0.650201612903226,43.26171874999999,1026.953124999999,33.12752016129029,0
253,4,0,0,34,0.0,0.0,1.0,34,650,500,150,0.7692307692307693,8,5,3,379.79606795845143,0.8577317290552585,0.1333241371082594,0.22578833309150143,131895.95752292217,3218.7132093641553,135114.67073228632,247,10,126.5,31,3,22,33.44332298136645,0.6508736559139785,43.196614583333336,1027.2135416666672,33.13592069892475,0
254,4,0,0,34,0.0,0.0,1.0,34,1050,500,550,0.47619047619047616,16,5,11,379.01699580039633,0.8564691027926322,0.131840573553633,0.22612102402513423,132029.74319458,3208.303324381498,135238.0465189615,248,11,127.5,31,3,22,33.32818636766754,0.652217741935484,43.06640624999999,1027.7343749999993,33.15272177419352,0
255,4,1,1,34,0.02857142857142857,0.02857142857142857,0.9714285714285714,35,900,600,300,0.6666666666666666,12,6,6,390.26626609637464,0.863235294117647,0.14323499491352965,0.22700102933298016,131061.33355034732,3237.6005384657224,134298.93408881305,249,0,124.82857142857142,31,4,17,34.020006781959985,0.6424731182795698,44.01041666666667,1023.9583333333342,33.03091397849465,3
256,4,1,2,33,0.02857142857142857,0.05714285714285714,0.9428571428571428,35,1000,600,400,0.6,14,6,8,393.5870216300784,0.8591036414565826,0.14893447086585598,0.23012851859054353,131261.40170627166,3332.5568305121487,134593.95853678382,250,0,125.45714285714286,31,4,19,33.73199915290132,0.644489247311828,43.815104166666664,1024.739583333333,33.05611559139784,0
257,4,0,0,33,0.0,0.0,1.0,33,850,600,250,0.7058823529411765,11,6,5,413.4393998875321,0.853219696969697,0.16760438258809618,0.23948282219900432,130901.38888888886,4223.958333333328,135125.3472222222,251,2,133.6060606060606,29,4,20,33.58950868621064,0.646551724137931,44.166666666666664,1023.333333333333,35.28735632183907,0
258,4,1,0,34,0.029411764705882353,0.0,1.0,34,550,400,150,0.7272727272727273,7,4,3,411.3865875594074,0.8542038027332145,0.19347938362869743,0.2420424864815603,131500.39247673136,4019.499544745051,135519.8920214764,252,0,130.64705882352942,30,4,21,33.03329620407985,0.6496527777777779,43.581989247311824,1025.672043010752,34.189068100358405,0
259,4,0,0,34,0.0,0.0,1.0,34,500,200,300,0.4,8,2,6,409.09482967006437,0.8544637551990494,0.19405907016894886,0.24091139969459321,131534.8595213318,3962.0461903110013,135496.9057116428,253,1,131.64705882352942,30,4,21,33.057084206848366,0.6500000000000001,43.548387096774185,1025.806451612902,34.19354838709673,0
260,4,0,1,33,0.0,0.029411764705882353,0.9705882352941176,34,1150,800,350,0.6956521739130435,15,8,7,410.4183063661327,0.8543894830659537,0.19402364037047937,0.24212777054088536,131603.8071597872,4002.5223291709935,135606.32948895817,254,2,132.64705882352942,30,4,16,32.953180944895635,0.6506944444444445,43.48118279569892,1026.0752688172038,34.20250896057346,0
261,4,1,1,33,0.029411764705882353,0.029411764705882353,0.9705882352941176,34,1200,800,400,0.6666666666666666,16,8,8,406.21419368986597,0.853015448603684,0.18771173390822327,0.24095313973529311,131810.75846918713,3908.680194242098,135719.43866342923,255,0,133.02941176470588,30,4,16,32.851221640488646,0.6527777777777779,43.27956989247311,1026.881720430107,34.229390681003565,0
262,4,0,0,33,0.0,0.0,1.0,33,750,600,150,0.8,9,6,3,411.9409293028525,0.8472222222222223,0.1919588659572946,0.24390735023373533,131741.75663371477,4253.964331136529,135995.7209648513,256,4,138.06060606060606,30,3,17,32.774177358819934,0.6520833333333333,43.34677419354838,1026.6129032258054,34.220430107526845,0
263,4,1,0,34,0.029411764705882353,0.0,1.0,34,800,600,200,0.75,10,6,4,401.09393692702497,0.8493389780154487,0.18492293014519579,0.23908106874834423,131996.2904188366,3788.5823567708103,135784.87277560742,257,0,134.97058823529412,31,3,18,32.79481331305963,0.6518817204301077,43.09895833333332,1027.6041666666652,33.148521505376294,0
264,4,0,0,34,0.0,0.0,1.0,34,800,600,200,0.75,10,6,4,403.6091590827003,0.8487448009506834,0.18679115933173396,0.2410053480937091,132063.20020887573,3860.383436414912,135923.58364529064,258,1,135.97058823529412,31,3,18,32.66246516341526,0.6525537634408602,43.03385416666666,1027.8645833333321,33.15692204301072,0
265,4,0,1,33,0.0,0.029411764705882353,0.9705882352941176,34,900,700,200,0.7777777777777778,11,7,4,398.98359695127846,0.848596256684492,0.1764631403333683,0.23908743920494654,132197.0706515841,3748.892550998255,135945.96320258235,259,2,136.97058823529412,31,3,18,32.64592301848569,0.6538978494623657,42.90364583333333,1028.3854166666658,33.17372311827954,0
266,4,1,0,34,0.029411764705882353,0.0,1.0,34,950,800,150,0.8421052631578947,11,8,3,404.196292837227,0.8400549613784909,0.1997542620181234,0.24417536302311982,132501.77043588855,3911.4974688017164,136413.26790469026,260,0,137.64705882352942,30,4,19,32.20381853785901,0.6597222222222222,42.60752688172043,1029.5698924731184,34.31899641577061,0
267,4,0,0,34,0.0,0.0,1.0,34,850,500,350,0.5882352941176471,12,5,7,403.9192151349353,0.8398321449792039,0.20376341609470727,0.24445726906507687,132570.9709937565,3909.592510694876,136480.56350445136,261,1,138.64705882352942,30,4,19,32.14103149743322,0.6604166666666667,42.54032258064516,1029.8387096774193,34.32795698924731,0
268,4,0,0,34,0.0,0.0,1.0,34,500,300,200,0.6,7,3,4,404.90767506679276,0.838495246583482,0.2077704777109175,0.24550731184429594,132640.18961729683,3941.406159671646,136581.59577696846,262,2,139.64705882352942,30,4,17,32.04565718510786,0.6611111111111111,42.473118279569896,1030.1075268817208,34.336917562724025,0
269,4,0,2,32,0.0,0.058823529411764705,0.9411764705882353,34,950,700,250,0.7368421052631579,12,7,5,408.4319503248639,0.8371212121212122,0.2099716892104433,0.24833051254089877,132744.05142574303,4043.3823635680637,136787.4337893111,263,3,140.64705882352942,30,4,17,31.84997391417764,0.6621527777777777,42.372311827957,1030.5107526881734,34.35035842293912,0
270,4,0,0,32,0.0,0.0,1.0,32,950,700,250,0.7368421052631579,12,7,5,416.9166966945005,0.8282090053763441,0.2173513750337015,0.2530841289754343,132684.03742283967,4663.638117283969,137347.67554012363,264,4,145.96875,29,3,17,31.692055360834,0.6645114942528735,42.430555555555564,1030.277777777779,35.52681992337169,0
271,4,0,0,32,0.0,0.0,1.0,32,550,200,350,0.36363636363636365,9,2,7,418.6531030232606,0.8276209677419355,0.22031628940986225,0.25511028987180984,132827.17013888908,4721.701388888915,137548.87152777798,265,5,146.96875,29,3,17,31.50262732417138,0.6659482758620688,42.29166666666668,1030.8333333333348,35.54597701149431,0
272,4,0,0,32,0.0,0.0,1.0,32,900,400,500,0.4444444444444444,14,4,10,421.0590756045298,0.8268229166666667,0.2219065656565653,0.2573138795361019,132934.57031250023,4794.661458333363,137729.2317708336,266,6,147.96875,29,3,18,31.33207070707071,0.6670258620689654,42.187500000000014,1031.2500000000018,35.56034482758627,0
273,4,0,0,32,0.0,0.0,1.0,32,1200,1000,200,0.8333333333333334,14,10,4,421.72872500071765,0.8267389112903226,0.2199616316639741,0.258465426510341,133042.013888889,4821.527777777797,137863.5416666668,267,7,148.96875,29,3,18,31.2062466343565,0.668103448275862,42.08333333333334,1031.6666666666677,35.5747126436782,0
274,4,0,0,32,0.0,0.0,1.0,32,700,400,300,0.5714285714285714,10,4,6,424.1833605350246,0.8265709005376345,0.22648889636608271,0.2604696172541518,133113.6670524693,4892.920524691381,138006.58757716068,268,8,149.96875,29,3,18,31.070547330641535,0.6688218390804597,42.0138888888889,1031.944444444446,35.58429118773952,0
275,4,0,0,32,0.0,0.0,1.0,32,700,400,300,0.5714285714285714,10,4,6,421.31551106770803,0.826108870967742,0.22337239583333313,0.2592710837339745,133194.58896982323,4823.389264654893,138017.97823447813,269,9,150.96875,30,2,19,31.062825520833332,0.6666666666666665,41.93548387096775,1032.2580645161302,34.408602150537675,0
276,4,0,1,31,0.0,0.03125,0.96875,32,950,600,350,0.631578947368421,13,6,7,424.5048948772821,0.8245967741935485,0.23028670919031535,0.2617212361514672,133263.97018441444,4914.241530812824,138178.21171522725,270,10,151.96875,30,2,19,30.910461685325007,0.6673611111111111,41.86827956989248,1032.5268817204305,34.41756272401435,0
277,4,1,0,32,0.03125,0.0,1.0,32,1350,1100,250,0.8148148148148148,16,11,5,419.0623739920174,0.8213205645161291,0.22016015310233694,0.2613348774492934,133687.58680555562,4804.850091051009,138492.43689660664,271,0,148.71875,29,3,20,30.623824872414726,0.6745689655172413,41.45833333333334,1034.1666666666674,35.66091954022991,0
278,4,0,1,31,0.0,0.03125,0.96875,32,800,300,500,0.375,13,3,10,418.9529016553829,0.8218245967741936,0.21649237948167066,0.2615207257860551,133723.49778163582,4804.769483024698,138528.2672646605,272,1,149.71875,29,3,18,30.590478268654053,0.6749281609195401,41.423611111111114,1034.3055555555557,35.66570881226054,0
279,4,0,0,31,0.0,0.0,1.0,31,600,500,100,0.8333333333333334,7,5,2,430.7293932886176,0.8172043010752689,0.22914658476988925,0.2678563513147455,133583.59602077556,5307.676253468098,138891.27227424365,273,13,155.51612903225808,28,3,20,30.42709057215658,0.6767113095238095,41.55890804597701,1033.7643678160923,36.92015599343187,0
280,4,1,0,32,0.03125,0.0,1.0,32,900,400,500,0.4444444444444444,14,4,10,425.5938272083287,0.8243867607526882,0.23532317695053506,0.2433205525234791,130395.54172092027,4699.107530381963,135094.64925130224,274,0,151.625,31,1,20,33.794407615162335,0.6357526881720429,44.66145833333334,1021.3541666666678,32.94690860215057,6
281,4,1,0,33,0.030303030303030304,0.0,1.0,33,1200,900,300,0.75,15,9,6,398.60521226732806,0.8304924242424243,0.1760454370875575,0.2216018016384414,129300.69181654199,3773.1579250759733,133073.84974161797,275,0,148.0,31,2,21,35.600568642512705,0.6246639784946235,45.73567708333334,1017.0572916666675,32.80829973118282,5
282,4,3,0,36,0.08333333333333333,0.0,1.0,36,900,500,400,0.5555555555555556,13,5,8,371.34527280299847,0.8483796296296297,0.17585034013605427,0.21158044613194119,130262.58680555565,2478.043789333776,132740.63059488943,276,0,136.58333333333334,33,3,23,35.314625850340136,0.6294191919191918,44.79166666666667,1020.8333333333342,30.93434343434346,0
283,4,0,1,35,0.0,0.027777777777777776,0.9722222222222222,36,1000,800,200,0.8,12,8,4,369.8842288775379,0.8492724867724868,0.17650734789177314,0.21162400365058595,130423.7529971433,2448.337860932579,132872.09085807588,277,1,137.58333333333334,32,4,23,35.18824680675732,0.6334635416666665,44.633838383838395,1021.4646464646477,31.92077020202024,0
284,4,2,2,35,0.05405405405405406,0.05405405405405406,0.9459459459459459,37,800,600,200,0.75,10,6,4,351.04292147548773,0.8536661661661662,0.14156654910318567,0.20366174351189223,130962.30867346934,1794.678287981853,132756.98696145118,278,0,129.05405405405406,34,3,20,35.124205241529026,0.6341911764705883,44.107142857142854,1023.5714285714282,30.105042016806713,0
285,4,1,1,35,0.027777777777777776,0.027777777777777776,0.9722222222222222,36,1050,1000,50,0.9523809523809523,11,10,1,363.39601061323424,0.8499669312169312,0.14774557165861513,0.21025594543381101,130857.49959450695,2310.618662293352,133168.1182568003,279,0,133.55555555555554,33,3,20,34.91423623587655,0.6354166666666666,44.20955882352941,1023.1617647058827,31.004901960784323,0
286,4,0,0,35,0.0,0.0,1.0,35,1200,900,300,0.75,15,9,6,371.0371203039642,0.8440476190476189,0.15967413441955158,0.21432850125793698,130794.8133680556,2705.94618055556,133500.75954861115,280,2,138.37142857142857,33,2,20,34.78233197556007,0.6347853535353535,44.270833333333336,1022.9166666666671,30.99747474747476,0
287,4,0,0,35,0.0,0.0,1.0,35,650,400,250,0.6153846153846154,9,4,5,370.8700286920031,0.8444677871148458,0.15924430145800517,0.2144060248975654,130826.15460399861,2703.8999423298906,133530.0545463285,281,3,139.37142857142857,33,2,21,34.75483149656604,0.63510101010101,44.24019607843138,1023.0392156862757,31.001188354129567,0
288,4,1,0,36,0.027777777777777776,0.0,1.0,36,1100,600,500,0.5454545454545454,16,6,10,358.3029073435402,0.849702380952381,0.14861950513972833,0.20886437769538085,131145.15306122453,2197.937925170072,133343.09098639459,282,0,136.47222222222223,34,2,22,34.75345769409576,0.6360294117647058,43.92857142857143,1024.2857142857147,30.126050420168077,0
289,4,1,1,36,0.02702702702702703,0.02702702702702703,0.972972972972973,37,750,500,250,0.6666666666666666,10,5,5,353.1420734365761,0.852414914914915,0.14621518069793904,0.20733556090724123,131419.65880102038,1882.089710884351,133301.74851190473,283,0,133.75675675675674,34,3,22,34.6082955996749,0.6387867647058822,43.660714285714285,1025.3571428571427,30.157563025210077,0
290,4,0,0,36,0.0,0.0,1.0,36,1350,1100,250,0.8148148148148148,16,11,5,363.5213029709578,0.8475859788359789,0.15642016628151012,0.2132692300599602,131390.9388816801,2352.6810601691623,133743.61994184926,284,2,138.47222222222223,33,3,22,34.371264642601005,0.6407828282828283,43.68872549019608,1025.2450980392155,31.06803327391562,0
291,4,1,0,37,0.02702702702702703,0.0,1.0,37,950,600,350,0.631578947368421,13,6,7,355.0048707844364,0.8469719719719719,0.16672146599153925,0.21145942303246856,131969.53125,1969.9652777777776,133939.49652777778,285,0,135.7027027027027,34,3,19,34.005812381724795,0.6443014705882353,43.125,1027.5,30.220588235294116,0
292,4,0,2,35,0.0,0.05405405405405406,0.9459459459459459,37,1400,700,700,0.5,21,7,14,357.6636454100927,0.844532032032032,0.16689353472958923,0.21407767882238193,132153.0771683673,2053.2702664399053,134206.34743480722,286,1,136.7027027027027,34,3,19,33.752556829145924,0.646139705882353,42.94642857142857,1028.2142857142853,30.24159663865545,0
293,4,1,1,35,0.027777777777777776,0.027777777777777776,0.9722222222222222,36,1150,1000,150,0.8695652173913043,13,10,3,374.217519818152,0.8388227513227514,0.13963656459267937,0.20831848253069116,129352.72285997734,2526.679421768709,131879.40228174604,287,0,141.13888888888889,34,2,19,36.16759313438658,0.617953431372549,45.68452380952381,1017.2619047619048,29.919467787114847,8
294,4,2,1,36,0.05405405405405406,0.02702702702702703,0.972972972972973,37,1100,800,300,0.7272727272727273,14,8,6,362.44852110741414,0.8492867867867868,0.14944004778258901,0.20424402964023036,129831.8483179126,2011.4722830939172,131843.32060100653,288,0,137.97297297297297,36,1,17,35.97928176795581,0.6186342592592593,45.21396396396397,1019.144144144145,28.309559559559585,0
295,4,0,0,36,0.0,0.0,1.0,36,800,400,400,0.5,12,4,8,371.0641409993358,0.845436507936508,0.1576471701684654,0.20903517348043169,129819.89354263099,2434.301456404304,132254.1949990353,289,1,142.80555555555554,35,1,18,35.77193356047702,0.6205357142857144,45.225694444444436,1019.0972222222207,29.117063492063448,0
296,4,0,0,36,0.0,0.0,1.0,36,1800,1600,200,0.8888888888888888,20,16,4,372.15097032633946,0.8424272486772487,0.16386965351092964,0.2102808144711175,129937.87140185598,2471.3009848679526,132409.17238672395,290,2,143.80555555555554,35,1,18,35.62419589813448,0.6217261904761906,45.109953703703695,1019.560185185184,29.13029100529097,0
297,4,0,0,36,0.0,0.0,1.0,36,1150,900,250,0.782608695652174,14,9,5,373.4387654320987,0.8433862433862435,0.19459259259259243,0.20295585077831454,128401.20525931337,2389.9975144062964,130791.20277371966,291,3,144.80555555555554,36,0,18,37.15949074074073,0.6041666666666667,46.62162162162162,1013.5135135135135,28.153153153153156,2
298,4,3,1,38,0.07692307692307693,0.02564102564102564,0.9743589743589743,39,1150,900,250,0.782608695652174,14,9,5,351.40158699659975,0.8561628430049483,0.1898634370959098,0.19434659199199703,129095.50781249999,1272.873263888888,130368.38107638888,292,0,134.5897435897436,39,0,20,37.00970343036763,0.6057692307692308,45.9375,1016.2499999999999,26.057692307692303,0
299,4,0,0,38,0.0,0.0,1.0,38,600,300,300,0.5,9,3,6,358.5125243083528,0.8505512091038407,0.1989168156483334,0.19785813079791761,129011.37689248643,1650.4388788443039,130661.81577133073,293,1,139.1315789473684,38,0,20,36.914808777649256,0.6066337719298247,46.020299145299134,1015.9188034188015,26.734705353126355,0
300,4,0,0,38,0.0,0.0,1.0,38,1150,700,450,0.6086956521739131,16,7,9,355.9882925980448,0.8505215742057848,0.19119339560001825,0.19686980460422077,129092.79348381891,1591.1046278033236,130683.89811162223,294,2,140.1315789473684,38,0,20,36.895938463694996,0.6074561403508772,45.94017094017093,1016.2393162393145,26.743139901034592,0
301,4,0,0,38,0.0,0.0,1.0,38,1100,900,200,0.8181818181818182,13,9,4,355.8471883435183,0.8504623044096729,0.1946960424316606,0.19761993300996145,129258.63997443397,1599.3560349957702,130857.99600942974,295,3,141.1315789473684,36,2,21,36.730574012550754,0.6128472222222222,45.77702702702703,1016.8918918918926,28.246996996997016,0
302,4,0,0,38,0.0,0.0,1.0,38,1300,1100,200,0.8461538461538461,15,11,4,358.25528521364066,0.8501659554291133,0.20021793855764347,0.1992464123183253,129315.90374157949,1665.6211955198578,130981.52493709934,296,4,142.1315789473684,36,2,21,36.61103114850902,0.6134259259259258,45.72072072072073,1017.1171171171177,28.25325325325327,0
303,4,1,1,38,0.02564102564102564,0.02564102564102564,0.9743589743589743,39,1400,1000,400,0.7142857142857143,18,10,8,352.6599929417543,0.8575123706702654,0.19458459329218636,0.19737480617626224,129563.94184989615,1338.403763658052,130902.3456135542,297,0,139.46153846153845,37,2,19,36.500964817806505,0.6140202702702702,45.47697368421053,1018.092105263158,27.51600284495022,0
304,4,2,1,39,0.05,0.025,0.975,40,950,700,250,0.7368421052631579,12,7,5,345.9451031635844,0.8590277777777777,0.19638964577656703,0.19532592747851596,129908.3719135802,988.2330246913514,130896.60493827154,298,0,136.925,38,2,20,36.32209355131699,0.6156798245614035,45.138888888888886,1019.444444444444,26.827485380116947,0
305,4,0,0,39,0.0,0.0,1.0,39,1450,1100,350,0.7586206896551724,18,11,7,350.00921915071854,0.853744939271255,0.20371059867671693,0.19757351004518703,129899.05698147502,1293.1735005001517,131192.23048197516,299,1,141.43589743589743,37,2,20,36.22797228496649,0.6173986486486487,45.14802631578947,1019.4078947368417,27.551564722617343,0
306,4,0,1,38,0.0,0.02564102564102564,0.9743589743589743,39,1300,1000,300,0.7692307692307693,16,10,6,350.92343318201836,0.8535762483130904,0.20178640985346052,0.1985515216195831,129990.07100820012,1323.3123995543958,131313.3834077545,300,2,142.43589743589743,38,1,20,36.11227518770734,0.6165021929824561,45.05876068376069,1019.7649572649581,26.835919928025213,0
307,4,0,0,38,0.0,0.0,1.0,38,1000,800,200,0.8,12,8,4,355.7432330361427,0.8514698909435752,0.21028291313355374,0.2009538627442321,129927.00277970171,1644.1304055094156,131571.13318521113,301,3,146.97368421052633,37,1,21,36.05345235534524,0.6176801801801801,45.12061403508773,1019.5175438596513,27.55452821242301,0
308,4,0,1,37,0.0,0.02631578947368421,0.9736842105263158,38,900,800,100,0.8888888888888888,10,8,2,356.210108319797,0.8517069701280228,0.20981354935058993,0.20208407608581685,130094.74068944313,1668.2123345645075,131762.95302400764,302,4,147.97368421052633,37,1,21,35.87122026368587,0.6193693693693693,44.956140350877206,1020.1754385964931,27.57230915125657,0
309,4,0,0,37,0.0,0.0,1.0,37,750,500,250,0.6666666666666666,10,5,5,359.90320948706756,0.8524774774774775,0.21227210210541658,0.20415548996514418,130090.20580969518,1963.9765187485173,132054.18232844368,303,5,149.45945945945945,36,1,21,35.78163520624058,0.6212384259259258,44.960585585585605,1020.1576576576605,28.33771271271279,0
310,4,1,1,37,0.02631578947368421,0.02631578947368421,0.9736842105263158,38,850,500,350,0.5882352941176471,12,5,7,354.1675408943845,0.8574561403508772,0.21025938403195799,0.2021087823187716,130323.35778061232,1631.6030324657347,131954.96081307807,304,0,146.5,34,4,21,35.69138393377638,0.6277573529411764,44.73214285714286,1021.0714285714292,30.031512605042035,0
311,4,2,1,38,0.05128205128205128,0.02564102564102564,0.9743589743589743,39,1100,800,300,0.7272727272727273,14,8,6,346.24482230824884,0.8636414754835808,0.21143180531975103,0.19954814123244474,130706.03358892743,1251.2574749228336,131957.29106385025,305,0,143.69230769230768,35,4,18,35.50615449915109,0.6294642857142857,44.357638888888886,1022.5694444444441,29.21626984126983,0
312,4,0,0,38,0.0,0.0,1.0,38,1050,800,250,0.7619047619047619,13,8,5,354.4792651228732,0.8584044570886676,0.21774885583524006,0.20382557744565213,130617.28395061727,1660.2237654320954,132277.50771604938,306,1,148.47368421052633,35,3,18,35.385529891304344,0.6285714285714286,44.44444444444444,1022.2222222222222,29.206349206349206,0
313,4,0,0,38,0.0,0.0,1.0,38,1450,1100,350,0.7586206896551724,18,11,7,355.32458894058846,0.8583451872925557,0.22262659511584526,0.20502273931120876,130751.6194403864,1691.8530861943152,132443.47252658074,307,2,149.47368421052633,36,2,19,35.22787748660355,0.6278935185185185,44.31306306306307,1022.7477477477483,28.409659659659678,0
314,4,0,0,38,0.0,0.0,1.0,38,900,600,300,0.6666666666666666,12,6,6,355.6066218407918,0.8586415362731152,0.22194233036766975,0.20541511920450464,130794.81336805577,1702.300347222242,132497.113715278,308,3,150.47368421052633,37,1,19,35.17693482688391,0.6264076576576575,44.27083333333334,1022.9166666666683,27.64639639639644,0
315,4,1,0,39,0.02564102564102564,0.0,1.0,39,1000,700,300,0.7,13,7,6,347.1531993008961,0.861842105263158,0.2227976437271657,0.20234483750597046,131141.34250217056,1305.2273220486509,132446.56982421922,309,0,147.5897435897436,39,0,20,35.0428192481101,0.62633547008547,43.932291666666686,1024.2708333333367,26.263354700854787,0
316,4,0,0,39,0.0,0.0,1.0,39,1100,700,400,0.6363636363636364,15,7,8,352.39001362896374,0.860548807917229,0.22856904516115506,0.20582590107211965,131221.37586805582,1448.2204861111363,132669.59635416695,310,1,148.5897435897436,39,0,20,34.8278432967331,0.6271367521367521,43.85416666666668,1024.5833333333355,26.271367521367576,0
317,4,0,0,39,0.0,0.0,1.0,39,1500,1100,400,0.7333333333333333,19,11,8,348.82827428419984,0.8584120557804769,0.2245991780980492,0.20494817706618115,131446.78605109747,1370.6447187928684,132817.43076989034,311,2,149.5897435897436,35,4,21,34.691497366440935,0.6369047619047619,43.63425925925926,1025.4629629629635,29.298941798941815,0
318,4,1,1,39,0.025,0.025,0.975,40,700,400,300,0.5714285714285714,10,4,6,341.7328813107679,0.8602029914529915,0.22178038613426931,0.20228811337850391,131732.4334469605,1003.4608087817583,132735.89425574226,312,0,146.825,36,4,18,34.5854815708644,0.6377314814814814,43.35585585585586,1026.5765765765768,28.516016016016025,0
319,4,1,0,40,0.025,0.0,1.0,40,900,700,200,0.7777777777777778,11,7,4,340.32346491228105,0.8601495726495727,0.22387609649122897,0.20206705729166685,131848.06428049665,974.1980155831495,132822.2622960798,313,0,147.8,36,4,19,34.50520833333334,0.6388888888888888,43.24324324324324,1027.0270270270264,28.52852852852851,0
320,4,0,0,40,0.0,0.0,1.0,40,1000,700,300,0.7,13,7,6,340.1391165291715,0.8598290598290599,0.22377267876200668,0.2024843406530071,131946.99931709736,976.0671552785203,132923.06647237588,314,1,148.8,37,3,19,34.41035218783351,0.6379504504504505,43.14692982456139,1027.4122807017527,27.76789947842575,0
321,4,0,0,40,0.0,0.0,1.0,40,950,400,550,0.42105263157894735,15,4,11,342.28001144956386,0.8592681623931624,0.222140723354316,0.20421327481328821,132031.5039843989,1038.3489390966242,133069.85292349552,315,2,149.8,37,3,19,34.27031099967992,0.638795045045045,43.06469298245613,1027.7412280701742,27.776789947842545,0
322,4,0,1,39,0.0,0.025,0.975,40,1100,800,300,0.7272727272727273,14,8,6,341.682482789851,0.8590277777777777,0.22088569112282141,0.20409943947761783,132076.58420138867,1025.651041666644,133102.23524305533,316,3,150.8,39,1,19,34.24030536413997,0.6356837606837609,43.02083333333332,1027.916666666665,26.356837606837562,0
323,4,0,0,39,0.0,0.0,1.0,39,850,600,250,0.7058823529411765,11,6,5,348.34655773378324,0.8514957264957266,0.2237403472844417,0.20728344673069626,131931.11257213785,1391.5497844984657,133322.6623566363,317,4,155.3846153846154,38,1,19,34.21554353854687,0.6359649122807018,43.162393162393144,1027.3504273504243,27.03553756185327,0
324,4,1,0,40,0.025,0.0,1.0,40,1150,900,250,0.782608695652174,14,9,5,341.31214560605946,0.8547008547008547,0.215495824634655,0.19792798758511246,130945.12473518914,940.2816586310503,131885.4063938202,318,0,152.475,38,2,17,35.39057063326375,0.62609649122807,44.12393162393164,1023.504273504276,26.93432298695463,5
325,4,0,1,39,0.0,0.025,0.975,40,900,800,100,0.8888888888888888,10,8,2,343.180250697045,0.8542735042735042,0.21964621164683784,0.19929413104115692,130999.80481591077,991.309171597657,131991.11398750843,319,1,153.475,38,2,17,35.28751826341057,0.6266447368421051,44.07051282051283,1023.7179487179502,26.939946018893426,0
326,4,1,1,39,0.025,0.025,0.975,40,1100,800,300,0.7272727272727273,14,8,6,343.3427460173689,0.8534722222222222,0.2358237747653804,0.20052721889808595,131218.63928154006,1010.5935879173239,132229.2328694574,320,0,154.3,38,2,18,35.06234793187349,0.6288377192982455,43.856837606837615,1024.5726495726508,26.962438146648704,0
327,4,2,1,40,0.04878048780487805,0.024390243902439025,0.975609756097561,41,1050,500,550,0.47619047619047616,16,5,11,338.8549195103232,0.8555894308943089,0.2391228239305483,0.2013443260922281,131876.2384487546,737.4280900723352,132613.66653882692,321,0,145.29268292682926,38,3,15,34.514553429027124,0.6354166666666665,43.21581196581197,1027.136752136753,27.029914529914556,0
328,4,1,0,41,0.024390243902439025,0.0,1.0,41,1550,1000,550,0.6451612903225806,21,10,11,339.109548585676,0.8542682926829268,0.2560392596235255,0.20266534636592393,132095.80342793488,758.9896541018434,132854.79308203672,322,0,146.26829268292684,38,3,17,34.28709381279015,0.6376096491228069,43.00213675213676,1027.9914529914533,27.052406657669824,0
329,4,0,1,40,0.0,0.024390243902439025,0.975609756097561,41,1100,700,400,0.6363636363636364,15,7,8,340.0640248619335,0.8532520325203252,0.25479085254696976,0.20399709486553674,132237.2450086807,793.8259548611309,133031.07096354183,323,1,147.26829268292684,39,2,17,34.12033286071164,0.6372863247863247,42.86458333333334,1028.541666666668,26.372863247863286,0
330,4,0,2,38,0.0,0.05,0.95,40,1050,800,250,0.7619047619047619,13,8,5,344.8906999494011,0.8528044871794872,0.2506623376623378,0.20656956982034774,132178.18737900877,1117.4055126378953,133295.59289164667,324,2,147.775,38,2,17,34.0556277056277,0.6384320175438596,42.92200854700855,1028.3119658119665,27.060841205578065,0
331,4,1,0,39,0.02564102564102564,0.0,1.0,39,1050,600,450,0.5714285714285714,15,6,9,329.2669226346642,0.8531264057579847,0.19930569287895827,0.19117139239534942,130991.17036011048,826.2119113573019,131817.3822714678,325,0,144.71794871794873,37,2,17,35.65231362467865,0.6283783783783785,44.078947368421034,1023.6842105263132,27.667140825035492,7
332,4,0,0,39,0.0,0.0,1.0,39,950,700,250,0.7368421052631579,12,7,5,329.6912537374957,0.8536324786324787,0.20088457926295833,0.19159680318777525,131027.14913662396,839.7010145006543,131866.8501511246,326,1,145.71794871794873,38,1,17,35.60515148352984,0.6269188596491231,44.0438034188034,1023.8247863247836,26.94275753486273,0
333,4,1,1,39,0.025,0.025,0.975,40,1700,1600,100,0.9411764705882353,18,16,2,326.4725681605139,0.8569444444444444,0.21502813379181052,0.1916304120266939,131410.26925131454,580.7148988238306,131990.98415013836,327,0,143.05,38,2,19,35.30139626966759,0.6307565789473686,43.669871794871774,1025.3205128205097,26.982118758434467,0
334,4,0,0,39,0.0,0.0,1.0,39,1200,1000,200,0.8333333333333334,14,10,4,329.6885813148794,0.8523954116059379,0.22457699163581624,0.1933869658277362,131384.32618690326,863.1824215142717,132247.50860841753,328,1,146.82051282051282,37,2,19,35.245098039215684,0.6323198198198199,43.69517543859647,1025.2192982456108,27.708629682313806,0
335,4,0,1,38,0.0,0.02564102564102564,0.9743589743589743,39,1450,1300,150,0.896551724137931,16,13,3,333.2013796509603,0.8522267206477733,0.22958267908572494,0.1964565412346588,131581.1250216412,968.6024786472665,132549.72750028846,329,2,147.82051282051282,37,2,17,34.956783691354055,0.6342905405405406,43.503289473684205,1025.9868421052627,27.729374110953046,0
336,4,1,1,38,0.02564102564102564,0.02564102564102564,0.9743589743589743,39,1050,900,150,0.8571428571428571,12,9,3,331.99602285940307,0.8540823211875844,0.22858332465910314,0.19627604871447904,131684.26890432098,943.730709876545,132627.99961419753,330,0,148.6153846153846,38,1,17,34.883852052322965,0.6334978070175439,43.40277777777778,1026.388888888889,27.010233918128655,0
337,4,0,0,38,0.0,0.0,1.0,38,1250,800,450,0.64,17,8,9,339.4925323333601,0.8502844950213372,0.2376406611142663,0.2004612372307835,131637.3803117306,1337.981518351809,132975.36183008243,331,4,153.52631578947367,37,1,17,34.738731880186634,0.6348536036036035,43.448464912280706,1026.2061403508778,27.735301090564267,0
338,4,0,0,38,0.0,0.0,1.0,38,1650,1300,350,0.7878787878787878,20,13,7,348.98617934947873,0.8500177809388336,0.20258836373561406,0.19136351161485607,128755.86718990434,1386.8036318867062,130142.67082179105,332,5,154.52631578947367,37,1,15,37.417170844137125,0.6058558558558559,46.27192982456139,1014.9122807017525,27.430061640587905,8
339,4,1,1,38,0.02564102564102564,0.02564102564102564,0.9743589743589743,39,1050,800,250,0.7619047619047619,13,8,5,320.37823441677165,0.85768106162843,0.14519844008547866,0.17506314510275,128616.79945993007,466.6451456217336,129083.4446055518,333,0,151.53846153846155,37,2,12,38.284487262638244,0.6044481981981982,46.40899122807018,1014.3640350877201,27.415244191560003,7
340,4,1,1,38,0.02564102564102564,0.02564102564102564,0.9743589743589743,39,1550,1000,550,0.6451612903225806,21,10,11,321.07095061463735,0.8524516419253262,0.15241749935627502,0.17667487068580848,128895.0100631926,476.8886820945022,129371.89874528711,334,0,152.51282051282053,37,2,15,37.983996508656375,0.6072635135135135,46.13486842105264,1015.4605263157902,27.44487908961595,0
341,4,0,0,38,0.0,0.0,1.0,38,950,600,350,0.631578947368421,13,6,7,328.75555700684345,0.8457207207207207,0.173149937478686,0.1807765117507939,128867.1754770698,873.1600107725401,129740.33548784234,335,1,157.3421052631579,37,1,15,37.81722462203024,0.6069819819819819,46.16228070175438,1015.3508771929819,27.441915599810322,0
342,4,1,2,37,0.02564102564102564,0.05128205128205128,0.9487179487179487,39,1150,900,250,0.782608695652174,14,9,5,322.1120781522902,0.8517768780926676,0.15965136398182467,0.17838034409434742,129147.08547921685,519.9672182043959,129667.05269742126,336,0,154.28205128205127,38,1,16,37.70145750122626,0.6080043859649122,45.886752136752136,1016.4529914529912,26.748762932973452,0
343,4,0,0,37,0.0,0.0,1.0,37,1100,700,400,0.6363636363636364,15,7,8,335.189200431962,0.8447197197197197,0.16007001789412834,0.18440518732733369,128886.73460200061,1240.2883035062098,130127.02290550682,337,3,155.1081081081081,36,1,16,37.634006136556884,0.6090856481481481,46.14301801801802,1015.4279279279276,28.206331331331324,0
344,4,1,0,38,0.02631578947368421,0.0,1.0,38,900,600,300,0.6666666666666666,12,6,6,330.1107968011074,0.8536332385016595,0.15961725667585713,0.18319424611660723,129230.01284646134,932.4281206882549,130162.4409671496,338,0,152.0,36,2,17,37.4139347288367,0.6125578703703705,45.80518018018018,1016.7792792792793,28.24386886886887,0
345,4,0,1,37,0.0,0.02631578947368421,0.9736842105263158,38,950,800,150,0.8421052631578947,11,8,3,330.38120908740893,0.8535739687055477,0.16102425876010829,0.18360010271334395,129285.00987082532,942.6675756001509,130227.67744642547,339,1,153.0,37,1,17,37.35119047619046,0.611204954954955,45.751096491228054,1016.9956140350852,27.486367946894195,0
346,4,1,1,37,0.02631578947368421,0.02631578947368421,0.9736842105263158,38,750,500,250,0.6666666666666666,10,5,5,332.1377037080443,0.856389284020863,0.1632895020478553,0.18496840426189878,129368.6579043552,993.6417936288108,130362.29969798401,340,0,153.47368421052633,37,1,18,37.22156355536396,0.6120495495495495,45.66885964912281,1017.3245614035088,27.49525841631105,0
347,4,0,1,36,0.0,0.02702702702702703,0.972972972972973,37,850,600,250,0.7058823529411765,11,6,5,337.3791557365689,0.8492242242242242,0.16600520786567263,0.18736370087953375,129258.63997443399,1321.8341652463364,130580.47413968033,341,3,158.6216216216216,36,1,18,37.20007382798079,0.6128472222222222,45.77702702702703,1016.8918918918927,28.24699699699702,0
348,4,1,1,36,0.02702702702702703,0.02702702702702703,0.972972972972973,37,950,600,350,0.631578947368421,13,6,7,333.4496707859208,0.8572322322322322,0.14531290200982472,0.1857203653440203,129373.18019032551,1227.8888685983325,130601.06905892384,342,0,151.02702702702703,36,1,18,37.18360268614863,0.6140046296296295,45.664414414414416,1017.3423423423427,28.25950950950952,0
349,4,1,0,37,0.02702702702702703,0.0,1.0,37,650,300,350,0.46153846153846156,10,3,7,333.7355918638333,0.8541666666666666,0.15275443622423057,0.18642164890391372,129487.77113261909,1242.9355876146417,130730.70672023373,343,0,152.0,36,1,14,37.05995979936565,0.6151620370370371,45.5518018018018,1017.7927927927926,28.272022022022018,0
350,4,0,0,37,0.0,0.0,1.0,37,1200,1000,200,0.8333333333333334,14,10,4,333.96669473893206,0.8534159159159159,0.15590975250380357,0.18723253692028285,129631.0811444891,1258.4927410518658,130889.57388554097,344,1,153.0,36,1,15,36.908612554830626,0.6166087962962963,45.41103603603604,1018.3558558558559,28.287662662662665,0
351,4,0,0,37,0.0,0.0,1.0,37,1550,1200,350,0.7741935483870968,19,12,7,333.296101898041,0.8534159159159159,0.15574593160800076,0.18754123942621118,129774.47041636235,1250.665023131247,131025.1354394936,345,2,154.0,36,1,17,36.78022767462423,0.6180555555555556,45.270270270270274,1018.9189189189192,28.30330330330331,0
352,4,0,0,37,0.0,0.0,1.0,37,900,600,300,0.6666666666666666,12,6,6,336.7379762186693,0.8517267267267267,0.16110532270921119,0.1901739799568066,129917.9389482386,1349.6607671860875,131267.5997154247,346,3,155.0,36,1,17,36.547047019404246,0.6195023148148149,45.129504504504496,1019.4819819819805,28.318943943943903,0
353,4,1,1,37,0.02631578947368421,0.02631578947368421,0.9736842105263158,38,1250,800,450,0.64,17,8,9,333.4914488105303,0.8547000948316738,0.17914121177527753,0.19042341280027375,130346.55044100087,1093.8919908048344,131440.4424318057,347,0,151.89473684210526,37,1,18,36.19570761301405,0.6219031531531534,44.70942982456139,1021.1622807017527,27.59898055950683,0
354,4,1,1,37,0.02631578947368421,0.02631578947368421,0.9736842105263158,38,850,400,450,0.47058823529411764,13,4,9,335.20450142241106,0.8550853485064012,0.18223316987186755,0.19181604024884386,130430.54112803921,1144.1809018159215,131574.72202985513,348,0,152.52631578947367,37,1,19,36.0669815371404,0.6227477477477479,44.62719298245613,1021.491228070174,27.607871028923622,0
355,4,1,1,37,0.02631578947368421,0.02631578947368421,0.9736842105263158,38,1000,700,300,0.7,13,7,6,334.8391371488389,0.8543444760550024,0.18124544648454455,0.1920225180978479,130514.55886667041,1140.2764552554477,131654.83532192587,349,0,153.5,37,1,14,35.99132149372249,0.6235923423423424,44.54495614035087,1021.8201754385957,27.616761498340423,0
356,4,0,0,37,0.0,0.0,1.0,37,1000,700,300,0.7,13,7,6,342.6504775435552,0.8490365365365365,0.18234305734305756,0.1962452735022179,130463.84222059889,1540.6995678110443,132004.54178840993,350,3,158.64864864864865,36,1,19,35.84311618165784,0.625,44.59459459459459,1021.6216216216209,28.378378378378358,0
357,4,3,2,38,0.075,0.05,0.95,40,1050,800,250,0.7619047619047619,13,8,5,329.43338471058024,0.8588675213675213,0.18632741469675884,0.19309546794101637,131356.22409058537,660.331821226333,132016.5559118117,351,0,147.675,37,3,18,35.2799541840482,0.6320382882882885,43.72258771929823,1025.1096491228054,27.705666192508254,0
358,4,1,1,38,0.02564102564102564,0.02564102564102564,0.9743589743589743,39,1300,800,500,0.6153846153846154,18,8,10,338.21060294009476,0.8528452541610436,0.22155337357389948,0.1989699358428708,131496.76462950138,1094.7200100030745,132591.48463950446,352,0,152.43589743589743,37,2,20,34.91331694105909,0.6334459459459459,43.58552631578947,1025.657894736842,27.720483641536273,0
359,4,0,0,38,0.0,0.0,1.0,38,900,700,200,0.7777777777777778,11,7,4,348.7397798419164,0.8470542911332385,0.23253126227954568,0.20518875418605773,131501.32395909424,1571.9485532830117,133073.27251237724,353,1,157.21052631578948,36,2,20,34.63873334797246,0.6354166666666666,43.58108108108108,1025.6756756756758,28.490990990990994,0
360,4,0,0,38,0.0,0.0,1.0,38,1600,1300,300,0.8125,19,13,6,347.00450976454607,0.8443278805120911,0.22543936629639005,0.20540864357231187,131732.4334469605,1542.3496976706458,133274.78314463113,354,2,158.21052631578948,36,2,16,34.45018831358781,0.6377314814814814,43.35585585585586,1026.5765765765768,28.516016016016025,0
361,4,0,0,38,0.0,0.0,1.0,38,1300,1000,300,0.7692307692307693,16,10,6,346.22615420442855,0.843794452347084,0.22881984697426372,0.19947547463047025,130694.03863322777,1449.938874685489,132143.97750791325,355,3,159.21052631578948,36,2,20,35.518768355359775,0.6273148148148149,44.369369369369366,1022.5225225225221,28.40340340340339,2
362,4,0,0,38,0.0,0.0,1.0,38,600,400,200,0.6666666666666666,8,4,4,346.0841494689831,0.843794452347084,0.22430277499319118,0.1998399446679451,130780.41459956586,1452.2057107783544,132232.6203103442,356,4,160.21052631578948,36,2,21,35.43501596388858,0.6281828703703705,44.28490990990991,1022.860360360361,28.412787787787806,0
363,4,2,1,39,0.05,0.025,0.975,40,1500,700,800,0.4666666666666667,23,7,16,332.80602019986804,0.8518696581196581,0.22582351714792015,0.19479000315908115,131300.74929003234,739.5359640952788,132040.2852541276,357,0,153.15,38,2,23,35.24944403905626,0.6296600877192982,43.77670940170941,1024.893162393164,26.970872694556945,0
364,4,0,0,39,0.0,0.0,1.0,39,1050,800,250,0.7619047619047619,13,8,5,339.599073465069,0.8506522717049033,0.2255423008364188,0.19920020934117935,131384.3261869038,1123.5990881809985,132507.9252750848,358,1,152.87179487179486,37,2,23,34.991087344028536,0.6323198198198197,43.6951754385965,1025.2192982456152,27.708629682313923,0
365,4,0,0,39,0.0,0.0,1.0,39,950,600,350,0.631578947368421,13,6,7,334.7890857702917,0.8493589743589743,0.22373336622401263,0.19710207031976595,131524.88175448228,1006.6189837257768,132531.50073820807,359,2,153.87179487179486,37,2,23,34.97271957954747,0.6337274774774774,43.558114035087726,1025.7675438596502,27.7234471313419,0
366,4,0,0,39,0.0,0.0,1.0,39,950,600,350,0.631578947368421,13,6,7,335.5103692145809,0.8490215924426451,0.22725890119285386,0.19781792846508106,131581.12502164146,1029.3663675361836,132610.49138917765,360,3,154.87179487179486,37,2,17,34.89755886858322,0.6342905405405403,43.50328947368422,1025.9868421052647,27.7293741109531,0
367,4,3,3,39,0.07142857142857142,0.07142857142857142,0.9285714285714286,42,1050,600,450,0.5714285714285714,15,6,9,316.484550325091,0.8633614014711576,0.22057280269554158,0.189609660434553,132188.90587819772,-32.850713034550495,132156.05516516318,361,0,144.73809523809524,40,2,18,34.77513423592581,0.6351562499999999,42.91158536585367,1028.353658536587,25.70884146341468,0
368,4,0,0,39,0.0,0.0,1.0,39,1050,800,250,0.7619047619047619,13,8,5,336.46850231816245,0.8502024291497976,0.23220696850943567,0.19926341475047166,131749.92696069946,1065.940120998771,132815.86708169823,362,1,156.76923076923077,37,2,19,34.70297536402149,0.6359797297297298,43.338815789473685,1026.6447368421054,27.747155049786635,0
369,4,1,0,40,0.025,0.0,1.0,40,700,500,200,0.7142857142857143,9,5,4,333.11038402216667,0.8534989316239316,0.24336607421265954,0.19893575448027728,132068.3478180474,798.6676117685722,132867.01542981598,363,0,153.825,38,2,20,34.468870179814964,0.6373355263157894,43.02884615384615,1027.8846153846157,27.04959514170041,0
370,4,0,0,40,0.0,0.0,1.0,40,1250,900,350,0.72,16,9,7,331.36843054458603,0.8525641025641025,0.24150561097256862,0.19832647857967026,132150.72320841553,758.1155489809341,132908.83875739647,364,1,154.825,38,2,20,34.430849958437236,0.6381578947368421,42.94871794871795,1028.2051282051284,27.05802968960864,0
371,4,0,0,40,0.0,0.0,1.0,40,450,300,150,0.6666666666666666,6,3,3,329.22266673438395,0.8522168803418804,0.2355952009971949,0.19747206309357726,132233.1242809008,706.828361275479,132939.9526421763,365,2,155.825,38,2,20,34.403240885010895,0.6389802631578947,42.868589743589745,1028.5256410256416,27.066464237516882,0
372,4,0,0,40,0.0,0.0,1.0,40,1050,600,450,0.5714285714285714,15,6,9,329.9540959423917,0.8520833333333333,0.23616822429906503,0.1983431925046962,132315.551035503,731.6116042077614,133047.16263971076,366,3,156.825,38,2,20,34.301661474558664,0.6398026315789473,42.78846153846154,1028.8461538461543,27.074898785425113,0
373,4,2,2,40,0.047619047619047616,0.047619047619047616,0.9523809523809523,42,1400,1000,400,0.7142857142857143,18,10,8,313.79905813354355,0.8594415408439798,0.2205245219802432,0.1906695505563277,132719.81336805565,-70.50383177185591,132649.3095362838,367,0,150.3095238095238,39,3,14,34.31223884620567,0.642094017094017,42.395833333333336,1030.4166666666674,26.42094017094019,0
374,4,0,0,40,0.0,0.0,1.0,40,800,500,300,0.625,11,5,6,329.5488461321833,0.8516025641025641,0.23379940343027616,0.19868176099183069,132426.21678064397,728.1813875423126,133154.39816818628,368,5,158.825,37,3,20,34.20100049714144,0.6427364864864864,42.680921052631575,1029.276315789473,27.818278805120894,0
375,4,0,1,39,0.0,0.025,0.975,40,900,700,200,0.7777777777777778,11,7,4,360.1653581156864,0.8505074786324787,0.2213037974683545,0.21620868762263862,132264.03130425356,1527.3844401041765,133791.41574435774,369,6,159.825,39,1,15,33.57647679324894,0.6375534188034189,42.83854166666667,1028.6458333333342,26.37553418803421,5
376,4,0,0,39,0.0,0.0,1.0,39,1050,600,450,0.5714285714285714,15,6,9,364.671424566366,0.8451979307242465,0.2305534913824101,0.2187346918567231,132233.12428090075,1844.3283612754792,134077.45264217624,370,7,164.71794871794873,38,1,15,33.49174197569336,0.6389802631578947,42.868589743589745,1028.525641025641,27.066464237516872,0
377,4,0,0,39,0.0,0.0,1.0,39,1100,900,200,0.8181818181818182,13,9,4,361.772498325909,0.844523166891588,0.22520968128444707,0.21746998494872063,132315.551035503,1773.6254930966504,134089.17652859967,371,8,165.71794871794873,38,1,16,33.48325545171338,0.6398026315789473,42.78846153846154,1028.8461538461543,27.074898785425113,0
378,4,1,1,39,0.025,0.025,0.975,40,600,500,100,0.8333333333333334,7,5,2,359.24755028051993,0.8482104700854701,0.21753994604689764,0.21721630424113247,132535.48127145885,1522.635076521292,134058.11634798013,372,0,162.55,38,2,16,33.326848585460326,0.6419956140350876,42.574786324786324,1029.7008547008547,27.097390913180387,0
379,4,1,1,39,0.025,0.025,0.975,40,1150,800,350,0.6956521739130435,15,8,7,363.0779246347536,0.8465544871794872,0.22302965881986925,0.22033734595676077,132673.03040990935,1634.1297072466855,134307.16011715605,373,0,163.525,38,2,15,33.08984928618341,0.6433662280701755,42.44123931623931,1030.2350427350423,27.111448493027428,0
380,4,0,0,39,0.0,0.0,1.0,39,1450,1300,150,0.896551724137931,16,13,3,366.5887299218471,0.8418241115609537,0.22918355371788035,0.2223435195362009,132652.03145438977,1925.747946483528,134577.7794008733,374,11,168.71794871794873,37,2,16,33.02055614688664,0.6449887387387387,42.46162280701754,1030.1535087719294,27.84198672356566,0
381,4,0,0,39,0.0,0.0,1.0,39,1250,800,450,0.64,17,8,9,366.58309175109696,0.8424988753936122,0.22961501624904823,0.22267493944311945,132708.5151801516,1929.7395592874718,134638.25473943906,375,12,169.71794871794873,37,2,16,32.963867014295346,0.6455518018018018,42.406798245614034,1030.372807017544,27.84791370317686,0
382,4,0,0,39,0.0,0.0,1.0,39,1100,700,400,0.6363636363636364,15,7,8,372.2260350968266,0.8424988753936122,0.2540578687367676,0.22224502248392705,132059.678218298,2031.2100838719712,134090.88830216997,376,13,170.71794871794873,37,2,16,33.47245928454593,0.6390765765765765,43.03728070175439,1027.850877192983,27.77975343764819,1
383,4,0,0,39,0.0,0.0,1.0,39,900,500,400,0.5555555555555556,13,5,8,372.4226683913654,0.8416554206027891,0.25688982671526284,0.22289774630587716,132150.72320841567,2043.1849934253937,134193.90820184106,377,14,171.71794871794873,38,1,16,33.37554551122194,0.638157894736842,42.948717948717956,1028.2051282051295,27.058029689608674,0
384,4,0,1,38,0.0,0.02564102564102564,0.9743589743589743,39,850,400,450,0.47058823529411764,13,4,9,371.28521656428023,0.8404183535762484,0.260100647016535,0.22318830433920217,132315.55103550298,2025.3616042077624,134340.91263971073,378,15,172.71794871794873,38,1,17,33.23857736240914,0.6398026315789473,42.78846153846154,1028.846153846154,27.074898785425106,0
385,4,0,0,38,0.0,0.0,1.0,38,1500,1200,300,0.8,18,12,6,374.0630790666942,0.8372155049786629,0.25855695036277804,0.22552351864575107,132426.97934420916,2307.234411116313,134734.21375532547,379,16,176.1578947368421,36,2,18,33.054795769511315,0.6446759259259258,42.68018018018019,1029.27927927928,28.591091091091112,0
386,4,0,0,38,0.0,0.0,1.0,38,1300,900,400,0.6923076923076923,17,9,8,375.627936993531,0.835378141299194,0.2592908029969956,0.2275161001154199,132600.90115453317,2361.720588832103,134962.62174336528,380,17,177.1578947368421,36,2,19,32.83926488811139,0.646412037037037,42.511261261261275,1029.954954954957,28.609859859859917,0
387,4,0,0,38,0.0,0.0,1.0,38,1100,900,200,0.8181818181818182,13,9,4,373.0044933712379,0.8333926031294453,0.26383354321562646,0.22715303578356252,132803.95418645014,2307.294329802799,135111.24851625293,381,18,178.1578947368421,36,2,15,32.70239265814487,0.6484375,42.3141891891892,1030.7432432432447,28.631756756756797,0
388,4,0,0,38,0.0,0.0,1.0,38,900,600,300,0.6666666666666666,12,6,6,373.10808065833834,0.8321479374110953,0.26400586392250425,0.22756858617102532,132861.9978720275,2314.3770036928945,135176.37487572042,382,19,179.1578947368421,36,2,15,32.64131622064447,0.6490162037037037,42.25788288288289,1030.9684684684692,28.638013013013033,0
389,4,1,0,39,0.02564102564102564,0.0,1.0,39,1100,900,200,0.8181818181818182,13,9,4,366.8902838242756,0.8360323886639677,0.2607236999760363,0.22608893406344102,133245.71021852875,1977.3112880886365,135223.0215066174,383,0,175.53846153846155,37,2,17,32.41601175304446,0.6509009009009008,41.8859649122807,1032.456140350877,27.90422000948316,0
390,4,0,0,39,0.0,0.0,1.0,39,700,400,300,0.5714285714285714,10,4,6,365.8257692634272,0.8358074673864148,0.2574501621109544,0.22594838824211264,133330.62967691966,1955.1560335872427,135285.7857105069,384,1,176.53846153846155,37,2,17,32.35824309020773,0.6517454954954955,41.80372807017543,1032.785087719297,27.91311047889992,0
391,4,0,0,39,0.0,0.0,1.0,39,750,600,150,0.8,9,6,3,366.0490314031142,0.8363697705802969,0.25926802914383806,0.22643124916931984,133387.25767784324,1965.255294898434,135352.51297274168,385,2,177.53846153846155,37,2,17,32.29564713583128,0.6523085585585585,41.74890350877193,1033.004385964913,27.91903745851116,0
392,4,0,0,39,0.0,0.0,1.0,39,1000,700,300,0.7,13,7,6,364.3164180644811,0.8352451641925327,0.25757614916535343,0.226058463995674,133502.12358806998,1927.4571971070475,135429.58078517704,386,3,178.53846153846155,35,4,18,32.22516985851346,0.6574404761904762,41.637731481481474,1033.4490740740728,29.527116402116366,0
393,4,0,0,39,0.0,0.0,1.0,39,1050,900,150,0.8571428571428571,12,9,3,363.11939697711085,0.835357624831309,0.256674419272404,0.2254976505567175,133532.0283028977,1897.6139188957363,135429.64222179345,387,4,179.53846153846155,35,4,18,32.226110488988425,0.6577380952380952,41.60879629629629,1033.564814814814,29.53042328042326,0
394,4,1,1,39,0.025,0.025,0.975,40,800,400,400,0.5,12,4,8,353.8228543715038,0.8423076923076923,0.2473447106211577,0.2210572720623025,133755.63274276705,1465.1599530624821,135220.79269582953,388,0,176.025,37,3,14,32.242421030315874,0.6559684684684685,41.39254385964912,1034.4298245614036,27.95756282598388,0
395,4,0,1,38,0.0,0.02564102564102564,0.9743589743589743,39,1100,700,400,0.6363636363636364,15,7,8,336.6022231504228,0.8363697705802969,0.16379209390361815,0.2072668365573077,133217.40974386365,1168.255256425073,134385.66500028872,389,6,181.53846153846155,37,2,16,33.22612409275979,0.6506193693693693,41.913377192982466,1032.3464912280715,27.90125651967761,4
396,4,0,0,38,0.0,0.0,1.0,38,950,600,350,0.631578947368421,13,6,7,345.0501612603508,0.8296289710763395,0.18556306344069773,0.21279223107981166,133274.01369892663,1597.2439837257716,134871.25768265242,390,27,187.1578947368421,37,1,16,32.95137782733355,0.6511824324324323,41.85855263157895,1032.5657894736846,27.907183499288774,0
397,4,0,0,38,0.0,0.0,1.0,38,950,700,250,0.7368421052631579,12,7,5,345.8748988130177,0.8301031294452347,0.18297029592344094,0.213951898996549,133387.2576778433,1627.0608504540041,135014.3185282973,391,28,188.1578947368421,37,1,17,32.81664632204651,0.6523085585585584,41.74890350877194,1033.0043859649134,27.919037458511173,0
398,4,0,0,38,0.0,0.0,1.0,38,850,600,250,0.7058823529411765,11,6,5,347.6196670135276,0.829954954954955,0.18145161290322553,0.21552419354838723,133472.22222222228,1679.5138888888982,135151.73611111118,392,29,189.1578947368421,37,1,17,32.68649193548388,0.6531531531531531,41.66666666666667,1033.333333333334,27.927927927927943,0
399,4,0,0,38,0.0,0.0,1.0,38,1150,900,250,0.782608695652174,14,9,5,346.50432968550444,0.8291548127074443,0.1754663103995966,0.21533942059466782,133559.51126379753,1655.7897847171437,135215.30104851467,393,30,190.1578947368421,36,2,17,32.62791880015979,0.6559606481481481,41.582207207207205,1033.6711711711707,28.713088088088075,0
400,4,0,0,38,0.0,0.0,1.0,38,1400,900,500,0.6428571428571429,19,9,10,344.78496092774685,0.8280286865813181,0.18191222911902405,0.21494638806513916,133675.94103816658,1617.8908215648125,135293.8318597314,394,31,191.1578947368421,36,2,17,32.555855021960866,0.6571180555555556,41.4695945945946,1034.121621621622,28.725600600600607,0
401,4,0,0,38,0.0,0.0,1.0,38,850,600,250,0.7058823529411765,11,6,5,342.1033829181628,0.8266654812707445,0.17949092450355386,0.21428684291990446,133850.68081172393,1558.154142317997,135408.83495404193,395,32,192.1578947368421,36,2,17,32.45048427467623,0.6588541666666666,41.30067567567568,1034.7972972972975,28.744369369369377,0
402,4,0,0,38,0.0,0.0,1.0,38,1050,700,350,0.6666666666666666,14,7,7,342.2994020594819,0.825717164532954,0.17703115070391084,0.21508943288672716,133967.23740209817,1571.3810516597805,135538.61845375795,396,33,193.1578947368421,36,2,17,32.32894593712607,0.6600115740740741,41.18806306306307,1035.2477477477487,28.75688188188191,0
403,4,0,0,38,0.0,0.0,1.0,38,900,600,300,0.6666666666666666,12,6,6,343.6468207426456,0.8243835941204363,0.17296421785215532,0.2164504221609158,134054.68813408012,1613.4934765847051,135668.18161066482,397,34,194.1578947368421,36,2,17,32.20671125126867,0.6608796296296295,41.10360360360361,1035.5855855855864,28.76626626626629,0
404,4,0,0,38,0.0,0.0,1.0,38,900,400,500,0.4444444444444444,14,4,10,341.5459239821654,0.8232278330962541,0.17398388022124278,0.21587073148545044,134181.31209843428,1565.81604435982,135747.1281427941,398,35,195.1578947368421,37,1,17,32.134683564398344,0.6601914414414414,40.981359649122815,1036.07456140351,28.002015173067836,0
405,4,0,0,38,0.0,0.0,1.0,38,1350,1200,150,0.8888888888888888,15,12,3,339.52279608589714,0.821509009009009,0.16354079128242494,0.21592919183485754,134408.61761551647,1526.9579341720714,135935.57554968854,399,36,196.1578947368421,37,1,18,31.960342427126303,0.6624436936936936,40.76206140350878,1036.951754385966,28.025723091512596,0
406,4,0,0,38,0.0,0.0,1.0,38,950,600,350,0.631578947368421,13,6,7,339.47325011387994,0.8213608345187292,0.16226307998797984,0.21606581423802695,134437.04433094818,1527.5560749461583,135964.60040589434,400,37,197.1578947368421,37,1,19,31.9332839923874,0.6627252252252251,40.73464912280703,1037.0614035087733,28.028686581318198,0
407,4,0,1,37,0.0,0.02631578947368421,0.9736842105263158,38,1500,1300,200,0.8666666666666667,17,13,4,338.8830146598986,0.8183677098150782,0.16875191147440693,0.21687138159269403,134636.1154994808,1525.1785405124856,136161.29403999328,401,38,198.1578947368421,37,1,20,31.750198098256732,0.6646959459459458,40.54276315789475,1037.8289473684226,28.049431009957367,0
408,4,0,0,37,0.0,0.0,1.0,37,1000,700,300,0.7,13,7,6,346.77602231275796,0.8180680680680681,0.16356425885403492,0.221580739916072,134579.9917315968,1933.8228431134216,136513.8145747102,402,39,195.56756756756758,36,1,20,31.601367484263086,0.6660879629629628,40.596846846846866,1037.6126126126153,28.822572572572646,0
409,4,0,0,37,0.0,0.0,1.0,37,900,600,300,0.6666666666666666,12,6,6,346.93570045064985,0.8171921921921922,0.16713642562801545,0.22186068561087746,134609.20538359333,1940.147791372487,136549.35317496583,403,40,196.56756756756758,36,1,20,31.568095496473152,0.6663773148148147,40.56869369369371,1037.7252252252274,28.82570070070076,0
410,4,0,0,37,0.0,0.0,1.0,37,1100,800,300,0.7272727272727273,14,8,6,350.602582071701,0.8150025025025025,0.17206904334113937,0.22528964524621337,134784.5538739756,2051.1625223196497,136835.71639629523,404,41,197.56756756756758,36,1,12,31.298123847738868,0.6681134259259258,40.39977477477479,1038.400900900903,28.84446946946953,0
411,4,0,0,37,0.0,0.0,1.0,37,1050,700,350,0.6666666666666666,14,7,7,348.6109711157362,0.8151276276276276,0.17106373502730854,0.22455220653432653,134872.27091956846,2003.590668371106,136875.86158793955,405,42,198.56756756756758,36,1,12,31.262422304134155,0.6689814814814813,40.31531531531533,1038.7387387387407,28.85385385385391,0
412,4,0,0,37,0.0,0.0,1.0,37,1000,700,300,0.7,13,7,6,346.86313247357685,0.8146271271271271,0.16680775280536841,0.2239682381619102,134960.01649876242,1962.5308162892798,136922.5473150517,406,43,199.56756756756758,36,1,13,31.220421950074073,0.669849537037037,40.230855855855864,1039.0765765765777,28.86323823823827,0
413,4,0,0,37,0.0,0.0,1.0,37,800,600,200,0.75,10,6,4,346.9403456372549,0.8145645645645646,0.16722259153725139,0.22438069025131255,135018.5294035592,1968.6750517409519,136987.20445530015,407,44,200.56756756756758,36,1,13,31.160156391086065,0.6704282407407407,40.17454954954956,1039.3018018018035,28.869494494494543,0
414,4,0,0,37,0.0,0.0,1.0,37,1200,900,300,0.75,15,9,6,350.18806156997425,0.8128753753753754,0.1748649234029347,0.22740060200683163,135164.86714755307,2066.624563752954,137231.49171130604,408,45,201.56756756756758,36,1,15,30.930077250740016,0.671875,40.03378378378379,1039.864864864866,28.885135135135165,0
415,4,0,0,37,0.0,0.0,1.0,37,950,700,250,0.7368421052631579,12,7,5,356.0928187158815,0.811498998998999,0.1816330888741322,0.23217653861087012,135311.2841515502,2236.6753155182223,137547.95946706843,409,46,202.56756756756758,36,1,15,30.63079517985352,0.6733217592592593,39.89301801801802,1040.427927927928,28.90077577577578,0
416,4,0,0,37,0.0,0.0,1.0,37,900,500,400,0.5555555555555556,13,5,8,352.6628081833913,0.8122497497497497,0.1765149698497459,0.23050280574475976,135399.1723987501,2150.0504727700686,137549.22287152015,410,47,203.56756756756758,36,1,16,30.632574118156253,0.6741898148148149,39.80855855855856,1040.7657657657658,28.91016016016016,0
417,4,0,0,37,0.0,0.0,1.0,37,1000,700,300,0.7,13,7,6,339.6338057399727,0.811498998998999,0.041203164531544934,0.21025162402641384,133415.57618690346,1662.4879770698444,135078.0641639733,411,48,204.56756756756758,37,0,15,32.94947994056462,0.6525900900900903,41.721491228070164,1033.1140350877176,27.922000948316693,8
418,4,0,0,37,0.0,0.0,1.0,37,1550,1100,450,0.7096774193548387,20,11,9,337.7980789671547,0.8106231231231231,0.048802302514648455,0.21007653618089261,133585.55036164954,1624.988457987048,135210.5388196366,412,49,205.56756756756758,37,0,15,32.82686324423702,0.6542792792792793,41.55701754385964,1033.7719298245597,27.939781887150264,0
419,4,0,0,37,0.0,0.0,1.0,37,700,400,300,0.5714285714285714,10,4,6,330.57317562434224,0.8106856856856857,0.007401446219094554,0.20921144168467645,134229.6751988475,1510.9153623517548,135740.59056119923,413,50,206.56756756756758,36,1,14,32.37068028689415,0.6626157407407407,40.93468468468468,1036.261261261261,28.78503503503503,3
420,4,0,0,37,0.0,0.0,1.0,37,700,500,200,0.7142857142857143,9,5,4,331.16784681409797,0.8102477477477478,0.00534490809401178,0.20975483098624523,134258.85080604244,1492.4429074344534,135751.2937134769,414,51,207.56756756756758,36,1,14,32.326188923901626,0.6629050925925927,40.90653153153153,1036.3738738738732,28.788163163163144,0
421,4,0,0,37,0.0,0.0,1.0,37,950,700,250,0.7368421052631579,12,7,5,331.1932429329081,0.8094344344344344,0.017108017108017348,0.21044142082010248,134375.58493882397,1500.85714937911,135876.4420882031,415,52,208.56756756756758,36,1,15,32.20918866080155,0.6640625,40.79391891891892,1036.8243243243244,28.800675675675677,0
422,4,0,1,36,0.0,0.02702702702702703,0.972972972972973,37,1000,800,200,0.8,12,8,4,331.31353546939846,0.8086836836836837,0.021031129946321503,0.21085461977454673,134433.9710276155,1507.9588456700003,135941.92987328552,416,53,209.56756756756758,36,1,15,32.1478987946574,0.6646412037037037,40.737612612612615,1037.04954954955,28.806931931931942,0
423,4,0,0,36,0.0,0.0,1.0,36,500,300,200,0.6,7,3,4,337.3447399334667,0.8074074074074075,0.014329313681703315,0.21397021889830922,134310.7263803155,1861.8034122085037,136172.529792524,417,54,205.27777777777777,35,1,15,32.114411195474155,0.6654761904761904,40.85648148148148,1036.574074074074,29.61640211640211,0
424,4,0,0,36,0.0,0.0,1.0,36,700,500,200,0.7142857142857143,9,5,4,348.7568542807875,0.8076388888888889,-0.003535579685808976,0.21710417974148233,133621.76254125926,2120.3011134687777,135742.06365472803,418,55,206.27777777777777,35,1,19,32.507392999738805,0.6586309523809524,41.52199074074073,1033.9120370370358,29.54034391534388,6
425,4,0,0,36,0.0,0.0,1.0,36,1400,1100,300,0.7857142857142857,17,11,6,350.33123598246493,0.8075066137566138,-0.010636909423126895,0.21914702018525217,133801.32144043632,2174.9564632630245,135976.27790369935,419,56,207.27777777777777,35,1,15,32.28700544430772,0.6604166666666667,41.348379629629626,1034.606481481481,29.560185185185173,0
426,4,0,1,35,0.0,0.027777777777777776,0.9722222222222222,36,1100,800,300,0.7272727272727273,14,8,6,351.969836535803,0.8065145502645503,-0.00949744622152604,0.22052994453164781,133861.20119866685,2223.021020876201,136084.22221954307,420,57,208.27777777777777,35,1,15,32.18471554263133,0.6610119047619047,41.29050925925926,1034.837962962963,29.566798941798943,0
427,4,0,0,35,0.0,0.0,1.0,35,850,400,450,0.47058823529411764,13,4,9,359.11638026039765,0.803641456582633,0.010950080515298,0.22526391125424944,133903.125,2617.361111111112,136520.48611111112,421,58,213.42857142857142,34,1,15,31.957863660762218,0.6636029411764706,41.25,1035.0,30.441176470588236,0
428,4,0,0,35,0.0,0.0,1.0,35,1350,1000,350,0.7407407407407407,17,10,7,361.7438204747574,0.8030812324929971,0.01109085234645768,0.22748271920961424,133995.55165816328,2694.4125566893413,136689.96421485263,422,59,214.42857142857142,34,1,15,31.79736307538997,0.6645220588235294,41.160714285714285,1035.357142857143,30.451680672268907,0
429,4,0,1,34,0.0,0.02857142857142857,0.9714285714285714,35,1100,800,300,0.7272727272727273,14,8,6,362.1507604846305,0.8023109243697478,0.011567832098927866,0.22812088815755252,134057.18714569157,2709.782454648523,136766.9696003401,423,60,215.42857142857142,34,1,15,31.725150400429165,0.6651348039215685,41.101190476190474,1035.5952380952378,30.45868347338935,0
430,4,0,0,34,0.0,0.0,1.0,34,1050,800,250,0.7619047619047619,13,8,5,368.5226983540925,0.798202614379085,0.0413935623930195,0.23284685290624058,134169.6177551904,3088.9099144559927,137258.5276696464,424,61,220.6764705882353,33,1,16,31.447638198880224,0.668560606060606,40.992647058823536,1036.0294117647068,31.39483065953657,0
431,4,0,0,34,0.0,0.0,1.0,34,450,200,250,0.4444444444444444,7,2,5,367.63496592563473,0.7978683897801545,0.03737781333704415,0.23248718301430396,134201.36072964736,3067.422535803551,137268.7832654509,425,62,221.6764705882353,33,1,16,31.43886753400355,0.6688762626262625,40.962009803921575,1036.1519607843145,31.398544266191347,0
432,4,1,0,35,0.02857142857142857,0.0,1.0,35,600,400,200,0.6666666666666666,8,4,4,359.6425469989921,0.7984593837535013,0.04385225164445927,0.23042151082310625,134677.95589436768,2687.638918925424,137365.5948132931,426,0,216.31428571428572,33,2,18,31.169815033451393,0.673611111111111,40.50245098039216,1037.9901960784323,31.4542483660131,0
433,4,0,0,35,0.0,0.0,1.0,35,900,700,200,0.7777777777777778,11,7,4,357.87833231236186,0.7972689075630252,0.044206124376096056,0.22969282055684323,134741.56574394472,2644.2173683198857,137385.78311226462,427,1,217.31428571428572,33,2,19,31.152128580421778,0.6742424242424241,40.44117647058824,1038.2352941176478,31.46167557932266,0
434,4,0,0,35,0.0,0.0,1.0,35,900,700,200,0.7777777777777778,11,7,4,359.507487752456,0.7973389355742296,0.04278803202697001,0.23134593460152356,134837.00867755193,2694.9828491445637,137531.99152669648,428,2,218.31428571428572,33,2,15,31.01462635201573,0.6751893939393939,40.349264705882355,1038.602941176471,31.472816399286998,0
435,4,0,0,35,0.0,0.0,1.0,35,750,500,250,0.6666666666666666,10,5,5,358.743261099101,0.7968487394957983,0.04285040113260963,0.23105682986899523,134868.83049788536,2676.6568146866475,137545.487312572,429,3,219.31428571428572,33,2,15,31.0027332074878,0.6755050505050505,40.31862745098039,1038.7254901960778,31.47653000594175,0
436,4,0,0,35,0.0,0.0,1.0,35,600,300,300,0.5,9,3,6,358.2913826223381,0.7964285714285714,0.039245690018369084,0.2309685209497765,134900.6560727845,2666.7485161956956,137567.4045889802,430,4,220.31428571428572,33,2,15,30.982732688451094,0.6758207070707071,40.28799019607843,1038.8480392156864,31.480243612596556,0
437,4,0,0,35,0.0,0.0,1.0,35,850,600,250,0.7058823529411765,11,6,5,356.5570487718047,0.7953781512605042,0.03851752021563337,0.23045760469397142,134996.15532487506,2626.7661476355233,137622.92147251058,431,5,221.31428571428572,33,2,15,30.932586477987417,0.6767676767676767,40.19607843137255,1039.2156862745098,31.491384432560903,0
438,4,0,0,35,0.0,0.0,1.0,35,900,600,300,0.6666666666666666,12,6,6,355.5040288833894,0.7949579831932773,0.038768774836666964,0.23058839304638187,135123.54022491348,2607.39258938869,137730.93281430216,432,6,222.31428571428572,33,2,16,30.833038661008956,0.678030303030303,40.0735294117647,1039.705882352941,31.50623885918003,0
439,4,0,0,35,0.0,0.0,1.0,35,1100,1000,100,0.9090909090909091,12,10,2,357.0598093978312,0.7932773109243697,0.04309773373487924,0.2330357295616438,135346.60835075463,2665.36683607268,138011.9751868273,433,7,223.31428571428572,33,2,17,30.570481490205324,0.680239898989899,39.85906862745099,1040.563725490197,31.532234105763543,0
440,4,0,0,35,0.0,0.0,1.0,35,500,300,200,0.6,7,3,4,356.4641704286698,0.7935574229691876,0.0417872283157259,0.23285336425232808,135378.4902441369,2651.5162437524014,138030.0064878893,434,8,224.31428571428572,33,2,17,30.55424713455801,0.6805555555555556,39.82843137254902,1040.686274509804,31.535947712418302,0
441,4,0,0,35,0.0,0.0,1.0,35,900,700,200,0.7777777777777778,11,7,4,356.84685858947006,0.7923669467787114,0.044427999596353684,0.23351750515092143,135442.2652945982,2666.4293781237952,138108.69467272202,435,9,225.31428571428572,33,2,18,30.480829605211525,0.6811868686868687,39.7671568627451,1040.9313725490194,31.54337492572786,0
442,4,0,0,35,0.0,0.0,1.0,35,800,500,300,0.625,11,5,6,356.8700547238804,0.7911064425770308,0.0452380952380953,0.23394814698565483,135506.05536332176,2671.6106785851543,138177.66604190692,436,10,226.31428571428572,33,2,19,30.416764752040176,0.6818181818181819,39.705882352941174,1041.176470588235,31.550802139037422,0
443,4,0,0,35,0.0,0.0,1.0,35,850,500,350,0.5882352941176471,12,5,7,359.8435258351652,0.7886554621848739,0.04407184019085708,0.23737389450553967,135729.43887266904,2768.2719687139415,138497.71084138297,437,11,227.31428571428572,33,2,19,30.117189031322283,0.6840277777777779,39.491421568627445,1042.0343137254893,31.576797385620885,0
444,4,0,0,35,0.0,0.0,1.0,35,650,500,150,0.7692307692307693,8,5,3,359.13263992198034,0.7890056022408963,0.04710388388657494,0.2371167678491085,135761.36582083802,2751.267541330243,138512.63336216827,438,12,228.31428571428572,33,2,19,30.103970680464098,0.6843434343434345,39.46078431372548,1042.156862745097,31.580510992275666,0
445,4,0,0,35,0.0,0.0,1.0,35,550,100,450,0.18181818181818182,10,1,9,359.13263992198034,0.7890056022408963,0.04710388388657494,0.2371167678491085,135761.36582083802,2751.267541330243,138512.63336216827,439,13,229.31428571428572,33,2,19,30.103970680464098,0.6843434343434345,39.46078431372548,1042.156862745097,31.580510992275666,0
446,4,0,0,35,0.0,0.0,1.0,35,1100,900,200,0.8181818181818182,13,9,4,356.07669789632314,0.7873949579831933,0.040105434581871435,0.2361540625409049,135921.0568801661,2679.664221693558,138600.72110185967,440,14,230.31428571428572,33,2,18,30.024949073529996,0.6859217171717173,39.30759803921568,1042.7696078431359,31.59907902554957,0
447,4,0,0,35,0.0,0.0,1.0,35,1250,900,350,0.72,16,9,7,356.78091518021495,0.7852240896358543,0.04355020053363767,0.23747270765669778,136048.87730980848,2707.9285911668335,138756.8059009753,441,15,231.31428571428572,33,2,19,29.879669329261127,0.6871843434343435,39.18504901960783,1043.2598039215668,31.61393345216869,0
448,4,0,0,35,0.0,0.0,1.0,35,1300,900,400,0.6923076923076923,17,9,8,357.84435608291074,0.7848739495798319,0.045105012413608314,0.23882465018824958,136144.78205497874,2743.728373702408,138888.51042868115,442,16,232.31428571428572,33,2,19,29.756732425238766,0.6881313131313131,39.093137254901954,1043.6274509803911,31.625074272133066,0
449,4,0,0,35,0.0,0.0,1.0,35,900,600,300,0.6666666666666666,12,6,6,357.78015777345644,0.7850840336134454,0.045568300312826215,0.2391018615364073,136192.29024943302,2745.3798185940964,138937.6700680271,443,17,233.31428571428572,34,1,19,29.711260644768856,0.6862745098039216,39.047619047619044,1043.8095238095232,30.700280112044798,0
450,4,0,0,35,0.0,0.0,1.0,35,650,600,50,0.9230769230769231,7,6,1,356.98201983384007,0.7829131652661064,0.05003663838725925,0.23961769395579782,136347.66333616775,2734.732851473911,139082.39618764166,444,18,234.31428571428572,34,1,19,29.577966488088453,0.6878063725490196,38.89880952380952,1044.4047619047615,30.717787114845926,0
451,4,0,1,34,0.0,0.02857142857142857,0.9714285714285714,35,1000,700,300,0.7,13,7,6,360.9469315205673,0.7820728291316527,0.052787317501912234,0.24313363146247277,136472.02558106577,2851.8317743764187,139323.8573554422,445,19,235.31428571428572,34,1,19,29.351097565607077,0.689031862745098,38.779761904761905,1044.8809523809525,30.73179271708684,0
452,4,0,0,34,0.0,0.0,1.0,34,1000,700,300,0.7,13,7,6,361.1957181625251,0.7775549613784909,0.028607798472464196,0.24394603118976688,136565.33446712018,3065.362811791382,139630.69727891157,446,20,230.41176470588235,34,0,21,29.25208807896735,0.6899509803921569,38.69047619047619,1045.2380952380952,30.742296918767504,0
453,4,0,0,34,0.0,0.0,1.0,34,900,600,300,0.6666666666666666,12,6,6,359.40862868247564,0.7761437908496732,0.02883572012271074,0.24316845740288914,136627.55810657595,3021.0246598639424,139648.58276643988,447,21,231.41176470588235,34,0,21,29.237123282471728,0.6905637254901962,38.63095238095238,1045.4761904761904,30.74929971988795,0
454,4,0,0,34,0.0,0.0,1.0,34,700,400,300,0.5714285714285714,10,4,6,360.7610790939648,0.7747326203208557,0.031172988321011452,0.24451584249702035,136689.7959183672,3062.471655328778,139752.26757369598,448,22,232.41176470588235,34,0,21,29.14010321797206,0.6911764705882353,38.57142857142856,1045.7142857142844,30.756302521008365,0
455,4,0,0,34,0.0,0.0,1.0,34,500,300,200,0.6,7,3,4,361.1228031848569,0.7742869875222816,0.036789812669889344,0.24519512741747718,136752.04790249444,3076.8565759637277,139828.90447845816,449,23,233.41176470588235,34,0,21,29.068973366719778,0.6917892156862745,38.511904761904766,1045.9523809523816,30.763305322128872,0
456,4,0,0,34,0.0,0.0,1.0,34,500,300,200,0.6,7,3,4,357.13418739328074,0.7742869875222816,0.08901257529911466,0.23002046902321016,134868.83049788544,2837.349841897546,137706.180339783,450,24,234.41176470588235,33,1,19,31.04451785433382,0.6755050505050504,40.318627450980394,1038.7254901960785,31.476530005941772,4
457,4,0,0,34,0.0,0.0,1.0,34,1200,900,300,0.75,15,9,6,357.20007119971496,0.773767082590612,0.09021920088790236,0.2308732167510354,134996.15532487506,2844.127258746634,137840.28258362168,451,25,235.41176470588235,33,1,19,30.915880503144656,0.6767676767676767,40.19607843137255,1039.2156862745098,31.491384432560903,0
458,4,0,0,34,0.0,0.0,1.0,34,1150,800,350,0.6956521739130435,15,8,7,358.59293737776153,0.7732843137254902,0.08788164564422973,0.23238685162532874,135091.68836805562,2888.5850694444543,137980.2734375001,452,26,236.41176470588235,33,1,19,30.78448563794254,0.6777146464646464,40.10416666666667,1039.583333333334,31.50252525252527,0
459,4,0,0,34,0.0,0.0,1.0,34,600,400,200,0.6666666666666666,8,4,4,360.11402145072793,0.7721702317290553,0.08765988422475646,0.23378481040623023,135155.39583633706,2934.2706230776707,138089.66645941473,453,27,237.41176470588235,33,1,19,30.681472205853474,0.6783459595959596,40.04289215686275,1039.8284313725496,31.509952465834836,0
460,4,0,0,34,0.0,0.0,1.0,34,1000,700,300,0.7,13,7,6,361.8226001606726,0.7718360071301248,0.09120211836796943,0.23510157618403296,135187.2552023261,2982.7608371780157,138170.01603950412,454,28,238.41176470588235,33,1,19,30.60531070783251,0.6786616161616161,40.01225490196079,1039.9509803921574,31.513666072489617,0
461,4,0,0,34,0.0,0.0,1.0,34,900,600,300,0.6666666666666666,12,6,6,359.57053333721785,0.7705733808674986,0.08062772812305141,0.23446649984892318,135314.73021193774,2931.037942137642,138245.76815407537,455,29,239.41176470588235,33,1,19,30.53690616411465,0.6799242424242424,39.88970588235294,1040.4411764705883,31.528520499108737,0
462,4,0,0,34,0.0,0.0,1.0,34,600,500,100,0.8333333333333334,7,5,2,359.9459179214203,0.7696449792038028,0.08181326941328848,0.23491935350275026,135346.60835075454,2943.491836072665,138290.1001868272,456,30,240.41176470588235,33,1,19,30.495401994268434,0.680239898989899,39.85906862745098,1040.5637254901962,31.53223410576352,0
463,4,0,0,34,0.0,0.0,1.0,34,1050,700,350,0.6666666666666666,14,7,7,358.44911980694803,0.768048128342246,0.07901078962312535,0.23456601106627264,135442.2652945983,2909.8321559015885,138352.0974504999,457,31,241.41176470588235,33,1,19,30.439133506004243,0.6811868686868687,39.767156862745104,1040.9313725490201,31.543374925727882,0
464,4,0,0,34,0.0,0.0,1.0,34,800,600,200,0.75,10,6,4,359.1121644482748,0.7667855020796198,0.08420571618477934,0.23541797447164675,135506.05536332176,2932.374567474043,138438.4299307958,458,32,242.41176470588235,33,1,19,30.358403954802256,0.6818181818181819,39.705882352941174,1041.176470588235,31.550802139037422,0
465,4,0,0,34,0.0,0.0,1.0,34,1150,700,450,0.6086956521739131,16,7,9,357.1200000000002,0.767193998811646,0.08470588235294163,0.23494736842105274,135633.68055555556,2887.500000000005,138521.18055555556,459,33,243.41176470588235,33,1,20,30.283333333333342,0.683080808080808,39.583333333333336,1041.6666666666667,31.565656565656568,0
466,4,0,0,34,0.0,0.0,1.0,34,1000,600,400,0.6,14,6,8,351.9309394417041,0.7657828282828283,0.077931148946764,0.23277796041144136,135825.23098087288,2760.220227797014,138585.4512086699,460,34,244.41176470588235,33,1,20,30.228172270554126,0.6849747474747474,39.399509803921575,1042.4019607843147,31.587938205585296,0
467,4,0,0,34,0.0,0.0,1.0,34,900,500,400,0.5555555555555556,13,5,8,352.79073516635555,0.7655971479500892,0.07934987795517912,0.23355570303970324,135857.1691927383,2785.8301194252167,138642.99931216353,461,35,245.41176470588235,33,1,20,30.174047842952856,0.685290404040404,39.368872549019606,1042.524509803921,31.591651812240034,0
468,4,0,0,34,0.0,0.0,1.0,34,750,500,250,0.6666666666666666,10,5,5,352.79073516635555,0.7655971479500892,0.07934987795517912,0.23355570303970324,135857.1691927383,2785.8301194252167,138642.99931216353,462,36,246.41176470588235,33,1,20,30.174047842952856,0.685290404040404,39.368872549019606,1042.524509803921,31.591651812240034,0
469,4,0,0,34,0.0,0.0,1.0,34,800,700,100,0.875,9,7,2,352.56414019176873,0.7653000594177065,0.07983588311338186,0.2338244948473705,135921.05688016638,2784.1781105824775,138705.23499074887,463,37,247.41176470588235,33,1,20,30.116518784032586,0.6859217171717171,39.30759803921569,1042.769607843138,31.599079025549635,0
470,4,0,1,33,0.0,0.029411764705882353,0.9705882352941176,34,950,800,150,0.8421052631578947,11,8,3,354.03265115624,0.7645202020202021,0.0819589410382251,0.23500919355223088,135953.0063557285,2826.3606545559333,138779.36701028442,464,38,248.41176470588235,33,1,20,30.04651390520956,0.6862373737373737,39.27696078431372,1042.8921568627445,31.60279263220438,0
471,4,0,0,33,0.0,0.0,1.0,33,350,200,150,0.5714285714285714,5,2,3,361.21230163098375,0.7606534090909092,0.08551054935940439,0.2391764213766665,135863.94444763282,3215.1456165187055,139079.09006415153,465,39,252.72727272727272,32,1,20,29.9478220499778,0.6878255208333334,39.36237373737373,1042.5505050505044,32.57970328282826,0
472,4,0,1,32,0.0,0.030303030303030304,0.9696969696969697,33,1050,500,550,0.47619047619047616,16,5,11,361.2617181316651,0.7574179292929294,0.0883190256071611,0.2398731343864594,135962.6887562495,3223.6229083767107,139186.3116646262,466,40,253.72727272727272,32,1,20,29.84841606133978,0.6888020833333333,39.267676767676775,1042.929292929294,32.59154040404044,0
473,4,0,0,32,0.0,0.0,1.0,32,800,600,200,0.75,10,6,4,369.65032969028954,0.7557123655913979,0.08107517482517479,0.2450463443840928,135905.08355034728,3647.4717881944553,139552.55533854174,467,41,251.84375,31,1,20,29.686979686979683,0.6908602150537635,39.32291666666667,1042.708333333334,33.63575268817206,0
474,4,0,1,31,0.0,0.03125,0.96875,32,1000,800,200,0.8,12,8,4,371.3426365693597,0.7549563172043011,0.08186158262606114,0.24710940234167017,136040.8867730034,3703.556315104155,139744.44308810757,468,42,252.84375,31,1,20,29.507821600931933,0.6922043010752689,39.19270833333333,1043.229166666666,33.65255376344084,0
475,4,0,0,31,0.0,0.0,1.0,31,700,400,300,0.5714285714285714,10,4,6,379.7202146880647,0.7525985663082437,0.07151646158962421,0.25227986866261803,135983.92877789322,4127.169325933608,140111.09810382684,469,43,247.74193548387098,30,1,20,29.346005154639176,0.6944444444444446,39.24731182795698,1043.0107526881707,34.76702508960569,0
476,4,0,0,31,0.0,0.0,1.0,31,1250,1000,250,0.8,15,10,5,361.82204903766,0.7510752688172043,0.02382831311892697,0.23165329742001486,134652.1186828612,3544.0210978189957,138196.1397806802,470,44,248.74193548387098,31,0,23,31.139050934638068,0.6784274193548387,40.52734374999999,1037.890624999999,33.48034274193545,4
477,4,0,0,31,0.0,0.0,1.0,31,900,400,500,0.4444444444444444,14,4,10,362.93622716142585,0.7478494623655914,0.02665728485524932,0.23366765811676285,134854.9079895018,3588.7463039821905,138443.654293484,471,45,249.74193548387098,31,0,17,30.907739960720406,0.6804435483870968,40.33203124999999,1038.6718749999989,33.505544354838676,0
478,4,0,0,31,0.0,0.0,1.0,31,800,400,400,0.5,12,4,8,372.1964526276075,0.7477598566308243,0.005448641285619615,0.23523170560427906,134179.53703138573,3788.2295396592976,137967.76657104504,472,46,250.74193548387098,31,0,19,31.34255477357462,0.6737231182795698,40.98307291666667,1036.0677083333342,33.42153897849465,4
479,4,0,0,31,0.0,0.0,1.0,31,900,600,300,0.6666666666666666,12,6,6,373.2052593048197,0.7455197132616488,0.010370544413071503,0.23717745250153865,134381.97029961477,3830.4116143120605,138212.38191392683,473,47,251.74193548387098,31,0,20,31.113823307798555,0.675739247311828,40.787760416666664,1036.8489583333333,33.44674059139785,0
480,4,0,0,31,0.0,0.0,1.0,31,1000,800,200,0.8,12,8,4,373.08384888853186,0.7455197132616488,0.014772460375952479,0.23775887521968359,134483.24415418835,3834.7052680121487,138317.9494222005,474,48,252.74193548387098,31,0,21,31.015670767428233,0.676747311827957,40.690104166666664,1037.2395833333333,33.45934139784946,0
481,4,0,0,31,0.0,0.0,1.0,31,700,500,200,0.7142857142857143,9,5,4,373.3139801230777,0.7452508960573476,0.013210830938600537,0.2387891189069765,134618.33530002163,3850.9813096788102,138469.31660970044,475,49,253.74193548387098,31,0,21,30.87463404433292,0.6780913978494624,40.55989583333333,1037.760416666666,33.47614247311826,0
482,4,0,0,31,0.0,0.0,1.0,31,1400,1200,200,0.8571428571428571,16,12,4,374.4137734495534,0.7443548387096774,0.011908180806956992,0.24060836770831487,134787.29459974487,3893.243916829408,138680.53851657428,476,50,254.74193548387098,31,0,17,30.677246603970747,0.6797715053763442,40.39713541666666,1038.4114583333321,33.49714381720426,0
483,4,0,0,31,0.0,0.0,1.0,31,500,300,200,0.6,7,3,4,375.8101457825136,0.7422043010752688,0.016304941222142988,0.24195621734520628,134854.9079895017,3935.9685262043977,138790.8765157061,477,51,255.74193548387098,31,0,17,30.57344553090135,0.6804435483870969,40.332031249999986,1038.671874999998,33.50554435483864,0
484,4,0,0,31,0.0,0.0,1.0,31,850,600,250,0.7058823529411765,11,6,5,375.84870049693575,0.7419354838709677,0.013973912129323418,0.24220686046563406,134888.7210422091,3939.550103081577,138828.27114529067,478,52,256.741935483871,31,0,17,30.53866883930809,0.6807795698924732,40.29947916666666,1038.8020833333323,33.509744623655884,0
485,4,0,0,31,0.0,0.0,1.0,31,1000,600,400,0.6,14,6,8,373.97285537238145,0.7426523297491039,0.010088476260150081,0.24167428005886435,134990.18563164593,3896.533033582879,138886.7186652288,479,53,257.741935483871,31,0,18,30.48607630622729,0.6817876344086022,40.20182291666666,1039.1927083333323,33.52234543010749,0
486,4,0,0,31,0.0,0.0,1.0,31,700,600,100,0.8571428571428571,8,6,2,374.27883871164323,0.742741935483871,0.009051492486048751,0.24232505834834134,135057.84988403323,3909.8590426974833,138967.7089267307,480,54,258.741935483871,31,0,18,30.41058603699527,0.6824596774193549,40.13671875,1039.4531250000002,33.53074596774194,0
487,4,0,0,31,0.0,0.0,1.0,31,550,300,250,0.5454545454545454,8,3,5,376.10458924204255,0.7415770609318997,0.008531058384430912,0.24419278452739449,135159.3780517578,3966.8124728732632,139126.19052463106,481,55,259.741935483871,31,0,18,30.26181233825862,0.683467741935484,40.0390625,1039.84375,33.54334677419355,0
488,4,0,0,31,0.0,0.0,1.0,31,1250,1000,250,0.8,15,10,5,375.18174313636746,0.7410394265232975,0.00904356251766325,0.2445107771337336,135294.80828179247,3952.028401692704,139246.8366834852,482,56,260.741935483871,31,0,19,30.15070921985815,0.6848118279569892,39.908854166666664,1040.364583333333,33.56014784946235,0
489,4,0,0,31,0.0,0.0,1.0,31,350,200,150,0.5714285714285714,5,2,3,377.2240709177649,0.7396953405017921,0.003616519745552438,0.24630512865806975,135362.54882812485,4012.4023437499836,139374.95117187483,483,57,261.741935483871,31,0,19,30.030030030030044,0.685483870967742,39.84374999999999,1040.6249999999989,33.56854838709674,0
490,4,0,0,31,0.0,0.0,1.0,31,550,200,350,0.36363636363636365,9,2,7,377.9410740191749,0.7384408602150537,0.005165164195727989,0.2472390299271098,135430.30632866744,4036.9350857204754,139467.2414143879,484,58,262.741935483871,31,0,19,29.94381202568594,0.6861559139784947,39.77864583333333,1040.8854166666658,33.576948924731155,0
491,4,0,0,31,0.0,0.0,1.0,31,800,300,500,0.375,13,3,10,377.33474040672144,0.7370967741935484,0.005680259484580175,0.24730890035181502,135498.08078342007,4025.626627604146,139523.70741102422,485,59,263.741935483871,31,0,19,29.892029348007313,0.6868279569892475,39.71354166666666,1041.1458333333326,33.58534946236556,0
492,4,0,0,31,0.0,0.0,1.0,31,500,300,200,0.6,7,3,4,375.57522235149827,0.7365591397849462,0.004130581226024832,0.24638843750163492,135531.97436862512,3980.490281846778,139512.4646504719,486,60,264.741935483871,31,0,19,29.904052561377192,0.6871639784946237,39.68098958333333,1041.2760416666658,33.58954973118277,0
493,4,0,0,31,0.0,0.0,1.0,31,800,400,400,0.5,12,4,8,374.2012875812096,0.7366487455197133,-0.00025803226209619723,0.24641847752570006,135667.5910949706,3953.397454155799,139620.9885491264,487,61,265.741935483871,31,0,19,29.80473794942299,0.6885080645161291,39.55078124999999,1041.796874999999,33.60635080645158,0
494,4,0,0,31,0.0,0.0,1.0,31,300,200,100,0.6666666666666666,4,2,2,373.67251538777384,0.7365591397849462,-0.0030960001935000925,0.24630374531573013,135701.50587293826,3941.5846082899106,139643.09048122817,488,62,266.741935483871,31,0,20,29.78474131467133,0.6888440860215055,39.51822916666666,1041.9270833333323,33.61055107526879,0
495,4,0,0,31,0.0,0.0,1.0,31,550,300,250,0.5454545454545454,8,3,5,372.9045022716026,0.7362007168458782,-0.004642839870387716,0.24626465645065254,135769.34814453128,3925.8002387152765,139695.14838324656,489,63,267.741935483871,31,0,21,29.73721472597035,0.6895161290322581,39.453125,1042.1875000000002,33.61895161290323,0
496,4,0,0,31,0.0,0.0,1.0,31,750,500,250,0.6666666666666666,10,5,5,375.71818790600014,0.7328853046594982,0.0010312268376784228,0.24906881198271924,135905.08355034716,4012.4023437499945,139917.48589409716,490,64,268.741935483871,31,0,16,29.528804528804525,0.6908602150537635,39.322916666666664,1042.708333333333,33.63575268817203,0
497,4,0,0,31,0.0,0.0,1.0,31,850,500,350,0.5882352941176471,12,5,7,378.6768939011481,0.7302867383512545,0.006183500199272718,0.25223091860597674,136074.84817504886,4105.6801689995655,140180.52834404842,491,65,269.741935483871,31,0,16,29.282754066308907,0.6925403225806452,39.16015625,1043.3593750000002,33.65675403225807,0
498,4,0,0,31,0.0,0.0,1.0,31,700,500,200,0.7142857142857143,9,5,4,376.6917263277834,0.7316308243727598,0.0036056918421221162,0.2516300731869593,136176.75781250003,4059.331597222222,140236.08940972225,492,66,270.741935483871,31,0,17,29.233200266134396,0.6935483870967742,39.0625,1043.7500000000002,33.66935483870969,0
499,4,0,0,31,0.0,0.0,1.0,31,950,700,250,0.7368421052631579,12,7,5,371.49832475775116,0.728225806451613,0.0005147135699405947,0.24959460311613746,136380.69152832034,3933.0396864149297,140313.73121473528,493,67,271.741935483871,31,0,19,29.16614726169699,0.6955645161290323,38.8671875,1044.5312500000002,33.69455645161291,0
500,4,0,0,31,0.0,0.0,1.0,31,700,400,300,0.5714285714285714,10,4,6,370.12108821066886,0.7272401433691756,-0.0030878964911364992,0.2489087586516511,136414.69531589092,3897.991095648881,140312.6864115398,494,68,272.741935483871,31,0,19,29.168354522414724,0.6959005376344086,38.83463541666667,1044.661458333334,33.698756720430126,0
501,4,0,0,31,0.0,0.0,1.0,31,500,400,100,0.8,6,4,2,370.12108821066886,0.7272401433691756,-0.0030878964911364992,0.2489087586516511,136414.69531589092,3897.991095648881,140312.6864115398,495,69,273.741935483871,31,0,19,29.168354522414724,0.6959005376344086,38.83463541666667,1044.661458333334,33.698756720430126,0
502,4,0,0,31,0.0,0.0,1.0,31,700,600,100,0.8571428571428571,8,6,2,372.1448768684003,0.7236559139784946,-0.0059155189943616016,0.25123691561166084,136550.75285169805,3963.3326212565,140514.08547295455,496,70,274.741935483871,31,0,20,28.98044620240023,0.697244623655914,38.70442708333333,1045.182291666666,33.715557795698906,0
503,4,0,0,31,0.0,0.0,1.0,31,900,700,200,0.7777777777777778,11,7,4,368.4068506849097,0.7219534050179212,-0.010024418455211181,0.24991924195111456,136720.92013888896,3873.784722222232,140594.70486111118,497,71,275.741935483871,31,0,21,28.909362549800793,0.6989247311827957,38.54166666666667,1045.833333333334,33.736559139784966,0
504,4,0,0,31,0.0,0.0,1.0,31,750,600,150,0.8,9,6,3,370.3766103802178,0.7224910394265233,-0.006679619133254988,0.25223274923859584,136857.13026258684,3937.7360026041715,140794.866265191,498,72,276.741935483871,31,0,21,28.722830595652887,0.700268817204301,38.411458333333336,1046.354166666667,33.753360215053775,0
505,4,0,0,31,0.0,0.0,1.0,31,800,500,300,0.625,11,5,6,369.87224344478193,0.7223118279569892,-0.010787469198725308,0.2523797192537484,136925.26075575082,3928.970675998258,140854.23143174907,499,73,277.741935483871,31,0,22,28.668512067678513,0.7009408602150538,38.346354166666664,1046.614583333333,33.76176075268816,0
506,4,0,0,31,0.0,0.0,1.0,31,650,400,250,0.6153846153846154,9,4,5,368.72324573471786,0.7195340501792115,-0.0077024603744519915,0.2523322228896058,137027.48828464092,3905.044047037772,140932.5323316787,500,74,278.741935483871,31,0,17,28.597318948721142,0.7019489247311828,38.24869791666667,1047.005208333334,33.774361559139805,0
507,4,0,0,31,0.0,0.0,1.0,31,750,600,150,0.8,9,6,3,369.38453821402476,0.7190860215053764,-0.011037447911026899,0.25327875881120215,137095.6611633301,3928.2034979926216,141023.86466132273,501,75,279.741935483871,31,0,18,28.512500518048817,0.7026209677419355,38.18359375,1047.2656250000002,33.7827620967742,0
508,4,0,0,31,0.0,0.0,1.0,31,550,400,150,0.7272727272727273,7,4,3,368.4005879936329,0.7182795698924731,-0.005131782572786792,0.2533462505125442,137197.95227050767,3908.7612575954718,141106.71352810314,502,76,280.741935483871,31,0,18,28.437008037119895,0.7036290322580646,38.08593749999999,1047.6562499999989,33.79536290322577,0
509,4,0,0,31,0.0,0.0,1.0,31,650,500,150,0.7692307692307693,8,5,3,367.378235556838,0.7172939068100358,-0.008465337010196583,0.2531387020343691,137266.16753472213,3885.7204861111,141151.88802083323,503,77,281.741935483871,31,0,18,28.39628893306826,0.7043010752688172,38.02083333333333,1047.9166666666658,33.80376344086019,0
510,4,0,0,31,0.0,0.0,1.0,31,700,300,400,0.42857142857142855,11,3,8,365.6121797506863,0.7150537634408602,-0.005128595526101565,0.25266469177448697,137368.52222018762,3844.720967610668,141213.24318779827,504,78,282.741935483871,31,0,18,28.341329234463647,0.7053091397849462,37.92317708333333,1048.3072916666658,33.8163642473118,0
511,4,0,0,31,0.0,0.0,1.0,31,800,700,100,0.875,9,7,2,367.432776138289,0.714516129032258,-0.0030756292425058174,0.2549242904215259,137505.05447387684,3904.7727796766358,141409.82725355346,505,79,283.741935483871,31,0,19,28.158623008483342,0.7066532258064517,37.79296874999999,1048.828124999999,33.83316532258062,0
512,4,0,0,31,0.0,0.0,1.0,31,800,500,300,0.625,11,5,6,366.24900048086545,0.7123655913978495,-0.0002561752238532389,0.2551080980877522,137641.65454440637,3882.223680284268,141523.87822469065,506,80,284.741935483871,31,0,19,28.054685238036136,0.707997311827957,37.66276041666666,1049.3489583333323,33.84996639784943,0
513,4,0,1,30,0.0,0.03225806451612903,0.967741935483871,31,850,600,250,0.7058823529411765,11,6,5,370.13997387279096,0.7131720430107527,-0.0002560798969279965,0.25858478937282825,137744.14910210492,3996.923149956577,141741.07225206148,507,81,285.741935483871,31,0,20,27.851339617960797,0.7090053763440862,37.56510416666666,1049.7395833333323,33.862567204301044,0
514,4,0,0,30,0.0,0.0,1.0,30,600,500,100,0.8333333333333334,7,5,2,378.0123689464982,0.7093390804597701,-0.005426753767986403,0.26325981840903756,137636.14516490334,4405.633057289838,142041.77822219318,508,82,283.3,30,0,20,27.7515370821058,0.710763888888889,37.66801075268816,1049.3279569892463,34.97759856630821,0
515,4,0,1,29,0.0,0.03333333333333333,0.9666666666666667,30,800,300,500,0.375,13,3,10,376.3542454018644,0.7067049808429119,-0.006084656084656359,0.2634479717813049,137812.4999999999,4373.263888888874,142185.7638888888,509,83,284.3,30,0,21,27.620701058201046,0.7125000000000001,37.49999999999999,1049.9999999999993,34.99999999999998,0
516,4,0,0,29,0.0,0.0,1.0,29,700,400,300,0.5714285714285714,10,4,6,386.59581385519283,0.7059729064039408,-0.02491410110744563,0.2697603476734709,137703.1467013888,4847.09201388887,142550.23871527766,510,84,280.2068965517241,29,0,22,27.460053592695505,0.7144396551724139,37.60416666666666,1049.5833333333323,36.19252873563215,0
517,4,0,0,29,0.0,0.0,1.0,29,450,300,150,0.6666666666666666,6,3,3,385.6068420620324,0.7047413793103448,-0.021899608544497795,0.269354575998599,137739.59297839509,4822.665895061724,142562.2588734568,511,85,281.2068965517241,29,0,22,27.449942665608173,0.7147988505747127,37.56944444444444,1049.7222222222224,36.197318007662844,0
518,4,0,0,29,0.0,0.0,1.0,29,800,800,0,1.0,8,8,0,387.3007758910681,0.7020730706075533,-0.025448193771121508,0.2713976984719523,137848.96074459868,4877.801890432083,142726.76263503075,512,86,282.2068965517241,29,0,22,27.2972876162765,0.7158764367816093,37.46527777777777,1050.1388888888882,36.21168582375476,0
519,4,0,0,29,0.0,0.0,1.0,29,150,100,50,0.6666666666666666,2,1,1,387.3007758910681,0.7020730706075533,-0.025448193771121508,0.2713976984719523,137848.96074459868,4877.801890432083,142726.76263503075,513,87,283.2068965517241,29,0,22,27.2972876162765,0.7158764367816093,37.46527777777777,1050.1388888888882,36.21168582375476,0
520,4,0,0,29,0.0,0.0,1.0,29,850,600,250,0.7058823529411765,11,6,5,389.2089809476323,0.701867816091954,-0.03227629971370738,0.27360378549143954,137958.3719135802,4938.927469135795,142897.29938271598,514,88,284.2068965517241,29,0,23,27.138969680944832,0.7169540229885059,37.36111111111111,1050.555555555555,36.226053639846725,0
521,4,0,0,29,0.0,0.0,1.0,29,1050,800,250,0.7619047619047619,13,8,5,389.6063988128494,0.7014573070607553,-0.02679157250127573,0.2750504875201161,138104.32098765433,4961.265432098763,143065.5864197531,515,89,285.2068965517241,29,0,18,26.984231853417896,0.7183908045977011,37.22222222222222,1051.111111111111,36.24521072796935,0
522,4,0,0,29,0.0,0.0,1.0,29,1150,900,250,0.782608695652174,14,9,5,388.464309090715,0.6970443349753694,-0.024311847245112705,0.27600644250028883,138323.38927469152,4946.739969135823,143270.12924382734,516,90,286.2068965517241,29,0,20,26.7978170935657,0.7205459770114941,37.0138888888889,1051.9444444444457,36.2739463601533,0
523,4,0,0,29,0.0,0.0,1.0,29,500,400,100,0.8,6,4,2,388.5501421429271,0.696223316912972,-0.024308637760327878,0.2763631292706737,138359.9175347223,4951.953125000011,143311.8706597223,517,91,287.2068965517241,29,0,20,26.75948844884488,0.720905172413793,36.97916666666667,1052.083333333334,36.27873563218393,0
524,4,0,0,29,0.0,0.0,1.0,29,550,300,250,0.5454545454545454,8,3,5,388.5501421429271,0.696223316912972,-0.024308637760327878,0.2763631292706737,138359.9175347223,4951.953125000011,143311.8706597223,518,92,288.2068965517241,29,0,20,26.75948844884488,0.720905172413793,36.97916666666667,1052.083333333334,36.27873563218393,0
525,4,0,0,29,0.0,0.0,1.0,29,900,700,200,0.7777777777777778,11,7,4,390.9366343001898,0.6948891625615763,-0.02784830862478538,0.2789564797294577,138469.53125000015,5026.562500000015,143496.09375000017,519,93,289.2068965517241,29,0,21,26.58847980997624,0.7219827586206895,36.87500000000001,1052.5000000000011,36.2931034482759,0
526,4,0,0,29,0.0,0.0,1.0,29,450,300,150,0.6666666666666666,6,3,3,389.0983135270355,0.694376026272578,-0.029755540490738808,0.2779430837154951,138506.0788001544,4978.496334876559,143484.57513503096,520,94,290.2068965517241,29,0,21,26.60077736728681,0.7223419540229885,36.840277777777786,1052.6388888888896,36.297892720306535,0
527,4,0,0,29,0.0,0.0,1.0,29,1000,800,200,0.8,12,8,4,375.1761436097328,0.6977627257799671,-0.03898564619390121,0.27090501939621897,138871.819540895,4620.27874228394,143492.09828317893,521,95,291.2068965517241,29,0,24,26.606903632450482,0.725933908045977,36.49305555555555,1054.0277777777771,36.34578544061301,2
528,4,0,0,29,0.0,0.0,1.0,29,900,700,200,0.7777777777777778,11,7,4,375.10350107016194,0.6969417077175698,-0.04197901049475283,0.2711462450592886,138908.42013888893,4621.006944444451,143529.42708333337,522,96,292.2068965517241,29,0,24,26.572793148880105,0.7262931034482758,36.458333333333336,1054.166666666667,36.35057471264369,0
529,4,0,0,29,0.0,0.0,1.0,29,450,300,150,0.6666666666666666,6,3,3,376.3822477220827,0.6969417077175698,-0.05013692284636029,0.2729580140356994,139018.2508680555,4664.80034722222,143683.05121527772,523,97,293.2068965517241,29,0,24,26.431005531410513,0.7273706896551724,36.354166666666664,1054.583333333333,36.364942528735625,0
530,4,0,0,29,0.0,0.0,1.0,29,750,500,250,0.6666666666666666,10,5,5,377.5148158010333,0.6979679802955665,-0.05339968940996975,0.27407719992285323,139054.87075617272,4699.054783950599,143753.9255401233,524,98,294.2068965517241,29,0,24,26.365112808357477,0.7277298850574714,36.319444444444436,1054.7222222222213,36.36973180076625,0
531,4,0,0,29,0.0,0.0,1.0,29,700,700,0,1.0,7,7,0,377.72560401684103,0.6959154351395731,-0.05582966052843019,0.2751276523217582,139164.75935570968,4713.218557098736,143877.97791280842,525,99,295.2068965517241,29,0,20,26.25145342459743,0.728807471264368,36.215277777777764,1055.1388888888873,36.38409961685819,0
532,4,0,0,29,0.0,0.0,1.0,29,650,600,50,0.9230769230769231,7,6,1,377.72560401684103,0.6959154351395731,-0.05582966052843019,0.2751276523217582,139164.75935570968,4713.218557098736,143877.97791280842,526,100,296.2068965517241,29,0,20,26.25145342459743,0.728807471264368,36.215277777777764,1055.1388888888873,36.38409961685819,0
533,4,0,0,29,0.0,0.0,1.0,29,500,400,100,0.8,6,4,2,377.56642155383565,0.696223316912972,-0.05201005709306439,0.2753118686147834,139201.39853395053,4711.554783950606,143912.95331790115,527,101,297.2068965517241,29,0,20,26.21961919803457,0.7291666666666667,36.18055555555555,1055.2777777777771,36.388888888888864,0
534,4,0,0,29,0.0,0.0,1.0,29,650,500,150,0.7692307692307693,8,5,3,378.0200056451836,0.6957101806239737,-0.05036960398600565,0.2759437101726945,139238.04253472228,4726.953125000005,143964.99565972228,528,102,298.2068965517241,29,0,20,26.171617976049493,0.7295258620689655,36.145833333333336,1055.416666666667,36.39367816091955,0
535,4,0,0,29,0.0,0.0,1.0,29,600,400,200,0.6666666666666666,8,4,4,377.2160664819944,0.6961206896551724,-0.047368421052631726,0.275657894736842,139274.69135802466,4707.330246913572,143982.02160493823,529,103,299.2068965517241,29,0,20,26.156798245614034,0.7298850574712643,36.11111111111111,1055.5555555555552,36.39846743295018,0
536,4,0,0,29,0.0,0.0,1.0,29,750,600,150,0.8,9,6,3,376.71335838364286,0.6951970443349753,-0.04382363482118945,0.27559174562791805,139311.34500385798,4696.08892746913,144007.4339313271,530,104,300.2068965517241,29,0,21,26.13403389904836,0.7302442528735633,36.076388888888886,1055.6944444444441,36.40325670498083,0
537,4,0,0,29,0.0,0.0,1.0,29,650,600,50,0.9230769230769231,7,6,1,378.3325358200186,0.6933497536945813,-0.04896959804121648,0.2779921676242746,139458.00781250003,4752.300347222222,144210.30815972225,531,105,301.2068965517241,29,0,22,25.94715647600263,0.7316810344827587,35.9375,1056.2500000000002,36.42241379310346,0
538,4,0,0,29,0.0,0.0,1.0,29,1000,700,300,0.7,13,7,6,376.94424265342474,0.6915024630541872,-0.05058196453823571,0.277886802142176,139568.0555555556,4721.8750000000055,144289.9305555556,532,106,302.2068965517241,29,0,22,25.875722923238705,0.7327586206896552,35.833333333333336,1056.666666666667,36.436781609195414,0
539,4,0,0,29,0.0,0.0,1.0,29,500,400,100,0.8,6,4,2,375.1374928555518,0.6913998357963875,-0.048665548960079796,0.27716469132337374,139641.44483024685,4676.948302469131,144318.39313271598,533,107,303.2068965517241,29,0,23,25.85140166447655,0.7334770114942528,35.763888888888886,1056.9444444444441,36.44636015325669,0
540,4,0,0,29,0.0,0.0,1.0,29,750,700,50,0.9333333333333333,8,7,1,406.3806028046773,0.6913998357963875,-0.06242094263872877,0.27397918060057286,136503.125,5294.444444444444,141797.56944444444,534,108,304.2068965517241,29,0,20,28.133306751727797,0.7025862068965518,38.75,1045.0,36.03448275862069,8
541,4,0,0,29,0.0,0.0,1.0,29,700,400,300,0.5714285714285714,10,4,6,406.3806028046773,0.6913998357963875,-0.06242094263872877,0.27397918060057286,136503.125,5294.444444444444,141797.56944444444,535,109,305.2068965517241,29,0,20,28.133306751727797,0.7025862068965518,38.75,1045.0,36.03448275862069,0
542,4,0,0,29,0.0,0.0,1.0,29,700,500,200,0.7142857142857143,9,5,4,406.3806028046773,0.6913998357963875,-0.06242094263872877,0.27397918060057286,136503.125,5294.444444444444,141797.56944444444,536,110,306.2068965517241,29,0,20,28.133306751727797,0.7025862068965518,38.75,1045.0,36.03448275862069,0
543,4,0,0,29,0.0,0.0,1.0,29,900,600,300,0.6666666666666666,12,6,6,405.40547220870036,0.6907840722495895,-0.06872726273058027,0.27388524091945043,136575.7040895061,5273.707561728383,141849.41165123446,537,111,307.2068965517241,29,0,20,28.086522278324026,0.7033045977011494,38.68055555555555,1045.2777777777771,36.04406130268197,0
544,4,0,0,29,0.0,0.0,1.0,29,1000,700,300,0.7,13,7,6,403.7038102689524,0.6889367816091954,-0.06622668211650584,0.2735810969860433,136684.60889274685,5236.019483024684,141920.62837577154,538,112,308.2068965517241,29,0,20,28.02261809890645,0.704382183908046,38.576388888888886,1045.6944444444441,36.05842911877394,0
545,4,0,1,28,0.0,0.034482758620689655,0.9655172413793104,29,600,400,200,0.6666666666666666,8,4,4,405.4782744490569,0.687807881773399,-0.062637649439787,0.27535228898790326,136757.23620756168,5290.417631172836,142047.65383873452,539,113,309.2068965517241,29,0,20,27.903969149736646,0.7051005747126438,38.50694444444444,1045.972222222222,36.06800766283524,0
546,4,0,0,28,0.0,0.0,1.0,28,850,700,150,0.8235294117647058,10,7,3,408.37805683029086,0.6840277777777778,-0.04253242294033388,0.27762844367706335,136796.0621655767,5572.902009842781,142368.96417541947,540,114,312.2857142857143,28,0,20,27.789509224923318,0.7087053571428571,38.4698275862069,1046.1206896551726,37.36145320197045,0
547,4,0,0,28,0.0,0.0,1.0,28,800,500,300,0.625,11,5,6,408.726475336101,0.6818783068783069,-0.03924452812426471,0.27876064104383513,136908.81391200953,5591.651390540357,142500.46530254988,541,115,313.2857142857143,28,0,20,27.668234028921834,0.7098214285714286,38.36206896551724,1046.551724137931,37.37684729064039,0
548,4,0,0,28,0.0,0.0,1.0,28,550,300,250,0.5454545454545454,8,3,5,407.63446402875843,0.6813271604938271,-0.039518058115368127,0.27861394980427123,136984.00754723203,5567.880499405455,142551.8880466375,542,116,314.2857142857143,28,0,19,27.62203769786805,0.7105654761904763,38.290229885057464,1046.8390804597693,37.38711001642033,0
549,4,0,0,28,0.0,0.0,1.0,28,750,600,150,0.8,9,6,3,406.81507637473965,0.6808862433862434,-0.03837031519523271,0.2786530335168326,137059.2218258685,5551.551558990594,142610.7733848591,543,117,315.2857142857143,28,0,19,27.56872027076473,0.711309523809524,38.21839080459769,1047.1264367816077,37.397372742200275,0
550,4,0,0,28,0.0,0.0,1.0,28,850,600,250,0.7058823529411765,11,6,5,405.36345058812213,0.6807208994708994,-0.030249162602103752,0.2791610618639447,137247.34783739597,5527.011700687018,142774.359538083,544,118,316.2857142857143,28,0,20,27.419843228666757,0.7131696428571429,38.03879310344828,1047.844827586207,37.42302955665025,0
551,4,0,0,28,0.0,0.0,1.0,28,550,400,150,0.7272727272727273,7,4,3,405.65307812678384,0.6793981481481481,-0.033080387741114325,0.27996586612439794,137322.6343679812,5541.069865570082,142863.70423355128,545,119,317.2857142857143,28,0,20,27.337502855837336,0.7139136904761905,37.9669540229885,1048.1321839080456,37.4332922824302,0
552,4,0,0,28,0.0,0.0,1.0,28,900,600,300,0.6666666666666666,12,6,6,405.58136260930786,0.6787367724867724,-0.0373294308815757,0.28052390549385026,137397.94154198046,5545.208870062095,142943.15041204257,546,120,318.2857142857143,28,0,21,27.26462929971222,0.7146577380952381,37.895114942528735,1048.4195402298851,37.44355500821018,0
553,4,0,1,27,0.0,0.03571428571428571,0.9642857142857143,28,850,700,150,0.8235294117647058,10,7,3,405.58136260930786,0.6787367724867724,-0.0373294308815757,0.28052390549385026,137397.94154198046,5545.208870062095,142943.15041204257,547,121,319.2857142857143,28,0,21,27.26462929971222,0.7146577380952381,37.895114942528735,1048.4195402298851,37.44355500821018,0
554,4,0,0,27,0.0,0.0,1.0,27,300,100,200,0.3333333333333333,5,1,4,413.7006983941284,0.6718898385565053,-0.020027980266548617,0.2850567825921184,137266.16753472216,5957.42187499999,143223.58940972216,548,122,324.3703703703704,27,0,21,27.182736911862165,0.716820987654321,38.02083333333333,1047.916666666666,38.81172839506171,0
555,4,0,0,27,0.0,0.0,1.0,27,950,600,350,0.631578947368421,13,6,7,411.26520350554716,0.6702279202279202,-0.020605334258470887,0.2846536958644484,137422.15180342962,5903.389845521529,143325.54164895116,549,123,325.3703703703704,27,0,21,27.09161226227647,0.7183641975308642,37.8720238095238,1048.5119047619041,38.8337742504409,0
556,4,0,0,27,0.0,0.0,1.0,27,700,500,200,0.7142857142857143,9,5,4,408.9637342186007,0.6693969610636278,-0.02147622800105098,0.28433869095080216,137578.2246492347,5852.900899943309,143431.12554917802,550,124,326.3703703703704,27,0,21,26.997044917257682,0.7199074074074074,37.723214285714285,1049.107142857143,38.85582010582011,0
557,4,0,0,27,0.0,0.0,1.0,27,400,200,200,0.5,6,2,4,406.9432461041807,0.6693969610636278,-0.03332438082900202,0.2775976575994863,136915.52679014322,5743.369782808966,142658.8965729522,551,125,327.3703703703704,27,0,22,27.70821484430542,0.7133487654320987,38.355654761904766,1046.5773809523816,38.76212522045858,1
558,4,0,0,27,0.0,0.0,1.0,27,700,500,200,0.7142857142857143,9,5,4,406.99888623769664,0.6698717948717949,-0.03854054168519572,0.2666071355916596,135478.71492346935,5627.937216553283,141106.65214002263,552,126,328.3703703703704,27,0,22,29.139270059081387,0.6990740740740741,39.732142857142854,1041.0714285714282,38.55820105820104,2
559,4,1,1,27,0.03571428571428571,0.03571428571428571,0.9642857142857143,28,800,700,100,0.875,9,7,2,395.0087868272497,0.6822641093474426,-0.04294668687146996,0.26233932146194,135970.63525977664,5141.919135618957,141112.5543953956,553,0,317.60714285714283,28,0,21,28.960600633696107,0.7005208333333335,39.26005747126436,1042.9597701149419,37.24856321839078,0
560,4,1,1,27,0.03571428571428571,0.03571428571428571,0.9642857142857143,28,600,500,100,0.8333333333333334,7,5,2,398.5827470801174,0.6848544973544973,-0.04479535615899255,0.26499182635546265,136008.1004756243,5242.096462544593,141250.1969381689,554,0,318.57142857142856,28,0,21,28.830061983471076,0.7008928571428572,39.224137931034484,1043.1034482758623,37.2536945812808,0
561,4,0,0,27,0.0,0.0,1.0,27,400,200,200,0.5,6,2,4,410.1007504761835,0.6691595441595442,-0.027827999281039073,0.27156577106201724,135866.29508574263,5743.773915816333,141610.06900155896,555,129,331.3703703703704,27,0,21,28.671257969359605,0.7029320987654322,39.36011904761905,1042.5595238095239,38.61331569664903,0
562,4,0,0,27,0.0,0.0,1.0,27,900,800,100,0.8888888888888888,10,8,2,409.74698192281227,0.6695156695156695,-0.022492812447149957,0.2719229970942299,135943.87755102038,5740.518707482993,141684.39625850337,556,130,332.3703703703704,27,0,21,28.60302511415526,0.7037037037037037,39.285714285714285,1042.8571428571427,38.62433862433862,0
563,4,0,0,27,0.0,0.0,1.0,27,750,600,150,0.8,9,6,3,409.8556170841022,0.6669040835707503,-0.028691555217510878,0.2731851318435099,136099.10891439905,5756.196853741492,141855.30576814053,557,131,333.3703703703704,27,0,22,28.44528427457691,0.7052469135802469,39.13690476190476,1043.4523809523807,38.6463844797178,0
564,4,0,0,27,0.0,0.0,1.0,27,700,400,300,0.5714285714285714,10,4,6,409.13588011948,0.6663105413105413,-0.024842752348812613,0.2730037989798203,136137.93059541512,5739.782410359961,141877.7130057751,558,132,334.3703703703704,27,0,23,28.42533509197206,0.7056327160493827,39.09970238095237,1043.6011904761895,38.65189594356257,0
565,4,0,0,27,0.0,0.0,1.0,27,400,300,100,0.75,5,3,2,410.3170903701579,0.6671415004748339,-0.028387669106231916,0.27409181636726543,136176.7578125,5775.130208333334,141951.88802083334,559,133,335.3703703703704,27,0,23,28.355788423153687,0.7060185185185185,39.0625,1043.75,38.657407407407405,0
566,4,0,0,27,0.0,0.0,1.0,27,950,600,350,0.631578947368421,13,6,7,411.4858243383361,0.6658357075023742,-0.027792296929859184,0.27517379006038417,136215.59056565337,5810.156914328235,142025.7474799816,560,134,336.3703703703704,27,0,23,28.2865585649798,0.7064043209876543,39.02529761904762,1043.8988095238096,38.66291887125221,0
567,4,0,0,27,0.0,0.0,1.0,27,800,700,100,0.875,9,7,2,419.1657509034149,0.6667853751187085,-0.019422967125027446,0.2590765340178629,133356.91975357843,5779.730681335019,139136.65043491346,561,135,337.3703703703704,27,0,21,30.95450343370311,0.6778549382716049,41.7782738095238,1032.8869047619041,38.25507054673719,5
568,4,0,0,27,0.0,0.0,1.0,27,800,500,300,0.625,11,5,6,417.76425633648324,0.6665479582146249,-0.02300211777383021,0.25874551576665494,133433.78252993902,5748.772985756795,139182.55551569583,562,136,338.3703703703704,27,0,21,30.913179941427828,0.6786265432098766,41.703869047619044,1033.1845238095234,38.26609347442679,0
569,4,0,0,27,0.0,0.0,1.0,27,500,200,300,0.4,8,2,6,421.6446102260739,0.664292497625831,-0.02149608943908632,0.2622350140770398,133587.57451548323,5865.2961575255,139452.87067300873,563,137,339.3703703703704,27,0,21,30.65786790461111,0.6801697530864198,41.55505952380952,1033.7797619047615,38.28813932980598,0
570,4,0,0,27,0.0,0.0,1.0,27,700,500,200,0.7142857142857143,9,5,4,419.79690492210545,0.6660731244064578,-0.028649080735411392,0.26190201877994906,133702.97663336166,5825.6191539115625,139528.59578727323,564,138,340.3703703703704,27,0,18,30.58932853717026,0.6813271604938271,41.44345238095238,1034.2261904761904,38.304673721340386,0
571,4,0,0,27,0.0,0.0,1.0,27,700,500,200,0.7142857142857143,9,5,4,418.8312161247735,0.6658357075023742,-0.024762391850999377,0.26184483943340153,133779.93905895695,5806.242913832203,139586.18197278914,565,139,341.3703703703704,27,0,18,30.536775987725367,0.6820987654320987,41.36904761904762,1034.5238095238096,38.31569664902999,0
572,4,0,0,27,0.0,0.0,1.0,27,850,600,250,0.7058823529411765,11,6,5,417.78093846598307,0.6650047483380817,-0.024155283968368302,0.26200779323993806,133895.42421786432,5787.791197208062,139683.2154150724,566,140,342.3703703703704,27,0,19,30.44766954229571,0.6832561728395061,41.25744047619048,1034.9702380952388,38.3322310405644,0
573,4,0,0,27,0.0,0.0,1.0,27,500,300,200,0.6,7,3,4,416.37381967865247,0.6650047483380817,-0.026831488668487058,0.2616723273265027,133972.4420041454,5756.523481788553,139728.96548593396,567,141,343.3703703703704,27,0,19,30.406574912558106,0.6840277777777777,41.183035714285715,1035.267857142857,38.34325396825397,0
574,4,0,0,27,0.0,0.0,1.0,27,200,100,100,0.5,3,1,2,418.13502925797854,0.6650047483380817,-0.031189083820662544,0.25190085908956256,132398.00347222216,5672.048611111101,138070.05208333326,568,142,344.3703703703704,27,0,21,31.950067476383268,0.6682098765432098,42.70833333333333,1029.166666666666,38.117283950617264,3
575,4,0,0,27,0.0,0.0,1.0,27,650,500,150,0.7692307692307693,8,5,3,417.24728423970237,0.6634615384615385,-0.03148442645334337,0.2516215749857034,132436.2936906532,5651.736775439322,138088.03046609252,569,143,345.3703703703704,27,0,22,31.934153775721644,0.6685956790123457,42.67113095238094,1029.315476190475,38.12279541446204,0
576,4,0,0,27,0.0,0.0,1.0,27,950,700,250,0.7368421052631579,12,7,5,419.4259748070433,0.6635802469135803,-0.0278741168914578,0.253708719026638,132551.1975623582,5719.08304988661,138270.2806122448,570,144,346.3703703703704,27,0,22,31.761801541425804,0.6697530864197532,42.5595238095238,1029.7619047619041,38.13932980599645,0
577,4,1,1,27,0.03571428571428571,0.03571428571428571,0.9642857142857143,28,600,200,400,0.3333333333333333,10,2,8,407.66268863285944,0.6885471781305115,-0.03363364858138396,0.24851145207653075,132841.98137551203,5230.943858171497,138072.92523368352,571,0,334.9642857142857,28,0,20,31.770905923344948,0.6692708333333333,42.27729885057472,1030.8908045977016,36.8175287356322,0
578,4,2,2,27,0.06896551724137931,0.06896551724137931,0.9310344827586207,29,900,800,100,0.8888888888888888,10,8,2,396.8704247017657,0.6941707717569786,-0.041206687734049785,0.24393251662190416,133149.5008680555,4768.619791666662,137918.12065972216,572,0,324.3448275862069,29,0,20,31.739082895976313,0.6691810344827586,41.979166666666664,1032.083333333333,35.5890804597701,0
579,4,0,0,27,0.0,0.0,1.0,27,400,300,100,0.75,5,3,2,423.11823460402206,0.664292497625831,-0.017967722270349817,0.2575146654540821,132781.1547796201,5836.425559807246,138617.58033942734,573,147,349.3703703703704,27,0,20,31.43408894022525,0.6720679012345678,42.33630952380952,1030.6547619047612,38.17239858906523,0
580,4,0,0,27,0.0,0.0,1.0,27,450,300,150,0.6666666666666666,6,3,3,423.11823460402206,0.664292497625831,-0.017967722270349817,0.2575146654540821,132781.1547796201,5836.425559807246,138617.58033942734,574,148,350.3703703703704,27,0,20,31.43408894022525,0.6720679012345678,42.33630952380952,1030.6547619047612,38.17239858906523,0
581,4,0,0,27,0.0,0.0,1.0,27,750,500,250,0.6666666666666666,10,5,5,423.4176832541155,0.6632241215574549,-0.018863384822674245,0.25796079963951246,132819.5003587372,5847.625026573121,138667.12538531033,575,149,351.3703703703704,27,0,20,31.387595640248318,0.6724537037037037,42.29910714285714,1030.8035714285709,38.17791005291003,0
582,4,0,0,27,0.0,0.0,1.0,27,600,500,100,0.8333333333333334,7,5,2,422.34680976819493,0.6612060778727445,-0.024545255314485814,0.2578362154082663,132896.2081251771,5825.65790639172,138721.86603156882,576,150,352.3703703703704,27,0,20,31.337644922307224,0.6732253086419753,42.22470238095238,1031.1011904761901,38.18893298059964,0
583,4,1,1,27,0.03571428571428571,0.03571428571428571,0.9642857142857143,28,600,400,200,0.6666666666666666,8,4,4,410.15462608914083,0.6773037918871252,-0.033521520846149455,0.25608873835348855,133732.16667079527,5370.173363390132,139102.3400341854,577,0,340.75,28,0,20,30.80925591517342,0.6781994047619049,41.415229885057464,1034.3390804597693,36.94068144499176,1
584,4,0,0,27,0.0,0.0,1.0,27,750,600,150,0.8,9,6,3,418.47619482701504,0.6601377018043685,-0.022385315233207193,0.26080637469532975,133664.50372466695,5787.082580427999,139451.58630509494,578,152,354.3703703703704,27,0,23,30.6622355734638,0.6809413580246915,41.48065476190476,1034.077380952381,38.29916225749559,0
585,4,0,0,27,0.0,0.0,1.0,27,450,100,350,0.2222222222222222,8,1,7,422.07555739769373,0.6601377018043685,-0.025359075991987723,0.26387313624359426,133779.939058957,5893.048469387759,139672.98752834476,579,153,355.3703703703704,27,0,20,30.452867280398916,0.6820987654320987,41.36904761904762,1034.52380952381,38.31569664903,0
586,4,0,0,27,0.0,0.0,1.0,27,500,300,200,0.6,7,3,4,422.7093673204998,0.658713200379867,-0.026250326264708468,0.26454529531768073,133818.42857585734,5913.260655824821,139731.68923168216,580,154,356.3703703703704,27,0,20,30.397700033558657,0.6824845679012346,41.331845238095234,1034.6726190476184,38.32120811287476,0
587,4,0,0,27,0.0,0.0,1.0,27,650,300,350,0.46153846153846156,10,3,7,423.6827157606335,0.6574074074074074,-0.014686362663241415,0.25628360079227125,132551.1975623582,5831.9302721088325,138383.12783446704,581,155,357.3703703703704,27,0,21,31.652215799614627,0.6697530864197532,42.5595238095238,1029.7619047619041,38.13932980599645,4
588,4,1,0,28,0.03571428571428571,0.0,1.0,28,500,400,100,0.8,6,4,2,410.3375055461721,0.6684303350970018,-0.01962892180283493,0.2503896207312356,132879.01307966703,5305.04855330955,138184.06163297658,582,0,345.57142857142856,28,0,21,31.664576365663333,0.6696428571428572,42.241379310344826,1031.0344827586205,36.82266009852216,0
589,4,0,0,28,0.0,0.0,1.0,28,700,600,100,0.8571428571428571,8,6,2,410.12404798234365,0.6672729276895943,-0.024958708932800056,0.25100430865006346,132990.1391572532,5308.490842581572,138298.62999983478,583,1,346.57142857142856,28,0,21,31.557900357524254,0.6707589285714286,42.13362068965517,1031.4655172413788,36.8380541871921,0
590,4,0,0,28,0.0,0.0,1.0,28,950,800,150,0.8421052631578947,11,8,3,410.12404798234365,0.6672729276895943,-0.024958708932800056,0.25100430865006346,132990.1391572532,5308.490842581572,138298.62999983478,584,2,347.57142857142856,28,0,21,31.557900357524254,0.6707589285714286,42.13362068965517,1031.4655172413788,36.8380541871921,0
591,4,0,0,28,0.0,0.0,1.0,28,650,500,150,0.7692307692307693,8,5,3,411.77203276350826,0.6677138447971781,-0.024374838363141027,0.2525136607407987,133064.2490132448,5358.42726086669,138422.67627411147,585,3,348.57142857142856,28,0,21,31.440607157777468,0.6715029761904763,42.0617816091954,1031.7528735632181,36.848316912972074,0
592,4,0,0,28,0.0,0.0,1.0,28,600,500,100,0.8333333333333334,7,5,2,410.4376256614219,0.6672729276895943,-0.024079672242000028,0.25219619034439594,133138.37951265008,5329.000074316262,138467.37958696633,586,4,349.57142857142856,28,0,21,31.40023899020836,0.672247023809524,41.98994252873562,1032.0402298850559,36.858579638752,0
593,4,0,0,28,0.0,0.0,1.0,28,150,100,50,0.6666666666666666,2,1,1,410.4376256614219,0.6672729276895943,-0.024079672242000028,0.25219619034439594,133138.37951265008,5329.000074316262,138467.37958696633,587,5,350.57142857142856,28,0,21,31.40023899020836,0.672247023809524,41.98994252873562,1032.0402298850559,36.858579638752,0
594,4,0,0,28,0.0,0.0,1.0,28,400,300,100,0.75,5,3,2,410.4053303307027,0.6682098765432098,-0.026527203308940317,0.25242738810751436,133175.45250363313,5331.183115338873,138506.635618972,588,6,351.57142857142856,28,0,21,31.363678544914624,0.6726190476190477,41.95402298850574,1032.1839080459763,36.86371100164201,0
595,4,0,0,28,0.0,0.0,1.0,28,300,100,200,0.3333333333333333,5,1,4,410.4053303307027,0.6682098765432098,-0.026527203308940317,0.25242738810751436,133175.45250363313,5331.183115338873,138506.635618972,589,7,352.57142857142856,28,0,21,31.363678544914624,0.6726190476190477,41.95402298850574,1032.1839080459763,36.86371100164201,0
596,4,0,0,28,0.0,0.0,1.0,28,950,500,450,0.5263157894736842,14,5,9,409.38396653896507,0.6674933862433862,-0.02436126851575726,0.25205002567116214,133212.5306554695,5307.014838485907,138519.54549395543,590,8,353.57142857142856,28,0,21,31.352644398051485,0.6729910714285715,41.91810344827585,1032.3275862068954,36.86884236453198,0
597,4,1,0,29,0.034482758620689655,0.0,1.0,29,600,400,200,0.6666666666666666,8,4,4,395.210262057719,0.6779556650246306,-0.025848172098797306,0.24598203936100793,133615.77932098744,4761.265432098738,138377.04475308617,591,0,342.3448275862069,29,0,23,31.312690309869254,0.6738505747126438,41.527777777777764,1033.888888888887,35.65134099616852,0
598,4,0,0,29,0.0,0.0,1.0,29,600,500,100,0.8333333333333334,7,5,2,393.3117877051366,0.6770320197044335,-0.0247264577728592,0.24551491056497476,133723.4977816356,4719.00559413578,138442.5033757714,592,1,343.3448275862069,29,0,19,31.253496933888382,0.6749281609195403,41.4236111111111,1034.305555555554,35.66570881226048,0
599,4,0,0,29,0.0,0.0,1.0,29,850,600,250,0.7058823529411765,11,6,5,393.3117877051366,0.6770320197044335,-0.0247264577728592,0.24551491056497476,133723.4977816356,4719.00559413578,138442.5033757714,593,2,344.3448275862069,29,0,19,31.253496933888382,0.6749281609195403,41.4236111111111,1034.305555555554,35.66570881226048,0
600,4,0,0,29,0.0,0.0,1.0,29,1250,1000,250,0.8,15,10,5,392.6129453628216,0.6765188834154351,-0.023883360333256443,0.2457954994078167,133831.2596450616,4708.777006172823,138540.03665123443,594,3,345.3448275862069,29,0,19,31.163310961968687,0.6760057471264369,41.319444444444436,1034.7222222222213,35.68007662835246,0
601,4,0,1,28,0.0,0.034482758620689655,0.9655172413793104,29,750,400,350,0.5333333333333333,11,4,7,390.6625874363748,0.674055829228243,-0.030532091078153245,0.2455311068086624,133975.00964506168,4667.804783950607,138642.8144290123,595,4,346.3448275862069,29,0,20,31.069448171004378,0.6774425287356323,41.18055555555555,1035.2777777777774,35.699233716475085,0
602,4,0,0,28,0.0,0.0,1.0,28,800,700,100,0.875,9,7,2,404.9277866518767,0.6652336860670194,-0.025598048161225018,0.25359042777972307,133843.64884727172,5239.402497027342,139083.05134429905,596,5,359.25,28,0,20,30.83229195593817,0.6793154761904763,41.30747126436781,1034.7701149425282,36.95607553366172,0
603,4,0,0,28,0.0,0.0,1.0,28,700,400,300,0.5714285714285714,10,4,6,404.4151083934185,0.6650132275132274,-0.029616482906321684,0.2537810488559394,133917.99610252332,5231.692181926262,139149.68828444957,597,6,360.25,28,0,21,30.770810198038127,0.680059523809524,41.23563218390804,1035.0574712643668,36.96633825944167,0
604,4,0,0,28,0.0,0.0,1.0,28,600,400,200,0.6666666666666666,8,4,4,402.2650842692235,0.6629739858906525,-0.02888560724692235,0.25319864299810413,134029.55569180203,5183.082102985855,139212.63779478788,598,7,361.25,28,0,21,30.71435178761391,0.6811755952380952,41.12787356321839,1035.4885057471258,36.981732348111635,0
605,4,0,0,28,0.0,0.0,1.0,28,950,800,150,0.8421052631578947,11,8,3,402.9081904079542,0.6641865079365079,-0.024847950551736497,0.25463373891601715,134178.37406278893,5212.313177103964,139390.6872398929,599,8,362.25,28,0,21,30.54823649054684,0.6826636904761905,40.984195402298845,1036.063218390804,37.00225779967157,0
606,4,0,0,28,0.0,0.0,1.0,28,700,300,400,0.42857142857142855,11,3,8,402.51333870063655,0.6636353615520282,-0.020246182487968056,0.25490155505247525,134252.81421340338,5207.709695798662,139460.52390920205,600,9,363.25,28,0,21,30.483733074541348,0.683407738095238,40.912356321839084,1036.350574712644,37.01252052545157,0
607,4,0,0,28,0.0,0.0,1.0,28,700,400,300,0.5714285714285714,10,4,6,402.6429012148416,0.6617063492063492,-0.01894599303135891,0.25576330767308963,134364.5131457261,5220.183478662983,139584.69662438906,601,10,364.25,28,0,23,30.368278824833702,0.6845238095238095,40.80459770114943,1036.781609195403,37.027914614121535,0
608,4,0,0,28,0.0,0.0,1.0,28,1000,900,100,0.9,11,9,2,404.15972866997646,0.6624779541446207,-0.024386624455876582,0.25777678807396026,134513.51730743822,5272.989331483682,139786.5066389219,602,11,365.25,28,0,23,30.179478301015692,0.6860119047619048,40.660919540229884,1037.3563218390802,37.04844006568144,0
609,4,0,0,28,0.0,0.0,1.0,28,550,400,150,0.7272727272727273,7,4,3,407.7451469140027,0.6588403880070547,-0.02150569530137658,0.2611304025981166,134662.60404280614,5381.604653851228,140044.20869665736,603,12,366.25,28,0,23,29.93695782576597,0.6875,40.51724137931034,1037.9310344827584,37.068965517241374,0
610,4,0,0,28,0.0,0.0,1.0,28,350,200,150,0.5714285714285714,5,2,3,405.6654637977073,0.6553130511463845,-0.01289627638548474,0.2608674352606609,134811.77335182985,5337.696112432294,140149.46946426213,604,13,367.25,28,0,19,29.841415329275044,0.6889880952380952,40.37356321839081,1038.505747126437,37.08949096880132,0
611,4,0,0,28,0.0,0.0,1.0,28,800,700,100,0.875,9,7,2,403.59306638812836,0.6545414462081128,-0.01060067180399149,0.2600693288757725,134886.3889714625,5287.842267802875,140174.23123926538,605,14,368.25,28,0,19,29.82048178884279,0.6897321428571428,40.30172413793103,1038.7931034482756,37.099753694581274,0
612,4,0,0,28,0.0,0.0,1.0,28,700,500,200,0.7142857142857143,9,5,4,408.0837222274071,0.6556988536155203,-0.02657150781544071,0.25790462059437624,134178.37406278902,5351.202065992868,139529.5761287819,606,15,369.25,28,0,24,30.414182036703185,0.6826636904761905,40.98419540229885,1036.0632183908046,37.0022577996716,8
613,4,1,0,29,0.034482758620689655,0.0,1.0,29,650,500,150,0.7692307692307693,8,5,3,396.02213507860273,0.6776477832512315,-0.035461647858449186,0.25234584511663877,134478.7422839507,4851.311728395072,139330.0540123458,607,0,357.48275862068965,29,0,25,30.425370469559002,0.6824712643678161,40.69444444444445,1037.2222222222229,35.76628352490424,0
614,4,0,0,29,0.0,0.0,1.0,29,500,200,300,0.4,8,2,6,396.31996301004835,0.6776477832512315,-0.036841935171121,0.2527851241436423,134514.75935570983,4862.176890432095,139376.93624614194,608,1,358.48275862068965,29,0,25,30.38154929263177,0.6828304597701149,40.65972222222222,1037.3611111111109,35.77107279693486,0
615,4,0,0,29,0.0,0.0,1.0,29,500,400,100,0.8,6,4,2,396.31996301004835,0.6776477832512315,-0.036841935171121,0.2527851241436423,134514.75935570983,4862.176890432095,139376.93624614194,609,2,359.48275862068965,29,0,25,30.38154929263177,0.6828304597701149,40.65972222222222,1037.3611111111109,35.77107279693486,0
616,4,0,0,29,0.0,0.0,1.0,29,450,100,350,0.2222222222222222,8,1,7,397.2042632126604,0.6770320197044335,-0.039878334156439266,0.2538505603474583,134586.80796682107,4891.690779321002,139478.49874614208,610,3,360.48275862068965,29,0,25,30.28641301922993,0.6835488505747127,40.590277777777786,1037.6388888888896,35.780651340996194,0
617,4,0,0,29,0.0,0.0,1.0,29,550,300,250,0.5454545454545454,8,3,5,398.6067050101579,0.6739532019704433,-0.04180007935555896,0.2555048467620856,134694.91705246907,4938.059413580239,139632.97646604932,611,4,361.48275862068965,29,0,25,30.141713495673887,0.6846264367816093,40.48611111111111,1038.055555555555,35.795019157088106,0
618,4,0,0,29,0.0,0.0,1.0,29,600,400,200,0.6666666666666666,8,4,4,397.76723718145263,0.673132183908046,-0.0401284109149278,0.2554731842928298,134767.01388888885,4921.180555555551,139688.1944444444,612,5,362.48275862068965,29,0,25,30.091292134831455,0.6853448275862069,40.416666666666664,1038.333333333333,35.80459770114941,0
619,4,0,0,29,0.0,0.0,1.0,29,950,600,350,0.631578947368421,13,6,7,394.34928079155833,0.6711822660098522,-0.035128157846210484,0.25428729485524637,134911.26543209885,4840.432098765448,139751.6975308643,613,6,363.48275862068965,29,0,21,30.035650623885928,0.6867816091954022,40.277777777777786,1038.8888888888896,35.82375478927206,0
620,4,0,0,29,0.0,0.0,1.0,29,500,300,200,0.6,7,3,4,394.34928079155833,0.6711822660098522,-0.035128157846210484,0.25428729485524637,134911.26543209885,4840.432098765448,139751.6975308643,614,7,364.48275862068965,29,0,21,30.035650623885928,0.6867816091954022,40.277777777777786,1038.8888888888896,35.82375478927206,0
621,4,0,0,29,0.0,0.0,1.0,29,1050,800,250,0.7619047619047619,13,8,5,398.9873148078581,0.6693349753694581,-0.03981438386780167,0.2580485805278481,135019.50472608034,4974.2139274691435,139993.7186535495,615,8,365.48275862068965,29,0,21,29.806867789211108,0.6878591954022988,40.173611111111114,1039.305555555556,35.838122605364006,0
622,4,0,0,29,0.0,0.0,1.0,29,400,200,200,0.5,6,2,4,401.68786230864583,0.6701559934318555,-0.03870325660259122,0.26005466795137605,135055.5941358026,5050.038580246937,140105.63271604953,616,9,366.48275862068965,29,0,21,29.700583466951723,0.6882183908045976,40.1388888888889,1039.4444444444455,35.84291187739467,0
623,4,0,1,28,0.0,0.034482758620689655,0.9655172413793104,29,800,500,300,0.625,11,5,6,401.45001232741606,0.6692323481116584,-0.038682581786030346,0.26094250801282043,135200.00000000003,5055.208333333334,140255.20833333337,617,10,367.48275862068965,29,0,21,29.562299679487175,0.689655172413793,40.0,1040.0000000000002,35.86206896551725,0
624,4,0,0,28,0.0,0.0,1.0,28,650,400,250,0.6153846153846154,9,4,5,413.05442808266093,0.6478174603174602,-0.03093394437420982,0.2667151449905184,134961.0252345093,5549.249818337975,140510.27505284725,618,27,381.25,28,0,21,29.499965431415937,0.6904761904761905,40.22988505747127,1039.0804597701158,37.110016420361276,0
625,4,0,0,28,0.0,0.0,1.0,28,450,300,150,0.6666666666666666,6,3,3,413.4597252904199,0.6473765432098765,-0.02892096844267167,0.26752841258952587,135035.6821409698,5566.363208481971,140602.04534945177,619,28,382.25,28,0,21,29.41462768408442,0.691220238095238,40.1580459770115,1039.3678160919544,37.12027914614123,0
626,4,0,0,28,0.0,0.0,1.0,28,700,500,200,0.7142857142857143,9,5,4,418.3051578887973,0.6467151675485009,-0.022036474164134123,0.2717857031237986,135185.05788413278,5709.721396485681,140894.77928061847,620,29,383.25,28,0,21,29.1390347241411,0.6927083333333333,40.01436781609196,1039.9425287356332,37.140804597701184,0
627,4,0,0,28,0.0,0.0,1.0,28,900,700,200,0.7777777777777778,11,7,4,417.2857971368395,0.6457231040564374,-0.024605367008681878,0.27168607655312216,135259.776720835,5688.39674990092,140948.17347073593,621,30,384.25,28,0,21,29.090699815837937,0.6934523809523809,39.94252873563219,1040.2298850574716,37.15106732348113,0
628,4,0,0,28,0.0,0.0,1.0,28,750,600,150,0.8,9,6,3,418.14598187976617,0.6439594356261023,-0.0248846017280151,0.2728120000696638,135334.5162009512,5717.916831813979,141052.4330327652,622,31,385.25,28,0,21,28.99348706618798,0.6941964285714286,39.87068965517241,1040.5172413793102,37.16133004926108,0
629,4,0,0,28,0.0,0.0,1.0,28,800,500,300,0.625,11,5,6,418.31835695780205,0.6435185185185185,-0.025163682259210063,0.27349261532511904,135409.27632448147,5728.8371977804245,141138.1135222619,623,32,386.25,28,0,22,28.91415884410086,0.6949404761904762,39.798850574712645,1040.8045977011498,37.17159277504106,0
630,4,0,0,28,0.0,0.0,1.0,28,600,400,200,0.6666666666666666,8,4,4,418.44476768436454,0.6448412698412698,-0.026014352746343228,0.27414564074510905,135484.0570914256,5738.518958911358,141222.57605033697,624,33,387.25,28,0,22,28.83602447327261,0.6956845238095237,39.72701149425288,1041.091954022989,37.18185550082104,0
631,4,0,1,27,0.0,0.03571428571428571,0.9642857142857143,28,800,600,200,0.75,10,6,4,415.52103742090577,0.6412588183421516,-0.03213842425675262,0.27365513554395887,135671.09932372172,5674.839187805517,141345.93851152723,625,34,388.25,28,0,22,28.72506091113869,0.6975446428571428,39.547413793103445,1041.8103448275858,37.207512315270925,0
632,4,0,0,27,0.0,0.0,1.0,27,600,300,300,0.5,9,3,6,422.65197357098,0.637701804368471,-0.013335238367385704,0.2777597336172103,135594.93084343115,6061.8930254393445,141656.8238688705,626,35,393.48148148148147,27,0,22,28.615546268514546,0.7002314814814815,39.620535714285715,1041.5178571428573,38.574735449735456,0
633,4,0,0,27,0.0,0.0,1.0,27,850,600,250,0.7058823529411765,11,6,5,424.3756799205192,0.63497150997151,-0.018071492432297998,0.2794970964368347,135672.43580374843,6115.216438137733,141787.65224188616,627,36,394.48148148148147,27,0,22,28.493102175879628,0.7010030864197532,39.54613095238094,1041.815476190475,38.585758377425,0
634,4,0,0,27,0.0,0.0,1.0,27,850,700,150,0.8235294117647058,10,7,3,422.55367822776327,0.6350902184235517,-0.017767624849292174,0.2792043360667219,135788.7347647391,6075.605867346927,141864.34063208604,628,37,395.48148148148147,27,0,23,28.424233771178386,0.7021604938271606,39.4345238095238,1042.261904761904,38.6022927689594,0
635,4,0,0,27,0.0,0.0,1.0,27,400,200,200,0.5,6,2,4,423.840623680139,0.6352089268755936,-0.02013376688608659,0.28035916608870365,135827.51215720654,6113.843493126407,141941.35565033296,629,38,396.48148148148147,27,0,23,28.35192124672854,0.7025462962962963,39.39732142857142,1042.4107142857135,38.607804232804206,0
636,4,0,0,27,0.0,0.0,1.0,27,650,500,150,0.7692307692307693,8,5,3,426.0297429161193,0.6344966761633428,-0.014501944867241656,0.2827288293897882,135943.8775510204,6183.227040816326,142127.10459183675,630,39,397.48148148148147,27,0,17,28.1785102739726,0.7037037037037037,39.285714285714285,1042.857142857143,38.62433862433863,0
637,4,0,0,27,0.0,0.0,1.0,27,550,400,150,0.7272727272727273,7,4,3,428.4915985111955,0.6355650522317189,-0.015681301843926576,0.284983501476611,136021.48216057252,6256.812464569151,142278.29462514166,631,40,398.48148148148147,27,0,17,28.036733238231093,0.7044753086419753,39.21130952380952,1043.1547619047615,38.6353615520282,0
638,4,0,0,27,0.0,0.0,1.0,27,700,500,200,0.7142857142857143,9,5,4,428.10876426820863,0.6362773029439697,-0.015974896591071097,0.2850399379187474,136060.2927694515,6249.7207607001055,142310.01353015163,632,41,399.48148148148147,27,0,17,28.00792207483478,0.7048611111111112,39.17410714285714,1043.303571428571,38.640873015873005,0
639,4,0,0,27,0.0,0.0,1.0,27,800,500,300,0.625,11,5,6,429.22120819844304,0.63497150997151,-0.01804057015806615,0.2864061211318439,136137.93059541512,6286.657410359961,142424.5880057751,633,42,400.48148148148147,27,0,17,27.9013082846143,0.7056327160493827,39.09970238095237,1043.6011904761895,38.65189594356257,0
640,4,0,0,27,0.0,0.0,1.0,27,400,200,200,0.5,6,2,4,429.22120819844304,0.63497150997151,-0.01804057015806615,0.2864061211318439,136137.93059541512,6286.657410359961,142424.5880057751,634,43,401.48148148148147,27,0,17,27.9013082846143,0.7056327160493827,39.09970238095237,1043.6011904761895,38.65189594356257,0
641,4,0,0,27,0.0,0.0,1.0,27,600,400,200,0.6666666666666666,8,4,4,430.7154154764323,0.6347340930674265,-0.01981222739705757,0.28771789753825683,136176.7578125,6330.6857638888905,142507.44357638888,635,44,402.48148148148147,27,0,17,27.823519627411844,0.7060185185185185,39.0625,1043.75,38.657407407407405,0
642,4,0,0,27,0.0,0.0,1.0,27,850,500,350,0.5882352941176471,12,5,7,430.48045256387445,0.6359211775878443,-0.01685037374889098,0.2881918754950517,136254.42885487518,6330.973639455774,142585.40249433095,636,45,403.48148148148147,27,0,18,27.75204294944889,0.7067901234567902,38.988095238095234,1044.0476190476184,38.66843033509698,0
643,4,0,0,27,0.0,0.0,1.0,27,600,400,200,0.6666666666666666,8,4,4,433.0638286225846,0.6354463437796771,-0.018323253432971587,0.2905585037546171,136332.12204152474,6408.10214710881,142740.22418863355,637,46,404.48148148148147,27,0,18,27.606986795858262,0.7075617283950618,38.91369047619046,1044.3452380952365,38.67945326278654,0
644,4,0,0,27,0.0,0.0,1.0,27,600,500,100,0.8333333333333334,7,5,2,432.5508022294037,0.6341405508072175,-0.011816402643920254,0.2911734594873097,136448.70334201373,6404.199218749974,142852.9025607637,638,47,405.48148148148147,27,0,20,27.503946493851775,0.7087191358024691,38.80208333333332,1044.7916666666654,38.69598765432094,0
645,4,0,0,27,0.0,0.0,1.0,27,850,600,250,0.7058823529411765,11,6,5,434.582413849917,0.6335470085470086,-0.013586927856366504,0.2928635038439649,136487.57484764722,6463.019947562337,142950.59479520956,639,48,406.48148148148147,27,0,20,27.41206209057248,0.709104938271605,38.76488095238094,1044.940476190475,38.70149911816574,0
646,4,0,0,27,0.0,0.0,1.0,27,400,200,200,0.5,6,2,4,434.3757393299927,0.633309591642925,-0.014470971042236602,0.29304714863732356,136526.45188934944,6460.755695507365,142987.2075848568,640,49,407.48148148148147,27,0,20,27.378642792728662,0.7094907407407408,38.72767857142857,1045.0892857142853,38.70701058201057,0
647,4,0,0,27,0.0,0.0,1.0,27,450,200,250,0.4444444444444444,7,2,5,438.07903396999257,0.633309591642925,-0.03682319733128048,0.26716650944930564,132857.85147392307,6240.447845805012,139098.29931972807,641,50,408.48148148148147,27,0,15,30.970939183987678,0.6728395061728394,42.26190476190477,1030.9523809523823,38.1834215167549,7
648,4,0,0,27,0.0,0.0,1.0,27,400,200,200,0.5,6,2,4,438.28180797877746,0.6346153846153847,-0.03352038907594457,0.2678388826536977,132934.5703125002,6252.560763888919,139187.1310763891,642,51,409.48148148148147,27,0,15,30.88804713804715,0.6736111111111109,42.187500000000014,1031.2500000000016,38.19444444444451,0
649,4,0,0,27,0.0,0.0,1.0,27,550,400,150,0.7272727272727273,7,4,3,440.1722815862679,0.6359211775878443,-0.035893984552767044,0.27010217703709577,133088.07442247737,6316.336274092983,139404.41069657035,643,52,410.48148148148147,27,0,16,30.683948658782803,0.6751543209876543,42.03869047619048,1031.8452380952385,38.21649029982365,0
650,4,1,1,27,0.03571428571428571,0.03571428571428571,0.9642857142857143,28,650,400,250,0.6153846153846154,9,4,5,429.37078848676725,0.6519510582010581,-0.043640860599559406,0.2659436124038193,133435.10794441137,5858.6275019817585,139293.73544639314,644,0,396.7857142857143,28,0,16,30.612049784452786,0.6752232142857142,41.70258620689655,1033.1896551724135,36.89963054187191,0
651,4,0,0,27,0.0,0.0,1.0,27,750,600,150,0.8,9,6,3,435.88525850721373,0.6352089268755936,-0.0008985158443641783,0.26501364487817863,132742.8147365717,6172.127223285149,138914.94195985683,645,54,412.48148148148147,27,0,17,31.14395306859205,0.6716820987654322,42.373511904761905,1030.5059523809523,38.166887125220455,2
652,4,0,0,27,0.0,0.0,1.0,27,700,600,100,0.8571428571428571,8,6,2,436.1621095526742,0.6368708452041786,0.0029941880670913967,0.26572514800979535,132819.5003587372,6186.1666932397875,139005.66705197698,646,55,413.48148148148147,27,0,17,31.05917063663923,0.6724537037037037,42.29910714285714,1030.8035714285709,38.17791005291003,0
653,4,0,0,27,0.0,0.0,1.0,27,700,300,400,0.42857142857142855,11,3,8,436.6493214978066,0.636039886039886,-0.0023943135054240727,0.2668412520264372,132934.57031249997,6209.157986111112,139143.7282986111,647,56,414.48148148148147,27,0,17,30.93013468013469,0.673611111111111,42.1875,1031.2499999999998,38.194444444444436,0
654,4,0,0,27,0.0,0.0,1.0,27,750,500,250,0.6666666666666666,10,5,5,437.78337682454145,0.6344966761633428,0.0005984056763055356,0.26808430814025824,133011.3112953516,6246.028202947864,139257.33949829947,648,57,415.48148148148147,27,0,17,30.823235237545695,0.6743827160493827,42.11309523809525,1031.54761904762,38.20546737213407,0
655,4,0,0,27,0.0,0.0,1.0,27,450,400,50,0.8888888888888888,5,4,1,440.3695038229643,0.6330721747388415,0.0074768351624880935,0.2705015508425384,133126.46429014322,6324.967005031193,139451.4312951744,649,58,416.48148148148147,27,0,17,30.640020427781778,0.67554012345679,42.0014880952381,1031.9940476190482,38.22200176366845,0
656,4,0,0,27,0.0,0.0,1.0,27,900,700,200,0.7777777777777778,11,7,4,438.4465232501188,0.6350902184235517,0.003288858990170729,0.26987608977693656,133203.2606336806,6280.501302083339,139483.76193576393,650,59,417.48148148148147,27,0,17,30.611966027581563,0.6763117283950617,41.927083333333336,1032.291666666667,38.23302469135803,0
657,4,0,0,27,0.0,0.0,1.0,27,500,300,200,0.6,7,3,4,439.4083612654787,0.6339031339031339,-0.0026901090454916066,0.2710270772285471,133280.07912149234,6312.876231221651,139592.955352714,651,60,418.48148148148147,27,0,17,30.50946942402843,0.6770833333333333,41.85267857142857,1032.5892857142856,38.24404761904761,0
658,4,0,0,27,0.0,0.0,1.0,27,650,400,250,0.6153846153846154,9,4,5,439.4083612654787,0.6339031339031339,-0.0026901090454916066,0.2710270772285471,133280.07912149234,6312.876231221651,139592.955352714,652,61,419.48148148148147,27,0,17,30.50946942402843,0.6770833333333333,41.85267857142857,1032.5892857142856,38.24404761904761,0
659,4,0,0,27,0.0,0.0,1.0,27,300,100,200,0.3333333333333333,5,1,4,437.2663173018629,0.6327160493827161,-0.0002988579357454668,0.2699847190458123,133318.4966695012,6259.1376133787,139577.6342828799,653,62,420.48148148148147,27,0,17,30.52593659942363,0.6774691358024691,41.8154761904762,1032.7380952380959,38.24955908289244,0
660,4,0,0,27,0.0,0.0,1.0,27,700,600,100,0.8571428571428571,8,6,2,438.99583766909484,0.6340218423551757,-0.0029868578255674016,0.2721774193548387,133472.22222222216,6318.7499999999945,139790.97222222216,654,63,421.48148148148147,27,0,18,30.32594086021505,0.6790123456790124,41.666666666666664,1033.333333333333,38.271604938271594,0
661,4,0,0,27,0.0,0.0,1.0,27,650,500,150,0.7692307692307693,8,5,3,439.7225759736198,0.6339031339031339,-0.0029864277524462857,0.2729109285198204,133510.66745057396,6341.530922264737,139852.1983728387,655,64,422.48148148148147,27,0,18,30.268328533717305,0.6793981481481481,41.629464285714285,1033.4821428571427,38.2771164021164,0
662,4,0,0,27,0.0,0.0,1.0,27,400,200,200,0.5,6,2,4,439.83908350976867,0.6339031339031339,-0.0014927839888254635,0.27355077109600395,133587.5745154833,6351.407268636625,139938.98178411994,656,65,423.48148148148147,27,0,19,30.1876409481311,0.6801697530864197,41.555059523809526,1033.7797619047622,38.28813932980601,0
663,4,0,0,27,0.0,0.0,1.0,27,800,600,200,0.75,10,6,4,438.5800066221019,0.6328347578347578,-0.0020895967931084947,0.2730514234776311,133626.03635204077,6321.141581632644,139947.1779336734,657,66,424.48148148148147,27,0,19,30.18134715025907,0.6805555555555556,41.51785714285714,1033.9285714285709,38.29365079365078,0
664,4,0,0,27,0.0,0.0,1.0,27,500,200,300,0.4,8,2,6,439.6029000587195,0.6329534662867996,-0.0026854649211143222,0.27454445267818123,133741.45507812497,6358.626302083332,140100.0813802083,658,67,425.48148148148147,27,0,15,30.038393756294063,0.6817129629629629,41.40625,1034.3749999999998,38.310185185185176,0
665,4,0,0,27,0.0,0.0,1.0,27,450,100,350,0.2222222222222222,8,1,7,436.98036304617176,0.6312915479582146,0.0032812907830885862,0.2734765494383467,133818.42857585746,6295.205100269279,140113.63367612674,659,68,426.48148148148147,27,0,16,30.028554820461196,0.6824845679012346,41.33184523809524,1034.6726190476193,38.321208112874785,0
666,4,0,0,27,0.0,0.0,1.0,27,750,600,150,0.8,9,6,3,438.57043562243,0.6323599240265907,0.0014912813302228045,0.2747584512899439,133856.9236288265,6341.1378613945535,140198.06149022107,660,69,427.48148148148147,27,0,16,29.948590739142944,0.6828703703703705,41.294642857142854,1034.8214285714282,38.32671957671956,0
667,4,0,0,27,0.0,0.0,1.0,27,500,300,200,0.6,7,3,4,436.90604228373735,0.6331908831908832,0.0,0.2740019408551303,133895.4242178643,6299.943974985839,140195.36819285012,661,70,428.48148148148147,27,0,16,29.952821710999284,0.6832561728395061,41.25744047619048,1034.9702380952385,38.33223104056439,0
668,4,0,0,27,0.0,0.0,1.0,27,800,400,400,0.5,12,4,8,435.16396094541557,0.6323599240265907,0.0032794041705930255,0.27348109090309436,133972.4420041454,6259.995704010771,140232.43770815618,662,71,429.48148148148147,27,0,16,29.920254180441777,0.6840277777777778,41.183035714285715,1035.267857142857,38.34325396825397,0
669,4,0,0,27,0.0,0.0,1.0,27,900,600,300,0.6666666666666666,12,6,6,437.3666728297071,0.6325973409306743,-0.0011918253550200486,0.2760207986915312,134126.5440095308,6332.496058319145,140459.04006784994,663,72,430.48148148148147,27,0,16,29.707926303692,0.685570987654321,41.03422619047618,1035.8630952380945,38.36529982363313,0
670,4,0,0,27,0.0,0.0,1.0,27,700,600,100,0.8571428571428571,8,6,2,433.69006336883933,0.6325973409306743,0.0024096126332548984,0.2535135633580499,131251.87119118488,5984.526466836745,137236.39765802163,664,73,431.48148148148147,27,0,19,32.7143237486688,0.6566358024691357,43.824404761904766,1024.7023809523814,37.95194003527339,5
671,4,0,0,27,0.0,0.0,1.0,27,650,500,150,0.7692307692307693,8,5,3,441.57342489198606,0.6311728395061729,0.01479540393501666,0.253821577873059,130604.60789133377,6134.304802650249,136738.91269398402,665,74,432.48148148148147,27,0,15,33.17273863250352,0.6500771604938271,44.45684523809525,1022.1726190476203,37.85824514991186,4
672,4,1,1,27,0.03571428571428571,0.03571428571428571,0.9642857142857143,28,600,300,300,0.5,9,3,6,429.1392861425727,0.6537147266313933,-0.0007272253094465775,0.24824539858824238,130849.93321855609,5630.56938664291,136480.502605199,666,0,418.0,28,0,15,33.24029864719376,0.6491815476190474,44.21695402298852,1023.1321839080471,36.54043513957311,0
673,4,0,0,27,0.0,0.0,1.0,27,500,400,100,0.8,6,4,2,439.9082401783107,0.6312915479582146,0.011772506023707052,0.2533620719417581,130680.67347381666,6097.501018636632,136778.17449245328,667,76,434.48148148148147,27,0,16,33.13761339931112,0.6508487654320987,44.38244047619048,1022.4702380952385,37.869268077601426,0
674,4,3,2,28,0.1,0.06666666666666667,0.9333333333333333,30,450,300,150,0.6666666666666666,6,3,3,404.7546331048199,0.685632183908046,-0.008938401048493194,0.2379258744676254,131465.92994854902,4642.288848421786,136108.21879697082,668,0,391.93333333333334,30,0,18,33.238313674093476,0.6493055555555556,43.615591397849464,1025.5376344086026,34.184587813620084,0
675,4,0,0,28,0.0,0.0,1.0,28,650,500,150,0.7692307692307693,8,5,3,423.71702444484214,0.654320987654321,0.010458825886595635,0.24722605436102502,131180.89617188537,5516.715797991813,136697.61196987718,669,1,420.92857142857144,28,0,19,33.04201729780271,0.6525297619047619,43.89367816091954,1024.425287356322,36.586617405582935,0
676,4,1,1,28,0.034482758620689655,0.034482758620689655,0.9655172413793104,29,500,400,100,0.8,6,4,2,413.6318871643062,0.6745689655172413,-0.00168117458064021,0.24317339608449334,131470.52469135806,5076.08024691359,136546.60493827166,670,0,407.37931034482756,29,0,19,33.00604911520405,0.6522988505747126,43.611111111111114,1025.5555555555557,35.36398467432951,0
677,4,0,0,28,0.0,0.0,1.0,28,650,600,50,0.9230769230769231,7,6,1,425.27883933902456,0.6549272486772486,0.005659640905542718,0.2498119404413677,131438.6008100475,5579.611119368471,137018.21192941596,671,3,422.92857142857144,28,0,20,32.739888375134285,0.6551339285714286,43.64224137931034,1025.4310344827582,36.62253694581279,0
678,4,2,1,29,0.06666666666666667,0.03333333333333333,0.9666666666666667,30,650,500,150,0.7692307692307693,8,5,3,402.8705029489961,0.6835249042145594,-0.005407291121577007,0.23983972932571068,131948.81633714875,4631.657200254357,136580.4735374031,672,0,395.6666666666667,30,0,17,32.79723748473749,0.6541666666666666,43.14516129032258,1027.419354838709,34.24731182795697,0
679,4,0,0,29,0.0,0.0,1.0,29,700,400,300,0.5714285714285714,10,4,6,412.9619953178165,0.6636904761904762,0.005875358466810976,0.24528947432732945,131862.52170138888,5090.842013888884,136953.36371527775,673,1,410.3103448275862,29,0,17,32.62550709939147,0.65625,43.229166666666664,1027.0833333333333,35.416666666666664,0
680,4,2,0,31,0.06451612903225806,0.0,1.0,31,650,500,150,0.7692307692307693,8,5,3,391.7488700584229,0.6829749103942653,0.011639855133496413,0.23665586314254886,132501.77043588855,4182.568839244425,136684.33927513298,674,0,384.7741935483871,30,1,19,32.52420583115753,0.6597222222222222,42.60752688172043,1029.5698924731184,34.31899641577061,0
681,4,0,0,31,0.0,0.0,1.0,31,650,500,150,0.7692307692307693,8,5,3,391.8056825437513,0.6813620071684587,0.011215803167706762,0.23712599839259246,132570.9709937565,4188.4119551393205,136759.3829488958,675,1,385.7741935483871,30,1,20,32.45290611676672,0.6604166666666667,42.54032258064516,1029.8387096774193,34.32795698924731,0
682,4,1,2,30,0.03125,0.0625,0.9375,32,600,400,200,0.6666666666666666,8,4,4,382.94522672185946,0.6964045698924731,0.006207380982447219,0.2338121241642564,132901.0030958388,3778.7609524197105,136679.7640482585,676,0,374.6875,31,1,17,32.34849202340363,0.6609543010752688,42.220052083333336,1031.119791666667,33.26192876344087,0
683,4,0,0,30,0.0,0.0,1.0,30,900,800,100,0.8888888888888888,10,8,2,405.42648101272727,0.6704980842911877,0.01755450663070346,0.24540713115994886,132576.73852237663,4750.024112654333,137326.76263503096,677,3,400.6,29,1,20,32.09639806698134,0.663433908045977,42.53472222222223,1029.8611111111118,35.512452107279714,0
684,4,1,0,31,0.03225806451612903,0.0,1.0,31,850,600,250,0.7058823529411765,11,6,5,392.7418175432568,0.6810931899641577,0.01874432372431012,0.2398977089324736,132917.24476818147,4240.432058619521,137157.67682680098,678,0,388.64516129032256,30,1,18,32.0795859402155,0.6638888888888888,42.20430107526883,1031.1827956989262,34.37275985663087,0
685,4,0,0,31,0.0,0.0,1.0,31,850,600,250,0.7058823529411765,11,6,5,391.2313129590358,0.682078853046595,0.019361564394225983,0.23941858816966854,132986.5537200834,4205.700803561126,137192.25452364454,679,1,389.64516129032256,30,1,18,32.048692554947436,0.6645833333333332,42.13709677419356,1031.451612903227,34.38172043010756,0
686,4,1,1,31,0.03125,0.03125,0.96875,32,1100,900,200,0.8181818181818182,13,9,4,382.3905109721078,0.6966985887096775,0.015459531013615635,0.23622441846033976,133337.7075195314,3797.4148220486254,137135.12234158002,680,0,378.4375,31,1,18,31.92343250966547,0.6653225806451613,41.79687500000001,1032.8125000000011,33.316532258064555,0
687,4,0,1,30,0.0,0.03225806451612903,0.967741935483871,31,800,500,300,0.625,11,5,6,394.26913791232613,0.6789426523297492,0.022513440860215006,0.242627161792201,133194.58896982335,4302.903153543796,137497.49212336715,681,3,391.64516129032256,30,1,18,31.76079644097223,0.6666666666666665,41.93548387096776,1032.258064516131,34.4086021505377,0
688,4,0,0,30,0.0,0.0,1.0,30,850,600,250,0.7058823529411765,11,6,5,404.53476017530056,0.6686781609195402,0.03126037600394849,0.24816587393412953,133077.83805941363,4766.922260802475,137844.7603202161,682,4,405.4,29,1,18,31.613580787005873,0.6684626436781609,42.048611111111114,1031.8055555555559,35.579501915708825,0
689,4,0,0,30,0.0,0.0,1.0,30,600,500,100,0.8333333333333334,7,5,2,408.1896188227357,0.6689655172413793,0.0416666666666663,0.24177385114885125,131755.5555555556,4839.009452160498,136594.5650077161,683,5,406.4,29,1,18,32.85646645021645,0.6551724137931034,43.333333333333336,1026.666666666667,35.402298850574724,8
690,4,0,0,30,0.0,0.0,1.0,30,500,400,100,0.8,6,4,2,408.69486416872775,0.6677681992337164,0.04492988863339176,0.2423000104891263,131791.2061149692,4772.477816358034,136563.68393132722,684,6,407.4,29,1,18,32.80735718472429,0.6555316091954022,43.298611111111114,1026.8055555555559,35.40708812260537,0
691,4,1,1,30,0.03225806451612903,0.03225806451612903,0.967741935483871,31,550,400,150,0.7272727272727273,7,4,3,397.7155539337547,0.6827060931899641,0.04125894182750711,0.23763504347541853,132086.9464677998,4306.606616371844,136393.55308417164,685,0,395.2258064516129,30,1,18,32.78989060320781,0.6555555555555554,43.01075268817205,1027.9569892473123,34.26523297491041,0
692,4,0,0,30,0.0,0.0,1.0,30,600,500,100,0.8333333333333334,7,5,2,408.9547829029923,0.666044061302682,0.049592177008697114,0.24336593154733976,131933.85657793205,4790.996334876542,136724.8529128086,686,8,409.4,29,1,18,32.65611621828669,0.6569683908045977,43.15972222222222,1027.3611111111109,35.42624521072796,0
693,4,1,2,29,0.03225806451612903,0.06451612903225806,0.935483870967742,31,1150,900,250,0.782608695652174,14,9,5,395.580573960177,0.685573476702509,0.045011252813203395,0.23765884718141247,132294.27715631868,4266.609217828656,136560.88637414735,687,0,397.16129032258067,30,1,19,32.63516897482798,0.6576388888888889,42.80913978494624,1028.7634408602153,34.29211469534051,0
694,4,0,0,29,0.0,0.0,1.0,29,250,0,250,0.0,5,0,5,412.5292929838595,0.6532224958949097,0.07692938096867952,0.2461069251637654,132028.5895800303,5093.132142621211,137121.7217226515,688,10,425.1034482758621,28,1,19,32.468311664103645,0.6610863095238095,43.06752873563218,1027.7298850574707,36.704638752052524,0
695,4,0,1,28,0.0,0.034482758620689655,0.9655172413793104,29,750,700,50,0.9333333333333333,8,7,1,412.8268875127519,0.6548645320197044,0.07248367430540492,0.24676494403957722,132102.43107164087,5107.0870904346675,137209.51816207555,689,11,426.1034482758621,28,1,19,32.38586070347076,0.6618303571428572,42.99568965517241,1028.0172413793102,36.714901477832505,0
696,4,0,0,28,0.0,0.0,1.0,28,650,500,150,0.7692307692307693,8,5,3,425.9808980674633,0.6429122574955908,0.08904513565530503,0.25327701458739854,131900.7344148596,5637.438660359962,137538.17307521956,690,22,441.92857142857144,27,1,19,32.25243251726303,0.6631944444444444,43.19196428571428,1027.232142857142,38.04563492063489,0
697,4,0,0,28,0.0,0.0,1.0,28,450,300,150,0.6666666666666666,6,3,3,425.05587212301646,0.6409832451499118,0.08358156468495292,0.25349186985160205,132015.40577168364,5622.784686791375,137638.190458475,691,23,442.92857142857144,27,1,19,32.15983685683946,0.6643518518518519,43.08035714285714,1027.678571428571,38.0621693121693,0
698,4,0,0,28,0.0,0.0,1.0,28,850,700,150,0.8235294117647058,10,7,3,425.96904619240246,0.6391644620811288,0.0777328541479485,0.25462059528042075,132102.4310716408,5654.309312656875,137756.74038429768,692,24,443.92857142857144,28,0,19,32.04810156068017,0.6618303571428572,42.995689655172406,1028.0172413793096,36.714901477832484,0
699,4,0,0,28,0.0,0.0,1.0,28,300,200,100,0.6666666666666666,4,2,2,425.96904619240246,0.6391644620811288,0.0777328541479485,0.25462059528042075,132102.4310716408,5654.309312656875,137756.74038429768,693,25,444.92857142857144,28,0,19,32.04810156068017,0.6618303571428572,42.995689655172406,1028.0172413793096,36.714901477832484,0
700,4,0,0,28,0.0,0.0,1.0,28,600,400,200,0.6666666666666666,8,4,4,425.9959895134363,0.640652557319224,0.07348363926576273,0.2558834970567282,132287.12511560298,5670.756952701793,137957.88206830478,694,26,445.92857142857144,28,0,19,31.860160614525142,0.6636904761904763,42.81609195402298,1028.7356321839068,36.74055829228239,0
701,4,0,0,28,0.0,0.0,1.0,28,400,300,100,0.75,5,3,2,424.26059899741256,0.6394951499118166,0.07564286711752155,0.2550906926465552,132324.07940695604,5627.978638195271,137952.0580451513,695,27,446.92857142857144,28,0,19,31.867348601219568,0.6640625,42.7801724137931,1028.8793103448277,36.74568965517242,0
702,4,0,0,28,0.0,0.0,1.0,28,850,600,250,0.7058823529411765,11,6,5,424.03579799701714,0.6402667548500881,0.0721515326778488,0.25545571245186144,132398.00347222213,5628.298611111102,138026.30208333323,696,28,447.92857142857144,28,0,20,31.798245614035107,0.6648065476190477,42.70833333333333,1029.1666666666658,36.75595238095235,0
703,4,0,0,28,0.0,0.0,1.0,28,600,300,300,0.5,9,3,6,423.9388578605097,0.6392195767195766,0.07400023922491128,0.2561505780293769,132508.92827652255,5635.136741973826,138144.0650184964,697,29,448.92857142857144,28,0,20,31.688412875616336,0.6659226190476191,42.60057471264367,1029.5977011494244,36.7713464696223,0
704,4,0,0,28,0.0,0.0,1.0,28,700,500,200,0.7142857142857143,9,5,4,422.67172541691815,0.6397156084656084,0.07698169213299622,0.25664512641530235,132693.9061674264,5617.192454419353,138311.09862184577,698,30,449.92857142857144,28,0,18,31.533840003718694,0.6677827380952381,42.42097701149426,1030.3160919540235,36.79700328407227,0
705,4,0,0,28,0.0,0.0,1.0,28,700,500,200,0.7142857142857143,9,5,4,403.54973291982134,0.6397156084656084,0.046074000847337926,0.22482577960702238,129384.04439572598,4842.5793119963055,134226.6237077223,699,31,450.92857142857144,28,0,21,35.389598926705276,0.6343005952380952,45.65373563218391,1017.3850574712643,36.33518062397373,7
706,4,1,0,29,0.034482758620689655,0.0,1.0,29,550,400,150,0.7272727272727273,7,4,3,392.9809594305812,0.6579433497536945,0.04146393061138154,0.22088240133511988,129731.44531250009,4396.397569444458,134127.84288194455,700,0,436.3448275862069,29,0,19,35.30376618950238,0.634698275862069,45.31250000000001,1018.7500000000007,35.12931034482761,0
707,4,0,0,29,0.0,0.0,1.0,29,400,300,100,0.75,5,3,2,392.9809594305812,0.6579433497536945,0.04146393061138154,0.22088240133511988,129731.44531250009,4396.397569444458,134127.84288194455,701,1,437.3448275862069,29,0,19,35.30376618950238,0.634698275862069,45.31250000000001,1018.7500000000007,35.12931034482761,0
708,4,0,0,29,0.0,0.0,1.0,29,400,300,100,0.75,5,3,2,401.69147816608455,0.6570197044334976,0.02452715786179538,0.2179021772328636,128326.43843308218,4562.695751172533,132889.1341842547,702,2,438.3448275862069,28,1,19,36.52037247116659,0.6235119047619049,46.69540229885057,1013.2183908045967,36.186371100164166,7
709,4,3,1,31,0.09375,0.03125,0.96875,32,750,400,350,0.5333333333333333,11,4,7,391.1496305422336,0.701150873655914,0.10069531939019805,0.19812090731421242,125537.19207542602,3420.7652599224634,128957.95733534849,703,0,398.15625,32,0,17,39.66365335349208,0.5836588541666666,49.46338383838384,1002.146464646465,31.31707702020203,6
710,4,7,2,36,0.18421052631578946,0.05263157894736842,0.9473684210526316,38,550,300,250,0.5454545454545454,8,3,5,335.66842954034485,0.7834874348032242,0.11314616322256166,0.1767110787912163,127119.65610812936,935.0313699554997,128054.68747808486,704,0,336.0263157894737,37,1,17,39.42669258091409,0.5892454954954955,47.88925438596491,1008.4429824561398,27.255215742057832,0
711,4,4,7,33,0.1,0.175,0.825,40,950,700,250,0.7368421052631579,12,7,5,323.5238611687755,0.7908653846153846,0.11915249871200406,0.17299168444313867,127749.32861328128,265.99121093750244,128015.31982421878,705,0,320.125,39,1,12,39.089064914992264,0.5921474358974359,47.265625,1010.9375000000002,25.921474358974365,0
712,4,4,1,36,0.10810810810810811,0.02702702702702703,0.972972972972973,37,350,200,150,0.5714285714285714,5,2,3,360.7630389576508,0.7722722722722722,0.13738114846148086,0.1834302212164956,125695.4089506172,1677.457380883476,127372.86633150069,706,0,346.86486486486484,35,2,17,40.26142659279778,0.5785714285714285,49.30555555555555,1002.777777777777,28.65079365079363,8
713,4,3,1,38,0.07692307692307693,0.02564102564102564,0.9743589743589743,39,800,400,400,0.5,12,4,8,347.03690345324844,0.8016194331983806,0.1506805222110994,0.1788321325035345,126247.30909475738,963.4595496827865,127210.76864444016,707,0,330.0,35,4,19,40.03668566931554,0.5842261904761905,48.75578703703704,1004.976851851852,28.713624338624342,0
714,4,8,6,40,0.17391304347826086,0.13043478260869565,0.8695652173913043,46,550,300,250,0.5454545454545454,8,3,5,301.280397415245,0.8522544283413849,0.14546129999231305,0.16027361580365856,127542.56129535151,-1511.9687971317644,126030.59249821975,708,0,280.60869565217394,41,5,15,39.86201139265368,0.586890243902439,47.470238095238095,1010.1190476190479,24.637049941927998,0
715,4,3,3,40,0.06976744186046512,0.06976744186046512,0.9302325581395349,43,1100,800,300,0.7272727272727273,14,8,6,319.3198145570424,0.8308416389811738,0.15623868910583916,0.1687731196693488,127280.60766171738,-471.35599295055044,126809.25166876682,709,0,301.1162790697674,38,5,19,39.674210340568195,0.5890899122807018,47.72970085470085,1009.0811965811962,26.55476833108411,0
716,4,4,2,42,0.09090909090909091,0.045454545454545456,0.9545454545454546,44,1250,900,350,0.72,16,9,7,321.20602065363175,0.8341041226215645,0.1945994924000487,0.17197721138912328,127801.98703342023,-589.8464626736026,127212.14057074662,710,0,295.1818181818182,39,5,17,39.09388843102914,0.5926816239316239,47.21354166666667,1011.1458333333342,25.92681623931626,0
717,4,4,4,42,0.08695652173913043,0.08695652173913043,0.9130434782608696,46,1100,800,300,0.7272727272727273,14,8,6,320.0344833725301,0.8393518518518519,0.250451764603427,0.17529041779894183,128711.08596280303,-961.1443780751379,127749.94158472789,711,0,283.2608695652174,40,6,19,38.197295943915854,0.6002604166666667,46.316056910569095,1014.735772357722,25.36839430894305,0
718,4,4,2,44,0.08695652173913043,0.043478260869565216,0.9565217391304348,46,1550,1200,350,0.7741935483870968,19,12,7,319.4291287286159,0.8393317230273752,0.25031639926760696,0.17632981777470835,129020.64252635643,-957.4097139599659,128063.23281239647,712,0,283.7391304347826,40,6,21,37.898036077489905,0.6033854166666668,46.01117886178861,1015.9552845528436,25.39888211382109,0
719,4,1,0,45,0.022222222222222223,0.0,1.0,45,900,600,300,0.6666666666666666,12,6,6,325.70841361247085,0.8323232323232324,0.25405159055692406,0.17965545529122212,128989.67013888841,-597.3958333333834,128392.27430555502,713,0,291.02222222222224,39,6,23,37.77003007929997,0.604700854700855,46.04166666666664,1015.8333333333294,26.047008547008446,0
720,4,0,2,43,0.0,0.044444444444444446,0.9555555555555556,45,700,300,400,0.42857142857142855,11,3,8,327.30997590973806,0.8322811447811448,0.2610347891463338,0.1807803796729091,129042.58355034672,-552.6150173611661,128489.96853298556,714,1,292.02222222222224,39,6,23,37.67556899733441,0.605235042735043,45.98958333333331,1016.0416666666626,26.052350427350323,0
721,4,1,0,44,0.022727272727272728,0.0,1.0,44,1100,700,400,0.6363636363636364,15,7,8,337.0402366099273,0.8301400634249472,0.2678845956749014,0.1865287344641549,129121.97401258639,-96.13986545142882,129025.83414713496,715,0,299.25,39,5,24,37.34765211301288,0.6060363247863251,45.911458333333314,1016.3541666666633,26.06036324786316,0
722,4,2,1,45,0.043478260869565216,0.021739130434782608,0.9782608695652174,46,2050,1700,350,0.8292682926829268,24,17,7,317.82434873423307,0.839633655394525,0.26291010236884715,0.17857720478378947,129717.84056770006,-954.4291182844465,128763.41144941561,716,0,287.19565217391306,38,8,20,37.23169026393986,0.6137609649122808,45.325854700854684,1018.6965811965788,26.80780476833102,0
723,4,0,1,44,0.0,0.022222222222222223,0.9777777777777777,45,2150,1800,350,0.8372093023255814,25,18,7,308.2394425246328,0.8374579124579125,0.21811372601161239,0.173653097170619,129822.05119307293,-996.7446625685711,128825.30653050436,717,1,294.5777777777778,40,5,16,37.370362983645805,0.6114583333333332,45.22357723577236,1019.1056910569107,25.477642276422767,3
724,4,0,0,44,0.0,0.0,1.0,44,1450,1000,450,0.6896551724137931,19,10,9,312.0189705449859,0.8295674770965469,0.23320763829550173,0.1763303512525589,129943.7717013888,-691.0156250000039,129252.7560763888,718,2,302.15909090909093,39,5,17,37.15093311537939,0.6143162393162394,45.104166666666664,1019.5833333333326,26.143162393162374,0
725,4,0,0,44,0.0,0.0,1.0,44,1300,1000,300,0.7692307692307693,16,10,6,310.93810073048843,0.8296335447498239,0.22872103386809295,0.1761982570806099,130049.99999999985,-712.5000000000146,129337.49999999984,719,3,303.15909090909093,39,5,17,37.07107843137254,0.6153846153846154,44.99999999999999,1019.9999999999989,26.153846153846125,0
726,4,0,0,44,0.0,0.0,1.0,44,1200,600,600,0.5,18,6,12,312.32793587387056,0.8296775898520085,0.22768010718618137,0.1775989315994004,130184.79100568462,-667.930588604652,129516.86041707997,720,4,304.15909090909093,40,4,17,36.89939753037242,0.6151041666666666,44.867886178861795,1020.5284552845542,25.513211382113855,0
727,4,0,1,43,0.0,0.022727272727272728,0.9772727272727273,44,850,400,450,0.47058823529411764,13,4,9,309.92030129160094,0.8296775898520085,0.2240686434234822,0.1764648246129728,130236.65229030346,-727.403496595936,129509.24879370753,721,5,305.15909090909093,40,4,17,36.90843621399176,0.615625,44.81707317073171,1020.7317073170738,25.518292682926845,0
728,4,0,0,43,0.0,0.0,1.0,43,1050,700,350,0.6666666666666666,14,7,7,315.7245705407877,0.8207825765965301,0.22872173739637391,0.17939894971099538,130156.2717013891,-381.2934027777581,129774.97829861134,722,7,313.13953488372096,39,4,19,36.841567986933434,0.6164529914529915,44.89583333333334,1020.4166666666683,26.164529914529957,0
729,4,2,4,41,0.044444444444444446,0.08888888888888889,0.9111111111111111,45,1300,900,400,0.6923076923076923,17,9,8,301.1878098301055,0.8337962962962964,0.21704035874439476,0.17302428513190854,130581.79253472232,-1133.984374999989,129447.80815972234,723,0,300.1777777777778,39,6,12,36.78319065090364,0.6207264957264957,44.47916666666667,1022.0833333333342,26.20726495726498,0
730,4,1,0,42,0.023809523809523808,0.0,1.0,42,950,500,450,0.5263157894736842,14,5,9,321.3660974593918,0.814121176926055,0.22206025267249752,0.18310393925011875,130262.58680555565,-27.604166666657363,130234.98263888899,724,0,321.8809523809524,37,5,20,36.59013605442177,0.6210585585585585,44.79166666666667,1020.8333333333342,27.59009009009011,0
731,4,0,0,42,0.0,0.0,1.0,42,1250,900,350,0.72,16,9,7,320.990413265337,0.8126451800232288,0.2235017959543768,0.18329603699559663,130348.82010388761,-31.85567324081279,130316.9644306468,725,1,322.8809523809524,36,6,20,36.512553300985154,0.6238425925925927,44.707207207207205,1021.1711711711707,28.365865865865853,0
732,4,0,0,42,0.0,0.0,1.0,42,1200,700,500,0.5833333333333334,17,7,10,318.3648001953412,0.8127419667053813,0.219466490299824,0.18233620374824072,130463.84222059886,-92.98098774451097,130370.86123285435,726,2,323.8809523809524,36,6,20,36.463385508524404,0.625,44.59459459459459,1021.6216216216206,28.37837837837835,0
733,4,2,3,41,0.045454545454545456,0.06818181818181818,0.9318181818181819,44,950,600,350,0.631578947368421,13,6,7,302.93198624030583,0.8253171247357294,0.20141802236185224,0.17542216228595203,130890.45606874113,-869.8188326393642,130020.63723610177,727,0,310.1136363636364,38,6,15,36.42766409132039,0.6255482456140351,44.17735042735042,1023.2905982905967,26.928699955015702,0
734,4,0,0,41,0.0,0.0,1.0,41,1100,900,200,0.8181818181818182,13,9,4,324.47393315867487,0.807469512195122,0.2170416673575304,0.18572029403751378,130439.8750964505,264.8678626543092,130704.74295910481,728,4,333.4634146341463,35,6,20,36.331577158395646,0.6267857142857144,44.61805555555555,1021.5277777777768,29.18650793650791,0
735,4,1,0,42,0.023809523809523808,0.0,1.0,42,1400,700,700,0.5,21,7,14,316.3090351050694,0.8118466898954704,0.21820635794218646,0.1829196425162033,130838.01442912505,-122.95078017206589,130715.06364895299,729,0,326.5,36,6,16,36.138323243441576,0.6287615740740742,44.2286036036036,1023.0855855855854,28.41904404404404,0
736,4,0,0,42,0.0,0.0,1.0,42,900,300,600,0.3333333333333333,15,3,12,317.0433112539674,0.8109272164150213,0.22022761569416427,0.1837557150941362,130924.43795146498,-98.25653356059115,130826.18141790439,730,1,327.5,36,6,16,36.032405369718305,0.6296296296296295,44.14414414414414,1023.4234234234234,28.42842842842843,0
737,4,1,0,43,0.023255813953488372,0.0,1.0,43,950,700,250,0.7368421052631579,12,7,5,310.2660596445938,0.8178294573643411,0.22037975604432813,0.18120898367793287,131218.63928154003,-457.46196763824605,130761.17731390179,731,0,320.86046511627904,38,5,17,35.909584636774404,0.6288377192982456,43.85683760683761,1024.5726495726503,26.962438146648694,0
738,4,0,0,43,0.0,0.0,1.0,43,900,500,400,0.5555555555555556,13,5,8,313.903625312588,0.8155684754521964,0.21994144380570457,0.18399278953275136,131356.2240905856,-353.3153530215565,131002.90873756405,732,1,321.86046511627904,37,6,17,35.67794683923413,0.6320382882882882,43.72258771929825,1025.1096491228072,27.705666192508303,0
739,4,1,1,43,0.022727272727272728,0.022727272727272728,0.9772727272727273,44,1150,800,350,0.6956521739130435,15,8,7,305.68098984218943,0.8244142001409444,0.20984209479992044,0.18019978793459462,131574.63480029593,-756.0270792241906,130818.60772107173,733,0,315.52272727272725,38,6,14,35.6691919191919,0.6324013157894737,43.50961538461539,1025.9615384615388,26.99898785425102,0
740,4,0,0,43,0.0,0.0,1.0,43,1250,800,450,0.64,17,8,9,313.12549061504933,0.8146456256921373,0.21962995559666054,0.18421231693164603,131496.7646295015,-365.00221221913125,131131.76241728236,734,3,323.86046511627904,37,6,17,35.556535528472686,0.6334459459459458,43.58552631578948,1025.657894736843,27.720483641536298,0
741,4,0,0,43,0.0,0.0,1.0,43,1400,900,500,0.6428571428571429,19,9,10,313.0093031533367,0.8147840531561461,0.2215703578486814,0.18427954883571207,131524.88175448216,-366.29768294090445,131158.58407154126,735,4,324.86046511627904,37,6,18,35.53124443256724,0.6337274774774775,43.55811403508772,1025.7675438596493,27.723447131341874,0
742,4,0,0,43,0.0,0.0,1.0,43,1100,900,200,0.8181818181818182,13,9,4,316.7422188618013,0.8137689184200811,0.22328463834090773,0.18702778715000618,131637.3803117305,-260.97681498153906,131376.40349674894,736,5,325.86046511627904,37,6,15,35.32239466467214,0.6348536036036037,43.4484649122807,1026.206140350877,27.735301090564242,0
743,4,0,0,43,0.0,0.0,1.0,43,850,600,250,0.7058823529411765,11,6,5,320.51508776496803,0.8135382059800664,0.22607969873263034,0.18967523714637347,131721.78578985826,-156.2360534010612,131565.5497364572,737,6,326.86046511627904,37,6,15,35.14072847682121,0.6356981981981983,43.36622807017543,1026.535087719297,27.744191559981,0
744,4,0,0,43,0.0,0.0,1.0,43,1150,700,450,0.6086956521739131,16,7,9,317.6923471887273,0.8132152085640457,0.22096126016774797,0.18898156195626575,131918.83710612878,-218.0790002693146,131700.75810585945,738,7,327.86046511627904,37,6,15,35.01518749777637,0.637668918918919,43.17434210526316,1027.3026315789473,27.7649359886202,0
745,4,0,0,43,0.0,0.0,1.0,43,1350,800,550,0.5925925925925926,19,8,11,322.2696645283867,0.8118309339239571,0.2285688768042231,0.19241756912669392,132059.6782182978,-88.23436057250322,131971.4438577253,739,8,328.86046511627904,37,6,15,34.75615176729961,0.6390765765765766,43.037280701754376,1027.8508771929812,27.77975343764814,0
746,4,1,2,42,0.022727272727272728,0.045454545454545456,0.9545454545454546,44,1350,1300,50,0.9629629629629629,14,13,1,315.48033462206195,0.8158033826638478,0.22658025747913424,0.1899226219214717,132371.20361328122,-447.897677951389,131923.30593532984,740,0,322.3636363636364,39,5,17,34.618150453824626,0.6386217948717949,42.734375,1029.0624999999998,26.386217948717942,0
747,4,0,0,42,0.0,0.0,1.0,42,800,600,200,0.75,10,6,4,329.9864736371237,0.8030391018195896,0.23880534235932815,0.19735611161031916,132123.26189139063,319.77785539481806,132443.03974678545,741,10,338.3333333333333,38,4,18,34.49396411375523,0.6378837719298247,42.97542735042734,1028.0982905982887,27.055218173639176,0
748,4,0,0,42,0.0,0.0,1.0,42,950,600,350,0.631578947368421,13,6,7,329.5508959735695,0.8029423151374371,0.23265666503435312,0.19766893928582857,132233.1242809005,315.5089168310054,132548.63319773148,742,11,339.3333333333333,38,4,19,34.394801080295,0.6389802631578949,42.86858974358973,1028.525641025639,27.06646423751682,0
749,4,0,0,42,0.0,0.0,1.0,42,850,600,250,0.7058823529411765,11,6,5,328.9282799147825,0.8031358885017421,0.22991473282291697,0.19743899495134182,132260.59701219946,300.8501351449909,132561.44714734444,743,12,340.3333333333333,38,4,19,34.38322254535383,0.6392543859649124,42.841880341880334,1028.6324786324776,27.069275753486252,0
750,4,0,0,42,0.0,0.0,1.0,42,700,500,200,0.7142857142857143,9,5,4,328.3220184155746,0.8027245451025938,0.22362064958887728,0.19750589377641448,132343.03232750736,290.2262994009624,132633.25862690833,744,13,341.3333333333333,38,4,19,34.316054061537386,0.640076754385965,42.76175213675213,1028.9529914529905,27.07771030139449,0
751,4,0,0,42,0.0,0.0,1.0,42,700,400,300,0.5714285714285714,10,4,6,330.20434741935935,0.8030874951606659,0.2274599623592919,0.199076956276527,132426.21678064394,345.55391292765825,132771.7706935716,745,14,342.3333333333333,37,5,19,34.18413319839495,0.6427364864864864,42.680921052631575,1029.2763157894728,27.818278805120887,0
752,4,1,1,42,0.023255813953488372,0.023255813953488372,0.9767441860465116,43,1550,900,650,0.5806451612903226,22,9,13,325.56857073061013,0.806985972683647,0.2161090817027742,0.19786445272191128,132728.0700402694,42.417611768555474,132770.48765203796,746,0,335.3488372093023,38,5,16,34.00077760497666,0.6439144736842106,42.387820512820504,1030.4487179487166,27.117071524966228,0
753,4,0,0,42,0.0,0.0,1.0,42,950,600,350,0.631578947368421,13,6,7,330.5975317229931,0.8019744483159117,0.22123469930814244,0.20051412592237047,132652.03145438977,370.8868353724159,133022.9182897622,747,16,344.3333333333333,37,5,16,33.94746762462303,0.6449887387387387,42.46162280701754,1030.1535087719294,27.84198672356566,0
754,4,1,1,42,0.023255813953488372,0.023255813953488372,0.9767441860465116,43,950,600,350,0.631578947368421,13,6,7,325.3448908986866,0.8077242524916943,0.22163973605024578,0.19889513817891197,132948.34270445243,50.8128104682483,132999.15551492068,748,0,337.30232558139534,38,5,17,33.78591284229429,0.6461074561403508,42.174145299145295,1031.3034188034183,27.139563652721534,0
755,4,0,0,42,0.0,0.0,1.0,42,750,200,550,0.26666666666666666,13,2,11,331.8967518635585,0.8001113046844754,0.22385492698478493,0.20230396454399693,132838.18354381237,417.71232832929473,133255.89587214167,749,18,346.3333333333333,38,4,17,33.72737243928558,0.6450109649122808,42.280982905982896,1030.876068376067,27.128317588843867,0
756,4,0,0,42,0.0,0.0,1.0,42,750,500,250,0.6666666666666666,10,5,5,332.8535507930643,0.800208091366628,0.22484744441649052,0.20348545445253002,132948.3427044525,450.4655882460419,133398.80829269852,750,19,347.3333333333333,38,4,18,33.5923201768017,0.6461074561403508,42.1741452991453,1031.303418803419,27.139563652721552,0
757,4,0,0,42,0.0,0.0,1.0,42,1700,1400,300,0.8235294117647058,20,14,6,333.4465302708609,0.798949864498645,0.22406788352118667,0.20460143515603402,133086.10586054495,475.4200452918378,133561.52590583678,751,20,348.3333333333333,38,4,18,33.43903154552357,0.6474780701754386,42.04059829059829,1031.8376068376067,27.153621232568597,0
758,4,0,0,42,0.0,0.0,1.0,42,1200,1000,200,0.8333333333333334,14,10,4,332.9703724510381,0.7978368176538908,0.22893204457450333,0.20552309196115784,133306.6752958579,477.4346646942717,133784.10996055216,752,21,349.3333333333333,38,4,18,33.23052451893235,0.649671052631579,41.82692307692307,1032.692307692307,27.176113360323868,0
759,4,1,0,43,0.023255813953488372,0.0,1.0,43,750,400,350,0.5333333333333333,11,4,7,325.88493927909917,0.8000184569952011,0.2289564116922942,0.20251267782360352,133557.2138181939,105.0623600217765,133662.2761782157,753,0,342.1860465116279,37,6,19,33.16305558502174,0.6539977477477478,41.5844298245614,1033.6622807017534,27.936818397344688,0
760,4,0,0,43,0.0,0.0,1.0,43,1150,800,350,0.6956521739130435,15,8,7,327.20347817078766,0.7994186046511628,0.23032921080142787,0.20411264590653905,133698.92659279788,149.35076177286413,133848.27735457075,754,1,343.1860465116279,37,6,20,32.98743638676845,0.6554054054054053,41.44736842105264,1034.2105263157903,27.95163584637271,0
761,4,0,0,43,0.0,0.0,1.0,43,600,600,0,1.0,6,6,0,329.1613799836935,0.7983573274270949,0.2352993378724162,0.20564956680570637,133755.63274276713,205.4377308402747,133961.0704736074,755,2,344.1860465116279,37,6,14,32.88018514592609,0.6559684684684683,41.39254385964913,1034.4298245614045,27.957562825983906,0
762,4,0,0,43,0.0,0.0,1.0,43,900,600,300,0.6666666666666666,12,6,6,329.07642166152226,0.7977574750830565,0.23100085256533442,0.20622996465082688,133869.08111149605,210.63163665745606,134079.7127481535,756,3,345.1860465116279,37,6,14,32.769124814579364,0.6570945945945945,41.28289473684212,1034.8684210526333,27.969416785206306,0
763,4,0,0,43,0.0,0.0,1.0,43,1250,1000,250,0.8,15,10,5,331.8502564683876,0.7967423403469914,0.23985775115811125,0.20877161704403635,134010.95920138896,294.31423611111586,134305.2734375001,757,4,346.1860465116279,37,6,15,32.555751173708906,0.6585022522522521,41.145833333333336,1035.4166666666672,27.984234234234247,0
764,4,0,0,43,0.0,0.0,1.0,43,1000,600,400,0.6,14,6,8,332.9616365792201,0.7954503506829088,0.24631711130535394,0.20979470697069624,134067.73147747395,327.88225704063734,134395.6137345146,758,5,347.1860465116279,37,6,15,32.470332627492496,0.6590653153153152,41.09100877192983,1035.6359649122815,27.990161213845443,0
765,4,0,0,43,0.0,0.0,1.0,43,950,800,150,0.8421052631578947,11,8,3,310.5137876833121,0.7959579180509413,0.15530317687574957,0.18477107564125803,131931.11257213826,-354.2640716880102,131576.84850045026,759,6,348.1860465116279,38,5,17,35.18723135052692,0.6359649122807017,43.162393162393165,1027.3504273504277,27.03553756185336,6
766,4,0,0,43,0.0,0.0,1.0,43,1150,900,250,0.782608695652174,14,9,5,312.2866854409413,0.7955426356589147,0.15687716395502038,0.18640851332400293,132049.81689453125,-352.5200737847223,131697.29682074653,760,7,349.1860465116279,39,4,17,35.02257102800582,0.6354166666666666,43.046875,1027.8125,26.354166666666668,0
767,4,0,1,42,0.0,0.023255813953488372,0.9767441860465116,43,1100,1000,100,0.9090909090909091,12,10,2,309.9177696275085,0.7934200812107789,0.1577322880972245,0.1856754239704416,132188.90587819752,-406.4618241456765,131782.44405405186,761,8,350.1860465116279,40,3,17,34.94395855980498,0.63515625,42.91158536585366,1028.3536585365855,25.708841463414636,0
768,4,0,1,41,0.0,0.023809523809523808,0.9761904761904762,42,800,500,300,0.625,11,5,6,313.70870297896215,0.7896583430120016,0.15368754612145707,0.1880537962666238,132210.46142578125,-104.88552517361114,132105.57590060763,762,9,358.3095238095238,39,3,17,34.82488014450184,0.6370192307692308,42.890625,1028.4375,26.370192307692307,0
769,4,0,1,40,0.0,0.024390243902439025,0.975609756097561,41,700,400,300,0.5714285714285714,10,4,6,324.2036633496374,0.7854674796747968,0.16532150776053212,0.19417923209335775,132178.18737900865,370.5305126378805,132548.71789164652,763,32,367.8292682926829,38,3,18,34.587445887445874,0.6384320175438596,42.922008547008545,1028.3119658119656,27.060841205578043,0
770,4,2,1,41,0.047619047619047616,0.023809523809523808,0.9761904761904762,42,1500,1200,300,0.8,18,12,6,317.268898622529,0.7956833139759969,0.16973979557430985,0.1919535086770085,132558.85959201376,11.360677083324987,132570.22026909707,764,0,358.8095238095238,39,3,21,34.38406163598356,0.6404914529914532,42.55208333333333,1029.7916666666656,26.404914529914503,0
771,4,0,0,41,0.0,0.0,1.0,41,1000,800,200,0.8,12,8,4,324.862104036639,0.7887195121951219,0.17266511117072159,0.1964254051885272,132535.4812714587,411.1510610709163,132946.6323325296,765,1,368.5609756097561,38,3,21,34.2120166701252,0.6419956140350878,42.57478632478632,1029.7008547008536,27.09739091318036,0
772,4,0,0,41,0.0,0.0,1.0,41,500,300,200,0.6,7,3,4,323.1490046077366,0.7894308943089431,0.16935271001339558,0.1956505945227613,132585.67843967007,368.98600260416305,132954.66444227422,766,2,369.5609756097561,39,2,22,34.205796331883626,0.6407585470085471,42.526041666666664,1029.8958333333328,26.407585470085458,0
773,4,1,2,40,0.023809523809523808,0.047619047619047616,0.9523809523809523,42,850,600,250,0.7058823529411765,11,6,5,310.9830085738068,0.7954413472706156,0.16413199089394226,0.1897127253145683,132869.07723783795,-135.9949228303259,132733.08231500763,767,0,361.73809523809524,40,2,13,34.235460818137,0.6419270833333334,42.2510162601626,1030.9959349593498,25.774898373983746,0
774,4,1,1,40,0.024390243902439025,0.024390243902439025,0.975609756097561,41,500,300,200,0.6,7,3,4,316.14223997185536,0.7835873983739837,0.1622810586613599,0.1919559788558392,132692.98095703128,189.97124565972314,132882.952202691,768,0,371.4634146341463,39,2,13,34.27874245947494,0.6418269230769231,42.421875,1030.3125000000002,26.418269230769237,0
775,4,0,0,40,0.0,0.0,1.0,40,1100,800,300,0.7272727272727273,14,8,6,321.624938188518,0.7784989316239316,0.1648413192283762,0.1950382172335654,132645.51487508212,532.4211045364839,133177.9359796186,769,38,381.75,38,2,13,34.18507571043352,0.6430921052631579,42.467948717948715,1030.1282051282046,27.108636977058016,0
776,4,0,0,40,0.0,0.0,1.0,40,1100,800,300,0.7272727272727273,14,8,6,323.39098535830783,0.7787660256410256,0.16779863127333083,0.1963968931231435,132700.5487983051,582.8322466944126,133283.38104499952,770,39,382.75,38,2,13,34.084448016037605,0.6436403508771931,42.41452991452991,1030.3418803418795,27.114260008996826,0
777,4,0,0,40,0.0,0.0,1.0,40,1050,700,350,0.6666666666666666,14,7,7,325.6888020423703,0.7781517094017094,0.16750699554357995,0.1985199779473676,132838.18354381248,652.781772773754,133490.96531658623,771,40,383.75,38,2,13,33.88736311189415,0.6450109649122808,42.2809829059829,1030.876068376068,27.128317588843892,0
778,4,0,0,40,0.0,0.0,1.0,40,1150,800,350,0.6956521739130435,15,8,7,329.5889160563783,0.776469017094017,0.17099088366310977,0.20148966476834823,132948.34270445243,763.6600326904725,133712.0027371429,772,41,384.75,38,2,14,33.676490900928904,0.6461074561403508,42.174145299145295,1031.3034188034183,27.139563652721534,0
779,4,0,0,40,0.0,0.0,1.0,40,800,600,200,0.75,10,6,4,333.1204047335848,0.7751602564102564,0.17513978049285583,0.20440132585241164,133086.1058605448,866.7394897362692,133952.84535028107,773,42,385.75,38,2,16,33.447444260371356,0.6474780701754387,42.04059829059828,1031.8376068376056,27.153621232568568,0
780,4,0,0,40,0.0,0.0,1.0,40,850,600,250,0.7058823529411765,11,6,5,334.92727904016084,0.7751602564102564,0.1730434782608703,0.20581409131857195,133141.23109796172,918.5260519395035,134059.7571499012,774,43,386.75,38,2,17,33.34562629399587,0.6480263157894738,41.98717948717948,1032.0512820512809,27.15924426450739,0
781,4,0,0,40,0.0,0.0,1.0,40,1300,1000,300,0.7692307692307693,16,10,6,337.4565020448668,0.7745726495726496,0.17672288907284806,0.20798339513785644,133251.51581561822,993.3180838629418,134244.83389948116,775,44,387.75,38,2,18,33.16992618653422,0.6491228070175439,41.880341880341874,1032.4786324786312,27.170490328385032,0
782,4,0,0,40,0.0,0.0,1.0,40,1100,900,200,0.8181818181818182,13,9,4,338.8681298121207,0.7735042735042735,0.17979416632188694,0.20947423778923166,133361.8461903718,1038.415881364598,134400.26207173642,776,45,388.75,38,2,19,33.02303130602675,0.6502192982456141,41.77350427350427,1032.9059829059827,27.181736392262703,0
783,4,0,0,40,0.0,0.0,1.0,40,1250,900,350,0.72,16,9,7,341.0870736176453,0.7717147435897436,0.18151297425824464,0.2116315114242132,133499.82336410627,1107.0128159471165,134606.8361800534,777,46,389.75,38,2,21,32.827630173334704,0.6515899122807017,41.63995726495727,1033.4401709401714,27.195793972109772,0
784,4,0,0,40,0.0,0.0,1.0,40,1250,1000,250,0.8,15,10,5,338.7286821705427,0.7720886752136752,0.1790155038759691,0.21048169556840085,133555.03420857998,1047.784146942812,134602.8183555228,778,47,390.75,38,2,21,32.83333333333334,0.6521381578947367,41.58653846153847,1033.6538461538469,27.2014170040486,0
785,4,0,0,40,0.0,0.0,1.0,40,800,600,200,0.75,10,6,4,335.6883469152734,0.771875,0.1801462230029971,0.2089039313890097,133610.2564673278,970.2812248885986,134580.5376922164,779,48,391.75,38,2,21,32.8566876786883,0.6526864035087719,41.53311965811966,1033.8675213675215,27.207040035987408,0
786,4,0,0,40,0.0,0.0,1.0,40,1500,1300,200,0.8666666666666667,17,13,4,349.05398802652417,0.7731303418803419,0.15463730569948209,0.2129185198771151,132865.71905361983,1275.4618215355576,134141.18087515538,780,49,392.75,38,2,13,33.25755613126081,0.6452850877192982,42.25427350427351,1030.9829059829071,27.131129104813347,6
787,4,0,0,40,0.0,0.0,1.0,40,900,600,300,0.6666666666666666,12,6,6,348.05598697069956,0.7730235042735043,0.15375569830087032,0.21262255609121483,132920.79863393973,1252.7759514939098,134173.57458543364,781,50,393.75,38,2,14,33.22800110512502,0.6458333333333333,42.200854700854705,1031.196581196582,27.136752136752158,0
788,4,0,0,40,0.0,0.0,1.0,40,900,500,400,0.5555555555555556,13,5,8,346.2856737383215,0.7730769230769231,0.14492543496271715,0.21216589248840312,133030.99203740235,1213.3453411498351,134244.33737855218,782,51,394.75,38,2,14,33.16310238884286,0.6469298245614035,42.0940170940171,1031.623931623932,27.147998200629793,0
789,4,0,0,40,0.0,0.0,1.0,40,1150,700,450,0.6086956521739131,16,7,9,343.2717667673174,0.7723824786324787,0.15183949084135406,0.21141077643547396,133223.94035585131,1146.403476331352,134370.34383218267,783,52,395.75,38,2,15,33.0474490323916,0.6488486842105263,41.90705128205128,1032.371794871794,27.16767881241563,0
790,4,0,0,40,0.0,0.0,1.0,40,1200,900,300,0.75,15,9,6,344.38762802994864,0.7724893162393163,0.1476595634633293,0.2127281278061029,133334.2593163305,1183.7338602162206,134517.99317654673,784,53,396.75,38,2,15,32.9081324781904,0.6499451754385965,41.80021367521367,1032.7991452991444,27.178924876293273,0
791,4,0,0,40,0.0,0.0,1.0,40,1250,1000,250,0.8,15,10,5,343.21192845301675,0.7731837606837607,0.14832908975175085,0.2131169721737899,133528.88028047065,1165.8122402604142,134694.69252073107,785,54,397.75,37,3,15,32.74365230921564,0.6537162162162163,41.61184210526314,1033.5526315789452,27.93385490753906,0
792,4,0,0,40,0.0,0.0,1.0,40,1550,1200,350,0.7741935483870968,19,12,7,341.6339680081669,0.7728899572649572,0.14274467182695427,0.21295108739491178,133670.57802641165,1133.2819954216345,134803.86002183327,786,55,398.75,37,3,15,32.64268105185029,0.655123873873874,41.47478070175437,1034.1008771929799,27.948672356567023,0
793,4,0,0,40,0.0,0.0,1.0,40,600,300,300,0.5,9,3,6,340.0214953567617,0.772142094017094,0.14625596184419742,0.21259793298151367,133783.99032635018,1097.8864891120086,134881.8768154622,787,56,399.75,37,3,14,32.57099010775482,0.6562500000000002,41.365131578947356,1034.5394736842086,27.960526315789423,0
794,4,0,0,40,0.0,0.0,1.0,40,900,600,300,0.6666666666666666,12,6,6,341.3967090786143,0.7714209401709402,0.14737762237762286,0.2139510053309399,133869.08111149556,1140.4927477685092,135009.57385926406,788,57,400.75,37,3,14,32.45037790492336,0.6570945945945947,41.28289473684209,1034.8684210526292,27.969416785206192,0
795,4,0,0,40,0.0,0.0,1.0,40,900,800,100,0.8888888888888888,10,8,2,340.9724217178975,0.7709134615384615,0.14530720338983083,0.21401460512080758,133925.8233302552,1133.0024622960614,135058.82579255124,789,58,401.75,37,3,14,32.404661016949156,0.6576576576576578,41.22807017543858,1035.0877192982434,27.97534376481739,0
796,4,0,0,40,0.0,0.0,1.0,40,1550,1300,250,0.8387096774193549,18,13,5,336.69396914221716,0.7689102564102565,0.1370065615409044,0.21280410129931804,134181.31209843387,1035.6077110264441,135216.91980946032,790,59,402.75,37,3,14,32.26035823896708,0.6601914414414416,40.981359649122794,1036.0745614035068,28.00201517306775,0
797,4,1,1,40,0.024390243902439025,0.024390243902439025,0.975609756097561,41,1200,900,300,0.75,15,9,6,329.6173816831691,0.7726117886178862,0.1318616701988209,0.2096703536521375,134415.7240125869,661.1518012152832,135076.87581380218,791,0,393.9024390243902,39,2,14,32.21004938891677,0.6589209401709402,40.755208333333336,1036.9791666666674,26.58920940170942,0
798,4,0,0,40,0.0,0.0,1.0,40,1250,1000,250,0.8,15,10,5,336.1338705087435,0.7664797008547009,0.14484732824427415,0.21397370938523366,134442.73003472234,1038.1510416666763,135480.88107638902,792,61,404.75,39,1,17,32.014195794830584,0.6591880341880341,40.72916666666667,1037.0833333333344,26.59188034188037,0
799,4,0,0,40,0.0,0.0,1.0,40,1050,600,450,0.5714285714285714,15,6,9,336.1338705087435,0.7664797008547009,0.14484732824427415,0.21397370938523366,134442.73003472234,1038.1510416666763,135480.88107638902,793,62,405.75,39,1,17,32.014195794830584,0.6591880341880341,40.72916666666667,1037.0833333333344,26.59188034188037,0
800,4,1,2,39,0.024390243902439025,0.04878048780487805,0.9512195121951219,41,950,500,450,0.5263157894736842,14,5,9,328.85236954182494,0.7673780487804878,0.1349859562195499,0.2109213514744497,134717.0986398751,660.4942266600947,135377.59286653518,794,0,396.8292682926829,38,3,18,31.929865184727795,0.6636513157894737,40.46474358974359,1038.1410256410259,27.319500674763837,0
801,4,0,0,39,0.0,0.0,1.0,39,1250,1100,150,0.88,14,11,3,334.3671161107346,0.7601776878092668,0.1236138912718836,0.20917384705532024,133803.6242603552,1147.9063938198715,134951.53065417506,795,64,416.15384615384613,38,1,17,32.69761978521271,0.6546052631578947,41.346153846153854,1034.615384615386,27.226720647773313,2
802,4,0,0,39,0.0,0.0,1.0,39,1050,700,350,0.6666666666666666,14,7,7,335.8969757753389,0.7607399910031489,0.12241624381605787,0.21060414267545033,133886.53897518083,1194.416707758057,135080.9556829389,796,65,417.15384615384613,38,1,18,32.57522968927429,0.6554276315789473,41.26602564102564,1034.9358974358977,27.235155195681518,0
803,4,0,0,39,0.0,0.0,1.0,39,1300,900,400,0.6923076923076923,17,9,8,337.62437767515166,0.7591093117408907,0.13073960019894848,0.2124841213264656,134024.7872379282,1250.007076850021,135274.7943147782,797,66,418.15384615384613,38,1,18,32.392480052276795,0.6567982456140351,41.13247863247863,1035.470085470085,27.24921277552855,0
804,4,0,1,38,0.0,0.02564102564102564,0.9743589743589743,39,800,400,400,0.5,12,4,8,335.70884648089566,0.7578160143949618,0.13098477936023056,0.21175649099754607,134107.77043839946,1204.2329835999683,135312.00342199943,798,67,419.15384615384613,38,1,18,32.35924875365307,0.6576206140350876,41.052350427350426,1035.7905982905984,27.2576473234368,0
805,4,0,0,38,0.0,0.0,1.0,38,1200,1000,200,0.8333333333333334,14,10,4,339.2146963450127,0.7558677098150782,0.12220253714629559,0.2140655468517926,134124.5157764889,1499.4013783087094,135623.91715479761,717,68,410.1842105263158,37,1,19,32.2517509967891,0.6596283783783784,41.036184210526315,1035.8552631578946,27.99608819345661,0
806,4,0,0,38,0.0,0.0,1.0,38,650,200,450,0.3076923076923077,11,2,9,337.6349066255798,0.7555417259364627,0.12189714336645996,0.2132335961095237,134152.9124345951,1458.9412126808115,135611.85364727592,718,69,411.1842105263158,37,1,19,32.26432401919278,0.6599099099099099,41.008771929824555,1035.9649122807007,27.99905168326218,0
807,4,0,1,37,0.0,0.02631578947368421,0.9736842105263158,38,1150,900,250,0.782608695652174,14,9,5,336.06808320035856,0.7556009957325747,0.12192147034252332,0.2125731851568531,134209.71476800545,1420.7203177900797,135630.43508579553,719,70,412.1842105263158,37,1,19,32.248236331569665,0.660472972972973,40.95394736842105,1036.184210526315,28.004978662873377,0
808,4,0,1,36,0.0,0.02702702702702703,0.972972972972973,37,1000,700,300,0.7,13,7,6,341.56697742158553,0.7549424424424425,0.11645529467742066,0.21616914210683807,134229.67519884734,1769.6848875902756,135999.3600864376,720,71,407.5405405405405,36,1,19,32.085869013982474,0.6626157407407408,40.934684684684676,1036.26126126126,28.785035035034998,0
809,4,0,0,36,0.0,0.0,1.0,36,700,300,400,0.42857142857142855,11,3,8,347.03929947033004,0.7541997354497355,0.11690486824475221,0.2201192610521441,134310.7263803155,2122.220078875171,136432.94645919066,721,72,409.4166666666667,35,1,19,31.86318296858716,0.6654761904761904,40.85648148148148,1036.574074074074,29.61640211640211,0
810,4,0,0,36,0.0,0.0,1.0,36,1000,800,200,0.8,12,8,4,349.3283458551158,0.7547949735449736,0.1202835454342488,0.22193498738795223,134370.720003858,2187.9002700617207,136558.62027391972,722,73,410.4166666666667,35,1,19,31.7439718687207,0.6660714285714285,40.79861111111111,1036.8055555555552,29.623015873015863,0
811,4,0,0,36,0.0,0.0,1.0,36,450,300,150,0.6666666666666666,6,3,3,340.50840049174974,0.7531084656084657,0.08873129327674789,0.2156232120228521,134250.74615269207,1942.7013674554248,136193.44752014749,723,74,411.4166666666667,35,1,17,32.09226788772243,0.6648809523809524,40.914351851851855,1036.3425925925928,29.609788359788368,3
812,4,0,0,36,0.0,0.0,1.0,36,500,300,200,0.6,7,3,4,338.7692229994192,0.7533399470899471,0.08685092127303173,0.21469769228307137,134280.73459201385,1898.0360243055509,136178.7706163194,724,75,412.4166666666667,35,1,17,32.107412060301506,0.6651785714285714,40.885416666666664,1036.458333333333,29.61309523809523,0
813,4,0,0,36,0.0,0.0,1.0,36,1050,700,350,0.6666666666666666,14,7,7,342.14747573395897,0.7533068783068784,0.0037512085483606405,0.1993194873449509,131120.59709630063,1794.4889188957502,132915.08601519637,725,76,413.4166666666667,35,1,17,35.1919473010133,0.6336309523809524,43.9525462962963,1024.1898148148152,29.26256613756615,8
814,4,0,0,36,0.0,0.0,1.0,36,800,500,300,0.625,11,5,6,342.23466891451176,0.7536044973544974,-0.002824496476249605,0.19969908807667178,131183.87972009167,1779.1343285853375,132963.01404867703,726,77,414.4166666666667,36,0,17,35.12581986735553,0.6322337962962963,43.890765765765764,1024.4369369369367,28.456581581581574,0
815,4,0,0,36,0.0,0.0,1.0,36,800,400,400,0.5,12,4,8,341.51689471077606,0.753207671957672,0.0012422322333325297,0.19988072403619137,131299.26960321813,1768.183766536812,133067.45336975495,727,78,415.4166666666667,36,0,17,35.027744203933636,0.6333912037037037,43.778153153153156,1024.8873873873877,28.469094094094103,0
816,4,0,0,36,0.0,0.0,1.0,36,600,300,300,0.5,9,3,6,343.6468143597375,0.7517857142857144,0.010831389077042841,0.2015909590462619,131387.4488275891,1830.178817690932,133217.62764528004,728,79,416.4166666666667,35,1,18,34.884191314819,0.6363095238095238,43.692129629629626,1025.231481481481,29.29232804232803,0
817,4,0,0,36,0.0,0.0,1.0,36,450,200,250,0.4444444444444444,7,2,5,344.09611054046974,0.7513558201058201,0.010036873988787276,0.20201109630735742,131417.1157648535,1844.0236786265543,133261.13944348003,729,80,417.4166666666667,35,1,18,34.84274466644091,0.6366071428571427,43.66319444444445,1025.347222222223,29.295634920634946,0
818,4,0,0,36,0.0,0.0,1.0,36,1100,700,400,0.6363636363636364,15,7,8,345.9300677677856,0.7511574074074074,-0.00104342921601841,0.2040365968570474,131595.18771701396,1904.5464409722267,133499.73415798618,730,81,418.4166666666667,35,1,14,34.61611675126904,0.6383928571428571,43.489583333333336,1026.0416666666672,29.315476190476204,0
819,4,0,0,36,0.0,0.0,1.0,36,950,600,350,0.631578947368421,13,6,7,346.31218021189136,0.7514550264550265,0.0013221545479611407,0.20442102461775163,131624.87809713653,1916.6597007887597,133541.5377979253,731,82,419.4166666666667,35,1,14,34.57637792315212,0.6386904761904761,43.46064814814815,1026.1574074074078,29.31878306878308,0
820,4,0,0,36,0.0,0.0,1.0,36,850,600,250,0.7058823529411765,11,6,5,346.6638996525247,0.7544973544973546,-0.07029080812509125,0.20645962274344887,131963.7458404351,1949.4133491599785,133913.15918959506,732,83,420.4166666666667,36,0,17,34.225896901943585,0.6400462962962963,43.130630630630634,1027.477477477478,28.541041041041055,5
821,4,0,0,36,0.0,0.0,1.0,36,750,600,150,0.8,9,6,3,347.9778119722275,0.7541997354497355,-0.073774733637747,0.20740023084562875,131992.67415641993,1986.1043898628375,133978.77854628276,733,84,421.4166666666667,36,0,17,34.16301369863014,0.6403356481481481,43.10247747747748,1027.5900900900901,28.54416916916917,0
822,4,0,0,36,0.0,0.0,1.0,36,550,300,250,0.5454545454545454,8,3,5,347.2896833164971,0.7544642857142858,-0.06722727438734888,0.207306274665119,132050.5402995902,1971.9580644834082,134022.49836407363,734,85,422.4166666666667,36,0,17,34.12242978707862,0.6409143518518519,43.046171171171174,1027.815315315316,28.550425425425445,0
823,4,0,0,36,0.0,0.0,1.0,36,950,700,250,0.7368421052631579,12,7,5,350.1795763624223,0.755191798941799,-0.06586154014678447,0.20935097266617927,132108.419124361,2052.3340485756275,134160.75317293665,735,86,423.4166666666667,36,0,17,33.989894840617836,0.6414930555555554,42.98986486486488,1028.040540540542,28.556681681681724,0
824,4,0,0,36,0.0,0.0,1.0,36,850,600,250,0.7058823529411765,11,6,5,350.9938625376502,0.7552248677248677,-0.06887866841874701,0.21031994440248195,132195.261139518,2079.9450633065608,134275.20620282457,736,87,424.4166666666667,36,0,18,33.8815429259746,0.642361111111111,42.90540540540541,1028.3783783783792,28.56606606606609,0
825,4,0,0,36,0.0,0.0,1.0,36,900,600,300,0.6666666666666666,12,6,6,352.3812519679118,0.7555886243386244,-0.06739341969227008,0.2116372607972963,132282.13168827622,2122.748635459794,134404.88032373603,737,88,425.4166666666667,36,0,19,33.75843824119687,0.6432291666666665,42.82094594594595,1028.716216216217,28.57545045045047,0
826,4,0,0,36,0.0,0.0,1.0,36,800,100,700,0.125,15,1,14,349.422231841033,0.7542328042328043,-0.060060553002115546,0.21034389687505683,132369.0307706357,2050.536431701998,134419.5672023377,738,89,426.4166666666667,36,0,19,33.747127380170724,0.6440972222222221,42.7364864864865,1029.0540540540558,28.584834834834883,0
827,4,1,0,37,0.02702702702702703,0.0,1.0,37,950,600,350,0.631578947368421,13,6,7,342.52449561139747,0.7598848848848849,-0.05072818187572303,0.2075919426950628,132623.79410010797,1685.3796360418814,134309.17373614985,739,0,415.86486486486484,37,0,20,33.66865375062096,0.6447072072072071,42.48903508771931,1030.0438596491247,27.839023233760127,0
828,4,0,0,37,0.0,0.0,1.0,37,850,700,150,0.8235294117647058,10,7,3,341.238294023289,0.7591966966966966,-0.04743824284054199,0.20712370869785715,132680.2718144047,1655.1179208987637,134335.38973530347,740,1,416.86486486486484,37,0,17,33.645079466439626,0.6452702702702702,42.4342105263158,1030.263157894739,27.844950213371323,0
829,4,0,0,37,0.0,0.0,1.0,37,750,400,350,0.5333333333333333,11,4,7,338.4274796082973,0.7588213213213213,-0.04545624462636888,0.20588219293452364,132765.01092884364,1586.2656057633296,134351.27653460696,741,2,417.86486486486484,37,0,17,33.63245646700005,0.6461148648648647,42.351973684210535,1030.592105263159,27.853840682788082,0
830,4,0,1,36,0.0,0.02702702702702703,0.972972972972973,37,1100,900,200,0.8181818181818182,13,9,4,337.1742971676018,0.7580705705705706,-0.04544174040025972,0.20558448391503203,132849.77709487543,1558.7060441674455,134408.4831390429,742,3,418.86486486486484,37,0,17,33.57973480819684,0.6469594594594594,42.26973684210527,1030.9210526315796,27.862731152204855,0
831,4,0,0,36,0.0,0.0,1.0,36,1000,700,300,0.7,13,7,6,341.4205438767556,0.7579695767195768,-0.0373839432004367,0.2082415109388208,132861.9978720275,1872.3631148040056,134734.3609868315,743,4,425.02777777777777,36,0,17,33.45803750227563,0.6490162037037037,42.25788288288289,1030.9684684684692,28.638013013013033,0
832,4,0,0,36,0.0,0.0,1.0,36,1350,1100,250,0.8148148148148148,16,11,5,342.19907544744484,0.7582341269841271,-0.040060778105323935,0.2093654864410921,132978.12328798397,1900.9981687768927,134879.12145676085,744,5,426.02777777777777,36,0,18,33.32150525894386,0.6501736111111112,42.145270270270274,1031.4189189189192,28.650525525525534,0
833,4,0,0,36,0.0,0.0,1.0,36,750,500,250,0.6666666666666666,10,5,5,343.1859433736419,0.75869708994709,-0.04296898688886441,0.21029608209002895,133036.20501836293,1931.2311044152232,134967.43612277816,745,6,427.02777777777777,36,0,18,33.237819743113924,0.6507523148148149,42.08896396396396,1031.644144144144,28.65678178178178,0
834,4,0,0,36,0.0,0.0,1.0,36,850,600,250,0.7058823529411765,11,6,5,340.3851748429732,0.7575727513227514,-0.03531689756736123,0.2095574813825074,133210.5262991031,1868.5776570489372,135079.10395615204,746,7,428.02777777777777,36,0,19,33.13538598596415,0.6524884259259259,41.92004504504504,1032.3198198198195,28.67555055055054,0
835,4,0,0,36,0.0,0.0,1.0,36,800,700,100,0.875,9,7,2,344.20896263852364,0.7581349206349207,-0.04101250181712457,0.21274155022375613,133355.8812190569,1980.457907231556,135336.33912628845,747,8,429.02777777777777,36,0,19,32.89109063817415,0.6539351851851851,41.77927927927928,1032.882882882883,28.691191191191194,0
836,4,0,0,36,0.0,0.0,1.0,36,1050,800,250,0.7619047619047619,13,8,5,345.01821019771046,0.7581349206349207,-0.04278673835125457,0.21391129032258072,133472.2222222223,2010.0694444444546,135482.29166666677,748,9,430.02777777777777,36,0,19,32.75369623655913,0.6550925925925926,41.66666666666667,1033.3333333333342,28.703703703703727,0
837,4,0,0,36,0.0,0.0,1.0,36,650,400,250,0.6153846153846154,9,4,5,345.10434513523,0.7590608465608466,-0.04073991142956612,0.21465682526099394,133591.8477794924,2020.6254286694052,135612.47320816183,749,10,431.02777777777777,35,1,20,32.63173608001193,0.6583333333333334,41.550925925925924,1033.7962962962958,29.537037037037024,0
838,4,0,0,36,0.0,0.0,1.0,36,1150,1000,150,0.8695652173913043,13,10,3,345.8334906566967,0.7583002645502646,-0.03843737950421011,0.21528436042064597,133621.76254125938,2042.176113468793,135663.93865472818,750,11,432.02777777777777,35,1,20,32.58295552072839,0.6586309523809524,41.52199074074074,1033.9120370370367,29.540343915343907,0
839,4,0,1,35,0.0,0.027777777777777776,0.9722222222222222,36,950,600,350,0.631578947368421,13,6,7,346.8777752770375,0.7582671957671958,-0.039269457503171123,0.21610920811192816,133651.68065200603,2072.1595293209757,135723.84018132702,751,12,433.02777777777777,35,1,20,32.52602417730021,0.6589285714285715,41.49305555555555,1034.0277777777767,29.543650793650762,0
840,4,0,0,35,0.0,0.0,1.0,35,1500,1300,200,0.8666666666666667,17,13,4,354.24197004229273,0.7530112044817927,-0.019988161010260352,0.22109585026777576,133718.36734693882,2473.7315759637236,136192.09892290254,752,13,443.48571428571427,34,1,18,32.268886203192146,0.661764705882353,41.42857142857143,1034.2857142857147,30.420168067226903,0
841,4,0,0,35,0.0,0.0,1.0,35,900,500,400,0.5555555555555556,13,5,8,357.4957019611503,0.7530112044817927,-0.01867954911433145,0.2242473039574489,133903.12500000012,2573.958333333348,136477.08333333346,753,14,444.48571428571427,34,1,19,31.999798711755233,0.6636029411764706,41.25000000000001,1035.000000000001,30.44117647058826,0
842,4,0,0,35,0.0,0.0,1.0,35,500,300,200,0.6,7,3,4,356.0599006513935,0.751750700280112,-0.025294624892210127,0.22400224129587654,134010.9592013888,2543.185763888878,136554.14496527766,754,15,445.48571428571427,35,0,19,31.92907444668007,0.6625,41.14583333333333,1035.4166666666658,29.58333333333331,0
843,4,0,0,35,0.0,0.0,1.0,35,1050,700,350,0.6666666666666666,14,7,7,354.17571236852797,0.7516106442577031,-0.026662410215482657,0.2235453191606715,134130.8258852022,2501.1761616940917,136632.0020468963,755,16,446.48571428571427,35,0,19,31.85800744878956,0.6636904761904763,41.03009259259259,1035.8796296296289,29.596560846560823,0
844,4,0,0,35,0.0,0.0,1.0,35,850,700,150,0.8235294117647058,10,7,3,354.0868476803661,0.7502801120448179,-0.018609400427581857,0.22422161486067876,134250.74615269207,2507.2847007887576,136758.03085348083,756,17,447.48571428571427,35,0,20,31.740469808651625,0.6648809523809524,40.914351851851855,1036.3425925925928,29.609788359788368,0
845,4,0,0,35,0.0,0.0,1.0,35,750,200,550,0.26666666666666666,13,2,11,352.7118120791198,0.7491596638655462,-0.019521842453627647,0.22390075838360565,134340.7215175969,2476.711864497602,136817.4333820945,757,18,448.48571428571427,35,0,20,31.68622771761377,0.6657738095238095,40.8275462962963,1036.689814814815,29.619708994709,0
846,4,1,0,36,0.027777777777777776,0.0,1.0,36,650,500,150,0.7692307692307693,8,5,3,347.99417969752005,0.7526124338624339,-0.001742282358037306,0.22331547028271298,134736.1128826529,2177.8048156633868,136913.91769831628,758,0,437.0,34,2,21,31.41411535374384,0.671875,40.44642857142856,1038.2142857142844,30.53571428571425,0
847,4,0,0,36,0.0,0.0,1.0,36,900,600,300,0.6666666666666666,12,6,6,351.6753118825933,0.7517195767195768,-0.002171034201747135,0.22664097278341996,134890.65334467104,2287.542517006781,137178.1958616778,759,1,438.0,34,2,19,31.16452746581097,0.6734068627450982,40.29761904761904,1038.8095238095225,30.553221288515367,0
848,4,0,0,36,0.0,0.0,1.0,36,550,500,50,0.9090909090909091,6,5,1,351.6753118825933,0.7517195767195768,-0.002171034201747135,0.22664097278341996,134890.65334467104,2287.542517006781,137178.1958616778,760,2,439.0,34,2,19,31.16452746581097,0.6734068627450982,40.29761904761904,1038.8095238095225,30.553221288515367,0
849,4,0,0,36,0.0,0.0,1.0,36,1000,800,200,0.8,12,8,4,349.5220927981768,0.7506944444444444,0.0011360598770382424,0.22583111384421045,134983.4201388887,2235.9374999999764,137219.35763888867,761,3,440.0,34,2,19,31.128040630847362,0.674325980392157,40.20833333333332,1039.1666666666652,30.563725490196035,0
850,4,0,0,36,0.0,0.0,1.0,36,550,300,250,0.5454545454545454,8,3,5,348.195237601402,0.7505291005291006,0.0010858670230540213,0.2250860358835843,135001.46182966806,2201.3732156635647,137202.83504533162,762,4,441.0,35,1,19,31.144545606414965,0.6723214285714286,40.190972222222214,1039.23611111111,29.692460317460284,0
851,4,0,0,36,0.0,0.0,1.0,36,400,300,100,0.75,5,3,2,344.9316821079718,0.7505291005291006,-0.00312779267202834,0.21806697868859926,134190.77932098773,2057.3302469135942,136248.10956790132,763,5,442.0,35,1,19,32.03753351206436,0.6642857142857143,40.97222222222223,1036.1111111111118,29.603174603174622,1
852,4,0,0,36,0.0,0.0,1.0,36,700,500,200,0.7142857142857143,9,5,4,343.0947713848193,0.7497354497354498,-0.002177797632343381,0.21726100303958087,134250.74615269213,2012.1458118998694,136262.89196459198,764,6,443.0,35,1,20,32.02525872980418,0.6648809523809522,40.914351851851855,1036.3425925925933,29.60978835978838,0
853,4,0,0,36,0.0,0.0,1.0,36,850,700,150,0.8235294117647058,10,7,3,343.19119947565076,0.7482804232804233,-0.0049676267023883725,0.21803594077325403,134370.7200038581,2022.9697145061805,136393.68971836427,765,7,444.0,35,1,20,31.90304755525788,0.6660714285714285,40.798611111111114,1036.8055555555559,29.623015873015884,0
854,4,0,0,36,0.0,0.0,1.0,36,650,300,350,0.46153846153846156,10,3,7,342.86112882653043,0.7462962962962963,-0.004464285714285365,0.21818435470779238,134430.72702331987,2018.2141632373405,136448.9411865572,766,8,445.0,35,1,20,31.851748511904763,0.6666666666666665,40.740740740740755,1037.037037037039,29.629629629629687,0
855,4,0,1,35,0.0,0.027777777777777776,0.9722222222222222,36,1050,900,150,0.8571428571428571,12,9,3,343.265367960157,0.7464616402116403,-0.0029287069061698645,0.21898131622967182,134520.76266986033,2035.2638192301201,136556.02648909044,767,9,446.0,35,1,21,31.751482948417568,0.6675595238095238,40.65393518518519,1037.38425925926,29.639550264550287,0
856,4,0,0,35,0.0,0.0,1.0,35,1300,800,500,0.6153846153846154,18,8,10,333.50096835017973,0.7468487394957982,-0.01860109080470762,0.21187955138162493,134370.72000385812,1962.5530478395144,136333.27305169764,768,10,445.85714285714283,35,0,17,32.15421969189552,0.6660714285714285,40.798611111111114,1036.805555555556,29.623015873015888,2
857,4,0,0,35,0.0,0.0,1.0,35,750,600,150,0.8,9,6,3,333.6656089819753,0.7462184873949579,-0.0225025114410089,0.21215828182182533,134400.72183909902,1968.9797400120144,136369.70157911102,769,11,446.85714285714283,35,0,17,32.12005153104885,0.6663690476190476,40.76967592592593,1036.921296296297,29.62632275132277,0
858,4,0,0,35,0.0,0.0,1.0,35,900,600,300,0.6666666666666666,12,6,6,335.07191787627096,0.7454481792717086,-0.016756463799534327,0.21357855817973975,134490.74743870035,2012.8145361797067,136503.56197488005,770,12,447.85714285714283,35,0,17,31.993881574053404,0.6672619047619047,40.682870370370374,1037.2685185185192,29.636243386243404,0
859,4,0,0,35,0.0,0.0,1.0,35,800,700,100,0.875,9,7,2,334.23124004073475,0.7454481792717086,-0.018361199215823687,0.21321812131566587,134520.76266986024,1992.2082636745515,136512.9709335348,771,13,448.85714285714283,35,0,17,31.98577950091116,0.6675595238095238,40.65393518518518,1037.3842592592591,29.639550264550262,0
860,4,0,0,35,0.0,0.0,1.0,35,900,500,400,0.5555555555555556,13,5,8,334.23124004073475,0.7454481792717086,-0.018361199215823687,0.21321812131566587,134520.76266986024,1992.2082636745515,136512.9709335348,772,14,449.85714285714283,35,0,17,31.98577950091116,0.6675595238095238,40.65393518518518,1037.3842592592591,29.639550264550262,0
861,4,0,0,35,0.0,0.0,1.0,35,800,500,300,0.625,11,5,6,334.729648324382,0.7455182072829131,-0.01926851025869758,0.21441824901236128,134670.8890603567,2015.6678669410176,136686.55692729773,773,15,450.85714285714283,35,0,17,31.823334820101103,0.669047619047619,40.50925925925926,1037.9629629629633,29.656084656084666,0
862,4,0,0,35,0.0,0.0,1.0,35,650,400,250,0.6153846153846154,9,4,5,335.50855135848593,0.7447478991596638,-0.012842809364548069,0.21527265419782685,134730.96305941365,2040.6780478395149,136771.64110725318,774,16,451.85714285714283,35,0,17,31.743311036789297,0.6696428571428571,40.45138888888889,1038.194444444445,29.66269841269843,0
863,4,0,0,35,0.0,0.0,1.0,35,700,600,100,0.8571428571428571,8,6,2,351.8325265420915,0.7436974789915966,-0.02401963142953356,0.21449502490830985,132845.0671537422,2347.8431230709757,135192.91027681317,775,17,452.85714285714283,35,0,15,33.20667733243516,0.6508928571428572,42.27430555555555,1030.902777777777,29.454365079365054,6
864,4,0,0,35,0.0,0.0,1.0,35,900,500,400,0.5555555555555556,13,5,8,349.8010407101316,0.7443977591036414,-0.018239538239538167,0.21376730265619154,132934.5703125,2300.1302083333335,135234.70052083334,776,18,453.85714285714283,35,0,15,33.16919191919192,0.6517857142857143,42.1875,1031.25,29.464285714285715,0
865,4,0,0,35,0.0,0.0,1.0,35,600,400,200,0.6666666666666666,8,4,4,350.6248724770278,0.7442577030812324,-0.016617781410780408,0.21478484456273167,133024.10361207544,2328.31187307097,135352.41548514643,777,19,454.85714285714283,35,0,15,33.058103332211374,0.6526785714285714,42.100694444444436,1031.597222222221,29.474206349206316,0
866,4,0,0,35,0.0,0.0,1.0,35,600,300,300,0.5,9,3,6,350.6248724770278,0.7442577030812324,-0.016617781410780408,0.21478484456273167,133024.10361207544,2328.31187307097,135352.41548514643,778,20,455.85714285714283,35,0,15,33.058103332211374,0.6526785714285714,42.100694444444436,1031.597222222221,29.474206349206316,0
867,4,0,0,35,0.0,0.0,1.0,35,1000,700,300,0.7,13,7,6,352.9953231963558,0.744047619047619,-0.016145307769929174,0.21727848775626593,133203.26063368033,2404.025607638864,135607.2862413192,779,21,456.85714285714283,35,0,15,32.81723007063573,0.6544642857142857,41.92708333333332,1032.291666666665,29.49404761904757,0
868,4,1,0,36,0.027777777777777776,0.0,1.0,36,950,800,150,0.8421052631578947,11,8,3,347.15426883797795,0.7541997354497355,-0.015116025710861791,0.2157433333557072,133559.5112637974,2073.15089582824,135632.66215962564,780,0,445.1388888888889,36,0,17,32.61112321603661,0.6559606481481483,41.5822072072072,1033.6711711711698,28.71308808808805,0
869,4,0,0,36,0.0,0.0,1.0,36,1150,800,350,0.6956521739130435,15,8,7,346.98121805003757,0.7539021164021165,-0.013882837085451571,0.2158053917140477,133588.61395178956,2070.5479973216347,135659.1619491112,781,1,446.1388888888889,36,0,18,32.586465141612194,0.65625,41.55405405405405,1033.7837837837833,28.716216216216203,0
870,4,0,1,35,0.0,0.027777777777777776,0.9722222222222222,36,850,500,350,0.5882352941176471,12,5,7,377.26453136807464,0.7542989417989419,-0.005843477415748755,0.22850737774121946,132600.90115453303,2805.123366609866,135406.02452114288,782,2,447.1388888888889,36,0,18,32.79712442597857,0.646412037037037,42.51126126126127,1029.9549549549558,28.609859859859885,6
871,4,0,0,35,0.0,0.0,1.0,35,1050,900,150,0.8571428571428571,12,9,3,384.3685038205711,0.7434173669467786,0.0025439653095642445,0.2321084753213836,132487.35592689045,3184.793354552471,135672.14928144292,783,25,460.85714285714283,35,0,18,32.72870994940978,0.6473214285714286,42.62152777777778,1029.513888888889,29.41468253968254,0
872,4,0,1,34,0.0,0.02857142857142857,0.9714285714285714,35,550,400,150,0.7272727272727273,7,4,3,384.7861459034208,0.7434873949579831,0.0002312435765672305,0.23254467078511104,132517.1467764061,3198.1524348422563,135715.29921124835,784,26,461.85714285714283,35,0,18,32.687912170263786,0.6476190476190475,42.592592592592595,1029.6296296296302,29.417989417989435,0
873,4,0,0,34,0.0,0.0,1.0,34,950,700,250,0.7368421052631579,12,7,5,383.8784926753081,0.7391934046345812,0.0005949669198395124,0.23239558013534556,132581.84700963704,3379.0639172335464,135960.9109268706,785,27,471.6470588235294,34,0,18,32.64603321388664,0.6504289215686274,42.5297619047619,1029.8809523809514,30.29061624649857,0
874,4,0,0,34,0.0,0.0,1.0,34,950,700,250,0.7368421052631579,12,7,5,399.74459147237997,0.7376336898395722,-0.011577152600170448,0.23696200009960652,131786.11288265296,3736.1571712018053,135522.27005385477,786,28,472.6470588235294,34,0,17,33.04227053140096,0.6424632352941178,43.30357142857142,1026.7857142857135,30.199579831932752,4
875,4,0,0,34,0.0,0.0,1.0,34,1100,800,300,0.7272727272727273,14,8,6,399.00796728257154,0.7374108734402852,-0.006084134893961979,0.23728737075680947,131908.37762188187,3726.4987244897684,135634.87634637163,787,29,473.6470588235294,34,0,17,32.937381697377056,0.6436887254901962,43.184523809523796,1027.261904761903,30.213585434173616,0
876,4,0,0,34,0.0,0.0,1.0,34,350,200,150,0.5714285714285714,5,2,3,398.224147353072,0.7371509209744505,-0.006441278713107401,0.23701202701082824,131938.952664399,3708.2553854875173,135647.2080498865,788,30,474.6470588235294,34,0,17,32.926564310544606,0.6439950980392157,43.1547619047619,1027.3809523809516,30.21708683473387,0
877,4,1,0,35,0.02857142857142857,0.0,1.0,35,950,600,350,0.631578947368421,13,6,7,377.59866542049446,0.7467787114845937,0.020055672016220605,0.2124056362859261,129762.65889321403,2809.2962675266017,132571.95516074062,789,0,462.0571428571429,33,2,17,35.66373987651349,0.6243686868686871,45.28186274509803,1018.8725490196069,30.874925727866877,8
878,4,1,0,36,0.027777777777777776,0.0,1.0,36,900,700,200,0.7777777777777778,11,7,4,369.8214579909569,0.7573743386243387,0.022008297679242617,0.20989204602533085,130110.72137188182,2423.5473356008774,132534.2687074827,790,0,450.19444444444446,34,2,18,35.50782769350447,0.6256127450980393,44.940476190476176,1020.2380952380931,30.007002801120386,0
879,4,0,0,36,0.0,0.0,1.0,36,1100,900,200,0.8181818181818182,13,9,4,370.27952980505984,0.7574074074074074,0.023661831239710107,0.21031582836044804,130141.08737244862,2437.716128117869,132578.8035005665,791,1,451.19444444444446,34,2,18,35.46528020845486,0.6259191176470591,44.91071428571426,1020.3571428571399,30.010504201680586,0
880,4,0,0,36,0.0,0.0,1.0,36,950,600,350,0.631578947368421,13,6,7,370.0124947938359,0.7574074074074074,0.01825396825396841,0.21082107261509236,130262.5868055554,2439.7569444444252,132702.34374999983,792,2,452.19444444444446,34,2,19,35.3486394557823,0.6271446078431373,44.79166666666666,1020.8333333333321,30.024509803921532,0
881,4,1,0,37,0.02702702702702703,0.0,1.0,37,1350,1000,350,0.7407407407407407,17,10,7,369.3086509812066,0.7648898898898899,0.027642928659640464,0.20749665964846914,129716.28578514734,2185.40958049886,131901.69536564618,793,0,440.94594594594594,34,3,19,35.92210081414826,0.6216299019607843,45.32738095238095,1018.6904761904758,29.961484593837525,2
882,4,1,0,38,0.02631578947368421,0.0,1.0,38,650,200,450,0.3076923076923077,11,2,9,366.01081682866686,0.7693515884305359,0.04897793485528723,0.20790923718824247,130144.46159122068,1926.8561385459345,132071.31772976663,794,0,430.3157894736842,35,3,21,35.570742589231706,0.6238095238095238,44.9074074074074,1020.370370370369,29.153439153439113,0
883,4,0,0,38,0.0,0.0,1.0,38,1100,800,300,0.7272727272727273,14,8,6,363.5280859300874,0.7696183025130393,0.044709091017599345,0.20696928275128723,130233.05047850216,1868.674313057262,132101.72479155942,795,1,431.3157894736842,35,3,21,35.544114034093056,0.6247023809523811,44.82060185185185,1020.717592592592,29.163359788359774,0
884,4,1,1,38,0.02564102564102564,0.02564102564102564,0.9743589743589743,39,1300,900,400,0.6923076923076923,17,9,8,356.25206201218754,0.7818263607737292,0.04159260162885037,0.20422033788594718,130498.99798525349,1498.1107735339176,131997.10875878742,796,0,421.2307692307692,35,4,16,35.46008911040628,0.6273809523809525,44.56018518518517,1021.759259259257,29.19312169312163,0
885,4,0,0,38,0.0,0.0,1.0,38,700,300,400,0.42857142857142855,11,3,8,363.68087841200327,0.7721372688477952,0.04177041298188344,0.20835175557622218,130475.34722222204,1890.2777777777546,132365.6249999998,797,3,433.3157894736842,34,4,21,35.294317563893415,0.6292892156862746,44.58333333333332,1021.6666666666652,30.049019607843093,0
886,4,0,0,38,0.0,0.0,1.0,38,900,700,200,0.7777777777777778,11,7,4,367.6652909732377,0.7719298245614035,0.038209238880544394,0.21113087110402948,130566.58340419478,2000.9601757369362,132567.54357993172,798,4,434.3157894736842,34,4,16,35.09998058629393,0.6302083333333335,44.494047619047606,1022.0238095238076,30.059523809523753,0
887,4,0,0,38,0.0,0.0,1.0,38,1250,900,350,0.72,16,9,7,363.84550547464096,0.7712778568041726,0.03682304448309526,0.20985240772675728,130735.62349965681,1913.513803154976,132649.13730281178,799,5,435.3157894736842,35,3,17,35.026218500075444,0.629761904761905,44.32870370370369,1022.6851851851832,29.21957671957666,0
888,4,1,0,39,0.02564102564102564,0.0,1.0,39,1100,600,500,0.5454545454545454,16,6,10,357.03676742165294,0.7763720197930725,0.03588278066185269,0.20849297240065448,131212.72243527306,1569.5532525768924,132782.27568784993,800,0,425.12820512820514,36,3,18,34.71756613175057,0.6325231481481481,43.86261261261261,1024.549549549549,28.459709709709696,0
889,4,0,1,38,0.0,0.02564102564102564,0.9743589743589743,39,850,500,350,0.5882352941176471,12,5,7,360.4736142977901,0.7757534862798021,0.03545224006762471,0.21081683098392603,131270.4173768363,1663.9043604415183,132934.32173727782,801,1,426.12820512820514,36,3,18,34.57119963369963,0.6331018518518519,43.806306306306304,1024.7747747747746,28.465965965965964,0
890,4,0,0,38,0.0,0.0,1.0,38,1050,800,250,0.7619047619047619,13,8,5,366.5511483147365,0.7678994784257942,0.03829966830335363,0.214362210513783,131268.81456832984,2023.346943587098,133292.16151191693,802,2,438.0263157894737,35,3,18,34.41711843987652,0.6351190476190476,43.80787037037037,1024.768518518518,29.279100529100514,0
891,4,0,0,38,0.0,0.0,1.0,38,650,400,250,0.6153846153846154,9,4,5,366.84513186595245,0.7666251778093883,0.03851091142490315,0.21486643437862946,131328.12500000015,2035.4300625857486,133363.5550625859,803,3,439.0263157894737,34,4,18,34.349593495934954,0.6378676470588235,43.75000000000001,1025.0000000000011,30.147058823529445,0
892,4,1,0,39,0.02564102564102564,0.0,1.0,39,1100,700,400,0.6363636363636364,15,7,8,362.56353256941134,0.7778340080971661,0.06390603685463958,0.21501762439544234,131803.09070644717,1757.3988340192066,133560.48954046637,804,0,428.7435897435897,35,4,16,33.979561166215824,0.6404761904761904,43.28703703703704,1026.8518518518517,29.338624338624335,0
893,4,0,1,38,0.0,0.02564102564102564,0.9743589743589743,39,500,300,200,0.6,7,3,4,364.12876810156735,0.7766531713900136,0.06483784759841105,0.21645296831221747,131892.24222232925,1805.1519365140448,133697.3941588433,805,1,429.7435897435897,35,4,17,33.8494131455399,0.6413690476190477,43.200231481481474,1027.199074074073,29.348544973544943,0
894,4,0,0,38,0.0,0.0,1.0,38,1000,800,200,0.8,12,8,4,371.0109935136438,0.7744487908961594,0.07232113439174115,0.22010597180527436,131816.67375283435,2181.087018140579,133997.76077097494,806,2,437.42105263157896,34,4,17,33.748985624855095,0.6427696078431373,43.27380952380952,1026.904761904761,30.20308123249297,0
895,4,0,0,38,0.0,0.0,1.0,38,1000,500,500,0.5,15,5,10,369.17490444690765,0.7749229492650546,0.0685589146719372,0.21936922008043527,131877.80612244896,2137.195294784583,134015.00141723355,807,3,438.42105263157896,34,4,17,33.734401560809765,0.6433823529411764,43.214285714285715,1027.142857142857,30.210084033613445,0
896,4,0,1,37,0.0,0.02631578947368421,0.9736842105263158,38,750,300,450,0.4,12,3,9,367.5024945914889,0.7739449976292082,0.07284330046527532,0.2189036598218868,131969.53125,2099.826388888889,134069.35763888888,808,4,439.42105263157896,34,4,18,33.68477967018114,0.6443014705882353,43.125,1027.5,30.220588235294116,0
897,4,0,0,37,0.0,0.0,1.0,37,800,500,300,0.625,11,5,6,375.9273153758295,0.7654529529529529,0.07215593681759125,0.22292250357636745,131799.59518274205,2509.4135969338545,134309.0087796759,809,5,452.0810810810811,33,4,18,33.6400276484863,0.6448863636363638,43.29044117647058,1026.8382352941164,31.11631016042777,0
898,4,0,0,37,0.0,0.0,1.0,37,750,400,350,0.5333333333333333,11,4,7,377.4008466290579,0.7648898898898899,0.06813828861072979,0.22435275861310358,131893.99059256038,2555.380742983448,134449.37133554384,810,6,453.0810810810811,33,4,18,33.50682017020599,0.6458333333333335,43.198529411764696,1027.2058823529399,31.127450980392116,0
899,4,0,0,37,0.0,0.0,1.0,37,1250,1000,250,0.8,15,10,5,361.7979037893038,0.766016016016016,0.06424457244129389,0.20063338301043232,129201.38888888904,1948.9583333333521,131150.3472222224,811,7,454.0810810810811,34,3,20,36.63763661202186,0.6164215686274509,45.83333333333334,1016.6666666666679,29.90196078431376,8
900,4,1,0,38,0.02631578947368421,0.0,1.0,38,650,500,150,0.7692307692307693,8,5,3,353.79752736690006,0.7732633949739213,0.07113613101330563,0.19752010527854946,129466.28146701399,1560.9700520833433,131027.25151909734,812,0,443.10526315789474,35,3,18,36.571349368816094,0.6169642857142856,45.57291666666667,1017.7083333333342,29.077380952380977,0
901,4,2,1,39,0.05,0.025,0.975,40,750,400,350,0.5333333333333333,11,4,7,339.7568405304314,0.789823717948718,0.07476879234326272,0.1920607209782664,129954.95158366041,830.6167522699313,130785.56833593034,813,0,421.9,37,3,19,36.43256891422016,0.6179617117117117,45.093201754385966,1019.6271929824566,27.557491702228557,0
902,4,0,0,39,0.0,0.0,1.0,39,1250,900,350,0.72,16,9,7,350.0691674688179,0.7806455240665767,0.07986521117388046,0.19799352351218924,129975.34855379043,1300.072411938982,131275.42096572943,814,1,433.71794871794873,36,3,19,36.148996870973676,0.6200810185185185,45.073198198198206,1019.7072072072085,28.325200200200236,0
903,4,0,0,39,0.0,0.0,1.0,39,1150,700,450,0.6086956521739131,16,7,9,351.3352901719237,0.7819950517318939,0.07837541722934205,0.1990021090110765,130032.77084094238,1337.0202550523554,131369.79109599473,815,2,434.71794871794873,36,3,19,36.058435464281764,0.6206597222222222,45.016891891891895,1019.9324324324332,28.33145645645648,0
904,4,1,0,40,0.025,0.0,1.0,40,950,700,250,0.7368421052631579,12,7,5,342.1772293794379,0.7891826923076923,0.09059256055363352,0.1865834326238817,128533.39489073522,796.2401892889675,129329.63508002418,816,0,424.825,37,3,16,37.816735149942346,0.6036036036036038,46.49122807017542,1014.0350877192951,27.406353722143113,5
905,4,0,1,39,0.0,0.025,0.975,40,850,500,350,0.5882352941176471,12,5,7,344.814147521229,0.7902510683760684,0.0942174664937312,0.18854731045309714,128644.60699445951,871.6960987995949,129516.3030932591,817,1,425.825,37,3,16,37.63645698227409,0.6047297297297298,46.3815789473684,1014.4736842105237,27.418207681365505,0
906,4,1,0,40,0.025,0.0,1.0,40,1400,900,500,0.6428571428571429,19,9,10,344.97875915362954,0.7891559829059829,0.10985044811575473,0.18983055784442993,128895.01006319221,893.2081265389031,129788.21818973111,818,0,426.7,37,3,17,37.37706061260483,0.6072635135135136,46.134868421052616,1015.4605263157869,27.44487908961586,0
907,4,0,0,40,0.0,0.0,1.0,40,800,300,500,0.375,13,3,10,346.1345282011773,0.7880608974358975,0.11323656378156688,0.1911372192081114,129034.22807979374,932.6403316404987,129966.86841143425,819,1,427.7,37,3,18,37.20591409453918,0.6086711711711712,45.997807017543856,1016.0087719298242,27.459696538643897,0
908,4,1,0,41,0.024390243902439025,0.0,1.0,41,1200,900,300,0.75,15,9,6,339.1477344145085,0.7922256097560976,0.11467999170173426,0.18898208746807255,129391.54071015024,576.5695768500015,129968.11028700024,820,0,418.2439024390244,38,3,20,37.02002170184466,0.6104714912280702,45.64636752136751,1017.4145299145279,26.7740665766981,0
909,4,2,3,40,0.046511627906976744,0.06976744186046512,0.9302325581395349,43,750,600,150,0.8,9,6,3,325.9586758989469,0.8066629752676264,0.10808341295535295,0.183635595613182,129822.05119307284,-136.67521812414012,129685.37597494869,821,0,399.74418604651163,40,3,15,36.918918694322564,0.6114583333333334,45.22357723577235,1019.10569105691,25.47764227642275,0
910,4,1,1,40,0.024390243902439025,0.024390243902439025,0.975609756097561,41,700,200,500,0.2857142857142857,12,2,10,341.3009045290989,0.797510162601626,0.10112503392512462,0.19057634329098444,129473.0771513623,637.8556687851478,130110.93282014746,822,0,420.1951219512195,38,3,15,36.88239204982854,0.6112938596491229,45.56623931623931,1017.7350427350419,26.782501124606366,0
911,4,0,1,39,0.0,0.025,0.975,40,850,700,150,0.8235294117647058,10,7,3,320.6838174031988,0.7872061965811966,0.07045791424033876,0.1694940489856302,127280.6076617174,163.3662292716722,127443.97389098907,823,5,431.7,38,2,22,39.639800599964694,0.5890899122807018,47.72970085470085,1009.0811965811963,26.554768331084112,7
912,4,0,0,39,0.0,0.0,1.0,39,250,100,150,0.4,4,1,3,324.11190200329276,0.7807579847053532,0.08964606356477756,0.17120997257372553,127257.9122903201,449.1607994767697,127707.07308979688,824,8,443.64102564102564,37,2,23,39.576541331594605,0.5906531531531531,47.752192982456144,1008.9912280701755,27.270033191085822,0
913,4,5,3,41,0.11363636363636363,0.06818181818181818,0.9318181818181819,44,1200,1000,200,0.8333333333333334,14,10,4,293.42098670029657,0.8198114869626498,0.10421497294848248,0.16116891878175713,128823.44148596941,-1237.0218676979039,127586.41961827151,825,0,394.1136363636364,41,3,14,38.75848969021793,0.5998475609756098,46.205357142857146,1015.1785714285716,24.760452961672478,2
914,4,0,0,41,0.0,0.0,1.0,41,1250,900,350,0.72,16,9,7,316.3214321961083,0.7998475609756097,0.11817476506342817,0.17279376739182126,128604.67916757984,-63.91673971802459,128540.76242786182,826,1,423.9512195121951,38,3,14,38.399691032933056,0.6025219298245614,46.42094017094017,1014.3162393162396,26.692532613585254,0
915,4,0,1,40,0.0,0.024390243902439025,0.975609756097561,41,1050,800,250,0.7619047619047619,13,8,5,313.8877429687691,0.8005081300813008,0.11626416756778446,0.17221408600718952,128778.12499999996,-115.62500000000159,128662.49999999996,827,2,424.9512195121951,39,2,14,38.28509852216749,0.6025641025641025,46.25,1014.9999999999997,26.02564102564102,0
916,4,1,0,41,0.024390243902439025,0.0,1.0,41,950,700,250,0.7368421052631579,12,7,5,306.3205610490041,0.8095528455284553,0.10225412785180943,0.1693144991668875,129072.27143441417,-292.50187966817157,128779.769554746,828,0,409.2439024390244,40,1,16,38.178609527619436,0.6039062499999999,45.960365853658544,1016.158536585367,25.403963414634173,0
917,4,1,1,41,0.023809523809523808,0.023809523809523808,0.9761904761904762,42,1000,800,200,0.8,12,8,4,301.13881194213593,0.8124758033294619,0.11520467836257309,0.16828345373237022,129504.14540816339,-600.2551020408044,128903.89030612259,829,0,400.4761904761905,41,1,15,37.87280701754386,0.6067073170731707,45.53571428571429,1017.8571428571438,24.825783972125457,0
918,4,0,0,41,0.0,0.0,1.0,41,1250,1000,250,0.8,15,10,5,308.14161105194256,0.8057926829268293,0.11920600779961688,0.17188980230992193,129433.96297053662,-223.20202508428042,129210.76094545235,830,1,410.9268292682927,40,1,15,37.765696261526685,0.6075520833333334,45.604674796747965,1017.5813008130074,25.439532520325184,0
919,4,1,1,41,0.023809523809523808,0.023809523809523808,0.9761904761904762,42,1250,1000,250,0.8,15,10,5,305.81247226545605,0.8101045296167247,0.13022101061240354,0.1721095837062189,129781.98346757666,-462.21015605318297,129319.77331152347,831,0,402.1190476190476,41,1,16,37.47271849544024,0.6095020325203253,45.262896825396815,1018.9484126984112,24.852400309717346,0
920,4,1,1,41,0.023809523809523808,0.023809523809523808,0.9761904761904762,42,1350,1200,150,0.8888888888888888,15,12,3,305.23507312937164,0.8066686024003097,0.12771236742239966,0.1724519431858463,129933.65698420536,-467.9381416919017,129465.71884251345,832,0,403.0238095238095,41,1,17,37.334075281372634,0.6110264227642277,45.11408730158728,1019.5436507936479,24.86691831204019,0
921,4,0,0,41,0.0,0.0,1.0,41,900,600,300,0.6666666666666666,12,6,6,313.8391932912952,0.8037093495934959,0.13698323641926224,0.1769248605687687,129847.94439693615,-49.72517598653707,129798.21922094961,833,2,413.8536585365854,40,1,17,37.20149067703659,0.6117187500000001,45.19817073170731,1019.2073170731691,25.480182926829226,0
922,4,0,0,41,0.0,0.0,1.0,41,800,500,300,0.625,11,5,6,312.7529248168575,0.8042682926829269,0.1393255914020317,0.17678028702464954,129951.54303200789,-71.45496645517261,129880.08806555271,834,3,414.8536585365854,40,1,18,37.12436459683045,0.6127604166666668,45.096544715447145,1019.61382113821,25.49034552845525,0
923,4,0,0,41,0.0,0.0,1.0,41,900,700,200,0.7777777777777778,11,7,4,313.04493810152223,0.8049796747967479,0.13582532717138296,0.17753362082842264,130081.09941998808,-55.754056778374206,130025.34536320971,835,4,415.8536585365854,40,1,20,36.98591186823404,0.6140625000000001,44.96951219512195,1020.121951219512,25.5030487804878,0
924,4,0,0,41,0.0,0.0,1.0,41,1050,600,450,0.5714285714285714,15,6,9,308.6606061353707,0.8052845528455285,0.132390302194199,0.17551357909464269,130184.79100568431,-163.41669971579472,130021.37430596852,836,5,416.8536585365854,40,1,20,36.99296288919868,0.6151041666666668,44.86788617886178,1020.5284552845518,25.513211382113795,0
925,4,1,1,41,0.023809523809523808,0.023809523809523808,0.9761904761904762,42,1200,900,300,0.75,15,9,6,302.67899434477795,0.8087495160665893,0.13362780312590994,0.17369895937301155,130541.2368216962,-497.5819436571015,130043.6548780391,837,0,407.9047619047619,41,1,15,36.78597142672232,0.6171239837398375,44.5188492063492,1021.9246031746027,24.924990321331773,0
926,4,2,3,40,0.046511627906976744,0.06976744186046512,0.9302325581395349,43,650,600,50,0.9230769230769231,7,6,1,295.2291218932375,0.8126153562200074,0.12667399769491294,0.17015581230689975,130708.0978926296,-882.2326069647307,129825.86528566487,838,0,399.3720930232558,42,1,15,36.80825357718184,0.6173115079365079,44.35562015503876,1022.5775193798445,24.347083794758202,0
927,4,1,1,40,0.024390243902439025,0.024390243902439025,0.975609756097561,41,1100,900,200,0.8181818181818182,13,9,4,307.4241349356266,0.8034044715447154,0.13337861275181684,0.17633483609684683,130522.0739659759,-174.87286420119966,130347.2011017747,839,0,419.1951219512195,40,1,15,36.68407094314605,0.6184895833333334,44.53760162601626,1021.8495934959346,25.546239837398367,0
928,4,0,0,40,0.0,0.0,1.0,40,500,200,300,0.4,8,2,6,315.2503353469799,0.7943108974358974,0.14221219537065388,0.180482197241555,130448.7426757815,224.80197482641864,130673.54465060792,840,9,430.675,39,1,23,36.55817698242753,0.6193910256410255,44.609375000000014,1021.5625000000019,26.193910256410305,0
929,4,0,0,40,0.0,0.0,1.0,40,1250,800,450,0.64,17,8,9,314.3826715527103,0.7936431623931623,0.14696861626248214,0.18085296240435536,130635.0314670141,213.87803819446475,130848.90950520856,841,10,431.675,39,1,16,36.392313701514844,0.6212606837606837,44.42708333333334,1022.2916666666683,26.21260683760688,0
930,4,1,0,41,0.024390243902439025,0.0,1.0,41,750,200,550,0.26666666666666666,13,2,11,305.37439448123746,0.7993902439024391,0.141453240930264,0.17681511087013144,130885.78976014632,-206.16624115933837,130679.62351898698,842,0,422.1219512195122,40,1,17,36.36988115337506,0.6221354166666666,44.1819105691057,1023.2723577235791,25.581808943089477,0
931,4,0,0,41,0.0,0.0,1.0,41,1000,500,500,0.5,15,5,10,306.83090061084187,0.7988313008130081,0.14431741696809453,0.17825919796733716,131015.81090124953,-160.06014938195352,130855.75075186757,843,1,423.1219512195122,40,1,19,36.201690821256044,0.6234374999999999,44.0548780487805,1023.7804878048802,25.594512195122004,0
932,4,0,0,41,0.0,0.0,1.0,41,850,300,550,0.35294117647058826,14,3,11,303.6080430156191,0.7978150406504065,0.14208200426913975,0.17686484725499507,131119.87428944436,-238.1903133055436,130881.68397613881,844,2,424.1219512195122,40,1,20,36.17946682542832,0.6244791666666666,43.95325203252034,1024.1869918699208,25.60467479674802,0
933,4,1,1,41,0.023809523809523808,0.023809523809523808,0.9761904761904762,42,1000,600,400,0.6,14,6,8,299.1913144773455,0.8064508323654666,0.1450895016932754,0.17559013260212206,131404.40095308976,-536.9889101473736,130867.4120429424,845,0,415.0,41,1,20,36.00659167876149,0.6257621951219511,43.67559523809525,1025.2976190476206,25.00725900116148,0
934,4,0,0,41,0.0,0.0,1.0,41,1150,900,250,0.782608695652174,14,9,5,304.9899211518426,0.796239837398374,0.15408232583663928,0.1790019380163434,131406.26161882817,-184.48292600302977,131221.77869282514,846,4,426.1219512195122,40,1,21,35.85608913998743,0.6273437499999999,43.67378048780488,1025.3048780487813,25.632621951219534,0
935,4,0,0,41,0.0,0.0,1.0,41,1150,500,650,0.43478260869565216,18,5,13,337.06396967617894,0.7955284552845528,0.22462829508344306,0.18616772141684293,129042.58355034713,518.9634701463153,129561.54702049345,847,5,427.1219512195122,39,2,20,37.42780739525665,0.6052350427350428,45.98958333333333,1016.0416666666658,26.052350427350405,8
936,4,2,1,42,0.046511627906976744,0.023255813953488372,0.9767441860465116,43,750,300,450,0.4,12,3,9,326.0067438424399,0.8122923588039866,0.22077698937513923,0.18221448361193515,129511.53413973158,-155.57563676342738,129355.95850296815,848,0,408.2093023255814,40,3,16,37.23251131522897,0.6083333333333334,45.52845528455284,1017.8861788617882,25.447154471544703,0
937,4,4,2,44,0.08695652173913043,0.043478260869565216,0.9565217391304348,46,1650,1300,350,0.7878787878787878,20,13,7,311.03706788838,0.8300925925925926,0.23007985803016884,0.1772187944945419,130262.58680555536,-1090.1870992795498,129172.39970627581,849,0,382.5,40,6,18,36.85374149659864,0.6158854166666667,44.79166666666666,1020.8333333333318,25.520833333333293,0
938,4,0,0,44,0.0,0.0,1.0,44,1700,1400,300,0.8235294117647058,20,14,6,322.85054967915187,0.8141737138830163,0.23548476894933668,0.1835911334742638,130186.64301658147,-393.83414824264116,129792.80886833882,850,1,400.8863636363636,41,3,19,36.629058520462756,0.6135670731707317,44.86607142857142,1020.535714285713,24.891114982578365,0
939,4,0,0,44,0.0,0.0,1.0,44,1550,1300,250,0.8387096774193549,18,13,5,321.00972199070884,0.8135570824524313,0.2341208697140904,0.1832861961043722,130344.39718934885,-431.5698262170082,129912.82736313184,851,2,401.8863636363636,38,6,21,36.516530654948724,0.6200657894736843,44.711538461538446,1021.153846153844,26.872469635627475,0
940,4,1,1,44,0.022222222222222223,0.022222222222222223,0.9777777777777777,45,1400,1000,400,0.7142857142857143,18,10,8,313.71818244453857,0.8218434343434344,0.22772909449086365,0.18047070589160016,130635.03146701379,-803.4830729166763,129831.54839409712,852,0,393.93333333333334,39,6,14,36.409296243461725,0.6212606837606838,44.42708333333333,1022.2916666666658,26.212606837606817,0
941,4,0,0,44,0.0,0.0,1.0,44,1250,900,350,0.72,16,9,7,319.80326697261427,0.8149445031712473,0.23231135437156158,0.1837572285361562,130589.98243343194,-447.3793967784335,130142.60303665351,853,4,403.8863636363636,38,6,14,36.2992578655796,0.6225328947368421,44.47115384615385,1022.1153846153845,26.897773279352226,0
942,4,0,0,44,0.0,0.0,1.0,44,1150,700,450,0.6086956521739131,16,7,9,315.9555683403588,0.8150105708245243,0.23031287753860274,0.18227117817687513,130744.07837498422,-538.1360819790922,130205.94229300514,854,5,404.8863636363636,41,3,15,36.24209832832153,0.6191565040650406,44.320436507936506,1022.7182539682537,24.944347657762286,0
943,4,0,1,43,0.0,0.022727272727272728,0.9772727272727273,44,1000,700,300,0.7,13,7,6,315.7284660299203,0.8155611346018323,0.2314419409551527,0.1826727053594479,130856.77059859672,-536.9585098551868,130319.81208874153,855,6,405.8863636363636,42,2,17,36.13426145152635,0.6187996031746033,44.21027131782945,1023.1589147286811,24.360926541159074,0
944,4,0,1,42,0.0,0.023255813953488372,0.9767441860465116,43,1200,900,300,0.75,15,9,6,320.19711935284454,0.8091085271317829,0.23182759040545498,0.18532621150422182,130870.9343112243,-219.1007653061415,130651.83354591815,856,7,416.1860465116279,41,2,17,36.00567190226876,0.6204268292682927,44.19642857142856,1023.2142857142841,24.95644599303132,0
945,4,0,0,42,0.0,0.0,1.0,42,1050,400,650,0.38095238095238093,17,4,13,317.2931778331759,0.8065476190476191,0.17062884367631703,0.18016734358701203,130129.69970703124,-132.49190626771565,129997.20780076351,857,8,421.5238095238095,39,3,18,36.82842011230218,0.6161858974358976,44.921875,1020.3124999999999,26.16185897435897,6
946,4,0,0,42,0.0,0.0,1.0,42,1050,800,250,0.7619047619047619,13,8,5,316.39150386963036,0.8071525358110724,0.16750277081024345,0.17977791020341652,130156.27170138895,-163.93229166666254,129992.33940972229,858,9,422.5238095238095,39,3,18,36.82455423982577,0.6164529914529915,44.895833333333336,1020.4166666666672,26.16452991452993,0
947,4,1,1,42,0.023255813953488372,0.023255813953488372,0.9767441860465116,43,1100,700,400,0.6363636363636364,15,7,8,309.2402823960652,0.8151531930601698,0.16522182559918352,0.1767988903144852,130395.54172092023,-535.2457682291619,129860.29595269107,859,0,413.6744186046512,39,4,18,36.765362060173366,0.6188568376068376,44.661458333333336,1021.3541666666674,26.188568376068396,0
948,4,1,0,43,0.023255813953488372,0.0,1.0,43,850,500,350,0.5882352941176471,12,5,7,307.93051691466036,0.8132152085640457,0.1693427333584696,0.17629156914080987,130448.74267578125,-566.1702473958331,129882.57242838542,860,0,414.6511627906977,39,4,19,36.74511828285919,0.6193910256410258,44.609375,1021.5625,26.193910256410255,0
949,4,0,1,42,0.0,0.023255813953488372,0.9767441860465116,43,700,400,300,0.5714285714285714,10,4,6,305.54433226883185,0.812892211148025,0.1635468494072858,0.17540640397246998,130555.1771375869,-621.9211154513839,129933.25602213551,861,1,415.6511627906977,39,4,15,36.69870978153772,0.6204594017094017,44.505208333333336,1021.9791666666674,26.204594017094035,0
950,4,1,1,42,0.023255813953488372,0.023255813953488372,0.9767441860465116,43,1250,800,450,0.64,17,8,9,302.5470002440193,0.8093392395717977,0.1603578036202029,0.1744042220431909,130714.91021050366,-690.5192057291476,130024.39100477452,862,0,416.6046511627907,39,4,16,36.61431275678247,0.6220619658119657,44.34895833333334,1022.6041666666681,26.220619658119695,0
951,4,1,0,43,0.023255813953488372,0.0,1.0,43,1050,700,350,0.6666666666666666,14,7,7,302.7618330167958,0.8105389442598745,0.17248693280812044,0.1753733636531254,130901.38888888912,-673.6111111110856,130227.77777777804,863,0,417.5813953488372,39,4,17,36.42100977198696,0.6239316239316238,44.16666666666668,1023.3333333333352,26.239316239316288,0
952,4,1,2,42,0.022727272727272728,0.045454545454545456,0.9545454545454546,44,1600,1300,300,0.8125,19,13,6,297.4164971252337,0.8142177589852009,0.17479691289569232,0.17384640814572389,131250.0116188283,-992.8162593363559,130257.19535949196,864,0,409.0681818181818,40,4,17,36.20718866739394,0.62578125,43.82621951219513,1024.6951219512214,25.617378048780534,0
953,4,0,0,42,0.0,0.0,1.0,42,1000,600,400,0.6,14,6,8,310.6031456139802,0.8041037553232675,0.18004135168314273,0.18024765221850667,130972.46334876552,-263.9081790123333,130708.55516975319,865,2,429.1666666666667,38,4,17,36.14880144730891,0.6263706140350876,44.09722222222223,1023.6111111111119,26.937134502923996,0
954,4,0,0,42,0.0,0.0,1.0,42,1100,800,300,0.7272727272727273,14,8,6,309.068326701664,0.803111691831204,0.17052646220182166,0.17999568528324142,131109.19922017684,-295.65983636495923,130813.53938381189,866,3,430.1666666666667,38,4,18,36.05040336601987,0.6277412280701754,43.96367521367522,1024.1452991452998,26.951192082771048,0
955,4,0,0,42,0.0,0.0,1.0,42,1400,1100,300,0.7857142857142857,17,11,6,315.9525380438631,0.8047812620983352,0.1549628958305933,0.17674894987422282,129545.80213758671,-207.63147139412098,129338.17066619259,867,4,431.1666666666667,39,3,17,37.4536350148368,0.6103098290598291,45.494791666666664,1018.0208333333326,26.103098290598272,6
956,4,0,0,42,0.0,0.0,1.0,42,1450,1000,450,0.6896551724137931,19,10,9,318.12346050744185,0.8039827719705769,0.15167007498295826,0.17880732435418284,129731.44531250001,-145.8767361111104,129585.5685763889,868,5,432.1666666666667,39,3,18,37.21029311520108,0.6121794871794872,45.3125,1018.7500000000001,26.121794871794876,0
957,4,0,0,42,0.0,0.0,1.0,42,1300,1200,100,0.9230769230769231,14,12,2,316.6415841372333,0.8040795586527294,0.1486781139275004,0.1784574458063764,129837.58680555575,-177.60416666664685,129659.98263888911,869,6,433.1666666666667,39,3,19,37.140569637503404,0.6132478632478633,45.20833333333334,1019.1666666666682,26.132478632478673,0
958,4,0,0,42,0.0,0.0,1.0,42,850,700,150,0.8235294117647058,10,7,3,315.5183003732414,0.8045392953929539,0.13832581760868612,0.17842915322667036,129970.3247070314,-198.39680989581828,129771.92789713558,870,7,434.1666666666667,39,3,20,37.03487332720401,0.6145833333333333,45.07812500000001,1019.6875000000011,26.145833333333364,0
959,4,0,1,41,0.0,0.023809523809523808,0.9761904761904762,42,1050,800,250,0.7619047619047619,13,8,5,318.1866649007953,0.8032326751838947,0.13945856063479112,0.18055157566850485,130103.13042534744,-120.58376736108697,129982.54665798636,871,8,435.1666666666667,39,3,20,36.83249948948335,0.6159188034188033,44.94791666666668,1020.2083333333351,26.15918803418808,0
960,4,0,0,41,0.0,0.0,1.0,41,700,300,400,0.42857142857142855,11,3,8,326.71591109083954,0.7951727642276423,0.15085826986896644,0.18511316339372386,130044.55133912279,297.5248146322017,130342.07615375498,872,23,446.5853658536585,38,3,20,36.674260675255745,0.6170504385964912,45.00534188034189,1019.9786324786336,26.84154295996404,0
961,4,0,1,40,0.0,0.024390243902439025,0.975609756097561,41,950,700,250,0.7368421052631579,12,7,5,326.11865275689496,0.7950711382113821,0.15338163017155937,0.1849038537127574,130071.79578493687,283.7677606107199,130355.56354554759,873,24,447.5853658536585,38,3,20,36.66190999860356,0.6173245614035088,44.978632478632484,1020.0854700854705,26.844354475933436,0
962,4,1,0,41,0.024390243902439025,0.0,1.0,41,800,500,300,0.625,11,5,6,323.0320699708453,0.8010162601626016,0.16545545047287202,0.18405315614617945,130262.58680555565,215.79861111111958,130478.38541666677,874,0,446.6341463414634,38,3,21,36.547619047619044,0.6192434210526315,44.79166666666667,1020.8333333333342,26.86403508771932,0
963,4,0,0,41,0.0,0.0,1.0,41,700,300,400,0.42857142857142855,11,3,8,321.7909335145785,0.8013719512195122,0.1629172528628342,0.18361726835599046,130320.0725007104,187.16355713824714,130507.23605784866,875,1,447.6341463414634,36,5,21,36.52117569207014,0.6235532407407407,44.735360360360374,1021.0585585585604,28.36273773773779,0
964,4,0,1,40,0.0,0.024390243902439025,0.975609756097561,41,650,500,150,0.7692307692307693,8,5,3,328.1050797942075,0.801219512195122,0.11643546938850236,0.18788906136709466,130458.54403518378,398.4897240428743,130857.03375922664,876,2,448.6341463414634,37,4,17,36.21996976852346,0.6230292792792793,44.599780701754376,1021.6008771929814,27.610834518729227,5
965,4,1,1,40,0.024390243902439025,0.024390243902439025,0.975609756097561,41,1100,700,400,0.6363636363636364,15,7,8,329.21769005742914,0.8048272357723577,0.13200810828483656,0.18962044223505387,130682.67549871096,404.6097116420269,131087.28521035297,877,0,449.5609756097561,37,4,15,35.96503574620197,0.6252815315315317,44.38048245614034,1022.4780701754371,27.634542437173977,0
966,4,0,0,40,0.0,0.0,1.0,40,1400,1100,300,0.7857142857142857,17,11,6,339.5144646572192,0.7924412393162393,0.16364090956942845,0.18609624349561013,128740.17373666806,741.8302332164427,129482.0039698845,878,29,461.8,38,2,18,37.67348317366739,0.6038925438596492,46.28739316239316,1014.8504273504268,26.706590193432284,7
967,4,1,1,40,0.024390243902439025,0.024390243902439025,0.975609756097561,41,1250,700,550,0.56,18,7,11,333.57835806808987,0.7965955284552846,0.16950381746204446,0.18411939593877083,129016.12548828125,407.3974609374998,129423.52294921875,879,0,451.5121951219512,39,2,19,37.543255921254996,0.6049679487179487,46.015625,1015.9375,26.049679487179485,0
968,4,3,1,42,0.06976744186046512,0.023255813953488372,0.9767441860465116,43,1300,1000,300,0.7692307692307693,16,10,6,320.336139957933,0.8131229235880398,0.18378253835481306,0.17941142313928587,129591.85157933176,-296.8776149873436,129294.97396434442,880,0,431.4418604651163,37,6,15,37.29539091104889,0.6143018018018019,45.44956140350875,1018.2017543859622,27.518966334755735,0
969,4,1,0,43,0.023255813953488372,0.0,1.0,43,1350,1000,350,0.7407407407407407,17,10,7,321.1811628312218,0.8130767811000369,0.19481042012626526,0.18071414453813328,129772.26382725163,-263.9186801446557,129508.34514710699,881,0,432.4186046511628,38,5,16,37.09106637307329,0.6143092105263158,45.27243589743589,1018.910256410255,26.813427800269867,0
970,4,0,0,43,0.0,0.0,1.0,43,1200,900,300,0.75,15,9,6,319.17446353629094,0.8142303433001107,0.19400838968045542,0.180007038945395,129864.1289605033,-310.1372612847415,129553.99169921855,882,1,433.4186046511628,39,4,17,37.04916113098279,0.6135149572649574,45.18229166666666,1019.2708333333319,26.135149572649535,0
971,4,1,0,44,0.022727272727272728,0.0,1.0,44,1050,600,450,0.5714285714285714,15,6,9,315.18726611987375,0.8193930584918957,0.1914038804537761,0.17910556531463773,130158.86423631749,-595.1166840174695,129563.74755230002,883,0,424.54545454545456,40,4,18,36.852654118115716,0.6148437500000001,44.89329268292682,1020.4268292682912,25.51067073170728,0
972,4,0,0,44,0.0,0.0,1.0,44,850,600,250,0.7058823529411765,11,6,5,318.03415243648504,0.8197013742071882,0.19118738404452684,0.18120550545799688,130262.58680555526,-514.327099444808,129748.25970611045,884,1,425.54545454545456,38,6,18,36.675170068027214,0.6192434210526316,44.79166666666665,1020.833333333331,26.864035087719238,0
973,4,1,2,43,0.022222222222222223,0.044444444444444446,0.9555555555555556,45,1000,700,300,0.7,13,7,6,311.8608399390621,0.8248316498316499,0.18720936816951528,0.1790325746426059,130555.17713758671,-856.990559895843,129698.18657769087,885,0,417.06666666666666,39,6,12,36.537326300411095,0.6204594017094018,44.50520833333333,1021.9791666666658,26.204594017093996,0
974,4,0,0,43,0.0,0.0,1.0,43,1150,700,450,0.6086956521739131,16,7,9,317.4588710758707,0.8196290143964562,0.16481001220574498,0.1817925200869014,130458.54403518375,-316.95557767776654,130141.58845750598,886,3,431.51162790697674,37,6,19,36.491874172659294,0.6230292792792793,44.599780701754376,1021.6008771929812,27.610834518729224,2
975,4,0,1,42,0.0,0.023255813953488372,0.9767441860465116,43,1250,1000,250,0.8,15,10,5,313.91450197182024,0.8193983019564415,0.15721863771399724,0.18024646613820075,130562.68376981482,-402.89602965888776,130159.78774015592,887,4,432.51162790697674,38,5,12,36.477280646734954,0.6222587719298247,44.49786324786323,1022.008547008544,26.89496176338274,0
976,4,1,1,42,0.023255813953488372,0.023255813953488372,0.9767441860465116,43,900,500,400,0.5555555555555556,13,5,8,310.51599677998604,0.8252122554448136,0.1495080910902069,0.17899797653488653,130714.91021050322,-482.1858723958579,130232.72433810736,888,0,431.5581395348837,39,4,12,36.410584530236676,0.6220619658119659,44.34895833333332,1022.6041666666646,26.220619658119606,0
977,4,1,1,42,0.023255813953488372,0.023255813953488372,0.9767441860465116,43,1400,700,700,0.5,21,7,14,318.69440497849115,0.8199981543004798,0.17256817256817203,0.18511398416835748,131008.0078124999,-249.69618055557135,130758.31163194432,889,0,432.5348837209302,39,4,15,35.90591507258171,0.6250000000000002,44.06249999999999,1023.7499999999992,26.24999999999998,0
978,4,0,1,41,0.0,0.023809523809523808,0.9761904761904762,42,750,500,250,0.6666666666666666,10,5,5,327.5039628550229,0.8136614401858304,0.17467855527557008,0.19005544931035573,130972.4633487653,178.80015432096968,131151.2635030863,890,1,443.6904761904762,38,4,16,35.71630483943915,0.6263706140350878,44.097222222222214,1023.6111111111102,26.937134502923954,0
979,4,0,0,41,0.0,0.0,1.0,41,1050,600,450,0.5714285714285714,15,6,9,336.9717809788149,0.8081808943089431,0.1806007129938425,0.19507572333091175,130878.94833025528,620.5024622960714,131499.45079255136,891,2,455.2926829268293,37,4,16,35.56847406772395,0.6272522522522523,44.18859649122806,1023.2456140350863,27.655286865813142,0
980,4,0,0,41,0.0,0.0,1.0,41,1250,800,450,0.64,17,8,9,336.45045434095954,0.8088414634146341,0.18006030928104466,0.19505767334276453,130935.05333371779,610.6316366574038,131545.6849703752,892,3,456.2926829268293,37,4,16,35.52514106135277,0.6278153153153154,44.13377192982455,1023.4649122806995,27.66121384542431,0
981,4,0,0,41,0.0,0.0,1.0,41,1400,1200,200,0.8571428571428571,16,12,4,339.95937554365173,0.8073170731707318,0.17612999772786053,0.1978118759004463,131075.36844269387,712.060080986453,131787.4285236803,893,4,457.2926829268293,37,4,16,35.29363868365635,0.629222972972973,43.99671052631579,1024.0131578947364,27.676031294452336,0
982,4,0,1,40,0.0,0.024390243902439025,0.975609756097561,41,550,300,250,0.5454545454545454,8,3,5,339.306454631242,0.8064024390243902,0.1810757606612674,0.19786522466698256,131159.5935768697,700.6593374884454,131860.25291435813,894,5,458.2926829268293,37,4,16,35.225326482551914,0.6300675675675675,43.91447368421052,1024.342105263157,27.68492176386911,0
983,4,0,0,40,0.0,0.0,1.0,40,950,800,150,0.8421052631578947,11,8,3,347.72611004802934,0.8017895299145299,0.18592478557290537,0.20244694268737365,131097.37059694823,1117.1957430403338,132214.56633998855,895,6,469.45,36,4,16,35.072575324389724,0.6313657407407407,43.97522522522522,1024.0990990990986,28.447197197197184,0
984,4,0,0,40,0.0,0.0,1.0,40,1000,700,300,0.7,13,7,6,348.1900500304457,0.8014957264957265,0.1856133890293501,0.20317414272783585,131183.8797200916,1135.3843285853236,132319.2640486769,896,7,470.45,36,4,16,34.97329705763803,0.6322337962962964,43.89076576576576,1024.436936936936,28.456581581581556,0
985,4,0,0,40,0.0,0.0,1.0,40,1300,900,400,0.6923076923076923,17,9,8,347.46704205250103,0.8005341880341881,0.18228491374574207,0.20336318647715818,131299.269603218,1124.4337665367984,132423.7033697548,897,8,471.45,36,4,16,34.87528842984287,0.6333912037037037,43.77815315315315,1024.8873873873868,28.469094094094075,0
986,4,0,0,40,0.0,0.0,1.0,40,1050,900,150,0.8571428571428571,12,9,3,354.1762786775505,0.8003739316239317,0.19663664014974191,0.19761741711068553,129443.56575963722,1173.7493120878735,130617.3150717251,898,9,472.45,34,6,14,36.5848249103104,0.6188725490196079,45.595238095238095,1017.6190476190479,29.92997198879553,6
987,4,0,0,40,0.0,0.0,1.0,40,950,600,350,0.631578947368421,13,6,7,353.4895419952205,0.7980502136752137,0.2032448550046777,0.1978430996821415,129564.7392290248,1159.9560657596187,130724.69529478441,899,10,473.45,34,6,14,36.47903999064547,0.6200980392156863,45.47619047619047,1018.0952380952369,29.94397759103638,0
988,4,0,0,40,0.0,0.0,1.0,40,1200,800,400,0.6666666666666666,16,8,8,354.4268873168133,0.7979967948717949,0.20756955810147337,0.19867415426658044,129625.34722222206,1188.541666666646,130813.8888888887,900,11,474.45,34,6,14,36.39354882705946,0.6207107843137256,45.41666666666666,1018.333333333332,29.950980392156822,0
989,4,0,0,40,0.0,0.0,1.0,40,1000,800,200,0.8,12,8,4,353.9852722901849,0.7988247863247864,0.2028927068723707,0.19873346389204838,129685.96938775481,1181.3846371881732,130867.35402494298,901,12,475.45,34,6,15,36.34316074489637,0.6213235294117648,45.35714285714284,1018.5714285714262,29.95798319327724,0
990,4,1,1,40,0.024390243902439025,0.024390243902439025,0.975609756097561,41,1200,700,500,0.5833333333333334,17,7,10,347.4958527440298,0.8067581300813008,0.18650841978233634,0.19679520915041046,130026.38996056227,836.7262517146567,130863.11621227693,902,0,464.8292682926829,35,6,16,36.162808291723394,0.6226190476190477,45.02314814814814,1019.9074074074063,29.140211640211607,0
991,4,1,0,41,0.024390243902439025,0.0,1.0,41,1100,800,300,0.7272727272727273,14,8,6,343.8651518324822,0.8046747967479675,0.1906360712320132,0.1957744850878409,130233.05047850203,756.5215352794685,130989.5720137815,903,0,465.8048780487805,35,6,17,36.0458716029784,0.6247023809523811,44.82060185185184,1020.717592592591,29.16335978835974,0
992,4,1,0,42,0.023809523809523808,0.0,1.0,42,800,600,200,0.75,10,6,4,337.2596013895089,0.8111933797909407,0.19771344661212487,0.19430946577517372,130694.03863322765,415.563874685473,131109.60250791314,904,0,455.6904761904762,36,6,17,35.747980910425845,0.6273148148148149,44.36936936936936,1022.5225225225212,28.403403403403367,0
993,4,0,1,41,0.0,0.023809523809523808,0.9761904761904762,42,900,400,500,0.4444444444444444,14,4,10,342.14739441517656,0.810322299651568,0.20196682812270694,0.1977141813528917,130809.21292914508,551.2062738413822,131360.41920298646,905,1,456.6904761904762,36,6,17,35.506568325260545,0.6284722222222223,44.256756756756744,1022.9729729729708,28.415915915915853,0
994,4,1,0,42,0.023809523809523808,0.0,1.0,42,1450,1200,250,0.8275862068965517,17,12,5,338.53249236648634,0.8173151374370886,0.2012218112153914,0.19799278308242657,131271.93583602618,487.9631232686645,131759.89895929483,906,0,439.7857142857143,37,5,18,35.131785434053775,0.6311936936936938,43.80482456140349,1024.7807017543837,27.696775723091452,0
995,4,0,0,42,0.0,0.0,1.0,42,1200,800,400,0.6666666666666666,16,8,8,336.0123158794174,0.816831204026326,0.20039152194610454,0.19753131303709515,131468.6505102528,435.01714469833536,131903.66765495113,907,1,440.7857142857143,37,5,18,34.99801757012011,0.6331644144144146,43.61293859649121,1025.5482456140323,27.717520151730604,0
996,4,1,0,43,0.023255813953488372,0.0,1.0,43,1000,500,500,0.5,15,5,10,329.9236436222493,0.818890734588409,0.2088331463065436,0.1963209008088826,131931.1125721379,105.43867338735265,132036.55124552525,908,0,431.51162790697674,38,5,16,34.68871325568497,0.6359649122807018,43.162393162393144,1027.3504273504248,27.035537561853282,0
997,4,0,0,43,0.0,0.0,1.0,43,1000,600,400,0.6,14,6,8,331.46719023293394,0.8198135843484681,0.2102522824344999,0.19795442813352293,132068.34781804722,155.26483399077944,132223.612652038,909,1,432.51162790697674,38,5,16,34.51109552021618,0.6373355263157896,43.028846153846146,1027.8846153846143,27.049595141700376,0
998,4,0,0,43,0.0,0.0,1.0,43,1300,900,400,0.6923076923076923,17,9,8,332.8667100065709,0.8200442967884828,0.2132129374060412,0.1989343778685232,132095.8034279347,194.0590985462568,132289.86252648095,910,2,433.51162790697674,38,5,16,34.44753343033325,0.6376096491228072,43.00213675213674,1027.9914529914518,27.05240665766978,0
999,4,0,0,43,0.0,0.0,1.0,43,1200,500,700,0.4166666666666667,19,5,14,332.13491457726576,0.818890734588409,0.21280060301798964,0.19907413995770576,132205.65440317016,182.0227463656716,132387.67714953583,911,3,434.51162790697674,38,5,17,34.355954359720215,0.6387061403508772,42.895299145299134,1028.4188034188014,27.063652721547406,0
1000,4,1,0,44,0.022727272727272728,0.0,1.0,44,1150,800,350,0.6956521739130435,15,8,7,326.9467009506012,0.8241499295278365,0.21534214670300167,0.1981202478859045,132618.00219382325,-128.05651435462204,132489.94567946863,912,0,425.6136363636364,38,6,19,34.075605919164666,0.6428179824561404,42.494658119658105,1030.0213675213654,27.105825461088564,0
1001,4,2,1,45,0.043478260869565216,0.021739130434782608,0.9782608695652174,46,1700,1400,300,0.8235294117647058,20,14,6,313.03020239826674,0.8328099838969405,0.21200092443196628,0.1928486249947842,133236.04630387,-858.6186917509517,132377.42761211906,913,0,408.0652173913044,40,6,18,33.815869344095546,0.6455729166666667,41.89532520325203,1032.4186991869915,25.810467479674788,0
1002,4,0,0,45,0.0,0.0,1.0,45,1000,600,400,0.6,14,6,8,317.6759493761665,0.8266835016835017,0.21045171129951146,0.1952564085867899,133149.50086805536,-540.321180555573,132609.1796874998,914,1,418.1333333333333,39,6,18,33.782465347867046,0.6463675213675215,41.97916666666666,1032.0833333333317,26.46367521367517,0
1003,4,0,0,45,0.0,0.0,1.0,45,900,700,200,0.7777777777777778,11,7,4,317.6010940034477,0.8260521885521886,0.21459804910864433,0.1954923504083333,133203.26063368047,-538.899739583344,132664.36089409713,915,2,419.1333333333333,39,6,18,33.730659266733944,0.6469017094017095,41.92708333333333,1032.291666666666,26.46901709401708,0
1004,4,0,0,45,0.0,0.0,1.0,45,1000,700,300,0.7,13,7,6,318.89167829113575,0.8262626262626263,0.21462725713709263,0.19671270733665397,133283.9206271702,-499.3733723958286,132784.54725477437,916,3,420.1333333333333,39,6,18,33.616736440364505,0.6477029914529915,41.848958333333336,1032.6041666666672,26.47702991452993,0
1005,4,0,0,45,0.0,0.0,1.0,45,1050,900,150,0.8571428571428571,12,9,3,319.6304030681613,0.8260101010101011,0.2162508685809068,0.19731107198118011,133310.812717014,-477.9622395833236,132832.85047743068,917,4,421.1333333333333,39,6,18,33.570792145787095,0.6479700854700854,41.82291666666667,1032.7083333333342,26.479700854700877,0
1006,4,0,0,45,0.0,0.0,1.0,45,1100,800,300,0.7272727272727273,14,8,6,351.04116153582436,0.8260101010101011,0.2600468658465147,0.2059200215607051,131385.8453047641,235.94564000232288,131621.79094476643,918,5,422.1333333333333,36,9,18,34.69628734622144,0.6342592592592593,43.69369369369369,1025.2252252252244,28.478478478478458,3
1007,4,0,0,45,0.0,0.0,1.0,45,1000,800,200,0.8,12,8,4,351.9489144988021,0.8239057239057239,0.26412019716135204,0.2072046630041718,131524.881754482,258.00787261463597,131782.88962709662,919,6,423.1333333333333,37,8,19,34.53266969535007,0.6337274774774776,43.55811403508771,1025.767543859648,27.723447131341835,0
1008,4,0,0,45,0.0,0.0,1.0,45,1300,800,500,0.6153846153846154,18,8,10,350.5328474011449,0.8231481481481482,0.2586212628529372,0.2068276409823398,131609.2511638194,226.67311095719447,131835.9242747766,920,7,424.1333333333333,37,8,16,34.48386407351998,0.6345720720720722,43.475877192982445,1026.0964912280683,27.732337600758605,0
1009,4,0,0,45,0.0,0.0,1.0,45,1050,500,550,0.47619047619047616,16,5,11,352.00457623740186,0.8236111111111112,0.2625075668553931,0.20815633848125809,131693.64762474975,271.3533250615417,131965.00094981128,921,8,425.1333333333333,37,8,16,34.36097906206603,0.6354166666666667,43.393640350877185,1026.4254385964898,27.7412280701754,0
1010,4,0,0,45,0.0,0.0,1.0,45,1100,700,400,0.6363636363636364,15,7,8,353.71468304745156,0.8225589225589226,0.2554879423033585,0.21009799848481137,131862.52170138873,328.34201388887016,132190.8637152776,922,9,426.1333333333333,37,8,17,34.146805273833664,0.6371058558558559,43.22916666666666,1027.083333333332,27.75900900900897,0
1011,4,0,1,44,0.0,0.022222222222222223,0.9777777777777777,45,1050,800,250,0.7619047619047619,13,8,5,365.6152879719632,0.8228535353535354,0.2623404625282564,0.21277611021319176,131081.84633875746,586.19046885274,131668.0368076102,923,10,427.1333333333333,38,7,17,34.63028169014084,0.6274671052631577,43.99038461538462,1024.0384615384621,26.948380566801635,4
1012,4,1,1,44,0.022222222222222223,0.022222222222222223,0.9777777777777777,45,1200,800,400,0.6666666666666666,16,8,8,359.44162845202095,0.826388888888889,0.27032358074871565,0.210688805138361,131356.983567182,443.72703354641527,131800.71060072843,924,0,425.93333333333334,36,9,18,34.51014317624226,0.6339699074074074,43.721846846846844,1025.1126126126123,28.475350350350343,0
1013,4,0,0,44,0.0,0.0,1.0,44,1350,900,450,0.6666666666666666,18,9,9,366.31289630412743,0.81857822410148,0.27613501135912855,0.21426329735097577,131276.0468305903,817.6217859739654,132093.66861656425,925,12,436.6136363636364,40,4,18,34.415906386354635,0.6260416666666666,43.800813008130085,1024.79674796748,25.619918699187004,0
1014,4,0,0,44,0.0,0.0,1.0,44,1100,700,400,0.6363636363636364,15,7,8,364.4345817123608,0.8191728329809725,0.27637129850813524,0.21330950415375308,131302.08462431445,770.2040576046269,132072.28868191908,926,13,437.6136363636364,40,4,18,34.43769624855397,0.6263020833333333,43.77540650406505,1024.8983739837417,25.622459349593544,0
1015,4,1,1,44,0.022222222222222223,0.022222222222222223,0.9777777777777777,45,1100,700,400,0.6363636363636364,15,7,8,357.80075364998936,0.8252525252525253,0.2726509077024548,0.21092453267654038,131574.63480029564,415.5084444389459,131990.1432447346,927,0,428.8666666666667,38,7,18,34.33237009267937,0.6324013157894738,43.50961538461537,1025.9615384615365,26.99898785425096,0
1016,4,0,0,44,0.0,0.0,1.0,44,1200,700,500,0.5833333333333334,17,7,10,363.5480996299764,0.8181597956307259,0.27935089918097367,0.21434905912020677,131581.1250216409,767.2135897583476,132348.33861139926,928,15,439.6136363636364,37,7,18,34.178400306366,0.6342905405405407,43.50328947368419,1025.9868421052602,27.72937411095298,0
1017,4,0,0,44,0.0,0.0,1.0,44,1250,700,550,0.56,18,7,11,361.5181585782247,0.8179615926708951,0.2774785005726714,0.21457408575688494,131834.36850761742,732.103628039361,132566.47213565678,929,16,440.6136363636364,37,7,19,33.97483806676631,0.6368243243243243,43.2565789473684,1026.9736842105237,27.756045519203344,0
1018,4,1,1,44,0.022222222222222223,0.022222222222222223,0.9777777777777777,45,900,700,200,0.7777777777777778,11,7,4,355.0821264072254,0.8206228956228957,0.272295395699651,0.21240367197813986,132130.12695312474,383.4092881944166,132513.53624131915,930,0,431.8,39,6,19,33.842029719689286,0.6362179487179489,42.968749999999986,1028.124999999998,26.362179487179436,0
1019,4,0,0,44,0.0,0.0,1.0,44,1500,900,600,0.6,21,9,12,362.41392637762726,0.8171247357293869,0.2778745296859251,0.21339550454905012,131530.201548677,747.7812588771155,132277.9828075541,931,18,442.6136363636364,36,8,18,34.25892889815933,0.6357060185185186,43.552927927927925,1025.788288288288,28.49411911911911,4
1020,4,0,1,43,0.0,0.022727272727272728,0.9772727272727273,44,900,500,400,0.5555555555555556,13,5,8,362.22974550641436,0.815957540521494,0.27865037957762584,0.21393387367465683,131645.74361100973,737.20084104375,132382.9444520535,932,19,443.6136363636364,36,8,15,34.14696038626138,0.6368634259259258,43.44031531531532,1026.2387387387394,28.50663163163165,0
1021,4,0,0,43,0.0,0.0,1.0,43,1350,1000,350,0.7407407407407407,17,10,7,367.761546801298,0.8166297526762643,0.27751869955202735,0.2176957312104307,131732.43344696047,1089.224697670646,132821.6581446311,933,20,451.69767441860466,36,7,15,33.91747111306129,0.6377314814814814,43.35585585585586,1026.5765765765766,28.516016016016017,0
1022,4,0,0,43,0.0,0.0,1.0,43,1200,1000,200,0.8333333333333334,14,10,4,364.3854749123785,0.8155684754521964,0.2724915413701581,0.21651856134695796,131876.97991488114,1010.8111912588345,132887.79110613998,934,21,452.69767441860466,36,7,17,33.85822095530462,0.6391782407407407,43.215090090090094,1027.1396396396399,28.531656656656665,0
1023,4,0,0,43,0.0,0.0,1.0,43,1000,700,300,0.7,13,7,6,364.38120327032675,0.8134920634920635,0.268653445820094,0.217508648937101,132050.5402995902,1023.346953372297,133073.8872529625,935,22,453.69767441860466,36,7,18,33.68325663781454,0.6409143518518519,43.046171171171174,1027.815315315316,28.550425425425445,0
1024,4,0,0,43,0.0,0.0,1.0,43,1100,800,300,0.7272727272727273,14,8,6,363.4936946212115,0.8150147655961609,0.26743098535727183,0.21739588709384183,132123.26189139075,1005.1945220614999,133128.45641345225,936,23,454.69767441860466,38,5,19,33.63274619834426,0.6378837719298246,42.975427350427346,1028.0982905982896,27.0552181736392,0
1025,4,1,1,43,0.022727272727272728,0.022727272727272728,0.9772727272727273,44,500,400,100,0.8,6,4,2,361.38449446214986,0.8226964411557435,0.25966697034112785,0.21755742966432534,132371.20361328125,767.3800998263891,133138.58371310763,937,0,445.34090909090907,39,5,19,33.437194216688596,0.6386217948717949,42.734375,1029.0625,26.38621794871795,0
1026,4,0,0,43,0.0,0.0,1.0,43,1050,900,150,0.8571428571428571,12,9,3,369.31706796323823,0.8143687707641196,0.27098456857205,0.22200520377565422,132315.55103550284,1173.278270874414,133488.82930637724,938,25,456.69767441860466,38,5,19,33.28920041536864,0.6398026315789473,42.78846153846153,1028.846153846153,27.074898785425077,0
1027,4,0,0,43,0.0,0.0,1.0,43,1050,800,250,0.7619047619047619,13,8,5,364.40739802867904,0.8145071982281284,0.26388136252967076,0.21987115679076932,132455.95838659603,1053.6375940449439,133509.59598064097,939,26,457.69767441860466,36,7,20,33.27407650512343,0.6449652777777779,42.652027027027025,1029.3918918918916,28.594219219219212,0
1028,4,0,0,43,0.0,0.0,1.0,43,1100,700,400,0.6363636363636364,15,7,8,364.73382661911614,0.813953488372093,0.26391840636153785,0.22125895529918257,132658.9004545085,1077.0376795714535,133735.93813407994,940,27,458.69767441860466,36,7,17,33.06141597434775,0.6469907407407408,42.45495495495495,1030.1801801801796,28.6161161161161,0
1029,4,0,0,43,0.0,0.0,1.0,43,950,400,550,0.42105263157894735,15,4,11,365.5860730389083,0.8133536360280545,0.26586351505909267,0.22211902843997416,132716.91243608468,1103.8909686713691,133820.80340475604,941,28,459.69767441860466,36,7,17,32.98110200364299,0.6475694444444444,42.398648648648646,1030.405405405405,28.62237237237236,0
1030,4,0,0,43,0.0,0.0,1.0,43,1050,800,250,0.7619047619047619,13,8,5,363.585174211054,0.8140919158361019,0.2603513015024568,0.22158846103382082,132832.97444403864,1059.2200308416557,133892.1944748803,942,29,460.69767441860466,36,7,17,32.91593838759013,0.6487268518518519,42.28603603603604,1030.855855855856,28.634884884884887,0
1031,4,0,1,42,0.0,0.023255813953488372,0.9767441860465116,43,1300,1000,300,0.7692307692307693,16,10,6,363.74083932938527,0.8116002214839424,0.2659628221827808,0.22254524698849978,132978.123287984,1073.9148354435592,134052.03812342754,943,30,461.69767441860466,36,7,18,32.766040688575906,0.6501736111111112,42.145270270270274,1031.4189189189194,28.650525525525538,0
1032,4,0,0,42,0.0,0.0,1.0,42,600,400,200,0.6666666666666666,8,4,4,373.04953756697455,0.8105400696864111,0.2725105309299294,0.2276113205922335,132874.89819101503,1513.7838648833938,134388.68205589842,944,31,472.73809523809524,35,7,18,32.62984583146235,0.6511904761904762,42.24537037037037,1031.018518518518,29.457671957671945,0
1033,4,0,0,42,0.0,0.0,1.0,42,900,600,300,0.6666666666666666,12,6,6,369.28805572298415,0.8101771196283392,0.2684235274001885,0.22603675498648568,132994.25582990376,1422.6380315500464,134416.8938614538,945,32,473.73809523809524,35,7,18,32.60678485936566,0.6523809523809525,42.12962962962962,1031.4814814814797,29.470899470899422,0
1034,4,0,0,42,0.0,0.0,1.0,42,850,400,450,0.47058823529411764,13,4,9,369.3902246838641,0.8102981029810298,0.266322142990679,0.22664238493163413,133083.809223358,1431.9716381601265,134515.7808615181,946,33,474.73809523809524,35,7,19,32.514138156664785,0.6532738095238096,42.04282407407406,1031.828703703702,29.48082010582006,0
1035,4,0,0,42,0.0,0.0,1.0,42,900,600,300,0.6666666666666666,12,6,6,366.1493135659124,0.8102739063104917,0.2619154412157332,0.22519445368143454,133173.39275763006,1352.2692686899584,134525.66202632003,947,34,475.73809523809524,35,7,20,32.50775584959259,0.6541666666666668,41.956018518518505,1032.1759259259238,29.49074074074068,0
1036,4,0,0,42,0.0,0.0,1.0,42,1650,1000,650,0.6060606060606061,23,10,13,366.4116115651593,0.809427022841657,0.2594333327995477,0.22589896245838156,133263.00643272008,1365.82258980621,134628.8290225263,948,35,476.73809523809524,35,7,20,32.4110011956806,0.6550595238095239,41.86921296296295,1032.523148148146,29.500661375661313,0
1037,4,0,0,42,0.0,0.0,1.0,42,1300,800,500,0.6153846153846154,18,8,10,363.5013289197986,0.8093302361595045,0.252976524017654,0.22446521508313913,133322.76562767907,1292.6004961848325,134615.3661238639,949,36,477.73809523809524,35,7,20,32.42615058463148,0.6556547619047619,41.81134259259259,1032.7546296296289,29.50727513227511,0
1038,4,0,0,42,0.0,0.0,1.0,42,750,500,250,0.6666666666666666,10,5,5,362.76051290175883,0.8084107626790553,0.2502492056569685,0.2242075083783646,133355.8812190568,1275.2495738982093,134631.13079295502,950,37,478.73809523809524,36,6,20,32.41205117022822,0.6539351851851853,41.77927927927927,1032.882882882882,28.69119119119117,0
1039,4,1,1,42,0.023255813953488372,0.023255813953488372,0.9767441860465116,43,950,500,450,0.5263157894736842,14,5,9,353.5514973059379,0.811000369139904,0.2352425741195181,0.2204116361005042,133675.94103816643,852.3165479668754,134528.25758613332,951,0,468.5813953488372,36,7,20,32.32921340157537,0.6571180555555556,41.46959459459459,1034.1216216216208,28.725600600600576,0
1040,4,0,0,42,0.0,0.0,1.0,42,1250,1000,250,0.8,15,10,5,362.4655578112335,0.8068379790940766,0.2456266589913334,0.22582059229327472,133651.6806520061,1288.826195987642,134940.50684799373,952,39,480.73809523809524,35,7,21,32.123069173942234,0.6589285714285715,41.49305555555555,1034.0277777777771,29.543650793650777,0
1041,4,0,0,42,0.0,0.0,1.0,42,1000,900,100,0.9,11,9,2,365.26282599882893,0.8055313588850174,0.24490252476829677,0.22867294568834245,133831.25964506168,1376.7168209876515,135207.97646604932,953,40,481.73809523809524,35,7,17,31.870805369127513,0.6607142857142857,41.31944444444444,1034.722222222222,29.563492063492056,0
1042,4,0,0,42,0.0,0.0,1.0,42,1450,1200,250,0.8275862068965517,17,12,5,367.15432298283747,0.8046360820751065,0.24946758667688917,0.2306059174689956,133951.04595336074,1436.1411179698198,135387.18707133055,954,41,482.73809523809524,35,7,17,31.70188580799046,0.6619047619047619,41.2037037037037,1035.185185185185,29.576719576719572,0
1043,4,0,0,42,0.0,0.0,1.0,42,1000,600,400,0.6,14,6,8,366.55473878180385,0.8037891986062717,0.2461168845681081,0.23116972215351403,134100.85419077936,1431.060715663583,135531.91490644295,955,42,483.73809523809524,35,7,18,31.567423734495467,0.6633928571428571,41.05902777777778,1035.7638888888891,29.593253968253975,0
1044,4,0,0,42,0.0,0.0,1.0,42,1200,700,500,0.5833333333333334,17,7,10,370.5749621236859,0.802022841656988,0.2529170256442981,0.23466253259232547,134250.74615269198,1549.9930341220784,135800.73918681405,956,43,484.73809523809524,35,7,18,31.313286426922787,0.6648809523809525,40.91435185185185,1036.3425925925922,29.609788359788347,0
1045,4,0,0,42,0.0,0.0,1.0,42,1050,700,350,0.6666666666666666,14,7,7,384.07482606880484,0.802022841656988,0.26984126984126977,0.24091966362497763,133903.12500000012,1886.4336848422645,135789.55868484237,957,44,485.73809523809524,34,8,19,31.312063875469676,0.6636029411764706,41.25000000000001,1035.000000000001,30.44117647058826,1
1046,4,0,0,42,0.0,0.0,1.0,42,800,200,600,0.25,14,2,12,387.4448402928644,0.801127564847077,0.27152056774871847,0.24344077537476533,133964.7392290251,1980.7893990929829,135945.52862811807,958,45,486.73809523809524,34,8,19,31.163034728610853,0.6642156862745097,41.1904761904762,1035.2380952380963,30.448179271708714,0
1047,4,0,0,42,0.0,0.0,1.0,42,1200,800,400,0.6666666666666666,16,8,8,388.641950341805,0.7990466511807975,0.2772314111160781,0.2448991670182022,134070.88584533607,2021.114111796979,136091.99995713306,959,46,487.73809523809524,35,7,19,31.02555505885859,0.6630952380952382,41.08796296296296,1035.648148148148,29.58994708994709,0
1048,4,0,0,42,0.0,0.0,1.0,42,800,600,200,0.75,10,6,4,389.67291239593294,0.7981997677119629,0.2747844082331852,0.24615118128835523,134160.80092860496,2055.7660054440826,136216.56693404904,960,47,488.73809523809524,35,7,19,30.90867407738427,0.6639880952380952,41.0011574074074,1035.995370370369,29.59986772486769,0
1049,4,0,0,42,0.0,0.0,1.0,42,1200,700,500,0.5833333333333334,17,7,10,387.89929547233663,0.7970383275261324,0.2669298875329027,0.24583426687578014,134280.73459201385,2017.4804687499955,136298.21506076385,961,48,489.73809523809524,35,7,19,30.83438023450586,0.6651785714285714,40.885416666666664,1036.458333333333,29.61309523809523,0
1050,4,0,0,42,0.0,0.0,1.0,42,1000,700,300,0.7,13,7,6,388.00906817755794,0.7959494773519163,0.27400341243989446,0.24713440649483467,134463.1688276114,2034.5857682006342,136497.75459581203,962,49,490.73809523809524,36,6,20,30.64875135722041,0.6649305555555556,40.70945945945946,1037.1621621621623,28.810060060060064,0
1051,4,0,0,42,0.0,0.0,1.0,42,1150,700,450,0.6086956521739131,16,7,9,386.0142084691317,0.7956833139759969,0.271120470673069,0.2468735036849172,134612.54428854873,1992.5280139143551,136605.0723024631,963,50,491.73809523809524,34,8,21,30.550934954686245,0.6706495098039216,40.56547619047619,1037.7380952380952,30.52170868347339,0
1052,4,0,0,42,0.0,0.0,1.0,42,900,700,200,0.7777777777777778,11,7,4,385.06208833639977,0.7950542005420054,0.2696273600620429,0.24668305277039454,134674.32149943308,1971.5950963718792,136645.91659580497,964,51,492.73809523809524,34,8,21,30.513820392246814,0.6712622549019608,40.50595238095238,1037.9761904761904,30.528711484593835,0
1053,4,0,0,42,0.0,0.0,1.0,42,1200,800,400,0.6666666666666666,16,8,8,383.60819670646856,0.7943524970963995,0.26992883412141166,0.2467466916879671,134821.09917534716,1943.695746527768,136764.79492187494,965,52,493.73809523809524,35,7,17,30.40475593447007,0.6705357142857142,40.36458333333333,1038.541666666666,29.67261904761903,0
1054,4,0,0,42,0.0,0.0,1.0,42,850,700,150,0.8235294117647058,10,7,3,382.9794504779651,0.793892760356175,0.26702006855784455,0.24654645542247192,134851.15124528456,1929.043960048005,136780.19520533257,966,53,494.73809523809524,35,7,17,30.391037070054235,0.6708333333333334,40.335648148148145,1038.657407407407,29.675925925925913,0
1055,4,0,0,42,0.0,0.0,1.0,42,400,200,200,0.5,6,2,4,390.4670893847054,0.793892760356175,0.2958631905270115,0.2324445125498528,131946.99931709733,1906.4560656008784,133853.45538269822,967,54,495.73809523809524,37,5,18,33.117662753468515,0.6379504504504505,43.14692982456139,1027.4122807017525,27.767899478425743,6
1056,4,0,0,42,0.0,0.0,1.0,42,550,400,150,0.7272727272727273,7,4,3,389.61719849500264,0.7950300038714673,0.2919606976472451,0.23245588806452258,132031.5039843987,1888.3489390966097,133919.85292349532,968,55,496.73809523809524,37,5,18,33.05405153099329,0.6387950450450453,43.06469298245612,1027.7412280701726,27.776789947842502,0
1057,4,0,0,42,0.0,0.0,1.0,42,1050,700,350,0.6666666666666666,14,7,7,386.7120522428067,0.7949574138598529,0.28822776711452414,0.23158273473391022,132172.40521121857,1822.5324138196113,133994.93762503818,969,56,497.73809523809524,37,5,18,32.98633326224497,0.6402027027027029,42.927631578947356,1028.2894736842084,27.791607396870496,0
1058,4,0,0,42,0.0,0.0,1.0,42,1000,800,200,0.8,12,8,4,386.99951355012973,0.7947154471544715,0.28974515179206084,0.2321007312723921,132228.78674207427,1834.4952293013018,134063.28197137557,970,57,498.73809523809524,37,5,18,32.92199715707179,0.6407657657657658,42.87280701754385,1028.5087719298228,27.7975343764817,0
1059,4,0,0,42,0.0,0.0,1.0,42,1200,1000,200,0.8333333333333334,14,10,4,384.84362201828765,0.7940863337204801,0.2918138269800683,0.2314982403217697,132341.58587257602,1786.1630501692684,134127.7489227453,971,58,499.73809523809524,37,5,19,32.863562091503276,0.6418918918918919,42.763157894736835,1028.9473684210514,27.809388335704092,0
1060,4,0,0,42,0.0,0.0,1.0,42,1050,800,250,0.7619047619047619,13,8,5,384.6231577380102,0.793723383662408,0.29158109893076567,0.23138292034933375,132344.4064670137,1780.5447048610922,134124.9511718748,972,59,500.73809523809524,39,3,19,32.86638658297902,0.6383547008547009,42.76041666666666,1028.9583333333317,26.383547008546966,0
1061,4,0,0,42,0.0,0.0,1.0,42,700,400,300,0.5714285714285714,10,4,6,389.66485446612154,0.7947154471544715,0.2951874249584172,0.23494019049610093,132428.6352040817,1920.6112262613412,134349.24643034302,973,60,501.73809523809524,34,8,19,32.65165972704141,0.6488970588235294,42.67857142857143,1029.2857142857147,30.27310924369749,0
1062,4,0,0,42,0.0,0.0,1.0,42,1250,900,350,0.72,16,9,7,385.0523923747002,0.7922473867595818,0.2891706795077582,0.23344457030891222,132636.34366426614,1814.38828875172,134450.73195301785,974,61,502.73809523809524,35,7,18,32.560861423220985,0.6488095238095237,42.476851851851855,1030.0925925925928,29.431216931216937,0
1063,4,0,0,42,0.0,0.0,1.0,42,1050,800,250,0.7619047619047619,13,8,5,382.86455733944007,0.793336236933798,0.2838823724480246,0.23267188764457597,132725.77649444883,1763.1991330161343,134488.97562746497,975,62,503.73809523809524,35,7,18,32.52707420719608,0.6497023809523809,42.390046296296305,1030.4398148148157,29.44113756613759,0
1064,4,0,0,42,0.0,0.0,1.0,42,1150,900,250,0.782608695652174,14,9,5,385.257006180119,0.792634533488192,0.2936213253456892,0.23534345601009687,132920.05423920555,1841.676431499084,134761.73067070462,976,63,504.73809523809524,36,6,19,32.2697116959703,0.6495949074074073,42.201576576576585,1031.1936936936947,28.644269269269298,0
1065,4,0,0,42,0.0,0.0,1.0,42,950,700,250,0.7368421052631579,12,7,5,383.31443069729767,0.7922231900890437,0.2940493084036364,0.2348858528172539,133036.20501836305,1798.9394377485712,134835.14445611162,977,64,505.73809523809524,36,6,19,32.20286176909363,0.6507523148148149,42.08896396396397,1031.644144144145,28.656781781781806,0
1066,4,0,0,42,0.0,0.0,1.0,42,950,800,150,0.8421052631578947,11,8,3,385.5139986598539,0.7920538133952768,0.2967252811207419,0.23678621204550282,133123.35139193255,1864.1831020209502,134987.5344939535,978,65,506.73809523809524,36,6,19,32.05841699403463,0.6516203703703705,42.00450450450451,1031.9819819819825,28.666166166166178,0
1067,4,1,0,43,0.023255813953488372,0.0,1.0,43,950,400,550,0.42105263157894735,15,4,11,377.8896044885521,0.7952657807308969,0.2941279731058808,0.23411725592625177,133444.6239339069,1485.4672319015392,134930.09116580844,979,0,495.93023255813955,38,5,20,31.932237272946615,0.6510416666666665,41.693376068376075,1033.2264957264968,27.19017094017097,0
1068,4,0,0,43,0.0,0.0,1.0,43,1050,600,450,0.5714285714285714,15,6,9,376.21202706360685,0.7936507936507936,0.29077188679097876,0.23381695293702648,133561.9363667052,1449.529924517396,135011.4662912226,980,1,496.93023255813955,35,8,20,31.857784682566344,0.6580357142857143,41.57986111111111,1033.680555555555,29.53373015873014,0
1069,4,0,0,43,0.0,0.0,1.0,43,1450,1100,350,0.7586206896551724,18,11,7,372.46348073236834,0.7936507936507936,0.2860654187937226,0.21815718157181568,131328.125,1186.6331500771603,132514.75815007716,981,2,497.93023255813955,36,7,18,34.205623306233065,0.6336805555555556,43.75,1025.0,28.47222222222222,6
1070,4,0,0,43,0.0,0.0,1.0,43,900,700,200,0.7777777777777778,11,7,4,369.66089965397936,0.7929125138427464,0.2832881482402685,0.2168337146652889,131384.32618690358,1113.5296437365232,132497.8558306401,982,3,498.93023255813955,37,6,18,34.22058823529412,0.6323198198198199,43.695175438596486,1025.2192982456133,27.708629682313873,0
1071,4,1,1,43,0.022727272727272728,0.022727272727272728,0.9772727272727273,44,700,500,200,0.7142857142857143,9,5,4,366.3953782789571,0.7945075757575758,0.28257906989949544,0.21645719580243883,131656.85609796163,847.6927186061563,132504.54881656778,983,0,488.5681818181818,38,6,16,34.02886216947741,0.6332236842105264,43.42948717948717,1026.2820512820495,27.007422402159197,0
1072,4,0,0,43,0.0,0.0,1.0,43,1200,900,300,0.75,15,9,6,370.8154276927529,0.7910668143226283,0.28043644098330933,0.21895656705214334,131637.38031173043,1162.6342961295718,132800.01460786,984,5,500.93023255813955,37,6,16,33.935138191402224,0.6348536036036037,43.4484649122807,1026.2061403508765,27.735301090564228,0
1073,4,1,2,42,0.022727272727272728,0.045454545454545456,0.9545454545454546,44,1150,700,450,0.6086956521739131,16,7,9,360.18985966262585,0.7974145525017619,0.2658211692633494,0.21433079768043348,131931.11257213802,704.0497844984793,132635.16235663652,985,0,490.52272727272725,38,6,17,33.911363006100935,0.6359649122807018,43.16239316239315,1027.3504273504257,27.035537561853307,0
1074,4,0,0,42,0.0,0.0,1.0,42,900,700,200,0.7777777777777778,11,7,4,356.44109916932973,0.7917876500193574,0.19436063042639162,0.1940377618162932,128466.99948827586,759.8330635442774,129226.83255182015,986,7,493.73809523809524,35,7,14,37.52295258210602,0.606845238095238,46.55671296296296,1013.7731481481479,28.964947089947085,6
1075,4,0,0,42,0.0,0.0,1.0,42,1000,800,200,0.8,12,8,4,353.99172465554176,0.7910375532326752,0.18610657319439383,0.1933537576696462,128601.01814229778,704.7392409301269,129305.7573832279,987,8,494.73809523809524,36,6,16,37.44818844602348,0.6061921296296295,46.42454954954955,1014.3018018018024,28.175050050050068,0
1076,4,2,1,43,0.045454545454545456,0.022727272727272728,0.9772727272727273,44,1250,900,350,0.72,16,9,7,341.6275819715478,0.8108483086680761,0.18283810251755628,0.18931778931038282,129174.23575726843,25.896362955637926,129200.13212022407,988,0,473.20454545454544,38,6,18,37.17792082676475,0.60827850877193,45.860042735042725,1016.5598290598276,26.751574448942833,0
1077,4,0,0,43,0.0,0.0,1.0,43,900,700,200,0.7777777777777778,11,7,4,348.10369485959416,0.8029254337393872,0.19135495848072082,0.19276709984160295,129145.65659626015,391.21604724527697,129536.87264350543,989,1,485.2093023255814,37,6,18,37.04243078029486,0.6097972972972974,45.88815789473683,1016.4473684210507,27.471550497866236,0
1078,4,1,1,43,0.022727272727272728,0.022727272727272728,0.9772727272727273,44,1450,1000,450,0.6896551724137931,19,10,9,342.94524871906185,0.807038407329105,0.1882483967298183,0.19193771153444772,129563.94184989601,86.6796754770574,129650.62152537308,990,0,475.15909090909093,37,7,14,36.74822742775085,0.6140202702702704,45.47697368421052,1018.092105263157,27.51600284495019,0
1079,4,1,0,44,0.022727272727272728,0.0,1.0,44,900,600,300,0.6666666666666666,12,6,6,341.753327552813,0.8104959478505991,0.1952982001220256,0.19215564454856268,129745.05077069171,68.16056687850542,129813.21133757022,991,0,476.1363636363636,38,6,15,36.59465883668904,0.6140350877192983,45.299145299145295,1018.8034188034181,26.810616284300476,0
1080,4,1,2,43,0.022222222222222223,0.044444444444444446,0.9555555555555556,45,1150,900,250,0.782608695652174,14,9,5,335.3010594215901,0.8174663299663301,0.18253449527959353,0.1900039336722343,130050.0,-278.819444444444,129771.18055555556,992,0,466.53333333333336,39,6,17,36.44982298474946,0.6153846153846154,45.0,1020.0,26.153846153846153,0
1081,4,2,1,44,0.044444444444444446,0.022222222222222223,0.9777777777777777,45,1150,900,250,0.782608695652174,14,9,5,333.4851720819643,0.8158670033670035,0.185231306635818,0.18962009465391796,130182.84640842024,-317.1902126736011,129865.65619574665,993,0,467.4,39,6,18,36.36157752373176,0.6167200854700854,44.86979166666667,1020.5208333333342,26.167200854700877,0
1082,4,2,0,46,0.043478260869565216,0.0,1.0,46,750,500,250,0.6666666666666666,10,5,5,332.3408532277166,0.821316425120773,0.22459196269373227,0.18354015761879094,129038.51290269535,-618.0059569670723,128420.50694572828,994,0,458.19565217391306,38,8,18,37.55191903259725,0.6069078947368423,45.99358974358973,1016.0256410256391,26.737516869095764,3
1083,4,2,2,46,0.041666666666666664,0.041666666666666664,0.9583333333333334,48,1600,1200,400,0.75,20,12,8,319.8164739613902,0.8317265070921985,0.2204354669464852,0.17907467666580776,129581.83235627142,-1311.3136003360341,128270.5187559354,995,0,440.0625,38,10,15,37.31877404686955,0.612390350877193,45.45940170940171,1018.1623931623928,26.793747188484023,0
1084,4,2,2,46,0.041666666666666664,0.041666666666666664,0.9583333333333334,48,1600,1100,500,0.6875,21,11,10,319.0199694963711,0.831818853427896,0.22591631734996453,0.17943268094560108,129757.97661675338,-1320.9228515625084,128437.05376519087,996,0,441.0208333333333,39,9,15,37.16058770405206,0.6124465811965812,45.28645833333333,1018.8541666666658,26.12446581196579,0
1085,4,0,1,45,0.0,0.021739130434782608,0.9782608695652174,46,1200,800,400,0.6666666666666666,16,8,8,332.0487072587714,0.8207729468599034,0.2328362961991639,0.18570724085484547,129536.03512619271,-597.5453985841795,128938.48972760854,997,3,461.19565217391306,37,9,15,37.05389200057445,0.6137387387387387,45.50438596491228,1017.9824561403511,27.513039355144624,0
1086,4,0,0,45,0.0,0.0,1.0,45,1250,800,450,0.64,17,8,9,335.305965456867,0.821422558922559,0.22942730411490775,0.18798337542631446,129631.08114448925,-306.78503672589886,129324.29610776335,998,4,467.1333333333333,36,9,18,36.87451620037597,0.6166087962962963,45.411036036036045,1018.3558558558572,28.287662662662697,0
1087,4,1,0,46,0.021739130434782608,0.0,1.0,46,1000,600,400,0.6,14,6,8,330.78043704474493,0.827194041867955,0.2348200093501629,0.18712032022604175,129982.90339335173,-600.8396814404562,129382.06371191128,999,0,457.95652173913044,37,9,19,36.63306451612902,0.6182432432432432,45.065789473684205,1019.7368421052627,27.560455192034127,0
1088,4,1,2,45,0.02127659574468085,0.0425531914893617,0.9574468085106383,47,850,400,450,0.47058823529411764,13,4,9,327.02185025948387,0.8295945112550107,0.23153051634828192,0.18619587350292646,130235.32238476136,-882.0407809190033,129353.28160384235,1000,0,449.1914893617021,38,9,19,36.473379387342135,0.6189692982456141,44.81837606837606,1020.7264957264947,26.86122357174986,0
1089,4,0,1,44,0.0,0.022222222222222223,0.9777777777777777,45,1200,700,500,0.5833333333333334,17,7,10,334.8532809982094,0.827483164983165,0.22835990208370593,0.19010431846786696,130122.70752779715,-285.5968903893381,129837.11063740781,1001,2,452.97777777777776,37,8,19,36.38758284076661,0.6196509009009008,44.928728070175445,1020.2850877192993,27.575272641062146,0
1090,4,0,0,44,0.0,0.0,1.0,44,950,700,250,0.7368421052631579,12,7,5,334.9080296469419,0.8260879140239605,0.22635521328439911,0.19096076709302995,130291.32806793282,-72.80246402373655,130218.52560390907,1002,3,455.8181818181818,36,8,19,36.21543863519377,0.6232638888888888,44.763513513513516,1020.945945945946,28.359609609609613,0
1091,4,0,0,44,0.0,0.0,1.0,44,850,600,250,0.7058823529411765,11,6,5,337.6391170062628,0.8254712825933757,0.22915747684164045,0.19280299200332446,130348.82010388776,2.1721045369777983,130350.99220842474,1003,4,456.8181818181818,36,8,19,36.08752389354506,0.6238425925925926,44.70720720720721,1021.1711711711719,28.365865865865885,0
1092,4,1,1,44,0.022222222222222223,0.022222222222222223,0.9777777777777777,45,1300,800,500,0.6153846153846154,18,8,10,329.8270282565317,0.8307239057239058,0.22348934143146404,0.1906620925423444,130822.85534972281,-370.2172783933741,130452.63807132943,1004,0,447.64444444444445,37,8,16,35.80787781350481,0.6266891891891893,44.24342105263157,1023.0263157894722,27.64935988620195,0
1093,4,0,0,44,0.0,0.0,1.0,44,1050,700,350,0.6666666666666666,14,7,7,336.84365531954063,0.8254492600422834,0.22732028957934935,0.19392539928003194,130665.25298524849,2.7522877607032683,130668.00527300918,1005,6,458.8181818181818,36,8,16,35.787715240298134,0.6270254629629631,44.39752252252251,1022.4099099099077,28.400275275275213,0
1094,4,1,0,45,0.022222222222222223,0.0,1.0,45,1150,800,350,0.6956521739130435,15,8,7,330.9236288713693,0.8323653198653199,0.22511663334285492,0.19213327109098893,130991.1703601107,-330.38531086489013,130660.78504924581,1006,0,449.6,37,8,17,35.60991502427878,0.6283783783783784,44.07894736842105,1023.6842105263149,27.66714082503554,0
1095,4,1,2,44,0.021739130434782608,0.043478260869565216,0.9565217391304348,46,850,500,350,0.5882352941176471,12,5,7,325.3469697783743,0.8393115942028986,0.21696036702600163,0.19016269410040845,131248.05908203154,-659.768337673582,130588.29074435796,1007,0,440.80434782608694,39,7,17,35.493650672630565,0.627403846153846,43.828125000000014,1024.6875000000023,26.27403846153852,0
1096,4,0,0,44,0.0,0.0,1.0,44,1000,700,300,0.7,13,7,6,338.9448989362677,0.8256254404510219,0.2200441986798809,0.19707767535908258,131047.29940943362,83.56273084025142,131130.86214027388,1008,2,461.65909090909093,37,7,18,35.347951024487756,0.6289414414414414,44.02412280701754,1023.9035087719294,27.67306780464674,0
1097,4,0,0,44,0.0,0.0,1.0,44,750,600,150,0.8,9,6,3,341.2982109152904,0.8249647639182524,0.22184455625736033,0.1988812593986104,131131.51552641182,150.99032875498776,131282.50585516682,1009,3,462.65909090909093,37,7,18,35.20266834386041,0.6297860360360361,43.941885964912274,1024.2324561403498,27.681958274063508,0
1098,4,1,0,45,0.022222222222222223,0.0,1.0,45,1300,800,500,0.6153846153846154,18,8,10,335.0219023258589,0.8277356902356903,0.2202359314302007,0.19694907934970188,131468.65051025312,-190.8772410741811,131277.77326917893,1010,0,453.35555555555555,37,8,19,35.0234104921772,0.6331644144144144,43.612938596491226,1025.5482456140348,27.71752015173067,0
1099,4,0,0,45,0.0,0.0,1.0,45,1300,800,500,0.6153846153846154,18,8,10,331.2496651335201,0.8263468013468014,0.21265804751219886,0.19559404517253087,131637.38031173046,-279.03237053709336,131358.34794119338,1011,1,454.35555555555555,37,8,16,34.95020390355094,0.6348536036036037,43.4484649122807,1026.2061403508767,27.735301090564235,0
1100,4,0,1,44,0.0,0.022222222222222223,0.9777777777777777,45,1550,1100,450,0.7096774193548387,20,11,9,331.65635119804983,0.8259680134680135,0.2159096302624708,0.19655886535560377,131778.07113727304,-258.9931517389929,131519.07798553404,1012,2,455.35555555555555,37,8,17,34.798163178128995,0.6362612612612613,43.31140350877193,1026.7543859649127,27.750118539592233,0
1101,4,0,0,44,0.0,0.0,1.0,44,1900,1400,500,0.7368421052631579,24,14,10,335.5765499118613,0.8217714940098662,0.21224889342866904,0.19910875294770422,131821.37573964478,47.232495069014476,131868.60823471379,1013,7,466.65909090909093,38,6,19,34.653948189762794,0.6348684210526316,43.26923076923076,1026.9230769230755,27.02429149797567,0
1102,4,1,1,44,0.022222222222222223,0.022222222222222223,0.9777777777777777,45,2000,1400,600,0.7,26,14,12,324.6377313436312,0.8271464646464647,0.20969099543132308,0.1947431931523096,132237.24500868065,-414.16015624999295,131823.08485243065,1014,0,457.26666666666665,39,6,20,34.516997501856736,0.6372863247863249,42.864583333333336,1028.5416666666674,26.37286324786327,0
1103,4,0,0,44,0.0,0.0,1.0,44,1150,800,350,0.6956521739130435,15,8,7,328.89443749519893,0.8272330866807611,0.20285985438680942,0.19727518690132595,132233.1242809008,-101.85219428007585,132131.27208662074,1015,1,446.6136363636364,38,6,20,34.41168068972679,0.6389802631578947,42.868589743589745,1028.5256410256416,27.066464237516882,0
1104,4,0,0,44,0.0,0.0,1.0,44,1200,1000,200,0.8333333333333334,14,10,4,326.017472831877,0.8260879140239605,0.20804195804195746,0.19640564826700904,132398.00347222234,-167.08477153188122,132230.91870069047,1016,2,447.6136363636364,37,7,20,34.32017543859648,0.642454954954955,42.708333333333336,1029.1666666666674,27.815315315315335,0
1105,4,0,1,43,0.0,0.022727272727272728,0.9772727272727273,44,1000,600,400,0.6,14,6,8,328.8345651065672,0.8257795983086681,0.20901298148130265,0.19884645208730006,132539.10007165652,-83.31253366421785,132455.7875379923,1017,3,448.6136363636364,37,7,20,34.10612554573528,0.6438626126126126,42.571271929824555,1029.7149122807007,27.83013276434326,0
1106,4,0,0,43,0.0,0.0,1.0,43,1100,1000,100,0.9090909090909091,12,10,2,329.8032945063171,0.8244278331487633,0.21681355173693873,0.19976032659303158,132600.90115453294,146.44281105429832,132747.34396558724,1018,4,457.06976744186045,36,7,20,34.019197827830006,0.6464120370370371,42.51126126126126,1029.9549549549552,28.609859859859867,0
1107,4,0,0,43,0.0,0.0,1.0,43,1200,800,400,0.6666666666666666,16,8,8,329.72601933056717,0.8242432631967516,0.216888174820268,0.20002212366286673,132658.9004545086,148.21823512702417,132807.11868963562,1019,5,458.06976744186045,36,7,16,33.96302470485352,0.6469907407407407,42.45495495495496,1030.1801801801805,28.616116116116125,0
1108,4,0,0,43,0.0,0.0,1.0,43,900,500,400,0.5555555555555556,13,5,8,334.1779429392308,0.8249815430047988,0.22105979848687274,0.2036661045050413,132832.97444403882,277.97003084167056,133110.9444748805,1020,6,459.06976744186045,36,7,16,33.673803801616764,0.6487268518518519,42.286036036036045,1030.8558558558573,28.634884884884926,0
1109,4,0,0,43,0.0,0.0,1.0,43,1350,1000,350,0.7407407407407407,17,10,7,332.73375495386495,0.8232281284606866,0.2238743439544788,0.2035743795338978,132978.12328798397,249.2620576657813,133227.38534564976,1021,7,460.06976744186045,36,7,16,33.56557302471158,0.6501736111111112,42.145270270270274,1031.4189189189192,28.650525525525534,0
1110,4,0,0,43,0.0,0.0,1.0,43,750,500,250,0.6666666666666666,10,5,5,334.6956033245907,0.8232742709486895,0.23187280120619547,0.2052530868580923,133065.2506391526,307.2708688418076,133372.52150799442,1022,8,461.06976744186045,36,7,16,33.427699556137675,0.6510416666666667,42.06081081081081,1031.7567567567562,28.659909909909896,0
1111,4,0,1,42,0.0,0.023255813953488372,0.9767441860465116,43,950,700,250,0.7368421052631579,12,7,5,331.2621887581568,0.822858988556663,0.2196605112879617,0.20394093246111647,133210.52629910313,225.52210149338362,133436.0484005965,1023,9,462.06976744186045,36,7,16,33.37083196974655,0.6524884259259259,41.92004504504504,1032.3198198198197,28.675550550550547,0
1112,4,0,0,42,0.0,0.0,1.0,42,900,700,200,0.7777777777777778,11,7,4,338.0816328199682,0.8140243902439024,0.22260235558048214,0.2074327430550595,133083.80922335802,598.638304826794,133682.44752818483,1024,18,473.85714285714283,35,7,16,33.32176575060758,0.6532738095238096,42.04282407407406,1031.8287037037023,29.480820105820065,0
1113,4,0,0,42,0.0,0.0,1.0,42,1300,1000,300,0.7692307692307693,16,10,6,340.0763709883995,0.8134436701509872,0.22418543555569825,0.2091586949292787,133173.39275763,657.8248242455,133831.2175818755,1025,19,474.85714285714283,35,7,16,33.18055244075652,0.6541666666666668,41.9560185185185,1032.1759259259234,29.490740740740666,0
1114,4,0,1,41,0.0,0.023809523809523808,0.9761904761904762,42,1000,500,500,0.5,15,5,10,341.4667497838285,0.8124274099883856,0.22312620115310744,0.21035106409335272,133233.13185871037,698.936899862805,133932.06875857318,1026,20,475.85714285714283,35,7,17,33.084828101644234,0.6547619047619049,41.89814814814814,1032.407407407406,29.497354497354458,0
1115,4,0,0,41,0.0,0.0,1.0,41,900,600,300,0.6666666666666666,12,6,6,339.19813892707344,0.8100609756097561,0.20742492560780756,0.2041933632989468,132369.7931695328,824.9813703955313,133194.77453992833,1027,21,483.7073170731707,37,4,18,34.00938998401706,0.6421734234234234,42.73574561403508,1029.0570175438584,27.812351825509687,7
1116,4,0,0,41,0.0,0.0,1.0,41,750,600,150,0.8,9,6,3,339.6234738560627,0.8097052845528455,0.20685462500129925,0.2049090727866784,132454.43309479833,796.9269390581655,133251.3600338565,1028,22,484.7073170731707,37,4,18,33.91341783837524,0.6430180180180181,42.65350877192982,1029.38596491228,27.82124229492649,0
1117,4,1,1,41,0.023809523809523808,0.023809523809523808,0.9761904761904762,42,500,300,200,0.6,7,3,4,331.3452549924237,0.8185733643050717,0.19749090136936265,0.20108006884153184,132673.03040990932,392.1158183577951,133065.1462282671,1029,0,474.14285714285717,38,4,15,33.90715199280999,0.6433662280701755,42.44123931623931,1030.235042735042,27.11144849302742,0
1118,4,0,0,41,0.0,0.0,1.0,41,1050,700,350,0.6666666666666666,14,7,7,335.324723371506,0.8100609756097561,0.20374187987142833,0.2032284162162533,132623.79410010765,694.4074138196286,133318.20151392728,1030,24,486.7073170731707,37,4,19,33.854055780285286,0.6447072072072072,42.489035087719294,1030.0438596491222,27.83902323376006,0
1119,4,0,0,41,0.0,0.0,1.0,41,800,500,300,0.625,11,5,6,336.79290821504674,0.810619918699187,0.20641012666111358,0.20488780222092068,132765.01092884352,742.8628279855354,133507.87375682907,1031,25,487.7073170731707,37,4,16,33.67457087633436,0.6461148648648649,42.35197368421053,1030.5921052631581,27.853840682788057,0
1120,4,0,0,41,0.0,0.0,1.0,41,850,700,150,0.8235294117647058,10,7,3,364.677973278741,0.8105691056910569,0.2512704612852237,0.21157668617508021,130963.11034404792,1351.872330909484,132314.9826749574,1032,26,488.7073170731707,37,4,16,34.77448223531512,0.628096846846847,44.106359649122794,1023.5745614035068,27.664177335229912,8
1121,4,0,0,41,0.0,0.0,1.0,41,1150,1000,150,0.8695652173913043,13,10,3,365.08519559210043,0.8098069105691057,0.2529302512688829,0.21212199572143373,131019.2333819059,1366.6364891120268,132385.86987101793,1033,27,489.7073170731707,37,4,16,34.70723555031951,0.6286599099099099,44.051535087719294,1023.7938596491222,27.67010431484114,0
1122,4,0,0,41,0.0,0.0,1.0,41,1150,800,350,0.6956521739130435,15,8,7,362.9663916379516,0.8095020325203252,0.2512767662887898,0.211234539395857,131081.84633875734,1315.6609549638347,132397.50729372117,1034,28,490.7073170731707,38,3,16,34.69809598330725,0.6274671052631579,43.99038461538461,1024.0384615384612,26.94838056680161,0
1123,4,1,0,42,0.023809523809523808,0.0,1.0,42,1100,800,300,0.7272727272727273,14,8,6,350.5433969647338,0.8142905536198219,0.24317070024509135,0.20590670281930934,131437.65637555698,815.1516500474808,132252.80802560446,1035,0,480.0,38,4,18,34.65674272417864,0.6310307017543859,43.64316239316239,1025.4273504273501,26.98493027440395,0
1124,4,1,1,42,0.023255813953488372,0.023255813953488372,0.9767441860465116,43,450,300,150,0.6666666666666666,6,3,3,345.95818355263253,0.818890734588409,0.2362027778564615,0.20433932999763404,131648.6328125,508.98437500000045,132157.6171875,1036,0,469.8139534883721,39,4,14,34.561510353227774,0.6314102564102564,43.4375,1026.25,26.314102564102566,0
1125,4,0,1,41,0.0,0.023809523809523808,0.9761904761904762,42,1500,1300,200,0.8666666666666667,17,13,4,350.02125877415597,0.815210027100271,0.2390396866711284,0.20663516844042826,131629.44614517127,814.6208862955616,132444.06703146684,1037,2,482.0,38,4,14,34.47661808086066,0.6329495614035088,43.45619658119658,1026.1752136752134,27.004610886189827,0
1126,4,0,0,41,0.0,0.0,1.0,41,1200,1000,200,0.8333333333333334,14,10,4,356.43450161316525,0.8090447154471545,0.23255716952210115,0.21000007538367585,131553.00188519535,1178.0057325330736,132731.00761772844,1038,32,494.7073170731707,37,4,20,34.389251104460584,0.6340090090090091,43.53070175438596,1025.8771929824554,27.726410621147444,0
1127,4,1,1,41,0.023809523809523808,0.023809523809523808,0.9761904761904762,42,700,500,200,0.7142857142857143,9,5,4,348.57732411386087,0.81431475029036,0.23140043492690987,0.2069718231443201,131848.80566741532,791.900773431212,132640.70644084652,1039,0,483.9047619047619,38,4,14,34.292537882728254,0.6351425438596492,43.24252136752136,1027.0299145299136,27.027103013945094,0
1128,4,0,0,41,0.0,0.0,1.0,41,1400,1100,300,0.7857142857142857,17,11,6,355.85764892021393,0.8078760162601626,0.23068292162268444,0.21168446430053864,131918.83710612875,1188.865444175129,133107.7025503039,1040,34,496.7073170731707,37,4,15,34.03500462518236,0.637668918918919,43.17434210526316,1027.302631578947,27.76493598862019,0
1129,4,0,0,41,0.0,0.0,1.0,41,1400,1100,300,0.7857142857142857,17,11,6,353.84763733333335,0.8073678861788618,0.22615414634146336,0.21142903760356904,132087.85545792925,1147.795114843011,133235.65057277225,1041,35,497.7073170731707,37,4,16,33.91633333333333,0.6393581081081081,43.00986842105262,1027.9605263157885,27.78271692745374,0
1130,4,1,1,41,0.023809523809523808,0.023809523809523808,0.9761904761904762,42,650,400,250,0.6153846153846154,9,4,5,347.0110791409588,0.8103464963221061,0.22550328270843245,0.20890066964285697,132370.5164730804,786.8071535539287,133157.32362663434,1042,0,486.8333333333333,38,4,18,33.807663690476176,0.6403508771929826,42.735042735042725,1029.0598290598277,27.080521817363888,0
1131,4,0,0,41,0.0,0.0,1.0,41,700,500,200,0.7142857142857143,9,5,4,351.48834056388023,0.8045223577235773,0.22802356354409814,0.21111802888414374,132285.18029586028,1099.3397006771288,133384.51999653742,1043,37,499.7073170731707,37,4,18,33.77833439920415,0.6413288288288288,42.81798245614035,1028.7280701754387,27.80346135609294,0
1132,4,0,0,41,0.0,0.0,1.0,41,1150,500,650,0.43478260869565216,18,5,13,353.55439361405683,0.8029471544715447,0.23225041967018822,0.2129949639577368,132398.0034722223,1161.979166666672,133559.982638889,1044,38,500.7073170731707,37,4,18,33.61167341430498,0.642454954954955,42.708333333333336,1029.1666666666672,27.81531531531533,0
1133,4,0,0,41,0.0,0.0,1.0,41,1500,1200,300,0.8,18,12,6,353.55439361405683,0.8028963414634146,0.23225041967018822,0.2129949639577368,132398.0034722223,1161.979166666672,133559.982638889,1045,39,501.7073170731707,37,4,18,33.61167341430498,0.642454954954955,42.708333333333336,1029.1666666666672,27.81531531531533,0
1134,4,0,0,41,0.0,0.0,1.0,41,900,800,100,0.8888888888888888,10,8,2,356.59961457417836,0.8032520325203252,0.15523387292542368,0.2017630895738309,129990.07100819983,1070.8818439988115,131060.95285219864,1046,40,502.7073170731707,38,3,14,35.96756591583726,0.6165021929824562,45.058760683760674,1019.7649572649558,26.835919928025152,8
1135,4,0,0,41,0.0,0.0,1.0,41,1150,1000,150,0.8695652173913043,13,10,3,356.75369398736075,0.8025914634146342,0.1544502550922653,0.20213219682476719,130044.5513391224,1078.7748146321585,131123.32615375455,1047,41,503.7073170731707,38,3,14,35.908313257218666,0.6170504385964914,45.00534188034187,1019.9786324786304,26.84154295996396,0
1136,4,0,0,41,0.0,0.0,1.0,41,900,700,200,0.7777777777777778,11,7,4,357.62308096302786,0.8020325203252032,0.1562701900707626,0.20319203130742852,130153.54624379036,1109.1824411936275,131262.728684984,1048,42,504.7073170731707,38,3,14,35.77548598750567,0.6181469298245617,44.89850427350426,1020.4059829059807,26.8527890238416,0
1137,4,0,0,41,0.0,0.0,1.0,41,1500,1300,200,0.8666666666666667,17,13,4,358.3283784732612,0.8035060975609756,0.1610873909304127,0.20445040675038534,130317.12420784922,1139.2647609394267,131456.38896878864,1049,43,505.7073170731707,38,3,14,35.59149489030729,0.6197916666666667,44.73824786324786,1021.0470085470074,26.86965811965809,0
1138,4,1,1,41,0.023809523809523808,0.023809523809523808,0.9761904761904762,42,1250,1000,250,0.8,15,10,5,352.12357940523356,0.8090640727835849,0.1546284160963063,0.20200773765879193,130528.564453125,792.4370659722222,131321.00151909722,1050,0,494.64285714285717,39,3,13,35.53559293238193,0.6201923076923077,44.53125,1021.875,26.201923076923077,0
1139,4,0,0,41,0.0,0.0,1.0,41,850,600,250,0.7058823529411765,11,6,5,360.1753633392011,0.8036077235772358,0.1565353149609312,0.20608238473286045,130426.23325525955,1195.2631903352885,131621.49644559482,1051,45,507.7073170731707,38,3,14,35.43366279677856,0.620888157894737,44.63141025641025,1021.4743589743578,26.88090418353573,0
1140,4,1,1,41,0.023809523809523808,0.023809523809523808,0.9761904761904762,42,1100,600,500,0.5454545454545454,16,6,10,351.26181705626453,0.8124032133178475,0.14842256446087743,0.20206819886226118,130635.03146701377,777.4197048611012,131412.45117187488,1052,0,496.5952380952381,39,3,13,35.44978262346308,0.6212606837606838,44.42708333333333,1022.2916666666657,26.212606837606813,0
1141,4,0,0,41,0.0,0.0,1.0,41,1000,800,200,0.8,12,8,4,356.58376654064307,0.8052337398373983,0.14494962884411478,0.2050356657608695,130617.2839506171,1115.2006172839322,131732.48456790103,1053,47,509.7073170731707,38,3,14,35.331748188405804,0.6228070175438598,44.444444444444436,1022.2222222222207,26.900584795321596,0
1142,4,0,0,41,0.0,0.0,1.0,41,1500,1300,200,0.8666666666666667,17,13,4,345.90543190051756,0.8057418699186992,0.10107668644254009,0.19285412436097382,129413.28125000026,752.9513888889174,130166.23263888918,1054,48,510.7073170731707,39,2,15,36.8260305760306,0.6089743589743588,45.625000000000014,1017.500000000002,26.08974358974364,3
1143,4,1,1,41,0.023809523809523808,0.023809523809523808,0.9761904761904762,42,1050,800,250,0.7619047619047619,13,8,5,337.59619371608653,0.8163230739450251,0.1002118724584804,0.18968969987724546,129718.50419723743,358.49465430633313,130076.99885154376,1055,0,499.5238095238095,40,2,11,36.72747905027933,0.6104166666666665,45.32520325203254,1018.6991869918726,25.467479674796813,0
1144,4,0,0,41,0.0,0.0,1.0,41,750,600,150,0.8,9,6,3,345.84374645522803,0.8053353658536585,0.10417680120342121,0.19399393626464553,129651.86767578154,767.8575303819733,130419.72520616351,1056,50,512.7073170731708,39,2,11,36.585118986737584,0.6113782051282051,45.390625000000014,1018.4375000000023,26.113782051282108,0
1145,4,0,0,41,0.0,0.0,1.0,41,850,600,250,0.7058823529411765,11,6,5,342.2116836246081,0.8052845528455285,0.09815950920245387,0.1923465670027973,129731.44531250029,679.1232638889176,130410.56857638921,1057,51,513.7073170731708,39,2,11,36.59679618268576,0.612179487179487,45.312500000000014,1018.7500000000023,26.12179487179493,0
1146,4,0,0,41,0.0,0.0,1.0,41,1000,700,300,0.7,13,7,6,342.71582619578794,0.8054878048780488,0.0991165267335421,0.19315274444122074,129837.58680555572,699.4791666666853,130537.06597222241,1058,52,514.7073170731708,39,2,14,36.476219678386485,0.6132478632478633,45.20833333333334,1019.166666666668,26.132478632478666,0
1147,4,0,0,41,0.0,0.0,1.0,41,750,600,150,0.8,9,6,3,342.4140616375708,0.8048780487804879,0.09807928075194106,0.19350743852820682,129943.77170138883,698.9149305555502,130642.68663194438,1059,53,515.7073170731708,39,2,14,36.37617490805067,0.6143162393162394,45.104166666666664,1019.5833333333328,26.14316239316238,0
1148,4,0,0,41,0.0,0.0,1.0,41,1100,800,300,0.7272727272727273,14,8,6,344.3821789760661,0.8048780487804879,0.09925508856722853,0.19488448162865266,129996.88042534741,753.7217881944625,130750.60221354188,1060,54,516.7073170731708,39,2,14,36.272131426625805,0.6148504273504274,45.05208333333334,1019.7916666666681,26.14850427350431,0
1149,4,1,1,41,0.023809523809523808,0.023809523809523808,0.9761904761904762,42,950,700,250,0.7368421052631579,12,7,5,335.6934610578923,0.8113143631436315,0.09669582118561704,0.19126720455624113,130262.58680555565,345.65972222223115,130608.24652777788,1061,0,505.3809523809524,41,1,14,36.22448979591836,0.6143292682926829,44.79166666666667,1020.8333333333342,24.89837398373986,0
1150,4,0,0,41,0.0,0.0,1.0,41,1100,900,200,0.8181818181818182,13,9,4,346.6888796334858,0.8060975609756098,0.10592334494773503,0.19753203607024214,130262.58680555577,832.1180555555788,131094.70486111136,1062,56,518.7073170731708,40,1,15,35.94387755102042,0.6158854166666665,44.79166666666668,1020.8333333333351,25.52083333333338,0
1151,4,1,0,42,0.023809523809523808,0.0,1.0,42,1050,800,250,0.7619047619047619,13,8,5,346.7912538085033,0.8120644599303136,0.13324184709785336,0.1996665174162256,130667.99433893946,662.9035178886573,131330.89785682812,1063,0,507.3333333333333,41,1,13,35.53067792224596,0.6183943089430893,44.39484126984128,1022.4206349206363,24.937088656600885,0
1152,4,0,0,42,0.0,0.0,1.0,42,1300,900,400,0.6923076923076923,17,9,8,346.1601531954336,0.8109998064266357,0.1398636288042574,0.1995648131509247,130718.71456916115,649.9220521542082,131368.63662131535,1064,1,508.3333333333333,41,1,13,35.49548894062864,0.6189024390243901,44.3452380952381,1022.6190476190488,24.941927990708507,0
1153,4,0,0,42,0.0,0.0,1.0,42,900,700,200,0.7777777777777778,11,7,4,349.4799903289019,0.8107578397212544,0.1385293981802227,0.20174348825817356,130769.4446412825,740.2608497102625,131509.70549099275,1065,2,509.3333333333333,41,1,13,35.35927901713548,0.619410569105691,44.295634920634924,1022.8174603174609,24.946767324816122,0
1154,4,0,1,41,0.0,0.023809523809523808,0.9761904761904762,42,950,400,550,0.42105263157894735,15,4,11,349.75028528421785,0.8116531165311653,0.1347836526252122,0.20229807583489284,130845.55820302658,752.6542619362552,131598.21246496282,1066,3,510.3333333333333,41,1,15,35.27536038656712,0.6201727642276422,44.22123015873016,1023.1150793650793,24.954026325977544,0
1155,4,1,1,41,0.023809523809523808,0.023809523809523808,0.9761904761904762,42,750,500,250,0.6666666666666666,10,5,5,346.70297600241116,0.8169279907084785,0.1564121725412051,0.20186208805825637,131099.43000637737,690.5125070861504,131789.94251346352,1067,0,509.5952380952381,41,1,16,35.09668943136687,0.6227134146341464,43.97321428571428,1024.1071428571413,24.97822299651564,0
1156,4,1,0,42,0.023809523809523808,0.0,1.0,42,750,400,350,0.5333333333333333,11,4,7,339.4143697534538,0.8199525745257452,0.16666666666666696,0.19879984514130847,131328.12499999985,514.9305555555411,131843.0555555554,1068,0,508.76190476190476,41,1,17,35.05250677506774,0.625,43.74999999999999,1024.9999999999989,24.99999999999997,0
1157,4,0,0,42,0.0,0.0,1.0,42,1050,800,250,0.7619047619047619,13,8,5,348.0917353733971,0.8196622144792877,0.17260000092347627,0.2013387586598905,130845.55820302671,709.2514841584921,131554.8096871852,1069,1,509.76190476190476,41,1,14,35.31778257215812,0.6201727642276422,44.221230158730165,1023.1150793650804,24.954026325977573,1
1158,4,2,4,40,0.045454545454545456,0.09090909090909091,0.9090909090909091,44,1100,800,300,0.7272727272727273,14,8,6,337.07825243182816,0.8361522198731501,0.17201310704083328,0.19693232674472927,131231.078541093,47.02852387514227,131278.10706496815,1070,0,487.54545454545456,43,1,14,35.21025878003698,0.6211240310077518,43.84469696969698,1024.6212121212143,23.828400281888705,0
1159,4,0,0,40,0.0,0.0,1.0,40,600,300,300,0.5,9,3,6,360.6542666521077,0.8108173076923076,0.18179433635530207,0.2079003485451408,130714.91021050377,1428.5780164930902,132143.48822699685,1071,3,526.65,39,1,14,35.12879443821943,0.6220619658119657,44.34895833333335,1022.604166666669,26.22061965811972,0
1160,4,0,0,40,0.0,0.0,1.0,40,1350,1000,350,0.7407407407407407,17,10,7,363.32187107237786,0.8109508547008547,0.1825356415478614,0.2098718102312209,130794.81336805574,1504.1232638889078,132298.93663194464,1072,4,527.65,39,1,14,34.979633401221996,0.6228632478632478,44.27083333333334,1022.9166666666681,26.228632478632516,0
1161,4,0,0,40,0.0,0.0,1.0,40,1150,600,550,0.5217391304347826,17,6,11,366.9275942220406,0.8104967948717948,0.18472010178117015,0.21268811877472293,130928.03955078151,1608.2221137153074,132536.26166449682,1073,5,528.65,39,1,16,34.75243850720952,0.6241987179487178,44.140625000000014,1023.437500000002,26.241987179487232,0
1162,4,0,0,40,0.0,0.0,1.0,40,650,400,250,0.6153846153846154,9,4,5,369.5675286247745,0.8103365384615384,0.18697720565788134,0.21451506815095503,130981.34901258716,1681.2906901042065,132662.63970269138,1074,6,529.65,39,1,16,34.63088514636547,0.6247329059829059,44.088541666666686,1023.6458333333362,26.247329059829134,0
1163,4,0,0,40,0.0,0.0,1.0,40,600,400,200,0.6666666666666666,8,4,4,369.7143990184279,0.8100961538461539,0.18830891330891353,0.21474900198304467,131008.00781250026,1687.1093750000296,132695.1171875003,1075,7,530.65,39,1,17,34.6001221001221,0.6249999999999998,44.062500000000014,1023.750000000002,26.250000000000053,0
1164,4,0,0,40,0.0,0.0,1.0,40,700,400,300,0.5714285714285714,10,4,6,372.3006264171483,0.8102564102564103,0.19219226856561544,0.216551192762164,131061.33355034742,1758.843315972246,132820.17686631967,1076,8,531.65,39,1,17,34.47990844354019,0.6255341880341879,44.01041666666668,1023.958333333335,26.255341880341923,0
1165,4,1,0,41,0.024390243902439025,0.0,1.0,41,1050,700,350,0.6666666666666666,14,7,7,364.9282314294772,0.8168191056910569,0.18847051709696072,0.21404193407204514,131381.515842014,1389.2361111111209,132770.75195312512,1077,0,519.6585365853658,39,2,18,34.344730068414265,0.6287393162393162,43.69791666666667,1025.2083333333342,26.287393162393183,0
1166,4,0,0,41,0.0,0.0,1.0,41,750,500,250,0.6666666666666666,10,5,5,364.9603460468476,0.8164126016260163,0.1857860675315406,0.2143597641100937,131434.91753472236,1393.7065972222404,132828.6241319446,1078,1,520.6585365853658,39,2,18,34.28992279561156,0.6292735042735043,43.64583333333334,1025.4166666666679,26.292735042735075,0
1167,4,0,0,41,0.0,0.0,1.0,41,700,300,400,0.42857142857142855,11,3,8,363.72770688239183,0.8142784552845529,0.18387866723358215,0.21449736732970964,131588.67076475648,1372.4890937933849,132961.15985854986,1079,2,521.6585365853658,40,1,14,34.16617142102483,0.6291666666666667,43.4959349593496,1026.016260162602,25.650406504065053,0
1168,4,0,0,41,0.0,0.0,1.0,41,1350,1000,350,0.7407407407407407,17,10,7,366.6425198946732,0.8136686991869919,0.19242238754433894,0.21695700606069673,131719.04047070193,1458.7601832573173,133177.80065395925,1080,3,522.6585365853658,40,1,14,33.9597152097152,0.63046875,43.36890243902439,1026.5243902439022,25.663109756097555,0
1169,4,1,0,42,0.023809523809523808,0.0,1.0,42,800,500,300,0.625,11,5,6,379.48519670745117,0.8193234610917538,0.2385020729202989,0.22103663827178124,131114.6701388892,1554.7060901249602,132669.37622901416,1081,0,511.1904761904762,39,3,17,34.24193110930296,0.626068376068376,43.95833333333335,1024.1666666666692,26.260683760683825,2
1170,4,1,0,43,0.023255813953488372,0.0,1.0,43,850,800,50,0.9411764705882353,9,8,1,377.95130010979824,0.8244739756367663,0.249916407003397,0.2220059105540909,131437.65637555713,1335.7538443275748,132773.4102198847,1082,0,500.27906976744185,38,5,18,33.954122386608326,0.6310307017543859,43.6431623931624,1025.4273504273513,26.98493027440398,0
1171,4,0,0,43,0.0,0.0,1.0,43,1150,800,350,0.6956521739130435,15,8,7,354.44108652079734,0.823781838316722,0.19217333691127214,0.2009867724550186,130076.5638563369,624.3913463107972,130700.9552026477,1083,1,501.27906976744185,39,4,15,35.93478760339016,0.6156517094017094,44.973958333333336,1020.1041666666674,26.156517094017115,5
1172,4,0,1,42,0.0,0.023255813953488372,0.9767441860465116,43,750,600,150,0.8,9,6,3,354.15588482533093,0.8249354005167958,0.19160113086350616,0.201373488313045,130182.8464084201,621.0042317708289,130803.85064019093,1084,2,502.27906976744185,39,4,16,35.8342051988704,0.6167200854700855,44.869791666666664,1020.5208333333329,26.167200854700845,0
1173,4,0,1,41,0.0,0.023809523809523808,0.9761904761904762,42,1100,800,300,0.7272727272727273,14,8,6,363.1574919937962,0.8201461478900504,0.19476030881560868,0.20590425971239706,130071.7957849369,1047.3094272773878,131119.1052122143,1085,3,515.1666666666666,38,4,16,35.717340455243686,0.6173245614035088,44.978632478632484,1020.0854700854708,26.844354475933443,0
1174,4,0,0,41,0.0,0.0,1.0,41,900,700,200,0.7777777777777778,11,7,4,365.9243990022203,0.8179878048780488,0.18958498276082247,0.20776325864870424,130126.2932372708,1323.2771294470035,131449.57036671782,1086,4,507.219512195122,38,3,16,35.59140488656196,0.6178728070175439,44.925213675213676,1020.2991452991454,26.849977507872246,0
1175,4,1,1,41,0.023809523809523808,0.023809523809523808,0.9761904761904762,42,1500,800,700,0.5333333333333333,22,8,14,356.226757850446,0.8267276422764228,0.189029945485774,0.2043976567990114,130535.38795976707,900.1109467455717,131435.49890651266,1087,0,496.1190476190476,38,4,16,35.42385433002264,0.6219846491228069,44.524572649572654,1021.9017094017103,26.89215024741343,0
1176,4,1,1,41,0.023809523809523808,0.023809523809523808,0.9761904761904762,42,1300,800,500,0.6153846153846154,18,8,10,357.79258144318817,0.8267518389469609,0.1874430825731903,0.2058759598213992,130644.58832137121,948.7329014172026,131593.32122278842,1088,0,497.0952380952381,38,4,16,35.27319120771938,0.6230811403508771,44.417735042735046,1022.3290598290602,26.903396311291058,0
1177,4,0,0,41,0.0,0.0,1.0,41,1200,800,400,0.6666666666666666,16,8,8,362.1408035384841,0.8211890243902439,0.186492080562904,0.20797994022071556,130570.5857210874,1256.987366305035,131827.57308739243,1089,7,510.219512195122,37,4,16,35.237076672746134,0.6241554054054053,44.49013157894738,1022.0394736842117,27.622688477951666,0
1178,4,0,0,41,0.0,0.0,1.0,41,650,400,250,0.6153846153846154,9,4,5,357.04292701766593,0.8198170731707317,0.18399767786677534,0.20594553990685036,130738.73842191829,1135.8683681517393,131874.60679007,1090,8,511.219512195122,37,4,17,35.19698634787892,0.6258445945945945,44.32565789473684,1022.6973684210527,27.64046941678521,0
1179,4,0,1,40,0.0,0.024390243902439025,0.975609756097561,41,1100,800,300,0.7272727272727273,14,8,6,357.0319670897624,0.8202235772357723,0.1811622617833899,0.20638836759278073,130822.85534972293,1141.5882771621962,131964.44362688513,1091,9,512.219512195122,37,4,17,35.11209360485887,0.6266891891891893,44.243421052631575,1023.0263157894731,27.649359886201974,0
1180,4,0,1,39,0.0,0.025,0.975,40,1350,1000,350,0.7407407407407407,17,10,7,365.10847678147456,0.8205128205128205,0.19031858699240667,0.21145575070192876,130895.62694028502,1558.2205939047315,132453.84753418976,1092,10,521.575,36,4,17,34.831811012068535,0.6293402777777777,44.172297297297305,1023.3108108108119,28.42530030030033,0
1181,4,0,0,39,0.0,0.0,1.0,39,1000,700,300,0.7,13,7,6,366.90390904323647,0.8194444444444444,0.19010255830339462,0.21275614869962906,130942.84664619781,1808.6884591478138,132751.53510534563,1093,11,529.2051282051282,35,4,17,34.7380461004938,0.631845238095238,44.12615740740741,1023.4953703703712,29.242724867724892,0
1182,4,0,0,39,0.0,0.0,1.0,39,800,700,100,0.875,9,7,2,369.06333273789767,0.8195006747638327,0.19524285776405637,0.21433783178376267,131002.08340031293,1869.6130990655015,132871.69649937842,1094,12,530.2051282051282,35,4,17,34.62278594309403,0.632440476190476,44.06828703703704,1023.7268518518518,29.249338624338623,0
1183,4,0,1,38,0.0,0.02564102564102564,0.9743589743589743,39,700,400,300,0.5714285714285714,10,4,6,370.18945677742363,0.8186572199730094,0.20246759005660353,0.21532321657527076,131061.33355034729,1903.5047743055652,132964.83832465287,1095,13,531.2051282051282,35,4,17,34.533952187182095,0.6330357142857143,44.01041666666667,1023.9583333333339,29.255952380952397,0
1184,4,0,0,38,0.0,0.0,1.0,38,1300,900,400,0.6923076923076923,17,9,8,372.0920462201679,0.8214497392128971,0.18621256306994383,0.21695828541145165,131155.04017531042,2160.3494541839136,133315.38962949434,1096,14,533.7105263157895,36,2,17,34.39034557314572,0.6319444444444444,43.91891891891892,1024.3243243243242,28.45345345345345,0
1185,4,0,0,38,0.0,0.0,1.0,38,1150,700,450,0.6086956521739131,16,7,9,368.4975874148986,0.8199679943100996,0.18998716302952534,0.21583430120015495,131328.1250000001,2078.9335788491335,133407.05857884922,1097,15,534.7105263157895,35,3,18,34.307249322493234,0.6357142857142857,43.75000000000001,1025.0000000000007,29.285714285714306,0
1186,4,1,1,38,0.02564102564102564,0.02564102564102564,0.9743589743589743,39,800,600,200,0.75,10,6,4,359.51169391319934,0.823774179037337,0.1778833135453768,0.2117506675632293,131541.7534722225,1658.1597222222608,133199.91319444476,1098,0,521.974358974359,34,5,19,34.32168968318442,0.6400122549019607,43.541666666666686,1025.8333333333358,30.17156862745105,0
1187,4,0,0,38,0.0,0.0,1.0,38,1350,1000,350,0.7407407407407407,17,10,7,363.46297919958874,0.8169748696064486,0.17173068465034413,0.21390690087320088,131511.22448979615,1959.8922902494585,133471.11678004562,1099,17,536.7105263157895,34,4,19,34.25119931909625,0.639705882352941,43.571428571428584,1025.7142857142874,30.168067226890805,0
1188,4,0,0,38,0.0,0.0,1.0,38,1000,600,400,0.6,14,6,8,363.87713314155445,0.8166488857278331,0.17677480995305905,0.21529194755386596,131713.96933138306,1985.5403109996769,133699.50964238273,1100,18,537.7105263157895,35,3,16,34.03580354793851,0.6395833333333332,43.3738425925926,1026.5046296296312,29.32870370370375,0
1189,4,0,0,38,0.0,0.0,1.0,38,950,700,250,0.7368421052631579,12,7,5,363.83609889363856,0.8174490279753438,0.16830361908828828,0.21610987560790837,131862.521701389,1995.269097222232,133857.7907986112,1101,19,538.7105263157895,35,3,16,33.8869168356998,0.6410714285714285,43.22916666666667,1027.0833333333342,29.34523809523812,0
1190,4,1,1,38,0.02564102564102564,0.02564102564102564,0.9743589743589743,39,1150,700,450,0.6086956521739131,16,7,9,354.40185515536166,0.8228182636077374,0.15713764147499054,0.21203728293371274,132137.36329234662,1565.9453372291416,133703.30862957577,1102,0,525.8717948717949,36,3,16,33.8522270901789,0.6417824074074073,42.96171171171172,1028.1531531531548,28.559809809809856,0
1191,4,0,0,38,0.0,0.0,1.0,38,1100,800,300,0.7272727272727273,14,8,6,360.8716762697229,0.8161747273589379,0.16890630832400122,0.21586687544134356,132130.12695312515,1936.4040798611259,134066.53103298627,1103,21,540.7105263157895,35,3,17,33.693220195879775,0.6437499999999999,42.96875000000001,1028.1250000000011,29.375000000000032,0
1192,4,0,0,38,0.0,0.0,1.0,38,1500,1000,500,0.6666666666666666,20,10,10,363.86748326638906,0.8154042200094832,0.17059006622898276,0.21786714686592795,132166.3106307322,2018.2045643616755,134184.51519509387,1104,22,541.7105263157895,36,2,17,33.57974665060418,0.6420717592592592,42.933558558558566,1028.2657657657667,28.562937937937964,0
1193,4,1,0,39,0.02564102564102564,0.0,1.0,39,650,600,50,0.9230769230769231,7,6,1,352.91896180566437,0.8183198380566802,0.1681151900376181,0.21311705127368508,132487.35592689033,1551.8658324357455,134039.2217593261,1105,0,528.7948717948718,35,4,18,33.538153456998316,0.6473214285714286,42.62152777777777,1029.513888888888,29.414682539682513,0
1194,4,1,2,38,0.025,0.05,0.95,40,600,400,200,0.6666666666666666,8,4,4,345.10328047600456,0.8236111111111111,0.1613139484040227,0.20935045157788412,132658.9004545087,1156.2043462381491,133815.10480074683,1106,0,516.55,36,4,15,33.56699096341641,0.6469907407407407,42.454954954954964,1030.1801801801814,28.61611611611615,0
1195,4,0,0,38,0.0,0.0,1.0,38,850,400,450,0.47058823529411764,13,4,9,364.6290259244771,0.8162932669511617,0.17353098736772932,0.2193295200705694,132340.06123944905,2051.0055241052014,134391.06676355423,1107,2,516.4473684210526,36,2,18,33.38509175148664,0.6438078703703702,42.76463963963965,1028.9414414414425,28.581706706706736,0
1196,4,0,0,38,0.0,0.0,1.0,38,1000,700,300,0.7,13,7,6,366.7227283937478,0.8148411569464201,0.17284536810450768,0.22110772034116757,132428.6352040817,2112.94344710127,134541.57865118296,1108,3,517.4473684210526,34,4,18,33.24200979258231,0.6488970588235294,42.67857142857143,1029.2857142857147,30.27310924369749,0
1197,4,0,0,38,0.0,0.0,1.0,38,1050,900,150,0.8571428571428571,12,9,3,365.62270806610695,0.8138928402086297,0.17732547822692246,0.22131366369879027,132576.7385223764,2094.613233024675,134671.35175540106,1109,4,518.4473684210526,35,3,19,33.12120701281187,0.6482142857142857,42.534722222222214,1029.86111111111,29.424603174603142,0
1198,4,0,0,38,0.0,0.0,1.0,38,1000,800,200,0.8,12,8,4,367.46669253729203,0.8128259838786155,0.18324090387730707,0.22313700525013447,132695.96220207465,2152.269268689971,134848.23147076461,1110,5,519.4473684210526,35,3,15,32.953736987942776,0.649404761904762,42.418981481481474,1030.3240740740732,29.437830687830665,0
1199,4,0,0,38,0.0,0.0,1.0,38,1100,600,500,0.5454545454545454,16,6,10,372.4547293844918,0.8109589853010906,0.18928684354249947,0.22717008977448488,132861.99787202725,2297.0158925817545,135159.013764609,1111,6,520.4473684210526,36,2,15,32.658155834698704,0.6490162037037038,42.257882882882875,1030.968468468467,28.638013013012976,0
1200,4,0,0,38,0.0,0.0,1.0,38,1100,800,300,0.7272727272727273,14,8,6,367.66056139280374,0.8115813181602656,0.18360147092622414,0.2251183651308876,133007.16256797322,2180.297611800978,135187.4601797742,1112,7,521.4473684210526,36,2,16,32.6357805676856,0.650462962962963,42.11711711711711,1031.5315315315304,28.65365365365362,0
1201,4,0,0,38,0.0,0.0,1.0,38,1150,700,450,0.6086956521739131,16,7,9,366.1850431603403,0.8103959222380275,0.1843081410705465,0.2252652419870926,133181.46482631282,2153.8120891161448,135335.27691542896,1113,8,522.4473684210526,36,2,16,32.49872718015856,0.6521990740740742,41.9481981981982,1032.2072072072074,28.67242242242243,0
1202,4,0,0,38,0.0,0.0,1.0,38,1300,800,500,0.6153846153846154,18,8,10,366.707488905945,0.8091808914177335,0.18369385505648927,0.22593913026140483,133239.5909422937,2171.991163460764,135411.58210575447,1114,9,523.4473684210526,36,2,16,32.42687427283304,0.6527777777777778,41.891891891891895,1032.4324324324327,28.678678678678686,0
1203,4,0,0,38,0.0,0.0,1.0,38,1200,800,400,0.6666666666666666,16,8,8,355.2779430233324,0.808854907539118,0.1664527171587502,0.208091366627952,131328.12500000015,1731.597222222237,133059.7222222224,1115,10,524.4473684210526,38,0,20,34.6460027100271,0.6299342105263157,43.75000000000001,1025.0000000000011,26.973684210526347,5
1204,4,0,0,38,0.0,0.0,1.0,38,1050,900,150,0.8571428571428571,12,9,3,355.515869677124,0.8081140350877193,0.162446891528657,0.2087022561837662,131414.71021274655,1744.0029979303633,133158.7132106769,1116,11,525.4473684210526,36,2,21,34.552443712246,0.6345486111111112,43.66554054054054,1025.337837837838,28.481606606606608,0
1205,4,0,0,38,0.0,0.0,1.0,38,1000,800,200,0.8,12,8,4,355.515869677124,0.8081140350877193,0.162446891528657,0.2087022561837662,131414.71021274655,1744.0029979303633,133158.7132106769,1117,12,526.4473684210526,36,2,21,34.552443712246,0.6345486111111112,43.66554054054054,1025.337837837838,28.481606606606608,0
1206,4,1,1,38,0.02564102564102564,0.02564102564102564,0.9743589743589743,39,600,300,300,0.5,9,3,6,349.1818845596209,0.8134840305892937,0.1642756588281049,0.2066397473607564,131721.78578985817,1398.9722799322567,133120.75806979043,1118,0,513.9230769230769,37,2,18,34.40504165776542,0.6356981981981983,43.366228070175424,1026.5350877192964,27.744191559980983,0
1207,4,0,0,38,0.0,0.0,1.0,38,1200,900,300,0.75,15,9,6,357.94372686552094,0.8066915599810337,0.172861787960519,0.21140253939893,131645.74361100956,1824.3536188215141,133470.09722983107,1119,14,528.4473684210526,36,2,18,34.256922345367414,0.636863425925926,43.44031531531531,1026.238738738738,28.50663163163161,0
1208,4,0,0,38,0.0,0.0,1.0,38,1050,800,250,0.7619047619047619,13,8,5,359.9230261797538,0.805921052631579,0.1718680544731357,0.2132175587836787,131761.33639974432,1884.7877860969058,133646.12418584124,1120,15,529.4473684210526,36,2,18,34.08947570472743,0.6380208333333335,43.3277027027027,1026.6891891891892,28.519144144144143,0
1209,4,1,1,38,0.02564102564102564,0.02564102564102564,0.9743589743589743,39,600,400,200,0.6666666666666666,8,4,4,352.30993349423517,0.8124156545209177,0.16730974468434456,0.20972961098100246,131946.99931709736,1497.2477108340747,133444.24702793144,1121,0,516.8461538461538,37,2,18,34.09774101743151,0.6379504504504505,43.14692982456139,1027.4122807017527,27.76789947842575,0
1210,4,0,0,38,0.0,0.0,1.0,38,1100,700,400,0.6363636363636364,15,7,8,357.42611607740486,0.8047356567093409,0.1689711798998279,0.2125325977788648,131903.67408366187,1829.1635848126057,133732.83766847447,1122,17,531.4473684210526,38,0,20,34.01001040041603,0.6356907894736843,43.189102564102555,1027.2435897435882,27.0327260458839,0
1211,4,0,0,38,0.0,0.0,1.0,38,500,400,100,0.8,6,4,2,355.91311174387687,0.8044689426268373,0.1671391978281811,0.21178592094858384,131931.11257213805,1791.2025622762585,133722.3151344143,1123,18,532.4473684210526,38,0,20,34.02120597615085,0.6359649122807018,43.16239316239315,1027.350427350426,27.035537561853314,0
1212,4,2,1,39,0.05,0.025,0.975,40,1350,1000,350,0.7407407407407407,17,10,7,341.0972151649757,0.8132211538461539,0.16204453441295552,0.20549027352621685,132398.00347222204,1034.5920994959224,133432.59557171797,1124,0,506.775,37,3,21,33.9321862348178,0.642454954954955,42.70833333333332,1029.1666666666652,27.815315315315274,0
1213,4,0,0,39,0.0,0.0,1.0,39,1100,600,500,0.5454545454545454,16,6,10,346.52314385233416,0.809322986954566,0.16053872892994092,0.20831461301457715,132317.61203342004,1370.2229817708246,133687.83501519085,1125,1,520.7692307692307,39,0,22,33.873413823360686,0.6380876068376069,42.78645833333333,1028.8541666666658,26.380876068376047,0
1214,4,1,0,40,0.025,0.0,1.0,40,700,400,300,0.5714285714285714,10,4,6,347.40860597510965,0.8131944444444444,0.17299413428302124,0.19683738642399817,130044.55133912252,1040.7594066460615,131085.3107457686,1126,0,508.725,38,2,20,36.14660800949688,0.6170504385964912,45.005341880341874,1019.9786324786314,26.841542959963984,6
1215,4,1,0,41,0.024390243902439025,0.0,1.0,41,750,300,450,0.4,12,3,9,341.6909620991256,0.8201219512195121,0.17122946739671518,0.1946843853820599,130262.58680555546,702.274978997731,130964.86178455318,1127,0,497.2926829268293,37,4,21,36.07142857142858,0.6210585585585586,44.791666666666664,1020.8333333333326,27.59009009009007,0
1216,4,1,0,42,0.023809523809523808,0.0,1.0,42,700,500,200,0.7142857142857143,9,5,4,334.49724583920715,0.8275019357336431,0.1705859503391407,0.19152471046194575,130453.51765103344,327.26847286140094,130780.78612389484,1128,0,486.42857142857144,38,4,22,36.061798438262585,0.6211622807017545,44.604700854700845,1021.5811965811947,26.883715699505125,0
1217,4,1,2,41,0.023255813953488372,0.046511627906976744,0.9534883720930233,43,850,700,150,0.8235294117647058,10,7,3,328.3549561066206,0.8304724990771502,0.1700436312989435,0.18941180723001147,130741.54188368034,-14.073350694465034,130727.46853298588,1129,0,476.09302325581393,39,4,14,35.927632919128136,0.6223290598290598,44.32291666666666,1022.7083333333317,26.223290598290557,0
1218,4,3,4,40,0.06818181818181818,0.09090909090909091,0.9090909090909091,44,800,500,300,0.625,11,5,6,322.0919575472493,0.8401603241719521,0.15515521614717342,0.18674658056754986,130937.79047070172,-365.19815007603995,130572.59232062567,1130,0,466.1818181818182,40,4,15,35.88976599477046,0.6226562500000001,44.1310975609756,1023.4756097560957,25.586890243902392,0
1219,4,0,0,40,0.0,0.0,1.0,40,1400,1200,200,0.8571428571428571,16,12,4,350.4798759199966,0.8135149572649573,0.1771717561459596,0.20058062804228954,130435.08193582094,1142.9742664962207,131578.05620231715,1131,5,513.725,36,4,21,35.67228897953183,0.6247106481481481,44.622747747747745,1021.5090090090089,28.375250250250247,0
1220,4,1,0,41,0.024390243902439025,0.0,1.0,41,1350,1000,350,0.7407407407407407,17,10,7,341.0057200691882,0.8172256097560976,0.17594754358948883,0.19698095123996642,130794.81336805549,720.3559027777683,131515.16927083326,1132,0,502.1707317073171,37,4,17,35.55032247114731,0.6264076576576577,44.27083333333333,1022.9166666666661,27.64639639639638,0
1221,4,0,1,40,0.0,0.024390243902439025,0.975609756097561,41,1600,1300,300,0.8125,19,13,6,340.60089558684257,0.8178861788617886,0.1704026035762609,0.1980405456407181,131047.29940943346,726.9655086180167,131774.26491805149,1133,1,503.1707317073171,37,4,18,35.30556150496181,0.6289414414414416,44.024122807017534,1023.9035087719282,27.673067804646706,0
1222,4,1,0,41,0.024390243902439025,0.0,1.0,41,950,800,150,0.8421052631578947,11,8,3,341.62919754046254,0.8170223577235772,0.16974732427979444,0.1990741318917938,131131.5155264117,759.6708843105282,131891.18641072224,1134,0,503.9268292682927,37,4,19,35.19419316275916,0.6297860360360361,43.94188596491227,1024.2324561403489,27.681958274063483,0
1223,4,3,3,41,0.06818181818181818,0.06818181818181818,0.9318181818181819,44,750,400,350,0.5333333333333333,11,4,7,320.57232258703687,0.8337737843551798,0.1614715978296979,0.1893452351395376,131648.63281249997,-359.27112188365675,131289.36169061632,1135,0,470.5,39,5,15,35.212816348626355,0.6314102564102565,43.4375,1026.2499999999998,26.31410256410256,0
1224,4,0,0,41,0.0,0.0,1.0,41,1250,800,450,0.64,17,8,9,341.65740781232256,0.8172256097560976,0.16740218085255276,0.1994006624170636,131191.27498584596,764.4941878515233,131955.76917369748,1136,2,505.9268292682927,38,3,20,35.13313866583238,0.6285635964912282,43.88354700854699,1024.4658119658093,26.959626630679193,0
1225,4,0,0,41,0.0,0.0,1.0,41,1100,800,300,0.7272727272727273,14,8,6,338.0949804548516,0.8178353658536586,0.16165750941362278,0.19788560997580137,131300.7492900318,678.4248529841085,131979.1741430159,1137,3,506.9268292682927,38,3,21,35.11392855901873,0.6296600877192984,43.77670940170938,1024.8931623931594,26.970872694556828,0
1226,4,1,0,42,0.023809523809523808,0.0,1.0,42,950,600,350,0.631578947368421,13,6,7,348.25537535341124,0.8248161053039101,0.21057611438183343,0.19259332153265404,129092.79348381919,591.4547035941359,129684.24818741332,1138,0,495.8333333333333,38,4,19,37.09240082702551,0.6074561403508771,45.940170940170944,1016.2393162393168,26.743139901034652,4
1227,4,1,0,43,0.023255813953488372,0.0,1.0,43,1050,600,450,0.5714285714285714,15,6,9,335.9449316290131,0.8310723514211886,0.20221531676022475,0.18735390417771897,129424.43828870427,95.98812859831793,129520.42641730259,1139,0,485.27906976744185,37,6,21,37.068067528735625,0.6126126126126126,45.6140350877193,1017.5438596491232,27.50118539592225,0
1228,4,1,1,43,0.022727272727272728,0.022727272727272728,0.9772727272727273,44,1050,600,450,0.5714285714285714,15,6,9,326.3652432604389,0.837737843551797,0.1873665344722395,0.18350347639926562,129745.05077069183,-331.14498867703355,129413.9057820148,1140,0,475.22727272727275,38,6,15,36.9865946588367,0.6140350877192982,45.2991452991453,1018.803418803419,26.8106162843005,0
1229,4,0,0,43,0.0,0.0,1.0,43,1350,900,450,0.6666666666666666,18,9,9,335.85391458666624,0.8305647840531561,0.19946573466490758,0.18850435121423215,129675.59880203524,110.4114968067075,129786.01029884194,1141,2,487.27906976744185,37,6,15,36.815386478630636,0.6151463963963963,45.36732456140351,1018.530701754386,27.527856804172593,0
1230,4,1,1,43,0.022727272727272728,0.022727272727272728,0.9772727272727273,44,1350,1100,250,0.8148148148148148,16,11,5,327.55092156724453,0.834896934460888,0.1923258250392872,0.18532741827856253,129990.0710082,-284.32648933450554,129705.7445188655,1142,0,477.1818181818182,38,6,16,36.708136895407705,0.6165021929824561,45.05876068376068,1019.7649572649572,26.835919928025188,0
1231,4,3,3,43,0.06521739130434782,0.06521739130434782,0.9347826086956522,46,1000,800,200,0.8,12,8,4,314.0857263902449,0.8419685990338165,0.2043011755924613,0.1802511681008057,130542.57079101274,-998.8322950833428,129543.7384959294,1143,0,457.3695652173913,37,9,14,36.49320457796855,0.6238738738738738,44.51754385964913,1021.9298245614044,27.619724988146064,0
1232,4,2,2,43,0.044444444444444446,0.044444444444444446,0.9555555555555556,45,1150,700,450,0.6086956521739131,16,7,9,320.2573274875931,0.8441919191919193,0.20493747690400443,0.18392597347577666,130570.58572108728,-636.7626336949794,129933.8230873923,1144,0,468.24444444444447,37,8,15,36.30724081822409,0.6241554054054053,44.49013157894737,1022.0394736842107,27.62268847795164,0
1233,4,0,0,43,0.0,0.0,1.0,43,1500,1200,300,0.8,18,12,6,337.50952528093416,0.8331949058693244,0.2119361038536478,0.19244806221739602,130292.1264815885,194.96675132886128,130487.09323291735,1145,2,491.0232558139535,35,8,19,36.14823054831274,0.625297619047619,44.762731481481474,1020.9490740740728,29.16997354497351,0
1234,4,1,1,43,0.022727272727272728,0.022727272727272728,0.9772727272727273,44,1000,700,300,0.7,13,7,6,328.24618614101485,0.838288407329105,0.21342379062533468,0.18878711865469977,130626.62459843415,-224.4617334179822,130402.16286501617,1146,0,480.84090909090907,37,7,15,36.04649343916476,0.6247184684684685,44.435307017543856,1022.2587719298247,27.62861545756283,0
1235,4,0,0,43,0.0,0.0,1.0,43,800,600,200,0.75,10,6,4,339.07519978143574,0.8332410483573274,0.22743289128067135,0.1946304514874464,130550.14209733374,253.2631026296467,130803.40519996338,1147,4,493.0232558139535,36,7,15,35.847107438016515,0.6258680555555556,44.51013513513513,1021.9594594594588,28.387762762762744,0
1236,4,0,0,43,0.0,0.0,1.0,43,750,300,450,0.4,12,3,9,339.07519978143574,0.8332410483573274,0.22743289128067135,0.1946304514874464,130550.14209733374,253.2631026296467,130803.40519996338,1148,5,494.0232558139535,36,7,15,35.847107438016515,0.6258680555555556,44.51013513513513,1021.9594594594588,28.387762762762744,0
1237,4,1,1,43,0.022727272727272728,0.022727272727272728,0.9772727272727273,44,1350,900,450,0.6666666666666666,18,9,9,330.7054972738092,0.8350951374207188,0.2353292844942121,0.19177715883069552,130945.12473518869,-139.1454817736987,130805.97925341499,1149,0,483.77272727272725,38,6,16,35.661969380654156,0.6260964912280702,44.12393162393162,1023.5042735042723,26.934322986954534,0
1238,4,0,0,43,0.0,0.0,1.0,43,1300,900,400,0.6923076923076923,17,9,8,334.3515326380205,0.8325489110372831,0.22499878623100522,0.19389150621502627,130945.12473518869,156.3406293374117,131101.46536452608,1150,1,487.6744186046512,38,5,17,35.568676061238705,0.6260964912280702,44.12393162393162,1023.5042735042723,26.934322986954534,0
1239,4,0,0,43,0.0,0.0,1.0,43,700,500,200,0.7142857142857143,9,5,4,333.57198786547576,0.8324104835732742,0.2179668273361386,0.19371435077133245,130999.80481591041,139.57306048650145,131139.3778763969,1151,2,488.6744186046512,38,5,18,35.53342204132748,0.6266447368421053,44.07051282051281,1023.7179487179474,26.93994601889335,0
1240,4,0,0,43,0.0,0.0,1.0,43,1150,1000,150,0.8695652173913043,13,10,3,335.65375849431825,0.831672203765227,0.22079311959890258,0.19506185370837154,131027.14913662407,195.95101450066886,131223.10015112473,1152,3,489.6744186046512,38,5,18,35.4525374795645,0.6269188596491229,44.04380341880341,1023.8247863247844,26.94275753486275,0
1241,4,0,0,43,0.0,0.0,1.0,43,1350,900,450,0.6666666666666666,18,9,9,334.99908364805196,0.8308416389811738,0.22242919928980975,0.19537537798160093,131163.9135437211,187.95816896776626,131351.87171268888,1153,4,490.6744186046512,38,5,18,35.33127346683353,0.6282894736842106,43.9102564102564,1024.3589743589735,26.956815114709826,0
1242,4,0,0,43,0.0,0.0,1.0,43,1150,600,550,0.5217391304347826,17,6,11,334.4570031066163,0.8295035068290882,0.21913405180563417,0.1958962446767323,131328.1249999999,184.9276791584345,131513.05267915834,1154,5,491.6744186046512,36,7,19,35.179539295392956,0.6336805555555557,43.74999999999999,1024.9999999999993,28.472222222222204,0
1243,4,0,0,43,0.0,0.0,1.0,43,1600,1300,300,0.8125,19,13,6,331.24682119354736,0.8294573643410852,0.21259613322302906,0.1948963854929476,131501.3239590942,111.87910883856762,131613.20306793277,1155,6,492.6744186046512,36,7,21,35.08728590250328,0.6354166666666667,43.58108108108108,1025.6756756756756,28.49099099099099,0
1244,4,0,0,43,0.0,0.0,1.0,43,1550,1400,150,0.9032258064516129,17,14,3,331.34125474465816,0.8297803617571059,0.2075774045552201,0.19583944200666745,131674.63705259303,125.84789181071312,131800.48494440372,1156,7,493.6744186046512,36,7,18,34.91034854802134,0.6371527777777779,43.412162162162154,1026.3513513513503,28.50975975975973,0
1245,4,0,0,43,0.0,0.0,1.0,43,1300,1100,200,0.8461538461538461,15,11,4,331.59423876092677,0.8290420819490587,0.21375350418716854,0.196435651382935,131761.33639974435,138.26000831912813,131899.5964080635,1157,8,494.6744186046512,36,7,18,34.816597199371124,0.6380208333333335,43.3277027027027,1026.6891891891894,28.51914414414415,0
1246,4,1,0,44,0.022727272727272728,0.0,1.0,44,1200,600,600,0.5,18,6,12,314.3259015522033,0.8332452431289641,0.1374853088781558,0.18639684268319553,131800.3268001475,-514.3486907337046,131285.97810941382,1158,0,484.40909090909093,42,2,16,35.22065993520177,0.6282242063492062,43.289728682170555,1026.84108527132,24.44859726836476,5
1247,4,0,1,43,0.0,0.022727272727272728,0.9772727272727273,44,1250,600,650,0.48,19,6,13,313.4692429563905,0.8327607470049331,0.13473214362281416,0.18637618870334835,131899.845684229,-530.6910454599822,131369.15463876902,1159,1,485.40909090909093,42,2,16,35.142714523787056,0.6292162698412698,43.192829457364354,1027.228682170545,24.457825765965357,0
1248,4,0,0,43,0.0,0.0,1.0,43,900,800,100,0.8888888888888888,10,8,2,320.3205437532398,0.8337947582133628,0.13873512814061306,0.19013522184251944,131837.0496346688,-153.97691483999773,131683.0727198288,1160,2,473.6046511627907,41,2,16,35.02986540443072,0.6300813008130081,43.25396825396826,1026.984126984128,25.04839334107629,0
1249,4,2,0,45,0.044444444444444446,0.0,1.0,45,1250,1000,250,0.8,15,10,5,310.7835493730513,0.8404040404040405,0.1490970816205499,0.18698638136697548,132349.27847365706,-773.6042957988941,131575.67417785816,1161,0,453.5111111111111,43,2,20,34.76095159212222,0.632267441860465,42.75568181818182,1028.977272727273,23.929704016913323,0
1250,4,1,1,45,0.021739130434782608,0.021739130434782608,0.9782608695652174,46,1800,1400,400,0.7777777777777778,22,14,8,303.0439013840828,0.8435587761674719,0.14376598465473123,0.18399094012605052,132690.541781451,-1157.7791408402093,131532.7626406108,1162,0,444.6304347826087,43,3,15,34.61856617647059,0.6356589147286822,42.42424242424243,1030.3030303030314,23.96053558844259,0
1251,4,0,0,45,0.0,0.0,1.0,45,1150,900,250,0.782608695652174,14,9,5,308.4682397099346,0.8400252525252526,0.1452097185631247,0.18669706444403106,132572.58052400695,-821.1138903912055,131751.46663361575,1163,2,455.5111111111111,42,3,21,34.596898130723865,0.6359126984126984,42.53875968992248,1029.8449612403099,24.520118124769283,0
1252,4,0,0,45,0.0,0.0,1.0,45,1450,1200,250,0.8275862068965517,17,12,5,305.47232017092153,0.8392255892255893,0.1405508072174737,0.18558594727972083,132714.93454610035,-891.8522045741393,131823.08234152623,1164,3,456.5111111111111,43,2,15,34.53161857059706,0.6359011627906976,42.40056818181819,1030.3977272727284,23.962737843551825,0
1253,4,1,1,45,0.021739130434782608,0.021739130434782608,0.9782608695652174,46,1500,1200,300,0.8,18,12,6,301.856447051427,0.8445450885668278,0.1559710899419695,0.1848808508301235,133018.13378772285,-1169.5237482853247,131848.61003943754,1165,0,447.5652173913044,44,2,16,34.321799359722355,0.6375473484848485,42.10648148148148,1031.5740740740737,23.44486531986531,0
1254,4,0,0,45,0.0,0.0,1.0,45,1100,700,400,0.6363636363636364,15,7,8,309.641873278237,0.8396885521885522,0.15353535353535364,0.18922558922558916,132934.57031249985,-767.5781250000152,132166.99218749983,1166,1,458.4222222222222,43,2,17,34.20454545454545,0.6380813953488373,42.18749999999999,1031.2499999999989,23.982558139534856,0
1255,4,0,0,45,0.0,0.0,1.0,45,1650,1400,250,0.8484848484848485,19,14,5,309.2221823695289,0.8386363636363637,0.15990209576258252,0.18958782650062,133056.66864848768,-771.1853083390708,132285.4833401486,1167,2,459.4222222222222,43,2,17,34.0933340982102,0.6392926356589147,42.06912878787879,1031.7234848484848,23.99356941508104,0
1256,4,0,0,45,0.0,0.0,1.0,45,1250,800,450,0.64,17,8,9,308.93965154448284,0.8377104377104377,0.15944546381243652,0.19003624163853625,133178.8230314509,-771.1561639118406,132407.66686753908,1168,3,460.4222222222222,43,2,17,33.97859327217127,0.6405038759689923,41.95075757575758,1032.19696969697,24.004580690627208,0
1257,4,0,0,45,0.0,0.0,1.0,45,1450,1000,450,0.6896551724137931,19,10,9,314.21585106094955,0.8353114478114478,0.16766398744944633,0.19417293413721087,133349.9333265178,-619.8674421774788,132730.06588434032,1169,4,461.4222222222222,43,2,18,33.67151447082911,0.6421996124031009,41.78503787878787,1032.859848484847,24.01999647639179,0
1258,4,0,0,45,0.0,0.0,1.0,45,1250,800,450,0.64,17,8,9,315.46472317525956,0.8325757575757576,0.17770099497712533,0.19599445144681146,133549.1182149942,-573.8807844505022,132975.2374305437,1170,5,462.4222222222222,41,4,18,33.44040934830597,0.6471036585365855,41.5922619047619,1033.6309523809514,25.21051103368174,0
1259,4,0,0,45,0.0,0.0,1.0,45,1350,1000,350,0.7407407407407407,17,10,7,315.0023290719942,0.8313552188552189,0.17611510791366936,0.1965229970422225,133702.97663336154,-576.6501913265472,133126.326442035,1171,6,463.4222222222222,41,4,14,33.29886091127098,0.6486280487804879,41.44345238095237,1034.2261904761892,25.225029036004614,0
1260,4,0,1,44,0.0,0.022222222222222223,0.9777777777777777,45,1400,1100,300,0.7857142857142857,17,11,6,316.8502263404968,0.830513468013468,0.18115233438788203,0.19850238504250575,133856.9236288265,-517.4806901927502,133339.44293863376,1172,7,464.4222222222222,41,4,15,33.09755776052151,0.6501524390243902,41.294642857142854,1034.8214285714282,25.23954703832752,0
1261,4,1,1,44,0.022222222222222223,0.022222222222222223,0.9777777777777777,45,1450,900,550,0.6206896551724138,20,9,11,315.36292467869185,0.8351851851851853,0.17185129771626872,0.1995556873676883,134224.2475286942,-534.1297473108591,133690.11778138333,1173,0,439.35555555555555,42,3,16,32.770128109220124,0.652281746031746,40.939922480620154,1036.2403100775196,24.672388335179036,0
1262,4,0,0,44,0.0,0.0,1.0,44,650,300,350,0.46153846153846156,10,3,7,322.26901550593414,0.8285103946441156,0.17362435036953894,0.203596813607288,134165.08335104873,-152.55013463718643,134012.53321641154,1174,1,450.15909090909093,41,3,17,32.650160394522665,0.653201219512195,40.99702380952381,1036.0119047619046,25.268583042973283,0
1263,4,1,0,45,0.022222222222222223,0.0,1.0,45,850,500,350,0.5882352941176471,12,5,7,317.22106223961754,0.8322811447811448,0.17380455654159555,0.202254405674515,134500.5194718617,-466.72046827113127,134033.79900359057,1175,0,441.1333333333333,42,3,18,32.4470652343142,0.6550099206349207,40.673449612403104,1037.3062015503879,24.697766703580662,0
1264,4,0,0,45,0.0,0.0,1.0,45,1100,900,200,0.8181818181818182,13,9,4,316.1535954797079,0.8298821548821549,0.17399573486529962,0.20229075921295595,134629.8706127305,-487.23769044394095,134142.63292228658,1176,1,442.1333333333333,40,5,19,32.34613689776732,0.659375,40.548780487804876,1037.8048780487804,25.945121951219512,0
1265,4,0,0,45,0.0,0.0,1.0,45,1250,1000,250,0.8,15,10,5,316.84572248625057,0.8297138047138047,0.17725556752287375,0.20288058706909604,134656.23889756444,-466.94933984399313,134189.28955772045,1177,2,443.1333333333333,40,5,19,32.30196807989817,0.6596354166666667,40.523373983739845,1037.9065040650419,25.947662601626046,0
1266,4,0,0,45,0.0,0.0,1.0,45,1450,1100,350,0.7586206896551724,18,11,7,313.3067720708405,0.8281986531986533,0.16751679561881128,0.20159856157403971,134833.9782238125,-551.1203034454709,134282.85792036704,1178,3,444.1333333333333,41,4,16,32.21724058330945,0.6598069105691058,40.35218253968253,1038.5912698412685,25.331494386372402,0
1267,4,0,1,44,0.0,0.022222222222222223,0.9777777777777777,45,1150,700,450,0.6086956521739131,16,7,9,303.4505121658334,0.8281144781144781,0.12412297486924362,0.19292364678572324,134396.43565759627,-843.4665532879933,133552.9691043083,1179,4,445.1333333333333,41,4,16,32.90757749712973,0.6554878048780488,40.77380952380952,1036.904761904761,25.290360046457586,2
1268,4,0,0,44,0.0,0.0,1.0,44,900,700,200,0.7777777777777778,11,7,4,339.63053546454523,0.8237315010570825,0.1937682981758131,0.21310496292619902,133914.18292059313,307.6069988043409,134221.78991939747,1180,7,456.15909090909093,38,6,15,32.451013281034975,0.6557017543859649,41.23931623931624,1035.0427350427346,27.237966711650913,2
1269,4,0,0,44,0.0,0.0,1.0,44,800,400,400,0.5,12,4,8,340.215109056846,0.8220577871740663,0.19524068585149879,0.214114599803828,134024.78723792822,319.45152129446507,134344.23875922267,1181,8,457.15909090909093,38,6,15,32.32541443114596,0.6567982456140351,41.13247863247863,1035.4700854700852,27.24921277552856,0
1270,4,0,0,44,0.0,0.0,1.0,44,1800,1500,300,0.8333333333333334,21,15,6,337.67436013298163,0.8203180056377731,0.19831707111323582,0.2136401577905927,134218.4546556541,264.426158777114,134482.8808144312,1182,9,458.15909090909093,38,6,18,32.19790700072173,0.6587171052631579,40.94551282051282,1036.217948717948,27.26889338731442,0
1271,4,0,0,44,0.0,0.0,1.0,44,1200,700,500,0.5833333333333334,17,7,10,337.83465504795987,0.8184240662438337,0.20990379346039112,0.21463282552621465,134370.7200038581,279.01716820988315,134649.73717206798,1183,10,459.15909090909093,41,3,18,32.04188993078814,0.6552337398373983,40.798611111111114,1036.8055555555559,25.287940379403803,0
1272,4,0,0,44,0.0,0.0,1.0,44,1300,900,400,0.6923076923076923,17,9,8,343.34382099015113,0.8172788935870332,0.21408379511756825,0.21937863088528542,134578.49368105736,441.70053852541105,135020.19421958277,1184,11,460.15909090909093,38,6,19,31.691893190554627,0.6622807017543861,40.598290598290575,1037.6068376068342,27.30544309491669,0
1273,4,0,0,44,0.0,0.0,1.0,44,1050,700,350,0.6666666666666666,14,7,7,339.7324085548881,0.8151427061310783,0.21107544141252044,0.21819926858731448,134767.0138888887,356.9444444444272,135123.95833333314,1185,12,461.15909090909093,39,5,20,31.59777956126271,0.6623931623931625,40.41666666666666,1038.3333333333317,26.623931623931583,0
1274,4,0,0,44,0.0,0.0,1.0,44,1200,800,400,0.6666666666666666,16,8,8,342.05808801283746,0.8147683227625089,0.2119640633339266,0.22014065865813554,134840.88918633058,424.6833482054007,135265.57253453598,1186,13,462.15909090909093,40,4,16,31.463837247227655,0.6614583333333335,40.34552845528454,1038.6178861788592,25.96544715447148,0
1275,4,0,0,44,0.0,0.0,1.0,44,950,800,150,0.8421052631578947,11,8,3,342.97124669741294,0.8151647286821706,0.21478628982053016,0.221049942228307,134893.66964934868,452.93001024519896,135346.5996595939,1187,14,463.15909090909093,40,4,16,31.387570925454906,0.6619791666666668,40.29471544715446,1038.82113821138,25.9705284552845,0
1276,4,0,1,43,0.0,0.022727272727272728,0.9772727272727273,44,1350,1000,350,0.7407407407407407,17,10,7,343.47542159599743,0.8143939393939394,0.21473438541898227,0.22185951900309966,134972.8597085892,471.9719784850013,135444.8316870742,1188,15,464.15909090909093,40,4,16,31.295639771801117,0.6627604166666667,40.218495934959336,1039.1260162601604,25.97815040650401,0
1277,4,0,0,43,0.0,0.0,1.0,43,1700,1300,400,0.7647058823529411,21,13,8,359.9664731188838,0.8111849390919158,0.22580111514202583,0.23345194075370884,135118.76220703125,1127.6448567708342,136246.4070638021,1189,16,474.69767441860466,39,4,17,30.72180893698025,0.6658653846153847,40.078125,1039.6875,26.658653846153847,0
1278,4,0,0,43,0.0,0.0,1.0,43,1250,1000,250,0.8,15,10,5,356.3129114008218,0.8102159468438538,0.22887893796819592,0.23212635656621056,135281.26220703125,1040.4920789930554,136321.7542860243,1190,17,475.69767441860466,39,4,17,30.654955608958304,0.6674679487179487,39.921875,1040.3125,26.674679487179485,0
1279,4,0,0,43,0.0,0.0,1.0,43,500,300,200,0.6,7,3,4,354.6990433877321,0.809016242155777,0.22203598947784964,0.231597610682578,135362.548828125,1002.5933159722226,136365.14214409722,1191,18,476.69767441860466,39,4,17,30.616032699366034,0.6682692307692308,39.84375,1040.625,26.682692307692307,0
1280,4,0,0,43,0.0,0.0,1.0,43,850,600,250,0.7058823529411765,11,6,5,352.0518000146385,0.8083241048357327,0.2140800886201737,0.23038989112942254,135443.85986328125,936.6509331597222,136380.51079644097,1192,19,477.69767441860466,39,4,18,30.60402698555656,0.6690705128205128,39.765625,1040.9375,26.690705128205128,0
1281,4,0,0,43,0.0,0.0,1.0,43,1100,700,400,0.6363636363636364,15,7,8,353.4508624997841,0.8072166851236618,0.21752736833533026,0.2316551718482192,135498.0807834202,978.3827039930643,136476.46348741328,1193,20,478.69767441860466,39,4,18,30.513694347173587,0.6696047008547008,39.71354166666667,1041.145833333334,26.696047008547023,0
1282,4,0,0,43,0.0,0.0,1.0,43,1150,1000,150,0.8695652173913043,13,10,3,352.53619346025516,0.8062015503875969,0.21224204061751117,0.23211686583963198,135662.23651748637,965.3053253164653,136627.54184280284,1194,21,479.69767441860466,37,6,18,30.374324632494833,0.6748310810810809,39.55592105263159,1041.7763157894753,28.156116642958793,0
1283,4,0,0,43,0.0,0.0,1.0,43,1200,800,400,0.6666666666666666,16,8,8,354.956241776111,0.8048634182355112,0.21362255675667874,0.234251906785128,135744.99255789336,1036.7064796552143,136781.69903754856,1195,22,480.69767441860466,38,5,18,30.22905132936915,0.6737938596491228,39.476495726495735,1042.0940170940185,27.423526765632065,0
1284,4,0,0,43,0.0,0.0,1.0,43,1050,900,150,0.8571428571428571,12,9,3,358.41204242483633,0.8036637135474345,0.2116188506032024,0.23727168995804312,135856.35021732788,1138.510391555277,136994.86060888317,1196,23,481.69767441860466,38,5,19,30.028352804536457,0.6748903508771928,39.369658119658126,1042.5213675213683,27.434772829509694,0
1285,4,0,0,43,0.0,0.0,1.0,43,1100,900,200,0.8181818181818182,13,9,4,358.41204242483633,0.8038021410114433,0.2116188506032024,0.23727168995804312,135856.35021732788,1138.510391555277,136994.86060888317,1197,24,482.69767441860466,38,5,19,30.028352804536457,0.6748903508771928,39.369658119658126,1042.5213675213683,27.434772829509694,0
1286,4,0,0,43,0.0,0.0,1.0,43,1350,1100,250,0.8148148148148148,16,11,5,358.8678005091449,0.803156146179402,0.21247061665536182,0.23826156622662892,135959.39670138908,1158.289930555575,137117.68663194464,1198,25,483.69767441860466,39,4,15,29.91410307630842,0.6741452991452991,39.27083333333334,1042.9166666666683,26.741452991453034,0
1287,4,0,0,43,0.0,0.0,1.0,43,1300,1100,200,0.8461538461538461,15,11,4,357.71409940203915,0.8019564414913252,0.21408168099544334,0.23785849876573872,136013.72070312515,1130.8051215277922,137144.52582465293,1199,26,484.69767441860466,39,4,16,29.89023700153119,0.6746794871794872,39.21875000000001,1043.1250000000011,26.7467948717949,0
1288,4,0,0,43,0.0,0.0,1.0,43,1050,900,150,0.8571428571428571,12,9,3,359.0804233992382,0.8009874492432631,0.22033583475741092,0.23913228196587605,136068.05555555577,1171.8750000000255,137239.9305555558,1200,27,485.69767441860466,39,4,16,29.80065228966987,0.6752136752136751,39.16666666666668,1043.333333333335,26.752136752136796,0
1289,4,0,1,42,0.0,0.023255813953488372,0.9767441860465116,43,850,500,350,0.5882352941176471,12,5,7,357.6594556516413,0.799141749723145,0.2179570209007946,0.23882721778558894,136163.4991159363,1140.0325946857085,137303.53171062202,1201,28,486.69767441860466,40,3,16,29.742981174943207,0.6744791666666666,39.07520325203252,1043.6991869918702,26.092479674796756,0
1290,4,0,0,42,0.0,0.0,1.0,42,1150,800,350,0.6956521739130435,15,8,7,357.76092010704457,0.7967237708091367,0.21159694407357943,0.23925261532158623,136216.537775134,1346.590777645595,137563.12855277958,1202,29,488.2857142857143,40,2,17,29.687702816718595,0.6749999999999999,39.024390243902445,1043.9024390243912,26.09756097560978,0
1291,4,0,0,42,0.0,0.0,1.0,42,900,500,400,0.5555555555555556,13,5,8,362.3254311784926,0.7959978706929927,0.21874362824148763,0.24303238451633105,136322.64607707062,1478.63230385354,137801.27838092417,1203,30,489.2857142857143,40,2,17,29.463272025431433,0.6760416666666667,38.92276422764228,1044.3089430894318,26.107723577235795,0
1292,4,0,0,42,0.0,0.0,1.0,42,1250,1000,250,0.8,15,10,5,363.1272276951505,0.7964092140921409,0.2192945875440766,0.24375300581470025,136349.1796074592,1502.4199178729614,137851.59952533216,1204,31,490.2857142857143,40,2,17,29.416009860205644,0.6763020833333333,38.89735772357724,1044.4105691056911,26.11026422764228,0
1293,4,0,0,42,0.0,0.0,1.0,42,1150,900,250,0.782608695652174,14,9,5,359.10164151312705,0.7960462640340689,0.20840793590508744,0.2418195964460522,136461.65989543975,1400.7212144117013,137862.38110985144,1205,32,491.2857142857143,41,1,17,29.409577161666036,0.6758130081300813,38.789682539682545,1044.8412698412706,25.483933410762695,0
1294,4,0,0,42,0.0,0.0,1.0,42,1150,800,350,0.6956521739130435,15,8,7,357.84818794829573,0.7954171506000774,0.2118627211659294,0.24132988552159748,136513.49226033027,1370.2211671705916,137883.71342750086,1206,33,492.2857142857143,41,1,17,29.390940446807164,0.6763211382113821,38.740079365079374,1045.0396825396842,25.488772744870346,0
1295,4,0,0,42,0.0,0.0,1.0,42,1100,1000,100,0.9090909090909091,12,10,2,343.5883508839779,0.7943766937669376,0.12038263872159316,0.22389878249911965,135291.24345952598,930.1843507229466,136221.42781024892,1207,34,493.2857142857143,37,5,19,30.975969645868467,0.6711711711711712,39.91228070175438,1040.3508771929824,28.11759127548601,6
1296,4,0,0,42,0.0,0.0,1.0,42,950,900,50,0.9473684210526315,10,9,1,345.712562731292,0.7949090205187767,0.11504509113525341,0.2263582807290267,135462.40790435523,966.2112380732608,136428.6191424285,1208,35,494.2857142857143,37,5,19,30.750561758303498,0.6728603603603602,39.74780701754386,1041.0087719298251,28.1353722143196,0
1297,4,0,0,42,0.0,0.0,1.0,42,1100,900,200,0.8181818181818182,13,9,4,345.6620415778265,0.7949090205187767,0.11275859474911631,0.22650525084758213,135490.94583189068,966.8153903124138,136457.7612222031,1209,36,495.2857142857143,37,5,20,30.72351676320871,0.6731418918918919,39.72039473684211,1041.1184210526324,28.1383357041252,0
1298,4,0,0,42,0.0,0.0,1.0,42,850,500,350,0.5882352941176471,12,5,7,345.6620415778265,0.7949332171893148,0.11275859474911631,0.22650525084758213,135490.94583189068,966.8153903124138,136457.7612222031,1210,37,496.2857142857143,37,5,20,30.72351676320871,0.6731418918918919,39.72039473684211,1041.1184210526324,28.1383357041252,0
1299,4,0,0,42,0.0,0.0,1.0,42,950,700,250,0.7368421052631579,12,7,5,347.29405251749336,0.7935782036391793,0.11695216037778389,0.2283007754230914,135605.12759935754,1018.9708612265349,136624.09846058406,1211,38,497.2857142857143,37,5,21,30.567581675264066,0.6742680180180181,39.61074561403509,1041.55701754386,28.150189663347568,0
1300,4,0,0,42,0.0,0.0,1.0,42,1200,900,300,0.75,15,9,6,346.82027465946896,0.7929732868757259,0.12004590035711749,0.22892117130518724,135751.0107235614,1016.2435706217466,136767.25429418313,1212,39,498.2857142857143,36,6,21,30.43503710107341,0.6776620370370371,39.47072072072072,1042.117117117117,28.947697697697695,0
1301,4,0,0,42,0.0,0.0,1.0,42,900,500,400,0.5555555555555556,13,5,8,343.5824208615414,0.7920780100658149,0.12114109421639974,0.22749175888241902,135862.21241151128,935.9735687904038,136798.1859803017,1213,40,499.2857142857143,37,5,21,30.40904150890479,0.6768018018018017,39.3640350877193,1042.543859649123,28.17686107159792,0
1302,4,0,1,41,0.0,0.023809523809523808,0.9761904761904762,42,800,400,400,0.5,12,4,8,343.36360619732324,0.7916182733255904,0.12380401640206085,0.22789471448309434,135947.9614520814,935.9164598722668,136883.87791195366,1214,41,500.2857142857143,37,5,17,30.32968405004731,0.6776463963963963,39.281798245614034,1042.8728070175437,28.185751541014692,0
1303,4,0,0,41,0.0,0.0,1.0,41,1250,1000,250,0.8,15,10,5,342.05636498416214,0.7895325203252033,0.13241003903156634,0.22812546780338275,136119.54068800024,1112.111058210229,137231.65174621047,1215,42,510.1463414634146,37,4,19,30.193666596616584,0.6793355855855856,39.117324561403514,1043.5307017543867,28.20353247984829,0
1304,4,0,0,41,0.0,0.0,1.0,41,1000,600,400,0.6,14,6,8,339.321357285429,0.7895833333333333,0.13251545689109556,0.22666666666666668,136176.75781250015,1041.536458333348,137218.2942708335,1216,43,511.1463414634146,37,4,19,30.208333333333343,0.6798986486486486,39.06250000000001,1043.7500000000011,28.20945945945949,0
1305,4,0,0,41,0.0,0.0,1.0,41,850,700,150,0.8235294117647058,10,7,3,340.37727822281875,0.7890243902439025,0.13339959678349,0.2277394283878748,136233.98695993001,1074.1907365727957,137308.1776965028,1217,44,512.1463414634146,37,4,19,30.12408973147079,0.6804617117117118,39.00767543859649,1043.9692982456143,28.215386439070656,0
1306,4,0,0,41,0.0,0.0,1.0,41,900,700,200,0.7777777777777778,11,7,4,342.35324682845885,0.7890243902439025,0.13136360493080956,0.22943208793437095,136291.22813029,1131.9488929285872,137423.1770232186,1218,45,513.1463414634146,37,4,19,30.015816969442408,0.6810247747747749,38.95285087719298,1044.1885964912274,28.22131341868182,0
1307,4,0,0,41,0.0,0.0,1.0,41,750,700,50,0.9333333333333333,8,7,1,342.0541416975106,0.7890752032520325,0.1329734380922143,0.2294171581357105,136319.85322406876,1125.7540781778814,137445.60730224664,1219,46,514.1463414634146,37,4,19,29.99527509449809,0.6813063063063063,38.92543859649122,1044.2982456140337,28.224276908487397,0
1308,4,0,0,41,0.0,0.0,1.0,41,950,600,350,0.631578947368421,13,6,7,337.9028158682537,0.7885162601626017,0.16011536773465407,0.2180560639893009,134939.01495954767,943.6010585819083,135882.61601812957,1220,47,515.1463414634146,38,3,19,31.474078834618673,0.6658442982456141,40.25106837606837,1038.9957264957254,27.34199280251909,4
1309,4,0,0,41,0.0,0.0,1.0,41,1550,1100,450,0.7096774193548387,20,11,9,334.33998453368423,0.7872459349593496,0.15130525033279918,0.21642007382090564,135050.04160502943,830.5257642997828,135880.56736932922,1221,48,516.1463414634146,38,3,19,31.456213382670356,0.6669407894736843,40.14423076923076,1039.4230769230758,27.35323886639673,0
1310,4,0,1,40,0.0,0.024390243902439025,0.975609756097561,41,1500,1000,500,0.6666666666666666,20,10,10,336.72254679005334,0.7867378048780488,0.15223222119168778,0.218129852214861,135077.8054003212,896.7485298414549,135974.55393016266,1222,49,517.1463414634146,38,3,19,31.366692360397384,0.6672149122807018,40.117521367521356,1039.5299145299127,27.356050382366124,0
1311,4,0,1,39,0.0,0.025,0.975,40,950,800,150,0.8421052631578947,11,8,3,344.1184983504766,0.7873397435897436,0.17326546800634635,0.21851177984578599,134351.77320185042,1247.727516412384,135599.5007182628,1223,50,522.525,37,3,19,31.897915564956815,0.6618806306306306,40.816885964912274,1036.7324561403498,28.019796111901346,6
1312,4,0,0,39,0.0,0.0,1.0,39,650,300,350,0.46153846153846156,10,3,7,349.4557105179534,0.7853126405757985,0.17102188052758405,0.22169123468764734,134317.21153163307,1587.5833181154235,135904.7948497485,1224,51,528.7435897435897,36,3,19,31.794088357776573,0.6634837962962963,40.85022522522523,1036.5990990991,28.79441941941944,0
1313,4,0,0,39,0.0,0.0,1.0,39,1300,1000,300,0.7692307692307693,16,10,6,347.6660394433337,0.7863247863247863,0.16626145658403724,0.22090829711213075,134375.58493882397,1543.565482712443,135919.1504215364,1225,52,529.7435897435897,36,3,19,31.782203758010198,0.6640625,40.79391891891892,1036.8243243243244,28.800675675675677,0
1314,4,0,0,39,0.0,0.0,1.0,39,950,500,450,0.5263157894736842,14,5,9,347.53363823312134,0.7858749437696806,0.16313270921891077,0.22153164994915447,134492.36979800754,1548.1245180991905,136040.49431610672,1226,53,530.7435897435897,36,3,19,31.669109398183345,0.6652199074074073,40.68130630630631,1037.2747747747753,28.813188188188203,0
1315,4,0,0,39,0.0,0.0,1.0,39,650,400,250,0.6153846153846154,9,4,5,348.22018999693535,0.78621232568601,0.16290804242611467,0.22232519822881275,134550.78125000015,1570.6597222222367,136121.4409722224,1227,54,531.7435897435897,36,3,20,31.593038821954476,0.665798611111111,40.62500000000001,1037.5000000000011,28.819444444444475,0
1316,4,0,0,39,0.0,0.0,1.0,39,650,300,350,0.46153846153846156,10,3,7,348.25994552279565,0.7863810166441746,0.1591826408255963,0.2225391264792292,134581.66099773243,1573.8803854875277,136155.54138321994,1228,55,532.7435897435897,34,5,20,31.561209270307476,0.6703431372549019,40.595238095238095,1037.6190476190475,30.51820728291316,0
1317,4,0,0,39,0.0,0.0,1.0,39,950,700,250,0.7368421052631579,12,7,5,348.63844316704103,0.7860436347278453,0.16320758322822315,0.22372890823103486,134736.11288265302,1594.8377267573655,136330.95060941039,1229,56,533.7435897435897,34,5,21,31.397393265298334,0.671875,40.44642857142857,1038.2142857142853,30.535714285714274,0
1318,4,0,0,39,0.0,0.0,1.0,39,1450,1100,350,0.7586206896551724,18,11,7,347.7498167062366,0.7831196581196581,0.15795365400040562,0.22430248709499812,134921.57206632645,1583.7903911564538,136505.3624574829,1230,57,534.7435897435897,34,5,15,31.235676635728215,0.6737132352941178,40.26785714285714,1038.9285714285706,30.556722689075606,0
1319,4,0,0,39,0.0,0.0,1.0,39,900,600,300,0.6666666666666666,12,6,6,347.9294045165146,0.7826135852451642,0.15354663659748424,0.22537978933517827,135076.2188208616,1599.3976757369499,136675.61649659855,1231,58,535.7435897435897,34,5,17,31.077025118338685,0.6752450980392157,40.11904761904761,1039.5238095238087,30.574229691876727,0
1320,4,0,0,39,0.0,0.0,1.0,39,750,400,350,0.5333333333333333,11,4,7,346.89609368779725,0.7831196581196581,0.15287746026154747,0.22528902441359905,135169.04939058944,1577.9230442176731,136746.9724348071,1232,59,536.7435897435897,34,5,17,31.01149589772944,0.6761642156862746,40.0297619047619,1039.8809523809514,30.584733893557395,0
1321,4,0,0,39,0.0,0.0,1.0,39,1350,1000,350,0.7407407407407407,17,10,7,347.3836479061554,0.7815452091767882,0.15077087404851208,0.22618765390491652,135261.9118480723,1597.555272108813,136859.46712018113,1233,60,537.7435897435897,34,5,19,30.906433585107198,0.6770833333333335,39.940476190476176,1040.2380952380931,30.595238095238035,0
1322,4,0,0,39,0.0,0.0,1.0,39,900,700,200,0.7777777777777778,11,7,4,348.8103678662497,0.7814889788574,0.14911053016099385,0.2273119914081398,135292.87308673456,1638.3113662131357,136931.1844529477,1234,61,538.7435897435897,34,5,19,30.838530342907273,0.677389705882353,39.91071428571428,1040.3571428571418,30.598739495798288,0
1323,4,0,0,39,0.0,0.0,1.0,39,950,700,250,0.7368421052631579,12,7,5,351.051752453154,0.7807017543859649,0.15328148661482,0.22921614424882386,135362.54882812488,1703.8519965277633,137066.40082465264,1235,62,539.7435897435897,35,4,19,30.71091925258592,0.6758928571428573,39.84374999999999,1040.624999999999,29.732142857142833,0
1324,4,0,0,39,0.0,0.0,1.0,39,1000,800,200,0.8,12,8,4,351.82936910578184,0.7783963112910481,0.1551942216156843,0.23033361813129222,135457.78041555063,1731.6050848145355,137189.38550036517,1236,63,540.7435897435897,36,3,20,30.59597216212316,0.6747685185185186,39.75225225225225,1040.9909909909904,28.9164164164164,0
1325,4,0,0,39,0.0,0.0,1.0,39,900,600,300,0.6666666666666666,12,6,6,351.47446216952824,0.7782838506522717,0.1542121769222451,0.23066602921800042,135545.71621875244,1728.1715414738974,137273.88776022632,1237,64,541.7435897435897,36,3,20,30.51778054143686,0.6756365740740742,39.66779279279279,1041.3288288288281,28.925800800800783,0
1326,4,0,0,39,0.0,0.0,1.0,39,1300,1000,300,0.7692307692307693,16,10,6,352.9191698435085,0.7766531713900136,0.146468439610423,0.2323908491742575,135665.5962400278,1775.8835210745447,137441.47976110235,1238,65,542.7435897435897,33,6,20,30.361011449633367,0.6833964646464648,39.55269607843137,1041.789215686274,31.569370172311334,0
1327,4,0,0,39,0.0,0.0,1.0,39,1400,1000,400,0.7142857142857143,18,10,8,352.6451420797815,0.7730544309491678,0.15023878333230867,0.23341749880518847,135850.78124999988,1781.4236111110963,137632.20486111098,1239,66,543.7435897435897,34,5,20,30.184185984545703,0.682904411764706,39.37499999999999,1042.499999999999,30.661764705882327,0
1328,4,0,1,38,0.0,0.02564102564102564,0.9743589743589743,39,450,200,250,0.4444444444444444,7,2,5,354.10281270198686,0.7711426000899685,0.15203137805877498,0.23499550297495495,135943.8775510204,1827.6218820861664,137771.49943310657,1240,67,544.7435897435897,34,5,18,30.053748097412473,0.6838235294117647,39.285714285714285,1042.857142857143,30.672268907563026,0
1329,4,0,0,38,0.0,0.0,1.0,38,1850,1300,550,0.7027027027027027,24,13,11,356.7809151802146,0.7677513039355145,0.1557772323443405,0.23747270765669803,136048.87730980874,2107.928591166864,138156.8059009756,1241,68,553.578947368421,33,5,18,29.87966932926113,0.6871843434343434,39.185049019607845,1043.2598039215688,31.61393345216875,0
1330,4,0,0,38,0.0,0.0,1.0,38,1000,700,300,0.7,13,7,6,353.61824559910156,0.7669511616880038,0.15373636015372982,0.23643015824279037,136208.7373245868,2033.1789455978608,138241.91627018468,1242,69,554.578947368421,33,5,18,29.80355325976364,0.6887626262626263,39.031862745098046,1043.8725490196089,31.632501485442692,0
1331,4,0,0,38,0.0,0.0,1.0,38,600,400,200,0.6666666666666666,8,4,4,355.31508593077274,0.7665659080132764,0.15215215524431414,0.23777920008203102,136240.72059123908,2081.6766688293096,138322.3972600684,1243,70,555.578947368421,33,5,18,29.727545290918336,0.6890782828282827,39.001225490196084,1043.9950980392166,31.636215092097473,0
1332,4,0,0,38,0.0,0.0,1.0,38,1100,900,200,0.8181818181818182,13,9,4,353.975940125096,0.7654990516832623,0.14131226917328465,0.2375262174603205,136336.69291858922,2051.981809880839,138388.67472847007,1244,71,556.578947368421,33,5,18,29.66733161229759,0.6900252525252524,38.90931372549021,1044.362745098041,31.647355912061848,0
1333,4,0,0,38,0.0,0.0,1.0,38,850,600,250,0.7058823529411765,11,6,5,350.64314892372784,0.7652323376007587,0.1430745485414413,0.23592997984015626,136432.6990370291,1967.8382413014288,138400.5372783305,1245,72,557.578947368421,33,5,19,29.659213098729218,0.6909722222222222,38.817401960784316,1044.7303921568632,31.65849673202616,0
1334,4,0,0,38,0.0,0.0,1.0,38,850,600,250,0.7058823529411765,11,6,5,352.7722452426557,0.7637209577999051,0.14950054562242943,0.23783677179262921,136503.125,2030.9027777777785,138534.02777777778,1246,73,558.578947368421,34,4,19,29.533825093035617,0.6893382352941176,38.75,1045.0,30.735294117647058,0
1335,4,0,0,38,0.0,0.0,1.0,38,650,400,250,0.6153846153846154,9,4,5,352.6807739287498,0.7628022759601707,0.14957833600057535,0.23840568713382254,136596.4445153062,2034.9879535147525,138631.43246882097,1247,74,559.578947368421,34,4,19,29.44378013134419,0.6902573529411764,38.66071428571429,1045.3571428571436,30.74579831932775,0
1336,4,0,0,38,0.0,0.0,1.0,38,950,500,450,0.5263157894736842,14,5,9,353.1689973175026,0.7625948316737791,0.14898301530719182,0.23958221169376553,136720.920138889,2057.1180555555666,138778.03819444455,1248,75,560.578947368421,34,4,20,29.30776892430278,0.6914828431372548,38.54166666666667,1045.8333333333342,30.75980392156865,0
1337,4,0,0,38,0.0,0.0,1.0,38,850,600,250,0.7058823529411765,11,6,5,356.0821693556222,0.7613798008534851,0.1495789720259888,0.24244254880050287,136849.11602508667,2145.906021722435,138995.0220468091,1249,76,561.578947368421,33,5,20,29.10468884203951,0.6950757575757575,38.41911764705883,1046.323529411766,31.706773618538364,0
1338,4,0,0,38,0.0,0.0,1.0,38,800,700,100,0.875,9,7,2,356.30995916437524,0.7611723565670934,0.1459033166708783,0.24281969204346385,136881.17438304986,2154.4251309592505,139035.5995140091,1250,77,562.578947368421,33,5,20,29.06700140531677,0.695391414141414,38.388480392156865,1046.446078431373,31.710487225193123,0
1339,4,0,0,38,0.0,0.0,1.0,38,1300,1000,300,0.7692307692307693,16,10,6,355.22390051438396,0.7614094357515411,0.1412565983984293,0.24291127380431518,137001.1975623583,2133.219954648529,139134.41751700683,1251,78,563.578947368421,34,4,16,28.97666969903722,0.6942401960784312,38.273809523809526,1046.9047619047622,30.79131652661065,0
1340,4,0,1,37,0.0,0.02631578947368421,0.9736842105263158,38,1200,900,300,0.75,15,9,6,343.28319001371966,0.7614094357515411,0.1440374045756938,0.2279531927202379,135965.43216574503,1734.9294570901955,137700.36162283522,1252,79,564.578947368421,35,3,16,30.314453630747604,0.681845238095238,39.2650462962963,1042.939814814815,29.798280423280428,3
1341,4,0,0,37,0.0,0.0,1.0,37,900,600,300,0.6666666666666666,12,6,6,346.3038214497341,0.7611986986986987,0.1446911417237826,0.23022109890307815,136005.95946712015,2019.876700680269,138025.83616780041,1253,80,573.8648648648649,34,3,17,30.19549379898045,0.6844362745098038,39.226190476190474,1043.0952380952378,30.679271708683466,0
1342,4,0,1,36,0.0,0.02702702702702703,0.972972972972973,37,1250,900,350,0.72,16,9,7,345.0869951004976,0.7605105105105106,0.1424254778292049,0.23012606122974008,136116.3623113854,1994.3972908093208,138110.7596021947,1254,81,574.8648648648649,35,2,17,30.117753623188406,0.6833333333333333,39.12037037037037,1043.518518518518,29.8148148148148,0
1343,4,0,0,36,0.0,0.0,1.0,36,1100,1000,100,0.9090909090909091,12,10,2,353.14500323179254,0.7605489417989418,0.1425989345509895,0.23435986578109863,135943.87755102038,2401.5802154194994,138345.45776643988,1255,82,562.3611111111111,34,2,17,30.0787195585997,0.6838235294117647,39.285714285714285,1042.8571428571427,30.67226890756302,0
1344,4,0,0,36,0.0,0.0,1.0,36,600,300,300,0.5,9,3,6,352.6025577571005,0.7599867724867725,0.14058161208109854,0.2346132280657153,136037.0057397959,2393.399234693874,138430.40497448976,1256,83,563.3611111111111,34,2,18,30.000427935638484,0.6847426470588236,39.19642857142857,1043.2142857142853,30.682773109243687,0
1345,4,0,0,36,0.0,0.0,1.0,36,800,700,100,0.875,9,7,2,354.74231644703946,0.7590939153439153,0.14345935392261278,0.23624328733600702,136068.0555555555,2453.81944444444,138521.87499999994,1257,84,564.3611111111111,34,2,18,29.91380457933972,0.6850490196078431,39.166666666666664,1043.333333333333,30.686274509803912,0
1346,4,0,0,36,0.0,0.0,1.0,36,1000,700,300,0.7,13,7,6,358.0988452534765,0.7575727513227514,0.14919784063260355,0.23931483804744527,136192.29024943316,2554.0603741496675,138746.35062358284,1258,85,565.3611111111111,34,2,18,29.702944419099744,0.6862745098039216,39.04761904761905,1043.8095238095243,30.700280112044833,0
1347,4,0,0,36,0.0,0.0,1.0,36,850,700,150,0.8235294117647058,10,7,3,357.9661008312692,0.7566798941798942,0.14718010109071633,0.23985643012918736,136285.50347222225,2557.1180555555607,138842.6215277778,1259,86,566.3611111111111,34,2,18,29.61392657621709,0.6871936274509804,38.958333333333336,1044.1666666666667,30.710784313725494,0
1348,4,0,0,36,0.0,0.0,1.0,36,700,300,400,0.42857142857142855,11,3,8,358.7040351570258,0.7565145502645503,0.14693665628245078,0.24098539084745374,136378.7485827665,2583.9214852607734,138962.67006802728,1260,87,567.3611111111111,34,2,19,29.50217498670313,0.6881127450980392,38.86904761904762,1044.5238095238099,30.721288515406172,0
1349,4,0,1,35,0.0,0.027777777777777776,0.9722222222222222,36,1000,600,400,0.6,14,6,8,359.6747945359226,0.7556878306878307,0.1502379957717772,0.24227672077066703,136472.02558106574,2617.1095521541956,139089.13513321994,1261,88,568.3611111111111,34,2,19,29.384328358208975,0.689031862745098,38.779761904761905,1044.8809523809523,30.731792717086833,0
1350,4,0,0,35,0.0,0.0,1.0,35,950,800,150,0.8421052631578947,11,8,3,362.4480683583583,0.7539915966386554,0.14163064240474488,0.24409417305081874,136464.7085856403,2892.274005190331,139356.98259083062,1262,89,567.5428571428571,33,2,19,29.31914144968332,0.6912878787878787,38.78676470588236,1044.8529411764719,31.662210338680964,0
1351,4,0,0,35,0.0,0.0,1.0,35,950,700,250,0.7368421052631579,12,7,5,360.5127989117301,0.75203081232493,0.1369406170999985,0.2443412004061791,136688.88055375346,2855.6181817089696,139544.49873546243,1263,90,568.5428571428571,33,2,19,29.147500878940598,0.6934974747474747,38.57230392156863,1045.7107843137262,31.68820558526443,0
1352,4,0,0,35,0.0,0.0,1.0,35,900,600,300,0.6666666666666666,12,6,6,362.11314701915626,0.7507703081232493,0.13808086904043404,0.24611217580424224,136786.95294166432,2906.4745547390244,139693.42749640334,1264,91,569.5428571428571,32,3,19,29.008499295916305,0.6969401041666666,38.478535353535364,1046.08585858586,32.690183080808126,0
1353,4,0,0,35,0.0,0.0,1.0,35,1000,800,200,0.8,12,8,4,361.4945482789946,0.7502801120448179,0.13455843058835693,0.2461549154961406,136853.0016866903,2894.322805070929,139747.32449176122,1265,92,570.5428571428571,32,3,19,28.95926350508828,0.6975911458333333,38.41540404040405,1046.338383838385,32.69807449494953,0
1354,4,0,0,35,0.0,0.0,1.0,35,600,300,300,0.5,9,3,6,362.10489969504226,0.7500700280112045,0.1351326198231737,0.24703600934750652,136919.06637396693,2915.8129591368224,139834.87933310375,1266,93,571.5428571428571,32,3,19,28.87788032332007,0.6982421875,38.35227272727273,1046.590909090909,32.70596590909091,0
1355,4,0,0,35,0.0,0.0,1.0,35,700,400,300,0.5714285714285714,10,4,6,370.1891087062635,0.7500700280112045,0.1665706429226137,0.2389800695849311,134952.4943310658,2991.588718820867,137944.08304988666,1267,94,572.5428571428571,34,1,13,30.621992438130157,0.6740196078431373,40.23809523809524,1039.0476190476193,30.56022408963586,5
1356,4,0,0,35,0.0,0.0,1.0,35,1050,700,350,0.6666666666666666,14,7,7,369.574400939804,0.7497198879551821,0.16675556719079787,0.23919600404784494,135045.2823837869,2981.855867346942,138027.13825113385,1268,95,573.5428571428571,34,1,13,30.54537471843622,0.6749387254901961,40.148809523809526,1039.4047619047622,30.570728291316534,0
1357,4,0,0,35,0.0,0.0,1.0,35,950,600,350,0.631578947368421,13,6,7,371.4448911625584,0.7488095238095237,0.16304753181327492,0.2410252362120197,135138.10232426305,3039.271541950115,138177.37386621317,1269,96,574.5428571428571,34,1,14,30.40416762079231,0.6758578431372548,40.05952380952381,1039.7619047619048,30.581232492997202,0
1358,4,0,0,35,0.0,0.0,1.0,35,700,500,200,0.7142857142857143,9,5,4,369.52433500534687,0.7481792717086834,0.16245626655331402,0.24060384793418207,135261.91184807266,2996.5136054421896,138258.42545351485,1270,97,575.5428571428571,34,1,14,30.330643930724037,0.6770833333333333,39.9404761904762,1040.238095238096,30.59523809523812,0
1359,4,0,0,35,0.0,0.0,1.0,35,1050,900,150,0.8571428571428571,12,9,3,369.9695691687685,0.7472689075630251,0.15947375947375986,0.24156836575137225,135362.548828125,3016.004774305556,138378.55360243056,1271,98,576.5428571428571,35,0,15,30.218760427093766,0.6758928571428571,39.84375,1040.625,29.732142857142858,0
1360,4,0,0,35,0.0,0.0,1.0,35,650,400,250,0.6153846153846154,9,4,5,372.3852370337174,0.7467086834733893,0.16651100733822544,0.24375784729849,135452.89592978393,3088.1317515432074,138541.02768132713,1272,99,577.5428571428571,35,0,16,30.065877251501007,0.6767857142857143,39.75694444444444,1040.9722222222222,29.74206349206349,0
1361,4,0,0,35,0.0,0.0,1.0,35,950,800,150,0.8421052631578947,11,8,3,376.1901193772005,0.7457282913165265,0.17081877659912337,0.24666226777822864,135513.1440757888,3195.7411694101556,138708.88524519894,1273,100,578.5428571428571,35,0,16,29.906810434267076,0.6773809523809524,39.699074074074076,1041.203703703704,29.748677248677254,0
1362,4,0,0,35,0.0,0.0,1.0,35,1250,800,450,0.64,17,8,9,374.43857178427135,0.7445378151260503,0.17010316009401927,0.24676855273011605,135695.69160997725,3161.9937764200226,138857.68538639726,1274,101,579.5428571428571,34,1,17,29.77057624923827,0.6813725490196079,39.52380952380952,1041.9047619047612,30.644257703081212,0
1363,4,0,0,35,0.0,0.0,1.0,35,800,700,100,0.875,9,7,2,371.24241098908976,0.7434873949579831,0.16877835438493416,0.2450871844493584,135757.7168367347,3079.80442176871,138837.5212585034,1275,102,580.5428571428571,34,1,17,29.792095042266393,0.6819852941176471,39.464285714285715,1042.1428571428573,30.651260504201687,0
1364,4,0,0,35,0.0,0.0,1.0,35,850,700,150,0.8235294117647058,10,7,3,375.5547390519571,0.742156862745098,0.16877986723859562,0.24901468276730432,135912.84190759624,3208.542375283432,139121.38428287968,1276,103,581.5428571428571,34,1,14,29.52534535905925,0.6835171568627452,39.31547619047618,1042.7380952380943,30.668767507002773,0
1365,4,0,0,35,0.0,0.0,1.0,35,1000,1000,0,1.0,10,10,0,377.3562443929918,0.7414565826330531,0.1662272482849645,0.2519636096415355,136161.22626133796,3276.2577947845884,139437.48405612254,1277,104,582.5428571428571,34,1,15,29.231302992281655,0.6859681372549019,39.077380952380956,1043.6904761904768,30.696778711484612,0
1366,4,0,0,35,0.0,0.0,1.0,35,1300,1000,300,0.7692307692307693,16,10,6,379.4682036433422,0.7418067226890755,0.1675517185209321,0.25404092717191673,136254.42885487518,3340.844671201806,139595.27352607698,1278,105,583.5428571428571,34,1,15,29.08352337514253,0.6868872549019608,38.988095238095234,1044.0476190476184,30.707282913165244,0
1367,4,0,0,35,0.0,0.0,1.0,35,1000,700,300,0.7,13,7,6,376.9532231013548,0.7395658263305321,0.1659206736095724,0.2535305358951436,136418.47377614875,3284.676676097381,139703.15045224613,1279,106,584.5428571428571,35,0,15,28.98616958416425,0.6863095238095238,38.83101851851851,1044.6759259259254,29.847883597883584,0
1368,4,0,0,35,0.0,0.0,1.0,35,900,700,200,0.7777777777777778,11,7,4,376.945066831492,0.7389355742296918,0.1637968675842434,0.25439566169569294,136539.41213348755,3293.5715663580113,139832.98369984556,1280,107,585.5428571428571,35,0,15,28.86627906976744,0.6875,38.71527777777777,1045.138888888888,29.861111111111086,0
1369,4,0,0,35,0.0,0.0,1.0,35,950,500,450,0.5263157894736842,14,5,9,375.9369040462156,0.7385154061624649,0.1616570479879842,0.25480794659096423,136690.6604322057,3277.412738983172,139968.07317118888,1281,108,586.5428571428571,35,0,16,28.742505995203842,0.6889880952380953,38.57060185185184,1045.7175925925908,29.87764550264545,0
1370,4,0,0,35,0.0,0.0,1.0,35,650,400,250,0.6153846153846154,9,4,5,373.63768262066407,0.738095238095238,0.16228622008661886,0.25390506582898914,136781.44959919385,3221.3407707475717,140002.79036994142,1282,109,587.5428571428571,35,0,16,28.712565464335775,0.6898809523809525,38.48379629629628,1046.064814814813,29.887566137566086,0
1371,4,0,0,35,0.0,0.0,1.0,35,1100,600,500,0.5454545454545454,16,6,10,371.61241347060337,0.7371848739495798,0.16107687932505477,0.2534026728960176,136902.54870756163,3174.937307098754,140077.4860146604,1283,110,588.5428571428571,35,0,16,28.645487723954876,0.6910714285714287,38.36805555555555,1046.527777777777,29.900793650793627,0
1372,4,0,0,35,0.0,0.0,1.0,35,950,900,50,0.9473684210526315,10,9,1,372.61453924407834,0.7355042016806722,0.1646624022743428,0.2547466747893187,136993.40820312485,3209.147135416651,140202.5553385415,1284,111,589.5428571428571,35,0,15,28.529228855721392,0.6919642857142858,38.28124999999999,1046.8749999999989,29.910714285714253,0
1373,4,0,0,35,0.0,0.0,1.0,35,900,600,300,0.6666666666666666,12,6,6,373.4679649583347,0.7347338935574229,0.1627529597474351,0.25644044634847696,137144.9076753257,3243.84591478051,140388.7535901062,1285,112,590.5428571428571,35,0,15,28.356813996316752,0.6934523809523809,38.13657407407407,1047.453703703703,29.927248677248656,0
1374,4,0,0,35,0.0,0.0,1.0,35,800,400,400,0.5,12,4,8,358.34961893000394,0.7347338935574229,0.1304664071970909,0.22729314356495162,134310.7263803156,2626.0395233196296,136936.76590363524,1286,113,591.5428571428571,35,0,18,31.570083370552332,0.6654761904761903,40.85648148148149,1036.5740740740748,29.61640211640214,6
1375,4,0,1,34,0.0,0.02857142857142857,0.9714285714285714,35,1150,700,450,0.6086956521739131,16,7,9,360.7586899553237,0.7345238095238095,0.129934477975991,0.22976251746195125,134460.73555652,2701.5757619598658,137162.31131847986,1287,114,592.5428571428571,35,0,18,31.357758620689655,0.6669642857142857,40.71180555555555,1037.1527777777771,29.63293650793649,0
1376,4,0,0,34,0.0,0.0,1.0,34,1000,900,100,0.9,11,9,2,365.72395537511704,0.729983660130719,0.14098131503778166,0.23271156868317344,134427.29768990932,3032.656604308393,137459.95429421772,1288,115,606.5882352941177,34,0,18,31.262436383117127,0.6688112745098038,40.74404761904762,1037.0238095238096,30.50070028011205,0
1377,4,0,0,34,0.0,0.0,1.0,34,900,500,400,0.5555555555555556,13,5,8,365.2713476881889,0.7292038027332145,0.1431773076455738,0.2330142403920114,134519.90504535136,3027.253401360531,137547.1584467119,1289,116,607.5882352941177,34,0,18,31.181623441205716,0.6697303921568627,40.6547619047619,1037.3809523809516,30.511204481792696,0
1378,4,0,0,34,0.0,0.0,1.0,34,700,600,100,0.8571428571428571,8,6,2,365.6049304109529,0.7302436125965538,0.14496071252405573,0.23362844873883284,134582.5692792434,3040.813718256895,137623.3829975003,1290,117,608.5882352941177,33,1,18,31.11036474941933,0.6726641414141415,40.59436274509803,1037.6225490196066,31.443107546048683,0
1379,4,0,0,34,0.0,0.0,1.0,34,750,500,250,0.6666666666666666,10,5,5,366.0879637696213,0.7301322043969103,0.14291964719772254,0.2345510630203244,134677.95589436736,3060.795727604749,137738.7516219721,1291,118,609.5882352941177,33,1,18,31.0025580480126,0.6736111111111112,40.50245098039215,1037.99019607843,31.45424836601303,0
1380,4,0,0,34,0.0,0.0,1.0,34,950,600,350,0.631578947368421,13,6,7,364.64282497875615,0.7291666666666667,0.14274009887241057,0.23403439494091033,134741.56574394443,3026.509034986522,137768.07477893095,1292,119,610.5882352941177,33,1,18,30.976550204595533,0.6742424242424243,40.441176470588225,1038.2352941176455,31.46167557932259,0
1381,4,0,0,34,0.0,0.0,1.0,34,800,700,100,0.875,9,7,2,363.8039503750214,0.7294637551990494,0.13925641061239236,0.23390551407268065,134805.19061178388,3008.532175124943,137813.72278690882,1293,120,611.5882352941177,33,1,17,30.934820234442608,0.6748737373737375,40.37990196078431,1038.4803921568623,31.469102792632192,0
1382,4,0,0,34,0.0,0.0,1.0,34,950,700,250,0.7368421052631579,12,7,5,362.34425062299766,0.7289438502673797,0.1410793562708108,0.234198113207547,134996.1553248748,2983.0161476354933,137979.1714725103,1294,121,612.5882352941177,33,1,17,30.782232704402514,0.6767676767676769,40.196078431372534,1039.2156862745078,31.491384432560842,0
1383,4,0,0,34,0.0,0.0,1.0,34,950,700,250,0.7368421052631579,12,7,5,363.41219513174644,0.7290552584670232,0.14470116703996228,0.23550998100096296,135091.6883680555,3018.7934027777724,138110.48177083328,1295,122,613.5882352941177,33,1,17,30.65923513694054,0.6777146464646465,40.104166666666664,1039.583333333333,31.502525252525242,0
1384,4,0,0,34,0.0,0.0,1.0,34,650,500,150,0.7692307692307693,8,5,3,364.6098751688049,0.7278669043374926,0.14287150334500365,0.23670350350476707,135155.3958363368,3055.7984008554185,138211.19423719222,1296,123,614.5882352941177,33,1,18,30.56459929286977,0.6783459595959597,40.042892156862735,1039.8284313725476,31.509952465834775,0
1385,4,0,0,34,0.0,0.0,1.0,34,850,600,250,0.7058823529411765,11,6,5,362.7858650186366,0.7277926322043969,0.13807170842701977,0.23621631062092718,135261.91184807234,3014.2219387754794,138276.13378684781,1297,124,615.5882352941177,34,0,20,30.50588426031891,0.6770833333333335,39.940476190476176,1040.2380952380934,30.59523809523804,0
1386,4,0,0,34,0.0,0.0,1.0,34,750,500,250,0.6666666666666666,10,5,5,365.8534670467223,0.7289067142008319,0.14036362657623158,0.23903520246057114,135385.77806122432,3106.2712585033823,138492.0493197277,1298,125,616.5882352941177,34,0,20,30.302705330587962,0.6783088235294118,39.82142857142856,1040.7142857142844,30.609243697478952,0
1387,4,0,0,34,0.0,0.0,1.0,34,850,800,50,0.9411764705882353,9,8,1,369.0126286326814,0.7284239453357101,0.13925604547136206,0.24172400280095827,135478.7149234691,3198.6713435373795,138677.38626700646,1299,126,617.5882352941177,34,0,20,30.12793024585477,0.6792279411764708,39.73214285714284,1041.0714285714262,30.61974789915959,0
1388,4,0,0,34,0.0,0.0,1.0,34,1100,600,500,0.5454545454545454,16,6,10,368.60526006133335,0.7273841354723708,0.14366347750667363,0.24229357026871534,135602.6803429703,3196.77225056687,138799.45259353716,1300,127,618.5882352941177,34,0,21,30.015096963462494,0.6804534313725491,39.61309523809523,1041.5476190476174,30.633753501400513,0
1389,4,0,0,34,0.0,0.0,1.0,34,1000,600,400,0.6,14,6,8,366.4000000000001,0.7265300059417706,0.14305882352941168,0.24105263157894743,135633.6805555556,3139.2431972789173,138772.9237528345,1301,128,619.5882352941177,32,2,21,30.04166666666668,0.685546875,39.583333333333336,1041.666666666667,32.55208333333334,0
1390,4,0,0,34,0.0,0.0,1.0,34,1150,900,250,0.782608695652174,14,9,5,367.30854526797805,0.724264705882353,0.1390636690775644,0.24276477511506464,135798.13483636867,3175.9630713702572,138974.09790773893,1302,129,620.5882352941177,32,2,21,29.854381183121333,0.6871744791666667,39.425505050505045,1042.2979797979792,32.57181186868685,0
1391,4,0,0,34,0.0,0.0,1.0,34,950,700,250,0.7368421052631579,12,7,5,368.559827812028,0.724041889483066,0.14071126815749935,0.24404157965067474,135863.94444763288,3214.7983942964993,139078.74284192937,1303,130,621.5882352941177,32,2,16,29.756317871704827,0.6878255208333334,39.36237373737374,1042.5505050505049,32.57970328282828,0
1392,4,0,0,34,0.0,0.0,1.0,34,600,500,100,0.8333333333333334,7,5,2,366.2950475822985,0.7237448009506834,0.14072642807269875,0.2429309867402787,135921.0568801661,3157.441999471337,139078.49887963745,1304,131,622.5882352941177,33,1,16,29.758564461158773,0.6859217171717173,39.30759803921568,1042.7696078431359,31.59907902554957,0
1393,4,0,0,34,0.0,0.0,1.0,34,750,500,250,0.6666666666666666,10,5,5,366.16408980379754,0.7245246583481878,0.141459874196447,0.24306212201484528,135953.00635572855,3156.2217656670446,139109.2281213956,1305,132,623.5882352941177,33,1,17,29.73021934978457,0.6862373737373737,39.27696078431372,1042.8921568627447,31.602792632204388,0
1394,4,0,0,34,0.0,0.0,1.0,34,500,400,100,0.8,6,4,2,365.2351479026514,0.722519310754605,0.14433602388323763,0.24288137335526314,136016.9165705497,3135.631728181461,139152.54829873118,1306,133,624.5882352941177,33,1,17,29.69092653508773,0.6868686868686869,39.2156862745098,1043.1372549019602,31.610219845513946,0
1395,4,0,0,34,0.0,0.0,1.0,34,650,300,350,0.46153846153846156,10,3,7,366.00300185262506,0.7230763517528224,0.14512452074194337,0.24404976983360235,136112.81005202318,3163.539413927323,139276.3494659505,1307,134,625.5882352941177,33,1,17,29.57562634566451,0.6878156565656566,39.123774509803916,1043.5049019607836,31.621360665478292,0
1396,4,0,0,34,0.0,0.0,1.0,34,700,500,200,0.7142857142857143,9,5,4,364.47259485388145,0.722073677956031,0.14276513525118095,0.2435743682682036,136192.29024943305,3127.671485260764,139319.96173469382,1308,135,626.5882352941177,34,0,17,29.53661990571775,0.6862745098039216,39.047619047619044,1043.8095238095234,30.700280112044805,0
1397,4,0,0,34,0.0,0.0,1.0,34,500,300,200,0.6,7,3,4,363.6199010513647,0.722073677956031,0.13036509720661105,0.23460955259615465,134932.48540224927,3013.8513493632904,137946.33675161254,1309,136,627.5882352941177,33,1,16,30.81259337894158,0.6761363636363635,40.25735294117648,1038.970588235295,31.483957219251366,3
1398,4,0,0,34,0.0,0.0,1.0,34,550,400,150,0.7272727272727273,7,4,3,363.79076639272256,0.7218879976232918,0.130922070443934,0.23492626871621464,134964.31848627943,3019.7545715590304,137984.07305783845,1310,137,628.5882352941177,33,1,16,30.776403467390026,0.6764520202020201,40.22671568627452,1039.093137254903,31.48767082590615,0
1399,4,0,0,34,0.0,0.0,1.0,34,500,200,300,0.4,8,2,6,367.1366764110537,0.7208853238265004,0.13235640872713206,0.23771399155103495,135059.84026576323,3117.0841743560277,138176.92444011924,1311,138,629.5882352941177,33,1,16,30.59419948125443,0.6773989898989898,40.13480392156863,1039.460784313726,31.498811645870486,0
1400,4,0,0,34,0.0,0.0,1.0,34,1250,900,350,0.72,16,9,7,363.0042131266345,0.719659833630422,0.13001837152067708,0.23566111311243262,135155.39583633703,3012.3956230776707,138167.7914594147,1312,139,630.5882352941177,33,1,16,30.606339618935383,0.6783459595959596,40.04289215686275,1039.8284313725494,31.50995246583483,0
1401,4,0,0,34,0.0,0.0,1.0,34,750,500,250,0.6666666666666666,10,5,5,361.5947589232911,0.7195112893642306,0.12924611343300163,0.23516128114804402,135219.11832288076,2978.904898356421,138198.02322123718,1313,140,631.5882352941177,33,1,16,30.57948921880524,0.6789772727272727,39.98161764705883,1040.0735294117658,31.51737967914442,0
1402,4,0,0,34,0.0,0.0,1.0,34,650,500,150,0.7692307692307693,8,5,3,360.2665966462637,0.7186200237670827,0.12346290536000093,0.23512864505176212,135346.6083507545,2952.1723916282212,138298.78074238275,1314,141,632.5882352941177,33,1,18,30.48705982805324,0.680239898989899,39.85906862745098,1040.563725490196,31.532234105763514,0
1403,4,0,0,34,0.0,0.0,1.0,34,850,700,150,0.8235294117647058,10,7,3,361.9893431755896,0.7165032679738562,0.11956860436935202,0.2370932513705963,135474.15845167733,3008.0403270376887,138482.198778715,1315,142,633.5882352941177,33,1,18,30.31525897586817,0.6815025252525253,39.73651960784314,1041.053921568628,31.54708853238267,0
1404,4,0,0,34,0.0,0.0,1.0,34,700,400,300,0.5714285714285714,10,4,6,363.2716066781472,0.7165032679738562,0.11479830251507472,0.23835666733159971,135537.95602953184,3047.418210544016,138585.37424007585,1316,143,634.5882352941177,33,1,19,30.218385900906206,0.6821338383838385,39.67524509803921,1041.2990196078426,31.5545157456922,0
1405,4,0,0,34,0.0,0.0,1.0,34,900,600,300,0.6666666666666666,12,6,6,365.1200000000001,0.7151663695781343,0.11435294117647077,0.2402105263157894,135633.68055555547,3104.5138888888787,138738.19444444435,1317,144,635.5882352941177,33,1,19,30.074999999999996,0.6830808080808082,39.58333333333333,1041.666666666666,31.565656565656546,0
1406,4,0,0,34,0.0,0.0,1.0,34,750,400,350,0.5333333333333333,11,4,7,363.36104244409665,0.7136437908496732,0.11132057197805634,0.23969425476354944,135729.43887266915,3063.758079825069,138793.1969524942,1318,145,636.5882352941177,33,1,19,30.025554706182128,0.6840277777777778,39.49142156862745,1042.0343137254902,31.576797385620914,0
1407,4,0,0,34,0.0,0.0,1.0,34,1200,800,400,0.6666666666666666,16,8,8,360.361917690177,0.713718062982769,0.10688010212651622,0.23811083693415072,135788.7347647391,2986.6177721088306,138775.35253684793,1319,146,637.5882352941177,34,0,19,30.044736341138396,0.6822916666666667,39.4345238095238,1042.261904761904,30.65476190476188,0
1408,4,1,1,34,0.02857142857142857,0.02857142857142857,0.9714285714285714,35,1100,800,300,0.7272727272727273,14,8,6,350.9246213868452,0.7214985994397759,0.10407823619850687,0.23342314483834947,136025.79417706188,2546.9600640860735,138572.75424114795,1320,0,620.3428571428572,35,0,16,30.055313621065867,0.6824404761904762,39.207175925925924,1043.171296296296,29.804894179894173,0
1409,4,0,0,34,0.0,0.0,1.0,34,750,400,350,0.5333333333333333,11,4,7,360.9518460371593,0.7120098039215687,0.1103822824093672,0.23891574571030996,135850.78124999985,3007.1180555555416,138857.8993055554,1321,148,639.5882352941177,34,0,19,29.96769251265655,0.682904411764706,39.37499999999999,1042.4999999999989,30.66176470588232,0
1410,4,0,0,34,0.0,0.0,1.0,34,900,500,400,0.5555555555555556,13,5,8,360.8649735393268,0.7114156268568034,0.11129728749588663,0.23927451197811964,135912.84190759624,3009.2368197278756,138922.07872732411,1322,149,640.5882352941177,34,0,16,29.9082848118126,0.6835171568627452,39.31547619047618,1042.7380952380943,30.668767507002773,0
1411,4,0,0,34,0.0,0.0,1.0,34,950,600,350,0.631578947368421,13,6,7,360.57883920010653,0.7118612596553774,0.10443307757885756,0.2399204531443076,136037.0057397958,3010.4131235827476,139047.41886337855,1323,150,641.5882352941177,34,0,17,29.79240366693293,0.6847426470588236,39.19642857142856,1043.2142857142846,30.682773109243666,0
1412,4,0,0,34,0.0,0.0,1.0,34,650,500,150,0.7692307692307693,8,5,3,362.1790972723571,0.7116013071895425,0.10146152917018991,0.24161811009813405,136130.1658163265,3060.700113378679,139190.86592970518,1324,151,642.5882352941177,34,0,19,29.65814890866225,0.6856617647058824,39.107142857142854,1043.5714285714282,30.69327731092436,0
1413,4,0,0,34,0.0,0.0,1.0,34,750,600,150,0.8,9,6,3,363.19784493380035,0.7119726678550209,0.09838584156290264,0.24272246222405203,136192.29024943316,3092.9492630385557,139285.23951247171,1325,152,643.5882352941177,34,0,20,29.569884808394146,0.6862745098039216,39.04761904761905,1043.8095238095243,30.700280112044833,0
1414,4,0,0,34,0.0,0.0,1.0,34,900,700,200,0.7777777777777778,11,7,4,363.2097755803452,0.710412953060012,0.095289825916687,0.243583803623149,136316.5816326531,3102.3030045351525,139418.88463718825,1326,153,644.5882352941177,34,0,20,29.446201930384554,0.6875,38.92857142857143,1044.2857142857147,30.714285714285726,0
1415,4,0,0,34,0.0,0.0,1.0,34,850,600,250,0.7058823529411765,11,6,5,362.07520901987147,0.7100044563279858,0.09445759382061247,0.24303640464662105,136347.66333616799,3073.621740362831,139421.28507653082,1327,154,645.5882352941177,34,0,20,29.44498271210912,0.6878063725490196,38.89880952380953,1044.4047619047633,30.71778711484598,0
1416,4,0,0,34,0.0,0.0,1.0,34,1000,800,200,0.8,12,8,4,368.7654270768361,0.7100044563279858,0.12926643432618934,0.21146947255616624,130512.91120001912,2826.2400916248725,133339.151291644,1328,155,646.5882352941177,33,1,18,35.12632925561687,0.6319444444444446,44.546568627450974,1021.8137254901952,30.964052287581673,8
1417,4,0,0,34,0.0,0.0,1.0,34,1150,1000,150,0.8695652173913043,13,10,3,366.95541765582874,0.7121954842543078,0.12274820032292011,0.21128426842667888,130669.48596993937,2789.9751597943055,133459.46112973368,1329,156,647.5882352941177,33,1,19,35.01375903951416,0.6335227272727273,44.393382352941174,1022.4264705882347,30.982620320855595,0
1418,4,0,0,34,0.0,0.0,1.0,34,1200,1000,200,0.8333333333333334,14,10,4,369.5429919718871,0.711712715389186,0.12821669156402393,0.21363884328125424,130826.15460399838,2869.177720107642,133695.332324106,1330,157,648.5882352941177,33,1,19,34.7887717616994,0.6351010101010102,44.24019607843137,1023.0392156862739,31.00118835412951,0
1419,4,0,0,34,0.0,0.0,1.0,34,850,600,250,0.7058823529411765,11,6,5,366.85833124170824,0.7129010695187166,0.1224022543148997,0.2124318353584094,130888.84833958095,2803.5328960015418,133692.3812355825,1331,158,649.5882352941177,33,1,19,34.7939121756487,0.6357323232323233,44.17892156862745,1023.2843137254904,31.008615567439104,0
1420,4,0,0,34,0.0,0.0,1.0,34,750,600,150,0.8,9,6,3,366.1247082397499,0.7129010695187166,0.12018255578093329,0.21235233077905485,130951.5570934255,2788.9201268742654,133740.47722029977,1332,159,650.5882352941177,33,1,19,34.749161877394634,0.6363636363636365,44.11764705882352,1023.5294117647051,31.016042780748638,0
1421,4,0,0,34,0.0,0.0,1.0,34,550,300,250,0.5454545454545454,8,3,5,362.4662770871141,0.7104872251931076,0.11302495863695627,0.21074500661536785,131045.6483834341,2699.925659602059,133745.57404303618,1333,160,651.5882352941177,33,1,19,34.747531418312384,0.6373106060606062,44.02573529411764,1023.8970588235281,31.027183600712974,0
1422,4,0,0,34,0.0,0.0,1.0,34,350,200,150,0.5714285714285714,5,2,3,362.4662770871141,0.7104872251931076,0.11302495863695627,0.21074500661536785,131045.6483834341,2699.925659602059,133745.57404303618,1334,161,652.5882352941177,33,1,19,34.747531418312384,0.6373106060606062,44.02573529411764,1023.8970588235281,31.027183600712974,0
1423,4,0,0,34,0.0,0.0,1.0,34,750,500,250,0.6666666666666666,10,5,5,362.2973886864427,0.710190136660725,0.11415931695162218,0.21099089040087815,131108.39468293445,2700.045805699725,133808.44048863417,1335,162,653.5882352941177,33,1,19,34.68836005743687,0.6379419191919192,43.96446078431372,1024.142156862745,31.034610814022574,0
1424,4,1,0,35,0.02857142857142857,0.0,1.0,35,1000,700,300,0.7,13,7,6,352.431953685209,0.7235294117647059,0.10911021166478707,0.2067536774616497,131389.14399092956,2261.1465419500987,133650.29053287965,1336,0,635.8857142857142,34,1,20,34.6573095680446,0.6384803921568627,43.69047619047618,1025.238095238094,30.154061624649824,0
1425,4,0,0,35,0.0,0.0,1.0,35,650,400,250,0.6153846153846154,9,4,5,352.88165406812146,0.7226890756302521,0.11551280988309442,0.20751368257999075,131480.69905045338,2279.425311791366,133760.12436224474,1337,1,636.8857142857142,34,1,20,34.55334687560457,0.6393995098039216,43.60119047619047,1025.595238095237,30.1645658263305,0
1426,4,0,0,35,0.0,0.0,1.0,35,1150,900,250,0.782608695652174,14,9,5,352.2419260144373,0.7217787114845938,0.11199761241543982,0.20730303514620144,131511.22448979577,2264.7534013605264,133775.9778911563,1338,2,637.8857142857142,34,1,20,34.53893918291549,0.6397058823529412,43.57142857142856,1025.7142857142844,30.168067226890717,0
1427,4,0,1,34,0.0,0.02857142857142857,0.9714285714285714,35,650,300,350,0.46153846153846156,10,3,7,346.1348638636188,0.7224089635854342,0.09475970588708482,0.20640238121189217,132011.1577958893,2138.732826431785,134149.89062232108,1339,3,638.8857142857142,35,0,18,34.191749258550146,0.6425595238095236,43.084490740740755,1027.662037037039,29.361772486772544,3
1428,4,0,0,34,0.0,0.0,1.0,34,1050,700,350,0.6666666666666666,14,7,7,354.13186855208534,0.7081476530005942,0.10464751566559172,0.2102612271162315,131847.2381661,2538.2617630385807,134385.49992913858,1340,167,658.5882352941177,34,0,18,34.151501101193944,0.6430759803921566,43.244047619047635,1027.0238095238115,30.206582633053277,0
1429,4,0,0,34,0.0,0.0,1.0,34,950,500,450,0.5263157894736842,14,5,9,354.0356794591637,0.7078134284016637,0.10475469742834509,0.21037326738110662,131877.80612244914,2537.889739229043,134415.6958616782,1341,168,659.5882352941177,34,0,19,34.12315523103074,0.6433823529411763,43.21428571428572,1027.1428571428585,30.210084033613484,0
1430,4,0,0,34,0.0,0.0,1.0,34,650,600,50,0.9230769230769231,7,6,1,352.89702690422314,0.7059566250742721,0.10852232459248778,0.2103734210108602,132000.11337868485,2516.4895124716545,134516.6028911565,1342,169,660.5882352941177,34,0,19,34.029145427865295,0.6446078431372548,43.095238095238095,1027.619047619048,30.22408963585435,0
1431,4,0,0,34,0.0,0.0,1.0,34,950,700,250,0.7368421052631579,12,7,5,353.58510929821637,0.7060308972073679,0.11016637370723181,0.211124054888022,132061.28826530607,2538.9810090702936,134600.26927437636,1343,170,661.5882352941177,34,0,20,33.949839780711926,0.6452205882352942,43.035714285714285,1027.8571428571424,30.231092436974777,0
1432,4,0,0,34,0.0,0.0,1.0,34,700,600,100,0.8571428571428571,8,6,2,354.8434548936273,0.7055109922756982,0.11535894746877728,0.21256156472754165,132183.68055555547,2580.9027777777737,134764.58333333326,1344,171,662.5882352941177,34,0,21,33.79423284710967,0.6464460784313726,42.916666666666664,1028.3333333333328,30.24509803921567,0
1433,4,0,0,34,0.0,0.0,1.0,34,900,500,400,0.5555555555555556,13,5,8,355.95422524779843,0.7048054070112895,0.11665633958178745,0.21339962192336778,132214.28748582763,2612.4468537414914,134826.7343395691,1345,172,663.5882352941177,34,0,21,33.7348555002508,0.6467524509803921,42.88690476190476,1028.4523809523807,30.248599439775905,0
1434,4,0,0,34,0.0,0.0,1.0,34,750,400,350,0.5333333333333333,11,4,7,355.4138267318243,0.7050653594771242,0.1172385620915033,0.21324829603909456,132244.89795918367,2600.3330498866153,134845.2310090703,1346,173,664.5882352941177,34,0,21,33.71793016975307,0.6470588235294117,42.857142857142854,1028.5714285714284,30.25210084033613,0
1435,4,1,0,35,0.02857142857142857,0.0,1.0,35,650,200,450,0.3076923076923077,11,2,9,349.8324374219009,0.7173669467787115,0.12270753174694948,0.2117844937814459,132581.84700963704,2276.374716553275,134858.22172619033,1347,0,646.5714285714286,34,1,22,33.522617809116475,0.6504289215686274,42.5297619047619,1029.8809523809514,30.29061624649857,0
1436,4,0,0,35,0.0,0.0,1.0,35,500,300,200,0.6,7,3,4,349.48110949948074,0.716736694677871,0.12795404272178001,0.21209042928530886,132673.8166099772,2273.398526077082,134947.21513605426,1348,1,647.5714285714286,34,1,17,33.43925737616516,0.6513480392156863,42.44047619047618,1030.2380952380943,30.301120448179244,0
1437,4,0,0,35,0.0,0.0,1.0,35,850,600,250,0.7058823529411765,11,6,5,348.59548193696264,0.7162464985994397,0.12976094237209868,0.2124200054955776,132827.17013888876,2260.5902777777596,135087.7604166665,1349,2,648.5714285714286,34,1,18,33.3080706009162,0.6528799019607844,42.29166666666666,1030.8333333333321,30.318627450980358,0
1438,4,0,0,35,0.0,0.0,1.0,35,550,400,150,0.7272727272727273,7,4,3,348.84713236509896,0.7168067226890755,0.13312438139227978,0.21274761734378556,132857.85147392284,2269.4160997732383,135127.26757369607,1350,3,649.5714285714286,34,1,18,33.27078521939954,0.6531862745098039,42.26190476190476,1030.9523809523805,30.322128851540604,0
1439,4,0,0,35,0.0,0.0,1.0,35,900,800,100,0.8888888888888888,10,8,2,350.3955005298352,0.7177170868347339,0.13417784155574242,0.21386719028110673,132888.5363520408,2312.7090419501073,135201.24539399092,1351,4,650.5714285714286,34,1,18,33.20007312473539,0.6534926470588236,42.232142857142854,1031.0714285714284,30.325630252100837,0
1440,4,0,0,35,0.0,0.0,1.0,35,650,400,250,0.6153846153846154,9,4,5,352.6940209175805,0.7164565826330531,0.1438002901991824,0.2158009178834686,132980.6122448979,2380.2933673469306,135360.90561224482,1352,5,651.5714285714286,34,1,18,33.04838988919668,0.6544117647058822,42.14285714285714,1031.4285714285709,30.336134453781497,0
1441,4,0,0,35,0.0,0.0,1.0,35,700,500,200,0.7142857142857143,9,5,4,352.6940209175805,0.7164565826330531,0.1438002901991824,0.2158009178834686,132980.6122448979,2380.2933673469306,135360.90561224482,1353,6,652.5714285714286,34,1,18,33.04838988919668,0.6544117647058822,42.14285714285714,1031.4285714285709,30.336134453781497,0
1442,4,0,0,35,0.0,0.0,1.0,35,1050,1000,50,0.9523809523809523,11,10,1,351.60370510809014,0.7162464985994397,0.13871231427609754,0.2153844552321929,133024.10361207562,2354.3535397376518,135378.45715181326,1354,7,653.5714285714286,35,0,19,33.032859306630755,0.6526785714285714,42.10069444444444,1031.5972222222222,29.474206349206348,0
1443,4,0,0,35,0.0,0.0,1.0,35,350,200,150,0.5714285714285714,5,2,3,352.5116148630178,0.7170868347338935,0.14215840251290168,0.21611337929084862,133053.9547432269,2380.61289008915,135434.56763331607,1355,8,654.5714285714286,35,0,19,32.9794891930297,0.6529761904761905,42.07175925925925,1031.712962962962,29.477513227513196,0
1444,4,0,0,35,0.0,0.0,1.0,35,1350,1000,350,0.7407407407407407,17,10,7,351.5654849283114,0.7161064425770307,0.1432158872517617,0.2165721081188218,133233.13185871064,2368.0341220850573,135601.1659807957,1356,9,655.5714285714286,35,0,21,32.824177877428994,0.6547619047619048,41.89814814814815,1032.407407407408,29.497354497354518,0
1445,4,0,0,35,0.0,0.0,1.0,35,550,300,250,0.5454545454545454,8,3,5,350.30791404908456,0.7157563025210083,0.1434143529637817,0.21614434364771323,133292.88435570986,2338.7104552469164,135631.59481095677,1357,10,656.5714285714286,35,0,21,32.79673839946202,0.6553571428571429,41.84027777777778,1032.6388888888887,29.50396825396825,0
1446,4,0,0,35,0.0,0.0,1.0,35,550,400,150,0.7272727272727273,7,4,3,349.33974047693164,0.7152661064425769,0.14407376576807374,0.21589389501496783,133352.6502486282,2317.076045953356,135669.72629458155,1358,11,657.5714285714286,35,0,21,32.76184072911998,0.655952380952381,41.782407407407405,1032.8703703703698,29.51058201058199,0
1447,4,1,1,35,0.027777777777777776,0.027777777777777776,0.9722222222222222,36,1050,800,250,0.7619047619047619,13,8,5,340.9523138603531,0.728670634920635,0.13579070302194185,0.2122225893933492,133617.71981018176,1911.4541484051613,135529.17395858694,1359,0,640.2777777777778,36,0,21,32.7131666848201,0.6565393518518519,41.5259009009009,1033.896396396396,28.719344344344336,0
1448,4,0,0,35,0.0,0.0,1.0,35,700,400,300,0.5714285714285714,10,4,6,346.86757397651735,0.714985994397759,0.14512877939529667,0.21540524586997936,133532.02830289784,2263.586141117973,135795.6144440158,1360,13,659.5714285714286,35,0,21,32.64604329973871,0.6577380952380951,41.6087962962963,1033.5648148148152,29.530423280423292,0
1449,4,0,0,35,0.0,0.0,1.0,35,1000,700,300,0.7,13,7,6,352.5797992495578,0.7137955182072828,0.1583479845283382,0.2203747024959824,133771.38658479083,2433.0177254801138,136204.40431027094,1361,14,660.5714285714286,35,0,16,32.25880137241739,0.6601190476190476,41.37731481481482,1034.490740740741,29.556878306878318,0
1450,4,0,1,34,0.0,0.02857142857142857,0.9714285714285714,35,550,300,250,0.5454545454545454,8,3,5,352.28844491559505,0.7142156862745097,0.1545962871840756,0.22090906552841874,133891.1461012517,2433.660729595341,136324.80683084705,1362,15,661.5714285714286,35,0,17,32.146518303138755,0.6613095238095238,41.261574074074076,1034.9537037037037,29.57010582010582,0
1451,4,0,0,34,0.0,0.0,1.0,34,900,700,200,0.7777777777777778,11,7,4,358.4627599038722,0.7136809269162211,0.12443111734932555,0.19909799074178933,129263.69214965405,2478.50993660143,131742.20208625548,1363,16,660.3823529411765,33,1,18,36.658933879649695,0.6193181818181819,45.77205882352941,1016.9117647058829,30.81550802139039,8
1452,4,1,0,35,0.02857142857142857,0.0,1.0,35,900,500,400,0.5555555555555556,13,5,8,343.3480068518267,0.7243697478991596,0.12244420295912417,0.19113411847223843,129352.72285997734,1882.5999149659892,131235.3227749433,1364,0,642.4857142857143,34,1,20,36.9526526233665,0.617953431372549,45.68452380952381,1017.2619047619048,29.919467787114847,4
1453,4,2,1,36,0.05405405405405406,0.02702702702702703,0.972972972972973,37,750,600,150,0.8,9,6,3,327.98493573885935,0.7502502502502503,0.11516279236469318,0.184687970348534,129803.1577819375,1114.6960727619685,130917.85385469947,1365,0,608.7027027027027,36,1,18,36.886442332486084,0.6183449074074073,45.242117117117125,1019.0315315315328,28.306431431431466,0
1454,4,0,0,36,0.0,0.0,1.0,36,1050,900,150,0.8571428571428571,12,9,3,334.0149965916835,0.7355158730158731,0.11707566462167662,0.1877394636015326,129731.44531250016,1466.4496527777928,131197.89496527796,1366,1,626.6111111111111,35,1,18,36.80555555555554,0.6196428571428572,45.31250000000001,1018.7500000000013,29.107142857142893,0
1455,4,0,0,36,0.0,0.0,1.0,36,800,600,200,0.75,10,6,4,333.2847702492099,0.734755291005291,0.11825667234525872,0.18775255291390242,129819.89354263127,1453.3986786265557,131273.2922212578,1367,2,627.6111111111111,35,1,18,36.73445485519593,0.6205357142857142,45.22569444444445,1019.097222222223,29.11706349206351,0
1456,4,0,0,36,0.0,0.0,1.0,36,850,700,150,0.8235294117647058,10,7,3,336.81295428728413,0.7351521164021164,0.1269300635785655,0.19016977572835891,129908.3719135803,1550.9645061728484,131459.33641975315,1368,3,628.6111111111111,35,1,18,36.55483651226158,0.6214285714285714,45.13888888888889,1019.4444444444448,29.126984126984137,0
1457,4,0,0,36,0.0,0.0,1.0,36,950,800,150,0.8421052631578947,11,8,3,337.7084868990601,0.7355820105820107,0.1319925110632021,0.1913970993595766,130055.90284475735,1584.196432398832,131640.09927715617,1369,4,629.6111111111111,35,1,18,36.3824511138848,0.6229166666666666,44.99421296296296,1020.0231481481479,29.143518518518512,0
1458,4,0,0,36,0.0,0.0,1.0,36,1300,1000,300,0.7692307692307693,16,10,6,336.36377806360224,0.7357473544973545,0.12752324790201897,0.19135843838482874,130203.51750042869,1559.1494127229107,131762.6669131516,1370,5,630.6111111111111,35,1,20,36.26719966734711,0.6244047619047619,44.84953703703704,1020.601851851852,29.16005291005291,0
1459,4,0,0,36,0.0,0.0,1.0,36,1150,700,450,0.6086956521739131,16,7,9,336.44908867942456,0.7374338624338624,0.12713929502436772,0.19213529510799765,130351.21588059411,1571.3095582561657,131922.52543885028,1371,6,631.6111111111111,35,1,20,36.115479428765724,0.6258928571428571,44.70486111111111,1021.1805555555554,29.176587301587297,0
1460,4,0,0,36,0.0,0.0,1.0,36,1000,700,300,0.7,13,7,6,337.78359870249255,0.736739417989418,0.11721051438930452,0.19333839443243822,130439.87509645052,1612.0900848765325,132051.96518132705,1372,7,632.6111111111111,35,1,22,35.99167233174711,0.6267857142857143,44.61805555555555,1021.5277777777769,29.186507936507912,0
1461,4,0,0,36,0.0,0.0,1.0,36,850,700,150,0.8235294117647058,10,7,3,337.15488492946884,0.7355158730158731,0.11864454761635179,0.1937159914646804,130587.7074358067,1605.6566947445071,132193.3641305512,1373,8,633.6111111111111,35,1,16,35.8581748008908,0.6282738095238096,44.473379629629626,1022.1064814814811,29.203042328042315,0
1462,4,0,0,36,0.0,0.0,1.0,36,700,500,200,0.7142857142857143,9,5,4,339.5615043363026,0.7366402116402117,0.11776859504132275,0.19539718357019922,130646.86381440744,1672.5291227280381,132319.39293713548,1374,9,634.6111111111111,35,1,17,35.7368438431639,0.6288690476190477,44.41550925925925,1022.3379629629618,29.20965608465605,0
1463,4,0,0,36,0.0,0.0,1.0,36,750,700,50,0.9333333333333333,8,7,1,338.9394127193222,0.7362433862433863,0.11621392190152835,0.19533788071593028,130706.03358892743,1660.2852527006112,132366.31884162803,1375,10,635.6111111111111,35,1,17,35.69291171477078,0.6294642857142857,44.357638888888886,1022.5694444444441,29.21626984126983,0
1464,4,0,0,36,0.0,0.0,1.0,36,1100,800,300,0.7272727272727273,14,8,6,338.1755430660595,0.7355158730158731,0.11245899785092206,0.1957963311229227,130883.62328800143,1652.3280767746785,132535.95136477612,1376,11,636.6111111111111,35,1,17,35.532957244655584,0.6312500000000001,44.18402777777777,1023.263888888888,29.236111111111086,0
1465,4,0,0,36,0.0,0.0,1.0,36,1100,900,200,0.8181818181818182,13,9,4,338.66071149126697,0.7366732804232805,0.11702849389416592,0.1965298774559557,130972.46334876542,1671.0455246913568,132643.50887345677,1377,12,637.6111111111111,35,1,17,35.43080054274084,0.6321428571428571,44.09722222222222,1023.6111111111111,29.246031746031747,0
1466,4,0,0,36,0.0,0.0,1.0,36,300,200,100,0.6666666666666666,4,2,2,338.06656186710194,0.7366402116402117,0.11549112693568464,0.19663871616293557,131061.33355034718,1661.490885416662,132722.82443576385,1378,13,638.6111111111111,35,1,17,35.35626483553747,0.6330357142857144,44.010416666666664,1023.9583333333329,29.25595238095237,0
1467,4,0,0,36,0.0,0.0,1.0,36,1200,1100,100,0.9166666666666666,13,11,2,338.7635279269341,0.7389219576719577,0.11353366470854076,0.19780572224335216,131209.51753257882,1689.799811385459,132899.31734396427,1379,14,639.6111111111111,35,1,17,35.188846211778895,0.6345238095238095,43.86574074074074,1024.5370370370367,29.272486772486765,0
1468,4,0,0,36,0.0,0.0,1.0,36,1150,800,350,0.6956521739130435,15,8,7,329.64079738013396,0.7413359788359789,0.0957717059952583,0.1932249200791426,131357.78523930462,1460.1770136745436,132817.96225297917,1380,15,640.6111111111111,35,1,21,35.27306556019721,0.6360119047619048,43.72106481481481,1025.11574074074,29.289021164021143,2
1469,4,1,1,36,0.02702702702702703,0.02702702702702703,0.972972972972973,37,850,600,250,0.7058823529411765,11,6,5,324.47017392125156,0.75243993993994,0.09530255131573151,0.19047717173133408,131414.71021274634,1128.0307757081255,132542.74098845446,1381,0,624.2702702702703,36,1,22,35.34825187625849,0.6345486111111112,43.66554054054053,1025.3378378378363,28.481606606606565,2
1470,4,1,1,36,0.02702702702702703,0.02702702702702703,0.972972972972973,37,900,500,400,0.5555555555555556,13,5,8,323.495963807616,0.7553803803803804,0.09313892788143341,0.19019223643614958,131472.44953991144,1106.1613556123589,132578.6108955238,1382,0,625.2432432432432,36,1,22,35.315096445957316,0.6351273148148149,43.60923423423423,1025.5630630630624,28.487862862862844,0
1471,4,1,0,37,0.02702702702702703,0.0,1.0,37,1350,1200,150,0.8888888888888888,15,12,3,324.97435270479946,0.7552552552552553,0.10179695771707187,0.19193073727795426,131645.74361100947,1156.2980632659433,132802.04167427542,1383,0,626.2162162162163,36,1,21,35.10278356926001,0.636863425925926,43.4403153153153,1026.238738738737,28.506631631631585,0
1472,4,0,0,37,0.0,0.0,1.0,37,900,600,300,0.6666666666666666,12,6,6,326.49153905616964,0.7540665665665666,0.10336392344072043,0.19311942754685144,131703.53366457653,1200.0178810567118,132903.55154563324,1384,1,627.2162162162163,36,1,21,35.005714024501756,0.6374421296296298,43.384009009009,1026.4639639639622,28.51288788788784,0
1473,4,0,0,37,0.0,0.0,1.0,37,1100,800,300,0.7272727272727273,14,8,6,324.5224492151433,0.7528778778778779,0.10311166429587515,0.19268520422149116,131848.06428049656,1157.5313489164678,133005.59562941303,1385,2,628.2162162162163,36,1,21,34.910910087719294,0.6388888888888891,43.243243243243235,1027.0270270270257,28.528528528528494,0
1474,4,1,0,38,0.02631578947368421,0.0,1.0,38,800,500,300,0.625,11,5,6,318.0566314109663,0.7605203888098625,0.11013562062152027,0.19018488368043457,132116.035703293,804.0762542320418,132920.11195752502,1386,0,612.6578947368421,37,1,22,34.80784271899889,0.6396396396396398,42.98245614035086,1028.0701754385939,27.785680417259293,0
1475,4,0,0,38,0.0,0.0,1.0,38,1000,700,300,0.7,13,7,6,319.6909029210898,0.7591868183973447,0.10956356352986751,0.19187590277048866,132256.98201610078,856.2707996690945,133113.25281576987,1387,1,613.6578947368421,37,1,23,34.62439594215258,0.6410472972972974,42.84539473684209,1028.618421052629,27.80049786628727,0
1476,4,0,0,38,0.0,0.0,1.0,38,750,400,350,0.5333333333333333,11,4,7,320.60959904573247,0.7577643432906591,0.10895123880253754,0.19271491786329922,132313.38158135168,884.1880434364107,133197.5696247881,1388,2,614.6578947368421,37,1,23,34.544188958755186,0.6416103603603605,42.79057017543858,1028.8377192982434,27.80642484589847,0
1477,4,0,0,38,0.0,0.0,1.0,38,1450,1100,350,0.7586206896551724,18,11,7,321.4989789573231,0.7563715030820294,0.10516241933719783,0.19428057928663606,132513.9259825704,920.6454317973258,133434.57141436773,1389,3,615.6578947368421,36,2,23,34.32019942396734,0.6455439814814815,42.59572072072072,1029.6171171171168,28.600475475475466,0
1478,4,0,0,38,0.0,0.0,1.0,38,900,600,300,0.6666666666666666,12,6,6,318.1642087088435,0.755452821242295,0.09889638945687818,0.19297306267395634,132652.03145438977,841.0257242613045,133493.05717865107,1390,4,616.6578947368421,37,1,21,34.26767340784107,0.6449887387387387,42.46162280701754,1030.1535087719294,27.84198672356566,0
1479,4,0,0,38,0.0,0.0,1.0,38,950,500,450,0.5263157894736842,14,5,9,318.4857086106404,0.7558677098150782,0.10214692492482413,0.19375062622857014,132765.01092884332,856.7517168744089,133621.7626457177,1391,5,617.6578947368421,37,1,21,34.14625226087882,0.6461148648648649,42.35197368421052,1030.5921052631566,27.853840682788015,0
1480,4,0,0,38,0.0,0.0,1.0,38,1200,900,300,0.75,15,9,6,317.2329354147536,0.755423186344239,0.10669856459330163,0.19386457164234946,132934.57031249997,834.2447916666661,133768.81510416663,1392,6,618.6578947368421,37,1,21,34.008838383838395,0.6478040540540541,42.1875,1031.2499999999998,27.871621621621614,0
1481,4,0,0,38,0.0,0.0,1.0,38,850,400,450,0.47058823529411764,13,4,9,317.4675482437875,0.7558677098150782,0.10567713927676325,0.19444887329931979,133019.39058171748,845.8679593721199,133865.2585410896,1393,7,619.6578947368421,37,1,21,33.917942176870774,0.6486486486486486,42.10526315789474,1031.5789473684213,27.880512091038412,0
1482,4,0,0,38,0.0,0.0,1.0,38,1050,700,350,0.6666666666666666,14,7,7,317.9486165043494,0.7563122332859175,0.10911922777936223,0.19518685126695573,133104.23790252768,864.0616583948879,133968.29956092258,1394,8,620.6578947368421,37,1,21,33.82068412850211,0.6494932432432432,42.02302631578947,1031.9078947368419,27.889402560455185,0
1483,4,0,0,38,0.0,0.0,1.0,38,1300,900,400,0.6923076923076923,17,9,8,319.3225692918942,0.7549490279753438,0.10983775143497487,0.19692604027647495,133274.01369892678,911.4800948368977,134185.4937937637,1395,9,621.6578947368421,37,1,22,33.6155136101377,0.6511824324324322,41.85855263157896,1032.5657894736858,27.907183499288806,0
1484,4,0,0,38,0.0,0.0,1.0,38,900,600,300,0.6666666666666666,12,6,6,321.7411964509821,0.7527856804172594,0.11139103330391298,0.19917513488575259,133415.57618690372,985.0574215143183,134400.63360841805,1396,10,622.6578947368421,37,1,23,33.41160758508455,0.6525900900900901,41.72149122807018,1033.11403508772,27.922000948316754,0
1485,4,1,1,38,0.02564102564102564,0.02564102564102564,0.9743589743589743,39,1250,800,450,0.64,17,8,9,314.8675111021906,0.760233918128655,0.10680498466758048,0.1964173521637475,133698.92659279786,619.501673591886,134318.42826638973,1397,0,607.6666666666666,37,2,24,33.30638606163415,0.6554054054054053,41.44736842105264,1034.21052631579,27.951635846372703,0
1486,4,0,0,38,0.0,0.0,1.0,38,900,600,300,0.6666666666666666,12,6,6,354.7356060738632,0.7534672830725463,0.12500493332957396,0.2058083830142647,130963.11034404836,1691.455664242861,132654.5660082912,1398,12,624.6578947368421,37,1,19,35.028901089091235,0.6280968468468466,44.106359649122815,1023.5745614035103,27.664177335230008,8
1487,4,1,1,38,0.02564102564102564,0.02564102564102564,0.9743589743589743,39,950,600,350,0.631578947368421,13,6,7,347.0028644503576,0.7637764282501125,0.12222997521715029,0.2028095352189755,131246.00643080237,1308.5480358317175,132554.5544666341,1399,0,609.6153846153846,38,1,20,34.94096027525806,0.629111842105263,43.83012820512822,1024.6794871794893,26.96524966261814,0
1488,4,1,1,38,0.02564102564102564,0.02564102564102564,0.9743589743589743,39,1150,700,450,0.6086956521739131,16,7,9,347.8578169235607,0.7615272154745839,0.11559577677224753,0.20404457893571487,131384.32618690384,1340.6386591869154,132724.96484609076,1400,0,610.5897435897435,37,2,20,34.77941176470589,0.6323198198198197,43.6951754385965,1025.2192982456154,27.70862968231393,0
1489,4,1,1,38,0.02564102564102564,0.02564102564102564,0.9743589743589743,39,1200,900,300,0.75,15,9,6,346.462284625965,0.7606275303643725,0.1176844679089708,0.2038244157478791,131496.7646295015,1311.733898891979,132808.49852839348,1401,0,611.5641025641025,37,2,20,34.701731879409884,0.6334459459459458,43.58552631578948,1025.657894736843,27.720483641536298,0
1490,4,0,0,38,0.0,0.0,1.0,38,1050,900,150,0.8571428571428571,12,9,3,355.89465278255284,0.753022759601707,0.07708384130412038,0.2029271020205428,130291.32806793306,1677.0752627768481,131968.4033307099,1402,16,628.6578947368421,36,2,20,35.67978343995883,0.6232638888888888,44.76351351351353,1020.9459459459482,28.359609609609674,3
1491,4,1,2,37,0.02564102564102564,0.05128205128205128,0.9487179487179487,39,1100,800,300,0.7272727272727273,14,8,6,345.6928566046337,0.7611898335582546,0.0713063665219853,0.19867748515834774,130598.6036568947,1229.4008733456792,131828.00453024037,1403,0,613.5128205128206,37,2,15,35.62897804476866,0.6244369369369367,44.46271929824563,1022.1491228070198,27.625651967757292,0
1492,4,0,0,37,0.0,0.0,1.0,37,650,300,350,0.46153846153846156,10,3,7,362.08762121102995,0.73998998998999,0.09013297554610022,0.20677663960808515,130351.21588059407,2039.7123360339424,132390.928216628,1404,18,647.1351351351351,35,2,21,35.460940156409386,0.6258928571428571,44.70486111111111,1021.1805555555551,29.17658730158729,0
1493,4,0,0,37,0.0,0.0,1.0,37,800,500,300,0.625,11,5,6,362.5363613124677,0.7392392392392393,0.09406777584474768,0.20719046970344648,130380.7656035665,2053.553669410147,132434.31927297666,1405,19,648.1351351351351,35,2,21,35.41949984889694,0.6261904761904762,44.675925925925924,1021.2962962962961,29.179894179894173,0
1494,4,2,1,38,0.05128205128205128,0.02564102564102564,0.9743589743589743,39,950,600,350,0.631578947368421,13,6,7,346.3306175615472,0.7570287899235268,0.09132194281663941,0.2006395812353767,130906.99932912047,1267.420384156662,132174.41971327714,1406,0,615.8461538461538,37,2,16,35.300702703667994,0.6275337837837838,44.161184210526315,1023.3552631578945,27.65825035561877,0
1495,4,1,0,39,0.02564102564102564,0.0,1.0,39,700,600,100,0.8571428571428571,8,6,2,346.25376695089113,0.7550044984255511,0.10001685677361372,0.2012219435227648,131027.14913662433,1273.7287922784758,132300.8779289028,1407,0,616.8205128205128,38,1,18,35.18122369473721,0.6269188596491228,44.04380341880342,1023.8247863247865,26.942757534862803,0
1496,4,1,1,39,0.025,0.025,0.975,40,650,300,350,0.46153846153846156,10,3,7,339.2360640584455,0.7663728632478632,0.09548897021449654,0.19828075829726274,131248.0590820314,904.8149956597373,132152.87407769114,1408,0,602.375,39,1,18,35.1378511402528,0.627403846153846,43.82812500000001,1024.6875000000011,26.274038461538492,0
1497,4,1,1,39,0.025,0.025,0.975,40,1100,700,400,0.6363636363636364,15,7,8,341.7291654013251,0.7607905982905983,0.08895423438836625,0.20074441927344158,131440.53939673738,983.4619937144062,132424.0013904518,1409,0,603.35,37,3,19,34.879793983461646,0.632882882882883,43.64035087719298,1025.4385964912276,27.71455666192507,0
1498,4,1,0,40,0.025,0.0,1.0,40,1000,800,200,0.8,12,8,4,339.98557235736763,0.7614316239316239,0.10403846153846197,0.20090056548389876,131665.51246537376,952.8749230532289,132618.38738842699,1410,0,604.325,37,3,16,34.697738603988604,0.6351351351351353,43.42105263157894,1026.3157894736826,27.738264580369798,0
1499,4,0,0,40,0.0,0.0,1.0,40,900,600,300,0.6666666666666666,12,6,6,341.9328095080995,0.7612179487179487,0.10785622730185862,0.20234987121459075,131721.78578985826,1008.0000577100498,132729.7858475683,1411,1,605.325,37,3,16,34.591077405112884,0.6356981981981983,43.36622807017543,1026.535087719297,27.744191559981,0
1500,4,0,0,40,0.0,0.0,1.0,40,950,700,250,0.7368421052631579,12,7,5,339.0309308099235,0.7607104700854701,0.1077317174659318,0.20130354156119787,131848.80566741532,940.1646623201007,132788.97032973543,1412,2,606.325,38,2,16,34.537648670203545,0.6351425438596492,43.24252136752136,1027.0299145299136,27.027103013945094,0
1501,4,0,0,40,0.0,0.0,1.0,40,850,500,350,0.5882352941176471,12,5,7,337.49019763234327,0.7619658119658119,0.1080958818635609,0.2008233750267705,131931.11257213814,905.0914511651607,132836.2040233033,1413,3,607.325,38,2,17,34.494375693288966,0.6359649122807018,43.16239316239316,1027.3504273504268,27.035537561853335,0
1502,4,1,1,40,0.024390243902439025,0.024390243902439025,0.975609756097561,41,1000,900,100,0.9,11,9,2,334.5694600224327,0.7704776422764228,0.10590923124421137,0.20084336885845086,132264.03130425327,650.3011067708136,132914.33241102408,1414,0,593.4878048780488,39,2,18,34.23470464135021,0.6375534188034189,42.83854166666666,1028.6458333333317,26.375534188034145,0
1503,4,0,0,40,0.0,0.0,1.0,40,900,700,200,0.7777777777777778,11,7,4,345.3058994544502,0.7638087606837607,0.11658616391399201,0.20711899651389326,132233.12428090052,1132.1755834976714,133365.2998643982,1415,1,609.15,38,2,18,33.989690453931644,0.6389802631578949,42.86858974358973,1028.5256410256393,27.066464237516822,0
1504,4,0,0,40,0.0,0.0,1.0,40,1200,900,300,0.75,15,9,6,347.3435042228625,0.7622596153846154,0.11902450420517097,0.20894848776829392,132343.03232750733,1193.6985216231853,133536.73084913052,1416,2,610.15,38,2,18,33.82674869345517,0.640076754385965,42.76175213675213,1028.9529914529903,27.077710301394482,0
1505,4,1,1,40,0.024390243902439025,0.024390243902439025,0.975609756097561,41,1200,800,400,0.6666666666666666,16,8,8,336.1104476341144,0.7654979674796748,0.10808513437276313,0.2036732134280637,132618.00219382334,714.8706306158065,133332.87282443914,1417,0,596.2439024390244,38,3,18,33.83963454690039,0.6428179824561404,42.49465811965811,1030.021367521366,27.105825461088582,0
1506,4,1,1,40,0.024390243902439025,0.024390243902439025,0.975609756097561,41,900,700,200,0.7777777777777778,11,7,4,335.1656163914839,0.769969512195122,0.10827912717119736,0.2035476829017298,132700.54879830507,695.3322466944123,133395.8810449995,1418,0,597.219512195122,38,3,15,33.78115062906126,0.6436403508771931,42.41452991452991,1030.3418803418792,27.114260008996823,0
1507,4,0,0,40,0.0,0.0,1.0,40,600,400,200,0.6666666666666666,8,4,4,340.23365898961436,0.7632211538461539,0.10709495422610193,0.20620354790635048,132623.79410010754,1024.6157471529482,133648.40984726048,1419,5,613.15,37,3,21,33.72764530551414,0.6447072072072073,42.48903508771929,1030.0438596491213,27.839023233760035,0
1508,4,0,0,40,0.0,0.0,1.0,40,850,600,250,0.7058823529411765,11,6,5,338.7835484730871,0.7631944444444444,0.1007422581675006,0.20578855882363253,132708.51518015141,991.8923370652351,133700.40751721666,1420,6,614.15,37,3,15,33.67996435032458,0.6455518018018018,42.40679824561403,1030.3728070175425,27.847913703176825,0
1509,4,0,1,39,0.0,0.025,0.975,40,900,600,300,0.6666666666666666,12,6,6,326.8511624915255,0.762633547008547,0.01992691315563211,0.18542824486714343,130094.74068944287,517.0226656278833,130611.76335507075,1421,7,615.15,37,3,20,36.62000214961306,0.6193693693693694,44.95614035087719,1020.1754385964911,27.572309151256515,8
1510,4,1,1,39,0.025,0.025,0.975,40,700,500,200,0.7142857142857143,9,5,4,326.51446400723466,0.7599893162393162,0.02390381515314366,0.18537017007854292,130122.70752779701,497.3892207217606,130620.09674851877,1422,0,615.95,37,3,20,36.60028210639442,0.6196509009009008,44.92872807017544,1020.2850877192983,27.575272641062117,0
1511,4,1,0,40,0.025,0.0,1.0,40,750,400,350,0.5333333333333333,11,4,7,326.78452478324266,0.7600694444444445,0.030318006016329946,0.18592361593413348,130206.6260772546,509.90208525700837,130716.5281625116,1423,0,616.925,37,3,22,36.508469416988966,0.6204954954954953,44.84649122807018,1020.6140350877198,27.584163110478915,0
1512,4,0,0,40,0.0,0.0,1.0,40,800,600,200,0.75,10,6,4,328.2392154084149,0.7611912393162393,0.0276417525773196,0.18728943467421336,130318.55955678683,555.1323484149108,130873.69190520175,1424,1,617.925,37,3,22,36.358104238258896,0.6216216216216215,44.736842105263165,1021.0526315789484,27.596017069701308,0
1513,4,0,0,40,0.0,0.0,1.0,40,1150,900,250,0.782608695652174,14,9,5,326.8853651598445,0.7619658119658119,0.02190854443967405,0.18705553205338524,130430.54112803943,527.1670129270622,130957.7081409665,1425,2,618.925,37,3,22,36.27942965507371,0.6227477477477477,44.627192982456144,1021.4912280701757,27.607871028923668,0
1514,4,0,0,40,0.0,0.0,1.0,40,900,600,300,0.6666666666666666,12,6,6,326.1928050306343,0.7612980769230769,0.02179150123403817,0.1870640461587989,130514.5588666705,514.5820108110184,131029.14087748152,1426,3,619.925,37,3,15,36.21219640877061,0.6235923423423423,44.54495614035088,1021.8201754385964,27.61676149834044,0
1515,4,2,2,40,0.047619047619047616,0.047619047619047616,0.9523809523809523,42,1150,800,350,0.6956521739130435,15,8,7,317.6602172332229,0.7831010452961672,0.017748213559519277,0.18554073020819353,131221.37586805545,-60.710026161900714,131160.66584189355,1427,0,591.3571428571429,39,3,19,35.71743256066152,0.6271367521367521,43.854166666666664,1024.5833333333326,26.2713675213675,3
1516,4,0,0,40,0.0,0.0,1.0,40,1100,900,200,0.8181818181818182,13,9,4,332.69424383610624,0.7615384615384615,0.018016701461378126,0.1929304392221486,130945.1247351887,712.9378515596344,131658.06258674833,1428,5,621.925,38,2,19,35.61108211551844,0.6260964912280702,44.12393162393162,1023.5042735042724,26.934322986954538,0
1517,4,1,0,41,0.024390243902439025,0.0,1.0,41,850,500,350,0.5882352941176471,12,5,7,326.7380679127078,0.7666158536585366,0.02285748299825907,0.19057782680033028,131168.017578125,371.51692708333303,131539.53450520834,1429,0,607.7317073170732,39,2,20,35.53869229204799,0.6266025641025641,43.90625,1024.375,26.266025641025642,0
1518,4,0,0,41,0.0,0.0,1.0,41,1150,800,350,0.6956521739130435,15,8,7,327.5166898010443,0.7640243902439025,0.029744199881022837,0.19183120402632578,131328.12499999988,402.52821180554054,131730.65321180542,1430,1,608.7317073170732,38,3,21,35.357384823848236,0.6299342105263158,43.74999999999999,1024.999999999999,26.97368421052629,0
1519,4,0,0,41,0.0,0.0,1.0,41,1200,800,400,0.6666666666666666,16,8,8,326.72420549068215,0.7633638211382113,0.036340167547941116,0.1920530097063718,131465.0463533674,390.5625639199137,131855.60891728732,1431,2,609.7317073170732,38,3,22,35.23978192172796,0.6313048245614037,43.61645299145298,1025.534188034186,26.987741790373313,0
1520,4,0,2,39,0.0,0.04878048780487805,0.9512195121951219,41,900,500,400,0.5555555555555556,13,5,8,332.23051222828695,0.7633638211382113,0.018001366175111277,0.1784636468341326,127933.68055555533,300.69444444441933,128234.37499999975,1432,3,610.7317073170732,39,2,17,38.68066996155957,0.5940170940170941,47.08333333333332,1011.6666666666648,25.940170940170894,7
1521,4,1,2,38,0.025,0.05,0.95,40,1000,700,300,0.7,13,7,6,337.8360386659818,0.7695245726495726,0.027682154171067008,0.18157249070186385,127955.298277814,645.5822193001391,128600.88049711414,1433,0,613.8,38,2,18,38.51680746216122,0.5959429824561404,47.0619658119658,1011.7521367521342,26.62505623031932,0
1522,4,4,4,38,0.09523809523809523,0.09523809523809523,0.9047619047619048,42,500,300,200,0.6,7,3,4,323.78609233625315,0.7990708478513356,0.06821120365637312,0.1778390433167097,128821.50472094389,-57.59802578712106,128763.90669515677,1434,0,577.9285714285714,38,4,14,37.98980916298323,0.6047149122807017,46.20726495726496,1015.1709401709408,26.715024741340546,0
1523,4,0,0,38,0.0,0.0,1.0,38,700,500,200,0.7142857142857143,9,5,4,356.0762745713041,0.7700331910858227,0.07260658698933486,0.1927160905885914,128234.94897959195,1532.2845804988779,129767.23356009083,1435,1,639.0,34,4,19,37.769354333176615,0.6066176470588235,46.78571428571429,1012.8571428571437,29.78991596638658,0
1524,4,5,3,40,0.11627906976744186,0.06976744186046512,0.9302325581395349,43,550,100,450,0.18181818181818182,10,1,9,319.926901098427,0.8018641565153193,0.08079739664479746,0.1776522416679661,129254.34570312497,-329.61154513888926,128924.73415798608,1436,0,565.5813953488372,39,4,17,37.64810831113842,0.6073717948717949,45.78125,1016.8749999999998,26.073717948717942,0
1525,4,1,1,40,0.024390243902439025,0.024390243902439025,0.975609756097561,41,1000,800,200,0.8,12,8,4,332.83240053619807,0.7834349593495935,0.08513125812431244,0.18419049600353993,129119.93805473375,395.0597879684452,129514.9978427022,1437,0,594.1463414634146,38,3,18,37.456638284452865,0.6077302631578947,45.91346153846154,1016.346153846154,26.745951417004054,0
1526,4,1,0,41,0.024390243902439025,0.0,1.0,41,700,300,400,0.42857142857142855,11,3,8,332.8663966391162,0.7898882113821138,0.08900875218548254,0.1843359078943278,129147.0854792169,397.7449959821753,129544.83047519908,1438,0,595.1219512195122,38,3,19,37.42817602130192,0.6080043859649124,45.886752136752136,1016.4529914529916,26.748762932973463,0
1527,4,0,0,41,0.0,0.0,1.0,41,1050,700,350,0.6666666666666666,14,7,7,332.579398767334,0.7900914634146341,0.09144099006399298,0.1845573258349106,129228.54487407765,395.7503515596327,129624.29522563728,1439,1,596.1219512195122,38,3,19,37.35267591327797,0.6088267543859649,45.806623931623925,1016.7735042735037,26.757197480881675,0
1528,4,6,4,43,0.1276595744680851,0.0851063829787234,0.9148936170212766,47,1300,1100,200,0.8461538461538461,15,11,4,298.4283217686315,0.8317915510329941,0.10179285544521677,0.17058964867340703,130389.20899667733,-1605.2717774801754,128783.93721919716,1440,0,520.8936170212766,41,6,19,37.04781852031731,0.615599593495935,44.66765873015873,1021.3293650793648,24.9104723190089,0
1529,4,0,0,43,0.0,0.0,1.0,43,2200,1900,300,0.8636363636363636,25,19,6,323.52376667871675,0.801125876707272,0.10890696979592973,0.18384279237243875,130158.86423631763,-178.10279512856602,129980.76144118907,1441,1,570.3023255813954,40,3,21,36.639984397304396,0.6148437500000001,44.89329268292683,1020.4268292682923,25.510670731707307,0
1530,4,0,0,43,0.0,0.0,1.0,43,750,500,250,0.6666666666666666,10,5,5,322.99653147677964,0.801125876707272,0.1095399322844055,0.18366541161324026,130184.79100568444,-190.15281082689017,129994.63819485756,1442,2,571.3023255813954,40,3,21,36.62720739560511,0.6151041666666668,44.86788617886179,1020.5284552845528,25.51321138211382,0
1531,4,0,0,43,0.0,0.0,1.0,43,1250,900,350,0.72,16,9,7,324.0237071701949,0.8011720191952749,0.1029563135264302,0.1848772877268986,130317.12420784935,-154.78598597046695,130162.33822187889,1443,3,572.3023255813954,38,5,22,36.467161940636885,0.6197916666666666,44.738247863247864,1021.0470085470084,26.869658119658116,0
1532,4,0,0,43,0.0,0.0,1.0,43,1200,800,400,0.6666666666666666,16,8,8,327.1776953333674,0.8002953119232189,0.10642903352903654,0.187333719926806,130453.51765103363,-63.70374936080799,130389.81390167282,1444,4,573.3023255813954,38,5,22,36.24873631736736,0.6211622807017544,44.60470085470085,1021.5811965811963,26.883715699505167,0
1533,4,0,1,42,0.0,0.023255813953488372,0.9767441860465116,43,1050,800,250,0.7619047619047619,13,8,5,332.1005561509502,0.8014488741232927,0.1062956237648307,0.1908231844261949,130589.9824334321,73.80115877713504,130663.78359220923,1445,5,574.3023255813954,38,5,16,35.985026654123544,0.622532894736842,44.471153846153854,1022.1153846153859,26.89777327935226,0
1534,4,0,0,42,0.0,0.0,1.0,42,1200,1000,200,0.8333333333333334,14,10,4,330.8184531111688,0.7995547812620983,0.10834179053986825,0.19075868874578975,130726.51855504427,249.34892979765587,130975.86748484193,1446,6,587.5714285714286,38,4,17,35.8798230951386,0.6239035087719298,44.33760683760684,1022.6495726495732,26.911830859199295,0
1535,4,0,0,42,0.0,0.0,1.0,42,1250,1000,250,0.8,15,10,5,333.817391222417,0.7990708478513356,0.10921649361499042,0.19303353492426734,130835.79881656809,335.0530078895521,131170.85182445764,1447,7,588.5714285714286,38,4,17,35.69274749373434,0.625,44.23076923076923,1023.0769230769233,26.92307692307693,0
1536,4,0,3,39,0.0,0.07142857142857142,0.9285714285714286,42,750,600,150,0.8,9,6,3,331.78085559319067,0.7989740611691831,0.10606648171901867,0.1921279948531789,130890.4560687413,285.3895006939847,131175.84556943527,1448,8,589.5714285714286,38,4,17,35.68964467181736,0.6255482456140351,44.177350427350426,1023.2905982905982,26.92869995501574,0
1537,4,1,0,40,0.025,0.0,1.0,40,1800,1400,400,0.7777777777777778,22,14,8,345.0565588551033,0.785042735042735,0.10508922670191723,0.19850592150105362,130636.47050766974,1015.394194870535,131651.86470254028,1449,0,619.425,36,4,18,35.60691598736873,0.6267361111111112,44.42567567567567,1022.2972972972966,28.397147147147127,0
1538,4,0,0,40,0.0,0.0,1.0,40,1000,900,100,0.9,11,9,2,345.6346538969633,0.7856570512820513,0.10628510075982867,0.19928306616116326,130722.82745160689,1036.4678445337108,131759.2952961406,1450,1,620.425,36,4,18,35.50476269133355,0.6276041666666667,44.34121621621621,1022.6351351351341,28.406531531531503,0
1539,4,0,0,40,0.0,0.0,1.0,40,1400,1000,400,0.7142857142857143,18,10,8,348.1809959460433,0.785309829059829,0.1154028175214612,0.20150143497870993,130866.81909950475,1113.0678820712378,131979.88698157598,1451,2,621.425,36,4,20,35.2939962579793,0.629050925925926,44.20045045045044,1023.1981981981969,28.422172172172136,0
1540,4,0,0,40,0.0,0.0,1.0,40,900,600,300,0.6666666666666666,12,6,6,347.25216700175224,0.7853632478632478,0.11557008144020564,0.20102712298141123,130878.94833025533,1089.5996845182945,131968.5480147736,1452,3,622.425,37,3,20,35.305490070009995,0.6272522522522523,44.18859649122806,1023.2456140350866,27.655286865813153,0
1541,4,0,0,40,0.0,0.0,1.0,40,750,600,150,0.8,9,6,3,347.1131245501251,0.7854967948717949,0.12283610069630457,0.20138601725763905,130963.11034404792,1091.8028864650396,132054.91323051296,1453,4,623.425,37,3,20,35.22395554365292,0.628096846846847,44.106359649122794,1023.5745614035068,27.664177335229912,0
1542,4,0,0,40,0.0,0.0,1.0,40,1000,600,400,0.6,14,6,8,348.32374003974365,0.7837606837606838,0.12763459933222054,0.2025688546444721,131054.49631090643,1129.8784608079332,132184.37477171436,1454,5,624.425,38,2,21,35.10060169727325,0.6271929824561404,44.01709401709401,1023.9316239316228,26.945569050832177,0
1543,4,1,0,41,0.024390243902439025,0.0,1.0,41,1000,700,300,0.7,13,7,6,342.1218217296092,0.7888719512195121,0.1330157743580953,0.2006879552207708,131385.84530476423,790.8490195977244,132176.69432436195,1455,0,610.170731707317,36,5,22,34.92489565026362,0.6342592592592593,43.693693693693696,1025.2252252252254,28.478478478478483,0
1544,4,1,1,41,0.023809523809523808,0.023809523809523808,0.9761904761904762,42,1300,900,400,0.6923076923076923,17,9,8,336.1390692871242,0.7959494773519163,0.13364408029579522,0.1990683178833233,131749.9269606993,457.2595654432003,132207.1865261425,1456,0,596.6190476190476,37,5,20,34.711430631207975,0.6359797297297298,43.33881578947368,1026.644736842104,27.747155049786596,0
1545,4,1,0,42,0.023809523809523808,0.0,1.0,42,1250,900,350,0.72,16,9,7,340.3112581960431,0.7937959736740224,0.1507970395673217,0.20228653977033811,131890.67790089242,576.7765081563388,132467.45440904875,1457,0,597.5714285714286,37,5,21,34.462620979220034,0.6373873873873874,43.201754385964904,1027.1929824561391,27.761972498814572,0
1546,4,0,1,41,0.0,0.023809523809523808,0.9761904761904762,42,1100,800,300,0.7272727272727273,14,8,6,340.6746431588644,0.793892760356175,0.15332683105245515,0.20340663088988514,132059.67821829792,597.876750538623,132657.55496883654,1458,1,598.5714285714286,37,5,21,34.28321243154824,0.6390765765765766,43.03728070175438,1027.8508771929824,27.77975343764817,0
1547,4,0,0,41,0.0,0.0,1.0,41,1400,1100,300,0.7857142857142857,17,11,6,344.67241590384117,0.7940040650406504,0.1399962032459645,0.20656118778032773,132200.59447378048,913.1796562403872,133113.77413002087,1459,2,580.2926829268292,37,4,22,34.03869904396348,0.6404842342342343,42.90021929824562,1028.399122807018,27.794570886676166,0
1548,4,0,0,41,0.0,0.0,1.0,41,1100,900,200,0.8181818181818182,13,9,4,343.9420388038777,0.7934451219512195,0.135942723741882,0.20658541664903862,132285.18029586028,899.6869228993505,133184.86721875964,1460,3,581.2926829268292,37,4,22,33.97241171036735,0.6413288288288288,42.81798245614035,1028.7280701754387,27.80346135609294,0
1549,4,2,2,41,0.046511627906976744,0.046511627906976744,0.9534883720930233,43,1150,800,350,0.6956521739130435,15,8,7,327.97594145017626,0.8017718715393134,0.13060276158271567,0.1999140782724416,132838.1835438125,113.59375338317238,132951.7772971957,1461,0,555.2093023255813,38,5,18,33.82841917988047,0.6450109649122808,42.2809829059829,1030.8760683760681,27.1283175888439,0
1550,4,0,0,41,0.0,0.0,1.0,41,1050,700,350,0.6666666666666666,14,7,7,344.02193288890624,0.795630081300813,0.14037085144026973,0.20519896467608906,132021.6056428052,883.6655912669692,132905.27123407216,1462,5,583.2926829268292,36,5,19,34.23551756885091,0.6406249999999998,43.07432432432434,1027.7027027027045,28.547297297297348,1
1551,4,0,0,41,0.0,0.0,1.0,41,1000,800,200,0.8,12,8,4,338.9094505016907,0.7940548780487805,0.14134641839245,0.2029234224610453,132166.31063073222,758.4823421394536,132924.79297287166,1463,6,584.2926829268292,36,5,19,34.221333917424154,0.6420717592592592,42.933558558558566,1028.265765765767,28.56293793793797,0
1552,4,0,0,41,0.0,0.0,1.0,41,1650,1300,350,0.7878787878787878,20,13,7,340.0374447913297,0.7934959349593496,0.1481614368430222,0.20408773317898057,132256.98201610128,794.4652441135981,133051.44726021486,1464,7,585.2926829268292,37,4,19,34.1011752478414,0.6410472972972971,42.84539473684212,1028.618421052633,27.80049786628738,0
1553,4,0,0,41,0.0,0.0,1.0,41,700,500,200,0.7142857142857143,9,5,4,340.5097003260452,0.7908028455284553,0.14966799641358164,0.2049829081180204,132369.7931695331,814.6397208756719,133184.4328904088,1465,8,586.2926829268292,37,4,19,33.97564819747825,0.6421734234234233,42.735745614035096,1029.0570175438609,27.812351825509754,0
1554,4,0,0,41,0.0,0.0,1.0,41,1250,800,450,0.64,17,8,9,341.97056116944077,0.7905487804878049,0.14964759291293017,0.20683290841091184,132546.94097490137,865.4363687610148,133412.37734366237,1466,9,587.2926829268292,35,6,21,33.760092353227684,0.6479166666666667,42.563657407407405,1029.74537037037,29.421296296296287,0
1555,4,0,0,41,0.0,0.0,1.0,41,1350,800,550,0.5925925925925926,19,8,11,340.9291897423735,0.791310975609756,0.15043527583910898,0.2068582629786548,132666.15125868047,845.9526909722179,133512.1039496527,1467,10,588.2926829268292,35,6,19,33.667214357937326,0.6491071428571429,42.447916666666664,1030.2083333333328,29.434523809523796,0
1556,4,0,0,41,0.0,0.0,1.0,41,1150,600,550,0.5217391304347826,17,6,11,343.66459477245576,0.7905487804878049,0.15920610536519675,0.20951543775758122,132845.0671537422,930.8292341820875,133775.89638792427,1468,11,589.2926829268292,35,6,19,33.417185921185585,0.6508928571428572,42.27430555555555,1030.902777777777,29.454365079365054,0
1557,4,0,0,41,0.0,0.0,1.0,41,1200,800,400,0.6666666666666666,16,8,8,367.38135274730575,0.7907520325203252,0.09293583892760982,0.2186314469089151,131934.82069485015,1515.840250794134,133450.66094564428,1469,12,590.2926829268292,36,5,18,33.7229164383061,0.6397569444444446,43.158783783783775,1027.3648648648639,28.537912912912887,5
1558,4,0,0,41,0.0,0.0,1.0,41,1000,700,300,0.7,13,7,6,372.88335576220146,0.7889227642276423,0.09437624566132596,0.2226374889754693,132059.67821829763,1648.5711949830377,133708.24941328066,1470,13,591.2926829268292,37,4,18,33.455568593983365,0.6390765765765767,43.03728070175437,1027.8508771929799,27.779753437648104,0
1559,4,0,0,41,0.0,0.0,1.0,41,1050,800,250,0.7619047619047619,13,8,5,377.16795580816205,0.7878048780487805,0.09755590908630318,0.22639483033173188,132260.59701219943,1776.8918018116578,134037.4888140111,1471,14,592.2926829268292,38,3,19,33.14270011078798,0.6392543859649124,42.841880341880334,1028.6324786324774,27.06927575348625,0
1560,4,0,0,41,0.0,0.0,1.0,41,800,600,200,0.75,10,6,4,378.1409300267173,0.7883638211382114,0.09894341858398348,0.22780685296731523,132398.00347222228,1813.092172547306,134211.09564476958,1472,15,593.2926829268292,37,4,19,32.97908232118759,0.642454954954955,42.708333333333336,1029.166666666667,27.815315315315324,0
1561,4,1,1,41,0.023809523809523808,0.023809523809523808,0.9761904761904762,42,1250,1000,250,0.8,15,10,5,370.2873097264356,0.7923199767711963,0.1004342462373553,0.2258705776776298,132865.71905361972,1439.6979326466535,134305.41698626638,1473,0,580.1428571428571,38,4,15,32.71027633851469,0.6452850877192982,42.254273504273506,1030.9829059829062,27.131129104813322,0
1562,4,0,0,41,0.0,0.0,1.0,41,1100,800,300,0.7272727272727273,14,8,6,369.8721571211654,0.789380081300813,0.10491291364125566,0.22628300410948868,132975.88962853389,1636.8158284023677,134612.70545693627,1474,1,594.390243902439,38,3,15,32.610187487051995,0.6463815789473684,42.1474358974359,1031.4102564102566,27.14237516869096,0
1563,4,0,0,41,0.0,0.0,1.0,41,1350,800,550,0.5925925925925926,19,8,11,367.8523205123258,0.7883130081300813,0.10436297530677163,0.22604665497131474,133141.23109796192,1595.2621630506292,134736.49326101254,1475,2,595.390243902439,38,3,15,32.49611801242236,0.6480263157894737,41.98717948717949,1032.0512820512824,27.159244264507432,0
1564,4,0,0,41,0.0,0.0,1.0,41,1450,1000,450,0.6896551724137931,19,10,9,369.3771312113509,0.7879573170731707,0.10668712647391398,0.22765692576699553,133251.51581561822,1644.0125283073871,134895.5283439256,1476,3,596.390243902439,38,3,16,32.345991997792495,0.6491228070175439,41.880341880341874,1032.4786324786312,27.170490328385032,0
1565,4,0,0,41,0.0,0.0,1.0,41,950,600,350,0.631578947368421,13,6,7,368.7848246902794,0.7874491869918699,0.10991506563110343,0.2276292538605516,133306.6752958579,1632.2957758053833,134938.97107166328,1477,4,597.390243902439,38,3,17,32.3058917856404,0.649671052631579,41.82692307692307,1032.692307692307,27.176113360323868,0
1566,4,0,0,41,0.0,0.0,1.0,41,1450,1200,250,0.8275862068965517,17,12,5,351.9656275863279,0.7883638211382114,0.11550418327108858,0.20675769781327513,131440.53939673753,1058.3915926111167,132498.93098934865,1478,5,598.390243902439,37,4,19,34.61737239806102,0.6328828828828829,43.640350877192986,1025.4385964912287,27.7145566619251,6
1567,4,1,1,41,0.023809523809523808,0.023809523809523808,0.9761904761904762,42,1350,1100,250,0.8148148148148148,16,11,5,345.43643295604545,0.8001838946960899,0.11256132005351582,0.2046636325960293,131766.52444480962,703.3916374461134,132469.91608225575,1479,0,585.1190476190476,38,4,16,34.456078737426274,0.6343201754385965,43.32264957264957,1026.709401709401,27.018668466036868,0
1568,4,0,1,40,0.0,0.024390243902439025,0.975609756097561,41,900,500,400,0.5555555555555556,13,5,8,351.8519880358328,0.7894817073170731,0.1148567288194784,0.20760598386124354,131609.2511638196,1061.3953331794319,132670.64649699902,1480,7,600.390243902439,37,4,16,34.45002493410273,0.6345720720720721,43.47587719298245,1026.09649122807,27.732337600758648,0
1569,4,0,0,40,0.0,0.0,1.0,40,1250,900,350,0.72,16,9,7,360.76400958031576,0.7911057692307693,0.11548743001427164,0.21242400538248862,131530.20154867726,1490.2725783215878,133020.47412699886,1481,8,583.65,36,4,20,34.301240531342636,0.6357060185185184,43.55292792792794,1025.78828828829,28.494119119119166,0
1570,4,0,0,40,0.0,0.0,1.0,40,1100,600,500,0.5454545454545454,16,6,10,360.25243068462373,0.7905715811965812,0.11686684216299215,0.2134126972418271,131761.33639974456,1493.468341652491,133254.80474139703,1482,9,584.65,36,4,16,34.08102080362691,0.6380208333333333,43.327702702702716,1026.689189189191,28.519144144144192,0
1571,4,0,0,40,0.0,0.0,1.0,40,750,500,250,0.6666666666666666,10,5,5,361.4462261931981,0.7894764957264957,0.11341811006358227,0.21493562420693352,131905.89871966589,1535.3778609691092,133441.276580635,1483,10,585.65,36,4,17,33.90452568881093,0.6394675925925924,43.18693693693695,1027.2522522522545,28.534784784784847,0
1572,4,1,0,41,0.024390243902439025,0.0,1.0,41,850,700,150,0.8235294117647058,10,7,3,349.7214557258867,0.7940040650406504,0.11866802320785341,0.2070780582302145,131743.6731074245,1033.2076019181045,132776.8807093426,1484,0,572.3414634146342,35,6,17,34.36912814731304,0.6398809523809523,43.344907407407405,1026.6203703703698,29.332010582010565,2
1573,4,0,0,41,0.0,0.0,1.0,41,850,700,150,0.8235294117647058,10,7,3,351.5499646176636,0.7949695121951219,0.12194854543655609,0.20889167604415057,131876.97991488117,1072.2695245921668,132949.24943947335,1485,1,573.3414634146342,36,5,18,34.187817490772204,0.6391782407407407,43.215090090090094,1027.13963963964,28.53165665665667,0
1574,4,0,2,39,0.0,0.04878048780487805,0.9512195121951219,41,1300,800,500,0.6153846153846154,18,8,10,365.25877290231665,0.7949695121951219,0.13030412036787875,0.21410778035819272,131358.63272392296,1398.0330190573923,132756.66574298035,1486,2,574.3414634146342,34,7,21,34.359394959934946,0.6381740196078431,43.720238095238095,1025.119047619048,30.150560224089645,1
1575,4,0,0,39,0.0,0.0,1.0,39,1000,800,200,0.8,12,8,4,377.09035626941636,0.7844129554655871,0.15989159891598925,0.22086720867208673,131328.125,2104.513888888889,133432.63888888888,1487,3,603.5128205128206,34,5,21,34.08705962059621,0.6378676470588236,43.75,1025.0,30.147058823529413,0
1576,4,1,1,39,0.025,0.025,0.975,40,750,400,350,0.5333333333333333,11,4,7,369.29078314587724,0.7954594017094017,0.1476759927797835,0.21764584453491048,131565.50068587094,1717.1853566529358,133282.68604252388,1488,0,589.4,35,5,17,34.046893802647425,0.6380952380952382,43.51851851851851,1025.925925925925,29.312169312169285,0
1577,4,0,0,39,0.0,0.0,1.0,39,800,500,300,0.625,11,5,6,376.920859871652,0.7826135852451642,0.15245886510254336,0.22129648030501278,131419.65880102038,2106.9621598639437,133526.62096088432,1489,5,605.5128205128206,34,5,21,33.99875188668291,0.6387867647058822,43.660714285714285,1025.3571428571427,30.157563025210077,0
1578,4,0,0,39,0.0,0.0,1.0,39,1100,800,300,0.7272727272727273,14,8,6,371.4596505478497,0.7831196581196581,0.14811728555804393,0.2185840254419019,131506.13667052463,1969.8447145061662,133475.9813850308,1490,6,606.5128205128206,35,4,21,34.05128639133378,0.6375,43.576388888888886,1025.6944444444441,29.305555555555546,0
1579,4,0,0,39,0.0,0.0,1.0,39,750,600,150,0.8,9,6,3,370.2147024250668,0.7823324336482231,0.14490665602027453,0.218020791202217,131535.81700370798,1939.2986700531524,133475.11567376115,1491,7,607.5128205128206,35,4,21,34.053203392380304,0.6377976190476191,43.5474537037037,1025.810185185185,29.30886243386243,0
1580,4,0,0,39,0.0,0.0,1.0,39,1250,1100,150,0.88,14,11,3,370.94025726909007,0.7814327485380117,0.14877811718966982,0.2186179814117827,131565.50068587094,1960.5881344307134,133526.08882030167,1492,8,608.5128205128206,35,4,17,34.00458784596872,0.6380952380952382,43.51851851851851,1025.925925925925,29.312169312169285,0
1581,4,1,1,39,0.025,0.025,0.975,40,1200,900,300,0.75,15,9,6,361.4462261931983,0.7884615384615384,0.14428305196228886,0.21493562420693324,131905.89871966562,1535.3778609690794,133441.2765806347,1493,0,594.275,36,4,17,33.904525688810935,0.6394675925925926,43.18693693693694,1027.2522522522524,28.53478478478479,0
1582,4,1,1,39,0.025,0.025,0.975,40,800,600,200,0.75,10,6,4,359.4909706223051,0.7896901709401709,0.14024550635686084,0.2140989305455557,131963.7458404351,1487.9550158266434,133451.70085626174,1494,0,595.25,36,4,17,33.89640873885722,0.6400462962962963,43.130630630630634,1027.477477477478,28.541041041041055,0
1583,4,0,0,39,0.0,0.0,1.0,39,800,500,300,0.625,11,5,6,363.39812796663097,0.7810391363022943,0.13611867794523214,0.2159318778621265,131876.97991488117,1784.7695245921661,133661.74943947335,1495,11,611.5128205128206,36,3,17,33.88357453495596,0.6391782407407407,43.215090090090094,1027.13963963964,28.53165665665667,0
1584,4,0,0,39,0.0,0.0,1.0,39,700,500,200,0.7142857142857143,9,5,4,361.45986821512923,0.7810953666216824,0.13677462148359854,0.21510752627049085,131934.82069485035,1737.8285802694693,133672.64927511982,1496,12,612.5128205128206,36,3,17,33.875004567211064,0.6397569444444444,43.15878378378379,1027.3648648648657,28.537912912912937,0
1585,4,0,0,39,0.0,0.0,1.0,39,1250,1100,150,0.88,14,11,3,359.0796217893424,0.7815452091767882,0.13589141816152717,0.21439569265307618,132059.6782182979,1683.9878616497326,133743.66607994764,1497,13,613.5128205128206,37,2,18,33.81027309579687,0.6390765765765766,43.03728070175438,1027.8508771929821,27.779753437648164,0
1586,4,0,0,39,0.0,0.0,1.0,39,550,300,250,0.5454545454545454,8,3,5,356.1732787467821,0.7809266756635178,0.13368225035069448,0.21313572653532686,132144.21895438968,1613.2479464835187,133757.4669008732,1498,14,614.5128205128206,37,2,18,33.79978937826597,0.6399211711711712,42.955043859649116,1028.1798245614025,27.78864390706493,0
1587,4,0,0,39,0.0,0.0,1.0,39,650,200,450,0.3076923076923077,11,2,9,357.43045639008386,0.7801394511920828,0.13489349722160737,0.21452687852817479,132256.98201610093,1654.5346885579966,133911.51670465892,1499,15,615.5128205128206,37,2,18,33.65390594463987,0.6410472972972974,42.845394736842096,1028.61842105263,27.800497866287298,0
1588,4,0,0,39,0.0,0.0,1.0,39,950,600,350,0.631578947368421,13,6,7,357.2949621673793,0.7790710751237068,0.13974686864712416,0.21492666185760798,132341.58587257608,1656.9963835026015,133998.5822560787,1500,16,616.5128205128206,37,2,19,33.572215117931215,0.6418918918918919,42.763157894736835,1028.9473684210518,27.809388335704103,0
1589,4,0,0,39,0.0,0.0,1.0,39,1000,600,400,0.6,14,6,8,361.6086263281127,0.7791273054430949,0.14150816360882001,0.21801469951444258,132426.97934420907,1777.3596408182902,134204.33898502737,1501,17,617.5128205128206,36,3,19,33.37527352297593,0.6446759259259259,42.68018018018018,1029.2792792792793,28.59109109109109,0
1590,4,2,1,40,0.04878048780487805,0.024390243902439025,0.975609756097561,41,850,700,150,0.8235294117647058,10,7,3,346.04526048126615,0.7924288617886179,0.13388106534887623,0.21170601677351963,132975.8896285337,1003.1352728467975,133979.0249013805,1502,0,588.3414634146342,38,3,14,33.22457012637249,0.6463815789473685,42.14743589743589,1031.4102564102552,27.142375168690926,0
1591,4,0,0,40,0.0,0.0,1.0,40,1150,900,250,0.782608695652174,14,9,5,352.804966698035,0.7848557692307693,0.1429981349082996,0.21536500528796546,132893.2574169953,1377.0802514792751,134270.3376684746,1503,1,604.05,38,2,14,33.13322453631748,0.6455592105263158,42.227564102564095,1031.0897435897427,27.133940620782703,0
1592,4,0,0,40,0.0,0.0,1.0,40,1250,900,350,0.72,16,9,7,370.07775526370574,0.7848557692307693,0.12576974194262958,0.20537382005384158,129230.01284646144,1586.8347307406714,130816.8475772021,1504,2,605.05,36,4,19,36.397995348322084,0.6125578703703705,45.80518018018019,1016.7792792792801,28.24386886886889,7
1593,4,0,0,40,0.0,0.0,1.0,40,1100,700,400,0.6363636363636364,15,7,8,369.66001519474185,0.7842948717948718,0.12910579902611774,0.206188141808623,129430.46932067221,1569.0538511484697,130999.52317182068,1505,3,606.05,36,4,16,36.20425704589051,0.6145833333333333,45.60810810810812,1017.5675675675692,28.26576576576581,0
1594,4,0,0,40,0.0,0.0,1.0,40,900,700,200,0.7777777777777778,11,7,4,370.94148622121685,0.783840811965812,0.13391790219074995,0.20720452116609148,129487.77113261925,1606.4772542813225,131094.24838690058,1506,4,607.05,36,4,16,36.11326252120675,0.615162037037037,45.55180180180181,1017.792792792794,28.272022022022057,0
1595,4,0,0,40,0.0,0.0,1.0,40,1150,800,350,0.6956521739130435,15,8,7,349.777422583624,0.7836271367521368,0.0498467966573819,0.1867490998029756,127688.85598013533,977.8629981332456,128666.71897826857,1507,5,608.05,36,4,16,38.4874651810585,0.5969328703703705,47.32545045045044,1010.6981981981965,28.0749499499499,8
1596,4,1,1,40,0.024390243902439025,0.024390243902439025,0.975609756097561,41,900,500,400,0.5555555555555556,13,5,8,338.2545611826881,0.792479674796748,0.04778669373169642,0.1819005297548858,127978.05574792222,457.83221760538964,128435.88796552761,1508,0,594.1951219512196,37,4,16,38.48296850166159,0.5979729729729731,47.03947368421051,1011.8421052631561,27.347083926031246,0
1597,4,2,1,41,0.047619047619047616,0.023809523809523808,0.9761904761904762,42,1000,700,300,0.7,13,7,6,334.09291366495,0.8052168021680217,0.05666531085702209,0.18114368783789128,128306.84222961859,173.28135272845685,128480.12358234705,1509,0,581.0,38,4,17,38.25266265949593,0.5995065789473685,46.714743589743584,1013.141025641025,26.66160593792171,0
1598,4,2,0,43,0.046511627906976744,0.0,1.0,43,800,500,300,0.625,11,5,6,331.6141916458193,0.8091085271317829,0.08724808190246636,0.18206086183597214,128804.55864800338,-57.31608072917675,128747.24256727421,1510,0,568.4418604651163,39,4,17,37.808384641696584,0.6028311965811967,46.22395833333333,1015.1041666666658,26.028311965811945,0
1599,4,0,0,43,0.0,0.0,1.0,43,750,300,450,0.4,12,3,9,326.15716494482206,0.8081856773717239,0.06590349197782586,0.18004379778870153,129020.64252635663,-183.79860284883864,128836.8439235078,1511,1,569.4418604651163,40,3,18,37.72715147877697,0.6033854166666668,46.011178861788615,1015.9552845528452,25.39888211382113,1
1600,4,0,0,43,0.0,0.0,1.0,43,1100,800,300,0.7272727272727273,14,8,6,326.12987076454846,0.8071705426356589,0.0722253356059741,0.18049943760466233,129123.91067031854,-177.7671400951872,128946.14353022336,1512,2,570.4418604651163,40,3,18,37.62290437622903,0.6044270833333334,45.90955284552845,1016.3617886178857,25.409044715447145,0
1601,4,0,0,43,0.0,0.0,1.0,43,1200,700,500,0.5833333333333334,17,7,10,331.23595633145214,0.8088316722037652,0.07139732815940136,0.18381181320154114,129228.54487407775,-38.92539535025986,129189.61947872749,1513,3,571.4418604651163,38,5,18,37.38682533011102,0.6088267543859649,45.80662393162393,1016.7735042735045,26.757197480881697,0
1602,4,2,1,44,0.044444444444444446,0.022222222222222223,0.9777777777777777,45,1250,900,350,0.72,16,9,7,319.1421943893381,0.825925925925926,0.08238514824050958,0.17943917547689955,129744.3870732536,-718.6183199484196,129025.76875330518,1514,0,547.0,40,5,18,37.17123857024106,0.6106770833333333,45.29979674796749,1018.8008130081321,25.4700203252033,0
1603,4,0,1,43,0.0,0.022727272727272728,0.9772727272727273,44,950,600,350,0.631578947368421,13,6,7,326.9221886731847,0.8203180056377731,0.0821263561063128,0.18362849414331275,129704.91672092026,-319.31694878471274,129385.59977213554,1515,1,560.4318181818181,39,5,18,37.01309353376282,0.6119123931623931,45.33854166666667,1018.6458333333343,26.119123931623957,0
1604,4,1,0,44,0.022727272727272728,0.0,1.0,44,1450,1000,450,0.6896551724137931,19,10,9,324.9683366767024,0.8267485905567301,0.11586757461336505,0.18502990883759526,130236.00396050376,-335.4844835069101,129900.51947699685,1516,0,560.0681818181819,39,5,19,36.525091846106754,0.6172542735042733,44.81770833333335,1020.729166666669,26.172542735042796,0
1605,4,0,0,44,0.0,0.0,1.0,44,1500,1000,500,0.6666666666666666,20,10,10,329.49569033766556,0.8270569062720226,0.1130750758958643,0.18814183716215074,130346.55044100108,-210.26925051458022,130136.2811904865,1517,1,561.0681818181819,37,7,19,36.29771555889616,0.6219031531531531,44.709429824561404,1021.1622807017543,27.598980559506874,0
1606,4,1,1,44,0.022222222222222223,0.022222222222222223,0.9777777777777777,45,1300,700,600,0.5384615384615384,19,7,12,320.8142972319267,0.8350589225589226,0.07012750455373395,0.17790611028315945,129201.38888888896,-588.9444348260957,128612.44445406286,1518,0,549.5777777777778,40,5,17,37.67930327868852,0.6052083333333333,45.833333333333336,1016.6666666666673,25.416666666666682,6
1607,4,1,1,44,0.022222222222222223,0.022222222222222223,0.9777777777777777,45,1100,700,400,0.6363636363636364,15,7,8,319.37053955035964,0.831439393939394,0.0772960372960374,0.1778030645661347,129356.41503899806,-737.474386938979,128618.94065205909,1519,0,550.4666666666667,40,5,18,37.55869130869132,0.6067708333333333,45.680894308943095,1017.2764227642285,25.431910569105714,0
1608,4,0,0,44,0.0,0.0,1.0,44,1400,1200,200,0.8571428571428571,16,12,4,327.7948486793695,0.8232910500352362,0.08664656391929126,0.1827568539897307,129413.28124999999,-315.7986111111123,129097.48263888888,1520,2,563.9772727272727,39,5,19,37.286718536718546,0.608974358974359,45.625,1017.4999999999999,26.089743589743588,0
1609,4,0,0,44,0.0,0.0,1.0,44,1200,800,400,0.6666666666666666,16,8,8,327.7888326703702,0.8229607117688513,0.08548609237011329,0.1828765908827436,129439.78000216991,-314.21712239585804,129125.56287977405,1521,3,564.9772727272727,39,5,16,37.25997628552906,0.6092414529914532,45.59895833333332,1017.6041666666648,26.092414529914482,0
1610,4,0,1,43,0.0,0.022727272727272728,0.9772727272727273,44,1100,700,400,0.6363636363636364,15,7,8,330.18501504067575,0.8233350951374208,0.08499479244160146,0.18508536164206676,129625.34722222212,-239.9305555555611,129385.41666666656,1522,4,565.9772727272727,39,5,17,37.01070649208948,0.6111111111111112,45.416666666666664,1018.3333333333325,26.11111111111109,0
1611,4,1,1,43,0.022727272727272728,0.022727272727272728,0.9772727272727273,44,750,400,350,0.5333333333333333,11,4,7,321.76769790329877,0.8309769203664553,0.08553430617239144,0.18151462373285102,129873.84018276172,-442.1586853063525,129431.68149745537,1523,0,558.3409090909091,40,4,17,36.97324692588901,0.6119791666666666,45.17276422764228,1019.308943089432,25.4827235772358,0
1612,4,0,2,41,0.0,0.046511627906976744,0.9534883720930233,43,1150,800,350,0.6956521739130435,15,8,7,326.67013877513887,0.8250738279808046,0.08796516381752806,0.184109483742855,129837.58680555575,-117.18749999998101,129720.39930555577,1524,6,572.3255813953489,39,4,17,36.885050422458434,0.6132478632478632,45.20833333333334,1019.1666666666682,26.132478632478673,0
1613,4,0,0,41,0.0,0.0,1.0,41,900,700,200,0.7777777777777778,11,7,4,335.2282065746613,0.8171239837398374,0.11729413299165992,0.18861778207094684,129772.26382725197,500.6646531887066,130272.92848044068,1525,7,598.9024390243902,38,3,18,36.733249449512414,0.6143092105263157,45.272435897435905,1018.9102564102577,26.813427800269938,0
1614,4,0,1,40,0.0,0.024390243902439025,0.975609756097561,41,1200,900,300,0.75,15,9,6,332.39370193671806,0.8153455284552845,0.127084433901143,0.18784466250326795,129943.77170138912,438.4982638889129,130382.26996527804,1526,8,599.9024390243902,39,2,19,36.63158970167552,0.6143162393162392,45.10416666666668,1019.5833333333353,26.143162393162445,0
1615,4,1,0,41,0.024390243902439025,0.0,1.0,41,1050,700,350,0.6666666666666666,14,7,7,328.7297704532193,0.8190548780487805,0.1403260663884709,0.18678867931321003,130156.27170138908,357.2482638889082,130513.51996527798,1527,0,599.8536585365854,39,2,20,36.50979991833401,0.6164529914529913,44.89583333333334,1020.4166666666682,26.164529914529954,0
1616,4,0,0,41,0.0,0.0,1.0,41,1500,1300,200,0.8666666666666667,17,13,4,328.634224304062,0.8185975609756098,0.13871500078405208,0.1871171855871883,130236.00396050375,360.0016276042008,130596.00558810795,1528,1,600.8536585365854,39,2,21,36.431544885532546,0.6172542735042733,44.81770833333335,1020.7291666666689,26.172542735042793,0
1617,4,0,0,41,0.0,0.0,1.0,41,650,400,250,0.6153846153846154,9,4,5,331.36080833722133,0.8191565040650407,0.1345802407375265,0.18893101935981457,130289.85407991838,434.5929858856995,130724.44706580408,1529,2,601.8536585365854,38,3,21,36.30746825729035,0.619517543859649,44.764957264957275,1020.9401709401725,26.86684660368875,0
1618,4,0,0,41,0.0,0.0,1.0,41,750,200,550,0.26666666666666666,13,2,11,331.6015563453022,0.8199695121951219,0.1357179304010614,0.18959993293427574,130398.95171305441,448.0990667689556,130847.05077982337,1530,3,602.8536585365854,38,3,21,36.19094316596932,0.6206140350877192,44.658119658119666,1021.3675213675224,26.878092667566378,0
1619,4,1,1,41,0.023809523809523808,0.023809523809523808,0.9761904761904762,42,850,400,450,0.47058823529411764,13,4,9,325.61376810785555,0.8257355787843593,0.1327050433010699,0.1874427644562232,130661.65500217036,109.04676649308004,130770.70176866344,1531,0,589.4761904761905,39,3,15,36.07838767193072,0.6215277777777777,44.40104166666668,1022.3958333333351,26.21527777777782,0
1620,4,0,0,41,0.0,0.0,1.0,41,800,500,300,0.625,11,5,6,331.289395007991,0.8191565040650407,0.1316690678668413,0.19008896600188585,130535.3879597671,448.99794086493887,130984.38590063204,1532,5,604.8536585365854,38,3,15,36.06094267293953,0.6219846491228069,44.524572649572654,1021.9017094017105,26.892150247413433,0
1621,4,0,0,41,0.0,0.0,1.0,41,1400,1200,200,0.8571428571428571,16,12,4,327.68143638078,0.8183434959349594,0.132155223150477,0.1890834472859076,130753.83434007232,369.1208497698915,131122.9551898422,1533,6,605.8536585365854,38,3,17,35.932440196385684,0.6241776315789473,44.31089743589744,1022.7564102564103,26.914642375168693,0
1622,4,0,0,41,0.0,0.0,1.0,41,1350,1100,250,0.8148148148148148,16,11,5,327.68941093060835,0.8182418699186992,0.1329223715213652,0.18935583039593076,130808.47447083422,372.9103888158335,131181.38485965005,1534,7,606.8536585365854,38,3,17,35.87706701479547,0.6247258771929824,44.25747863247863,1022.9700854700852,26.920265407107507,0
1623,4,0,1,40,0.0,0.024390243902439025,0.975609756097561,41,1050,500,550,0.47619047619047616,16,5,11,328.26368438867945,0.8171239837398374,0.1394208367389027,0.1902261241838572,130917.78897518075,395.1111522024911,131312.90012738324,1535,8,607.8536585365854,38,3,17,35.752035703100525,0.6258223684210527,44.15064102564102,1023.3974358974355,26.931511470985143,0
1624,4,2,0,42,0.047619047619047616,0.0,1.0,42,1250,1000,250,0.8,15,10,5,325.0871063867298,0.8243321718931474,0.15005469559240647,0.1901431006321433,131274.74500868062,135.14539930556015,131409.89040798618,1536,0,594.1428571428571,39,3,19,35.47341939418582,0.6276709401709402,43.802083333333336,1024.7916666666672,26.276709401709414,0
1625,4,0,0,42,0.0,0.0,1.0,42,650,200,450,0.3076923076923077,11,2,9,327.8471809108336,0.8239692218350755,0.1507936507936507,0.19202477739063106,131328.125,211.11111111111052,131539.23611111112,1537,1,595.1428571428571,39,3,20,35.348915989159906,0.6282051282051282,43.75,1025.0,26.28205128205128,0
1626,4,0,0,42,0.0,0.0,1.0,42,1300,900,400,0.6923076923076923,17,9,8,327.59791249186867,0.8229045683313976,0.14301680843034248,0.1921465229287825,131381.51584201382,208.06206597221663,131589.57790798604,1538,2,596.1428571428571,39,3,20,35.30151391993497,0.6287393162393162,43.697916666666664,1025.2083333333328,26.287393162393148,0
1627,4,0,0,42,0.0,0.0,1.0,42,1600,1400,200,0.875,18,14,4,328.64263260381074,0.8215737514518002,0.14283538133441742,0.19343359254331866,131515.04041883667,244.28982204860125,131759.33024088526,1539,3,597.1428571428571,39,3,20,35.140249991537196,0.6300747863247864,43.56770833333333,1025.7291666666656,26.300747863247835,0
1628,4,1,0,43,0.023255813953488372,0.0,1.0,43,1050,700,350,0.6666666666666666,14,7,7,319.968124149599,0.8250738279808046,0.14218585321176924,0.1899881235402966,131849.4747256924,-162.4741803820474,131687.00054531035,1540,0,584.2325581395348,40,3,17,35.02642819447192,0.6317708333333334,43.24186991869919,1027.0325203252034,25.675813008130085,0
1629,4,0,0,43,0.0,0.0,1.0,43,1300,800,500,0.6153846153846154,18,8,10,322.5092581043915,0.8239664082687338,0.15171135282089732,0.1921562232583089,131979.97352972758,-87.04733045807131,131892.9261992695,1541,1,585.2325581395348,40,3,17,34.830053077506335,0.6330729166666667,43.11483739837398,1027.5406504065033,25.688516260162583,0
1630,4,1,1,43,0.022727272727272728,0.022727272727272728,0.9772727272727273,44,800,500,300,0.625,11,5,6,318.6535836226519,0.8296555673009162,0.16131782673879314,0.1913213091246831,132270.4093935027,-370.31200790502373,131900.09738559768,1542,0,572.9090909090909,41,3,18,34.63760166522005,0.6344004065040652,42.832341269841265,1028.6706349206343,25.08952768099108,0
1631,4,0,0,43,0.0,0.0,1.0,43,1150,800,350,0.6956521739130435,15,8,7,326.5696791657614,0.8205518641565153,0.16202568868039435,0.19619376036765576,132293.4340195154,40.60486069798867,132334.0388802134,1543,1,587.0930232558139,40,3,20,34.41091244361024,0.6361979166666667,42.80995934959349,1028.7601626016253,25.719004065040632,0
1632,4,1,1,43,0.022727272727272728,0.022727272727272728,0.9772727272727273,44,1150,900,250,0.782608695652174,14,9,5,319.8246005430224,0.8237975687103595,0.15940346941964956,0.19391449875965333,132639.32427300338,-315.65359684061764,132323.67067616276,1544,0,574.7272727272727,39,5,14,34.2376419927866,0.6412927350427351,42.47395833333333,1030.1041666666658,26.412927350427328,0
1633,4,0,0,43,0.0,0.0,1.0,43,850,600,250,0.7058823529411765,11,6,5,325.2843089969279,0.8199981543004798,0.16015523183411062,0.1963934587402504,132480.48159105843,18.76438198552762,132499.24597304396,1545,3,589.0930232558139,38,5,20,34.25630448318804,0.6414473684210527,42.628205128205124,1029.4871794871788,27.091767881241548,0
1634,4,0,0,43,0.0,0.0,1.0,43,1400,1000,400,0.7142857142857143,18,10,8,323.9310537952605,0.8198135843484681,0.1576771696296495,0.19571934579466596,132507.9800044743,-15.310080173874326,132492.66992430043,1546,4,590.0930232558139,38,5,20,34.26355885303173,0.6417214912280702,42.60149572649572,1029.5940170940162,27.094579397210953,0
1635,4,0,0,43,0.0,0.0,1.0,43,1200,900,300,0.75,15,9,6,324.47450052400546,0.8196290143964562,0.16119109142364985,0.19633457065605053,132562.98539201164,2.661694608788366,132565.64708662042,1547,5,591.0930232558139,38,5,20,34.19441850814399,0.6422697368421053,42.54807692307691,1029.8076923076908,27.100202429149757,0
1636,4,0,1,42,0.0,0.023255813953488372,0.9767441860465116,43,1650,1100,550,0.6666666666666666,22,11,11,328.77628338407465,0.8177371723883351,0.15940645609163417,0.20025464533393644,132810.65088757407,132.99843852729765,132943.64932610135,1548,6,592.0930232558139,38,5,16,33.83538038971808,0.644736842105263,42.307692307692314,1030.7692307692316,27.125506072874515,0
1637,4,0,0,42,0.0,0.0,1.0,42,1400,1100,300,0.7857142857142857,17,11,6,333.8506797071956,0.8188395276809911,0.15693412166441179,0.20309789893643596,132765.01092884364,464.73782798555084,133229.74875682918,1549,7,596.0952380952381,37,5,16,33.75037681313616,0.6461148648648647,42.351973684210535,1030.592105263159,27.853840682788082,0
1638,4,0,0,42,0.0,0.0,1.0,42,750,500,250,0.6666666666666666,10,5,5,332.55022026578865,0.8183797909407665,0.15503457056985903,0.20270227892258982,132838.18354381263,435.0734394404343,133273.25698325306,1550,8,597.0952380952381,38,4,16,33.710531315853125,0.6450109649122806,42.28098290598291,1030.876068376069,27.128317588843924,0
1639,4,0,0,42,0.0,0.0,1.0,42,1500,1200,300,0.8,18,12,6,330.5060313600148,0.8159843205574913,0.15743878079455498,0.2023484928840167,133003.43940618387,391.68778307401124,133395.12718925788,1551,9,598.0952380952381,38,4,17,33.59766097013638,0.6466557017543859,42.1207264957265,1031.5170940170947,27.145186684660388,0
1640,4,0,0,42,0.0,0.0,1.0,42,1050,700,350,0.6666666666666666,14,7,7,331.9933644535317,0.81431475029036,0.15706891452233052,0.2040111896069413,133141.23109796192,440.401051939516,133581.63214990144,1552,10,599.0952380952381,38,4,17,33.42132505175984,0.6480263157894737,41.98717948717949,1032.0512820512824,27.159244264507432,0
1641,4,0,1,41,0.0,0.023809523809523808,0.9761904761904762,42,1200,600,600,0.5,18,6,12,333.1723348820478,0.8139518002322881,0.15480995254357577,0.20519083951339895,133223.94035585146,477.30625410914297,133701.2466099606,1553,11,600.0952380952381,38,4,17,33.30810824795613,0.6488486842105262,41.907051282051285,1032.3717948717951,27.167678812415662,0
1642,4,0,0,41,0.0,0.0,1.0,41,1000,600,400,0.6,14,6,8,337.9025609149916,0.8087906504065041,0.1065164958106517,0.19628576238199272,131010.89000740601,654.0141873042045,131664.90419471022,1554,12,615.3170731707318,36,5,17,35.41139588604114,0.6304976851851851,44.05968468468468,1023.7612612612609,28.4378128128128,6
1643,4,1,1,41,0.023809523809523808,0.023809523809523808,0.9761904761904762,42,700,400,300,0.5714285714285714,10,4,6,331.20979025245276,0.8139034068912118,0.10287741928910221,0.19385209201563408,131300.02891514695,297.5710074253592,131597.59992257232,1555,0,601.6428571428571,37,5,17,35.29106932705681,0.6314752252252251,43.77741228070175,1024.8903508771928,27.6997392128971,0
1644,4,1,1,41,0.023809523809523808,0.023809523809523808,0.9761904761904762,42,1350,800,550,0.5925925925925926,19,8,11,329.68858131487883,0.813588850174216,0.09951107715813601,0.1933869658277364,131384.3261869037,263.18242151431605,131647.50860841802,1556,0,602.6190476190476,37,5,17,35.24509803921569,0.6323198198198199,43.69517543859649,1025.2192982456143,27.708629682313898,0
1645,4,0,0,41,0.0,0.0,1.0,41,700,400,300,0.5714285714285714,10,4,6,339.20294852232774,0.8067581300813008,0.10924556668926777,0.1985264330869262,131299.26960321798,707.419877647908,132006.6894808659,1557,15,618.3170731707318,36,5,18,35.087032560524484,0.6333912037037037,43.77815315315315,1024.8873873873865,28.46909409409407,0
1646,4,1,1,41,0.023809523809523808,0.023809523809523808,0.9761904761904762,42,900,700,200,0.7777777777777778,11,7,4,335.18051356263504,0.8104916763453349,0.10990753039486578,0.19762344457502062,131581.1250216412,420.68581198059746,132001.8108336218,1558,0,604.5714285714286,37,5,12,34.906019557550465,0.6342905405405406,43.503289473684205,1025.9868421052627,27.729374110953046,0
1647,4,0,0,41,0.0,0.0,1.0,41,900,700,200,0.7777777777777778,11,7,4,341.97466195381776,0.8058943089430894,0.1093047240192333,0.20075301722047134,131414.71021274655,788.1002201525837,132202.81043289913,1559,17,620.3170731707318,36,5,18,34.8995515284642,0.6345486111111112,43.66554054054054,1025.337837837838,28.481606606606608,0
1648,4,0,1,40,0.0,0.024390243902439025,0.975609756097561,41,750,300,450,0.4,12,3,9,342.1485938437737,0.8055386178861789,0.10813025986618352,0.20100678035750966,131443.57829112877,794.6470964207246,132238.2253875495,1560,18,621.3170731707318,36,5,18,34.865976645435246,0.6348379629629631,43.63738738738738,1025.450450450449,28.48473473473469,0
1649,4,0,0,40,0.0,0.0,1.0,40,1200,1100,100,0.9166666666666666,13,11,2,360.5952024102884,0.7991452991452992,0.03839195130199502,0.21368336944433344,131773.38023244613,1503.369743441371,133276.7499758875,1561,21,637.4,35,5,17,34.06006932702062,0.6401785714285714,43.31597222222223,1026.7361111111122,29.33531746031749,5
1650,4,0,0,40,0.0,0.0,1.0,40,1050,1000,50,0.9523809523809523,11,10,1,358.534449513985,0.7969818376068376,0.045214084507041896,0.213127477524221,131892.24222232954,1457.5824920696289,133349.82471439918,1562,22,638.4,35,5,17,33.99307511737087,0.6413690476190474,43.20023148148149,1027.1990740740753,29.348544973545007,0
1651,4,1,0,41,0.024390243902439025,0.0,1.0,41,950,600,350,0.631578947368421,13,6,7,352.53431290092317,0.8006605691056911,0.04976857870924101,0.2114304255121906,132228.78674207453,1123.0368959679965,133351.82363804252,1563,0,623.8048780487804,37,4,18,33.80819118692252,0.6407657657657657,42.87280701754386,1028.5087719298251,27.79753437648176,0
1652,4,1,1,41,0.023809523809523808,0.023809523809523808,0.9761904761904762,42,1200,900,300,0.75,15,9,6,343.97306474241685,0.8091124661246613,0.04289161635057526,0.20831328156837647,132595.55975155806,721.9684181671178,133317.52816972518,1564,0,609.9285714285714,37,5,19,33.65970669647609,0.6444256756756757,42.51644736842105,1029.934210526315,27.836059743954458,0
1653,4,0,0,41,0.0,0.0,1.0,41,1050,600,450,0.5714285714285714,15,6,9,330.1309817480205,0.7996443089430895,0.08507416371873644,0.19135910888933913,130928.03955078112,444.6804470485964,131372.71999782973,1565,2,625.8048780487804,39,2,17,35.6939143341815,0.6241987179487181,44.14062499999999,1023.437499999999,26.241987179487154,6
1654,4,0,0,41,0.0,0.0,1.0,41,1000,600,400,0.6,14,6,8,331.6965060659312,0.7979674796747968,0.08804900377352887,0.1930673979357115,131088.00048828122,496.2863498263887,131584.2868381076,1566,3,626.8048780487804,39,2,17,35.492426168921455,0.625801282051282,43.984375,1024.0624999999998,26.258012820512814,0
1655,4,0,0,41,0.0,0.0,1.0,41,800,400,400,0.5,12,4,8,333.9449805231805,0.7970020325203252,0.09875606532826575,0.19518816241274678,131248.05908203137,565.9261067708487,131813.9851888022,1567,4,627.8048780487804,39,2,17,35.27339381925385,0.627403846153846,43.82812500000001,1024.687500000001,26.274038461538485,0
1656,4,0,0,41,0.0,0.0,1.0,41,750,400,350,0.5333333333333333,11,4,7,333.1350386674599,0.7970020325203252,0.10390640491770786,0.19512195121951234,131328.12500000012,550.0000000000146,131878.12500000012,1568,5,628.8048780487804,39,2,17,35.21341463414635,0.6282051282051282,43.75000000000001,1025.000000000001,26.282051282051306,0
1657,4,0,0,41,0.0,0.0,1.0,41,800,400,400,0.5,12,4,8,334.6477311392159,0.797459349593496,0.10781610889345683,0.19671056774068188,131465.04635336774,598.8958972532773,132063.942250621,1569,6,629.8048780487804,38,3,17,35.036635760669526,0.6313048245614035,43.616452991452995,1025.5341880341887,26.987741790373388,0
1658,4,1,1,41,0.023809523809523808,0.023809523809523808,0.9761904761904762,42,1300,900,400,0.6923076923076923,17,9,8,329.35125204688217,0.8026277584204413,0.10724675500401082,0.19480355568247212,131702.08875868094,275.24956597226134,131977.3383246532,1570,0,615.7857142857143,39,3,14,34.93378323523442,0.6319444444444443,43.385416666666686,1026.4583333333364,26.319444444444525,0
1659,4,0,0,41,0.0,0.0,1.0,41,950,600,350,0.631578947368421,13,6,7,339.9063577485578,0.7941056910569105,0.12000396052675022,0.2009526387009473,131684.26890432095,752.0640432098776,132436.33294753084,1571,8,631.8048780487804,38,3,14,34.680875056382504,0.6334978070175439,43.40277777777778,1026.3888888888887,27.010233918128648,0
1660,4,0,0,41,0.0,0.0,1.0,41,1100,700,400,0.6363636363636364,15,7,8,339.5421312522172,0.7941056910569105,0.11768082379545675,0.2013962894033911,131809.03320312512,750.9440104166811,132559.9772135418,1572,9,632.8048780487804,39,2,15,34.56456684925949,0.6330128205128205,43.28125000000001,1026.875000000001,26.33012820512823,0
1661,4,0,0,41,0.0,0.0,1.0,41,950,600,350,0.631578947368421,13,6,7,339.1877859780612,0.7940548780487805,0.11436528724885675,0.20161125723506115,131889.27001953137,747.0458984375147,132636.3159179689,1573,10,633.8048780487804,39,2,16,34.49288865226652,0.6338141025641024,43.20312500000001,1027.187500000001,26.33814102564105,0
1662,4,0,0,41,0.0,0.0,1.0,41,1100,700,400,0.6363636363636364,15,7,8,342.2407870403332,0.7943089430894309,0.12159661899259677,0.20391258678637655,131979.97352972772,833.7860028752768,132813.759532603,1574,11,634.8048780487804,40,1,16,34.323179375597526,0.6330729166666667,43.114837398373986,1027.5406504065045,25.68851626016261,0
1663,4,0,0,41,0.0,0.0,1.0,41,1000,700,300,0.7,13,7,6,345.8661652158019,0.7945121951219513,0.12117003732314924,0.20678381367157517,132110.53688280782,938.5129552514983,133049.04983805932,1575,12,635.8048780487804,40,1,17,34.09862264399629,0.6343750000000001,42.98780487804878,1028.0487804878046,25.701219512195117,0
1664,4,0,0,41,0.0,0.0,1.0,41,1100,800,300,0.7272727272727273,14,8,6,343.69964746593854,0.7942073170731707,0.11738452529273835,0.20619941505647693,132241.16478493292,890.2483434133102,133131.41312834623,1576,13,636.8048780487804,40,1,17,34.02290616869215,0.6356770833333334,42.860772357723576,1028.5569105691059,25.713922764227647,0
1665,4,0,0,41,0.0,0.0,1.0,41,1350,1100,250,0.8148148148148148,16,11,5,344.28339989020066,0.7943089430894309,0.11498533116873766,0.20726597546303024,132371.8572361027,914.6866118051287,133286.54384790783,1577,14,637.8048780487804,40,1,17,33.87648956481663,0.6369791666666667,42.73373983739837,1029.0650406504053,25.726626016260134,0
1666,4,0,0,41,0.0,0.0,1.0,41,950,700,250,0.7368421052631579,12,7,5,343.3414060537055,0.7944105691056911,0.1141265963775362,0.20714429851768637,132452.98603121116,895.3240559171577,133348.3100871283,1578,15,638.8048780487804,38,3,17,33.81919218128351,0.6411732456140351,42.65491452991453,1029.3803418803416,27.088956365272146,0
1667,4,0,0,41,0.0,0.0,1.0,41,850,600,250,0.7058823529411765,11,6,5,345.82085222338577,0.7949186991869919,0.11665713461450866,0.20909795318249616,132535.48127145867,966.706616626471,133502.18788808514,1579,16,639.8048780487804,38,3,17,33.67248564709137,0.6419956140350878,42.57478632478632,1029.7008547008534,27.09739091318035,0
1668,4,0,0,41,0.0,0.0,1.0,41,1400,1000,400,0.7142857142857143,18,10,8,339.93875249511,0.7940548780487805,0.10320022710978738,0.20636521393984564,132685.7824790137,821.0078739506768,133506.79035296437,1580,17,640.8048780487804,40,1,15,33.6730206483856,0.6401041666666667,42.42886178861788,1030.2845528455275,25.757113821138187,0
1669,4,0,0,41,0.0,0.0,1.0,41,850,600,250,0.7058823529411765,11,6,5,339.2656653011685,0.7944105691056911,0.10764901140135685,0.20624423538092593,132738.13950029723,806.6986416815171,133544.83814197875,1581,18,641.8048780487804,40,1,15,33.63782051282051,0.6406250000000002,42.378048780487795,1030.4878048780472,25.76219512195118,0
1670,4,0,0,41,0.0,0.0,1.0,41,900,800,100,0.8888888888888888,10,8,2,340.1946743930917,0.7936483739837399,0.10558844890361763,0.2070981025026852,132790.50684942826,834.9246480269692,133625.43149745523,1582,19,642.8048780487804,40,1,15,33.56134555971867,0.6411458333333333,42.327235772357724,1030.6910569105692,25.76727642276423,0
1671,4,0,0,41,0.0,0.0,1.0,41,800,500,300,0.625,11,5,6,338.1497679472379,0.7930894308943089,0.10293721628068009,0.20614130084475848,132842.88452640624,784.1581152091956,133627.04264161544,1583,20,643.8048780487804,40,1,15,33.561505980546784,0.6416666666666667,42.27642276422764,1030.8943089430893,25.772357723577233,0
1672,4,0,0,41,0.0,0.0,1.0,41,1250,900,350,0.72,16,9,7,339.5167368433977,0.7934451219512195,0.1082803772460279,0.20755517141486712,132947.6708639035,827.5918765285007,133775.262740432,1584,21,644.8048780487804,40,1,16,33.42119957955591,0.6427083333333334,42.17479674796747,1031.3008130081282,25.782520325203205,0
1673,4,0,1,40,0.0,0.024390243902439025,0.975609756097561,41,1150,900,250,0.782608695652174,14,9,5,337.6000037110795,0.7924288617886179,0.11386118392757205,0.20681820384255678,133026.2877276256,781.9350461035,133808.2227737291,1585,22,645.8048780487804,40,1,17,33.391825107542765,0.6434895833333334,42.09857723577235,1031.6056910569096,25.79014227642274,0
1674,4,0,0,40,0.0,0.0,1.0,40,1300,1000,300,0.7692307692307693,16,10,6,337.3599136540542,0.7881677350427351,0.13266474921788318,0.20750461728106903,133176.37939453122,985.6743706597216,134162.05376519094,1586,23,661.05,39,1,18,33.24765785313016,0.6466346153846154,41.953125,1032.1874999999998,26.46634615384615,0
1675,4,0,1,39,0.0,0.025,0.975,40,800,700,100,0.875,9,7,2,337.58619405168963,0.7882745726495727,0.1351957421047325,0.20794386384377198,133230.14458550327,995.3314887152578,134225.47607421852,1587,24,662.05,39,1,18,33.18797716342111,0.6471688034188036,41.90104166666666,1032.3958333333317,26.47168803418799,0
1676,4,1,0,40,0.025,0.0,1.0,40,1300,1000,300,0.7692307692307693,16,10,6,332.7164726812937,0.7980769230769231,0.1302398226521566,0.20688460368979686,133579.88281249997,888.8454861111105,134468.7282986111,1588,0,624.175,39,1,20,32.963858659142815,0.6506410256410258,41.5625,1033.7499999999998,26.506410256410252,0
1677,4,0,0,40,0.0,0.0,1.0,40,1250,1000,250,0.8,15,10,5,330.74531910914095,0.7976228632478632,0.1253022365504739,0.20595847161087402,133633.72938368047,839.7460937499945,134473.47547743047,1589,1,625.175,39,1,20,32.96099469406945,0.6511752136752137,41.510416666666664,1033.9583333333328,26.511752136752122,0
1678,4,0,0,40,0.0,0.0,1.0,40,1250,1100,150,0.88,14,11,3,330.7320630830006,0.7972756410256411,0.12706382764522317,0.20700451056102354,133822.27783203122,851.8636067708336,134674.14143880206,1590,2,626.175,39,1,15,32.77301671197021,0.6530448717948718,41.328125,1034.6874999999998,26.530448717948712,0
1679,4,0,0,40,0.0,0.0,1.0,40,1150,600,550,0.5217391304347826,17,6,11,333.5505993708729,0.7963942307692308,0.13284708249496968,0.20984132643965056,134010.95920138896,939.8871527777831,134950.84635416674,1591,3,627.175,39,1,16,32.511737089201866,0.65491452991453,41.145833333333336,1035.4166666666672,26.549145299145312,0
1680,4,0,0,40,0.0,0.0,1.0,40,1000,800,200,0.8,12,8,4,333.9097200293588,0.7954861111111111,0.13274492053912668,0.2103758198055695,134064.892578125,953.114149305556,135018.00672743056,1592,4,628.175,39,1,16,32.44861865486487,0.6554487179487181,41.09375,1035.625,26.55448717948718,0
1681,4,0,0,40,0.0,0.0,1.0,40,1050,800,250,0.7619047619047619,13,8,5,338.218717845377,0.7939102564102564,0.1376168694078621,0.2138754981823243,134199.7734917533,1077.775065104148,135277.54855685745,1593,5,629.175,39,1,16,32.20244378539592,0.6567841880341881,40.96354166666666,1036.145833333332,26.56784188034184,0
1682,4,1,0,41,0.024390243902439025,0.0,1.0,41,1000,800,200,0.8,12,8,4,335.8023929639325,0.7978150406504065,0.15330464267707278,0.2140871346023019,134498.06791798837,832.9546111771883,135331.02252916555,1594,0,614.8048780487804,40,1,17,31.96764475360048,0.6580729166666668,40.67581300813007,1037.2967479674778,25.932418699186947,0
1683,4,0,0,41,0.0,0.0,1.0,41,1150,900,250,0.782608695652174,14,9,5,337.60072360073946,0.7977642276422764,0.14933301997879944,0.21602543411908576,134631.84814453113,890.3721985068887,135522.22034303803,1595,1,615.8048780487804,39,2,17,31.78771872595269,0.6610576923076924,40.54687499999999,1037.812499999999,26.6105769230769,0
1684,4,0,0,41,0.0,0.0,1.0,41,1450,1000,450,0.6896551724137931,19,10,9,334.67185755693265,0.7955284552845528,0.15232802944588486,0.21507402770545503,134788.11905115988,821.9580358913242,135610.0770870512,1596,2,616.8048780487804,40,1,15,31.708137600313187,0.6609375000000001,40.39634146341463,1038.4146341463404,25.96036585365851,0
1685,4,0,0,41,0.0,0.0,1.0,41,1300,1100,200,0.8461538461538461,15,11,4,344.96709387987937,0.7955284552845528,0.1717676452217365,0.2037979030633528,131656.85609796166,888.7444652516722,132545.60056321335,1597,3,617.8048780487804,38,3,18,34.57864876119092,0.6332236842105264,43.42948717948717,1026.2820512820497,27.007422402159204,7
1686,4,0,0,41,0.0,0.0,1.0,41,1200,1100,100,0.9166666666666666,13,11,2,341.48373453337854,0.7973069105691057,0.16445775487931802,0.20232174407310496,131766.52444480947,799.2249707794314,132565.7494155889,1598,4,618.8048780487804,38,3,18,34.557535553243135,0.6343201754385966,43.32264957264956,1026.7094017093998,27.018668466036836,0
1687,4,0,0,41,0.0,0.0,1.0,41,1400,1100,300,0.7857142857142857,17,11,6,339.84227200736905,0.7984247967479675,0.1696205229162755,0.20193100142638076,131876.23844875421,763.4240996420202,132639.66254839624,1599,5,619.8048780487804,38,3,18,34.489199778101366,0.6354166666666667,43.21581196581195,1027.1367521367501,27.02991452991448,0
1688,4,0,0,41,0.0,0.0,1.0,41,850,400,450,0.47058823529411764,13,4,9,337.9464692481318,0.7978658536585366,0.1656264186641041,0.2012403216569213,131958.55391418267,718.9854764774364,132677.53939066012,1600,6,620.8048780487804,38,3,18,34.455044885792525,0.6362390350877194,43.13568376068375,1027.4572649572629,27.038349077822705,0
1689,4,0,0,41,0.0,0.0,1.0,41,900,600,300,0.6666666666666666,12,6,6,340.4238303918034,0.7990853658536585,0.16886099436758295,0.20345081341800808,132095.80342793468,793.7118763240351,132889.5153042587,1601,7,621.8048780487804,38,3,18,34.253317051202096,0.6376096491228072,43.00213675213674,1027.9914529914515,27.052406657669778,0
1690,4,0,0,41,0.0,0.0,1.0,41,750,500,250,0.6666666666666666,10,5,5,339.6857556770313,0.7973069105691057,0.16373845226089911,0.20359994297304485,132205.65440317037,781.6755241434638,132987.32992731384,1602,8,622.8048780487804,38,3,20,34.16181868550453,0.6387061403508772,42.89529914529914,1028.4188034188028,27.06365272154744,0
1691,4,0,0,41,0.0,0.0,1.0,41,800,700,100,0.875,9,7,2,339.6857556770313,0.7973069105691057,0.16373845226089911,0.20359994297304485,132205.65440317037,781.6755241434638,132987.32992731384,1603,9,623.8048780487804,38,3,20,34.16181868550453,0.6387061403508772,42.89529914529914,1028.4188034188028,27.06365272154744,0
1692,4,0,0,41,0.0,0.0,1.0,41,650,400,250,0.6153846153846154,9,4,5,338.74131467075,0.797510162601626,0.1618162333072386,0.20318147266886644,132233.12428090058,758.5644723865746,132991.68875328716,1604,10,624.8048780487804,38,3,20,34.15848654824971,0.6389802631578948,42.86858974358974,1028.5256410256397,27.066464237516836,0
1693,4,1,0,42,0.023809523809523808,0.0,1.0,42,1250,800,450,0.64,17,8,9,333.6481545330833,0.8037408052651955,0.11504929055786683,0.18796762323920002,129822.05119307293,263.08028812176417,130085.1314811947,1605,0,610.9047619047619,40,2,17,36.723008908389865,0.6114583333333332,45.22357723577236,1019.1056910569107,25.477642276422767,7
1694,4,1,0,43,0.023255813953488372,0.0,1.0,43,1050,500,550,0.47619047619047616,16,5,11,323.01549223194263,0.8131690660760428,0.11352924382290919,0.1809120543344884,129591.85157933204,-224.9801067353634,129366.87147259667,1606,0,597.6744186046511,37,6,13,37.22718788139851,0.6143018018018018,45.44956140350877,1018.2017543859644,27.518966334755795,1
1695,4,0,0,43,0.0,0.0,1.0,43,1450,1200,250,0.8275862068965517,17,12,5,320.0471727702711,0.8124307862679956,0.10129833071764849,0.1798885833157041,129731.44531250001,-295.9635416666665,129435.48177083334,1607,1,598.6744186046511,37,6,13,37.16129856850715,0.6157094594594594,45.3125,1018.7500000000001,27.533783783783786,0
1696,4,1,0,44,0.022727272727272728,0.0,1.0,44,1550,1100,450,0.7096774193548387,20,11,9,313.72377055426006,0.8187764270613108,0.11228145068488105,0.1782620682337314,130156.27170138879,-633.3767361111202,129522.89496527766,1608,0,586.0454545454545,39,5,14,36.892609228256426,0.6164529914529915,44.89583333333333,1020.4166666666658,26.164529914529894,0
1697,4,1,0,45,0.022222222222222223,0.0,1.0,45,1050,800,250,0.7619047619047619,13,8,5,308.90742762814165,0.8265572390572391,0.12154796305739679,0.1766085905477511,130395.54172092021,-943.9263237847177,129451.6153971355,1609,0,574.0,39,6,15,36.773861125276206,0.6188568376068376,44.661458333333336,1021.3541666666673,26.188568376068392,0
1698,4,1,0,46,0.021739130434782608,0.0,1.0,46,650,400,250,0.6153846153846154,9,4,5,315.3357542489012,0.8315217391304348,0.11966680211296188,0.17421552787428746,129053.65982362835,-1045.6945791245125,128007.96524450384,1610,0,562.5,42,4,16,37.968481785237465,0.6006944444444444,45.97868217054263,1016.0852713178291,24.192506459948312,6
1699,4,0,0,46,0.0,0.0,1.0,46,1250,800,450,0.64,17,8,9,316.5229769695021,0.832830112721417,0.11993002354657878,0.1750892923236361,129102.89345592217,-1027.1935655910067,128075.69989033116,1611,1,563.5,42,4,16,37.88834064327484,0.6011904761904763,45.93023255813954,1016.2790697674423,24.197120708748624,0
1700,4,0,0,46,0.0,0.0,1.0,46,1150,800,350,0.6956521739130435,15,8,7,320.37712537213037,0.830817230273752,0.12230378317334845,0.17836346078837748,129356.41503899805,-911.3576045941688,128445.05743440388,1612,2,564.5,40,6,16,37.53309190809192,0.6067708333333333,45.680894308943095,1017.2764227642284,25.43191056910571,0
1701,4,0,1,45,0.0,0.021739130434782608,0.9782608695652174,46,1650,1200,450,0.7272727272727273,21,12,9,315.95294174687905,0.8280394524959742,0.11863192804556189,0.17659512636923785,129511.53413973167,-1016.0899596800805,128495.44418005159,1613,3,565.5,40,6,13,37.48835197018104,0.6083333333333333,45.52845528455285,1017.8861788617888,25.44715447154472,0
1702,4,0,0,45,0.0,0.0,1.0,45,1500,1200,300,0.8,18,12,6,320.27563706284,0.8250420875420876,0.11473425131377679,0.17972018111107424,129666.74619109007,-694.1800515566006,128972.56613953348,1614,4,562.0888888888888,40,5,14,37.22103039978713,0.6098958333333333,45.37601626016261,1018.4959349593505,25.462398373983763,0
1703,4,1,0,46,0.021739130434782608,0.0,1.0,46,850,600,250,0.7058823529411765,11,6,5,331.2307227375396,0.8270128824476651,0.17487382856442557,0.17547278767743896,127373.97057183227,-701.7722585762372,126672.19831325603,1615,0,550.8478260869565,40,6,15,39.27816369676837,0.58671875,47.63719512195122,1009.4512195121953,25.236280487804883,6
1704,4,1,1,46,0.02127659574468085,0.02127659574468085,0.9787234042553191,47,750,500,250,0.6666666666666666,10,5,5,323.5492902249395,0.8334104224483503,0.17021276595744705,0.17249345595427765,127629.96890210934,-1141.082830058279,126488.88607205106,1616,0,540.1063829787234,42,5,15,39.210339151003716,0.5863095238095237,47.38372093023256,1010.4651162790705,24.05869324473977,0
1705,4,4,3,47,0.08,0.06,0.94,50,950,500,450,0.5263157894736842,14,5,9,260.0294973320283,0.8411054421768708,0.05149425287356335,0.14266483232000468,128778.12499999997,-3302.7777777777783,125475.34722222219,1617,0,508.62,49,1,11,39.6517515051998,0.5892857142857143,46.25,1014.9999999999998,20.714285714285708,7
1706,4,0,0,47,0.0,0.0,1.0,47,1200,700,500,0.5833333333333334,17,7,10,272.6306293902585,0.8306737588652482,0.04643248339770922,0.14888625445603568,128593.72740461996,-2388.2822324078275,126205.44517221213,1618,1,542.0851063829788,46,1,13,39.5186900911925,0.5908061594202899,46.43173758865248,1014.2730496453898,22.049414122725867,0
1707,4,0,0,47,0.0,0.0,1.0,47,1550,1100,450,0.7096774193548387,20,11,9,272.2400769077939,0.8315602836879432,0.04269819581160639,0.14900945385986125,128683.6609466953,-2393.4300494190425,126290.23089727625,1619,2,543.0851063829788,46,1,13,39.43752730449981,0.5917119565217391,46.34308510638298,1014.6276595744678,22.057123034227562,0
1708,4,1,1,47,0.020833333333333332,0.020833333333333332,0.9791666666666666,48,600,300,300,0.5,9,3,6,268.4061679818606,0.8384493203309692,0.04967017153929465,0.14768651707675456,128892.69039954651,-2680.8813777970795,126211.80902174943,1620,0,532.75,47,1,13,39.323317376189664,0.5926418439716312,46.13715277777777,1015.4513888888875,21.605348699763564,0
1709,4,2,1,48,0.04081632653061224,0.02040816326530612,0.9795918367346939,49,1450,900,550,0.6206896551724138,20,9,11,268.54657632315195,0.8375850340136055,0.08187817015045917,0.14917664779674958,129268.99524828992,-2856.3123302290014,126412.68291806092,1621,0,522.8367346938776,46,3,16,38.93949960770639,0.5975996376811594,45.76684397163121,1016.932624113476,22.10723095898861,0
1710,4,1,1,48,0.02040816326530612,0.02040816326530612,0.9795918367346939,49,1450,700,750,0.4827586206896552,22,7,15,270.6036463135079,0.8396045918367347,0.1014167841542053,0.15100920058496622,129449.36532524771,-2794.105946003721,126655.25937924399,1622,0,523.1428571428571,46,3,12,38.70509916659407,0.599411231884058,45.5895390070922,1017.641843971631,22.12264878199198,0
1711,4,1,1,48,0.02040816326530612,0.02040816326530612,0.9795918367346939,49,1350,1000,350,0.7407407407407407,17,10,7,267.9699047406901,0.8406675170068028,0.10103685092418746,0.1500247738760648,129576.73343611365,-2855.467016902958,126721.26641921069,1623,0,524.1224489795918,47,2,13,38.64362193423708,0.5995124113475176,45.46440972222223,1018.1423611111121,21.662603427896002,0
1712,4,2,1,49,0.04,0.02,0.98,50,900,700,200,0.7777777777777778,11,7,4,270.18708203981487,0.8404591836734694,0.10870455709165383,0.15033486359651227,129333.80126953126,-3007.5148594232255,126326.28641010803,1624,0,514.6,47,3,17,38.83235193719065,0.5970744680851063,45.703125,1017.1875000000001,21.642287234042556,1
1713,4,2,3,48,0.0392156862745098,0.058823529411764705,0.9411764705882353,51,1300,900,400,0.6923076923076923,17,9,8,268.68315533170346,0.8495424836601309,0.11321917082984356,0.1507734400580386,129667.78125000003,-3232.0902777777783,126435.69097222225,1625,0,503.8235294117647,49,2,11,38.533655157366496,0.5982142857142857,45.375,1018.5000000000002,20.785714285714292,0
1714,4,1,1,48,0.02040816326530612,0.02040816326530612,0.9795918367346939,49,1600,1300,300,0.8125,19,13,6,288.23777649308647,0.8435019841269842,0.14323238916707615,0.1581588137275293,128782.53041962007,-2376.001956139114,126406.52846348097,1626,0,525.0,47,2,13,38.93150104050857,0.5915336879432624,46.24565972222221,1015.0173611111079,21.596114066193785,1
1715,4,1,3,46,0.02040816326530612,0.061224489795918366,0.9387755102040817,49,1600,1000,600,0.625,22,10,12,283.25575279421463,0.8472930839002267,0.13559392987964403,0.15603071128494833,128936.76757812468,-2495.58376736114,126441.18381076354,1627,0,525.5510204081633,47,2,13,38.90170940170938,0.5930851063829788,46.093749999999986,1015.6249999999975,21.609042553191436,0
1716,4,0,1,45,0.0,0.021739130434782608,0.9782608695652174,46,1400,1000,400,0.7142857142857143,18,10,8,293.2336602532406,0.838365539452496,0.12980834500226957,0.1611994162716317,128856.28450069559,-1643.000009845636,127213.28449084995,1628,2,544.1304347826087,45,1,15,38.72994543075506,0.594675925925926,46.173007246376805,1015.3079710144914,22.562399355877588,0
1717,4,2,1,46,0.0425531914893617,0.02127659574468085,0.9787234042553191,47,1500,1100,400,0.7333333333333333,19,11,8,288.10757711109056,0.843432007400555,0.1334268568311121,0.1595865448867519,129156.32780669983,-1957.8166654091885,127198.51114129064,1629,0,533.1276595744681,46,1,18,38.556202395488114,0.5964673913043477,45.87765957446808,1016.4893617021274,22.097594819611466,0
1718,4,1,0,47,0.02127659574468085,0.0,1.0,47,1300,1100,200,0.8461538461538461,15,11,4,291.89944700090274,0.8462843046561825,0.14725170199502413,0.1623446701522113,129316.52624350232,-1850.5076410261545,127466.01860247616,1630,0,533.3617021276596,45,2,19,38.2976927301333,0.5993055555555554,45.72010869565219,1017.1195652173947,22.60265700483099,0
1719,4,3,5,45,0.06,0.1,0.9,50,1100,800,300,0.7272727272727273,14,8,6,280.2415267627821,0.8571938775510204,0.15830678121611474,0.15825792107202064,129915.59596840448,-2718.4510071035115,127197.14496130096,1631,0,502.3,48,2,14,37.98933744821644,0.6017795138888888,45.13180272108844,1019.4727891156472,21.239016439909317,0
1720,4,0,0,45,0.0,0.0,1.0,45,1450,1100,350,0.7586206896551724,18,11,7,303.7670017532278,0.8336700336700337,0.14653547299045,0.16876119150687627,129273.60541673865,-1146.1888953454784,128127.41652139317,1632,1,558.5555555555555,43,2,20,38.03940854207405,0.6015019379844961,45.762310606060616,1016.9507575757596,23.65001761804092,0
1721,4,4,3,46,0.08163265306122448,0.061224489795918366,0.9387755102040817,49,1150,800,350,0.6956521739130435,15,8,7,289.53119058397454,0.8514384920634921,0.16470343030829349,0.16403044789593546,130041.14598403747,-2269.806435667435,127771.33954837004,1633,0,513.8775510204082,47,2,17,37.6258865248227,0.6041666666666666,45.00868055555556,1019.9652777777782,21.701388888888896,0
1722,4,0,0,46,0.0,0.0,1.0,46,1400,700,700,0.5,21,7,14,302.40034449732354,0.8393317230273752,0.1636062077952849,0.17073988681618102,129908.37191358018,-1343.1327160493909,128565.23919753078,1634,1,545.8913043478261,44,2,17,37.43188010899181,0.6065340909090909,45.138888888888886,1019.4444444444439,23.169191919191906,0
1723,4,1,1,46,0.02127659574468085,0.02127659574468085,0.9787234042553191,47,1600,1100,500,0.6875,21,11,10,299.0334833365819,0.8458217699660807,0.1661383233612077,0.17027833874279627,130239.47113428096,-1610.8074557603586,128628.6636785206,1635,0,535.2553191489362,45,2,18,37.183405064039995,0.6085648148148148,44.81431159420289,1020.7427536231869,22.683172302737486,0
1724,4,0,1,45,0.0,0.021739130434782608,0.9782608695652174,46,400,200,200,0.5,6,2,4,304.4571652552615,0.8417270531400967,0.16373891736407842,0.17283943863718315,130120.84297839495,-1276.755401234579,128844.08757716038,1636,1,547.6521739130435,44,2,19,37.16478355567654,0.6086647727272728,44.93055555555555,1020.2777777777769,23.188131313131294,0
1725,4,0,0,45,0.0,0.0,1.0,45,1000,700,300,0.7,13,7,6,310.7656673123058,0.8357744107744108,0.16437677930437022,0.17618777727832394,130069.3188992193,-915.7842630854088,129153.53463613389,1637,2,560.6,43,2,20,37.055947518257234,0.609496124031008,44.9810606060606,1020.0757575757563,23.722692036645494,0
1726,4,1,1,45,0.021739130434782608,0.021739130434782608,0.9782608695652174,46,1050,700,350,0.6666666666666666,14,7,7,306.07237593238995,0.8409420289855073,0.16176168990976203,0.1742841876176995,130238.9574759944,-1227.4905692729885,129011.4669067214,1638,0,549.3913043478261,44,2,20,37.00430122157717,0.6098484848484849,44.81481481481481,1020.7407407407397,23.198653198653176,0
1727,4,1,1,45,0.021739130434782608,0.021739130434782608,0.9782608695652174,46,1000,700,300,0.7,13,7,6,304.29371051037344,0.8419283413848632,0.16227688564887943,0.1738290486123075,130363.87963750299,-1266.211839674159,129097.66779782884,1639,0,550.3695652173913,41,5,20,36.923612460332876,0.6153455284552847,44.69246031746031,1021.2301587301574,24.90805265195506,0
1728,4,0,2,43,0.0,0.044444444444444446,0.9555555555555556,45,350,200,150,0.5714285714285714,5,2,3,298.75543407465625,0.8375,0.15907214792801727,0.16896000599348213,129972.73875114789,-1230.4346775058305,128742.30407364205,1640,5,563.6,43,2,17,37.45975730559683,0.6085271317829457,45.07575757575758,1019.69696969697,23.713883016208605,2
1729,4,0,2,41,0.0,0.046511627906976744,0.9534883720930233,43,1150,900,250,0.782608695652174,14,9,5,309.33832337971035,0.8341177556293835,0.10173881049880351,0.1685945822944064,128513.9377170138,-619.370641787194,127894.56707522662,1641,6,579.0,39,4,17,38.66901239641122,0.5998931623931625,46.510416666666664,1013.9583333333326,25.998931623931604,6
1730,4,1,1,41,0.023809523809523808,0.023809523809523808,0.9761904761904762,42,1100,900,200,0.8181818181818182,13,9,4,323.7799748707144,0.8315427797135114,0.15804295384746192,0.17129375057800098,127319.21744379489,-49.65333259783068,127269.56411119706,1642,0,593.3809523809524,36,6,14,39.52219556646581,0.5931712962962965,47.69144144144143,1009.2342342342322,28.034284284284226,7
1731,4,3,3,41,0.06818181818181818,0.06818181818181818,0.9318181818181819,44,1000,800,200,0.8,12,8,4,306.733696522993,0.8449392177589853,0.13486766398158823,0.1659723426391539,128225.67389875083,-933.7730111768547,127291.90088757397,1643,0,567.3409090909091,38,6,18,39.028217299578074,0.5986842105263157,46.794871794871796,1012.8205128205129,26.653171390013497,1
1732,4,3,1,43,0.06818181818181818,0.022727272727272728,0.9772727272727273,44,900,600,300,0.6666666666666666,12,6,6,309.907579985191,0.8405787526427062,0.16852089539372228,0.168945022495086,128523.41666894949,-833.9237937395015,127689.49287520998,1644,0,568.2727272727273,38,6,16,38.64494433322797,0.6016995614035088,46.501068376068375,1013.9957264957262,26.684098065677006,0
1733,4,0,0,43,0.0,0.0,1.0,43,1050,800,250,0.7619047619047619,13,8,5,316.1411762019594,0.8333794758213362,0.16312773845635364,0.1721461316350596,128477.80687326849,-476.57500384735573,128001.23186942114,1645,1,582.4883720930233,37,6,18,38.53332972817076,0.6030405405405406,46.54605263157894,1013.8157894736826,27.400426742531963,0
1734,4,0,0,43,0.0,0.0,1.0,43,1100,800,300,0.7272727272727273,14,8,6,317.0075800452806,0.8332871908453303,0.1610931012195036,0.17273830834877466,128505.59937913569,-452.55018371038886,128053.0491954253,1646,2,583.4883720930233,37,6,18,38.48308910998164,0.6033220720720722,46.518640350877185,1013.9254385964896,27.403390232337557,0
1735,4,0,0,43,0.0,0.0,1.0,43,1350,1000,350,0.7407407407407407,17,10,7,319.43429366042875,0.8328257659653008,0.15908645412920097,0.1749139025759528,128700.23108071688,-377.74651815946555,128322.48456255742,1647,3,584.4883720930233,37,6,19,38.223560982638126,0.6052927927927929,46.3267543859649,1014.6929824561382,27.42413466097671,0
1736,4,0,0,43,0.0,0.0,1.0,43,1250,800,450,0.64,17,8,9,318.98828655262673,0.8331949058693244,0.15758702094530164,0.17540567300934196,128867.17547706956,-378.57610033859953,128488.59937673096,1648,4,585.4883720930233,37,6,20,38.065154787617004,0.6069819819819822,46.16228070175437,1015.3508771929799,27.441915599810265,0
1737,4,3,3,43,0.06521739130434782,0.06521739130434782,0.9347826086956522,46,1450,1100,350,0.7586206896551724,18,11,7,299.839108037893,0.8503220611916265,0.15596822158067214,0.16747845326266037,129485.67450137157,-1435.0261707647549,128050.64833060681,1649,0,548.2391304347826,40,6,15,37.92457147611915,0.6080729166666667,45.55386178861789,1017.7845528455288,25.44461382113822,0
1738,4,1,0,44,0.022727272727272728,0.0,1.0,44,1250,800,450,0.64,17,8,9,315.781924961926,0.8407769556025371,0.17109560782740707,0.17547741644556758,129282.86540516102,-634.9615795529342,128647.90382560808,1650,0,574.1363636363636,38,6,21,37.72455089820358,0.609375,45.753205128205124,1016.9871794871791,26.762820512820504,0
1739,4,2,1,45,0.043478260869565216,0.021739130434782608,0.9782608695652174,46,1050,700,350,0.6666666666666666,14,7,7,306.6417988674023,0.846658615136876,0.18335494165752464,0.17263881624050775,129796.16057117129,-1239.8143672747685,128556.34620389652,1651,0,550.1304347826087,40,6,18,37.437252750905884,0.6111979166666668,45.2489837398374,1019.0040650406506,25.475101626016265,0
1740,4,0,0,45,0.0,0.0,1.0,45,1050,800,250,0.7619047619047619,13,8,5,319.8464227256704,0.8446969696969697,0.17756316047309118,0.1785965429592457,129473.07715136219,-716.8633311487706,128756.21382021342,1652,1,563.3555555555556,38,7,16,37.42826649870529,0.611293859649123,45.566239316239304,1017.735042735041,26.78250112460634,1
1741,4,1,0,46,0.021739130434782608,0.0,1.0,46,1000,700,300,0.7,13,7,6,302.4242241275209,0.8500402576489533,0.14387243191591015,0.16188590820943766,127793.20987654316,-1470.4475308641988,126322.76234567896,1653,0,552.0869565217391,44,2,16,39.577609890109905,0.5852272727272727,47.22222222222222,1011.1111111111107,22.979797979797972,7
1742,4,2,2,46,0.041666666666666664,0.041666666666666664,0.9583333333333334,48,1250,1000,250,0.8,15,10,5,297.12988033889445,0.8587285756501182,0.14952492211838053,0.16122158821633706,128336.36435376477,-1972.0395240281707,126364.32482973661,1654,0,530.0416666666666,43,5,18,39.158878504672906,0.5920542635658915,46.685606060606055,1013.2575757575746,23.564129668780804,0
1743,4,1,1,46,0.02127659574468085,0.02127659574468085,0.9787234042553191,47,1350,1000,350,0.7407407407407407,17,10,7,298.5094674327935,0.8551495528831329,0.16503644366734083,0.16278799253174497,128537.27357317776,-1726.0813840814806,126811.19218909628,1655,0,541.5106382978723,42,5,15,38.91981207198598,0.595486111111111,46.4874031007752,1014.0503875968998,24.144056847545233,0
1744,4,1,1,46,0.02127659574468085,0.02127659574468085,0.9787234042553191,47,950,500,450,0.5263157894736842,14,5,9,298.2957026414759,0.8585800185013875,0.17185864911599813,0.16327518569570815,128684.70687045566,-1722.7809889730022,126961.92588148266,1656,0,542.4042553191489,42,5,16,38.77554674816159,0.5969742063492063,46.3420542635659,1014.6317829457377,24.157899593946134,0
1745,4,1,0,47,0.02127659574468085,0.0,1.0,47,1050,700,350,0.6666666666666666,14,7,7,292.3793454445077,0.8592352759790317,0.18371141384764567,0.1555923775527815,127556.54450040542,-1941.0202023616596,125615.52429804376,1657,0,542.6382978723404,42,5,14,40.07254196642686,0.5855654761904763,47.4563953488372,1010.1744186046494,24.051771871539273,3
1746,4,0,0,47,0.0,0.0,1.0,47,1250,1100,150,0.88,14,11,3,289.3204555525617,0.8581174838112858,0.18831711319404132,0.1542897841679854,127641.65200477796,-2014.131818899215,125627.52018587875,1658,1,543.6382978723404,43,4,14,40.063118889201256,0.5850290697674418,47.37215909090909,1010.5113636363642,23.50026427061312,0
1747,4,1,0,48,0.020833333333333332,0.0,1.0,48,1450,1000,450,0.6896551724137931,19,10,9,291.29487236307745,0.8606863179669031,0.2068276390713979,0.15677185139200991,128009.92565923496,-2142.273008777222,125867.65265045773,1659,0,533.2916666666666,46,2,17,39.63845086873998,0.5849184782608695,47.00797872340426,1011.968085106383,21.99930619796485,0
1748,4,1,1,48,0.02040816326530612,0.02040816326530612,0.9795918367346939,49,1400,1100,300,0.7857142857142857,17,11,6,283.35689419541274,0.8634849773242631,0.19695327644894856,0.15337982491468286,128240.42986685023,-2532.1550830748865,125708.27478377534,1660,0,523.3877551020408,43,6,17,39.60514834205931,0.5910852713178296,46.780303030303024,1012.8787878787872,23.555320648343887,0
1749,4,2,1,49,0.04,0.02,0.98,50,1200,900,300,0.75,15,9,6,282.066664072271,0.8715986394557823,0.21186925069214957,0.15398831972780183,128580.53327983867,-2746.3435826244636,125834.1896972142,1661,0,513.88,45,5,13,39.29279792206245,0.5918981481481482,46.44474637681159,1014.2210144927526,22.538244766505613,0
1750,4,2,1,50,0.0392156862745098,0.0196078431372549,0.9803921568627451,51,950,600,350,0.631578947368421,13,6,7,307.95213555769095,0.8726470588235294,0.2381381711563133,0.16709370438475082,128336.36435376466,-2252.740575978058,126083.6237777866,1662,0,504.7647058823529,43,8,15,38.8847352024922,0.5920542635658916,46.68560606060605,1013.2575757575737,23.564129668780783,3
1751,4,2,4,48,0.038461538461538464,0.07692307692307693,0.9230769230769231,52,1500,1100,400,0.7333333333333333,19,11,8,301.3600505099315,0.8746386375062845,0.2357096765520399,0.16485489569960082,128661.17461395271,-2645.3323839344357,126015.84223001827,1663,0,496.0,46,6,10,38.721710066410346,0.5914855072463769,46.36524822695034,1014.5390070921961,22.05519580635209,0
1752,4,1,1,48,0.02040816326530612,0.02040816326530612,0.9795918367346939,49,950,600,350,0.631578947368421,13,6,7,315.1503480644253,0.8654336734693878,0.232088052856114,0.17161747845258038,128480.33334050709,-1701.8756456611798,126778.45769484591,1664,0,526.3673469387755,43,6,10,38.555872096643625,0.5935077519379846,46.543560606060595,1013.8257575757555,23.577343199436175,0
1753,4,1,0,49,0.02040816326530612,0.0,1.0,49,1100,600,500,0.5454545454545454,16,6,10,314.71970051637254,0.8687641723356009,0.23950151489167126,0.1717965337681113,128576.3575025824,-1706.8974546602597,126869.46004792214,1665,0,527.3469387755102,43,6,11,38.469109866168694,0.5944767441860466,46.448863636363626,1014.2045454545434,23.586152219873103,0
1754,4,3,3,49,0.057692307692307696,0.057692307692307696,0.9423076923076923,52,1100,800,300,0.7272727272727273,14,8,6,300.3224939532385,0.880530417295123,0.24479823455233318,0.16654247391952304,129201.3888888888,-2635.036802685959,126566.35208620284,1666,0,497.86538461538464,43,9,15,38.20013661202184,0.6007751937984496,45.83333333333333,1016.666666666666,23.64341085271316,0
1755,4,2,1,50,0.0392156862745098,0.0196078431372549,0.9803921568627451,51,1250,900,350,0.72,16,9,7,307.5542968726174,0.8768954248366014,0.2577781671119672,0.1713881413692638,129394.0111340682,-2240.8631772267895,127153.14795684142,1667,0,508.15686274509807,43,8,17,37.821109456440816,0.6027131782945736,45.643939393939405,1017.4242424242444,23.66102889358708,0
1756,4,1,1,50,0.0196078431372549,0.0196078431372549,0.9803921568627451,51,1550,1300,250,0.8387096774193549,18,13,5,307.2758031368305,0.876732026143791,0.26250068399452786,0.17186341746727027,129538.57197687123,-2239.186251721735,127299.38572514949,1668,0,509.1372549019608,43,8,12,37.68178294573645,0.6041666666666665,45.50189393939395,1017.9924242424262,23.67424242424247,0
1757,4,1,0,51,0.0196078431372549,0.0,1.0,51,1000,500,500,0.5,15,5,10,311.35150472138037,0.8738562091503269,0.2734236179833027,0.17510877361721566,129755.56456790936,-2120.0819451618304,127635.48262274753,1669,0,510.11764705882354,43,8,15,37.35835502060291,0.6063468992248061,45.288825757575765,1018.8446969696981,23.69406272022554,0
1758,4,0,1,50,0.0,0.0196078431372549,0.9803921568627451,51,1600,1200,400,0.75,20,12,8,310.61668052848677,0.8733660130718955,0.2721269126437156,0.1751266282099585,129852.06400833637,-2133.1565835915785,127718.90742474479,1670,1,511.11764705882354,43,8,15,37.27943339837096,0.6073158914728681,45.194128787878796,1019.2234848484862,23.70287174066247,0
1759,4,1,1,50,0.0196078431372549,0.0196078431372549,0.9803921568627451,51,1350,900,450,0.6666666666666666,18,9,9,306.73298731257194,0.8727777777777779,0.25647186979366876,0.17381535947712437,130050.00000000029,-2221.874999999969,127828.12500000032,1671,0,511.7647058823529,44,7,16,37.17830882352943,0.6079545454545453,45.000000000000014,1020.0000000000023,23.181818181818233,0
1760,4,0,1,49,0.0,0.02,0.98,50,1500,800,700,0.5333333333333333,22,8,14,300.7676793365592,0.8669727891156462,0.1646350559403298,0.17055617344855648,130077.71886814751,-2175.1916614156635,127902.52720673184,1672,1,522.88,45,5,11,37.30243296039781,0.6069444444444445,44.97282608695652,1020.1086956521744,22.669082125603875,5
1761,4,0,1,48,0.0,0.02040816326530612,0.9795918367346939,49,1650,1200,450,0.7272727272727273,21,12,9,303.4491219471285,0.8628826530612245,0.1644318042949353,0.17258081641389347,130191.70524691379,-1898.688271604919,128293.01697530887,1673,4,534.530612244898,44,5,13,37.118943930321194,0.609375,44.86111111111112,1020.5555555555571,23.194444444444482,0
1762,4,1,1,48,0.02040816326530612,0.02040816326530612,0.9795918367346939,49,1550,1200,350,0.7741935483870968,19,12,7,298.8788334548669,0.8599773242630385,0.18107139075051837,0.1715691686513256,130552.75769054166,-1996.0895253035537,128556.66816523811,1674,0,534.530612244898,43,6,10,36.871447986162586,0.6143410852713179,44.50757575757575,1021.969696969696,23.766737138830138,0
1763,4,0,0,48,0.0,0.0,1.0,48,1500,1000,500,0.6666666666666666,20,10,10,307.6141146874511,0.8526706560283688,0.1913230647709323,0.17695359378149414,130633.79322907254,-1563.0402695150797,129070.75295955746,1675,1,546.5,42,6,12,36.566548183254326,0.6165674603174605,44.4282945736434,1022.2868217054245,24.340162421557725,0
1764,4,0,1,47,0.0,0.020833333333333332,0.9791666666666666,48,1450,1200,250,0.8275862068965517,17,12,5,306.96738408207153,0.8530954491725768,0.19265158692562823,0.17714820880187318,130757.64607182535,-1572.3334873204997,129185.31258450485,1676,2,547.5,42,6,12,36.45823464392862,0.6178075396825398,44.307170542635646,1022.7713178294553,24.351698043558457,0
1765,4,0,0,47,0.0,0.0,1.0,47,900,700,200,0.7777777777777778,11,7,4,315.2811903274378,0.8468239284613012,0.19649270552101683,0.18176278019548234,130718.71456916073,-1157.3696145125018,129561.34495464823,1677,3,559.6808510638298,41,6,13,36.284924330616974,0.6189024390243905,44.34523809523808,1022.6190476190454,24.941927990708425,0
1766,4,0,0,47,0.0,0.0,1.0,47,1250,800,450,0.64,17,8,9,314.4149233815428,0.8465155720012334,0.19756608639587414,0.18202969248405104,130881.55759870198,-1169.7770191094273,129711.78057959255,1678,4,560.6808510638298,42,5,13,36.14287405303032,0.6190476190476191,44.18604651162791,1023.2558139534883,24.363233665559246,0
1767,4,0,2,45,0.0,0.0425531914893617,0.9574468085106383,47,1650,1200,450,0.7272727272727273,21,12,9,323.5076210243769,0.8457446808510638,0.20471274179779986,0.18826148342431812,131079.93810468126,-918.9282119463924,130161.00989273487,1679,5,561.6808510638298,42,5,13,35.71020218268988,0.621031746031746,43.992248062015506,1024.0310077519384,24.381690660760437,0
1768,4,0,0,45,0.0,0.0,1.0,45,1100,700,400,0.6363636363636364,15,7,8,332.00809936586415,0.841919191919192,0.20314119956764398,0.19288636637899143,131015.8109012491,-300.33792715977273,130715.47297408934,1680,6,579.5333333333333,40,5,14,35.557292700681614,0.6234375000000001,44.05487804878048,1023.7804878048769,25.594512195121922,0
1769,4,0,0,45,0.0,0.0,1.0,45,1550,1100,450,0.7096774193548387,20,11,9,330.3087142809338,0.8413299663299664,0.1970885381362777,0.19282634778853577,131201.0476210158,-332.630129598151,130868.41749141765,1681,7,580.5333333333333,41,4,15,35.41394322326588,0.623729674796748,43.87400793650793,1024.5039682539668,24.9879016647309,0
1770,4,0,1,44,0.0,0.022222222222222223,0.9777777777777777,45,1350,1100,250,0.8148148148148148,16,11,5,327.69412402998626,0.8405723905723906,0.19533443035524112,0.19180781843364242,131302.70460325343,-394.57504645376383,130908.12955679966,1682,8,581.5333333333333,41,4,16,35.37845239247571,0.6247459349593496,43.77480158730159,1024.9007936507942,24.9975803329462,0
1771,4,2,1,45,0.043478260869565216,0.021739130434782608,0.9782608695652174,46,900,600,300,0.6666666666666666,12,6,6,313.9965944948424,0.8498792270531401,0.18498057284465208,0.18620156193966694,131800.32680014736,-923.0267858143441,130877.30001433301,1683,0,538.4782608695652,42,4,13,35.229113585605965,0.6282242063492063,43.28972868217055,1026.841085271319,24.448597268364736,0
1772,4,0,0,45,0.0,0.0,1.0,45,550,400,150,0.7272727272727273,7,4,3,317.68139921381874,0.8501683501683502,0.1840521360088465,0.18819031485196422,131760.6481973579,-628.4185838687105,131132.22961348918,1684,1,549.9333333333333,41,4,13,35.174392855992515,0.6293191056910568,43.32837301587303,1026.6865079365098,25.041134339914873,0
1773,4,1,0,46,0.021739130434782608,0.0,1.0,46,800,500,300,0.625,11,5,6,313.7258101117224,0.8534420289855073,0.19844743917633867,0.18738757847213755,132074.09410492211,-912.9895664322596,131161.10453848986,1685,0,538.9565217391304,42,4,15,34.96123208898944,0.6309523809523807,43.02325581395351,1027.9069767441902,24.473975636766433,0
1774,4,1,0,47,0.02127659574468085,0.0,1.0,47,1900,1400,500,0.7368421052631579,24,14,10,307.7991232399476,0.8551495528831329,0.20252037938989997,0.18555583402756898,132423.5296693912,-1247.2373249340233,131176.29234445718,1686,0,528.468085106383,41,6,18,34.763353413654634,0.6359247967479673,42.68353174603176,1029.2658730158753,25.10404568331403,0
1775,4,0,1,46,0.0,0.02127659574468085,0.9787234042553191,47,1700,1400,300,0.8235294117647058,20,14,6,308.65690438808224,0.8553037311131667,0.19388190258054028,0.18668736044007722,132547.63390308607,-1217.6515271017097,131329.98237598437,1687,1,529.468085106383,42,5,18,34.61701326809071,0.6356646825396823,42.562984496124045,1029.7480620155063,24.5178110003692,0
1776,4,0,0,46,0.0,0.0,1.0,46,1250,900,350,0.72,16,9,7,312.76398135694296,0.8540056360708534,0.19828189094240334,0.18967449434145267,132647.43447096055,-902.5320556156172,131744.90241534493,1688,2,534.9782608695652,42,4,10,34.41135202081961,0.6366567460317459,42.466085271317844,1030.135658914731,24.52703949796979,0
1777,4,0,0,46,0.0,0.0,1.0,46,1000,600,400,0.6,14,6,8,311.18201978767615,0.8534420289855073,0.19785572657958728,0.18921788338718912,132747.27259667404,-938.2871184123383,131808.9854782617,1689,3,535.9782608695652,42,4,11,34.35217834195267,0.6376488095238094,42.369186046511636,1030.5232558139548,24.536267995570352,0
1778,4,0,0,46,0.0,0.0,1.0,46,1450,900,550,0.6206896551724138,20,9,11,311.9794077319847,0.8534420289855073,0.20133373662891163,0.1899556359499216,132797.20574372073,-914.0012807222708,131883.20446299846,1690,4,536.9782608695652,42,4,11,34.281674030898444,0.6381448412698412,42.32073643410855,1030.717054263569,24.540882244370692,0
1779,4,0,2,44,0.0,0.043478260869565216,0.9565217391304348,46,1000,700,300,0.7,13,7,6,320.3144660487236,0.8528180354267311,0.15536071743134006,0.19197655084377116,132203.1572830577,-719.181164768551,131483.97611828914,1691,5,537.9782608695652,43,3,16,34.66236955187233,0.6308139534883721,42.897727272727266,1028.4090909090896,23.9164904862579,3
1780,4,0,1,43,0.0,0.022727272727272728,0.9772727272727273,44,1500,1100,400,0.7333333333333333,19,11,8,332.0307607302344,0.842362579281184,0.17470653757175914,0.19858209534091228,132123.9004942611,-26.1601616489437,132097.74033261216,1692,6,563.0681818181819,42,2,16,34.440779139176875,0.6314484126984128,42.974806201550386,1028.100775193798,24.478589885566617,0
1781,4,0,0,43,0.0,0.0,1.0,43,850,700,150,0.8235294117647058,10,7,3,334.5985906591353,0.8423311184939092,0.16829829924186313,0.19994870798211978,132091.8810232425,239.55144557821416,132331.4324688207,1693,7,572.9302325581396,41,2,16,34.40696776684038,0.6326219512195121,43.00595238095237,1027.9761904761892,25.07259001161437,0
1782,4,0,0,43,0.0,0.0,1.0,43,1300,1000,300,0.7692307692307693,16,10,6,330.5486491348911,0.8407622739018088,0.16730904701865246,0.1980616934642935,132193.8824719701,139.30185500124477,132333.18432697136,1694,8,573.9302325581396,41,2,16,34.40856325165606,0.633638211382114,42.906746031746025,1028.3730158730145,25.082268679829625,0
1783,4,0,0,43,0.0,0.0,1.0,43,1000,700,300,0.7,13,7,6,330.79464211896516,0.8403008490217793,0.17226661762364115,0.1986108653231931,132270.40939350252,150.86854765051766,132421.27794115304,1695,9,574.9302325581396,41,2,17,34.32537290641979,0.6344004065040652,42.83234126984126,1028.670634920633,25.089527680991047,0
1784,4,0,1,42,0.0,0.023255813953488372,0.9767441860465116,43,1050,600,450,0.5714285714285714,15,6,9,328.84107229536596,0.8399317091177556,0.1665915466428074,0.19770497163914405,132321.4396435655,102.54482001130759,132423.9844635768,1696,10,575.9302325581396,41,2,17,34.32437807347409,0.634908536585366,42.78273809523808,1028.8690476190457,25.094367015098676,0
1785,4,0,0,42,0.0,0.0,1.0,42,1350,1100,250,0.8148148148148148,16,11,5,338.4482989499621,0.8367208672086721,0.17559670839979158,0.20304891723014584,132241.16478493257,551.3594545243917,132792.52423945695,1697,12,590.4047619047619,40,2,17,34.15793893884002,0.6356770833333335,42.86077235772356,1028.5569105691031,25.71392276422758,0
1786,4,0,0,42,0.0,0.0,1.0,42,1050,700,350,0.6666666666666666,14,7,7,338.5596045187167,0.8357771970576848,0.17475362972993347,0.20410307586699752,132424.15229030317,566.6937256262594,132990.84601592942,1698,13,591.4047619047619,40,2,17,33.97121017640863,0.6375000000000002,42.68292682926828,1029.2682926829252,25.73170731707313,0
1787,4,0,0,42,0.0,0.0,1.0,42,850,600,250,0.7058823529411765,11,6,5,336.9325091533468,0.8354868370112273,0.177389645418065,0.2039709705949829,132581.099419988,534.1764987771696,133115.27591876517,1699,14,592.4047619047619,40,2,17,33.85550292743898,0.6390625000000001,42.53048780487804,1029.8780487804868,25.74695121951217,0
1788,4,0,0,42,0.0,0.0,1.0,42,1100,600,500,0.5454545454545454,16,6,10,334.6671511609393,0.8324622531939605,0.18386230342644927,0.2035908566240602,132764.3218838819,486.3714761385397,133250.69336002044,1700,15,593.4047619047619,40,2,15,33.73003155507347,0.6408854166666667,42.35264227642276,1030.5894308943086,25.764735772357717,0
1789,4,0,0,42,0.0,0.0,1.0,42,1350,1100,250,0.8148148148148148,16,11,5,334.6671511609393,0.8324622531939605,0.18386230342644927,0.2035908566240602,132764.3218838819,486.3714761385397,133250.69336002044,1701,16,594.4047619047619,40,2,15,33.73003155507347,0.6408854166666667,42.35264227642276,1030.5894308943086,25.764735772357717,0
1790,4,0,0,42,0.0,0.0,1.0,42,950,700,250,0.7368421052631579,12,7,5,334.22909628168236,0.8322444831591173,0.18344411897251,0.2037511990794104,132842.88452640636,479.9914485425437,133322.8759749489,1702,17,595.4047619047619,40,2,15,33.66255093322818,0.6416666666666666,42.27642276422765,1030.8943089430902,25.772357723577255,0
1791,4,0,0,42,0.0,0.0,1.0,42,950,600,350,0.631578947368421,13,6,7,332.33450412802625,0.8320993031358885,0.18493909191583624,0.20316449083681998,132947.6708639038,436.6196543063078,133384.2905182101,1703,18,596.4047619047619,40,2,15,33.6063756405203,0.6427083333333332,42.174796747967484,1031.3008130081305,25.78252032520326,0
1792,4,0,0,42,0.0,0.0,1.0,42,1100,700,400,0.6363636363636364,15,7,8,336.5103383651238,0.831276616337592,0.1931639085894401,0.20629546830209805,133052.49851279028,554.7082589728578,133607.20677176313,1704,19,597.4047619047619,40,2,15,33.39366627265562,0.6437499999999998,42.07317073170733,1031.7073170731728,25.792682926829322,0
1793,4,0,0,42,0.0,0.0,1.0,42,700,500,200,0.7142857142857143,9,5,4,334.6820711512455,0.8301151761517616,0.19177028826497122,0.20575248877796945,133157.36747306518,513.0767069866054,133670.4441800518,1705,20,598.4047619047619,40,2,15,33.33579493238808,0.6447916666666667,41.971544715447166,1032.113821138213,25.80284552845533,0
1794,4,0,1,41,0.0,0.023809523809523808,0.9761904761904762,42,900,600,300,0.6666666666666666,12,6,6,333.87919538213123,0.8305265195509098,0.18925957702171137,0.2054034516957183,133183.59116803834,493.4460514574786,133677.03721949583,1706,21,599.4047619047619,40,2,15,33.33025663745856,0.6450520833333333,41.94613821138212,1032.2154471544725,25.805386178861813,0
1795,4,0,0,41,0.0,0.0,1.0,41,1100,900,200,0.8181818181818182,13,9,4,342.9686535980743,0.8249491869918699,0.19062156100515226,0.21065036895202266,133122.62505425364,931.3774956597417,134054.0025499134,1707,22,613.8048780487804,39,2,15,33.1567957000101,0.6461004273504273,42.00520833333334,1031.979166666668,26.46100427350431,0
1796,4,0,0,41,0.0,0.0,1.0,41,800,500,300,0.625,11,5,6,342.7985613174074,0.8236280487804878,0.19570272990591842,0.2111545395411332,133230.14458550385,934.220377604206,134164.36496310806,1708,23,614.8048780487804,39,2,16,33.05344650724784,0.6471688034188032,41.901041666666686,1032.3958333333362,26.47168803418811,0
1797,4,0,0,41,0.0,0.0,1.0,41,1600,1100,500,0.6875,21,11,10,343.0345532658669,0.8252540650406504,0.19385313724091957,0.2125271538940749,133445.31385633702,955.2707248264084,134400.58458116342,1709,24,615.8048780487804,39,2,16,32.83187569311422,0.6493055555555554,41.69270833333334,1033.2291666666683,26.4930555555556,0
1798,4,1,1,41,0.023809523809523808,0.023809523809523808,0.9761904761904762,42,850,700,150,0.8235294117647058,10,7,3,332.8739241153329,0.8311798296554395,0.18699947249796178,0.20788918657014188,133741.455078125,503.81130642361126,134245.26638454862,1710,0,602.1190476190476,39,3,14,32.79833836858007,0.6522435897435896,41.40625,1034.375,26.522435897435898,0
1799,4,1,0,42,0.023809523809523808,0.0,1.0,42,950,400,550,0.42105263157894735,15,4,11,331.2092263527726,0.8298974061169183,0.18392168140532528,0.2076065403037726,133876.1732313369,468.2047526041765,134344.37798394109,1711,0,603.0952380952381,39,3,15,32.706865458815635,0.6535790598290598,41.27604166666667,1034.8958333333342,26.53579059829062,0
1800,4,1,1,42,0.023255813953488372,0.023255813953488372,0.9767441860465116,43,1500,1100,400,0.7333333333333333,19,11,8,324.61211391929686,0.8325950535252861,0.18364119855859373,0.20493347603055007,134139.3898415848,108.65417926430337,134248.0440208491,1712,0,590.046511627907,41,2,16,32.615080125135684,0.6529471544715446,41.0218253968254,1035.9126984126988,25.266163375919483,0
1801,4,0,0,42,0.0,0.0,1.0,42,900,400,500,0.4444444444444444,14,4,10,328.5974723626947,0.829292489353465,0.18677040983223558,0.20694735743979353,134050.42158272193,409.7259402472102,134460.14752296914,1713,2,605.0952380952381,40,2,16,32.60058881256133,0.6536458333333333,41.107723577235774,1035.569105691057,25.889227642276428,0
1802,4,0,0,42,0.0,0.0,1.0,42,1200,800,400,0.6666666666666666,16,8,8,326.9398323205208,0.8271389856755711,0.18881898379265527,0.20683746508708928,134216.47775140157,376.1425461388369,134592.62029754042,1714,3,606.0952380952381,41,1,16,32.47795994893889,0.6537093495934958,40.94742063492064,1036.2103174603183,25.273422377080934,0
1803,4,0,0,42,0.0,0.0,1.0,42,1150,700,450,0.6086956521739131,16,7,9,328.3429788666757,0.8272357723577236,0.19322703715352385,0.2080169254226902,134267.88199365392,417.1832679831234,134685.06526163704,1715,4,607.0952380952381,41,1,16,32.39037921572382,0.6542174796747966,40.89781746031746,1036.4087301587301,25.278261711188538,0
1804,4,0,0,42,0.0,0.0,1.0,42,1300,1000,300,0.7692307692307693,16,10,6,328.1429533005771,0.8251064653503678,0.18769556603129134,0.20906365489076964,134473.5973816608,425.3126771541766,134898.91005881497,1716,5,608.0952380952381,41,1,16,32.19063845050214,0.65625,40.69940476190475,1037.2023809523794,25.29761904761901,0
1805,4,0,0,42,0.0,0.0,1.0,42,1100,800,300,0.7272727272727273,14,8,6,324.58147001042715,0.8247435152922957,0.18631949009898752,0.20783389048379228,134656.238897564,341.4061377636737,134997.64503532767,1717,6,609.0952380952381,40,2,17,32.10124351316949,0.6596354166666668,40.52337398373982,1037.9065040650385,25.94766260162596,0
1806,4,0,0,42,0.0,0.0,1.0,42,1250,900,350,0.72,16,9,7,322.75541605183696,0.8239208284939993,0.18281306063867975,0.20756687203484708,134814.5028277645,302.4221899993329,135116.92501776383,1718,7,610.0952380952381,40,2,16,31.991266268715133,0.6611979166666667,40.37093495934959,1038.5162601626012,25.962906504065028,0
1807,4,0,0,42,0.0,0.0,1.0,42,1250,900,350,0.72,16,9,7,323.0224067761822,0.8235578784359272,0.187364321584631,0.20819262560316076,134893.6696493487,314.73556580075496,135208.40521514945,1719,8,611.0952380952381,40,2,17,31.905652840279135,0.6619791666666668,40.29471544715446,1038.8211382113802,25.970528455284505,0
1808,4,0,0,42,0.0,0.0,1.0,42,800,500,300,0.625,11,5,6,322.30233688691027,0.8225900116144018,0.1842862731947239,0.2080315083542782,134946.460440214,298.71191089958035,135245.17235111358,1720,9,612.0952380952381,40,2,17,31.87190271257172,0.6625000000000001,40.24390243902438,1039.0243902439013,25.975609756097533,0
1809,4,0,0,42,0.0,0.0,1.0,42,1050,600,450,0.5714285714285714,15,6,9,322.51518574792135,0.822251258226868,0.18674620249038365,0.2084728375131632,134999.2615589265,307.86238350187455,135307.12394242836,1721,10,613.0952380952381,40,2,17,31.813922028815426,0.6630208333333334,40.193089430894304,1039.227642276422,25.98069105691055,0
1810,4,0,0,42,0.0,0.0,1.0,42,1200,1000,200,0.8333333333333334,14,10,4,317.2658367581436,0.8225658149438637,0.18182621885963712,0.20628326387438642,135210.56931224803,181.0260922731223,135391.59540452115,1722,11,614.0952380952381,40,2,16,31.740603218031406,0.6651041666666667,39.989837398373986,1040.0406504065043,26.001016260162608,1
1811,4,0,1,41,0.0,0.023809523809523808,0.9761904761904762,42,1050,800,250,0.7619047619047619,13,8,5,318.462865839286,0.8220092915214866,0.1856882415042389,0.20782289887370614,135342.7205718322,220.32613275827362,135563.0467045905,1723,12,615.0952380952381,40,2,17,31.578401211055766,0.6664062500000001,39.86280487804878,1040.5487804878046,26.013719512195117,0
1812,4,0,0,41,0.0,0.0,1.0,41,950,500,450,0.5263157894736842,14,5,9,324.8794339885428,0.8210873983739837,0.1873092604799922,0.21212715983957817,135362.54882812517,595.3016493055707,135957.85047743074,1724,13,592.3414634146342,39,2,17,31.391808475141794,0.6682692307692307,39.84375000000001,1040.6250000000014,26.682692307692342,0
1813,4,0,0,41,0.0,0.0,1.0,41,1100,900,200,0.8181818181818182,13,9,4,326.8044476876239,0.8198170731707317,0.1930524168159431,0.2140290727516459,135470.96896701405,654.5030381944646,136125.47200520852,1725,14,593.3414634146342,39,2,17,31.23415716096325,0.6693376068376067,39.73958333333334,1041.041666666668,26.693376068376104,0
1814,4,0,1,40,0.0,0.024390243902439025,0.975609756097561,41,1700,1300,400,0.7647058823529411,21,13,8,327.9814930187885,0.8181910569105691,0.19685871026126933,0.21561386907921562,135606.55517578142,695.2880859375146,136301.84326171892,1726,15,594.3414634146342,39,2,17,31.069044404440444,0.6706730769230769,39.60937500000001,1041.5625000000014,26.706730769230806,0
1815,4,0,0,40,0.0,0.0,1.0,40,1000,900,100,0.9,11,9,2,335.74345984968085,0.8168269230769231,0.193557652851867,0.22054091958320043,135578.04167579833,1103.8881583753664,136681.9298341737,1727,16,607.875,38,2,19,30.89522637122146,0.6721491228070173,39.63675213675215,1041.4529914529933,27.406657669815612,0
1816,4,0,0,40,0.0,0.0,1.0,40,1500,1100,400,0.7333333333333333,19,11,8,335.0928288525018,0.8139155982905983,0.2007127827459234,0.22133824449221903,135776.490422534,1099.557067744549,136876.04749027855,1728,17,608.875,37,3,20,30.715303349114496,0.6759572072072071,39.44627192982457,1042.2149122807027,28.167970602181153,0
1817,4,0,0,40,0.0,0.0,1.0,40,1100,900,200,0.8181818181818182,13,9,4,337.29766178028615,0.8125267094017093,0.20632162758910688,0.22386867140211458,135947.96145208145,1170.9859043167107,137118.94735639816,1729,18,609.875,37,3,14,30.4878342620825,0.6776463963963963,39.281798245614034,1042.8728070175441,28.185751541014707,0
1818,4,0,0,40,0.0,0.0,1.0,40,1100,600,500,0.5454545454545454,16,6,10,336.68626551650505,0.8102831196581196,0.2024332562539417,0.22400231679188995,136033.7375442443,1160.138215604791,137193.8757598491,1730,19,610.875,37,3,15,30.41876883189684,0.678490990990991,39.19956140350877,1043.2017543859643,28.194642010431465,0
1819,4,0,0,40,0.0,0.0,1.0,40,750,500,250,0.6666666666666666,10,5,5,338.1011228020622,0.8095886752136752,0.2092331932773117,0.2260338967047492,136205.37088334846,1210.2377654662705,137415.60864881473,1731,20,611.875,37,3,15,30.211834733893557,0.6801801801801803,39.03508771929823,1043.859649122805,28.212422949264997,0
1820,4,0,0,40,0.0,0.0,1.0,40,1000,700,300,0.7,13,7,6,338.21331707031106,0.8082799145299145,0.20614564738002805,0.22665766491629608,136291.22813028988,1219.1016707063504,137510.32980099623,1732,21,612.875,37,3,15,30.123888655535733,0.6810247747747749,38.95285087719297,1044.1885964912265,28.221313418681795,0
1821,4,0,0,40,0.0,0.0,1.0,40,850,600,250,0.7058823529411765,11,6,5,336.9695178566321,0.8059561965811965,0.2061535635562084,0.22655671112350953,136405.74653980046,1192.9157288780884,137598.66226867854,1733,22,613.875,37,3,17,30.043013715405323,0.682150900900901,38.84320175438595,1044.6271929824543,28.23316737790417,0
1822,4,0,0,40,0.0,0.0,1.0,40,750,600,150,0.8,9,6,3,334.8193878037274,0.8055288461538461,0.20308569383372532,0.22534059142000348,136441.726991106,1136.6671004090827,137578.39409151507,1734,23,614.875,38,2,17,30.06357159900466,0.6806469298245614,38.80876068376068,1044.7649572649573,27.493814664867298,0
1823,4,0,0,40,0.0,0.0,1.0,40,850,400,450,0.47058823529411764,13,4,9,335.093569795156,0.8049145299145299,0.20709728867623545,0.22591792286189563,136503.12500000006,1148.263888888889,137651.38888888893,1735,24,615.875,39,1,18,29.995680489101513,0.6794871794871795,38.75,1045.0000000000005,26.794871794871806,0
1824,4,0,0,40,0.0,0.0,1.0,40,1150,1100,50,0.9565217391304348,12,11,1,336.1130933125512,0.8041399572649572,0.20968553772550602,0.22678027338297407,136530.3398980035,1177.9269748263946,137708.2668728299,1736,25,616.875,39,1,18,29.942128476029122,0.6797542735042735,38.723958333333336,1045.1041666666667,26.797542735042736,0
1825,4,0,0,40,0.0,0.0,1.0,40,1100,700,400,0.6363636363636364,15,7,8,333.79522025669803,0.8023771367521367,0.20886791513098957,0.22626402539885127,136693.68625217,1125.539822048602,137819.2260742186,1737,26,617.875,39,1,18,29.841223395424517,0.6813568376068377,38.56770833333333,1045.7291666666656,26.81356837606835,0
1826,4,0,0,40,0.0,0.0,1.0,40,1300,1000,300,0.7692307692307693,16,10,6,334.71046788792825,0.8010683760683761,0.21064317005177258,0.2277663915627606,136829.88281249985,1159.6788194444302,137989.5616319443,1738,27,618.875,39,1,18,29.682729324306386,0.6826923076923078,38.43749999999999,1046.2499999999989,26.82692307692305,0
1827,4,0,0,40,0.0,0.0,1.0,40,850,500,350,0.5882352941176471,12,5,7,334.27354457836384,0.7999198717948718,0.2066512391758737,0.22800042786006913,136911.6333007811,1153.187391493041,138064.82069227414,1739,28,619.875,39,1,19,29.613421087555146,0.6834935897435899,38.35937499999999,1046.5624999999989,26.83493589743587,0
1828,4,0,0,40,0.0,0.0,1.0,40,1050,700,350,0.6666666666666666,14,7,7,333.83628895890524,0.7986912393162393,0.2084361628022693,0.22805716300122583,136966.14718966983,1144.8540581596883,138111.00124782952,1740,29,620.875,39,1,15,29.57103940690616,0.6840277777777779,38.30729166666665,1046.7708333333308,26.84027777777771,0
1829,4,0,0,40,0.0,0.0,1.0,40,1500,1100,400,0.7333333333333333,19,11,8,332.86537681730204,0.7978098290598291,0.2090196956132504,0.22810467846927973,137075.2075195311,1125.5181206597076,138200.72564019082,1741,30,621.875,39,1,15,29.488813455353288,0.685096153846154,38.20312499999999,1047.1874999999989,26.850961538461508,0
1830,4,0,0,40,0.0,0.0,1.0,40,1050,700,350,0.6666666666666666,14,7,7,330.62898682256076,0.7971955128205128,0.20801511535401795,0.2271041729158243,137157.03124999985,1069.6180555555404,138226.6493055554,1742,31,622.875,39,1,15,29.46665340758419,0.685897435897436,38.12499999999999,1047.4999999999989,26.85897435897433,0
1831,4,0,0,40,0.0,0.0,1.0,40,950,700,250,0.7368421052631579,12,7,5,331.80355027652087,0.7956730769230769,0.21416111718517072,0.22880572442303448,137293.45838758664,1110.8913845485913,138404.34977213523,1743,32,623.875,39,1,17,29.301365835072716,0.6872329059829061,37.99479166666666,1048.020833333332,26.872329059829024,0
1832,4,0,1,39,0.0,0.025,0.975,40,1250,900,350,0.72,16,9,7,329.87755002966577,0.7958333333333333,0.2109733677829677,0.22783512600882114,137348.0482313367,1061.6075303819357,138409.65576171863,1744,33,624.875,39,1,17,29.298026599092392,0.6877670940170941,37.94270833333333,1048.2291666666658,26.87767094017092,0
1833,4,0,0,39,0.0,0.0,1.0,39,650,600,50,0.9230769230769231,7,6,1,336.74788015976736,0.7941970310391363,0.21159399836395099,0.2325005948098153,137336.1495201438,1449.53144404265,138785.68096418647,1745,34,633.3333333333334,38,1,17,29.1297183433561,0.6894188596491229,37.95405982905982,1048.1837606837598,27.583783175888417,0
1834,4,0,0,39,0.0,0.0,1.0,39,700,500,200,0.7142857142857143,9,5,4,334.4941011359152,0.7919478182636077,0.2032263542197319,0.23169086821799634,137448.15779320983,1395.1195987654312,138843.27739197525,1746,35,634.3333333333334,38,1,18,29.078366445916114,0.690515350877193,37.84722222222222,1048.6111111111109,27.595029239766074,0
1835,4,0,0,39,0.0,0.0,1.0,39,1600,1300,300,0.8125,19,13,6,336.23290563649124,0.7916666666666667,0.20097175335949347,0.23402858726123174,137616.2558098655,1454.2227107531478,139070.47852061866,1747,36,635.3333333333334,38,1,20,28.86713844482908,0.6921600877192983,37.686965811965806,1049.2521367521363,27.611898335582534,0
1836,4,0,0,39,0.0,0.0,1.0,39,1350,900,450,0.6666666666666666,18,9,9,338.3433103805938,0.7909356725146199,0.20106259165896856,0.23645528931719167,137756.41596354733,1521.7923606545346,139278.20832420187,1748,37,636.3333333333334,38,1,20,28.673714295406747,0.6935307017543859,37.5534188034188,1049.7863247863245,27.625955915429593,0
1837,4,0,0,39,0.0,0.0,1.0,39,900,700,200,0.7777777777777778,11,7,4,339.3895931776525,0.7891363022941971,0.2021616961577286,0.23777133385972044,137841.28439760313,1556.3909012317624,139397.6752988349,1749,38,637.3333333333334,37,2,20,28.562680554105324,0.6962274774774775,37.47258771929825,1050.1096491228072,28.38134186818398,0
1838,4,0,0,39,0.0,0.0,1.0,39,750,500,250,0.6666666666666666,10,5,5,338.94974305327776,0.7882928475033738,0.20143384144219412,0.23766183301349153,137870.07180093878,1546.2050823330298,139416.2768832718,1750,39,638.3333333333334,37,2,20,28.545886406347886,0.696509009009009,37.44517543859649,1050.2192982456143,28.384305357989575,0
1839,4,0,0,39,0.0,0.0,1.0,39,900,700,200,0.7777777777777778,11,7,4,337.2425942929128,0.7876743139901035,0.19989239281440985,0.23666277001698235,137898.86221000683,1501.074008348714,139399.93621835555,1751,40,639.3333333333334,37,2,20,28.562371681107983,0.6967905405405406,37.41776315789473,1050.3289473684204,28.387268847795145,0
1840,4,0,0,39,0.0,0.0,1.0,39,550,300,250,0.5454545454545454,8,3,5,337.2656549263858,0.7873369320737742,0.19375955082040042,0.2370757329310127,137956.45204534085,1505.5946300784815,139462.04667541932,1752,41,640.3333333333334,37,2,20,28.505092544271655,0.6973536036036035,37.362938596491226,1050.5482456140348,28.39319582740635,0
1841,4,0,0,39,0.0,0.0,1.0,39,1400,1000,400,0.7142857142857143,18,10,8,338.07352449314067,0.7850877192982456,0.19509324860320976,0.23884383782724675,138129.29368892347,1539.5714306324965,139668.86511955597,1753,42,641.3333333333334,37,2,17,28.31384079134939,0.6990427927927927,37.1984649122807,1051.206140350877,28.410976766239916,0
1842,4,0,0,39,0.0,0.0,1.0,39,950,500,450,0.5263157894736842,14,5,9,338.17825055620733,0.7847503373819164,0.19314741717745476,0.23911895769416783,138158.11114958444,1544.4136657433014,139702.52481532775,1754,43,642.3333333333334,37,2,18,28.282749269920732,0.6993243243243243,37.171052631578945,1051.315789473684,28.41394025604551,0
1843,4,0,0,39,0.0,0.0,1.0,39,600,300,300,0.5,9,3,6,338.17825055620733,0.7847503373819164,0.19314741717745476,0.23911895769416783,138158.11114958444,1544.4136657433014,139702.52481532775,1755,44,643.3333333333334,37,2,18,28.282749269920732,0.6993243243243243,37.171052631578945,1051.315789473684,28.41394025604551,0
1844,4,0,0,39,0.0,0.0,1.0,39,900,500,400,0.5555555555555556,13,5,8,341.65077792795086,0.7835695006747638,0.20101152669960043,0.2423901081275816,138273.4110495536,1648.2436903662556,139921.65473991985,1756,45,644.3333333333334,37,2,18,28.07808590492077,0.7004504504504505,37.061403508771924,1051.7543859649115,28.425794215267878,0
1845,4,0,0,39,0.0,0.0,1.0,39,1150,800,350,0.6956521739130435,15,8,7,342.21835141333213,0.7819950517318939,0.19755824547702772,0.24391105364843113,138430.17774307818,1674.669442618137,140104.84718569633,1757,46,645.3333333333334,38,1,19,27.90905245346869,0.7001096491228072,36.91239316239315,1052.3504273504257,27.693432298695413,0
1846,4,0,0,39,0.0,0.0,1.0,39,1000,600,400,0.6,14,6,8,342.3512071224158,0.7810391363022943,0.19735157250382596,0.24440899221521978,138486.39875082154,1682.1971564759704,140168.5959072975,1758,47,646.3333333333334,38,1,19,27.850309581810794,0.7006578947368423,36.85897435897434,1052.5641025641003,27.699055330634216,0
1847,4,0,0,39,0.0,0.0,1.0,39,1250,1100,150,0.88,14,11,3,342.20453096011147,0.7801394511920828,0.19977938727938738,0.24511394310631218,138598.87500913127,1685.8326028197616,140284.70761195102,1759,48,647.3333333333334,38,1,20,27.74367559523809,0.7017543859649124,36.75213675213674,1052.9914529914518,27.710301394511887,0
1848,4,0,0,39,0.0,0.0,1.0,39,700,500,200,0.7142857142857143,9,5,4,342.53865994382153,0.7798582995951417,0.19784976445217906,0.24555662335027245,138627.00120763012,1697.021445138422,140324.02265276853,1760,49,648.3333333333334,38,1,20,27.70725541916067,0.7020285087719298,36.725427350427346,1053.0982905982899,27.71311291048131,0
1849,4,0,0,39,0.0,0.0,1.0,39,950,600,350,0.631578947368421,13,6,7,342.8326932763188,0.7790710751237068,0.1955082705437603,0.246789490590588,138767.67500365255,1714.8191522390225,140482.49415589156,1761,50,649.3333333333334,38,1,20,27.561388832555938,0.7033991228070176,36.59188034188034,1053.6324786324785,27.727170490328383,0
1850,4,0,0,39,0.0,0.0,1.0,39,800,500,300,0.625,11,5,6,331.69465463744245,0.7797458389563653,0.12665802106795931,0.22119519276709895,136116.36231138528,1240.934314149214,137357.2966255345,1762,51,650.3333333333334,35,4,15,30.46713250517599,0.6833333333333333,39.12037037037036,1043.518518518517,29.814814814814774,8
1851,4,0,0,39,0.0,0.0,1.0,39,1200,900,300,0.75,15,9,6,332.6447357230646,0.77834008097166,0.12604776888115765,0.22277566154103665,136267.3761815199,1265.725067515414,137533.10124903533,1763,52,651.3333333333334,35,4,15,30.292858330562026,0.6848214285714287,38.975694444444436,1044.097222222221,29.831349206349174,0
1852,4,0,0,39,0.0,0.0,1.0,39,600,400,200,0.6666666666666666,8,4,4,332.6447357230646,0.7777777777777778,0.12604776888115765,0.22277566154103665,136267.3761815199,1265.725067515414,137533.10124903533,1764,53,652.3333333333334,35,4,15,30.292858330562026,0.6848214285714287,38.975694444444436,1044.097222222221,29.831349206349174,0
1853,4,0,0,39,0.0,0.0,1.0,39,700,300,400,0.42857142857142855,11,3,8,334.9980689564636,0.7771592442645074,0.12293938283077144,0.22473513577651816,136327.80517243218,1333.910295567548,137661.71546799975,1765,54,653.3333333333334,35,4,15,30.171621596660383,0.6854166666666668,38.91782407407407,1044.328703703703,29.837962962962944,0
1854,4,0,0,39,0.0,0.0,1.0,39,750,400,350,0.5333333333333333,11,4,7,334.00174565252547,0.7764282501124606,0.1223701330060738,0.22464230672575955,136418.47377614872,1312.8016760973808,137731.2754522461,1766,55,654.3333333333334,35,4,16,30.107928946007828,0.6863095238095238,38.83101851851851,1044.6759259259252,29.847883597883577,0
1855,4,0,0,39,0.0,0.0,1.0,39,1200,900,300,0.75,15,9,6,333.7168527432696,0.7763157894736843,0.12130920327641626,0.22483550347509235,136478.93625685867,1309.064214677635,137788.0004715363,1767,56,655.3333333333334,35,4,18,30.055567862944915,0.6869047619047619,38.773148148148145,1044.9074074074072,29.854497354497347,0
1856,4,0,0,39,0.0,0.0,1.0,39,900,700,200,0.7777777777777778,11,7,4,333.5608728356264,0.7743477282950968,0.12466383249415713,0.2249231606297888,136509.1725206833,1306.823747213647,137815.99626789693,1768,57,656.3333333333334,35,4,19,30.029742127219702,0.6872023809523808,38.74421296296296,1045.023148148148,29.85780423280423,0
1857,4,0,0,39,0.0,0.0,1.0,39,1550,1100,450,0.7096774193548387,20,11,9,328.6596330130466,0.7729982006297796,0.07287080940341495,0.22025515025920042,136291.22813028988,1158.6850040396826,137449.91313432957,1769,58,657.3333333333334,37,2,17,30.37328485421261,0.6810247747747749,38.95285087719297,1044.1885964912265,28.221313418681795,2
1858,4,0,0,39,0.0,0.0,1.0,39,1600,1300,300,0.8125,19,13,6,329.65117596699895,0.7714799820062979,0.07265719830010808,0.22163632698924468,136405.74653980057,1193.262951100325,137599.0094909009,1770,59,658.3333333333334,37,2,17,30.234137189041668,0.6821509009009009,38.84320175438596,1044.6271929824552,28.233167377904195,0
1859,4,0,0,39,0.0,0.0,1.0,39,1300,900,400,0.6923076923076923,17,9,8,330.18563273051177,0.7716486729644625,0.07469283767678458,0.22271757010293733,136520.31304103165,1215.409188404104,137735.72222943575,1771,60,659.3333333333334,37,2,18,30.106909908019443,0.6832770270270271,38.73355263157894,1045.0657894736828,28.245021337126563,0
1860,4,0,0,39,0.0,0.0,1.0,39,1250,900,350,0.72,16,9,7,331.3543487913794,0.7702429149797572,0.07959396105834826,0.22386966740100753,136577.61432604247,1251.1172908971835,137828.73161693965,1772,61,660.3333333333334,37,2,18,30.019734081611247,0.6838400900900901,38.67872807017543,1045.285087719297,28.25094831673776,0
1861,4,0,0,39,0.0,0.0,1.0,39,1350,1000,350,0.7407407407407407,17,10,7,333.80422532975666,0.7688371569950517,0.08049851874553093,0.22644556907505115,136720.92013888885,1327.6793099799888,138048.59944886883,1773,62,661.3333333333334,36,3,18,29.814077025232397,0.6872106481481481,38.541666666666664,1045.833333333333,29.050925925925917,0
1862,4,0,0,39,0.0,0.0,1.0,39,750,600,150,0.8,9,6,3,333.95526332774716,0.7682186234817814,0.07981072903553543,0.2267380472067335,136750.36523009487,1333.7008461163766,138084.06607621125,1774,63,662.3333333333334,36,3,18,29.78103466838931,0.6875,38.51351351351351,1045.9459459459451,29.05405405405403,0
1863,4,0,0,39,0.0,0.0,1.0,39,700,400,300,0.5714285714285714,10,4,6,333.2789519848997,0.767825011246064,0.08027379868068762,0.22665896514932057,136809.2649237075,1319.1296871195464,138128.39461082703,1775,64,663.3333333333334,36,3,18,29.740536419088613,0.6880787037037037,38.457207207207205,1046.1711711711712,29.06031031031031,0
1864,4,0,0,39,0.0,0.0,1.0,39,1150,600,550,0.5217391304347826,17,6,11,333.65495353714005,0.766531713900135,0.08333199030873462,0.22783048544102535,136950.36573753445,1338.833583410261,138289.1993209447,1776,65,664.3333333333334,37,2,19,29.591364620434394,0.6875,38.32236842105262,1046.710526315788,28.289473684210485,0
1865,4,0,0,39,0.0,0.0,1.0,39,950,700,250,0.7368421052631579,12,7,5,332.3441157407402,0.7652946468735943,0.08557034363486027,0.22730813876021375,137007.75719452125,1306.7443828870282,138314.5015774083,1777,66,665.3333333333334,37,2,16,29.569019689987435,0.6880630630630631,38.267543859649116,1046.9298245614023,28.29540066382168,0
1866,4,0,0,39,0.0,0.0,1.0,39,1350,1100,250,0.8148148148148148,16,11,5,333.8500589347881,0.7650697255960414,0.08372667472143913,0.22871363434915512,137065.16067443808,1351.8423938134565,138417.00306825154,1778,67,666.3333333333334,37,2,16,29.472949389179753,0.6886261261261262,38.2127192982456,1047.1491228070158,28.30132764343286,0
1867,4,0,0,39,0.0,0.0,1.0,39,850,600,250,0.7058823529411765,11,6,5,332.3197272923542,0.7649010346378767,0.08431223304221369,0.2279727282468119,137112.2699453026,1313.0224313317033,138425.29237663432,1779,68,667.3333333333334,38,1,16,29.466532354041288,0.6872258771929826,38.16773504273503,1047.3290598290582,27.56129104813311,0
1868,4,0,0,39,0.0,0.0,1.0,39,1300,1000,300,0.7692307692307693,16,10,6,340.5493656227508,0.7649010346378767,0.11736561184336525,0.22530291015835005,135833.63540945284,1463.2998906006528,137296.93530005348,1780,69,668.3333333333334,37,2,20,30.516439640966297,0.6765202702702702,39.39144736842105,1042.4342105263152,28.1738975817923,3
1869,4,0,0,39,0.0,0.0,1.0,39,1100,800,300,0.7272727272727273,14,8,6,339.2009504569308,0.7635515069725596,0.11914500143165263,0.225080929803542,135939.8984243737,1422.1885501132458,137362.08697448694,1781,70,669.3333333333334,38,1,16,30.446205989823458,0.6757127192982455,39.28952991452992,1042.8418803418813,27.443207377417927,0
1870,4,0,0,39,0.0,0.0,1.0,39,1050,900,150,0.8571428571428571,12,9,3,334.77316004445476,0.7629329734592892,0.11323013903659107,0.2228398028516771,136051.3359837279,1309.2671351084941,137360.6031188364,1782,71,670.3333333333334,38,1,16,30.45122887864823,0.6768092105263157,39.182692307692314,1043.2692307692316,27.45445344129557,0
1871,4,0,0,39,0.0,0.0,1.0,39,1300,900,400,0.6923076923076923,17,9,8,333.91953769717895,0.763101664417454,0.10905310905310928,0.22279549482418345,136134.94411571347,1291.6235207100733,137426.56763642354,1783,72,671.3333333333334,38,1,17,30.390688984438995,0.6776315789473684,39.10256410256411,1043.5897435897446,27.462887989203804,0
1872,4,0,0,39,0.0,0.0,1.0,39,1100,700,400,0.6363636363636364,15,7,8,354.67169884356696,0.7619770580296896,0.09576768612913167,0.22644423849243125,134550.78125000003,1746.7876808021047,136297.56893080214,1784,73,672.3333333333334,36,3,17,31.425702811244975,0.6657986111111112,40.625,1037.5000000000002,28.81944444444445,6
1873,4,0,0,39,0.0,0.0,1.0,39,1100,600,500,0.5454545454545454,16,6,10,351.24606195547074,0.7616959064327485,0.09626763768775604,0.22460761691530925,134607.66774392125,1656.0826408125624,136263.7503847338,1785,74,673.3333333333334,37,2,17,31.457805015497318,0.6644144144144144,40.57017543859649,1037.7192982456145,28.046467520151744,0
1874,4,0,0,39,0.0,0.0,1.0,39,650,500,150,0.7692307692307693,8,5,3,351.1331122613997,0.7625393612235718,0.09878228832270053,0.22471094709629125,134636.1154994805,1655.0396516235683,136291.1551511041,1786,75,674.3333333333334,37,2,18,31.432360450783587,0.6646959459459459,40.54276315789473,1037.8289473684204,28.049431009957306,0
1875,4,0,0,39,0.0,0.0,1.0,39,1050,700,350,0.6666666666666666,14,7,7,349.6284226930975,0.7623706702654072,0.09875139117931431,0.22444959555802974,134749.9365790435,1622.4815568251768,136372.41813586868,1787,76,675.3333333333334,37,2,19,31.357917942760587,0.665822072072072,40.43311403508772,1038.2675438596489,28.0612849691797,0
1876,4,0,0,39,0.0,0.0,1.0,39,1150,800,350,0.6956521739130435,15,8,7,349.95167940152766,0.7617521367521368,0.09883883054614784,0.2250096643321024,134806.86515322025,1635.1777710449405,136442.0429242652,1788,77,676.3333333333334,37,2,17,31.29278411290607,0.6663851351351351,40.37828947368421,1038.4868421052633,28.067211948790902,0
1877,4,0,0,39,0.0,0.0,1.0,39,850,600,250,0.7058823529411765,11,6,5,348.44026532355093,0.7623144399460189,0.10082114071981074,0.2245661954881172,134892.2805574793,1600.3804055093974,136492.6609629887,1789,78,677.3333333333334,37,2,17,31.246921398916335,0.6672297297297296,40.29605263157895,1038.8157894736848,28.0761024182077,0
1878,4,0,0,39,0.0,0.0,1.0,39,1200,900,300,0.75,15,9,6,348.23527756396004,0.76102114260009,0.10325666455651694,0.22514147071972807,135006.20984341338,1602.7849915358606,136608.99483494923,1790,79,678.3333333333334,37,2,17,31.138777519870587,0.6683558558558558,40.18640350877193,1039.2543859649124,28.087956377430068,0
1879,4,0,0,39,0.0,0.0,1.0,39,800,500,300,0.625,11,5,6,349.1150637949245,0.7604026090868197,0.09783669903910353,0.22624469718658108,135091.68836805562,1632.508680555565,136724.19704861118,1791,80,679.3333333333334,37,2,17,31.030811623246493,0.6692004504504505,40.10416666666667,1039.583333333334,28.096846846846862,0
1880,4,1,1,39,0.025,0.025,0.975,40,1150,800,350,0.6956521739130435,15,8,7,342.2915126783844,0.7663995726495727,0.0973043746149107,0.22310808236024818,135300.01849112424,1262.4095989480593,136562.4280900723,1792,0,663.325,38,2,17,31.000975559663164,0.6694078947368421,39.90384615384615,1040.3846153846152,27.378542510121452,0
1881,4,0,0,39,0.0,0.0,1.0,39,900,500,400,0.5555555555555556,13,5,8,348.3458191762425,0.7600652271704904,0.10417528351107697,0.22646059594836632,135205.70181450076,1619.6681911742253,136825.37000567498,1793,82,681.3333333333334,37,2,18,30.93733526620981,0.6703265765765765,39.99451754385966,1040.0219298245627,28.108700806069262,0
1882,4,0,0,39,0.0,0.0,1.0,39,900,600,300,0.6666666666666666,12,6,6,346.4695242399239,0.7596153846153847,0.09556077922779704,0.22613451066278414,135348.28625153907,1578.811268851968,136927.09752039105,1794,83,682.3333333333334,37,2,18,30.844309799789237,0.6717342342342342,39.857456140350884,1040.5701754385977,28.123518255097235,0
1883,4,0,0,39,0.0,0.0,1.0,39,1100,800,300,0.7272727272727273,14,8,6,348.2757994815744,0.7589968511021142,0.09778915698443824,0.22803658208814298,135462.4079043555,1635.655682517734,137098.06358687324,1795,84,683.3333333333334,37,2,18,30.683852959764067,0.6728603603603602,39.74780701754388,1041.0087719298272,28.135372214319652,0
1884,4,0,0,39,0.0,0.0,1.0,39,1050,800,250,0.7619047619047619,13,8,5,347.58406422714614,0.7583220872694557,0.09783286750111397,0.2277647128941863,135490.94583189092,1618.8987236457758,137109.8445555367,1796,85,684.3333333333334,37,2,18,30.673490433561533,0.6731418918918917,39.720394736842124,1041.1184210526342,28.138335704125247,0
1885,4,0,0,39,0.0,0.0,1.0,39,1000,700,300,0.7,13,7,6,349.53452417091063,0.7564664867296447,0.10334151233193212,0.22977359481657353,135605.12759935777,1679.7347501154522,137284.86234947323,1797,86,685.3333333333334,37,2,18,30.509242200933436,0.6742680180180178,39.6107456140351,1041.557017543862,28.15018966334762,0
1886,4,0,0,39,0.0,0.0,1.0,39,1300,900,400,0.6923076923076923,17,9,8,349.53452417091063,0.7562415654520918,0.10334151233193212,0.22977359481657353,135605.12759935777,1679.7347501154522,137284.86234947323,1798,87,686.3333333333334,37,2,18,30.509242200933436,0.6742680180180178,39.6107456140351,1041.557017543862,28.15018966334762,0
1887,4,0,0,39,0.0,0.0,1.0,39,1150,900,250,0.782608695652174,14,9,5,348.4881885754512,0.7561291048133154,0.10308808620670007,0.23004308283968947,135754.27061899868,1661.7579833443576,137416.02860234302,1799,88,687.3333333333334,35,4,19,30.388345920331705,0.6797619047619048,39.467592592592595,1042.12962962963,29.775132275132286,0
1888,4,0,0,39,0.0,0.0,1.0,39,800,700,100,0.875,9,7,2,347.1616135588025,0.7561853351327036,0.1063477950158298,0.2297122985499529,135839.0416387674,1631.6201759191906,137470.6618146866,1800,89,688.3333333333334,36,3,19,30.338752655647976,0.6785300925925926,39.386261261261275,1042.454954954957,28.957082082082138,0
1889,4,0,0,39,0.0,0.0,1.0,39,1100,800,300,0.7272727272727273,14,8,6,348.56090222028973,0.7528677462887989,0.1063674890728763,0.23178173993298967,136015.18906998224,1681.9154035792676,137697.1044735615,1801,90,689.3333333333334,36,3,17,30.12747849868654,0.6802662037037037,39.21734234234235,1043.1306306306315,28.975850850850875,0
1890,4,0,0,39,0.0,0.0,1.0,39,850,700,150,0.8235294117647058,10,7,3,347.0418443101704,0.7528677462887989,0.10958252037582894,0.23115332045533646,136073.9302435882,1644.6695428536677,137718.59978644186,1802,91,690.3333333333334,36,3,17,30.108832523835233,0.6808449074074074,39.16103603603604,1043.355855855856,28.982107107107108,0
1891,4,0,0,39,0.0,0.0,1.0,39,800,600,200,0.75,10,6,4,346.1263198469155,0.7528677462887989,0.11074864490209335,0.23092531360844976,136132.6840987948,1623.8209915997154,137756.50509039452,1803,92,691.3333333333334,36,3,17,30.074457753318235,0.6814236111111112,39.10472972972973,1043.5810810810815,28.988363363363376,0
1892,4,0,1,38,0.0,0.02564102564102564,0.9743589743589743,39,950,500,450,0.5263157894736842,14,5,9,344.739662391783,0.7524179037336932,0.11136700957060208,0.23028609447771106,136176.75781250006,1589.105902777778,137765.86371527784,1804,93,692.3333333333334,37,2,17,30.0669494344644,0.6798986486486487,39.0625,1043.7500000000005,28.20945945945947,0
1893,4,0,0,38,0.0,0.0,1.0,38,950,700,250,0.7368421052631579,12,7,5,350.5898981044919,0.7507705073494547,0.11643750035496692,0.23390328191031873,136132.6840987948,1945.348769377493,138078.03286817227,1805,94,694.3157894736842,36,2,17,29.95800510772995,0.6814236111111112,39.10472972972973,1043.5810810810815,28.988363363363376,0
1894,4,0,0,38,0.0,0.0,1.0,38,1400,900,500,0.6428571428571429,19,9,10,351.40411005252645,0.7506816026552868,0.11979160755025364,0.23581199107287484,136338.4224596218,1981.9764020777557,138320.39886169956,1806,95,695.3157894736842,36,2,17,29.732765437423623,0.6834490740740741,38.90765765765766,1044.3693693693695,29.010260260260264,0
1895,4,0,0,38,0.0,0.0,1.0,38,1200,900,300,0.75,15,9,6,351.34844995313887,0.75,0.12162008795573831,0.23597080907424806,136367.82633562628,1982.5248813002318,138350.3512169265,1807,96,696.3157894736842,36,2,18,29.70507637017071,0.6837384259259259,38.87950450450451,1044.4819819819827,29.013388388388407,0
1896,4,0,0,38,0.0,0.0,1.0,38,1100,800,300,0.7272727272727273,14,8,6,349.7656865591657,0.7477477477477478,0.12074520280656387,0.2356917796356207,136485.47354364494,1947.5870718691576,138433.06061551408,1808,97,697.3157894736842,36,2,19,29.62985415095016,0.6848958333333334,38.76689189189189,1044.9324324324318,29.025900900900883,0
1897,4,0,0,38,0.0,0.0,1.0,38,1000,800,200,0.8,12,8,4,350.0766822566132,0.7467105263157895,0.12182038807425832,0.23649285041527518,136573.74223886037,1962.2565132700174,138535.9987521304,1809,98,698.3157894736842,36,2,19,29.534313725490208,0.685763888888889,38.68243243243243,1045.2702702702695,29.035285285285266,0
1898,4,0,0,38,0.0,0.0,1.0,38,1150,1000,150,0.8695652173913043,13,10,3,351.89582331071165,0.7474513987671882,0.122475413088456,0.23831894379576646,136662.03946767718,2018.1601787598472,138680.19964643702,1810,99,699.3157894736842,36,2,19,29.39934482139653,0.6866319444444444,38.597972972972975,1045.6081081081084,29.044669669669677,0
1899,4,0,0,38,0.0,0.0,1.0,38,950,700,250,0.7368421052631579,12,7,5,345.4458770628491,0.7462067330488383,0.12377615426668664,0.23301094510162873,136520.31304103183,1832.0758550707876,138352.3888961026,1811,100,700.3157894736842,37,1,18,29.70821092575106,0.683277027027027,38.733552631578945,1045.065789473684,28.245021337126595,2
1900,4,0,0,38,0.0,0.0,1.0,38,650,400,250,0.6153846153846154,9,4,5,346.29040229928256,0.7454954954954955,0.12462802343107326,0.2339607657773961,136577.6143260425,1859.1034020082961,138436.7177280508,1812,101,701.3157894736842,37,1,18,29.62942323158152,0.6838400900900901,38.67872807017543,1045.2850877192973,28.250948316737766,0
1901,4,0,0,38,0.0,0.0,1.0,38,600,400,200,0.6666666666666666,8,4,4,346.29040229928256,0.7454954954954955,0.12462802343107326,0.2339607657773961,136577.6143260425,1859.1034020082961,138436.7177280508,1813,102,702.3157894736842,37,1,18,29.62942323158152,0.6838400900900901,38.67872807017543,1045.2850877192973,28.250948316737766,0
1902,4,0,0,38,0.0,0.0,1.0,38,1000,900,100,0.9,11,9,2,344.79197164542137,0.7442804646752015,0.1229689155775342,0.23351819897803536,136663.5887965527,1824.1016466605026,138487.6904432132,1814,103,703.3157894736842,37,1,19,29.583508109619675,0.6846846846846848,38.59649122807017,1045.6140350877188,28.25983878615456,0
1903,4,0,0,38,0.0,0.0,1.0,38,1000,800,200,0.8,12,8,4,346.8116327218488,0.7439544807965861,0.11595472457264133,0.2324199281076822,136291.22813029002,1853.4766707063645,138144.70480099638,1815,104,704.3157894736842,37,1,18,29.89943207672652,0.6810247747747749,38.95285087719298,1044.1885964912276,28.221313418681827,2
1904,4,0,0,38,0.0,0.0,1.0,38,1000,600,400,0.6,14,6,8,346.8408438639419,0.7438063063063063,0.11177718598406594,0.23300464588490208,136377.11242882424,1860.2305517082182,138237.34298053247,1816,105,705.3157894736842,37,1,19,29.813580376513414,0.6818693693693694,38.87061403508772,1044.517543859649,28.230203888098625,0
1905,4,0,1,37,0.0,0.02631578947368421,0.9736842105263158,38,700,400,300,0.5714285714285714,10,4,6,347.78793630217626,0.7437174016121385,0.11073514057001432,0.23383032245242302,136405.74653980072,1888.0546177670076,138293.80115756774,1817,106,706.3157894736842,37,1,19,29.760483363073373,0.6821509009009008,38.843201754385966,1044.6271929824563,28.233167377904227,0
1906,4,0,0,37,0.0,0.0,1.0,37,800,700,100,0.875,9,7,2,384.9456700193977,0.7430555555555556,0.17030478792295223,0.2358854369931573,133036.20501836293,2842.3422155263347,135878.54723388926,1818,133,723.5405405405405,36,1,17,32.16079030673507,0.6507523148148149,42.08896396396396,1031.644144144144,28.65678178178178,6
1907,4,0,0,37,0.0,0.0,1.0,37,1300,1100,200,0.8461538461538461,15,11,4,381.76443315624715,0.7447447447447447,0.16966262651874087,0.2350325425616736,133210.52629910325,2771.008212604508,135981.53451170775,1819,134,724.5405405405405,36,1,18,32.067470273808226,0.6524884259259258,41.92004504504505,1032.3198198198206,28.67555055055057,0
1908,4,0,0,37,0.0,0.0,1.0,37,850,600,250,0.7058823529411765,11,6,5,379.00508359876414,0.7451201201201201,0.17010313836576252,0.2336985616353106,133268.65875588427,2701.899830573818,135970.5585864581,1820,135,725.5405405405405,36,1,18,32.08024321081907,0.6530671296296295,41.86373873873874,1032.545045045045,28.681806806806808,0
1909,4,0,0,37,0.0,0.0,1.0,37,650,500,150,0.7692307692307693,8,5,3,378.16518080767855,0.7466841841841841,0.16727227718395543,0.23354564802607553,133326.80389426593,2683.9109802369994,136010.71487450294,1821,136,726.5405405405405,36,1,18,32.04348853269364,0.6536458333333334,41.807432432432435,1032.7702702702707,28.688063063063073,0
1910,4,0,1,36,0.0,0.02702702702702703,0.972972972972973,37,900,600,300,0.6666666666666666,12,6,6,375.6287125167505,0.7478103103103103,0.1629840876471449,0.23308312032579745,133502.97796201796,2629.6688658114617,136132.64682782942,1822,137,727.5405405405405,34,3,19,31.932045079291942,0.6596200980392158,41.63690476190475,1033.4523809523796,30.395658263305283,0
1911,4,0,0,36,0.0,0.0,1.0,36,700,400,300,0.5714285714285714,10,4,6,375.14969418148996,0.7482142857142857,0.16103207534742836,0.23318995360507475,133567.21460796308,2821.5399425701426,136388.75455053322,1823,138,727.8055555555555,33,3,19,31.8799397352302,0.6625631313131315,41.57475490196077,1033.7009803921553,31.324272133095615,0
1912,4,0,0,36,0.0,0.0,1.0,36,450,200,250,0.4444444444444444,7,2,5,375.14969418148996,0.7476521164021165,0.16103207534742836,0.23318995360507475,133567.21460796308,2821.5399425701426,136388.75455053322,1824,139,728.8055555555555,33,3,19,31.8799397352302,0.6625631313131315,41.57475490196077,1033.7009803921553,31.324272133095615,0
1913,4,0,0,36,0.0,0.0,1.0,36,850,500,350,0.5882352941176471,12,5,7,375.0269253309737,0.7478505291005292,0.15847194237024764,0.2335130752042377,133630.56163795156,2823.011732266411,136453.57337021796,1825,140,729.8055555555555,33,3,19,31.81953992335347,0.6631944444444446,41.51348039215685,1033.946078431371,31.33169934640518,0
1914,4,0,0,36,0.0,0.0,1.0,36,1200,700,500,0.5833333333333334,17,7,10,374.86491409791273,0.7480489417989419,0.15882279364327045,0.23381263932537186,133693.9236862022,2823.4322436082,136517.3559298104,1826,141,730.8055555555555,33,3,19,31.76015621914128,0.6638257575757578,41.45220588235293,1034.1911764705865,31.339126559714742,0
1915,4,1,1,36,0.02702702702702703,0.02702702702702703,0.972972972972973,37,850,600,250,0.7058823529411765,11,6,5,362.0677325542311,0.7545670670670671,0.1523979999316325,0.22768641142618537,133995.55165816302,2303.093112244867,136298.64477040787,1827,0,712.027027027027,34,3,16,31.788978958261456,0.6645220588235295,41.16071428571427,1035.3571428571408,30.45168067226885,0
1916,4,0,0,36,0.0,0.0,1.0,36,1100,900,200,0.8181818181818182,13,9,4,370.2538032986755,0.748015873015873,0.16322939280310522,0.23213016843781065,133884.0999405274,2714.2194408400273,136598.31938136744,1828,143,732.8055555555555,33,3,16,31.68874580619696,0.665719696969697,41.26838235294116,1034.926470588233,31.361408199643428,0
1917,4,0,0,36,0.0,0.0,1.0,36,750,500,250,0.6666666666666666,10,5,5,372.20541948698184,0.7480820105820106,0.16402601844178788,0.2337560727439801,133947.522061827,2771.198727652804,136718.72078947982,1829,144,733.8055555555555,33,3,16,31.57469614458781,0.6663510101010102,41.207107843137244,1035.1715686274497,31.368835412953022,0
1918,4,1,1,36,0.02702702702702703,0.02702702702702703,0.972972972972973,37,850,700,150,0.8235294117647058,10,7,3,366.6261984983377,0.7576951951951952,0.1503915768300743,0.2324992214366368,134303.87081916083,2447.86352040814,136751.73433956897,1830,0,714.9459459459459,34,3,17,31.362457409746945,0.6675857843137256,40.86309523809523,1036.5476190476177,30.486694677871107,0
1919,4,0,0,36,0.0,0.0,1.0,36,850,600,250,0.7058823529411765,11,6,5,374.64207843925715,0.7489087301587302,0.16013071895424824,0.23698289612901835,134211.33786848068,2856.2429138321927,137067.58078231287,1831,146,735.8055555555555,34,2,17,31.247367110906865,0.6666666666666667,40.95238095238095,1036.190476190476,30.476190476190467,0
1920,4,0,0,36,0.0,0.0,1.0,36,800,400,400,0.5,12,4,8,371.67688667806704,0.7487764550264551,0.15995992546647275,0.23550356444099355,134273.0229591836,2781.235827664391,137054.258786848,1832,147,736.8055555555555,34,2,17,31.262443525537947,0.6672794117647058,40.89285714285714,1036.4285714285709,30.483193277310907,0
1921,4,0,0,36,0.0,0.0,1.0,36,1150,800,350,0.6956521739130435,15,8,7,369.32258764901104,0.7479166666666667,0.15443015362629509,0.23440678522212746,134334.72222222228,2722.5694444444503,137057.29166666672,1833,148,737.8055555555555,34,2,17,31.261722936763125,0.6678921568627452,40.833333333333336,1036.666666666667,30.49019607843138,0
1922,4,0,0,36,0.0,0.0,1.0,36,1350,1100,250,0.8148148148148148,16,11,5,367.7982807634018,0.7451058201058202,0.1533372865577618,0.2344276825377848,134489.03238378675,2692.9669784580374,137181.9993622448,1834,149,738.8055555555555,34,2,17,31.146945177703817,0.6694240196078431,40.6845238095238,1037.261904761904,30.507703081232467,0
1923,4,0,1,35,0.0,0.027777777777777776,0.9722222222222222,36,950,800,150,0.8421052631578947,11,8,3,369.5704091310715,0.7448082010582011,0.1458612162696138,0.23635695204662857,134612.5442885486,2749.7626133786694,137362.30690192728,1835,150,739.8055555555555,34,2,18,30.977543879775148,0.6706495098039216,40.56547619047618,1037.7380952380943,30.52170868347336,0
1924,4,0,0,35,0.0,0.0,1.0,35,750,600,150,0.8,9,6,3,383.3945291673413,0.7424369747899159,0.17114272102361694,0.2305859933301571,132334.9492983466,3147.2991157246997,135482.24841407128,1836,151,752.4285714285714,33,2,17,32.90753533428617,0.6502525252525254,42.769607843137244,1028.9215686274495,31.179441473559073,3
1925,4,0,0,35,0.0,0.0,1.0,35,850,500,350,0.5882352941176471,12,5,7,385.68080119326646,0.7415966386554621,0.17559282822440703,0.23234916559691918,132398.0034722223,3212.6886293733232,135610.69210159563,1837,152,753.4285714285714,32,3,17,32.78508771929823,0.6533203125,42.708333333333336,1029.1666666666672,32.16145833333335,0
1926,4,0,0,35,0.0,0.0,1.0,35,1150,800,350,0.6956521739130435,15,8,7,383.84277366529125,0.7408263305322128,0.17086786634192475,0.23164101655759567,132462.98408644518,3168.9918439444828,135631.97593038966,1838,153,754.4285714285714,32,3,17,32.76682407293838,0.6539713541666667,42.645202020202014,1029.4191919191912,32.169349747474726,0
1927,4,1,1,35,0.027777777777777776,0.027777777777777776,0.9722222222222222,36,1000,800,200,0.8,12,8,4,371.69419839598794,0.750925925925926,0.15535336029270197,0.22575531839419444,132704.48022959157,2665.0970804988356,135369.57731009042,1839,0,734.4444444444445,34,2,17,32.83626997881763,0.6516544117647061,42.41071428571427,1030.3571428571408,30.304621848739437,0
1928,4,0,0,35,0.0,0.0,1.0,35,500,400,100,0.8,6,4,2,379.68359162917346,0.7418067226890755,0.1704904659936779,0.23027563284522598,132650.37035034603,3073.033809111876,135723.40415945792,1840,155,756.4285714285714,33,2,17,32.68498691410896,0.6534090909090909,42.463235294117645,1030.1470588235293,31.216577540106947,0
1929,4,0,0,35,0.0,0.0,1.0,35,1100,900,200,0.8181818181818182,13,9,4,356.2024802648964,0.742016806722689,0.1063139988659485,0.20153437555806464,129989.2928004533,2260.5017006802445,132249.79450113355,1841,156,757.4285714285714,34,1,20,35.97848081562768,0.6243872549019609,45.059523809523796,1019.761904761903,29.9929971988795,7
1930,4,2,1,36,0.05405405405405406,0.02702702702702703,0.972972972972973,37,650,200,450,0.3076923076923077,11,2,9,339.2968413899814,0.7596971971971972,0.09733384159307934,0.19392588955927026,130384.14292800435,1448.3595521541731,131832.50248015852,1842,0,717.4324324324324,34,3,21,36.00944165986712,0.6283700980392158,44.67261904761904,1021.3095238095224,30.03851540616242,0
1931,4,0,0,36,0.0,0.0,1.0,36,1100,900,200,0.8181818181818182,13,9,4,346.2359125354481,0.7519179894179895,0.10224476049843267,0.19773712767836704,130353.7485827664,1826.6298185940982,132180.3784013605,1843,1,738.3611111111111,34,2,21,35.863060542472994,0.6280637254901962,44.70238095238095,1021.1904761904759,30.035014005602232,0
1932,4,0,0,36,0.0,0.0,1.0,36,1250,1100,150,0.88,14,11,3,346.71566840266246,0.752910052910053,0.09874025738626102,0.19863243432788036,130475.34722222213,1847.569444444435,132322.91666666657,1844,2,739.3611111111111,34,2,21,35.727637302882,0.6292892156862746,44.58333333333333,1021.6666666666658,30.049019607843114,0
1933,4,0,0,36,0.0,0.0,1.0,36,1000,800,200,0.8,12,8,4,347.01112822322926,0.7541005291005292,0.10206319630449134,0.1995836944442644,130627.42524092962,1865.8340419501003,132493.2592828797,1845,3,740.3611111111111,34,2,18,35.56611738674741,0.6308210784313726,44.4345238095238,1022.261904761904,30.066526610644235,0
1934,4,0,1,35,0.0,0.027777777777777776,0.9722222222222222,36,1050,600,450,0.5714285714285714,15,6,9,349.09766998616885,0.7511243386243387,0.10343545989270231,0.20205349990108573,130870.93431122461,1937.3476473923015,132808.28195861692,1846,4,741.3611111111111,34,2,18,35.266385495443096,0.6332720588235293,44.19642857142858,1023.2142857142867,30.094537815126078,0
1935,4,0,0,35,0.0,0.0,1.0,35,650,600,50,0.9230769230769231,7,6,1,353.373043305659,0.7408263305322128,0.036328716287700624,0.19494375871111053,128995.54887099197,2116.7099354852617,131112.25880647724,1847,162,763.4285714285714,35,0,19,37.0614722190574,0.6122023809523809,46.03587962962963,1015.8564814814818,29.024470899470906,7
1936,4,1,0,36,0.027777777777777776,0.0,1.0,36,1000,700,300,0.7,13,7,6,345.83683758799526,0.755357142857143,0.04210338549355375,0.19233979785066355,129315.90374157965,1744.4406399643171,131060.34438154397,1848,0,743.1944444444445,36,0,20,36.92680653971067,0.6134259259259258,45.720720720720735,1017.117117117119,28.253253253253305,0
1937,4,1,1,36,0.02702702702702703,0.02702702702702703,0.972972972972973,37,600,400,200,0.6666666666666666,8,4,4,341.2578155535904,0.7599474474474475,0.03605155710248886,0.19126501708184634,129619.76431450056,1446.7515245075335,131066.51583900809,1849,0,724.081081081081,37,0,17,36.73448099493916,0.6145833333333333,45.422149122807014,1018.3114035087715,27.52192982456139,0
1938,4,1,1,36,0.02702702702702703,0.02702702702702703,0.972972972972973,37,850,600,250,0.7058823529411765,11,6,5,343.34637635987167,0.7662037037037037,0.03007011317022079,0.19284690667371268,129703.52055440134,1506.6467566943652,131210.16731109572,1850,0,725.0540540540541,37,0,17,36.59625044851094,0.6154279279279279,45.33991228070175,1018.6403508771929,27.530820293978184,0
1939,4,0,0,36,0.0,0.0,1.0,36,950,600,350,0.631578947368421,13,6,7,350.85150381245035,0.7523478835978836,0.033762858090918835,0.19641166848101355,129573.74762854094,1892.2288420177206,131465.97647055864,1851,3,746.1944444444445,36,0,18,36.53702577148546,0.6160300925925926,45.467342342342356,1018.1306306306326,28.28140640640646,0
1940,4,2,1,37,0.05263157894736842,0.02631578947368421,0.9736842105263158,38,1050,800,250,0.7619047619047619,13,8,5,337.95272625961513,0.7751600284495022,0.10261032131063486,0.18863982626362863,129459.11864144579,1153.8647177583318,130612.98335920413,1852,0,707.8684210526316,36,2,18,36.98176017114823,0.6148726851851851,45.57995495495497,1017.6801801801826,28.26889389389396,4
1941,4,1,1,37,0.02631578947368421,0.02631578947368421,0.9736842105263158,38,850,600,250,0.7058823529411765,11,6,5,337.0874742383719,0.7750711237553343,0.09522949884114995,0.18829397973834427,129487.77113261935,1129.7411431702255,130617.51227578957,1853,0,708.8421052631579,36,2,18,36.97467175628827,0.615162037037037,45.551801801801815,1017.7927927927948,28.272022022022078,0
1942,4,0,0,37,0.0,0.0,1.0,37,750,500,250,0.6666666666666666,10,5,5,346.00484682493226,0.763013013013013,0.10810810810810811,0.1930250389140104,129436.83556241432,1557.1544924554244,130993.99005486973,1854,2,729.0,35,2,18,36.799552623597215,0.6166666666666666,45.601851851851855,1017.592592592593,29.074074074074083,0
1943,4,1,1,37,0.02631578947368421,0.02631578947368421,0.9736842105263158,38,750,300,450,0.4,12,3,9,340.8211690151904,0.7737375533428165,0.10389281661866079,0.19135490215657375,129688.4273420383,1240.1122828910354,130928.53962492933,1855,0,710.7894736842105,36,2,18,36.675879859959466,0.6171874999999998,45.35472972972975,1018.5810810810835,28.293918918918987,0
1944,4,0,0,37,0.0,0.0,1.0,37,550,300,250,0.5454545454545454,8,3,5,348.56786231517515,0.7618243243243243,0.11137163314536846,0.19489220273756966,129525.18332315268,1629.6632533865202,131154.84657653922,1856,4,731.0,35,2,18,36.64451866590866,0.6175595238095237,45.51504629629631,1017.9398148148168,29.083994708994766,0
1945,4,1,1,37,0.02631578947368421,0.02631578947368421,0.9736842105263158,38,1100,600,500,0.5454545454545454,16,6,10,343.0317576604119,0.7712482219061166,0.10754605045047105,0.19316081985495165,129803.1577819376,1305.3210727619824,131108.47885469958,1857,0,712.7368421052631,36,2,19,36.50311268280104,0.6183449074074073,45.24211711711713,1019.0315315315336,28.306431431431488,0
1946,4,1,0,38,0.02631578947368421,0.0,1.0,38,1150,700,450,0.6086956521739131,16,7,9,344.7262739726945,0.7699442863916548,0.12097706995262802,0.19497166838368207,129975.3485537904,1361.183523050092,131336.5320768405,1858,0,713.7105263157895,36,2,21,36.285201546107146,0.6200810185185185,45.073198198198206,1019.7072072072083,28.32520020020023,0
1947,4,0,1,37,0.0,0.02631578947368421,0.9736842105263158,38,1350,1200,150,0.8888888888888888,15,12,3,342.8581067839723,0.7712482219061166,0.08291338048857644,0.19619570778866624,130430.54112803943,1343.8336795937284,131774.37480763317,1859,1,714.7105263157895,37,1,19,35.87152926864177,0.6227477477477477,44.627192982456144,1021.4912280701757,27.607871028923668,8
1948,4,0,0,37,0.0,0.0,1.0,37,1100,800,300,0.7272727272727273,14,8,6,345.3919510658806,0.76244994994995,0.10252698979971742,0.19825629069720851,130550.14209733382,1618.193658185216,132168.33575551905,1860,8,735.0,36,1,16,35.68572084481176,0.6258680555555556,44.51013513513514,1021.9594594594595,28.387762762762762,0
1949,4,0,0,37,0.0,0.0,1.0,37,800,500,300,0.625,11,5,6,350.4855612649481,0.7623873873873874,0.09498675869450923,0.1947954855683174,129289.65627411264,1675.8175079288199,130965.47378204146,1861,9,736.0,35,2,20,36.83531068624104,0.6151785714285714,45.74652777777778,1017.0138888888888,29.05753968253968,6
1950,4,1,1,37,0.02631578947368421,0.02631578947368421,0.9736842105263158,38,1300,1100,200,0.8461538461538461,15,11,4,339.5653041587585,0.7726706970128023,0.09781254729391509,0.19023230980195158,129602.412801315,1201.6965445175133,130804.10934583252,1862,0,717.6052631578947,36,2,17,36.795187274201886,0.6163194444444444,45.4391891891892,1018.2432432432446,28.284534534534572,0
1951,4,2,2,37,0.05128205128205128,0.05128205128205128,0.9487179487179487,39,1400,1100,300,0.7857142857142857,17,11,6,332.1706777905362,0.7778902384165542,0.10489059424772162,0.18817610504309173,130038.81602993225,839.0163319482849,130877.83236188053,1863,0,700.1538461538462,37,2,20,36.54097685085643,0.6188063063063063,45.0109649122807,1019.9561403508769,27.566382171645323,0
1952,4,1,1,37,0.02631578947368421,0.02631578947368421,0.9736842105263158,38,950,700,250,0.7368421052631579,12,7,5,339.5514126091578,0.7665362731152205,0.13214250440097364,0.19261091088455595,130090.20580969482,1234.4626298595842,131324.6684395544,1864,0,718.8684210526316,36,2,20,36.300686242042886,0.6212384259259259,44.960585585585584,1020.1576576576575,28.337712712712708,0
1953,4,0,0,37,0.0,0.0,1.0,37,1150,800,350,0.6956521739130435,15,8,7,348.76906933268435,0.7568818818818819,0.13754360558765133,0.19706906553891054,129937.87140185611,1663.662095979077,131601.5334978352,1865,2,739.2972972972973,35,2,20,36.2201772808113,0.6217261904761905,45.1099537037037,1019.560185185185,29.130291005291,0
1954,4,0,0,37,0.0,0.0,1.0,37,550,400,150,0.7272727272727273,7,4,3,348.76906933268435,0.7568818818818819,0.13754360558765133,0.19706906553891054,129937.87140185611,1663.662095979077,131601.5334978352,1866,3,740.2972972972973,35,2,20,36.2201772808113,0.6217261904761905,45.1099537037037,1019.560185185185,29.130291005291,0
1955,4,0,0,37,0.0,0.0,1.0,37,1000,600,400,0.6,14,6,8,353.6069465574216,0.7556306306306306,0.13581587032914477,0.20055930675399705,130085.4190779321,1799.821566358027,131885.24064429014,1867,4,741.2972972972973,35,2,21,35.94707283866576,0.6232142857142856,44.96527777777778,1020.1388888888889,29.1468253968254,0
1956,4,0,0,37,0.0,0.0,1.0,37,800,600,200,0.75,10,6,4,351.47574021875886,0.7555055055055055,0.13564716162560742,0.19950152286080886,130114.93866008664,1746.4488758144773,131861.38753590113,1868,5,742.2972972972973,35,2,21,35.971473813575344,0.6235119047619048,44.936342592592595,1020.2546296296301,29.15013227513229,0
1957,4,0,0,37,0.0,0.0,1.0,37,550,400,150,0.7272727272727273,7,4,3,353.333355090153,0.7555680680680681,0.13752706579897,0.2008724506792329,130176.38204082483,1799.1315639964548,131975.5136048213,1869,6,743.2972972972973,36,1,21,35.86174869418083,0.6221064814814814,44.87612612612614,1020.4954954954973,28.347097097097148,0
1958,4,1,1,37,0.02631578947368421,0.02631578947368421,0.9736842105263158,38,1050,600,450,0.5714285714285714,15,6,9,343.61360822312486,0.768610715979137,0.12852645887487202,0.1969753852853085,130498.99798525397,1368.303380645436,131867.30136589942,1870,0,724.7105263157895,35,3,15,35.78292553994866,0.6273809523809522,44.5601851851852,1021.7592592592608,29.19312169312174,0
1959,4,3,1,39,0.075,0.025,0.975,40,900,400,500,0.4444444444444444,14,4,10,331.9102911441239,0.7811164529914529,0.13757041518881707,0.19329842350592807,131109.19922017693,703.2984969683891,131812.4977171453,1871,0,689.4,38,2,17,35.465566103345154,0.6277412280701753,43.963675213675224,1024.1452991453004,26.951192082771065,0
1960,4,0,0,39,0.0,0.0,1.0,39,1350,1200,150,0.8888888888888888,15,12,3,341.59449357718705,0.7678812415654521,0.1485740646160434,0.1986182678096995,131047.29940943375,1153.0071752847116,132200.30658471846,1872,1,708.0769230769231,37,2,17,35.28012779324623,0.6289414414414414,44.02412280701755,1023.9035087719304,27.67306780464677,0
1961,4,0,1,38,0.0,0.02564102564102564,0.9743589743589743,39,750,500,250,0.6666666666666666,10,5,5,341.946145977797,0.7670940170940171,0.14931044613023414,0.1989679163418473,131075.36844269402,1164.1434143198012,132239.51185701383,1873,2,709.0769230769231,37,2,17,35.24277670699933,0.6292229729729729,43.996710526315795,1024.0131578947376,27.676031294452365,0
1962,4,1,0,39,0.02564102564102564,0.0,1.0,39,800,500,300,0.625,11,5,6,339.3064546312419,0.7745726495726496,0.1502670597082929,0.1978652246669826,131159.5935768698,1100.65933748846,132260.25291435828,1874,0,709.7948717948718,37,2,18,35.22532648255193,0.6300675675675675,43.91447368421053,1024.342105263158,27.684921763869134,0
1963,4,0,0,39,0.0,0.0,1.0,39,1150,800,350,0.6956521739130435,15,8,7,342.44889245705406,0.7743477282950968,0.15248550885653755,0.2004301689289973,131300.02891514706,1192.7098963142632,132492.7388114613,1875,1,710.7948717948718,37,2,20,35.00309814200636,0.6314752252252251,43.77741228070176,1024.8903508771937,27.699739212897125,0
1964,4,1,0,40,0.025,0.0,1.0,40,650,500,150,0.7692307692307693,8,5,3,343.8427701061314,0.7810096153846153,0.17145450662110218,0.20378124678948198,131778.07113727301,1062.1904095490956,132840.26154682212,1876,0,694.0,37,3,15,34.485351701552055,0.6362612612612613,43.31140350877193,1026.7543859649124,27.75011853959223,0
1965,4,0,0,40,0.0,0.0,1.0,40,1050,800,250,0.7619047619047619,13,8,5,342.31779703193536,0.7808760683760684,0.17698963844797122,0.19605473830010875,130463.84222059918,933.4737868015314,131397.31600740072,1877,1,695.0,36,4,21,35.8516130217519,0.625,44.594594594594604,1021.6216216216233,28.378378378378425,2
1966,4,0,0,40,0.0,0.0,1.0,40,950,800,150,0.8421052631578947,11,8,3,343.0647269084535,0.7801549145299145,0.18052066115702559,0.1969204551988751,130550.14209733381,957.4297692963273,131507.57186663014,1878,2,696.0,36,4,16,35.745179063360894,0.6258680555555556,44.51013513513514,1021.9594594594594,28.387762762762762,0
1967,4,0,0,40,0.0,0.0,1.0,40,1400,1000,400,0.7142857142857143,18,10,8,349.2150051427353,0.7801282051282051,0.1818502202643173,0.20119747758223575,130694.03863322777,1128.0638746854904,131822.10250791325,1879,3,697.0,36,4,16,35.44236417033775,0.6273148148148149,44.369369369369366,1022.5225225225221,28.40340340340339,0
1968,4,0,0,40,0.0,0.0,1.0,40,800,600,200,0.75,10,6,4,348.0754007390152,0.7798611111111111,0.17641473081580994,0.2009897561927828,130780.41459956572,1104.2890441116729,131884.70364367738,1880,4,698.0,36,4,16,35.38409666409777,0.6281828703703705,44.284909909909906,1022.8603603603599,28.412787787787774,0
1969,4,0,0,40,0.0,0.0,1.0,40,1300,900,400,0.6923076923076923,17,9,8,349.17596422164854,0.7798878205128205,0.18136693814659943,0.2020772491030507,130866.8190995048,1139.1095487379202,132005.92864824273,1881,5,699.0,36,4,16,35.26854501430773,0.6290509259259259,44.20045045045045,1023.1981981981974,28.42217217217215,0
1970,4,0,0,40,0.0,0.0,1.0,40,850,500,350,0.5882352941176471,12,5,7,347.86132078554374,0.7798611111111111,0.188168316831683,0.20191950229505695,130982.0694850255,1112.7191380569639,132094.78862308245,1882,6,700.0,36,4,16,35.185643564356404,0.6302083333333335,44.08783783783783,1023.6486486486481,28.43468468468467,0
1971,4,0,0,40,0.0,0.0,1.0,40,600,400,200,0.6666666666666666,8,4,4,349.0982733269709,0.7795673076923076,0.1922990212251181,0.20309344845567157,131068.54056336742,1151.1602396315254,132219.70080299894,1883,7,701.0,36,4,16,35.066580519813776,0.6310763888888888,44.00337837837838,1023.9864864864866,28.444069069069073,0
1972,4,0,0,40,0.0,0.0,1.0,40,700,500,200,0.7142857142857143,9,5,4,349.71254704124135,0.7789529914529915,0.19557400483835474,0.2036034508830378,131097.3705969484,1169.2790763736828,132266.64967332207,1884,8,702.0,36,4,16,35.021717616010534,0.6313657407407407,43.97522522522523,1024.0990990991,28.44719719719722,0
1973,4,0,0,40,0.0,0.0,1.0,40,1200,700,500,0.5833333333333334,17,7,10,345.6971542387395,0.7781784188034188,0.1916062204637876,0.20202301903778347,131241.5683208546,1073.9673372697032,132315.5356581243,1885,9,703.0,36,4,17,34.97888962157015,0.6328125,43.83445945945946,1024.6621621621618,28.462837837837828,0
1974,4,1,1,40,0.024390243902439025,0.024390243902439025,0.975609756097561,41,950,500,450,0.5263157894736842,14,5,9,335.69251526089954,0.7879065040650407,0.18398761461433777,0.19807128359467188,131609.25116381957,636.0481109572091,132245.29927477677,1886,0,686.829268292683,37,4,15,34.86455439196409,0.6345720720720721,43.47587719298245,1026.0964912280697,27.73233760075864,0
1975,4,1,0,41,0.024390243902439025,0.0,1.0,41,1100,800,300,0.7272727272727273,14,8,6,336.185033146989,0.785010162601626,0.19364201760808308,0.1988015221281721,131693.64762474992,654.6866583948885,132348.33428314482,1887,0,687.8048780487804,37,4,16,34.76691859844033,0.6354166666666667,43.39364035087719,1026.4254385964912,27.74122807017544,0
1976,4,0,0,41,0.0,0.0,1.0,41,950,500,450,0.5263157894736842,14,5,9,334.74037015172456,0.7852134146341463,0.18875678772804827,0.19853347476066516,131806.21831957917,624.1724617189965,132430.39078129816,1888,1,688.8048780487804,37,4,16,34.69067004805127,0.6365427927927927,43.28399122807018,1026.86403508772,27.753082029397834,0
1977,4,1,0,42,0.023809523809523808,0.0,1.0,42,1350,1000,350,0.7407407407407407,17,10,7,331.2254073382768,0.7873838559814169,0.20613488436504634,0.1988178442551702,132260.59701219967,361.61402403390787,132622.21103623358,1889,0,673.3809523809524,38,4,17,34.324150048469754,0.6392543859649122,42.84188034188035,1028.6324786324794,27.069275753486302,0
1978,4,0,0,42,0.0,0.0,1.0,42,850,400,450,0.47058823529411764,13,4,9,333.562368377636,0.7860288424312815,0.2036493101913659,0.20051221020453416,132315.55103550313,427.0977153188875,132742.64875082203,1890,1,674.3809523809524,38,4,17,34.208852544132924,0.6398026315789472,42.78846153846155,1028.8461538461552,27.074898785425138,0
1979,4,0,0,42,0.0,0.0,1.0,42,700,500,200,0.7142857142857143,9,5,4,333.5693248451712,0.7854723190089044,0.20501011119846102,0.20066247142934684,132343.03232750748,429.1151882898672,132772.14751579735,1891,2,675.3809523809524,38,4,18,34.1810732703423,0.6400767543859649,42.761752136752136,1028.9529914529915,27.07771030139451,0
1980,4,0,0,42,0.0,0.0,1.0,42,1350,1100,250,0.8148148148148148,16,11,5,333.5384174336885,0.7855933023615951,0.2048498868096129,0.20108317356421493,132425.49332493247,433.79789429468985,132859.29121922716,1892,3,676.3809523809524,38,4,18,34.09906753857863,0.6408991228070176,42.68162393162393,1029.2735042735044,27.086144849302748,0
1981,4,0,0,42,0.0,0.0,1.0,42,1200,1000,200,0.8333333333333334,14,10,4,333.42995760100143,0.7860530391018196,0.20256995607208306,0.20145858942952047,132507.98000447443,436.42603093725074,132944.4060354117,1893,4,677.3809523809524,38,4,18,34.01905848984816,0.6417214912280702,42.60149572649573,1029.5940170940173,27.094579397210982,0
1982,4,0,0,42,0.0,0.0,1.0,42,1150,900,250,0.782608695652174,14,9,5,331.4412017429965,0.7865611691831204,0.20185497970189914,0.2009909476230174,132645.51487508242,392.8377712031799,133038.3526462856,1894,5,678.3809523809524,38,4,15,33.932275461522515,0.6430921052631577,42.46794871794873,1030.128205128207,27.108636977058076,0
1983,4,0,0,42,0.0,0.0,1.0,42,700,500,200,0.7142857142857143,9,5,4,334.070707632622,0.7867063492063492,0.1980374731541139,0.2030316304421325,132728.07004026978,468.11205621304305,133196.18209648284,1895,6,679.3809523809524,38,4,15,33.78175220321412,0.6439144736842104,42.387820512820525,1030.4487179487198,27.11707152496631,0
1984,4,0,1,41,0.0,0.023809523809523808,0.9761904761904762,42,1000,600,400,0.6,14,6,8,335.4520083998848,0.7854481223383663,0.2028733334320565,0.20417069558572182,132783.12108490407,508.4729299072419,133291.5940148113,1896,7,680.3809523809524,38,4,15,33.69095746518781,0.6444627192982455,42.33440170940172,1030.6623931623942,27.12269455690511,0
1985,4,0,0,41,0.0,0.0,1.0,41,1000,700,300,0.7,13,7,6,341.87973416122094,0.7784552845528455,0.20063428129493,0.2078257271440596,132736.7615516316,876.001750538657,133612.76330217023,1897,8,697.170731707317,37,4,15,33.57185926083563,0.6458333333333331,42.379385964912295,1030.4824561403532,27.85087719298252,0
1986,4,0,0,41,0.0,0.0,1.0,41,500,200,300,0.4,8,2,6,341.36970811614805,0.7786077235772357,0.2027200610339961,0.2076720962190085,132765.0109288438,864.3906057633433,133629.40153460717,1898,9,698.170731707317,37,4,15,33.55665053019823,0.6461148648648647,42.35197368421054,1030.5921052631604,27.85384068278812,0
1987,4,0,0,41,0.0,0.0,1.0,41,950,700,250,0.7368421052631579,12,7,5,341.3041324242448,0.7785569105691057,0.20136934057352462,0.207945570247591,132821.51870046573,866.5066414666258,133688.02534193237,1899,10,699.170731707317,37,4,15,33.50164432861752,0.6466779279279278,42.29714912280703,1030.8114035087735,27.859767662399285,0
1988,4,0,0,41,0.0,0.0,1.0,41,1000,600,400,0.6,14,6,8,343.1077986468068,0.776829268292683,0.20528671372191076,0.20983562770298259,132962.84072984025,924.1175169283173,133886.95824676857,1900,11,700.170731707317,37,4,16,33.313399248706496,0.6480855855855854,42.16008771929826,1031.3596491228093,27.87458511142728,0
1989,4,0,1,40,0.0,0.024390243902439025,0.975609756097561,41,1050,600,450,0.5714285714285714,15,6,9,343.671744509481,0.7753048780487805,0.2035717062802933,0.21081819529558155,133075.95245652532,946.8889465989793,134022.8414031243,1901,12,701.170731707317,37,4,17,33.1854410201913,0.6492117117117115,42.05043859649124,1031.798245614037,27.886439070649647,0
1990,4,0,0,40,0.0,0.0,1.0,40,950,600,350,0.631578947368421,13,6,7,354.93086649276063,0.7680021367521368,0.21950387512280312,0.21749308815653393,133036.20501836305,1443.7311044152393,134479.93612277828,1902,13,719.35,36,4,17,32.934905214132385,0.6507523148148149,42.08896396396397,1031.644144144145,28.656781781781806,0
1991,4,0,0,40,0.0,0.0,1.0,40,700,500,200,0.7142857142857143,9,5,4,354.5710844336938,0.7680555555555556,0.22377769289533944,0.2176111752622867,133094.2994303427,1438.278016191885,134532.5774465346,1903,14,720.35,36,4,17,32.88588162537742,0.6513310185185185,42.032657657657666,1031.8693693693708,28.663038038038078,0
1992,4,0,0,40,0.0,0.0,1.0,40,700,600,100,0.8571428571428571,8,6,2,355.8052066601007,0.768215811965812,0.21977359519912687,0.21870923668945846,133152.40652392266,1475.2639041068169,134627.67042802947,1904,15,721.35,36,4,17,32.795735588288764,0.6519097222222222,41.976351351351354,1032.0945945945953,28.669294294294314,0
1993,4,0,0,40,0.0,0.0,1.0,40,850,600,250,0.7058823529411765,11,6,5,354.5123577143049,0.76875,0.20945199660152958,0.21846128012028093,133245.71021852872,1447.4501769775254,134693.16039550625,1905,16,722.35,37,3,17,32.7355033984707,0.6509009009009008,41.8859649122807,1032.4561403508767,27.904220009483154,0
1994,4,0,0,40,0.0,0.0,1.0,40,800,400,400,0.5,12,4,8,356.3854736718923,0.7672275641025641,0.21306667374455923,0.22011769026331504,133330.6296769198,1503.4199224761462,134834.04959939595,1906,17,723.35,37,3,17,32.60198800297272,0.6517454954954955,41.80372807017544,1032.7850877192982,27.913110478899952,0
1995,4,0,0,40,0.0,0.0,1.0,40,950,600,350,0.631578947368421,13,6,7,354.5985335089461,0.7669337606837607,0.20881447675652742,0.21951559676223992,133415.5761869037,1461.7935326254292,134877.36971952912,1907,18,724.35,37,3,17,32.5629731833298,0.6525900900900901,41.72149122807018,1033.1140350877197,27.922000948316747,0
1996,4,1,1,40,0.024390243902439025,0.024390243902439025,0.975609756097561,41,1400,1100,300,0.7857142857142857,17,11,6,345.92952634831744,0.7733231707317073,0.2015880495616611,0.21559896236480142,133665.49014034995,1047.7679386733962,134713.25807902336,1908,0,707.6585365853658,38,3,17,32.536720391225,0.6532346491228069,41.47970085470086,1034.081196581197,27.212663067926236,0
1997,4,0,0,40,0.0,0.0,1.0,40,1200,900,300,0.75,15,9,6,352.02435390605973,0.7672809829059829,0.2037297211324356,0.21942773837991075,133670.57802641194,1411.0597731994408,135081.63779961137,1909,20,726.35,37,3,17,32.374063372565644,0.6551238738738738,41.47478070175438,1034.1008771929824,27.94867235656709,0
1998,4,0,0,40,0.0,0.0,1.0,40,1150,900,250,0.782608695652174,14,9,5,350.57688945865624,0.7664797008547009,0.2032548770144187,0.2186932024718284,133698.9265927978,1374.3507617728505,135073.27735457066,1910,21,727.35,37,3,17,32.383110687022885,0.6554054054054055,41.44736842105263,1034.2105263157894,27.951635846372685,0
1999,4,0,0,40,0.0,0.0,1.0,40,950,800,150,0.8421052631578947,11,8,3,343.18891520178977,0.7662660256410256,0.18486459325082016,0.21758315327984673,134294.94081111468,1217.7070108109865,135512.64782192567,1911,22,728.35,37,3,17,31.97871487005888,0.6613175675675678,40.87171052631577,1036.5131578947346,28.013869132290125,1
2000,4,0,0,40,0.0,0.0,1.0,40,650,300,350,0.46153846153846156,10,3,7,341.50154173860034,0.7660790598290599,0.1842533840947551,0.2170187216854973,134380.19390581694,1178.2086795936943,135558.40258541063,1912,23,729.35,37,3,18,31.93739424703891,0.6621621621621623,40.78947368421051,1036.842105263156,28.022759601706923,0
2001,4,0,0,40,0.0,0.0,1.0,40,950,500,450,0.5263157894736842,14,5,9,343.22059277071827,0.7658119658119658,0.180560253699789,0.2187915638551881,134493.90677900874,1232.215681748211,135726.12246075695,1913,24,730.35,37,3,18,31.779422128259338,0.6632882882882885,40.6798245614035,1037.2807017543846,28.034613560929312,0
2002,4,0,1,39,0.0,0.025,0.975,40,1250,1000,250,0.8,15,10,5,342.0657018384073,0.7648504273504273,0.17846356916578676,0.21976677044842005,134778.39936326537,1220.6135541704873,135999.01291743587,1914,25,731.35,37,3,18,31.525871172122486,0.6661036036036037,40.40570175438595,1038.3771929824543,28.06424845898525,0
2003,4,0,0,39,0.0,0.0,1.0,39,1000,600,400,0.6,14,6,8,346.1955936184039,0.7631578947368421,0.16618966960652615,0.2221000123568591,134726.0916955807,1528.3158580878176,136254.4075536685,1915,26,725.2564102564103,36,3,18,31.470784973062884,0.6675347222222222,40.45608108108108,1038.1756756756756,28.838213213213212,0
2004,4,0,0,39,0.0,0.0,1.0,39,850,700,150,0.8235294117647058,10,7,3,377.31738198250537,0.7634952766531714,0.14046571116879236,0.22185861458175068,131476.45968632118,2139.3773969594954,133615.83708328067,1916,27,726.2564102564103,35,4,18,33.93110728661174,0.637202380952381,43.605324074074076,1025.578703703704,29.302248677248684,6
2005,4,0,0,39,0.0,0.0,1.0,39,1000,800,200,0.8,12,8,4,379.78381131287676,0.7620895186684661,0.14528275139806235,0.2236560743964137,131535.817003708,2191.034781164263,133726.85178487227,1917,28,727.2564102564103,35,4,18,33.80780115837375,0.6377976190476191,43.5474537037037,1025.8101851851852,29.308862433862434,0
2006,4,0,0,39,0.0,0.0,1.0,39,1050,800,250,0.7619047619047619,13,8,5,381.3002211076612,0.7613585245164193,0.142834422072045,0.2252491046343527,131654.57182623894,2239.9834694358838,133894.55529567483,1918,29,728.2564102564103,35,4,14,33.64875850531936,0.6389880952380952,43.43171296296297,1026.273148148149,29.32208994708997,0
2007,4,0,0,39,0.0,0.0,1.0,39,1250,900,350,0.72,16,9,7,381.992241525806,0.7606837606837608,0.13946498346859038,0.22653978387813867,131803.0907064473,2269.5516117969983,134072.64231824432,1919,30,729.2564102564103,35,4,14,33.4808010219417,0.6404761904761904,43.287037037037045,1026.8518518518529,29.338624338624367,0
2008,4,0,0,39,0.0,0.0,1.0,39,1100,800,300,0.7272727272727273,14,8,6,377.1848243443313,0.7585470085470086,0.1421304841379194,0.22456537127462323,131951.69331114984,2154.035252700638,134105.72856385048,1920,31,730.2564102564103,35,4,14,33.45408077053059,0.6419642857142855,43.14236111111112,1027.4305555555568,29.355158730158767,0
2009,4,1,1,39,0.025,0.025,0.975,40,800,600,200,0.75,10,6,4,372.55695327808104,0.7686698717948718,0.14261194029850754,0.22343888885859353,132228.7867420745,1852.5507848568861,134081.3375269314,1921,0,712.975,37,3,14,33.293354655294955,0.6407657657657657,42.87280701754386,1028.508771929825,27.797534376481753,0
2010,4,0,0,39,0.0,0.0,1.0,39,850,700,150,0.8235294117647058,10,7,3,379.41955400976565,0.7579847053531265,0.15142501636093453,0.226831768733147,132108.41912436107,2224.9034930200723,134333.32261738114,1922,33,732.2564102564103,36,3,15,33.23839777996861,0.6414930555555554,42.98986486486488,1028.0405405405425,28.556681681681734,0
2011,4,1,0,40,0.025,0.0,1.0,40,950,700,250,0.7368421052631579,12,7,5,372.3150642511242,0.763568376068376,0.15813265849760239,0.2241293699805519,132369.7931695331,1856.6536097645603,134226.44677929766,1923,0,714.925,37,3,16,33.157409873912286,0.6421734234234233,42.735745614035096,1029.0570175438609,27.812351825509754,0
2012,4,0,0,40,0.0,0.0,1.0,40,950,600,350,0.631578947368421,13,6,7,373.6502704311371,0.7637553418803419,0.15784622302158247,0.22581472865186122,132517.14677640607,1903.0195574184331,134420.1663338245,1924,1,715.925,35,5,17,32.97455785371703,0.6476190476190475,42.592592592592595,1029.62962962963,29.41798941798943,0
2013,4,0,0,40,0.0,0.0,1.0,40,750,600,150,0.8,9,6,3,374.0608696362925,0.7630876068376068,0.16160222546925862,0.22624198213148175,132546.94097490155,1916.1248017404073,134463.06577664195,1925,2,716.925,35,5,17,32.93397118879022,0.6479166666666666,42.56365740740741,1029.7453703703713,29.421296296296322,0
2014,4,0,0,40,0.0,0.0,1.0,40,1000,800,200,0.8,12,8,4,369.81173475966443,0.763301282051282,0.15584222346996057,0.22509729993402672,132785.41512613595,1821.120943715703,134606.53606985166,1926,3,717.925,35,5,16,32.80331742466778,0.6502976190476191,42.332175925925924,1030.671296296296,29.447751322751316,0
2015,4,0,0,40,0.0,0.0,1.0,40,950,600,350,0.631578947368421,13,6,7,374.0003137950342,0.7605502136752137,0.16114883825345228,0.22837346097326627,132904.73257726748,1941.282337748611,134846.0149150161,1927,4,718.925,35,5,16,32.57532177199087,0.6514880952380953,42.216435185185176,1031.1342592592578,29.460978835978793,0
2016,4,0,1,39,0.0,0.025,0.975,40,750,400,350,0.5333333333333333,11,4,7,374.0003137950342,0.7598824786324786,0.16114883825345228,0.22837346097326627,132904.73257726748,1941.282337748611,134846.0149150161,1928,5,719.925,35,5,16,32.57532177199087,0.6514880952380953,42.216435185185176,1031.1342592592578,29.460978835978793,0
2017,4,0,0,39,0.0,0.0,1.0,39,850,700,150,0.8235294117647058,10,7,3,377.77317573948676,0.7583783175888439,0.13704368641532017,0.23123039438120216,132994.25582990394,2248.3324759945067,135242.58830589845,1929,6,694.9230769230769,35,4,17,32.38797875523639,0.6523809523809524,42.129629629629626,1031.481481481481,29.470899470899457,0
2018,4,0,0,39,0.0,0.0,1.0,39,650,300,350,0.46153846153846156,10,3,7,377.03710703698687,0.7574224021592443,0.1384906378359021,0.23157962794148468,133123.35139193258,2238.488657576507,135361.84004950908,1930,7,695.9230769230769,36,3,17,32.27711697948495,0.6516203703703705,42.00450450450451,1031.9819819819827,28.666166166166185,0
2019,4,0,0,39,0.0,0.0,1.0,39,850,700,150,0.8235294117647058,10,7,3,375.89965638743666,0.7580971659919029,0.1373656342566565,0.23142190396935083,133210.52629910325,2214.758212604508,135425.28451170775,1931,8,696.9230769230769,36,3,17,32.21882840623977,0.6524884259259258,41.92004504504505,1032.3198198198206,28.67555055055057,0
2020,4,0,0,39,0.0,0.0,1.0,39,900,700,200,0.7777777777777778,11,7,4,379.14179113306034,0.7592217723796671,0.1340736826507185,0.23414877888762964,133326.80389426608,2309.9526469036805,135636.75654116977,1932,9,697.9230769230769,36,3,17,32.0182731799513,0.6536458333333333,41.80743243243244,1032.7702702702718,28.688063063063105,0
2021,4,0,0,39,0.0,0.0,1.0,39,950,600,350,0.631578947368421,13,6,7,380.41746874811236,0.7586032388663968,0.13398511959663062,0.23548919421694892,133414.04537983934,2350.606687768856,135764.6520676082,1933,10,698.9230769230769,36,3,17,31.897663687232043,0.6545138888888888,41.722972972972975,1033.1081081081084,28.697447447447455,0
2022,4,0,0,39,0.0,0.0,1.0,39,1250,700,550,0.56,18,7,11,378.39611059766844,0.7584907782276203,0.13749102707669336,0.23498451096225154,133532.0283028977,2305.6127116073667,135837.64101450506,1934,11,699.9230769230769,35,4,18,31.831373646883165,0.6577380952380952,41.60879629629629,1033.564814814814,29.53042328042326,0
2023,4,0,0,39,0.0,0.0,1.0,39,950,800,150,0.8421052631578947,11,8,3,358.91161171781994,0.7577035537561854,0.11407028223575,0.21690745229903036,132517.14677640607,1720.1313871742163,134237.27816358028,1935,12,700.9230769230769,35,4,19,33.35394184652279,0.6476190476190475,42.592592592592595,1029.62962962963,29.41798941798943,4
2024,4,0,0,39,0.0,0.0,1.0,39,1150,600,550,0.5217391304347826,17,6,11,357.7177651301513,0.7571974808816915,0.1168574266833673,0.2177359329107312,132785.41512613595,1699.9403881601468,134485.3555142961,1936,13,701.9230769230769,35,4,16,33.11494010855324,0.6502976190476191,42.332175925925924,1030.671296296296,29.447751322751316,0
2025,4,0,0,39,0.0,0.0,1.0,39,1150,700,450,0.6086956521739131,16,7,9,353.6757668234841,0.7573099415204678,0.110149081083881,0.2163078076982885,132964.41139671195,1605.2580321930477,134569.669428905,1937,14,702.9230769230769,35,4,16,33.039338084016,0.6520833333333333,42.1585648148148,1031.3657407407393,29.467592592592553,0
2026,4,0,0,39,0.0,0.0,1.0,39,1350,1000,350,0.7407407407407407,17,10,7,351.63613529107977,0.7566914080071975,0.11226868369725573,0.2158099067429444,133094.29943034236,1560.1530161918547,134654.4524465342,1938,15,703.9230769230769,36,3,16,32.961593728400466,0.6513310185185186,42.03265765765765,1031.869369369368,28.663038038038003,0
2027,4,0,0,39,0.0,0.0,1.0,39,1100,800,300,0.7272727272727273,14,8,6,354.86677510025885,0.7560728744939271,0.1099284826914686,0.21796240797712918,133123.35139193232,1648.2108797987005,134771.562271731,1939,16,704.9230769230769,36,3,16,32.849101556816535,0.6516203703703705,42.004504504504496,1031.9819819819807,28.66616616616613,0
2028,4,1,0,40,0.025,0.0,1.0,40,1000,600,400,0.6,14,6,8,344.2223868201757,0.7656784188034188,0.11070338890705034,0.21358545259288386,133501.3153990139,1191.2848236750315,134692.60022268892,1940,0,688.275,36,4,18,32.74513275943481,0.6553819444444444,41.638513513513516,1033.4459459459463,28.706831831831842,0
2029,4,0,0,40,0.0,0.0,1.0,40,1450,1100,350,0.7586206896551724,18,11,7,345.63400279191603,0.7667200854700855,0.11582988455674115,0.21530606605396013,133646.8288389741,1238.5776824121365,134885.40652138623,1941,1,689.275,36,4,19,32.563030930080586,0.6568287037037037,41.497747747747745,1034.0090090090089,28.722472472472468,0
2030,4,0,0,40,0.0,0.0,1.0,40,750,500,250,0.6666666666666666,10,5,5,347.28002301923567,0.7665865384615385,0.11688894937397931,0.2168434406139825,133734.17494775192,1288.641470862763,135022.81641861468,1942,2,690.275,36,4,15,32.4330883687171,0.6576967592592593,41.41328828828829,1034.3468468468477,28.73185685685688,0
2031,4,0,0,40,0.0,0.0,1.0,40,1000,500,500,0.5,15,5,10,347.61584813498223,0.7645032051282051,0.11856839699640886,0.21773974291154408,133850.68081172393,1305.7235867624418,135156.40439848637,1943,3,691.275,36,4,16,32.30787717198099,0.6588541666666666,41.30067567567568,1034.7972972972975,28.744369369369377,0
2032,4,0,0,40,0.0,0.0,1.0,40,1000,700,300,0.7,13,7,6,347.35300351306773,0.7642094017094017,0.117981501632209,0.21774721025137056,133879.8152037172,1300.7111841571289,135180.52638787433,1944,4,692.275,36,4,16,32.28554588320638,0.6591435185185186,41.27252252252252,1034.9099099099099,28.747497497497495,0
2033,4,0,0,40,0.0,0.0,1.0,40,1000,600,400,0.6,14,6,8,346.1089035871082,0.7637553418803419,0.11658959852029205,0.21713903978628754,133908.95276611074,1269.4161644752944,135178.36893058603,1945,5,693.275,36,4,16,32.288606607913536,0.6594328703703705,41.24436936936937,1035.0225225225229,28.750625625625634,0
2034,4,0,0,40,0.0,0.0,1.0,40,950,600,350,0.631578947368421,13,6,7,346.1089035871082,0.7637286324786324,0.11658959852029205,0.21713903978628754,133908.95276611074,1269.4161644752944,135178.36893058603,1946,6,694.275,36,4,16,32.288606607913536,0.6594328703703705,41.24436936936937,1035.0225225225229,28.750625625625634,0
2035,4,0,0,40,0.0,0.0,1.0,40,1050,500,550,0.47619047619047616,16,5,11,342.9985873704583,0.7622061965811966,0.11367565510492605,0.21621370857067182,134083.84471887417,1198.1138655547365,135281.9585844289,1947,7,695.275,36,4,17,32.1943749773477,0.6611689814814815,41.07545045045045,1035.6981981981974,28.76939439439437,0
2036,4,0,0,40,0.0,0.0,1.0,40,1350,1100,250,0.8148148148148148,16,11,5,342.08108234963555,0.7625534188034188,0.11334427270802494,0.21570747021860193,134096.12212411506,1174.349319021234,135270.4714431363,1948,8,696.275,37,3,17,32.20587197402781,0.6593468468468469,41.06359649122807,1035.7456140350873,27.99312470365101,0
2037,4,0,0,40,0.0,0.0,1.0,40,850,600,250,0.7058823529411765,11,6,5,341.633173218312,0.7629273504273504,0.10994740099009914,0.21565594059405938,134135.43721236024,1165.02301117685,135300.46022353708,1949,9,697.275,38,2,17,32.17821782178217,0.6578947368421053,41.02564102564102,1035.8974358974353,27.260458839406194,0
2038,4,0,0,40,0.0,0.0,1.0,40,450,200,250,0.4444444444444444,7,2,5,343.09885070689774,0.7631410256410256,0.11441018766756073,0.21690825646385253,134190.77932098776,1208.140432098779,135398.91975308655,1950,10,698.275,38,2,18,32.0850089365505,0.6584429824561402,40.97222222222223,1036.111111111112,27.26608187134505,0
2039,4,0,0,40,0.0,0.0,1.0,40,950,700,250,0.7368421052631579,12,7,5,340.177667872573,0.7607371794871794,0.114524938169827,0.21603953462273892,134356.8741325152,1141.0416210095718,135497.91575352475,1951,11,699.275,38,2,18,31.994967710909577,0.6600877192982456,40.81196581196581,1036.752136752137,27.282950967161497,0
2040,4,0,0,40,0.0,0.0,1.0,40,800,500,300,0.625,11,5,6,341.4953475522823,0.7599626068376069,0.12094705942939554,0.21770048124655977,134495.3649485899,1185.9082794579392,135681.27322804785,1952,12,700.275,38,2,19,31.82270745356542,0.6614583333333335,40.67841880341879,1037.2863247863233,27.29700854700851,0
2041,4,0,0,40,0.0,0.0,1.0,40,1100,700,400,0.6363636363636364,15,7,8,341.35261581369514,0.7594017094017094,0.12182447426820264,0.21811072271742024,134579.22299409425,1187.8053749159585,135767.0283690102,1953,13,701.275,37,3,19,31.742818521258236,0.664132882882883,40.59758771929824,1037.6096491228063,28.043504030346117,0
2042,4,0,0,40,0.0,0.0,1.0,40,900,700,200,0.7777777777777778,11,7,4,338.17779284197275,0.7594818376068376,0.11739543726235735,0.21692868174985067,134721.47680055388,1111.9623345644645,135833.43913511833,1954,14,702.275,37,3,20,31.683477679200113,0.6655405405405406,40.460526315789465,1038.1578947368412,28.058321479374086,0
2043,4,0,0,40,0.0,0.0,1.0,40,600,300,300,0.5,9,3,6,338.35496861372474,0.7596153846153846,0.11482469109726456,0.21721242019005815,134749.93657904342,1118.6621123807176,135868.59869142415,1955,15,703.275,37,3,20,31.6505394797057,0.6658220720720721,40.43311403508771,1038.2675438596482,28.06128496917968,0
2044,4,0,0,40,0.0,0.0,1.0,40,1350,900,450,0.6666666666666666,18,9,9,337.30369462757847,0.7578525641025641,0.1180606860158313,0.217559734962308,134920.75837036394,1101.854056055707,136022.61242641966,1956,16,704.275,37,3,15,31.507805628847848,0.6675112612612613,40.26864035087719,1038.9254385964912,28.079065908013273,0
2045,4,0,0,40,0.0,0.0,1.0,40,1050,800,250,0.7619047619047619,13,8,5,337.48942008109833,0.7569711538461539,0.11293546398109178,0.2187947732717634,135105.57204918182,1119.340232120681,136224.9122813025,1957,17,705.275,38,2,15,31.31915185147125,0.6674890350877192,40.090811965811966,1039.636752136752,27.35886189833558,0
2046,4,0,0,40,0.0,0.0,1.0,40,950,700,250,0.7368421052631579,12,7,5,340.60245923603964,0.7568643162393163,0.11177180725367286,0.22115301772811047,135161.11390760835,1207.241558002782,136368.35546561112,1958,18,706.275,38,2,16,31.183002842563095,0.6680372807017543,40.037393162393165,1039.850427350428,27.36448493027442,0
2047,4,0,0,40,0.0,0.0,1.0,40,1050,800,250,0.7619047619047619,13,8,5,342.2275539615793,0.7571848290598291,0.10704272363150902,0.22289429384106355,135272.2318672841,1258.7770061728575,136531.00887345697,1959,19,707.275,38,2,17,31.030262572318648,0.6691337719298245,39.930555555555564,1040.277777777779,27.37573099415208,0
2048,4,0,0,40,0.0,0.0,1.0,40,1350,900,450,0.6666666666666666,18,9,9,340.24117026086265,0.7572115384615384,0.1053602586472342,0.22263060590003955,135438.99441385438,1216.3843916648616,136655.37880551923,1960,20,708.275,38,2,18,30.916213349755385,0.6707785087719296,39.770299145299155,1040.9188034188048,27.39260008996855,0
2049,4,0,0,40,0.0,0.0,1.0,40,900,600,300,0.6666666666666666,12,6,6,340.90076846712753,0.7566773504273504,0.10880194971780388,0.223408069180374,135494.6047579262,1238.0429770253618,136732.64773495155,1961,21,709.275,38,2,19,30.8438087908329,0.6713267543859648,39.71688034188035,1041.1324786324797,27.39822312190736,0
2050,4,0,1,39,0.0,0.025,0.975,40,850,400,450,0.47058823529411764,13,4,9,345.2649495372578,0.7542467948717949,0.11297879787978804,0.22697595203307325,135606.5551757814,1364.038085937515,136970.59326171892,1962,22,710.275,39,1,19,30.618999399939998,0.6706730769230769,39.60937500000001,1041.5625000000011,26.7067307692308,0
2051,4,0,0,39,0.0,0.0,1.0,39,1050,700,350,0.6666666666666666,14,7,7,345.1777426893202,0.752080521817364,0.08957761531174868,0.22727191498899746,135662.23651748622,1565.5223392053397,137227.75885669157,1963,23,694.2051282051282,37,2,19,30.5659711258464,0.674831081081081,39.55592105263158,1041.7763157894742,28.15611664295876,0
2052,4,0,0,39,0.0,0.0,1.0,39,800,300,500,0.375,13,3,10,345.06688175319493,0.751855600539811,0.08992438838786998,0.22738040987648123,135690.79548514937,1564.4799361342043,137255.2754212836,1964,24,695.2051282051282,37,2,20,30.54050024556233,0.6751126126126126,39.52850877192983,1041.8859649122815,28.159080132764363,0
2053,4,0,0,39,0.0,0.0,1.0,39,1000,900,100,0.9,11,9,2,342.7647510197711,0.7503373819163293,0.08973414801926127,0.22640576500645754,135776.49042253388,1507.8789868036333,137284.36940933752,1965,25,696.2051282051282,37,2,20,30.51540855689987,0.6759572072072071,39.44627192982456,1042.2149122807018,28.16797060218113,0
2054,4,0,0,39,0.0,0.0,1.0,39,750,600,150,0.8,9,6,3,345.64738282657765,0.7500562303193883,0.09337442800477813,0.2290425758395768,135890.79241930207,1594.0593499923007,137484.8517692944,1966,26,697.2051282051282,37,2,14,30.32686139446839,0.6770833333333333,39.33662280701754,1042.6535087719296,28.179824561403503,0
2055,4,0,0,39,0.0,0.0,1.0,39,900,500,400,0.5555555555555556,13,5,8,345.14822517887535,0.7498875393612237,0.0949499851708051,0.2288953710914299,135919.37543282547,1582.4662396121853,137501.84167243764,1967,27,698.2051282051282,37,2,14,30.311514195583594,0.6773648648648649,39.30921052631579,1042.7631578947367,28.182788051209098,0
2056,4,0,0,39,0.0,0.0,1.0,39,900,700,200,0.7777777777777778,11,7,4,347.63577820517617,0.7493252361673415,0.09850984451489087,0.23091560909829853,135976.55047706992,1654.0627885503243,137630.61326562025,1968,28,699.2051282051282,37,2,15,30.189935520044852,0.6779279279279279,39.25438596491228,1042.9824561403511,28.1887150308203,0
2057,4,0,0,39,0.0,0.0,1.0,39,1250,1000,250,0.8,15,10,5,346.86154010750045,0.7490440845704004,0.09602192626662776,0.23124891892354663,136107.07188481634,1642.0617146979375,137749.1335995143,1969,29,700.2051282051282,38,1,15,30.080671308146485,0.6773574561403508,39.129273504273506,1043.4829059829065,27.46007647323438,0
2058,4,0,0,39,0.0,0.0,1.0,39,900,600,300,0.6666666666666666,12,6,6,353.159695582406,0.7489316239316239,0.09436695110047566,0.23637510583775848,136246.46157498733,1823.3517788005095,138069.81335378785,1970,30,701.2051282051282,38,1,15,29.778107518078862,0.6787280701754386,38.9957264957265,1044.017094017095,27.474134053081446,0
2059,4,0,0,39,0.0,0.0,1.0,39,1050,700,350,0.6666666666666666,14,7,7,354.46203639723666,0.7471884840305894,0.0957820945547243,0.2381838714677515,136385.92260437217,1868.726372452339,138254.6489768245,1971,31,702.2051282051282,38,1,15,29.605835123248433,0.6800986842105263,38.86217948717949,1044.5512820512824,27.488191632928487,0
2060,4,0,0,39,0.0,0.0,1.0,39,900,700,200,0.7777777777777778,11,7,4,354.85999459096234,0.7465137201979307,0.09749305812297937,0.23882834735753747,136441.72699110597,1883.5421004090838,138325.26909151505,1972,32,703.2051282051282,38,1,15,29.540128506663937,0.6806469298245614,38.80876068376068,1044.764957264957,27.49381466486729,0
2061,4,0,1,38,0.0,0.02564102564102564,0.9743589743589743,39,700,400,300,0.5714285714285714,10,4,6,349.8333336624625,0.74527665317139,0.09682416122158521,0.23619182216838303,136553.3700073964,1754.1841305062385,138307.55413790265,1973,33,704.2051282051282,38,1,15,29.560845343964008,0.6817434210526316,38.70192307692307,1045.1923076923074,27.505060728744933,0
2062,4,0,0,38,0.0,0.0,1.0,38,1200,700,500,0.5833333333333334,17,7,10,353.28174649447135,0.7435692271218587,0.09312526569754942,0.23868425863442916,136577.61432604262,2050.0756242305333,138627.68995027314,1974,34,707.2631578947369,37,1,16,29.44672453582293,0.6838400900900901,38.67872807017544,1045.2850877192982,28.250948316737787,0
2063,4,0,0,38,0.0,0.0,1.0,38,850,600,250,0.7058823529411765,11,6,5,351.14374070987776,0.7431247036510195,0.0912442599788057,0.23782007893532653,136663.58879655285,1997.7127577716285,138661.30155432448,1975,35,708.2631578947369,37,1,17,29.417470637583897,0.6846846846846846,38.59649122807018,1045.61403508772,28.259838786154592,0
2064,4,0,0,38,0.0,0.0,1.0,38,450,0,450,0.0,9,0,9,351.5817209250645,0.7431839734471314,0.09194799748374893,0.238505437708625,136720.920138889,2013.715277777788,138734.63541666677,1976,36,709.2631578947369,37,1,18,29.34926958831341,0.6852477477477477,38.54166666666667,1045.8333333333342,28.26576576576579,0
2065,4,0,0,38,0.0,0.0,1.0,38,750,400,350,0.5333333333333333,11,4,7,356.7554727990903,0.7431543385490754,0.09780748966064179,0.24262506166204642,136809.26492370773,2161.490798230688,138970.75572193842,1977,37,710.2631578947369,36,2,18,29.126524937208472,0.6880787037037036,38.45720720720722,1046.171171171173,29.06031031031036,0
2066,4,0,0,38,0.0,0.0,1.0,38,1100,800,300,0.7272727272727273,14,8,6,358.7654678072662,0.7431543385490754,0.09241389464623473,0.2448139690015222,136927.10235573415,2224.9431864296776,139152.04554216383,1978,38,711.2631578947369,36,2,18,28.957302202137576,0.6892361111111112,38.3445945945946,1046.621621621622,29.07282282282283,0
2067,4,0,0,38,0.0,0.0,1.0,38,1150,800,350,0.6956521739130435,15,8,7,357.8695802983001,0.7423245614035088,0.0944878324844367,0.24544152631078126,137103.95361577813,2213.0668675432375,139317.02048332136,1979,39,712.2631578947369,36,2,16,28.80577956989246,0.6909722222222221,38.175675675675684,1047.2972972972987,29.09159159159163,0
2068,4,0,0,38,0.0,0.0,1.0,38,900,500,400,0.5555555555555556,13,5,8,356.3547485008776,0.7417022285443338,0.0961517789960229,0.2450235199780981,137192.42204620174,2177.834210900108,139370.25625710184,1980,40,713.2631578947369,36,2,17,28.757972338672126,0.6918402777777777,38.091216216216225,1047.6351351351364,29.10097597597601,0
2069,4,0,0,38,0.0,0.0,1.0,38,750,300,450,0.4,12,3,9,356.6761196656139,0.7411391654812708,0.09663642123365168,0.2454522645982895,137221.91786380988,2188.7562393474686,139410.67410315736,1981,41,714.2631578947369,36,2,17,28.720398036686724,0.6921296296296295,38.06306306306307,1047.7477477477487,29.10410410410413,0
2070,4,0,0,38,0.0,0.0,1.0,38,900,700,200,0.7777777777777778,11,7,4,356.6761196656139,0.7411391654812708,0.09663642123365168,0.2454522645982895,137221.91786380988,2188.7562393474686,139410.67410315736,1982,42,715.2631578947369,36,2,17,28.720398036686724,0.6921296296296295,38.06306306306307,1047.7477477477487,29.10410410410413,0
2071,4,0,0,38,0.0,0.0,1.0,38,500,300,200,0.6,7,3,4,355.7236536838483,0.740398293029872,0.09586526768290948,0.2450043373447974,137251.41685181824,2164.715095162753,139416.13194698098,1983,43,716.2631578947369,36,2,17,28.71619201146336,0.6924189814814814,38.03490990990992,1047.860360360362,29.107232232232278,0
2072,4,0,0,38,0.0,0.0,1.0,38,600,200,400,0.3333333333333333,10,2,8,355.0789733348687,0.7393610715979138,0.0978146526858732,0.24476777228550295,137280.9190102266,2149.1135561237093,139430.0325663503,1984,44,717.2631578947369,36,2,17,28.703927573608425,0.6927083333333333,38.006756756756765,1047.972972972974,29.11036036036039,0
2073,4,0,0,38,0.0,0.0,1.0,38,1000,900,100,0.9,11,9,2,352.500005078552,0.7387091038406828,0.09836473435414894,0.24340282249786094,137339.93283824384,2082.465404593806,139422.39824283763,1985,45,718.2631578947369,36,2,17,28.71320369574559,0.693287037037037,37.95045045045046,1048.1981981981999,29.116616616616664,0
2074,4,0,0,38,0.0,0.0,1.0,38,850,600,250,0.7058823529411765,11,6,5,352.09936764575207,0.7381164058795637,0.09703205381875724,0.24353975577874862,137398.95934786164,2075.6173403133134,139474.57668817494,1986,46,719.2631578947369,36,2,17,28.665413533834585,0.6938657407407407,37.89414414414416,1048.4234234234254,29.12287287287293,0
2075,4,0,0,38,0.0,0.0,1.0,38,950,700,250,0.7368421052631579,12,7,5,353.558501907157,0.7377607871028924,0.10134631036353725,0.24496553346424493,137457.9985390799,2119.8888077266774,139577.8873468066,1987,47,720.2631578947369,36,2,17,28.56887170675831,0.6944444444444443,37.83783783783785,1048.648648648651,29.129129129129197,0
2076,4,0,0,38,0.0,0.0,1.0,38,850,400,450,0.47058823529411764,13,4,9,347.93825566380235,0.7373162636320532,0.08310204681502942,0.24086640137439866,137428.47735827032,1963.7814757324813,139392.2588340028,1988,48,721.2631578947369,36,2,15,28.745346006515604,0.6941550925925926,37.86599099099099,1048.5360360360353,29.12600100100098,1
2077,4,0,0,38,0.0,0.0,1.0,38,500,300,200,0.6,7,3,4,345.59309958707405,0.7374940730203888,0.08025849548169828,0.2396506728558764,137487.52289028888,1902.9478380407395,139390.47072832962,1989,49,722.2631578947369,36,2,15,28.748568309531493,0.6947337962962963,37.80968468468468,1048.7612612612606,29.13225725725724,0
2078,4,0,0,38,0.0,0.0,1.0,38,1000,600,400,0.6,14,6,8,344.1615388405277,0.7369013750592698,0.07929768059440012,0.23906522999996377,137546.58110390787,1867.6486029948724,139414.22970690276,1990,50,723.2631578947369,36,2,15,28.727858293075666,0.6953125,37.75337837837837,1048.9864864864858,29.138513513513495,0
2079,4,0,0,38,0.0,0.0,1.0,38,500,400,100,0.8,6,4,2,344.1615388405277,0.7369013750592698,0.07929768059440012,0.23906522999996377,137546.58110390787,1867.6486029948724,139414.22970690276,1991,51,724.2631578947369,36,2,15,28.727858293075666,0.6953125,37.75337837837837,1048.9864864864858,29.138513513513495,0
2080,4,0,0,38,0.0,0.0,1.0,38,1100,500,600,0.45454545454545453,17,5,12,341.2667708875687,0.7354196301564723,0.056242002671882174,0.24157754660934289,138197.05843935173,1832.412775951651,140029.47121530338,1992,52,725.2631578947369,36,2,14,28.16326621684338,0.7016782407407407,37.13400900900902,1051.4639639639656,29.207332332332378,1
2081,4,0,0,38,0.0,0.0,1.0,38,950,600,350,0.631578947368421,13,6,7,344.7700250815033,0.7342638691322901,0.06065028738870715,0.24469240381924334,138285.87878418967,1935.3651793685656,140221.24396355823,1993,53,726.2631578947369,36,2,14,27.983806209850105,0.7025462962962963,37.04954954954955,1051.8018018018024,29.216716716716732,0
2082,4,0,0,38,0.0,0.0,1.0,38,1250,900,350,0.72,16,9,7,347.2493686079867,0.7341156946420104,0.06047026481970752,0.24709450501937713,138374.7276626289,2010.1073624300047,140384.8350250589,1994,54,727.2631578947369,36,2,14,27.83121945128261,0.7034143518518519,36.965090090090094,1052.13963963964,29.226101101101115,0
2083,4,0,0,38,0.0,0.0,1.0,38,1350,1000,350,0.7407407407407407,17,10,7,353.1496114469512,0.7329599336178284,0.024546753104054186,0.24803323150013162,137927.65562480775,2141.8195983379587,140069.4752231457,1995,55,728.2631578947369,37,1,20,28.11630132219902,0.697072072072072,37.390350877192986,1050.438596491229,28.390232337600782,2
2084,4,0,0,38,0.0,0.0,1.0,38,500,400,100,0.8,6,4,2,340.1134785361895,0.7322190611664295,0.0567105401240533,0.22904179059868202,136463.02377895126,1682.582741805177,138145.60652075644,1996,56,729.2631578947369,37,1,18,29.904217826284672,0.6827139639639639,38.78837719298246,1044.8464912280706,28.23909435751542,6
2085,4,0,0,38,0.0,0.0,1.0,38,950,800,150,0.8421052631578947,11,8,3,338.1737023086096,0.7329006638217165,0.053587010548406866,0.227920465558773,136491.66690712533,1631.578466451224,138123.24537357656,1997,57,730.2631578947369,37,1,18,29.926547743966434,0.6829954954954954,38.760964912280706,1044.9561403508776,28.242057847321018,0
2086,4,0,0,38,0.0,0.0,1.0,38,750,500,250,0.6666666666666666,10,5,5,336.7567511240251,0.7319523470839261,0.05429063585219196,0.2275196391541696,136577.61432604273,1598.6867353416574,138176.30106138438,1998,58,731.2631578947369,37,1,19,29.878557816706888,0.6838400900900901,38.678728070175445,1045.285087719299,28.250948316737812,0
2087,4,0,0,38,0.0,0.0,1.0,38,900,600,300,0.6666666666666666,12,6,6,334.7113235288859,0.7308854907539118,0.054969226947810146,0.2265062079381071,136634.92763398358,1546.6514937288428,138181.5791277124,1999,59,732.2631578947369,37,1,19,29.87534958923265,0.6844031531531531,38.62390350877193,1045.5043859649127,28.25687529634899,0
2088,4,0,1,37,0.0,0.02631578947368421,0.9736842105263158,38,800,300,500,0.375,13,3,10,336.4362345019756,0.7305595068752964,0.055092132847842645,0.2286041080590346,136778.2635041551,1603.4327870113877,138381.69629116647,2000,60,733.2631578947369,37,1,19,29.68859189378058,0.6858108108108107,38.48684210526316,1046.0526315789473,28.271692745376953,0
2089,4,0,0,37,0.0,0.0,1.0,37,1050,800,250,0.7619047619047619,13,8,5,343.48753416974336,0.7269769769769769,0.058658486183793324,0.23281936075184229,136691.47821808307,1990.363759029315,138681.84197711237,2001,61,750.5945945945946,36,1,19,29.590019025055646,0.6869212962962963,38.56981981981983,1045.7207207207216,29.047797797797823,0
2090,4,0,0,37,0.0,0.0,1.0,37,1050,700,350,0.6666666666666666,14,7,7,342.9823411508402,0.7260385385385385,0.06185752983040116,0.23306239699708542,136779.8134917013,1982.6121307118083,138762.4256224131,2002,62,751.5945945945946,36,1,20,29.515870025478172,0.6877893518518519,38.48536036036037,1046.0585585585595,29.05718218218221,0
2091,4,0,0,37,0.0,0.0,1.0,37,650,400,250,0.6153846153846154,9,4,5,344.3011906798118,0.7258508508508509,0.0583821014298842,0.23454887564492782,136868.1772989207,2024.7752820388102,138892.9525809595,2003,63,752.5945945945946,36,1,20,29.39401277084229,0.6886574074074074,38.40090090090091,1046.3963963963977,29.066566566566603,0
2092,4,0,0,37,0.0,0.0,1.0,37,1000,700,300,0.7,13,7,6,343.45463017194464,0.7256631631631631,0.05528718215686901,0.23416902994775382,136897.63824212746,2003.6255427725264,138901.2637849,2004,64,753.5945945945946,36,1,20,29.38703863122781,0.6889467592592592,38.37274774774776,1046.5090090090107,29.069694694694743,0
2093,4,0,0,37,0.0,0.0,1.0,37,900,500,400,0.5555555555555556,13,5,8,345.42939752422586,0.7236611611611612,0.057245673292134924,0.2365097598070881,137044.99051416304,2067.8737014041358,139112.86421556718,2005,65,754.5945945945946,36,1,16,29.189745106474525,0.6903935185185184,38.231981981981995,1047.072072072074,29.085335335335387,0
2094,4,0,0,37,0.0,0.0,1.0,37,800,500,300,0.625,11,5,6,345.28945473391735,0.719532032032032,0.05482094304106333,0.23761635257724623,137221.91786380988,2076.256239347469,139298.17410315736,2006,66,755.5945945945946,36,1,17,29.018656850100314,0.6921296296296295,38.06306306306307,1047.7477477477487,29.10410410410413,0
2095,4,0,1,36,0.0,0.02702702702702703,0.972972972972973,37,600,300,300,0.5,9,3,6,345.27800375503284,0.7190940940940941,0.05143441313654051,0.23801163725513605,137280.9190102265,2080.016333901472,139360.93534412797,2007,67,756.5945945945946,36,1,17,28.96070635432337,0.6927083333333333,38.00675675675676,1047.9729729729734,29.11036036036037,0
2096,4,0,0,36,0.0,0.0,1.0,36,1200,1000,200,0.8333333333333334,14,10,4,359.8974212811933,0.71739417989418,0.030508452999287172,0.23233614592768156,134952.4943310658,2514.8381506851647,137467.33248175096,2008,68,769.1666666666666,34,2,14,30.8893312710052,0.6740196078431373,40.23809523809524,1039.0476190476193,30.56022408963586,5
2097,4,0,0,36,0.0,0.0,1.0,36,1000,800,200,0.8,12,8,4,358.0042077985175,0.7166005291005292,0.034478041206938315,0.23170754175603084,135045.2823837869,2469.3558673469424,137514.63825113385,2009,69,770.1666666666666,34,2,15,30.8460275646165,0.6749387254901961,40.148809523809526,1039.4047619047622,30.570728291316534,0
2098,4,0,0,36,0.0,0.0,1.0,36,1350,1100,250,0.8148148148148148,16,11,5,357.4068701175688,0.7150132275132276,0.028457848010485343,0.23239205028049745,135212.0373049555,2465.142211076827,137677.17951603234,2010,70,771.1666666666666,35,1,15,30.695433637510195,0.6744047619047618,39.98842592592593,1040.046296296297,29.715608465608486,0
2099,4,1,1,36,0.02702702702702703,0.02702702702702703,0.972972972972973,37,1100,700,400,0.6363636363636364,15,7,8,352.47020018458176,0.7257257257257257,0.024904393792321455,0.23075315371857466,135457.78041555072,2148.9661959256614,137606.74661147638,2011,0,751.2972972972973,36,1,16,30.579294677628727,0.6747685185185185,39.752252252252255,1040.9909909909913,28.916416416416425,0
2100,4,0,0,36,0.0,0.0,1.0,36,850,600,250,0.7058823529411765,11,6,5,359.0677764851939,0.7153108465608466,0.027944611277944897,0.2344501364109207,135362.548828125,2520.8658854166674,137883.41471354166,2012,72,773.1666666666666,35,1,17,30.502377377377382,0.6758928571428571,39.84375,1040.625,29.732142857142858,0
2101,4,0,0,36,0.0,0.0,1.0,36,450,200,250,0.4444444444444444,7,2,5,362.27933435937035,0.7135912698412699,0.023843493298746354,0.23734177804534098,135483.01832829625,2616.539539394692,138099.55786769095,2013,73,774.1666666666666,35,1,19,30.29889290346488,0.6770833333333335,39.728009259259245,1041.0879629629612,29.74537037037032,0
2102,4,0,0,36,0.0,0.0,1.0,36,650,400,250,0.6153846153846154,9,4,5,363.0584493755539,0.7125,0.02409712958845911,0.23805202701038486,135513.14407578853,2639.838391632349,138152.98246742086,2014,74,775.1666666666666,35,1,19,30.248629020305316,0.6773809523809524,39.69907407407406,1041.203703703702,29.748677248677204,0
2103,4,1,1,36,0.02702702702702703,0.02702702702702703,0.972972972972973,37,1000,900,100,0.9,11,9,2,353.8562787190451,0.7182807807807807,0.01909273485414764,0.23338960273315473,135724.11807966811,2205.4198548953914,137929.5379345635,2015,0,755.1891891891892,35,2,19,30.278448850383207,0.6794642857142857,39.49652777777777,1042.0138888888882,29.771825396825378,0
2104,4,0,0,36,0.0,0.0,1.0,36,700,400,300,0.5714285714285714,10,4,6,359.7252986206968,0.7113095238095238,0.03730575868372954,0.23707197391026624,135695.6916099771,2562.6346371881828,138258.3262471653,2016,76,777.1666666666666,34,2,19,30.153821983546617,0.6813725490196079,39.52380952380951,1041.90476190476,30.64425770308118,0
2105,4,0,0,36,0.0,0.0,1.0,36,700,300,400,0.42857142857142855,11,3,8,361.33272528885334,0.7117394179894181,0.04017987483656427,0.2383380063642298,135726.70245181382,2608.4998582766175,138335.20231009045,2017,77,778.1666666666666,34,2,19,30.081115046269858,0.6816789215686276,39.494047619047606,1042.0238095238076,30.6477591036414,0
2106,4,0,0,36,0.0,0.0,1.0,36,1200,1000,200,0.8333333333333334,14,10,4,357.39952578377984,0.7097222222222223,0.03700109106594662,0.2367704271417807,135881.80980725607,2512.818877551004,138394.62868480707,2018,78,779.1666666666666,34,2,12,30.02944926543351,0.6832107843137256,39.34523809523809,1042.6190476190463,30.66526610644254,0
2107,4,0,0,36,0.0,0.0,1.0,36,1050,900,150,0.8571428571428571,12,9,3,357.79228861780535,0.7079034391534392,0.037833827893175354,0.23785857609022823,136005.95946712,2532.376700680254,138538.33616780027,2019,79,780.1666666666666,34,2,13,29.89590466407974,0.684436274509804,39.22619047619047,1043.0952380952367,30.679271708683434,0
2108,4,0,0,36,0.0,0.0,1.0,36,1150,600,550,0.5217391304347826,17,6,11,355.80243894427747,0.7076388888888889,0.03378583922731737,0.23736409282994916,136130.16581632625,2487.089002267538,138617.2548185938,2020,80,781.1666666666666,34,2,14,29.824511369685904,0.6856617647058825,39.10714285714284,1043.5714285714264,30.693277310924305,0
2109,4,0,0,36,0.0,0.0,1.0,36,600,600,0,1.0,6,6,0,352.8599078948341,0.7082010582010583,0.03862406710507993,0.23602048301524003,136223.35778061204,2413.552295918344,138636.9100765304,2021,81,782.1666666666666,34,2,14,29.808843653780364,0.6865808823529412,39.01785714285713,1043.9285714285697,30.70378151260499,0
2110,4,0,0,36,0.0,0.0,1.0,36,1150,900,250,0.782608695652174,14,9,5,352.9755033430986,0.710978835978836,0.03500873793784698,0.23713683509436018,136378.74858276636,2427.671485260759,138806.42006802713,2022,82,783.1666666666666,34,2,16,29.651764683534687,0.6881127450980393,38.86904761904761,1044.5238095238087,30.72128851540614,0
2111,4,0,0,36,0.0,0.0,1.0,36,950,600,350,0.631578947368421,13,6,7,352.57443645510375,0.711441798941799,0.03032892737769699,0.23728475876763738,136440.92970521544,2421.116780045353,138862.0464852608,2023,83,784.1666666666666,34,2,18,29.60061531449407,0.6887254901960784,38.80952380952381,1044.7619047619048,30.72829131652661,0
2112,4,0,0,36,0.0,0.0,1.0,36,650,400,250,0.6153846153846154,9,4,5,351.18243629953525,0.7107473544973546,0.02853092326776574,0.23676493286000933,136503.125,2387.4999999999995,138890.625,2024,84,785.1666666666666,34,2,19,29.575358851674647,0.6893382352941176,38.75,1045.0,30.735294117647058,0
2113,4,0,0,36,0.0,0.0,1.0,36,500,200,300,0.4,8,2,6,351.9033871707718,0.7107804232804233,0.028739669159990378,0.23746040245751013,136534.22796201817,2409.3714569160998,138943.59941893426,2025,85,786.1666666666666,34,2,19,29.525714773892236,0.6896446078431373,38.720238095238095,1045.1190476190477,30.738795518207287,0
2114,4,0,0,36,0.0,0.0,1.0,36,1200,1000,200,0.8333333333333334,14,10,4,353.3740088385674,0.710681216931217,0.03429780533412097,0.23889775807110306,136599.90140603547,2454.1709533607473,139054.0723593962,2026,86,787.1666666666666,35,1,19,29.422239444936526,0.6880952380952381,38.6574074074074,1045.3703703703688,29.867724867724824,0
2115,4,0,0,36,0.0,0.0,1.0,36,650,300,350,0.46153846153846156,10,3,7,354.66269188046607,0.7087962962962964,0.0370442107852178,0.24038840368642234,136690.66043220588,2495.815516760964,139186.47594896684,2027,87,788.1666666666666,35,1,19,29.298676443460607,0.6889880952380953,38.57060185185185,1045.7175925925922,29.87764550264549,0
2116,4,0,0,36,0.0,0.0,1.0,36,450,100,350,0.2222222222222222,8,1,7,351.6115612455983,0.7079034391534392,0.03217821782178221,0.23894901691145187,136783.17920918364,2418.91278775527,139202.09199693892,2028,88,789.1666666666666,34,2,20,29.286872652782513,0.6920955882352942,38.482142857142854,1046.0714285714282,30.766806722689065,0
2117,4,0,0,36,0.0,0.0,1.0,36,700,500,200,0.7142857142857143,9,5,4,351.2692181750644,0.7066137566137567,0.032360005056250696,0.23935321145417177,136876.5943877551,2416.1068594104227,139292.7012471655,2029,89,790.1666666666666,34,2,20,29.203403488813038,0.6930147058823529,38.39285714285714,1046.428571428571,30.77731092436974,0
2118,4,0,1,35,0.0,0.027777777777777776,0.9722222222222222,36,650,400,250,0.6153846153846154,9,4,5,353.14436289241684,0.7058862433862434,0.035222260139789796,0.24084500342802465,136907.7398667801,2469.6393140589626,139377.37918083905,2030,90,791.1666666666666,34,2,20,29.123535433966556,0.6933210784313726,38.36309523809524,1046.5476190476195,30.780812324929986,0
2119,4,0,0,35,0.0,0.0,1.0,35,1050,800,250,0.7619047619047619,13,8,5,361.4904291415496,0.7023809523809523,0.059210196196498144,0.24680173903261185,136945.30236267298,2900.8832240003867,139846.18558667338,2031,91,810.7428571428571,33,2,21,28.867984818327287,0.6960227272727273,38.32720588235294,1046.691176470588,31.717914438502667,0
2120,4,0,0,35,0.0,0.0,1.0,35,500,400,100,0.8,6,4,2,362.5094164246724,0.7025910364145658,0.058500693968328354,0.2479517969988774,137009.44536055857,2933.442816464836,139942.88817702341,2032,92,811.7428571428571,33,2,13,28.777824924889767,0.6966540404040403,38.265931372549026,1046.936274509805,31.72534165181227,0
2121,4,0,0,35,0.0,0.0,1.0,35,650,500,150,0.7692307692307693,8,5,3,363.4890629959245,0.7022408963585434,0.06029256875365685,0.24907891285486577,137073.60337670622,2964.9511305747924,140038.55450728102,2033,93,812.7428571428571,33,2,13,28.68868246537935,0.6972853535353535,38.204656862745104,1047.1813725490206,31.732768865121837,0
2122,4,0,0,35,0.0,0.0,1.0,35,500,400,100,0.8,6,4,2,363.4890629959245,0.7022408963585434,0.06029256875365685,0.24907891285486577,137073.60337670622,2964.9511305747924,140038.55450728102,2034,94,813.7428571428571,33,2,13,28.68868246537935,0.6972853535353535,38.204656862745104,1047.1813725490206,31.732768865121837,0
2123,4,0,0,35,0.0,0.0,1.0,35,850,700,150,0.8235294117647058,10,7,3,365.96323799331674,0.7028711484593837,0.061828451113747684,0.2516990926472138,137201.96446378817,3042.1750348423916,140244.13949863057,2035,95,814.7428571428571,33,2,14,28.496875852926266,0.6985479797979797,38.082107843137265,1047.6715686274524,31.747623291740982,0
2124,4,0,0,35,0.0,0.0,1.0,35,900,700,200,0.7777777777777778,11,7,4,365.34432834162163,0.7030112044817927,0.06417212347988799,0.25196973354657676,137298.27470203783,3032.2291906959063,140330.50389273374,2036,96,815.7428571428571,33,2,14,28.417816495166825,0.6994949494949494,37.99019607843138,1048.0392156862756,31.75876411170532,0
2125,4,0,0,35,0.0,0.0,1.0,35,1050,700,350,0.6666666666666666,14,7,7,365.4479967300598,0.7023809523809523,0.01480450461849947,0.2470603522803817,136599.9014060356,2984.032064471874,139583.9334705075,2037,97,816.7428571428571,35,0,19,29.106694715087094,0.6880952380952381,38.657407407407405,1045.37037037037,29.867724867724856,6
2126,4,0,0,35,0.0,0.0,1.0,35,900,600,300,0.6666666666666666,12,6,6,364.22710991544176,0.7004901960784313,0.017795631433592973,0.24730933835547309,136752.96347859004,2961.9344993883033,139714.89797797834,2038,98,817.7428571428571,33,2,20,28.986892208553023,0.6941287878787878,38.51102941176471,1045.9558823529417,31.69563279857399,0
2127,4,0,0,35,0.0,0.0,1.0,35,1350,1000,350,0.7407407407407407,17,10,7,370.9984831665427,0.6992997198879551,0.025530633749812015,0.25329320901082675,136945.30236267316,3161.299890667068,140106.6022533402,2039,99,818.7428571428571,33,2,21,28.619184911993134,0.6960227272727272,38.32720588235295,1046.6911764705894,31.71791443850271,0
2128,4,0,0,35,0.0,0.0,1.0,35,950,900,50,0.9473684210526315,10,9,1,381.8282636808187,0.6992997198879551,0.015319548872180677,0.2539157953477444,136016.9165705497,3387.020617070348,139403.93718762006,2040,100,819.7428571428571,33,2,17,29.25820410401003,0.6868686868686869,39.2156862745098,1043.1372549019602,31.610219845513946,1
2129,4,0,0,35,0.0,0.0,1.0,35,1200,1000,200,0.8333333333333334,14,10,4,380.0334389693985,0.6992997198879551,0.016803959399379398,0.25340522574975927,136112.81005202318,3345.4838583717683,139458.29391039495,2041,101,820.7428571428571,33,2,17,29.209605597964366,0.6878156565656566,39.123774509803916,1043.5049019607836,31.621360665478292,0
2130,4,0,0,35,0.0,0.0,1.0,35,1000,600,400,0.6,14,6,8,395.57263095676706,0.6989495798319327,-0.03380281690140796,0.2488602501082445,134010.9592013888,3602.213541666657,137613.17274305545,2042,102,821.7428571428571,35,0,17,30.906270959087863,0.6625,41.14583333333333,1035.4166666666658,29.58333333333331,8
2131,4,0,0,35,0.0,0.0,1.0,35,600,400,200,0.6666666666666666,8,4,4,398.1833276114978,0.6987394957983193,-0.025743016759776527,0.2513216348464671,134130.82588520227,3681.731717249648,137812.5576024519,2043,103,822.7428571428571,35,0,18,30.7183426443203,0.6636904761904763,41.03009259259259,1035.879629629629,29.59656084656083,0
2132,4,0,0,35,0.0,0.0,1.0,35,900,700,200,0.7777777777777778,11,7,4,397.4510090620196,0.6966386554621848,-0.020213105340394,0.2520942802520855,134310.7263803155,3676.386745541837,137987.11312585734,2044,104,823.7428571428571,35,0,18,30.55679618877475,0.6654761904761904,40.85648148148148,1036.574074074074,29.61640211640211,0
2133,4,0,0,35,0.0,0.0,1.0,35,1250,900,350,0.72,16,9,7,396.2657510746549,0.6937675070028011,-0.019053995886938235,0.25237650286993457,134460.73555651997,3656.4368730709784,138117.17242959095,2045,105,824.7428571428571,35,0,20,30.43710244392367,0.6669642857142857,40.71180555555555,1037.152777777777,29.632936507936485,0
2134,4,0,0,35,0.0,0.0,1.0,35,750,500,250,0.6666666666666666,10,5,5,395.2116034968358,0.6938375350140056,-0.019738289157010813,0.25211968698520565,134520.76266986024,3632.833263674553,138153.5959335348,2046,106,825.7428571428571,35,0,20,30.404277771579455,0.6675595238095238,40.65393518518518,1037.3842592592591,29.639550264550262,0
2135,4,0,0,35,0.0,0.0,1.0,35,500,400,100,0.8,6,4,2,394.02590280801905,0.6932072829131652,-0.01812966150315587,0.2515703841005046,134550.78125000003,3603.301960090878,138154.0832100909,2047,107,826.7428571428571,34,1,20,30.40495314591699,0.6700367647058822,40.625,1037.5000000000002,30.51470588235295,0
2136,4,0,0,35,0.0,0.0,1.0,35,900,600,300,0.6666666666666666,12,6,6,396.33264245433907,0.6929971988795518,-0.02185452162516377,0.25411916486778197,134705.21541950098,3677.6147959183504,138382.83021541932,2048,108,827.7428571428571,34,1,20,30.190414755351686,0.6715686274509804,40.47619047619047,1038.095238095237,30.532212885154028,0
2137,4,0,0,35,0.0,0.0,1.0,35,900,800,100,0.8888888888888888,10,8,2,397.8960603304574,0.6925070028011204,-0.026874570052739966,0.25555592328440707,134767.01388888882,3724.6527777777737,138491.6666666666,2049,109,828.7428571428571,34,1,20,30.087948100588548,0.6721813725490196,40.416666666666664,1038.3333333333328,30.539215686274495,0
2138,4,0,0,35,0.0,0.0,1.0,35,850,600,250,0.7058823529411765,11,6,5,399.42016216496955,0.6927170868347339,-0.029370537761183813,0.25697208663179866,134828.82653061204,3770.6703514739024,138599.49688208595,2050,110,829.7428571428571,34,1,18,29.98648364664527,0.6727941176470589,40.35714285714285,1038.5714285714268,30.546218487394906,0
2139,4,0,0,35,0.0,0.0,1.0,35,1050,900,150,0.8571428571428571,12,9,3,398.8983584922317,0.6926470588235294,-0.027382998575848028,0.25729386360396933,134921.57206632648,3763.9987244897893,138685.57079081627,2051,111,830.7428571428571,34,1,18,29.90718459951873,0.6737132352941178,40.26785714285714,1038.9285714285709,30.556722689075613,0
2140,4,0,1,34,0.0,0.02857142857142857,0.9714285714285714,35,1200,1100,100,0.9166666666666666,13,11,2,405.1244793556338,0.692156862745098,-0.033158824684248134,0.2624292992383824,135076.21882086172,3944.536564625852,139020.75538548757,2052,112,831.7428571428571,34,1,18,29.590634066269665,0.6752450980392157,40.11904761904762,1039.5238095238096,30.574229691876752,0
2141,4,0,0,34,0.0,0.0,1.0,34,750,500,250,0.6666666666666666,10,5,5,405.82166336681337,0.6877599524658349,-0.022810326535424252,0.2629935195065456,135091.68836805565,4164.626736111121,139256.31510416677,2053,113,845.3823529411765,33,1,18,29.557030728122914,0.6777146464646464,40.10416666666667,1039.5833333333342,31.502525252525277,0
2142,4,0,0,34,0.0,0.0,1.0,34,950,600,350,0.631578947368421,13,6,7,404.17932350842995,0.6847147950089127,-0.020498700739165043,0.2631683255452058,135261.91184807257,4134.0136054421755,139395.92545351476,2054,114,846.3823529411765,34,0,18,29.429407949950395,0.6770833333333333,39.94047619047619,1040.2380952380954,30.595238095238102,0
2143,4,0,0,34,0.0,0.0,1.0,34,1100,900,200,0.8181818181818182,13,9,4,401.97706223228795,0.6840834818775996,-0.020138360801361888,0.26241086639077144,135354.80619331062,4081.905470521539,139436.71166383216,2055,115,847.3823529411765,34,0,18,29.393805056629674,0.6780024509803921,39.851190476190474,1040.5952380952378,30.60574229691876,0
2144,4,0,0,34,0.0,0.0,1.0,34,1000,700,300,0.7,13,7,6,401.531793889876,0.6831922162804516,-0.01683699901097313,0.26257236155416486,135416.75347222213,4074.8263888888832,139491.579861111,2056,116,848.3823529411765,34,0,20,29.34347477982386,0.6786151960784315,39.791666666666664,1040.8333333333328,30.6127450980392,0
2145,4,0,0,34,0.0,0.0,1.0,34,850,600,250,0.7058823529411765,11,6,5,401.04923143209186,0.6834893048128343,-0.018245720243500463,0.26270977744371843,135478.71492346935,4066.7268990929642,139545.4418225623,2057,117,849.3823529411765,34,0,20,29.294120449780827,0.6792279411764706,39.732142857142854,1041.0714285714282,30.619747899159652,0
2146,4,0,0,34,0.0,0.0,1.0,34,600,300,300,0.5,9,3,6,401.04923143209186,0.6834893048128343,-0.018245720243500463,0.26270977744371843,135478.71492346935,4066.7268990929642,139545.4418225623,2058,118,850.3823529411765,34,0,20,29.294120449780827,0.6792279411764706,39.732142857142854,1041.0714285714282,30.619747899159652,0
2147,4,0,0,34,0.0,0.0,1.0,34,950,800,150,0.8421052631578947,11,8,3,403.8133071550945,0.6840834818775996,-0.017531415355031887,0.265436711066861,135602.68034297042,4151.633361677996,139754.3137046484,2059,119,851.3823529411765,34,0,20,29.098325522916912,0.680453431372549,39.613095238095234,1041.5476190476184,30.63375350140054,0
2148,4,0,0,34,0.0,0.0,1.0,34,1000,600,400,0.6,14,6,8,400.87071870101494,0.6819295900178254,-0.01762995274445678,0.2644593158624681,135732.34116735542,4082.2313171136298,139814.57248446904,2060,120,852.3823529411765,32,2,20,29.045498606567307,0.6865234375,39.48863636363637,1042.045454545455,32.56392045454547,0
2149,4,1,1,34,0.02857142857142857,0.02857142857142857,0.9714285714285714,35,500,200,300,0.4,8,2,6,389.64234925902156,0.6913165266106442,-0.021927925206035592,0.2588794718613218,135984.95958585633,3597.0998233852283,139582.05940924154,2061,0,829.0,33,2,17,29.08625602161907,0.6865530303030303,39.24632352941176,1043.0147058823525,31.606506238859165,0
2150,4,0,0,34,0.0,0.0,1.0,34,700,500,200,0.7142857142857143,9,5,4,404.1421835324,0.6797385620915033,-0.023869901557134643,0.26784961088367265,135896.85523160914,4184.3303616978055,140081.18559330693,2062,122,854.3823529411765,32,2,17,28.79606644062324,0.6881510416666666,39.33080808080809,1042.6767676767686,32.58364898989902,0
2151,4,0,0,34,0.0,0.0,1.0,34,900,500,400,0.5555555555555556,13,5,8,406.591760519203,0.6798128342245989,-0.03035892323030931,0.26997169950873157,135962.68875624952,4256.2617972656,140218.9505535151,2063,123,855.3823529411765,32,2,17,28.666515334947526,0.6888020833333333,39.267676767676775,1042.9292929292942,32.591540404040444,0
2152,4,0,0,34,0.0,0.0,1.0,34,1250,1000,250,0.8,15,10,5,402.79497096725726,0.6770647653000594,-0.030157765313734708,0.26882460601545166,136144.78205497886,4167.686707035757,140312.4687620146,2064,124,856.3823529411765,33,1,17,28.583940034444968,0.6881313131313131,39.09313725490196,1043.6274509803923,31.625074272133098,0
2153,4,0,0,34,0.0,0.0,1.0,34,1000,700,300,0.7,13,7,6,401.5820185115359,0.6776960784313726,-0.031585692335563076,0.268139341682455,136161.22626133784,4135.980017006796,140297.20627834465,2065,125,857.3823529411765,34,0,17,28.599197749135,0.685968137254902,39.07738095238095,1043.690476190476,30.696778711484587,0
2154,4,0,0,34,0.0,0.0,1.0,34,300,100,200,0.3333333333333333,5,1,4,401.5820185115359,0.6776960784313726,-0.031585692335563076,0.268139341682455,136161.22626133784,4135.980017006796,140297.20627834465,2066,126,858.3823529411765,34,0,17,28.599197749135,0.685968137254902,39.07738095238095,1043.690476190476,30.696778711484587,0
2155,4,0,0,34,0.0,0.0,1.0,34,1200,900,300,0.75,15,9,6,402.87030201737724,0.6750965537730244,-0.027815595511947677,0.2699446462180607,136285.50347222213,4181.076388888879,140466.579861111,2067,127,859.3823529411765,34,0,17,28.441739824421393,0.6871936274509804,38.95833333333333,1044.1666666666658,30.710784313725465,0
2156,4,0,0,34,0.0,0.0,1.0,34,750,600,150,0.8,9,6,3,405.04899277701327,0.6745023767082591,-0.03461489462991374,0.2718817761004389,136347.66333616772,4245.4967403628,140593.16007653053,2068,128,860.3823529411765,34,0,17,28.322932102283517,0.6878063725490196,38.89880952380952,1044.4047619047612,30.71778711484592,0
2157,4,0,0,34,0.0,0.0,1.0,34,700,500,200,0.7142857142857143,9,5,4,410.43232628711036,0.6745023767082591,-0.06270364529418693,0.26227400050362004,134582.56927924367,4247.917601476878,138830.48688072056,2069,129,861.3823529411765,33,1,20,29.94751683004606,0.6726641414141414,40.594362745098046,1037.6225490196089,31.443107546048754,3
2158,4,0,0,34,0.0,0.0,1.0,34,650,400,250,0.6153846153846154,9,4,5,409.916797809896,0.6753193701723114,-0.06524758663796093,0.2626320179614086,134677.95589436768,4241.351283160335,138919.307177528,2070,130,862.3823529411765,33,1,20,29.865210547028724,0.673611111111111,40.50245098039216,1037.9901960784323,31.4542483660131,0
2159,4,0,0,34,0.0,0.0,1.0,34,900,700,200,0.7777777777777778,11,7,4,408.30273123836764,0.6745023767082591,-0.05806012825139473,0.2629767439191796,134868.83049788536,4213.462370242204,139082.29286812755,2071,131,863.3823529411765,33,1,17,29.715766084631117,0.6755050505050505,40.31862745098039,1038.7254901960778,31.47653000594175,0
2160,4,0,0,34,0.0,0.0,1.0,34,850,600,250,0.7058823529411765,11,6,5,405.68591406441715,0.6753565062388592,-0.06060912337443569,0.26234355776165624,135014.3494897958,4154.68395691609,139169.0334467119,2072,132,864.3823529411765,34,0,18,29.63798205421917,0.6746323529411765,40.17857142857142,1039.2857142857135,30.56722689075628,0
2161,4,0,0,34,0.0,0.0,1.0,34,850,500,350,0.5882352941176471,12,5,7,407.58398812061193,0.6743538324420678,-0.05338563587999601,0.2647023149616015,135169.04939058938,4218.548044217659,139387.59743480704,2073,133,865.3823529411765,34,0,19,29.433791261209677,0.6761642156862746,40.02976190476189,1039.8809523809507,30.584733893557374,0
2162,4,0,1,33,0.0,0.029411764705882353,0.9705882352941176,34,500,200,300,0.4,8,2,6,408.5326646751776,0.6745766488413548,-0.049367463592968064,0.26577437760737344,135230.9541524942,4249.252409297038,139480.20656179124,2074,134,866.3823529411765,34,0,19,29.34717294265766,0.6767769607843138,39.97023809523809,1040.1190476190466,30.59173669467784,0
2163,4,0,0,33,0.0,0.0,1.0,33,450,100,350,0.2222222222222222,8,1,7,414.60632222042216,0.6680082070707072,-0.04007543611503994,0.2689235502842552,135123.5402249133,4604.614811610898,139728.1550365242,2075,152,889.5757575757576,33,0,19,29.296813609932425,0.6780303030303031,40.073529411764696,1039.7058823529396,31.506238859179987,0
2164,4,0,0,33,0.0,0.0,1.0,33,800,600,200,0.75,10,6,4,415.43907368135257,0.6661931818181819,-0.03715210078632225,0.2699399677840701,135187.255202326,4632.413614955777,139819.66881728178,2076,153,890.5757575757576,33,0,19,29.211348102757473,0.6786616161616161,40.01225490196078,1039.9509803921565,31.51366607248959,0
2165,4,0,0,33,0.0,0.0,1.0,33,450,100,350,0.2222222222222222,8,1,7,417.5157521268592,0.6665088383838385,-0.04442635592494215,0.27176945583226847,135250.98519800068,4693.883362168385,139944.86856016907,2077,154,891.5757575757576,33,0,19,29.09352419101477,0.6792929292929293,39.95098039215686,1040.196078431372,31.52109328579915,0
2166,4,0,0,33,0.0,0.0,1.0,33,950,700,250,0.7368421052631579,12,7,5,417.668088393204,0.6674558080808082,-0.04295457222085408,0.2725918323248806,135346.60835075454,4705.991836072665,140052.6001868272,2078,155,892.5757575757576,33,0,19,28.993812075530958,0.680239898989899,39.85906862745098,1040.5637254901962,31.53223410576352,0
2167,4,0,0,33,0.0,0.0,1.0,33,1100,900,200,0.8181818181818182,13,9,4,418.6960373117029,0.6670612373737375,-0.03978097633188882,0.2742346057797162,135474.15845167736,4744.498660371024,140218.6571120484,2079,156,893.5757575757576,33,0,19,28.8393908181283,0.6815025252525253,39.73651960784314,1041.0539215686283,31.547088532382677,0
2168,4,0,0,33,0.0,0.0,1.0,33,1050,900,150,0.8571428571428571,12,9,3,417.59999999999945,0.6667455808080809,-0.03563636363636369,0.2747368421052632,135633.68055555585,4728.218864138829,140361.89941969467,2080,157,894.5757575757576,32,1,19,28.708333333333318,0.6855468749999999,39.58333333333335,1041.666666666669,32.55208333333341,0
2169,4,0,0,33,0.0,0.0,1.0,33,350,200,150,0.5714285714285714,5,2,3,415.55001666372834,0.6665088383838385,-0.03428785491565767,0.27363952015103166,135666.56344059302,4675.248539689855,140341.81198028286,2081,158,895.5757575757576,32,1,19,28.72884094857189,0.6858723958333333,39.55176767676769,1041.792929292931,32.55602904040409,0
2170,4,0,0,33,0.0,0.0,1.0,33,950,600,350,0.631578947368421,13,6,7,413.7073291949508,0.6656407828282829,-0.035857695116954136,0.27339400425820176,135793.2965235728,4635.736405469064,140429.03292904186,2082,159,896.5757575757576,33,0,20,28.65018126592201,0.6846590909090908,39.430147058823536,1042.2794117647068,31.584224598930508,0
2171,4,0,0,33,0.0,0.0,1.0,33,400,300,100,0.75,5,3,2,413.7073291949508,0.6656407828282829,-0.035857695116954136,0.27339400425820176,135793.2965235728,4635.736405469064,140429.03292904186,2083,160,897.5757575757576,33,0,20,28.65018126592201,0.6846590909090908,39.430147058823536,1042.2794117647068,31.584224598930508,0
2172,4,0,0,33,0.0,0.0,1.0,33,650,500,150,0.7692307692307693,8,5,3,420.87204737880194,0.6653251262626263,-0.02600426619771068,0.2619541405257361,133615.7793209878,4703.573078196437,138319.35239918422,2084,161,898.5757575757576,29,4,18,30.649404442056255,0.6738505747126438,41.527777777777786,1033.8888888888898,35.651340996168614,5
2173,4,1,1,33,0.029411764705882353,0.029411764705882353,0.9705882352941176,34,550,300,250,0.5454545454545454,8,3,5,401.8560894586778,0.6762477718360071,-0.042882575476596574,0.24780083898968233,133270.47559950082,3911.1104329427026,137181.5860324435,2085,0,873.1176470588235,31,3,18,31.48854560739806,0.6646505376344086,41.861979166666664,1032.552083333333,33.3081317204301,1
2174,4,0,0,33,0.0,0.0,1.0,33,950,600,350,0.631578947368421,13,6,7,413.3455614447927,0.6657986111111112,-0.037956746045843426,0.2536573841096459,133090.55102107162,4402.477706960318,137493.02872803193,2086,163,900.5757575757576,30,3,18,31.3734748816812,0.6656250000000001,42.03629032258063,1031.854838709676,34.395161290322534,0
2175,4,1,1,33,0.029411764705882353,0.029411764705882353,0.9705882352941176,34,1250,1200,50,0.96,13,12,1,404.7615836136398,0.6845662507427214,-0.0447809445951467,0.24624811178339415,132766.77661471892,3947.7781507703967,136714.55476548933,2087,0,875.0588235294117,31,3,17,31.921588755527473,0.6596102150537635,42.350260416666664,1030.598958333333,33.24512768817203,1
2176,4,0,0,33,0.0,0.0,1.0,33,750,600,150,0.8,9,6,3,416.687664257914,0.6671401515151516,-0.04718637312583018,0.2526498622525832,132640.1896172967,4453.906159671632,137094.09577696834,2088,165,902.5757575757576,30,3,17,31.742290796798883,0.6611111111111112,42.47311827956989,1030.1075268817199,34.336917562724,0
2177,4,0,0,33,0.0,0.0,1.0,33,650,400,250,0.6153846153846154,9,4,5,423.3775907867064,0.6671401515151516,-0.05224218290420357,0.23176173838978015,128688.4310274462,4296.759578104281,132985.19060555048,2089,166,903.5757575757576,32,1,19,35.59891944582713,0.6158854166666666,46.33838383838384,1014.6464646464648,31.707702020202024,6
2178,4,5,4,34,0.13157894736842105,0.10526315789473684,0.8947368421052632,38,550,300,250,0.5454545454545454,8,3,5,377.3929545892155,0.7395685158843054,-0.040497269384836665,0.21279845446227147,129856.32216274986,2205.453434820263,132061.77559757011,2090,0,785.5526315789474,33,5,18,35.5735992545389,0.6253156565656566,45.189950980392155,1019.240196078431,30.886066547831245,0
2179,4,0,0,34,0.0,0.0,1.0,34,1050,900,150,0.8571428571428571,12,9,3,415.3888725741731,0.6875,-0.04170212445495436,0.23093256111579125,129300.69181654192,3942.0137193467926,133242.7055358887,2091,1,878.9705882352941,31,3,20,35.173820040114364,0.6246639784946236,45.735677083333336,1017.057291666667,32.80829973118281,0
2180,4,0,0,34,0.0,0.0,1.0,34,650,300,350,0.46153846153846156,10,3,7,416.5450818243049,0.6882427213309567,-0.043387247372066784,0.23176995578429282,129333.80126953134,3974.6717664930693,133308.4730360244,2092,2,879.9705882352941,31,3,20,35.110513739546015,0.625,45.70312500000001,1017.1875000000007,32.81250000000002,0
2181,4,1,0,35,0.02857142857142857,0.0,1.0,35,450,300,150,0.6666666666666666,6,3,3,407.0009062720022,0.699719887955182,-0.030303352281783047,0.22848130208046227,129683.21352731866,3556.237086776858,133239.45061409552,2093,0,855.8,32,3,21,34.995971240857806,0.6259765625,45.359848484848484,1018.5606060606062,31.830018939393945,0
2182,4,0,0,35,0.0,0.0,1.0,35,750,500,250,0.6666666666666666,10,5,5,407.0009062720022,0.6995098039215686,-0.030303352281783047,0.22848130208046227,129683.21352731866,3556.237086776858,133239.45061409552,2094,1,856.8,32,3,21,34.995971240857806,0.6259765625,45.359848484848484,1018.5606060606062,31.830018939393945,0
2183,4,0,0,35,0.0,0.0,1.0,35,1050,800,250,0.7619047619047619,13,8,5,405.8668847960415,0.69796918767507,-0.0319671405555656,0.22821880790378113,129747.52456700853,3532.044721201927,133279.56928821045,2095,2,857.8,32,3,21,34.95915437683315,0.6266276041666666,45.29671717171718,1018.8131313131317,31.837910353535367,0
2184,4,0,0,35,0.0,0.0,1.0,35,1050,700,350,0.6666666666666666,14,7,7,401.4154448418152,0.6982492997198879,-0.03516211241681988,0.22627272840524673,129844.0210182635,3424.2790914192547,133268.30010968275,2096,3,858.8,32,3,21,34.97403576148003,0.6276041666666666,45.20202020202021,1019.1919191919197,31.849747474747492,0
2185,4,0,0,35,0.0,0.0,1.0,35,1050,700,350,0.6666666666666666,14,7,7,401.4717431420449,0.6985994397759103,-0.03856240377979547,0.22649066264051215,129876.19447314054,3428.3244375573927,133304.51891069792,2097,4,859.8,32,3,21,34.939768363681395,0.6279296875,45.17045454545455,1019.3181818181822,31.853693181818194,0
2186,4,0,0,35,0.0,0.0,1.0,35,1000,900,100,0.9,11,9,2,400.92459096915843,0.6986694677871148,-0.033477776402129344,0.22692837570132401,130004.92814827575,3424.43452836446,133429.36267664022,2098,5,860.8,32,3,21,34.822386612190996,0.6292317708333333,45.044191919191924,1019.8232323232328,31.869476010101025,0
2187,4,1,0,36,0.027777777777777776,0.0,1.0,36,750,400,350,0.5333333333333333,11,4,7,391.3278511501452,0.7078703703703704,-0.03092608156241239,0.2227867171722188,130231.31315179267,2992.627985630535,133223.94113742321,2099,0,837.8611111111111,33,3,22,34.83648997478689,0.6291035353535352,44.82230392156863,1020.7107843137261,30.93062982768867,0
2188,4,0,0,36,0.0,0.0,1.0,36,800,500,300,0.625,11,5,6,388.33790277986526,0.707936507936508,-0.03392616599314491,0.22144031951122908,130293.86421388404,2919.6091947808463,133213.4734086649,2100,1,838.8611111111111,33,3,22,34.84913275717201,0.6297348484848485,44.7610294117647,1020.9558823529408,30.938057040998206,0
2189,4,0,0,36,0.0,0.0,1.0,36,1350,1100,250,0.8148148148148148,16,11,5,391.7834267352018,0.7097883597883599,-0.03838644329828189,0.22448786451487113,130481.60750973185,3024.1062632160724,133505.71377294793,2101,2,839.8611111111111,33,3,22,34.570164127783784,0.6316287878787878,44.57720588235294,1021.6911764705883,30.960338680926917,0
2190,4,0,0,36,0.0,0.0,1.0,36,1300,1100,200,0.8461538461538461,15,11,4,394.3148226779178,0.7121693121693122,-0.04168331601800768,0.22685339660546142,130638.16350682426,3102.5128556324457,133740.6763624567,2102,3,840.8611111111111,33,3,18,34.346279868936314,0.6332070707070707,44.424019607843135,1022.3039215686272,30.978906714200825,0
2191,4,1,0,37,0.02702702702702703,0.0,1.0,37,850,700,150,0.8235294117647058,10,7,3,398.2555448787026,0.7228478478478478,-0.03227466893061737,0.22710115203731968,130294.81207274781,2981.7606948341345,133276.57276758194,2103,0,819.1081081081081,32,5,21,34.59503050540029,0.6321614583333333,44.76010101010102,1020.959595959597,31.904987373737406,1
2192,4,0,0,37,0.0,0.0,1.0,37,1050,800,250,0.7619047619047619,13,8,5,397.06863228521865,0.7232232232232232,-0.03195925896222651,0.22680021877986212,130359.27456382001,2952.3157713498604,133311.59033516987,2104,1,820.1081081081081,32,5,21,34.559687190900085,0.6328125,44.696969696969695,1021.2121212121211,31.912878787878785,0
2193,4,0,0,37,0.0,0.0,1.0,37,700,300,400,0.42857142857142855,11,3,8,397.29217181320433,0.7237237237237237,-0.028052777712809895,0.22711635178777437,130391.51178770013,2960.7053808284754,133352.21716852862,2105,2,821.1081081081081,32,5,21,34.52116042362055,0.6331380208333335,44.665404040404034,1021.338383838383,31.91682449494947,0
2194,4,0,0,37,0.0,0.0,1.0,37,850,600,250,0.7058823529411765,11,6,5,395.2245663644717,0.7237237237237237,-0.029611375022292608,0.2260944928378771,130419.01139285362,2908.959444684726,133327.97083753833,2106,3,822.1081081081081,33,4,21,34.545965806838645,0.6309974747474747,44.63848039215686,1021.4460784313718,30.952911467617326,0
2195,4,0,0,37,0.0,0.0,1.0,37,900,500,400,0.5555555555555556,13,5,8,396.7729549843698,0.7243493493493494,-0.03470040749637748,0.22734681276320884,130481.60750973175,2954.3145965493904,133435.92210628116,2107,4,823.1081081081081,33,4,21,34.44272020311063,0.631628787878788,44.577205882352935,1021.6911764705875,30.960338680926895,0
2196,4,0,0,37,0.0,0.0,1.0,37,1350,900,450,0.6666666666666666,18,9,9,394.2492015073448,0.7234109109109109,-0.020015221932537797,0.2273676286509182,130732.14215986613,2908.2085315743598,133640.3506914405,2108,5,824.1081081081081,33,4,20,34.25242160974635,0.6341540404040406,44.33210784313724,1022.6715686274488,30.990047534165114,0
2197,4,0,0,37,0.0,0.0,1.0,37,750,500,250,0.6666666666666666,10,5,5,393.93398899125253,0.7226601601601601,-0.013651125667419217,0.22755481011141704,130794.81336805514,2904.904513888835,133699.71788194397,2109,6,825.1081081081081,33,4,20,34.19679226069245,0.6347853535353538,44.27083333333331,1022.9166666666633,30.997474747474648,0
2198,4,0,0,37,0.0,0.0,1.0,37,1300,1000,300,0.7692307692307693,16,10,6,394.57390354068275,0.723536036036036,-0.014334132911208108,0.22829504647686447,130857.4995945066,2926.590884515529,133784.09047902212,2110,7,826.1081081081081,33,4,21,34.11673553719008,0.6354166666666669,44.20955882352939,1023.1617647058798,31.004901960784238,0
2199,4,0,0,37,0.0,0.0,1.0,37,1100,800,300,0.7272727272727273,14,8,6,396.0627300034034,0.7248498498498498,-0.010858697797522465,0.22990354299641586,130982.91710219604,2975.4903462610228,133958.40744845706,2111,8,827.1081081081081,33,4,22,33.95125004988227,0.636679292929293,44.08700980392155,1023.6519607843118,31.019756387403387,0
2200,4,0,0,37,0.0,0.0,1.0,37,650,500,150,0.7692307692307693,8,5,3,395.5866273720649,0.7247247247247247,-0.012421757484594176,0.23000182823198295,131045.64838343387,2967.9812151575843,134013.62959859145,2112,9,828.1081081081081,33,4,22,33.89973568721322,0.6373106060606062,44.025735294117624,1023.8970588235263,31.02718360071292,0
2201,4,0,0,37,0.0,0.0,1.0,37,900,700,200,0.7777777777777778,11,7,4,390.8756817970627,0.7252252252252253,-0.01576549632537172,0.22800626825831408,131171.15600069656,2854.323006776202,134025.47900747275,2113,10,829.1081081081081,33,4,22,33.89298460740917,0.6385732323232325,43.903186274509785,1024.3872549019584,31.042038027332072,0
2202,4,0,0,37,0.0,0.0,1.0,37,700,400,300,0.5714285714285714,10,4,6,390.31084017449393,0.7240990990990991,-0.02481974979882451,0.2284233419439669,131296.72369100794,2849.306907199112,134146.03059820706,2114,11,830.1081081081081,33,4,22,33.78011778070071,0.6398358585858588,43.78063725490194,1024.8774509803895,31.0568924539512,0
2203,4,2,2,37,0.05128205128205128,0.05128205128205128,0.9487179487179487,39,350,200,150,0.5714285714285714,5,2,3,372.1152072801798,0.7454453441295547,-0.028136031293095276,0.22016609562160833,131713.96933138257,2002.5541998885092,133716.5235312711,2115,0,788.4871794871794,35,4,19,33.824393016875256,0.6395833333333335,43.373842592592574,1026.504629629627,29.32870370370363,0
2204,4,1,1,37,0.02631578947368421,0.02631578947368421,0.9736842105263158,38,600,500,100,0.8333333333333334,7,5,2,378.9738629596552,0.7341156946420104,-0.0288380501032115,0.2233923906283383,131572.28599773228,2372.4914965986204,133944.7774943309,2116,0,810.2105263157895,34,4,19,33.79167633635026,0.6403186274509804,43.51190476190475,1025.9523809523798,30.17507002801117,0
2205,4,0,0,37,0.0,0.0,1.0,37,900,900,0,1.0,9,9,0,388.92640673236275,0.7211586586586587,-0.02771505819193154,0.22836121018453862,131422.35145436824,2822.7245830930087,134245.07603746126,2117,14,833.1081081081081,33,4,22,33.68827437153897,0.641098484848485,43.6580882352941,1025.3676470588214,31.071746880570345,0
2206,4,0,0,37,0.0,0.0,1.0,37,400,200,200,0.5,6,2,4,390.1557279401457,0.7209084084084084,-0.02927147484442283,0.2294598234104762,131485.18786344182,2859.9398368415796,134345.1277002834,2118,15,834.1081081081081,33,4,22,33.59309654677976,0.641729797979798,43.596813725490186,1025.6127450980382,31.079174093879946,0
2207,4,0,0,37,0.0,0.0,1.0,37,650,500,150,0.7692307692307693,8,5,3,388.70436317131004,0.7221596596596597,-0.027533925037210527,0.22898270401879187,131548.03929077744,2826.6593677912106,134374.69865856864,2119,16,835.1081081081081,33,4,22,33.56665372516227,0.6423611111111112,43.53553921568626,1025.8578431372537,31.086601307189504,0
2208,4,2,1,38,0.05128205128205128,0.02564102564102564,0.9743589743589743,39,750,400,350,0.5333333333333333,11,4,7,374.55788741480075,0.7404408457040036,-0.010844239647301857,0.22370199045937053,132070.63567654724,2093.619657707455,134164.2553342547,2120,0,793.2307692307693,35,4,20,33.40147975077883,0.643154761904762,43.02662037037036,1027.8935185185167,29.36838624338619,0
2209,4,1,0,39,0.02564102564102564,0.0,1.0,39,850,700,150,0.8235294117647058,10,7,3,373.55957753351515,0.7461763382816015,-0.004710282963322099,0.22363229695469958,132159.87761488307,2073.917609739329,134233.7952246224,2121,0,794.2051282051282,35,4,21,33.33708539696833,0.6440476190476192,42.939814814814795,1028.240740740738,29.378306878306798,0
2210,4,0,0,39,0.0,0.0,1.0,39,650,300,350,0.46153846153846156,10,3,7,372.6290382659313,0.7453328834907783,-0.0012465589778216657,0.22342656100074623,132219.3889853392,2053.7567515431774,134273.14573688238,2122,1,795.2051282051282,35,4,21,33.300979068197165,0.6446428571428573,42.88194444444443,1028.47222222222,29.38492063492057,0
2211,4,0,1,38,0.0,0.02564102564102564,0.9743589743589743,39,900,400,500,0.4444444444444444,14,4,10,375.75707320195806,0.74527665317139,0.002596121394636164,0.22583533628750516,132308.68115837176,2143.184558256151,134451.86571662792,2123,2,796.2051282051282,35,4,21,33.13048430644616,0.6455357142857143,42.79513888888888,1028.8194444444432,29.394841269841233,0
2212,4,0,0,38,0.0,0.0,1.0,38,1100,800,300,0.7272727272727273,14,8,6,381.11395064165055,0.7390943575154102,0.007878595922742537,0.228853762855768,132275.51197562355,2482.4085884353667,134757.9205640589,2124,3,817.5263157894736,34,4,22,33.02617366817112,0.6473651960784315,42.82738095238095,1028.690476190476,30.25560224089635,0
2213,4,1,1,38,0.02564102564102564,0.02564102564102564,0.9743589743589743,39,850,500,350,0.5882352941176471,12,5,7,373.73341750907986,0.7495501574448943,0.002732122322995467,0.22604393035882286,132546.9409749014,2107.4442461848375,134654.38522108624,2125,0,797.5384615384615,35,4,23,32.94240099659062,0.6479166666666667,42.563657407407405,1029.7453703703702,29.42129629629629,0
2214,4,0,0,38,0.0,0.0,1.0,38,1150,900,250,0.782608695652174,14,9,5,375.6899278390466,0.7522818871503082,0.013839209674672226,0.22762389745542222,132612.49999999988,2364.236111111097,134976.73611111098,2126,1,807.5263157894736,34,4,23,32.825984358144545,0.6507352941176471,42.49999999999999,1029.999999999999,30.294117647058798,0
2215,4,0,0,38,0.0,0.0,1.0,38,750,600,150,0.8,9,6,3,375.6899278390466,0.7522818871503082,0.013839209674672226,0.22762389745542222,132612.49999999988,2364.236111111097,134976.73611111098,2127,2,808.5263157894736,34,4,23,32.825984358144545,0.6507352941176471,42.49999999999999,1029.999999999999,30.294117647058798,0
2216,4,0,1,37,0.0,0.02631578947368421,0.9736842105263158,38,650,400,250,0.6153846153846154,9,4,5,375.5760858238148,0.7528745851114272,0.0058371436910198415,0.2282996207086334,132735.14739229018,2370.429421768692,135105.57681405888,2128,3,809.5263157894736,34,4,16,32.70539702711027,0.6519607843137256,42.38095238095237,1030.47619047619,30.308123249299705,0
2217,4,0,0,37,0.0,0.0,1.0,37,900,600,300,0.6666666666666666,12,6,6,385.0076492668702,0.7412412412412412,0.011891248774056562,0.23330852862927481,132618.811349601,2811.85136125527,135430.66271085627,2129,8,832.3243243243244,33,4,23,32.57968966884789,0.6530934343434345,42.4938725490196,1030.0245098039206,31.21286393345214,0
2218,4,0,0,37,0.0,0.0,1.0,37,650,400,250,0.6153846153846154,9,4,5,382.5301263204157,0.7406781781781782,0.012942882218486051,0.23219716765167744,132681.93310565632,2750.9673262687247,135432.90043192505,2130,9,833.3243243243244,33,4,17,32.57986895840767,0.6537247474747476,42.43259803921568,1030.269607843136,31.2202911467617,0
2219,4,0,0,37,0.0,0.0,1.0,37,650,400,250,0.6153846153846154,9,4,5,380.91090575721284,0.7391766766766766,0.009343151996504373,0.23219003907461377,132839.80320069185,2720.025951557069,135559.82915224892,2131,10,834.3243243243244,33,4,19,32.46255349500713,0.6553030303030305,42.27941176470587,1030.882352941175,31.238859180035604,0
2220,4,0,0,37,0.0,0.0,1.0,37,800,400,400,0.5,12,4,8,381.71615141312157,0.7393018018018018,0.01277641277641317,0.23327098141912964,132934.57031249985,2748.654513888876,135683.22482638873,2132,11,835.3243243243244,33,4,19,32.34638047138048,0.65625,42.18749999999999,1031.2499999999989,31.249999999999964,0
2221,4,0,0,37,0.0,0.0,1.0,37,1350,1000,350,0.7407407407407407,17,10,7,386.642742784807,0.7386136136136137,0.006540919259124145,0.23748494069955173,133124.2059093856,2894.301620770836,136018.50753015644,2133,12,836.3243243243244,33,4,19,32.02843585480744,0.6581439393939394,42.003676470588225,1031.9852941176455,31.27228163992865,0
2222,4,0,1,36,0.0,0.02702702702702703,0.972972972972973,37,800,500,300,0.625,11,5,6,392.1485884934841,0.7367367367367368,0.012984263637005444,0.24189194777789857,133282.33882400987,3053.296208189148,136335.63503219903,2134,13,837.3243243243244,33,4,20,31.727193607089177,0.6597222222222223,41.850490196078425,1032.5980392156855,31.29084967320259,0
2223,4,0,0,36,0.0,0.0,1.0,36,550,100,450,0.18181818181818182,10,1,9,400.81972900522015,0.7205026455026455,0.01576815376668561,0.24633838081869697,133146.2430491787,3473.5282114069996,136619.7712605857,2135,15,861.2222222222222,32,4,20,31.64046570426554,0.6608072916666667,41.98232323232323,1032.0707070707074,32.252209595959606,0
2224,4,0,0,36,0.0,0.0,1.0,36,350,200,150,0.5714285714285714,5,2,3,400.81972900522015,0.7205026455026455,0.01576815376668561,0.24633838081869697,133146.2430491787,3473.5282114069996,136619.7712605857,2136,16,862.2222222222222,32,4,20,31.64046570426554,0.6608072916666667,41.98232323232323,1032.0707070707074,32.252209595959606,0
2225,4,0,0,36,0.0,0.0,1.0,36,1250,1100,150,0.88,14,11,3,406.92088198263593,0.7199074074074074,0.017078340262492775,0.2509652317386123,133276.5868916438,3646.6052571166288,136923.19214876043,2137,17,863.2222222222222,32,4,20,31.351644656395216,0.662109375,41.85606060606061,1032.5757575757582,32.26799242424244,0
2226,4,0,0,36,0.0,0.0,1.0,36,1050,800,250,0.7619047619047619,13,8,5,403.32421520674353,0.7198743386243387,0.014905563023612789,0.24984118493843935,133439.60636988576,3563.8849033261977,137003.49127321196,2138,18,864.2222222222222,32,4,21,31.280296549757615,0.6637369791666666,41.698232323232325,1033.2070707070711,32.28772095959597,0
2227,4,1,1,36,0.02702702702702703,0.02702702702702703,0.972972972972973,37,1350,1000,350,0.7407407407407407,17,10,7,391.95500091776114,0.7326076076076076,0.01650515538726416,0.24516635706260576,133798.59995153552,3088.6100589225507,136887.21001045807,2139,0,841.8378378378378,32,5,17,31.21313359368643,0.6673177083333334,41.3510101010101,1034.5959595959594,32.33112373737373,0
2228,4,0,0,36,0.0,0.0,1.0,36,550,400,150,0.7272727272727273,7,4,3,405.7538944857475,0.7182208994708995,0.01876687794708176,0.25271307263618203,133640.46096801758,3645.027499728733,137285.4884677463,2140,20,866.2222222222222,31,5,23,31.015326575158465,0.6683467741935484,41.50390625,1033.984375,33.35433467741935,0
2229,4,0,0,36,0.0,0.0,1.0,36,950,700,250,0.7368421052631579,12,7,5,400.8777644159834,0.7164021164021165,0.015448181483236123,0.2511136381846117,133852.39451172634,3531.689734717427,137384.08424644376,2141,21,867.2222222222222,33,3,20,30.928272540660043,0.6654040404040404,41.29901960784314,1034.803921568628,31.35769459298873,0
2230,4,0,1,35,0.0,0.027777777777777776,0.9722222222222222,36,600,600,0,1.0,6,6,0,400.7268849635142,0.7155753968253968,0.01887704756266073,0.25123522965975303,133884.0999405276,3530.1916630622777,137414.2916035899,2142,22,868.2222222222222,33,3,21,30.900310834813506,0.665719696969697,41.268382352941174,1034.9264705882347,31.361408199643474,0
2231,4,0,0,35,0.0,0.0,1.0,35,650,400,250,0.6153846153846154,9,4,5,401.1876129907023,0.7133053221288514,-0.0016504329004329854,0.25217507102272724,133979.2387543253,3750.1621972318394,137729.40095155715,2143,23,840.4,33,2,22,30.79279119318183,0.6666666666666666,41.1764705882353,1035.2941176470592,31.372549019607856,0
2232,4,0,0,35,0.0,0.0,1.0,35,400,200,200,0.5,6,2,4,401.7691257308918,0.7126050420168066,0.004639053254437808,0.252976834010882,134042.68340301808,3770.8423442906615,137813.52574730874,2144,24,841.4,33,2,23,30.714003944773186,0.6672979797979798,41.115196078431374,1035.5392156862747,31.379976232917414,0
2233,4,0,0,35,0.0,0.0,1.0,35,950,800,150,0.8421052631578947,11,8,3,403.9290722543539,0.7131652661064425,0.0028801298086673643,0.254776755126403,134106.1430699731,3833.8739907727822,137940.0170607459,2145,25,842.4,33,2,23,30.59433664615869,0.6679292929292929,41.05392156862745,1035.7843137254904,31.387403446226983,0
2234,4,0,0,35,0.0,0.0,1.0,35,650,400,250,0.6153846153846154,9,4,5,377.57818382301537,0.7131652661064425,-0.027354390031874454,0.22427234292138132,131862.52170138882,2957.6822916666624,134820.20399305547,2146,26,843.4,33,2,20,33.53406017579446,0.6455176767676768,43.229166666666664,1027.0833333333328,31.123737373737356,7
2235,4,0,0,35,0.0,0.0,1.0,35,750,400,350,0.5333333333333333,11,4,7,379.88029178131814,0.7107142857142856,-0.025743586249190598,0.22657724942234203,132019.90370290252,3030.3519079200064,135050.25561082253,2147,27,844.4,33,2,20,33.31594323873123,0.6470959595959597,43.07598039215685,1027.6960784313708,31.142305407011236,0
2236,4,0,1,34,0.0,0.02857142857142857,0.9714285714285714,35,650,500,150,0.7692307692307693,8,5,3,378.1827155005094,0.7102240896358543,-0.02422219573250639,0.22612792589691877,132114.3779585975,2992.674842608598,135107.0528012061,2148,28,845.4,33,2,20,33.26417034211469,0.6480429292929294,42.984068627450974,1028.0637254901949,31.153446226975603,0
2237,4,0,0,34,0.0,0.0,1.0,34,950,800,150,0.8421052631578947,11,8,3,387.4401268987058,0.7103015448603685,-6.90502322269193e-05,0.2222220373487759,130520.50053884815,3313.775858330791,133834.27639717894,2149,29,842.5882352941177,32,2,20,34.641562667325665,0.6344401041666666,44.53914141414142,1021.843434343435,31.932607323232343,8
2238,4,0,0,34,0.0,0.0,1.0,34,900,700,200,0.7777777777777778,11,7,4,389.43887842066937,0.711489898989899,-0.0035933582821636723,0.2237407892700722,130585.01882779812,3370.9766541679332,133955.99548196606,2150,30,843.5882352941177,32,2,20,34.52491249742639,0.6350911458333334,44.4760101010101,1022.0959595959591,31.940498737373723,0
2239,4,1,0,35,0.02857142857142857,0.0,1.0,35,1100,800,300,0.7272727272727273,14,8,6,382.80824499482276,0.7234593837535014,0.013887226146294784,0.22220967827948282,130982.91710219638,3028.268124038843,134011.18522623522,2151,0,820.4571428571429,33,2,22,34.290449539087746,0.6366792929292928,44.087009803921575,1023.6519607843146,31.019756387403472,0
2240,4,0,0,35,0.0,0.0,1.0,35,1150,900,250,0.782608695652174,14,9,5,381.67608025238513,0.7230392156862745,0.01207831067795162,0.22191396315300466,131045.64838343422,3003.397881824295,134049.0462652585,2152,1,821.4571428571429,33,2,22,34.25580989427488,0.6373106060606061,44.025735294117645,1023.8970588235292,31.027183600713006,0
2241,4,0,1,34,0.0,0.02857142857142857,0.9714285714285714,35,1150,1100,50,0.9565217391304348,12,11,1,386.1225070152771,0.7224089635854342,0.01460706982179416,0.21702747808100026,129731.44531249977,3040.7069997116196,132772.1523122114,2153,2,822.4571428571429,33,2,19,35.478442399454664,0.6240530303030305,45.312499999999986,1018.7499999999982,30.871212121212068,4
2242,4,1,0,35,0.02857142857142857,0.0,1.0,35,1000,400,600,0.4,16,4,12,382.7743620562131,0.7292016806722689,0.023159340659340444,0.21635072637959846,129950.01922337546,2948.3071414840224,132898.32636485947,2154,0,805.0571428571428,33,2,20,35.34104567307692,0.6262626262626263,45.09803921568626,1019.6078431372537,30.897207367795566,0
2243,4,1,0,36,0.027777777777777776,0.0,1.0,36,750,400,350,0.5333333333333333,11,4,7,378.57719036227746,0.7362103174603175,0.0386138937995153,0.20139357117391377,127542.56129535148,2464.2097402686554,130006.77103562013,2155,0,783.6666666666666,34,2,18,37.910037320762115,0.5995710784313726,47.470238095238095,1010.1190476190477,29.709383753501402,6
2244,4,3,2,37,0.07692307692307693,0.05128205128205128,0.9487179487179487,39,650,400,250,0.6153846153846154,9,4,5,354.4513878304457,0.7654633378317589,0.03777566740529692,0.1914037494284408,128144.53125000013,1285.6186224489934,129430.14987244912,2156,0,724.3076923076923,36,3,20,37.90294924554184,0.6015625,46.87500000000001,1012.500000000001,28.12500000000003,0
2245,4,2,1,38,0.05128205128205128,0.02564102564102564,0.9743589743589743,39,950,600,350,0.631578947368421,13,6,7,354.045496934327,0.7658007197480882,0.03738864176099699,0.19161699032552512,128234.94897959195,1280.2012471655446,129515.1502267575,2157,0,725.2564102564103,34,5,21,37.820776524055795,0.6066176470588235,46.78571428571429,1012.8571428571437,29.78991596638658,0
2246,4,2,2,38,0.05,0.05,0.95,40,950,700,250,0.7368421052631579,12,7,5,346.1290955919975,0.7731036324786325,0.04357852667962869,0.1900630585403744,128811.51532202217,920.7107779630841,129732.22609998526,2158,0,708.075,37,3,18,37.43294087995968,0.6064189189189189,46.2171052631579,1015.1315789473684,27.435988620199147,1
2247,4,1,0,39,0.02564102564102564,0.0,1.0,39,700,400,300,0.5714285714285714,10,4,6,358.1112173651878,0.7647323436797121,0.06665393059950864,0.19705692121325033,128895.01006319252,1431.7497932055994,130326.75985639812,2159,0,727.1794871794872,37,2,19,37.0436732894216,0.6072635135135136,46.13486842105263,1015.4605263157895,27.44487908961593,0
2248,4,0,0,39,0.0,0.0,1.0,39,1500,1300,200,0.8666666666666667,17,13,4,356.888129974747,0.7628767431399011,0.06610006307891503,0.19735317354450804,129089.93632656202,1414.1331948291754,130504.0695213912,2160,1,728.1794871794872,37,2,20,36.8759890663214,0.6092342342342343,45.94298245614035,1016.2280701754386,27.465623518255097,0
2249,4,3,1,41,0.07142857142857142,0.023809523809523808,0.9761904761904762,42,950,600,350,0.631578947368421,13,6,7,332.53902792064764,0.7919328300425862,0.07267900703113805,0.1870431384648097,129759.37307633106,230.15543244073928,129989.5285087718,2161,0,677.0952380952381,37,5,16,36.81482278662651,0.615990990990991,45.28508771929824,1018.8596491228061,27.536747273589356,0
2250,4,0,1,40,0.0,0.024390243902439025,0.975609756097561,41,950,500,450,0.5263157894736842,14,5,9,338.8662392152675,0.782520325203252,0.07960110174898682,0.1901950752912761,129675.59880203524,588.5364968067069,130264.13529884194,2162,1,694.609756097561,37,4,16,36.7386828506836,0.6151463963963963,45.36732456140351,1018.530701754386,27.527856804172593,0
2251,4,0,0,40,0.0,0.0,1.0,40,800,500,300,0.625,11,5,6,347.05659213720696,0.778258547008547,0.08042035398230052,0.19414551936388355,129545.085626167,991.8951891080608,130536.98081527506,2163,2,712.8,36,4,16,36.66274889380531,0.6157407407407407,45.49549549549551,1018.0180180180204,28.278278278278343,0
2252,4,1,1,40,0.024390243902439025,0.024390243902439025,0.975609756097561,41,950,700,250,0.7368421052631579,12,7,5,338.32817377899744,0.7890243902439025,0.08120457832147432,0.19043511319977138,129787.30384589497,582.1402979763066,130369.44414387128,2164,0,696.390243902439,37,4,16,36.63902489328884,0.6162725225225224,45.25767543859649,1018.9692982456147,27.539710763394993,0
2253,4,2,2,40,0.047619047619047616,0.047619047619047616,0.9523809523809523,42,900,500,400,0.5555555555555556,13,5,8,331.94561011925225,0.7943524970963995,0.08971635979279191,0.18860276753414532,130153.54624379087,240.77966341591122,130394.32590720679,2165,0,680.7619047619048,38,4,19,36.43052210937775,0.6181469298245613,44.89850427350429,1020.4059829059847,26.852789023841705,0
2254,4,1,1,40,0.024390243902439025,0.024390243902439025,0.975609756097561,41,1200,1000,200,0.8333333333333334,14,10,4,337.8565579057529,0.7921239837398374,0.0882125315126856,0.19169294542139267,130099.04308431971,590.9629766601151,130690.00606097982,2166,0,697.9024390243902,38,3,22,36.33495653995183,0.6175986842105262,44.95192307692309,1020.1923076923092,26.847165991902873,0
2255,4,0,0,40,0.0,0.0,1.0,40,850,500,350,0.5882352941176471,12,5,7,342.4828947710483,0.7842948717948718,0.08849015088013434,0.19364080258855987,129962.83512309179,902.0095971218061,130864.8447202136,2167,1,716.1,38,2,22,36.35508347303716,0.6162280701754383,45.0854700854701,1019.6581196581217,26.833108412055832,0
2256,4,0,0,40,0.0,0.0,1.0,40,1200,800,400,0.6666666666666666,16,8,8,344.19521158242367,0.7833600427350428,0.08948319195727317,0.19528936871066951,130099.04308431972,955.8935322156703,131054.9366165354,2168,2,717.1,38,2,23,36.1732903969002,0.6175986842105262,44.95192307692309,1020.1923076923093,26.847165991902877,0
2257,4,1,0,41,0.024390243902439025,0.0,1.0,41,1100,900,200,0.8181818181818182,13,9,4,341.02587282734856,0.7910060975609756,0.09467691007185297,0.1956411586220054,130528.5644531251,703.1344381780232,131231.69889130312,2169,0,700.5853658536586,35,6,17,35.81910465511384,0.6276785714285713,44.53125000000001,1021.8750000000008,29.196428571428594,0
2258,4,0,0,41,0.0,0.0,1.0,41,1000,600,400,0.6,14,6,8,340.4975001225612,0.7911585365853658,0.09177974365931574,0.19602896662097238,130665.25298524887,698.2383988718584,131363.49138412072,2170,1,701.5853658536586,36,5,17,35.694322061901076,0.6270254629629629,44.39752252252253,1022.4099099099108,28.4002752752753,0
2259,4,0,0,41,0.0,0.0,1.0,41,600,300,300,0.5,9,3,6,339.1813928081132,0.790599593495935,0.09098018701366595,0.1953592642332092,130682.67549871127,665.0263783087223,131347.70187701998,2171,2,702.5853658536586,37,4,17,35.71034405719393,0.6252815315315314,44.380482456140356,1022.4780701754396,27.634542437174044,0
2260,4,0,0,41,0.0,0.0,1.0,41,1400,1000,400,0.7142857142857143,18,10,8,336.1525620643507,0.7919715447154472,0.09571145429440531,0.19410884373969212,130781.15297866914,592.4839287018924,131373.63690737102,2172,3,703.5853658536586,38,3,17,35.68823549892069,0.6244517543859648,44.28418803418804,1022.863247863249,26.91745389113813,0
2261,4,0,0,41,0.0,0.0,1.0,41,950,800,150,0.8421052631578947,11,8,3,338.8725473992838,0.7922256097560976,0.10486353532498716,0.19637387365624567,130917.78897518085,672.8889299802834,131590.67790516114,2173,4,704.5853658536586,38,3,18,35.48060862302955,0.6258223684210527,44.15064102564103,1023.3974358974363,26.931511470985164,0
2262,4,0,1,40,0.0,0.024390243902439025,0.975609756097561,41,700,500,200,0.7142857142857143,9,5,4,339.25164543289304,0.7917682926829268,0.10590121777464434,0.1967819756802604,130954.69292534742,685.3190104166858,131640.0119357641,2174,5,705.5853658536586,39,2,18,35.433628468688525,0.6244658119658119,44.11458333333334,1023.5416666666682,26.24465811965816,0
2263,4,2,3,39,0.047619047619047616,0.07142857142857142,0.9285714285714286,42,950,800,150,0.8421052631578947,11,8,3,329.41232048374917,0.7958526906697638,0.10417611489040102,0.1921571869488538,131171.92147531247,241.92940709897047,131413.85088241144,2175,0,689.547619047619,40,2,18,35.46626984126986,0.6249999999999998,43.902439024390254,1024.3902439024403,25.609756097561007,0
2264,4,0,1,38,0.0,0.02564102564102564,0.9743589743589743,39,1050,800,250,0.7619047619047619,13,8,5,348.19731588842274,0.7754161043634729,0.10944715661696836,0.20098914372569335,130766.77439212051,1306.5279701446482,132073.30236226515,2176,7,743.3333333333334,37,2,18,35.394779159519736,0.6261261261261262,44.29824561403508,1022.8070175438585,27.64343290659077,0
2265,4,0,0,38,0.0,0.0,1.0,38,1150,800,350,0.6956521739130435,15,8,7,359.366794052882,0.7654397818871503,0.11772556189444328,0.20728596710768282,130738.7384219183,1796.6322570406282,132535.37067895892,2177,8,763.5,37,1,18,35.13757103034202,0.6258445945945945,44.32565789473684,1022.6973684210528,27.640469416785212,0
2266,4,1,0,39,0.02564102564102564,0.0,1.0,39,1150,900,250,0.782608695652174,14,9,5,352.49036484585343,0.7720985155195682,0.11333723819381447,0.205430098953021,131136.55495516464,1444.8744201548543,132581.4293753195,2178,0,744.8974358974359,38,1,19,34.910990577518156,0.6280153508771931,43.936965811965806,1024.252136752136,26.95400359874042,0
2267,4,0,0,39,0.0,0.0,1.0,39,700,200,500,0.2857142857142857,12,2,10,353.8606612458316,0.7711988304093568,0.11689291101055832,0.20637567031782425,131163.91354372117,1482.7498356344463,132646.66337935562,2179,1,745.8974358974359,38,1,19,34.84824780976221,0.6282894736842106,43.91025641025641,1024.358974358974,26.95681511470984,0
2268,4,0,0,39,0.0,0.0,1.0,39,1150,700,450,0.6086956521739131,16,7,9,353.92728565665703,0.7714237516869096,0.11837116654634916,0.20670905416853472,131218.63928153983,1488.3713656950702,132707.01064723489,2180,2,746.8974358974359,38,1,19,34.79123218630518,0.6288377192982457,43.8568376068376,1024.5726495726487,26.96243814664865,0
2269,4,2,2,39,0.04878048780487805,0.04878048780487805,0.9512195121951219,41,1150,900,250,0.782608695652174,14,9,5,334.37763086803284,0.7860772357723578,0.10484073620005652,0.19796886352501072,131739.10307774472,610.2131501570369,132349.31622790176,2181,0,711.4146341463414,38,3,15,34.76753564366739,0.634046052631579,43.349358974358964,1026.6025641025626,27.015856950067437,0
2270,4,0,0,39,0.0,0.0,1.0,39,850,700,150,0.8235294117647058,10,7,3,350.39005895968717,0.7706927575348628,0.11127439388308957,0.20615973236465318,131501.32395909433,1415.3513310608027,132916.67529015514,2182,4,748.8974358974359,36,3,19,34.59641706924315,0.6354166666666665,43.58108108108109,1025.6756756756765,28.490990990991016,0
2271,4,0,0,39,0.0,0.0,1.0,39,1200,1000,200,0.8333333333333334,14,10,4,350.6904645501618,0.7701304543409807,0.10870354269893356,0.20711874293231555,131645.74361100982,1433.3813965993193,133079.12500760914,2183,5,749.8974358974359,36,3,16,34.4430118146238,0.6368634259259258,43.440315315315324,1026.23873873874,28.506631631631667,0
2272,4,0,0,39,0.0,0.0,1.0,39,900,600,300,0.6666666666666666,12,6,6,350.4998982053517,0.7697368421052632,0.11106546376787763,0.20741972484187762,131721.78578985843,1433.6945021545075,133155.48029201294,2184,6,750.8974358974359,37,2,16,34.37121697642952,0.6356981981981982,43.36622807017544,1026.5350877192984,27.74419155998104,0
2273,4,0,0,39,0.0,0.0,1.0,39,900,800,100,0.8888888888888888,10,8,2,351.5342793836828,0.7713675213675214,0.11114487932427042,0.20849389021077838,131806.21831957914,1466.8807950523287,133273.09911463148,2185,7,751.8974358974359,37,2,16,34.25954351308062,0.6365427927927928,43.28399122807018,1026.8640350877197,27.75308202939783,0
2274,4,0,0,39,0.0,0.0,1.0,39,900,700,200,0.7777777777777778,11,7,4,349.1964578071984,0.7719298245614036,0.105607742670083,0.20756804674732426,131890.6779008924,1411.1515081563375,133301.82940904872,2186,8,752.8974358974359,37,2,16,34.23445061201252,0.6373873873873874,43.201754385964904,1027.192982456139,27.761972498814565,0
2275,4,0,1,38,0.0,0.02564102564102564,0.9743589743589743,39,950,600,350,0.631578947368421,13,6,7,348.3465577337827,0.7722672064777328,0.10217479414650787,0.2072834467306962,131931.11257213805,1391.5497844984789,133322.66235663655,2187,9,753.8974358974359,38,1,17,34.21554353854684,0.6359649122807018,43.16239316239315,1027.350427350426,27.035537561853314,0
2276,4,0,0,38,0.0,0.0,1.0,38,600,300,300,0.5,9,3,6,360.1460697462999,0.7659139402560455,0.11012683939694878,0.20788629570504208,130766.77439212042,1819.0279701446343,132585.80236226507,2188,19,774.5,37,1,17,35.08924742710119,0.6261261261261262,44.298245614035075,1022.8070175438578,27.64343290659075,1
2277,4,0,0,38,0.0,0.0,1.0,38,1200,600,600,0.5,18,6,12,360.5171812248974,0.7658250355618776,0.11296726600040596,0.20870634833689466,130878.94833025543,1836.8219067405323,132715.77023699597,2189,20,775.5,37,1,18,34.96615587941134,0.6272522522522522,44.18859649122807,1023.2456140350874,27.655286865813174,0
2278,4,0,0,38,0.0,0.0,1.0,38,800,500,300,0.625,11,5,6,359.26123503813903,0.7662102892366051,0.11073045841862816,0.2081306708014246,130906.99932912047,1805.9620508233295,132712.9613799438,2190,21,776.5,37,1,18,34.9698873174042,0.6275337837837838,44.161184210526315,1023.3552631578945,27.65825035561877,0
2279,4,1,0,39,0.02564102564102564,0.0,1.0,39,1000,600,400,0.6,14,6,8,351.64464096783433,0.7759221772379667,0.10712987318491884,0.2056692314733823,131273.37643363295,1432.315864928054,132705.692298561,2191,0,757.5641025641025,38,1,20,34.79440332221296,0.6293859649122806,43.80341880341881,1024.7863247863256,26.968061178587515,0
2280,4,1,1,39,0.025,0.025,0.975,40,850,500,350,0.5882352941176471,12,5,7,339.97505793419487,0.7871527777777778,0.09779064661323966,0.20018311588381288,131530.20154867726,943.4318211442932,132473.63336982156,2192,0,739.6,36,4,20,34.834367109452195,0.6357060185185184,43.55292792792794,1025.78828828829,28.494119119119166,0
2281,4,2,1,40,0.04878048780487805,0.024390243902439025,0.975609756097561,41,1150,900,250,0.782608695652174,14,9,5,331.1181544350278,0.7951727642276423,0.09681090724414965,0.19638514985966032,131806.21831957917,528.6863506078863,132334.90467018707,2193,0,722.5121951219512,37,4,16,34.7836581242214,0.6365427927927927,43.28399122807018,1026.86403508772,27.753082029397834,0
2282,4,0,2,38,0.0,0.05,0.95,40,1100,900,200,0.8181818181818182,13,9,4,338.57296733506905,0.7834935897435897,0.0978641606151216,0.20065805481807522,131778.07113727304,923.2985149276742,132701.36965220072,2194,1,741.575,37,3,16,34.620621529260994,0.6362612612612613,43.31140350877193,1026.7543859649127,27.750118539592233,0
2283,4,1,0,39,0.02564102564102564,0.0,1.0,39,650,400,250,0.6153846153846154,9,4,5,345.6521384870756,0.7816576698155646,0.10445302705771908,0.20554359890998106,131905.89871966586,1318.7111943024422,133224.6099139683,2195,0,745.3076923076923,36,3,17,34.31013849302056,0.6394675925925924,43.18693693693695,1027.2522522522543,28.53478478478484,0
2284,4,0,0,39,0.0,0.0,1.0,39,950,900,50,0.9473684210526315,10,9,1,347.6382391232607,0.7807579847053532,0.10262591524918974,0.20735598498293345,132021.60564280517,1379.1517023780796,133400.75734518326,2196,1,746.3076923076923,36,3,17,34.142605376579745,0.6406249999999998,43.07432432432434,1027.7027027027043,28.54729729729734,0
2285,4,0,0,39,0.0,0.0,1.0,39,600,500,100,0.8333333333333334,7,5,2,353.0879867173559,0.7813765182186235,0.1134776869716625,0.2112512004409872,132137.36329234662,1531.2231150069188,133668.58640735355,2197,2,747.3076923076923,36,3,17,33.885998539613006,0.6417824074074073,42.96171171171172,1028.1531531531548,28.559809809809856,0
2286,4,0,0,39,0.0,0.0,1.0,39,1200,1000,200,0.8333333333333334,14,10,4,352.30715553782727,0.7804768331084121,0.11204330783831429,0.21110688611361178,132195.26113951812,1514.6672855287966,133709.9284250469,2198,3,748.3076923076923,36,3,17,33.84777887282815,0.6423611111111109,42.90540540540542,1028.3783783783801,28.566066066066114,0
2287,4,0,0,39,0.0,0.0,1.0,39,700,500,200,0.7142857142857143,9,5,4,352.47507501981653,0.7798020692757535,0.11663382234873376,0.21153136236734613,132253.17166829013,1523.1893210778642,133776.360989368,2199,4,749.3076923076923,36,3,17,33.785170790453265,0.6429398148148147,42.849099099099114,1028.6036036036055,28.572322322322375,0
2288,4,2,2,39,0.04878048780487805,0.04878048780487805,0.9512195121951219,41,800,500,300,0.625,11,5,6,339.5436849253056,0.7964939024390244,0.10809548521017143,0.2067170102524529,132793.26331178827,817.9020516314447,133611.1653634197,2200,0,713.7073170731708,37,4,15,33.575354609929086,0.6463963963963963,42.324561403508774,1030.7017543859652,27.85680417259365,0
2289,4,0,0,39,0.0,0.0,1.0,39,450,0,450,0.0,9,0,9,353.5741605976413,0.7792959964012596,0.11371989449561126,0.21351270594134555,132487.35592689048,1568.821132330249,134056.17705922073,2201,6,751.3076923076923,35,4,19,33.52129005059022,0.6473214285714286,42.62152777777778,1029.5138888888891,29.41468253968255,0
2290,4,0,0,39,0.0,0.0,1.0,39,900,700,200,0.7777777777777778,11,7,4,351.3475571266255,0.7789586144849303,0.1132123307404207,0.2130104399473409,132636.34366426605,1520.2910665294837,134156.63473079554,2202,7,752.3076923076923,35,4,15,33.42883895131085,0.648809523809524,42.47685185185185,1030.0925925925922,29.43121693121692,0
2291,4,0,0,39,0.0,0.0,1.0,39,1150,700,450,0.6086956521739131,16,7,9,366.88764585358786,0.7789586144849303,0.1364636540017088,0.20919518222066816,130291.3280679326,1774.17314712107,132065.50121505366,2203,8,753.3076923076923,36,3,18,35.39920214721669,0.6232638888888891,44.7635135135135,1020.9459459459442,28.359609609609564,7
2292,4,1,1,39,0.025,0.025,0.975,40,850,500,350,0.5882352941176471,12,5,7,358.15190105744705,0.7842147435897436,0.12716714944748442,0.20568908624500698,130570.58572108715,1352.8206996383378,131923.40642072549,2204,0,735.45,37,3,15,35.338997067553535,0.6241554054054055,44.49013157894736,1022.0394736842097,27.622688477951613,0
2293,4,1,2,38,0.025,0.05,0.95,40,800,400,400,0.5,12,4,8,350.43928233783396,0.7792200854700855,0.09884184443007982,0.19571464612874676,129480.2306959832,1074.9918244074918,130555.2225203907,2205,0,736.425,37,3,13,36.64260576025282,0.6131756756756757,45.55921052631578,1017.7631578947354,27.50711237553339,4
2294,4,3,0,41,0.07317073170731707,0.0,1.0,41,1050,800,250,0.7619047619047619,13,8,5,355.7511421660842,0.7921239837398374,0.12934826069572125,0.1972801788375559,129201.38888888896,1027.5748307171489,130228.96371960611,2206,0,719.0975609756098,37,4,18,36.791325136612016,0.6103603603603605,45.833333333333336,1016.6666666666673,27.477477477477496,7
2295,4,0,0,41,0.0,0.0,1.0,41,1150,600,550,0.5217391304347826,17,6,11,352.2026140466868,0.7926829268292683,0.1285648543816973,0.19572673728478246,129285.0098708256,906.9036867112934,130191.91355753689,2207,1,720.0975609756098,37,4,18,36.79638364779874,0.611204954954955,45.75109649122807,1016.9956140350873,27.48636794689425,0
2296,4,0,0,41,0.0,0.0,1.0,41,1350,1000,350,0.7407407407407407,17,10,7,353.12094439817906,0.7938516260162601,0.1427152474498241,0.19721231082454282,129480.23069598348,944.4362688519661,130424.66696483544,2208,2,721.0975609756098,37,4,14,36.57437333907923,0.6131756756756757,45.559210526315795,1017.7631578947376,27.50711237553345,0
2297,4,0,1,40,0.0,0.024390243902439025,0.975609756097561,41,800,500,300,0.625,11,5,6,352.3250017616617,0.7945121951219513,0.13653808266677192,0.19718732015413074,129563.94184989612,929.7232081024957,130493.66505799862,2209,3,722.0975609756098,37,4,16,36.50949111470115,0.6140202702702702,45.47697368421053,1018.0921052631578,27.51600284495021,0
2298,4,3,3,40,0.06976744186046512,0.06976744186046512,0.9302325581395349,43,1200,800,400,0.6666666666666666,16,8,8,335.4218392406671,0.8153377630121816,0.13702715988401692,0.19020185707491927,130076.5638563369,126.10405815972723,130202.66791449663,2210,0,689.1162790697674,39,4,17,36.41982793832329,0.6156517094017094,44.973958333333336,1020.1041666666674,26.156517094017115,0
2299,4,0,0,40,0.0,0.0,1.0,40,1150,900,250,0.782608695652174,14,9,5,354.0545582423083,0.7910523504273504,0.15005920344456425,0.19886135707805586,129703.52055440134,1184.4245344721437,130887.94508887349,2211,1,741.7,37,3,17,36.32355579476139,0.6154279279279279,45.33991228070175,1018.6403508771929,27.530820293978184,0
2300,4,2,0,42,0.047619047619047616,0.0,1.0,42,1100,800,300,0.7272727272727273,14,8,6,340.0676370435443,0.8046118854045683,0.1576250753465942,0.19323100768437132,130156.27170138898,452.3871527777827,130608.65885416676,2212,0,707.3333333333334,39,3,19,36.22056621750373,0.6164529914529915,44.895833333333336,1020.4166666666674,26.164529914529933,0
2301,4,0,0,42,0.0,0.0,1.0,42,1100,900,200,0.8181818181818182,13,9,4,345.63061239454703,0.8041037553232675,0.16464993998415745,0.1967945596080284,130236.00396050356,602.7099609375055,130838.71392144106,2213,1,708.3333333333334,39,3,19,35.99782715923392,0.6172542735042735,44.817708333333336,1020.7291666666673,26.17254273504275,0
2302,4,0,1,41,0.0,0.023809523809523808,0.9761904761904762,42,1300,1000,300,0.7692307692307693,16,10,6,342.89347669489047,0.8032326751838947,0.16549050891834405,0.1956509837612019,130318.55955678657,537.0822182065489,130855.64177499311,2214,2,709.3333333333334,37,5,19,35.98403493699886,0.6216216216216217,44.73684210526315,1021.0526315789463,27.59601706970125,0
2303,4,0,0,41,0.0,0.0,1.0,41,650,500,150,0.7692307692307693,8,5,3,350.3166744526656,0.8065548780487805,0.15574825346243437,0.19918005204594386,130180.80210387883,920.9011341222669,131101.7032380011,2215,3,720.5365853658536,38,3,19,35.93422843383584,0.618421052631579,44.87179487179486,1020.512820512819,26.855600539811025,0
2304,4,2,1,42,0.046511627906976744,0.023255813953488372,0.9767441860465116,43,900,500,400,0.5555555555555556,13,5,8,358.5910026065675,0.8220745662606127,0.16753263816724617,0.19556769806022073,128540.34423828148,669.8409602800675,129210.18519856155,2216,0,687.9767441860465,39,4,18,37.39353278548198,0.6001602564102563,46.484375000000014,1014.0625000000018,26.001602564102612,5
2305,4,5,3,44,0.10638297872340426,0.06382978723404255,0.9361702127659575,47,1200,1000,200,0.8333333333333334,14,10,4,330.8285185153643,0.8391150169596052,0.18086111365458568,0.18485649829301323,129500.26167223684,-823.0469516896543,128677.21472054718,2217,0,630.2340425531914,38,9,14,37.12125188062,0.6115679824561404,45.539529914529915,1017.8418803418804,26.7853126405758,0
2306,4,2,0,46,0.043478260869565216,0.0,1.0,46,1150,700,450,0.6086956521739131,16,7,9,338.5903633778548,0.8408212560386473,0.2030460537098171,0.1895003932467378,129563.94184989603,-426.1795696752964,129137.76228022073,2218,0,644.8913043478261,37,9,16,36.859069287381075,0.6140202702702702,45.47697368421052,1018.0921052631571,27.516002844950194,0
2307,4,0,0,46,0.0,0.0,1.0,46,1000,700,300,0.7,13,7,6,338.196833742245,0.8400563607085346,0.20528956643435237,0.1898193588297109,129675.59880203521,-428.82461430440424,129246.7741877308,2219,1,645.8913043478261,37,9,17,36.75572810133851,0.6151463963963963,45.36732456140351,1018.5307017543857,27.527856804172586,0
2308,4,1,2,45,0.02127659574468085,0.0425531914893617,0.9574468085106383,47,1450,1200,250,0.8275862068965517,17,12,5,333.58329187981207,0.8466697502312673,0.2032001855180008,0.18834625864598603,129908.3719135802,-732.9475308642033,129175.424382716,2220,0,633.1276595744681,38,9,17,36.63714804722979,0.6156798245614036,45.138888888888886,1019.444444444444,26.827485380116947,0
2309,4,0,0,45,0.0,0.0,1.0,45,1000,600,400,0.6,14,6,8,350.6167316415353,0.8326599326599327,0.20440413871070762,0.1964235741947192,129602.41280131503,88.15487785084588,129690.56767916588,2221,3,662.0444444444445,36,9,17,36.5138612401386,0.6163194444444444,45.4391891891892,1018.2432432432448,28.28453453453458,0
2310,4,1,2,44,0.021739130434782608,0.043478260869565216,0.9565217391304348,46,850,500,350,0.5882352941176471,12,5,7,342.69016257268294,0.8391103059581321,0.20966639321848457,0.19321892145055533,129853.92011834323,-300.06780078895235,129553.85231755428,2222,0,648.6304347826087,38,8,18,36.46029874213836,0.6151315789473684,45.19230769230769,1019.2307692307695,26.821862348178144,0
2311,4,1,1,44,0.022222222222222223,0.022222222222222223,0.9777777777777777,45,1850,1700,150,0.918918918918919,20,17,3,345.8655881764162,0.8408670033670034,0.21412652568911894,0.19653856088734542,130158.86423631763,3.4944270936557587,130162.35866341129,2223,0,651.6222222222223,40,5,19,36.070029545530005,0.6148437500000001,44.89329268292683,1020.4268292682923,25.510670731707307,0
2312,4,0,0,44,0.0,0.0,1.0,44,1350,900,450,0.6666666666666666,18,9,9,355.56327215759575,0.8337517618040874,0.22052274119022464,0.20231178516841591,130209.42382812497,459.5377604166649,130668.96158854164,2224,1,667.0454545454545,39,5,20,35.77133088385385,0.6169871794871795,44.84375,1020.6249999999998,26.16987179487179,0
2313,4,0,1,43,0.0,0.022727272727272728,0.9772727272727273,44,1350,1100,250,0.8148148148148148,16,11,5,355.9526911212812,0.8331131078224102,0.2253228134899945,0.20326064251182507,130348.82010388788,479.6352121758797,130828.45531606376,2225,2,668.0454545454545,36,8,20,35.619991545360975,0.6238425925925926,44.70720720720722,1021.1711711711728,28.36586586586591,0
2314,4,0,0,43,0.0,0.0,1.0,43,1350,900,450,0.6666666666666666,18,9,9,359.28450312452355,0.834579180509413,0.2140550018456997,0.20577203360768181,130463.84222059899,774.7273455888346,131238.56956618783,2226,3,671.3255813953489,36,7,21,35.418274176954746,0.625,44.5945945945946,1021.6216216216217,28.37837837837838,0
2315,4,0,0,43,0.0,0.0,1.0,43,1050,700,350,0.6666666666666666,14,7,7,359.23010319140667,0.8347637504614248,0.2069854580682855,0.20604639420725823,130521.3723013554,777.4412080999844,131298.8135094554,2227,4,672.3255813953489,36,7,19,35.36133458232312,0.6255787037037037,44.538288288288285,1021.8468468468468,28.384634634634633,0
2316,4,0,0,43,0.0,0.0,1.0,43,1600,1200,400,0.75,20,12,8,358.806424025044,0.8352713178294573,0.20731394836368833,0.20610931040831024,130578.91506371244,770.5107134161312,131349.42577712858,2228,5,673.3255813953489,36,7,19,35.313831350080804,0.6261574074074073,44.48198198198199,1022.0720720720727,28.39089089089091,0
2317,4,1,0,44,0.022727272727272728,0.0,1.0,44,750,300,450,0.4,12,3,9,350.90004591311725,0.8418340380549684,0.20453571289404993,0.20313890995416922,130878.94833025541,385.0857956294194,131264.03412588482,2229,0,659.0,37,7,20,35.21217316759537,0.6272522522522522,44.18859649122807,1023.2456140350873,27.65528686581317,0
2318,4,0,0,44,0.0,0.0,1.0,44,1100,900,200,0.8181818181818182,13,9,4,348.4387735107753,0.8418560606060607,0.20295320640794667,0.20215512434574787,130963.11034404805,326.5251086872752,131289.63545273533,2230,1,660.0,37,7,20,35.190033029816114,0.6280968468468469,44.1063596491228,1023.5745614035078,27.66417733522994,0
2319,4,0,1,43,0.0,0.022727272727272728,0.9772727272727273,44,1500,1300,200,0.8666666666666667,17,13,4,347.90437358337476,0.8414156095842142,0.20103254067584486,0.20290189379059598,131163.9135437213,326.49983563446267,131490.41337935577,2231,2,661.0,38,6,20,35.00078222778474,0.6282894736842104,43.910256410256416,1024.358974358975,26.95681511470987,0
2320,4,2,0,45,0.044444444444444446,0.0,1.0,45,1850,1300,550,0.7027027027027027,24,13,11,337.50118966641946,0.8461700336700337,0.1996180953372917,0.19867252740572006,131519.83486969463,-122.27712488129288,131397.55774481336,2232,0,646.9555555555555,38,7,22,34.90825608443565,0.6318530701754386,43.56303418803419,1025.747863247863,26.993364822312184,0
2321,4,0,2,43,0.0,0.044444444444444446,0.9555555555555556,45,750,500,250,0.6666666666666666,10,5,5,341.7533275528131,0.8461700336700337,0.1977209172259511,0.19215564454856257,129745.05077069158,-117.45459401712084,129627.59617667446,2233,1,647.9555555555555,38,7,19,36.594658836689035,0.6140350877192984,45.29914529914529,1018.8034188034171,26.81061628430045,4
2322,4,2,2,43,0.044444444444444446,0.044444444444444446,0.9555555555555556,45,900,600,300,0.6666666666666666,12,6,6,339.34773149796285,0.8449915824915826,0.19366876310272496,0.19133435924885125,129853.92011834313,-186.87335634452495,129667.0467619986,2234,0,648.8666666666667,38,7,19,36.54546645702305,0.6151315789473685,45.192307692307686,1019.2307692307686,26.821862348178122,0
2323,4,0,0,43,0.0,0.0,1.0,43,1150,800,350,0.6956521739130435,15,8,7,354.76251076826685,0.8376245847176079,0.20460485696645425,0.1984562560238326,129545.08562616681,591.5479668858212,130136.63359305263,2235,6,680.046511627907,36,7,19,36.46662979351034,0.6157407407407407,45.495495495495504,1018.0180180180189,28.278278278278304,0
2324,4,0,0,43,0.0,0.0,1.0,43,1150,700,450,0.6086956521739131,16,7,9,352.6260820929497,0.8379475821336286,0.19909672175840942,0.19754925862976788,129602.41280131497,540.238211184177,130142.65101249915,2236,7,681.046511627907,36,7,19,36.46271105212714,0.6163194444444444,45.4391891891892,1018.2432432432444,28.284534534534565,0
2325,4,0,0,43,0.0,0.0,1.0,43,1450,1100,350,0.7586206896551724,18,11,7,352.53460600687976,0.8387781469176818,0.20339645442040455,0.19793144080274544,129688.42734203803,543.9317273354502,130232.35906937349,2237,8,682.046511627907,36,7,19,36.37760272710523,0.6171875,45.35472972972973,1018.5810810810815,28.29391891891893,0
2326,4,0,0,43,0.0,0.0,1.0,43,850,400,450,0.47058823529411764,13,4,9,350.9241023194928,0.8383167220376523,0.19969252759796086,0.1971713931417476,129717.10519641281,504.1717393068896,130221.2769357197,2238,9,683.046511627907,36,7,19,36.38947232662685,0.6174768518518519,45.326576576576585,1018.6936936936952,28.297047047047087,0
2327,4,1,2,42,0.022727272727272728,0.045454545454545456,0.9545454545454546,44,1250,900,350,0.72,16,9,7,345.5269667466569,0.8421863988724454,0.21088124664159036,0.19616402840620156,130122.70752779706,192.18088738842368,130314.88841518549,2239,0,668.5,37,7,20,36.115327780763,0.6196509009009008,44.92872807017544,1020.2850877192986,27.575272641062124,0
2328,4,1,1,42,0.023255813953488372,0.023255813953488372,0.9767441860465116,43,1050,800,250,0.7619047619047619,13,8,5,355.5428595509729,0.8309800664451827,0.21276170289347873,0.20170553446721048,130094.74068944289,650.8512234533662,130745.59191289626,2240,0,684.1162790697674,37,6,20,35.88823803382057,0.6193693693693694,44.95614035087719,1020.1754385964912,27.57230915125652,0
2329,4,0,0,42,0.0,0.0,1.0,42,1200,800,400,0.6666666666666666,16,8,8,364.3747599569104,0.8239692218350755,0.16210769188002128,0.20599800785682773,129958.94451530627,1076.679146958894,131035.62366226516,2241,2,701.4047619047619,34,8,21,35.800982681455544,0.6240808823529411,45.08928571428572,1019.6428571428584,29.989495798319364,3
2330,4,0,0,42,0.0,0.0,1.0,42,1600,1200,400,0.75,20,12,8,363.6094183661466,0.8234852884243128,0.15698840497580502,0.20652725810578157,130141.08737244905,1064.1050170068165,131205.19238945586,2242,3,702.4047619047619,34,8,23,35.635427604713584,0.6259191176470588,44.91071428571429,1020.3571428571433,30.010504201680686,0
2331,4,0,0,42,0.0,0.0,1.0,42,1150,700,450,0.6086956521739131,16,7,9,361.42683634648586,0.8242837785520712,0.1530517057569296,0.20609019604437914,130292.97052154192,1018.2752267573653,131311.2457482993,2243,4,703.4047619047619,34,8,24,35.53691503420398,0.6274509803921569,44.76190476190476,1020.9523809523807,30.028011204481786,0
2332,4,0,0,42,0.0,0.0,1.0,42,1400,1000,400,0.7142857142857143,18,10,8,362.5987121253061,0.8236546651180797,0.1545773455669721,0.2072441273366423,130384.14292800454,1055.4244614512554,131439.5673894558,2244,5,704.4047619047619,34,8,24,35.414481097252995,0.6283700980392157,44.67261904761905,1021.3095238095239,30.038515406162468,0
2333,4,0,0,42,0.0,0.0,1.0,42,1400,1200,200,0.8571428571428571,16,12,4,364.01352958865664,0.8223722415795587,0.16056863202050775,0.20854233050266047,130475.34722222229,1098.9583333333394,131574.30555555562,2245,6,705.4047619047619,34,8,24,35.28582109842305,0.6292892156862745,44.583333333333336,1021.6666666666672,30.049019607843153,0
2334,4,1,1,42,0.023255813953488372,0.023255813953488372,0.9767441860465116,43,1000,600,400,0.6,14,6,8,356.85101687814495,0.8285806570690292,0.16075403779661834,0.20613394033784593,130794.81336805546,734.8524305555468,131529.665798611,2246,0,689.9767441860465,35,8,18,35.14511201629327,0.6303571428571428,44.27083333333333,1022.9166666666658,29.226190476190453,0
2335,4,1,0,43,0.023255813953488372,0.0,1.0,43,1050,700,350,0.6666666666666666,14,7,7,354.5008837376808,0.8270579549649317,0.16626282216939958,0.20561956172889484,130953.25213304527,684.6087218975808,131637.86085494285,2247,0,690.953488372093,36,7,19,35.04488025818754,0.6299189814814814,44.115990990990994,1023.5360360360366,28.431556556556572,0
2336,4,0,0,43,0.0,0.0,1.0,43,900,400,500,0.4444444444444444,14,4,10,355.0988971512596,0.8266426725729051,0.1725513868568329,0.20642961463550202,131039.7137001866,706.4115635906105,131746.1252637772,2248,1,691.953488372093,36,7,19,34.94211944566651,0.6307870370370371,44.03153153153153,1023.8738738738733,28.440940940940926,0
2337,4,0,1,42,0.0,0.023255813953488372,0.9767441860465116,43,1650,1500,150,0.9090909090909091,18,15,3,356.13055818502465,0.826781100036914,0.16833047439610804,0.20780754892938844,131183.87972009156,743.7176619186571,131927.59738201022,2249,2,692.953488372093,36,7,20,34.769933311348055,0.6322337962962964,43.89076576576576,1024.4369369369358,28.45658158158155,0
2338,4,0,0,42,0.0,0.0,1.0,42,1400,1200,200,0.8571428571428571,16,12,4,363.1228969716395,0.8194444444444444,0.1698742788254548,0.21137574950033303,131090.96364883386,1120.426097393674,132211.38974622753,2250,3,710.2142857142857,35,7,20,34.68486286919833,0.6333333333333333,43.981481481481474,1024.0740740740728,29.25925925925922,0
2339,4,0,0,42,0.0,0.0,1.0,42,1500,900,600,0.6,21,9,12,361.78925619834695,0.8195170344560588,0.19699134199134183,0.2030449907235623,129672.4965706449,983.0375514403506,130655.53412208526,2251,4,711.2142857142857,35,7,19,36.15814393939394,0.6190476190476188,45.37037037037038,1018.51851851852,29.10052910052914,4
2340,4,3,1,44,0.06666666666666667,0.022222222222222223,0.9777777777777777,45,900,600,300,0.6666666666666666,12,6,6,340.6543944738389,0.828409090909091,0.20542328042328029,0.19510206228956237,130463.84222059899,-108.70458170883126,130355.13763889016,2252,0,664.7333333333333,36,9,21,35.89409722222222,0.625,44.5945945945946,1021.6216216216217,28.37837837837838,0
2341,4,0,0,44,0.0,0.0,1.0,44,1250,900,350,0.72,16,9,7,348.6642537858423,0.8264843199436223,0.21101467937162033,0.1994142605094009,130410.31867551855,293.88328939470347,130704.20196491324,2253,1,680.8409090909091,35,9,21,35.743744098205845,0.6264880952380952,44.64699074074073,1021.4120370370359,29.183201058201025,0
2342,4,0,0,44,0.0,0.0,1.0,44,1150,800,350,0.6956521739130435,15,8,7,345.8603439099083,0.8272991543340381,0.2100039136121612,0.19811221646286564,130469.43486636224,224.84072252228248,130694.27558888451,2254,2,681.8409090909091,35,9,21,35.755470903666776,0.6270833333333334,44.58912037037037,1021.643518518518,29.1898148148148,0
2343,4,0,0,44,0.0,0.0,1.0,44,1150,900,250,0.782608695652174,14,9,5,347.05425403547133,0.8271229739252995,0.214422739794641,0.19921045891030367,130550.14209733371,261.59643596297894,130811.73853329668,2255,3,682.8409090909091,36,8,18,35.64325068870522,0.6258680555555556,44.51013513513513,1021.9594594594586,28.387762762762737,0
2344,4,1,1,44,0.022222222222222223,0.022222222222222223,0.9777777777777777,45,1400,1100,300,0.7857142857142857,17,11,6,342.9410373792304,0.8340067340067341,0.22321283992951435,0.19853137474087915,130878.94833025514,-23.24753770394355,130855.7007925512,2256,0,668.6444444444444,37,8,19,35.41577368195456,0.6272522522522523,44.188596491228054,1023.2456140350852,27.655286865813114,0
2345,4,0,0,44,0.0,0.0,1.0,44,1000,700,300,0.7,13,7,6,349.8568650353504,0.8280699436222693,0.2297676594417597,0.20194708150060264,130766.77439212026,349.9307479223963,131116.70514004267,2257,1,684.75,37,7,20,35.35234419668382,0.6261261261261263,44.29824561403507,1022.8070175438565,27.643432906590718,0
2346,4,0,0,44,0.0,0.0,1.0,44,1550,1100,450,0.7096774193548387,20,11,9,351.6986841078898,0.8281800563777308,0.22822233476829634,0.2038978582275178,130935.05333371778,409.93719221296,131344.99052593074,2258,2,685.75,37,7,21,35.13499035783159,0.6278153153153154,44.13377192982455,1023.4649122806994,27.66121384542431,0
2347,4,0,0,44,0.0,0.0,1.0,44,1050,600,450,0.5714285714285714,15,6,9,351.199274150521,0.8273872445384074,0.23397554469518522,0.20420291544318567,131047.29940943347,404.7432863957938,131452.04269582927,2259,3,686.75,37,7,21,35.034268579995704,0.6289414414414416,44.024122807017534,1023.9035087719283,27.67306780464671,0
2348,4,0,0,44,0.0,0.0,1.0,44,1100,800,300,0.7272727272727273,14,8,6,351.8637848163463,0.8267706131078224,0.22230303678981844,0.20533812251962,131187.67463305983,432.038343528739,131619.71297658858,2260,4,687.75,37,7,21,34.875374612008976,0.6303490990990992,43.88706140350875,1024.4517543859622,27.687885253674654,0
2349,4,0,0,44,0.0,0.0,1.0,44,1250,900,350,0.72,16,9,7,352.03518551392017,0.8268146582100071,0.22084626083235337,0.20604088159039483,131300.0289151467,444.44600742533044,131744.47492257203,2261,5,688.75,37,7,21,34.75747566063976,0.6314752252252254,43.77741228070174,1024.8903508771907,27.699739212897047,0
2350,4,0,0,44,0.0,0.0,1.0,44,900,600,300,0.6666666666666666,12,6,6,352.6830606926967,0.8270348837209303,0.2223085921866823,0.20705230183410223,131417.11576485346,469.72413453606504,131886.8398993895,2262,6,689.75,35,9,22,34.62262952929225,0.6366071428571427,43.66319444444445,1025.3472222222229,29.29563492063494,0
2351,4,0,0,44,0.0,0.0,1.0,44,1150,600,550,0.5217391304347826,17,6,11,350.34216418020907,0.827849718111346,0.2588768704492901,0.19401369906929633,129147.0854792169,249.13388487106397,129396.21936408796,2263,7,690.75,38,6,18,36.9840936164249,0.6080043859649122,45.886752136752136,1016.4529914529916,26.748762932973463,5
2352,4,1,0,45,0.022222222222222223,0.0,1.0,45,800,400,400,0.5,12,4,8,345.5451603406349,0.8330808080808081,0.27006189467131225,0.19284453596641213,129452.33298947757,-53.65173958787051,129398.68124988969,2264,0,676.3777777777777,37,8,16,36.7954916855224,0.6128941441441441,45.58662280701755,1017.6535087719301,27.50414888572784,0
2353,4,0,0,45,0.0,0.0,1.0,45,1350,1100,250,0.8148148148148148,16,11,5,346.76179093581834,0.8323653198653199,0.2692027945257913,0.1944881349161769,129647.68005540202,-8.627654662937346,129639.05240073908,2265,1,677.3777777777777,37,8,17,36.56599913867357,0.6148648648648647,45.39473684210528,1018.4210526315818,27.524893314367077,0
2354,4,0,0,45,0.0,0.0,1.0,45,900,600,300,0.6666666666666666,12,6,6,348.2379158375829,0.830976430976431,0.27269051805600397,0.19545510575319103,129675.59880203544,31.592052362290303,129707.19085439773,2266,2,678.3777777777777,37,8,17,36.50004934151507,0.6151463963963962,45.36732456140352,1018.5307017543876,27.527856804172636,0
2355,4,1,0,46,0.021739130434782608,0.0,1.0,46,1000,700,300,0.7,13,7,6,340.57274946690455,0.8390297906602254,0.27440954745257007,0.19269513299713123,129990.07100820007,-345.7848226678251,129644.28618553226,2267,0,664.6086956521739,38,8,18,36.376156801117524,0.6165021929824561,45.05876068376069,1019.7649572649577,26.835919928025202,0
2356,4,0,0,46,0.0,0.0,1.0,46,1200,1000,200,0.8333333333333334,14,10,4,340.3997899659211,0.8390499194847021,0.2764059731944013,0.19286627862342143,130044.5513391228,-346.57240759002127,129697.97893153278,2268,1,665.6086956521739,38,8,18,36.325329073705525,0.6170504385964912,45.00534188034189,1019.9786324786337,26.841542959964045,0
2357,4,1,1,46,0.02127659574468085,0.02127659574468085,0.9787234042553191,47,1550,1400,150,0.9032258064516129,17,14,3,320.6997084548108,0.8450508788159111,0.15423360833695243,0.18272425249169438,130262.58680555547,-1038.661744831621,129223.92506072385,2269,0,652.4255319148937,40,7,16,36.60714285714287,0.6158854166666667,44.791666666666664,1020.8333333333327,25.520833333333318,5
2358,4,0,0,46,0.0,0.0,1.0,46,1000,600,400,0.6,14,6,8,331.3634208814143,0.8391505636070854,0.15884272094123975,0.18855458374048634,130211.9551524314,-570.5042202065997,129641.4509322248,2270,3,667.6086956521739,41,5,16,36.386242871954366,0.6138211382113821,44.84126984126984,1020.6349206349212,24.893534649632223,0
2359,4,0,1,45,0.0,0.021739130434782608,0.9782608695652174,46,950,600,350,0.631578947368421,13,6,7,343.7516442467129,0.8391505636070854,0.19849327133427397,0.17913323481687363,126705.33842143722,-461.23184313996376,126244.10657829726,2271,4,668.6086956521739,37,9,15,39.64822478762796,0.5850225225225226,48.30043859649122,1006.7982456140339,27.21076339497389,8
2360,4,5,4,46,0.1,0.08,0.92,50,850,400,450,0.47058823529411764,13,4,9,319.0562227654377,0.865187074829932,0.21653608247422684,0.17004644839696373,127617.73003472199,-1856.5538194444694,125761.17621527752,2272,0,615.94,41,9,12,39.33634020618557,0.5876524390243905,47.39583333333332,1010.4166666666647,24.64430894308938,0
2361,4,3,1,48,0.061224489795918366,0.02040816326530612,0.9795918367346939,49,1150,700,450,0.6086956521739131,16,7,9,331.51311107696625,0.8568948412698413,0.25583537264539014,0.17741925455108848,127784.64708713387,-1327.5428192544205,126457.10426787945,2273,0,629.4489795918367,40,9,16,38.85105705766077,0.5908854166666667,47.230691056910565,1011.0772357723567,25.27693089430892,0
2362,4,3,2,49,0.058823529411764705,0.0392156862745098,0.9607843137254902,51,650,300,350,0.46153846153846156,10,3,7,313.85162924834674,0.8725490196078433,0.2449703664879248,0.17022658999008825,128320.37278163563,-2144.2762583219715,126176.09652331365,2274,0,589.2549019607843,41,10,17,38.75157071053232,0.5947662601626017,46.70138888888888,1013.1944444444431,24.712059620596172,0
2363,4,3,1,51,0.057692307692307696,0.019230769230769232,0.9807692307692307,52,800,500,300,0.625,11,5,6,316.2541091213267,0.8735859728506786,0.2714140390307682,0.17331916718093415,128733.87008180088,-2257.4769207078934,126476.39316109299,2275,0,578.8653846153846,42,10,14,38.27003564721985,0.5974702380952381,46.29360465116279,1014.8255813953481,24.16251384274638,0
2364,4,3,2,52,0.05555555555555555,0.037037037037037035,0.962962962962963,54,1200,700,500,0.5833333333333334,17,7,10,309.05670518677755,0.8791200791986956,0.27656344869459604,0.1713859910581223,129201.38888888908,-2813.0414901448044,126388.34739874427,2276,0,558.3703703703703,43,11,16,37.97814207650274,0.6007751937984496,45.83333333333334,1016.6666666666682,23.643410852713213,0
2365,4,0,0,52,0.0,0.0,1.0,52,1000,600,400,0.6,14,6,8,320.15779092702155,0.8690610859728506,0.27859960552268226,0.1763581051716646,128936.76757812515,-2143.9778645833167,126792.78971354183,2277,1,580.7884615384615,43,9,16,37.964743589743605,0.598110465116279,46.09375000000001,1015.6250000000011,23.619186046511654,0
2366,4,1,0,53,0.018867924528301886,0.0,1.0,53,1350,1100,250,0.8148148148148148,16,11,5,316.8999208541655,0.8724600870827286,0.2802749568611915,0.1758504552493582,129227.22012566934,-2408.4957645498625,126818.72436111947,2278,0,570.811320754717,40,13,19,37.75258204231217,0.60546875,45.8079268292683,1016.7682926829276,25.41920731707319,0
2367,4,0,0,53,0.0,0.0,1.0,53,1350,1100,250,0.8148148148148148,16,11,5,315.53235608363457,0.8739417029511368,0.27745562652694766,0.17587499152140013,129403.1872008065,-2433.821491559559,126969.36570924694,2279,1,571.811320754717,41,12,20,37.60887935517421,0.6056910569105689,45.63492063492065,1017.4603174603195,24.81610530391023,0
2368,4,1,2,52,0.018518518518518517,0.037037037037037035,0.962962962962963,54,1500,1000,500,0.6666666666666666,20,10,10,306.3830010866131,0.8770236431399954,0.27387986722311686,0.17199663672691126,129683.21352731899,-2853.453569788768,126829.75995753023,2280,0,562.2037037037037,43,11,12,37.55810710301226,0.6056201550387595,45.3598484848485,1018.5606060606088,23.68745595489788,0
2369,4,0,0,52,0.0,0.0,1.0,52,1600,1100,500,0.6875,21,11,10,316.9924499729576,0.8698780794369029,0.27682647584973075,0.17729806645209703,129538.57197687146,-2187.4501406106124,127351.12183626085,2281,5,584.7884615384615,43,9,12,37.434496124031014,0.6041666666666665,45.50189393939396,1017.9924242424281,23.674242424242514,0
2370,4,0,0,52,0.0,0.0,1.0,52,1250,1000,250,0.8,15,10,5,318.4315920915768,0.8707422071392659,0.2811096489973395,0.1787604490885702,129683.2135273188,-2140.953569788782,127542.25995753003,2282,6,585.7884615384615,43,9,15,37.251301599107485,0.6056201550387597,45.35984848484849,1018.5606060606074,23.687455954897846,0
2371,4,1,4,49,0.018867924528301886,0.07547169811320754,0.9245283018867925,53,900,500,400,0.5555555555555556,13,5,8,317.9032047593551,0.8743347847121432,0.2822958145145251,0.1797099635939439,129955.57270233239,-2337.341392318208,127618.23131001418,2283,0,575.7169811320755,44,9,15,36.989004419421235,0.6070075757575756,45.09259259259261,1019.629629629633,23.17340067340075,0
2372,4,0,2,47,0.0,0.04081632653061224,0.9591836734693877,49,1050,800,250,0.7619047619047619,13,8,5,339.42327991500997,0.8593041383219955,0.28632549156230347,0.18983824650522926,129537.39636005361,-1006.3984111639783,128530.99794888964,2284,8,620.8571428571429,40,9,15,36.8648297893581,0.6085937499999999,45.50304878048781,1017.9878048780494,25.449695121951233,0
2373,4,3,2,48,0.06,0.04,0.96,50,1300,900,400,0.6923076923076923,17,9,8,296.2169612113976,0.8687244897959183,0.1387296265250999,0.16436596963962669,129225.45882295979,-2327.9042190608543,126897.55460389893,2285,0,606.84,43,7,15,38.28011005557107,0.601017441860465,45.80965909090909,1016.7613636363642,23.645613107822424,7
2374,4,1,0,49,0.02040816326530612,0.0,1.0,49,1100,800,300,0.7272727272727273,14,8,6,303.68180596613786,0.8650085034013606,0.14486450317832,0.1684053651266766,129201.38888888898,-1952.7777777777737,127248.61111111121,2286,0,620.204081632653,42,7,16,38.114754098360656,0.6021825396825395,45.833333333333336,1016.6666666666674,24.206349206349223,0
2375,4,1,0,50,0.02,0.0,1.0,50,1350,1100,250,0.8148148148148148,16,11,5,298.6378975451648,0.8704081632653061,0.16010370235604432,0.1669001732442298,129507.51135973951,-2264.8298182441586,127242.68154149535,2287,0,608.78,44,6,13,37.93304072288424,0.6025094696969697,45.53240740740741,1017.8703703703716,23.133417508417537,0
2376,4,1,3,48,0.0196078431372549,0.058823529411764705,0.9411764705882353,51,1800,1300,500,0.7222222222222222,23,13,10,300.23251957427703,0.8743137254901961,0.09535156825083813,0.16517114693582008,128886.12635808077,-2460.8387090689403,126425.28764901184,2288,0,597.8235294117648,46,5,17,38.52202287410511,0.59375,46.143617021276604,1015.4255319148951,22.074468085106417,7
2377,4,1,0,49,0.02040816326530612,0.0,1.0,49,1150,500,650,0.43478260869565216,18,5,13,305.22362971535273,0.8589498299319728,0.12619608879197575,0.1681566044373536,128942.64510459559,-1928.7315672153368,127013.91353738026,2289,0,622.795918367347,44,5,19,38.33796760567662,0.5968276515151514,46.087962962962976,1015.6481481481503,23.082912457912506,0
2378,4,0,0,49,0.0,0.0,1.0,49,1400,900,500,0.6428571428571429,19,9,10,324.85449616249764,0.8589143990929705,0.2085649622306922,0.17183136503465726,127311.94907344773,-1484.6996191264514,125827.24945432128,2290,1,623.795918367347,42,7,19,39.50252040326451,0.5830853174603176,47.698643410852696,1009.205426356586,24.028700627537763,4
2379,4,1,2,48,0.02,0.04,0.96,50,1150,1000,150,0.8695652173913043,13,10,3,321.46403679954585,0.8617687074829932,0.22805771573128508,0.17163510078847155,127689.50267052601,-1790.4834029212814,125899.01926760473,2291,0,612.3,43,7,18,39.20221196789408,0.585513565891473,47.324810606060595,1010.7007575757553,23.50466878083152,0
2380,4,0,0,48,0.0,0.0,1.0,48,1650,1200,450,0.7272727272727273,21,12,9,318.7897151033121,0.8586731678486997,0.20912921348314617,0.170917377374667,127857.05061983438,-1448.09745179067,126408.9531680437,2292,1,633.0625,43,5,19,39.09878277153557,0.5872093023255816,47.15909090909089,1011.3636363636336,23.520084566596132,0
2381,4,1,0,49,0.02040816326530612,0.0,1.0,49,1500,1300,200,0.8666666666666667,17,13,4,318.5490016765744,0.8618551587301587,0.22440581170739993,0.1720164609053496,128144.53124999952,-1634.969008264509,126509.56224173501,2293,0,621.1224489795918,41,8,20,38.81172839506174,0.592987804878049,46.87499999999998,1012.4999999999961,24.695121951219416,0
2382,4,1,0,50,0.02,0.0,1.0,50,1200,900,300,0.75,15,9,6,310.7897338051799,0.8670068027210884,0.2326197075408587,0.16927605334740198,128488.1479196711,-2013.44054218498,126474.70737748612,2294,0,609.68,42,8,15,38.65844722673548,0.5949900793650794,46.535852713178286,1013.8565891472853,24.139442598744886,0
2383,4,1,1,50,0.0196078431372549,0.0196078431372549,0.9803921568627451,51,850,400,450,0.47058823529411764,13,4,9,306.50199926009026,0.8692156862745098,0.2362822870632162,0.1678165008723486,128696.4381474544,-2310.8568820305536,126385.58126542385,2295,0,598.7058823529412,43,8,16,38.55547130191322,0.595687984496124,46.330492424242415,1014.6780303030282,23.59716349541926,0
2384,4,0,0,50,0.0,0.0,1.0,50,950,600,350,0.631578947368421,13,6,7,312.5074774683822,0.8658503401360544,0.2362681436210854,0.17115995314063226,128709.2873024454,-1955.4770596719281,126753.81024277347,2296,2,611.68,42,8,16,38.39007193786606,0.5972222222222223,46.317829457364326,1014.7286821705397,24.160206718346185,0
2385,4,2,2,50,0.038461538461538464,0.038461538461538464,0.9615384615384616,52,2100,1600,500,0.7619047619047619,26,16,10,301.2549906569625,0.8735702614379084,0.23694306531691312,0.16716149016453746,129225.45882295948,-2613.098175952742,126612.36064700675,2297,0,589.1153846153846,43,9,16,38.15204821334327,0.6010174418604652,45.80965909090908,1016.7613636363617,23.645613107822363,0
2386,4,2,1,51,0.038461538461538464,0.019230769230769232,0.9807692307692307,52,1450,1200,250,0.8275862068965517,17,12,5,305.5417101664461,0.8719676973353443,0.2522481241766428,0.17026660446204847,129394.01113406787,-2492.946510560153,126901.06462350771,2298,0,590.0769230769231,43,9,18,37.872300819061806,0.6027131782945736,45.64393939393939,1017.4242424242417,23.661028893587016,0
2387,4,0,0,51,0.0,0.0,1.0,51,1450,1000,450,0.6896551724137931,19,10,9,313.0717840761345,0.8684967320261439,0.2516841006333004,0.17437350986818748,129373.84627013096,-2099.3398270837124,127274.50644304726,2299,1,602.4509803921569,42,9,19,37.70120963901324,0.6039186507936508,45.66375968992248,1017.3449612403098,24.222499077150232,0
2388,4,1,1,51,0.019230769230769232,0.019230769230769232,0.9807692307692307,52,1200,800,400,0.6666666666666666,16,8,8,310.95860833435484,0.8719362745098038,0.2566123091227701,0.17445799857256047,129659.10099754643,-2336.2772791838865,127322.82371836255,2300,0,591.8461538461538,43,9,17,37.46600418410044,0.6053779069767442,45.38352272727273,1018.4659090909086,23.68525369978857,0
2389,4,0,1,50,0.0,0.0196078431372549,0.9803921568627451,51,1450,1100,350,0.7586206896551724,18,11,7,316.3501903619734,0.8676797385620916,0.25103862218788153,0.17697417997565962,129546.41867225515,-2003.593158464046,127542.8255137911,2301,1,604.4117647058823,42,9,17,37.44288977727013,0.605654761904762,45.49418604651162,1018.0232558139526,24.23864894795125,0
2390,4,0,0,50,0.0,0.0,1.0,50,1200,900,300,0.75,15,9,6,319.45569164243284,0.8648299319727891,0.2569212782540926,0.17897888750097848,129605.142983119,-1719.379881582277,127885.76310153672,2302,2,616.76,41,9,17,37.30433229410235,0.6077235772357723,45.43650793650793,1018.2539682539668,24.835462640340655,0
2391,4,2,0,52,0.038461538461538464,0.0,1.0,52,1200,900,300,0.75,15,9,6,312.6766113446847,0.8730517848164906,0.26495270390862036,0.17760097455134305,130141.77755000282,-2261.542000258271,127880.23554974455,2303,0,594.0,43,9,19,36.93397138437742,0.6102228682170543,44.910037878787875,1020.359848484848,23.72929880197321,0
2392,4,1,2,51,0.018867924528301886,0.03773584905660377,0.9622641509433962,53,1600,1300,300,0.8125,19,13,6,351.5976941030267,0.8769049346879535,0.3580980601363266,0.1938615395757075,128974.55401431397,-1482.9401223945256,127491.61389191943,2304,0,583.7735849056604,41,12,17,37.12795439007714,0.6013719512195121,46.05654761904761,1015.7738095238088,24.774970963995337,8
2393,4,2,3,50,0.03773584905660377,0.05660377358490566,0.9433962264150944,53,1800,1400,400,0.7777777777777778,22,14,8,339.84241555719683,0.88216618287373,0.3530514254799104,0.18909180557926072,129333.80126953124,-1808.7798172654493,127525.02145226579,2305,0,583.4716981132076,39,14,17,37.06103857313536,0.608173076923077,45.703125,1017.1874999999999,26.081730769230766,0
2394,4,0,1,49,0.0,0.02,0.98,50,1050,700,350,0.6666666666666666,14,7,7,356.59247807799665,0.8743707482993197,0.3653069190982732,0.19762050421120766,129176.17517203628,-787.3495173532456,128388.82565468304,2306,2,606.62,41,9,18,36.79562717543347,0.6034044715447155,45.85813492063492,1016.5674603174593,24.79432830042584,0
2395,4,2,2,49,0.0392156862745098,0.0392156862745098,0.9607843137254902,51,1400,1100,300,0.7857142857142857,17,11,6,348.2428958988463,0.8780392156862746,0.3532542917873469,0.19428811250918485,129439.78000217004,-1184.6958520821636,128255.08415008787,2307,0,595.5294117647059,39,12,16,36.73962278636503,0.6092414529914532,45.59895833333333,1017.6041666666658,26.09241452991451,0
2396,4,3,4,48,0.057692307692307696,0.07692307692307693,0.9230769230769231,52,1250,700,550,0.56,18,7,11,343.897065316758,0.8848196329813975,0.35712449645117994,0.19335771619744813,129744.38707325343,-1476.257208837325,128268.1298644161,2308,0,585.0192307692307,40,12,16,36.54073150457191,0.6106770833333333,45.299796747967484,1018.8008130081307,25.47002032520327,0
2397,4,0,0,48,0.0,0.0,1.0,48,950,400,550,0.42105263157894735,15,4,11,370.06187154849306,0.8714908392434988,0.37798473047755676,0.2049411885681157,129148.44292534734,-41.417100694432975,129107.0258246529,2309,5,634.4583333333334,39,9,18,36.481604837056786,0.6063034188034189,45.88541666666667,1016.4583333333343,26.063034188034212,0
2398,4,2,1,49,0.04,0.02,0.98,50,1200,1000,200,0.8333333333333334,14,10,4,358.6143850361995,0.8771598639455782,0.37815797755166325,0.20121665288699764,129663.42872242314,-700.1332973212934,128963.29542510184,2310,0,610.04,38,12,18,36.248207979299984,0.6132127192982456,45.379273504273506,1018.4829059829061,26.802181736392267,0
2399,4,0,1,48,0.0,0.02040816326530612,0.9795918367346939,49,1450,1100,350,0.7586206896551724,18,11,7,340.54978046304177,0.8741850907029479,0.28031630285524933,0.1845196010486033,128279.7832657606,-1006.3546688947533,127273.42859686585,2311,1,623.4897959183673,38,11,19,38.11673873303805,0.599232456140351,46.74145299145298,1013.0341880341862,26.65879442195227,7
2400,4,3,2,49,0.058823529411764705,0.0392156862745098,0.9607843137254902,51,1550,1200,350,0.7741935483870968,19,12,7,329.4179063948836,0.8808169934640524,0.2963119982727831,0.18101677034570315,128840.02267995224,-1711.5578937801747,127128.46478617206,2312,0,599.9607843137255,40,11,17,37.82803636970304,0.6015625000000002,46.189024390243894,1015.243902439023,25.381097560975576,0
2401,4,0,0,49,0.0,0.0,1.0,49,1350,1000,350,0.7407407407407407,17,10,7,342.8464469950513,0.871031746031746,0.30949479317793505,0.18741088164755373,128631.77237426017,-979.8107741617548,127651.96160009841,2313,1,625.4489795918367,38,11,17,37.699447077409154,0.602796052631579,46.39423076923076,1014.4230769230754,26.695344129554616,0
2402,4,5,4,50,0.09259259259259259,0.07407407407407407,0.9259259259259259,54,1700,1100,600,0.6470588235294118,23,11,12,316.99762039145253,0.8844485208478919,0.32441218319879384,0.17845540556940664,129793.15020131003,-2569.9176248804797,127223.23257642955,2314,0,568.4444444444445,42,12,15,37.176485038671224,0.6081349206349207,45.251937984496124,1018.9922480620156,24.261720191952755,0
2403,4,2,0,52,0.038461538461538464,0.0,1.0,52,1650,1300,350,0.7878787878787878,20,13,7,332.9119052820712,0.8787236048265459,0.34308812695684154,0.1870576759275497,129718.50419723733,-1763.0331234714574,127955.47107376588,2315,0,591.2692307692307,40,12,18,36.84677607076351,0.6104166666666666,45.32520325203253,1018.6991869918718,25.467479674796795,0
2404,4,0,0,52,0.0,0.0,1.0,52,1650,1200,450,0.7272727272727273,21,12,9,329.3505614600517,0.8787393162393161,0.3362250101608084,0.185915333821372,129899.7385505487,-1843.489634972566,128056.24891557614,2316,1,592.2692307692307,40,12,18,36.75377164124546,0.6122395833333333,45.14735772357724,1019.4105691056918,25.485264227642297,0
2405,4,0,0,52,0.0,0.0,1.0,52,1450,900,550,0.6206896551724138,20,9,11,331.6614680109554,0.8789749874308697,0.3362950583401054,0.18759251240258898,129977.44914568057,-1778.297681604852,128199.15146407572,2317,2,593.2692307692307,40,12,18,36.61613015746464,0.6130208333333333,45.07113821138212,1019.7154471544723,25.492886178861806,0
2406,4,2,2,52,0.037037037037037035,0.037037037037037035,0.962962962962963,54,1600,1000,600,0.625,22,10,12,314.8912192431073,0.8871564174237131,0.3233416980805288,0.18013498261880917,130418.24811826648,-2585.8629329433365,127832.38518532315,2318,0,572.2592592592592,40,14,19,36.598141146817895,0.6174479166666667,44.63922764227643,1021.4430894308962,25.536077235772403,0
2407,4,1,1,52,0.018867924528301886,0.018867924528301886,0.9811320754716981,53,1700,1200,500,0.7058823529411765,22,12,10,320.20336248570726,0.8836175616835994,0.32293326559047886,0.18294136164393215,130368.94531250012,-2251.0850694444307,128117.86024305568,2319,0,584.0377358490566,39,14,19,36.512307901536786,0.6185897435897435,44.68750000000001,1021.2500000000009,26.18589743589746,0
2408,4,1,0,53,0.018867924528301886,0.0,1.0,53,1350,700,650,0.5185185185185185,20,7,13,318.06516174961143,0.8834361393323658,0.3301276939099107,0.18243840281758947,130522.07396597594,-2297.095086423421,128224.97887955252,2320,0,585.0188679245283,40,13,17,36.41223272003979,0.6184895833333333,44.53760162601626,1021.849593495935,25.546239837398375,0
2409,4,3,1,55,0.05357142857142857,0.017857142857142856,0.9821428571428571,56,1500,1100,400,0.7333333333333333,19,11,8,305.4238020272624,0.892965367965368,0.33644653091408405,0.17821330584309222,131182.56876291343,-3186.744217745625,127995.82454516781,2321,0,554.625,43,13,19,36.06989893387563,0.6206395348837208,43.89204545454546,1024.4318181818198,23.82399577167023,0
2410,4,0,0,55,0.0,0.0,1.0,55,1900,1600,300,0.8421052631578947,22,16,6,306.78403841313104,0.8892817059483726,0.32987469219326493,0.17889395921912885,131158.3172366421,-2952.544353334467,128205.77288330763,2322,1,565.709090909091,43,12,20,36.05946272842133,0.6203972868217054,43.9157196969697,1024.337121212122,23.821793516560977,0
2411,4,0,0,55,0.0,0.0,1.0,55,1350,800,550,0.5925925925925926,19,8,11,305.4470971511131,0.8880471380471381,0.3292571541216278,0.17868332300573592,131280.6755829906,-2980.139746227691,128300.53583676291,2323,2,566.709090909091,44,11,20,35.970628538730274,0.6202651515151514,43.796296296296305,1024.8148148148164,23.291245791245828,0
2412,4,1,1,55,0.017857142857142856,0.017857142857142856,0.9821428571428571,56,1800,1300,500,0.7222222222222222,23,13,10,302.5787186070455,0.8896103896103896,0.32584450747808114,0.1783283086258547,131565.50068587123,-3238.207304526729,128327.2933813445,2324,0,557.5714285714286,44,12,16,35.75793471720819,0.6231060606060606,43.518518518518526,1025.9259259259272,23.316498316498347,0
2413,4,0,2,53,0.0,0.03636363636363636,0.9636363636363636,55,1850,1200,650,0.6486486486486487,25,12,13,329.6686874485281,0.888327721661055,0.24522325671368184,0.19127154281433942,130964.3857341168,-2351.3111493813603,128613.07458473544,2325,4,568.709090909091,43,12,16,35.66906050513462,0.6184593023255813,44.10511363636364,1023.579545454546,23.804175475687114,7
2414,4,0,2,51,0.0,0.03773584905660377,0.9622641509433962,53,2200,1700,500,0.7727272727272727,27,17,10,346.3038205189886,0.8822568940493468,0.19790489845400816,0.19850277146510328,130496.11363110582,-1560.7306117757473,128935.38301933007,2326,5,590.6792452830189,40,13,14,35.717127511438235,0.6182291666666667,44.5630081300813,1021.7479674796748,25.54369918699187,2
2415,4,0,1,50,0.0,0.0196078431372549,0.9803921568627451,51,1150,800,350,0.6956521739130435,15,8,7,352.32104708843866,0.8770915032679739,0.20915442714099486,0.20201429822265168,130508.09500328741,-1003.8502629848649,129504.24474030254,2327,6,613.7450980392157,38,13,15,35.55128607277292,0.6217105263157894,44.55128205128206,1021.7948717948725,26.889338731444013,0
2416,4,0,0,50,0.0,0.0,1.0,50,1200,900,300,0.75,15,9,6,362.49126836362916,0.872312925170068,0.2168054959209964,0.20743050712994898,130430.54112803945,-544.0135426284944,129886.52758541095,2328,7,626.78,37,13,18,35.37015171031918,0.6227477477477477,44.627192982456144,1021.4912280701758,27.60787102892367,0
2417,4,0,1,49,0.0,0.02,0.98,50,1250,900,350,0.72,16,9,7,359.6354694321132,0.8716156462585034,0.22169098712446322,0.20639178418148385,130542.57079101275,-610.4522545398421,129932.11853647292,2329,8,627.78,37,13,15,35.32948855507868,0.6238738738738738,44.51754385964913,1021.9298245614045,27.619724988146068,0
2418,4,0,1,48,0.0,0.02040816326530612,0.9795918367346939,49,1450,1200,250,0.8275862068965517,17,12,5,338.0658236493241,0.8703231292517007,0.14840319885460618,0.1873559723140552,129176.76150960001,-1065.9503447809384,128110.81116481907,2330,9,641.0,42,7,19,37.26587074635402,0.6019345238095237,45.857558139534895,1016.5697674418623,24.2040420819491,7
2419,4,0,0,48,0.0,0.0,1.0,48,1150,800,350,0.6956521739130435,15,8,7,337.61491757292845,0.8661716903073285,0.1682163619808088,0.1874806759311045,129255.70371283506,-872.2622069372453,128383.44150589782,2331,16,655.1666666666666,38,10,19,37.19706520977797,0.6091008771929824,45.77991452991453,1016.8803418803413,26.760008996851088,0
2420,4,1,1,48,0.02040816326530612,0.02040816326530612,0.9795918367346939,49,900,500,400,0.5555555555555556,13,5,8,327.678871102566,0.8690121882086168,0.17014389916408557,0.183308849873233,129545.8021375869,-1310.1155598958221,128235.68657769107,2332,0,642.7755102040817,39,10,13,37.155193731027666,0.610309829059829,45.49479166666667,1018.0208333333342,26.10309829059831,0
2421,4,1,1,48,0.02040816326530612,0.02040816326530612,0.9795918367346939,49,600,500,100,0.8333333333333334,7,5,2,321.4690470514927,0.866390306122449,0.18588539710362628,0.1806877747220459,129731.44531250004,-1459.0711805555547,128272.3741319445,2333,0,643.4081632653061,39,10,13,37.125085207907276,0.6121794871794872,45.3125,1018.7500000000003,26.12179487179488,0
2422,4,0,0,48,0.0,0.0,1.0,48,1400,1000,400,0.7142857142857143,18,10,8,328.2606970003956,0.8631242612293144,0.1882030371203598,0.18438031912503533,129704.91672091998,-1084.5947265625177,128620.32199435747,2334,2,657.8125,39,9,14,36.97900688550295,0.6119123931623933,45.33854166666666,1018.645833333332,26.119123931623896,0
2423,4,1,0,49,0.02040816326530612,0.0,1.0,49,1400,1100,300,0.7857142857142857,17,11,6,315.6667264645625,0.8646187641723356,0.16950880670739643,0.18021700383613204,130340.40584308286,-1571.1741522902976,128769.23169079256,2335,0,645.3673469387755,40,9,20,36.65696324309979,0.6166666666666667,44.71544715447155,1021.1382113821142,25.528455284552855,1
2424,4,0,0,49,0.0,0.0,1.0,49,950,600,350,0.631578947368421,13,6,7,314.48928423759094,0.8645833333333334,0.1469887110101833,0.18024068660895642,130490.55103812354,-1592.424000850343,128898.1270372732,2336,1,646.3673469387755,41,8,15,36.535403922710934,0.6166158536585367,44.56845238095238,1021.7261904761901,24.92015098722415,0
2425,4,0,0,49,0.0,0.0,1.0,49,1150,800,350,0.6956521739130435,15,8,7,317.7661343482147,0.8642644557823129,0.15189156318647035,0.18259589973171514,130591.93244716851,-1500.461289840025,129091.47115732849,2337,2,647.3673469387755,41,8,16,36.34934404218837,0.6176321138211383,44.469246031746025,1022.1230158730145,24.929829655439377,0
2426,4,1,2,48,0.02,0.04,0.96,50,2000,1500,500,0.75,25,15,10,312.3408169712396,0.8667857142857143,0.15550255536626922,0.1815287718436806,131030.32889399654,-1814.7760050477941,129215.55288894875,2338,0,635.4,42,8,17,36.04604391444255,0.6205357142857143,44.040697674418595,1023.8372093023239,24.377076411960093,0
2427,4,0,0,48,0.0,0.0,1.0,48,1700,1200,500,0.7058823529411765,22,12,10,318.72993368153345,0.8612588652482269,0.1451790733740428,0.18484186204566508,130947.07739866783,-1252.6493409863936,129694.42805768143,2339,4,635.125,41,7,18,35.966426771348246,0.6211890243902438,44.12202380952381,1023.5119047619049,24.963704994192803,0
2428,4,1,0,49,0.02040816326530612,0.0,1.0,49,1250,900,350,0.72,16,9,7,313.8689907423163,0.8617488662131519,0.15062625825890752,0.18324333733398726,131204.00221027882,-1563.8264489814285,129640.17576129739,2340,0,623.1428571428571,42,7,19,35.832032850972595,0.6222718253968254,43.87112403100775,1024.515503875969,24.393226282761166,0
2429,4,0,0,49,0.0,0.0,1.0,49,1250,800,450,0.64,17,8,9,314.11417769500827,0.860969387755102,0.15432624225534597,0.1841033351175564,131353.54785722154,-1547.9389813778378,129805.6088758437,2341,1,624.1428571428571,41,8,20,35.67524355624375,0.6252540650406504,43.72519841269841,1025.099206349206,25.002419667053807,0
2430,4,1,1,49,0.02,0.02,0.98,50,1500,1000,500,0.6666666666666666,20,10,10,312.5755080840712,0.8643877551020408,0.15957888773486895,0.18463397691681,131651.11889497348,-1769.8169243134262,129881.30197066005,2342,0,612.64,42,8,13,35.41548641928681,0.6267361111111109,43.43507751937985,1026.2596899224823,24.434754521963864,0
2431,4,0,1,48,0.0,0.02040816326530612,0.9795918367346939,49,950,700,250,0.7368421052631579,12,7,5,316.65296084123213,0.8600127551020409,0.15996163478446213,0.18658166769567994,131557.01929209186,-1468.4160643424016,130088.60322774947,2343,3,626.1428571428571,41,8,13,35.405485446281794,0.6272865853658536,43.526785714285715,1025.8928571428573,25.021777003484324,0
2432,4,0,0,48,0.0,0.0,1.0,48,850,500,350,0.5882352941176471,12,5,7,317.12353297276104,0.858876329787234,0.1573104998549737,0.18710831155375204,131607.911755559,-1252.806811381934,130355.10494417707,2344,4,636.3958333333334,41,7,13,35.34224032356827,0.6277947154471544,43.47718253968255,1026.0912698412722,25.026616337592003,0
2433,4,0,0,48,0.0,0.0,1.0,48,1450,1300,150,0.896551724137931,16,13,3,319.2515944268758,0.8590794917257683,0.1595906630581867,0.18874154262516923,131684.26890432116,-1191.9174382715883,130492.35146604957,2345,5,637.3958333333334,41,7,13,35.2108705457826,0.6285569105691056,43.402777777777786,1026.3888888888903,25.033875338753422,0
2434,4,0,0,48,0.0,0.0,1.0,48,750,400,350,0.5333333333333333,11,4,7,319.61478869373644,0.8588024527186761,0.1565731613027932,0.18908257396306993,131709.7262081917,-1180.7247378117786,130529.00147037994,2346,6,638.3958333333334,41,7,14,35.17595679907222,0.628810975609756,43.3779761904762,1026.488095238096,25.036295005807222,0
2435,4,0,1,47,0.0,0.020833333333333332,0.9791666666666666,48,650,500,150,0.7692307692307693,8,5,3,319.6403354227648,0.8591164302600472,0.15913703131039791,0.1892241528006165,131735.1859725374,-1178.4241937515499,130556.76177878586,2347,7,639.3958333333334,41,7,14,35.14970686767168,0.6290650406504064,43.353174603174615,1026.5873015873037,25.038714672861065,0
2436,4,0,0,47,0.0,0.0,1.0,47,1450,1100,350,0.7586206896551724,18,11,7,328.7685521027348,0.8569996916435398,0.16484095218032468,0.19441231710993126,131692.9613655895,-740.6991539427361,130952.26221164675,2348,13,653.8510638297872,40,7,15,34.957920792079214,0.6302083333333333,43.39430894308944,1026.422764227644,25.6605691056911,0
2437,4,0,0,47,0.0,0.0,1.0,47,1150,700,450,0.6086956521739131,16,7,9,329.34348417574375,0.8569611470860314,0.16175519805577077,0.19515291616583805,131771.20642681274,-720.4023522704691,131050.80407454228,2349,14,654.8510638297872,40,7,16,34.86443795572273,0.6309895833333332,43.31808943089431,1026.7276422764228,25.66819105691057,0
2438,4,0,0,47,0.0,0.0,1.0,47,650,200,450,0.3076923076923077,11,2,9,329.62827919800327,0.8565757015109466,0.16170549687505242,0.195455641608957,131797.29327781094,-711.1770027761175,131086.11627503482,2350,15,655.8510638297872,40,7,17,34.8308838083927,0.63125,43.29268292682927,1026.8292682926838,25.670731707317096,0
2439,4,0,0,47,0.0,0.0,1.0,47,950,600,350,0.631578947368421,13,6,7,328.5269160945039,0.8562673450508788,0.15573642790674125,0.19507009483261212,131849.47472569242,-736.779735937602,131112.69498975482,2351,16,656.8510638297872,40,7,17,34.806674252919045,0.6317708333333334,43.24186991869919,1027.0325203252037,25.675813008130092,0
2440,4,0,0,47,0.0,0.0,1.0,47,1400,1000,400,0.7142857142857143,18,10,8,318.7005414410665,0.8562288004933702,0.07676943117672619,0.1815851922164214,130262.58680555536,-1093.6326756560452,129168.95412989931,2352,17,657.8510638297872,39,8,16,36.65816326530612,0.6175213675213677,44.79166666666666,1020.8333333333318,26.175213675213634,8
2441,4,2,1,48,0.04081632653061224,0.02040816326530612,0.9795918367346939,49,1300,1000,300,0.7692307692307693,16,10,6,311.6248605945999,0.8614654195011338,0.09927011921913831,0.1801275539490756,130820.18455530333,-1646.6356449987672,129173.54891030457,2353,0,631.9591836734694,41,8,15,36.276102275665885,0.619918699186992,44.24603174603173,1023.015873015871,24.951606658923684,0
2442,4,0,1,47,0.0,0.020833333333333332,0.9791666666666666,48,1000,600,400,0.6,14,6,8,318.7228317445347,0.8564014479905437,0.10219259038537976,0.18441962471287204,130859.79327781074,-1258.3992249983557,129601.39405281238,2354,1,646.125,40,8,15,36.05462024897365,0.6218750000000001,44.20731707317073,1023.1707317073162,25.579268292682904,0
2443,4,0,0,47,0.0,0.0,1.0,47,1100,1000,100,0.9090909090909091,12,10,2,322.46534815579105,0.8527212457600987,0.11520075550000919,0.18665746110396805,130874.74093967023,-959.4862196180508,129915.25472005218,2355,2,659.7872340425532,39,8,16,35.94380959652515,0.62366452991453,44.192708333333336,1023.2291666666674,26.23664529914532,0
2444,4,1,1,47,0.020833333333333332,0.020833333333333332,0.9791666666666666,48,1300,1000,300,0.7692307692307693,16,10,6,314.23361348566664,0.8531323877068557,0.11082461747046302,0.1833206945114684,131175.63952664388,-1356.0409580498986,129819.59856859398,2356,0,647.0208333333334,41,7,17,35.8512492736781,0.6234756097560976,43.89880952380952,1024.404761904761,24.9854819976771,0
2445,4,0,1,46,0.0,0.02127659574468085,0.9787234042553191,47,1200,800,400,0.6666666666666666,16,8,8,325.1108197908794,0.8519118100524206,0.10603259034110124,0.18964797821134646,131171.92147531247,-870.9178151232528,130301.00366018922,2357,4,661.7872340425532,40,7,18,35.57643022486775,0.625,43.902439024390254,1024.3902439024403,25.609756097561007,0
2446,4,1,0,47,0.02127659574468085,0.0,1.0,47,1250,800,450,0.64,17,8,9,323.30327403002,0.8544942954054887,0.11614141737322092,0.1896275818238054,131381.5158420138,-904.6922056253768,130476.8236363884,2358,0,660.9574468085107,39,8,20,35.411586398428504,0.6287393162393162,43.697916666666664,1025.2083333333326,26.287393162393144,0
2447,4,0,0,47,0.0,0.0,1.0,47,1650,1300,350,0.7878787878787878,20,13,7,327.6525684034066,0.8534921369102683,0.11848084198881192,0.19285085720671544,131515.04041883696,-781.7518446180346,130733.28857421892,2359,1,661.9574468085107,39,8,20,35.16563843471785,0.6300747863247863,43.56770833333334,1025.729166666668,26.3007478632479,0
2448,4,0,0,47,0.0,0.0,1.0,47,850,700,150,0.8235294117647058,10,7,3,324.2464585072635,0.8528368794326241,0.12000509722525265,0.19138117811594071,131621.90890842007,-864.4124348958371,130757.49647352422,2360,2,662.9574468085107,39,8,17,35.14543785740872,0.6311431623931625,43.463541666666664,1026.1458333333328,26.31143162393161,0
2449,4,0,1,46,0.0,0.02127659574468085,0.9787234042553191,47,1050,800,250,0.7619047619047619,13,8,5,328.8655338168327,0.8522587110699968,0.12441282122133224,0.19478958541458544,131755.55555555545,-734.0277777777872,131021.52777777766,2361,3,663.9574468085107,39,8,17,34.892451298701296,0.6324786324786326,43.33333333333333,1026.6666666666658,26.324786324786302,0
2450,4,1,1,46,0.02127659574468085,0.02127659574468085,0.9787234042553191,47,950,800,150,0.8421052631578947,11,8,3,329.9047287009412,0.8531066913351835,0.12187773063682394,0.19575380408238444,131823.38271077056,-702.1685380725944,131121.21417269798,2362,0,664.3829787234042,40,7,17,34.79754247072406,0.6315104166666667,43.26727642276422,1026.9308943089418,25.673272357723544,0
2451,4,0,0,46,0.0,0.0,1.0,46,1200,900,300,0.75,15,9,6,337.5144568336259,0.8489331723027376,0.12746784902830144,0.1997720703961191,131728.82080078125,-307.9237196180563,131420.8970811632,2363,5,679.8260869565217,39,7,17,34.69738288516827,0.6322115384615385,43.359375,1026.5625,26.322115384615383,0
2452,4,0,1,45,0.0,0.021739130434782608,0.9782608695652174,46,1150,700,450,0.6086956521739131,16,7,9,339.21284594662757,0.8482689210950081,0.12616987306711835,0.20120097685570726,131809.033203125,-257.7365451388887,131551.29665798612,2364,6,680.8260869565217,39,7,17,34.573020220463924,0.6330128205128206,43.28125,1026.875,26.330128205128204,0
2453,4,0,0,45,0.0,0.0,1.0,45,950,600,350,0.631578947368421,13,6,7,346.5676544848632,0.8440656565656566,0.12675616609428664,0.20518598841312694,131739.10307774486,131.30239151873104,131870.40546926358,2365,7,695.6,38,7,17,34.45467790612966,0.634046052631579,43.34935897435897,1026.6025641025637,27.015856950067466,0
2454,4,1,1,45,0.021739130434782608,0.021739130434782608,0.9782608695652174,46,1000,600,400,0.6,14,6,8,336.41868051895625,0.8501610305958133,0.12376450457654609,0.20071988885476127,132032.19112507434,-316.3808951351732,131715.81022993918,2366,0,681.4565217391304,40,6,18,34.42021820099542,0.6335937500000001,43.0640243902439,1027.7439024390242,25.693597560975604,0
2455,4,0,0,45,0.0,0.0,1.0,45,950,600,350,0.631578947368421,13,6,7,336.42459057039736,0.8466750841750842,0.13082916722965354,0.20095870821723263,132076.58420138896,-113.23784722221723,131963.34635416674,2367,1,694.9555555555555,39,6,18,34.3754222402378,0.6356837606837606,43.020833333333336,1027.9166666666672,26.35683760683762,0
2456,4,1,1,45,0.021739130434782608,0.021739130434782608,0.9782608695652174,46,1250,900,350,0.72,16,9,7,328.53815680485764,0.8476449275362319,0.1298012704602951,0.19737636565789737,132293.4340195154,-507.3118059686786,131786.12221354674,2368,0,680.8260869565217,40,6,19,34.36028515920839,0.6361979166666667,42.80995934959349,1028.7601626016253,25.719004065040632,0
2457,4,0,0,45,0.0,0.0,1.0,45,1100,900,200,0.8181818181818182,13,9,4,334.21298496943086,0.8432659932659933,0.1363922627080525,0.20134294460353508,132398.00347222213,-150.1322997223968,132247.87117249973,2369,1,695.3111111111111,38,7,19,34.10931174089069,0.640625,42.70833333333333,1029.1666666666658,27.08333333333331,0
2458,4,0,0,45,0.0,0.0,1.0,45,1250,900,350,0.72,16,9,7,333.51087393549,0.8435606060606061,0.14046935362970658,0.20121335443759858,132452.9860312113,-165.0977746730839,132287.88825653822,2370,2,696.3111111111111,38,7,19,34.07217609410136,0.641173245614035,42.654914529914535,1029.3803418803427,27.08895636527218,0
2459,4,0,1,44,0.0,0.022222222222222223,0.9777777777777777,45,650,300,350,0.46153846153846156,10,3,7,333.96946287592715,0.842382154882155,0.14052633399038572,0.20207982753679002,132562.98539201196,-145.6021942800712,132417.3831977319,2371,3,697.3111111111111,38,7,20,33.949968876439456,0.6422697368421052,42.54807692307693,1029.8076923076933,27.100202429149824,0
2460,4,0,0,44,0.0,0.0,1.0,44,1450,900,550,0.6206896551724138,20,9,11,339.19663717196937,0.8394776250880902,0.1536088354246603,0.20584475596282578,132673.03040990944,200.44915169114282,132873.47956160057,2372,4,710.4090909090909,38,6,18,33.704932766428165,0.6433662280701754,42.44123931623932,1030.235042735043,27.111448493027446,0
2461,4,0,0,44,0.0,0.0,1.0,44,1000,700,300,0.7,13,7,6,338.3217760836279,0.8389050387596899,0.15552806447052125,0.20561521930224283,132728.0700402697,180.95927843525018,132909.02931870494,2373,5,711.4090909090909,38,6,18,33.672239502332815,0.6439144736842104,42.38782051282052,1030.448717948719,27.11707152496629,0
2462,4,0,0,44,0.0,0.0,1.0,44,1000,900,100,0.9,11,9,2,338.06696592901403,0.8397418957011981,0.1568952194276132,0.20576227257521754,132783.12108490392,177.91737435167045,132961.0384592556,2374,6,712.4090909090909,38,6,18,33.62357900556305,0.6444627192982456,42.33440170940171,1030.662393162393,27.12269455690508,0
2463,4,0,0,44,0.0,0.0,1.0,44,1250,1100,150,0.88,14,11,3,338.0769663717619,0.8382003171247357,0.15603486433798297,0.20667871794722087,132948.34270445246,189.35447713492985,133137.6971815874,2375,7,713.4090909090909,38,6,19,33.45764701819816,0.6461074561403508,42.1741452991453,1031.3034188034187,27.139563652721545,0
2464,4,1,2,43,0.022222222222222223,0.044444444444444446,0.9555555555555556,45,1150,900,250,0.782608695652174,14,9,5,333.2413517825922,0.8410353535353535,0.14898531225473732,0.20511936622145893,133203.2606336806,-122.23307291666237,133081.02756076393,2376,0,698.5333333333333,39,6,19,33.327026572485714,0.6469017094017094,41.927083333333336,1032.291666666667,26.4690170940171,0
2465,4,1,1,43,0.022727272727272728,0.022727272727272728,0.9772727272727273,44,1350,1200,150,0.8888888888888888,15,12,3,341.5996687027676,0.8418340380549684,0.15577759370470057,0.2096041677465903,133086.1058605451,292.43393418074095,133378.53979472583,2377,0,715.2045454545455,38,6,19,33.2287136743287,0.6474780701754386,42.0405982905983,1031.8376068376078,27.15362123256863,0
2466,4,1,0,44,0.022727272727272728,0.0,1.0,44,1150,1000,150,0.8695652173913043,13,10,3,358.62785034609425,0.8386848132487668,0.180934510942675,0.20419490444749475,130236.00396050377,549.267301685581,130785.27126218936,2378,0,716.1818181818181,39,5,18,35.666160662652665,0.6172542735042733,44.81770833333335,1020.7291666666691,26.1725427350428,6
2467,4,1,0,45,0.022222222222222223,0.0,1.0,45,1650,1300,350,0.7878787878787878,20,13,7,352.8092776949669,0.8422558922558923,0.1898538103366194,0.20300853747824077,130644.5883213715,218.52999343112165,130863.11831480262,2379,0,701.2444444444444,38,7,17,35.40055561361341,0.6230811403508769,44.41773504273506,1022.3290598290624,26.903396311291118,0
2468,4,1,1,45,0.021739130434782608,0.021739130434782608,0.9782608695652174,46,1050,600,450,0.5714285714285714,15,6,9,351.3037639949988,0.8438607085346216,0.18016561461867453,0.20419661125410102,131034.669325087,6.594509548630356,131041.26383463563,2380,0,686.9782608695652,39,7,17,35.04436277003426,0.6252670940170939,44.03645833333334,1023.8541666666682,26.25267094017098,0
2469,4,0,1,44,0.0,0.022222222222222223,0.9777777777777777,45,1300,1100,200,0.8461538461538461,15,11,4,348.0663497591356,0.8404882154882155,0.18012867327421356,0.20256320354834936,131081.84633875734,125.03595496383515,131206.88229372117,2381,2,703.2444444444444,38,7,18,35.07955138236829,0.6274671052631579,43.99038461538461,1024.0384615384612,26.94838056680161,0
2470,4,0,0,44,0.0,0.0,1.0,44,900,500,400,0.5555555555555556,13,5,8,354.5112674516705,0.8347868217054264,0.1877713740532334,0.2061286560064568,131047.29940943349,491.5488419513495,131538.84825138483,2382,3,719.8863636363636,37,7,18,34.949489540943794,0.6289414414414415,44.024122807017534,1023.9035087719284,27.673067804646713,0
2471,4,0,0,44,0.0,0.0,1.0,44,800,700,100,0.875,9,7,2,354.8594957769512,0.8345886187455955,0.18879060353048804,0.20693491944745793,131159.5935768697,508.64544859955737,131668.23902546926,2383,4,720.8863636363636,37,7,18,34.82703560979092,0.6300675675675677,43.91447368421052,1024.342105263157,27.68492176386911,0
2472,4,0,0,44,0.0,0.0,1.0,44,750,300,450,0.4,12,3,9,355.3408038093911,0.83434637068358,0.19237334292967123,0.20797561009432516,131300.02891514672,531.2515629808869,131831.2804781276,2384,5,721.8863636363636,37,7,18,34.67277825327198,0.6314752252252254,43.77741228070174,1024.890350877191,27.699739212897054,0
2473,4,0,1,43,0.0,0.022727272727272728,0.9772727272727273,44,1150,800,350,0.6956521739130435,15,8,7,352.547255221221,0.8350070472163496,0.18396687862483363,0.20727229524206958,131472.44953991147,470.05325023378134,131942.50279014526,2385,6,722.8863636363636,36,8,18,34.570248160755455,0.6351273148148149,43.60923423423423,1025.5630630630626,28.48786286286285,0
2474,4,0,0,43,0.0,0.0,1.0,43,900,700,200,0.7777777777777778,11,7,4,361.8018245935823,0.8343023255813953,0.18480249223800116,0.21273563156759998,131476.4596863211,913.6846011231046,132390.1442874442,2386,7,735.5813953488372,35,8,18,34.32891791746604,0.637202380952381,43.60532407407407,1025.5787037037032,29.302248677248663,0
2475,4,0,1,42,0.0,0.023255813953488372,0.9767441860465116,43,1150,800,350,0.6956521739130435,15,8,7,361.04341252981294,0.833656330749354,0.18938376290823644,0.21278516015054919,131565.50068587094,900.1714677640466,132465.67215363498,2387,8,736.5813953488372,35,8,16,34.25842358604092,0.6380952380952382,43.51851851851851,1025.925925925925,29.312169312169285,0
2476,4,2,2,42,0.045454545454545456,0.045454545454545456,0.9545454545454546,44,1200,900,300,0.75,15,9,6,351.05693756764833,0.836900986610289,0.1870301025407204,0.20913887869970946,131975.16453379876,466.15941924437107,132441.32395304312,2388,0,718.2045454545455,37,7,16,34.1015499946644,0.6382319819819819,43.119517543859644,1027.5219298245604,27.770862968231363,0
2477,4,0,0,42,0.0,0.0,1.0,42,1350,1100,250,0.8148148148148148,16,11,5,366.43877308345816,0.8281552458381727,0.18689403444735975,0.20066013264351512,128701.77636584787,1033.616784672467,129735.39315052034,2389,10,753.4047619047619,35,7,17,37.029604387665884,0.6092261904761904,46.32523148148148,1014.6990740740737,28.991402116402107,8
2478,4,1,0,43,0.023255813953488372,0.0,1.0,43,650,400,250,0.6153846153846154,9,4,5,359.366964764185,0.8334717607973422,0.19346155829422984,0.19813508692988696,128972.51136271418,669.6919892865996,129642.20335200078,2390,0,736.8604651162791,36,7,18,36.93274205469329,0.6099537037037037,46.058558558558566,1015.7657657657667,28.215715715715742,0
2479,4,1,1,43,0.022727272727272728,0.022727272727272728,0.9772727272727273,44,1200,800,400,0.6666666666666666,16,8,8,353.2210858978913,0.8400281888653982,0.19315724116520916,0.1960231989648122,129230.80800165057,329.8150779776183,129560.62307962819,2391,0,721.0909090909091,35,9,18,36.82567349649023,0.6145833333333333,45.80439814814816,1016.782407407409,29.05092592592597,0
2480,4,1,0,44,0.022727272727272728,0.0,1.0,44,900,600,300,0.6666666666666666,12,6,6,351.3958047303587,0.8378920014094433,0.20253307843235868,0.19585817987284368,129401.82317029893,294.2515573005705,129696.0747275995,2392,0,722.0681818181819,36,8,19,36.69802619442906,0.6142939814814814,45.636261261261275,1017.454954954957,28.262637637637695,0
2481,4,2,0,46,0.043478260869565216,0.0,1.0,46,1400,800,600,0.5714285714285714,20,8,12,335.46178337521195,0.847987117552335,0.21631664268410367,0.19020125342437827,130071.79578493704,-473.1766838337097,129598.61910110334,2393,0,691.6304347826087,38,8,20,36.423640203882144,0.6173245614035086,44.97863247863249,1020.085470085472,26.844354475933475,0
2482,4,0,0,46,0.0,0.0,1.0,46,1300,900,400,0.6923076923076923,17,9,8,332.99833985450704,0.847987117552335,0.21815332126806553,0.18935273662621527,130184.79100568443,-529.7361441602234,129655.0548615242,2394,1,692.6304347826087,40,6,20,36.372029144260765,0.6151041666666668,44.86788617886179,1020.5284552845527,25.513211382113816,0
2483,4,0,0,46,0.0,0.0,1.0,46,1200,1000,200,0.8333333333333334,14,10,4,333.02790503956675,0.8474838969404187,0.2201419698314102,0.18974845752254393,130262.58680555565,-523.7614845660557,129738.82532098959,2395,2,693.6304347826087,40,6,21,36.292517006802726,0.6158854166666666,44.79166666666667,1020.8333333333342,25.520833333333353,0
2484,4,0,0,46,0.0,0.0,1.0,46,1150,800,350,0.6956521739130435,15,8,7,335.53580906202274,0.8464774557165862,0.22427554708112485,0.19183257188648037,130395.54172092033,-449.5252821180351,129946.0164388023,2396,3,694.6304347826087,39,7,21,36.09393591704913,0.6188568376068375,44.66145833333334,1021.3541666666682,26.188568376068417,0
2485,4,1,0,47,0.02127659574468085,0.0,1.0,47,1150,900,250,0.782608695652174,14,9,5,331.67251136770307,0.8492907801418439,0.23550159225567446,0.19113910706654283,130703.86860499742,-729.8239308612159,129974.04467413621,2397,0,680.8297872340426,40,7,18,35.88087192738358,0.6203124999999998,44.359756097561,1022.5609756097592,25.56402439024398,0
2486,4,0,1,46,0.0,0.02127659574468085,0.9787234042553191,47,700,400,300,0.5714285714285714,10,4,6,331.9675332891601,0.8489824236817761,0.23645924293969278,0.1914377815179842,130729.84959556178,-720.3868604996705,130009.46273506212,2398,1,681.8297872340426,40,7,19,35.84708006227436,0.6205729166666665,44.33434959349595,1022.6626016260185,25.566565040650463,0
2487,4,0,0,46,0.0,0.0,1.0,46,900,500,400,0.5555555555555556,13,5,8,342.29785933693734,0.8459339774557166,0.2513351696528996,0.1974547816081113,130741.54188368068,-249.49001736110205,130492.05186631958,2399,2,697.2173913043479,39,7,19,35.57114483601547,0.6223290598290598,44.32291666666667,1022.7083333333344,26.223290598290625,0
2488,4,0,2,44,0.0,0.043478260869565216,0.9565217391304348,46,1250,800,450,0.64,17,8,9,343.21319059088137,0.8459339774557166,0.24624699051125876,0.19880462171962396,130901.38888888912,-214.5833333333087,130686.80555555581,2400,3,698.2173913043479,39,7,19,35.38612920738327,0.6239316239316238,44.16666666666668,1023.3333333333352,26.239316239316288,0
2489,4,0,0,44,0.0,0.0,1.0,44,1150,700,450,0.6086956521739131,16,7,9,354.9799109644674,0.837803911205074,0.25731250731250777,0.2043106598662154,130654.64854570616,475.95510156969306,131130.60364727586,2401,4,729.25,37,7,19,35.33488845988847,0.625,44.407894736842096,1022.3684210526299,27.631578947368375,0
2490,4,0,1,43,0.0,0.022727272727272728,0.9772727272727273,44,1150,900,250,0.782608695652174,14,9,5,358.2461554494577,0.8365266032417196,0.2630914549743637,0.20648971852420508,130710.70545744826,565.3215412434436,131276.0269986917,2402,5,730.25,37,7,19,35.19461719922798,0.6255630630630631,44.35307017543859,1022.5877192982441,27.63750592697957,0
2491,4,1,1,43,0.022727272727272728,0.022727272727272728,0.9772727272727273,44,1300,900,400,0.6923076923076923,17,9,8,350.86807482040604,0.8390812191684285,0.25651297727759537,0.20401034138685853,131047.29940943349,396.0627308402388,131443.36214027373,2403,0,714.9318181818181,37,7,19,35.0427464839009,0.6289414414414415,44.024122807017534,1023.9035087719284,27.673067804646713,0
2492,4,0,0,43,0.0,0.0,1.0,43,1300,900,400,0.6923076923076923,17,9,8,358.1285197682041,0.8346714654854189,0.2559509428604878,0.20808002421130795,131019.23338190591,784.3448224453612,131803.57820435127,2404,7,732.5581395348837,37,6,19,34.88529060012137,0.6286599099099099,44.051535087719294,1023.7938596491223,27.670104314841144,0
2493,4,0,0,43,0.0,0.0,1.0,43,1250,600,650,0.48,19,6,13,360.82642180043865,0.8317183462532299,0.255144237831217,0.21026073649643778,131131.51552641197,863.14310653278,131994.65863294475,2405,8,733.5581395348837,37,6,20,34.70263265888734,0.629786036036036,43.94188596491228,1024.232456140351,27.68195827406354,0
2494,4,1,1,43,0.022727272727272728,0.022727272727272728,0.9772727272727273,44,700,400,300,0.5714285714285714,10,4,6,353.6313012038632,0.8361962649753347,0.24881542412554625,0.20697895499991828,131300.7492900322,486.410964095264,131787.16025412746,2406,0,717.8636363636364,38,6,20,34.71585183640848,0.6296600877192982,43.776709401709404,1024.8931623931628,26.970872694556917,0
2495,4,0,0,43,0.0,0.0,1.0,43,1450,1100,350,0.7586206896551724,18,11,7,364.76673730839946,0.8313953488372092,0.25852460118133425,0.21286793420814337,131187.6746330602,970.5800101954494,132158.25464325564,2407,10,735.5581395348837,37,6,20,34.54491330407792,0.6303490990990991,43.887061403508774,1024.4517543859652,27.687885253674732,0
2496,4,0,0,43,0.0,0.0,1.0,43,650,200,450,0.3076923076923077,11,2,9,357.5522163046334,0.8313030638612033,0.24335769940562701,0.21174961424796207,131749.9269606993,821.4956765543111,132571.4226372536,2408,11,736.5581395348837,37,6,18,34.16183826408916,0.6359797297297298,43.33881578947368,1026.644736842104,27.747155049786596,1
2497,4,0,0,43,0.0,0.0,1.0,43,850,500,350,0.5882352941176471,12,5,7,356.3585516874048,0.8317183462532299,0.2422141203818684,0.21119882772157286,131778.07113727275,792.0485149276451,132570.1196522004,2409,12,737.5581395348837,37,6,18,34.16408586074327,0.6362612612612613,43.31140350877192,1026.7543859649104,27.750118539592172,0
2498,4,0,0,43,0.0,0.0,1.0,43,1100,700,400,0.6363636363636364,15,7,8,360.2653199331543,0.8310262089331857,0.2413829900757658,0.214624686147081,131975.16453379867,909.2149747999133,132884.3795085986,2410,13,738.5581395348837,37,6,19,33.86500462419521,0.638231981981982,43.11951754385964,1027.5219298245597,27.770862968231345,0
2499,4,0,0,43,0.0,0.0,1.0,43,650,300,350,0.46153846153846156,10,3,7,359.98840727339797,0.8309339239571797,0.2415607102800028,0.2146190428095598,132003.3327562325,903.9339027392808,132907.26665897178,2411,14,739.5581395348837,37,6,19,33.84371887893014,0.6385135135135136,43.09210526315788,1027.6315789473667,27.77382645803694,0
2500,4,0,0,43,0.0,0.0,1.0,43,1750,1400,350,0.8,21,14,7,358.78974610098055,0.8306109265411591,0.2399769896627053,0.21502166317451085,132200.59447378034,886.4435451292615,133087.0380189096,2412,15,740.5581395348837,37,6,19,33.675742794185595,0.6404842342342343,42.90021929824561,1028.399122807017,27.794570886676134,0
2501,4,0,0,43,0.0,0.0,1.0,43,1500,1200,300,0.8,18,12,6,360.89002921384423,0.8311646363971945,0.2412297103287402,0.21758610371516737,132427.7842747986,958.6679489195961,133386.45222371822,2413,16,741.5581395348837,35,8,20,33.39295419618428,0.6467261904761905,42.67939814814815,1029.282407407408,29.408068783068803,0
2502,4,0,2,41,0.0,0.046511627906976744,0.9534883720930233,43,1100,800,300,0.7272727272727273,14,8,6,362.41586466323866,0.8309800664451827,0.24354447978215443,0.21954654728646428,132606.53941883147,1011.7427286951325,133618.2821475266,2414,17,742.5581395348837,35,8,21,33.173788253361806,0.6485119047619048,42.50578703703704,1029.9768518518522,29.42791005291006,0
2503,4,0,0,41,0.0,0.0,1.0,41,1100,700,400,0.6363636363636364,15,7,8,367.3145223318736,0.8345528455284553,0.22982037365480257,0.22230915332395684,132571.90626014545,1539.1172845142626,134111.02354465972,2415,18,688.439024390244,36,5,21,33.082513213049026,0.6461226851851851,42.53941441441442,1029.8423423423437,28.60673173173177,0
2504,4,0,0,41,0.0,0.0,1.0,41,800,600,200,0.75,10,6,4,368.2207531471346,0.8351117886178862,0.23065539281171765,0.22320180444246818,132629.89921932085,1567.4162760733952,134197.31549539426,2416,19,689.439024390244,36,5,18,33.00080172005395,0.6467013888888888,42.48310810810812,1030.067567567569,28.61298798798803,0
2505,4,0,0,41,0.0,0.0,1.0,41,1200,700,500,0.5833333333333334,17,7,10,370.07115090913965,0.8351117886178862,0.2330682548272629,0.22467026938737383,132687.90486009678,1620.7931326597004,134308.69799275647,2417,20,690.439024390244,36,5,18,32.89476081174625,0.6472800925925926,42.42680180180181,1030.2927927927942,28.619244244244285,0
2506,4,1,1,41,0.023809523809523808,0.023809523809523808,0.9761904761904762,42,950,700,250,0.7368421052631579,12,7,5,365.80857354980674,0.8408343012001549,0.2292713663210002,0.224227548438445,133047.67001625494,1333.9956765543186,134381.66569280927,2418,0,674.9761904761905,37,5,19,32.642837531441536,0.6489301801801801,42.07785087719298,1031.6885964912276,27.88347558084399,0
2507,4,0,1,40,0.0,0.024390243902439025,0.975609756097561,41,1000,800,200,0.8,12,8,4,371.56950757817924,0.8322154471544716,0.23373207206583602,0.22768884675074896,133036.2050183628,1686.4394377485423,134722.64445611133,2419,22,692.439024390244,36,5,20,32.505776298075176,0.6507523148148149,42.088963963963955,1031.644144144143,28.65678178178175,0
2508,4,0,0,40,0.0,0.0,1.0,40,950,600,350,0.631578947368421,13,6,7,379.18579736761563,0.829647435897436,0.24227272727272742,0.23172465394687614,132934.57031249988,2081.3802083333194,135015.9505208332,2420,23,709.75,35,5,20,32.41161616161615,0.6517857142857144,42.18749999999999,1031.249999999999,29.464285714285687,0
2509,4,0,0,40,0.0,0.0,1.0,40,1450,1400,50,0.9655172413793104,15,14,1,380.4786843023272,0.8286057692307692,0.24432136848008978,0.23344579976292107,133083.809223358,2127.110527049016,135210.91975040702,2421,24,710.75,35,5,20,32.228103383810044,0.6532738095238096,42.04282407407406,1031.828703703702,29.48082010582006,0
2510,4,0,0,40,0.0,0.0,1.0,40,1200,800,400,0.6666666666666666,16,8,8,380.3657743098586,0.8278044871794872,0.24725025227043407,0.2341257654292357,133203.26063368036,2133.192274305532,135336.4529079859,2422,25,711.75,35,5,21,32.11087285570131,0.6544642857142857,41.92708333333332,1032.2916666666652,29.494047619047574,0
2511,4,0,0,40,0.0,0.0,1.0,40,1150,700,450,0.6086956521739131,16,7,9,381.39347210712253,0.8281784188034188,0.24790662481784587,0.23513553314911104,133263.00643272023,2165.1281453617808,135428.134578082,2423,26,712.75,35,5,21,32.02427325038298,0.6550595238095238,41.869212962962955,1032.5231481481471,29.50066137566135,0
2512,4,0,0,40,0.0,0.0,1.0,40,1000,600,400,0.6,14,6,8,378.91606486454805,0.8272168803418803,0.24470647546493396,0.2345495696935474,133412.42953746562,2110.4225608710444,135522.85209833668,2424,27,713.75,35,5,21,31.93806482933751,0.656547619047619,41.72453703703703,1033.101851851851,29.517195767195744,0
2513,4,0,0,40,0.0,0.0,1.0,40,1300,1000,300,0.7692307692307693,16,10,6,381.3237600269015,0.8275641025641025,0.2483017190278609,0.23702770197692802,133567.2146079633,2186.4972899638615,135753.71189792716,2425,28,714.75,33,7,22,31.720386287295014,0.6625631313131313,41.57475490196079,1033.700980392157,31.324272133095665,0
2514,4,0,0,40,0.0,0.0,1.0,40,1250,900,350,0.72,16,9,7,381.75303014853773,0.8261217948717948,0.2391254315304947,0.23866430445976944,133779.93905895704,2214.1794217687243,135994.11848072577,2426,29,715.75,34,6,19,31.495732642884548,0.6623774509803921,41.36904761904763,1034.5238095238105,30.427170868347368,0
2515,4,0,0,40,0.0,0.0,1.0,40,950,800,150,0.8421052631578947,11,8,3,377.9975105682283,0.825267094017094,0.23347233406188916,0.2369093265587317,133872.32320011334,2120.680980725624,135993.00418083897,2427,30,716.75,34,6,19,31.50020131139999,0.663296568627451,41.279761904761905,1034.8809523809523,30.437675070028007,0
2516,4,0,0,40,0.0,0.0,1.0,40,800,500,300,0.625,11,5,6,375.5402323559193,0.8246260683760683,0.23523476802683052,0.23606517065521454,133981.00090288508,2063.051242069631,136044.0521449547,2428,31,717.75,35,5,19,31.45483976150551,0.6622023809523809,41.174768518518526,1035.300925925927,29.580026455026484,0
2517,4,0,0,40,0.0,0.0,1.0,40,950,800,150,0.8421052631578947,11,8,3,374.8851783652194,0.822809829059829,0.23406145251396637,0.23661652654222265,134130.8258852025,2056.7317172496773,136187.55760245217,2429,32,718.75,35,5,20,31.321694599627566,0.663690476190476,41.0300925925926,1035.879629629631,29.596560846560884,0
2518,4,0,0,40,0.0,0.0,1.0,40,500,400,100,0.8,6,4,2,376.95232482084936,0.8227029914529914,0.23733243967828344,0.23831053755623213,134190.7793209878,2116.7052469135933,136307.48456790138,2430,33,719.75,35,5,20,31.20810991957103,0.6642857142857143,40.97222222222223,1036.1111111111122,29.603174603174637,0
2519,4,0,0,40,0.0,0.0,1.0,40,1050,700,350,0.6666666666666666,14,7,7,378.0760315273463,0.8197115384615384,0.24010381781647694,0.24019894258311839,134370.72000385812,2160.46971450618,136531.1897183643,2431,34,720.75,35,5,20,30.998827863362358,0.6660714285714285,40.798611111111114,1036.805555555556,29.623015873015888,0
2520,4,1,0,41,0.024390243902439025,0.0,1.0,41,1100,700,400,0.6363636363636364,15,7,8,370.82587628447567,0.8221544715447154,0.23667892343508634,0.23754046132279855,134670.88906035668,1788.0106524348425,136458.89971279152,2432,0,704.1463414634146,35,6,21,30.886671126969972,0.669047619047619,40.50925925925926,1037.962962962963,29.65608465608466,0
2521,4,0,1,40,0.0,0.024390243902439025,0.975609756097561,41,1300,900,400,0.6923076923076923,17,9,8,367.6922311228297,0.8221544715447154,0.2484291053326957,0.21726351778683475,131663.90483276665,1501.2740229837013,133165.17885575036,2433,1,705.1463414634146,34,7,17,33.98846808181572,0.6412377450980391,43.42261904761906,1026.3095238095254,30.185574229691923,5
2522,4,1,1,40,0.024390243902439025,0.024390243902439025,0.975609756097561,41,1000,700,300,0.7,13,7,6,365.62298717836666,0.8258638211382113,0.24336502207652222,0.2163875784790021,131725.00177154224,1432.3377267574044,133157.33949829964,2434,0,706.0975609756098,34,7,17,33.97986006416947,0.6418504901960782,43.363095238095255,1026.5476190476213,30.19257703081239,0
2523,4,0,0,40,0.0,0.0,1.0,40,850,500,350,0.5882352941176471,12,5,7,376.419110501663,0.8170673076923077,0.2550764452938368,0.2219282248676004,131579.47063629387,1905.8054594386979,133485.27609573258,2435,38,724.75,33,7,17,33.84993629558848,0.6426767676767676,43.50490196078432,1025.980392156864,31.09031491384436,0
2524,4,1,1,40,0.024390243902439025,0.024390243902439025,0.975609756097561,41,1050,800,250,0.7619047619047619,13,8,5,366.48099138836363,0.8229166666666666,0.24364793213149527,0.2172438866477416,131786.1128826532,1459.421060090722,133245.5339427439,2436,0,708.0487804878048,34,7,17,33.89613526570049,0.6424632352941175,43.30357142857144,1026.7857142857154,30.199579831932805,0
2525,4,0,0,40,0.0,0.0,1.0,40,1000,700,300,0.7,13,7,6,372.15118485410676,0.8177350427350427,0.24537337662337655,0.22042800949050972,131755.5555555558,1806.5972222222574,133562.15277777804,2437,40,726.75,34,6,17,33.78145292207794,0.6421568627450979,43.33333333333335,1026.6666666666688,30.196078431372612,0
2526,4,1,1,40,0.024390243902439025,0.024390243902439025,0.975609756097561,41,800,700,100,0.875,9,7,2,360.76568943393954,0.8220528455284553,0.23609392662349982,0.21535045437956654,132050.54029959044,1327.8608422612162,133378.40114185167,2438,0,710.0,36,5,18,33.776158650158884,0.6409143518518516,43.04617117117119,1027.8153153153178,28.550425425425495,0
2527,4,0,0,40,0.0,0.0,1.0,40,900,500,400,0.5555555555555556,13,5,8,366.98801612347455,0.816559829059829,0.24177931733693825,0.21849447479061615,131951.69331114984,1684.938030478418,133636.63134162826,2439,42,728.75,35,5,19,33.71599357891181,0.6419642857142855,43.14236111111112,1027.4305555555568,29.355158730158767,0
2528,4,0,0,40,0.0,0.0,1.0,40,900,600,300,0.6666666666666666,12,6,6,364.5466072051444,0.8167200854700855,0.2381602657956976,0.2173814187625576,132011.1577958893,1624.843937542897,133636.0017334322,2440,43,729.75,35,5,19,33.718723016856266,0.6425595238095236,43.084490740740755,1027.662037037039,29.361772486772544,0
2529,4,0,1,39,0.0,0.025,0.975,40,1000,700,300,0.7,13,7,6,357.972811439687,0.8163194444444445,0.17670299727520455,0.20211695661286952,129908.37191358031,1300.7330246913668,131209.1049382717,2441,44,730.75,38,2,16,36.015554041780206,0.6156798245614035,45.13888888888889,1019.4444444444449,26.827485380116972,5
2530,4,0,0,39,0.0,0.0,1.0,39,800,500,300,0.625,11,5,6,362.9788393801415,0.8160143949617634,0.17176397899289464,0.20474825794161408,129871.11418898143,1628.0932594644771,131499.2074484459,2442,45,730.5128205128206,37,2,16,35.925846242111305,0.617117117117117,45.17543859649124,1019.2982456140368,27.548601232811805,0
2531,4,2,2,39,0.04878048780487805,0.04878048780487805,0.9512195121951219,41,450,200,250,0.4444444444444444,7,2,5,347.95994095188314,0.8307926829268293,0.15864791447828508,0.19839895959601872,130290.57167830499,868.3581727070008,131158.92985101198,2443,0,695.829268292683,37,4,16,35.88307288869795,0.6213400900900901,44.76425438596492,1020.9429824561414,27.593053579895713,0
2532,4,0,0,39,0.0,0.0,1.0,39,1400,1300,100,0.9285714285714286,15,13,2,366.52009668731904,0.8150584795321638,0.17173370364859775,0.20823174723883942,130150.67737188366,1740.5677708525727,131891.24514273624,2444,47,732.5128205128206,37,2,17,35.55143634930869,0.6199324324324323,44.901315789473685,1020.3947368421053,27.57823613086771,0
2533,4,1,0,40,0.025,0.0,1.0,40,600,400,200,0.6666666666666666,8,4,4,360.46249190036605,0.8208867521367521,0.1768244956454632,0.20629370750966694,130435.08193582094,1403.4871166039466,131838.5690524249,2445,0,715.175,36,4,18,35.417355675596205,0.6247106481481481,44.622747747747745,1021.5090090090089,28.375250250250247,0
2534,4,0,1,39,0.0,0.025,0.975,40,1000,700,300,0.7,13,7,6,361.2393879016959,0.8205662393162393,0.1794618265946899,0.20766117314652915,130607.691200491,1436.1284849038175,132043.81968539482,2446,1,716.175,36,4,16,35.22249458337922,0.6264467592592593,44.453828828828826,1022.1846846846844,28.394019019019012,0
2535,4,0,0,39,0.0,0.0,1.0,39,1300,1000,300,0.7692307692307693,16,10,6,370.21186868922575,0.8143837156995052,0.1753544461487615,0.21281907106346432,130607.69120049098,1870.5034849038168,132478.1946853948,2447,50,735.5128205128206,36,3,16,34.99320627226322,0.6264467592592593,44.453828828828826,1022.1846846846843,28.39401901901901,0
2536,4,0,1,38,0.0,0.02564102564102564,0.9743589743589743,39,1150,800,350,0.6956521739130435,15,8,7,366.7387491624381,0.813540260908682,0.1721414026733996,0.21113640479681525,130665.25298524875,1784.0022877607314,132449.25527300948,2448,51,736.5128205128206,36,3,16,35.02358923523148,0.627025462962963,44.39752252252252,1022.4099099099099,28.400275275275273,0
2537,4,0,0,38,0.0,0.0,1.0,38,800,500,300,0.625,11,5,6,368.8085835160782,0.8134779516358464,0.17892997913285402,0.21248616359936487,130694.0386332278,2040.2166524632678,132734.25528569106,2449,52,753.3684210526316,36,2,16,34.9414922907489,0.6273148148148149,44.369369369369366,1022.5225225225223,28.4034034034034,0
2538,4,0,0,38,0.0,0.0,1.0,38,1000,700,300,0.7,13,7,6,368.6025209351718,0.8128852536747274,0.18081456669641538,0.2126841229436614,130751.6194403863,2039.0753084165237,132790.69474880284,2450,53,754.3684210526316,36,2,16,34.88837811054833,0.6278935185185186,44.31306306306306,1022.7477477477476,28.409659659659653,0
2539,4,0,0,38,0.0,0.0,1.0,38,1600,1400,200,0.875,18,14,4,370.31198136150437,0.8107515410146989,0.1775744932765766,0.21484539129954258,130963.11034404807,2099.4417753539433,133062.552119402,2451,54,755.3684210526316,37,1,16,34.63031155150866,0.6280968468468469,44.1063596491228,1023.5745614035079,27.664177335229944,0
2540,4,1,0,39,0.02564102564102564,0.0,1.0,39,1250,800,450,0.64,17,8,9,353.2837511044008,0.8156207827260459,0.12752624157919512,0.2040733197556008,130794.81336805546,1442.044427131415,132236.85779518686,2452,0,736.974358974359,37,2,15,35.23633740665308,0.6264076576576577,44.27083333333333,1022.9166666666658,27.646396396396373,5
2541,4,0,0,39,0.0,0.0,1.0,39,1150,1000,150,0.8695652173913043,13,10,3,354.68203341011497,0.8144399460188935,0.12774911682132628,0.205627459618013,130935.05333371794,1488.0621922129749,132423.11552593092,2453,1,737.974358974359,37,2,16,35.05865652453396,0.6278153153153154,44.133771929824555,1023.4649122807007,27.661213845424342,0
2542,4,1,0,40,0.025,0.0,1.0,40,1000,700,300,0.7,13,7,6,350.1489238499301,0.8205395299145299,0.1284868354173021,0.20465923730907679,131248.05908203125,1191.273328993056,132439.3324110243,2454,0,720.5,39,1,17,34.858294364813126,0.6274038461538463,43.828125,1024.6875,26.27403846153846,0
2543,4,0,0,40,0.0,0.0,1.0,40,1150,700,450,0.6086956521739131,16,7,9,348.6681208275498,0.8209401709401709,0.12276422764227646,0.20421989934185053,131328.125,1158.0105251736113,132486.13552517362,2455,1,721.5,38,2,17,34.81537940379404,0.6299342105263158,43.75,1025.0,26.973684210526315,0
2544,4,0,0,40,0.0,0.0,1.0,40,700,500,200,0.7142857142857143,9,5,4,352.47566384841815,0.8191506410256411,0.12186425669340539,0.2071900733178792,131465.04635336774,1267.645897253277,132732.692250621,2456,2,722.5,38,2,17,34.57955689828802,0.6313048245614035,43.616452991452995,1025.5341880341887,26.987741790373388,0
2545,4,0,0,40,0.0,0.0,1.0,40,1050,900,150,0.8571428571428571,12,9,3,349.9670124441634,0.8188034188034188,0.12258383670068729,0.20615848180913224,131547.23340821094,1207.4384542333207,132754.67186244426,2457,3,723.5,38,2,17,34.56094216482677,0.6321271929824561,43.53632478632478,1025.8547008547005,26.99617633828159,0
2546,4,1,0,41,0.024390243902439025,0.0,1.0,41,700,500,200,0.7142857142857143,9,5,4,343.26411546642845,0.8241869918699187,0.1271458962054124,0.20389061316258952,131862.521701389,852.7343750000094,132715.256076389,2458,0,706.829268292683,39,2,14,34.415145368492226,0.6335470085470085,43.22916666666667,1027.0833333333342,26.335470085470106,0
2547,4,0,0,41,0.0,0.0,1.0,41,950,700,250,0.7368421052631579,12,7,5,342.3756930425724,0.8227642276422764,0.1287361778727274,0.20393682585579342,131969.53125000017,836.6319444444594,132806.16319444464,2459,1,707.829268292683,39,2,14,34.3302243849689,0.6346153846153846,43.12500000000001,1027.5000000000014,26.346153846153882,0
2548,4,0,0,41,0.0,0.0,1.0,41,1100,800,300,0.7272727272727273,14,8,6,341.22848007143546,0.8233231707317074,0.12616666460633175,0.20339691576463537,131996.29041883696,808.1787109375197,132804.4691297745,2460,2,708.829268292683,39,2,14,34.33276313566482,0.6348824786324785,43.09895833333334,1027.604166666668,26.348824786324823,0
2549,4,0,0,41,0.0,0.0,1.0,41,650,500,150,0.7692307692307693,8,5,3,340.8311870609861,0.8220020325203252,0.129140521317058,0.20373488704451095,132103.35422092024,804.9886067708433,132908.34282769109,2461,3,709.829268292683,39,2,15,34.23525264295606,0.6359508547008547,42.99479166666667,1028.0208333333342,26.35950854700857,0
2550,4,0,0,41,0.0,0.0,1.0,41,1100,900,200,0.8181818181818182,13,9,4,340.8556590812972,0.8214939024390244,0.12282088785231449,0.2041824676244276,132183.68055555565,811.1111111111215,132994.79166666677,2462,4,710.829268292683,39,2,15,34.15383576445165,0.6367521367521367,42.91666666666667,1028.3333333333342,26.367521367521388,0
2551,4,0,0,41,0.0,0.0,1.0,41,850,600,250,0.7058823529411765,11,6,5,340.2236333204888,0.820630081300813,0.12638670736646596,0.20438251841077537,132290.8203125,801.6927083333337,133092.51302083334,2463,5,711.829268292683,39,2,16,34.06237343053869,0.6378205128205128,42.8125,1028.75,26.378205128205128,0
2552,4,0,0,41,0.0,0.0,1.0,41,1050,600,450,0.5714285714285714,15,6,9,340.2236333204888,0.8202743902439025,0.12638670736646596,0.20438251841077537,132290.8203125,801.6927083333337,133092.51302083334,2464,6,712.829268292683,39,2,16,34.06237343053869,0.6378205128205128,42.8125,1028.75,26.378205128205128,0
2553,4,0,0,41,0.0,0.0,1.0,41,1100,500,600,0.45454545454545453,17,5,12,342.0806766214817,0.8190548780487805,0.12481485138738013,0.2060827490866003,132398.00347222242,858.159722222243,133256.16319444467,2465,7,713.829268292683,39,2,16,33.906882591093115,0.6388888888888888,42.70833333333334,1029.1666666666683,26.388888888888932,0
2554,4,0,0,41,0.0,0.0,1.0,41,1250,800,450,0.64,17,8,9,347.0690044275891,0.8196646341463415,0.13074434295896098,0.20953469583126866,132478.419325087,995.8306206597422,133474.24994574673,2466,8,714.829268292683,39,2,16,33.697700596984724,0.6396901709401709,42.63020833333334,1029.4791666666683,26.396901709401753,0
2555,4,0,0,41,0.0,0.0,1.0,41,1200,900,300,0.75,15,9,6,344.11755882322444,0.8192581300813008,0.1325254239797098,0.20819744103588753,132558.85959201408,923.1662326389089,133482.02582465298,2467,9,715.829268292683,39,2,16,33.6928484725875,0.6404914529914529,42.55208333333334,1029.7916666666683,26.404914529914574,0
2556,4,3,3,41,0.06818181818181818,0.06818181818181818,0.9318181818181819,44,1050,800,250,0.7619047619047619,13,8,5,324.4983831245215,0.8322542283298098,0.12783050673859053,0.19943636922442493,133147.0006779192,-158.80271242711416,132988.1979654921,2468,0,667.9545454545455,42,2,13,33.60893343348043,0.6416170634920635,41.98158914728683,1032.0736434108544,24.573181985972724,0
2557,4,0,0,41,0.0,0.0,1.0,41,950,500,450,0.5263157894736842,14,5,9,367.35398175448205,0.8192581300813008,0.12606097024454632,0.21355386202760507,131039.71370018636,1465.3213158590759,132505.03501604544,2469,11,717.829268292683,36,5,15,34.62842792198268,0.6307870370370372,44.03153153153151,1023.8738738738714,28.440940940940873,6
2558,4,1,1,41,0.023809523809523808,0.023809523809523808,0.9761904761904762,42,950,600,350,0.631578947368421,13,6,7,358.03981411488826,0.8213801780874952,0.12225754842917302,0.20940175861813123,131271.93583602604,1000.1159010464294,132272.05173707247,2470,0,701.7142857142857,37,5,15,34.632017262286894,0.6311936936936939,43.804824561403485,1024.7807017543826,27.69677572309142,0
2559,4,1,2,40,0.023809523809523808,0.047619047619047616,0.9523809523809523,42,700,500,200,0.7142857142857143,9,5,4,359.42005776544977,0.8274293457220286,0.12648332060096767,0.2108266963680647,131384.32618690343,1044.432421514289,132428.75860841773,2471,0,702.6904761904761,37,5,15,34.48306595365418,0.6323198198198199,43.69517543859648,1025.2192982456122,27.708629682313845,0
2560,4,2,1,41,0.047619047619047616,0.023809523809523808,0.9761904761904762,42,800,600,200,0.75,10,6,4,362.0325176054998,0.8206542779713512,0.1493830174667603,0.21424452780168685,131721.7857898583,1137.513946598939,132859.29973645724,2472,0,703.3333333333334,37,5,15,34.075251014740445,0.6356981981981983,43.36622807017543,1026.5350877192973,27.744191559981008,0
2561,4,0,0,41,0.0,0.0,1.0,41,600,500,100,0.8333333333333334,7,5,2,363.87821421445074,0.818089430894309,0.15176389665795043,0.21490746378070566,131645.74361100956,1380.6036188215144,133026.34722983107,2473,1,721.4878048780488,36,5,15,34.10466732506675,0.636863425925926,43.44031531531531,1026.238738738738,28.50663163163161,0
2562,4,0,0,41,0.0,0.0,1.0,41,1350,1000,350,0.7407407407407407,17,10,7,363.8078254609644,0.817479674796748,0.1530784790076949,0.21535533356507475,131732.43344696047,1385.0580310039797,133117.49147796445,2474,2,722.4878048780488,36,5,15,34.01894105601873,0.6377314814814815,43.35585585585586,1026.5765765765766,28.516016016016017,0
2563,4,0,0,41,0.0,0.0,1.0,41,1150,900,250,0.782608695652174,14,9,5,363.3259356453457,0.8177845528455284,0.15459012140291373,0.21556078120689054,131819.15181651246,1378.6633339420537,133197.81515045452,2475,3,723.4878048780488,36,5,16,33.94378038527617,0.638599537037037,43.2713963963964,1026.9144144144145,28.525400400400404,0
2564,4,0,0,41,0.0,0.0,1.0,41,750,600,150,0.8,9,6,3,363.0374249769161,0.8176829268292682,0.1556215233204965,0.2155534710800439,131848.0642804967,1373.1563489164828,133221.22062941318,2476,4,724.4878048780488,36,5,16,33.92201206140351,0.6388888888888888,43.24324324324324,1027.0270270270269,28.528528528528525,0
2565,4,0,0,41,0.0,0.0,1.0,41,1400,1100,300,0.7857142857142857,17,11,6,363.43776168992986,0.8185467479674797,0.15262347494145723,0.21644948679235798,131963.7458404352,1392.1216824933263,133355.86752292854,2477,5,725.4878048780488,36,5,16,33.79502776559989,0.6400462962962962,43.13063063063064,1027.477477477479,28.541041041041083,0
2566,4,1,1,41,0.023809523809523808,0.023809523809523808,0.9761904761904762,42,1100,800,300,0.7272727272727273,14,8,6,341.14923138668223,0.8210172280294231,0.14505938458734557,0.20863781992348088,132962.8407298401,672.0341835949691,133634.87491343508,2478,0,709.1904761904761,37,5,16,33.36389892976114,0.6480855855855854,42.160087719298254,1031.3596491228082,27.874585111427248,5
2567,4,0,0,41,0.0,0.0,1.0,41,1600,1000,600,0.625,22,10,12,349.01184843542455,0.8167174796747968,0.15578112972349545,0.21320223456458876,132920.05423920558,1078.1347648324172,133998.189004038,2479,7,727.4878048780488,36,5,16,33.204106148301854,0.6495949074074073,42.201576576576585,1031.193693693695,28.644269269269305,0
2568,4,0,1,40,0.0,0.024390243902439025,0.975609756097561,41,850,500,350,0.5882352941176471,12,5,7,348.07410196070134,0.8150406504065041,0.15330249601218604,0.2129599665903851,132978.12328798397,1057.2481687768923,134035.37145676085,2480,8,728.4878048780488,36,5,16,33.17001492157078,0.6501736111111112,42.145270270270274,1031.4189189189192,28.650525525525534,0
2569,4,0,0,40,0.0,0.0,1.0,40,1300,1100,200,0.8461538461538461,15,11,4,355.1927580886526,0.8143429487179488,0.1596852911477622,0.21758302768688373,133024.10361207544,1449.8396508487476,134473.94326292418,2481,9,745.625,35,5,16,32.94029787950184,0.6526785714285714,42.100694444444436,1031.597222222221,29.474206349206316,0
2570,4,0,0,40,0.0,0.0,1.0,40,1050,900,150,0.8571428571428571,12,9,3,359.3051661393152,0.8134081196581197,0.1622392913209243,0.22098506700899373,133173.39275763018,1569.9776020233064,134743.3703596535,2482,10,746.625,35,5,16,32.68436495477312,0.6541666666666668,41.95601851851851,1032.175925925925,29.490740740740712,0
2571,4,0,0,40,0.0,0.0,1.0,40,1550,1100,450,0.7096774193548387,20,11,9,362.6841613457414,0.8129807692307692,0.15727252353204868,0.2241408210422017,133352.6502486281,1672.9788237311195,135025.62907235924,2483,11,747.625,35,5,16,32.41726430599133,0.6559523809523811,41.7824074074074,1032.870370370369,29.510582010581974,0
2572,4,0,0,40,0.0,0.0,1.0,40,700,500,200,0.7142857142857143,9,5,4,362.6841613457414,0.8129807692307692,0.15727252353204868,0.2241408210422017,133352.6502486281,1672.9788237311195,135025.62907235924,2484,12,748.625,35,5,16,32.41726430599133,0.6559523809523811,41.7824074074074,1032.870370370369,29.510582010581974,0
2573,4,0,0,40,0.0,0.0,1.0,40,900,400,500,0.4444444444444444,14,4,10,355.7842303693252,0.8125267094017093,0.16707760711398567,0.2168005384073178,132827.17013888885,1451.6160836762642,134278.7862225651,2485,13,749.625,34,6,16,33.12281056319051,0.6528799019607843,42.291666666666664,1030.833333333333,30.318627450980383,1
2574,4,0,0,40,0.0,0.0,1.0,40,850,700,150,0.8235294117647058,10,7,3,361.14934548282315,0.8118589743589744,0.13423425978445858,0.20499236834713971,130114.93866008628,1398.1849869255452,131513.12364701182,2486,14,750.625,35,5,19,35.724735299678564,0.6235119047619049,44.936342592592574,1020.2546296296272,29.150132275132204,7
2575,4,1,0,41,0.024390243902439025,0.0,1.0,41,850,600,250,0.7058823529411765,11,6,5,362.60119709959815,0.8189532520325203,0.18477744006718355,0.19914684406766262,128819.24518014821,1233.1583826303004,130052.4035627785,2487,0,733.2926829268292,35,6,20,37.00701649374834,0.6104166666666667,46.20949074074073,1015.1620370370362,29.004629629629605,7
2576,4,0,0,41,0.0,0.0,1.0,41,900,700,200,0.7777777777777778,11,7,4,361.8714689133378,0.8191565040650407,0.18551266224016572,0.1988932659967291,128848.62075617274,1125.3279320987542,129973.94868827148,2488,1,734.2926829268292,35,6,20,36.99555403556771,0.6107142857142858,46.18055555555555,1015.2777777777769,29.007936507936485,0
2577,4,1,0,42,0.023809523809523808,0.0,1.0,42,850,600,250,0.7058823529411765,11,6,5,366.7639149301632,0.8253000387146728,0.19812575810932453,0.20015770604036243,128566.75347222213,1038.927469135794,129605.68094135793,2489,0,717.7857142857143,34,8,19,37.159339906874834,0.6099877450980392,46.45833333333333,1014.1666666666658,29.828431372548994,2
2578,4,1,0,43,0.023255813953488372,0.0,1.0,43,1550,1400,150,0.9032258064516129,17,14,3,350.0834897662057,0.8329180509413068,0.19813628335587286,0.18454149787173332,127172.82267011817,304.22111275474924,127477.04378287292,2490,0,702.0697674418604,38,5,18,39.00871200084737,0.5879934210526316,47.83653846153845,1008.6538461538447,26.54352226720644,4
2579,4,3,2,44,0.06521739130434782,0.043478260869565216,0.9565217391304348,46,1000,700,300,0.7,13,7,6,334.66227496194284,0.8510064412238325,0.19665853616934204,0.17959034502694543,127893.53820231771,-639.7715104560623,127253.76669186165,2491,0,657.2173913043479,41,5,14,38.660177193670705,0.5904471544715448,47.12301587301586,1011.5079365079343,24.670925280681324,0
2580,4,0,0,44,0.0,0.0,1.0,44,1650,1000,650,0.6060606060606061,23,10,13,344.1666241316849,0.8367248062015504,0.1992015344812208,0.18400093913441035,127743.06047650505,-7.020423910344448,127736.0400525947,2492,1,688.0909090909091,41,3,17,38.57376512921166,0.5889227642276424,47.27182539682538,1010.9126984126954,24.656407278358422,0
2581,4,2,2,44,0.043478260869565216,0.043478260869565216,0.9565217391304348,46,1450,900,550,0.6206896551724138,20,9,11,336.1614929973413,0.8514291465378422,0.2054929325460726,0.18152720621856422,128144.53124999985,-581.3992031998134,127563.13204680003,2493,0,659.1304347826087,38,8,18,38.3659122085048,0.5978618421052633,46.87499999999999,1012.4999999999989,26.64473684210523,0
2582,4,2,1,45,0.043478260869565216,0.021739130434782608,0.9782608695652174,46,1100,700,400,0.6363636363636364,15,7,8,339.13336549454505,0.847181964573269,0.20660556611154623,0.1837366005255959,128276.40109591992,-499.4384765625197,127776.96261935741,2494,0,660.0,39,7,19,38.15606255355612,0.5974893162393163,46.74479166666666,1013.0208333333316,25.974893162393116,0
2583,4,2,2,45,0.0425531914893617,0.0425531914893617,0.9574468085106383,47,1300,800,500,0.6153846153846154,18,8,10,328.1976680111974,0.8526827012025902,0.20767156128259034,0.1792464186830384,128596.93877551005,-958.9569160997846,127637.98185941027,2495,0,646.9148936170212,41,6,13,38.10641627543036,0.5975609756097562,46.42857142857142,1014.285714285713,24.73867595818812,0
2584,4,0,0,45,0.0,0.0,1.0,45,800,600,200,0.75,10,6,4,341.5534106648202,0.8409090909090909,0.21571637426900625,0.18541470864661655,128355.55555555547,-231.9444444444499,128123.61111111102,2496,1,676.6444444444444,39,6,20,38.0139802631579,0.5982905982905983,46.666666666666664,1013.3333333333327,25.982905982905965,0
2585,4,2,3,44,0.0425531914893617,0.06382978723404255,0.9361702127659575,47,850,400,450,0.47058823529411764,13,4,9,328.1974484415383,0.8499074930619795,0.21416762155900826,0.18004225710484578,128773.09032698712,-947.4000653502317,127825.69026163689,2497,0,648.8085106382979,41,6,14,37.92711285960967,0.599339430894309,46.25496031746031,1014.9801587301574,24.755613627564816,0
2586,4,2,2,44,0.043478260869565216,0.043478260869565216,0.9565217391304348,46,1300,1000,300,0.7692307692307693,16,10,6,331.8368639589331,0.8499194847020934,0.19762469791644022,0.18175485938727062,128711.08596280313,-657.7833754709582,128053.30258733217,2498,0,655.0,40,6,14,37.8978884994158,0.6002604166666667,46.3160569105691,1014.7357723577228,25.36839430894307,0
2587,4,0,0,44,0.0,0.0,1.0,44,1100,600,500,0.5454545454545454,16,6,10,341.03274525305824,0.8345005285412262,0.19637437549610137,0.18599180812540736,128540.34423828122,-32.70670572916816,128507.63753255205,2499,2,685.7727272727273,39,5,15,37.838662044170526,0.6001602564102564,46.484375,1014.0624999999998,26.00160256410256,0
2588,4,1,0,45,0.022222222222222223,0.0,1.0,45,850,600,250,0.7058823529411765,11,6,5,333.69207544522055,0.8396885521885522,0.20591866012744853,0.18348472899137025,128865.81776926758,-399.6995629255083,128466.11820634207,2500,0,671.5111111111111,40,5,16,37.69329896907219,0.6018229166666667,46.16361788617886,1015.3455284552841,25.383638211382102,0
2589,4,1,1,45,0.021739130434782608,0.021739130434782608,0.9782608695652174,46,1100,900,200,0.8181818181818182,13,9,4,326.655505274508,0.8446658615136876,0.2001591444394928,0.18079879262762483,129125.75511975623,-764.0722434807277,128361.6828762755,2501,0,657.8913043478261,41,5,17,37.607674475353825,0.6028963414634146,45.907738095238095,1016.3690476190476,24.789488966318235,0
2590,4,2,0,47,0.0425531914893617,0.0,1.0,47,1350,800,550,0.5925925925925926,19,8,11,328.60716869209415,0.8465155720012334,0.2390968856735889,0.18451706732777914,129692.62390318251,-876.3705232365731,128816.25337994593,2502,0,644.8510638297872,40,7,15,36.98264824237587,0.6101562500000001,45.350609756097555,1018.5975609756088,25.46493902439022,0
2591,4,0,0,47,0.0,0.0,1.0,47,1150,900,250,0.782608695652174,14,9,5,329.8333761455458,0.846399938328708,0.23290965161723287,0.1858682541493796,129832.5314645533,-835.3795627047238,128997.15190184859,2503,1,645.8510638297872,41,6,15,36.8095776955774,0.610010162601626,45.213293650793645,1019.1468253968245,24.85723964382499,0
2592,4,0,1,46,0.0,0.02127659574468085,0.9787234042553191,47,1300,800,500,0.6153846153846154,18,8,10,330.8900504229127,0.8464384828862164,0.179454483629651,0.18580748985286666,129694.4294213091,-724.3060741049443,128970.12334720416,2504,2,646.8510638297872,42,5,13,36.9226835996956,0.607142857142857,45.34883720930234,1018.604651162793,24.252491694352212,6
2593,4,1,3,44,0.02127659574468085,0.06382978723404255,0.9361702127659575,47,2000,1400,600,0.7,26,14,12,332.40378637829093,0.8454363243909959,0.1787234042553194,0.18760127857830589,129891.90853915029,-764.687556336756,129127.22098281354,2505,0,647.6382978723404,42,5,16,36.68389575411914,0.6091269841269842,45.15503875968992,1019.3798449612402,24.27094868955334,0
2594,4,0,0,44,0.0,0.0,1.0,44,1450,1000,450,0.6896551724137931,19,10,9,345.5572701686594,0.8375396405919662,0.2005484290760362,0.1942270173706602,129731.44531250001,165.9288194444449,129897.37413194445,2506,4,690.1590909090909,39,5,17,36.51158827539194,0.6121794871794872,45.3125,1018.7500000000001,26.121794871794876,0
2595,4,3,2,45,0.06382978723404255,0.0425531914893617,0.9574468085106383,47,1150,900,250,0.782608695652174,14,9,5,327.6783190544286,0.8548797409805735,0.1932796939082151,0.1878265575697393,130496.11363110594,-845.680429555805,129650.43320155013,2507,0,647.0425531914893,40,7,12,36.19289171805584,0.6182291666666666,44.56300813008131,1021.7479674796757,25.543699186991894,0
2596,4,0,1,44,0.0,0.022222222222222223,0.9777777777777777,45,1550,1200,350,0.7741935483870968,19,12,7,343.5079496108219,0.8432659932659933,0.19957387007570637,0.19625594044198696,130368.94531249999,-43.44618055555486,130325.49913194442,2508,1,676.8,39,6,19,35.917312661498705,0.6185897435897436,44.6875,1021.2499999999999,26.185897435897434,0
2597,4,3,3,44,0.06382978723404255,0.06382978723404255,0.9361702127659575,47,1250,1000,250,0.8,15,10,5,325.13178549937766,0.8502543940795559,0.20364476438980628,0.18830625308400206,130896.31287989712,-888.2896156147862,130008.02326428232,2509,0,648.4893617021277,41,6,15,35.85383341412181,0.6206808943089432,44.17162698412697,1023.3134920634905,24.958865660085134,0
2598,4,1,0,45,0.022222222222222223,0.0,1.0,45,700,500,200,0.7142857142857143,9,5,4,339.84645691475646,0.8471801346801348,0.21806828208783013,0.196582561826663,130848.09570312499,-106.34765625000028,130741.74804687499,2510,0,673.0888888888888,39,6,17,35.52611484422724,0.6233974358974359,44.21875,1023.1249999999999,26.233974358974358,0
2599,4,0,0,45,0.0,0.0,1.0,45,900,600,300,0.6666666666666666,12,6,6,338.920211890435,0.8463383838383839,0.2101273265938437,0.19658972857351925,130954.6929253473,-123.36154513888425,130831.33138020842,2511,1,674.0888888888888,39,6,17,35.44210936969944,0.624465811965812,44.114583333333336,1023.5416666666673,26.244658119658137,0
2600,4,0,0,45,0.0,0.0,1.0,45,850,400,450,0.47058823529411764,13,4,9,337.90972740911684,0.8461700336700337,0.20878216433772012,0.196275224644019,131008.00781250013,-146.22395833331728,130861.78385416682,2512,2,675.0888888888888,39,6,17,35.41412291412291,0.625,44.06250000000001,1023.750000000001,26.250000000000025,0
2601,4,0,1,44,0.0,0.022222222222222223,0.9777777777777777,45,800,500,300,0.625,11,5,6,342.291593974172,0.8441077441077441,0.21888131647057518,0.19923437894375898,131088.00048828148,-25.935872395803244,131062.06461588568,2513,3,676.0888888888888,39,6,17,35.221175363645635,0.6258012820512819,43.984375000000014,1024.0625000000018,26.258012820512867,0
2602,4,0,0,44,0.0,0.0,1.0,44,600,400,200,0.6666666666666666,8,4,4,348.65492118193634,0.8402484143763214,0.2189349673698584,0.20276145416308733,131054.4963109066,338.5590163635046,131393.0553272701,2514,4,691.9545454545455,38,6,17,35.09212402615469,0.6271929824561404,44.01709401709402,1023.9316239316242,26.945569050832216,0
2603,4,1,1,44,0.022222222222222223,0.022222222222222223,0.9777777777777777,45,1350,800,550,0.5925925925925926,19,8,11,343.7523197439014,0.8426767676767677,0.21757499802413904,0.20148103505656553,131354.81906467024,30.704752604171347,131385.5238172744,2515,0,677.5555555555555,39,6,18,34.91440995156318,0.6284722222222222,43.723958333333336,1025.1041666666674,26.284722222222243,0
2604,4,0,0,44,0.0,0.0,1.0,44,1250,900,350,0.72,16,9,7,349.2622000799132,0.8423405567300917,0.22162465543209553,0.2050072987258059,131410.26925131492,379.32795036160763,131789.59720167654,2516,1,690.3863636363636,38,6,19,34.71722934250286,0.6307565789473684,43.669871794871796,1025.320512820513,26.982118758434552,0
2605,4,0,0,44,0.0,0.0,1.0,44,1250,1000,250,0.8,15,10,5,348.787109375,0.8413715644820297,0.22502840909090893,0.20516888786764706,131492.4391847469,372.57355358317193,131865.0127383301,2517,2,691.3863636363636,38,6,19,34.64648437500001,0.631578947368421,43.58974358974359,1025.6410256410259,26.990553306342786,0
2606,4,0,0,44,0.0,0.0,1.0,44,600,300,300,0.5,9,3,6,351.8630590389742,0.8403144820295984,0.22252279117321327,0.2074242453008757,131574.63480029564,459.25069855355935,132033.8854988492,2518,3,692.3863636363636,38,6,15,34.48466625013017,0.6324013157894738,43.50961538461537,1025.9615384615365,26.99898785425096,0
2607,4,0,0,44,0.0,0.0,1.0,44,1250,1000,250,0.8,15,10,5,354.4086383786746,0.8404906624383369,0.22182925329068803,0.20952638700947226,131684.26890432084,534.0084876543078,132218.27739197513,2519,4,693.3863636363636,38,6,15,34.30875056382499,0.6334978070175439,43.40277777777777,1026.3888888888878,27.010233918128627,0
2608,4,0,0,44,0.0,0.0,1.0,44,1000,700,300,0.7,13,7,6,353.4863165376594,0.8397639182522904,0.22526466664774514,0.20928219443070634,131739.1030777447,513.5940581853821,132252.69713593007,2520,5,694.3863636363636,38,6,16,34.27711000104069,0.634046052631579,43.349358974358964,1026.6025641025624,27.01585695006743,0
2609,4,1,3,42,0.022222222222222223,0.06666666666666667,0.9333333333333333,45,900,700,200,0.7777777777777778,11,7,4,344.349002064739,0.8431397306397307,0.21620257727313685,0.20511223166464887,131969.53125,88.715277777778,132058.24652777778,2521,0,679.9333333333333,39,6,16,34.27953500946202,0.6346153846153847,43.125,1027.5,26.346153846153847,0
2610,4,1,1,42,0.023255813953488372,0.023255813953488372,0.9767441860465116,43,1300,800,500,0.6153846153846154,18,8,10,359.2552001538406,0.8371631598375784,0.22037001612330198,0.21244396264308923,131693.64762474992,862.3255472837781,132555.9731720337,2522,0,712.1162790697674,37,6,16,34.174923441227776,0.6354166666666667,43.39364035087719,1026.4254385964912,27.74122807017544,0
2611,4,0,0,42,0.0,0.0,1.0,42,1050,900,150,0.8571428571428571,12,9,3,364.55084862087426,0.8294376693766937,0.22807941426383604,0.21525750108787128,131637.38031173046,1197.7037405740168,132835.08405230448,2523,13,730.0714285714286,37,5,16,34.0958569291591,0.6348536036036037,43.4484649122807,1026.2061403508767,27.735301090564235,0
2612,4,0,0,42,0.0,0.0,1.0,42,1150,500,650,0.43478260869565216,18,5,13,366.4469081426755,0.8294376693766937,0.23263046540842147,0.21701722966096587,131749.92696069943,1255.8706765543272,133005.79763725377,2524,14,731.0714285714286,37,5,16,33.93354605005519,0.6359797297297298,43.338815789473685,1026.6447368421052,27.747155049786628,0
2613,4,1,2,41,0.023255813953488372,0.046511627906976744,0.9534883720930233,43,800,400,400,0.5,12,4,8,362.27173119065037,0.8313492063492063,0.23519798868636088,0.21619442022667817,132040.89506172817,966.9367283950363,133007.8317901232,2525,0,715.046511627907,38,5,18,33.74718468468467,0.637061403508772,43.05555555555554,1027.777777777776,27.04678362573095,0
2614,4,0,0,41,0.0,0.0,1.0,41,1300,900,400,0.6923076923076923,17,9,8,372.2695970951713,0.8291666666666667,0.24138511572471888,0.22221743706263114,132050.5402995902,1631.6802867056304,133682.22058629585,2526,1,698.780487804878,36,5,18,33.48056133815419,0.6409143518518519,43.046171171171174,1027.815315315316,28.550425425425445,0
2615,4,0,1,40,0.0,0.024390243902439025,0.975609756097561,41,750,700,50,0.9333333333333333,8,7,1,364.2480429985688,0.8291666666666667,0.18943224258113212,0.2045079794489174,129688.42734203817,1262.9754332034952,130951.40277524166,2527,2,699.780487804878,36,5,17,36.079325594250975,0.6171875,45.35472972972974,1018.5810810810825,28.29391891891896,8
2616,4,1,0,41,0.024390243902439025,0.0,1.0,41,900,700,200,0.7777777777777778,11,7,4,365.7915204053597,0.829369918699187,0.19509500067376329,0.20612784929442765,129831.84831791263,1298.2778386494713,131130.1261565621,2528,0,700.7073170731708,36,5,19,35.894106813996316,0.6186342592592593,45.21396396396397,1019.1441441441452,28.309559559559588,0
2617,4,0,0,41,0.0,0.0,1.0,41,1000,700,300,0.7,13,7,6,367.76750217472744,0.8293191056910569,0.19855894196711077,0.20800341862536897,129975.34855379032,1360.1418563834109,131335.49041017372,2529,1,701.7073170731708,36,5,19,35.697818884594156,0.6200810185185186,45.0731981981982,1019.7072072072076,28.32520020020021,0
2618,4,1,0,42,0.023809523809523808,0.0,1.0,42,1500,1100,400,0.7333333333333333,19,11,8,363.96781152025926,0.8343012001548586,0.19763569763569744,0.20818958818958813,130414.54081632645,1094.290122306523,131508.83093863298,2530,0,685.9761904761905,34,8,22,35.348679098679106,0.6286764705882353,44.64285714285714,1021.4285714285708,30.04201680672267,0
2619,4,1,2,41,0.023255813953488372,0.046511627906976744,0.9534883720930233,43,1150,800,350,0.6956521739130435,15,8,7,352.66900254167183,0.8407622739018088,0.18948802384476338,0.20349046258471803,130751.61944038616,622.4086417498413,131374.028082136,2531,0,671.0,36,7,16,35.295777361814565,0.6278935185185186,44.313063063063055,1022.7477477477464,28.409659659659624,0
2620,4,0,0,41,0.0,0.0,1.0,41,1150,900,250,0.782608695652174,14,9,5,368.65377188534995,0.8308434959349593,0.19667956148154908,0.21103522458627005,130444.94224773247,1417.8039965986457,131862.74624433112,2532,4,704.7073170731708,34,7,21,35.19816066503517,0.6289828431372548,44.61309523809524,1021.5476190476194,30.045518207282925,0
2621,4,1,0,42,0.023809523809523808,0.0,1.0,42,1150,1000,150,0.8695652173913043,13,10,3,362.7917095442373,0.8350271002710027,0.20782507545271667,0.21027111328686415,130924.43795146506,1099.6601331060901,132024.09808457116,2533,0,688.9047619047619,36,6,19,34.86190580985917,0.6296296296296295,44.14414414414415,1023.4234234234241,28.428428428428447,0
2622,4,0,0,42,0.0,0.0,1.0,42,1200,700,500,0.5833333333333334,17,7,10,362.34409954620526,0.8350029036004646,0.2105361005064068,0.21079941760548,131068.54056336771,1098.3824618537756,132166.92302522148,2534,1,689.9047619047619,36,6,19,34.72749184354265,0.6310763888888888,44.00337837837839,1023.9864864864888,28.444069069069133,0
2623,4,1,1,42,0.023255813953488372,0.023255813953488372,0.9767441860465116,43,700,400,300,0.5714285714285714,10,4,6,355.67675663543815,0.8387320044296788,0.20920239931077855,0.2084909837568253,131358.63272392325,745.0128958937303,132103.645619817,2535,0,674.8372093023256,34,9,21,34.60496264467928,0.6381740196078429,43.720238095238116,1025.1190476190504,30.15056022408972,0
2624,4,0,0,42,0.0,0.0,1.0,42,900,600,300,0.6666666666666666,12,6,6,367.6314302661235,0.835438443670151,0.22075282151097952,0.21516486474932456,131299.2696032184,1253.9476554257303,132553.21725864412,2536,1,691.7380952380952,36,6,21,34.358632750979744,0.6333912037037035,43.77815315315317,1024.88738738739,28.469094094094164,0
2625,4,0,0,42,0.0,0.0,1.0,42,1750,1500,250,0.8571428571428571,20,15,5,364.94878295249447,0.8346883468834688,0.21703329521989212,0.21498847727623724,131548.03929077758,1201.6688789916304,132749.7081697692,2537,2,692.7380952380952,33,9,23,34.175899932305995,0.642361111111111,43.53553921568628,1025.857843137255,31.086601307189547,0
2626,4,0,0,42,0.0,0.0,1.0,42,1350,900,450,0.6666666666666666,18,9,9,361.5199230857764,0.8347367402245451,0.214011825548986,0.21356410113268365,131654.5718262389,1119.15013610255,132773.72196234146,2538,3,693.7380952380952,35,7,17,34.15625822337508,0.6389880952380952,43.43171296296297,1026.2731481481487,29.322089947089964,0
2627,4,1,1,42,0.023255813953488372,0.023255813953488372,0.9767441860465116,43,1000,700,300,0.7,13,7,6,357.5008924896818,0.8397009966777408,0.20290608483810657,0.21323876763796334,132021.60564280505,839.5683690447319,132861.17401184977,2539,0,678.5813953488372,36,7,19,33.88920848856747,0.640625,43.07432432432433,1027.7027027027034,28.547297297297316,0
2628,4,0,0,42,0.0,0.0,1.0,42,1050,700,350,0.6666666666666666,14,7,7,362.9027015496514,0.8346399535423926,0.20300709539362538,0.21640114755267645,132011.15779588895,1181.4411597650765,133192.59895565404,2540,5,695.7380952380952,35,7,22,33.76095750272177,0.6425595238095239,43.08449074074073,1027.6620370370363,29.361772486772466,0
2629,4,0,0,42,0.0,0.0,1.0,42,1150,700,450,0.6086956521739131,16,7,9,365.5823017398271,0.8345189701897019,0.2103934120371862,0.21851292086494872,132100.3796403461,1258.7121699245222,133359.09181027062,2541,6,696.7380952380952,35,7,22,33.60213540493883,0.6434523809523811,42.99768518518517,1028.009259259257,29.37169312169306,0
2630,4,0,0,42,0.0,0.0,1.0,42,1150,700,450,0.6086956521739131,16,7,9,361.7508572449602,0.8317847464188928,0.2050778704123719,0.21693175175431526,132224.21481870385,1166.4446118415788,133390.65943054543,2542,7,697.7380952380952,36,6,22,33.57581481075954,0.642650462962963,42.877252252252255,1028.4909909909911,28.569194194194196,0
2631,4,0,0,42,0.0,0.0,1.0,42,1200,900,300,0.75,15,9,6,360.3654937345517,0.8316395663956639,0.20729686205225217,0.21676494511208677,132340.06123944893,1138.158301882965,133478.2195413319,2543,8,698.7380952380952,36,6,22,33.49476487541498,0.6438078703703705,42.76463963963964,1028.9414414414416,28.58170670670671,0
2632,4,1,1,42,0.023255813953488372,0.023255813953488372,0.9767441860465116,43,1050,300,750,0.2857142857142857,18,3,15,347.86264556692504,0.8321797711332595,0.1941146906974054,0.21093591255014735,132643.15653344677,628.3579144160706,133271.51444786284,2544,0,683.4651162790698,34,9,18,33.51173966639701,0.6510416666666667,42.470238095238095,1030.119047619048,30.297619047619058,0
2633,4,0,0,42,0.0,0.0,1.0,42,1000,700,300,0.7,13,7,6,354.35623386370054,0.8307926829268293,0.1999801770847094,0.21399949095344148,132489.90929705213,989.7250566893306,133479.63435374145,2545,10,700.7380952380952,34,8,22,33.49859312365093,0.6495098039215687,42.61904761904761,1029.5238095238092,30.280112044817916,0
2634,4,0,0,42,0.0,0.0,1.0,42,1200,800,400,0.6666666666666666,16,8,8,350.8145351695952,0.8304781262098335,0.19531735940243644,0.2123790443493469,132581.84700963716,902.3278061224496,133484.17481575962,2546,11,701.7380952380952,34,8,22,33.49733171502331,0.6504289215686274,42.529761904761905,1029.8809523809523,30.290616246498598,0
2635,4,0,1,41,0.0,0.023809523809523808,0.9761904761904762,42,1200,800,400,0.6666666666666666,16,8,8,353.3409134005965,0.8299699961285327,0.1923026142064963,0.21478363387609303,132735.1473922903,980.1516439909409,133715.29903628124,2547,12,702.7380952380952,34,8,21,33.278217421441774,0.6519607843137254,42.38095238095239,1030.476190476191,30.308123249299737,0
2636,4,0,0,41,0.0,0.0,1.0,41,1400,900,500,0.6428571428571429,19,9,10,358.03979053992776,0.8292682926829268,0.18330375885784544,0.21824860275520824,132839.80320069205,1312.3870626682083,134152.19026336027,2548,13,663.439024390244,33,8,21,33.05198922174671,0.6553030303030303,42.279411764705884,1030.8823529411766,31.238859180035654,0
2637,4,0,0,41,0.0,0.0,1.0,41,1150,800,350,0.6956521739130435,15,8,7,361.42577023770576,0.8273882113821138,0.19636218222702606,0.22124514240660137,132997.76715986637,1413.764087129948,134411.5312469963,2549,14,664.439024390244,33,8,21,32.80600273256505,0.6568813131313131,42.12622549019608,1031.4950980392155,31.25742721330956,0
2638,4,0,0,41,0.0,0.0,1.0,41,1100,600,500,0.5454545454545454,16,6,10,364.2644456039619,0.8256605691056911,0.18799582668950165,0.22453912840960663,133257.03125000012,1508.1597222222365,134765.19097222236,2550,15,665.439024390244,34,7,21,32.47242399784771,0.6571691176470588,41.87500000000001,1032.500000000001,30.367647058823557,0
2639,4,0,0,41,0.0,0.0,1.0,41,850,500,350,0.5882352941176471,12,5,7,367.0855168633574,0.8249491869918699,0.19332255570394352,0.22665244546545388,133318.4966695012,1587.857851473936,134906.35452097515,2551,16,666.439024390244,34,7,21,32.33789625360231,0.657781862745098,41.8154761904762,1032.7380952380959,30.374649859943997,0
2640,4,0,0,41,0.0,0.0,1.0,41,1050,700,350,0.6666666666666666,14,7,7,367.780957336108,0.8243394308943089,0.1905979543666403,0.22802419354838732,133472.22222222242,1617.7083333333576,135089.9305555558,2552,17,667.439024390244,34,7,21,32.16565860215054,0.659313725490196,41.66666666666668,1033.3333333333348,30.392156862745143,0
2641,4,0,0,41,0.0,0.0,1.0,41,900,600,300,0.6666666666666666,12,6,6,370.13696622333276,0.823729674796748,0.19414993735286323,0.22986617601938344,133533.73724489816,1685.1544784580724,135218.89172335624,2553,18,668.439024390244,34,7,21,32.04306803347922,0.6599264705882352,41.60714285714287,1033.5714285714303,30.399159663865596,0
2642,4,0,1,40,0.0,0.024390243902439025,0.975609756097561,41,1350,800,550,0.5925925925925926,19,8,11,370.43925552063325,0.8220020325203252,0.1975303790326428,0.23139803675188952,133749.15143140592,1709.1872165532914,135458.3386479592,2554,19,669.439024390244,34,7,19,31.819206276134583,0.6620710784313726,41.398809523809526,1034.4047619047622,30.42366946778712,0
2643,4,0,0,40,0.0,0.0,1.0,40,900,400,500,0.4444444444444444,14,4,10,378.4359855601889,0.8213675213675213,0.2044347671525064,0.23604000607113337,133693.92368620244,2118.91835471934,135812.8420409218,2555,20,685.125,33,7,22,31.66782695422048,0.6638257575757576,41.45220588235294,1034.1911764705883,31.339126559714796,0
2644,4,0,0,40,0.0,0.0,1.0,40,1400,900,500,0.6428571428571429,19,9,10,374.14958883523207,0.8198450854700855,0.20515271694092596,0.23497706891384418,133947.5220618271,2023.2820609861528,135970.80412281325,2556,21,686.125,33,7,19,31.52438242374018,0.6663510101010102,41.20710784313725,1035.1715686274504,31.368835412953043,0
2645,4,0,0,40,0.0,0.0,1.0,40,1000,700,300,0.7,13,7,6,377.1604635692029,0.8189102564102564,0.2111301775147929,0.23748181200892415,134042.68340301796,2111.1201220684243,136153.80352508638,2557,22,687.125,33,7,19,31.351084812623277,0.6672979797979799,41.11519607843137,1035.5392156862738,31.379976232917386,0
2646,4,0,0,40,0.0,0.0,1.0,40,750,600,150,0.8,9,6,3,378.03747517508737,0.8180021367521367,0.20532418362517735,0.23844572687909235,134106.14306997298,2139.4295463283224,136245.5726163013,2558,23,688.125,33,7,19,31.26478939895882,0.667929292929293,41.053921568627445,1035.7843137254895,31.387403446226955,0
2647,4,0,1,39,0.0,0.025,0.975,40,1150,900,250,0.782608695652174,14,9,5,372.0256059442954,0.817280982905983,0.20179120359423042,0.23587650487832443,134296.61218041123,1992.3557045366965,136288.96788494792,2559,24,689.125,33,7,20,31.229802159691012,0.6698232323232324,40.87009803921568,1036.519607843136,31.40968508615564,0
2648,4,0,0,39,0.0,0.0,1.0,39,1200,800,400,0.6666666666666666,16,8,8,368.77803525773254,0.8157332433648223,0.19356339301223868,0.23425878257181573,134365.5771683674,2110.2147108843583,136475.79187925174,2560,25,697.7948717948718,34,5,20,31.244976461132154,0.6681985294117647,40.80357142857143,1036.7857142857147,30.493697478991606,0
2649,4,0,0,39,0.0,0.0,1.0,39,850,400,450,0.47058823529411764,13,4,9,368.77803525773254,0.8157332433648223,0.19356339301223868,0.23425878257181573,134365.5771683674,2110.2147108843583,136475.79187925174,2561,26,698.7948717948718,34,5,20,31.244976461132154,0.6681985294117647,40.80357142857143,1036.7857142857147,30.493697478991606,0
2650,4,0,0,39,0.0,0.0,1.0,39,1000,900,100,0.9,11,9,2,385.830246410594,0.815901934322987,0.2119288019152703,0.2281028416779431,131684.2689043209,2367.6382590072944,134051.9071633282,2562,27,699.7948717948718,32,7,17,33.50248082995038,0.6461588541666667,43.40277777777777,1026.3888888888882,32.07465277777776,4
2651,4,0,0,39,0.0,0.0,1.0,39,1150,800,350,0.6956521739130435,15,8,7,383.8875112536895,0.8144961763382816,0.2122100722690985,0.22753449282179306,131781.48275686146,2317.8530889705025,134099.33584583196,2563,28,700.7948717948718,32,7,18,33.453998606328895,0.6471354166666667,43.3080808080808,1026.7676767676762,32.08648989898988,0
2652,4,0,0,39,0.0,0.0,1.0,39,1650,1300,350,0.7878787878787878,20,13,7,380.6696460510825,0.8130904183535763,0.20907346309828756,0.22659172713369857,131943.58555568312,2245.383602438528,134188.96915812165,2564,29,701.7948717948718,32,7,18,33.372762279300304,0.6487630208333334,43.150252525252526,1027.3989898989903,32.10621843434345,0
2653,4,0,0,39,0.0,0.0,1.0,39,1350,1000,350,0.7407407407407407,17,10,7,383.43707569877495,0.8141587944219524,0.21409201288822954,0.22902136707730944,132073.33953486895,2328.3630178043136,134401.70255267326,2565,30,702.7948717948718,32,7,18,33.17057691520288,0.6500651041666666,43.0239898989899,1027.9040404040409,32.12200126262628,0
2654,4,0,0,39,0.0,0.0,1.0,39,1150,900,250,0.782608695652174,14,9,5,382.12943270623003,0.8133715699505174,0.21753464514117837,0.22863188615186136,132138.24043783802,2298.782171462101,134437.02260930013,2566,31,703.7948717948718,32,7,18,33.13863645667033,0.6507161458333334,42.96085858585859,1028.156565656566,32.12989267676769,0
2655,4,0,0,39,0.0,0.0,1.0,39,1200,900,300,0.75,15,9,6,407.60707104142267,0.8134840305892937,0.22773818300974824,0.22270999816752046,128613.70991941007,2684.771519204379,131298.48143861446,2567,32,704.7948717948718,35,4,17,36.075612353567614,0.6083333333333334,46.41203703703703,1014.3518518518513,28.981481481481467,8
2656,4,1,0,40,0.025,0.0,1.0,40,750,400,350,0.5333333333333333,11,4,7,399.85849862494274,0.8200587606837607,0.22833850931677002,0.21982464778063934,128858.14868922983,2305.005174093019,131163.15386332283,2568,0,688.15,36,4,18,36.02160973084886,0.6087962962962963,46.171171171171174,1015.3153153153158,28.203203203203216,0
2657,4,1,1,40,0.024390243902439025,0.024390243902439025,0.975609756097561,41,950,700,250,0.7368421052631579,12,7,5,391.45752092621126,0.8311991869918699,0.2235903912437185,0.21677486373870822,129145.65659626026,1911.0077139119592,131056.66431017221,2569,0,672.3414634146342,37,4,18,35.94075871988493,0.6097972972972974,45.888157894736835,1016.4473684210516,27.471550497866257,0
2658,4,1,1,40,0.024390243902439025,0.024390243902439025,0.975609756097561,41,950,800,150,0.8421052631578947,11,8,3,389.68019349637166,0.827540650406504,0.2225109956017588,0.21609538002980616,129201.38888888896,1869.4564673745817,131070.84535626354,2570,0,673.3170731707318,36,5,18,35.92896174863387,0.6122685185185186,45.833333333333336,1016.6666666666673,28.24074074074076,0
2659,4,1,1,40,0.024390243902439025,0.024390243902439025,0.975609756097561,41,1100,800,300,0.7272727272727273,14,8,6,391.9698045197014,0.8265752032520325,0.21509110894452932,0.2178387264379956,129287.2702728068,1935.3412111435953,131222.6114839504,2571,0,674.2926829268292,36,5,18,35.782997453216694,0.6131365740740741,45.74887387387388,1017.0045045045061,28.25012512512517,0
2660,4,0,0,40,0.0,0.0,1.0,40,1000,800,200,0.8,12,8,4,398.96143953079365,0.8206730769230769,0.21840458522538508,0.22140275584041397,129230.01284646132,2311.558391161432,131541.57123762276,2572,4,692.15,36,4,18,35.663787056521585,0.6125578703703705,45.80518018018018,1016.7792792792792,28.243868868868866,0
2661,4,3,2,41,0.06976744186046512,0.046511627906976744,0.9534883720930233,43,1050,800,250,0.7619047619047619,13,8,5,380.56946717912933,0.8398855666297527,0.2203067363715614,0.21550929168021132,130023.43885633674,1296.5901692708292,131320.02902560757,2573,0,644.7906976744187,39,4,19,35.322511319919656,0.6151175213675215,45.026041666666664,1019.8958333333328,26.1511752136752,0
2662,4,0,0,41,0.0,0.0,1.0,41,800,600,200,0.75,10,6,4,397.66478059225244,0.8247967479674797,0.23282956755947937,0.22351503185012814,129731.4453125,2117.925347222222,131849.37065972222,2574,1,677.2439024390244,37,4,19,35.184475119291065,0.6157094594594594,45.3125,1018.75,27.533783783783782,0
2663,4,0,0,41,0.0,0.0,1.0,41,1000,800,200,0.8,12,8,4,397.7355203948323,0.8238313008130081,0.2305318836320891,0.22435372558193942,129871.1141889812,2130.871037242224,132001.98522622342,2575,2,678.2439024390244,37,4,20,35.04016064257027,0.617117117117117,45.175438596491226,1019.298245614035,27.548601232811755,0
2664,4,0,0,41,0.0,0.0,1.0,41,1250,900,350,0.72,16,9,7,398.59048259550826,0.823780487804878,0.22610401120136725,0.22580320761896572,130038.81602993225,2166.4468875038406,132205.26291743608,2576,3,679.2439024390244,37,4,20,34.84734465706298,0.6188063063063063,45.0109649122807,1019.9561403508769,27.566382171645323,0
2665,4,0,2,39,0.0,0.04878048780487805,0.9512195121951219,41,1000,700,300,0.7,13,7,6,400.2016774833213,0.8229166666666666,0.23391150739360356,0.2273673266581068,130150.67737188366,2217.303881963682,132367.98125384733,2577,4,680.2439024390244,37,4,20,34.69222365498962,0.6199324324324323,44.901315789473685,1020.3947368421054,27.578236130867715,0
2666,4,0,0,39,0.0,0.0,1.0,39,850,400,450,0.47058823529411764,13,4,9,411.6998977482757,0.8233805668016194,0.23619519514280252,0.23421739989318044,130203.51750042869,2920.954968278466,133124.47246870716,2578,5,678.2051282051282,35,4,20,34.34499508580933,0.6244047619047619,44.84953703703704,1020.601851851852,29.16005291005291,0
2667,4,3,2,40,0.07142857142857142,0.047619047619047616,0.9523809523809523,42,1550,1300,250,0.8387096774193549,18,13,5,380.6932567012993,0.8415602013162988,0.2192949362843728,0.22064670388401844,130924.43795146506,1568.4369249442254,132492.8748764093,2579,0,630.6904761904761,36,6,19,34.40388424295776,0.6296296296296295,44.14414414414415,1023.4234234234241,28.428428428428447,0
2668,4,1,1,40,0.024390243902439025,0.024390243902439025,0.975609756097561,41,1250,1000,250,0.8,15,10,5,388.9124101635396,0.832520325203252,0.22779676727883702,0.2251718806978294,130883.62328800155,1980.4530767746942,132864.07636477624,2580,0,647.0487804878048,35,6,19,34.235027146250424,0.6312499999999999,44.18402777777778,1023.2638888888889,29.23611111111111,0
2669,4,0,0,40,0.0,0.0,1.0,40,1050,700,350,0.6666666666666666,14,7,7,396.0827332751811,0.8285256410256411,0.232773769347143,0.22888627619594037,130810.03578514748,2362.3193027211005,133172.35508786858,2581,2,664.225,34,6,20,34.126372240971335,0.6326593137254901,44.25595238095239,1022.9761904761912,30.087535014005624,0
2670,4,1,0,41,0.024390243902439025,0.0,1.0,41,1250,800,450,0.64,17,8,9,388.46103644345385,0.833130081300813,0.23453559881828756,0.2268432932966971,131212.72243527303,1994.2060303546702,133206.9284656277,2582,0,649.0,36,5,21,33.91267311497032,0.6325231481481481,43.86261261261261,1024.5495495495488,28.45970970970969,0
2671,4,0,0,41,0.0,0.0,1.0,41,800,500,300,0.625,11,5,6,385.4818722912983,0.8320121951219512,0.23119946615354503,0.22561225207222546,131299.26960321804,1922.6976554256867,133221.96725864374,2583,1,650.0,36,5,21,33.90126542870746,0.6333912037037037,43.77815315315315,1024.887387387387,28.469094094094082,0
2672,4,0,0,41,0.0,0.0,1.0,41,1150,800,350,0.6956521739130435,15,8,7,384.923764939001,0.8319105691056911,0.22932891852819104,0.2261967742281994,131453.76778162242,1919.9453531842375,133373.71313480666,2584,2,651.0,33,8,22,33.75906230082855,0.6414141414141414,43.627450980392155,1025.4901960784312,31.075460487225186,0
2673,4,1,1,41,0.023809523809523808,0.023809523809523808,0.9761904761904762,42,1250,1000,250,0.8,15,10,5,371.75047258979225,0.838342044134727,0.2200828157349899,0.22036754818467053,131786.11288265296,1398.3099489795816,133184.42283163255,2585,0,636.4761904761905,34,8,18,33.760869565217384,0.6424632352941178,43.30357142857142,1026.7857142857135,30.199579831932752,0
2674,4,0,0,41,0.0,0.0,1.0,41,1300,1000,300,0.7692307692307693,16,10,6,378.18852015961636,0.8293191056910569,0.22420856177046922,0.22389294935527235,131736.68368235763,1764.26029051325,133500.94397287088,2586,4,653.0,33,8,18,33.645572201663285,0.6442550505050506,43.3517156862745,1026.593137254901,31.10888294711821,0
2675,4,0,0,41,0.0,0.0,1.0,41,750,400,350,0.5333333333333333,11,4,7,379.5530942320274,0.8276930894308943,0.23084153762430115,0.225445392116132,131862.52170138893,1809.7656250000095,133672.28732638893,2587,5,654.0,33,8,18,33.483350236646395,0.6455176767676767,43.22916666666667,1027.0833333333337,31.123737373737384,0
2676,4,1,1,41,0.023809523809523808,0.023809523809523808,0.9761904761904762,42,850,600,250,0.7058823529411765,11,6,5,375.9790614042407,0.8310588463027487,0.216099195784345,0.22540479607711555,132214.2874858276,1541.9607426303799,133756.248228458,2588,0,639.4047619047619,34,8,18,33.219990739668944,0.6467524509803921,42.88690476190476,1028.4523809523805,30.248599439775898,0
2677,4,0,0,41,0.0,0.0,1.0,41,1400,1200,200,0.8571428571428571,16,12,4,388.51183911111843,0.8269817073170732,0.2285399386019864,0.23353021053040493,132313.38158135183,2081.063043436426,134394.44462478824,2589,7,656.0,37,4,21,32.79767931365233,0.6416103603603605,42.79057017543859,1028.8377192982446,27.8064248458985,1
2678,4,0,1,40,0.0,0.024390243902439025,0.975609756097561,41,900,800,100,0.8888888888888888,10,8,2,387.9755445917818,0.8257621951219513,0.22474572923866898,0.23373160857114633,132398.00347222204,2073.4916031855714,134471.4950754076,2590,8,657.0,35,6,21,32.72604588394062,0.6464285714285715,42.70833333333332,1029.1666666666652,29.404761904761862,0
2679,4,0,0,40,0.0,0.0,1.0,40,550,200,350,0.36363636363636365,9,2,7,397.0974633708338,0.8208333333333333,0.22967330633687255,0.23885974475439797,132340.06123944878,2510.3805241051723,134850.44176355394,2591,9,673.875,36,4,21,32.5498887308015,0.6438078703703705,42.76463963963963,1028.9414414414405,28.58170670670668,0
2680,4,0,0,40,0.0,0.0,1.0,40,1250,900,350,0.72,16,9,7,396.54749228783373,0.8212072649572649,0.23727735368956715,0.23908993154258093,132428.6352040817,2502.8740026568253,134931.5092067385,2592,10,674.875,34,6,21,32.47455470737915,0.6488970588235293,42.67857142857143,1029.2857142857147,30.27310924369749,0
2681,4,0,0,40,0.0,0.0,1.0,40,950,500,450,0.5263157894736842,14,5,9,395.3452579051233,0.820806623931624,0.2322777340676634,0.2391153473543087,132546.94097490128,2480.360912851488,135027.30188775278,2593,11,675.875,35,5,21,32.38603368176537,0.6479166666666667,42.5636574074074,1029.7453703703693,29.421296296296266,0
2682,4,1,1,40,0.024390243902439025,0.024390243902439025,0.975609756097561,41,1400,1000,400,0.7142857142857143,18,10,8,386.605726093219,0.8270833333333333,0.2329925841000413,0.23590224805026191,132878.03849501765,2074.282110841794,134952.32060585945,2594,0,660.3658536585366,37,4,18,32.27726523449963,0.647240990990991,42.24232456140351,1031.0307017543855,27.865694642010418,0
2683,4,0,0,40,0.0,0.0,1.0,40,1000,500,500,0.5,15,5,10,368.17741453946,0.8185363247863248,0.21667321729365518,0.22410252060655436,132785.41512613595,1779.0436939850167,134564.45882012096,2595,13,677.875,35,5,16,32.84542859816582,0.6502976190476191,42.332175925925924,1030.671296296296,29.447751322751316,2
2684,4,1,0,41,0.024390243902439025,0.0,1.0,41,850,500,350,0.5882352941176471,12,5,7,387.96089281195964,0.8243394308943089,0.21310416770155505,0.22410446867137893,130794.81336805546,1983.6279095936122,132778.44127764908,2596,0,662.3170731707318,33,8,17,34.34954175152749,0.6347853535353536,44.27083333333333,1022.9166666666658,30.997474747474723,6
2685,4,0,0,41,0.0,0.0,1.0,41,450,200,250,0.4444444444444444,7,2,5,391.25710642074074,0.823780487804878,0.21856860322106586,0.22637599317441223,130857.49959450708,2039.7853289600334,132897.28492346712,2597,1,663.3170731707318,33,8,17,34.20157603705034,0.6354166666666665,44.20955882352942,1023.1617647058837,31.004901960784355,0
2686,4,0,0,41,0.0,0.0,1.0,41,1250,900,350,0.72,16,9,7,389.8323418063819,0.8232215447154472,0.21236528644356212,0.22652419861722184,131023.24263038543,2015.4195011337786,133038.6621315192,2598,2,664.3170731707318,34,7,17,34.06976744186046,0.6348039215686274,44.047619047619044,1023.8095238095233,30.112044817927156,0
2687,4,0,0,41,0.0,0.0,1.0,41,1250,1000,250,0.8,15,10,5,388.40346935544136,0.8220528455284553,0.2133836190854279,0.2259175209327803,131061.33355034718,1980.935329861106,133042.26888020828,2599,3,665.3170731707318,35,6,17,34.06769243811461,0.6330357142857144,44.010416666666664,1023.9583333333329,29.25595238095237,0
2688,4,1,1,41,0.023809523809523808,0.023809523809523808,0.9761904761904762,42,900,600,300,0.6666666666666666,12,6,6,378.5286260608287,0.8267276422764228,0.21164266914383023,0.2220632512013527,131389.14399092982,1547.4529655612382,132936.59695649106,2600,0,650.452380952381,34,8,17,33.988427001083764,0.6384803921568627,43.6904761904762,1025.238095238096,30.154061624649884,0
2689,4,0,0,41,0.0,0.0,1.0,41,1000,600,400,0.6,14,6,8,386.3895743356484,0.8195630081300813,0.21493385930019193,0.2259638897733048,131268.8145683301,1944.1802769204605,133212.99484525056,2601,5,667.3170731707318,35,6,19,33.90887357879677,0.6351190476190476,43.80787037037038,1024.76851851852,29.279100529100575,0
2690,4,1,1,41,0.023809523809523808,0.023809523809523808,0.9761904761904762,42,700,500,200,0.7142857142857143,9,5,4,375.0901317378776,0.823872435152923,0.20529064706451328,0.22072036835730885,131506.13667052472,1465.344221536359,132971.48089206108,2602,0,652.4047619047619,35,7,19,33.95819228165201,0.6375,43.57638888888889,1025.6944444444448,29.305555555555564,0
2691,4,0,0,41,0.0,0.0,1.0,41,1250,900,350,0.72,16,9,7,371.46608016235416,0.8188008130081301,0.17919057527505822,0.20894670310985325,129760.92470689725,1443.3704936128172,131204.29520051007,2603,7,669.3170731707318,35,6,15,35.82171324169789,0.6199404761904762,45.28356481481481,1018.8657407407404,29.110449735449727,5
2692,4,0,0,41,0.0,0.0,1.0,41,600,300,300,0.5,9,3,6,370.7682332655782,0.8183943089430894,0.1759289014971026,0.20871122286893545,129790.4074502743,1424.4320130315455,131214.83946330583,2604,8,670.3170731707318,35,6,15,35.80948053914888,0.6202380952380953,45.254629629629626,1018.9814814814811,29.113756613756603,0
2693,4,1,1,41,0.023809523809523808,0.023809523809523808,0.9761904761904762,42,500,300,200,0.6,7,3,4,363.7274333085693,0.8236788617886179,0.17114672724213387,0.2058697272526503,130004.05811216631,1057.208475367272,131061.26658753358,2605,0,655.3333333333334,36,6,15,35.771633907538295,0.6203703703703705,45.04504504504505,1019.8198198198205,28.328328328328347,0
2694,4,1,0,42,0.023809523809523808,0.0,1.0,42,1400,1100,300,0.7857142857142857,17,11,6,364.1312264886585,0.8219125048393341,0.18899991594166332,0.20731692442796507,130233.84871357861,1084.442212482769,131318.2909260614,2606,0,656.3095238095239,36,6,18,35.52791262135921,0.6226851851851851,44.81981981981983,1020.720720720722,28.35335335335339,0
2695,4,2,2,42,0.045454545454545456,0.045454545454545456,0.9545454545454546,44,1100,900,200,0.8181818181818182,13,9,4,357.53255302469006,0.83434637068358,0.20810115730818746,0.206978522631911,130878.94833025539,558.7000771406638,131437.64840739605,2607,0,627.4318181818181,37,7,17,35.04250607229605,0.6272522522522522,44.18859649122807,1023.2456140350871,27.655286865813164,0
2696,4,0,0,42,0.0,0.0,1.0,42,1050,800,250,0.7619047619047619,13,8,5,374.12663425120513,0.828760162601626,0.22052571169918678,0.21594755498875898,130765.21675936643,1384.5500846622099,132149.76684402864,2608,1,655.6904761904761,35,7,17,34.73334182037645,0.6300595238095238,44.29976851851852,1022.8009259259261,29.2228835978836,0
2697,4,1,1,42,0.023255813953488372,0.023255813953488372,0.9767441860465116,43,850,600,250,0.7058823529411765,11,6,5,366.7807764046155,0.8379014396456257,0.21676540240103415,0.21341842185935855,131075.368442694,1015.185080986469,132090.55352368046,2609,0,641.4186046511628,37,6,17,34.607001998786465,0.6292229729729729,43.996710526315795,1024.0131578947373,27.67603129445236,0
2698,4,1,2,41,0.023255813953488372,0.046511627906976744,0.9534883720930233,43,1100,500,600,0.45454545454545453,17,5,12,368.40603160102984,0.8318567737172388,0.21477091417775784,0.21499172724849594,131187.6746330601,1066.0661213065464,132253.74075436662,2610,0,642.3953488372093,37,6,17,34.451706268507614,0.6303490990990992,43.88706140350877,1024.4517543859643,27.68788525367471,0
2699,4,0,0,41,0.0,0.0,1.0,41,1050,600,450,0.5714285714285714,15,6,9,383.30981948071826,0.823069105691057,0.2185608515214601,0.22261164499717354,131002.08340031296,1842.876987954392,132844.96038826735,2611,4,674.390243902439,35,6,18,34.2581731675146,0.632440476190476,44.06828703703704,1023.7268518518521,29.24933862433863,0
2700,4,0,0,41,0.0,0.0,1.0,41,1300,900,400,0.6923076923076923,17,9,8,387.82743346732974,0.8223577235772358,0.2153529818720039,0.22593054369666896,131120.59709630063,1970.4329293124179,133091.03002561306,2612,5,675.390243902439,35,6,18,34.02232361472105,0.6336309523809524,43.9525462962963,1024.1898148148152,29.26256613756615,0
2701,4,0,0,41,0.0,0.0,1.0,41,1400,1200,200,0.8571428571428571,16,12,4,392.68227491128414,0.8233739837398374,0.21597434230103718,0.22928914891257832,131209.51753257884,2104.7303669410157,133314.24789951986,2613,6,676.390243902439,35,6,18,33.8078023798765,0.6345238095238095,43.86574074074074,1024.537037037037,29.27248677248677,0
2702,4,0,0,41,0.0,0.0,1.0,41,1350,1100,250,0.8148148148148148,16,11,5,392.1517664069745,0.8243394308943089,0.2245650623749249,0.2215692307176882,129935.6020915515,1990.8951758711273,131926.49726742262,2614,7,677.390243902439,38,3,15,35.11670858220686,0.615953947368421,45.11217948717948,1019.5512820512811,26.830296896086345,6
2703,4,0,0,41,0.0,0.0,1.0,41,1050,800,250,0.7619047619047619,13,8,5,396.85949886701303,0.8229674796747968,0.23805777228279235,0.22501273724360074,130071.79578493664,2124.045538388469,132195.84132332512,2615,8,678.390243902439,38,3,15,34.85786726714145,0.6173245614035088,44.97863247863247,1020.0854700854687,26.844354475933386,0
2704,4,1,0,42,0.023809523809523808,0.0,1.0,42,900,500,400,0.5555555555555556,13,5,8,388.41381664540063,0.8300183894696089,0.23811886125853743,0.22229033001832374,130435.08193582104,1732.9770744076966,132168.05901022875,2616,0,663.2142857142857,36,6,16,34.7035424245765,0.6247106481481481,44.62274774774775,1021.5090090090097,28.375250250250268,0
2705,4,2,2,42,0.045454545454545456,0.045454545454545456,0.9545454545454546,44,1200,900,300,0.75,15,9,6,373.3513521837475,0.8372093023255814,0.22790621530051514,0.21635405944150748,130917.78897518087,975.6667077580613,131893.45568293892,2617,0,634.0227272727273,38,6,13,34.59847061279884,0.6258223684210527,44.15064102564103,1023.3974358974364,26.931511470985168,0
2706,4,2,1,43,0.045454545454545456,0.022727272727272728,0.9772727272727273,44,950,700,250,0.7368421052631579,12,7,5,363.95799616093905,0.8386848132487668,0.22927124000743615,0.2045694943939075,129731.44531250026,644.0014279257347,130375.44674042599,2618,0,634.9772727272727,39,5,13,36.042944785276084,0.612179487179487,45.312500000000014,1018.750000000002,26.121794871794926,8
2707,4,0,0,43,0.0,0.0,1.0,43,1600,1100,500,0.6875,21,11,10,374.31263169420265,0.8372093023255813,0.2286281288321872,0.21090184251216765,129826.69850107744,1119.154636021615,130945.85313709905,2619,1,616.7906976744187,38,5,14,35.682243072299684,0.6148574561403508,45.21901709401709,1019.1239316239311,26.819050832208713,0
2708,4,0,0,43,0.0,0.0,1.0,43,1100,800,300,0.7272727272727273,14,8,6,373.5625135002566,0.8369785898855666,0.2245096438138472,0.21077232059763124,129881.14458917725,1103.7453658046438,130984.88995498189,2620,2,617.7906976744187,38,5,14,35.6459403277085,0.615405701754386,45.16559829059828,1019.3376068376052,26.824673864147506,0
2709,4,2,1,44,0.044444444444444446,0.022222222222222223,0.9777777777777777,45,1200,900,300,0.75,15,9,6,363.09022053909575,0.8476430976430976,0.21479712548369312,0.20756864143446593,130392.29811124329,468.8336555621644,130861.13176680545,2621,0,591.2888888888889,40,5,16,35.393656716417915,0.6171875,44.66463414634146,1021.341463414634,25.533536585365848,0
2710,4,1,2,43,0.022222222222222223,0.044444444444444446,0.9555555555555556,45,1750,1500,250,0.8571428571428571,20,15,5,366.95406832267406,0.8450757575757576,0.2100009941346055,0.211045796069627,130625.9411250743,586.744104864818,131212.68522993912,2622,0,592.2666666666667,40,5,10,35.05794976306456,0.6195312500000001,44.43597560975609,1022.2560975609751,25.556402439024378,0
2711,4,1,0,44,0.022727272727272728,0.0,1.0,44,1250,600,650,0.48,19,6,13,376.1801586127192,0.8396758280479211,0.21697667525056907,0.2164028180905761,130635.03146701399,1028.4613715277824,131663.49283854177,2623,0,606.6818181818181,39,5,11,34.81293730045513,0.6212606837606838,44.427083333333336,1022.2916666666675,26.21260683760686,0
2712,4,0,0,44,0.0,0.0,1.0,44,1150,900,250,0.782608695652174,14,9,5,376.82314352629606,0.8383764975334743,0.22097168466082762,0.21737071816340592,130741.54188368034,1053.287760416646,131794.829644097,2624,1,607.6818181818181,39,5,13,34.68841243973654,0.6223290598290598,44.32291666666666,1022.7083333333317,26.223290598290557,0
2713,4,0,0,44,0.0,0.0,1.0,44,1350,900,450,0.6666666666666666,18,9,9,379.0225890990887,0.8352713178294574,0.22260882440035568,0.21954704689324564,130901.38888888883,1122.916666666662,132024.3055555555,2625,2,608.6818181818181,39,5,15,34.470005428881656,0.6239316239316239,44.166666666666664,1023.3333333333328,26.239316239316224,0
2714,4,0,0,44,0.0,0.0,1.0,44,1250,900,350,0.72,16,9,7,373.87528782381133,0.8340160324171952,0.22250154953421486,0.21701550227079697,130981.34901258674,994.1379123263838,131975.48692491313,2626,3,609.6818181818181,39,5,15,34.520644652488045,0.6247329059829061,44.088541666666664,1023.6458333333328,26.247329059829045,0
2715,4,0,0,44,0.0,0.0,1.0,44,1400,700,700,0.5,21,7,14,372.0706166951419,0.8328047921071178,0.21935492817127944,0.2170191248268107,131168.01757812515,960.7530381944582,132128.7706163196,2627,4,610.6818181818181,39,5,18,34.37775405057284,0.6266025641025641,43.90625000000001,1024.3750000000011,26.26602564102567,0
2716,4,0,0,44,0.0,0.0,1.0,44,1000,700,300,0.7,13,7,6,372.3053361538526,0.8334874911909796,0.21832460007208399,0.21760948257548735,131248.0590820314,972.8705512152927,132220.92963324668,2628,5,611.6818181818181,39,5,18,34.290709396496226,0.627403846153846,43.82812500000001,1024.6875000000011,26.274038461538492,0
2717,4,0,0,44,0.0,0.0,1.0,44,1000,700,300,0.7,13,7,6,372.61462487177687,0.8335315362931642,0.22248766443474266,0.21902803332175025,131465.04635336742,997.1842002046355,132462.23055357207,2629,6,612.6818181818181,38,6,19,34.063227072264475,0.6313048245614037,43.61645299145298,1025.5341880341862,26.98774179037332,0
2718,4,0,0,44,0.0,0.0,1.0,44,1600,1400,200,0.875,18,14,4,371.8925781250003,0.8331571529245948,0.22492897727272743,0.21876034007352926,131492.43918474665,980.2124424720314,132472.65162721867,2630,7,613.6818181818181,38,6,19,34.05403645833332,0.6315789473684212,43.58974358974358,1025.6410256410238,26.990553306342733,0
2719,4,0,2,42,0.0,0.045454545454545456,0.9545454545454546,44,1050,700,350,0.6666666666666666,14,7,7,372.3293647279322,0.8323202959830868,0.22461813639202788,0.21996284609941646,131656.85609796166,1003.9427186061569,132660.7988165678,2631,8,614.6818181818181,38,6,15,33.876613574849046,0.6332236842105264,43.42948717948717,1026.2820512820497,27.007422402159204,0
2720,4,0,0,42,0.0,0.0,1.0,42,1200,800,400,0.6666666666666666,16,8,8,376.0768826539174,0.8260743321718932,0.24590982008956308,0.2221120305654666,131645.7436110097,1501.7841743770823,133147.52778538677,2632,9,643.1904761904761,36,6,15,33.791698672226474,0.6368634259259259,43.44031531531532,1026.2387387387391,28.50663163163164,0
2721,4,0,1,41,0.0,0.023809523809523808,0.9761904761904762,42,700,500,200,0.7142857142857143,9,5,4,382.58800182754953,0.8251306620209059,0.24705384567166067,0.22647222238051531,131732.43344696023,1679.849697670617,133412.28314463084,2633,10,644.1904761904761,36,6,16,33.53695882697089,0.6377314814814816,43.35585585585584,1026.5765765765748,28.516016016015968,0
2722,4,1,0,42,0.023809523809523808,0.0,1.0,42,1000,700,300,0.7,13,7,6,375.44203645806897,0.8279616724738676,0.23759730097758314,0.22383223700286362,132003.3327562325,1511.9200138503916,133515.25277008288,2634,0,632.952380952381,37,5,18,33.44670294494238,0.6385135135135136,43.09210526315788,1027.6315789473667,27.77382645803694,0
2723,4,0,0,42,0.0,0.0,1.0,42,1600,1300,300,0.8125,19,13,6,377.5225332043631,0.8270663956639567,0.24149006942011142,0.22591121849759468,132144.21895438968,1577.48405759463,133721.70301198433,2635,1,633.952380952381,37,5,18,33.251017560698166,0.6399211711711712,42.955043859649116,1028.1798245614025,27.78864390706493,0
2724,4,0,0,42,0.0,0.0,1.0,42,650,300,350,0.46153846153846156,10,3,7,377.0801465325843,0.8273325590398761,0.2395925328135946,0.2264894964640657,132285.18029586025,1576.4230340104618,133861.6033298707,2636,2,634.952380952381,37,5,18,33.12015917004192,0.6413288288288288,42.81798245614035,1028.7280701754385,27.80346135609293,0
2725,4,1,0,43,0.023255813953488372,0.0,1.0,43,1200,500,700,0.4166666666666667,19,5,14,368.86139315230224,0.8329641934293097,0.2001087284808214,0.22092662782146288,132178.18737900865,1151.086068193435,133329.27344720208,2637,0,621.1627906976744,38,5,15,33.43939393939393,0.6384320175438596,42.922008547008545,1028.3119658119656,27.060841205578043,4
2726,4,0,0,43,0.0,0.0,1.0,43,1350,900,450,0.6666666666666666,18,9,9,366.3648450616744,0.8328257659653008,0.19343620951966956,0.2202305529303324,132315.55103550298,1095.1532708744269,133410.70430637742,2638,1,622.1627906976744,38,5,15,33.36513499480789,0.6398026315789473,42.78846153846154,1028.846153846154,27.074898785425106,0
2727,4,1,1,43,0.022727272727272728,0.022727272727272728,0.9772727272727273,44,1200,1000,200,0.8333333333333334,14,10,4,359.52295515064964,0.836350422832981,0.19194474081159596,0.21720812278172522,132505.23003472234,727.7343750000082,133232.96440972234,2639,0,609.0,39,5,16,33.350195602320234,0.6399572649572649,42.60416666666667,1029.5833333333344,26.399572649572676,0
2728,4,0,1,42,0.0,0.023255813953488372,0.9767441860465116,43,1400,1000,400,0.7142857142857143,18,10,8,363.6916413734159,0.8317644887412329,0.19977695274970886,0.21926190694564995,132425.49332493235,1032.409005405786,133457.90233033814,2640,3,624.1627906976744,38,5,16,33.323169676838944,0.6408991228070176,42.681623931623925,1029.2735042735035,27.086144849302723,0
2729,4,0,0,42,0.0,0.0,1.0,42,1050,700,350,0.6666666666666666,14,7,7,368.9619564326577,0.8254210220673636,0.20387507229612511,0.2222770810704059,132398.00347222213,1369.9652777777678,133767.9687499999,2641,4,639.8809523809524,37,5,18,33.215249662618085,0.642454954954955,42.70833333333333,1029.1666666666658,27.815315315315292,0
2730,4,0,0,42,0.0,0.0,1.0,42,1150,900,250,0.782608695652174,14,9,5,368.65892607866675,0.8240176151761518,0.21017887563884186,0.2230956593898732,132567.3284087409,1374.4257848568527,133941.75419359776,2642,5,640.8809523809524,37,5,18,33.052509227711525,0.6441441441441442,42.543859649122794,1029.8245614035068,27.83309625414883,0
2731,4,0,1,41,0.0,0.023809523809523808,0.9761904761904762,42,950,700,250,0.7368421052631579,12,7,5,365.812272108104,0.8243805652342238,0.18689754382765722,0.22287758717357664,132821.51870046562,1317.548308133278,134139.06700859888,2643,6,641.8809523809524,37,5,15,32.870062581994816,0.6466779279279279,42.29714912280702,1030.8114035087726,27.85976766239926,4
2732,4,0,1,40,0.0,0.024390243902439025,0.975609756097561,41,1200,800,400,0.6666666666666666,16,8,8,364.453179230876,0.8234247967479674,0.1924983407997345,0.2232275722789115,133019.3905817174,1495.8679593721056,134515.2585410895,2644,7,653.8780487804878,37,4,16,32.70620748299318,0.6486486486486487,42.10526315789473,1031.5789473684206,27.880512091038394,0
2733,4,0,0,40,0.0,0.0,1.0,40,1200,900,300,0.75,15,9,6,367.98078106955927,0.8189636752136752,0.21589619037223007,0.22548976156376152,133036.20501836305,1790.9533266374597,134827.1583450005,2645,8,670.7,36,4,16,32.59833351526398,0.6507523148148149,42.08896396396397,1031.644144144145,28.656781781781806,0
2734,4,0,0,40,0.0,0.0,1.0,40,1500,1100,400,0.7333333333333333,19,11,8,365.2998724822481,0.8189369658119658,0.21513531209078973,0.2243705114897671,133123.3513919326,1725.9886575765054,134849.3400495091,2646,9,671.7,36,4,17,32.57993234395459,0.6516203703703705,42.00450450450451,1031.981981981983,28.666166166166192,0
2735,4,0,0,40,0.0,0.0,1.0,40,1000,500,500,0.5,15,5,10,366.51093518919276,0.8171741452991453,0.2209524329042114,0.22546572026470751,133181.46482631282,1762.4926446717009,134943.95747098452,2647,10,672.7,36,4,17,32.49031747763473,0.6521990740740742,41.9481981981982,1032.2072072072074,28.67242242242243,0
2736,4,0,0,40,0.0,0.0,1.0,40,1400,1100,300,0.7857142857142857,17,11,6,365.79478335283903,0.8158386752136753,0.22338076545633023,0.2259059904463895,133326.8038942658,1754.0498691258733,135080.85376339167,2648,11,673.7,36,4,17,32.362883000763276,0.6536458333333335,41.80743243243243,1032.7702702702695,28.68806306306304,0
2737,4,0,0,40,0.0,0.0,1.0,40,950,500,450,0.5263157894736842,14,5,9,363.17530196070294,0.8155448717948718,0.21979507303248358,0.22481580433113943,133414.0453798392,1690.5372433243963,135104.5826231636,2649,12,674.7,36,4,18,32.34298924496766,0.654513888888889,41.72297297297297,1033.1081081081072,28.697447447447423,0
2738,4,0,0,40,0.0,0.0,1.0,40,850,600,250,0.7058823529411765,11,6,5,363.4039497975529,0.8143963675213676,0.22246104391413302,0.22548735951941462,133501.3153990138,1702.9810638340944,135204.2964628479,2650,13,675.7,36,4,19,32.24955504703787,0.6553819444444444,41.63851351351351,1033.4459459459454,28.706831831831817,0
2739,4,0,1,39,0.0,0.025,0.975,40,1050,800,250,0.7619047619047619,13,8,5,363.89542465162384,0.8136217948717949,0.22375245151449108,0.2259697028046416,133530.41174620567,1718.2211772583398,135248.63292346403,2651,14,676.7,36,4,19,32.207679596135684,0.6556712962962963,41.61036036036036,1033.5585585585586,28.70995995995996,0
2740,4,0,0,39,0.0,0.0,1.0,39,1100,800,300,0.7272727272727273,14,8,6,373.52056369749045,0.8137089518668467,0.21933557297499107,0.23195678955623017,133532.0283028978,2175.3916966735273,135707.4199995713,2652,15,655.4102564102565,35,4,19,31.957353490108254,0.6577380952380951,41.6087962962963,1033.5648148148148,29.53042328042328,0
2741,4,0,1,38,0.0,0.02564102564102564,0.9743589743589743,39,1250,1000,250,0.8,15,10,5,373.18215830349374,0.8126968061178588,0.22004098431230745,0.23249716891795058,133651.68065200606,2175.2845293209753,135826.96518132705,2653,16,656.4102564102565,35,4,19,31.846037609133642,0.6589285714285715,41.49305555555555,1034.027777777777,29.54365079365077,0
2742,4,0,0,38,0.0,0.0,1.0,38,1100,600,500,0.5454545454545454,16,6,10,375.36337374462755,0.8112553342816501,0.2212774078629287,0.2340833903603432,133687.58680555562,2436.284722222227,136123.87152777784,2654,17,667.8421052631579,34,4,19,31.75362610797742,0.6614583333333333,41.458333333333336,1034.1666666666672,30.416666666666682,0
2743,4,0,1,37,0.0,0.02631578947368421,0.9736842105263158,38,850,400,450,0.47058823529411764,13,4,9,347.4499883880137,0.8125,0.15748869301308277,0.20718659817979676,132011.157795889,1587.5175486539763,133598.67534454298,2655,18,668.8421052631579,35,3,17,34.15796166985773,0.6425595238095239,43.08449074074074,1027.6620370370367,29.361772486772477,5
2744,4,0,1,36,0.0,0.02702702702702703,0.972972972972973,37,1000,600,400,0.6,14,6,8,352.75288419470246,0.8134384384384384,0.142726996659581,0.21045719759867781,132030.6990504536,1914.841978458062,133945.54102891166,2656,19,661.0,34,3,17,34.00203675817599,0.6449142156862744,43.0654761904762,1027.738095238096,30.22759103641459,0
2745,4,0,0,36,0.0,0.0,1.0,36,500,300,200,0.6,7,3,4,358.9514888287686,0.8112764550264551,0.15596557628187813,0.21381023465017968,131969.53125000012,2274.1319444444575,134243.66319444458,2657,20,679.3055555555555,34,2,17,33.904433630711004,0.6443014705882353,43.12500000000001,1027.500000000001,30.220588235294144,0
2746,4,1,0,37,0.02702702702702703,0.0,1.0,37,900,700,200,0.7777777777777778,11,7,4,347.04430225186974,0.8161911911911912,0.15228772079165753,0.20874315609060365,132338.45191400888,1785.4611411179658,134123.91305512685,2658,0,661.918918918919,35,2,19,33.83905136857893,0.6458333333333334,42.7662037037037,1028.935185185185,29.39814814814814,0
2747,4,0,0,37,0.0,0.0,1.0,37,1050,700,350,0.6666666666666666,14,7,7,347.89727186382106,0.8133133133133134,0.1499340581868127,0.2099184759807886,132457.56842635458,1816.325338648831,134273.89376500342,2659,1,662.918918918919,35,2,19,33.6973427779027,0.6470238095238094,42.65046296296296,1029.398148148148,29.411375661375658,0
2748,4,2,2,37,0.05128205128205128,0.05128205128205128,0.9487179487179487,39,950,700,250,0.7368421052631579,12,7,5,333.79191384572425,0.824055330634278,0.138195421479131,0.2038298154418952,132906.30290089245,1072.609841489671,133978.91274238212,2660,0,629.8717948717949,37,2,15,33.6102545016305,0.6475225225225225,42.214912280701746,1031.1403508771918,27.868658131815994,0
2749,4,0,0,37,0.0,0.0,1.0,37,1050,700,350,0.6666666666666666,14,7,7,349.8364548009789,0.8094344344344344,0.1523507108141502,0.21260027010874497,132725.77649444863,1886.4630219049943,134612.2395163536,2661,3,664.918918918919,35,2,16,33.37791100378149,0.649702380952381,42.39004629629629,1030.439814814814,29.441137566137545,0
2750,4,0,1,36,0.0,0.02702702702702703,0.972972972972973,37,1150,900,250,0.782608695652174,14,9,5,349.5455056465934,0.808933933933934,0.15699161606874634,0.2131007405061058,132845.06715374222,1887.0792341820866,134732.1463879243,2662,4,665.918918918919,35,2,16,33.26561973728528,0.6508928571428572,42.27430555555555,1030.9027777777771,29.45436507936506,0
2751,4,0,0,36,0.0,0.0,1.0,36,900,600,300,0.6666666666666666,12,6,6,355.90887761550033,0.8024140211640212,0.1662976653446797,0.21652165520150263,132765.8180980724,2250.506660997715,135016.32475907012,2663,26,685.3055555555555,34,2,16,33.18124061453159,0.6522671568627452,42.35119047619047,1030.595238095237,30.31162464985991,0
2752,4,0,0,36,0.0,0.0,1.0,36,1300,900,400,0.6923076923076923,17,9,8,357.2543188926081,0.8012896825396826,0.1695050610014246,0.21805353459681992,132888.53635204062,2295.0007086167584,135183.53706065737,2664,27,686.3055555555555,34,2,16,33.02327483354501,0.6534926470588236,42.23214285714285,1031.071428571427,30.325630252100797,0
2753,4,0,0,36,0.0,0.0,1.0,36,750,300,450,0.4,12,3,9,355.1988981936404,0.8010582010582011,0.16570461017470905,0.21697692920686257,132919.2247732426,2242.552437641716,135161.77721088432,2665,28,687.3055555555555,34,2,16,33.04543792811514,0.6537990196078431,42.20238095238095,1031.190476190476,30.329131652661058,0
2754,4,0,0,36,0.0,0.0,1.0,36,850,600,250,0.7058823529411765,11,6,5,353.08917139270443,0.7999338624338624,0.16217914198528116,0.2163982149426574,133042.01388888882,2195.1388888888796,135237.1527777777,2666,29,688.3055555555555,34,2,17,32.97657512116317,0.6550245098039216,42.08333333333333,1031.666666666666,30.343137254901944,0
2755,4,0,1,35,0.0,0.027777777777777776,0.9722222222222222,36,1350,1100,250,0.8148148148148148,16,11,5,355.39298832362863,0.7981481481481482,0.16067538126361658,0.21852888005431628,133164.85969387757,2265.171485260774,135430.03117913834,2667,30,689.3055555555555,34,2,17,32.79387735486352,0.65625,41.964285714285715,1032.1428571428573,30.35714285714286,0
2756,4,0,0,35,0.0,0.0,1.0,35,950,600,350,0.631578947368421,13,6,7,363.06636219583356,0.7975490196078431,0.15950345950345945,0.22357244408901333,133219.0743944637,2673.4729430988127,135892.54733756252,2668,31,702.0857142857143,33,2,17,32.54144903450458,0.6590909090909091,41.911764705882355,1032.352941176471,31.28342245989306,0
2757,4,0,0,35,0.0,0.0,1.0,35,1200,1000,200,0.8333333333333334,14,10,4,361.8989345094002,0.7965686274509803,0.15299801657936252,0.2234228806674518,133313.97667063161,2649.23722246253,135963.21389309416,2669,32,703.0857142857143,33,2,18,32.47634092796963,0.6600378787878787,41.81985294117648,1032.720588235295,31.294563279857424,0
2758,4,0,0,35,0.0,0.0,1.0,35,750,500,250,0.6666666666666666,10,5,5,360.3129606346221,0.795798319327731,0.15004660779960344,0.22282303339612822,133377.2636275711,2611.5113477989235,135988.77497537003,2670,33,704.0857142857143,33,2,18,32.45380531498398,0.6606691919191918,41.75857843137255,1032.9656862745096,31.301990493166958,0
2759,4,0,0,35,0.0,0.0,1.0,35,850,600,250,0.7058823529411765,11,6,5,358.02549427679503,0.7936974789915966,0.14608294930875587,0.221975806451613,133472.22222222228,2557.291666666678,136029.51388888896,2671,34,705.0857142857143,33,2,18,32.4176747311828,0.6616161616161615,41.66666666666667,1033.333333333334,31.313131313131333,0
2760,4,0,0,35,0.0,0.0,1.0,35,750,600,150,0.8,9,6,3,359.95323044182396,0.7933473389355742,0.14967728820450277,0.22336170657217816,133503.882596237,2611.0307634082997,136114.9133596453,2672,35,706.0857142857143,33,2,18,32.336134827463525,0.6619318181818181,41.6360294117647,1033.455882352941,31.316844919786092,0
2761,4,1,1,35,0.027777777777777776,0.027777777777777776,0.9722222222222222,36,1100,800,300,0.7272727272727273,14,8,6,353.4236219985519,0.7979497354497355,0.15433093010175392,0.22132263129765214,133841.5249433106,2260.5513038548643,136102.07624716545,2673,0,687.4444444444445,34,2,15,32.16679130234698,0.6629901960784315,41.3095238095238,1034.7619047619041,30.434173669467768,0
2762,4,1,1,35,0.027777777777777776,0.027777777777777776,0.9722222222222222,36,650,400,250,0.6153846153846154,9,4,5,354.39647652474247,0.8011904761904762,0.15254128956383917,0.22193185691304468,133841.52494331056,2286.592970521531,136128.1179138321,2674,0,688.4166666666666,34,2,15,32.14162448228256,0.6629901960784315,41.3095238095238,1034.761904761904,30.43417366946776,0
2763,4,0,0,35,0.0,0.0,1.0,35,900,600,300,0.6666666666666666,12,6,6,360.8128748231172,0.7934173669467787,0.1552471225457006,0.22524117333632465,133725.6103421761,2649.984381007308,136375.59472318343,2675,38,709.0857142857143,33,2,15,32.09172590837283,0.6641414141414141,41.42156862745098,1034.3137254901962,31.342840166369584,0
2764,4,0,0,35,0.0,0.0,1.0,35,750,500,250,0.6666666666666666,10,5,5,360.80130408612433,0.7929271708683473,0.15796010219793288,0.2258150786063119,133820.69283749038,2656.53609789504,136477.2289353854,2676,39,710.0857142857143,33,2,15,31.99679714951242,0.6650883838383839,41.3296568627451,1034.6813725490194,31.353980986333923,0
2765,4,0,0,35,0.0,0.0,1.0,35,1050,900,150,0.8571428571428571,12,9,3,356.48230350378765,0.7908963585434173,0.15105519480519458,0.22407459077380953,133979.23875432534,2552.245530565175,136531.48428489052,2677,40,711.0857142857143,33,2,15,31.949869791666675,0.6666666666666666,41.1764705882353,1035.2941176470595,31.372549019607863,0
2766,4,1,1,35,0.027777777777777776,0.027777777777777776,0.9722222222222222,36,800,500,300,0.625,11,5,6,348.20559514384075,0.7948082010582012,0.14052231282620609,0.2208176341527619,134303.87081916098,2153.0718537414887,136456.94267290246,2678,0,692.3055555555555,34,2,15,31.83980322346005,0.6675857843137255,40.863095238095234,1036.5476190476188,30.486694677871142,0
2767,4,0,0,35,0.0,0.0,1.0,35,1150,1000,150,0.8695652173913043,13,10,3,358.00770463880474,0.7871848739495798,0.14411406946884697,0.22659529569054887,134233.10745866975,2611.2973375624733,136844.40479623224,2679,42,713.0857142857143,33,2,16,31.656516083254484,0.6691919191919192,40.931372549019606,1036.2745098039215,31.402257872846107,0
2768,4,0,1,34,0.0,0.02857142857142857,0.9714285714285714,35,1350,1000,350,0.7407407407407407,17,10,7,356.45675850408327,0.7862745098039216,0.14264430142401086,0.22580934881415968,134264.85794225777,2571.9232086216807,136836.78115087945,2680,43,714.0857142857143,33,2,16,31.66496689133262,0.6695075757575758,40.900735294117645,1036.3970588235293,31.405971479500888,0
2769,4,1,1,34,0.02857142857142857,0.02857142857142857,0.9714285714285714,35,1450,1300,150,0.896551724137931,16,13,3,357.56417349898567,0.790406162464986,0.14374873353596795,0.22710156965476105,134360.13192041515,2608.473904267582,136968.60582468275,2681,0,712.1714285714286,33,2,18,31.541075650118195,0.6704545454545454,40.80882352941176,1036.7647058823525,31.417112299465227,0
2770,4,0,0,34,0.0,0.0,1.0,34,1250,900,350,0.72,16,9,7,366.81158305119504,0.7860219845513964,0.14869281045751626,0.23231400259909032,134256.19834710754,3049.345730027558,137305.5440771351,2682,45,734.1176470588235,32,2,19,31.405336257309934,0.671875,40.909090909090914,1036.3636363636372,32.38636363636366,0
2771,4,1,1,34,0.02857142857142857,0.02857142857142857,0.9714285714285714,35,950,600,350,0.631578947368421,13,6,7,357.85040958573967,0.7911064425770308,0.13930948555690348,0.2282802686039631,134519.90504535148,2627.6006235827676,137147.50566893426,2683,0,714.1142857142858,34,1,19,31.374081937112695,0.6697303921568627,40.654761904761905,1037.3809523809525,30.51120448179272,0
2772,4,1,0,35,0.02857142857142857,0.0,1.0,35,750,500,250,0.6666666666666666,10,5,5,358.99800532192927,0.7923669467787114,0.14811266655422517,0.23000855560338437,134677.95589436754,2669.827048466441,137347.782942834,2684,0,715.0857142857143,33,2,21,31.186540731995276,0.6736111111111112,40.502450980392155,1037.9901960784312,31.454248366013065,0
2773,4,0,0,35,0.0,0.0,1.0,35,400,300,100,0.75,5,3,2,359.89279554829426,0.7927170868347339,0.145039378046107,0.23078363899239968,134709.7589418733,2696.214346645516,137405.9732885188,2685,1,716.0857142857143,33,2,21,31.13158127729902,0.6739267676767677,40.47181372549019,1038.1127450980389,31.457961972667846,0
2774,4,0,0,35,0.0,0.0,1.0,35,1250,900,350,0.72,16,9,7,359.6183837173103,0.7910364145658263,0.14201422839610256,0.2312144297132388,134805.19061178397,2695.684952902736,137500.8755646867,2686,2,717.0857142857143,33,2,16,31.043485957045096,0.6748737373737373,40.379901960784316,1038.480392156863,31.469102792632214,0
2775,4,0,0,35,0.0,0.0,1.0,35,450,400,50,0.8888888888888888,5,4,1,359.6183837173103,0.7910364145658263,0.14201422839610256,0.2312144297132388,134805.19061178397,2695.684952902736,137500.8755646867,2687,3,718.0857142857143,33,2,16,31.043485957045096,0.6748737373737373,40.379901960784316,1038.480392156863,31.469102792632214,0
2776,4,0,0,35,0.0,0.0,1.0,35,750,500,250,0.6666666666666666,10,5,5,360.4032718127949,0.7894957983193277,0.14485896269335785,0.23253416578606356,134932.48540224915,2726.0218425605544,137658.5072448097,2688,4,719.0857142857143,33,2,16,30.896142958244866,0.6761363636363636,40.25735294117647,1038.9705882352941,31.483957219251337,0
2777,4,0,1,34,0.0,0.02857142857142857,0.9714285714285714,35,800,700,100,0.875,9,7,2,372.73639448310314,0.7894957983193277,0.18882722900480942,0.21666805898662994,131037.09323347126,2800.687925773962,133837.7811592452,2689,5,720.0857142857143,32,3,22,34.49330990257737,0.6396484375,44.03409090909092,1023.8636363636379,31.995738636363683,7
2778,4,0,0,34,0.0,0.0,1.0,34,650,400,250,0.6153846153846154,9,4,5,377.1895610025231,0.7871732026143792,0.1794375809094786,0.2188256191174048,130961.35669284404,3079.4513278537415,134040.8080206978,2512,6,663.1764705882352,31,3,22,34.456096552601444,0.6414650537634408,44.10807291666667,1023.5677083333339,33.01831317204303,0
2779,4,0,0,34,0.0,0.0,1.0,34,650,500,150,0.7692307692307693,8,5,3,377.4749379738674,0.786541889483066,0.1799946129558414,0.21918079485602274,130994.67807345933,3089.441596137171,134084.11966959652,2513,7,664.1764705882352,31,3,22,34.41501314339015,0.6418010752688171,44.07552083333334,1023.6979166666678,33.02251344086025,0
2780,4,0,0,34,0.0,0.0,1.0,34,800,600,200,0.75,10,6,4,379.4729836308829,0.785873440285205,0.10898243089284687,0.21769765903034854,130528.56445312491,3113.8895670572783,133642.4540201822,2514,8,665.1764705882352,31,3,17,34.8369011213048,0.6370967741935485,44.53124999999999,1021.8749999999993,32.96370967741933,7
2781,4,2,2,34,0.05555555555555555,0.05555555555555555,0.9444444444444444,36,850,600,250,0.7058823529411765,11,6,5,359.28153410459413,0.8048611111111111,0.08427777112680768,0.20855306840692653,130982.91710219614,2211.948679594371,133194.86578179052,2515,0,629.1666666666666,33,3,17,34.89252863242747,0.636679292929293,44.08700980392156,1023.6519607843126,31.01975638740341,0
2782,4,2,1,35,0.05555555555555555,0.027777777777777776,0.9722222222222222,36,1150,900,250,0.782608695652174,14,9,5,352.00961664744347,0.8019510582010583,0.0961739717161707,0.1979348847894231,129747.52456700863,1934.9295791892541,131682.45414619788,2516,0,630.1111111111111,32,4,20,36.33091667699427,0.6266276041666665,45.296717171717184,1018.8131313131325,31.837910353535392,8
2783,4,0,1,34,0.0,0.02857142857142857,0.9714285714285714,35,800,600,200,0.75,10,6,4,360.91359759843124,0.7914565826330532,0.10936980697941978,0.202686796411524,129698.28499688057,2361.974928114168,132060.25992499472,2517,1,649.1142857142858,31,4,20,36.15420874344879,0.6286962365591398,45.34505208333334,1018.6197916666678,32.85870295698928,0
2784,4,2,2,34,0.05555555555555555,0.05555555555555555,0.9444444444444444,36,900,500,400,0.5555555555555556,13,5,8,345.4110978711652,0.8070105820105821,0.10169608004838082,0.1966410785345424,130230.36552392624,1796.6027063565125,132026.96823028277,2518,0,630.4166666666666,32,4,20,36.00914357578756,0.6315104166666665,44.82323232323233,1020.7070707070717,31.89709595959599,0
2785,4,1,1,34,0.02857142857142857,0.02857142857142857,0.9714285714285714,35,1200,1100,100,0.9166666666666666,13,11,2,354.0191586838816,0.7932072829131652,0.1142857142857141,0.2017085904129094,130262.58680555563,2223.0902777777865,132485.67708333343,2519,0,649.4,31,4,21,35.75680272108844,0.6344086021505376,44.79166666666667,1020.833333333334,32.93010752688174,0
2786,4,0,0,34,0.0,0.0,1.0,34,950,700,250,0.7368421052631579,12,7,5,364.3612616975737,0.785873440285205,0.12659846547314602,0.206689235895709,130091.13228407921,2680.033818938622,132771.16610301784,2520,4,669.5,30,4,21,35.66699604743083,0.6354166666666665,44.95967741935485,1020.1612903225816,34.00537634408605,0
2787,4,1,0,35,0.02857142857142857,0.0,1.0,35,950,700,250,0.7368421052631579,12,7,5,357.60138172724265,0.7970588235294117,0.126555652936021,0.20099663869496745,129731.44531250001,2278.4288194444453,132009.87413194447,2521,0,651.3428571428572,31,4,20,36.20483980913428,0.6290322580645162,45.3125,1018.7500000000001,32.862903225806456,1
2788,4,0,0,35,0.0,0.0,1.0,35,1100,800,300,0.7272727272727273,14,8,6,356.94229319673235,0.7961484593837534,0.1320730616937027,0.2014780975801889,129897.31046888571,2273.1687757704044,132170.4792446561,2522,1,652.3428571428572,31,4,20,36.053055945842374,0.6307123655913978,45.149739583333336,1019.4010416666673,32.88390456989249,0
2789,4,0,0,35,0.0,0.0,1.0,35,800,500,300,0.625,11,5,6,357.59997295854293,0.7962184873949579,0.1307028899626217,0.20288166460030307,130096.48852878163,2304.5001559787524,132400.98868476038,2523,2,653.3428571428572,31,4,22,35.83399808551371,0.6327284946236558,44.95442708333334,1020.182291666668,32.90910618279574,0
2790,4,1,0,36,0.027777777777777776,0.0,1.0,36,950,700,250,0.7368421052631579,12,7,5,370.32761470120795,0.806712962962963,0.15152000341573824,0.20519146117617693,129168.2963901097,2372.7199978298718,131541.01638793957,2524,0,636.1666666666666,31,5,22,36.45459736988171,0.6233198924731183,45.86588541666667,1016.5364583333342,32.791498655914005,6
2791,4,0,0,36,0.0,0.0,1.0,36,1100,800,300,0.7272727272727273,14,8,6,375.93902169493083,0.806415343915344,0.14665471923536444,0.20917632745589737,129333.80126953124,2524.3245442708326,131858.12581380206,2525,1,637.1666666666666,31,5,22,36.143113159242205,0.625,45.703125,1017.1874999999999,32.81249999999999,0
2792,4,1,0,37,0.02702702702702703,0.0,1.0,37,750,300,450,0.4,12,3,9,368.17766858934243,0.8133758758758759,0.14911601821233633,0.2066867955817832,129683.21352731866,2149.2926423324134,131832.50616965108,2526,0,620.918918918919,32,5,20,35.98456675343993,0.6259765625,45.359848484848484,1018.5606060606062,31.830018939393945,0
2793,4,1,2,36,0.02631578947368421,0.05263157894736842,0.9473684210526316,38,1100,800,300,0.7272727272727273,14,8,6,358.01900063155097,0.8160265528686581,0.15082175581932122,0.20284493820669836,130043.75007509132,1711.6266880526748,131755.37676314398,2527,0,605.5526315789474,33,5,21,35.8768623092635,0.6272095959595959,45.006127450980394,1019.9754901960785,30.90834818775995,0
2794,4,0,0,36,0.0,0.0,1.0,36,1000,700,300,0.7,13,7,6,379.02016502478256,0.7995039682539683,0.16219553738715664,0.21375863485691643,129864.12896050359,2644.224717881953,132508.35367838555,2528,1,639.5277777777778,31,5,22,35.52418668029295,0.6303763440860215,45.18229166666667,1019.2708333333343,32.8797043010753,0
2795,4,2,1,37,0.05263157894736842,0.02631578947368421,0.9736842105263158,38,800,500,300,0.625,11,5,6,359.3399946246259,0.8138335704125178,0.15380509957240385,0.20523510453783478,130356.43029423783,1768.4557922433723,132124.8860864812,2529,0,606.8157894736842,33,5,24,35.52579603184127,0.6303661616161615,44.69975490196079,1021.2009803921571,30.945484254307793,0
2796,4,1,0,38,0.02631578947368421,0.0,1.0,38,950,600,350,0.631578947368421,13,6,7,359.57169329614936,0.8154338549075392,0.15068441256692644,0.20586467275526782,130450.30757400986,1781.2475970780338,132231.55517108788,2530,0,607.7894736842105,33,5,25,35.42466410748562,0.6313131313131313,44.607843137254896,1021.5686274509793,30.9566250742721,0
2797,4,1,2,37,0.02564102564102564,0.05128205128205128,0.9487179487179487,39,650,500,150,0.7692307692307693,8,5,3,349.5279049060754,0.8247863247863249,0.14268230799080595,0.20150635591565022,130718.71456916103,1337.9676870748287,132056.68225623586,2531,0,593.1794871794872,34,5,17,35.40939076445479,0.6317401960784315,44.345238095238095,1022.6190476190479,30.07703081232494,0
2798,4,0,0,37,0.0,0.0,1.0,37,600,300,300,0.5,9,3,6,368.43515836187703,0.8054304304304304,0.15356083086053385,0.21044516672534316,130359.27456382,2205.7879935720807,132565.06255739208,2532,3,626.2162162162163,32,5,24,35.290708456973285,0.6328125,44.696969696969695,1021.212121212121,31.912878787878782,0
2799,4,0,0,37,0.0,0.0,1.0,37,900,600,300,0.6666666666666666,12,6,6,367.0014517837556,0.8062437437437437,0.1540029335801374,0.20980033522818373,130391.51178770022,2170.774825272933,132562.28661297314,2533,4,627.2162162162163,32,5,24,35.29458729962502,0.6331380208333334,44.66540404040404,1021.3383838383837,31.91682449494949,0
2800,4,3,2,38,0.075,0.05,0.95,40,700,600,100,0.8571428571428571,8,6,2,339.7223811923764,0.8311698717948718,0.1375635808748732,0.19760183474089094,131061.33355034703,904.8936631944246,131966.22721354145,2534,0,581.1,35,5,18,35.31387758562225,0.6330357142857144,44.01041666666666,1023.9583333333318,29.255952380952337,0
2801,4,0,0,38,0.0,0.0,1.0,38,850,500,350,0.5882352941176471,12,5,7,355.5940764430587,0.8151375059269796,0.150232698929206,0.20524122835364925,130763.47588667815,1699.7434880814974,132463.21937475965,2535,1,612.6842105263158,33,5,18,35.2089823468328,0.634469696969697,44.30147058823529,1022.7941176470584,30.993761140819952,0
2802,4,0,0,38,0.0,0.0,1.0,38,1150,900,250,0.782608695652174,14,9,5,355.25232170389756,0.8148707918444761,0.14872360542073748,0.20571129585489206,130888.84833958095,1699.7134515570942,132588.56179113803,2536,2,613.6842105263158,33,5,19,35.09081836327345,0.6357323232323233,44.17892156862745,1023.2843137254904,31.008615567439104,0
2803,4,1,2,37,0.02564102564102564,0.05128205128205128,0.9487179487179487,39,650,600,50,0.9230769230769231,7,6,1,345.19408705599,0.8187134502923977,0.14657548533202247,0.20138271994012136,131175.63952664376,1256.2110260770714,132431.85055272083,2537,0,598.9230769230769,34,5,20,35.058347859771445,0.6363357843137256,43.89880952380951,1024.40476190476,30.12955182072824,0
2804,4,1,0,38,0.02631578947368421,0.0,1.0,38,1150,900,250,0.782608695652174,14,9,5,351.7039488670649,0.8152264106211474,0.1595227448782297,0.20482159586634574,131108.39468293445,1622.2680279219462,132730.66271085638,2538,0,615.3684210526316,33,5,22,34.9595897650672,0.6379419191919192,43.96446078431372,1024.142156862745,31.034610814022574,0
2805,4,0,0,38,0.0,0.0,1.0,38,700,500,200,0.7142857142857143,9,5,4,350.2931022282152,0.8138928402086297,0.1574730296202116,0.20483572872953387,131265.326136582,1596.2676614763427,132861.59379805834,2539,1,616.3684210526316,33,5,23,34.83716016901859,0.6395202020202021,43.811274509803916,1024.7549019607836,31.053178847296472,0
2806,4,0,1,37,0.0,0.02631578947368421,0.9736842105263158,38,600,400,200,0.6666666666666666,8,4,4,349.32804654923353,0.8131816026552868,0.1515808349325194,0.20477428937521636,131359.5300635572,1577.5136065455429,132937.04367010275,2540,2,617.3684210526316,33,5,23,34.76676130703325,0.6404671717171718,43.71936274509803,1025.122549019607,31.06431966726082,0
2807,4,3,3,37,0.075,0.075,0.925,40,950,600,350,0.631578947368421,13,6,7,324.61507557047753,0.8291933760683761,0.11272333662172573,0.19318090896474002,131934.82069485018,565.6063580472328,132500.4270528974,2541,0,566.375,36,4,14,34.82133070261976,0.6397569444444444,43.15878378378378,1027.3648648648643,28.537912912912898,0
2808,4,0,0,37,0.0,0.0,1.0,37,1350,1200,150,0.8888888888888888,15,12,3,352.0094853525129,0.8091216216216216,0.1444583618496662,0.2075368599557209,131579.47063629364,1863.444348327557,133442.9149846212,2542,4,613.2972972972973,33,4,16,34.47603121516166,0.6426767676767677,43.50490196078431,1025.980392156862,31.090314913844306,0
2809,4,0,0,37,0.0,0.0,1.0,37,1050,600,450,0.5714285714285714,15,6,9,354.46695747374355,0.8108108108108109,0.14325582595846398,0.20984944895813096,131736.68368235783,1939.260290513278,133675.94397287111,2543,5,614.2972972972973,33,4,17,34.25438203812025,0.6442550505050504,43.35171568627452,1026.5931372549028,31.108882947118268,0
2810,4,0,0,37,0.0,0.0,1.0,37,1100,700,400,0.6363636363636364,15,7,8,354.52223782878593,0.8106231231231231,0.1484341484341487,0.21022942892904428,131799.59518274214,1945.177485822758,133744.7726685649,2544,6,615.2972972972973,33,4,18,34.189516449854814,0.6448863636363636,43.29044117647059,1026.838235294117,31.11631016042779,0
2811,4,0,1,36,0.0,0.02702702702702703,0.972972972972973,37,1100,900,200,0.8181818181818182,13,9,4,354.5129883107703,0.808933933933934,0.1515486618671642,0.21092138970966542,131925.46323829767,1953.8580413783093,133879.321279676,2545,7,616.2972972972973,33,4,20,34.06286035230029,0.6461489898989898,43.16789215686274,1027.3284313725483,31.131164587046918,0
2812,4,0,0,36,0.0,0.0,1.0,36,750,400,350,0.5333333333333333,11,4,7,362.4794917312451,0.8011243386243386,0.15860523583101105,0.21484571623604104,131781.48275686146,2353.6169778593908,134135.09973472086,2546,12,634.2222222222222,32,4,20,34.00352516806033,0.6471354166666667,43.3080808080808,1026.7676767676762,32.08648989898988,0
2813,4,1,1,36,0.02702702702702703,0.02702702702702703,0.972972972972973,37,650,200,450,0.3076923076923077,11,2,9,353.25078440104,0.8078078078078078,0.1515266757336875,0.21069424452255475,132019.90370290267,1927.2269079200203,133947.1306108227,2547,0,618.0540540540541,33,4,20,34.00011924636299,0.6470959595959596,43.07598039215686,1027.696078431372,31.14230540701127,0
2814,4,0,0,36,0.0,0.0,1.0,36,950,800,150,0.8421052631578947,11,8,3,363.8287388727907,0.8000661375661376,0.16181170108161247,0.21638235522434401,131911.15702479339,2398.613980716249,134309.77100550962,2548,14,636.2222222222222,32,4,20,33.83803466076695,0.6484375,43.18181818181818,1027.2727272727273,32.10227272727273,0
2815,4,0,0,36,0.0,0.0,1.0,36,950,600,350,0.631578947368421,13,6,7,361.0664718772827,0.7993386243386243,0.15893393393393396,0.2154751525719268,132040.89506172843,2335.108024691362,134376.00308641978,2549,15,637.2222222222222,32,4,21,33.778153153153156,0.6497395833333334,43.05555555555556,1027.777777777778,32.118055555555564,0
2816,4,0,0,36,0.0,0.0,1.0,36,800,600,200,0.75,10,6,4,360.75550536037076,0.7980158730158731,0.16546961325966825,0.21621439228552022,132203.15728305792,2338.603363177229,134541.76064623514,2550,16,638.2222222222222,32,4,21,33.62262124002453,0.6513671875,42.89772727272727,1028.4090909090914,32.13778409090911,0
2817,4,0,0,36,0.0,0.0,1.0,36,800,600,200,0.75,10,6,4,361.71294209669384,0.7974537037037037,0.16655072700984874,0.2169744938379725,132235.62168401177,2366.2671538618424,134601.88883787362,2551,17,639.2222222222222,32,4,21,33.56529789671823,0.6516927083333334,42.86616161616161,1028.535353535353,32.14172979797978,0
2818,4,0,1,35,0.0,0.027777777777777776,0.9722222222222222,36,600,400,200,0.6666666666666666,8,4,4,361.5690950307493,0.7961640211640212,0.1668677820046096,0.21744845427347392,132333.03880024984,2369.507416335062,134702.5462165849,2552,18,640.2222222222222,32,4,21,33.4708757720784,0.6526692708333334,42.77146464646464,1028.9141414141404,32.15356691919189,0
2819,4,0,0,35,0.0,0.0,1.0,35,800,400,400,0.5,12,4,8,371.8352828072429,0.7934873949579831,0.15887160940325562,0.223214189527144,132264.03130425335,2836.086697048606,135100.11800130195,2553,19,645.2,31,4,21,33.2763713080169,0.6545698924731183,42.838541666666664,1028.6458333333326,33.182123655913955,0
2820,4,0,0,35,0.0,0.0,1.0,35,600,400,200,0.6666666666666666,8,4,4,378.297310780769,0.7934873949579831,0.1756168010590924,0.21195363150892843,129606.62853529888,2805.967806853125,132412.596342152,2554,20,646.2,33,2,18,35.804925382115776,0.6227904040404041,45.43504901960784,1018.2598039215683,30.85635769459298,7
2821,4,1,1,35,0.027777777777777776,0.027777777777777776,0.9722222222222222,36,1050,700,350,0.6666666666666666,14,7,7,369.53457125086845,0.7972883597883599,0.1731213347864451,0.2087529068728517,129928.5997732424,2402.6218820861423,132331.22165532855,2555,0,629.2222222222222,34,2,18,35.700315273236804,0.6237745098039217,45.119047619047606,1019.5238095238076,29.985994397759047,0
2822,4,0,0,35,0.0,0.0,1.0,35,450,300,150,0.6666666666666666,6,3,3,377.26418724204177,0.7936974789915966,0.17952506959002057,0.212217486652932,129762.65889321413,2790.960808342944,132553.61970155707,2556,22,648.2,33,2,18,35.6722596423703,0.6243686868686869,45.28186274509804,1018.8725490196077,30.874925727866902,0
2823,4,0,0,35,0.0,0.0,1.0,35,1050,800,250,0.7619047619047619,13,8,5,376.85865194651126,0.7953081232492997,0.18152715281832887,0.21266691091526996,129887.5507617262,2789.8494569396335,132677.40021866583,2557,23,649.2,33,2,18,35.55542197643664,0.6256313131313131,45.15931372549019,1019.3627450980388,30.889780154486022,0
2824,4,0,0,35,0.0,0.0,1.0,35,850,500,350,0.5882352941176471,12,5,7,374.80803785026717,0.796078431372549,0.175331111533215,0.20413343628276892,128485.98082768646,2631.51567305844,131117.4965007449,2558,24,650.2,33,2,17,37.03803033965914,0.6114267676767677,46.53799019607843,1013.8480392156862,30.722667855020795,5
2825,4,0,0,35,0.0,0.0,1.0,35,500,500,0,1.0,5,5,0,374.80803785026717,0.796078431372549,0.175331111533215,0.20413343628276892,128485.98082768646,2631.51567305844,131117.4965007449,2559,25,651.2,33,2,17,37.03803033965914,0.6114267676767677,46.53799019607843,1013.8480392156862,30.722667855020795,0
2826,4,0,0,35,0.0,0.0,1.0,35,1200,800,400,0.6666666666666666,16,8,8,394.19859921627426,0.7962885154061624,0.208028424282664,0.2033839953571458,126297.54178463932,2959.2489763695944,129256.79076100892,2560,26,652.2,32,3,15,38.799826236234985,0.5914713541666666,48.70580808080808,1005.1767676767677,31.41177398989899,4
2827,4,4,2,37,0.10256410256410256,0.05128205128205128,0.9487179487179487,39,950,700,250,0.7368421052631579,12,7,5,361.6276116067241,0.8322087269455691,0.20343487438190522,0.19162308799719585,127383.94445516106,1415.6012947587433,128799.54574991981,2561,0,586.2051282051282,35,4,17,38.500821676985396,0.5958333333333334,47.62731481481481,1009.4907407407399,28.842592592592567,0
2828,4,3,1,39,0.075,0.025,0.975,40,1000,700,300,0.7,13,7,6,352.39688357633696,0.8310630341880342,0.17485706723133898,0.1862556555891723,127280.60766171769,970.6578959383684,128251.26555765605,2562,0,572.475,38,2,21,38.83977413093347,0.5890899122807016,47.729700854700866,1009.0811965811986,26.554768331084173,3
2829,4,3,3,39,0.07142857142857142,0.07142857142857142,0.9285714285714286,42,500,100,400,0.2,9,1,8,342.72174763320214,0.8417779713511421,0.18598902019346197,0.18341789495442365,127784.64708713436,358.9155140789588,128143.56260121331,2563,0,546.1428571428571,40,2,15,38.56773712600931,0.5908854166666665,47.23069105691059,1011.0772357723608,25.27693089430902,0
2830,4,2,0,41,0.04878048780487805,0.0,1.0,41,700,400,300,0.5714285714285714,10,4,6,354.6677952963229,0.8395833333333333,0.20794516968655397,0.19001738171836186,127828.32031250058,867.3177083333928,128695.63802083397,2564,0,560.390243902439,39,2,18,38.221054800164836,0.5929487179487177,47.18750000000003,1011.2500000000047,25.9294871794873,0
2831,4,4,5,40,0.08888888888888889,0.1111111111111111,0.8888888888888888,45,1300,1000,300,0.7692307692307693,16,10,6,327.1106728992419,0.8569444444444445,0.18775190765016658,0.1784271770744961,128546.63190507707,-589.4236977198032,127957.20820735727,2565,0,511.4888888888889,41,4,16,38.18520511315465,0.5970528455284552,46.478174603174615,1014.0873015873034,24.73383662408057,0
2832,4,0,0,40,0.0,0.0,1.0,40,1450,1300,150,0.896551724137931,16,13,3,361.24102233585944,0.8322115384615385,0.19635163674762413,0.19415167318505083,127955.29827781457,1244.5405526335326,129199.8388304481,2566,2,576.325,38,2,18,37.924806406195,0.5959429824561402,47.06196581196583,1011.7521367521389,26.625056230319444,0
2833,4,0,0,40,0.0,0.0,1.0,40,950,800,150,0.8421052631578947,11,8,3,362.49604430538363,0.8321047008547009,0.190880303989867,0.19535196380826003,128063.41428336645,1284.4962195924013,129347.91050295885,2567,3,577.325,38,2,19,37.78235169938781,0.5970394736842104,46.95512820512822,1012.1794871794892,26.636302294197083,0
2834,4,4,2,42,0.09090909090909091,0.045454545454545456,0.9545454545454546,44,900,600,300,0.6666666666666666,12,6,6,341.62800900218576,0.8454016913319239,0.2006617784129745,0.18860444421516914,129024.94454089519,15.732665141731616,129040.67720603693,2568,0,525.75,41,3,19,37.329830257461836,0.6018800813008129,46.00694444444445,1015.9722222222233,24.77981029810301,0
2835,4,2,2,42,0.045454545454545456,0.045454545454545456,0.9545454545454546,44,800,600,200,0.75,10,6,4,345.1425435540816,0.8446529245947851,0.1980633568481296,0.1910310836689123,129125.75511975624,113.3583120748292,129239.11343183107,2569,0,526.7045454545455,41,3,20,37.137933138116146,0.6028963414634145,45.907738095238095,1016.3690476190477,24.78948896631824,0
2836,4,0,0,42,0.0,0.0,1.0,42,1150,1100,50,0.9565217391304348,12,11,1,357.9250008281231,0.8380758807588076,0.20381607039040106,0.196767906546628,128857.43408203125,824.2594401041663,129681.69352213542,2570,2,552.7857142857143,39,3,20,37.0867318149174,0.6033653846153847,46.171875,1015.3125,26.033653846153847,0
2837,4,1,1,42,0.023255813953488372,0.023255813953488372,0.9767441860465116,43,950,500,450,0.5263157894736842,14,5,9,319.4767196721411,0.8449612403100775,0.16366989502986695,0.17962726386501512,129744.38707325359,-309.4793225525866,129434.907750701,2571,0,540.9069767441861,40,3,14,37.1627182044888,0.6106770833333333,45.29979674796749,1018.800813008132,25.4700203252033,7
2838,4,0,1,41,0.0,0.023809523809523808,0.9761904761904762,42,1250,800,450,0.64,17,8,9,329.59920532760634,0.838874370886566,0.1783048222868251,0.18513214410675824,129704.91672092007,150.12749565971728,129855.04421657979,2572,4,554.7857142857143,39,3,15,36.94492023724309,0.6119123931623932,45.338541666666664,1018.6458333333327,26.119123931623914,0
2839,4,1,2,40,0.023809523809523808,0.047619047619047616,0.9523809523809523,42,1200,1000,200,0.8333333333333334,14,10,4,335.2168714745675,0.8378339140534262,0.1813149378300125,0.18905458716879778,129864.1289605034,306.5294053819403,130170.65836588533,2573,0,555.5714285714286,39,3,15,36.6403721682848,0.6135149572649572,45.182291666666664,1019.2708333333327,26.135149572649556,0
2840,4,0,0,40,0.0,0.0,1.0,40,1100,600,500,0.5454545454545454,16,6,10,350.708251404047,0.8231036324786325,0.1964208826695375,0.1969818413266985,129703.52055440121,1097.618978916574,130801.1395333178,2574,6,584.125,37,3,15,36.40877287405812,0.615427927927928,45.339912280701746,1018.6403508771918,27.53082029397816,0
2841,4,0,0,40,0.0,0.0,1.0,40,900,700,200,0.7777777777777778,11,7,4,346.8634481337756,0.8232905982905983,0.19913125336202286,0.19551823835072416,129843.17440221985,1007.5702379578263,130850.74464017768,2575,7,585.125,37,3,16,36.36486910525372,0.6168355855855856,45.20285087719298,1019.1885964912276,27.54563774300615,0
2842,4,1,1,40,0.024390243902439025,0.024390243902439025,0.975609756097561,41,1000,800,200,0.8,12,8,4,344.28413507015716,0.8259146341463415,0.19652137051157936,0.195613192983645,130153.54624379065,761.9602189714358,130915.50646276209,2576,0,571.829268292683,38,3,16,36.115764492374275,0.6181469298245614,44.89850427350427,1020.405982905983,26.85278902384166,0
2843,4,1,1,40,0.024390243902439025,0.024390243902439025,0.975609756097561,41,1200,1000,200,0.8333333333333334,14,10,4,345.9638749061252,0.8263719512195122,0.19826313785129845,0.1969843120398096,130236.00396050356,811.3905164930619,131047.39447699662,2577,0,572.8048780487804,39,2,16,35.98932289009082,0.6172542735042735,44.817708333333336,1020.7291666666673,26.17254273504275,0
2844,4,0,0,40,0.0,0.0,1.0,40,1000,700,300,0.7,13,7,6,328.8297305921881,0.8229967948717949,0.09295339847525019,0.18776157455579687,130346.55044100105,590.164777263198,130936.71521826425,2578,10,588.125,37,3,19,36.31471688320986,0.6219031531531531,44.709429824561404,1021.1622807017541,27.598980559506867,6
2845,4,0,0,40,0.0,0.0,1.0,40,1150,900,250,0.782608695652174,14,9,5,328.549192412358,0.8230235042735042,0.08295405753542373,0.18800763369247714,130430.5411280394,570.5697907048393,131001.11091874425,2579,11,589.125,37,3,19,36.23694003148705,0.6227477477477477,44.627192982456144,1021.4912280701755,27.60787102892366,0
2846,4,1,0,41,0.024390243902439025,0.0,1.0,41,950,700,250,0.7368421052631579,12,7,5,319.6256354488179,0.8254573170731707,0.08804731493694384,0.18450347527759803,130768.17626953124,159.37228732638792,130927.54855685763,2580,0,575.7317073170732,39,2,14,36.12394761856265,0.622596153846154,44.296875,1022.8124999999999,26.225961538461537,0
2847,4,1,1,41,0.023809523809523808,0.023809523809523808,0.9761904761904762,42,1150,900,250,0.782608695652174,14,9,5,311.70863665642355,0.831470189701897,0.08939918302507688,0.180848467073934,130963.79469892246,-235.49082060943348,130728.30387831302,2581,0,563.0,40,2,14,36.12924444003179,0.6229166666666668,44.105691056910565,1023.5772357723566,25.589430894308915,0
2848,4,0,0,41,0.0,0.0,1.0,41,750,500,250,0.6666666666666666,10,5,5,318.19181105105747,0.8241361788617886,0.0903084794595399,0.18380256379537543,130794.81336805549,123.56770833332257,130918.38107638882,2582,2,577.7317073170732,39,2,14,36.133740665308885,0.6228632478632479,44.27083333333333,1022.9166666666661,26.228632478632463,0
2849,4,1,1,41,0.023809523809523808,0.023809523809523808,0.9761904761904762,42,900,400,500,0.4444444444444444,14,4,10,312.25552917686804,0.8289053426248548,0.09169964024525723,0.18128818129098506,130989.80150910499,-219.54204260030772,130770.25946650468,2583,0,564.952380952381,40,2,14,36.089049935471074,0.6231770833333334,44.08028455284553,1023.6788617886175,25.591971544715438,0
2850,4,1,0,42,0.023809523809523808,0.0,1.0,42,800,700,100,0.875,9,7,2,312.3301787462516,0.825324235385211,0.09862460120524608,0.1815768350183776,131041.82287535522,-214.33680762113613,130827.48606773409,2584,0,565.9285714285714,40,2,15,36.034739454094286,0.6236979166666667,44.02947154471544,1023.8821138211378,25.597052845528445,0
2851,4,0,1,41,0.0,0.023809523809523808,0.9761904761904762,42,700,500,200,0.7142857142857143,9,5,4,315.68247310042364,0.8254694154084398,0.09721572463459993,0.18377425080490856,131093.8545694526,-123.19355624959019,130970.66101320302,2585,1,566.9285714285714,40,2,15,35.896513512619514,0.62421875,43.978658536585364,1024.0853658536578,25.602134146341445,0
2852,4,0,1,40,0.0,0.024390243902439025,0.975609756097561,41,1050,600,450,0.5714285714285714,15,6,9,310.98824811641106,0.8257113821138211,0.03733778327398385,0.17988966861009342,130848.09570312487,-61.34685067793413,130786.74885244694,2586,2,566.829268292683,39,2,12,36.264253716147415,0.6233974358974359,44.21874999999999,1023.124999999999,26.233974358974333,1
2853,4,0,0,40,0.0,0.0,1.0,40,1000,800,200,0.8,12,8,4,322.4190532642379,0.8213942307692308,0.046732776617954164,0.18697182386630748,130945.12473518885,443.84062933742666,131388.96536452626,2587,3,581.55,38,2,13,35.87399965205288,0.6260964912280702,44.123931623931625,1023.5042735042737,26.93432298695457,0
2854,4,1,2,39,0.024390243902439025,0.04878048780487805,0.9512195121951219,41,1150,800,350,0.6956521739130435,15,8,7,315.39707472699365,0.828150406504065,0.05844564197327817,0.1844816764238402,131276.04683059032,80.81623041840908,131356.86306100874,2588,0,568.3414634146342,40,1,14,35.720365595663104,0.6260416666666666,43.800813008130085,1024.7967479674803,25.619918699187007,0
2855,4,1,2,38,0.025,0.05,0.95,40,950,500,450,0.5263157894736842,14,5,9,323.1949433057755,0.8296741452991453,0.05677427554651726,0.18864227106304476,131194.69536675364,480.29242621529727,131674.98779296895,2589,0,583.225,39,1,15,35.60254617861381,0.626869658119658,43.88020833333334,1024.479166666668,26.268696581196618,0
2856,4,1,1,38,0.02564102564102564,0.02564102564102564,0.9743589743589743,39,1600,1300,300,0.8125,19,13,6,330.01893105321847,0.8225933423301844,0.0703469079939667,0.19358074061151787,131384.32618690384,871.9307939101649,132256.256980814,2590,0,597.5641025641025,37,2,17,35.236631016042786,0.6323198198198197,43.6951754385965,1025.2192982456154,27.70862968231393,0
2857,4,0,0,38,0.0,0.0,1.0,38,1150,900,250,0.782608695652174,14,9,5,339.74486086324254,0.8180713608345187,0.0759520753102263,0.19899341850561356,131328.12500000006,1323.6111111111127,132651.73611111118,2591,3,614.2894736842105,36,2,17,35.044037940379376,0.6336805555555556,43.75,1025.0000000000005,28.472222222222236,0
2858,4,0,0,38,0.0,0.0,1.0,38,1000,800,200,0.8,12,8,4,340.13974621711696,0.8171823138928402,0.07819581907316575,0.19952527381189636,131385.84530476414,1337.909615696769,132723.7549204609,2592,4,615.2894736842105,36,2,18,34.97569749560631,0.6342592592592593,43.69369369369369,1025.2252252252247,28.478478478478465,0
2859,4,0,0,38,0.0,0.0,1.0,38,550,400,150,0.7272727272727273,7,4,3,335.57006480061636,0.817300853485064,0.07954379212945772,0.1974165022732682,131496.76462950135,1225.2755655586323,132722.04019506,2593,5,616.2894736842105,37,1,18,34.98102416078683,0.6334459459459459,43.58552631578947,1025.6578947368419,27.720483641536266,0
2860,4,0,1,37,0.0,0.02631578947368421,0.9736842105263158,38,750,400,350,0.5333333333333333,11,4,7,336.02984147855955,0.8162932669511617,0.07479757085020222,0.19856308814642146,131665.51246537393,1248.7082563865772,132914.2207217605,2594,6,617.2894736842105,37,1,16,34.79923433048433,0.6351351351351351,43.421052631578945,1026.315789473684,27.738264580369837,0
2861,4,0,0,37,0.0,0.0,1.0,37,900,600,300,0.6666666666666666,12,6,6,343.76689597641064,0.8057432432432432,0.08963731645614703,0.20302966448691057,131645.74361100968,1651.0897299326407,133296.8333409423,2595,7,634.1351351351351,36,1,17,34.62064267164124,0.6368634259259258,43.44031531531532,1026.238738738739,28.506631631631635,0
2862,4,0,0,37,0.0,0.0,1.0,37,800,700,100,0.875,9,7,2,344.0392187592958,0.8052427427427428,0.08785859136890295,0.20365334533829493,131732.4334469605,1664.2246976706476,133396.65814463113,2596,8,635.1351351351351,36,1,17,34.5262907708059,0.6377314814814814,43.35585585585586,1026.5765765765768,28.516016016016025,0
2863,4,0,1,36,0.0,0.02702702702702703,0.972972972972973,37,600,500,100,0.8333333333333334,7,5,2,342.9118138342148,0.8059309309309309,0.08871290415319333,0.20344911062812004,131819.1518165125,1640.4688894976096,133459.6207060101,2597,9,636.1351351351351,36,1,17,34.467869283912705,0.638599537037037,43.2713963963964,1026.9144144144148,28.52540040040041,0
2864,4,0,0,36,0.0,0.0,1.0,36,950,600,350,0.631578947368421,13,6,7,341.75149375124,0.8080026455026456,0.09564632237871695,0.20315100516023127,131892.24222232925,1814.874158736268,133707.1163810655,2598,10,648.0833333333334,35,1,18,34.42406103286386,0.6413690476190477,43.200231481481474,1027.199074074073,29.348544973544943,0
2865,4,0,0,36,0.0,0.0,1.0,36,1050,600,450,0.5714285714285714,15,6,9,342.91629909400916,0.8073082010582011,0.09438437085429663,0.20432287941990673,131981.42387902935,1851.7162851508745,133833.14016418022,2599,11,649.0833333333334,35,1,20,34.30436659908386,0.6422619047619048,43.11342592592592,1027.5462962962952,29.358465608465576,0
2866,4,0,0,36,0.0,0.0,1.0,36,800,500,300,0.625,11,5,6,345.4328766363947,0.80489417989418,0.09836203985140157,0.20663166620613424,132130.12695312488,1928.4179687499861,134058.54492187488,2600,12,650.0833333333334,35,1,21,34.09004559270517,0.64375,42.96874999999999,1028.124999999999,29.374999999999975,0
2867,4,0,0,36,0.0,0.0,1.0,36,750,400,350,0.5333333333333333,11,4,7,345.8948568823605,0.8046296296296297,0.10230611504944842,0.207560269622791,132249.14969403707,1948.8601412465566,134198.00983528362,2601,13,651.0833333333334,35,1,21,33.95842710325945,0.6449404761904762,42.85300925925925,1028.587962962962,29.388227513227484,0
2868,4,1,0,37,0.02702702702702703,0.0,1.0,37,1100,800,300,0.7272727272727273,14,8,6,335.8850378791841,0.8093093093093093,0.10586201291504693,0.2032871390738013,132571.90626014522,1505.7839511809009,134077.69021132612,2602,0,634.4594594594595,36,1,23,33.89169856023326,0.6461226851851853,42.53941441441441,1029.842342342342,28.60673173173172,0
2869,4,1,1,37,0.02631578947368421,0.02631578947368421,0.9736842105263158,38,800,600,200,0.75,10,6,4,325.94569822235997,0.8183973447131342,0.09957787245477756,0.198588172973973,132821.51870046536,1058.5205303554717,133880.03923082084,2603,0,618.7368421052631,37,1,15,33.897435556501065,0.646677927927928,42.29714912280701,1030.8114035087706,27.859767662399204,0
2870,4,0,0,37,0.0,0.0,1.0,37,750,400,350,0.5333333333333333,11,4,7,334.4399204324882,0.8074324324324325,0.10148791859706363,0.20366790364062287,132803.95418644976,1482.9887742471997,134286.94296069696,2604,2,636.4594594594595,36,1,16,33.69614698277433,0.6484375000000002,42.31418918918918,1030.7432432432415,28.631756756756708,0
2871,4,0,0,37,0.0,0.0,1.0,37,1800,1400,400,0.7777777777777778,22,14,8,335.9976585723408,0.8079329329329329,0.10405361142341185,0.20557131295017167,132978.12328798397,1536.0676132213373,134514.1909012053,2605,3,637.4594594594595,36,1,17,33.48141172617099,0.6501736111111112,42.145270270270274,1031.4189189189192,28.650525525525534,0
2872,4,0,0,37,0.0,0.0,1.0,37,600,400,200,0.6666666666666666,8,4,4,341.52686602207257,0.8059309309309309,0.11354713875722222,0.20960553739854337,133094.2994303426,1691.055793969648,134785.35522431225,2606,4,638.4594594594595,36,1,17,33.222379861035314,0.6513310185185186,42.03265765765766,1031.86936936937,28.663038038038053,0
2873,4,0,0,37,0.0,0.0,1.0,37,1050,700,350,0.6666666666666666,14,7,7,342.03059876854104,0.8034284284284284,0.11549920872786412,0.2112298061485719,133326.80389426596,1720.369313570333,135047.17320783628,2607,5,639.4594594594595,36,1,20,32.97645658416022,0.6536458333333334,41.807432432432435,1032.7702702702709,28.68806306306308,0
2874,4,0,0,37,0.0,0.0,1.0,37,400,200,200,0.5,6,2,4,343.00522005844994,0.80248998998999,0.11459530164566134,0.2123299520118907,133414.04537983934,1752.3427988799663,135166.3881787193,2608,6,640.4594594594595,36,1,20,32.86393612382821,0.6545138888888888,41.722972972972975,1033.1081081081084,28.697447447447455,0
2875,4,0,0,37,0.0,0.0,1.0,37,1400,900,500,0.6428571428571429,19,9,10,344.36558684321403,0.8007382382382382,0.11595202861578446,0.2140242906121601,133561.93636670505,1798.839600967781,135360.77596767282,2609,7,641.4594594594595,35,2,20,32.68076083305341,0.6580357142857144,41.5798611111111,1033.6805555555538,29.53373015873011,0
2876,4,0,0,37,0.0,0.0,1.0,37,750,500,250,0.6666666666666666,10,5,5,343.2349452130604,0.8003628628628628,0.10926991023263333,0.2136667432465691,133621.7625412593,1772.7316690243335,135394.49421028362,2610,8,642.4594594594595,35,2,20,32.650122206052465,0.6586309523809524,41.52199074074073,1033.912037037036,29.540343915343886,0
2877,4,1,0,38,0.02631578947368421,0.0,1.0,38,1150,1000,150,0.8695652173913043,13,10,3,336.52461164746455,0.8083511142721669,0.11778154203601776,0.21213275211252464,134083.8447188744,1424.5027544436396,135508.34747331805,2611,0,626.5263157894736,36,2,18,32.36200210213473,0.6611689814814814,41.075450450450454,1035.6981981981992,28.76939439439442,0
2878,4,0,0,38,0.0,0.0,1.0,38,1450,1100,350,0.7586206896551724,18,11,7,338.70153063722546,0.8064841156946421,0.12425136855833752,0.21418507102358145,134200.50276205258,1490.783139558479,135691.28590161106,2612,1,627.5263157894736,36,2,19,32.1892095062131,0.6623263888888888,40.96283783783784,1036.1486486486485,28.781906906906904,0
2879,4,0,0,38,0.0,0.0,1.0,38,1150,1000,150,0.8695652173913043,13,10,3,337.5709992122164,0.8060988620199147,0.11862691278391524,0.21398095569898345,134288.0295836377,1466.3488657576509,135754.37844939533,2613,2,628.5263157894736,36,2,20,32.13118390554832,0.6631944444444444,40.87837837837838,1036.4864864864865,28.79129129129129,0
2880,4,0,0,38,0.0,0.0,1.0,38,650,300,350,0.46153846153846156,10,3,7,335.80405415259446,0.8056839734471314,0.11466777959454322,0.21320083603646786,134346.3966500284,1422.8129311744092,135769.2095812028,2614,3,629.5263157894736,36,2,20,32.11877217756534,0.6637731481481481,40.82207207207207,1036.7117117117114,28.797547547547538,0
2881,4,0,0,38,0.0,0.0,1.0,38,900,700,200,0.7777777777777778,11,7,4,337.33172529976747,0.8050912754860123,0.12028687353563061,0.21485651383200954,134463.16882761137,1471.7385459784118,135934.90737358978,2615,4,630.5263157894736,36,2,21,31.96276692001448,0.6649305555555556,40.70945945945946,1037.162162162162,28.810060060060056,0
2882,4,0,0,38,0.0,0.0,1.0,38,850,500,350,0.5882352941176471,12,5,7,337.83116617162256,0.8050912754860123,0.12560277401479514,0.21220652294253423,133954.19894823412,1450.7806488534945,135404.9795970876,2616,5,631.5263157894736,37,1,18,32.457609539949864,0.6579391891891893,41.20065789473684,1035.197368421053,27.978307254623054,1
2883,4,0,0,38,0.0,0.0,1.0,38,750,600,150,0.8,9,6,3,340.46273660293303,0.8035206258890469,0.12868159176259542,0.2146869833078305,134096.12212411495,1530.9465412434415,135627.06866535838,2617,6,632.5263157894736,37,1,18,32.2477768367563,0.6593468468468469,41.06359649122806,1035.7456140350864,27.993124703650984,0
2884,4,1,0,39,0.02564102564102564,0.0,1.0,39,950,700,250,0.7368421052631579,12,7,5,334.06352945111087,0.8080859199280253,0.1255023183925812,0.21231739052541101,134384.56658859277,1178.596523668607,135563.1631122614,2618,0,617.2820512820513,38,1,19,32.125837197320955,0.6603618421052633,40.785256410256395,1036.8589743589723,27.28576248313085,0
2885,4,0,0,39,0.0,0.0,1.0,39,1300,1100,200,0.8461538461538461,15,11,4,367.7173313063421,0.8081421502474134,0.07740418025338136,0.2195623401451562,132061.2882653062,2018.8256836265189,134080.11394893273,2619,1,618.2820512820513,34,5,19,33.58669214732454,0.645220588235294,43.03571428571429,1027.8571428571436,30.231092436974812,8
2886,4,0,0,39,0.0,0.0,1.0,39,1100,700,400,0.6363636363636364,15,7,8,369.0838037342596,0.808535762483131,0.07720884316629029,0.2207792207792208,132130.12695312512,1953.4179687500148,134083.54492187515,2620,2,619.2820512820513,35,4,19,33.48214285714287,0.6437499999999999,42.96875000000001,1028.125000000001,29.375000000000025,0
2887,4,0,0,39,0.0,0.0,1.0,39,800,600,200,0.75,10,6,4,368.6898782279798,0.808029689608637,0.0795027614744026,0.22106465977961068,132219.38898533958,1949.590084876555,134168.97907021613,2621,3,620.2820512820513,35,4,19,33.40226198514518,0.6446428571428571,42.88194444444445,1028.4722222222229,29.384920634920654,0
2888,4,0,0,39,0.0,0.0,1.0,39,850,700,150,0.8235294117647058,10,7,3,370.0020624531046,0.8076360773729195,0.08318190995356356,0.22255198479080507,132338.45191400888,1993.1000300068572,134331.55194401575,2622,4,621.2820512820513,35,4,19,33.248500187476566,0.6458333333333333,42.7662037037037,1028.935185185185,29.39814814814814,0
2889,4,0,0,39,0.0,0.0,1.0,39,1100,800,300,0.7272727272727273,14,8,6,367.7059623682781,0.8081421502474134,0.08003108003108017,0.22170054049066482,132428.63520408166,1938.9731464859653,134367.60835056764,2623,5,622.2820512820513,34,5,19,33.216709075487714,0.6488970588235294,42.67857142857143,1029.2857142857144,30.273109243697483,0
2890,4,0,1,38,0.0,0.02564102564102564,0.9743589743589743,39,700,400,300,0.5714285714285714,10,4,6,367.7059623682781,0.8081421502474134,0.08003108003108017,0.22170054049066482,132428.63520408166,1938.9597505668983,134367.59495464855,2624,6,623.2820512820513,34,5,19,33.216709075487714,0.6488970588235294,42.67857142857143,1029.2857142857144,30.273109243697483,0
2891,4,0,0,38,0.0,0.0,1.0,38,1100,800,300,0.7272727272727273,14,8,6,374.45406458703076,0.8006460407776197,0.09726598963782518,0.22615302635482698,132492.61289227687,2322.4794850538137,134815.09237733067,2625,7,640.3421052631579,33,5,20,32.97858885846923,0.6518308080808082,42.616421568627445,1029.5343137254893,31.198009506833007,0
2892,4,0,0,38,0.0,0.0,1.0,38,1350,1100,250,0.8148148148148148,16,11,5,377.55756930869245,0.7985123281175913,0.09725945038703343,0.2286018596880585,132587.2561034218,2411.864427143405,134999.1205305652,2626,8,641.3421052631579,33,5,20,32.80332778042201,0.6527777777777778,42.52450980392157,1029.9019607843138,31.20915032679739,0
2893,4,0,0,38,0.0,0.0,1.0,38,850,600,250,0.7058823529411765,11,6,5,381.76794154631375,0.7971787577050735,0.10320997546196553,0.23192954136715377,132713.4996155325,2533.151912725868,135246.65152825837,2627,9,642.3421052631579,33,5,19,32.5676934665398,0.6540404040404041,42.40196078431372,1030.392156862745,31.224004753416516,0
2894,4,0,0,38,0.0,0.0,1.0,38,850,400,450,0.47058823529411764,13,4,9,382.03859185877127,0.7971194879089616,0.10915843287924964,0.23268114381782204,132808.22167255374,2547.5731990099866,135355.79487156373,2628,10,643.3421052631579,33,5,19,32.465298418737355,0.6549873737373737,42.31004901960784,1030.759803921568,31.235145573380848,0
2895,4,0,0,38,0.0,0.0,1.0,38,1100,700,400,0.6363636363636364,15,7,8,381.8557175179633,0.7960229966808914,0.10807734640784461,0.23355361327261479,132966.16685890043,2554.7782103037284,135520.94506920414,2629,11,644.3421052631579,33,5,19,32.31097512674271,0.6565656565656566,42.15686274509804,1031.3725490196077,31.25371360665478,0
2896,4,0,1,37,0.0,0.02631578947368421,0.9736842105263158,38,1100,900,200,0.8181818181818182,13,9,4,382.75751296266856,0.7952821242294926,0.10849557964762213,0.23450165532166967,133029.3712153978,2583.5982554786438,135612.96947087644,2630,12,645.3421052631579,33,5,19,32.22410311237823,0.6571969696969697,42.09558823529411,1031.6176470588225,31.261140819964318,0
2897,4,0,0,37,0.0,0.0,1.0,37,1150,1000,150,0.8695652173913043,13,10,3,388.0254815432052,0.7881006006006006,0.12555276720558095,0.23853654055159662,133155.82498317948,2933.5706218761934,136089.39560505567,2631,13,661.1891891891892,33,4,19,31.96093564473995,0.658459595959596,41.97303921568627,1032.1078431372546,31.275995246583474,0
2898,4,0,0,37,0.0,0.0,1.0,37,1050,800,250,0.7619047619047619,13,8,5,389.78196425173314,0.788601101101101,0.12563845897179227,0.24002363061817256,133219.0743944637,2985.278498654369,136204.35289311808,2632,14,662.1891891891892,33,4,19,31.851950775561892,0.6590909090909091,41.911764705882355,1032.352941176471,31.28342245989306,0
2899,4,0,1,36,0.0,0.02702702702702703,0.972972972972973,37,1400,1000,400,0.7142857142857143,18,10,8,388.6239453104697,0.7885385385385385,0.12051059245269702,0.24033097835817657,133377.26362757102,2966.7196811322415,136343.98330870326,2633,15,663.1891891891892,33,4,19,31.722698422114117,0.660669191919192,41.75857843137254,1032.965686274509,31.301990493166937,0
2900,4,1,1,36,0.02702702702702703,0.02702702702702703,0.972972972972973,37,1300,900,400,0.6923076923076923,17,9,8,381.5850946744233,0.7868493493493494,0.09123863199692561,0.23820844667545357,133725.6103421761,2805.5737276528266,136531.18406982895,2634,0,593.7297297297297,33,4,18,31.554601105845173,0.6641414141414141,41.42156862745098,1034.3137254901962,31.342840166369584,0
2901,4,0,0,36,0.0,0.0,1.0,36,550,400,150,0.7272727272727273,7,4,3,393.75876260385917,0.7838624338624339,0.11699614698634409,0.23927514978481745,132723.06596584545,3252.1740447403486,135975.2400105858,2635,17,611.2222222222222,32,4,18,32.249162684311564,0.6565755208333333,42.392676767676775,1030.429292929294,32.20091540404044,1
2902,4,1,2,35,0.02702702702702703,0.05405405405405406,0.9459459459459459,37,850,700,150,0.8235294117647058,10,7,3,383.48781607367454,0.7919169169169169,0.11093412804439429,0.23455185029622433,132966.1668589005,2798.1809880815213,135764.34784698204,2636,0,595.6756756756756,33,4,18,32.268892585551335,0.6565656565656566,42.156862745098046,1031.3725490196086,31.253713606654806,0
2903,4,0,0,35,0.0,0.0,1.0,35,950,500,450,0.5263157894736842,14,5,9,400.27389782752664,0.7812324929971989,0.12191342976325936,0.24264879737268688,132632.61795043945,3617.8749932183155,136250.49294365777,2637,19,625.0571428571428,31,4,18,32.17263409598449,0.658266129032258,42.48046875,1030.078125,33.228326612903224,0
2904,4,0,0,35,0.0,0.0,1.0,35,700,400,300,0.5714285714285714,10,4,6,396.9157452704409,0.7801820728291315,0.12560599223896718,0.24147487500503773,132766.77661471904,3539.444817437076,136306.2214321561,2638,20,626.0571428571428,31,4,18,32.12373657612128,0.6596102150537634,42.35026041666667,1030.598958333334,33.24512768817206,0
2905,4,0,0,35,0.0,0.0,1.0,35,1050,600,450,0.5714285714285714,15,6,9,399.89884964421356,0.7788515406162464,0.1253665662704928,0.24460222301403975,132968.14176771368,3634.761386447478,136602.90315416115,2639,21,627.0571428571428,31,4,18,31.84375394520893,0.6616263440860215,42.154947916666664,1031.3802083333328,33.27032930107525,0
2906,4,0,0,35,0.0,0.0,1.0,35,900,700,200,0.7777777777777778,11,7,4,398.8595215279802,0.7773809523809523,0.13035954624110757,0.24491952437627226,133113.66705246916,3618.7307098765514,136732.3977623457,2640,22,628.0571428571428,32,3,18,31.723867205024682,0.6604817708333333,42.01388888888889,1031.9444444444448,32.2482638888889,0
2907,4,0,0,35,0.0,0.0,1.0,35,600,300,300,0.5,9,3,6,399.1898378125055,0.7776610644257702,0.1267573141319165,0.24533667175033252,133146.2430491788,3630.125433629235,136776.36848280803,2641,23,629.0571428571428,32,3,18,31.682519778158394,0.6608072916666666,41.98232323232324,1032.070707070708,32.25220959595963,0
2908,4,0,0,35,0.0,0.0,1.0,35,1200,1000,200,0.8333333333333334,14,10,4,398.68812954636223,0.7775210084033612,0.13254674600349192,0.24613515514191905,133313.97667063153,3630.1400002402934,136944.11667087182,2642,24,630.0571428571428,33,2,19,31.526516949487757,0.6600378787878787,41.81985294117647,1032.7205882352944,31.294563279857407,0
2909,4,0,0,35,0.0,0.0,1.0,35,1100,800,300,0.7272727272727273,14,8,6,397.1858897828846,0.7768207282913164,0.13921056894472605,0.24647884340944123,133505.86149427615,3605.5166060445026,137111.37810032064,2643,25,631.0571428571428,31,4,19,31.372186174457195,0.667002688172043,41.63411458333333,1033.4635416666658,33.33753360215051,0
2910,4,0,0,35,0.0,0.0,1.0,35,1000,700,300,0.7,13,7,6,393.4892495628534,0.7765406162464985,0.13817255873170908,0.24547375804793084,133700.6447843333,3521.9532764513865,137222.5980607847,2644,26,632.0571428571428,32,3,18,31.271873601106908,0.6663411458333334,41.44570707070707,1034.217171717172,32.31928661616163,0
2911,4,0,0,35,0.0,0.0,1.0,35,650,400,250,0.6153846153846154,9,4,5,393.4892495628534,0.776750700280112,0.13817255873170908,0.24547375804793084,133700.6447843333,3521.9532764513865,137222.5980607847,2645,27,633.0571428571428,32,3,18,31.271873601106908,0.6663411458333334,41.44570707070707,1034.217171717172,32.31928661616163,0
2912,4,1,0,36,0.027777777777777776,0.0,1.0,36,900,400,500,0.4444444444444444,14,4,10,386.0207396586819,0.7801256613756614,0.13558224536215313,0.24327078828154514,134074.41135921283,3151.1006884371427,137225.51204764997,2646,0,616.4444444444445,33,3,19,31.089885812329896,0.6676136363636364,41.08455882352941,1035.6617647058824,31.383689839572195,0
2913,4,0,0,36,0.0,0.0,1.0,36,650,400,250,0.6153846153846154,9,4,5,383.86308451792246,0.779728835978836,0.13264447599516238,0.24212020823473737,134106.14306997307,3095.679546328337,137201.82261630142,2647,1,617.4444444444445,33,3,19,31.113937529578795,0.6679292929292928,41.05392156862745,1035.7843137254902,31.387403446226976,0
2914,4,0,0,36,0.0,0.0,1.0,36,1200,1000,200,0.8333333333333334,14,10,4,382.90479561852385,0.7791335978835979,0.13363292336802246,0.24235351435256258,134233.10745866972,3079.7001153402502,137312.80757400996,2648,2,618.4444444444445,33,3,20,31.011510564490692,0.6691919191919191,40.931372549019606,1036.2745098039213,31.4022578728461,0
2915,4,0,0,36,0.0,0.0,1.0,36,1000,700,300,0.7,13,7,6,387.25418956168653,0.7779761904761905,0.13375957231613933,0.24574517550654953,134328.37017313048,3203.844825307567,137532.21499843805,2649,3,619.4444444444445,33,3,20,30.8033603262797,0.670138888888889,40.83946078431372,1036.6421568627445,31.41339869281044,0
2916,4,0,0,36,0.0,0.0,1.0,36,1050,700,350,0.6666666666666666,14,7,7,386.97949912947666,0.7767195767195768,0.13123941220501956,0.24599801218140493,134391.89742226538,3201.3818303056423,137593.27925257102,2650,4,620.4444444444445,33,3,21,30.746833510617336,0.6707702020202021,40.7781862745098,1036.88725490196,31.42082590612,0
2917,4,0,0,36,0.0,0.0,1.0,36,950,600,350,0.631578947368421,13,6,7,386.6559492711935,0.7754298941798943,0.13225950430581812,0.24643493634272434,134487.21645520942,3200.056468665886,137687.2729238753,2651,5,621.4444444444445,33,3,21,30.65975504095779,0.6717171717171718,40.686274509803916,1037.2549019607834,31.431966726084344,0
2918,4,1,1,36,0.02702702702702703,0.02702702702702703,0.972972972972973,37,850,700,150,0.8235294117647058,10,7,3,377.32655034608945,0.7813438438438438,0.12674699717418658,0.24259978661857037,134805.1906117837,2773.130526720468,137578.32113850416,2652,0,605.6216216216217,33,4,18,30.583746361419244,0.6748737373737375,40.3799019607843,1038.480392156861,31.46910279263215,0
2919,4,0,0,36,0.0,0.0,1.0,36,750,300,450,0.4,12,3,9,389.80383863714775,0.7745701058201059,0.13736857752912202,0.24999743847696007,134714.57791296806,3302.4519181716123,138017.02983113966,2653,7,623.4444444444445,32,4,22,30.350482445471492,0.6764322916666667,40.467171717171716,1038.1313131313132,32.441603535353536,0
2920,4,0,1,35,0.0,0.027777777777777776,0.9722222222222222,36,950,600,350,0.631578947368421,13,6,7,383.7698418789472,0.7741071428571429,0.12871296615691263,0.24133378993645713,133995.55165816325,3084.690334467118,137080.24199263038,2654,8,624.4444444444445,34,2,15,31.22724311065118,0.6645220588235294,41.160714285714285,1035.3571428571427,30.451680672268903,7
2921,4,0,0,35,0.0,0.0,1.0,35,1250,1000,250,0.8,15,10,5,389.84930985996294,0.7689775910364145,0.1395698051948051,0.24504813762626257,133979.23875432534,3446.342752787396,137425.58150711274,2655,37,643.0571428571428,33,2,15,31.086253156565665,0.6666666666666666,41.1764705882353,1035.2941176470595,31.372549019607863,0
2922,4,0,0,35,0.0,0.0,1.0,35,950,700,250,0.7368421052631579,12,7,5,395.63399423889484,0.7692577030812324,0.09910323253388964,0.24081481330809035,132785.41512613607,3506.884832604606,136292.29995874068,2656,38,644.0571428571428,35,0,16,32.13796088339884,0.650297619047619,42.33217592592593,1030.671296296297,29.447751322751344,6
2923,4,0,0,35,0.0,0.0,1.0,35,550,300,250,0.5454545454545454,8,3,5,395.28592355655337,0.7679971988795518,0.10139055959197418,0.2409864285501863,132845.06715374233,3502.357011959879,136347.42416570222,2657,39,645.0571428571428,35,0,16,32.08677164028292,0.6508928571428572,42.27430555555556,1030.902777777778,29.454365079365086,0
2924,4,1,1,35,0.027777777777777776,0.027777777777777776,0.9722222222222222,36,1050,700,350,0.6666666666666666,14,7,7,388.40152159788596,0.7786706349206349,0.09520821967630488,0.23874580452344915,133152.40652392263,3143.319459662371,136295.725983585,2658,0,628.1111111111111,36,0,17,31.954673577014002,0.6519097222222222,41.976351351351354,1032.094594594595,28.669294294294307,0
2925,4,0,0,35,0.0,0.0,1.0,35,700,500,200,0.7142857142857143,9,5,4,394.59197500066574,0.7755602240896358,0.10015705631590777,0.24191147628307666,133053.95474322705,3500.4045567558296,136554.35929998287,2659,1,644.3142857142857,35,0,17,31.894117867025646,0.6529761904761904,42.07175925925926,1031.712962962963,29.47751322751323,0
2926,4,0,0,35,0.0,0.0,1.0,35,1150,700,450,0.6086956521739131,16,7,9,393.9692091932418,0.7756302521008402,0.09920056393085463,0.24211050574611542,133143.5282305598,3490.890105238337,136634.41833579814,2660,2,645.3142857142857,35,0,17,31.819955328772757,0.6538690476190476,41.9849537037037,1032.060185185185,29.487433862433857,0
2927,4,0,0,35,0.0,0.0,1.0,35,1150,900,250,0.782608695652174,14,9,5,392.0959676442168,0.7761204481792716,0.09225890154245353,0.24134602728907992,133203.26063368047,3445.6922743055447,136648.952907986,2661,3,646.3142857142857,35,0,18,31.808148335015147,0.6544642857142857,41.92708333333333,1032.291666666666,29.494047619047603,0
2928,4,0,0,35,0.0,0.0,1.0,35,800,600,200,0.75,10,6,4,391.9767925211775,0.7735294117647058,0.09520394441954272,0.2422438293946667,133352.65024862823,3454.2288237311323,136806.87907235936,2662,4,647.3142857142857,35,0,18,31.660877035708946,0.655952380952381,41.782407407407405,1032.87037037037,29.510582010582,0
2929,4,0,0,35,0.0,0.0,1.0,35,850,700,150,0.8235294117647058,10,7,3,367.1828309645022,0.7734593837535013,0.07875555261984557,0.22228822048102928,132581.8470096371,2736.4091675764817,135318.2561772136,2663,5,648.3142857142857,34,1,19,33.075896813470486,0.6504289215686274,42.5297619047619,1029.8809523809518,30.290616246498583,3
2930,4,0,0,35,0.0,0.0,1.0,35,1100,800,300,0.7272727272727273,14,8,6,367.1680333607655,0.7734593837535013,0.07694356637409538,0.22313290109289388,132725.77649444874,2746.5324663494534,135472.3089607982,2664,6,649.3142857142857,35,0,15,32.931432288741625,0.649702380952381,42.3900462962963,1030.439814814815,29.44113756613757,0
2931,4,0,0,35,0.0,0.0,1.0,35,900,500,400,0.5555555555555556,13,5,8,368.5043614195605,0.7724089635854341,0.08407814956209325,0.22448015340647096,132815.2394654492,2788.599001200274,135603.8384666495,2665,7,650.3142857142857,35,0,16,32.8070027696684,0.6505952380952381,42.30324074074074,1030.7870370370367,29.451058201058192,0
2932,4,0,0,35,0.0,0.0,1.0,35,800,700,100,0.875,9,7,2,370.78212824764654,0.7721288515406162,0.081759130058221,0.22604766709800034,132845.06715374216,2851.3153452931983,135696.38249903536,2666,8,651.3142857142857,35,0,16,32.7182974065342,0.6508928571428572,42.27430555555555,1030.9027777777767,29.454365079365047,0
2933,4,0,0,35,0.0,0.0,1.0,35,1000,800,200,0.8,12,8,4,372.93478404463053,0.7719187675070027,0.07387338281738454,0.2280866067688196,132964.41139671206,2917.410809970839,135881.8222066829,2667,9,652.3142857142857,35,0,16,32.54276081996035,0.6520833333333333,42.15856481481481,1031.3657407407402,29.467592592592577,0
2934,4,0,0,35,0.0,0.0,1.0,35,900,600,300,0.6666666666666666,12,6,6,370.3686181796105,0.7710084033613445,0.0701482253024599,0.22724268624027733,133083.80922335823,2858.013304826821,135941.82252818506,2668,10,653.3142857142857,35,0,16,32.48889979435409,0.6532738095238095,42.042824074074076,1031.828703703704,29.48082010582011,0
2935,4,0,0,35,0.0,0.0,1.0,35,1400,1200,200,0.8571428571428571,16,12,4,365.7602263242041,0.7714985994397758,0.06917866350665358,0.22549737242834997,133263.00643272034,2748.4614786951283,136011.46791141547,2669,11,654.3142857142857,35,0,16,32.4278154541718,0.6550595238095238,41.86921296296296,1032.523148148148,29.500661375661373,0
2936,4,0,0,35,0.0,0.0,1.0,35,1200,800,400,0.6666666666666666,16,8,8,366.1057020033263,0.7708683473389355,0.06270792974816275,0.22607343799139662,133322.7656276792,2762.044940629292,136084.81056830852,2670,12,655.3142857142857,35,0,16,32.35890862564907,0.6556547619047619,41.811342592592595,1032.75462962963,29.507275132275144,0
2937,4,0,0,35,0.0,0.0,1.0,35,900,700,200,0.7777777777777778,11,7,4,364.2763119811666,0.7691876750700279,0.05692519445600319,0.22548754235394544,133412.42953746574,2719.797560871057,136132.2270983368,2671,13,656.3142857142857,35,0,16,32.316173724699375,0.6565476190476189,41.72453703703704,1033.1018518518522,29.517195767195776,0
2938,4,0,0,35,0.0,0.0,1.0,35,550,400,150,0.7272727272727273,7,4,3,366.88664322082684,0.7684873949579831,0.0518050482114063,0.22784762778563755,133533.73724489778,2798.3623188215406,136332.09956371933,2672,14,657.3142857142857,34,1,16,32.12705405820472,0.6599264705882353,41.60714285714285,1033.571428571427,30.399159663865504,0
2939,4,0,0,35,0.0,0.0,1.0,35,1300,900,400,0.6923076923076923,17,9,8,362.1979169961254,0.7670868347338935,0.04973059397233959,0.2258365937446183,133681.60211173273,2683.83956511489,136365.44167684764,2673,15,658.3142857142857,35,0,16,32.10000466330908,0.6592261904761905,41.464120370370374,1034.143518518519,29.546957671957685,0
2940,4,0,0,35,0.0,0.0,1.0,35,1000,700,300,0.7,13,7,6,359.3634799081992,0.7665966386554621,0.046727089627391694,0.22443266386719612,133741.455078125,2612.3589409722217,136353.81401909722,2674,16,659.3142857142857,35,0,14,32.11333501174891,0.6598214285714286,41.40625,1034.375,29.553571428571427,0
2941,4,1,1,35,0.027777777777777776,0.027777777777777776,0.9722222222222222,36,750,500,250,0.6666666666666666,10,5,5,351.08697098483367,0.7727843915343916,0.042810102108633785,0.2209613072009272,134025.5347196859,2210.923803871441,136236.45852355735,2675,0,641.9722222222222,36,0,14,32.04323001631321,0.6605902777777778,41.13175675675676,1035.4729729729731,28.763138138138142,0
2942,4,0,0,35,0.0,0.0,1.0,35,1150,900,250,0.782608695652174,14,9,5,360.392561401564,0.7665266106442576,0.04417036776687877,0.22599090351001283,133891.14610125162,2650.674618484215,136541.82071973584,2676,18,661.3142857142857,35,0,14,31.936833668828758,0.6613095238095239,41.26157407407407,1034.953703703703,29.570105820105802,0
2943,4,0,0,35,0.0,0.0,1.0,35,1000,800,200,0.8,12,8,4,359.9463987142171,0.7656162464985994,0.04415061799367681,0.22644729134299474,134010.9592013888,2647.3524305555457,136658.31163194432,2677,19,662.3142857142857,35,0,14,31.8284708249497,0.6625,41.14583333333333,1035.4166666666658,29.58333333333331,0
2944,4,0,0,35,0.0,0.0,1.0,35,550,300,250,0.5454545454545454,8,3,5,362.4198143587878,0.7661764705882352,0.04506034868126951,0.22837552809031206,134070.88584533596,2717.989111796966,136788.8749571329,2678,20,663.3142857142857,35,0,14,31.704477723141114,0.6630952380952382,41.087962962962955,1035.6481481481471,29.58994708994706,0
2945,4,0,0,35,0.0,0.0,1.0,35,950,500,450,0.5263157894736842,14,5,9,352.66786192267875,0.7657563025210083,0.029404163675520456,0.22350606535864026,134280.73459201385,2471.299913194439,136752.03450520828,2679,21,664.3142857142857,35,0,17,31.747278056951423,0.6651785714285714,40.885416666666664,1036.458333333333,29.61309523809523,1
2946,4,0,0,35,0.0,0.0,1.0,35,900,700,200,0.7777777777777778,11,7,4,349.9743612634807,0.7664565826330532,0.030542531815137997,0.22234541334739438,134370.72000385806,2405.2613811728465,136775.9813850309,2680,22,665.3142857142857,35,0,17,31.727227059611536,0.6660714285714285,40.798611111111114,1036.8055555555557,29.623015873015877,0
2947,4,0,0,35,0.0,0.0,1.0,35,900,500,400,0.5555555555555556,13,5,8,351.10413139412327,0.7657563025210083,0.033983384625197344,0.22324640973456006,134400.72183909902,2437.729740012013,136838.45157911102,2681,23,666.3142857142857,35,0,17,31.667992149421437,0.6663690476190476,40.76967592592593,1036.921296296297,29.62632275132277,0
2948,4,0,0,35,0.0,0.0,1.0,35,700,500,200,0.7142857142857143,9,5,4,349.71831647403025,0.7640756302521008,0.03236161361788992,0.22309788402539038,134520.7626698603,2408.874930341232,136929.63760020153,2682,24,667.3142857142857,35,0,17,31.584128268065022,0.6675595238095238,40.65393518518519,1037.3842592592598,29.63955026455028,0
2949,4,0,1,34,0.0,0.02857142857142857,0.9714285714285714,35,1200,1000,200,0.8333333333333334,14,10,4,350.1994603072794,0.7616946778711484,0.03326111889894223,0.22432776857397743,134670.8890603568,2432.3345336076977,137103.2235939645,2683,25,668.3142857142857,35,0,17,31.421907523044908,0.6690476190476189,40.50925925925927,1037.962962962964,29.656084656084683,0
2950,4,0,0,34,0.0,0.0,1.0,34,1150,900,250,0.782608695652174,14,9,5,357.61248691828916,0.752005347593583,0.038738763059147585,0.22851542785775716,134581.66099773243,2825.616496598639,137407.27749433107,2684,66,688.2352941176471,34,0,18,31.31859989291724,0.6703431372549019,40.595238095238095,1037.6190476190475,30.51820728291316,0
2951,4,0,0,34,0.0,0.0,1.0,34,1150,800,350,0.6956521739130435,15,8,7,356.7013508963892,0.7511883541295307,0.03494333513221859,0.2287085132218026,134705.2154195012,2809.9064625850465,137515.12188208627,2685,67,689.2352941176471,34,0,18,31.21894113149847,0.6715686274509803,40.47619047619048,1038.0952380952388,30.53221288515408,0
2952,4,0,0,34,0.0,0.0,1.0,34,800,500,300,0.625,11,5,6,371.38491293802656,0.7515225787284612,0.073812183418692,0.21914065370190952,131610.90573637537,2990.630483198171,134601.53621957355,2686,68,690.2352941176471,33,1,18,33.94728591902544,0.6429924242424243,43.47426470588235,1026.10294117647,31.09402852049909,7
2953,4,0,0,34,0.0,0.0,1.0,34,550,300,250,0.5454545454545454,8,3,5,370.29955389231486,0.750891265597148,0.07231767796681599,0.21868042766532036,131642.34459102261,2949.4202950788053,134591.76488610142,2687,69,691.2352941176471,33,1,18,33.94335642066714,0.6433080808080809,43.44362745098039,1026.2254901960778,31.09774212715387,0
2954,4,0,0,34,0.0,0.0,1.0,34,700,500,200,0.7142857142857143,9,5,4,371.5991971913182,0.7512997623291742,0.07858000547718191,0.21999197702273296,131736.68368235766,2990.6491794021395,134727.3328617598,2688,70,692.2352941176471,33,1,18,33.81468604512355,0.6442550505050506,43.3517156862745,1026.5931372549012,31.108882947118218,0
2955,4,0,0,34,0.0,0.0,1.0,34,900,500,400,0.5555555555555556,13,5,8,371.9756087517598,0.7512997623291742,0.07678510000491445,0.22057916671840008,131799.59518274208,3005.2469302671884,134804.84211300928,2689,71,693.2352941176471,33,1,18,33.74147173489279,0.6448863636363638,43.29044117647058,1026.8382352941167,31.116310160427776,0
2956,4,1,1,34,0.02857142857142857,0.02857142857142857,0.9714285714285714,35,1000,900,100,0.9,11,9,2,361.8334550766984,0.7628151260504201,0.07181467181467172,0.21593286835222317,132040.8950617283,2555.3626543209766,134596.2577160493,2690,0,674.4,35,0,18,33.758445945945944,0.6428571428571429,43.05555555555555,1027.7777777777771,29.365079365079346,0
2957,4,0,0,34,0.0,0.0,1.0,34,650,400,250,0.6153846153846154,9,4,5,370.2621731431602,0.7505570409982175,0.0769642504039989,0.2198383873163137,131847.23816609953,2963.6089852607447,134810.84715136027,2691,73,695.2352941176471,34,0,18,33.73734592944631,0.643075980392157,43.244047619047606,1027.0238095238076,30.206582633053163,0
2958,4,0,0,34,0.0,0.0,1.0,34,1250,800,450,0.64,17,8,9,355.99332811839855,0.750222816399287,0.14269312212963703,0.19986082121922688,129685.96938775509,2433.4679705215353,132119.43735827663,2692,74,696.2352941176471,34,0,19,36.29202703755648,0.6213235294117647,45.357142857142854,1018.5714285714284,29.957983193277308,8
2959,4,1,0,35,0.02857142857142857,0.0,1.0,35,450,300,150,0.6666666666666666,6,3,3,349.0551033321944,0.7557422969187675,0.1533578641941291,0.1978278215862784,130055.90284475735,2079.3353212877205,132135.23816604508,2693,0,677.3142857142857,35,0,20,36.093105828510915,0.6229166666666666,44.99421296296296,1020.0231481481479,29.143518518518512,0
2960,4,0,0,35,0.0,0.0,1.0,35,850,700,150,0.8235294117647058,10,7,3,350.03095021878624,0.7577731092436975,0.15653695363380105,0.19913373671156487,130203.5175004286,2115.0521905006726,132318.56969092926,2694,1,678.3142857142857,35,0,22,35.91848113706812,0.6244047619047619,44.84953703703703,1020.6018518518513,29.160052910052894,0
2961,4,0,0,35,0.0,0.0,1.0,35,700,500,200,0.7142857142857143,9,5,4,360.40171976532866,0.7572829131652661,0.16362840608840856,0.2042585438129801,130055.90284475726,2374.474210176596,132430.37705493387,2695,2,679.3142857142857,35,0,20,35.803760543137024,0.6229166666666668,44.994212962962955,1020.0231481481472,29.143518518518494,2
2962,4,0,0,35,0.0,0.0,1.0,35,900,700,200,0.7777777777777778,11,7,4,362.8172084593859,0.7574929971988795,0.1670918077951551,0.20593906584478314,130114.93866008638,2441.587764703338,132556.5264247897,2696,3,680.3142857142857,35,0,20,35.68219417659292,0.6235119047619049,44.93634259259258,1020.254629629628,29.15013227513223,0
2963,4,2,1,36,0.05405405405405406,0.02702702702702703,0.972972972972973,37,1200,1000,200,0.8333333333333334,14,10,4,349.1768704751132,0.7761511511511512,0.16417447379790473,0.20053466479966298,130570.58572108728,1718.4456996383537,132289.03142072563,2697,0,644.4864864864865,37,0,15,35.56831795587025,0.6241554054054053,44.49013157894737,1022.0394736842107,27.62268847795164,0
2964,4,1,1,36,0.02702702702702703,0.02702702702702703,0.972972972972973,37,1000,800,200,0.8,12,8,4,349.8093424088434,0.7791541541541541,0.16168103760597008,0.20148067436457473,130682.67549871116,1742.8041560864851,132425.47965479764,2698,0,645.4594594594595,37,0,16,35.438672922251996,0.6252815315315314,44.38048245614035,1022.4780701754388,27.634542437174023,0
2965,4,0,0,36,0.0,0.0,1.0,36,950,600,350,0.631578947368421,13,6,7,366.7852946260583,0.766170634920635,0.1823091488079871,0.2047337064568056,129459.11864144518,2296.7401945864385,131755.8588360316,2699,2,664.3888888888889,36,0,15,36.248201836892754,0.6148726851851853,45.579954954954935,1017.6801801801776,28.26889389389382,3
2966,4,0,0,36,0.0,0.0,1.0,36,1050,800,250,0.7619047619047619,13,8,5,368.03110222045734,0.7630952380952382,0.18300400599670708,0.20617950596514054,129602.41280131454,2339.5437667396777,131941.95656805421,2700,3,665.3888888888889,36,0,15,36.070559610705594,0.6163194444444446,45.43918918918917,1018.2432432432408,28.28453453453447,0
2967,4,1,1,36,0.02702702702702703,0.02702702702702703,0.972972972972973,37,800,600,200,0.75,10,6,4,360.5685496693903,0.7721471471471472,0.17656688425919254,0.2032434608354745,129843.17440221956,1963.4730157355755,131806.64741795513,2701,0,648.3783783783783,37,0,17,36.01566702528241,0.6168355855855857,45.202850877192965,1019.1885964912252,27.545637743006086,0
2968,4,0,0,36,0.0,0.0,1.0,36,1250,900,350,0.72,16,9,7,363.1351064571394,0.7619708994708996,0.1778060097216092,0.20493135808291893,129889.23890106298,2233.468519194843,132122.70742025782,2702,5,667.3888888888889,36,0,18,35.90343754603034,0.6192129629629631,45.157657657657644,1019.3693693693674,28.31581581581576,0
2969,4,0,0,36,0.0,0.0,1.0,36,1050,900,150,0.8571428571428571,12,9,3,359.419231087035,0.761276455026455,0.17695257377753304,0.20328176998707662,129975.34855379,2143.1279674944935,132118.4765212845,2703,6,668.3888888888889,36,0,19,35.91063868949015,0.6200810185185187,45.073198198198185,1019.707207207205,28.32520020020014,0
2970,4,0,0,36,0.0,0.0,1.0,36,1050,900,150,0.8571428571428571,12,9,3,360.3474414351887,0.7618055555555556,0.18077177873468075,0.20410674028008133,130032.7708409421,2171.395255052326,132204.16609599444,2704,7,669.3888888888889,36,0,19,35.828640830297,0.6206597222222223,45.01689189189188,1019.9324324324309,28.331456456456415,0
2971,4,1,0,37,0.02702702702702703,0.0,1.0,37,650,300,350,0.46153846153846156,10,3,7,355.09568614778584,0.7699574574574575,0.17937337359417405,0.20262130813731744,130320.07250071019,1855.4220183020864,132175.49451901228,2705,0,652.2702702702703,36,1,20,35.67102312414984,0.6235532407407407,44.73536036036036,1021.0585585585586,28.36273773773774,0
2972,4,0,0,37,0.0,0.0,1.0,37,800,500,300,0.625,11,5,6,354.64238089391733,0.7702702702702703,0.17684078786614665,0.20281250912407497,130406.32482144302,1849.5219036604171,132255.84672510345,2706,1,653.2702702702703,36,1,21,35.59513965453877,0.6244212962962963,44.6509009009009,1021.396396396396,28.37212212212211,0
2973,4,0,0,37,0.0,0.0,1.0,37,1150,800,350,0.6956521739130435,15,8,7,351.16151528612676,0.768581081081081,0.17420461448667712,0.20171784257828407,130578.91506371238,1770.8579356383405,132349.7729993507,2707,2,654.2702702702703,36,1,14,35.509172542970454,0.6261574074074074,44.48198198198198,1022.0720720720723,28.390890890890898,0
2974,4,0,1,36,0.0,0.02702702702702703,0.972972972972973,37,1050,600,450,0.5714285714285714,15,6,9,349.21500514273544,0.7687062062062062,0.17288962971782373,0.20119747758223577,130694.03863322774,1728.0638746854895,132422.10250791322,2708,3,655.2702702702703,36,1,14,35.44236417033774,0.6273148148148149,44.369369369369366,1022.5225225225219,28.403403403403384,0
2975,4,0,0,36,0.0,0.0,1.0,36,600,400,200,0.6666666666666666,8,4,4,360.4204319254446,0.7575396825396826,0.18583839756413711,0.20708346352202972,130587.70743580654,2213.2955836333804,132801.00301943993,2709,12,674.3888888888889,35,1,14,35.26367814139584,0.6282738095238096,44.47337962962962,1022.1064814814798,29.20304232804228,0
2976,4,1,0,37,0.02702702702702703,0.0,1.0,37,1200,800,400,0.6666666666666666,16,8,8,353.1751349816692,0.76758008008008,0.18467824189025683,0.20485059360870367,130953.252133045,1849.8864996753289,132803.13863272034,2710,0,657.1351351351351,36,1,15,35.078804048850266,0.6299189814814816,44.11599099099098,1023.5360360360344,28.43155655655651,0
2977,4,0,0,37,0.0,0.0,1.0,37,650,500,150,0.7692307692307693,8,5,3,355.48269898497006,0.7667667667667668,0.18786905717598756,0.20634340573265483,130982.06948502548,1912.3719158347412,132894.44140086023,2711,1,658.1351351351351,36,1,15,34.99060322698935,0.6302083333333335,44.08783783783783,1023.648648648648,28.434684684684665,0
2978,4,0,0,37,0.0,0.0,1.0,37,900,700,200,0.7777777777777778,11,7,4,357.3769147139929,0.7658908908908909,0.18468022625066527,0.20790967917430167,131068.5405633673,1968.174128520399,133036.7146918877,2712,2,659.1351351351351,36,1,15,34.85465009714432,0.631076388888889,44.00337837837837,1023.9864864864857,28.444069069069045,0
2979,4,0,0,37,0.0,0.0,1.0,37,850,500,350,0.5882352941176471,12,5,7,354.47628565282076,0.763576076076076,0.1796255967960927,0.20684225597073166,131183.87972009156,1900.3148841408806,133084.19460423244,2713,3,660.1351351351351,36,1,15,34.8123007584918,0.6322337962962964,43.89076576576576,1024.4369369369358,28.45658158158155,0
2980,4,0,0,37,0.0,0.0,1.0,37,1000,800,200,0.8,12,8,4,352.64204483243486,0.7640765765765766,0.17940789454142636,0.2060815649280875,131241.56832085448,1856.259003936355,133097.82732479082,2714,4,661.1351351351351,36,1,16,34.800985456277246,0.6328125,43.83445945945945,1024.662162162161,28.462837837837803,0
2981,4,1,0,38,0.02631578947368421,0.0,1.0,38,950,700,250,0.7368421052631579,12,7,5,353.8376425604259,0.7700331910858227,0.16711894554410334,0.19080777547417355,128089.02739304396,1464.5724317236632,129553.59982476762,2715,0,644.7105263157895,37,1,17,37.97524913344888,0.5990990990990992,46.92982456140351,1012.2807017543855,27.358937885253663,6
2982,4,2,0,40,0.05,0.0,1.0,40,1000,700,300,0.7,13,7,6,360.6684988204917,0.7823985042735043,0.18385620915032708,0.18769483101882728,126650.14716066474,1221.4431363496385,127871.59029701438,2716,0,613.425,37,3,16,39.279230210602755,0.5844594594594594,48.35526315789473,1006.5789473684205,27.204836415362717,7
2983,4,1,1,40,0.024390243902439025,0.024390243902439025,0.975609756097561,41,1000,700,300,0.7,13,7,6,352.8005199127221,0.7934451219512195,0.17588282753056572,0.18486747243426643,126930.47337278111,756.2273997370229,127686.70077251813,2717,0,599.439024390244,38,3,17,39.18906382527565,0.5855263157894737,48.07692307692308,1007.6923076923081,26.51821862348179,0
2984,4,2,2,40,0.047619047619047616,0.047619047619047616,0.9523809523809523,42,1000,800,200,0.8,12,8,4,353.881447949215,0.7974980642663569,0.2012331866813819,0.18753930463668728,127388.43831041353,616.1837287237989,128004.62203913734,2718,0,586.1190476190476,38,4,13,38.691704589550916,0.5901864035087718,47.62286324786325,1009.5085470085476,26.56601439496178,0
2985,4,3,2,41,0.06976744186046512,0.046511627906976744,0.9534883720930233,43,1350,1100,250,0.8148148148148148,16,11,5,347.8450240915596,0.7946659283868586,0.2075340594884958,0.18611818102716005,127775.65646701411,289.2252604166863,128064.8817274308,2719,0,573.2325581395348,39,4,14,38.44743801085239,0.5924145299145298,47.23958333333334,1011.0416666666684,25.924145299145344,0
2986,4,2,1,42,0.046511627906976744,0.023255813953488372,0.9767441860465116,43,1100,600,500,0.5454545454545454,16,6,10,351.6658414229219,0.7997416020671835,0.23058167052309364,0.1897745870510485,128118.16541883704,410.9564887153027,128529.12190755234,2720,0,574.1860465116279,39,4,17,38.00041585211098,0.5958867521367521,46.90104166666668,1012.3958333333353,25.958867521367573,0
2987,4,1,1,42,0.023255813953488372,0.023255813953488372,0.9767441860465116,43,850,500,350,0.5882352941176471,12,5,7,356.4976770934592,0.8067552602436323,0.2328623615973615,0.19276905197768965,128198.62349559872,540.5050092255931,128739.12850482432,2721,0,575.0697674418604,38,5,17,37.79582937721981,0.5984100877192982,46.8215811965812,1012.7136752136757,26.6503598740441,0
2988,4,2,0,44,0.045454545454545456,0.0,1.0,44,1100,600,500,0.5454545454545454,16,6,10,341.09387813903766,0.8115530303030304,0.2336377071677398,0.18369427558903395,128036.38100162553,-57.70178153990631,127978.67922008563,2722,0,562.9545454545455,38,6,20,38.351542981807945,0.5967653508771928,46.981837606837615,1012.0726495726507,26.63349077822765,2
2989,4,1,0,45,0.022222222222222223,0.0,1.0,45,1250,1100,150,0.88,14,11,3,343.7979943252815,0.8171717171717172,0.19280045351473962,0.17732738654672375,126285.3385930306,-300.79637391339475,125984.5422191172,2723,0,551.4222222222222,38,7,15,40.078922193877546,0.5789473684210528,48.7179487179487,1005.1282051282026,26.450742240215856,8
2990,4,4,3,46,0.08163265306122448,0.061224489795918366,0.9387755102040817,49,1450,1000,450,0.6896551724137931,19,10,9,320.7325733477565,0.8358489229024944,0.19569009682042515,0.16906958263406838,127172.82267011818,-1632.0338182117212,125540.78885190646,2724,0,507.3265306122449,38,11,18,39.748834869187576,0.5879934210526316,47.83653846153845,1008.6538461538448,26.54352226720644,0
2991,4,6,4,48,0.11538461538461539,0.07692307692307693,0.9230769230769231,52,950,500,450,0.5263157894736842,14,5,9,297.4262189596463,0.8627293866264454,0.22274290109028483,0.16020814603095604,128044.10450522782,-2783.265227387268,125260.83927784055,2725,0,478.90384615384613,41,11,16,39.44855583872443,0.5919715447154472,46.97420634920634,1012.103174603173,24.68544328300422,0
2992,4,1,1,48,0.02040816326530612,0.02040816326530612,0.9795918367346939,49,1550,1200,350,0.7741935483870968,19,12,7,316.17493640276496,0.8478245464852608,0.2293184380099933,0.16895162901169786,127723.00347222234,-1723.4374999999905,125999.56597222235,2726,0,509.18367346938777,39,10,18,39.30166254465512,0.5918803418803419,47.29166666666667,1010.8333333333343,25.918803418803442,0
2993,4,0,3,45,0.0,0.0625,0.9375,48,800,400,400,0.5,12,4,8,314.5377973674678,0.8475177304964538,0.228937728937729,0.16837023270846788,127793.20987654307,-1560.841049382731,126232.36882716035,2727,1,516.4166666666666,41,7,19,39.27140567765568,0.5894308943089431,47.222222222222214,1011.1111111111101,24.661246612466098,0
2994,4,1,1,45,0.021739130434782608,0.021739130434782608,0.9782608695652174,46,1000,600,400,0.6,14,6,8,330.1944946327981,0.8412842190016103,0.2352756611385023,0.17598278010649154,127617.73003472241,-772.2656249999808,126845.46440972242,2728,0,539.4565217391304,39,7,19,39.05498281786943,0.5908119658119657,47.39583333333334,1010.4166666666682,25.9081196581197,0
2995,4,1,1,45,0.021739130434782608,0.021739130434782608,0.9782608695652174,46,1650,1100,550,0.6666666666666666,22,11,11,331.6818102465638,0.8418478260869565,0.2349954760229216,0.1772831255519921,127733.27637525622,-726.6391326260685,127006.63724263015,2729,0,540.4347826086956,40,6,19,38.89929124359105,0.5903645833333333,47.28150406504066,1010.8739837398381,25.27184959349595,0
2996,4,1,1,45,0.021739130434782608,0.021739130434782608,0.9782608695652174,46,950,600,350,0.631578947368421,13,6,7,331.7556627357894,0.8414855072463768,0.22800087393489155,0.17766247816044714,127810.3363160157,-719.6394341992097,127090.69688181649,2730,0,541.4130434782609,40,6,19,38.818676716917935,0.5911458333333333,47.205284552845534,1011.1788617886187,25.27947154471547,0
2997,4,2,2,45,0.0425531914893617,0.0425531914893617,0.9574468085106383,47,1700,1300,400,0.7647058823529411,21,13,8,328.3383538726487,0.843432007400555,0.23000575493965747,0.17708057943533315,128094.312956664,-988.3448286722186,127105.96812799179,2731,0,530.8510638297872,41,6,19,38.61516725467138,0.592479674796748,46.92460317460317,1012.3015873015861,24.690282617111855,0
2998,4,3,1,47,0.0625,0.020833333333333332,0.9791666666666666,48,1100,800,300,0.7272727272727273,14,8,6,323.56268265282483,0.8546099290780141,0.2460422445974184,0.17623030723334873,128487.53390842001,-1285.216242530008,127202.31766589,2732,0,520.7291666666666,39,9,18,38.33532398369808,0.5996260683760685,46.53645833333333,1013.8541666666656,25.996260683760656,0
2999,4,1,1,47,0.020833333333333332,0.020833333333333332,0.9791666666666666,48,1050,600,450,0.5714285714285714,15,6,9,322.0909984019836,0.8500295508274232,0.24593600273785143,0.17624529912557968,128672.41753472213,-1311.154513888894,127361.26302083324,2733,0,521.7083333333334,39,9,19,38.18446269678303,0.6014957264957266,46.354166666666664,1014.5833333333326,26.014957264957246,0
3000,4,2,1,48,0.04081632653061224,0.02040816326530612,0.9795918367346939,49,1400,1000,400,0.7142857142857143,18,10,8,317.41071786375375,0.8582766439909297,0.25620339162973393,0.17521562377051048,129020.6425263566,-1609.4930472932842,127411.14947906332,2734,0,512.0204081632653,40,9,20,37.94930145710379,0.6033854166666668,46.011178861788615,1015.955284552845,25.398882113821124,0
3001,4,2,2,48,0.04,0.04,0.96,50,1200,800,400,0.6666666666666666,16,8,8,308.80810938778956,0.8561054421768707,0.2540887290167866,0.171697308819611,129304.72932778113,-2013.8036841496428,127290.92564363149,2735,0,502.74,40,10,20,37.87969624300558,0.60625,45.73170731707317,1017.0731707317077,25.426829268292693,0
3002,4,2,2,48,0.04,0.04,0.96,50,1050,600,450,0.5714285714285714,15,6,9,323.6501421060277,0.8566326530612245,0.2929667697834544,0.18149401645464502,129640.87106095921,-1608.3427316742584,128032.52832928495,2736,0,503.7,40,10,16,37.1613361939926,0.6096354166666667,45.40142276422765,1018.3943089430904,25.45985772357726,0
3003,4,2,1,49,0.04,0.02,0.98,50,1000,600,400,0.6,14,6,8,323.1564977829741,0.8553061224489795,0.29212369077306755,0.18169623613428573,129744.38707325328,-1614.4516532817822,128129.9354199715,2737,0,504.44,40,10,17,37.068994181213654,0.6106770833333334,45.29979674796748,1018.8008130081296,25.47002032520324,0
3004,4,1,1,49,0.02,0.02,0.98,50,1350,900,450,0.6666666666666666,18,9,9,324.1070407918819,0.8510884353741497,0.29613958125623174,0.18283428679092087,129873.8401827614,-1581.3947964174918,128292.44538634391,2738,0,505.42,40,10,17,36.91363409770689,0.6119791666666667,45.17276422764227,1019.3089430894294,25.482723577235735,0
3005,4,4,4,49,0.07547169811320754,0.07547169811320754,0.9245283018867925,53,1150,600,550,0.5217391304347826,17,6,11,312.8374525047543,0.8625120948234155,0.31333382221689643,0.17984317637453134,130609.02970261683,-2427.5398333391995,128181.48986927763,2739,0,477.7358490566038,42,11,13,36.458037096723224,0.6163194444444446,44.45251937984495,1022.1899224806185,24.337855297157585,0
3006,4,2,1,50,0.0392156862745098,0.0196078431372549,0.9803921568627451,51,1500,1000,500,0.6666666666666666,20,10,10,325.64372913877776,0.8518300653594773,0.3152975504336821,0.18653540792205844,130470.1558781972,-1702.642379701271,128767.51349849593,2740,0,497.15686274509807,40,11,21,36.271096521767944,0.6179687500000002,44.588414634146325,1021.6463414634121,25.541158536585304,0
3007,4,1,1,50,0.0196078431372549,0.0196078431372549,0.9803921568627451,51,1400,900,500,0.6428571428571429,19,9,10,327.89840096167325,0.8470588235294119,0.31653313246136716,0.18903672914501773,130718.71456916051,-1627.508503401406,129091.2060657591,2741,0,498.1372549019608,41,10,16,35.962359332557234,0.6189024390243905,44.345238095238074,1022.6190476190437,24.941927990708383,0
3008,4,1,1,50,0.0196078431372549,0.0196078431372549,0.9803921568627451,51,1150,900,250,0.782608695652174,14,9,5,326.9105827965471,0.8493464052287583,0.3160989711112383,0.18871489969946204,130769.44464128207,-1650.0169280675605,129119.4277132145,2742,0,499.0980392156863,41,10,16,35.93638861946329,0.6194105691056913,44.2956349206349,1022.8174603174574,24.946767324816033,0
3009,4,2,2,50,0.038461538461538464,0.038461538461538464,0.9615384615384616,52,1100,900,200,0.8181818181818182,13,9,4,320.6218726138785,0.8511186525892407,0.3119002897537826,0.18634162299440227,131030.32889399653,-1997.7621161589072,129032.56677783762,2743,0,490.46153846153845,42,10,16,35.834082591961646,0.6205357142857143,44.040697674418595,1023.8372093023238,24.37707641196009,0
3010,4,1,2,49,0.0196078431372549,0.0392156862745098,0.9607843137254902,51,1350,1000,350,0.7407407407407407,17,10,7,328.4942562721899,0.8479411764705883,0.31304169444586827,0.1912603613929961,131099.43000637772,-1586.9180484693777,129512.51195790834,2744,0,501.05882352941177,41,10,17,35.56288142981691,0.6227134146341463,43.97321428571429,1024.107142857144,24.978222996515708,0
3011,4,1,1,49,0.02,0.02,0.98,50,1700,1300,400,0.7647058823529411,21,13,8,338.85602677236517,0.8469727891156462,0.3183946820121033,0.19753209333942603,131145.89659139764,-1112.084510707879,130033.81208068976,2745,0,511.72,40,10,18,35.25068624532858,0.6247395833333332,43.9278455284553,1024.2886178861816,25.607215447154537,0
3012,4,1,1,49,0.02,0.02,0.98,50,1800,1400,400,0.7777777777777778,22,14,8,341.7278075219769,0.845204081632653,0.32048780487804773,0.2001548586914442,131328.12500000047,-1024.3055555555122,130303.81944444495,2746,0,512.7,40,10,19,34.99322493224932,0.6265624999999999,43.75000000000002,1025.0000000000036,25.625000000000092,0
3013,4,0,1,48,0.0,0.02040816326530612,0.9795918367346939,49,900,500,400,0.5555555555555556,13,5,8,344.85784031466443,0.8404903628117915,0.3197673091804569,0.20156664142456096,131248.05908203154,-747.6155598958035,130500.44352213574,2747,3,524.1632653061224,39,10,19,34.99383704381418,0.627403846153846,43.828125000000014,1024.6875000000023,26.27403846153852,0
3014,4,0,0,48,0.0,0.0,1.0,48,950,600,350,0.631578947368421,13,6,7,356.27766639640447,0.8363807624113475,0.32711616675139754,0.20795197916965252,131194.6953667538,-251.65201822913156,130943.04334852466,2748,4,535.5625,39,9,20,34.755232164039995,0.626869658119658,43.88020833333335,1024.4791666666692,26.268696581196647,0
3015,4,2,1,49,0.04,0.02,0.98,50,1250,800,450,0.64,17,8,9,362.4064799585553,0.8426190476190476,0.3618626784500345,0.20743188016304842,130439.87509645052,-449.65579185957773,129990.21930459094,2749,0,515.1,35,15,20,35.36284840244732,0.6267857142857144,44.61805555555555,1021.5277777777769,29.186507936507912,4
3016,4,0,1,48,0.0,0.02040816326530612,0.9795918367346939,49,1550,900,650,0.5806451612903226,22,9,13,365.344134295272,0.8373724489795918,0.3697772746945436,0.20930463020841275,130475.34722222213,-266.3194444444545,130209.02777777768,2750,1,526.5102040816327,34,15,22,35.25183523654161,0.6292892156862746,44.58333333333333,1021.6666666666658,30.049019607843114,0
3017,4,0,0,48,0.0,0.0,1.0,48,1300,1000,300,0.7692307692307693,16,10,6,362.20491269181815,0.8379506501182032,0.36401453409399664,0.2086504356210613,130688.28124999985,-132.81250000001432,130555.46874999984,2751,2,533.875,34,14,17,35.1161369193154,0.6314338235294118,44.37499999999999,1022.4999999999989,30.07352941176467,0
3018,4,2,0,50,0.04,0.0,1.0,50,800,500,300,0.625,11,5,6,344.79784159210953,0.8478401360544218,0.35839525170367104,0.20134600531482738,131212.72243527306,-951.6273029786636,130261.09513229439,2752,0,513.48,36,14,19,35.03105078039128,0.6325231481481481,43.86261261261261,1024.549549549549,28.459709709709696,0
3019,4,1,1,50,0.0196078431372549,0.0196078431372549,0.9803921568627451,51,1300,1000,300,0.7692307692307693,16,10,6,341.2304597641538,0.8520261437908497,0.3539483623544908,0.20122658374829827,131587.96623904322,-1219.584829762182,130368.38140928104,2753,0,504.3921568627451,36,15,14,34.74394504811034,0.6362847222222221,43.49662162162163,1026.0135135135145,28.500375375375402,0
3020,4,1,1,50,0.0196078431372549,0.0196078431372549,0.9803921568627451,51,1150,900,250,0.782608695652174,14,9,5,343.3279523726201,0.8475163398692811,0.3558117715918674,0.20261685893907502,131616.8533398265,-1162.4510490219732,130454.40229080454,2754,0,505.37254901960785,36,15,14,34.66102392449518,0.636574074074074,43.46846846846848,1026.1261261261277,28.50350350350355,0
3021,4,0,1,49,0.0,0.02,0.98,50,950,800,150,0.8421052631578947,11,8,3,351.9870696195193,0.8455272108843537,0.3620446851726473,0.20712545889562947,131506.13667052472,-742.3080632715976,130763.82860725312,2755,3,516.48,35,15,20,34.550609343263375,0.6375,43.57638888888889,1025.6944444444448,29.305555555555564,0
3022,4,0,1,48,0.0,0.02040816326530612,0.9795918367346939,49,1150,900,250,0.782608695652174,14,9,5,360.36005668539707,0.8437145691609977,0.37226650994815014,0.21140468720535702,131389.14399092982,-330.5201247165391,131058.62386621328,2756,4,527.734693877551,34,15,20,34.45410473757549,0.6384803921568627,43.6904761904762,1025.238095238096,30.154061624649884,0
3023,4,0,0,48,0.0,0.0,1.0,48,1000,600,400,0.6,14,6,8,358.19187639116984,0.8435468380614657,0.360834687246141,0.2109733013576702,131541.75347222242,-176.5624999999751,131365.19097222245,2757,5,502.7916666666667,34,14,22,34.35553750338478,0.6400122549019607,43.54166666666668,1025.833333333335,30.17156862745103,0
3024,4,1,1,48,0.02040816326530612,0.02040816326530612,0.9795918367346939,49,1150,900,250,0.782608695652174,14,9,5,352.6845280153117,0.8482851473922902,0.35212822730534876,0.2091588992347494,131803.0907064475,-503.0178326474305,131300.07287380006,2758,0,493.51020408163265,35,14,16,34.23316801923654,0.6404761904761903,43.28703703703705,1026.8518518518542,29.338624338624406,0
3025,4,0,2,46,0.0,0.041666666666666664,0.9583333333333334,48,1250,700,550,0.56,18,7,11,357.47404629214725,0.84232786643026,0.35691673062164275,0.2124117769531386,131876.97991488117,-171.48047540783415,131705.49943947335,2759,7,504.7916666666667,36,12,18,34.035696012864086,0.6391782407407407,43.215090090090094,1027.13963963964,28.53165665665667,0
3026,4,0,0,46,0.0,0.0,1.0,46,950,700,250,0.7368421052631579,12,7,5,360.92457680822235,0.8335547504025765,0.35164164620429017,0.21387855182803914,131773.38023244622,312.050298996941,132085.43053144315,2760,8,520.4130434782609,35,11,18,34.05161481230978,0.6401785714285713,43.315972222222236,1026.736111111113,29.335317460317512,0
3027,4,1,0,47,0.02127659574468085,0.0,1.0,47,1100,600,500,0.5454545454545454,16,6,10,369.6007332714017,0.8374576009867406,0.3442439251764422,0.20645558883231924,129487.77113261897,202.19725813931927,129689.9683907583,2761,0,510.3191489361702,36,11,13,36.14737773843772,0.6151620370370372,45.551801801801794,1017.7927927927917,28.272022022021993,6
3028,4,2,2,47,0.04081632653061224,0.04081632653061224,0.9591836734693877,49,1000,600,400,0.6,14,6,8,358.35017921755843,0.8444940476190477,0.33763901537987984,0.2028950658843899,130017.30974687707,-481.65475016435676,129535.65499671272,2762,0,490.44897959183675,38,11,14,35.89527027027029,0.6167763157894737,45.032051282051285,1019.8717948717949,26.838731443994604,0
3029,4,2,1,48,0.04081632653061224,0.02040816326530612,0.9795918367346939,49,1850,1000,850,0.5405405405405406,27,10,17,357.6515586727609,0.8425807823129252,0.34161880832735103,0.20335045764536974,130180.80210387897,-488.1266436554955,129692.67546022347,2763,0,491.40816326530614,38,11,15,35.74709484924623,0.618421052631579,44.87179487179487,1020.5128205128201,26.855600539811054,0
3030,4,1,0,49,0.02040816326530612,0.0,1.0,49,1300,900,400,0.6923076923076923,17,9,8,351.4723619384221,0.8406675170068028,0.3419227456901366,0.20069050317182854,130346.55044100099,-637.3323270781204,129709.21811392286,2764,0,492.38775510204084,37,12,17,35.73667185654461,0.6219031531531531,44.7094298245614,1021.1622807017536,27.598980559506856,0
3031,4,0,0,49,0.0,0.0,1.0,49,1200,800,400,0.6666666666666666,16,8,8,351.3829461183184,0.8399234693877551,0.342666076522943,0.2007840957144796,130374.54433094802,-637.7217028316359,129736.82262811638,2765,1,493.38775510204084,37,12,18,35.71057905661727,0.6221846846846846,44.68201754385965,1021.2719298245617,27.601944049312475,0
3032,4,0,0,49,0.0,0.0,1.0,49,1300,1000,300,0.7692307692307693,16,10,6,352.46435262056406,0.8403486394557823,0.34371735602707654,0.20213017243514078,130514.55886667053,-599.6541003000923,129914.90476637044,2766,2,494.38775510204084,37,12,14,35.541076474585964,0.6235923423423423,44.54495614035088,1021.8201754385966,27.61676149834045,0
3033,4,0,3,46,0.0,0.061224489795918366,0.9387755102040817,49,1800,1300,500,0.7222222222222222,23,13,10,366.9219196076375,0.8407738095238095,0.29788403525534357,0.20194515610136626,128902.86138733663,-182.8922600078215,128719.9691273288,2767,3,495.38775510204084,38,11,17,36.811984920217434,0.6055372807017543,46.12713675213676,1015.4914529914536,26.72345928924878,8
3034,4,0,0,46,0.0,0.0,1.0,46,1250,700,550,0.56,18,7,11,374.5833527994733,0.8357689210950081,0.3218664685850987,0.2056330293626344,128800.98637488858,449.3410640370267,129250.32743892561,2768,4,526.7608695652174,36,10,18,36.721581243990826,0.6082175925925926,46.227477477477485,1015.0900900900916,28.19694694694699,0
3035,4,1,0,47,0.02127659574468085,0.0,1.0,47,1050,600,450,0.5714285714285714,15,6,9,372.1611446209991,0.839654640764724,0.32373169078819375,0.2059551465258618,129119.93805473376,210.68478796844335,129330.62284270221,2769,0,516.531914893617,38,9,19,36.45734783979817,0.6077302631578947,45.91346153846154,1016.3461538461542,26.745951417004058,0
3036,4,1,1,47,0.020833333333333332,0.020833333333333332,0.9791666666666666,48,1550,1200,350,0.7741935483870968,19,12,7,362.6750038553175,0.8433436761229314,0.3115187043484191,0.20193181799606802,129360.29188368065,-216.85112847221802,129143.44075520843,2770,0,506.75,39,9,20,36.453426855075435,0.608440170940171,45.677083333333336,1017.2916666666674,26.084401709401728,0
3037,4,2,2,47,0.04081632653061224,0.04081632653061224,0.9591836734693877,49,1200,800,400,0.6666666666666666,16,8,8,349.3069148011256,0.8520762471655329,0.3024211280681468,0.19626975975148428,129718.50419723701,-737.6859012492664,128980.81829598774,2771,0,497.3673469387755,40,9,15,36.4292364990689,0.6104166666666667,45.325203252032516,1018.6991869918692,25.467479674796728,0
3038,4,0,0,47,0.0,0.0,1.0,47,1750,1100,650,0.6285714285714286,24,11,13,359.98708250517143,0.8390764724020968,0.30835095774830323,0.20114938035347582,129500.2616722366,-76.3157233910724,129423.94594884552,2772,3,519.531914893617,38,9,15,36.37928169063362,0.6115679824561404,45.5395299145299,1017.8418803418784,26.78531264057575,0
3039,4,1,1,47,0.020833333333333332,0.020833333333333332,0.9791666666666666,48,1150,800,350,0.6956521739130435,15,8,7,350.447130734451,0.8424756205673759,0.3073472457697548,0.1973011442938988,129796.16057117116,-502.661589497005,129293.49898167416,2773,0,509.6875,40,8,16,36.32130746983145,0.6111979166666668,45.24898373983739,1019.0040650406496,25.47510162601624,0
3040,4,0,0,47,0.0,0.0,1.0,47,1050,800,250,0.7619047619047619,13,8,5,364.3856434199305,0.8371877890841812,0.31455952531136266,0.2050874777867523,129784.51063368034,58.322482638869246,129842.83311631922,2774,1,521.4468085106383,39,8,17,35.97807196892251,0.6127136752136754,45.26041666666666,1018.9583333333317,26.12713675213671,0
3041,4,0,0,47,0.0,0.0,1.0,47,1250,1000,250,0.8,15,10,5,365.41633757320443,0.8349907493061979,0.3183013496185856,0.20678762686946092,129996.8804253473,100.59678819445,130097.47721354176,2775,2,522.4468085106383,39,8,19,35.73586993530813,0.6148504273504274,45.052083333333336,1019.7916666666673,26.14850427350429,0
3042,4,1,1,47,0.020833333333333332,0.020833333333333332,0.9791666666666666,48,1250,900,350,0.72,16,9,7,357.01790920449787,0.8402593085106382,0.31267006802721076,0.20341718082581875,130262.58680555565,-297.9709201388796,129964.61588541677,2776,0,512.5416666666666,37,11,19,35.68027210884354,0.6210585585585585,44.79166666666667,1020.8333333333342,27.59009009009011,0
3043,4,0,1,46,0.0,0.02127659574468085,0.9787234042553191,47,1600,1200,400,0.75,20,12,8,366.8876458535875,0.8339885908109774,0.3194352525921025,0.20919518222066844,130291.32806793295,160.4557259962851,130451.78379392924,2777,4,524.4468085106383,36,11,20,35.39920214721672,0.6232638888888888,44.76351351351352,1020.9459459459471,28.35960960960964,0
3044,4,0,0,46,0.0,0.0,1.0,46,1000,800,200,0.8,12,8,4,374.81884889380814,0.8314412238325282,0.31325690176111354,0.21372185301178287,130292.12648158861,567.1889735510948,130859.3154551397,2778,5,531.2826086956521,35,11,20,35.195957563390394,0.6252976190476189,44.76273148148148,1020.9490740740737,29.169973544973534,0
3045,4,0,1,45,0.0,0.021739130434782608,0.9782608695652174,46,1200,800,400,0.6666666666666666,16,8,8,375.3933659979178,0.8307367149758454,0.31044570848048925,0.2151575495703795,130492.6056757771,597.21169649379,131089.8173722709,2779,6,532.2826086956521,36,10,15,34.977635107829094,0.6252893518518519,44.56644144144144,1021.734234234234,28.3815065065065,0
3046,4,0,1,44,0.0,0.022222222222222223,0.9777777777777777,45,1350,800,550,0.5925925925925926,19,8,11,382.45363152892713,0.828409090909091,0.3126870838211051,0.21907321255715986,130469.43486636206,979.7018336333796,131449.13669999543,2780,7,544.2222222222222,35,10,21,34.82083852573545,0.6270833333333334,44.58912037037036,1021.6435185185165,29.18981481481476,0
3047,4,0,0,44,0.0,0.0,1.0,44,1550,1000,550,0.6451612903225806,21,10,11,391.94975979932786,0.8236434108527132,0.32525099550961656,0.22489951458004193,130536.1678004534,1432.723922902483,131968.8917233559,2781,8,556.3409090909091,34,10,16,34.51042637465052,0.6299019607843137,44.52380952380952,1021.904761904761,30.05602240896356,0
3048,4,0,0,44,0.0,0.0,1.0,44,1250,900,350,0.72,16,9,7,389.873171343245,0.823357117688513,0.3260293043395408,0.22423582868884412,130627.4252409296,1385.6257086167677,132013.05094954636,2782,9,557.3409090909091,34,10,16,34.47071154070105,0.6308210784313726,44.4345238095238,1022.2619047619039,30.06652661064423,0
3049,4,0,0,44,0.0,0.0,1.0,44,900,700,200,0.7777777777777778,11,7,4,389.29585540091637,0.8244142001409444,0.32756002581983257,0.22460985183003848,130749.15143140589,1380.0205498866198,132129.17198129251,2783,10,558.3409090909091,34,10,16,34.361783649555726,0.632046568627451,44.31547619047619,1022.7380952380952,30.080532212885153,0
3050,4,0,0,44,0.0,0.0,1.0,44,1250,800,450,0.64,17,8,9,387.6374357609388,0.8232249823819592,0.3308103661044841,0.22426144843761092,130854.01663237296,1344.7830932784464,132198.79972565142,2784,11,559.3409090909091,35,9,16,34.29769984917044,0.630952380952381,44.212962962962955,1023.148148148147,29.2328042328042,0
3051,4,1,1,44,0.022222222222222223,0.022222222222222223,0.9777777777777777,45,750,500,250,0.6666666666666666,10,5,5,380.42160720721637,0.8279040404040404,0.3306590467816981,0.2223157484893037,131241.56832085448,985.4256706030196,132226.9939914575,2785,0,547.8888888888889,36,9,17,34.0893687951057,0.6328125,43.83445945945945,1024.662162162161,28.462837837837803,0
3052,4,0,0,44,0.0,0.0,1.0,44,1150,600,550,0.5217391304347826,17,6,11,386.88322997792653,0.8227625088090205,0.3399179342858023,0.22572863998250692,131179.8740381731,1350.2586751971976,132530.1327133703,2786,1,560.8636363636364,35,9,18,33.98639042669378,0.6342261904761904,43.89467592592593,1024.421296296297,29.269179894179914,0
3053,4,0,0,44,0.0,0.0,1.0,44,500,200,300,0.4,8,2,6,386.20627647706425,0.8230708245243129,0.33416919049330107,0.22603149888991433,131298.46810967507,1341.6584951560321,132640.1266048311,2787,2,561.8636363636364,35,9,19,33.88351684547336,0.6354166666666666,43.77893518518518,1024.8842592592591,29.282407407407405,0
3054,4,0,0,44,0.0,0.0,1.0,44,1350,800,550,0.5925925925925926,19,8,11,388.0216632422455,0.8221458773784356,0.3369223901733214,0.22779880150185916,131417.1157648535,1398.5375675154448,132815.65333236894,2788,3,562.8636363636364,35,9,19,33.71677108025737,0.6366071428571427,43.66319444444445,1025.347222222223,29.295634920634946,0
3055,4,0,0,44,0.0,0.0,1.0,44,1650,1300,350,0.7878787878787878,20,13,7,388.80672009070037,0.8213310429880197,0.33061836640516806,0.2293261193349342,131595.18771701396,1433.0186631944491,133028.2063802084,2789,4,563.8636363636364,35,9,17,33.51628595600677,0.6383928571428571,43.489583333333336,1026.0416666666672,29.315476190476204,0
3056,4,0,0,44,0.0,0.0,1.0,44,1250,900,350,0.72,16,9,7,384.9666029364335,0.8201198026779423,0.3259899137957545,0.2277697666072868,131713.96933138292,1341.0958665552182,133055.06519793815,2790,5,564.8636363636364,35,9,17,33.49459258841657,0.6395833333333333,43.373842592592595,1026.50462962963,29.328703703703713,0
3057,4,0,0,44,0.0,0.0,1.0,44,1250,1000,250,0.8,15,10,5,382.6508418294126,0.82009778012685,0.3231207476022626,0.22693036555551818,131803.0907064473,1286.9127229081098,133090.00342935542,2791,6,565.8636363636364,35,9,17,33.463893898406994,0.6404761904761904,43.287037037037045,1026.8518518518529,29.338624338624367,0
3058,4,0,0,44,0.0,0.0,1.0,44,1150,900,250,0.782608695652174,14,9,5,383.8734219400908,0.821000704721635,0.32467861715749,0.22818999462279377,131892.24222232954,1325.9852698474076,133218.22749217696,2792,7,566.8636363636364,35,9,18,33.34237089201878,0.6413690476190474,43.20023148148149,1027.1990740740753,29.348544973545007,0
3059,4,0,0,44,0.0,0.0,1.0,44,1100,700,400,0.6363636363636364,15,7,8,380.4057920941889,0.8204721634954193,0.3188627659792336,0.22666057867196043,131981.42387902958,1241.2996184842339,133222.7234975138,2793,8,567.8636363636364,35,9,18,33.34131185702486,0.6422619047619047,43.11342592592593,1027.546296296297,29.35846560846563,0
3060,4,0,0,44,0.0,0.0,1.0,44,1050,600,450,0.5714285714285714,15,6,9,378.44036266482897,0.8206923890063426,0.31878558334869034,0.22578749326909248,132031.50398439908,1193.2100502077637,133224.71403460685,2794,9,568.8636363636364,37,7,18,33.3412239055443,0.638795045045045,43.064692982456144,1027.7412280701758,27.776789947842587,0
3061,4,0,0,44,0.0,0.0,1.0,44,1350,1100,250,0.8148148148148148,16,11,5,377.88086186643307,0.8199215997181114,0.3173173220460688,0.22583662440241112,132095.80342793482,1183.2952096573836,133279.0986375922,2795,10,569.8636363636364,38,6,18,33.29067934594331,0.637609649122807,43.00213675213675,1027.9914529914527,27.052406657669806,0
3062,4,0,0,44,0.0,0.0,1.0,44,1050,600,450,0.5714285714285714,15,6,9,378.457052612137,0.81857822410148,0.3181039122921332,0.2270034919312797,132233.1242809006,1208.9116946087966,133442.0359755094,2796,11,570.8636363636364,38,6,19,33.137270177625425,0.6389802631578948,42.86858974358974,1028.52564102564,27.06646423751684,0
3063,4,0,0,44,0.0,0.0,1.0,44,1250,900,350,0.72,16,9,7,381.12303936339094,0.818093727977449,0.32281883312409754,0.22926895640904524,132343.03232750733,1287.795743845407,133630.82807135273,2797,12,571.8636363636364,38,6,20,32.95780985013672,0.640076754385965,42.76175213675213,1028.9529914529903,27.077710301394482,0
3064,4,2,1,45,0.043478260869565216,0.021739130434782608,0.9782608695652174,46,1150,1000,150,0.8695652173913043,13,10,3,365.36213654144746,0.8277777777777778,0.31127137425899565,0.2231946418922818,132920.79863393973,512.8682244868255,133433.66685842656,2798,0,547.9565217391304,38,8,18,32.78185004834922,0.6458333333333333,42.200854700854705,1031.196581196582,27.136752136752158,0
3065,4,0,0,45,0.0,0.0,1.0,45,1500,1300,200,0.8666666666666667,17,13,4,371.90709701860874,0.8198232323232324,0.32163257589185457,0.2269333181872797,132878.0384950178,883.6571108418068,133761.6956058596,2799,1,561.1333333333333,37,8,20,32.656133680740204,0.6472409909909909,42.242324561403514,1031.0307017543867,27.86569464201045,0
3066,4,0,0,45,0.0,0.0,1.0,45,1100,800,300,0.7272727272727273,14,8,6,371.40774369890084,0.8195707070707071,0.3259642824265858,0.2275579424591743,133030.99203740235,881.7481189276132,133912.74015632996,2800,2,562.1333333333333,38,7,21,32.515189174261245,0.6469298245614035,42.0940170940171,1031.623931623932,27.147998200629793,0
3067,4,0,0,45,0.0,0.0,1.0,45,800,400,400,0.5,12,4,8,372.90772028129044,0.8188131313131314,0.3292423091967511,0.22881466089432675,133086.10586054495,925.7672675140599,134011.873128059,2801,3,563.1333333333333,38,7,22,32.42109304894043,0.6474780701754386,42.04059829059829,1031.8376068376067,27.153621232568597,0
3068,4,0,0,45,0.0,0.0,1.0,45,1250,800,450,0.64,17,8,9,364.9151278815574,0.8188131313131314,0.2925050573586141,0.21160291644961382,130942.84664619763,581.8763289702856,131524.7229751679,2802,4,564.1333333333333,35,10,19,34.78893380828528,0.6318452380952382,44.126157407407405,1023.4953703703698,29.24272486772485,7
3069,4,0,0,45,0.0,0.0,1.0,45,1400,1100,300,0.7857142857142857,17,11,6,362.74941397544524,0.8174663299663301,0.28821667338882095,0.21071916437385146,131010.89000740618,504.82471491763164,131515.7147223238,2803,5,565.1333333333333,36,9,20,34.775464745352544,0.6304976851851851,44.05968468468469,1023.7612612612623,28.437812812812844,0
3070,4,0,0,45,0.0,0.0,1.0,45,900,500,400,0.5555555555555556,13,5,8,360.72961169868586,0.8178030303030304,0.2857457105147383,0.20970291749133335,131039.71370018672,453.9810080350687,131493.6947082218,2804,6,566.1333333333333,36,9,20,34.797990907757736,0.630787037037037,44.031531531531535,1023.8738738738742,28.44094094094095,0
3071,4,0,0,45,0.0,0.0,1.0,45,1100,600,500,0.5454545454545454,16,6,10,361.5023739740048,0.8166666666666668,0.28454509918889914,0.2107836919017658,131155.04017531042,482.5716764061363,131637.61185171656,2805,7,567.1333333333333,36,9,20,34.66152704485489,0.6319444444444444,43.91891891891892,1024.3243243243242,28.45345345345345,0
3072,4,0,0,45,0.0,0.0,1.0,45,1000,700,300,0.7,13,7,6,369.37524145823306,0.8171717171717172,0.2415575844241551,0.2145680715716805,131010.89000740617,684.2978958688534,131695.18790327501,2806,8,568.1333333333333,36,9,19,34.60588310783559,0.6304976851851851,44.05968468468469,1023.7612612612622,28.43781281281284,6
3073,4,1,0,46,0.021739130434782608,0.0,1.0,46,1200,900,300,0.75,15,9,6,360.573061538528,0.8231280193236715,0.241750098577314,0.21104193894686418,131300.7492900323,268.70263076194726,131569.45192079426,2807,0,556.7608695652174,38,8,20,34.53798776885924,0.6296600877192982,43.77670940170941,1024.8931623931637,26.97087269455694,0
3074,4,1,1,46,0.02127659574468085,0.02127659574468085,0.9787234042553191,47,1500,1100,400,0.7333333333333333,19,11,8,351.5222028771607,0.8279370952821461,0.24293243237098316,0.20741139814151777,131609.2511638197,-147.2795152389919,131461.9716485807,2808,0,545.8936170212766,37,10,14,34.45848471895704,0.634572072072072,43.47587719298246,1026.0964912280706,27.732337600758665,0
3075,4,0,0,46,0.0,0.0,1.0,46,1150,800,350,0.6956521739130435,15,8,7,360.14020638614073,0.8219605475040258,0.24532729243152684,0.21173640152088968,131472.4495399114,269.7030222790241,131742.15256219043,2809,2,558.7608695652174,36,10,21,34.37557190439589,0.6351273148148149,43.60923423423423,1025.5630630630621,28.487862862862837,0
3076,4,0,0,46,0.0,0.0,1.0,46,1200,800,400,0.6666666666666666,16,8,8,360.91097053998556,0.8221014492753623,0.24643485894493744,0.21315500158981784,131645.7436110097,302.4786188215272,131948.22222983124,2810,3,559.7608695652174,36,10,15,34.18079483521707,0.6368634259259258,43.44031531531532,1026.2387387387391,28.50663163163164,0
3077,4,0,2,44,0.0,0.043478260869565216,0.9565217391304348,46,1750,1300,450,0.7428571428571429,22,13,9,365.63075584982823,0.8204106280193237,0.2761577594797293,0.21692822788513885,131819.15181651246,471.131224129539,132290.283040642,2811,4,560.7608695652174,36,10,16,33.88460905801075,0.6385995370370371,43.2713963963964,1026.9144144144145,28.525400400400404,5
3078,4,0,0,44,0.0,0.0,1.0,44,950,500,450,0.5263157894736842,14,5,9,376.76305026142666,0.812566067653277,0.295233175914994,0.22315965284715292,131755.55555555568,1128.1250000000196,132883.6805555557,2812,14,585.0,34,10,17,33.66308170995672,0.642156862745098,43.33333333333334,1026.6666666666679,30.196078431372584,0
3079,4,0,0,44,0.0,0.0,1.0,44,1150,800,350,0.6956521739130435,15,8,7,373.6720174568534,0.8110244890768147,0.2878745198463504,0.2221258643623294,131892.24222232954,1056.8880476251852,132949.13026995474,2813,15,586.0,35,9,17,33.604342723004685,0.6413690476190474,43.20023148148149,1027.1990740740753,29.348544973545007,0
3080,4,0,1,43,0.0,0.022727272727272728,0.9772727272727273,44,1600,1200,400,0.75,20,12,8,370.61429063671756,0.8106060606060607,0.2899678578374667,0.22134670579318716,132070.63567654768,989.4529910408326,133060.0886675885,2814,16,587.0,35,9,19,33.50281968997484,0.6431547619047618,43.02662037037038,1027.89351851852,29.368386243386286,0
3081,4,0,0,43,0.0,0.0,1.0,43,1150,600,550,0.5217391304347826,17,6,11,374.00940538885277,0.8123846437799925,0.2796566140030201,0.2242239592751078,132214.28748582784,1289.877409297075,133504.1648951249,2815,17,584.5348837209302,34,9,19,33.270633175136034,0.6467524509803919,42.88690476190477,1028.4523809523823,30.24859943977595,0
3082,4,0,0,43,0.0,0.0,1.0,43,1200,900,300,0.75,15,9,6,372.67552462661274,0.8123385012919896,0.2779503022017944,0.22396814212956823,132306.12953514757,1261.451247165554,133567.58078231313,2816,18,585.5348837209302,34,9,19,33.21231582195479,0.6476715686274509,42.79761904761906,1028.8095238095252,30.259103641456623,0
3083,4,0,0,43,0.0,0.0,1.0,43,1100,700,400,0.6363636363636364,15,7,8,377.58165110036725,0.8110926541159099,0.28596555869625395,0.22784009330529506,132459.270479025,1402.8380102040855,133862.10848922908,2817,19,586.5348837209302,34,9,20,32.931700782545,0.649203431372549,42.648809523809526,1029.4047619047624,30.276610644257715,0
3084,4,0,0,43,0.0,0.0,1.0,43,1050,700,350,0.6666666666666666,14,7,7,376.63256346908713,0.811046511627907,0.2826355872039241,0.22745240285479512,132489.9092970522,1380.0028344671214,133869.91213151932,2818,20,587.5348837209302,34,9,20,32.92524283071231,0.6495098039215685,42.61904761904762,1029.5238095238096,30.28011204481793,0
3085,4,1,0,44,0.022727272727272728,0.0,1.0,44,1050,900,150,0.8571428571428571,12,9,3,365.2356381430917,0.8155831571529246,0.27593027410545634,0.22231191781710413,132785.4151261361,899.5931659379396,133685.00829207402,2819,0,575.1590909090909,35,9,17,32.92122871046227,0.650297619047619,42.33217592592593,1030.6712962962972,29.447751322751348,0
3086,4,0,0,44,0.0,0.0,1.0,44,1350,1000,350,0.7407407407407407,17,10,7,364.85633709675255,0.8139755109231854,0.2720818579781421,0.222789931953048,132904.73257726768,898.2267821930694,133802.95935946074,2820,1,576.1590909090909,35,9,18,32.8110384629775,0.6514880952380953,42.21643518518518,1031.1342592592594,29.46097883597884,0
3087,4,0,0,44,0.0,0.0,1.0,44,1100,800,300,0.7272727272727273,14,8,6,363.7400926352704,0.8137112403100776,0.2651583156520321,0.2226409138437863,132994.25582990394,875.0685871056153,133869.32441700954,2821,2,577.1590909090909,35,9,18,32.749850388988634,0.6523809523809523,42.129629629629626,1031.481481481481,29.470899470899457,0
3088,4,0,0,44,0.0,0.0,1.0,44,950,600,350,0.631578947368421,13,6,7,364.6548068555897,0.8128083157152924,0.26346348030966005,0.22337926415834158,133024.1036120756,901.5757619598735,133925.67937403545,2822,3,578.1590909090909,35,9,18,32.696272298889255,0.6526785714285714,42.10069444444444,1031.597222222222,29.47420634920634,0
3089,4,1,0,45,0.022222222222222223,0.0,1.0,45,1300,1000,300,0.7692307692307693,16,10,6,356.7110011060832,0.8148569023569024,0.2613535289190878,0.2203187488143081,133330.6296769198,512.1004780317014,133842.7301549515,2823,0,566.2888888888889,37,8,19,32.593583005980825,0.6517454954954955,41.80372807017544,1032.7850877192982,27.913110478899952,0
3090,4,0,0,45,0.0,0.0,1.0,45,1000,800,200,0.8,12,8,4,340.5041258977937,0.8148569023569024,0.2179044270921362,0.2023936820661935,131889.2700195315,-18.23187934024847,131871.03814019126,2824,1,567.2888888888889,39,6,15,34.45908545448401,0.6338141025641024,43.203125000000014,1027.187500000002,26.33814102564108,3
3091,4,0,0,45,0.0,0.0,1.0,45,850,700,150,0.8235294117647058,10,7,3,337.1135356501294,0.8131313131313131,0.21577002793547817,0.20080241036551227,131969.53125000026,-102.25694444441456,131867.27430555585,2825,2,568.2888888888889,39,6,15,34.4653960529873,0.6346153846153846,43.125000000000014,1027.500000000002,26.3461538461539,0
3092,4,0,1,44,0.0,0.022222222222222223,0.9777777777777777,45,850,600,250,0.7058823529411765,11,6,5,336.6250257852521,0.8126683501683503,0.21253590133468458,0.2006529232248651,131996.2904188371,-113.34906684024168,131882.94135199685,2826,3,569.2888888888889,39,6,15,34.45102635580336,0.6348824786324785,43.09895833333335,1027.6041666666692,26.34882478632485,0
3093,4,0,0,44,0.0,0.0,1.0,44,550,300,250,0.5454545454545454,8,3,5,343.2090643876331,0.8080954897815363,0.21902738521746534,0.20437409115887745,131958.55391418305,257.87436536636903,132216.4282795494,2827,4,582.2954545454545,38,6,16,34.31986759557729,0.6362390350877192,43.13568376068377,1027.457264957266,27.03834907782279,0
3094,4,1,1,44,0.022222222222222223,0.022222222222222223,0.9777777777777777,45,1200,800,400,0.6666666666666666,16,8,8,335.3023419933295,0.8083754208754209,0.21750596282795542,0.2014261514310295,132290.82031250015,-128.51562499998502,132162.30468750017,2828,0,570.3333333333334,39,6,19,34.188942891859064,0.6378205128205128,42.81250000000001,1028.7500000000011,26.378205128205156,0
3095,4,1,1,44,0.022222222222222223,0.022222222222222223,0.9777777777777777,45,1000,700,300,0.7,13,7,6,332.28113672221747,0.8085016835016835,0.21503446569735418,0.20032153215083795,132424.80604383687,-199.54698350693315,132225.25906032993,2829,0,571.2,39,6,20,34.13210960429106,0.639155982905983,42.68229166666667,1029.270833333334,26.391559829059844,0
3096,4,0,0,44,0.0,0.0,1.0,44,1250,900,350,0.72,16,9,7,337.79919907734575,0.8018190627202255,0.21551040821333523,0.20365190762898291,132425.49332493235,146.645116516899,132572.13844144926,2830,2,585.1818181818181,38,6,20,33.98942979724583,0.6408991228070176,42.681623931623925,1029.2735042735035,27.086144849302723,0
3097,4,2,1,45,0.043478260869565216,0.021739130434782608,0.9782608695652174,46,850,500,350,0.5882352941176471,12,5,7,324.31642898367454,0.8116344605475041,0.21114767867396877,0.19798522794635137,132895.2725312313,-579.9759567717751,132315.29657445953,2831,0,560.695652173913,40,6,12,33.8655627833629,0.6421875000000001,42.225609756097555,1031.097560975609,25.777439024390226,0
3098,4,0,1,44,0.0,0.022222222222222223,0.9777777777777777,45,1300,1100,200,0.8461538461538461,15,11,4,323.42406516765243,0.8051346801346801,0.20414602083122646,0.19609690867215918,132639.32427300356,-420.25010850694116,132219.07416449662,2832,1,574.1555555555556,39,6,11,34.144946405096576,0.6412927350427351,42.473958333333336,1030.1041666666672,26.412927350427363,2
3099,4,0,0,44,0.0,0.0,1.0,44,1100,1000,100,0.9090909090909091,12,10,2,328.0364679883954,0.801642882311487,0.21009855839952896,0.19875150707532213,132612.50000000015,-99.65277777776316,132512.8472222224,2833,5,588.1818181818181,39,5,17,34.05306094929882,0.641025641025641,42.50000000000001,1030.0000000000011,26.41025641025644,0
3100,4,0,0,44,0.0,0.0,1.0,44,700,500,200,0.7142857142857143,9,5,4,330.58282155275253,0.8008500704721635,0.21015258755400268,0.20058061994826532,132666.15125868065,-28.569878472212338,132637.58138020843,2834,6,589.1818181818181,39,5,12,33.93368722615436,0.641559829059829,42.44791666666667,1030.2083333333342,26.41559829059831,0
3101,4,0,0,44,0.0,0.0,1.0,44,1100,800,300,0.7272727272727273,14,8,6,332.7056553089552,0.7998810782241015,0.21252386800656176,0.2023976035085854,132764.32188388208,34.288142805222634,132798.6100266873,2835,7,590.1818181818181,40,4,12,33.780568977418405,0.6408854166666667,42.35264227642277,1030.58943089431,25.76473577235775,0
3102,4,0,0,44,0.0,0.0,1.0,44,1400,1000,400,0.7142857142857143,18,10,8,329.86852431534874,0.7993305144467936,0.21568284859236986,0.2013746117751823,132895.27253123143,-32.40651232731585,132862.8660189041,2836,8,591.1818181818181,40,4,12,33.722443984493076,0.6421875,42.22560975609756,1031.09756097561,25.777439024390247,0
3103,4,0,0,44,0.0,0.0,1.0,44,1400,1100,300,0.7857142857142857,17,11,6,327.6793085227374,0.7992644467935166,0.2172829387579609,0.2004591502228608,132973.87390318263,-85.44258956309176,132888.43131361954,2837,9,592.1818181818181,40,4,12,33.70015929319802,0.64296875,42.14939024390244,1031.40243902439,25.785060975609753,0
3104,4,0,0,44,0.0,0.0,1.0,44,1050,700,350,0.6666666666666666,14,7,7,325.3024936340629,0.7991763565891473,0.2227801008210737,0.19956472615508397,133078.71187991605,-141.83263517086516,132936.87924474519,2838,10,593.1818181818181,40,4,12,33.65651367411931,0.6440104166666667,42.047764227642276,1031.8089430894308,25.79522357723577,0
3105,4,0,1,43,0.0,0.022727272727272728,0.9772727272727273,44,1100,700,400,0.6363636363636364,15,7,8,326.8592470264193,0.7998590556730092,0.22456049267786127,0.20094325138016428,133157.36747306495,-95.25662634675706,133062.1108467182,2839,11,594.1818181818181,40,4,12,33.53764605487723,0.6447916666666667,41.97154471544715,1032.1138211382113,25.802845528455283,0
3106,4,0,0,43,0.0,0.0,1.0,43,1100,800,300,0.7272727272727273,14,8,6,337.28352795298616,0.794204503506829,0.23302766939463493,0.20700933258378446,133095.751953125,378.200954861111,133473.95290798612,2840,12,608.5348837209302,39,4,13,33.33038898983781,0.6458333333333334,42.03125,1031.875,26.458333333333332,0
3107,4,0,0,43,0.0,0.0,1.0,43,800,300,500,0.375,13,3,10,338.86401645237123,0.7947582133628645,0.2319948174366968,0.20827944634057646,133149.50086805547,423.91493055554974,133573.41579861104,2841,13,609.5348837209302,39,4,13,33.235769075494545,0.6463675213675215,41.979166666666664,1032.0833333333328,26.4636752136752,0
3108,4,0,0,43,0.0,0.0,1.0,43,800,600,200,0.75,10,6,4,338.1289323385746,0.7945275009228497,0.2330274798770322,0.20812780866306083,133203.26063368074,407.9752604166868,133611.23589409742,2842,14,610.5348837209302,39,4,13,33.20089135553313,0.6469017094017093,41.92708333333334,1032.2916666666683,26.469017094017136,0
3109,4,0,0,43,0.0,0.0,1.0,43,1000,400,600,0.4,16,4,12,341.5186421954235,0.7936507936507936,0.23842193528714994,0.21097553503848132,133337.70751953125,507.46256510416663,133845.1700846354,2843,15,611.5348837209302,39,4,14,32.97875693393848,0.6482371794871795,41.796875,1032.8125,26.482371794871796,0
3110,4,1,0,44,0.022727272727272728,0.0,1.0,44,1550,1400,150,0.9032258064516129,17,14,3,339.5442646528024,0.7987799506694856,0.24171401515151514,0.21171583560704166,133682.33194527077,278.2138194857663,133960.54576475653,2844,0,598.6136363636364,40,4,15,32.68495315775682,0.65,41.463414634146346,1034.1463414634154,25.853658536585385,0
3111,4,0,1,43,0.0,0.022727272727272728,0.9772727272727273,44,1150,700,450,0.6086956521739131,16,7,9,339.2278509406065,0.7978109584214236,0.2368936937902455,0.2119705521623348,133761.1656937835,275.1025555225123,134036.268249306,2845,1,599.6136363636364,40,4,10,32.614328519500944,0.65078125,41.38719512195122,1034.4512195121954,25.861280487804883,0
3112,4,0,0,43,0.0,0.0,1.0,43,850,600,250,0.7058823529411765,11,6,5,344.3260451885322,0.7910206718346253,0.23686824204036472,0.2147279507934516,133687.5868055556,606.4236111111182,134294.01041666672,2846,18,614.5348837209302,39,4,15,32.556070373354814,0.6517094017094017,41.458333333333336,1034.166666666667,26.517094017094024,0
3113,4,0,0,43,0.0,0.0,1.0,43,1050,800,250,0.7619047619047619,13,8,5,343.63418279655656,0.7907899593946105,0.23494719485088345,0.21445278447435615,133714.5195855033,589.7759331597035,134304.29551866298,2847,19,615.5348837209302,39,4,11,32.547021351596335,0.6519764957264957,41.43229166666666,1034.270833333332,26.519764957264922,0
3114,4,0,0,43,0.0,0.0,1.0,43,800,500,300,0.625,11,5,6,344.82202699583706,0.790282392026578,0.2341036875370286,0.21550834173037506,133768.3932834202,625.2577039930611,134393.65098741328,2848,20,616.5348837209302,39,4,11,32.462428254959214,0.6525106837606838,41.380208333333336,1034.4791666666672,26.525106837606852,0
3115,4,2,0,45,0.044444444444444446,0.0,1.0,45,1000,700,300,0.7,13,7,6,330.929019676038,0.8026936026936027,0.22903757591227714,0.20965527401792394,134267.8819936538,-113.37228757244685,134154.50970608136,2849,0,590.0888888888888,41,4,13,32.32337433393957,0.6542174796747968,40.897817460317455,1036.4087301587292,25.278261711188517,0
3116,4,0,1,44,0.0,0.022222222222222223,0.9777777777777777,45,1000,300,700,0.3,17,3,14,333.5910965438218,0.8013047138047138,0.2280409608574987,0.21163894157780141,134319.29607780595,-38.45574688210226,134280.84033092385,2850,1,591.0888888888888,41,4,13,32.20314144894248,0.6547256097560976,40.84821428571428,1036.6071428571415,25.283101045296135,0
3117,4,0,0,44,0.0,0.0,1.0,44,1200,700,500,0.5833333333333334,17,7,10,342.23575594332004,0.79853770260747,0.24017921594139646,0.21724623188411987,134339.9898890376,395.1895986185472,134735.17948765613,2851,2,603.7727272727273,40,4,13,31.958468124040138,0.6565104166666667,40.828252032520325,1036.6869918699185,25.917174796747965,0
3118,4,0,0,44,0.0,0.0,1.0,44,1000,800,200,0.8,12,8,4,342.1655768496044,0.7983394996476392,0.23782801560579347,0.21798638435250084,134471.71512492566,402.3183951351742,134874.03352006082,2852,3,604.7727272727273,40,4,13,31.82890783199425,0.6578125,40.701219512195124,1037.1951219512196,25.929878048780488,0
3119,4,0,1,43,0.0,0.022727272727272728,0.9772727272727273,44,1250,1100,150,0.88,14,11,3,341.37126453159823,0.7980311839323467,0.23316382872613284,0.21779486677115986,134524.42329301356,384.55449798401435,134908.97779099757,2853,4,605.7727272727273,40,4,14,31.796956635318697,0.6583333333333332,40.650406504065046,1037.3983739837408,25.93495934959352,0
3120,4,0,0,43,0.0,0.0,1.0,43,800,400,400,0.5,12,4,8,342.4138320349671,0.7980804724990771,0.2232184552162133,0.21861806199155595,134550.78125000003,614.4097222222222,135165.19097222225,2854,5,593.953488372093,39,4,14,31.74364123159303,0.6602564102564104,40.625,1037.5000000000002,26.60256410256411,0
3121,4,0,0,43,0.0,0.0,1.0,43,700,400,300,0.5714285714285714,10,4,6,340.502502160287,0.7972499077150239,0.22553610697394277,0.21772053443650694,134604.8231336805,566.6558159722169,135171.47894965272,2855,6,594.953488372093,39,4,14,31.739359566352142,0.6607905982905983,40.572916666666664,1037.708333333333,26.607905982905976,0
3122,4,0,0,43,0.0,0.0,1.0,43,1150,700,450,0.6086956521739131,16,7,9,342.4274397062665,0.797296050203027,0.22747939092360392,0.21927680007925715,134658.8758680556,622.1788194444506,135281.05468750003,2856,7,595.953488372093,39,4,14,31.635554663455107,0.6613247863247864,40.520833333333336,1037.916666666667,26.61324786324787,0
3123,4,0,0,43,0.0,0.0,1.0,43,1300,800,500,0.6153846153846154,18,8,10,338.07270187294716,0.7966961978589885,0.21805737320577467,0.21729508478216705,134794.05517578128,514.0380859375002,135308.09326171878,2857,8,596.953488372093,39,4,13,31.613940716220277,0.6626602564102565,40.390625,1038.4375000000002,26.62660256410257,0
3124,4,0,0,43,0.0,0.0,1.0,43,1600,1300,300,0.8125,19,13,6,343.08730150265956,0.7966961978589885,0.1973571015555584,0.20876419194755927,132773.486328125,510.5794270833328,133284.06575520834,2858,9,597.953488372093,39,4,13,33.50389124722053,0.6426282051282051,42.34375,1030.625,26.42628205128205,3
3125,4,0,0,43,0.0,0.0,1.0,43,1000,700,300,0.7,13,7,6,365.7120585078823,0.7962809154669619,0.2611212969217409,0.22047595180697893,132424.80604383675,1085.8696831597176,133510.67572699647,2859,10,598.953488372093,39,4,17,33.27187278615524,0.639155982905983,42.682291666666664,1029.270833333333,26.391559829059823,2
3126,4,0,0,43,0.0,0.0,1.0,43,1450,1100,350,0.7586206896551724,18,11,7,366.00213655072747,0.7955426356589147,0.26936102957778285,0.22175423567485236,132612.49999999988,1107.2916666666524,133719.79166666654,2860,11,599.953488372093,39,4,17,33.07544498381876,0.6410256410256412,42.49999999999999,1029.999999999999,26.410256410256387,0
3127,4,0,0,43,0.0,0.0,1.0,43,800,500,300,0.625,11,5,6,363.5705419994941,0.7934662236987818,0.26861628965021067,0.22075360533560437,132692.98095703125,1048.6518012152778,133741.63275824653,2861,12,600.953488372093,39,4,13,33.057093148653664,0.6418269230769231,42.421875,1030.3125,26.41826923076923,0
3128,4,0,0,43,0.0,0.0,1.0,43,900,700,200,0.7777777777777778,11,7,4,362.93920934848745,0.7926356589147286,0.2710083786737483,0.22100206009250975,132800.3268771702,1039.6891276041708,133840.01600477437,2862,13,601.953488372093,39,4,15,32.96540761327269,0.6428952991452992,42.317708333333336,1030.7291666666672,26.428952991453006,0
3129,4,0,0,43,0.0,0.0,1.0,43,1250,1000,250,0.8,15,10,5,359.9151578749977,0.7918512366186784,0.2715241199418723,0.21971715955473664,132895.27253123128,966.2045987837803,133861.47713001506,2863,14,602.953488372093,40,3,15,32.947918720021036,0.6421875000000001,42.225609756097555,1031.0975609756088,25.77743902439022,0
3130,4,0,0,43,0.0,0.0,1.0,43,1450,1100,350,0.7586206896551724,18,11,7,359.7865124027444,0.7930047988187523,0.2750009736696808,0.22040995095958088,133026.28772762563,972.2128238812775,133998.5005515069,2864,15,603.953488372093,40,3,16,32.819631891767635,0.6434895833333334,42.09857723577235,1031.6056910569098,25.790142276422745,0
3131,4,0,0,43,0.0,0.0,1.0,43,1050,600,450,0.5714285714285714,15,6,9,354.8986071265193,0.7916205241786637,0.26142758371223085,0.21848848795098055,133209.81744497307,855.1957333597591,134065.01317833283,2865,16,604.953488372093,40,3,16,32.76153442278663,0.6453125000000001,41.92073170731707,1032.3170731707305,25.80792682926826,0
3132,4,0,0,43,0.0,0.0,1.0,43,1250,1000,250,0.8,15,10,5,353.8965140430282,0.791297526762643,0.26184306903497556,0.21817891885176977,133262.2777447286,832.2111094586489,134094.48885418725,2866,17,605.953488372093,40,3,16,32.73478510498687,0.6458333333333334,41.86991869918699,1032.5203252032516,25.81300813008129,0
3133,4,0,0,43,0.0,0.0,1.0,43,1050,700,350,0.6666666666666666,14,7,7,352.21151260231755,0.7915282392026578,0.25925586887767027,0.21744674307805292,133314.7483723313,790.997835283232,134105.74620761452,2867,18,606.953488372093,40,3,16,32.72567736009972,0.6463541666666668,41.81910569105691,1032.7235772357724,25.81808943089431,0
3134,4,0,0,43,0.0,0.0,1.0,43,1200,900,300,0.75,15,9,6,351.02504020511134,0.7908822443706164,0.2580237819635902,0.21732768323539353,133419.72061107805,766.7325583316825,134186.45316940974,2868,19,607.953488372093,40,3,16,32.651116466653555,0.6473958333333334,41.71747967479675,1033.1300813008131,25.82825203252033,0
3135,4,0,0,43,0.0,0.0,1.0,43,900,700,200,0.7777777777777778,11,7,4,350.78969253207833,0.7910668143226283,0.2554182363826425,0.21733569798742466,133445.97012566915,762.2941660056762,134208.26429167483,2869,20,608.953488372093,40,3,16,32.63089734762794,0.64765625,41.6920731707317,1033.2317073170725,25.830792682926813,0
3136,4,0,0,43,0.0,0.0,1.0,43,700,400,300,0.5714285714285714,10,4,6,348.4101638903636,0.7913898117386489,0.25754270426013637,0.2163205962615992,133524.73416121342,704.2749025051085,134229.00906371852,2870,21,609.953488372093,40,3,16,32.613487381186495,0.6484375,41.61585365853658,1033.5365853658525,25.83841463414631,0
3137,4,0,0,43,0.0,0.0,1.0,43,500,300,200,0.6,7,3,4,350.7921709630145,0.7904208194905868,0.2596457214972241,0.21810867744717508,133577.25642805218,771.5711547359476,134348.82758278813,2871,22,610.953488372093,40,3,16,32.49934460610827,0.6489583333333333,41.56504065040651,1033.7398373983747,25.843495934959368,0
3138,4,0,0,43,0.0,0.0,1.0,43,1350,1200,150,0.8888888888888888,15,12,3,352.5394953517698,0.7908822443706164,0.25957948516407936,0.2201317167908166,133734.88519565066,829.365787560303,134564.25098321095,2872,23,611.953488372093,40,3,13,32.29637453330712,0.6505208333333334,41.412601626016254,1034.3495934959342,25.858739837398353,0
3139,4,0,0,43,0.0,0.0,1.0,43,1250,900,350,0.72,16,9,7,349.86463801360895,0.789313399778516,0.2562890280613759,0.21908497812143712,133840.02267995244,765.1782173309574,134605.2008972834,2873,24,612.953488372093,40,3,14,32.26036142211746,0.6515625,41.3109756097561,1034.7560975609758,25.868902439024396,0
3140,4,0,0,43,0.0,0.0,1.0,43,1100,700,400,0.6363636363636364,15,7,8,348.4243507868305,0.7888058324104835,0.25372926442214383,0.21865077096511812,133918.9029037775,732.1213604666528,134651.02426424413,2874,25,613.953488372093,40,3,14,32.218744886270656,0.65234375,41.234756097560975,1035.060975609756,25.8765243902439,0
3141,4,0,0,43,0.0,0.0,1.0,43,900,800,100,0.8888888888888888,10,8,2,349.008539342199,0.7894056847545219,0.2539372325901026,0.21917391995928762,133945.20147564297,749.6038237821585,134694.80529942512,2875,26,614.953488372093,40,3,14,32.17733490411676,0.6526041666666667,41.20934959349594,1035.1626016260177,25.879065040650442,0
3142,4,0,0,43,0.0,0.0,1.0,43,1000,800,200,0.8,12,8,4,362.61825571030107,0.7905592469545958,0.23114695082439352,0.22787100504752386,133969.4793721236,1118.687501246679,135088.1668733703,2876,27,615.953488372093,38,5,14,31.800825593395256,0.65625,41.18589743589744,1035.2564102564104,27.243589743589748,4
3143,4,0,1,42,0.0,0.023255813953488372,0.9767441860465116,43,1450,1200,250,0.8275862068965517,17,12,5,363.15218250688235,0.7898209671465485,0.23891763825674972,0.2295860408051983,134190.7793209875,1146.3348765431945,135337.1141975307,2877,28,616.953488372093,38,5,14,31.565571939231457,0.6584429824561404,40.972222222222214,1036.11111111111,27.266081871344998,0
3144,4,0,0,42,0.0,0.0,1.0,42,850,500,350,0.5882352941176471,12,5,7,370.9958273703659,0.7887388695315525,0.2382463776877657,0.23503033246010016,134266.5291243458,1562.4644121267884,135828.99353647258,2878,29,614.452380952381,37,5,14,31.28658837635773,0.6610360360360361,40.899122807017534,1036.4035087719287,28.01090564248456,0
3145,4,0,0,42,0.0,0.0,1.0,42,550,400,150,0.7272727272727273,7,4,3,370.9958273703659,0.7887388695315525,0.2382463776877657,0.23503033246010016,134266.5291243458,1562.4644121267884,135828.99353647258,2879,30,615.452380952381,37,5,14,31.28658837635773,0.6610360360360361,40.899122807017534,1036.4035087719287,28.01090564248456,0
3146,4,0,0,42,0.0,0.0,1.0,42,950,700,250,0.7368421052631579,12,7,5,373.839397899427,0.7890050329074719,0.24446878698597363,0.23738425165473992,134351.77320185033,1645.1972001000033,135996.97040195033,2880,31,616.452380952381,37,5,14,31.12760003525471,0.6618806306306307,40.81688596491227,1036.732456140349,28.019796111901325,0
3147,4,0,0,42,0.0,0.0,1.0,42,900,600,300,0.6666666666666666,12,6,6,372.66134899880797,0.7885694928377855,0.2392405318190287,0.23737398654408903,134465.47405211203,1622.0169908048417,136087.49104291687,2881,32,617.452380952381,37,5,14,31.04439775170031,0.6630067567567568,40.70723684210525,1037.1710526315776,28.031650071123718,0
3148,4,0,0,42,0.0,0.0,1.0,42,600,300,300,0.5,9,3,6,371.9419476241347,0.7871176926054975,0.24003825631732623,0.23710045987360595,134493.90677900877,1604.7851261926576,136098.69190520144,2882,33,618.452380952381,37,5,14,31.03461945031712,0.6632882882882885,40.6798245614035,1037.2807017543848,28.03461356092932,0
3149,4,0,0,42,0.0,0.0,1.0,42,1050,700,350,0.6666666666666666,14,7,7,372.28255014892835,0.7860046457607434,0.2392902286946459,0.2380802670923887,134610.8284572187,1622.6765450029202,136233.50500222165,2883,34,619.452380952381,35,7,15,30.90889657223586,0.668452380952381,40.567129629629626,1037.7314814814808,29.64947089947088,0
3150,4,0,0,42,0.0,0.0,1.0,42,1100,700,400,0.6363636363636364,15,7,8,370.66773861716047,0.7837543554006968,0.23200418279004897,0.2380286530518643,134761.00508241163,1590.3114015346346,136351.31648394626,2884,35,620.452380952381,35,7,16,30.80075149555977,0.6699404761904761,40.4224537037037,1038.3101851851848,29.66600529100528,0
3151,4,0,0,42,0.0,0.0,1.0,42,750,400,350,0.5333333333333333,11,4,7,372.10284795725,0.7845770421989934,0.23128587948622648,0.2396841249691114,134872.27091956825,1637.2712239266334,136509.54214349488,2885,36,621.452380952381,36,6,14,30.65237424111015,0.6689814814814814,40.31531531531532,1038.7387387387391,28.853853853853863,0
3152,4,0,0,42,0.0,0.0,1.0,42,800,600,200,0.75,10,6,4,369.05334661521596,0.7859078590785907,0.22574277353728966,0.23829637713216223,134960.0164987623,1561.4891496225991,136521.5056483849,2886,37,622.452380952381,36,6,15,30.64398865647917,0.6698495370370371,40.23085585585586,1039.0765765765768,28.863238238238246,0
3153,4,0,0,42,0.0,0.0,1.0,42,1200,1000,200,0.8333333333333334,14,10,4,373.00859447603455,0.7853271389856755,0.23413601167907294,0.24163104109531758,135077.05498995617,1676.9804855531183,136754.0354755093,2887,38,623.452380952381,36,6,15,30.424430361463184,0.6710069444444444,40.11824324324324,1039.527027027027,28.875750750750754,0
3154,4,0,0,42,0.0,0.0,1.0,42,750,300,450,0.4,12,3,9,369.7513842520789,0.7840931087882307,0.23107484466444994,0.2402993690054855,135194.14420755216,1597.6443927035218,136791.78860025568,2888,39,624.452380952381,36,6,15,30.39230283342357,0.6721643518518519,40.005630630630634,1039.9774774774778,28.888263263263273,0
3155,4,0,0,42,0.0,0.0,1.0,42,850,500,350,0.5882352941176471,12,5,7,369.39712436375567,0.7841173054587689,0.2324083812823532,0.2402642141284259,135223.42443795147,1590.2288267997742,136813.65326475125,2889,40,625.452380952381,36,6,15,30.3723202685145,0.6724537037037037,39.97747747747748,1040.0900900900901,28.891391391391394,0
3156,4,1,0,43,0.023255813953488372,0.0,1.0,43,1500,1200,300,0.8,18,12,6,350.71999999999963,0.7858988556662975,0.140651162790697,0.2307368421052632,135633.68055555577,1071.181950531633,136704.8625060874,2890,0,611.8837209302326,36,7,19,30.44999999999999,0.6765046296296295,39.58333333333334,1041.6666666666683,28.935185185185233,6
3157,4,0,0,43,0.0,0.0,1.0,43,1350,900,450,0.6666666666666666,18,9,9,349.2778730176338,0.785345145810262,0.14009296292292706,0.22997648421965355,135663.00834195694,876.8174001704565,136539.8257421274,2891,1,612.8837209302326,36,7,19,30.458418909667422,0.6767939814814814,39.55518018018019,1041.7792792792802,28.93831331331334,0
3158,4,0,0,43,0.0,0.0,1.0,43,1300,800,500,0.6153846153846154,18,8,10,348.418891772757,0.7829918789221114,0.140464714190218,0.2299763498191938,135751.01072356154,859.643342667006,136610.65406622854,2892,2,613.8837209302326,36,7,19,30.393388444636553,0.677662037037037,39.47072072072073,1042.1171171171184,28.947697697697734,0
3159,4,1,0,44,0.022727272727272728,0.0,1.0,44,950,800,150,0.8421052631578947,11,8,3,339.8774424788994,0.7884073291050036,0.13732020667504563,0.22623743870527968,136051.33598372777,448.1560239973694,136499.49200772514,2893,0,600.9090909090909,38,6,13,30.31810035842295,0.6768092105263158,39.18269230769231,1043.2692307692305,27.454453441295538,0
3160,4,0,1,43,0.0,0.022727272727272728,0.9772727272727273,44,1500,1200,300,0.8,18,12,6,338.6082520788772,0.7865574348132488,0.1361572515898435,0.22636379546914123,136203.94015842004,423.955620659714,136627.89577907976,2894,1,601.9090909090909,39,5,14,30.200017463327015,0.6765491452991453,39.03645833333333,1043.8541666666658,26.76549145299143,0
3161,4,0,0,43,0.0,0.0,1.0,43,1200,1000,200,0.8333333333333334,14,10,4,341.99581258488024,0.7832225913621262,0.13056655121227134,0.2296257598784195,136358.02469135795,726.7746913580188,137084.79938271595,2895,2,603.6511627906976,38,5,16,29.95899822695036,0.6798245614035088,38.888888888888886,1044.444444444444,27.48538011695905,0
3162,4,0,1,42,0.0,0.023255813953488372,0.9767441860465116,43,1400,1000,400,0.7142857142857143,18,10,8,343.1198012721592,0.782438169066076,0.13417035240405184,0.2311096182122394,136469.63346482572,765.0867028270792,137234.7201676528,2896,3,604.6511627906976,38,5,16,29.819146216768914,0.680921052631579,38.78205128205128,1044.8717948717945,27.496626180836696,0
3163,4,0,0,42,0.0,0.0,1.0,42,850,600,250,0.7058823529411765,11,6,5,349.2464618740278,0.7835365853658537,0.0800985082460286,0.2185337940479656,133812.35091566615,946.9291615216821,134759.28007718784,2897,4,615.7380952380952,37,5,16,32.30403066271017,0.6565315315315317,41.3377192982456,1034.6491228070158,27.96348980559502,5
3164,4,0,0,42,0.0,0.0,1.0,42,550,400,150,0.7272727272727273,7,4,3,350.2650847293187,0.7834639953542393,0.08518608206075107,0.21967788270830815,133897.45071800935,979.9203841566598,134877.371102166,2898,5,616.7380952380952,37,5,16,32.192565420065684,0.6573761261261262,41.25548245614035,1034.9780701754382,27.972380275011844,0
3165,4,0,0,42,0.0,0.0,1.0,42,1350,900,450,0.6666666666666666,18,9,9,350.4676370446819,0.7831010452961672,0.08314544968501147,0.22014404267058152,133954.19894823394,989.3223155201456,134943.52126375408,2899,6,617.7380952380952,37,5,16,32.13057850510186,0.6579391891891893,41.200657894736835,1035.1973684210516,27.978307254623015,0
3166,4,0,0,42,0.0,0.0,1.0,42,750,500,250,0.6666666666666666,10,5,5,366.0231422504703,0.7830768486256291,0.12407647522436638,0.21708718981479758,131806.21831957903,1259.2881944444357,133065.50651402347,2900,7,618.7380952380952,37,5,16,33.887591208400075,0.6365427927927929,43.28399122807017,1026.8640350877188,27.753082029397806,4
3167,4,0,1,41,0.0,0.023809523809523808,0.9761904761904762,42,950,700,250,0.7368421052631579,12,7,5,365.23499376668906,0.7822057684862563,0.12358736598087483,0.21694078545418993,131862.52170138885,1232.161458333329,133094.6831597222,2901,8,619.7380952380952,37,5,16,33.85099729546991,0.6371058558558559,43.229166666666664,1027.083333333333,27.759009009009002,0
3168,4,0,0,41,0.0,0.0,1.0,41,1300,1100,200,0.8461538461538461,15,11,4,369.0290490357318,0.7800813008130081,0.10952085627826924,0.21977944147532755,131963.74584043506,1539.6911269377545,133503.4369673728,2902,9,595.7317073170732,36,5,16,33.65140472015198,0.6400462962962963,43.130630630630634,1027.4774774774778,28.54104104104105,0
3169,4,1,0,42,0.023809523809523808,0.0,1.0,42,800,600,200,0.75,10,6,4,361.72503307404486,0.7865853658536586,0.1055843232815512,0.21694250704824422,132228.78674207444,1166.0924515235376,133394.87919359797,2903,0,582.5238095238095,37,5,18,33.571872778962316,0.6407657657657657,42.872807017543856,1028.5087719298242,27.797534376481735,0
3170,4,0,0,42,0.0,0.0,1.0,42,1300,1100,200,0.8461538461538461,15,11,4,363.52620665746554,0.7882065427797135,0.10376324442820595,0.21867499508164473,132341.5858725762,1221.9269390581724,133563.51281163437,2904,1,583.5238095238095,37,5,18,33.41192455242966,0.6418918918918919,42.76315789473684,1028.9473684210527,27.809388335704128,0
3171,4,0,1,41,0.0,0.023809523809523808,0.9761904761904762,42,800,300,500,0.375,13,3,10,356.31108145841813,0.7882307394502517,0.1053058904721309,0.21433481976960236,132341.5858725762,1030.9547168359502,133372.54058941215,2905,2,584.5238095238095,37,5,16,33.597524154589365,0.6418918918918919,42.76315789473684,1028.9473684210527,27.809388335704128,2
3172,4,1,0,42,0.023809523809523808,0.0,1.0,42,1150,700,450,0.6086956521739131,16,7,9,354.252349937733,0.791739256678281,0.11105295229762024,0.21407331364710494,132513.92598257065,988.6859586902456,133502.6119412609,2906,0,584.1666666666666,36,6,18,33.4771136388494,0.6455439814814814,42.595720720720735,1029.617117117119,28.60047547547553,0
3173,4,0,0,42,0.0,0.0,1.0,42,1050,900,150,0.8571428571428571,12,9,3,352.95549893324903,0.7902874564459931,0.10371770046015794,0.21411385306640365,132658.9004545088,964.5376795714967,133623.4381340803,2907,1,585.1666666666666,36,6,15,33.36476096778895,0.6469907407407407,42.45495495495497,1030.1801801801823,28.616116116116174,0
3174,4,0,2,40,0.0,0.047619047619047616,0.9523809523809523,42,1550,1000,550,0.6451612903225806,21,10,11,354.63321097608696,0.7909165698799845,0.09255328005328045,0.21579808157268263,132774.93709926138,1052.7508927846754,133827.68799204606,2908,2,586.1666666666666,36,6,15,33.204946095571096,0.6481481481481481,42.34234234234234,1030.6306306306303,28.62862862862862,5
3175,4,0,0,40,0.0,0.0,1.0,40,1350,1000,350,0.7407407407407407,17,10,7,371.74407164549996,0.7711004273504274,0.10511908891201349,0.22468305210775158,132520.55165816302,1852.745890022649,134373.29754818568,2909,16,616.3,34,6,19,33.020195012910925,0.6498161764705884,42.5892857142857,1029.6428571428553,30.283613445378098,0
3176,4,0,0,40,0.0,0.0,1.0,40,850,600,250,0.7058823529411765,11,6,5,373.4027833665675,0.7711004273504274,0.10459195468731952,0.22605370741106875,132581.84700963704,1901.2861394557683,134483.1331490928,2910,17,617.3,34,6,19,32.91575155088043,0.6504289215686274,42.5297619047619,1029.8809523809514,30.29061624649857,0
3177,4,0,0,40,0.0,0.0,1.0,40,900,500,400,0.5555555555555556,13,5,8,374.5951223345554,0.7719818376068376,0.10206215341959335,0.22770332717190384,132735.14739229012,1944.3877551020244,134679.53514739213,2911,18,618.3,34,6,17,32.730668515095495,0.6519607843137256,42.38095238095237,1030.4761904761895,30.30812324929969,0
3178,4,0,1,39,0.0,0.025,0.975,40,600,300,300,0.5,9,3,6,376.44206389875126,0.7705128205128206,0.10072765072765044,0.22920080093075865,132796.49234693876,1998.0371315192706,134794.52947845802,2912,19,619.3,34,6,17,32.62132324632324,0.6525735294117647,42.32142857142857,1030.7142857142856,30.31512605042016,0
3179,4,0,0,39,0.0,0.0,1.0,39,1050,800,250,0.7619047619047619,13,8,5,376.34733690083164,0.7628205128205129,0.10651419095164893,0.22925782369622463,132815.2394654491,2196.932334533593,135012.1717999827,2913,20,631.3846153846154,35,4,17,32.604891833221046,0.6505952380952382,42.30324074074073,1030.787037037036,29.451058201058174,0
3180,4,0,0,39,0.0,0.0,1.0,39,950,700,250,0.7368421052631579,12,7,5,375.98933285801957,0.7625393612235718,0.10562674864426103,0.22940499843145443,132874.89819101492,2191.9088648833804,135066.8070558983,2914,21,632.3846153846154,35,4,17,32.55407124681932,0.6511904761904763,42.24537037037036,1031.018518518517,29.457671957671916,0
3181,4,0,0,39,0.0,0.0,1.0,39,750,500,250,0.6666666666666666,10,5,5,377.2268135904503,0.7614147548358075,0.10598290598290627,0.2305274971941638,132934.57031249985,2229.2968749999854,135163.86718749983,2915,22,633.3846153846154,35,4,17,32.46212121212121,0.6517857142857144,42.18749999999999,1031.2499999999989,29.464285714285683,0
3182,4,0,0,39,0.0,0.0,1.0,39,1050,700,350,0.6666666666666666,14,7,7,378.28175789305055,0.7605713000449843,0.10338102552596595,0.2319122138829881,133053.9547432268,2266.3767789780236,135320.3315222048,2916,23,634.3846153846154,35,4,17,32.314804427492334,0.6529761904761906,42.071759259259245,1031.712962962961,29.47751322751317,0
3183,4,0,0,39,0.0,0.0,1.0,39,950,700,250,0.7368421052631579,12,7,5,373.548235915804,0.7587719298245614,0.1006287197386675,0.2301539130965114,133239.59094229358,2154.2828301274158,135393.873772421,2917,24,635.3846153846154,36,3,17,32.25030904595695,0.6527777777777779,41.89189189189189,1032.4324324324318,28.67867867867866,0
3184,4,0,0,39,0.0,0.0,1.0,39,800,500,300,0.625,11,5,6,373.548235915804,0.7587719298245614,0.1006287197386675,0.2301539130965114,133239.59094229358,2154.2828301274158,135393.873772421,2918,25,636.3846153846154,36,3,17,32.25030904595695,0.6527777777777779,41.89189189189189,1032.4324324324318,28.67867867867866,0
3185,4,0,0,39,0.0,0.0,1.0,39,800,700,100,0.875,9,7,2,371.1005852139818,0.7573099415204678,0.10080250538265823,0.22900352398467114,133297.72973987498,2093.3731028325583,135391.10284270754,2919,26,637.3846153846154,36,3,17,32.25508905852418,0.6533564814814815,41.835585585585584,1032.6576576576574,28.68493493493493,0
3186,4,0,0,39,0.0,0.0,1.0,39,1050,800,250,0.7619047619047619,13,8,5,372.0107905130535,0.7565227170490328,0.10305955501836217,0.22976850071098,133330.62967691952,2120.0865891427834,135450.7162660623,2920,27,638.3846153846154,37,2,17,32.19854814736172,0.6517454954954955,41.803728070175424,1032.785087719296,27.91311047889989,0
3187,4,0,1,38,0.0,0.02564102564102564,0.9743589743589743,39,1050,700,350,0.6666666666666666,14,7,7,368.83894211891624,0.7564664867296447,0.10630290859517277,0.22850554579793184,133443.89770169646,2043.861212103703,135487.75891380018,2921,28,639.3846153846154,37,2,18,32.16675068095794,0.6528716216216217,41.69407894736841,1033.2236842105247,27.924964438122288,0
3188,4,0,0,38,0.0,0.0,1.0,38,600,400,200,0.6666666666666666,8,4,4,367.21604569022105,0.749407302038881,0.10257101293040982,0.2117262800579614,130722.82745160679,2000.7069613773403,132723.53441298413,2922,32,656.4736842105264,36,2,22,34.95301545351098,0.6276041666666667,44.3412162162162,1022.6351351351333,28.40653153153148,7
3189,4,0,0,38,0.0,0.0,1.0,38,850,600,250,0.7058823529411765,11,6,5,370.71260876531784,0.7475699383594121,0.10632042406511588,0.21438090710585048,130838.01442912505,2100.660330939044,132938.67476006408,2923,33,657.4736842105264,36,2,22,34.74683544303797,0.6287615740740742,44.2286036036036,1023.0855855855854,28.41904404404404,0
3190,4,0,0,38,0.0,0.0,1.0,38,1050,600,450,0.5714285714285714,15,6,9,371.3263615147991,0.7480144618302513,0.12645663721285705,0.21208105349573808,130356.43029423762,2083.704529155934,132440.13482339357,2924,34,658.4736842105264,33,5,22,35.21978379135164,0.6303661616161618,44.69975490196077,1021.2009803921555,30.945484254307743,1
3191,4,0,0,38,0.0,0.0,1.0,38,1250,800,450,0.64,17,8,9,363.24093468803534,0.748844238975818,0.08226104918879384,0.20472058208454694,129837.58680555546,1872.8719122452796,131710.45871780074,2925,35,659.4736842105264,34,4,19,35.95325701826109,0.6228553921568627,45.20833333333333,1019.1666666666658,29.975490196078407,8
3192,4,1,0,39,0.02564102564102564,0.0,1.0,39,1050,800,250,0.7619047619047619,13,8,5,354.18949049176274,0.7595029239766082,0.08251542038544413,0.201346791596768,130173.98787133489,1421.2516878857998,131595.23955922067,2926,0,643.5384615384615,35,4,21,35.84233582851309,0.6241071428571429,44.87847222222222,1020.4861111111112,29.156746031746035,0
3193,4,2,1,40,0.04878048780487805,0.024390243902439025,0.975609756097561,41,900,700,200,0.7777777777777778,11,7,4,337.2596013895088,0.7777439024390244,0.07813473729450959,0.19430946577517394,130694.03863322786,615.5940155034041,131309.63264873126,2927,0,613.0975609756098,36,5,18,35.747980910425866,0.6273148148148149,44.36936936936937,1022.5225225225228,28.40340340340341,0
3194,4,0,1,39,0.0,0.025,0.975,40,850,600,250,0.7058823529411765,11,6,5,346.79346868494446,0.7702190170940171,0.07658532442532007,0.19925394417415368,130587.70743580669,1057.3928058556169,131645.1002416623,2928,1,629.425,35,5,18,35.61188332767146,0.6282738095238095,44.473379629629626,1022.106481481481,29.20304232804231,0
3195,4,0,1,38,0.0,0.02564102564102564,0.9743589743589743,39,850,500,350,0.5882352941176471,12,5,7,352.9537429313421,0.7720422852001799,0.08776706913642185,0.20316130993930048,130657.85147392278,1423.235544217674,132081.08701814045,2929,2,641.2051282051282,34,5,19,35.38343230864773,0.6311274509803921,44.4047619047619,1022.3809523809514,30.070028011204453,0
3196,4,0,0,38,0.0,0.0,1.0,38,350,300,50,0.8571428571428571,4,3,1,364.17470375647173,0.7624762920815552,0.09302538462024046,0.20866835087406901,130481.60750973184,1903.620152104962,132385.2276618368,2930,3,659.0,33,5,22,35.27535384430851,0.6316287878787878,44.57720588235294,1021.6911764705882,30.960338680926913,0
3197,4,0,0,38,0.0,0.0,1.0,38,1250,1000,250,0.8,15,10,5,366.0747126512762,0.7620910384068279,0.09938926674153592,0.21060656916806525,130638.16350682438,1964.6656334102372,132602.82914023462,2931,4,660.0,33,5,19,35.06802924958045,0.6332070707070707,44.42401960784314,1022.3039215686281,30.97890671420085,0
3198,4,0,0,38,0.0,0.0,1.0,38,850,600,250,0.7058823529411765,11,6,5,366.05954015455364,0.7614983404457089,0.09781327044699273,0.21145321672457168,130794.81336805563,1975.7378472222279,132770.55121527787,2932,5,661.0,33,5,19,34.909623217922594,0.6347853535353535,44.270833333333336,1022.9166666666673,30.99747474747477,0
3199,4,0,0,38,0.0,0.0,1.0,38,750,400,350,0.5333333333333333,11,4,7,367.7078468691578,0.7622095779990516,0.09714053369139664,0.2127507147269994,130857.49959450707,2023.4658845155884,132880.96547902265,2933,6,662.0,33,5,19,34.80394358605821,0.6354166666666665,44.20955882352942,1023.1617647058836,31.004901960784352,0
3200,4,1,1,38,0.02564102564102564,0.02564102564102564,0.9743589743589743,39,950,700,250,0.7368421052631579,12,7,5,358.2147018258829,0.7724358974358975,0.09597359027988839,0.20914489307418932,131206.1295351475,1599.9929138322168,132806.12244897973,2934,0,646.0,34,5,22,34.694060345495394,0.636642156862745,43.86904761904763,1024.5238095238105,30.133053221288545,0
3201,4,0,1,37,0.0,0.02631578947368421,0.9736842105263158,38,1150,900,250,0.782608695652174,14,9,5,359.7868657098031,0.7725521574205785,0.0753375552634723,0.211599176326447,131485.18786344182,1861.3287257304696,133346.5165891723,2935,1,603.8157894736842,33,5,23,34.3717638507189,0.641729797979798,43.596813725490186,1025.6127450980382,31.079174093879946,1
3202,4,0,0,37,0.0,0.0,1.0,37,950,500,450,0.5263157894736842,14,5,9,369.9771287825477,0.761448948948949,0.07991612301957174,0.21706750619322868,131392.84256708482,2322.469327109461,133715.31189419428,2936,9,621.1081081081081,32,5,23,34.20386904761905,0.6432291666666667,43.68686868686868,1025.252525252524,32.039141414141376,0
3203,4,0,0,37,0.0,0.0,1.0,37,950,800,150,0.8421052631578947,11,8,3,369.23798493644716,0.7632007007007007,0.08411278319294113,0.21751521266030951,131548.0392907775,2314.506590013449,133862.54588079095,2937,10,622.1081081081081,33,4,23,34.06589714490503,0.6423611111111112,43.53553921568627,1025.8578431372543,31.086601307189525,0
3204,4,0,0,37,0.0,0.0,1.0,37,1350,1100,250,0.8148148148148148,16,11,5,368.08710281089986,0.763013013013013,0.08039999870884862,0.2171947365634716,131610.90573637534,2288.855398164158,133899.7611345395,2938,11,623.1081081081081,33,4,20,34.031883235797615,0.6429924242424243,43.47426470588235,1026.1029411764698,31.094028520499084,0
3205,4,1,1,37,0.02631578947368421,0.02631578947368421,0.9736842105263158,38,850,500,350,0.5882352941176471,12,5,7,368.243043451316,0.7715149359886202,0.060522952553918596,0.21517093516534128,131236.6230867347,2065.3946995464876,133302.01778628118,2939,0,607.6842105263158,34,4,21,34.40634561016227,0.6369485294117647,43.839285714285715,1024.6428571428573,30.136554621848745,3
3206,4,2,1,38,0.05128205128205128,0.02564102564102564,0.9743589743589743,39,1000,700,300,0.7,13,7,6,360.964134551125,0.7767094017094017,0.05994029850746263,0.2133433046482478,131673.78720023538,1705.9667034705908,133379.75390370598,2940,0,593.0512820512821,33,6,20,34.151119402985074,0.6436237373737375,43.412990196078425,1026.3480392156855,31.101455733808653,0
3207,4,0,0,38,0.0,0.0,1.0,38,450,300,150,0.6666666666666666,6,3,3,371.2911220078697,0.7721076339497392,0.060299863286185085,0.21839230876683027,131489.94880943268,2164.2101252423213,133654.158934675,2941,1,609.6578947368421,32,6,23,34.07197669169846,0.6442057291666667,43.592171717171716,1025.631313131313,32.05097853535353,0
3208,4,0,0,38,0.0,0.0,1.0,38,800,500,300,0.625,11,5,6,370.53134761762647,0.7726410621147464,0.05630400145083336,0.21850056101167134,131587.09092184468,2151.4284256708497,133738.51934751554,2942,2,610.6578947368421,32,6,21,33.99325211256052,0.6451822916666667,43.49747474747475,1026.010101010101,32.062815656565654,0
3209,4,3,1,40,0.07317073170731707,0.024390243902439025,0.975609756097561,41,850,600,250,0.7058823529411765,11,6,5,345.60711307711705,0.7970020325203252,0.057413304788624275,0.2078875702558012,132340.06123944905,947.5333018829804,133287.59454133202,2943,0,566.9024390243902,36,5,23,33.87440261209005,0.6438078703703705,42.76463963963965,1028.9414414414425,28.581706706706736,0
3210,4,0,0,40,0.0,0.0,1.0,40,800,600,200,0.75,10,6,4,353.77140405923507,0.787366452991453,0.06753966467874428,0.21228672976869842,132249.14969403725,1357.1934745799051,133606.34316861714,2944,1,582.075,35,5,23,33.755884062863345,0.6449404761904761,42.85300925925926,1028.5879629629633,29.388227513227523,0
3211,4,0,0,40,0.0,0.0,1.0,40,650,200,450,0.3076923076923077,11,2,9,353.12218907759774,0.7873931623931624,0.06416638542018216,0.2122314495409578,132308.68115837185,1344.2262249228336,133652.9073832947,2945,2,583.075,35,5,23,33.71266452919338,0.6455357142857143,42.795138888888886,1028.8194444444441,29.394841269841262,0
3212,4,1,1,40,0.024390243902439025,0.024390243902439025,0.975609756097561,41,1250,1100,150,0.88,14,11,3,340.4864324960483,0.7960365853658536,0.05667942958786787,0.20626199882793284,132606.53941883138,830.1756472907978,133436.71506612218,2946,0,569.829268292683,35,6,23,33.73845844102333,0.6485119047619048,42.50578703703703,1029.9768518518513,29.427910052910036,0
3213,4,0,1,39,0.0,0.025,0.975,40,850,700,150,0.8235294117647058,10,7,3,353.40310094213913,0.7887553418803419,0.056101861486877125,0.21359772327383367,132520.55165816317,1366.6347789115528,133887.1864370747,2947,4,585.075,34,6,23,33.49231124985547,0.6498161764705883,42.58928571428571,1029.6428571428564,30.28361344537813,0
3214,4,0,0,39,0.0,0.0,1.0,39,550,300,250,0.5454545454545454,8,3,5,352.4407765043938,0.7883490778227621,0.03568993626797101,0.21318970047293745,132551.19756235817,1543.2893990929576,134094.48696145113,2948,5,546.0512820512821,34,5,23,33.486271676300575,0.6501225490196079,42.5595238095238,1029.761904761904,30.28711484593835,0
3215,4,0,0,39,0.0,0.0,1.0,39,800,400,400,0.5,12,4,8,355.04247225420806,0.7887989203778678,0.03745711187356693,0.21546546668218186,132673.81660997713,1620.967970521526,134294.78458049867,2949,6,547.0512820512821,34,5,16,33.29601918188122,0.6513480392156863,42.44047619047618,1030.2380952380938,30.30112044817923,0
3216,4,0,0,39,0.0,0.0,1.0,39,750,600,150,0.8,9,6,3,354.032775089517,0.7881803868645975,0.036084077678532056,0.21502832760700127,132704.4802295918,1596.3470804988642,134300.82731009068,2950,7,548.0512820512821,34,5,16,33.291209320238785,0.6516544117647058,42.410714285714285,1030.3571428571427,30.30462184873949,0
3217,4,0,0,39,0.0,0.0,1.0,39,700,500,200,0.7142857142857143,9,5,4,354.477185199805,0.7871682411156096,0.03619177911821447,0.2160040778779106,132827.1701388888,1616.8402777777735,134444.01041666657,2951,8,549.0512820512821,34,5,17,33.156494206413385,0.6528799019607843,42.291666666666664,1030.8333333333326,30.31862745098037,0
3218,4,0,0,39,0.0,0.0,1.0,39,700,500,200,0.7142857142857143,9,5,4,355.62126690147124,0.7871120107962214,0.038421571500892426,0.2170567859502216,132888.53635204083,1651.597930838996,134540.13428287982,2952,9,550.0512820512821,34,5,17,33.0653696647808,0.6534926470588236,42.232142857142854,1031.0714285714287,30.325630252100844,0
3219,4,0,1,38,0.0,0.02564102564102564,0.9743589743589743,39,1400,1100,300,0.7857142857142857,17,11,6,354.3941058719445,0.7846941070625282,0.041091918313243214,0.21719797181656783,133042.0138888888,1629.8611111111022,134671.87499999988,2953,10,551.0512820512821,34,5,17,32.94291868605278,0.6550245098039216,42.08333333333333,1031.6666666666658,30.343137254901936,0
3220,4,0,1,37,0.0,0.02631578947368421,0.9736842105263158,38,750,600,150,0.8,9,6,3,365.89102489094046,0.7779753437648175,0.040577733852100506,0.22341125424037533,132902.9775206651,2125.6013312187492,135028.57885188385,2954,11,566.2105263157895,33,5,17,32.786130259091976,0.6559343434343434,42.218137254901954,1031.1274509803918,31.246286393345205,0
3221,4,0,0,37,0.0,0.0,1.0,37,1050,900,150,0.8571428571428571,12,9,3,374.39350737002593,0.7682057057057057,0.043743854107691105,0.2279026249561165,132788.1262913223,2543.0024678604204,135331.1287591827,2955,12,582.2162162162163,32,5,18,32.6825309322553,0.6572265625,42.32954545454545,1030.681818181818,32.20880681818181,0
3222,4,0,0,37,0.0,0.0,1.0,37,750,400,350,0.5333333333333333,11,4,7,375.0267907128407,0.7682057057057057,0.04253629088309441,0.228884063748958,132885.74667125806,2567.1430211202924,135452.88969237835,2956,13,583.2162162162163,32,5,18,32.567964731814826,0.658203125,42.234848484848484,1031.0606060606062,32.220643939393945,0
3223,4,0,0,37,0.0,0.0,1.0,37,850,700,150,0.8235294117647058,10,7,3,376.0880321704884,0.7680180180180181,0.040022635590163835,0.22973156011491236,132918.29476902867,2597.7959838281854,135516.09075285686,2957,14,584.2162162162163,32,5,18,32.50785682217052,0.6585286458333333,42.20328282828283,1031.1868686868688,32.22458964646465,0
3224,4,0,0,37,0.0,0.0,1.0,37,850,600,250,0.7058823529411765,11,6,5,377.0901936173038,0.7687062062062062,0.04486415844381919,0.23083404797649784,132997.76715986634,2630.4307537966147,135628.19791366297,2958,15,585.2162162162163,33,4,18,32.402058334323414,0.6568813131313131,42.12622549019608,1031.4950980392152,31.25742721330955,0
3225,4,0,0,37,0.0,0.0,1.0,37,1200,900,300,0.75,15,9,6,377.34022285869474,0.7697697697697697,0.04535842978203197,0.23216484274205898,133187.4478115389,2651.396247837376,135838.84405937628,2959,16,586.2162162162163,33,4,20,32.204850805334594,0.6587752525252526,41.942401960784316,1032.2303921568632,31.27970885323828,0
3226,4,1,1,37,0.02631578947368421,0.02631578947368421,0.9736842105263158,38,1150,800,350,0.6956521739130435,15,8,7,370.05723204994786,0.777619724988146,0.037139219015279945,0.22943548387096785,133472.22222222228,2278.4722222222313,135750.6944444445,2960,0,571.7631578947369,34,4,20,32.10685483870968,0.6593137254901961,41.66666666666667,1033.333333333334,30.392156862745114,0
3227,4,0,0,37,0.0,0.0,1.0,37,750,500,250,0.6666666666666666,10,5,5,378.7971279429706,0.7703328328328328,0.041352057017853605,0.2336562664749248,133282.33882401013,2697.3934304113964,135979.73225442154,2961,18,588.2162162162163,33,4,20,32.071860906717305,0.6597222222222221,41.85049019607844,1032.5980392156873,31.290849673202647,0
3228,4,0,0,37,0.0,0.0,1.0,37,600,300,300,0.5,9,3,6,380.1519062388146,0.7694569569569569,0.044279685475698605,0.23489151508656403,133345.61827181873,2738.318194925057,136083.9364667438,2962,19,589.2162162162163,33,4,20,31.9732834994463,0.6603535353535352,41.789215686274524,1032.8431372549037,31.298276886512234,0
3229,4,0,0,37,0.0,0.0,1.0,37,1200,900,300,0.75,15,9,6,378.4094823098556,0.7692067067067067,0.052634185804619316,0.23482044069038444,133504.84206012153,2703.9597070147634,136208.8017671363,2963,20,590.2162162162163,32,5,20,31.85832824272043,0.6643880208333333,41.63510101010102,1033.459595959597,32.295612373737406,0
3230,4,0,0,37,0.0,0.0,1.0,37,950,700,250,0.7368421052631579,12,7,5,381.4780675646796,0.7691441441441441,0.05740644807913742,0.2379807198341427,133700.6447843334,2800.772720895846,136501.41750522924,2964,21,591.2162162162163,32,5,18,31.58242786798518,0.6663411458333333,41.44570707070708,1034.217171717173,32.319286616161655,0
3231,4,0,0,37,0.0,0.0,1.0,37,700,500,200,0.7142857142857143,9,5,4,380.6013901716666,0.7692067067067067,0.0548918457143992,0.23806471687531558,133798.59995153546,2784.786628915407,136583.38658045087,2965,22,592.2162162162163,32,5,18,31.506793588804815,0.6673177083333334,41.3510101010101,1034.595959595959,32.331123737373716,0
3232,4,0,0,37,0.0,0.0,1.0,37,1450,1100,350,0.7586206896551724,18,11,7,384.14351074182525,0.7672672672672672,0.054106783286151705,0.24177750818063762,134027.30150303539,2897.1436269258247,136924.4451299612,2966,23,593.2162162162163,32,5,18,31.185729382595625,0.6695963541666666,41.130050505050505,1035.479797979798,32.358743686868685,0
3233,4,0,0,37,0.0,0.0,1.0,37,700,300,400,0.42857142857142855,11,3,8,384.5815778582282,0.7666416416416416,0.05529273788659461,0.24270055882683875,134125.37623711865,2916.4297648199176,137041.80600193856,2967,24,594.2162162162163,32,5,19,31.07605030066635,0.6705729166666666,41.035353535353536,1035.8585858585857,32.3705808080808,0
3234,4,0,0,37,0.0,0.0,1.0,37,900,800,100,0.8888888888888888,10,8,2,382.3411436940495,0.7659534534534534,0.05039205161052385,0.2419332125132663,134223.48684126622,2863.832293898585,137087.3191351648,2968,25,595.2162162162163,32,5,19,31.035752000324933,0.6715494791666666,40.94065656565657,1036.237373737374,32.382417929292934,0
3235,4,0,0,37,0.0,0.0,1.0,37,900,600,300,0.6666666666666666,12,6,6,382.9535252889915,0.7657032032032032,0.04777880572739868,0.24275409182218785,134288.9138385114,2885.282592337517,137174.1964308489,2969,26,596.2162162162163,32,5,19,30.954338733909932,0.6722005208333334,40.87752525252525,1036.489898989899,32.390309343434346,0
3236,4,0,0,37,0.0,0.0,1.0,37,950,700,250,0.7368421052631579,12,7,5,380.8885527197082,0.766453953953954,0.043318281749845644,0.24209417917447706,134387.08422609937,2837.3004030201014,137224.38462911948,2970,27,597.2162162162163,32,5,21,30.909542945283327,0.6731770833333334,40.782828282828284,1036.8686868686868,32.402146464646464,0
3237,4,0,0,37,0.0,0.0,1.0,37,950,800,150,0.8421052631578947,11,8,3,380.9026418160493,0.7652652652652653,0.04634990394484073,0.2429733000901135,134518.03387409446,2847.654894908678,137365.68876900314,2971,28,598.2162162162163,32,5,21,30.77810572865952,0.6744791666666667,40.656565656565654,1037.3737373737372,32.41792929292929,0
3238,4,0,0,37,0.0,0.0,1.0,37,650,400,250,0.6153846153846154,9,4,5,383.0300979508613,0.7656406406406406,-0.014306151645207432,0.22883593031423272,132082.88278546729,2758.1995331667827,134841.08231863406,2972,29,599.2162162162163,33,4,19,33.17139564457161,0.6477272727272727,43.01470588235295,1027.9411764705894,31.14973262032089,8
3239,4,0,0,37,0.0,0.0,1.0,37,950,600,350,0.631578947368421,13,6,7,383.1810671936198,0.7646396396396397,-0.014289856006185042,0.22930735761444154,132145.87688629373,2727.1596261053437,134873.03651239906,2973,30,600.2162162162163,33,4,19,33.10389352403656,0.6483585858585859,42.95343137254902,1028.1862745098038,31.157159833630416,0
3240,4,0,0,37,0.0,0.0,1.0,37,900,600,300,0.6666666666666666,12,6,6,383.2011334606622,0.7637637637637638,-0.017507031281774,0.22973453101781136,132214.28748582763,2732.9329648526027,134947.22045068024,2974,31,601.2162162162163,34,3,19,33.034301809623024,0.6467524509803921,42.88690476190476,1028.4523809523807,30.248599439775905,0
3241,4,0,0,37,0.0,0.0,1.0,37,700,300,400,0.42857142857142855,11,3,8,384.39519122273225,0.7637012012012012,-0.011960577635846459,0.23082410336036358,132275.51197562364,2769.2141439909365,135044.72611961458,2975,32,602.2162162162163,34,3,19,32.94178914477492,0.6473651960784313,42.827380952380956,1028.6904761904766,30.25560224089637,0
3242,4,0,0,37,0.0,0.0,1.0,37,600,400,200,0.6666666666666666,8,4,4,384.2750738904872,0.7612612612612613,-0.01708086889637417,0.2317019528369269,132430.49178655233,2778.060782010993,135208.55256856332,2976,33,603.2162162162163,32,5,20,32.788477265292784,0.6536458333333334,42.676767676767675,1029.2929292929289,32.16540404040403,0
3243,4,0,0,37,0.0,0.0,1.0,37,950,700,250,0.7368421052631579,12,7,5,385.0383430226418,0.761011011011011,-0.014915577829485382,0.23256315918567583,132495.48037190086,2803.168044077141,135298.648415978,2977,34,604.2162162162163,32,5,20,32.7032744665195,0.654296875,42.61363636363637,1029.545454545455,32.17329545454547,0
3244,4,0,1,36,0.0,0.02702702702702703,0.972972972972973,37,1100,600,500,0.5454545454545454,16,6,10,387.07828719723176,0.7584459459459459,-0.011486486486486758,0.23501181722689074,132690.54178145085,2872.325528007342,135562.8673094582,2978,35,605.2162162162163,32,5,19,32.45404411764705,0.65625,42.42424242424242,1030.3030303030303,32.196969696969695,0
3245,4,0,0,36,0.0,0.0,1.0,36,750,500,250,0.6666666666666666,10,5,5,390.2073465348358,0.7528769841269842,-0.0010953825412873819,0.23675770903248614,132666.1512586805,3153.461371527773,135819.61263020828,2979,36,616.3055555555555,31,5,19,32.39804516346478,0.6586021505376344,42.447916666666664,1030.208333333333,33.23252688172042,0
3246,4,0,0,36,0.0,0.0,1.0,36,1000,700,300,0.7,13,7,6,382.994105694959,0.7519510582010582,-0.011233161558629634,0.22308045303275117,131114.67013888896,2843.2291666666715,133957.89930555562,2980,37,617.3055555555555,34,2,19,34.152088418768635,0.6357230392156863,43.958333333333336,1024.1666666666672,30.12254901960786,4
3247,4,0,0,36,0.0,0.0,1.0,36,850,500,350,0.5882352941176471,12,5,7,384.4481316572723,0.750297619047619,-0.009724159305749325,0.224105130405093,131145.15306122453,2883.701814058962,134028.8548752835,2981,38,618.3055555555555,34,2,19,34.083953200061984,0.6360294117647058,43.92857142857143,1024.2857142857147,30.126050420168077,0
3248,4,0,0,36,0.0,0.0,1.0,36,850,600,250,0.7058823529411765,11,6,5,384.4481316572723,0.7512566137566138,-0.009724159305749325,0.224105130405093,131145.15306122453,2883.701814058962,134028.8548752835,2982,39,619.3055555555555,34,2,19,34.083953200061984,0.6360294117647058,43.92857142857143,1024.2857142857147,30.126050420168077,0
3249,4,1,1,36,0.02702702702702703,0.02702702702702703,0.972972972972973,37,1300,900,400,0.6923076923076923,17,9,8,375.4201754824255,0.762575075075075,-0.01804241614668145,0.2209145813496185,131506.1366705246,2474.0113811728315,133980.14805169744,2983,0,603.5405405405405,35,2,19,33.949729180771826,0.6375,43.576388888888886,1025.694444444444,29.30555555555554,0
3250,4,1,0,37,0.02702702702702703,0.0,1.0,37,800,500,300,0.625,11,5,6,376.35514660219013,0.7594469469469469,-0.003614982976661185,0.22232785375893527,131654.57182623874,2509.7751361025207,134164.34696234125,2984,0,604.5135135135135,35,2,17,33.775633434833274,0.6389880952380953,43.431712962962955,1026.2731481481471,29.322089947089918,0
3251,4,0,0,37,0.0,0.0,1.0,37,600,200,400,0.3333333333333333,10,2,8,377.38757472889927,0.7600725725725725,-0.0035532206013655365,0.22328555038496367,131713.96933138277,2541.443088777426,134255.4124201602,2985,1,605.5135135135135,35,2,17,33.68909027699479,0.6395833333333334,43.37384259259259,1026.5046296296289,29.32870370370368,0
3252,4,0,0,37,0.0,0.0,1.0,37,550,400,150,0.7272727272727273,7,4,3,376.40679792925283,0.7594469469469469,-0.00615497120570363,0.2228790585869472,131743.67310742437,2517.842828360748,134261.5159357851,2986,2,606.5135135135135,35,2,17,33.68423524990605,0.6398809523809523,43.3449074074074,1026.6203703703688,29.33201058201054,0
3253,4,0,0,37,0.0,0.0,1.0,37,1000,500,500,0.5,15,5,10,381.6413154867307,0.7602602602602603,-0.0034297793792890108,0.22650858811463276,131832.8045294281,2662.5689889831892,134495.3735184113,2987,3,607.5135135135135,35,2,17,33.4597702768699,0.6407738095238096,43.25810185185185,1026.9675925925922,29.341931216931204,0
3254,4,0,0,37,0.0,0.0,1.0,37,1100,900,200,0.8181818181818182,13,9,4,383.6159128088676,0.7590715715715716,-0.007628080834522821,0.22875256479717507,132011.15779588904,2728.3161597650883,134739.47395565413,2988,4,608.5135135135135,35,2,17,33.228802980816155,0.6425595238095239,43.08449074074074,1027.662037037037,29.361772486772484,0
3255,4,0,0,37,0.0,0.0,1.0,37,800,500,300,0.625,11,5,6,382.22320767751796,0.7600725725725725,-0.003121662696130567,0.22863897331982438,132130.126953125,2700.6401909722226,134830.76714409722,2989,5,609.5135135135135,35,2,17,33.1444191151638,0.64375,42.96875,1028.125,29.375,0
3256,4,0,0,37,0.0,0.0,1.0,37,1750,1400,350,0.8,21,14,7,385.00563647515804,0.7583833833833834,0.0060238831521131075,0.2321365643040096,132429.53619100826,2797.766108588048,135227.3022995963,2990,6,610.5135135135135,33,4,19,32.77064233837362,0.651199494949495,42.677696078431374,1029.2892156862745,31.19058229352347,0
3257,4,0,0,37,0.0,0.0,1.0,37,1350,1000,350,0.7407407407407407,17,10,7,382.38945190339894,0.7552552552552553,0.002122288856375887,0.2317219425557366,132618.81134960108,2742.4069168108394,135361.21826641192,2991,7,611.5135135135135,33,4,20,32.647109855244885,0.6530934343434343,42.493872549019606,1030.0245098039213,31.212863933452162,0
3258,4,0,0,37,0.0,0.0,1.0,37,950,600,350,0.631578947368421,13,6,7,379.56116451594215,0.7538163163163163,-0.004293473021178329,0.23097752486100373,132776.6438989811,2679.3715157631596,135456.01541474427,2992,8,612.5135135135135,33,4,16,32.56093935790726,0.6546717171717171,42.3406862745098,1030.6372549019602,31.231431966726067,0
3259,4,0,0,37,0.0,0.0,1.0,37,600,200,400,0.3333333333333333,10,2,8,380.91090575721273,0.7536286286286287,-0.0025317757129452723,0.2321900390746139,132839.80320069194,2720.0259515570833,135559.82915224903,2993,9,613.5135135135135,33,4,16,32.46255349500713,0.6553030303030304,42.27941176470588,1030.8823529411757,31.238859180035625,0
3260,4,0,0,37,0.0,0.0,1.0,37,950,800,150,0.8421052631578947,11,8,3,383.0477564373099,0.7523148148148148,0.003294152878640544,0.23437328826079465,132980.61224489793,2787.585034013597,135768.19727891154,2994,10,614.5135135135135,34,3,16,32.265697137580794,0.6544117647058822,42.14285714285714,1031.428571428571,30.336134453781504,0
3261,4,0,0,37,0.0,0.0,1.0,37,950,500,450,0.5263157894736842,14,5,9,382.4501971756,0.7516891891891891,0.010304326944068576,0.2343927446056399,133042.0138888888,2776.388888888881,135818.40277777766,2995,11,615.5135135135135,34,3,16,32.219305331179335,0.6550245098039216,42.08333333333333,1031.6666666666658,30.343137254901936,0
3262,4,0,0,37,0.0,0.0,1.0,37,1000,600,400,0.6,14,6,8,371.5964791067176,0.7516891891891891,-0.000980287425299986,0.21627015651393658,131084.1907596371,2342.084750566885,133426.275510204,2996,12,616.5135135135135,34,3,18,34.474782996202435,0.6354166666666667,43.988095238095234,1024.0476190476184,30.1190476190476,5
3263,4,0,1,36,0.0,0.02702702702702703,0.972972972972973,37,1350,1100,250,0.8148148148148148,16,11,5,368.90448652653276,0.7539414414414415,-0.0035546177058898287,0.21555742807426126,131236.6230867347,2282.7558106575993,133519.3788973923,2997,13,617.5135135135135,34,3,18,34.38940203710159,0.6369485294117647,43.839285714285715,1024.6428571428573,30.136554621848745,0
3264,4,0,0,36,0.0,0.0,1.0,36,500,400,100,0.8,6,4,2,377.30933121249166,0.75244708994709,-0.006104531376692757,0.22009272153560464,131171.1560006968,2698.4202289984537,133869.57622969526,2998,14,632.6944444444445,33,3,18,34.24041452326833,0.6385732323232323,43.9031862745098,1024.3872549019602,31.042038027332126,0
3265,4,3,2,37,0.07692307692307693,0.05128205128205128,0.9487179487179487,39,1300,1000,300,0.7692307692307693,16,10,6,350.9656655425511,0.7782838506522717,-0.0034785120982301354,0.20862828410516684,131892.24222232937,1458.0235784306296,133350.26580076,2999,0,584.9487179487179,35,4,14,34.18744131455399,0.6413690476190477,43.20023148148148,1027.199074074074,29.348544973544968,0
3266,4,0,0,37,0.0,0.0,1.0,37,800,700,100,0.875,9,7,2,368.17261551884235,0.7604479479479479,0.005991658165571456,0.2170662772622357,131579.4706362936,2288.7915705497794,133868.26220684338,3000,1,617.5675675675676,33,4,14,34.06145484949833,0.6426767676767677,43.50490196078431,1025.9803921568619,31.0903149138443,0
3267,4,0,0,37,0.0,0.0,1.0,37,750,600,150,0.8,9,6,3,371.5305916992438,0.7604479479479479,0.004824092202733166,0.2030528417490971,128624.38303489455,2219.093429180155,130843.4764640747,3001,2,618.5675675675676,32,5,17,36.97955563853625,0.615234375,46.40151515151516,1014.3939393939406,31.699810606060645,7
3268,4,0,1,36,0.0,0.02702702702702703,0.972972972972973,37,800,600,200,0.75,10,6,4,374.49599019826223,0.7579454454454454,0.011496571198063466,0.2056658306826523,128816.57483930222,2248.258149678616,131064.83298898084,3002,3,619.5675675675676,32,5,17,36.70786691542288,0.6171875,46.21212121212122,1015.151515151516,31.723484848484876,0
3269,4,1,1,36,0.02702702702702703,0.02702702702702703,0.972972972972973,37,750,600,150,0.8,9,6,3,372.364829597409,0.7669544544544544,0.027802874329530214,0.20565681426014745,129040.97995421379,2210.0645023466914,131251.04445656048,3003,0,620.4594594594595,32,5,18,36.53276583405823,0.6194661458333334,45.99116161616161,1016.035353535353,31.75110479797978,0
3270,4,0,0,36,0.0,0.0,1.0,36,700,500,200,0.7142857142857143,9,5,4,382.16488950270735,0.7589285714285715,0.0286826842232768,0.2099886993271748,128837.60452270509,2647.4417792426216,131485.0463019477,3004,1,638.1666666666666,31,5,18,36.49173293146936,0.6199596774193548,46.19140625,1015.2343750000001,32.749495967741936,0
3271,4,3,1,38,0.07692307692307693,0.02564102564102564,0.9743589743589743,39,1550,1200,350,0.7741935483870968,19,12,7,350.8285517061563,0.7868308591992803,0.043450123141639985,0.19726614622216077,129746.60572562364,1303.762755102048,131050.36848072568,3005,0,590.0,34,5,18,36.36193230505571,0.6219362745098038,45.29761904761905,1018.8095238095242,29.96498599439777,0
3272,4,0,0,38,0.0,0.0,1.0,38,850,500,350,0.5882352941176471,12,5,7,359.31398036453515,0.7779457088667615,0.04676532448115944,0.20115771892645273,129575.43372741251,1711.652970011525,131287.08669742403,3006,1,606.5263157894736,33,5,18,36.31991253410366,0.6224747474747474,45.4656862745098,1018.1372549019607,30.852644087938202,0
3273,4,0,0,38,0.0,0.0,1.0,38,900,700,200,0.7777777777777778,11,7,4,359.9732230036226,0.7780049786628734,0.04906940073080057,0.20200793088339675,129669.02941476826,1735.475688437127,131404.5051032054,3007,2,607.5263157894736,33,5,18,36.20791220470861,0.6234217171717171,45.373774509803916,1018.5049019607835,30.86378490790253,0
3274,4,1,1,38,0.02564102564102564,0.02564102564102564,0.9743589743589743,39,1450,800,650,0.5517241379310345,21,8,13,348.5228947591785,0.7877867746288799,0.041888922813508866,0.19718937361341615,129989.2928004534,1260.8489229024808,131250.1417233559,3008,0,592.9230769230769,34,5,18,36.174264534204994,0.6243872549019608,45.0595238095238,1019.7619047619038,29.99299719887952,0
3275,4,1,0,39,0.02564102564102564,0.0,1.0,39,850,600,250,0.7058823529411765,11,6,5,349.1645140534843,0.7873369320737742,0.05889689454369296,0.1986322082933323,130201.83000283432,1292.3717403627943,131494.2017431971,3009,0,593.8974358974359,34,5,19,35.94229946731987,0.6265318627450981,44.85119047619047,1020.5952380952369,30.017507002801086,0
3276,4,2,1,40,0.04878048780487805,0.024390243902439025,0.975609756097561,41,1050,800,250,0.7619047619047619,13,8,5,334.0798977492549,0.8042174796747967,0.07019513269345445,0.19276452549928413,130751.6194403863,536.2975306387455,131287.91697102506,3010,0,565.8780487804878,36,5,17,35.77107648829186,0.6278935185185186,44.31306306306306,1022.7477477477476,28.409659659659653,0
3277,4,1,0,41,0.024390243902439025,0.0,1.0,41,1700,1400,300,0.8235294117647058,20,14,6,337.2399781667123,0.8034044715447154,0.08535378060853471,0.1959008716622098,131010.8900074062,636.4219371398542,131647.31194454606,3011,0,566.8536585365854,36,5,18,35.42835404979281,0.6304976851851851,44.05968468468469,1023.7612612612625,28.437812812812847,0
3278,4,0,0,41,0.0,0.0,1.0,41,1100,800,300,0.7272727272727273,14,8,6,336.9409968114593,0.803150406504065,0.09782372639599757,0.1966101506089701,131183.87972009167,640.2454396964488,131824.12515978812,3012,1,567.8536585365854,36,5,18,35.26139569821554,0.6322337962962963,43.890765765765764,1024.4369369369367,28.456581581581574,0
3279,4,1,0,42,0.023809523809523808,0.0,1.0,42,1000,700,300,0.7,13,7,6,327.946262958006,0.8140727835849787,0.0975646736516298,0.19295442913575697,131501.32395909424,225.15281328625892,131726.4767723805,3013,0,555.3095238095239,36,6,19,35.17191845996192,0.6354166666666666,43.58108108108108,1025.6756756756758,28.490990990990994,0
3280,4,1,2,41,0.023255813953488372,0.046511627906976744,0.9534883720930233,43,950,700,250,0.7368421052631579,12,7,5,321.4461083291166,0.8171834625322997,0.10117918202318599,0.19050768091100312,131778.07113727304,-128.0903739612155,131649.98076331182,3014,0,543.3720930232558,37,6,17,35.0602484693151,0.6362612612612613,43.31140350877193,1026.7543859649127,27.750118539592233,0
3281,4,0,0,41,0.0,0.0,1.0,41,1100,800,300,0.7272727272727273,14,8,6,339.60024892804535,0.8020833333333334,0.10357048516333522,0.20014738075120972,131565.50068587108,735.9353566529505,132301.43604252403,3015,4,570.8536585365854,35,6,17,34.80840102286403,0.638095238095238,43.51851851851852,1025.925925925926,29.312169312169317,0
3282,4,0,0,41,0.0,0.0,1.0,41,1100,800,300,0.7272727272727273,14,8,6,338.80770012506366,0.8026422764227642,0.10964058219743222,0.20030311231393777,131684.268904321,723.1288580246928,132407.3977623457,3016,5,571.8536585365854,35,6,17,34.70906630581867,0.6392857142857142,43.40277777777778,1026.3888888888891,29.325396825396833,0
3283,4,0,0,41,0.0,0.0,1.0,41,900,300,600,0.3333333333333333,15,3,12,337.202406297147,0.8019817073170732,0.1105947699837766,0.19966524324804363,131743.67310742452,684.8567172496514,132428.52982467416,3017,6,572.8536585365854,35,6,18,34.69043592634348,0.6398809523809523,43.344907407407405,1026.62037037037,29.33201058201057,0
3284,4,0,0,41,0.0,0.0,1.0,41,1450,1300,150,0.896551724137931,16,13,3,337.10461963447693,0.8015752032520325,0.11760955824970587,0.20054561688174422,131921.96609224993,694.3008401920761,132616.266932442,3018,7,573.8536585365854,35,6,18,34.513482048971014,0.6416666666666665,43.17129629629631,1027.314814814817,29.351851851851915,0
3285,4,0,0,41,0.0,0.0,1.0,41,950,800,150,0.8421052631578947,11,8,3,336.6002110617573,0.8008130081300813,0.1252667983375404,0.20071680819458348,132011.1577958893,686.9967153206733,132698.15451120998,3019,8,574.8536585365854,35,6,19,34.43670927657019,0.6425595238095236,43.084490740740755,1027.662037037039,29.361772486772544,0
3286,4,0,0,41,0.0,0.0,1.0,41,1150,700,450,0.6086956521739131,16,7,9,336.23529387611376,0.7995934959349593,0.13032841574616305,0.2011298394277118,132130.12695312515,685.3624131944592,132815.4893663196,3020,9,575.8536585365854,35,6,20,34.32645221209052,0.6437499999999998,42.96875000000001,1028.1250000000011,29.375000000000032,0
3287,4,0,0,41,0.0,0.0,1.0,41,1050,700,350,0.6666666666666666,14,7,7,334.58476360687365,0.8002032520325203,0.13121556058044792,0.2009317147931011,132278.91375171486,651.7018175583196,132930.61556927318,3021,10,576.8536585365854,35,6,20,34.2193594359436,0.6452380952380952,42.82407407407408,1028.703703703705,29.39153439153443,0
3288,4,0,0,41,0.0,0.0,1.0,41,1100,800,300,0.7272727272727273,14,8,6,332.1066353028412,0.7997967479674797,0.12601946062200486,0.19991605243585406,132368.2260186258,592.0732328103732,132960.29925143617,3022,11,577.8536585365854,35,6,20,34.193402504405206,0.6461309523809522,42.737268518518526,1029.050925925927,29.401455026455057,0
3289,4,0,0,41,0.0,0.0,1.0,41,1300,700,600,0.5384615384615384,19,7,12,331.90271946979203,0.7995426829268293,0.1341710112987844,0.20090274815253145,132576.7385223767,600.5160108024822,133177.25453317916,3023,12,578.8536585365854,35,6,20,33.98937963587322,0.6482142857142856,42.53472222222223,1029.8611111111122,29.424603174603206,0
3290,4,1,1,41,0.023809523809523808,0.023809523809523808,0.9761904761904762,42,1250,900,350,0.72,16,9,7,321.05581106965343,0.8046602787456446,0.12942820684207335,0.1960525225518847,132906.30290089283,134.06817482305033,133040.37107571587,3024,0,566.047619047619,37,5,19,33.93857223876365,0.6475225225225224,42.21491228070177,1031.1403508771948,27.868658131816076,0
3291,4,0,0,41,0.0,0.0,1.0,41,1150,900,250,0.782608695652174,14,9,5,329.9868965844318,0.7984756097560975,0.1279535373180054,0.2012678239993656,132861.99787202766,568.5436703595759,133430.54154238722,3025,14,580.8536585365854,36,5,20,33.75273074822503,0.6490162037037036,42.257882882882896,1030.9684684684703,28.638013013013065,0
3292,4,0,0,41,0.0,0.0,1.0,41,800,600,200,0.75,10,6,4,331.3790689920597,0.7983739837398374,0.12839437775179308,0.2024308295370443,132920.05423920558,609.3847648324175,133529.439004038,3026,15,581.8536585365854,36,5,20,33.658676422409094,0.6495949074074073,42.201576576576585,1031.193693693695,28.644269269269305,0
3293,4,0,0,41,0.0,0.0,1.0,41,1000,700,300,0.7,13,7,6,329.79624169723616,0.7991869918699187,0.12489381362860374,0.2017771394592512,132978.1232879842,571.1370576657964,133549.26034565,3027,16,582.8536585365854,36,5,20,33.6413181933981,0.650173611111111,42.14527027027028,1031.418918918921,28.650525525525584,0
3294,4,0,0,41,0.0,0.0,1.0,41,850,600,250,0.7058823529411765,11,6,5,329.79624169723616,0.7991869918699187,0.12489381362860374,0.2017771394592512,132978.1232879842,571.1370576657964,133549.26034565,3028,17,583.8536585365854,36,5,20,33.6413181933981,0.650173611111111,42.14527027027028,1031.418918918921,28.650525525525584,0
3295,4,1,0,42,0.023809523809523808,0.0,1.0,42,1200,900,300,0.75,15,9,6,317.4492644566324,0.8062572590011614,0.12854312902068377,0.19666827212194932,133443.89770169678,72.33343432595422,133516.23113602275,3029,0,570.9285714285714,37,5,21,33.494176483073325,0.6528716216216215,41.694078947368425,1033.2236842105272,27.924964438122355,0
3296,4,0,0,42,0.0,0.0,1.0,42,950,600,350,0.631578947368421,13,6,7,318.88191570538453,0.805095818815331,0.13036745365975166,0.19817312825048902,133559.51126379753,117.94556822745596,133677.45683202497,3030,1,571.9285714285714,36,6,21,33.34173112539493,0.6559606481481481,41.582207207207205,1033.6711711711707,28.713088088088075,0
3297,4,0,0,42,0.0,0.0,1.0,42,800,500,300,0.625,11,5,6,321.4075305859043,0.8034020518776617,0.13847793282618537,0.20037239330416548,133675.94103816643,192.89082156479833,133868.83185973123,3031,2,572.9285714285714,36,6,21,33.16023267632218,0.6571180555555556,41.46959459459459,1034.1216216216208,28.725600600600576,0
3298,4,0,0,42,0.0,0.0,1.0,42,1000,700,300,0.7,13,7,6,322.6145916708176,0.803305265195509,0.1399408974259273,0.20144221784476268,133734.1749477518,228.91924864052652,133963.09419639234,3032,3,573.9285714285714,36,6,18,33.07090364725094,0.6576967592592593,41.413288288288285,1034.3468468468468,28.731856856856854,0
3299,4,0,1,41,0.0,0.023809523809523808,0.9761904761904762,42,1550,1000,550,0.6451612903225806,21,10,11,321.85373440400116,0.8021680216802168,0.14092664092664142,0.20123856753490693,133783.99032635018,211.77537800089652,133995.76570435107,3033,4,574.9285714285714,37,5,18,33.040871754107044,0.6562500000000002,41.365131578947356,1034.5394736842086,27.960526315789423,0
3300,4,0,0,41,0.0,0.0,1.0,41,900,300,600,0.3333333333333333,15,3,12,324.2689366284531,0.8029979674796748,0.13605875529862077,0.2031156958881292,133850.6808117238,480.72358676242754,134331.40439848625,3034,5,572.780487804878,36,5,18,32.91186019516088,0.6588541666666667,41.30067567567567,1034.7972972972966,28.744369369369352,0
3301,4,0,0,41,0.0,0.0,1.0,41,950,500,450,0.5263157894736842,14,5,9,323.1449226292058,0.8038109756097561,0.1313337154259271,0.20289263174915684,133938.09349890408,456.2829721613248,134394.37647106542,3035,6,573.780487804878,36,5,18,32.85374963736582,0.6597222222222223,41.2162162162162,1035.1351351351334,28.753753753753706,0
3302,4,0,0,41,0.0,0.0,1.0,41,1100,600,500,0.5454545454545454,16,6,10,323.24756873273975,0.8008130081300813,0.13209658515371836,0.2039253180523825,134113.00447406844,470.3405263371215,134583.34500040556,3036,7,574.780487804878,36,5,18,32.67671414075522,0.6614583333333335,41.047297297297284,1035.810810810809,28.772522522522472,0
3303,4,0,0,41,0.0,0.0,1.0,41,1350,1000,350,0.7407407407407407,17,10,7,325.39962183740437,0.7993394308943089,0.134239110267651,0.20593722972130615,134229.67519884737,535.6571098124973,134765.33230865985,3037,8,575.780487804878,36,5,20,32.504709121205536,0.6626157407407408,40.934684684684676,1036.2612612612602,28.785035035035005,0
3304,4,0,0,41,0.0,0.0,1.0,41,700,500,200,0.7142857142857143,9,5,4,325.39962183740437,0.7995426829268293,0.134239110267651,0.20593722972130615,134229.67519884737,535.6571098124973,134765.33230865985,3038,9,576.780487804878,36,5,20,32.504709121205536,0.6626157407407408,40.934684684684676,1036.2612612612602,28.785035035035005,0
3305,4,1,1,41,0.023809523809523808,0.023809523809523808,0.9761904761904762,42,650,300,350,0.46153846153846156,10,3,7,317.8424107452877,0.8063540456833139,0.12886546033088697,0.20229835268027757,134437.04433094774,145.95885272389276,134583.00318367162,3039,0,564.0238095238095,37,5,21,32.494096708254034,0.6627252252252254,40.73464912280701,1037.0614035087701,28.028686581318112,0
3306,4,0,0,41,0.0,0.0,1.0,41,1450,1200,250,0.8275862068965517,17,12,5,325.5021323394597,0.7984247967479675,0.1308793889328841,0.20715612555038573,134433.97102761528,551.7088456699724,134985.67987328526,3040,11,578.780487804878,36,5,21,32.29856661961124,0.6646412037037039,40.7376126126126,1037.0495495495481,28.806931931931892,0
3307,4,0,0,41,0.0,0.0,1.0,41,700,300,400,0.42857142857142855,11,3,8,325.26792276734193,0.7980691056910569,0.13075522592823763,0.20702449620010177,134437.04433094762,545.6116305016568,134982.6559614493,3041,12,579.780487804878,37,4,21,32.30157891026997,0.6627252252252254,40.734649122807,1037.0614035087692,28.028686581318087,0
3308,4,0,0,41,0.0,0.0,1.0,41,1000,600,400,0.6,14,6,8,326.43957645186845,0.798119918699187,0.12571546434280467,0.2080942313500451,134493.90677900863,580.8267928593091,135074.73357186792,3042,13,580.780487804878,37,4,21,32.21458773784354,0.6632882882882885,40.67982456140349,1037.2807017543837,28.03461356092929,0
3309,4,0,0,41,0.0,0.0,1.0,41,800,600,200,0.75,10,6,4,337.5796354389793,0.798119918699187,0.1787909796251439,0.20786868984028745,133217.40974386365,794.2969230917402,134011.7066669554,3043,14,581.780487804878,37,4,20,33.20089838909543,0.6506193693693693,41.913377192982466,1032.3464912280715,27.90125651967761,3
3310,4,0,0,41,0.0,0.0,1.0,41,900,700,200,0.7777777777777778,11,7,4,337.55984967459744,0.7987804878048781,0.18296956464308178,0.20817296033959956,133274.0136989267,797.5912059479936,134071.6049048747,3044,15,582.780487804878,37,4,20,33.14473381473222,0.6511824324324323,41.85855263157895,1032.565789473685,27.907183499288784,0
3311,4,0,0,41,0.0,0.0,1.0,41,950,700,250,0.7368421052631579,12,7,5,347.1388099611434,0.7994918699186991,0.16352537730246808,0.20580049864926575,131790.2425229284,950.0488716740975,132740.2913946025,3045,16,583.780487804878,36,5,16,34.388480660963666,0.6383101851851851,43.29954954954955,1026.8018018018024,28.52227227227229,5
3312,4,0,0,41,0.0,0.0,1.0,41,1400,900,500,0.6428571428571429,19,9,10,350.5765140768493,0.7966971544715448,0.17855358130660326,0.20926826971742335,132050.54029959015,1058.7636200389643,133109.3039196291,3046,17,584.780487804878,36,5,17,34.037973412220154,0.6409143518518519,43.046171171171174,1027.8153153153155,28.55042542542543,0
3313,4,0,0,41,0.0,0.0,1.0,41,1000,500,500,0.5,15,5,10,355.71572359336784,0.7957317073170732,0.1852696818315389,0.21282336542643826,132137.36329234645,1200.6675594513486,133338.03085179778,3047,18,585.780487804878,36,5,17,33.8184556407448,0.6417824074074073,42.961711711711715,1028.1531531531534,28.559809809809817,0
3314,4,1,2,40,0.023809523809523808,0.047619047619047616,0.9523809523809523,42,900,600,300,0.6666666666666666,12,6,6,350.40213276148893,0.8016840882694541,0.1839354655614629,0.21126279095918143,132427.78427479876,881.1092141746251,133308.89348897338,3048,0,572.8095238095239,35,7,17,33.66282937891226,0.6467261904761903,42.67939814814816,1029.2824074074092,29.408068783068835,0
3315,4,0,0,40,0.0,0.0,1.0,40,1300,1000,300,0.7692307692307693,16,10,6,369.94705485135245,0.7897435897435897,0.19165916253939663,0.22146965197435411,132159.87761488341,1778.4314986282614,133938.30911351167,3049,38,601.975,35,5,17,33.429948971934564,0.644047619047619,42.93981481481482,1028.2407407407409,29.378306878306883,0
3316,4,0,0,40,0.0,0.0,1.0,40,900,600,300,0.6666666666666666,12,6,6,370.83725627579724,0.7893162393162393,0.19502925621694622,0.22252739341816422,132249.14969403733,1808.5823634688077,134057.73205750613,3050,39,602.975,35,5,17,33.31704080867184,0.644940476190476,42.85300925925927,1028.587962962964,29.38822751322754,0
3317,4,0,0,40,0.0,0.0,1.0,40,1800,1600,200,0.8888888888888888,20,16,4,368.4931151472526,0.7902510683760684,0.16752971137521233,0.21237029826001144,130706.03358892741,1632.8546971450542,132338.88828607247,3051,40,603.975,35,5,16,34.93739388794566,0.6294642857142857,44.357638888888886,1022.569444444444,29.216269841269828,5
3318,4,0,0,40,0.0,0.0,1.0,40,900,700,200,0.7777777777777778,11,7,4,368.4931151472526,0.7901442307692308,0.16752971137521233,0.21237029826001144,130706.03358892741,1632.8546971450542,132338.88828607247,3052,41,604.975,35,5,16,34.93739388794566,0.6294642857142857,44.357638888888886,1022.569444444444,29.216269841269828,0
3319,4,1,0,41,0.024390243902439025,0.0,1.0,41,1300,1000,300,0.7692307692307693,16,10,6,365.32441044553366,0.7982723577235772,0.17332013636863475,0.21253326066418668,131068.54056336744,1376.5074618537465,132445.0480252212,3053,0,591.1951219512196,36,5,18,34.651196891381645,0.6310763888888888,44.00337837837838,1023.9864864864867,28.444069069069073,0
3320,4,0,0,41,0.0,0.0,1.0,41,1100,800,300,0.7272727272727273,14,8,6,366.9283343157498,0.7976626016260162,0.17702371437613662,0.21362652191212733,131097.37059694825,1420.6679652625558,132518.0385622108,3054,1,592.1951219512196,36,5,18,34.58095081005792,0.6313657407407407,43.97522522522522,1024.0990990990988,28.447197197197188,0
3321,4,0,0,41,0.0,0.0,1.0,41,1400,1100,300,0.7857142857142857,17,11,6,346.6888796334861,0.7976626016260162,0.15808860129417646,0.19753203607024206,130262.5868055555,832.3209611638619,131094.90776671938,3055,2,593.1951219512196,35,6,19,35.9438775510204,0.625,44.791666666666664,1020.8333333333329,29.166666666666654,2
3322,4,0,0,41,0.0,0.0,1.0,41,900,600,300,0.6666666666666666,12,6,6,346.10515937314597,0.7973577235772358,0.1555966528723427,0.19764956771192665,130351.21588059411,823.045669367275,131174.2615499614,3056,3,594.1951219512196,35,6,19,35.86896463787827,0.6258928571428571,44.70486111111111,1021.1805555555554,29.176587301587297,0
3323,4,1,0,42,0.023809523809523808,0.0,1.0,42,950,500,450,0.5263157894736842,14,5,9,340.38691544668194,0.8040553619821913,0.15184928849319945,0.19640368272469916,130751.6194403863,501.22808619430066,131252.84752658062,3057,0,581.0238095238095,36,6,16,35.60981428466563,0.6278935185185186,44.31306306306306,1022.7477477477476,28.409659659659653,0
3324,4,0,0,42,0.0,0.0,1.0,42,750,300,450,0.4,12,3,9,341.5204472890867,0.8044183120402633,0.15355242812590086,0.1974992529357958,130838.01442912497,536.7714420501404,131374.78587117512,3058,1,582.0238095238095,36,6,16,35.49348743349844,0.6287615740740742,44.228603603603595,1023.0855855855848,28.41904404404402,0
3325,4,0,0,42,0.0,0.0,1.0,42,1100,700,400,0.6363636363636364,15,7,8,336.2194424922421,0.8029423151374371,0.14918924014832546,0.1954544227071268,131039.71370018658,411.6198969239426,131451.33359711053,3059,2,583.0238095238095,36,6,18,35.42537395512539,0.6307870370370371,44.03153153153153,1023.8738738738731,28.44094094094092,0
3326,4,0,0,42,0.0,0.0,1.0,42,1500,1100,400,0.7333333333333333,19,11,8,338.5952693436633,0.8016356949283778,0.14234153593282994,0.1975754435676268,131183.87972009153,483.64821747421286,131667.52793756576,3060,3,584.0238095238095,36,6,18,35.21902825107179,0.6322337962962965,43.89076576576576,1024.4369369369356,28.456581581581545,0
3327,4,0,0,42,0.0,0.0,1.0,42,950,600,350,0.631578947368421,13,6,7,336.9984301412872,0.8020954316686024,0.13184720041862885,0.19708777084098417,131270.4173768363,447.5849159970735,131718.00229283338,3061,4,585.0238095238095,36,6,18,35.172619047619044,0.6331018518518519,43.806306306306304,1024.7747747747746,28.465965965965964,0
3328,4,0,1,41,0.0,0.023809523809523808,0.9761904761904762,42,1000,700,300,0.7,13,7,6,334.85421151713774,0.8001355013550135,0.12483262197673506,0.1964247900548982,131385.8453047641,399.0207268078797,131784.866031572,3062,5,586.0238095238095,36,6,18,35.11116908318689,0.6342592592592593,43.69369369369369,1025.2252252252244,28.478478478478458,0
3329,4,0,0,41,0.0,0.0,1.0,41,1300,700,600,0.5384615384615384,19,7,12,333.22715613487213,0.7941565040650407,0.11415319686793701,0.19606155930726196,131501.32395909424,563.9624421719022,132065.28640126614,3063,6,584.1219512195122,36,5,18,35.03650636802809,0.6354166666666666,43.58108108108108,1025.6756756756758,28.490990990990994,0
3330,4,1,1,41,0.023809523809523808,0.023809523809523808,0.9761904761904762,42,650,200,450,0.3076923076923077,11,2,9,324.41037238783906,0.8003532713898568,0.11611846789121438,0.19226447639491936,131778.07113727307,150.03462603878535,131928.10576331185,3064,0,571.1904761904761,37,5,14,34.98415919122881,0.6362612612612613,43.31140350877193,1026.754385964913,27.75011853959224,0
3331,4,0,1,40,0.0,0.024390243902439025,0.975609756097561,41,1300,1000,300,0.7692307692307693,16,10,6,324.18626630913184,0.7996951219512195,0.11881652121388875,0.19270158266395593,131890.67790089254,351.42928593413126,132242.10718682667,3065,1,579.6341463414634,37,4,14,34.87670794192997,0.6373873873873874,43.20175438596491,1027.19298245614,27.761972498814597,0
3332,4,1,1,40,0.024390243902439025,0.024390243902439025,0.975609756097561,41,1050,700,350,0.6666666666666666,14,7,7,326.0627568612749,0.798729674796748,0.11272972403184722,0.1942488299139865,131975.16453379887,406.4371970221654,132381.60173082104,3066,0,580.4146341463414,37,4,14,34.743601714509296,0.6382319819819819,43.11951754385965,1027.5219298245615,27.77086296823139,0
3333,4,0,1,39,0.0,0.025,0.975,40,850,600,250,0.7058823529411765,11,6,5,336.4389206585042,0.7903044871794872,0.12336110502082875,0.2000649174867587,131905.89871966574,875.655638746873,132781.5543584126,3067,3,595.925,36,4,14,34.54674596214282,0.6394675925925926,43.186936936936945,1027.2522522522534,28.534784784784815,0
3334,4,0,0,39,0.0,0.0,1.0,39,650,300,350,0.46153846153846156,10,3,7,344.12082834987115,0.7836257309941521,0.12587517705894236,0.20376179889608545,131743.6731074247,1267.1483839163334,133010.82149134102,3068,4,611.8461538461538,35,4,14,34.512871101089814,0.6398809523809523,43.34490740740741,1026.6203703703713,29.33201058201061,0
3335,4,0,0,39,0.0,0.0,1.0,39,900,700,200,0.7777777777777778,11,7,4,344.12272406842607,0.7835132703553757,0.11879494115743006,0.20408133742881546,131803.0907064473,1271.28772290811,133074.37842935542,3069,5,612.8461538461538,35,4,14,34.452960625187856,0.6404761904761904,43.287037037037045,1026.8518518518529,29.338624338624367,0
3336,4,0,0,39,0.0,0.0,1.0,39,1200,900,300,0.75,15,9,6,343.09953959901065,0.783344579397211,0.11463046757164363,0.20379285906302705,131862.52170138902,1248.3940972222317,133110.91579861124,3070,6,613.8461538461538,35,4,14,34.41937119675456,0.6410714285714285,43.22916666666667,1027.0833333333344,29.345238095238127,0
3337,4,1,0,40,0.025,0.0,1.0,40,1200,1000,200,0.8333333333333334,14,10,4,336.80375420763824,0.7881143162393163,0.1139247782765791,0.20197168005110736,132224.2148187041,906.7223896193685,133130.93720832345,3071,0,599.475,36,4,16,34.21726157888972,0.6426504629629629,42.87725225225226,1028.490990990993,28.56919419419425,0
3338,4,0,0,40,0.0,0.0,1.0,40,1000,600,400,0.6,14,6,8,336.3942802510886,0.7879807692307692,0.11573790234289483,0.2018807723924734,132253.17166829002,897.8420988556276,133151.01376714563,3072,1,600.475,36,4,16,34.19868987665134,0.6429398148148147,42.84909909909911,1028.6036036036046,28.57232232232235,0
3339,4,0,0,40,0.0,0.0,1.0,40,1300,900,400,0.6923076923076923,17,9,8,337.9460035013809,0.7867521367521367,0.12116436857080282,0.20343547957810434,132369.03077063573,946.7169872575512,133315.7477578933,3073,2,601.475,36,4,17,34.04236886262494,0.6440972222222221,42.7364864864865,1029.054054054056,28.58483483483489,0
3340,4,0,0,40,0.0,0.0,1.0,40,1300,900,400,0.6923076923076923,17,9,8,341.123285287966,0.7849626068376069,0.11744942591580165,0.2064574747821607,132571.90626014528,1044.672840069804,133616.57910021508,3074,3,602.475,36,4,20,33.756834335702585,0.6461226851851851,42.539414414414416,1029.8423423423424,28.60673173173173,0
3341,4,0,0,40,0.0,0.0,1.0,40,800,500,300,0.625,11,5,6,342.5687306277554,0.7849358974358974,0.11501202711567893,0.20749229207426828,132600.90115453294,1084.9844777209637,133685.8856322539,3075,4,603.475,36,4,20,33.6905022231941,0.6464120370370371,42.51126126126126,1029.9549549549552,28.609859859859867,0
3342,4,0,0,40,0.0,0.0,1.0,40,950,700,250,0.7368421052631579,12,7,5,345.96410761742675,0.7840811965811966,0.10931147540983588,0.2101973163811057,132716.91243608456,1183.05763533802,133899.97007142258,3076,5,604.475,36,4,15,33.48656648451729,0.6475694444444446,42.39864864864864,1030.405405405404,28.622372372372336,0
3343,4,0,0,40,0.0,0.0,1.0,40,900,500,400,0.5555555555555556,13,5,8,344.1727361362416,0.7848023504273505,0.11131446678321733,0.20943277135098934,132774.93709926127,1139.5026783540134,133914.43977761528,3077,6,605.475,36,4,15,33.47446824009324,0.6481481481481483,42.342342342342334,1030.6306306306294,28.628628628628594,0
3344,4,0,0,40,0.0,0.0,1.0,40,1300,1000,300,0.7692307692307693,16,10,6,357.4875474236264,0.7825854700854701,0.1224471830985916,0.20719686422104044,130924.43795146483,1418.5517865838635,132342.9897380487,3078,7,606.475,36,4,17,34.997615903755865,0.6296296296296298,44.144144144144136,1023.4234234234223,28.428428428428397,6
3345,4,0,1,39,0.0,0.025,0.975,40,1250,1000,250,0.8,15,10,5,353.87571129217895,0.7819711538461539,0.11682012847965773,0.2060597969743735,131103.44048168664,1278.8646506617417,132382.30513234838,3079,8,607.475,37,3,17,34.90899357601714,0.6295045045045045,43.969298245614034,1024.1228070175437,27.678994784257938,0
3346,4,0,0,39,0.0,0.0,1.0,39,950,800,150,0.8421052631578947,11,8,3,362.77271291485573,0.7751349527665318,0.12058898197512047,0.21057496554253122,130982.0694850256,1703.3441380569784,132685.41362308257,3080,16,623.8461538461538,36,3,17,34.80404290429043,0.6302083333333334,44.08783783783784,1023.6486486486489,28.43468468468469,0
3347,4,0,0,39,0.0,0.0,1.0,39,850,500,350,0.5882352941176471,12,5,7,359.03264299139715,0.7746288798920378,0.1220775631861084,0.20887292531802787,131068.54056336741,1611.5769062981924,132680.1174696656,3081,17,624.8461538461538,36,3,18,34.812264012610434,0.6310763888888888,44.00337837837838,1023.9864864864865,28.44406906906907,0
3348,4,0,0,39,0.0,0.0,1.0,39,700,400,300,0.5714285714285714,10,4,6,360.2473554300234,0.7749100314889789,0.12605968339888052,0.20989427915669842,131126.20380092927,1647.5736293726086,132773.77743030188,3082,18,625.8461538461538,36,3,18,34.722833058457034,0.6316550925925927,43.94707207207207,1024.2117117117114,28.450325325325316,0
3349,4,1,0,40,0.025,0.0,1.0,40,1050,700,350,0.6666666666666666,14,7,7,356.1786666479218,0.7803685897435897,0.13322444273635714,0.20940730259280968,131472.4495399114,1365.6917052187237,132838.14124513013,3083,0,611.175,36,4,19,34.477142125105246,0.6351273148148149,43.60923423423423,1025.5630630630621,28.487862862862837,0
3350,4,0,0,40,0.0,0.0,1.0,40,1300,1000,300,0.7692307692307693,16,10,6,355.306176932663,0.779193376068376,0.12282179304290564,0.20984479522925195,131645.7436110097,1354.9091743770846,133000.6527853868,3084,1,612.175,36,4,18,34.32459124327883,0.6368634259259258,43.44031531531532,1026.2387387387391,28.50663163163164,0
3351,4,0,0,40,0.0,0.0,1.0,40,1150,1000,150,0.8695652173913043,13,10,3,353.1359254968143,0.7785790598290598,0.1216246528519549,0.20897967980411986,131721.7857898584,1303.1389465989537,133024.92473645735,3085,2,613.175,37,3,18,34.303567613757735,0.6356981981981982,43.36622807017544,1026.5350877192982,27.744191559981033,0
3352,4,1,0,41,0.024390243902439025,0.0,1.0,41,1250,800,450,0.64,17,8,9,346.3380985193764,0.7836382113821139,0.1228130655864863,0.20698541515238755,132095.80342793482,949.9618763240508,133045.76530425888,3086,0,599.1951219512196,38,3,19,34.10132162405598,0.637609649122807,43.00213675213675,1027.9914529914527,27.052406657669806,0
3353,4,1,1,41,0.023809523809523808,0.023809523809523808,0.9761904761904762,42,850,600,250,0.7058823529411765,11,6,5,341.93086864761335,0.7912069299264421,0.12145822184295407,0.2055539372874304,132317.6120334203,648.6952039930756,132966.30723741336,3087,0,585.9047619047619,39,3,19,33.9915333603321,0.6380876068376068,42.78645833333334,1028.854166666668,26.380876068376104,0
3354,4,0,0,41,0.0,0.0,1.0,41,800,400,400,0.5,12,4,8,346.6188164111898,0.7828760162601626,0.12539427980755313,0.2079065012828988,132233.1242809008,966.8978057199232,133200.02208662074,3088,2,601.1951219512196,38,3,19,33.95593123506803,0.6389802631578947,42.868589743589745,1028.5256410256416,27.066464237516882,0
3355,4,1,2,40,0.023809523809523808,0.047619047619047616,0.9523809523809523,42,800,400,400,0.5,12,4,8,340.6923680141744,0.7932394502516453,0.11836785422595586,0.20540008083166728,132426.21678064426,623.5257333674582,133049.7425140117,3089,0,587.8571428571429,37,5,19,33.91425641845105,0.6427364864864864,42.68092105263159,1029.2763157894753,27.818278805120954,0
3356,4,0,0,40,0.0,0.0,1.0,40,1050,700,350,0.6666666666666666,14,7,7,349.15417358953107,0.7798878205128205,0.10130743982494539,0.21050588038313434,132426.9793442092,1247.4865067770625,133674.46585098625,3090,4,583.35,36,4,19,33.69575127644056,0.6446759259259258,42.68018018018019,1029.2792792792802,28.591091091091116,0
3357,4,0,0,40,0.0,0.0,1.0,40,650,400,250,0.6153846153846154,9,4,5,354.79119378418574,0.7798878205128205,0.13287667560321692,0.2043500853636524,130682.67549871113,1273.0124894198182,131955.68798813096,3091,5,584.35,37,3,19,35.31132707774798,0.6252815315315314,44.38048245614035,1022.4780701754386,27.634542437174016,2
3358,4,0,0,40,0.0,0.0,1.0,40,1050,700,350,0.6666666666666666,14,7,7,354.3870789774187,0.7796207264957264,0.12623834030234748,0.204413623105899,130738.73842191833,1266.4239237072966,132005.16234562563,3092,6,585.35,37,3,19,35.26488956792109,0.6258445945945945,44.32565789473684,1022.697368421053,27.64046941678522,0
3359,4,0,0,40,0.0,0.0,1.0,40,900,800,100,0.8888888888888888,10,8,2,352.9617034469784,0.7794070512820512,0.12201596485588762,0.20448116562822177,130906.99932912065,1241.031495267788,132148.03082438844,3093,7,586.35,37,3,19,35.131053787635274,0.6275337837837838,44.16118421052632,1023.3552631578959,27.658250355618808,0
3360,4,0,0,40,0.0,0.0,1.0,40,850,500,350,0.5882352941176471,12,5,7,357.1347089362191,0.7776976495726495,0.1258514512155946,0.20750259970986168,131019.23338190599,1358.3031557787074,132377.5365376847,3094,8,587.35,37,3,20,34.91072703580736,0.6286599099099099,44.0515350877193,1023.7938596491229,27.670104314841158,0
3361,4,0,0,40,0.0,0.0,1.0,40,900,600,300,0.6666666666666666,12,6,6,353.5356401769792,0.7776442307692307,0.11942659813684586,0.20571148558335245,131075.36844269384,1267.962858764231,132343.33130145806,3095,9,588.35,37,3,20,34.946081843166645,0.629222972972973,43.99671052631579,1024.0131578947362,27.67603129445233,0
3362,4,1,0,41,0.024390243902439025,0.0,1.0,41,950,600,350,0.631578947368421,13,6,7,347.6065074103585,0.7836382113821139,0.12360262868860339,0.20374753841877372,131356.22409058549,932.2991208833357,132288.52321146883,3096,0,574.9756097560976,37,4,21,34.8142180981923,0.6320382882882883,43.72258771929824,1025.1096491228063,27.70566619250828,0
3363,4,1,1,41,0.023809523809523808,0.023809523809523808,0.9761904761904762,42,1550,1300,250,0.8387096774193549,18,13,5,341.0111029138954,0.7909649632210608,0.12804497189256692,0.2014608028653677,131656.85609796183,579.2899408283932,132236.14603879023,3097,0,562.2619047619048,38,4,18,34.680147824276474,0.6332236842105263,43.429487179487175,1026.282051282051,27.00742240215924,0
3364,4,0,0,41,0.0,0.0,1.0,41,1150,700,450,0.6086956521739131,16,7,9,351.69197578912326,0.7828252032520325,0.13890894117830954,0.20766468147699715,131637.38031173052,1059.1620739073492,132696.54238563788,3098,2,576.9756097560976,37,4,18,34.42575328560742,0.6348536036036037,43.4484649122807,1026.2061403508771,27.735301090564246,0
3365,4,0,0,41,0.0,0.0,1.0,41,850,600,250,0.7058823529411765,11,6,5,353.9284529632087,0.7807926829268292,0.13837028469611856,0.20960354870933084,131749.9269606993,1126.0095654431998,132875.9365261425,3099,3,577.9756097560976,37,4,18,34.25484620314004,0.6359797297297298,43.33881578947368,1026.644736842104,27.747155049786596,0
3366,4,0,0,41,0.0,0.0,1.0,41,700,400,300,0.5714285714285714,10,4,6,354.71173832144774,0.7816056910569106,0.13882956001708657,0.21022283023050828,131778.07113727275,1148.6457371498666,132926.71687442262,3100,4,578.9756097560976,37,4,18,34.20635768190232,0.6362612612612613,43.31140350877192,1026.7543859649104,27.750118539592172,0
3367,4,0,1,40,0.0,0.024390243902439025,0.975609756097561,41,900,700,200,0.7777777777777778,11,7,4,356.1071686158746,0.7832317073170731,0.1394784528545545,0.21167588550720234,131890.6779008924,1193.443174823004,133084.1210757154,3101,5,579.9756097560976,37,4,18,34.056984770851116,0.6373873873873874,43.201754385964904,1027.192982456139,27.761972498814565,0
3368,4,0,0,40,0.0,0.0,1.0,40,850,700,150,0.8235294117647058,10,7,3,356.1963264087501,0.7802350427350427,0.14287789104461202,0.21197515236966935,131934.82069485038,1398.9396913805808,133333.76038623095,3102,6,591.125,36,4,18,34.010194015126594,0.6397569444444444,43.15878378378379,1027.364864864866,28.537912912912944,0
3369,4,0,0,40,0.0,0.0,1.0,40,1350,700,650,0.5185185185185185,20,7,13,359.6573289073851,0.778659188034188,0.15300657174151167,0.2151816129046151,132137.36329234645,1504.8342261180157,133642.19751846447,3103,7,592.125,36,4,19,33.717141292442506,0.6417824074074073,42.961711711711715,1028.1531531531534,28.559809809809817,0
3370,4,0,0,40,0.0,0.0,1.0,40,600,400,200,0.6666666666666666,8,4,4,360.25513641886687,0.778525641025641,0.15013963421312027,0.21570423938627387,132166.31063073222,1522.7184532505635,133689.02908398278,3104,8,593.125,36,4,19,33.67260796553864,0.6420717592592592,42.933558558558566,1028.265765765767,28.56293793793797,0
3371,4,0,0,40,0.0,0.0,1.0,40,1350,1000,350,0.7407407407407407,17,10,7,361.1718832890229,0.7784989316239316,0.14727332457293052,0.21641874266373748,132195.26113951797,1549.042285528783,133744.30342504676,3105,9,594.125,36,4,19,33.61987151408965,0.642361111111111,42.90540540540541,1028.378378378379,28.566066066066085,0
3372,4,0,0,40,0.0,0.0,1.0,40,950,700,250,0.7368421052631579,12,7,5,348.6681208275496,0.7777777777777778,0.08211382113821131,0.20421989934185056,131328.12500000015,1164.1240057625346,132492.2490057627,3106,10,595.125,38,2,20,34.81537940379403,0.6299342105263157,43.75000000000001,1025.0000000000011,26.973684210526347,8
3373,4,1,1,40,0.024390243902439025,0.024390243902439025,0.975609756097561,41,800,500,300,0.625,11,5,6,338.1736735813858,0.7888719512195121,0.08468175930824384,0.19968248650146314,131637.38031173058,703.2592961295868,132340.63960786015,3107,0,581.5853658536586,37,4,15,34.772567403924924,0.6348536036036035,43.448464912280706,1026.2061403508776,27.73530109056426,0
3374,4,1,1,40,0.024390243902439025,0.024390243902439025,0.975609756097561,41,1300,900,400,0.6923076923076923,17,9,8,340.66763223359226,0.7809959349593496,0.0866485226518039,0.20204891550776397,131806.21831957917,780.4224617189974,132586.64078129816,3108,0,582.560975609756,37,4,17,34.53850774159103,0.6365427927927927,43.28399122807018,1026.86403508772,27.753082029397834,0
3375,4,0,1,39,0.0,0.025,0.975,40,1050,900,150,0.8571428571428571,12,9,3,350.37029553852125,0.7777777777777778,0.0872299001864647,0.20755854349738156,131761.33639974458,1233.0516749858243,132994.3880747304,3109,13,598.125,36,4,17,34.33466783664217,0.6380208333333333,43.327702702702716,1026.6891891891912,28.5191441441442,0
3376,4,1,0,40,0.025,0.0,1.0,40,700,500,200,0.7142857142857143,9,5,4,349.5255392742776,0.7792735042735043,0.09004056362083657,0.20776365811684236,131890.6779008927,1219.8320637119239,133110.50996460463,3110,0,598.775,37,3,19,34.2259998576715,0.6373873873873873,43.20175438596492,1027.1929824561414,27.761972498814632,0
3377,4,0,0,40,0.0,0.0,1.0,40,800,500,300,0.625,11,5,6,346.7230929757583,0.7783386752136752,0.08497504938143252,0.20676561880556832,132013.445158978,1154.422003981293,133167.86716295927,3111,1,599.775,38,2,20,34.174333783830605,0.6367872807017544,43.082264957264954,1027.67094017094,27.04397210976158,0
3378,4,1,0,41,0.024390243902439025,0.0,1.0,41,1150,900,250,0.782608695652174,14,9,5,343.3919585634903,0.7815548780487804,0.09775846746321681,0.20687271650044442,132398.00347222234,894.5598427569643,133292.5633149793,3112,0,586.1219512195122,36,5,22,33.87314439946018,0.6443865740740742,42.708333333333336,1029.1666666666674,28.587962962962983,0
3379,4,0,0,41,0.0,0.0,1.0,41,900,700,200,0.7777777777777778,11,7,4,342.9002820959738,0.7816565040650406,0.09880802685317036,0.20688610850366332,132454.43309479833,883.7324946137232,133338.16558941203,3113,1,587.1219512195122,37,4,22,33.829090328078415,0.6430180180180181,42.65350877192982,1029.38596491228,27.82124229492649,0
3380,4,0,0,41,0.0,0.0,1.0,41,850,700,150,0.8235294117647058,10,7,3,344.44317758601534,0.781910569105691,0.09844420949268606,0.2079727970646363,132482.65241468512,926.5491545475361,133409.20156923265,3114,2,588.1219512195122,37,4,22,33.76102797600028,0.6432995495495495,42.62609649122806,1029.4956140350864,27.824205784732065,0
3381,4,1,1,41,0.023809523809523808,0.023809523809523808,0.9761904761904762,42,750,300,450,0.4,12,3,9,337.56093255123074,0.7862224157955865,0.0980849666424699,0.20485211281255614,132673.03040990932,557.046373913353,133230.07678382267,3115,0,575.0952380952381,38,4,16,33.74706177192437,0.6433662280701755,42.44123931623931,1030.235042735042,27.11144849302742,0
3382,4,0,0,41,0.0,0.0,1.0,41,1700,1300,400,0.7647058823529411,21,13,8,344.3236627506208,0.7826727642276423,0.10336263669563306,0.20910940828507463,132700.54879830507,938.3878022499681,133638.93660055503,3116,4,590.1219512195122,38,3,18,33.54525266141298,0.6436403508771931,42.41452991452991,1030.3418803418792,27.114260008996823,0
3383,4,0,0,41,0.0,0.0,1.0,41,1000,700,300,0.7,13,7,6,341.7797278604185,0.7819613821138212,0.09685101096007953,0.2079685502737381,132773.48632812497,875.8572048611117,133649.3435329861,3117,5,591.1219512195122,39,2,18,33.53758169934642,0.6426282051282052,42.34375,1030.6249999999998,26.426282051282044,0
3384,4,0,0,41,0.0,0.0,1.0,41,1150,800,350,0.6956521739130435,15,8,7,340.8484167770719,0.7833841463414634,0.10193776384565933,0.20784823048938267,132854.01611328122,856.6162109375,133710.63232421872,3118,6,592.1219512195122,39,2,19,33.480789633222194,0.6434294871794872,42.265625,1030.9374999999998,26.434294871794865,0
3385,4,0,1,40,0.0,0.024390243902439025,0.975609756097561,41,1250,600,650,0.48,19,6,13,338.40311478343165,0.7825711382113821,0.10477384644566512,0.2069505398067177,132961.4271375869,798.9122178819491,133760.33935546884,3119,7,593.1219512195122,39,2,20,33.436121772211564,0.6444978632478633,42.161458333333336,1031.3541666666674,26.44497863247865,0
3386,4,0,0,40,0.0,0.0,1.0,40,1250,900,350,0.72,16,9,7,348.7804125820882,0.775133547008547,0.1161651993785604,0.2135367713050135,133003.43940618387,1277.7988941851222,134281.238300369,3120,10,608.775,38,2,20,33.126402554807534,0.6466557017543859,42.1207264957265,1031.5170940170947,27.145186684660388,0
3387,4,0,0,40,0.0,0.0,1.0,40,1600,1000,600,0.625,22,10,12,345.51317515008316,0.7736645299145299,0.11784530958790662,0.21200547939005748,133086.10586054504,1196.600600847407,134282.70646139246,3121,11,609.775,38,2,20,33.127761096155176,0.6474780701754386,42.0405982905983,1031.8376068376074,27.153621232568614,0
3388,4,0,0,40,0.0,0.0,1.0,40,650,300,350,0.46153846153846156,10,3,7,342.8526757978847,0.7735844017094017,0.12753549695740407,0.2036462279136832,131862.5217013888,1049.8993546369295,132912.42105602572,3122,12,610.775,37,3,18,34.42570993914808,0.6371058558558559,43.229166666666664,1027.0833333333326,27.759009009008988,3
3389,4,0,0,40,0.0,0.0,1.0,40,1200,800,400,0.6666666666666666,16,8,8,345.40217251406403,0.7722756410256411,0.1355869797225191,0.20561743052457282,131946.9993170974,1114.9560441674216,133061.95536126482,3123,13,611.775,37,3,18,34.27516897901104,0.6379504504504505,43.1469298245614,1027.4122807017532,27.76789947842576,0
3390,4,0,0,40,0.0,0.0,1.0,40,700,500,200,0.7142857142857143,9,5,4,347.21096843346373,0.7726495726495727,0.13390323268964077,0.20715521369362536,132031.50398439897,1168.5572724299702,133200.06125682892,3124,14,612.775,37,3,18,34.143617305025074,0.638795045045045,43.06469298245614,1027.7412280701747,27.77678994784256,0
3391,4,0,0,40,0.0,0.0,1.0,40,1650,1200,450,0.7272727272727273,21,12,9,349.26604415893036,0.7720886752136752,0.1385025597269629,0.2088468386501358,132116.03570329325,1228.7290320098462,133344.7647353031,3125,15,613.775,37,3,18,34.00570605802047,0.6396396396396395,42.98245614035088,1028.0701754385962,27.785680417259357,0
3392,4,0,0,40,0.0,0.0,1.0,40,750,500,250,0.6666666666666666,10,5,5,348.2838259542724,0.7722756410256411,0.13965508049898712,0.20872549543930483,132200.59447378042,1208.6657673514965,133409.2602411319,3126,16,614.775,37,3,18,33.94584977076448,0.6404842342342343,42.90021929824562,1028.3991228070176,27.79457088667615,0
3393,4,0,0,40,0.0,0.0,1.0,40,1000,700,300,0.7,13,7,6,347.5080709556921,0.771207264957265,0.14368805286155872,0.20888329466862618,132313.3815813518,1195.9935989919807,133509.37518034378,3127,17,615.775,37,3,19,33.85233489644392,0.6416103603603605,42.79057017543859,1028.8377192982443,27.806424845898494,0
3394,4,0,0,40,0.0,0.0,1.0,40,1250,900,350,0.72,16,9,7,347.3258043895163,0.7717147435897436,0.14625506072874472,0.20924261874197708,132398.00347222236,1197.075662703928,133595.0791349263,3128,18,616.775,36,4,20,33.77192982456142,0.6443865740740741,42.70833333333334,1029.1666666666679,28.587962962962997,0
3395,4,1,1,40,0.024390243902439025,0.024390243902439025,0.975609756097561,41,1050,700,350,0.6666666666666666,14,7,7,340.56092136415475,0.7803861788617886,0.14501212502012217,0.20640189001902376,132623.79410010765,833.2963027085173,133457.09040281616,3129,0,602.7073170731708,37,4,20,33.71921794052941,0.6447072072072072,42.489035087719294,1030.0438596491222,27.83902323376006,0
3396,4,1,0,41,0.024390243902439025,0.0,1.0,41,1000,500,500,0.5,15,5,10,345.46502800507204,0.7757621951219512,0.17517313261790002,0.21143718402366385,132991.11415291246,988.7557950523282,133979.8699479648,3130,0,603.6829268292682,37,4,18,33.22426118847667,0.648367117117117,42.13267543859649,1031.4692982456143,27.877548601232817,0
3397,4,0,0,41,0.0,0.0,1.0,41,800,700,100,0.875,9,7,2,345.9547974490699,0.7747967479674797,0.17742412068116376,0.21221868604926647,133075.9524565251,1007.6528354878373,134083.60529201292,3131,1,604.6829268292682,37,4,18,33.12654976974849,0.6492117117117117,42.050438596491226,1031.798245614035,27.886439070649597,0
3398,4,0,0,41,0.0,0.0,1.0,41,1000,800,200,0.8,12,8,4,348.9827788054731,0.7757621951219512,0.18465085553670169,0.2148903114750511,133217.40974386357,1098.116367536171,134315.52611139973,3132,2,605.6829268292682,37,4,19,32.90659851301115,0.6506193693693694,41.91337719298246,1032.3464912280708,27.901256519677588,0
3399,4,0,0,41,0.0,0.0,1.0,41,1150,600,550,0.5217391304347826,17,6,11,347.9217603829302,0.7744918699186992,0.18357808166679157,0.2148901679374964,133330.62967691984,1077.725478031701,134408.35515495154,3133,3,606.6829268292682,37,4,19,32.820517924762,0.6517454954954955,41.80372807017544,1032.7850877192984,27.913110478899956,0
3400,4,0,0,41,0.0,0.0,1.0,41,800,400,400,0.5,12,4,8,350.58769823510005,0.7747459349593496,0.1890073632352829,0.2168798755108884,133389.4359179817,1152.9390614727236,134542.3749794544,3134,4,607.6829268292682,38,3,19,32.6927551970214,0.6504934210526315,41.746794871794876,1033.0128205128212,27.184547908232137,0
3401,4,0,1,40,0.0,0.024390243902439025,0.975609756097561,41,1300,1000,300,0.7692307692307693,16,10,6,352.02881248152846,0.7738821138211383,0.18307961704739606,0.21877267906350367,133559.51126379764,1203.4105933956603,134762.92185719332,3135,5,608.6829268292682,36,5,19,32.48515633511276,0.6559606481481481,41.58220720720721,1033.6711711711716,28.7130880880881,0
3402,4,0,0,40,0.0,0.0,1.0,40,1300,800,500,0.6153846153846154,18,8,10,357.7241445180177,0.7756944444444445,0.18435270396029324,0.22162397191760103,133444.6239339069,1547.272787457096,134991.896721364,3136,6,610.55,38,2,19,32.453124461448326,0.6510416666666665,41.693376068376075,1033.2264957264968,27.19017094017097,0
3403,4,0,0,40,0.0,0.0,1.0,40,950,700,250,0.7368421052631579,12,7,5,362.7157904055467,0.7736912393162393,0.19224213048687555,0.22576906248903866,133617.71981018168,1693.057077764487,135310.77688794615,3137,7,611.55,36,4,19,32.15063718549178,0.6565393518518519,41.52590090090089,1033.8963963963952,28.71934434434431,0
3404,4,0,0,40,0.0,0.0,1.0,40,800,300,500,0.375,13,3,10,365.67653068812314,0.7735576923076923,0.19738131533101066,0.22815035719019844,133705.05640775908,1778.5602325298269,135483.6166402889,3138,8,612.55,36,4,15,31.986561774099886,0.6574074074074074,41.44144144144144,1034.234234234234,28.728728728728722,0
3405,4,0,0,40,0.0,0.0,1.0,40,800,600,200,0.75,10,6,4,370.31423432188564,0.7711271367521367,0.2005033191859833,0.23195756640653076,133850.68081172393,1913.3624756513293,135764.04328737524,3139,9,613.55,36,4,15,31.720671455000545,0.6588541666666666,41.30067567567568,1034.7972972972975,28.744369369369377,0
3406,4,0,0,40,0.0,0.0,1.0,40,1150,800,350,0.6956521739130435,15,8,7,374.06904248351395,0.7711271367521367,0.20543289101587958,0.23523876720885306,133996.38447569212,2024.7798474150036,136021.1643231071,3140,10,614.55,36,4,17,31.477503444275253,0.6603009259259258,41.15990990990992,1035.360360360362,28.760010010010053,0
3407,4,0,0,40,0.0,0.0,1.0,40,1300,600,700,0.46153846153846156,20,6,14,371.858644088965,0.7717147435897436,0.19977239042981165,0.23448442937679356,134096.12212411533,1972.9604301323732,136069.0825542477,3141,11,615.55,37,3,18,31.434822499823575,0.6593468468468466,41.06359649122808,1035.7456140350894,27.993124703651063,0
3408,4,0,0,40,0.0,0.0,1.0,40,1200,900,300,0.75,15,9,6,371.6296324870106,0.7698717948717949,0.19560721464085473,0.23561468248824396,134294.94081111517,1981.5958996999318,136276.5367108151,3142,12,616.55,37,3,19,31.24173542790649,0.6613175675675674,40.8717105263158,1036.5131578947385,28.01386913229023,0
3409,4,0,0,40,0.0,0.0,1.0,40,1050,700,350,0.6666666666666666,14,7,7,378.9602362723206,0.7693643162393162,0.20115638199237673,0.24121750908166664,134439.96006145448,2189.4798058660263,136629.4398673205,3143,13,617.55,38,2,19,30.90660519899729,0.6609100877192982,40.73183760683761,1037.0726495726497,27.291385515069727,0
3410,4,0,0,40,0.0,0.0,1.0,40,1200,900,300,0.75,15,9,6,381.05581798282225,0.7680555555555556,0.20263028996865184,0.2431136118730408,134524.42329301353,2252.2628313173477,136776.68612433088,3144,14,618.55,40,0,19,30.767739354754447,0.6583333333333332,40.650406504065046,1037.3983739837406,25.934959349593516,0
3411,4,0,0,40,0.0,0.0,1.0,40,1050,700,350,0.6666666666666666,14,7,7,377.7110723801605,0.7672008547008548,0.2030761718750005,0.24173508632330243,134638.42220598963,2170.8948948465986,136809.31710083623,3145,15,619.55,36,4,19,30.74046947337963,0.6666666666666667,40.54054054054053,1037.8378378378366,28.828828828828794,0
3412,4,0,0,40,0.0,0.0,1.0,40,1450,1000,450,0.6896551724137931,19,10,9,372.89599214837244,0.7670405982905983,0.19971701996295588,0.23935292283341345,134744.82819234405,2049.1612791292123,136793.98947147327,3146,16,620.55,38,2,19,30.759072511490693,0.6639254385964912,40.43803418803418,1038.247863247862,27.322312190733207,0
3413,4,0,0,40,0.0,0.0,1.0,40,800,400,400,0.5,12,4,8,372.43304621406605,0.7654380341880341,0.19832339024891987,0.2397876871055066,134855.7749379063,2044.949411936589,136900.7243498429,3147,17,621.55,38,2,16,30.660272234793933,0.6650219298245614,40.33119658119658,1038.6752136752134,27.333558254610878,0
3414,4,1,0,41,0.024390243902439025,0.0,1.0,41,650,400,250,0.6153846153846154,9,4,5,363.97444186971154,0.7719512195121951,0.1978591328999466,0.23587434609478694,135091.6883680554,1633.9843749999811,136725.67274305536,3148,0,607.3658536585366,39,2,17,30.64462257849031,0.6655982905982907,40.10416666666666,1039.583333333332,26.65598290598287,0
3415,4,0,0,41,0.0,0.0,1.0,41,1400,1200,200,0.8571428571428571,16,12,4,361.84221249249936,0.772510162601626,0.20088669589750463,0.23537423398942062,135227.08468967018,1586.173502604173,136813.25819227437,3149,1,608.3658536585366,39,2,17,30.565118511099993,0.6669337606837606,39.973958333333336,1040.104166666667,26.669337606837615,0
3416,4,0,0,41,0.0,0.0,1.0,41,800,600,200,0.75,10,6,4,362.3532165886981,0.7704268292682926,0.20650136586318535,0.23681297326642345,135395.59914939836,1612.2061727476894,137007.80532214604,3150,2,609.3658536585366,40,1,17,30.38399570354457,0.6669270833333334,39.81199186991869,1040.752032520324,26.018800813008102,0
3417,4,0,0,41,0.0,0.0,1.0,41,950,700,250,0.7368421052631579,12,7,5,360.0218539600245,0.7704776422764228,0.20143494427331587,0.23615774108030796,135527.84077764562,1558.596899993395,137086.437677639,3151,3,610.3658536585366,40,1,17,30.31304899472966,0.6682291666666667,39.6849593495935,1041.2601626016262,26.031504065040657,0
3418,4,0,0,41,0.0,0.0,1.0,41,1100,700,400,0.6363636363636364,15,7,8,361.5377624042025,0.769359756097561,0.206164075495765,0.23767803251319256,135607.21673813538,1605.425941073436,137212.6426792088,3152,4,611.3658536585366,40,1,17,30.194612482518615,0.6690104166666667,39.608739837398375,1041.5650406504067,26.039126016260166,0
3419,4,0,0,41,0.0,0.0,1.0,41,1050,700,350,0.6666666666666666,14,7,7,356.1294394677155,0.7682926829268293,0.19551203908680437,0.235007843828168,135742.20920138885,1468.3619569617906,137210.57115835065,3153,5,612.3658536585366,39,2,18,30.201252832200456,0.6720085470085471,39.479166666666664,1042.083333333333,26.72008547008546,0
3420,4,0,0,41,0.0,0.0,1.0,41,1050,700,350,0.6666666666666666,14,7,7,356.0496846463606,0.7675304878048781,0.1946797458032088,0.2358110855253077,135871.97110061813,1475.4344925309101,137347.40559314904,3154,6,613.3658536585366,40,1,14,30.074406212431363,0.6716145833333333,39.35467479674797,1042.581300813009,26.064532520325223,0
3421,4,0,0,41,0.0,0.0,1.0,41,1100,600,500,0.5454545454545454,16,6,10,350.7249794711933,0.7665650406504065,0.18776092096040342,0.2333241681316785,136030.94765227375,1341.8902645581345,137372.8379168319,3155,7,614.3658536585366,40,1,15,30.055406721870444,0.6731770833333333,39.202235772357724,1043.191056910569,26.079776422764223,0
3422,4,0,0,41,0.0,0.0,1.0,41,650,400,250,0.6153846153846154,9,4,5,351.2279410604682,0.7664126016260162,0.18714469992659377,0.23400761004982665,136083.9604918535,1359.2978509815678,137443.25834283506,3156,8,615.3658536585366,40,1,15,29.989691893120362,0.6736979166666666,39.15142276422765,1043.3943089430902,26.084857723577255,0
3423,4,0,0,41,0.0,0.0,1.0,41,1150,900,250,0.782608695652174,14,9,5,353.68985950045624,0.7640243902439025,0.19394445842453334,0.23688459038511672,136269.58676217878,1439.4341992200614,137709.02096139884,3157,9,616.3658536585366,40,1,16,29.741337356433718,0.6755208333333333,38.97357723577237,1044.105691056912,26.102642276422802,0
3424,4,0,0,41,0.0,0.0,1.0,41,750,300,450,0.4,12,3,9,351.96201774794133,0.7642784552845528,0.19149486677348548,0.2359040921304696,136296.11512864372,1394.2111383766367,137690.32626702037,3158,10,617.3658536585366,40,1,16,29.76013787510139,0.67578125,38.94817073170732,1044.2073170731712,26.10518292682928,0
3425,4,0,1,40,0.0,0.024390243902439025,0.975609756097561,41,1300,900,400,0.6923076923076923,17,9,8,352.1849693166039,0.7636686991869919,0.18980889604675477,0.23747659275296026,136508.43501098905,1415.2437991605764,137923.67881014963,3159,11,618.3658536585366,40,1,17,29.543907420013614,0.6778645833333332,38.744918699187004,1045.0203252032538,26.125508130081347,0
3426,4,0,0,40,0.0,0.0,1.0,40,1100,900,200,0.8181818181818182,13,9,4,361.05875062831467,0.7569177350427351,0.19833200359030578,0.2424873471232496,136367.091200087,1847.306315104186,138214.39751519117,3160,30,634.55,39,1,17,29.452249758984088,0.6781517094017093,38.88020833333334,1044.479166666668,26.78151709401713,0
3427,4,0,0,40,0.0,0.0,1.0,40,800,400,400,0.5,12,4,8,360.5305128850835,0.7552884615384615,0.20342902711323774,0.24306734578381436,136503.125,1842.708333333333,138345.83333333334,3161,31,635.55,39,1,18,29.331140350877188,0.6794871794871795,38.75,1045.0,26.794871794871796,0
3428,4,0,0,40,0.0,0.0,1.0,40,950,600,350,0.631578947368421,13,6,7,355.83779680202383,0.7539529914529914,0.19926127527216186,0.2408460035196858,136641.21885121302,1724.422053671769,138365.64090488479,3162,32,636.55,40,0,18,29.316922628304827,0.6791666666666667,38.617886178861795,1045.5284552845537,26.138211382113845,0
3429,4,0,0,40,0.0,0.0,1.0,40,1050,700,350,0.6666666666666666,14,7,7,356.9747066605644,0.7552350427350427,0.19868787969325785,0.2423517937510972,136748.15673828125,1763.1498652603236,138511.30660354157,3163,33,637.55,39,1,18,29.181294193805396,0.6818910256410257,38.515625,1045.9375,26.818910256410255,0
3430,4,0,0,40,0.0,0.0,1.0,40,850,600,250,0.7058823529411765,11,6,5,361.63545776212106,0.7547008547008547,0.20359631657541044,0.24627987615054284,136857.1302625869,1898.4781901041715,138755.60845269106,3164,34,638.55,39,1,18,28.95148913223825,0.6829594017094017,38.411458333333336,1046.3541666666672,26.82959401709403,0
3431,4,0,0,40,0.0,0.0,1.0,40,1200,1000,200,0.8333333333333334,14,10,4,359.33075690451494,0.7538995726495726,0.20519902912621357,0.2454314851536144,136960.16342785378,1842.7998380593563,138802.96326591313,3165,35,639.55,40,0,15,28.909789644012953,0.6822916666666667,38.3130081300813,1046.7479674796748,26.16869918699187,0
3432,4,0,0,40,0.0,0.0,1.0,40,1200,900,300,0.75,15,9,6,357.37180556248086,0.7533119658119658,0.20416423995340716,0.24446509567760155,137013.35700475913,1792.9421557935166,138806.29916055265,3166,36,640.55,40,0,15,28.90842393062836,0.6828125,38.26219512195122,1046.9512195121956,26.17378048780489,0
3433,4,0,0,40,0.0,0.0,1.0,40,1050,900,150,0.8571428571428571,12,9,3,358.11145755334036,0.7536324786324786,0.20786435086357402,0.2457188203425254,137119.7751421114,1820.83250710558,138940.60764921698,3167,37,641.55,40,0,15,28.78379908144123,0.6838541666666667,38.16056910569107,1047.3577235772377,26.183943089430944,0
3434,4,0,0,40,0.0,0.0,1.0,40,1600,1200,400,0.75,20,12,8,360.9163503300821,0.7531784188034188,0.21100310287986046,0.24897192782301902,137306.10628800638,1911.203751900312,139217.3100399067,3168,38,642.55,40,0,15,28.526091664242536,0.6856770833333334,37.98272357723577,1048.0691056910562,26.201727642276403,0
3435,4,0,0,40,0.0,0.0,1.0,40,1050,600,450,0.5714285714285714,15,6,9,357.3548594132822,0.7524038461538461,0.20881469276991682,0.24746224425679486,137439.27742249976,1822.9187322360958,139262.19615473587,3169,39,643.55,40,0,15,28.487836790075598,0.6869791666666667,37.855691056910565,1048.5772357723572,26.21443089430893,0
3436,4,0,0,40,0.0,0.0,1.0,40,1100,900,200,0.8181818181818182,13,9,4,361.0582866648386,0.7522970085470085,0.20873377252470426,0.2507970144653073,137545.86080540693,1932.4145680481263,139478.27537345505,3170,40,644.55,40,0,15,28.285458244526254,0.6880208333333333,37.75406504065041,1048.983739837399,26.224593495934975,0
3437,4,0,0,40,0.0,0.0,1.0,40,1150,800,350,0.6956521739130435,15,8,7,361.17479799455185,0.7522168803418804,0.20583405986631753,0.25107120806045535,137572.5131060382,1937.544926135249,139510.05803217346,3171,41,645.55,40,0,16,28.256078659304464,0.68828125,37.72865853658537,1049.0853658536596,26.22713414634149,0
3438,4,0,0,40,0.0,0.0,1.0,40,1000,800,200,0.8,12,8,4,366.2902473262964,0.7515758547008548,0.2111140699138181,0.25541386793643933,137679.14812818108,2086.1058439090602,139765.25397209014,3172,42,646.55,40,0,16,28.01656660533876,0.6893229166666666,37.62703252032521,1049.4918699187,26.237296747967502,0
3439,4,0,0,40,0.0,0.0,1.0,40,1250,800,450,0.64,17,8,9,366.5910808767951,0.7505876068376068,0.21071428571428608,0.2566137566137566,137812.5,2104.295764756428,139916.79576475642,3173,43,647.55,38,2,16,27.87698412698412,0.694078947368421,37.5,1050.0,27.63157894736842,0
3440,4,0,0,40,0.0,0.0,1.0,40,550,300,250,0.5454545454545454,8,3,5,356.16000000000025,0.7505876068376068,0.20480000000000054,0.2343157894736842,135633.68055555545,1813.3680555555457,137447.04861111098,3174,44,648.55,35,5,20,30.308333333333337,0.6785714285714286,39.58333333333333,1041.6666666666658,29.761904761904738,7
3441,4,0,0,40,0.0,0.0,1.0,40,850,700,150,0.8235294117647058,10,7,3,354.22471606844806,0.75,0.19778966709900514,0.23342500520408,135692.33929875834,1613.1160721532442,137305.45537091157,3175,45,649.55,36,4,20,30.300430537541427,0.6770833333333334,39.52702702702703,1041.8918918918928,28.941441441441466,0
3442,4,0,0,40,0.0,0.0,1.0,40,1350,1100,250,0.8148148148148148,16,11,5,366.4287663109465,0.7494925213675213,0.17667095115681186,0.22422146756510308,132983.4029212582,1761.3238150899558,134744.72673634815,3176,46,650.55,32,8,20,32.69142489900844,0.6591796875,42.14015151515152,1031.4393939393951,32.2324810606061,8
3443,4,1,0,41,0.024390243902439025,0.0,1.0,41,1100,600,500,0.5454545454545454,16,6,10,353.4870238331441,0.7551829268292682,0.17534357549981183,0.21878822400245257,133408.91273788924,1231.6639033064187,134640.57664119566,3177,0,635.6585365853658,33,8,22,32.59835903519178,0.6609848484848485,41.72794117647059,1033.0882352941176,31.305704099821746,0
3444,4,0,0,41,0.0,0.0,1.0,41,1150,700,450,0.6086956521739131,16,7,9,351.42828330175075,0.7540142276422764,0.16676738907282407,0.2184449203869026,133567.21460796334,1187.859387014617,134755.07399497795,3178,1,636.6585365853658,33,8,22,32.49296087729698,0.6625631313131313,41.57475490196079,1033.7009803921571,31.324272133095672,0
3445,4,0,1,40,0.0,0.024390243902439025,0.975609756097561,41,1000,500,500,0.5,15,5,10,350.3646886105343,0.7532012195121951,0.16969006112301255,0.21849375807320237,133687.58680555547,1167.881944444436,134855.4687499999,3179,2,637.6585365853658,34,7,22,32.39994627988182,0.6614583333333334,41.45833333333333,1034.166666666666,30.41666666666665,0
3446,4,0,0,40,0.0,0.0,1.0,40,1250,800,450,0.64,17,8,9,348.6370863315246,0.7519230769230769,0.170141700404858,0.21003258615582127,132398.0034722224,1294.4444444444644,133692.44791666686,3180,3,640.175,38,2,21,33.73819163292848,0.6406249999999998,42.70833333333334,1029.166666666668,27.08333333333337,6
3447,4,0,0,40,0.0,0.0,1.0,40,800,500,300,0.625,11,5,6,347.4482104963514,0.7504807692307692,0.1740107913669069,0.2099795706912731,132517.14677640592,1208.5691015089083,133725.71587791483,3181,4,641.175,35,5,21,33.64901828537172,0.6476190476190476,42.59259259259259,1029.6296296296289,29.417989417989396,0
3448,4,0,0,40,0.0,0.0,1.0,40,1650,1200,450,0.7272727272727273,21,12,9,339.85752940166907,0.7508547008547009,0.12605494753469504,0.20014334106890297,131535.81700370784,956.1732413837278,132491.99024509155,3182,5,642.175,35,5,20,34.83172082440108,0.6377976190476191,43.547453703703695,1025.8101851851839,29.308862433862394,5
3449,4,0,0,40,0.0,0.0,1.0,40,850,700,150,0.8235294117647058,10,7,3,337.684557705687,0.7521367521367521,0.12708121827411167,0.19917322714976116,131595.1877170137,887.5325520833088,132482.72026909702,3183,6,643.175,35,5,16,34.827622673434846,0.6383928571428572,43.48958333333332,1026.0416666666652,29.315476190476147,0
3450,4,0,0,40,0.0,0.0,1.0,40,600,200,400,0.3333333333333333,10,2,8,336.50051911572723,0.7510416666666667,0.13054803788903935,0.19893910690121774,131684.26890432087,862.36496913579,132546.63387345665,3184,7,644.175,35,5,18,34.768267929634646,0.6392857142857145,43.40277777777777,1026.388888888888,29.3253968253968,0
3451,4,0,0,40,0.0,0.0,1.0,40,900,600,300,0.6666666666666666,12,6,6,350.8099397651583,0.7510416666666667,0.1574558587479935,0.20502306986275212,131243.8457626387,1208.3291253078096,132452.17488794652,3185,8,645.175,37,3,20,34.84561708578563,0.6309121621621621,43.832236842105274,1024.6710526315803,27.693812233285954,5
3452,4,1,0,41,0.024390243902439025,0.0,1.0,41,550,300,250,0.5454545454545454,8,3,5,343.03900342822925,0.7579268292682927,0.15355294547066278,0.20195908603342275,131524.88175448225,823.6599242074631,132348.5416786897,3186,0,630.4146341463414,37,4,21,34.7611571352218,0.6337274774774774,43.558114035087726,1025.76754385965,27.723447131341892,0
3453,4,1,2,40,0.023809523809523808,0.047619047619047616,0.9523809523809523,42,1150,900,250,0.782608695652174,14,9,5,336.35439145454586,0.7672280294231514,0.1533160875964501,0.19913920810146227,131739.10307774492,462.2051692965225,132201.30824704145,3187,0,616.3809523809524,38,4,15,34.716801956499125,0.634046052631579,43.34935897435898,1026.6025641025644,27.015856950067484,0
3454,4,0,0,40,0.0,0.0,1.0,40,1350,900,450,0.6666666666666666,18,9,9,348.9937514681012,0.7512820512820513,0.15327202737382417,0.2050119072694526,131440.53939673761,1174.3853878116568,132614.92478454928,3188,11,648.175,37,3,22,34.69355930995154,0.6328828828828827,43.64035087719299,1025.4385964912294,27.71455666192512,0
3455,4,0,1,39,0.0,0.025,0.975,40,1300,1100,200,0.8461538461538461,15,11,4,348.97894414194405,0.7515491452991453,0.14785408872260808,0.20545613734725537,131524.88175448216,1179.8828726146494,132704.76462709683,3189,12,649.175,37,3,22,34.608832175307306,0.6337274774774775,43.55811403508772,1025.7675438596493,27.723447131341874,0
3456,4,0,0,39,0.0,0.0,1.0,39,1150,900,250,0.782608695652174,14,9,5,353.3280144830196,0.7475258659469186,0.15363231450140225,0.20867648710199346,131645.7436110097,1502.8258410437504,133148.56945205346,3190,13,652.1794871794872,36,3,18,34.37534291671238,0.6368634259259258,43.44031531531532,1026.2387387387391,28.50663163163164,0
3457,4,0,0,39,0.0,0.0,1.0,39,850,600,250,0.7058823529411765,11,6,5,351.9466614399632,0.7478070175438597,0.15546629763391473,0.20833414062900676,131732.4334469605,1472.5580310039795,133204.99147796448,3191,14,653.1794871794872,36,3,18,34.32335088489102,0.6377314814814814,43.35585585585586,1026.5765765765768,28.516016016016025,0
3458,4,1,0,40,0.025,0.0,1.0,40,1400,1200,200,0.8571428571428571,16,12,4,341.0530408042027,0.755048076923077,0.1487841296928325,0.20393579786863536,132116.03570329322,1011.7151431209436,133127.75084641416,3192,0,637.825,37,3,20,34.21679465301478,0.6396396396396395,42.98245614035087,1028.0701754385957,27.785680417259343,0
3459,4,1,1,40,0.024390243902439025,0.024390243902439025,0.975609756097561,41,800,600,200,0.75,10,6,4,333.8955368180263,0.7663617886178862,0.14392573535369912,0.20100511316445177,132370.51647308053,639.5849313317211,133010.10140441224,3193,0,623.2439024390244,38,3,21,34.14508063399778,0.6403508771929824,42.73504273504273,1029.0598290598286,27.080521817363913,0
3460,4,1,0,41,0.024390243902439025,0.0,1.0,41,850,600,250,0.7058823529411765,11,6,5,334.1850766852554,0.7634146341463415,0.14968700485726938,0.2019303648696619,132510.87474030457,656.6342209123409,133167.50896121692,3194,0,624.219512195122,37,4,23,33.99671636492724,0.6435810810810811,42.59868421052631,1029.6052631578937,27.827169274537667,0
3461,4,0,1,40,0.0,0.024390243902439025,0.975609756097561,41,850,300,550,0.35294117647058826,14,3,11,329.94314630119595,0.7620934959349593,0.14054699567751427,0.20011722785666447,132652.03145438974,553.5257242613061,133205.55717865104,3195,1,625.219512195122,37,4,16,33.96432056058189,0.6449887387387387,42.46162280701754,1030.1535087719292,27.841986723565654,0
3462,4,1,2,39,0.024390243902439025,0.04878048780487805,0.9512195121951219,41,750,500,250,0.6666666666666666,10,5,5,328.23312459285347,0.7685467479674797,0.12663416709691022,0.19998182788706523,132821.51870046556,519.2844192443894,133340.80311970995,3196,0,615.3170731707318,37,4,17,33.83848792681629,0.6466779279279279,42.29714912280702,1030.8114035087722,27.859767662399246,0
3463,4,0,0,39,0.0,0.0,1.0,39,1050,900,150,0.8571428571428571,12,9,3,343.0114756212123,0.7508434547908233,0.1579729283591942,0.19685141334911935,130542.57079101253,1155.5199676823509,131698.0907586949,3197,5,647.8205128205128,37,2,16,35.75420243204577,0.6238738738738739,44.517543859649116,1021.9298245614028,27.61972498814602,6
3464,4,0,0,39,0.0,0.0,1.0,39,1100,800,300,0.7272727272727273,14,8,6,338.37017749501706,0.7504498425551057,0.1583671583671591,0.19475083549157618,130654.64854570616,1041.9273237919156,131696.57586949808,3198,6,648.8205128205128,37,2,16,35.75942013442015,0.625,44.407894736842096,1022.3684210526299,27.631578947368375,0
3465,4,0,0,39,0.0,0.0,1.0,39,700,600,100,0.8571428571428571,8,6,2,336.2485620305456,0.7489316239316239,0.153956106786296,0.19409199174634423,130766.77439212028,994.0279701446191,131760.8023622649,3199,7,649.8205128205128,37,2,16,35.70031089193825,0.6261261261261263,44.29824561403507,1022.8070175438567,27.64343290659072,0
3466,4,0,0,39,0.0,0.0,1.0,39,900,800,100,0.8888888888888888,10,8,2,352.89566005620696,0.7489316239316239,0.1573798159331241,0.1909826791064854,128232.43694540905,1288.346210559457,129520.7831559685,3200,8,650.8205128205128,35,4,17,37.85245971888926,0.6044642857142857,46.78819444444445,1012.8472222222231,28.938492063492088,8
3467,4,2,1,40,0.04878048780487805,0.024390243902439025,0.975609756097561,41,750,400,350,0.5333333333333333,11,4,7,340.00589187911396,0.7724085365853659,0.16183904652964864,0.18617837416859873,128700.23108071712,551.7673707294533,129251.99845144658,3201,0,620.0243902439024,37,4,16,37.70171457387797,0.6052927927927928,46.32675438596491,1014.69298245614,27.42413466097676,0
3468,4,0,1,39,0.0,0.025,0.975,40,750,400,350,0.5333333333333333,11,4,7,345.97503028687333,0.7637553418803419,0.16215031083481346,0.18911062335098036,128629.57552146746,900.5242573654764,129530.09977883294,3202,1,636.525,36,4,16,37.62234495263468,0.6064814814814815,46.3963963963964,1014.4144144144148,28.178178178178186,0
3469,4,0,0,39,0.0,0.0,1.0,39,900,500,400,0.5555555555555556,13,5,8,356.28974849632107,0.7572537112010796,0.1738077054749425,0.19452754305752423,128584.3611352239,1362.6579378858157,129947.01907310971,3203,2,653.5897435897435,35,4,16,37.406923998630624,0.6080357142857142,46.44097222222223,1014.2361111111121,28.978174603174633,0
3470,4,0,0,39,0.0,0.0,1.0,39,1100,800,300,0.7272727272727273,14,8,6,359.4194549523312,0.7584345479082322,0.17302429838484845,0.1973085850755369,128800.98637488855,1458.716064037027,130259.70243892558,3204,3,654.5897435897435,36,3,16,37.10639930478514,0.6082175925925926,46.227477477477485,1015.0900900900914,28.196946946946984,0
3471,4,1,1,39,0.025,0.025,0.975,40,950,600,350,0.631578947368421,13,6,7,351.18002408513803,0.7716880341880342,0.16482300884955747,0.1939233672927824,129034.22807979376,1062.8486649738313,130097.07674476759,3205,0,639.2,37,3,17,37.07775739261816,0.6086711711711712,45.997807017543856,1016.0087719298243,27.4596965386439,0
3472,4,2,0,41,0.04878048780487805,0.0,1.0,41,950,600,350,0.631578947368421,13,6,7,345.22208102750875,0.7746951219512195,0.17415443824625765,0.19225513011844098,129368.65790435523,732.2916666666699,130100.9495710219,3206,0,624.560975609756,37,4,19,36.888787094919884,0.6120495495495495,45.66885964912281,1017.324561403509,27.495258416311056,0
3473,4,0,0,41,0.0,0.0,1.0,41,1100,900,200,0.8181818181818182,13,9,4,345.41116597468556,0.7757113821138212,0.1788302563051487,0.1929065248241294,129480.23069598335,744.7834910741731,130225.01418705753,3207,1,625.560975609756,37,4,18,36.77054154995331,0.6131756756756757,45.55921052631579,1017.7631578947365,27.50711237553342,0
3474,4,0,1,40,0.0,0.024390243902439025,0.975609756097561,41,1000,800,200,0.8,12,8,4,346.6301517000832,0.7758130081300812,0.18133627539829544,0.1940000577778946,129563.94184989603,782.1537636580377,130346.09561355406,3208,2,626.560975609756,37,4,18,36.65443816190989,0.6140202702702702,45.47697368421052,1018.0921052631571,27.516002844950194,0
3475,4,1,0,41,0.024390243902439025,0.0,1.0,41,1150,800,350,0.6956521739130435,15,8,7,352.6082268149329,0.7806910569105691,0.1926965761263295,0.19833145542157124,129759.37307633119,950.8444906124989,130710.21756694368,3209,0,627.4878048780488,37,4,19,36.30363036303631,0.6159909909909909,45.28508771929825,1018.8596491228071,27.53674727358938,0
3476,4,1,1,41,0.023809523809523808,0.023809523809523808,0.9761904761904762,42,600,300,300,0.5,9,3,6,345.3871476952564,0.7886904761904762,0.18865735542881135,0.19514680582923805,129935.60209155166,575.6173980933632,130511.21948964502,3210,0,613.5238095238095,38,4,19,36.30868175626113,0.615953947368421,45.11217948717949,1019.5512820512824,26.83029689608638,0
3477,4,0,0,41,0.0,0.0,1.0,41,850,500,350,0.5882352941176471,12,5,7,351.73457184801066,0.7798272357723577,0.19868946377138497,0.1986894318981049,129927.00277970156,939.9637388427354,130866.9665185443,3211,2,629.4878048780488,37,4,20,36.1556248655625,0.6176801801801801,45.120614035087726,1019.5175438596501,27.554528212422976,0
3478,4,0,0,41,0.0,0.0,1.0,41,1450,800,650,0.5517241379310345,21,8,13,353.86558890773813,0.7776422764227642,0.21131568873203266,0.20046636467842763,130038.81602993235,1003.2524430594112,131042.06847299176,3212,3,630.4878048780488,37,4,20,35.987780405647534,0.6188063063063062,45.010964912280706,1019.9561403508777,27.566382171645344,0
3479,4,0,0,41,0.0,0.0,1.0,41,1350,1000,350,0.7407407407407407,17,10,7,354.18129976205034,0.775660569105691,0.21058535536999456,0.201221683491187,130150.67737188369,1019.3872152970168,131170.0645871807,3213,4,631.4878048780488,37,4,20,35.866197435346365,0.6199324324324323,44.901315789473685,1020.3947368421057,27.57823613086772,0
3480,4,2,2,41,0.046511627906976744,0.046511627906976744,0.9534883720930233,43,1200,800,400,0.6666666666666666,16,8,8,337.7313290477653,0.7915282392026578,0.20992200263234717,0.1948714059982086,130751.6194403863,231.9279169114441,130983.54735729775,3214,0,603.0697674418604,36,7,18,35.67771415987667,0.6278935185185186,44.31306306306306,1022.7477477477476,28.409659659659653,0
3481,4,0,0,41,0.0,0.0,1.0,41,850,600,250,0.7058823529411765,11,6,5,350.9982950250916,0.7833333333333333,0.20300681404391785,0.20187691623445791,130627.42524092946,970.0007086167525,131597.42594954622,3215,1,610.609756097561,34,7,20,35.46421916851056,0.6308210784313726,44.434523809523796,1022.2619047619028,30.0665266106442,0
3482,4,0,0,41,0.0,0.0,1.0,41,1300,900,400,0.6923076923076923,17,9,8,351.78498947792104,0.7830284552845529,0.20814749411607747,0.20296741736768417,130749.15143140577,999.1177721088272,131748.2692035146,3216,2,611.609756097561,34,7,20,35.32087843867613,0.632046568627451,44.31547619047618,1022.7380952380942,30.08053221288512,0
3483,4,2,1,42,0.046511627906976744,0.023255813953488372,0.9767441860465116,43,1350,900,450,0.6666666666666666,18,9,9,313.77272454498205,0.802048726467331,0.15668418476988855,0.18339764060302968,131248.05908203137,-363.5877821180409,130884.47129991332,3217,0,584.1162790697674,39,4,18,35.79015028294535,0.627403846153846,43.82812500000001,1024.687500000001,26.274038461538485,3
3484,4,0,1,41,0.0,0.023809523809523808,0.9761904761904762,42,1000,700,300,0.7,13,7,6,314.59343530221173,0.7953687572590011,0.11098603142324492,0.18362174695532665,131194.69536675359,-145.3776041666617,131049.31776258693,3218,1,599.0238095238095,39,3,18,35.82284782240297,0.6268696581196581,43.880208333333336,1024.4791666666674,26.2686965811966,3
3485,4,0,0,41,0.0,0.0,1.0,41,1700,1200,500,0.7058823529411765,22,12,10,321.97900225609794,0.7832317073170731,0.11018100583676405,0.18751462427867308,131109.19922017696,242.8818303017233,131352.08105047868,3219,5,614.609756097561,38,3,18,35.7198431740733,0.6277412280701753,43.963675213675224,1024.1452991453007,26.95119208277107,0
3486,4,1,2,40,0.023809523809523808,0.047619047619047616,0.9523809523809523,42,850,500,350,0.5882352941176471,12,5,7,315.6190098486349,0.7915698799845141,0.10607820363917919,0.18486256291134348,131328.12500000015,-110.06944444442883,131218.0555555557,3220,0,600.952380952381,39,3,18,35.66226287262874,0.6282051282051282,43.75000000000001,1025.0000000000011,26.28205128205131,0
3487,4,0,0,40,0.0,0.0,1.0,40,950,500,450,0.5263157894736842,14,5,9,330.702644635743,0.7769230769230769,0.12249518304431617,0.19284794670331534,131159.59357686984,674.9648930440169,131834.55846991387,3221,7,631.65,37,3,19,35.44565760365374,0.6300675675675675,43.91447368421053,1024.3421052631581,27.684921763869138,0
3488,4,0,0,40,0.0,0.0,1.0,40,850,600,250,0.7058823529411765,11,6,5,330.3370634148057,0.7764957264957265,0.11540025684931465,0.19291684503424655,131215.75869498317,669.0856802093024,131884.84437519248,3222,8,632.65,37,3,20,35.39838398972603,0.6306306306306306,43.85964912280702,1024.5614035087726,27.69084874348034,0
3489,4,0,0,40,0.0,0.0,1.0,40,700,400,300,0.5714285714285714,10,4,6,329.8875429342643,0.7760950854700854,0.11594361827324295,0.19307820061406197,131300.0289151471,662.8487852031532,131962.87770035025,3223,9,633.65,37,3,20,35.32494829000393,0.6314752252252251,43.77741228070176,1024.890350877194,27.699739212897132,0
3490,4,0,0,40,0.0,0.0,1.0,40,1050,800,250,0.7619047619047619,13,8,5,332.5144886911886,0.7740117521367521,0.12432295192958698,0.19566689234935655,131506.13667052457,745.545170415663,132251.68184094023,3224,10,634.65,35,5,23,35.04993229519294,0.6375000000000001,43.57638888888888,1025.6944444444434,29.305555555555525,0
3491,4,0,0,40,0.0,0.0,1.0,40,1000,600,400,0.6,14,6,8,329.9197588289075,0.7737179487179487,0.12282179304290541,0.19485150759610076,131645.7436110097,686.5063965993055,132332.25000760902,3225,11,635.65,36,4,15,34.975904385676124,0.6368634259259259,43.44031531531532,1026.2387387387391,28.50663163163164,0
3492,4,1,0,41,0.024390243902439025,0.0,1.0,41,650,300,350,0.46153846153846156,10,3,7,339.02976183849955,0.7798780487804878,0.09527210356706983,0.19363502435916502,130356.43029423784,729.6597326702883,131086.09002690812,3226,0,621.1219512195122,33,8,22,36.044316772670896,0.6303661616161615,44.69975490196079,1021.2009803921572,30.945484254307797,6
3493,4,0,0,41,0.0,0.0,1.0,41,250,100,150,0.4,4,1,3,339.64782328477287,0.7795731707317073,0.09885437546636999,0.19430093391067849,130419.01139285388,659.3066669069767,131078.31805976084,3227,1,622.1219512195122,33,8,22,35.965181963607264,0.6309974747474746,44.63848039215687,1021.446078431374,30.952911467617394,0
3494,4,2,1,42,0.046511627906976744,0.023255813953488372,0.9767441860465116,43,1400,1200,200,0.8571428571428571,16,12,4,319.5448082950149,0.7946659283868586,0.09637185383768254,0.18525659879662557,130935.0533337183,-232.07669667587098,130702.97663704243,3228,0,594.1395348837209,37,6,21,35.957699450039286,0.6278153153153152,44.133771929824576,1023.4649122807036,27.661213845424424,0
3495,4,1,1,42,0.023255813953488372,0.023255813953488372,0.9767441860465116,43,900,700,200,0.7777777777777778,11,7,4,317.85507495798515,0.794342930970838,0.09663877780797447,0.18484969893187683,131054.49631090666,-268.73265030314957,130785.76366060351,3229,0,595.1162790697674,38,5,21,35.88054744017809,0.6271929824561402,44.017094017094024,1023.9316239316247,26.94556905083223,0
3496,4,0,0,42,0.0,0.0,1.0,42,1400,1100,300,0.7857142857142857,17,11,6,324.90850445923286,0.7878193960511034,0.09371030683296344,0.18850347353181748,130963.11034404834,110.20566424285998,131073.3160082912,3230,2,610.2857142857143,37,5,21,35.792157650419576,0.6280968468468466,44.106359649122815,1023.5745614035102,27.664177335230004,0
3497,4,0,1,41,0.0,0.023809523809523808,0.9761904761904762,42,1050,700,350,0.6666666666666666,14,7,7,324.67022175803555,0.7896583430120016,0.09008450761690479,0.1886400659959417,131019.2333819062,107.60871133427747,131126.84209324047,3231,3,611.2857142857143,37,5,21,35.74165060154939,0.6286599099099097,44.05153508771931,1023.7938596491247,27.670104314841208,0
3498,4,1,0,42,0.023809523809523808,0.0,1.0,42,950,500,450,0.5263157894736842,14,5,9,321.4061620379057,0.7900212930700735,0.09667522831050257,0.18770119863013723,131215.75869498326,34.7106802093158,131250.46937519257,3232,0,611.8571428571429,37,5,23,35.62714041095892,0.6306306306306304,43.85964912280703,1024.5614035087733,27.69084874348036,0
3499,4,0,0,42,0.0,0.0,1.0,42,650,500,150,0.7692307692307693,8,5,3,321.7080460934951,0.7899003097173829,0.10018853983540987,0.18801511511843122,131243.84576263872,44.44023641892093,131288.28599905764,3233,1,612.8571428571429,37,5,23,35.59111378633851,0.6309121621621621,43.832236842105274,1024.6710526315806,27.69381223328596,0
3500,4,0,1,41,0.0,0.023809523809523808,0.9761904761904762,42,1550,1200,350,0.7741935483870968,19,12,7,322.95900247344997,0.7883517228029423,0.10696950639382097,0.18960197501075485,131417.1157648532,88.5222262565652,131505.63799110975,3234,2,613.8571428571429,35,7,25,35.384566542499165,0.6366071428571429,43.663194444444436,1025.3472222222208,29.295634920634882,0
3501,4,0,0,41,0.0,0.0,1.0,41,950,700,250,0.7368421052631579,12,7,5,329.77245510447295,0.7810975609756098,0.10880615015226724,0.19345194750433242,131387.448827589,465.592313957455,131853.04114154645,3235,3,629.0243902439024,35,6,25,35.239802062166035,0.636309523809524,43.69212962962962,1025.2314814814802,29.292328042328005,0
3502,4,1,0,42,0.023809523809523808,0.0,1.0,42,1050,800,250,0.7619047619047619,13,8,5,322.44147703323785,0.7856174990321332,0.11216652559641327,0.19057922319590992,131674.63705259314,91.47289181072904,131766.10994440387,3236,0,615.0238095238095,36,6,20,35.13870602004241,0.6371527777777779,43.41216216216216,1026.3513513513515,28.509759759759763,0
3503,4,0,0,42,0.0,0.0,1.0,42,650,500,150,0.7692307692307693,8,5,3,323.35912613917475,0.7846012388695316,0.10991763163530166,0.19155718992923046,131761.33639974435,121.24611943024019,131882.58251917458,3237,1,616.0238095238095,36,6,21,35.02796972688382,0.6380208333333335,43.3277027027027,1026.6891891891894,28.51914414414415,0
3504,4,0,0,42,0.0,0.0,1.0,42,1300,1200,100,0.9230769230769231,14,12,2,326.56761584217753,0.7840447154471545,0.11840552928033743,0.1941949016761631,131905.8987196655,215.23897208017652,132121.13769174568,3238,2,617.0238095238095,36,6,21,34.800253964773816,0.6394675925925927,43.18693693693693,1027.2522522522515,28.534784784784765,0
3505,4,0,0,42,0.0,0.0,1.0,42,1050,600,450,0.5714285714285714,15,6,9,324.8989471898834,0.7845528455284553,0.1152681682871568,0.1939874350928641,132059.67821829783,181.2100838719417,132240.88830216977,3239,3,618.0238095238095,37,5,22,34.6885890050494,0.6390765765765766,43.037280701754376,1027.8508771929814,27.779753437648147,0
3506,4,0,0,42,0.0,0.0,1.0,42,1000,900,100,0.9,11,9,2,326.60335241247355,0.7831494386372435,0.11850949334957916,0.1958784811783246,132228.78674207424,237.2730070790793,132466.05974915333,3240,4,619.0238095238095,37,5,23,34.474946695095944,0.6407657657657658,42.87280701754385,1028.5087719298226,27.797534376481693,0
3507,4,0,0,42,0.0,0.0,1.0,42,1350,1100,250,0.8148148148148148,16,11,5,329.09038184383087,0.7836575687185443,0.11976819713392639,0.1979605220014426,132341.58587257602,310.4686057248246,132652.05447830085,3241,5,620.0238095238095,37,5,23,34.29774083546463,0.6418918918918919,42.763157894736835,1028.9473684210514,27.809388335704092,0
3508,4,0,0,42,0.0,0.0,1.0,42,800,500,300,0.625,11,5,6,329.6234981724005,0.7824477351916377,0.12386736070946536,0.19857805865508052,132398.00347222234,328.33467990151325,132726.33815212385,3242,6,621.0238095238095,34,8,23,34.227395411605926,0.6485906862745099,42.708333333333336,1029.1666666666674,30.269607843137276,0
3509,4,0,0,42,0.0,0.0,1.0,42,1100,800,300,0.7272727272727273,14,8,6,331.09712501101774,0.782326751838947,0.1274778644112593,0.19995306823291084,132489.90929705222,373.4056122449015,132863.31490929713,3243,7,622.0238095238095,34,8,23,34.097238282454505,0.6495098039215685,42.61904761904762,1029.5238095238099,30.280112044817937,0
3510,4,0,0,42,0.0,0.0,1.0,42,850,600,250,0.7058823529411765,11,6,5,328.14676709558296,0.7829316686024003,0.04244622444480006,0.19047243238324252,130981.34901258688,196.22124565973198,131177.57025824662,3244,8,623.0238095238095,39,3,17,35.690889895186736,0.624732905982906,44.08854166666667,1023.645833333334,26.247329059829077,7
3511,4,0,0,42,0.0,0.0,1.0,42,1050,800,250,0.7619047619047619,13,8,5,330.5739794202353,0.7815040650406504,0.046189991764762794,0.1922806045976873,131061.33355034734,265.09331597223206,131326.42686631955,3245,9,624.0238095238095,39,3,19,35.54806714140387,0.625534188034188,44.01041666666667,1023.9583333333343,26.255341880341906,0
3512,4,0,1,41,0.0,0.023809523809523808,0.9761904761904762,42,1050,600,450,0.5714285714285714,15,6,9,331.2213758258457,0.7818912117692606,0.049023025232866724,0.19346160645029786,131221.37586805547,292.66493055555065,131514.04079861104,3246,10,625.0238095238095,39,3,20,35.37006913379423,0.6271367521367521,43.854166666666664,1024.5833333333328,26.27136752136751,0
3513,4,0,0,41,0.0,0.0,1.0,41,1050,800,250,0.7619047619047619,13,8,5,338.12280231433687,0.7782520325203252,0.05611833355364859,0.18928596010674492,129573.74762854121,562.5413420177513,130136.28897055896,3247,15,641.0243902439024,36,5,15,36.86101279357004,0.6160300925925923,45.46734234234237,1018.1306306306348,28.28140640640652,2
3514,4,0,0,41,0.0,0.0,1.0,41,1000,700,300,0.7,13,7,6,340.886233132066,0.7791666666666667,0.060239534520041715,0.1915314822927126,129717.10519641287,643.7550726402415,130360.86026905311,3248,16,642.0243902439024,36,5,15,36.64511017761075,0.6174768518518516,45.32657657657659,1018.6936936936956,28.2970470470471,0
3515,4,0,1,40,0.0,0.024390243902439025,0.975609756097561,41,1150,700,450,0.6086956521739131,16,7,9,341.65729528964636,0.7794207317073171,0.055702917771882854,0.19224597063312984,129774.47041636269,667.6789120201665,130442.14932838286,3249,17,643.0243902439024,36,5,16,36.567243221338046,0.6180555555555554,45.27027027027029,1018.9189189189219,28.303303303303387,0
3516,4,2,0,42,0.047619047619047616,0.0,1.0,42,1000,600,400,0.6,14,6,8,334.5114546334711,0.7823993418505614,0.07819273271036176,0.19073856117141869,130292.12648158861,318.6742426039354,130610.80072419255,3250,0,627.7142857142857,35,7,19,36.224752484601154,0.6252976190476189,44.76273148148148,1020.9490740740737,29.169973544973534,0
3517,4,1,1,42,0.023255813953488372,0.023255813953488372,0.9767441860465116,43,1100,900,200,0.8181818181818182,13,9,4,326.8972397234769,0.7900978220745662,0.07128947287504994,0.18777970555254928,130578.91506371251,-62.82261991719946,130516.0924437953,3251,0,614.0930232558139,36,7,17,36.129168503011606,0.6261574074074073,44.48198198198199,1022.0720720720733,28.390890890890926,0
3518,4,0,0,42,0.0,0.0,1.0,42,800,600,200,0.75,10,6,4,335.54769012636694,0.781431475029036,0.07796155734300125,0.19220502665447373,130469.43486636221,355.74350030006286,130825.17836666227,3252,2,629.7142857142857,35,7,21,36.0188673010838,0.6270833333333334,44.58912037037037,1021.6435185185178,29.189814814814795,0
3519,4,0,0,42,0.0,0.0,1.0,42,850,600,250,0.7058823529411765,11,6,5,335.770287896841,0.7801490514905149,0.07435150730733975,0.1927731886950001,130558.13426997582,367.5084662208263,130925.64273619665,3253,3,630.7142857142857,35,7,17,35.9234616836542,0.6279761904761906,44.5023148148148,1021.9907407407394,29.19973544973541,0
3520,4,0,0,42,0.0,0.0,1.0,42,900,500,400,0.5555555555555556,13,5,8,331.96606720261957,0.7796167247386759,0.07105667394292192,0.19131899567743926,130706.03358892744,277.9935860339451,130984.02717496139,3254,4,631.7142857142857,35,7,18,35.871179966044124,0.6294642857142857,44.357638888888886,1022.5694444444442,29.216269841269835,0
3521,4,0,0,42,0.0,0.0,1.0,42,950,600,350,0.631578947368421,13,6,7,332.305497594784,0.7784310878823074,0.07311520285380202,0.19180820916035954,130765.21675936632,290.8000846621964,131056.01684402852,3255,5,632.7142857142857,35,7,19,35.802709252763,0.6300595238095239,44.29976851851851,1022.8009259259251,29.222883597883573,0
3522,4,0,0,42,0.0,0.0,1.0,42,1350,1100,250,0.8148148148148148,16,11,5,331.6114094473345,0.7783826945412311,0.07439701754669548,0.19170132427109138,130824.41332572431,276.5736186128061,131100.9869443371,3256,6,633.7142857142857,35,7,19,35.7606676848814,0.630654761904762,44.24189814814814,1023.0324074074063,29.229497354497322,0
3523,4,0,0,42,0.0,0.0,1.0,42,950,600,350,0.631578947368421,13,6,7,331.39408943784736,0.7783826945412311,0.08775101632244464,0.1907357092542277,130654.64854570635,259.6356571252634,130914.28420283162,3257,7,634.7142857142857,37,5,18,35.93772343772343,0.625,44.4078947368421,1022.3684210526314,27.631578947368418,1
3524,4,0,0,42,0.0,0.0,1.0,42,1150,400,750,0.34782608695652173,19,4,15,330.6858225528664,0.778552071234998,0.08641994219948379,0.19060420155303018,130710.70545744828,244.83543013233287,130955.5408875806,3258,8,635.7142857142857,37,5,18,35.899188648223614,0.6255630630630631,44.35307017543859,1022.5877192982442,27.637505926979575,0
3525,4,0,0,42,0.0,0.0,1.0,42,1400,1000,400,0.7142857142857143,18,10,8,328.8317256162917,0.7790118079752226,0.08763844230082185,0.19008674101610887,130822.8553497228,203.74105493995944,131026.59640466276,3259,9,636.7142857142857,37,5,18,35.83333333333332,0.6266891891891893,44.24342105263157,1023.026315789472,27.649359886201946,0
3526,4,2,0,44,0.045454545454545456,0.0,1.0,44,1100,700,400,0.6363636363636364,15,7,8,315.6124229849826,0.7927898167723749,0.09762897342365862,0.1849909101124563,131355.50356353648,-507.5403922392243,130847.96317129725,3260,0,608.7272727272727,38,6,21,35.63487927740142,0.6302083333333333,43.7232905982906,1025.106837606838,26.976495726495738,0
3527,4,0,0,44,0.0,0.0,1.0,44,1350,800,550,0.5925925925925926,19,8,11,313.4647737249932,0.7924815010570825,0.10043303233431233,0.18437121637373258,131488.330078125,-556.6080729166663,130931.72200520833,3261,1,609.7272727272727,39,5,21,35.5563172862076,0.6298076923076923,43.59375,1025.625,26.298076923076923,0
3528,4,0,1,43,0.0,0.022727272727272728,0.9772727272727273,44,1350,1000,350,0.7407407407407407,17,10,7,315.34311551734095,0.7898387949260043,0.10703804874447442,0.1861261252822842,131621.90890842007,-498.7874348958374,131123.12147352422,3262,2,610.7272727272727,39,5,16,35.37384106520489,0.6311431623931625,43.463541666666664,1026.1458333333328,26.31143162393161,0
3529,4,0,0,43,0.0,0.0,1.0,43,1250,700,550,0.56,18,7,11,315.35935655253877,0.7847914359542266,0.0839625490788285,0.18678977272727276,131755.55555555542,-289.9305555555646,131465.62499999985,3263,3,605.7674418604652,39,4,17,35.23910984848486,0.6324786324786326,43.33333333333333,1026.6666666666656,26.3247863247863,0
3530,4,1,1,43,0.022727272727272728,0.022727272727272728,0.9772727272727273,44,500,100,400,0.2,9,1,8,313.74396363682695,0.7932522903453136,0.10367458800620244,0.18351474067945273,131276.0468305903,-562.5865473593697,130713.46028323092,3264,0,592.9772727272727,40,4,20,35.7627181673939,0.6260416666666666,43.800813008130085,1024.79674796748,25.619918699187004,1
3531,4,0,0,43,0.0,0.0,1.0,43,1050,700,350,0.6666666666666666,14,7,7,311.9241844669914,0.7870985603543743,0.03059987671394171,0.1810958103824789,130989.8015091053,-428.20194246147224,130561.59956664382,3265,1,607.6744186046511,40,3,17,36.09752969985771,0.6231770833333332,44.08028455284554,1023.67886178862,25.5919715447155,4
3532,4,0,0,43,0.0,0.0,1.0,43,1450,1200,250,0.8275862068965517,17,12,5,310.054083999763,0.7871908453303802,0.02411662754926569,0.180497689454975,131093.85456945284,-470.76300069401975,130623.09156875883,3266,2,608.6744186046511,40,3,17,36.0406122854024,0.6242187499999999,43.97865853658537,1024.0853658536596,25.60213414634149,0
3533,4,0,0,43,0.0,0.0,1.0,43,1350,1000,350,0.7407407407407407,17,10,7,307.28535852872426,0.7885751199704688,0.041201554235476445,0.1784026176633919,130989.80150910554,-549.7503759335818,130440.05113317196,3267,3,609.6744186046511,40,3,20,36.21624640127072,0.623177083333333,44.080284552845555,1023.678861788622,25.591971544715552,2
3534,4,0,0,43,0.0,0.0,1.0,43,1050,800,250,0.7619047619047619,13,8,5,308.0244075143618,0.7891288298265042,0.04079635293438755,0.1790736241031277,131041.82287535569,-527.1840298432992,130514.6388455124,3268,4,610.6744186046511,40,3,20,36.14495450785776,0.6236979166666664,44.02947154471547,1023.8821138211415,25.597052845528538,0
3535,4,0,0,43,0.0,0.0,1.0,43,1400,1200,200,0.8571428571428571,16,12,4,306.7313278464667,0.7876522702104097,0.037122563053221924,0.1790479742918495,131197.94894118956,-551.4957821071697,130646.45315908239,3269,5,611.6744186046511,40,3,20,36.02093872962335,0.6252604166666664,43.87703252032522,1024.4918699187028,25.61229674796757,0
3536,4,0,0,43,0.0,0.0,1.0,43,1100,800,300,0.7272727272727273,14,8,6,307.5226444121427,0.7874215577703949,0.04028396004025714,0.17976238789660595,131251.87119118506,-527.4154974489545,130724.4556937361,3270,6,612.6744186046511,41,2,21,35.946425113757385,0.6242378048780486,43.82440476190477,1024.7023809523828,24.992740998838606,0
3537,4,0,0,43,0.0,0.0,1.0,43,700,500,200,0.7142857142857143,9,5,4,307.5226444121427,0.7874215577703949,0.04028396004025714,0.17976238789660595,131251.87119118506,-527.4154974489545,130724.4556937361,3271,7,613.6744186046511,41,2,21,35.946425113757385,0.6242378048780486,43.82440476190477,1024.7023809523828,24.992740998838606,0
3538,4,0,0,43,0.0,0.0,1.0,43,850,600,250,0.7058823529411765,11,6,5,309.5135938955092,0.7874215577703949,0.04500341037248479,0.1811662854693773,131302.70460325354,-472.00560200930386,130830.69900124424,3272,8,614.6744186046511,41,2,21,35.84428338657118,0.6247459349593495,43.774801587301596,1024.900793650795,24.99758033294622,0
3539,4,1,0,44,0.022727272727272728,0.0,1.0,44,850,700,150,0.8235294117647058,10,7,3,302.23161345712305,0.7914684637068359,0.0475777269034785,0.17801297424197102,131541.7534722226,-848.7773407973901,130692.97613142521,3273,0,601.6818181818181,39,5,23,35.79068507988085,0.6303418803418802,43.541666666666686,1025.8333333333364,26.303418803418882,0
3540,4,0,1,43,0.0,0.022727272727272728,0.9772727272727273,44,850,500,350,0.5882352941176471,12,5,7,303.20351264908294,0.7906316067653277,0.05035813511293252,0.17871043662961242,131568.46923828154,-821.5955946180255,130746.87364366352,3274,1,602.6818181818181,39,5,15,35.73892865603953,0.6306089743589742,43.515625000000014,1025.9375000000023,26.3060897435898,0
3541,4,1,2,42,0.022727272727272728,0.045454545454545456,0.9545454545454546,44,700,500,200,0.7142857142857143,9,5,4,302.40678388826495,0.7935165609584215,0.05634779164190884,0.1785791639592811,131640.8109012496,-838.1851493819513,130802.62575186766,3275,0,603.6363636363636,40,4,17,35.68672839506171,0.6296874999999998,43.44512195121953,1026.2195121951247,25.655487804878117,0
3542,4,0,0,42,0.0,0.0,1.0,42,1200,800,400,0.6666666666666666,16,8,8,312.27842829887294,0.7858352690669764,0.05037860192499366,0.18408899612977753,131574.6348002958,-182.4159681130928,131392.21883218273,3276,1,622.4761904761905,38,4,17,35.4999739664688,0.6324013157894737,43.50961538461538,1025.9615384615379,26.998987854251,0
3543,4,0,0,42,0.0,0.0,1.0,42,1500,1300,200,0.8666666666666667,17,13,4,314.2805649051499,0.7860046457607434,0.05015387360064216,0.1860703603310897,131739.1030777449,-119.39205292571299,131619.71102481917,3277,2,623.4761904761905,38,4,17,35.283328129878214,0.634046052631579,43.34935897435897,1026.602564102564,27.015856950067473,0
3544,4,0,0,42,0.0,0.0,1.0,42,800,500,300,0.625,11,5,6,315.98791249007445,0.7861982191250484,0.042534167521164123,0.18762148256745415,131848.80566741526,-67.4742265688015,131781.33144084646,3278,3,624.4761904761905,38,4,18,35.12929539859218,0.6351425438596492,43.242521367521356,1027.0299145299132,27.027103013945084,0
3545,4,0,0,42,0.0,0.0,1.0,42,1250,1000,250,0.8,15,10,5,315.37482940011535,0.7859804490902051,0.041128241689689204,0.18793526079122086,131985.99810979585,-74.987672583857,131911.01043721198,3279,4,625.4761904761905,38,4,19,35.00727802037846,0.636513157894737,43.10897435897434,1027.5641025641,27.041160593792107,0
3546,4,0,0,42,0.0,0.0,1.0,42,1000,700,300,0.7,13,7,6,316.4381874299794,0.7864643825009678,0.03737961615741736,0.18911603971746926,132095.8034279345,-39.96867923153363,132055.83474870297,3280,5,626.4761904761905,38,4,20,34.869742950183614,0.6376096491228072,43.002136752136735,1027.9914529914502,27.052406657669742,0
3547,4,1,0,43,0.023255813953488372,0.0,1.0,43,850,400,450,0.47058823529411764,13,4,9,311.5933714697832,0.7908822443706164,0.03992091140193965,0.18771600671472277,132398.00347222202,-349.13194444446856,132048.87152777755,3281,0,612.8837209302326,39,4,21,34.6912955465587,0.6388888888888891,42.70833333333332,1029.166666666665,26.388888888888843,0
3548,4,0,1,42,0.0,0.023255813953488372,0.9767441860465116,43,650,200,450,0.3076923076923077,11,2,9,309.4070087969865,0.7905131044665928,0.036798960970513495,0.18693024908003736,132505.23003472207,-400.390625000019,132104.83940972204,3282,1,613.8837209302326,39,4,22,34.640159179819236,0.6399572649572651,42.60416666666666,1029.5833333333321,26.39957264957262,0
3549,4,1,0,43,0.023255813953488372,0.0,1.0,43,950,600,350,0.631578947368421,13,6,7,309.7082141996839,0.7938815060908084,0.046285843305486685,0.18764674154451394,132612.49999999974,-385.7638888889175,132226.73611111083,3283,0,614.1162790697674,39,4,23,34.525013484358134,0.6410256410256412,42.499999999999986,1029.999999999998,26.41025641025636,0
3550,4,0,1,42,0.0,0.023255813953488372,0.9767441860465116,43,700,400,300,0.5714285714285714,10,4,6,309.5104435341123,0.7936046511627907,0.052447135452502014,0.18815562934267963,132738.13950029726,-383.23191387403585,132354.9075864232,3284,1,615.1162790697674,40,3,16,34.40438034188034,0.6406250000000002,42.378048780487795,1030.4878048780474,25.762195121951187,0
3551,4,0,0,42,0.0,0.0,1.0,42,1200,800,400,0.6666666666666666,16,8,8,316.4693317099771,0.7851577622919086,0.0521566022020985,0.19215458317638934,132692.98095703125,-1.3481987847218306,132691.63275824653,3285,4,630.7380952380952,39,3,18,34.270317291814116,0.6418269230769231,42.421875,1030.3125,26.41826923076923,0
3552,4,0,0,42,0.0,0.0,1.0,42,950,700,250,0.7368421052631579,12,7,5,317.72336544016264,0.784867402245451,0.055465696185469815,0.19305402524165158,132719.81336805545,33.637152777768165,132753.45052083323,3286,5,631.7380952380952,39,3,18,34.21114705485915,0.6420940170940173,42.39583333333333,1030.4166666666658,26.42094017094015,0
3553,4,0,1,41,0.0,0.023809523809523808,0.9761904761904762,42,1000,900,100,0.9,11,9,2,318.3145883535453,0.7841173054587689,0.05569353992481463,0.19355170390790544,132746.6484917533,51.0389539930361,132797.68744574633,3287,6,632.7380952380952,39,3,18,34.16904629536035,0.6423611111111112,42.36979166666666,1030.520833333332,26.423611111111075,0
3554,4,0,0,41,0.0,0.0,1.0,41,1000,800,200,0.8,12,8,4,327.5146963212055,0.7808434959349594,0.05636923824123152,0.19860985546723636,132645.51487508198,488.67110453646933,133134.18597961846,3288,13,649.0243902439024,38,3,18,34.033395561086905,0.643092105263158,42.46794871794871,1030.1282051282035,27.108636977057987,0
3555,4,0,0,41,0.0,0.0,1.0,41,1000,800,200,0.8,12,8,4,326.33464311660185,0.7796239837398374,0.05171925423111512,0.19818459056778998,132700.54879830498,460.9572466943973,133161.50604499938,3289,14,650.0243902439024,38,3,19,34.00862366929351,0.6436403508771931,42.4145299145299,1030.3418803418786,27.114260008996805,0
3556,4,0,0,41,0.0,0.0,1.0,41,800,700,100,0.875,9,7,2,330.22209334162693,0.7797256097560976,0.05017103762827824,0.20098754160673005,132783.12108490372,569.5840410183081,133352.70512592202,3290,15,651.0243902439024,38,3,19,33.8257143844373,0.6444627192982457,42.334401709401696,1030.6623931623913,27.12269455690503,0
3557,4,0,1,40,0.0,0.024390243902439025,0.975609756097561,41,1200,900,300,0.75,15,9,6,342.5611476738872,0.7797256097560976,0.024962665398011064,0.19964338740118878,131136.55495516464,784.4577534881894,131921.01270865282,3291,16,652.0243902439024,38,3,17,35.16524112513472,0.6280153508771931,43.936965811965806,1024.252136752136,26.95400359874042,5
3558,4,0,0,40,0.0,0.0,1.0,40,1100,900,200,0.8181818181818182,13,9,4,346.913072063161,0.7708333333333334,0.02553538922796883,0.20185801744534937,131075.36844269375,1094.351747653106,132169.72019034685,3292,32,668.925,37,3,17,35.115621765356735,0.629222972972973,43.99671052631578,1024.0131578947355,27.67603129445231,0
3559,4,0,0,40,0.0,0.0,1.0,40,550,400,150,0.7272727272727273,7,4,3,349.5648434720288,0.7704861111111111,0.02996681652751021,0.20384736377750887,131159.5935768697,1169.7565597106677,132329.35013658035,3293,33,669.925,37,3,17,34.96262399200743,0.6300675675675677,43.91447368421052,1024.342105263157,27.68492176386911,0
3560,4,0,0,40,0.0,0.0,1.0,40,950,700,250,0.7368421052631579,12,7,5,348.93579664735836,0.769150641025641,0.03197674418604657,0.20364853037440758,131191.27498584622,1155.4664100737746,132346.74139592,3294,34,670.925,38,2,17,34.946727152640186,0.6285635964912281,43.883547008547005,1024.4658119658113,26.959626630679246,0
3561,4,0,0,40,0.0,0.0,1.0,40,950,500,450,0.5263157894736842,14,5,9,348.33762971776065,0.7708066239316239,0.027235772357723675,0.20402632597754536,131328.12499999988,1149.4482339834756,132477.57323398336,3295,35,671.925,36,4,19,34.823848238482384,0.6336805555555556,43.74999999999999,1024.999999999999,28.472222222222197,0
3562,4,2,1,41,0.047619047619047616,0.023809523809523808,0.9761904761904762,42,1000,700,300,0.7,13,7,6,332.55548849532533,0.7858836624080526,0.04522720069725028,0.19788697879771341,131931.11257213826,374.88311783184196,132305.9956899701,3296,0,640.8809523809524,38,4,16,34.62111758180811,0.6359649122807017,43.162393162393165,1027.3504273504277,27.03553756185336,0
3563,4,0,0,41,0.0,0.0,1.0,41,950,600,350,0.631578947368421,13,6,7,339.78950492166393,0.7776422764227642,0.04484304932735439,0.20167734493639453,131834.3685076178,759.1869613727376,132593.55546899053,3297,1,657.5121951219512,37,4,16,34.53270695423162,0.6368243243243243,43.256578947368425,1026.973684210527,27.75604551920343,0
3564,4,1,0,42,0.023809523809523808,0.0,1.0,42,1450,1000,450,0.6896551724137931,19,10,9,334.9140061347831,0.7856658923732095,0.061328760954657335,0.2003031374167198,132123.2618913911,449.9861887281951,132573.2480801193,3298,0,642.8333333333334,38,4,17,34.36731442031245,0.6378837719298245,42.97542735042736,1028.0982905982921,27.055218173639265,0
3565,4,0,0,42,0.0,0.0,1.0,42,950,700,250,0.7368421052631579,12,7,5,340.5896689644943,0.7852061556329849,0.054985049081799575,0.19625428787833704,130699.20562358478,531.9092884798146,131231.1149120646,3299,1,643.8333333333334,38,4,18,35.657628948559875,0.6236293859649122,44.364316239316246,1022.5427350427364,26.909019343229904,5
3566,4,0,2,40,0.0,0.047619047619047616,0.9523809523809523,42,1000,800,200,0.8,12,8,4,339.4712954436822,0.7853755323267518,0.052259591950421846,0.1960252221096391,130781.15297866914,479.2894842574472,131260.44246292658,3300,2,644.8333333333334,38,4,18,35.60337023884131,0.6244517543859648,44.28418803418804,1022.863247863249,26.91745389113813,0
3567,4,1,0,41,0.024390243902439025,0.0,1.0,41,700,400,300,0.5714285714285714,10,4,6,335.4076754942154,0.7852642276422764,0.08501465857730328,0.19505747341848056,131054.49631090659,591.336794141281,131645.83310504787,3301,0,657.560975609756,38,3,19,35.431230870895945,0.6271929824561404,44.01709401709402,1023.9316239316241,26.945569050832216,0
3568,4,1,1,41,0.023809523809523808,0.023809523809523808,0.9761904761904762,42,700,300,400,0.42857142857142855,11,3,8,330.6380533136398,0.7951267905536198,0.08266409135576569,0.19325528998492428,131248.05908203125,279.1205512152776,131527.17963324653,3302,0,642.8809523809524,39,3,19,35.35810799362949,0.6274038461538461,43.828125,1024.6875,26.27403846153846,0
3569,4,0,0,41,0.0,0.0,1.0,41,900,700,200,0.7777777777777778,11,7,4,336.0331982579765,0.7847052845528455,0.08980310264047486,0.19611821899547985,131191.27498584622,616.9247434071085,131808.19972925333,3303,2,659.560975609756,38,3,19,35.27718392602637,0.6285635964912281,43.883547008547005,1024.4658119658113,26.959626630679246,0
3570,4,0,0,41,0.0,0.0,1.0,41,1050,900,150,0.8571428571428571,12,9,3,334.4363445202821,0.7857723577235772,0.08814666188576159,0.19546489825070223,131246.006430802,578.6869247205632,131824.69335552256,3304,3,660.560975609756,38,3,19,35.26287665519757,0.6291118421052633,43.8301282051282,1024.6794871794862,26.965249662618056,0
3571,4,0,1,40,0.0,0.024390243902439025,0.975609756097561,41,1450,1200,250,0.8275862068965517,17,12,5,332.7375888378128,0.7844512195121951,0.08812211557777117,0.19503220802788132,131356.22409058534,541.4563386651698,131897.6804292505,3305,4,661.560975609756,37,4,19,35.195274895710774,0.6320382882882885,43.72258771929823,1025.1096491228052,27.70566619250825,0
3572,4,0,0,40,0.0,0.0,1.0,40,1100,900,200,0.8181818181818182,13,9,4,336.17559519213273,0.778258547008547,0.09650702987697768,0.19719991099414763,131385.84530476402,833.7429490300868,132219.58825379412,3306,5,678.925,36,4,19,35.077301186291734,0.6342592592592595,43.69369369369368,1025.2252252252235,28.478478478478433,0
3573,4,1,1,40,0.024390243902439025,0.024390243902439025,0.975609756097561,41,1150,800,350,0.6956521739130435,15,8,7,328.27526160178326,0.7860772357723578,0.09659693434879069,0.19412411395162896,131693.64762474963,446.3533250615251,132140.00094981116,3307,0,663.3414634146342,37,4,16,34.96988836662751,0.6354166666666667,43.39364035087718,1026.4254385964887,27.74122807017537,0
3574,4,0,0,40,0.0,0.0,1.0,40,1200,1000,200,0.8333333333333334,14,10,4,334.5354712114087,0.7775641025641026,0.09775869636782653,0.19757755989303732,131645.74361100953,808.0341743770691,132453.7777853866,3308,7,680.925,36,4,16,34.857483814331175,0.636863425925926,43.44031531531531,1026.2387387387378,28.506631631631606,0
3575,4,0,0,40,0.0,0.0,1.0,40,950,700,250,0.7368421052631579,12,7,5,332.6481907342311,0.7775908119658119,0.10091028734371621,0.19720976613229635,131790.24252292822,767.9571463355176,132558.19966926373,3309,8,681.925,36,4,16,34.76045550924911,0.6383101851851853,43.299549549549546,1026.801801801801,28.52227227227225,0
3576,4,0,0,40,0.0,0.0,1.0,40,1050,900,150,0.8571428571428571,12,9,3,330.44783010156976,0.7779113247863247,0.09782894736842151,0.19620339912280707,131848.0642804967,713.7813489164813,132561.84562941318,3310,9,682.925,36,4,16,34.75877192982456,0.638888888888889,43.24324324324324,1027.0270270270269,28.528528528528525,0
3577,4,0,0,40,0.0,0.0,1.0,40,950,700,250,0.7368421052631579,12,7,5,340.96505926693004,0.7779647435897435,0.139139811601388,0.19957240990754446,131302.08462431433,953.8846131601664,132255.9692374745,3311,10,683.925,40,0,19,35.0390431333664,0.6263020833333333,43.775406504065046,1024.8983739837406,25.622459349593516,4
3578,4,0,0,40,0.0,0.0,1.0,40,750,500,250,0.6666666666666666,10,5,5,344.3079322713486,0.775934829059829,0.13758205689277947,0.2020992798781727,131410.26925131454,1049.1247809518184,132459.39403226637,3312,11,684.925,38,2,19,34.84422215275605,0.6307565789473686,43.669871794871774,1025.3205128205097,26.982118758434467,0
3579,4,0,0,40,0.0,0.0,1.0,40,1650,1100,550,0.6666666666666666,22,11,11,342.9565171224513,0.7755074786324786,0.14668072477350869,0.2021738142373785,131574.63480029567,1024.8756985535579,132599.5104988492,3313,12,685.925,38,2,15,34.71311048630636,0.6324013157894738,43.50961538461537,1025.9615384615367,26.998987854250966,0
3580,4,1,1,40,0.024390243902439025,0.024390243902439025,0.975609756097561,41,500,400,100,0.8,6,4,2,334.93213697396124,0.7826219512195122,0.14223436208799112,0.19866191373581873,131809.03320312497,629.4162326388881,132438.44943576385,3314,0,670.170731707317,39,2,15,34.6829140461216,0.6330128205128206,43.28125,1026.8749999999998,26.3301282051282,0
3581,4,0,0,40,0.0,0.0,1.0,40,1150,1000,150,0.8695652173913043,13,10,3,341.73694101539104,0.7750267094017094,0.1415077594076477,0.20284072856536628,131835.77609591992,1010.6309678819201,132846.40706380183,3315,14,687.925,39,1,18,34.48129036075327,0.6332799145299146,43.25520833333332,1026.979166666665,26.332799145299102,0
3582,4,0,1,39,0.0,0.025,0.975,40,1000,700,300,0.7,13,7,6,343.84388642911415,0.7741185897435897,0.15356635911994365,0.20466700373267036,131942.7747938366,1073.5432942708132,133016.31808810742,3316,15,688.925,39,1,18,34.31944726080637,0.6343482905982908,43.15104166666666,1027.3958333333317,26.343482905982864,0
3583,4,1,1,39,0.025,0.025,0.975,40,900,600,300,0.6666666666666666,12,6,6,336.1253967296014,0.7831196581196581,0.14571095807170398,0.2016343965557765,132237.24500868045,889.6592881944337,133126.90429687488,3317,0,675.725,39,1,19,34.22160893930187,0.6372863247863249,42.86458333333333,1028.5416666666658,26.372863247863226,0
3584,4,1,1,39,0.025,0.025,0.975,40,950,500,450,0.5263157894736842,14,5,9,333.85753543354406,0.7823183760683761,0.1385676251331205,0.20173244901679416,132510.87474030483,848.1461242882554,133359.0208645931,3318,0,651.825,37,3,20,34.00514731984381,0.643581081081081,42.59868421052632,1029.6052631578957,27.82716927453772,0
3585,4,0,0,39,0.0,0.0,1.0,39,1000,600,400,0.6,14,6,8,343.22796291996485,0.7807579847053532,0.14357663356385197,0.20708381207536178,132454.43309479833,1292.413050169277,133746.8461449676,3319,2,669.5384615384615,37,2,20,33.82065757704873,0.6430180180180181,42.65350877192982,1029.38596491228,27.82124229492649,0
3586,4,0,0,39,0.0,0.0,1.0,39,1300,1000,300,0.7692307692307693,16,10,6,337.56093255123074,0.7804206027890239,0.13541907641254314,0.20485211281255614,132673.03040990932,1157.0463739133509,133830.07678382267,3320,3,670.5384615384615,38,1,17,33.74706177192438,0.6433662280701755,42.44123931623931,1030.235042735042,27.11144849302742,0
3587,4,0,0,39,0.0,0.0,1.0,39,850,400,450,0.47058823529411764,13,4,9,337.6677655527042,0.7790148448043185,0.1352633887626118,0.2052177440929951,132728.07004026952,1163.5981673241245,133891.66820759364,3321,4,671.5384615384615,38,1,17,33.689087610160705,0.6439144736842106,42.38782051282051,1030.4487179487176,27.117071524966253,0
3588,4,0,0,39,0.0,0.0,1.0,39,1150,800,350,0.6956521739130435,15,8,7,335.3339955435046,0.7795209176788125,0.13819051414906336,0.20454949791370533,132865.71905361957,1110.8784882021937,133976.59754182177,3322,5,672.5384615384615,38,1,17,33.611183074265966,0.6452850877192983,42.2542735042735,1030.982905982905,27.131129104813294,0
3589,4,0,1,38,0.0,0.02564102564102564,0.9743589743589743,39,1050,700,350,0.6666666666666666,14,7,7,335.274197616654,0.7791835357624831,0.1341492565855531,0.20511641975862946,132975.88962853368,1116.6769395134631,134092.56656804716,3323,6,673.5384615384615,38,1,18,33.50230474414751,0.6463815789473685,42.14743589743589,1031.410256410255,27.142375168690922,0
3590,4,0,0,38,0.0,0.0,1.0,38,1200,1000,200,0.8333333333333334,14,10,4,344.73993803024484,0.767425320056899,0.1397931891178088,0.21083380085256712,132962.84072983993,1567.5202947060643,134530.361024546,3324,23,692.1052631578947,37,1,19,33.27131618116097,0.6480855855855856,42.16008771929825,1031.3596491228068,27.874585111427212,0
3591,4,0,0,38,0.0,0.0,1.0,38,950,700,250,0.7368421052631579,12,7,5,345.46502800507176,0.7674845898530109,0.140883328764134,0.21143718402366393,132991.1141529126,1588.7557950523417,134579.86994796494,3325,24,693.1052631578947,37,1,19,33.22426118847667,0.648367117117117,42.1326754385965,1031.4692982456154,27.87754860123285,0
3592,4,0,0,38,0.0,0.0,1.0,38,1500,1200,300,0.8,18,12,6,348.62765277446914,0.7672771455666193,0.1435681213232829,0.21418299398911894,133132.5263542628,1682.736034164357,134815.26238842716,3326,25,694.1052631578947,37,1,19,33.00086768664117,0.6497747747747746,41.99561403508772,1032.0175438596489,27.89236605026078,0
3593,4,0,0,38,0.0,0.0,1.0,38,1250,900,350,0.72,16,9,7,350.26081279826604,0.7651137980085349,0.15347104620423324,0.21600563681213303,133274.01369892663,1736.1328726146605,135010.1465715413,3327,26,695.1052631578947,37,1,19,32.81686931436056,0.6511824324324323,41.85855263157895,1032.5657894736846,27.907183499288774,0
3594,4,0,0,38,0.0,0.0,1.0,38,1250,1000,250,0.8,15,10,5,351.78438611437934,0.7636024182076814,0.15376019667001883,0.2174415299998328,133358.94217451522,1782.718721144969,135141.6608956602,3328,27,696.1052631578947,37,1,19,32.692409766454354,0.652027027027027,41.776315789473685,1032.8947368421052,27.916073968705547,0
3595,4,0,0,38,0.0,0.0,1.0,38,1100,900,200,0.8181818181818182,13,9,4,352.6752789796979,0.7616761498340445,0.14911707185584078,0.21883036072999923,133501.3153990139,1816.5708222213057,135317.8862212352,3329,28,697.1052631578947,36,2,19,32.5267425810904,0.6553819444444444,41.638513513513516,1033.4459459459463,28.706831831831842,0
3596,4,0,0,38,0.0,0.0,1.0,38,1050,800,250,0.7619047619047619,13,8,5,351.8546997593518,0.7615872451398767,0.15588808622864359,0.21883645960642617,133588.61395178965,1800.7563306549837,135389.37028244464,3330,29,698.1052631578947,36,2,19,32.460511982570814,0.65625,41.554054054054056,1033.783783783784,28.71621621621622,0
3597,4,0,0,38,0.0,0.0,1.0,38,1150,700,450,0.6086956521739131,16,7,9,353.49239613366154,0.761972498814604,0.1540487125644272,0.21105972747496457,132059.67821829792,1736.4184172052894,133796.0966355032,3331,30,699.1052631578947,37,1,20,33.95384396557854,0.6390765765765766,43.03728070175438,1027.8508771929824,27.77975343764817,2
3598,4,0,0,38,0.0,0.0,1.0,38,850,600,250,0.7058823529411765,11,6,5,349.92537597719553,0.7619428639165481,0.14825113214852892,0.20970927164793063,132200.59447378034,1652.0685451292616,133852.6630189096,3332,31,700.1052631578947,37,1,20,33.90364555567403,0.6404842342342343,42.90021929824561,1028.399122807017,27.794570886676134,0
3599,4,0,0,38,0.0,0.0,1.0,38,1100,500,600,0.45454545454545453,17,5,12,346.14142482771996,0.7602833096254149,0.1455994365763722,0.20869394515206213,132427.78427479864,1568.0429489195953,133995.82722371822,3333,32,701.1052631578947,35,3,21,33.7724661718955,0.6467261904761905,42.67939814814815,1029.2824074074083,29.40806878306881,0
3600,4,0,0,38,0.0,0.0,1.0,38,1200,900,300,0.75,15,9,6,344.6704821421831,0.7588904694167852,0.143468076800227,0.2086311530681052,132576.73852237655,1539.0576774691344,134115.79619984567,3334,33,702.1052631578947,35,3,23,33.66065407956843,0.6482142857142856,42.53472222222222,1029.861111111111,29.424603174603174,0
3601,4,0,0,38,0.0,0.0,1.0,38,1250,1000,250,0.8,15,10,5,337.19581483220975,0.7588904694167852,0.14603439173839017,0.20012966321111697,131832.80452942822,1290.6939889832024,133123.49851841142,3335,34,703.1052631578947,35,3,16,34.60087249708853,0.6407738095238095,43.258101851851855,1026.967592592593,29.34193121693123,1
3602,4,0,0,38,0.0,0.0,1.0,38,1050,700,350,0.6666666666666666,14,7,7,337.17480837197445,0.7586830251303935,0.1427885128643107,0.2002737114787751,131862.52170138885,1292.1440972222174,133154.66579861107,3336,35,704.1052631578947,35,3,17,34.57150101419879,0.6410714285714285,43.229166666666664,1027.083333333333,29.345238095238088,0
3603,4,0,0,38,0.0,0.0,1.0,38,1150,900,250,0.782608695652174,14,9,5,333.17903017147364,0.7588608345187292,0.14529638431897363,0.19842855556687505,131963.74584043506,1193.5105713822,133157.25641181727,3337,36,705.1052631578947,36,2,17,34.57228189390619,0.6400462962962963,43.130630630630634,1027.4774774774778,28.54104104104105,0
3604,4,1,1,38,0.02564102564102564,0.02564102564102564,0.9743589743589743,39,900,700,200,0.7777777777777778,11,7,4,325.63043563793326,0.7621457489878543,0.14181163045647582,0.19514938376026647,132200.59447378013,809.7074340181355,133010.30190779828,3338,0,688.0,37,2,19,34.5282679390127,0.6404842342342343,42.9002192982456,1028.3991228070154,27.79457088667609,0
3605,4,1,0,39,0.02564102564102564,0.0,1.0,39,800,500,300,0.625,11,5,6,326.7946601895887,0.7614147548358075,0.15275318600126853,0.19657955712942918,132341.58587257602,849.7047168359363,133191.29058941195,3339,0,688.974358974359,37,2,20,34.356795254333626,0.6418918918918919,42.763157894736835,1028.9473684210514,27.809388335704092,0
3606,4,0,0,39,0.0,0.0,1.0,39,1400,1100,300,0.7857142857142857,17,11,6,323.9519344295344,0.7598965362123257,0.14903320263197783,0.19561219184642015,132484.94059938306,783.7625809205459,133268.7031803036,3340,1,689.974358974359,36,3,22,34.286124480420035,0.6452546296296298,42.62387387387387,1029.5045045045038,28.597347347347327,0
3607,4,0,0,39,0.0,0.0,1.0,39,1050,700,350,0.6666666666666666,14,7,7,323.71511895362045,0.7584907782276203,0.14267813743051527,0.1962241347295405,132629.89921932074,786.8607205178246,133416.75993983855,3341,2,690.974358974359,36,3,16,34.146896978973075,0.6467013888888888,42.48310810810811,1030.0675675675682,28.612987987988006,0
3608,4,0,0,39,0.0,0.0,1.0,39,700,500,200,0.7142857142857143,9,5,4,323.71511895362045,0.7584907782276203,0.14267813743051527,0.1962241347295405,132629.89921932074,786.8607205178246,133416.75993983855,3342,3,691.974358974359,36,3,16,34.146896978973075,0.6467013888888888,42.48310810810811,1030.0675675675682,28.612987987988006,0
3609,4,0,0,39,0.0,0.0,1.0,39,750,600,150,0.8,9,6,3,323.4933231651317,0.7580409356725146,0.14332187318746148,0.19669683722818102,132745.92318247317,788.4839653843223,133534.40714785748,3343,4,692.974358974359,36,3,16,34.03635303974065,0.6478587962962963,42.370495495495504,1030.5180180180193,28.625500500500536,0
3610,4,0,0,39,0.0,0.0,1.0,39,900,700,200,0.7777777777777778,11,7,4,322.74179744463265,0.7580971659919029,0.14121331294151873,0.19669629918829376,132832.97444403885,774.1505863972266,133607.12503043606,3344,5,693.974358974359,36,3,17,33.9685292404049,0.6487268518518519,42.286036036036045,1030.8558558558575,28.63488488488493,0
3611,4,0,0,39,0.0,0.0,1.0,39,850,600,250,0.7058823529411765,11,6,5,323.82898169508235,0.7584907782276203,0.14422936900001138,0.1976652104266783,132891.02447041645,806.7930261342506,133697.8174965507,3345,6,694.974358974359,36,3,18,33.882381316440934,0.6493055555555556,42.22972972972973,1031.0810810810817,28.64114114114116,0
3612,4,0,0,39,0.0,0.0,1.0,39,1300,1100,200,0.8461538461538461,15,11,4,323.86881108099703,0.7570287899235268,0.14760180666045009,0.19784300887716424,132920.05423920558,809.73198705464,133729.7862262602,3346,7,695.974358974359,36,3,19,33.85228968730662,0.6495949074074073,42.201576576576585,1031.193693693695,28.644269269269305,0
3613,4,0,0,39,0.0,0.0,1.0,39,900,700,200,0.7777777777777778,11,7,4,324.90038626952247,0.7561291048133154,0.1497868147065653,0.19878173933484045,132978.12328798417,840.9287243324634,133819.05201231662,3347,8,696.974358974359,36,3,19,33.76756014120901,0.650173611111111,42.14527027027028,1031.4189189189208,28.650525525525577,0
3614,4,0,0,39,0.0,0.0,1.0,39,700,400,300,0.5714285714285714,10,4,6,322.9548444919052,0.7559604138551507,0.147357518754899,0.19774507857926826,133007.16256797352,791.0615006898965,133798.2240686634,3348,9,697.974358974359,36,3,19,33.78866448326054,0.6504629629629629,42.117117117117125,1031.5315315315327,28.653653653653684,0
3615,4,0,0,39,0.0,0.0,1.0,39,1050,600,450,0.5714285714285714,15,6,9,322.26334578153967,0.7556792622582097,0.152139363619066,0.19793708450013647,133123.35139193278,780.1553242431887,133903.50671617597,3349,10,698.974358974359,36,3,21,33.690255347010016,0.6516203703703702,42.00450450450452,1031.9819819819843,28.66616616616623,0
3616,4,0,0,39,0.0,0.0,1.0,39,1000,700,300,0.7,13,7,6,320.8359189469379,0.7551169590643275,0.14734009672375548,0.19752201940809835,133210.5262991034,747.7443237156332,133958.27062281902,3350,11,699.974358974359,36,3,22,33.639913094069314,0.6524884259259258,41.92004504504506,1032.3198198198218,28.675550550550604,0
3617,4,0,0,39,0.0,0.0,1.0,39,1000,800,200,0.8,12,8,4,319.1480096945442,0.7550044984255511,0.14698281648543454,0.19663635436018712,133239.5909422938,704.6300523496673,133944.2209946435,3351,12,700.974358974359,36,3,22,33.6544229930192,0.6527777777777777,41.8918918918919,1032.4324324324336,28.67867867867871,0
3618,4,0,0,39,0.0,0.0,1.0,39,900,800,100,0.8888888888888888,10,8,2,317.6678337669982,0.7534862798020693,0.14542647503541373,0.19607773187687141,133306.67529585806,669.4485535831762,133976.12384944124,3352,13,701.974358974359,38,1,22,33.62559486861162,0.649671052631579,41.82692307692308,1032.6923076923083,27.176113360323903,0
3619,4,0,0,39,0.0,0.0,1.0,39,950,400,550,0.42105263157894735,15,4,11,316.7185493548381,0.7533738191632928,0.14617533082413603,0.19563694674844853,133334.25931633066,645.8866379940123,133980.14595432466,3353,14,702.974358974359,38,1,22,33.622547498362124,0.6499451754385964,41.800213675213676,1032.7991452991455,27.1789248762933,0
3620,4,0,0,39,0.0,0.0,1.0,39,1050,700,350,0.6666666666666666,14,7,7,317.72547853733715,0.7525865946918578,0.14986874552541551,0.19669688716107878,133417.02849916008,677.9978449850432,134095.02634414512,3354,15,703.974358974359,38,1,23,33.51387452602552,0.650767543859649,41.72008547008548,1033.1196581196593,27.18735942420156,0
3621,4,1,1,39,0.025,0.025,0.975,40,650,300,350,0.46153846153846156,10,3,7,310.0162880247356,0.7604700854700854,0.14325312698749215,0.193688321935454,133755.63274276705,293.30778161095225,134048.940524378,3355,0,687.35,37,3,15,33.375291498833995,0.6559684684684685,41.39254385964912,1034.4298245614036,27.95756282598388,0
3622,4,2,2,39,0.04878048780487805,0.04878048780487805,0.9512195121951219,41,750,600,150,0.8,9,6,3,300.8889450292013,0.7658028455284552,0.1305158671233808,0.189222243106943,133997.13187824178,-136.3488704434053,133860.78300779837,3356,0,671.5365853658536,38,3,15,33.37095414989854,0.6565241228070174,41.15918803418804,1035.363247863249,27.246401259559182,0
3623,4,0,0,39,0.0,0.0,1.0,39,850,500,350,0.5882352941176471,12,5,7,315.02564857993514,0.7524179037336932,0.1342197586891174,0.1970143385639116,133792.42153893746,629.6088740767642,134422.03041301423,3357,18,706.974358974359,36,3,16,33.20906353180217,0.658275462962963,41.356981981981974,1034.572072072071,28.738113113113084,0
3624,4,0,0,39,0.0,0.0,1.0,39,950,600,350,0.631578947368421,13,6,7,314.21679417425315,0.7511808367071525,0.1357810760357283,0.19681923119749212,133850.68081172375,611.6263645402053,134462.30717626394,3358,19,707.974358974359,36,3,16,33.17190844125223,0.6588541666666667,41.30067567567567,1034.7972972972964,28.744369369369345,0
3625,4,0,0,39,0.0,0.0,1.0,39,1000,700,300,0.7,13,7,6,315.3676977975324,0.7509559154295997,0.14028921470174738,0.19800955451877844,133938.0934989042,647.9496388280062,134586.0431377322,3359,20,708.974358974359,36,3,16,33.05501160429359,0.6597222222222223,41.21621621621621,1035.1351351351343,28.75375375375373,0
3626,4,0,0,39,0.0,0.0,1.0,39,1200,1000,200,0.8333333333333334,14,10,4,316.7750006252718,0.7513495276653172,0.13733197294841126,0.19984200656730114,134113.0044740687,696.7294152260396,134809.73388929473,3360,21,709.974358974359,36,3,17,32.84432304124085,0.6614583333333334,41.0472972972973,1035.810810810811,28.77252252252253,0
3627,4,0,0,39,0.0,0.0,1.0,39,800,600,200,0.75,10,6,4,316.98776629993574,0.7504498425551057,0.13484194817528183,0.2005043100089954,134209.71476800545,708.5675400123014,134918.28230801775,3361,22,710.974358974359,37,2,17,32.742504409171076,0.660472972972973,40.95394736842105,1036.184210526315,28.004978662873377,0
3628,4,0,0,39,0.0,0.0,1.0,39,1150,700,450,0.6086956521739131,16,7,9,317.1055229749428,0.7503373819163293,0.11460820490557877,0.202622072724766,134579.99173159662,742.7260633350147,135322.71779493164,3362,23,711.974358974359,36,3,21,32.37102959264889,0.6660879629629628,40.59684684684686,1037.612612612614,28.82257257257261,1
3629,4,0,0,39,0.0,0.0,1.0,39,800,700,100,0.875,9,7,2,318.2389466795066,0.7510683760683761,0.11553069827622187,0.20350949990643025,134609.20538359333,767.5783469280425,135376.78373052136,3363,24,712.974358974359,36,3,21,32.31257912823295,0.6663773148148147,40.56869369369371,1037.7252252252274,28.82570070070076,0
3630,4,0,0,39,0.0,0.0,1.0,39,900,700,200,0.7777777777777778,11,7,4,319.4566708884593,0.7517993702204229,0.11921867047151813,0.20494579324430834,134726.09169558095,807.8297469767349,135533.92144255768,3364,25,713.974358974359,36,3,22,32.16477745236288,0.6675347222222221,40.456081081081095,1038.1756756756774,28.838213213213262,0
3631,4,0,0,39,0.0,0.0,1.0,39,800,500,300,0.625,11,5,6,320.5292116925651,0.7525865946918578,0.12084615662627152,0.2062973425987812,134843.02873397077,844.225940467533,135687.2546744383,3365,26,714.974358974359,36,3,16,32.02071813220573,0.6686921296296295,40.34346846846849,1038.6261261261286,28.850725725725795,0
3632,4,0,0,39,0.0,0.0,1.0,39,1000,800,200,0.8,12,8,4,323.6876431729632,0.7521367521367521,0.13025005071188533,0.19042605121005654,131496.76462950147,712.7755655586452,132209.5401950601,3366,27,715.974358974359,37,2,18,35.2857066495617,0.6334459459459458,43.58552631578948,1025.6578947368428,27.72048364153629,6
3633,4,2,1,40,0.04878048780487805,0.024390243902439025,0.975609756097561,41,1150,500,650,0.43478260869565216,18,5,13,310.97720904794545,0.7684959349593496,0.13462227881275268,0.18536496478900213,131996.29041883693,9.567599826408298,132005.85801866333,3367,0,682.0,39,2,13,35.109921439432334,0.6348824786324785,43.09895833333334,1027.6041666666679,26.34882478632482,0
3634,4,0,0,40,0.0,0.0,1.0,40,750,400,350,0.5333333333333333,11,4,7,319.9145251301471,0.7616185897435898,0.13654446177847124,0.1902274680968687,131903.67408366216,439.5802514792995,132343.25433514145,3368,1,700.05,38,2,14,34.97334893395738,0.6356907894736842,43.18910256410257,1027.2435897435903,27.032726045883955,0
3635,4,0,0,40,0.0,0.0,1.0,40,1000,600,400,0.6,14,6,8,319.5273862598755,0.7615918803418803,0.1342232504939167,0.19027212840007582,131958.55391418296,432.8743653663539,132391.42827954932,3369,2,701.05,38,2,14,34.928165401545876,0.6362390350877192,43.13568376068376,1027.4572649572654,27.038349077822772,0
3636,4,0,0,40,0.0,0.0,1.0,40,800,700,100,0.875,9,7,2,319.9786426650901,0.7607104700854701,0.13691515907673057,0.1906787227480072,131985.99810979617,446.54010519394785,132432.5382149901,3370,3,702.05,38,2,14,34.889010189228514,0.6365131578947368,43.10897435897436,1027.5641025641025,27.04116059379217,0
3637,4,1,2,39,0.024390243902439025,0.04878048780487805,0.9512195121951219,41,1050,800,250,0.7619047619047619,13,8,5,310.69588535753445,0.7673272357723577,0.12717699473471056,0.18664431653229993,132290.8203125001,20.442708333346758,132311.26302083343,3371,0,685.9024390243902,39,2,15,34.821790198460945,0.6378205128205128,42.81250000000001,1028.7500000000007,26.378205128205146,0
3638,4,0,0,39,0.0,0.0,1.0,39,850,800,50,0.9411764705882353,9,8,1,321.3172053333334,0.7548920377867746,0.13769846153846177,0.19199163798597846,132087.85545792943,688.4201148430396,132776.27557277246,3372,5,720.1538461538462,37,2,15,34.75233333333335,0.6393581081081081,43.00986842105264,1027.96052631579,27.782716927453784,0
3639,4,0,0,39,0.0,0.0,1.0,39,1000,600,400,0.6,14,6,8,322.65808195068354,0.7532051282051282,0.14357056675535929,0.19353453924855032,132233.1242809008,733.2172501643666,132966.34153106518,3373,6,721.1538461538462,38,1,17,34.572036979328956,0.6389802631578947,42.868589743589745,1028.5256410256416,27.066464237516882,0
3640,4,0,0,39,0.0,0.0,1.0,39,1000,700,300,0.7,13,7,6,320.12421737894726,0.7526428250112461,0.13618067978533133,0.19271477886212632,132370.51647308064,675.0015979984025,133045.51807107904,3374,7,722.1538461538462,38,1,17,34.49936842469546,0.6403508771929824,42.73504273504274,1029.0598290598296,27.080521817363934,0
3641,4,0,0,39,0.0,0.0,1.0,39,1250,1100,150,0.88,14,11,3,319.6224169899524,0.7502811515969411,0.14604051271409668,0.19325726819003525,132535.4812714589,672.2621721820558,133207.74344364097,3375,8,723.1538461538462,38,1,17,34.34689942588369,0.6419956140350876,42.57478632478633,1029.7008547008552,27.0973909131804,0
3642,4,0,0,39,0.0,0.0,1.0,39,750,500,250,0.6666666666666666,10,5,5,326.9398394305409,0.7497750787224472,0.15381411924878852,0.19300904472835562,131629.44614517133,806.9819974066725,132436.428142578,3376,9,724.1538461538462,38,1,14,35.068757591532176,0.6329495614035088,43.45619658119658,1026.1752136752139,27.004610886189838,2
3643,4,0,0,39,0.0,0.0,1.0,39,850,700,150,0.8235294117647058,10,7,3,325.3435493074874,0.7471884840305894,0.15181301528856217,0.1927590326044978,131766.52444480968,773.8777485572374,132540.40219336693,3377,10,725.1538461538462,38,1,14,34.97181755116198,0.6343201754385964,43.322649572649574,1026.7094017094016,27.018668466036885,0
3644,4,0,0,39,0.0,0.0,1.0,39,500,400,100,0.8,6,4,2,324.53763435947803,0.7464012595591544,0.15058066478314047,0.19242018530715263,131793.9486654431,754.4192645554804,132548.36792999858,3378,11,726.1538461538462,38,1,14,34.96492734020044,0.6345942982456141,43.29594017094017,1026.8162393162397,27.02147998200631,0
3645,4,0,0,39,0.0,0.0,1.0,39,850,600,250,0.7058823529411765,11,6,5,323.5591899380247,0.7475258659469186,0.15123750690171134,0.1921170162368273,131848.8056674156,732.1785512090185,132580.98421862462,3379,12,727.1538461538462,38,1,14,34.93489718783594,0.635142543859649,43.24252136752138,1027.029914529916,27.027103013945155,0
3646,4,0,0,39,0.0,0.0,1.0,39,900,600,300,0.6666666666666666,12,6,6,325.9758763126341,0.7470760233918129,0.15211826443107546,0.1939717838256371,131931.1125721385,801.2720067207446,132732.38457885923,3380,13,728.1538461538462,38,1,14,34.79010676650026,0.6359649122807016,43.16239316239317,1027.3504273504295,27.03553756185341,0
3647,4,0,1,38,0.0,0.02564102564102564,0.9743589743589743,39,1200,900,300,0.75,15,9,6,331.2706475593161,0.7491003148897886,0.16048365814453747,0.19755067320973746,132013.44515897823,946.4358928702086,132959.88105184844,3381,14,729.1538461538462,38,1,14,34.571334511557005,0.6367872807017543,43.08226495726497,1027.6709401709418,27.043972109761626,0
3648,4,1,0,39,0.02564102564102564,0.0,1.0,39,800,600,200,0.75,10,6,4,326.95931355178755,0.7551169590643275,0.1573242572411664,0.1962571241194895,132260.59701219964,848.7668018116844,133109.36381401133,3382,0,702.7179487179487,38,1,16,34.433856114111634,0.6392543859649122,42.84188034188035,1028.6324786324792,27.069275753486295,0
3649,4,0,0,39,0.0,0.0,1.0,39,1250,1000,250,0.8,15,10,5,324.3357106251562,0.7559041835357625,0.1490931832395248,0.1956778066295165,132452.98603121113,791.8466697713451,133244.8327009825,3383,1,703.7179487179487,38,1,20,34.30829441273136,0.6411732456140351,42.65491452991453,1029.3803418803413,27.08895636527214,0
3650,4,1,1,39,0.025,0.025,0.975,40,650,300,350,0.46153846153846156,10,3,7,318.8051376056749,0.762633547008547,0.14876137512639076,0.19343452827730814,132666.15125868045,458.9301215277731,133125.08138020823,3384,0,687.1,39,1,14,34.23702392989554,0.6415598290598291,42.447916666666664,1030.2083333333326,26.415598290598272,0
3651,4,0,0,39,0.0,0.0,1.0,39,1100,800,300,0.7272727272727273,14,8,6,329.3824094475376,0.7556230319388214,0.1618338797639849,0.19988889706120835,132673.03040990917,940.0324850244483,133613.06289493362,3385,3,705.7179487179487,38,1,14,33.95770679940544,0.6433662280701755,42.441239316239304,1030.235042735041,27.111448493027392,0
3652,4,0,0,39,0.0,0.0,1.0,39,1250,900,350,0.72,16,9,7,324.7174703010093,0.7544984255510572,0.1542446777137485,0.19821937418564428,132893.25741699513,830.5524737014816,133723.8098906966,3386,4,706.7179487179487,38,1,15,33.85724277276965,0.6455592105263159,42.22756410256409,1031.0897435897414,27.133940620782667,0
3653,4,0,0,39,0.0,0.0,1.0,39,1300,1000,300,0.7692307692307693,16,10,6,326.26376429060525,0.7529239766081872,0.15159409897887466,0.19975121396485654,133003.43940618343,878.8405608517463,133882.27996703517,3387,5,707.7179487179487,38,1,15,33.70706024512344,0.6466557017543861,42.12072649572648,1031.5170940170913,27.145186684660295,0
3654,4,0,0,39,0.0,0.0,1.0,39,1150,900,250,0.782608695652174,14,9,5,324.9672663016782,0.7526428250112461,0.1462425198188304,0.19939859326185505,133086.1058605445,849.7256008473494,133935.83146139188,3388,6,708.7179487179487,38,1,16,33.65776213156622,0.6474780701754388,42.04059829059827,1031.8376068376033,27.153621232568508,0
3655,4,0,0,39,0.0,0.0,1.0,39,950,700,250,0.7368421052631579,12,7,5,321.9655588501546,0.7521367521367521,0.14420655078972056,0.19799549739346503,133168.79799702275,775.1532937029289,133943.95129072567,3389,7,709.7179487179487,38,1,16,33.652485940033806,0.6483004385964914,41.960470085470064,1032.1581196581164,27.16205578047675,0
3656,4,0,0,39,0.0,0.0,1.0,39,1000,700,300,0.7,13,7,6,322.7471148714473,0.7512370670265407,0.1471274249914427,0.1987702594648051,133223.9403558512,799.5284763313372,134023.46883218252,3390,8,710.7179487179487,38,1,17,33.577175825313056,0.6488486842105264,41.90705128205127,1032.371794871793,27.16767881241561,0
3657,4,0,0,39,0.0,0.0,1.0,39,950,700,250,0.7368421052631579,12,7,5,321.5748649203705,0.7502811515969411,0.1479889859778134,0.19848931317498697,133306.67529585774,773.6152202498131,134080.29051610755,3391,9,711.7179487179487,38,1,19,33.5247258431616,0.649671052631579,41.826923076923066,1032.6923076923058,27.176113360323836,0
3658,4,0,0,39,0.0,0.0,1.0,39,850,700,150,0.8235294117647058,10,7,3,320.64571812058364,0.7497750787224472,0.14701102158448864,0.19865244970814594,133444.62393390655,757.6894541237191,134202.31338803028,3392,10,712.7179487179487,38,1,20,33.410884775790144,0.6510416666666667,41.693376068376054,1033.2264957264938,27.19017094017089,0
3659,4,0,0,39,0.0,0.0,1.0,39,1000,700,300,0.7,13,7,6,323.61011311465086,0.7487629329734593,0.14947790443706443,0.201099046561095,133557.2138181939,844.0958677652206,134401.30968595913,3393,11,713.7179487179487,37,2,21,33.22184063505534,0.6539977477477478,41.5844298245614,1033.6622807017534,27.936818397344688,0
3660,4,0,0,39,0.0,0.0,1.0,39,750,500,250,0.6666666666666666,10,5,5,324.6863803856322,0.7496626180836707,0.11580240845416556,0.19619080513649192,132510.87474030457,808.5772785857025,133319.45201889027,3394,12,714.7179487179487,37,2,18,34.241214057507996,0.6435810810810811,42.59868421052631,1029.6052631578937,27.827169274537667,7
3661,4,1,1,39,0.025,0.025,0.975,40,950,600,350,0.631578947368421,13,6,7,315.9668993977085,0.7568108974358975,0.10505390835579531,0.19217003225663906,132755.5941358024,389.27469135801584,133144.86882716042,3395,0,697.825,38,2,13,34.220575022461816,0.6441885964912281,42.36111111111111,1030.555555555555,27.119883040935658,0
3662,4,0,0,39,0.0,0.0,1.0,39,900,400,500,0.4444444444444444,14,4,10,323.02381287468853,0.7491003148897886,0.10995640506978743,0.19562622013745634,132595.5597515581,766.3046562403713,133361.86440779845,3396,14,716.7179487179487,37,2,18,34.199115476063724,0.6444256756756757,42.51644736842105,1029.9342105263152,27.836059743954465,0
3663,4,0,0,39,0.0,0.0,1.0,39,1350,1000,350,0.7407407407407407,17,10,7,321.60673525145455,0.7489316239316239,0.10844642340705346,0.19550194682362015,132736.7615516311,737.8073060941676,133474.56885772524,3397,15,717.7179487179487,37,2,14,34.09413350358232,0.6458333333333334,42.379385964912274,1030.4824561403495,27.85087719298242,0
3664,4,0,0,39,0.0,0.0,1.0,39,950,600,350,0.631578947368421,13,6,7,321.10102283984133,0.7488753936122358,0.10988621266310417,0.19534165137033432,132765.01092884335,726.1961613188545,133491.2070901622,3398,16,718.7179487179487,37,2,14,34.078869205943896,0.6461148648648649,42.35197368421052,1030.5921052631568,27.85384068278802,0
3665,4,0,0,39,0.0,0.0,1.0,39,1000,800,200,0.8,12,8,4,323.3314966560818,0.7485380116959065,0.11400860246727773,0.196995424501868,132821.5187004654,789.0760859110405,133610.59478637646,3399,17,719.7179487179487,37,2,14,33.96480427614083,0.646677927927928,42.297149122807014,1030.811403508771,27.859767662399218,0
3666,4,0,0,39,0.0,0.0,1.0,39,600,400,200,0.6666666666666666,8,4,4,324.6480451859812,0.7476383265856951,0.12288278855696988,0.19824611798240035,132906.30290089257,829.5542859341306,133735.8571868267,3400,18,720.7179487179487,37,2,15,33.84596980008507,0.6475225225225225,42.21491228070175,1031.1403508771928,27.86865813181602,0
3667,4,0,0,39,0.0,0.0,1.0,39,1100,700,400,0.6363636363636364,15,7,8,323.98888968984863,0.7461201079622133,0.12441393079206264,0.19879826535098855,133086.10586054498,823.6839341807257,133909.78979472572,3401,19,721.7179487179487,38,1,16,33.683000276109595,0.6474780701754386,42.04059829059829,1031.837606837607,27.153621232568604,0
3668,4,0,0,39,0.0,0.0,1.0,39,600,500,100,0.8333333333333334,7,5,2,325.4735542610236,0.7466824111560953,0.1216435738174868,0.20000474135887347,133141.23109796192,866.7899408284045,134008.02103879032,3402,20,722.7179487179487,38,1,16,33.58954451345756,0.6480263157894737,41.98717948717949,1032.0512820512824,27.159244264507432,0
3669,4,0,0,39,0.0,0.0,1.0,39,650,400,250,0.6153846153846154,9,4,5,325.4735542610236,0.7466824111560953,0.1216435738174868,0.20000474135887347,133141.23109796192,866.7899408284045,134008.02103879032,3403,21,723.7179487179487,38,1,16,33.58954451345756,0.6480263157894737,41.98717948717949,1032.0512820512824,27.159244264507432,0
3670,4,0,1,38,0.0,0.02564102564102564,0.9743589743589743,39,1150,800,350,0.6956521739130435,15,8,7,329.413773688124,0.7468511021142601,0.1269558344141981,0.20347878276313708,133334.25931633066,984.4283046606789,134318.68762099135,3404,22,724.7179487179487,38,1,17,33.294757077342155,0.6499451754385964,41.800213675213676,1032.7991452991455,27.1789248762933,0
3671,4,0,0,38,0.0,0.0,1.0,38,1000,800,200,0.8,12,8,4,333.83549710602426,0.745791844476055,0.13222699568154006,0.20650454486118555,133387.2576778432,1305.880294898433,134693.13797274165,3405,23,734.2894736842105,37,1,18,33.12756519123943,0.6523085585585585,41.74890350877193,1033.0043859649127,27.919037458511152,0
3672,4,0,0,38,0.0,0.0,1.0,38,850,600,250,0.7058823529411765,11,6,5,336.8886576482833,0.7450509720246562,0.1349745331069614,0.20887096774193553,133472.2222222221,1393.082607148348,134865.30482937046,3406,24,735.2894736842105,36,2,18,32.96370967741937,0.6550925925925927,41.666666666666664,1033.3333333333326,28.70370370370368,0
3673,4,0,0,38,0.0,0.0,1.0,38,900,600,300,0.6666666666666666,12,6,6,335.9419506820887,0.7448731626363205,0.13155027468431402,0.20861131416510206,133530.41174620553,1371.6933994805458,134902.10514568607,3407,25,736.2894736842105,36,2,18,32.92996840270212,0.6556712962962964,41.61036036036035,1033.5585585585575,28.70995995995993,0
3674,4,0,0,38,0.0,0.0,1.0,38,850,600,250,0.7058823529411765,11,6,5,333.61798421722415,0.7451102418207681,0.12682708732187642,0.2078209179838909,133646.8288389741,1317.3971268565804,134964.22596583067,3408,26,737.2894736842105,36,2,19,32.87364771654686,0.6568287037037037,41.497747747747745,1034.0090090090089,28.722472472472468,0
3675,4,0,0,38,0.0,0.0,1.0,38,1150,700,450,0.6086956521739131,16,7,9,330.94263694472437,0.7454954954954955,0.1251031542270309,0.20647942783290388,133705.056407759,1249.7407880853666,134954.79719584435,3409,27,738.2894736842105,36,2,16,32.8846363240418,0.6574074074074074,41.441441441441434,1034.2342342342333,28.728728728728704,0
3676,4,0,0,38,0.0,0.0,1.0,38,850,400,450,0.47058823529411764,13,4,9,331.4328315720443,0.7449620673304884,0.1270265445254004,0.2070686975530242,133755.63274276696,1266.2016197291334,135021.8343624961,3410,28,739.2894736842105,37,1,16,32.82144371422512,0.6559684684684686,41.392543859649116,1034.429824561403,27.957562825983864,0
3677,4,0,0,38,0.0,0.0,1.0,38,850,500,350,0.5882352941176471,12,5,7,330.3732940212166,0.7440730203888098,0.12325871895249918,0.20704270577504888,133869.08111149556,1245.3538588796202,135114.43497037518,3411,29,740.2894736842105,37,1,16,32.735572508299775,0.6570945945945947,41.28289473684209,1034.8684210526292,27.969416785206192,0
3678,4,0,0,38,0.0,0.0,1.0,38,700,500,200,0.7142857142857143,9,5,4,332.7388238277544,0.7431839734471314,0.12839050602570845,0.20916910616389167,133982.577571945,1316.2410549399556,135298.81862688495,3412,30,741.2894736842105,37,1,16,32.56107463108099,0.6582207207207208,41.173245614035075,1035.307017543858,27.981270744428592,0
3679,4,0,0,38,0.0,0.0,1.0,38,1000,500,500,0.5,15,5,10,331.12468059984775,0.7432728781412992,0.12580156329216186,0.2089602443304448,134124.51577648876,1282.3874894198057,135406.90326590856,3413,31,742.2894736842105,37,1,16,32.46125313150559,0.6596283783783785,41.03618421052631,1035.8552631578934,27.99608819345658,0
3680,4,0,0,38,0.0,0.0,1.0,38,1300,900,400,0.6923076923076923,17,9,8,332.2435965564887,0.7410502607871029,0.1331036353771029,0.21036311270221517,134246.13284388903,1320.4835999707548,135566.6164438598,3414,32,743.2894736842105,38,0,16,32.31099656357387,0.6589912280701755,40.91880341880341,1036.3247863247846,27.271704903283805,0
3681,4,0,0,38,0.0,0.0,1.0,38,750,400,350,0.5333333333333333,11,4,7,331.05849299859364,0.7400426742532006,0.13222992546300816,0.2099300326191081,134301.49778106497,1292.3302925706587,135593.82807363564,3415,33,744.2894736842105,38,0,16,32.2865130900845,0.6595394736842106,40.865384615384606,1036.5384615384605,27.277327935222644,0
3682,4,0,0,38,0.0,0.0,1.0,38,1050,700,350,0.6666666666666666,14,7,7,329.88734585114054,0.738027501185396,0.13109101554876101,0.21014083684533238,134467.6610782377,1271.8359631820874,135739.4970414198,3416,34,745.2894736842105,38,0,18,32.15131850020601,0.6611842105263159,40.70512820512819,1037.1794871794848,27.294197031039072,0
3683,4,0,0,38,0.0,0.0,1.0,38,900,600,300,0.6666666666666666,12,6,6,332.11835293543686,0.7373162636320532,0.133600737167326,0.21188365354816607,134523.07167251053,1335.5161991379703,135858.5878716485,3417,35,746.2894736842105,38,0,18,32.03827669069689,0.661732456140351,40.65170940170939,1037.3931623931605,27.299820062977908,0
3684,4,0,0,38,0.0,0.0,1.0,38,900,500,400,0.5555555555555556,13,5,8,331.4462669956938,0.7369310099573257,0.13200169097442416,0.2116156935434043,134550.78124999985,1319.273686901879,135870.05493690172,3418,36,747.2894736842105,37,1,18,32.02811244979921,0.6638513513513514,40.62499999999999,1037.4999999999989,28.04054054054051,0
3685,4,0,0,38,0.0,0.0,1.0,38,1300,1000,300,0.7692307692307693,16,10,6,335.41395327321,0.7364272166903746,0.13571519905711282,0.2149873998400459,134693.02002779694,1435.5836651662012,136128.60369296314,3419,37,748.2894736842105,37,1,19,31.783541952748152,0.665259009009009,40.487938596491226,1038.0482456140346,28.055357989568503,0
3686,4,0,0,38,0.0,0.0,1.0,38,1200,800,400,0.6666666666666666,16,8,8,336.9024707245252,0.7344416785206259,0.1307676920341394,0.21678941594447715,134835.3339489074,1485.271429670674,136320.6053785781,3420,38,749.2894736842105,37,1,15,31.603234093468455,0.6666666666666666,40.35087719298246,1038.5964912280706,28.070175438596504,0
3687,4,0,0,38,0.0,0.0,1.0,38,1000,600,400,0.6,14,6,8,337.0983120405846,0.7343231389284021,0.1312456954966561,0.21759833820821395,134949.23918898124,1498.2321483533385,136447.47133733457,3421,39,750.2894736842105,37,1,15,31.484803714647523,0.6677927927927928,40.24122807017544,1039.0350877192984,28.082029397818875,0
3688,4,0,0,38,0.0,0.0,1.0,38,700,300,400,0.42857142857142855,11,3,8,337.35612872405466,0.7343231389284021,0.12141268664619265,0.2122354379441203,134010.95920138882,1441.8836805555466,135452.84288194435,3422,40,751.2894736842105,37,1,16,32.41322937625753,0.6585022522522523,41.14583333333333,1035.416666666666,27.98423423423422,1
3689,4,0,0,38,0.0,0.0,1.0,38,1600,1400,200,0.875,18,14,4,339.86189760462594,0.7328413940256046,0.1208375814098599,0.21447397105350038,134124.5157764889,1516.7624894198207,135641.2782659087,3423,41,752.2894736842105,37,1,16,32.23499082601178,0.6596283783783784,41.036184210526315,1035.8552631578946,27.99608819345661,0
3690,4,1,0,39,0.02564102564102564,0.0,1.0,39,700,500,200,0.7142857142857143,9,5,4,334.4081304059143,0.7393162393162394,0.1327934110462181,0.2128589981541122,134439.96006145453,1191.563139199361,135631.5232006539,3424,0,733.974358974359,38,1,17,32.061699460870145,0.6609100877192982,40.73183760683761,1037.07264957265,27.291385515069738,0
3691,4,0,0,39,0.0,0.0,1.0,39,1400,1100,300,0.7857142857142857,17,11,6,331.14611091158287,0.7391475483580747,0.1323689165210562,0.21192007706410604,134636.1154994804,1116.8908642760487,135753.00636375643,3425,1,734.974358974359,37,2,19,31.95093766508188,0.664695945945946,40.542763157894726,1037.8289473684194,28.04943100995728,0
3692,4,0,0,39,0.0,0.0,1.0,39,700,500,200,0.7142857142857143,9,5,4,332.1916053171822,0.7393162393162394,0.13253596162648673,0.21292199915624666,134693.02002779694,1148.778109610645,135841.79813740758,3426,2,735.974358974359,37,2,20,31.867165768810967,0.665259009009009,40.487938596491226,1038.0482456140346,28.055357989568503,0
3693,4,0,0,39,0.0,0.0,1.0,39,1300,1100,200,0.8461538461538461,15,11,4,330.60843338257433,0.7404408457040036,0.1276881393000895,0.2129064370790704,134863.80575032695,1117.4223078254786,135981.22805815242,3427,3,736.974358974359,37,2,16,31.73833966712411,0.6669481981981983,40.3234649122807,1038.7061403508767,28.073138928402074,0
3694,4,0,0,39,0.0,0.0,1.0,39,1050,700,350,0.6666666666666666,14,7,7,327.7787947440309,0.7387539361223572,0.12339644727059929,0.21168503039046768,134966.76734056536,1047.8488658777055,136014.61620644305,3428,4,737.974358974359,38,1,16,31.709464322434705,0.6661184210526316,40.22435897435897,1039.1025641025635,27.344804318488514,0
3695,4,0,0,39,0.0,0.0,1.0,39,900,700,200,0.7777777777777778,11,7,4,330.1620064715875,0.7397660818713451,0.12266261849980675,0.21371564610526086,135050.04160502937,1117.678542077561,136167.72014710694,3429,5,738.974358974359,38,1,17,31.56478055298591,0.6669407894736843,40.14423076923076,1039.4230769230753,27.35323886639672,0
3696,4,0,0,39,0.0,0.0,1.0,39,700,500,200,0.7142857142857143,9,5,4,330.7431525548299,0.7408906882591093,0.1269008113114578,0.21442116039380724,135105.5720491817,1137.0485654540003,136242.6206146357,3430,6,739.974358974359,38,1,18,31.494493542972627,0.6674890350877194,40.09081196581196,1039.636752136751,27.358861898335554,0
3697,4,1,1,39,0.025,0.025,0.975,40,800,500,300,0.625,11,5,6,325.09872382295475,0.7491185897435897,0.12614125538091914,0.21211046063144962,135335.45057508675,799.4764539930513,136134.92702907982,3431,0,722.45,39,1,18,31.412991790970047,0.6680021367521367,39.869791666666664,1040.520833333333,26.68002136752136,0
3698,4,0,0,39,0.0,0.0,1.0,39,1300,1000,300,0.7692307692307693,16,10,6,334.3289214975591,0.7428025191183086,0.13233602144167889,0.2180863607812946,135327.80796853313,1248.8000173496926,136576.60798588282,3432,8,741.974358974359,38,1,19,31.180477119485214,0.6696820175438596,39.87713675213675,1040.491452991453,27.381354026090865,0
3699,4,0,0,39,0.0,0.0,1.0,39,950,700,250,0.7368421052631579,12,7,5,334.3289214975591,0.7428025191183086,0.13233602144167889,0.2180863607812946,135327.80796853313,1248.8000173496926,136576.60798588282,3433,9,742.974358974359,38,1,19,31.180477119485214,0.6696820175438596,39.87713675213675,1040.491452991453,27.381354026090865,0
3700,4,0,0,39,0.0,0.0,1.0,39,1050,800,250,0.7619047619047619,13,8,5,336.341361370364,0.7435897435897436,0.13266684039705323,0.21973851114075896,135383.39548405653,1307.007108809994,136690.4025928665,3434,10,743.974358974359,38,1,19,31.07291345857715,0.6702302631578947,39.82371794871795,1040.7051282051282,27.38697705802969,0
3701,4,0,0,39,0.0,0.0,1.0,39,750,300,450,0.4,12,3,9,336.41012885534735,0.7422402159244265,0.1358311229000888,0.2202943747020499,135466.79815910573,1314.4806048652076,136781.27876397094,3435,11,744.974358974359,38,1,20,30.98830049261084,0.6710526315789473,39.74358974358974,1041.02564102564,27.395411605937895,0
3702,4,0,0,39,0.0,0.0,1.0,39,950,600,350,0.631578947368421,13,6,7,336.3560668712471,0.7410593792172739,0.13686084831843393,0.22111498961077458,135605.8596888925,1322.3707219300122,136928.2304108225,3436,12,745.974358974359,38,1,21,30.85166854720142,0.6724232456140351,39.61004273504273,1041.5598290598286,27.409469185784964,0
3703,4,0,0,39,0.0,0.0,1.0,39,1000,700,300,0.7,13,7,6,333.3918909078459,0.7394286999550158,0.13141371991598905,0.22005767178753244,135751.01072356143,1251.6629386929985,137002.6736622544,3437,13,746.974358974359,36,3,22,30.784885815142996,0.6776620370370371,39.47072072072072,1042.1171171171172,28.947697697697702,0
3704,4,0,0,39,0.0,0.0,1.0,39,1000,700,300,0.7,13,7,6,333.4224158883168,0.7386414754835807,0.13386958725621412,0.22062125117070377,135839.041638767,1258.356287030259,137097.39792579727,3438,14,747.974358974359,36,3,22,30.69681502286558,0.6785300925925927,39.386261261261254,1042.4549549549538,28.95708208208205,0
3705,4,0,0,39,0.0,0.0,1.0,39,1100,600,500,0.5454545454545454,16,6,10,332.48757979855475,0.7380791722896987,0.12887792479629212,0.22072885136304052,135956.46057797657,1240.766907109807,137197.2274850864,3439,15,748.974358974359,36,3,15,30.604821293596807,0.6796875,39.273648648648646,1042.905405405405,28.969594594594582,0
3706,4,0,0,39,0.0,0.0,1.0,39,950,700,250,0.7368421052631579,12,7,5,330.4045469594846,0.7382478632478633,0.1260789307032082,0.2199999485178093,136062.3355864304,1191.122869536773,137253.45845596716,3440,16,749.974358974359,37,2,16,30.554278332457528,0.6787725225225225,39.172149122807014,1043.3114035087715,28.197605500237067,0
3707,4,0,0,39,0.0,0.0,1.0,39,700,400,300,0.5714285714285714,10,4,6,330.4953441393192,0.738697705802969,0.12728899235834934,0.22023765369956297,136090.93663434897,1195.4841874422846,137286.42082179125,3441,17,750.974358974359,37,2,17,30.523591845313167,0.6790540540540541,39.14473684210526,1043.4210526315785,28.20056899004266,0
3708,4,0,0,39,0.0,0.0,1.0,39,750,400,350,0.5333333333333333,11,4,7,332.2449261816046,0.7383603238866397,0.1338031583881556,0.2217606737304706,136148.14774738366,1246.9062596183282,137395.05400700198,3442,18,751.974358974359,37,2,17,30.42130699726833,0.6796171171171171,39.089912280701746,1043.6403508771918,28.206495969653833,0
3709,4,0,0,39,0.0,0.0,1.0,39,1050,700,350,0.6666666666666666,14,7,7,331.1381699529731,0.736617183985605,0.13313081205109345,0.22155773128055198,136233.9869599299,1222.4546254616698,137456.44158539156,3443,19,752.974358974359,37,2,17,30.365223365892945,0.6804617117117118,39.007675438596486,1043.9692982456133,28.21538643907063,0
3710,4,0,0,39,0.0,0.0,1.0,39,1000,800,200,0.8,12,8,4,333.0834087822542,0.7356050382366172,0.1431396617566827,0.22364171732522803,136358.02469135812,1283.7191358024775,137641.7438271606,3444,20,753.974358974359,38,1,18,30.1917109929078,0.6798245614035088,38.88888888888889,1044.4444444444453,27.485380116959085,0
3711,4,0,0,39,0.0,0.0,1.0,39,800,600,200,0.75,10,6,4,332.9107585858958,0.7365047233468286,0.14567584646324838,0.22405604323547643,136441.72699110594,1284.5837670757498,137726.3107581817,3445,21,754.974358974359,38,1,18,30.113423322084742,0.6806469298245614,38.80876068376068,1044.7649572649568,27.493814664867283,0
3712,4,0,0,39,0.0,0.0,1.0,39,1800,1600,200,0.8888888888888888,20,16,4,333.9288833580646,0.7341430499325237,0.14992597251156292,0.22581161877392264,136609.20863695288,1323.5520993133014,137932.76073626618,3446,22,755.974358974359,38,1,18,29.921222960313408,0.6822916666666667,38.648504273504265,1045.4059829059818,27.51068376068373,0
3713,4,0,1,38,0.0,0.02564102564102564,0.9743589743589743,39,1150,800,350,0.6956521739130435,15,8,7,331.30774545413914,0.7330184435447593,0.14387580815860446,0.22457342191863622,136692.98798305175,1257.489133610898,137950.47711666263,3447,23,756.974358974359,38,1,18,29.90694387685602,0.6831140350877194,38.568376068376054,1045.726495726493,27.519118308591924,0
3714,4,0,0,38,0.0,0.0,1.0,38,850,500,350,0.5882352941176471,12,5,7,335.2248110237915,0.7323376007586534,0.1410308717530262,0.227600003274048,136750.365230095,1568.4259219071728,138318.79115200217,3448,24,762.1578947368421,36,2,18,29.747837711742747,0.6875,38.513513513513516,1045.9459459459463,29.054054054054063,0
3715,4,0,0,38,0.0,0.0,1.0,38,650,600,50,0.9230769230769231,7,6,1,333.26301262696205,0.7328413940256046,0.13925852366765956,0.2264479444772945,136778.26350415498,1516.6272314558178,138294.8907356108,3449,25,763.1578947368421,37,1,18,29.771575821104115,0.6858108108108109,38.48684210526315,1046.0526315789461,28.271692745376924,0
3716,4,0,0,38,0.0,0.0,1.0,38,850,600,250,0.7058823529411765,11,6,5,333.814804225757,0.7321005215742058,0.14259832227535219,0.2273800625786149,136864.3010950483,1537.4659751077022,138401.767070156,3450,26,764.1578947368421,37,1,18,29.672163715114053,0.6866554054054055,38.40460526315788,1046.3815789473667,28.280583214793694,0
3717,4,0,0,38,0.0,0.0,1.0,38,800,400,400,0.5,12,4,8,333.1621083890433,0.7311522048364154,0.13887801624097973,0.22768064773014993,136979.05996316162,1527.2464844952144,138506.30644765683,3451,27,765.1578947368421,37,1,15,29.575935721518103,0.6877815315315315,38.29495614035087,1046.8201754385955,28.292437174016094,0
3718,4,0,0,38,0.0,0.0,1.0,38,650,200,450,0.3076923076923077,11,2,9,332.4680771668081,0.7306780464675201,0.13440095683758568,0.2275797612090214,137036.4574316135,1512.0495008079301,138548.5069324214,3452,28,766.1578947368421,37,1,15,29.537451565608958,0.6883445945945947,38.24013157894736,1047.0394736842097,28.29836415362729,0
3719,4,0,0,38,0.0,0.0,1.0,38,950,700,250,0.7368421052631579,12,7,5,335.1735684503529,0.7290481270744429,0.13933541200709554,0.23037757359529998,137180.00370306234,1595.8222722375956,138775.82597529993,3453,29,767.1578947368421,37,1,15,29.32497732188961,0.6897522522522523,38.10307017543859,1047.5877192982443,28.313181602655252,0
3720,4,0,0,38,0.0,0.0,1.0,38,900,700,200,0.7777777777777778,11,7,4,339.79028414008985,0.7281294452347084,0.1437166474835201,0.2341294697568017,137266.16753472228,1728.342013888894,138994.50954861118,3454,30,768.1578947368421,37,1,15,29.119035785288272,0.6905968468468469,38.020833333333336,1047.916666666667,28.322072072072082,0
3721,4,0,0,38,0.0,0.0,1.0,38,900,700,200,0.7777777777777778,11,7,4,338.92405911449174,0.7267069701280228,0.14531083960555224,0.23391877841699826,137323.62511782467,1708.456087449979,139032.08120527465,3455,31,769.1578947368421,37,1,15,29.08504637863096,0.6911599099099099,37.96600877192982,1048.1359649122803,28.327999051683253,0
3722,4,0,0,38,0.0,0.0,1.0,38,1150,1000,150,0.8695652173913043,13,10,3,337.7173672147455,0.7254919393077288,0.14960707917849847,0.2340528188436104,137467.32167590017,1685.020390889494,139152.34206678966,3456,32,770.1578947368421,37,1,15,28.974975602955517,0.6925675675675675,37.82894736842105,1048.684210526315,28.342816500711216,0
3723,4,0,0,38,0.0,0.0,1.0,38,1100,700,400,0.6363636363636364,15,7,8,337.9962371960876,0.724780701754386,0.14680832333813854,0.23463512373133322,137524.82133925817,1696.5744267466848,139221.39576600486,3457,33,771.1578947368421,37,1,15,28.910986828350406,0.6931306306306306,37.77412280701754,1048.9035087719292,28.348743480322412,0
3724,4,0,0,38,0.0,0.0,1.0,38,950,500,450,0.5263157894736842,14,5,9,340.5925072672284,0.7224988146040777,0.1504737447002733,0.23742249723631806,137668.6230979726,1777.780302593124,139446.40340056573,3458,34,772.1578947368421,37,1,16,28.70117629645108,0.6945382882882882,37.63706140350878,1049.451754385966,28.363560929350434,0
3725,4,0,0,38,0.0,0.0,1.0,38,1000,600,400,0.6,14,6,8,342.44934521334244,0.7206021811284969,0.1582492785488525,0.23951442515834598,137783.7186081295,1836.7888436826845,139620.50745181218,3459,35,773.1578947368421,37,1,16,28.539055700609225,0.6956644144144144,37.52741228070176,1049.8903508771937,28.375414888572802,0
3726,4,0,0,38,0.0,0.0,1.0,38,1200,900,300,0.75,15,9,6,343.55468506573095,0.7201576576576577,0.16168154677923563,0.24090157841526405,137871.6279624221,1873.2917505584596,139744.91971298054,3460,36,774.1578947368421,36,2,16,28.423448781185208,0.6984953703703702,37.4436936936937,1050.225225225227,29.17292292292297,0
3727,4,0,0,38,0.0,0.0,1.0,38,750,300,450,0.4,12,3,9,346.82347573329776,0.7192389758179232,0.16378313103440467,0.2434027508024432,137901.19669923317,1965.4744694018482,139866.67116863502,3461,37,775.1578947368421,36,2,16,28.308495050212635,0.6987847222222221,37.41554054054055,1050.3378378378388,29.17605105105108,0
3728,4,0,0,38,0.0,0.0,1.0,38,900,600,300,0.6666666666666666,12,6,6,343.71262718167065,0.7176386913229018,0.1588999110173679,0.24181016106129005,137985.25147160675,1885.4546591258973,139870.70613073264,3462,38,776.1578947368421,37,1,16,28.3074166840604,0.6976351351351351,37.33552631578948,1050.657894736843,28.39615931721197,0
3729,4,0,0,38,0.0,0.0,1.0,38,750,600,150,0.8,9,6,3,343.85879051686453,0.7167792792792793,0.15750204583774985,0.24211600216922213,138014.05390360497,1891.469129924591,139905.52303352958,3463,39,777.1578947368421,37,1,16,28.275222616438835,0.6979166666666666,37.30811403508772,1050.7675438596493,28.399122807017548,0
3730,4,0,0,38,0.0,0.0,1.0,38,1150,900,250,0.782608695652174,14,9,5,341.63393297385863,0.7176979611190137,0.15176865819115948,0.2415624003947905,138158.11114958458,1839.8997768544266,139998.01092643902,3464,40,778.1578947368421,37,1,14,28.191923932693644,0.6993243243243243,37.17105263157895,1051.315789473685,28.413940256045542,0
3731,4,0,0,38,0.0,0.0,1.0,38,650,500,150,0.7692307692307693,8,5,3,342.27855990639955,0.7174608819345661,0.15139809490364753,0.2428354990105166,138273.41104955375,1865.6048014773817,140139.01585103112,3465,41,779.1578947368421,37,1,15,28.061579093689186,0.7004504504504504,37.06140350877193,1051.7543859649127,28.42579421526791,0
3732,4,0,0,38,0.0,0.0,1.0,38,1000,800,200,0.8,12,8,4,337.524099367355,0.7165718349928877,0.15324657496636718,0.2380550767061146,138071.66778479906,1720.503063442586,139792.17084824166,3466,42,780.1578947368421,37,1,14,28.384954790471223,0.6984797297297297,37.253289473684205,1050.9868421052624,28.405049786628716,2
3733,4,1,0,39,0.02564102564102564,0.0,1.0,39,950,700,250,0.7368421052631579,12,7,5,329.12309975327116,0.7191295546558705,0.15836996894757505,0.23477130019330014,138458.28682016587,1313.9641089560976,139772.25092912198,3467,0,761.1282051282051,38,1,16,28.225983825669132,0.7003837719298245,36.88568376068376,1052.4572649572654,27.69624381466488,0
3734,4,0,0,39,0.0,0.0,1.0,39,750,600,150,0.8,9,6,3,337.0365704360034,0.7191295546558705,0.12868673630246064,0.22053373443639904,135438.99441385423,1329.5788361092905,136768.57324996352,3468,1,762.1282051282051,38,1,17,30.999606555133614,0.6707785087719298,39.77029914529915,1040.9188034188037,27.392600089968518,5
3735,4,0,0,39,0.0,0.0,1.0,39,650,400,250,0.6153846153846154,9,4,5,335.10319720476707,0.7182860998650472,0.12397546373746593,0.2201203481369322,135578.04167579825,1286.5270472642408,136864.5687230625,3469,2,763.1282051282051,38,1,17,30.911896457392963,0.6721491228070174,39.63675213675214,1041.4529914529926,27.406657669815594,0
3736,4,0,1,38,0.0,0.02564102564102564,0.9743589743589743,39,1000,700,300,0.7,13,7,6,336.0,0.7177237966711651,0.12389743589743629,0.22105263157894742,135633.6805555556,1314.594747607573,136948.27530316316,3470,3,764.1282051282051,37,2,17,30.83333333333334,0.6745495495495495,39.583333333333336,1041.666666666667,28.153153153153163,0
3737,4,0,0,38,0.0,0.0,1.0,38,600,500,100,0.8333333333333334,7,5,2,344.574489138066,0.712126600284495,0.12337691126837802,0.22615230983719523,135548.03070415911,1741.2786867113098,137289.30939087042,3471,47,785.1578947368421,37,1,17,30.695109859253797,0.673704954954955,39.6655701754386,1041.3377192982466,28.144262683736393,0
3738,4,0,0,38,0.0,0.0,1.0,38,1450,1200,250,0.8275862068965517,17,12,5,342.6182815516035,0.7123044096728307,0.12175172696502812,0.2255867146931247,135662.23651748637,1696.072469413688,137358.30898690005,3472,48,786.1578947368421,37,1,17,30.632630775707828,0.6748310810810809,39.55592105263159,1041.7763157894753,28.156116642958793,0
3739,4,0,0,38,0.0,0.0,1.0,38,950,700,250,0.7368421052631579,12,7,5,341.9417944880907,0.7118006164058795,0.11984981392876115,0.22568158436214,135747.92243767323,1683.577639273636,137431.50007694686,3473,49,787.1578947368421,37,1,17,30.56520061728397,0.6756756756756757,39.47368421052632,1042.1052631578955,28.165007112375555,0
3740,4,0,0,38,0.0,0.0,1.0,38,1300,900,400,0.6923076923076923,17,9,8,340.38780353510515,0.7110301090564248,0.11717556406793173,0.225376548468787,135862.21241151128,1649.1680132348483,137511.38042474614,3474,50,788.1578947368421,37,1,18,30.492304725844914,0.6768018018018017,39.3640350877193,1042.543859649123,28.17686107159792,0
3741,4,0,0,38,0.0,0.0,1.0,38,1000,700,300,0.7,13,7,6,357.54144266608114,0.7108522996680892,0.11934754429743677,0.2290103875645083,134667.6421987868,2032.5577737185654,136700.19997250536,3475,51,789.1578947368421,36,2,17,31.234629850638324,0.6669560185185184,40.5123873873874,1037.9504504504519,28.831956956956997,8
3742,4,0,0,38,0.0,0.0,1.0,38,1300,1000,300,0.7692307692307693,16,10,6,354.9699778621271,0.7075924608819346,0.12255688011093513,0.22846392922696457,134843.02873397066,1973.0453849119622,136816.07411888262,3476,52,790.1578947368421,36,2,13,31.126441143518015,0.6686921296296295,40.34346846846848,1038.6261261261277,28.85072572572577,0
3743,4,0,0,38,0.0,0.0,1.0,38,1250,800,450,0.64,17,8,9,361.01341395520177,0.7065848743480323,0.1263825272512591,0.2331050224327954,134960.0164987623,2144.475260733709,137104.491759496,3477,53,791.1578947368421,36,2,13,30.85284129908601,0.669849537037037,40.23085585585586,1039.0765765765768,28.863238238238246,0
3744,4,0,0,38,0.0,0.0,1.0,38,850,500,350,0.5882352941176471,12,5,7,361.40595275524015,0.7057550972024657,0.1295601393775907,0.2337361974756912,135018.52940355905,2159.3000517409373,137177.82945529997,3478,54,792.1578947368421,36,2,13,30.784303102539095,0.6704282407407407,40.17454954954955,1039.3018018018024,28.86949449449451,0
3745,4,0,0,38,0.0,0.0,1.0,38,550,200,350,0.36363636363636365,9,2,7,360.4815610085032,0.7054883831199621,0.12957789838547829,0.23370546146281618,135106.32253875505,2140.6676101777525,137246.9901489328,3479,55,793.1578947368421,36,2,13,30.720817085499718,0.6712962962962963,40.090090090090094,1039.63963963964,28.878878878878893,0
3746,4,0,0,38,0.0,0.0,1.0,38,850,700,150,0.8235294117647058,10,7,3,378.89464585228103,0.706703413940256,0.12300413956238887,0.2433519220267741,134767.0138888888,2648.9247270919377,137415.93861598073,3480,56,794.1578947368421,34,4,19,30.581193151417853,0.6721813725490197,40.41666666666666,1038.3333333333323,30.53921568627448,6
3747,4,0,0,38,0.0,0.0,1.0,38,800,500,300,0.625,11,5,6,393.8346834940608,0.7070886676149835,0.14487509039311086,0.24038070428062452,132888.5363520409,2881.2854308390106,135769.8217828799,3481,57,795.1578947368421,34,4,18,32.080350613862905,0.6534926470588235,42.23214285714286,1031.0714285714294,30.325630252100865,8
3748,4,0,0,38,0.0,0.0,1.0,38,800,600,200,0.75,10,6,4,391.7272030763602,0.7057550972024657,0.1364989218574415,0.23988100456937572,133011.31129535168,2820.8297902494533,135832.14108560115,3482,58,796.1578947368421,34,4,18,32.01096364685516,0.6547181372549018,42.11309523809525,1031.5476190476206,30.339635854341783,0
3749,4,0,0,38,0.0,0.0,1.0,38,850,700,150,0.8235294117647058,10,7,3,399.25038948958047,0.7044511616880038,0.14597992848079366,0.24529423291886465,133134.14292800476,3030.7716836735017,136164.91461167825,3483,59,797.1578947368421,34,4,18,31.693149921175085,0.6559436274509802,41.994047619047635,1032.0238095238115,30.35364145658269,0
3750,4,0,0,38,0.0,0.0,1.0,38,800,600,200,0.75,10,6,4,399.2018965278501,0.7046586059743954,0.14689315261397695,0.24566924377522992,133195.58000283455,3034.385629251717,136229.96563208627,3484,60,798.1578947368421,34,4,18,31.632501057163747,0.6565563725490196,41.93452380952382,1032.2619047619055,30.360644257703104,0
3751,4,0,0,38,0.0,0.0,1.0,38,1250,800,450,0.64,17,8,9,399.4015063254574,0.7052216690374585,0.1388767562058677,0.24680964878060338,133349.23469387775,3051.977040816354,136401.2117346941,3485,61,799.1578947368421,34,4,19,31.472596818810537,0.6580882352941175,41.7857142857143,1032.8571428571443,30.378151260504243,0
3752,4,0,0,38,0.0,0.0,1.0,38,1000,700,300,0.7,13,7,6,395.833112640899,0.7056365576102418,0.1342559288654075,0.24502124573042097,133412.42953746597,2961.8114497599763,136374.24098722596,3486,62,800.1578947368421,35,3,19,31.501138994697136,0.6565476190476189,41.72453703703705,1033.101851851854,29.51719576719583,0
3753,4,1,0,39,0.02564102564102564,0.0,1.0,39,950,700,250,0.7368421052631579,12,7,5,389.48410175879496,0.7176675663517769,0.14108907239732282,0.24370095956700413,133810.73022959183,2623.457205670336,136434.18743526217,3487,0,780.6153846153846,34,5,18,31.264862117899742,0.6626838235294117,41.339285714285715,1034.642857142857,30.43067226890756,0
3754,4,0,0,39,0.0,0.0,1.0,39,1550,1100,450,0.7096774193548387,20,11,9,392.40824027874555,0.7159806567701305,0.14060541720116193,0.2463530432652486,133933.9303429705,2711.355583900226,136645.28592687074,3488,1,781.6153846153846,34,5,18,31.065506996358053,0.6639093137254901,41.220238095238095,1035.1190476190475,30.444677871148457,0
3755,4,0,0,39,0.0,0.0,1.0,39,900,600,300,0.6666666666666666,12,6,6,391.6132075333319,0.7155308142150247,0.13867789106322292,0.24667945636006167,134057.18714569145,2699.7130102040633,136756.9001558955,3489,2,782.6153846153846,34,5,19,30.96237115377246,0.6651348039215687,41.10119047619047,1035.595238095237,30.45868347338932,0
3756,4,0,0,39,0.0,0.0,1.0,39,950,600,350,0.631578947368421,13,6,7,393.1243665950307,0.7152496626180836,0.14057881350106594,0.2485345571863499,134190.7793209876,2750.733024691357,136941.51234567896,3490,3,783.6153846153846,35,4,19,30.789209115281505,0.6642857142857144,40.97222222222222,1036.1111111111109,29.603174603174597,0
3757,4,0,0,39,0.0,0.0,1.0,39,700,400,300,0.5714285714285714,10,4,6,399.5353652685538,0.7155308142150247,0.1453936348408711,0.25320871875300066,134280.73459201385,2929.9804687499945,137210.71506076385,3491,4,784.6153846153846,35,4,19,30.532872696817417,0.6651785714285714,40.885416666666664,1036.458333333333,29.61309523809523,0
3758,4,0,0,39,0.0,0.0,1.0,39,1050,800,250,0.7619047619047619,13,8,5,402.57536114475295,0.7146873594242016,0.15059890328707604,0.2557978847522249,134375.58493882391,3019.259927156888,137394.8448659808,3492,5,785.6153846153846,36,3,19,30.35892074870571,0.6640625,40.79391891891892,1036.824324324324,28.800675675675663,0
3759,4,0,0,39,0.0,0.0,1.0,39,1050,600,450,0.5714285714285714,15,6,9,390.77650889769103,0.7146873594242016,0.1374210167351515,0.2281954222048267,131212.72243527343,2455.0840536482783,133667.80648892172,3493,6,786.6153846153846,36,3,19,33.85336520847073,0.632523148148148,43.86261261261263,1024.549549549552,28.459709709709777,4
3760,4,1,1,39,0.025,0.025,0.975,40,1000,700,300,0.7,13,7,6,381.90147719427034,0.7300213675213675,0.1309766919704909,0.22450814055298635,131468.65051025336,2041.6143669206156,133510.26487717396,3494,0,767.925,37,3,20,33.821478848141425,0.6331644144144143,43.61293859649124,1025.5482456140367,27.71752015173072,0
3761,4,1,1,39,0.025,0.025,0.975,40,1050,800,250,0.7619047619047619,13,8,5,382.52200779233874,0.7242788461538462,0.13816520624064976,0.22570245579575726,131609.25116381983,2068.686999846127,133677.93816366597,3495,0,768.9,37,3,17,33.66326494265157,0.634572072072072,43.475877192982466,1026.0964912280717,27.732337600758694,0
3762,4,0,0,39,0.0,0.0,1.0,39,800,500,300,0.625,11,5,6,394.1434224725189,0.7158119658119658,0.14091724314629794,0.23172783398690977,131472.44953991167,2563.8002445012767,134036.24978441294,3496,9,789.6153846153846,36,3,20,33.50376084330736,0.6351273148148147,43.60923423423424,1025.5630630630642,28.487862862862894,0
3763,4,0,0,39,0.0,0.0,1.0,39,1000,800,200,0.8,12,8,4,394.7714655817643,0.7152496626180836,0.1463271875914549,0.2329765281334869,131616.85333982637,2591.71561764468,134208.56895747106,3497,10,790.6153846153846,36,3,17,33.34133560140474,0.6365740740740741,43.46846846846847,1026.1261261261266,28.503503503503516,0
3764,4,0,0,39,0.0,0.0,1.0,39,750,300,450,0.4,12,3,9,394.7714655817643,0.7152496626180836,0.1463271875914549,0.2329765281334869,131616.85333982637,2591.71561764468,134208.56895747106,3498,11,791.6153846153846,36,3,17,33.34133560140474,0.6365740740740741,43.46846846846847,1026.1261261261266,28.503503503503516,0
3765,4,0,0,39,0.0,0.0,1.0,39,1150,1000,150,0.8695652173913043,13,10,3,390.22824062780126,0.7144062078272605,0.14319825178660328,0.23117029693331145,131761.3363997443,2483.398897208018,134244.7352969523,3499,12,792.6153846153846,36,3,17,33.31162480348068,0.6380208333333334,43.3277027027027,1026.689189189189,28.519144144144136,0
3766,4,0,1,38,0.0,0.02564102564102564,0.9743589743589743,39,800,600,200,0.75,10,6,4,388.7140754847648,0.7154745838956366,0.14644062078272646,0.23079898231907894,131848.06428049668,2450.239682249816,134298.3039627465,3500,13,793.6153846153846,36,3,17,33.26274671052632,0.6388888888888888,43.24324324324324,1027.0270270270266,28.52852852852852,0
3767,4,0,0,38,0.0,0.0,1.0,38,1150,800,350,0.6956521739130435,15,8,7,393.30235991923445,0.7155346135609294,0.14228669002685823,0.23416130442676322,131951.69331114952,2779.382474922817,134731.07578607232,3501,14,804.6052631578947,35,3,17,33.04008955728286,0.6419642857142858,43.1423611111111,1027.430555555554,29.35515873015869,0
3768,4,0,0,38,0.0,0.0,1.0,38,750,400,350,0.5333333333333333,11,4,7,397.4525314538272,0.7149715504978663,0.14539755152348355,0.23756213892145941,132100.3796403461,2900.726058813411,135001.10569915953,3502,15,805.6052631578947,35,3,18,32.783063123921025,0.6434523809523811,42.99768518518517,1028.009259259257,29.37169312169306,0
3769,4,0,0,38,0.0,0.0,1.0,38,800,600,200,0.75,10,6,4,397.7487924634535,0.7148826458036984,0.15021053816041174,0.23867613225001388,132249.14969403695,2920.387919024321,135169.5376130613,3503,16,806.6052631578947,35,3,19,32.62501875398522,0.6449404761904763,42.853009259259245,1028.587962962961,29.388227513227456,0
3770,4,0,0,38,0.0,0.0,1.0,38,600,300,300,0.5,9,3,6,399.3760827230297,0.7142899478425794,0.1509405474536829,0.24003069637085916,132308.68115837176,2968.1845582561527,135276.86571662792,3504,17,807.6052631578947,35,3,19,32.52299190010123,0.6455357142857143,42.79513888888888,1028.8194444444432,29.394841269841233,0
3771,4,0,0,38,0.0,0.0,1.0,38,1000,800,200,0.8,12,8,4,397.37590507675355,0.7140825035561877,0.154681452901424,0.239773493877384,132457.56842635432,2927.0892275376923,135384.657653892,3505,18,808.6052631578947,35,3,19,32.42401244284536,0.6470238095238097,42.65046296296295,1029.398148148146,29.4113756613756,0
3772,4,1,0,39,0.02564102564102564,0.0,1.0,39,850,700,150,0.8235294117647058,10,7,3,399.3688856157383,0.722165991902834,0.17590413010913752,0.23357331695648884,131271.93583602656,2685.1853454909324,133957.1211815175,3506,0,788.8461538461538,37,2,20,33.573186389899426,0.6311936936936936,43.804824561403514,1024.7807017543867,27.69677572309153,2
3773,4,0,1,38,0.0,0.02564102564102564,0.9743589743589743,39,750,500,250,0.6666666666666666,10,5,5,396.97855088922523,0.7218286099865048,0.17711990328411198,0.23270131393513407,131358.63272392293,2629.348001896973,133987.9807258199,3507,1,789.8461538461538,34,5,20,33.546481244919285,0.6381740196078431,43.720238095238095,1025.1190476190477,30.150560224089638,0
3774,4,2,1,39,0.05,0.025,0.975,40,650,300,350,0.46153846153846156,10,3,7,381.99224152580604,0.7432425213675213,0.15917493237150593,0.2265397838781385,131803.09070644723,2069.5516117969846,133872.6423182442,3508,0,737.75,35,5,17,33.48080102194168,0.6404761904761904,43.28703703703704,1026.8518518518522,29.33862433862435,0
3775,4,0,0,39,0.0,0.0,1.0,39,1000,800,200,0.8,12,8,4,391.5869033563837,0.7275641025641026,0.1631285381285379,0.2319399350649351,131755.55555555562,2518.7500000000055,134274.30555555562,3509,1,757.6666666666666,34,5,18,33.282602813852805,0.642156862745098,43.333333333333336,1026.6666666666672,30.196078431372566,0
3776,4,0,0,39,0.0,0.0,1.0,39,850,500,350,0.5882352941176471,12,5,7,388.9217196483121,0.7276203328834908,0.16524018401626162,0.23110307142738537,131877.8061224489,2458.0286281179024,134335.8347505668,3510,2,758.6666666666666,34,5,19,33.22733155617369,0.6433823529411765,43.21428571428571,1027.1428571428567,30.21008403361343,0
3777,4,1,1,39,0.025,0.025,0.975,40,1250,900,350,0.72,16,9,7,378.5755430985286,0.73616452991453,0.15692840646651307,0.23087776079107442,132857.85147392284,2060.370606575958,134918.2220804988,3511,0,740.675,34,6,15,32.50457082371054,0.6531862745098039,42.26190476190476,1030.9523809523805,30.322128851540604,3
3778,4,1,1,39,0.025,0.025,0.975,40,800,600,200,0.75,10,6,4,374.1833172709664,0.7357638888888889,0.15877468581687637,0.2290330854065145,132994.2558299039,1952.846364883394,134947.1021947873,3512,0,741.65,35,5,15,32.48055056852185,0.6523809523809524,42.129629629629626,1031.4814814814808,29.470899470899454,0
3779,4,0,0,39,0.0,0.0,1.0,39,1250,900,350,0.72,16,9,7,380.5574301813829,0.725033738191633,0.16302755307718986,0.23265836398456738,132949.91673752834,2319.015731292524,135268.93246882086,3513,5,761.6666666666666,34,5,18,32.36080649505561,0.6541053921568627,42.17261904761905,1031.3095238095239,30.33263305322129,0
3780,4,0,0,39,0.0,0.0,1.0,39,1200,900,300,0.75,15,9,6,381.14526269636036,0.7238529014844804,0.16134377200613081,0.23359298773172957,133042.0138888888,2341.6666666666574,135383.68055555545,3514,6,762.6666666666666,34,5,18,32.252961766289715,0.6550245098039216,42.08333333333333,1031.6666666666658,30.343137254901936,0
3781,4,0,0,39,0.0,0.0,1.0,39,1300,1100,200,0.8461538461538461,15,11,4,379.7650090047354,0.7257647323436798,0.1653085919423778,0.2341315580740317,133263.00643272008,2321.7253675839884,135584.73180030406,3515,7,763.6666666666666,35,4,18,32.06630889661099,0.6550595238095239,41.86921296296295,1032.523148148146,29.500661375661313,0
3782,4,1,1,39,0.025,0.025,0.975,40,700,400,300,0.5714285714285714,10,4,6,369.9451626373603,0.7362713675213676,0.1593225083986567,0.22973646052514762,133532.02830289755,1880.0696855709616,135412.0979884685,3516,0,745.55,35,5,19,32.049738708473306,0.6577380952380953,41.60879629629628,1033.564814814813,29.53042328042323,0
3783,4,0,0,39,0.0,0.0,1.0,39,1250,900,350,0.72,16,9,7,376.96409781343044,0.7259896536212326,0.16731300665873805,0.23334129938160045,133412.42953746565,2258.339227537711,135670.76876500336,3517,9,765.6666666666666,35,4,19,31.988479348719082,0.656547619047619,41.72453703703703,1033.1018518518513,29.51719576719575,0
3784,4,0,0,39,0.0,0.0,1.0,39,600,500,100,0.8333333333333334,7,5,2,355.40917793713186,0.7259896536212326,0.183971187627888,0.20076516017372156,129927.00277970168,1453.7888631568799,131380.79164285856,3518,10,766.6666666666666,37,2,17,36.06196673119669,0.6176801801801801,45.12061403508773,1019.517543859651,27.554528212423,8
3785,4,0,0,39,0.0,0.0,1.0,39,750,700,50,0.9333333333333333,8,7,1,355.86819608778717,0.7259896536212326,0.18195149650750553,0.20160085018322788,130038.81602993251,1455.3357763927593,131494.15180632527,3519,11,767.6666666666666,37,2,18,35.93671611839748,0.6188063063063062,45.01096491228071,1019.956140350879,27.566382171645376,0
3786,4,2,1,40,0.04878048780487805,0.024390243902439025,0.975609756097561,41,1350,1000,350,0.7407407407407407,17,10,7,342.40369032739375,0.7511686991869919,0.18901865406236307,0.19674330963136258,130589.9824334324,743.0907478815058,131333.0731813139,3520,0,731.170731707317,38,3,16,35.72175185533605,0.6225328947368418,44.47115384615387,1022.1153846153882,26.89777327935232,0
3787,4,1,1,40,0.024390243902439025,0.024390243902439025,0.975609756097561,41,1050,900,150,0.8571428571428571,12,9,3,340.7238529495576,0.7511178861788618,0.18247572444376403,0.1961929766983921,130671.89554569407,704.6063445102391,131376.50189020432,3521,0,732.1463414634146,38,3,16,35.68181818181818,0.6233552631578945,44.391025641025664,1022.4358974359011,26.906207827260555,0
3788,4,0,0,40,0.0,0.0,1.0,40,800,500,300,0.625,11,5,6,347.8498764052399,0.7432425213675213,0.19265526118202292,0.20006196161172451,130626.62459843422,1087.6910443598106,131714.31564279404,3522,2,751.45,37,3,17,35.5454923307948,0.6247184684684683,44.43530701754386,1022.2587719298252,27.628615457562844,0
3789,4,0,0,40,0.0,0.0,1.0,40,1300,800,500,0.6153846153846154,18,8,10,348.5292257178076,0.7425213675213675,0.1913164665523155,0.20118073128067523,130766.77439212073,1115.208525700219,131881.98291782095,3523,3,752.45,37,3,17,35.38629216695253,0.6261261261261261,44.29824561403509,1022.8070175438603,27.643432906590817,0
3790,4,0,0,40,0.0,0.0,1.0,40,1000,700,300,0.7,13,7,6,351.7236863418151,0.7413995726495727,0.1977867095391217,0.20331982611952493,130822.8553497229,1202.6993882733086,132025.55473799622,3524,4,753.45,37,3,17,35.2478563772776,0.6266891891891893,44.243421052631575,1023.0263157894728,27.649359886201967,0
3791,4,0,0,40,0.0,0.0,1.0,40,1250,1000,250,0.8,15,10,5,352.2985948584351,0.740892094017094,0.2013795135540548,0.20409700718893722,130906.99932912068,1223.6703841566782,132130.66971327737,3525,5,754.45,37,3,17,35.14801867923854,0.6275337837837838,44.16118421052632,1023.3552631578962,27.658250355618815,0
3792,4,2,0,42,0.047619047619047616,0.0,1.0,42,1050,800,250,0.7619047619047619,13,8,5,339.2061047618445,0.7616627951993805,0.19734446241023162,0.19419698011671963,130448.74267578125,449.8019748263891,130898.54465060764,3526,0,719.4761904761905,39,3,19,35.94636909010571,0.6193910256410255,44.609375,1021.5625,26.193910256410255,5
3793,4,0,1,41,0.0,0.023809523809523808,0.9761904761904762,42,1150,900,250,0.782608695652174,14,9,5,336.82786397204376,0.7632839721254355,0.19977185573515888,0.1932328272260672,130528.564453125,393.131510416667,130921.69596354167,3527,1,720.4761904761905,39,3,15,35.92635066258921,0.6201923076923077,44.53125,1021.875,26.201923076923077,0
3794,4,2,2,41,0.046511627906976744,0.046511627906976744,0.9534883720930233,43,1150,900,250,0.782608695652174,14,9,5,330.81128095203485,0.7701181247692875,0.19033911070654597,0.19115650712188198,130807.80805902572,54.5397085068405,130862.34776753256,3528,0,704.6511627906976,40,3,15,35.797900523213464,0.6213541666666667,44.25813008130081,1022.9674796747968,25.57418699186992,0
3795,4,0,0,41,0.0,0.0,1.0,41,1000,800,200,0.8,12,8,4,347.05671866514297,0.7560467479674797,0.20691554046302385,0.19941691456272834,130589.9824334321,864.4261587771359,131454.40859220925,3529,3,740.0243902439024,38,3,17,35.60285355910944,0.622532894736842,44.471153846153854,1022.1153846153859,26.89777327935226,0
3796,4,0,0,41,0.0,0.0,1.0,41,1500,1300,200,0.8666666666666667,17,13,4,346.2350531020786,0.7538617886178862,0.2048107723789594,0.199507266299819,130699.20562358464,850.5292798962644,131549.73490348092,3530,4,741.0243902439024,38,3,17,35.51331278514959,0.6236293859649122,44.36431623931624,1022.5427350427351,26.909019343229872,0
3797,4,0,0,41,0.0,0.0,1.0,41,900,500,400,0.5555555555555556,13,5,8,346.4406355402785,0.7534044715447155,0.20899590863466555,0.20004961668652751,130781.15297866902,861.5811509240995,131642.73412959313,3531,5,742.0243902439024,38,3,18,35.42515319267459,0.6244517543859649,44.284188034188034,1022.863247863248,26.917453891138106,0
3798,4,0,0,41,0.0,0.0,1.0,41,1250,800,450,0.64,17,8,9,348.57251880076615,0.7541666666666667,0.22848387515493607,0.20256946316966326,131027.14913662447,934.4926811673784,131961.64181779185,3532,6,743.0243902439024,38,3,20,35.12187380430625,0.6269188596491228,44.04380341880343,1023.8247863247877,26.942757534862835,0
3799,4,0,0,41,0.0,0.0,1.0,41,1000,600,400,0.6,14,6,8,348.04285140184606,0.7528455284552845,0.19867701019540118,0.20546721497939344,131629.44614517127,962.5375529622291,132591.9836981335,3533,7,744.0243902439024,38,3,16,34.52737289606108,0.6329495614035088,43.45619658119658,1026.1752136752134,27.004610886189827,1
3800,4,0,0,41,0.0,0.0,1.0,41,600,300,300,0.5,9,3,6,348.1462899247604,0.7537093495934959,0.19545199511535039,0.20582408660351822,131684.26890432087,969.0779320987526,132653.34683641963,3534,8,745.0243902439024,38,3,16,34.46944068561118,0.6334978070175439,43.40277777777777,1026.388888888888,27.01023391812863,0
3801,4,0,1,40,0.0,0.024390243902439025,0.975609756097561,41,1100,900,200,0.8181818181818182,13,9,4,349.07598336037506,0.754979674796748,0.19778630370573347,0.20711841679382245,131821.37573964495,1003.1352728468062,132824.51101249177,3535,9,746.0243902439024,38,3,16,34.30737619642114,0.6348684210526316,43.26923076923077,1026.9230769230767,27.024291497975703,0
3802,4,0,0,40,0.0,0.0,1.0,40,1050,900,150,0.8571428571428571,12,9,3,354.78344255397866,0.7434561965811965,0.20676671651356626,0.20995465165552113,131721.78578985823,1346.5417243767174,133068.32751423496,3536,16,765.45,37,3,16,34.26128676208789,0.6356981981981983,43.36622807017543,1026.5350877192968,27.744191559980994,0
3803,4,0,0,40,0.0,0.0,1.0,40,750,300,450,0.4,12,3,9,355.6895934564636,0.7428952991452992,0.21435091277890495,0.21127104767956206,131862.52170138882,1380.4253472222176,133242.94704861104,3537,17,766.45,37,3,16,34.0960953346856,0.6371058558558559,43.229166666666664,1027.0833333333328,27.759009009008995,0
3804,4,0,0,40,0.0,0.0,1.0,40,900,600,300,0.6666666666666666,12,6,6,353.5545703674519,0.7433760683760684,0.21308303981214705,0.2103144615728671,131918.83710612875,1328.1015552862423,133246.93866141498,3538,18,767.45,37,3,16,34.09415359163199,0.637668918918919,43.17434210526316,1027.302631578947,27.76493598862019,0
3805,4,0,0,40,0.0,0.0,1.0,40,950,900,50,0.9473684210526315,10,9,1,354.9414614866813,0.7424412393162393,0.2165048025613665,0.21129615591678536,131946.99931709742,1366.6921552785338,133313.69147237594,3539,19,768.45,37,3,16,34.030149413020276,0.6379504504504505,43.1469298245614,1027.4122807017534,27.767899478425768,0
3806,4,0,0,40,0.0,0.0,1.0,40,1150,800,350,0.6956521739130435,15,8,7,352.1777548029134,0.7452724358974359,0.2151856197994455,0.21027479449187944,132059.6782182978,1301.696194983052,133361.37441328086,3540,20,769.45,37,3,16,33.98762534670364,0.6390765765765766,43.037280701754376,1027.8508771929812,27.77975343764814,0
3807,4,0,0,40,0.0,0.0,1.0,40,950,600,350,0.631578947368421,13,6,7,356.81100050413494,0.7451388888888889,0.21980380626537022,0.20975822047235515,131468.65051025298,1382.3249701831141,132850.9754804361,3541,21,770.45,37,3,17,34.464766206921134,0.6331644144144144,43.61293859649122,1025.5482456140337,27.71752015173064,1
3808,4,0,0,40,0.0,0.0,1.0,40,900,500,400,0.5555555555555556,13,5,8,358.4140586201118,0.7456997863247863,0.2240808037622921,0.21116636854217655,131553.00188519532,1430.0890658664075,132983.09095106172,3542,22,771.45,37,3,18,34.33848154481973,0.6340090090090091,43.53070175438596,1025.8771929824552,27.726410621147437,0
3809,4,0,0,40,0.0,0.0,1.0,40,750,600,150,0.8,9,6,3,361.91313111692523,0.7442307692307693,0.22835505930120736,0.21369999962923045,131637.3803117305,1528.2592961295716,133165.63960786007,3543,23,772.45,37,3,15,34.16352797663567,0.6348536036036037,43.4484649122807,1026.206140350877,27.735301090564242,0
3810,4,1,0,41,0.024390243902439025,0.0,1.0,41,900,500,400,0.5555555555555556,13,5,8,397.15718032662926,0.7544715447154472,0.30247882714547947,0.2269763574612809,130380.76560356647,2245.5055199795524,132626.27112354603,3544,0,754.5853658536586,35,6,20,34.535546993049266,0.6261904761904762,44.675925925925924,1021.2962962962958,29.179894179894166,6
3811,4,0,1,40,0.0,0.024390243902439025,0.975609756097561,41,950,700,250,0.7368421052631579,12,7,5,395.6806438180995,0.7550813008130082,0.3001110908457829,0.22647713115035953,130439.87509645053,2122.506751543199,132562.38184799373,3545,1,755.5853658536586,35,6,20,34.51308633582597,0.6267857142857144,44.61805555555555,1021.527777777777,29.186507936507915,0
3812,4,2,1,41,0.047619047619047616,0.023809523809523808,0.9761904761904762,42,1200,1000,200,0.8333333333333334,14,10,4,385.66590868937226,0.7648809523809523,0.3077422870556674,0.22352881238322786,130924.43795146485,1698.618466439394,132623.05641790424,3546,0,737.6666666666666,36,6,18,34.27665602992956,0.6296296296296298,44.144144144144136,1023.4234234234224,28.4284284284284,0
3813,4,1,0,42,0.023809523809523808,0.0,1.0,42,700,600,100,0.8571428571428571,8,6,2,386.51773239630984,0.7653406891211769,0.32025419867716143,0.22486281130387986,131068.5405633673,1732.0630174092867,132800.6035807766,3547,0,738.6428571428571,36,6,20,34.10865500934784,0.631076388888889,44.00337837837837,1023.9864864864857,28.444069069069045,0
3814,4,0,0,42,0.0,0.0,1.0,42,950,800,150,0.8421052631578947,11,8,3,386.51773239630984,0.7653406891211769,0.32025419867716143,0.22486281130387986,131068.5405633673,1732.0630174092867,132800.6035807766,3548,1,739.6428571428571,36,6,20,34.10865500934784,0.631076388888889,44.00337837837837,1023.9864864864857,28.444069069069045,0
3815,4,2,1,43,0.045454545454545456,0.022727272727272728,0.9772727272727273,44,850,600,250,0.7058823529411765,11,6,5,371.98587956401883,0.7797744890768147,0.3138670973696356,0.21940484513207073,131595.1877170137,991.0807370926423,132586.26845410635,3549,0,706.9772727272727,35,9,17,33.94775803722503,0.6383928571428572,43.48958333333332,1026.0416666666652,29.315476190476147,0
3816,4,2,1,44,0.044444444444444446,0.022222222222222223,0.9777777777777777,45,1200,900,300,0.75,15,9,6,353.176043171557,0.7807659932659933,0.2823446594008874,0.2041676288811898,130824.41332572441,313.78064986282,131138.19397558723,3550,0,692.2222222222222,35,10,17,35.20913470603764,0.6306547619047619,44.241898148148145,1023.032407407407,29.229497354497344,6
3817,4,0,0,44,0.0,0.0,1.0,44,1550,1200,350,0.7741935483870968,19,12,7,359.4715640788155,0.7716701902748415,0.29709024880698687,0.20819108367012096,130895.6269402849,610.6511494602727,131506.27808974517,3551,1,708.9318181818181,36,8,19,34.976018854774225,0.6293402777777778,44.1722972972973,1023.310810810811,28.425300300300304,0
3818,4,0,1,43,0.0,0.022727272727272728,0.9772727272727273,44,1200,1000,200,0.8333333333333334,14,10,4,361.4656690140845,0.7720665961945032,0.29872059058898826,0.2095025510204081,130924.43795146498,664.937910883853,131589.37586234882,3552,2,709.9318181818181,36,8,19,34.895833333333314,0.6296296296296295,44.14414414414414,1023.4234234234234,28.42842842842843,0
3819,4,0,0,43,0.0,0.0,1.0,43,1150,900,250,0.782608695652174,14,9,5,365.0362374117844,0.7654115909929863,0.3024755170808313,0.21134809266257917,130883.62328800141,955.4530767746791,131839.0763647761,3553,3,727.3255813953489,35,8,19,34.84581778079402,0.6312500000000001,44.18402777777777,1023.2638888888879,29.236111111111082,0
3820,4,0,0,43,0.0,0.0,1.0,43,1350,900,450,0.6666666666666666,18,9,9,365.0875689957156,0.763796603912883,0.3048207501281772,0.21202886065443852,131002.08340031267,965.4464323988063,131967.52983271147,3554,4,728.3255813953489,35,8,19,34.724538345581315,0.6324404761904763,44.068287037037024,1023.7268518518497,29.249338624338563,0
3821,4,0,0,43,0.0,0.0,1.0,43,1150,700,450,0.6086956521739131,16,7,9,366.9735397194871,0.7640273163528977,0.3088668539606376,0.21378201797088456,131120.5970963003,1023.5579293123874,132144.15502561268,3555,5,729.3255813953489,35,8,19,34.556282254115345,0.6336309523809525,43.95254629629628,1024.1898148148127,29.26256613756608,0
3822,4,3,1,45,0.06521739130434782,0.021739130434782608,0.9782608695652174,46,1600,1300,300,0.8125,19,13,6,345.71471286070664,0.7839774557165862,0.3061247558417133,0.2057173687418658,131931.1125721381,-77.89465994594909,131853.21791219217,3556,0,682.695652173913,38,8,17,34.283139212423734,0.6359649122807018,43.16239316239316,1027.3504273504266,27.03553756185333,0
3823,4,0,0,45,0.0,0.0,1.0,45,1000,600,400,0.6,14,6,8,353.0563795777808,0.7783670033670034,0.310389903087672,0.20970698208656124,131862.52170138882,310.9809027777723,132173.5026041666,3557,1,698.8666666666667,37,8,17,34.16370858688303,0.6371058558558559,43.229166666666664,1027.0833333333328,27.759009009008995,0
3824,4,0,1,44,0.0,0.022222222222222223,0.9777777777777777,45,1000,600,400,0.6,14,6,8,350.12438864488433,0.7796296296296297,0.30576184379001314,0.20873828055851487,132003.3327562326,243.51723607262812,132246.84999230521,3558,2,699.8666666666667,37,8,17,34.09713330487978,0.6385135135135136,43.09210526315789,1027.6315789473676,27.773826458036964,0
3825,4,0,0,44,0.0,0.0,1.0,44,1100,800,300,0.7272727272727273,14,8,6,353.2390467254643,0.7806553911205074,0.2983387297633868,0.2105360092338252,131992.6741564201,524.9932787517414,132517.66743517184,3559,3,709.3636363636364,36,8,18,34.02785388127853,0.6403356481481481,43.102477477477485,1027.5900900900913,28.5441691691692,0
3826,4,0,0,44,0.0,0.0,1.0,44,1050,700,350,0.6666666666666666,14,7,7,355.05878937436523,0.7813601127554616,0.29558398884795434,0.21243032418007557,132137.36329234642,583.3064483402384,132720.66974068666,3560,4,710.3636363636364,36,8,18,33.83534136546186,0.6417824074074073,42.961711711711715,1028.1531531531532,28.55980980980981,0
3827,4,1,1,44,0.022222222222222223,0.022222222222222223,0.9777777777777777,45,1050,600,450,0.5714285714285714,15,6,9,348.65052193132533,0.7869949494949495,0.2870155038759694,0.2098876142026579,132370.51647308064,230.20993133173556,132600.7264044124,3561,0,695.5555555555555,38,7,18,33.76548657253599,0.6403508771929824,42.73504273504274,1029.0598290598296,27.080521817363934,0
3828,4,0,0,44,0.0,0.0,1.0,44,800,500,300,0.625,11,5,6,357.0660418647517,0.7783870683579986,0.289970155617139,0.21446822053617814,132285.18029586034,646.9091451215866,132932.08944098192,3562,6,712.3636363636364,37,7,18,33.63488595182264,0.6413288288288288,42.817982456140356,1028.7280701754394,27.803461356092956,0
3829,4,0,0,44,0.0,0.0,1.0,44,1150,700,450,0.6086956521739131,16,7,9,360.8900292138445,0.7776383016208598,0.2968397002749865,0.21758610371516734,132427.78427479847,758.4695705723955,133186.25384537087,3563,7,713.3636363636364,35,9,18,33.39295419618426,0.6467261904761905,42.679398148148145,1029.282407407407,29.40806878306877,0
3830,4,0,0,44,0.0,0.0,1.0,44,900,500,400,0.5555555555555556,13,5,8,362.64255990741026,0.7772198731501058,0.2982245436146944,0.2188156667446748,132457.56842635456,806.9503386488312,133264.5187650034,3564,8,714.3636363636364,35,9,18,33.31787347275318,0.6470238095238094,42.65046296296296,1029.3981481481478,29.41137566137565,0
3831,4,0,0,44,0.0,0.0,1.0,44,1450,1000,450,0.6896551724137931,19,10,9,362.1868692096682,0.7767133544749825,0.2952910398953563,0.21888684704410383,132517.14677640595,799.194101508906,133316.34087791486,3565,9,715.3636363636364,35,9,18,33.26963429256595,0.6476190476190476,42.59259259259259,1029.629629629629,29.417989417989403,0
3832,4,0,0,44,0.0,0.0,1.0,44,1450,1000,450,0.6896551724137931,19,10,9,359.2767106157548,0.7777263918252291,0.2872668647343475,0.2181169625363999,132687.9048600968,734.3347993263817,133422.23965942318,3566,10,716.3636363636364,36,8,17,33.17279666265894,0.6472800925925926,42.426801801801815,1030.2927927927947,28.619244244244296,0
3833,4,0,0,44,0.0,0.0,1.0,44,1200,1000,200,0.8333333333333334,14,10,4,359.6642100414772,0.7759205426356589,0.29199853020040845,0.2191988134966503,132832.97444403887,755.0533641750169,133588.0278082139,3567,11,717.3636363636364,36,8,19,33.01698710946034,0.6487268518518517,42.28603603603605,1030.855855855858,28.634884884884944,0
3834,4,0,0,44,0.0,0.0,1.0,44,1250,800,450,0.64,17,8,9,359.8248010950725,0.7736742424242424,0.2905742338877235,0.220225888347518,132991.11415291272,770.7002394968001,133761.81439240952,3568,12,718.3636363636364,37,7,19,32.85396956167394,0.6483671171171169,42.13267543859651,1031.4692982456163,27.877548601232874,0
3835,4,0,0,44,0.0,0.0,1.0,44,1200,700,500,0.5833333333333334,17,7,10,343.77661011003755,0.774753347427766,0.19451934045421582,0.20862415678358032,132673.03040990932,476.7661434578281,133149.79655336714,3569,13,719.3636363636364,38,6,14,33.58697155103876,0.6433662280701755,42.44123931623931,1030.235042735042,27.11144849302742,6
3836,4,2,1,45,0.043478260869565216,0.021739130434782608,0.9782608695652174,46,1050,800,250,0.7619047619047619,13,8,5,331.4393752174978,0.7862721417069244,0.19796776154155626,0.2040461317248087,133209.81744497325,-369.80426664022434,132840.01317833303,3570,0,689.0434782608696,40,6,17,33.36696856336549,0.6453125,41.920731707317074,1032.3170731707319,25.807926829268297,0
3837,4,0,0,45,0.0,0.0,1.0,45,1100,800,300,0.7272727272727273,14,8,6,335.6315563270445,0.7821548821548822,0.20577360732743633,0.20673986045726186,133230.1445855037,-56.75184461803127,133173.39274088567,3571,1,704.9111111111112,39,6,17,33.238426159486096,0.6471688034188033,41.90104166666668,1032.395833333335,26.47168803418808,0
3838,4,1,0,46,0.021739130434782608,0.0,1.0,46,950,600,350,0.631578947368421,13,6,7,327.44316599154286,0.7860708534621579,0.20965343043606466,0.20373573869308673,133603.52143441417,-450.4879907792849,133153.0334436349,3572,0,690.5652173913044,40,6,19,33.07652609849602,0.64921875,41.53963414634147,1033.8414634146352,25.84603658536588,0
3839,4,0,0,46,0.0,0.0,1.0,46,1150,700,450,0.6086956521739131,16,7,9,325.2370011288927,0.785829307568438,0.21167610298045036,0.20265073401631897,133656.05919302357,-506.0208250710345,133150.03836795254,3573,1,691.5652173913044,40,6,19,33.081081081081074,0.6497395833333333,41.48882113821139,1034.0447154471562,25.851117886178905,0
3840,4,0,0,46,0.0,0.0,1.0,46,1150,800,350,0.6956521739130435,15,8,7,324.6231396721769,0.7856682769726249,0.2138731410554917,0.20255608169489567,133708.6072794801,-519.0184207482032,133189.58885873188,3574,2,692.5652173913044,40,6,13,33.04448757001082,0.6502604166666666,41.438008130081315,1034.2479674796768,25.856199186991923,0
3841,4,0,0,46,0.0,0.0,1.0,46,950,400,550,0.42105263157894735,15,4,11,324.61566073930504,0.784963768115942,0.2156786537968729,0.2029844856465683,133787.44877387828,-514.099783528299,133273.34899034997,3575,3,693.5652173913044,40,6,13,32.96598722986247,0.6510416666666665,41.36178861788619,1034.5528455284575,25.86382113821144,0
3842,4,0,1,45,0.0,0.021739130434782608,0.9782608695652174,46,1100,900,200,0.8181818181818182,13,9,4,325.8321262581875,0.7840177133655395,0.21485724288989716,0.204181448719208,133866.31350593263,-476.410887203348,133389.90261872928,3576,4,694.5652173913044,40,6,14,32.8558217944941,0.6518229166666665,41.285569105691074,1034.8577235772384,25.87144308943096,0
3843,4,0,0,45,0.0,0.0,1.0,45,1250,900,350,0.72,16,9,7,331.75933056910424,0.7805134680134681,0.2259438182143496,0.2081035800842567,133903.12500000026,-115.27777777774861,133787.8472222225,3577,5,709.0222222222222,39,6,15,32.66572732152444,0.6538461538461537,41.250000000000014,1035.000000000002,26.53846153846159,0
3844,4,0,0,45,0.0,0.0,1.0,45,700,400,300,0.5714285714285714,10,4,6,330.49625118953225,0.7792929292929294,0.22889268908784,0.20807240234801433,134037.9245334205,-140.19368489579534,133897.73084852472,3578,6,710.0222222222222,39,6,17,32.56389783053349,0.6551816239316237,41.119791666666686,1035.5208333333362,26.551816239316313,0
3845,4,0,1,44,0.0,0.022222222222222223,0.9777777777777777,45,1250,900,350,0.72,16,9,7,330.19256731083124,0.7795875420875421,0.23221697006269015,0.20818672775977173,134091.86333550367,-144.77267795137004,133947.0906575523,3579,7,711.0222222222222,39,6,17,32.51795651882397,0.6557158119658119,41.06770833333334,1035.7291666666683,26.557158119658162,0
3846,4,0,0,44,0.0,0.0,1.0,44,1150,1000,150,0.8695652173913043,13,10,3,334.4324205158677,0.7735861522198731,0.22855333520968157,0.21015889460432957,133969.47937212378,160.74745233400796,134130.2268244578,3580,8,727.9772727272727,38,6,17,32.53031475748194,0.6562499999999998,41.185897435897445,1035.2564102564118,27.243589743589784,0
3847,4,0,0,44,0.0,0.0,1.0,44,1100,800,300,0.7272727272727273,14,8,6,334.6291719520143,0.7751057082452432,0.22477352439184517,0.21091646247742704,134080.1065180073,173.42300387173628,134253.52952187904,3581,9,728.9772727272727,38,6,17,32.414809848015956,0.65734649122807,41.07905982905984,1035.6837606837616,27.254835807467412,0
3848,4,0,1,43,0.0,0.022727272727272728,0.9772727272727273,44,1250,700,550,0.56,18,7,11,334.04250731335645,0.7732117688513037,0.2301364854984156,0.21118280547098658,134190.7793209878,165.0848765432226,134355.86419753102,3582,10,729.9772727272727,38,6,17,32.31959338695262,0.6584429824561402,40.97222222222223,1036.1111111111122,27.266081871345058,0
3849,4,0,0,43,0.0,0.0,1.0,43,1350,1000,350,0.7407407407407407,17,10,7,342.6038960641114,0.7660114433370248,0.23631418374395596,0.21626870939047035,134135.43721236032,591.0646778435305,134726.50189020386,3583,11,747.3488372093024,38,5,17,32.153078589108915,0.6578947368421052,41.02564102564103,1035.8974358974363,27.260458839406216,0
3850,4,0,0,43,0.0,0.0,1.0,43,1300,1000,300,0.7692307692307693,16,10,6,342.3221235889072,0.7657807308970099,0.23412594721714197,0.21690835538445363,134273.81388569274,592.9794223463942,134866.79330803914,3584,12,748.3488372093024,38,5,17,32.022257155619705,0.6592653508771931,40.89209401709401,1036.4316239316227,27.274516419253228,0
3851,4,0,0,43,0.0,0.0,1.0,43,1250,1000,250,0.8,15,10,5,345.384736199087,0.7663805832410483,0.23389498348111304,0.21984587765800243,134439.96006145448,686.7020280882491,135126.66208954272,3585,13,749.3488372093024,38,5,17,31.77711101953918,0.6609100877192982,40.73183760683761,1037.0726495726497,27.291385515069727,0
3852,4,0,0,43,0.0,0.0,1.0,43,1200,900,300,0.75,15,9,6,344.7013865540422,0.7664267257290512,0.23508729911623072,0.21991133136923485,134523.07167251097,674.0578658046809,135197.12953831564,3586,14,750.3488372093024,38,5,17,31.71193786474426,0.6617324561403508,40.65170940170941,1037.393162393164,27.299820062978,0
3853,4,0,0,43,0.0,0.0,1.0,43,900,500,400,0.5555555555555556,13,5,8,344.3633214816225,0.7661960132890365,0.23405201538102394,0.22037855563377698,134636.1154994808,672.7508385254898,135308.86633800628,3587,15,751.3488372093024,37,6,18,31.6080075717556,0.6646959459459458,40.54276315789475,1037.8289473684226,28.049431009957367,0
3854,4,0,0,43,0.0,0.0,1.0,43,1100,800,300,0.7272727272727273,14,8,6,332.1859363837638,0.7663344407530454,0.11188438083559915,0.20867660150327738,133957.03667534748,303.4107549919444,134260.44743033944,3588,16,752.3488372093024,39,4,16,32.60087542765144,0.6543803418803418,41.19791666666668,1035.2083333333353,26.54380341880347,8
3855,4,0,0,43,0.0,0.0,1.0,43,1200,800,400,0.6666666666666666,16,8,8,334.70577706122276,0.7654115909929863,0.11255711020602965,0.21072261746457377,134037.92453342036,372.6535373264124,134410.57807074676,3589,17,753.3488372093024,39,4,16,32.454921537068714,0.6551816239316238,41.11979166666668,1035.520833333335,26.551816239316285,0
3856,4,0,0,43,0.0,0.0,1.0,43,1250,1200,50,0.96,13,12,1,332.1207819477716,0.7652731635289775,0.11320401744478392,0.20971055088702167,134145.81298828148,310.5224609375293,134456.335449219,3590,18,754.3488372093024,39,4,16,32.41421568627452,0.6562499999999998,41.015625000000014,1035.9375000000018,26.562500000000046,0
3857,4,0,0,43,0.0,0.0,1.0,43,700,400,300,0.5714285714285714,10,4,6,332.26315326167685,0.7655038759689922,0.11542328574301242,0.20995484894159103,134172.79188368085,316.1349826389221,134488.9268663198,3591,19,755.3488372093024,39,4,17,32.383621556404606,0.6565170940170939,40.98958333333335,1036.041666666669,26.565170940171,0
3858,4,0,0,43,0.0,0.0,1.0,43,1050,700,350,0.6666666666666666,14,7,7,329.840155551627,0.7645810262089332,0.11569475283393693,0.20903882469673224,134280.73459201425,258.23567708337214,134538.97026909763,3592,20,756.3488372093024,39,4,17,32.33877721943049,0.65758547008547,40.885416666666686,1036.4583333333362,26.575854700854773,0
3859,4,0,1,42,0.0,0.023255813953488372,0.9767441860465116,43,1100,700,400,0.6363636363636364,15,7,8,344.29762509364224,0.7636120339608712,0.14760641262904417,0.20757365489749666,132426.21678064423,532.3697555978978,132958.58653624213,3593,21,757.3488372093024,37,6,16,33.821486275345336,0.6427364864864864,42.68092105263159,1029.2763157894751,27.81827880512095,5
3860,4,0,0,42,0.0,0.0,1.0,42,1100,800,300,0.7272727272727273,14,8,6,348.82642483325236,0.7594125048393341,0.17272064186725022,0.21030827987967896,132426.97934420934,838.8059512215204,133265.78529543086,3594,24,775.8809523809524,36,6,16,33.70418490153173,0.6446759259259258,42.680180180180194,1029.2792792792814,28.591091091091148,0
3861,4,0,0,42,0.0,0.0,1.0,42,1050,800,250,0.7619047619047619,13,8,5,352.90934195772434,0.7591705381339527,0.17541982347887197,0.21359073012596902,132571.90626014542,957.1728400698177,133529.07910021523,3595,25,776.8809523809524,36,6,16,33.45338983050847,0.6461226851851851,42.53941441441442,1029.8423423423435,28.606731731731763,0
3862,4,0,0,42,0.0,0.0,1.0,42,900,600,300,0.6666666666666666,12,6,6,359.21769447440647,0.7591705381339527,0.17701377242465854,0.2138417914374324,131946.99931709742,1079.539377500756,133026.5386945982,3596,26,777.8809523809524,37,5,14,33.920313055852006,0.6379504504504505,43.1469298245614,1027.4122807017534,27.767899478425768,1
3863,4,1,1,42,0.023255813953488372,0.023255813953488372,0.9767441860465116,43,1150,700,450,0.6086956521739131,16,7,9,351.26379024246296,0.7679032853451457,0.17947237873961175,0.21099931604770297,132288.07259706705,693.6019568631823,132981.67455393024,3597,0,760.7674418604652,38,5,15,33.78119915532938,0.6395285087719298,42.815170940170944,1028.7393162393168,27.072087269455707,0
3864,4,1,1,42,0.023255813953488372,0.023255813953488372,0.9767441860465116,43,1200,900,300,0.75,15,9,6,363.8779552819217,0.7650424510889627,0.2032553665829091,0.21454354301026712,131581.12502164117,1087.3659474908638,132668.49096913205,3598,0,761.7441860465116,37,6,17,34.16993961739874,0.6342905405405406,43.503289473684205,1025.9868421052624,27.72937411095304,5
3865,4,0,0,42,0.0,0.0,1.0,42,1250,1000,250,0.8,15,10,5,360.4350938471639,0.7628000387146728,0.18144607266933166,0.21319700716527554,131703.53366457665,1094.1151032789487,132797.6487678556,2865,1,695.2142857142857,36,6,17,34.134668129456955,0.6374421296296298,43.384009009009006,1026.4639639639631,28.512887887887864,0
3866,4,0,0,42,0.0,0.0,1.0,42,1000,800,200,0.8,12,8,4,357.62391975926926,0.7620499419279907,0.18083345721222943,0.2118844555417124,131766.52444480962,1024.5721930016696,132791.09663781128,2866,2,696.2142857142857,38,4,17,34.1432535553243,0.6343201754385965,43.32264957264957,1026.709401709401,27.018668466036868,0
3867,4,0,0,42,0.0,0.0,1.0,42,750,600,150,0.8,9,6,3,357.30734521922534,0.7630178087495161,0.18363949824624015,0.21200235816340676,131821.37573964478,1020.1491617356808,132841.52490138047,2867,3,697.2142857142857,38,4,17,34.0960518102372,0.6348684210526316,43.26923076923076,1026.9230769230755,27.02429149797567,0
3868,4,0,0,42,0.0,0.0,1.0,42,850,600,250,0.7058823529411765,11,6,5,348.72878935445624,0.7630178087495161,0.22154731155327156,0.20150998815395893,130807.80805902602,725.8065559756401,131533.61461500166,2868,4,698.2142857142857,40,2,18,35.339674812901514,0.6213541666666667,44.25813008130083,1022.9674796747993,25.574186991869983,8
3869,4,1,0,43,0.023255813953488372,0.0,1.0,43,1150,1100,50,0.9565217391304348,12,11,1,344.8249452309158,0.7718715393133998,0.2224194878403769,0.2006360250661507,131074.03175390526,439.5191641471416,131513.5509180524,2869,0,682.953488372093,41,2,19,35.170428857456564,0.6224593495934959,43.99801587301587,1024.0079365079366,24.97580332946187,0
3870,4,0,0,43,0.0,0.0,1.0,43,700,300,400,0.42857142857142855,11,3,8,346.5861830282722,0.7726559616094499,0.22293504410585396,0.20192752559728444,131124.83071932473,489.2109158478154,131614.04163517256,2870,1,683.953488372093,41,2,19,35.07401846829394,0.6229674796747968,43.948412698412696,1024.206349206349,24.980642663569487,0
3871,4,0,0,43,0.0,0.0,1.0,43,800,400,400,0.5,12,4,8,347.0310155332668,0.7719638242894057,0.22264154342226194,0.20272264301060935,131226.45817586276,507.93020912066777,131734.38838498344,2871,2,684.953488372093,41,2,20,34.95997934417764,0.6239837398373984,43.84920634920634,1024.603174603173,24.99032133178471,0
3872,4,0,0,43,0.0,0.0,1.0,43,1700,1000,700,0.5882352941176471,24,10,14,347.56714067092673,0.7718253968253967,0.22502418077522668,0.20432403939001728,131468.650510253,538.9940595383595,132007.64456979136,2872,3,685.953488372093,37,6,20,34.701766812787326,0.6331644144144144,43.61293859649122,1025.548245614034,27.717520151730646,0
3873,4,1,1,43,0.022727272727272728,0.022727272727272728,0.9772727272727273,44,1450,1100,350,0.7586206896551724,18,11,7,342.32107604047394,0.784156976744186,0.22045998429829528,0.20296408771283106,131793.94866544288,223.16926455546573,132017.11792999835,2873,0,671.3409090909091,38,6,15,34.508419172475975,0.6345942982456141,43.29594017094016,1026.816239316238,27.02147998200626,0
3874,4,0,0,43,0.0,0.0,1.0,43,750,300,450,0.4,12,3,9,351.62242174593814,0.77062569213732,0.22055145314684954,0.20823787063929283,131749.92696069946,665.2456765543254,132415.1726372538,2874,5,687.953488372093,37,6,15,34.314033073445124,0.6359797297297298,43.338815789473685,1026.6447368421054,27.747155049786635,0
3875,4,0,1,42,0.0,0.023255813953488372,0.9767441860465116,43,1300,800,500,0.6153846153846154,18,8,10,351.62242174593814,0.77062569213732,0.22055145314684954,0.20823787063929283,131749.92696069946,665.2456765543254,132415.1726372538,2875,6,688.953488372093,37,6,15,34.314033073445124,0.6359797297297298,43.338815789473685,1026.6447368421054,27.747155049786635,0
3876,4,0,0,42,0.0,0.0,1.0,42,1150,800,350,0.6956521739130435,15,8,7,351.0887489163425,0.7683410762679055,0.21649274831675558,0.20807563575016624,131778.07113727284,853.1596260387685,132631.2307633116,2876,7,692.0952380952381,37,5,15,34.29935568845223,0.6362612612612613,43.311403508771924,1026.754385964911,27.75011853959219,0
3877,4,0,0,42,0.0,0.0,1.0,42,950,500,450,0.5263157894736842,14,5,9,345.76948557672483,0.7684620596205962,0.2139814855056721,0.20552338139072227,131889.27001953122,720.6570095486109,132609.92702907984,2877,8,693.0952380952381,39,3,15,34.323872663353946,0.6338141025641026,43.203125,1027.1874999999998,26.33814102564102,0
3878,4,1,2,41,0.023255813953488372,0.046511627906976744,0.9534883720930233,43,750,400,350,0.5333333333333333,11,4,7,337.99583573645174,0.7769472129937246,0.20946781467060793,0.20235750686280585,132162.7802977725,334.0938759997374,132496.87417377223,2878,0,677.953488372093,40,3,16,34.24836924293339,0.6348958333333334,42.9369918699187,1028.2520325203252,25.70630081300813,0
3879,4,0,0,41,0.0,0.0,1.0,41,1300,1000,300,0.7692307692307693,16,10,6,354.5971893073391,0.7582317073170731,0.21889330790146544,0.21100288195416864,131931.11257213788,1156.48034005402,133087.5929121919,2879,15,711.8048780487804,38,3,17,34.0550038130893,0.6359649122807018,43.162393162393144,1027.3504273504245,27.03553756185328,0
3880,4,0,0,41,0.0,0.0,1.0,41,1350,1000,350,0.7407407407407407,17,10,7,352.19826722875746,0.7574186991869919,0.2129771520658057,0.21038090199838838,132076.5842013888,1103.4288194444352,133180.01302083323,2880,16,712.8048780487804,39,2,17,33.97007161194434,0.6356837606837608,43.02083333333333,1027.9166666666658,26.356837606837587,0
3881,4,0,0,41,0.0,0.0,1.0,41,950,700,250,0.7368421052631579,12,7,5,350.3591855208184,0.7567073170731707,0.21069671229694387,0.20943033324681729,132103.35422091998,1056.7247178819243,133160.07893880192,2881,17,713.8048780487804,39,2,17,33.990378120039175,0.6359508547008548,42.99479166666666,1028.020833333332,26.35950854700851,0
3882,4,0,0,41,0.0,0.0,1.0,41,1300,700,600,0.5384615384615384,19,7,12,351.58426694943194,0.7558943089430894,0.21720684636691345,0.21046017580702525,132156.90239800359,1092.8575303819507,133249.75992838552,2882,18,714.8048780487804,39,2,18,33.90497838787019,0.6364850427350428,42.942708333333336,1028.2291666666674,26.364850427350447,0
3883,4,0,0,41,0.0,0.0,1.0,41,850,600,250,0.7058823529411765,11,6,5,351.76498617381935,0.7558434959349594,0.21862045695555787,0.21089227844070207,132215.03404058426,1101.7239242514315,133316.75796483568,2883,19,715.8048780487804,40,1,18,33.841814888010546,0.6354166666666667,42.886178861788615,1028.4552845528451,25.711382113821127,0
3884,4,1,0,42,0.023809523809523808,0.0,1.0,42,1050,800,250,0.7619047619047619,13,8,5,348.59689176054565,0.7641792489353465,0.22105076322328743,0.2106386623958509,132510.8747403047,839.0818763001066,133349.9566166048,2884,0,699.7380952380952,37,5,20,33.62575434859781,0.643581081081081,42.598684210526315,1029.6052631578946,27.82716927453769,0
3885,4,0,0,42,0.0,0.0,1.0,42,700,500,200,0.7142857142857143,9,5,4,359.3698297254272,0.7640098722415796,0.2677414480270488,0.21020216722454801,131276.0468305902,1035.3301193072814,132311.37694989747,2885,1,700.7380952380952,40,2,19,34.593787187623946,0.6260416666666667,43.80081300813008,1024.7967479674794,25.619918699186986,2
3886,4,0,0,42,0.0,0.0,1.0,42,1250,1000,250,0.8,15,10,5,358.47070732092084,0.7637437088656601,0.25181198996062837,0.2055078415026839,130501.95448133719,1032.148172526209,131534.1026538634,2886,2,701.7380952380952,39,3,16,35.40041883304449,0.6199252136752136,44.557291666666686,1021.7708333333364,26.199252136752218,5
3887,4,0,0,42,0.0,0.0,1.0,42,1150,800,350,0.6956521739130435,15,8,7,357.5027462981089,0.7623886953155246,0.24645222327341454,0.20579996803026088,130661.65500217053,942.3800998264282,131604.03510199697,2887,3,702.7380952380952,39,3,17,35.2633087111564,0.6215277777777777,44.401041666666686,1022.3958333333364,26.215277777777857,0
3888,4,1,0,43,0.023255813953488372,0.0,1.0,43,1150,700,450,0.6086956521739131,16,7,9,350.22844057015544,0.7643964562569213,0.2519633779796937,0.20347181720321553,131015.81090124967,577.0926283958406,131592.90352964553,2888,0,687.3720930232558,40,3,18,35.0909519555291,0.6234374999999999,44.05487804878051,1023.7804878048813,25.594512195122032,0
3889,4,1,0,44,0.022727272727272728,0.0,1.0,44,650,300,350,0.46153846153846156,10,3,7,345.55120277969513,0.7741807610993657,0.25988831093391074,0.20199198491858944,131251.87119118503,270.84839143993406,131522.71958262497,2889,0,672.7272727272727,41,3,19,34.97222625617196,0.6242378048780486,43.82440476190477,1024.7023809523826,24.9927409988386,0
3890,4,0,0,44,0.0,0.0,1.0,44,1400,1000,400,0.7142857142857143,18,10,8,341.29735734953135,0.7746872797744891,0.25995946125139757,0.20047564478829874,131437.65637555695,171.93138826179998,131609.58776381874,2890,1,673.7272727272727,38,6,19,34.89377127179274,0.6310307017543859,43.64316239316239,1025.42735042735,26.984930274403943,0
3891,4,0,1,43,0.0,0.022727272727272728,0.9772727272727273,44,1250,700,550,0.56,18,7,11,337.1485995516501,0.7756562720225512,0.2541532071988919,0.1988571081187879,131595.18771701408,73.4266493055764,131668.61436631964,2891,2,674.7272727272727,39,5,16,34.84137055837562,0.6308760683760684,43.48958333333334,1026.0416666666683,26.308760683760728,0
3892,4,1,0,44,0.022727272727272728,0.0,1.0,44,1000,700,300,0.7,13,7,6,327.8727273972456,0.7851259689922481,0.23687618019962264,0.19521750730189363,131953.868604997,-147.18504197236985,131806.68356302462,2892,0,648.7727272727273,40,4,17,34.71851302340915,0.6328125,43.140243902439025,1027.4390243902437,25.685975609756092,0
3893,4,1,2,43,0.022222222222222223,0.044444444444444446,0.9555555555555556,45,1350,1000,350,0.7407407407407407,17,10,7,321.14618173288557,0.7912878787878789,0.23027496382054968,0.19229810361995148,132168.37841907603,-510.9259849773214,131657.45243409873,2893,0,635.3333333333334,41,4,17,34.675892426435105,0.6333841463414633,42.93154761904762,1028.2738095238099,25.07984901277585,0
3894,4,0,0,43,0.0,0.0,1.0,43,1100,900,200,0.8181818181818182,13,9,4,333.665662315563,0.7841454411221853,0.2344440646400825,0.19888892802072697,131996.29041883687,208.52593315972786,132204.8163519966,2894,2,665.7674418604652,39,4,17,34.527052711606686,0.6348824786324787,43.098958333333336,1027.6041666666672,26.3488247863248,0
3895,4,0,0,43,0.0,0.0,1.0,43,1350,800,550,0.5925925925925926,19,8,11,349.80089388444463,0.7840531561461793,0.19434793611450707,0.20388809659548002,131141.34250217027,575.2821180555657,131716.62462022583,2895,3,666.7674418604652,39,4,18,34.97502033967253,0.62633547008547,43.93229166666667,1024.2708333333344,26.263354700854727,3
3896,4,2,2,43,0.044444444444444446,0.044444444444444446,0.9555555555555556,45,1450,800,650,0.5517241379310345,21,8,13,336.9296702522777,0.797979797979798,0.1898931000971822,0.19876367033801443,131602.03904594926,-131.47491292335485,131470.5641330259,2896,0,638.0888888888888,38,7,14,34.8400839927808,0.6326754385964912,43.48290598290598,1026.0683760683758,27.001799370220414,0
3897,4,1,1,43,0.022727272727272728,0.022727272727272728,0.9772727272727273,44,1400,1100,300,0.7857142857142857,17,11,6,343.2863890452856,0.792107117688513,0.20054102411178376,0.20236827464713772,131574.63480029564,233.55625410911432,131808.19105440474,2897,0,653.5681818181819,38,6,15,34.70464958867021,0.6324013157894738,43.50961538461537,1025.9615384615365,26.99898785425096,0
3898,4,0,0,43,0.0,0.0,1.0,43,1700,1300,400,0.7647058823529411,21,13,8,347.38517268463073,0.7851144333702473,0.20292232404045252,0.20481934850725186,131581.12502164117,541.8663675361543,132122.99138917733,2898,1,669.4651162790698,37,6,16,34.59297406576183,0.6342905405405406,43.503289473684205,1025.9868421052624,27.72937411095304,0
3899,4,0,0,43,0.0,0.0,1.0,43,1350,1100,250,0.8148148148148148,16,11,5,347.72011665041515,0.7852528608342562,0.2023983722669267,0.20562274238563047,131693.64762474966,558.5061028393026,132252.15372758897,2899,2,670.4651162790698,37,6,16,34.470921019834066,0.6354166666666667,43.39364035087718,1026.425438596489,27.741228070175374,0
3900,4,1,0,44,0.022727272727272728,0.0,1.0,44,950,700,250,0.7368421052631579,12,7,5,340.9066790141014,0.7923713883016209,0.2048952139676905,0.20300306700177143,131958.55391418267,197.11047647743587,132155.66439066012,2900,0,656.2045454545455,38,6,17,34.37900766004645,0.6362390350877194,43.13568376068375,1027.4572649572629,27.038349077822705,0
3901,4,0,1,43,0.0,0.022727272727272728,0.9772727272727273,44,900,700,200,0.7777777777777778,11,7,4,341.1339105910879,0.7921952078928823,0.20462106248050715,0.20343255337728897,132013.44515897785,206.85255953683304,132220.2977185147,2901,1,657.2045454545455,38,6,17,34.31792979173163,0.6367872807017545,43.08226495726495,1027.6709401709388,27.043972109761548,0
3902,4,0,0,43,0.0,0.0,1.0,43,1200,700,500,0.5833333333333334,17,7,10,351.38580836641626,0.7833610188261351,0.20844614632475755,0.20933480039425836,131975.16453379867,674.8399747999122,132650.0045085986,2902,2,673.2093023255813,37,6,18,34.093101945719056,0.638231981981982,43.11951754385964,1027.5219298245597,27.770862968231345,0
3903,4,0,0,43,0.0,0.0,1.0,43,1500,900,600,0.6,21,9,12,353.2172281295784,0.7816998892580288,0.21218171131243935,0.21136681226362827,132144.2189543897,735.1229464835199,132879.34190087323,2903,3,674.2093023255813,37,6,18,33.87577316839074,0.6399211711711712,42.955043859649116,1028.1798245614027,27.788643907064937,0
3904,4,0,0,43,0.0,0.0,1.0,43,1200,1000,200,0.8333333333333334,14,10,4,354.5867649415164,0.7808693244739756,0.21385928760671225,0.2128598360971104,132264.03130425315,779.8149956596892,133043.84629991284,2904,4,675.2093023255813,39,4,18,33.71993670886075,0.6375534188034191,42.83854166666665,1028.6458333333308,26.375534188034123,0
3905,4,0,0,43,0.0,0.0,1.0,43,1200,800,400,0.6666666666666666,16,8,8,353.802393757694,0.7789313399778516,0.21596914089500308,0.21330398652559224,132426.21678064388,770.6781323339651,133196.89491297785,2905,5,676.2093023255813,37,6,19,33.57691044352117,0.6427364864864865,42.68092105263157,1029.2763157894724,27.818278805120876,0
3906,4,0,0,43,0.0,0.0,1.0,43,650,500,150,0.7692307692307693,8,5,3,355.58195249388285,0.7781007751937984,0.22045094828931422,0.21469832488521307,132482.65241468514,821.6880434364238,133304.34045812156,2906,6,677.2093023255813,37,6,19,33.474344978165924,0.6432995495495495,42.62609649122806,1029.4956140350866,27.824205784732072,0
3907,4,0,0,43,0.0,0.0,1.0,43,1000,600,400,0.6,14,6,8,368.4645825510088,0.7776854928017718,0.22549728109561706,0.21211025675883624,130661.65500217039,1028.8384331597472,131690.49343533014,2907,7,678.2093023255813,39,4,17,34.983125318390215,0.6215277777777777,44.40104166666668,1022.3958333333353,26.21527777777783,3
3908,4,0,1,42,0.0,0.023255813953488372,0.9767441860465116,43,1500,1300,200,0.8666666666666667,17,13,4,370.29048328155227,0.77750092284976,0.2299057452754223,0.2138972085779322,130794.81336805577,1086.414930555576,131881.22829861133,2908,8,679.2093023255813,39,4,17,34.801425661914465,0.6228632478632479,44.27083333333334,1022.9166666666683,26.228632478632523,0
3909,4,1,2,41,0.023255813953488372,0.046511627906976744,0.9534883720930233,43,900,800,100,0.8888888888888888,10,8,2,371.0649449861535,0.7746862310815799,0.2351337019922728,0.21493761907688527,130901.388888889,1114.5833333333437,132015.97222222236,2909,0,680.0,39,4,18,34.67358849077089,0.6239316239316239,44.16666666666667,1023.3333333333343,26.239316239316263,0
3910,4,0,0,41,0.0,0.0,1.0,41,400,100,300,0.25,7,1,6,382.153914106741,0.7701727642276422,0.23140132752389042,0.22026992601727244,130710.70545744857,1790.3215412434727,132501.02699869205,2910,13,691.0,37,4,18,34.58342268925585,0.625563063063063,44.3530701754386,1022.5877192982466,27.63750592697964,0
3911,4,2,2,41,0.046511627906976744,0.046511627906976744,0.9534883720930233,43,1000,800,200,0.8,12,8,4,368.787596056941,0.7877906976744186,0.22707641196013273,0.21512609769988258,131171.9214753125,1074.9155182100812,132246.8369935226,2911,0,659.8139534883721,40,3,19,34.457878637566154,0.625,43.902439024390254,1024.3902439024405,25.60975609756101,0
3912,4,0,0,41,0.0,0.0,1.0,41,950,800,150,0.8421052631578947,11,8,3,379.023670527881,0.7697154471544716,0.23261332552262992,0.21985162848919484,130954.69292534729,1726.985677083337,132681.67860243062,2912,15,693.0,39,2,19,34.41592034737771,0.624465811965812,44.114583333333336,1023.5416666666672,26.244658119658133,0
3913,4,0,0,41,0.0,0.0,1.0,41,1200,900,300,0.75,15,9,6,379.5862314483553,0.7692581300813008,0.23621070391782228,0.2207889145051677,131061.33355034732,1749.8155381944548,132811.14908854177,2913,16,694.0,39,2,19,34.29340454391319,0.625534188034188,44.01041666666667,1023.9583333333342,26.255341880341902,0
3914,4,0,0,41,0.0,0.0,1.0,41,750,400,350,0.5333333333333333,11,4,7,375.46564578896965,0.7699186991869919,0.23132912569593356,0.21915160987148474,131194.69536675359,1651.82020399306,132846.51557074665,2914,17,695.0,39,2,19,34.26379003558718,0.6268696581196581,43.880208333333336,1024.4791666666674,26.2686965811966,0
3915,4,0,0,41,0.0,0.0,1.0,41,750,400,350,0.5333333333333333,11,4,7,379.2498832938885,0.7691565040650407,0.23600294557382906,0.22166851467391452,131248.05908203125,1755.1622178819457,133003.2212999132,2915,18,696.0,39,2,19,34.112809630307346,0.6274038461538463,43.828125,1024.6875,26.27403846153846,0
3916,4,0,1,40,0.0,0.024390243902439025,0.975609756097561,41,1350,1000,350,0.7407407407407407,17,10,7,377.4208473792056,0.7694613821138211,0.2337894110648422,0.22106078203639162,131328.1249999998,1713.292100694416,133041.4171006942,2916,19,697.0,35,6,19,34.07859078590784,0.6357142857142859,43.749999999999986,1024.9999999999984,29.28571428571424,0
3917,4,0,0,40,0.0,0.0,1.0,40,1200,900,300,0.75,15,9,6,383.05114262220576,0.7701388888888889,0.2303320129260924,0.22419826791792646,131300.7492900319,2058.98040853968,133359.72969857158,2917,20,692.275,38,2,19,33.96204697869975,0.6296600877192984,43.77670940170939,1024.8931623931605,26.970872694556856,0
3918,4,0,0,40,0.0,0.0,1.0,40,900,500,400,0.5555555555555556,13,5,8,384.4747033109704,0.7700053418803419,0.2308232698560151,0.22555150850913286,131389.14399092938,2103.171845113193,133492.31583604257,2918,21,693.275,34,6,19,33.836023378231914,0.6384803921568629,43.69047619047617,1025.2380952380925,30.154061624649778,0
3919,4,0,0,40,0.0,0.0,1.0,40,950,600,350,0.631578947368421,13,6,7,387.8511280360714,0.7704861111111111,0.23522173206408192,0.22789560824711558,131450.17715419477,2196.6198979591536,133646.7970521539,2919,22,694.275,34,6,19,33.68764994969428,0.6390931372549021,43.630952380952365,1025.4761904761885,30.161064425770252,0
3920,4,0,0,40,0.0,0.0,1.0,40,1100,700,400,0.6363636363636364,15,7,8,387.88527142609655,0.7688568376068377,0.23372794800371488,0.22828002039666942,131511.22448979563,2202.2534013605127,133713.47789115613,2920,23,695.275,34,6,19,33.62494196843084,0.6397058823529413,43.571428571428555,1025.7142857142833,30.168067226890685,0
3921,4,0,0,40,0.0,0.0,1.0,40,950,800,150,0.8421052631578947,11,8,3,384.2329708451105,0.7680555555555556,0.2274024362734044,0.22680489477448357,131624.87809713618,2114.9235896776063,133739.8016868138,2921,24,696.275,35,5,19,33.603560418076526,0.6386904761904764,43.46064814814813,1026.1574074074051,29.318783068783002,0
3922,4,0,0,40,0.0,0.0,1.0,40,1400,1100,300,0.7857142857142857,17,11,6,385.0930093875039,0.7653044871794872,0.2237280701754385,0.22864897432383044,131848.0642804967,2154.753571138704,134002.81785163542,2922,25,697.275,36,4,19,33.35572002923978,0.638888888888889,43.24324324324324,1027.0270270270269,28.528528528528525,0
3923,4,0,0,40,0.0,0.0,1.0,40,1450,1200,250,0.8275862068965517,17,12,5,371.7634707208796,0.7654914529914529,0.2517650432787568,0.21697138896789528,131191.2749858465,1754.4247434071376,132945.69972925365,2923,26,698.275,38,2,19,34.36207286126466,0.628563596491228,43.88354700854702,1024.4658119658136,26.959626630679306,3
3924,4,0,0,40,0.0,0.0,1.0,40,850,600,250,0.7058823529411765,11,6,5,373.3775841924474,0.7646100427350427,0.2618819146534208,0.21903169806468215,131387.4488275892,1811.6396649327198,133199.0884925219,2924,27,699.275,35,5,19,34.12216828478966,0.6363095238095238,43.69212962962963,1025.2314814814818,29.29232804232805,0
3925,4,1,1,40,0.024390243902439025,0.024390243902439025,0.975609756097561,41,1000,700,300,0.7,13,7,6,367.92922978049637,0.7701219512195122,0.26220716453379134,0.21746478600644897,131674.6370525931,1489.3895584773952,133164.0266110705,2925,0,683.1951219512196,36,5,16,33.971545607490306,0.6371527777777778,43.41216216216216,1026.3513513513512,28.509759759759756,0
3926,4,0,0,40,0.0,0.0,1.0,40,450,200,250,0.4444444444444444,7,2,5,367.7615468012978,0.7701655982905983,0.24951733216322958,0.2176957312104307,131732.4334469605,1689.2246976706472,133421.65814463113,2926,1,677.95,36,4,17,33.917471113061275,0.6377314814814815,43.35585585585586,1026.5765765765768,28.516016016016025,0
3927,4,0,0,40,0.0,0.0,1.0,40,1550,1200,350,0.7741935483870968,19,12,7,364.9942440755355,0.7690705128205129,0.24712168486739494,0.21703275552172366,131903.67408366202,1628.8163625903971,133532.4904462524,2927,2,678.95,38,2,18,33.815652626105056,0.6356907894736842,43.18910256410256,1027.2435897435894,27.03272604588393,0
3928,4,1,0,41,0.024390243902439025,0.0,1.0,41,1000,600,400,0.6,14,6,8,360.16535811568684,0.7737296747967479,0.24990429144797788,0.2162086876226386,132264.03130425338,1327.384440104162,133591.41574435754,2928,0,663.3658536585366,39,2,19,33.57647679324894,0.6375534188034189,42.838541666666664,1028.6458333333328,26.375534188034173,0
3929,4,0,0,41,0.0,0.0,1.0,41,1050,800,250,0.7619047619047619,13,8,5,362.40554672261436,0.7713414634146342,0.2541720154043636,0.21832724400118506,132398.00347222242,1396.557617187519,133794.56108940995,2929,1,664.3658536585366,36,5,19,33.38394062078272,0.6443865740740741,42.70833333333334,1029.1666666666683,28.587962962963008,0
3930,4,1,1,41,0.023809523809523808,0.023809523809523808,0.9761904761904762,42,700,400,300,0.5714285714285714,10,4,6,356.55443239281954,0.7790118079752226,0.24610115143565037,0.21629707874864165,132658.9004545087,1060.0237906825935,133718.9242451913,2930,0,649.5238095238095,36,6,16,33.27207221979304,0.6469907407407407,42.454954954954964,1030.1801801801814,28.61611611611615,0
3931,4,0,0,41,0.0,0.0,1.0,41,1000,800,200,0.8,12,8,4,368.6908218659261,0.7704776422764228,0.2622965195944098,0.22352508955086792,132636.34366426602,1580.3605109739283,134216.70417523995,2931,3,666.3658536585366,35,6,17,32.982209737827716,0.648809523809524,42.47685185185185,1030.092592592592,29.431216931216913,0
3932,4,0,0,41,0.0,0.0,1.0,41,1250,1100,150,0.88,14,11,3,369.8026024222437,0.7700711382113821,0.26507132995858296,0.22491273032565937,132755.5941358023,1618.6728395061514,134374.26697530845,2932,4,667.3658536585366,35,6,17,32.833557951482476,0.6500000000000001,42.3611111111111,1030.555555555554,29.4444444444444,0
3933,4,0,0,41,0.0,0.0,1.0,41,850,500,350,0.5882352941176471,12,5,7,367.1971988393487,0.7695121951219512,0.26123249330404863,0.2236838750248452,132815.2394654491,1553.8767789780366,134369.11624442713,2933,5,668.3658536585366,35,6,17,32.84068792574294,0.6505952380952382,42.30324074074073,1030.787037037036,29.451058201058174,0
3934,4,0,1,40,0.0,0.024390243902439025,0.975609756097561,41,950,700,250,0.7368421052631579,12,7,5,369.2894754807945,0.7690040650406504,0.26321437796755975,0.22594003379616534,132978.12328798385,1621.484279887989,134599.60756787183,2934,6,669.3658536585366,36,5,17,32.62296648105689,0.6501736111111112,42.14527027027027,1031.4189189189183,28.65052552552551,0
3935,4,0,1,39,0.0,0.025,0.975,40,1600,1200,400,0.75,20,12,8,375.2197521895124,0.7628472222222222,0.26248176411177226,0.2294840914043065,132964.41139671212,1978.1746988597433,134942.58609557187,2935,10,686.95,35,5,17,32.483844873377485,0.6520833333333333,42.15856481481482,1031.3657407407409,29.467592592592595,0
3936,4,0,0,39,0.0,0.0,1.0,39,1600,1300,300,0.8125,19,13,6,362.7394393632623,0.7606275303643725,0.23733513861814148,0.22610678470819076,133670.57802641194,1897.5181065327738,135568.09613294472,2936,11,694.8205128205128,37,2,17,32.09705139080337,0.6551238738738738,41.47478070175438,1034.1008771929824,27.94867235656709,3
3937,4,0,0,39,0.0,0.0,1.0,39,850,500,350,0.5882352941176471,12,5,7,362.9987676764522,0.7582658569500675,0.2384123594253933,0.2273138268455659,133840.71451071478,1916.8028864650591,135757.51739717985,2937,12,695.8205128205128,37,2,16,31.91990304122072,0.6568130630630631,41.310307017543856,1034.758771929824,27.966453295400648,0
3938,4,0,0,39,0.0,0.0,1.0,39,1450,1100,350,0.7586206896551724,18,11,7,361.7135880494112,0.7580971659919029,0.23399608865710575,0.22703299675441757,133925.82333025546,1888.5580178516443,135814.3813481071,2938,13,696.8205128205128,37,2,16,31.867937853107346,0.6576576576576576,41.228070175438596,1035.0877192982455,27.975343764817445,0
3939,4,0,0,39,0.0,0.0,1.0,39,500,300,200,0.6,7,3,4,363.589990648114,0.7574786324786325,0.23659908166950427,0.22873952576216802,134010.95920138893,1945.0086805555597,135955.9678819445,2939,14,697.8205128205128,37,2,16,31.73415492957747,0.6585022522522522,41.145833333333336,1035.416666666667,27.984234234234243,0
3940,4,0,0,39,0.0,0.0,1.0,39,1150,1100,50,0.9565217391304348,12,11,1,362.6863253838448,0.7564102564102564,0.2389795718893557,0.22834731046166884,134039.34383656518,1922.847414589111,135962.1912511543,2940,15,698.8205128205128,37,2,16,31.729140194832695,0.6587837837837838,41.11842105263158,1035.5263157894742,27.987197724039845,0
3941,4,1,0,40,0.025,0.0,1.0,40,950,700,250,0.7368421052631579,12,7,5,370.33418936586185,0.762099358974359,0.2432611916604941,0.2340660705898341,134181.31209843376,1947.8114660279684,136129.12356446174,2941,0,682.325,37,3,17,31.389013828623842,0.6601914414414416,40.98135964912279,1036.0745614035059,28.002015173067726,3
3942,4,0,0,40,0.0,0.0,1.0,40,1200,800,400,0.6666666666666666,16,8,8,372.2888608035187,0.7601495726495726,0.25042319085907816,0.23584948473960138,134266.52912434575,1997.1866343490105,136263.71575869474,2942,1,683.325,37,3,17,31.25308576668077,0.6610360360360361,40.899122807017534,1036.4035087719283,28.01090564248455,0
3943,4,0,0,40,0.0,0.0,1.0,40,850,600,250,0.7058823529411765,11,6,5,375.41495958841205,0.7602029914529914,0.24764170896785176,0.23857015173844215,134380.1939058169,2089.667012927028,136469.86091874394,2943,2,684.325,37,3,18,31.05832275803722,0.6621621621621623,40.78947368421051,1036.8421052631559,28.022759601706916,0
3944,4,0,0,40,0.0,0.0,1.0,40,950,800,150,0.8421052631578947,11,8,3,378.07347281756074,0.7595619658119658,0.24847780126849894,0.24100910059663905,134493.90677900886,2169.7156817482273,136663.6224607571,2944,3,685.325,37,3,18,30.87561663143058,0.6632882882882883,40.67982456140351,1037.2807017543855,28.034613560929337,0
3945,4,0,0,40,0.0,0.0,1.0,40,1300,900,400,0.6923076923076923,17,9,8,377.84466988974066,0.7587339743589744,0.24636165941786548,0.2418367705140118,134640.85708429792,2174.6900855979306,136815.54716989584,2945,4,686.325,35,5,19,30.73456841753095,0.66875,40.53819444444445,1037.8472222222229,29.652777777777796,0
3946,4,1,1,40,0.024390243902439025,0.024390243902439025,0.975609756097561,41,950,600,350,0.631578947368421,13,6,7,371.5238284090155,0.7628556910569105,0.24062396721528145,0.23950435479197565,134901.51627556622,1823.8255569759071,136725.34183254212,2946,0,670.560975609756,36,5,17,30.638211382113816,0.6692708333333333,40.28716216216217,1038.8513513513524,28.85698198198201,0
3947,4,0,0,40,0.0,0.0,1.0,40,1050,600,450,0.5714285714285714,15,6,9,379.1011952608077,0.7555021367521367,0.24852056168505543,0.24384767204840324,134821.09917534713,2222.167968749991,137043.26714409713,2947,6,688.325,35,5,17,30.52177365429622,0.6705357142857142,40.36458333333333,1038.5416666666658,29.672619047619023,0
3948,4,0,0,40,0.0,0.0,1.0,40,750,500,250,0.6666666666666666,10,5,5,378.4780805856616,0.7547542735042735,0.24237967914438485,0.24405310713627146,134911.26543209876,2212.191358024693,137123.45679012345,2948,7,689.325,35,5,17,30.447860962566843,0.6714285714285715,40.27777777777778,1038.888888888889,29.682539682539684,0
3949,4,0,0,40,0.0,0.0,1.0,40,900,600,300,0.6666666666666666,12,6,6,380.30565324576776,0.7544337606837607,0.2434187082405348,0.2460478938146248,135031.53399348413,2270.651148834008,137302.18514231814,2949,8,690.325,35,5,17,30.280252412769105,0.6726190476190477,40.16203703703703,1039.351851851851,29.69576719576717,0
3950,4,0,0,40,0.0,0.0,1.0,40,950,600,350,0.631578947368421,13,6,7,382.86069436818775,0.7531784188034188,0.24742070116861492,0.2487348762760783,135181.94504726058,2351.170669367261,137533.11571662786,2950,9,691.325,35,5,17,30.06364774624374,0.6741071428571429,40.0173611111111,1039.9305555555538,29.71230158730154,0
3951,4,0,0,40,0.0,0.0,1.0,40,950,700,250,0.7368421052631579,12,7,5,380.0941703697747,0.7537126068376069,0.24313174585512454,0.2473502034115252,135242.13291162965,2280.9492616169264,137523.08217324657,2951,10,692.325,35,5,17,30.075502577797558,0.674702380952381,39.95949074074073,1040.162037037036,29.718915343915317,0
3952,4,0,0,40,0.0,0.0,1.0,40,750,600,150,0.8,9,6,3,381.2649175313414,0.7538461538461538,0.24269025367156205,0.24831949846171705,135272.23186728387,2314.911265432089,137587.14313271595,2952,11,693.325,35,5,17,30.01502002670226,0.675,39.93055555555555,1040.2777777777771,29.722222222222204,0
3953,4,0,0,40,0.0,0.0,1.0,40,1100,800,300,0.7272727272727273,14,8,6,358.8278492450477,0.7544337606837607,0.20334855793903373,0.2347924603891538,135438.99441385423,1719.856613887069,137158.8510277413,2953,12,694.325,38,2,16,30.432532758561724,0.6707785087719298,39.77029914529915,1040.9188034188037,27.392600089968518,5
3954,4,0,0,40,0.0,0.0,1.0,40,1150,1000,150,0.8695652173913043,13,10,3,357.23751981321516,0.7548076923076923,0.20456387891226235,0.23411429929924585,135494.6047579262,1680.7513103586944,137175.3560682849,2954,13,695.325,38,2,16,30.418590730289033,0.6713267543859648,39.71688034188035,1041.1324786324797,27.39822312190736,0
3955,4,0,0,40,0.0,0.0,1.0,40,300,200,100,0.6666666666666666,4,2,2,357.23751981321516,0.7548076923076923,0.20456387891226235,0.23411429929924585,135494.6047579262,1680.7513103586944,137175.3560682849,2955,14,696.325,38,2,16,30.418590730289033,0.6713267543859648,39.71688034188035,1041.1324786324797,27.39822312190736,0
3956,4,0,0,40,0.0,0.0,1.0,40,950,500,450,0.5263157894736842,14,5,9,354.33399447385386,0.7542200854700855,0.19757617728531818,0.23257194910011167,135550.22651627238,1606.0106426693146,137156.2371589417,2956,15,697.325,38,2,16,30.43885298040422,0.6718749999999998,39.66346153846155,1041.3461538461554,27.403846153846196,0
3957,4,0,0,40,0.0,0.0,1.0,40,850,700,150,0.8235294117647058,10,7,3,374.6843917510191,0.7542467948717949,0.20846316131126286,0.24509609575050728,135428.47482195028,2258.198418362787,137686.67324031307,2957,16,698.325,36,4,16,30.030383353168155,0.6744791666666667,39.7804054054054,1040.878378378378,28.913288288288282,7
3958,4,0,0,40,0.0,0.0,1.0,40,1000,700,300,0.7,13,7,6,376.77086798814366,0.7541399572649573,0.21022764139721017,0.24726758099974194,135545.71621875255,2213.9354303628024,137759.65164911535,2958,17,699.325,36,4,17,29.859233625319927,0.6756365740740742,39.667792792792795,1041.328828828829,28.925800800800808,0
3959,4,0,0,40,0.0,0.0,1.0,40,1250,900,350,0.72,16,9,7,376.4201840119231,0.753525641025641,0.21159332561322297,0.24744742753835675,135605.1275993574,2208.901416782075,137814.02901613948,2959,18,700.325,37,3,17,29.809168508965854,0.6742680180180181,39.61074561403508,1041.5570175438588,28.150189663347536,0
3960,4,1,0,41,0.024390243902439025,0.0,1.0,41,1000,700,300,0.7,13,7,6,368.09127026574805,0.7618394308943089,0.2078614257161897,0.2433942716603028,135814.58574459862,1798.4416946667202,137613.02743926534,2960,0,684.219512195122,35,6,18,29.817621585609597,0.6803571428571429,39.409722222222214,1042.36111111111,29.781746031746,0
3961,4,0,0,41,0.0,0.0,1.0,41,700,400,300,0.5714285714285714,10,4,6,368.09127026574805,0.7618394308943089,0.2078614257161897,0.2433942716603028,135814.58574459862,1798.4326774691212,137613.01842206775,2961,1,685.219512195122,35,6,18,29.817621585609597,0.6803571428571429,39.409722222222214,1042.36111111111,29.781746031746,0
3962,4,0,0,41,0.0,0.0,1.0,41,1400,1100,300,0.7857142857142857,17,11,6,367.22447989100783,0.7615853658536585,0.20646977612950357,0.24364451869057277,135935.25618355614,1783.7507501714524,137719.0069337276,2962,2,686.219512195122,35,6,13,29.72021827598963,0.6815476190476191,39.293981481481474,1042.8240740740732,29.79497354497352,0
3963,4,0,1,40,0.0,0.024390243902439025,0.975609756097561,41,1400,1100,300,0.7857142857142857,17,11,6,374.8422246561196,0.7615853658536585,0.2138436855374739,0.24157114123702386,134890.6533446714,1927.6799055527772,136818.33325022415,2963,3,687.219512195122,34,7,14,30.562877225150892,0.673406862745098,40.29761904761906,1038.8095238095252,30.55322128851545,3
3964,4,0,0,40,0.0,0.0,1.0,40,850,400,450,0.47058823529411764,13,4,9,384.37959692795073,0.7540865384615385,0.21928048636524533,0.24648596257204197,134709.75894187353,2355.9365688677663,137065.6955107413,2964,23,705.325,33,7,17,30.496079762326364,0.6739267676767676,40.47181372549021,1038.112745098041,31.457961972667906,0
3965,4,0,1,39,0.0,0.025,0.975,40,800,600,200,0.75,10,6,4,385.25842167633687,0.7533920940170941,0.21918083097261554,0.24726585973044907,134741.5657439447,2382.0645905421065,137123.6303344868,2965,24,706.325,33,7,17,30.44145420207743,0.6742424242424241,40.44117647058824,1038.2352941176475,31.46167557932265,0
3966,4,0,0,39,0.0,0.0,1.0,39,800,500,300,0.625,11,5,6,393.9922206211348,0.7541610436347279,0.22077103954992539,0.25268362230475616,134714.5779129683,2815.2991403938645,137529.87705336214,2966,25,707.6410256410256,32,7,17,30.241780183248203,0.6764322916666665,40.46717171717173,1038.1313131313148,32.441603535353586,0
3967,4,0,0,39,0.0,0.0,1.0,39,1100,700,400,0.6363636363636364,15,7,8,397.7754262649091,0.753936122357175,0.22981540705829562,0.25603291521558236,134845.6869834711,2927.6601239669485,137773.34710743805,2967,26,708.6410256410256,32,7,15,30.012308533916855,0.677734375,40.34090909090909,1038.636363636364,32.457386363636374,0
3968,4,0,0,39,0.0,0.0,1.0,39,1000,700,300,0.7,13,7,6,394.39176407877846,0.7538798920377868,0.224454766065749,0.255006960733105,135009.66299676054,2849.339831394758,137859.0028281553,2968,27,709.6410256410256,32,7,15,29.936115498319364,0.6793619791666666,40.18308080808081,1039.267676767677,32.4771148989899,0
3969,4,0,0,39,0.0,0.0,1.0,39,700,500,200,0.7142857142857143,9,5,4,393.81443956174706,0.7534300494826811,0.22363011138521327,0.25486481654656473,135042.4701561066,2836.334940312223,137878.80509641883,2969,28,710.6410256410256,32,7,15,29.918306608357632,0.6796875,40.151515151515156,1039.39393939394,32.48106060606062,0
3970,4,0,0,39,0.0,0.0,1.0,39,1200,800,400,0.6666666666666666,16,8,8,391.3455285226766,0.7524179037336932,0.2158155988615058,0.25372748676029294,135108.09643148666,2774.789881134584,137882.88631262124,2970,29,711.6410256410256,32,7,15,29.916858958788765,0.6803385416666666,40.08838383838384,1039.6464646464651,32.488952020202035,0
3971,4,0,1,38,0.0,0.02564102564102564,0.9743589743589743,39,1050,700,350,0.6666666666666666,14,7,7,390.3966489231906,0.7522492127755286,0.2163926104534164,0.25366814416249595,135187.2552023261,2755.330281622461,137942.58548394858,2971,30,712.6410256410256,33,6,16,29.862420457223667,0.6786616161616161,40.01225490196079,1039.9509803921574,31.513666072489617,0
3972,4,0,0,38,0.0,0.0,1.0,38,600,400,200,0.6666666666666666,8,4,4,397.99265187124405,0.7477181128496918,0.21844790547798065,0.2575688294185599,135042.4701561066,3149.1821625344464,138191.65231864105,2972,31,727.5263157894736,32,6,16,29.809736394557824,0.6796875,40.151515151515156,1039.39393939394,32.48106060606062,0
3973,4,0,0,38,0.0,0.0,1.0,38,700,500,200,0.7142857142857143,9,5,4,377.44301926777064,0.7474513987671882,0.19525858705225296,0.23727143727871403,133982.57757194497,2515.449043920672,136498.02661586564,2973,32,728.5263157894736,37,1,16,31.40401044976347,0.6582207207207208,41.173245614035075,1035.3070175438577,27.981270744428585,2
3974,4,0,0,38,0.0,0.0,1.0,38,600,500,100,0.8333333333333334,7,5,2,376.16150697785656,0.7462067330488383,0.19632578143667057,0.2367374886772328,134024.7872379282,2482.9931879611327,136507.78042588933,2974,33,729.5263157894736,38,0,16,31.3948789379557,0.6567982456140351,41.13247863247863,1035.470085470085,27.24921277552855,0
3975,4,0,0,38,0.0,0.0,1.0,38,1200,800,400,0.6666666666666666,16,8,8,376.90276994902445,0.7443100995732574,0.2028074517978109,0.23791987353032176,134135.43721236035,2511.2035667324194,136646.64077909276,2975,34,730.5263157894736,38,0,18,31.264825701320127,0.6578947368421052,41.02564102564103,1035.8974358974365,27.260458839406223,0
3976,4,0,0,38,0.0,0.0,1.0,38,1100,800,300,0.7272727272727273,14,8,6,394.66398338621434,0.7443100995732574,0.1993045221247003,0.24167939335982663,133011.3112953515,2924.5598609266244,135935.87115627812,2976,35,731.5263157894736,34,4,15,31.93522792844778,0.6547181372549019,42.11309523809524,1031.5476190476193,30.339635854341743,4
3977,4,0,0,38,0.0,0.0,1.0,38,1050,800,250,0.7619047619047619,13,8,5,393.7158526360163,0.744547178757705,0.19874842870415899,0.2414957745786521,133072.72002551024,2878.567885487534,135951.28791099778,2977,36,732.5263157894736,34,4,15,31.89781162262989,0.6553308823529411,42.05357142857143,1031.7857142857147,30.346638655462197,0
3978,4,0,0,38,0.0,0.0,1.0,38,850,600,250,0.7058823529411765,11,6,5,392.7302321770801,0.7442508297771456,0.1964926446928259,0.24128833329150307,133134.14292800456,2857.1605725623626,135991.30350056692,2978,37,733.5263157894736,34,4,16,31.86137386088361,0.6559436274509804,41.99404761904762,1032.0238095238096,30.353641456582636,0
3979,4,0,0,38,0.0,0.0,1.0,38,1200,900,300,0.75,15,9,6,391.50740475347567,0.7439248458985301,0.19958972616041937,0.24113296974589074,133226.30385487527,2831.816893424037,136058.1207482993,2979,38,734.5263157894736,34,4,17,31.800142220172216,0.6568627450980392,41.904761904761905,1032.3809523809523,30.364145658263304,0
3980,4,0,0,38,0.0,0.0,1.0,38,850,500,350,0.5882352941176471,12,5,7,395.4089810562337,0.7448435277382646,0.20395874412255455,0.24414042068774547,133318.49666950098,2943.066184807241,136261.56285430823,2980,39,735.5263157894736,34,4,18,31.60662824207493,0.6577818627450981,41.81547619047618,1032.738095238094,30.374649859943943,0
3981,4,0,1,37,0.0,0.02631578947368421,0.9736842105263158,38,900,700,200,0.7777777777777778,11,7,4,401.56893286069095,0.7452584163110479,0.13933896589980854,0.23977497692387295,132061.28826530598,3026.2719671201644,135087.56023242616,2981,40,736.5263157894736,34,4,18,32.716826885954745,0.6452205882352942,43.03571428571428,1027.8571428571418,30.23109243697476,4
3982,4,1,1,37,0.02631578947368421,0.02631578947368421,0.9736842105263158,38,600,500,100,0.8333333333333334,7,5,2,397.8482776051676,0.7525189663347558,0.14965068614134558,0.23890249942920438,132275.51197562352,2925.1169217686997,135200.62889739222,2982,0,736.4473684210526,34,4,18,32.59581259885044,0.6473651960784315,42.82738095238095,1028.6904761904757,30.255602240896344,0
3983,4,0,0,37,0.0,0.0,1.0,37,700,500,200,0.7142857142857143,9,5,4,405.2857130351982,0.738988988988989,0.15276200132052886,0.24258161493312586,132153.0771683673,3311.9508219954605,135465.02799036278,2983,58,757.3513513513514,34,3,18,32.52841457296129,0.646139705882353,42.94642857142857,1028.2142857142853,30.24159663865545,0
3984,4,0,0,37,0.0,0.0,1.0,37,800,400,400,0.5,12,4,8,405.95662937242804,0.7388638638638638,0.15284034034034,0.24357397762345667,132244.89795918364,3337.1386054421696,135582.0365646258,2984,59,758.3513513513514,34,3,18,32.41825810185183,0.6470588235294117,42.857142857142854,1028.5714285714282,30.252100840336123,0
3985,4,0,0,37,0.0,0.0,1.0,37,800,500,300,0.625,11,5,6,406.3795031159799,0.7387387387387387,0.1508959486045467,0.24402538474115223,132275.51197562355,3350.8113662131436,135626.3233418367,2985,60,759.3513513513514,34,3,18,32.376412838020286,0.6473651960784315,42.82738095238095,1028.690476190476,30.25560224089635,0
3986,4,0,0,37,0.0,0.0,1.0,37,950,900,50,0.9473684210526315,10,9,1,404.24396587005987,0.7381756756756757,0.14744630086525268,0.24313713270806714,132336.75063775503,3299.2665816326435,135636.01721938766,2986,61,760.3513513513514,34,3,18,32.369402985074636,0.6479779411764706,42.76785714285714,1028.9285714285706,30.262605042016784,0
3987,4,0,0,37,0.0,0.0,1.0,37,950,800,150,0.8421052631578947,11,8,3,403.22803181999353,0.7378628628628628,0.13730321609398022,0.2437353901691786,132524.1568747596,3287.5051613782616,135811.66203613786,2987,62,761.3513513513514,33,4,19,32.20612155835912,0.6521464646464648,42.58578431372548,1029.656862745097,31.201723113487787,0
3988,4,0,0,37,0.0,0.0,1.0,37,850,500,350,0.5882352941176471,12,5,7,401.8547746975947,0.7378003003003003,0.1348102833286695,0.24310911963886864,132555.70461180783,3253.6285623317794,135809.3331741396,2988,63,762.3513513513514,33,4,19,32.20960272125035,0.6524621212121213,42.55514705882352,1029.779411764705,31.205436720142576,0
3989,4,2,0,39,0.05128205128205128,0.0,1.0,39,800,500,300,0.625,11,5,6,384.14204991051497,0.7592217723796671,0.1511555708865122,0.23663999207194703,133233.13185871052,2436.0896776405975,135669.2215363511,2989,0,724.2051282051282,35,4,17,31.9833707025411,0.6547619047619049,41.898148148148145,1032.4074074074072,29.49735449735449,0
3990,4,0,0,39,0.0,0.0,1.0,39,1100,500,600,0.45454545454545453,17,5,12,385.4673189266362,0.7564664867296447,0.15488052960038656,0.23822093864967442,133352.6502486281,2480.6177126200073,135833.26796124812,2990,1,725.2051282051282,35,4,19,31.828963095771698,0.6559523809523811,41.7824074074074,1032.870370370369,29.510582010581974,0
3991,4,1,1,39,0.025,0.025,0.975,40,750,500,250,0.6666666666666666,10,5,5,377.1968046477852,0.7650373931623932,0.15037037037037027,0.23459801264679309,133588.61395178954,2077.8396639883017,135666.45361577783,2991,0,708.05,36,4,21,31.80555555555555,0.65625,41.55405405405405,1033.783783783783,28.716216216216196,0
3992,4,0,0,39,0.0,0.0,1.0,39,1550,1000,550,0.6451612903225806,21,10,11,384.6610826322825,0.7542735042735043,0.155809927392057,0.2390680674313788,133561.93636670522,2475.2158082561637,136037.15217496137,2992,3,727.2051282051282,35,4,21,31.639444071212626,0.6580357142857143,41.57986111111111,1033.6805555555552,29.533730158730148,0
3993,4,0,0,39,0.0,0.0,1.0,39,800,700,100,0.875,9,7,2,383.5123995894212,0.7538798920377868,0.15270948686374686,0.2387398094447592,133621.76254125926,2449.1205579132225,136070.8830991725,2993,4,728.2051282051282,35,4,21,31.609038583529234,0.6586309523809524,41.52199074074073,1033.9120370370358,29.54034391534388,0
3994,4,0,0,39,0.0,0.0,1.0,39,650,300,350,0.46153846153846156,10,3,7,383.9509934492381,0.7542172739541161,0.15147001850975017,0.23940000882546694,133681.60211173262,2465.4367873370975,136147.0388990697,2994,5,729.2051282051282,35,4,21,31.537609587763477,0.6592261904761905,41.46412037037037,1034.143518518518,29.546957671957657,0
3995,4,0,0,39,0.0,0.0,1.0,39,1250,1100,150,0.88,14,11,3,383.71869952898857,0.7538236617183985,0.1523611739157138,0.2397850322362779,133763.2966581445,2465.495647674691,136228.7923058192,2995,6,730.2051282051282,36,3,15,31.461599172654047,0.6579861111111112,41.38513513513513,1034.4594594594585,28.73498498498496,0
3996,4,0,0,39,0.0,0.0,1.0,39,800,600,200,0.75,10,6,4,386.52736731253094,0.7530926675663518,0.14890155732467214,0.2421131546172355,133850.6808117238,2547.3902534290933,136398.0710651529,2996,7,731.2051282051282,36,3,16,31.301238800014502,0.6588541666666667,41.30067567567567,1034.7972972972966,28.744369369369352,0
3997,4,0,0,39,0.0,0.0,1.0,39,950,700,250,0.7368421052631579,12,7,5,383.1928564851684,0.75314889788574,0.1430530772761469,0.24070018350475547,133954.1989482341,2466.058426631272,136420.25737486535,2997,8,732.2051282051282,37,2,17,31.283651978957035,0.6579391891891893,41.20065789473684,1035.1973684210527,27.978307254623047,0
3998,4,0,0,39,0.0,0.0,1.0,39,850,700,150,0.8235294117647058,10,7,3,382.37473128509464,0.7527552856500225,0.13867822318526524,0.24055726765657232,134010.95920138896,2448.480902777783,136459.44010416674,2998,9,733.2051282051282,37,2,17,31.247904091213947,0.6585022522522522,41.145833333333336,1035.4166666666672,27.984234234234247,0
3999,4,0,1,38,0.0,0.02564102564102564,0.9743589743589743,39,750,400,350,0.5333333333333333,11,4,7,381.6063788496782,0.7517431399010347,0.1435484877847535,0.2408173320636544,134124.51577648878,2436.554156086472,136561.06993257525,2999,10,734.2051282051282,37,2,17,31.1539598108747,0.6596283783783785,41.03618421052631,1035.8552631578937,27.996088193456586,0
4000,4,0,1,37,0.0,0.02631578947368421,0.9736842105263158,38,850,700,150,0.8235294117647058,10,7,3,390.258610148307,0.7502963489805595,0.161497170129848,0.24600469071514589,134083.8447188742,2865.474976665848,136949.31969554003,3000,11,752.578947368421,36,2,17,30.97069696640208,0.6611689814814815,41.07545045045045,1035.6981981981976,28.76939439439438,0
4001,4,0,0,37,0.0,0.0,1.0,37,750,700,50,0.9333333333333333,8,7,1,400.8523718242068,0.740990990990991,0.17035729826427493,0.2517713211794737,133951.04595336076,3338.9188957475967,137289.96484910836,3001,12,773.6216216216217,35,2,17,30.829792784734636,0.6619047619047619,41.2037037037037,1035.1851851851852,29.57671957671958,0
4002,4,0,0,37,0.0,0.0,1.0,37,950,600,350,0.631578947368421,13,6,7,398.3538525577375,0.7415540540540541,0.16375696214766422,0.2510190332877912,134070.88584533604,3281.530778463647,137352.41662379968,3002,13,774.6216216216217,35,2,18,30.774102220235438,0.6630952380952382,41.08796296296296,1035.6481481481478,29.58994708994708,0
4003,4,0,0,37,0.0,0.0,1.0,37,1150,800,350,0.6956521739130435,15,8,7,400.0253318752113,0.7411786786786787,0.16489777678471684,0.2526906665924499,134160.80092860508,3333.543783221874,137494.34471182694,3003,14,775.6216216216217,35,2,19,30.640547611067653,0.6639880952380952,41.001157407407405,1035.99537037037,29.599867724867714,0
4004,4,0,0,37,0.0,0.0,1.0,37,800,600,200,0.75,10,6,4,403.41405520062614,0.7401776776776777,0.16656254244193947,0.25566686937874084,134280.73459201396,3434.147135416677,137714.88172743065,3004,15,776.6216216216217,35,2,19,30.432370184254616,0.6651785714285714,40.88541666666667,1036.458333333334,29.613095238095255,0
4005,4,0,0,37,0.0,0.0,1.0,37,900,500,400,0.5555555555555556,13,5,8,403.26774478413745,0.7392392392392393,0.16643530533660056,0.2557837055443865,134310.7263803156,3432.6367455418526,137743.36312585746,3005,16,777.6216216216217,35,2,20,30.406059252642553,0.6654761904761903,40.85648148148149,1036.5740740740748,29.61640211640214,0
4006,4,0,0,37,0.0,0.0,1.0,37,800,400,400,0.5,12,4,8,406.78810586734676,0.7383008008008008,0.17265926640926632,0.2588651582792209,134430.72702331972,3536.964163237326,137967.69118655706,3006,17,778.6216216216217,35,2,20,30.1943824404762,0.6666666666666665,40.74074074074075,1037.0370370370379,29.629629629629655,0
4007,4,0,0,37,0.0,0.0,1.0,37,1050,700,350,0.6666666666666666,14,7,7,407.88624380461755,0.7383008008008008,0.17644025009274422,0.25977744354891097,134460.73555652009,3568.936873070991,138029.67242959107,3007,18,779.6216216216217,35,2,20,30.135796786072984,0.6669642857142857,40.71180555555556,1037.1527777777778,29.63293650793651,0
4008,4,0,1,36,0.0,0.02702702702702703,0.972972972972973,37,900,700,200,0.7777777777777778,11,7,4,407.68379033575775,0.7374874874874875,0.1778319269950599,0.2598621713363489,134490.74743870046,3565.939536179719,138056.68697488017,3008,19,780.6216216216217,35,2,21,30.110931339730723,0.6672619047619046,40.68287037037038,1037.26851851852,29.636243386243432,0
4009,4,0,0,36,0.0,0.0,1.0,36,650,600,50,0.9230769230769231,7,6,1,408.5063783720229,0.7309193121693123,0.20807512814627827,0.26059477167890255,134519.90504535157,3790.4478458050035,138310.35289115657,3009,20,800.2222222222222,34,2,21,30.060343508530348,0.6697303921568627,40.65476190476191,1037.3809523809532,30.511204481792742,0
4010,4,0,0,36,0.0,0.0,1.0,36,450,200,250,0.4444444444444444,7,2,5,408.5063783720229,0.7309193121693123,0.20807512814627827,0.26059477167890255,134519.90504535157,3790.4478458050035,138310.35289115657,3010,21,801.2222222222222,34,2,21,30.060343508530348,0.6697303921568627,40.65476190476191,1037.3809523809532,30.511204481792742,0
4011,4,0,0,36,0.0,0.0,1.0,36,700,400,300,0.5714285714285714,10,4,6,409.4437636528324,0.7290674603174604,0.20352798053528032,0.2621205402824203,134649.04729109252,3826.2496251944035,138475.29691628693,3011,22,802.2222222222222,32,4,21,29.906478102189794,0.6757812500000002,40.53030303030302,1037.878787878786,32.43371212121206,0
4012,4,0,0,36,0.0,0.0,1.0,36,550,400,150,0.7272727272727273,7,4,3,407.68298914841,0.7281746031746033,0.19956682750138555,0.2612285154940822,134681.8106092489,3781.4966266197107,138463.30723586862,3012,23,803.2222222222222,32,4,21,29.919312330211238,0.6761067708333335,40.49873737373736,1038.0050505050492,32.43765782828279,0
4013,4,1,1,36,0.02702702702702703,0.02702702702702703,0.972972972972973,37,700,500,200,0.7142857142857143,9,5,4,395.925133413417,0.7380505505505506,0.17993798538545613,0.25612822703883964,135027.9959180362,3292.195459678952,138320.19137771515,3013,0,782.4864864864865,33,4,18,29.877937939708357,0.6770833333333335,40.16544117647058,1039.3382352941167,31.495098039215655,0
4014,4,0,0,36,0.0,0.0,1.0,36,1000,800,200,0.8,12,8,4,403.2363425597043,0.7266534391534392,0.1861809859440191,0.2602534794450044,134944.0606347566,3682.86989210284,138626.93052685945,3014,25,805.2222222222222,32,4,19,29.77199538218495,0.6787109375,40.24621212121212,1039.015151515151,32.46922348484847,0
4015,4,0,0,36,0.0,0.0,1.0,36,700,300,400,0.42857142857142855,11,3,8,403.2363425597043,0.7269510582010582,0.1861809859440191,0.2602534794450044,134944.0606347566,3682.86989210284,138626.93052685945,3015,26,806.2222222222222,32,4,19,29.77199538218495,0.6787109375,40.24621212121212,1039.015151515151,32.46922348484847,0
4016,4,0,0,36,0.0,0.0,1.0,36,1000,900,100,0.9,11,9,2,398.4321348107036,0.7262566137566138,0.18843242039634833,0.25820472113057286,135091.6883680555,3564.973958333329,138656.66232638885,3016,27,807.2222222222222,33,3,19,29.749081496325985,0.6777146464646465,40.104166666666664,1039.583333333333,31.502525252525242,0
4017,4,0,0,36,0.0,0.0,1.0,36,800,500,300,0.625,11,5,6,399.29217527968,0.7248015873015874,0.18619459176324216,0.25921913597919544,135155.39583633695,3593.2984008554336,138748.69423719237,3017,28,808.2222222222222,33,3,19,29.663008249852677,0.6783459595959596,40.04289215686274,1039.8284313725487,31.50995246583481,0
4018,4,0,0,36,0.0,0.0,1.0,36,850,600,250,0.7058823529411765,11,6,5,400.8286689152997,0.7249669312169312,0.18628914022410714,0.26090749553321013,135250.9851980006,3642.494473279482,138893.47967128007,3018,29,809.2222222222222,33,3,19,29.527470153942808,0.6792929292929294,39.95098039215685,1040.1960784313712,31.52109328579913,0
4019,4,0,0,36,0.0,0.0,1.0,36,750,600,150,0.8,9,6,3,401.26858869507674,0.7253968253968255,0.18583300615102694,0.26165670645324113,135314.73021193765,3659.5101643598487,138974.2403762975,3019,30,810.2222222222222,33,3,19,29.452296819787982,0.6799242424242424,39.889705882352935,1040.4411764705876,31.528520499108716,0
4020,4,0,0,36,0.0,0.0,1.0,36,650,400,250,0.6153846153846154,9,4,5,399.10439661256646,0.7243386243386244,0.1858219500706546,0.2607072720026087,135378.49024413677,3606.030132641277,138984.52037677806,3020,31,811.2222222222222,33,3,19,29.444869681268642,0.6805555555555556,39.82843137254901,1040.686274509803,31.535947712418274,0
4021,4,0,0,36,0.0,0.0,1.0,36,950,700,250,0.7368421052631579,12,7,5,401.0582749134411,0.7235119047619049,0.19679821636394546,0.2631499738949427,135537.95602953184,3671.7237660995706,139209.6797956314,3021,32,812.2222222222222,33,3,20,29.23470538621475,0.6821338383838385,39.67524509803921,1041.2990196078426,31.5545157456922,0
4022,4,0,0,36,0.0,0.0,1.0,36,1100,800,300,0.7272727272727273,14,8,6,402.9561092856926,0.7238756613756614,0.19801391177008987,0.26463068135315415,135569.8604503075,3725.7407006920353,139295.60115099952,3022,33,813.2222222222222,33,3,20,29.15342825762925,0.682449494949495,39.64460784313725,1041.4215686274504,31.55822935234698,0
4023,4,0,0,36,0.0,0.0,1.0,36,800,600,200,0.75,10,6,4,404.0573210858743,0.7216269841269842,0.20091504901552382,0.26633168725940437,135701.50587293843,3766.267422592133,139467.77329553055,3023,34,814.2222222222222,31,5,21,28.993272515204534,0.6888440860215054,39.51822916666667,1041.927083333334,33.61055107526884,0
4024,4,0,0,36,0.0,0.0,1.0,36,1000,700,300,0.7,13,7,6,403.8306639633403,0.7223875661375662,0.20126133255584722,0.2664350209149723,135735.4248894586,3762.8253512912374,139498.25024074985,3024,35,815.2222222222222,31,5,21,28.965309883793584,0.6891801075268817,39.485677083333336,1042.057291666667,33.61475134408603,0
4025,4,0,0,36,0.0,0.0,1.0,36,750,600,150,0.8,9,6,3,400.50559381656706,0.7202380952380952,0.1980306272119281,0.2651944417115794,135863.944447633,3682.8539498520713,139546.79839748508,3025,36,816.2222222222222,32,4,18,28.92369100964839,0.6878255208333333,39.362373737373744,1042.5505050505058,32.579703282828305,0
4026,4,0,0,36,0.0,0.0,1.0,36,900,600,300,0.6666666666666666,12,6,6,400.84569880810704,0.719212962962963,0.19728275490987368,0.2661563884368942,135962.68875624938,3700.0117972655867,139662.70055351497,3026,37,817.2222222222222,32,4,18,28.816333736884577,0.6888020833333334,39.26767676767677,1042.929292929293,32.59154040404041,0
4027,4,0,0,36,0.0,0.0,1.0,36,550,300,250,0.5454545454545454,8,3,5,404.13048913033856,0.7185846560846562,0.19991862701583107,0.2685858383512249,135995.6114969135,3791.9945987654237,139787.60609567893,3027,38,818.2222222222222,32,4,18,28.697847314691526,0.6891276041666667,39.23611111111111,1043.055555555555,32.59548611111109,0
4028,4,0,1,35,0.0,0.027777777777777776,0.9722222222222222,36,1350,1100,250,0.8148148148148148,16,11,5,399.414206906975,0.7171296296296297,0.19016473844748139,0.2674296418553662,136259.13690248426,3684.7670199469203,139943.90392243117,3028,39,819.2222222222222,32,4,20,28.558219454186325,0.6917317708333334,38.98358585858585,1044.0656565656552,32.627051767676726,0
4029,4,0,0,35,0.0,0.0,1.0,35,850,400,450,0.47058823529411764,13,4,9,401.19704476658893,0.7147759103641456,0.1911553600370457,0.2692888281232476,136346.69197930224,3940.377977159278,140287.06995646152,3029,40,831.5428571428571,31,4,20,28.424474296637992,0.695228494623656,38.89973958333333,1044.401041666666,33.69035618279568,0
4030,4,0,0,35,0.0,0.0,1.0,35,500,300,200,0.6,7,3,4,398.7561996328983,0.7150560224089635,0.18860063033065666,0.26816605110266073,136414.6953158908,3879.2410956488666,140293.93641153967,3030,41,832.5428571428571,31,4,20,28.420504590967635,0.6959005376344086,38.834635416666664,1044.661458333333,33.6987567204301,0
4031,4,0,0,35,0.0,0.0,1.0,35,850,800,50,0.9411764705882353,9,8,1,398.7561996328983,0.7153361344537814,0.18860063033065666,0.26816605110266073,136414.6953158908,3879.2410956488666,140293.93641153967,3031,42,833.5428571428571,31,4,20,28.420504590967635,0.6959005376344086,38.834635416666664,1044.661458333333,33.6987567204301,0
4032,4,0,0,35,0.0,0.0,1.0,35,600,400,200,0.6666666666666666,8,4,4,398.50280956124243,0.714985994397759,0.18650289274588316,0.2685125983819455,136482.71560668948,3877.7491251627603,140360.46473185223,3032,43,834.5428571428571,31,4,20,28.359423676012458,0.6965725806451613,38.76953125,1044.9218750000002,33.70715725806453,0
4033,4,0,0,35,0.0,0.0,1.0,35,700,400,300,0.5714285714285714,10,4,6,399.9590556664508,0.7133753501400559,0.18942246303038712,0.27030702219286074,136588.90236009067,3925.9936804917747,140514.89604058245,3033,44,835.5428571428571,32,3,21,28.2157164713935,0.6949869791666667,38.66792929292929,1045.3282828282818,32.666508838383805,0
4034,4,0,0,35,0.0,0.0,1.0,35,800,600,200,0.75,10,6,4,399.2281033396347,0.7140056022408963,0.18532091097308512,0.27006606990622345,136621.90082644633,3908.6604683195674,140530.5612947659,3034,45,836.5428571428571,32,3,21,28.201992753623195,0.6953125,38.63636363636364,1045.4545454545457,32.670454545454554,0
4035,4,1,0,36,0.027777777777777776,0.0,1.0,36,900,500,400,0.5555555555555556,13,5,8,357.1432302459243,0.7292328042328042,0.17244646393118024,0.2294218794445577,134773.3763005814,2426.7156626921073,137200.09196327353,3035,0,814.2777777777778,33,3,21,31.139477359455512,0.6745580808080809,40.41053921568627,1038.3578431372543,31.465389185977404,6
4036,4,0,0,36,0.0,0.0,1.0,36,400,200,200,0.5,6,2,4,357.1432302459243,0.7292328042328042,0.17244646393118024,0.2294218794445577,134773.3763005814,2426.679792627828,137200.05609320925,3036,1,815.2777777777778,33,3,21,31.139477359455512,0.6745580808080809,40.41053921568627,1038.3578431372543,31.465389185977404,0
4037,4,0,0,36,0.0,0.0,1.0,36,300,300,0,1.0,3,3,0,356.07675039155424,0.728670634920635,0.16857446306348822,0.22893735833217238,134805.190611784,2400.1988417916255,137205.38945357563,3037,2,816.2777777777778,33,3,16,31.13543387617025,0.6748737373737373,40.379901960784316,1038.4803921568632,31.469102792632217,0
4038,4,0,0,36,0.0,0.0,1.0,36,1100,900,200,0.8181818181818182,13,9,4,353.91603998164004,0.7284722222222223,0.16439882544177054,0.22794774733163972,134868.83049788533,2346.4484813533145,137215.27897923865,3038,3,817.2777777777778,33,3,16,31.1280871480258,0.6755050505050505,40.31862745098039,1038.7254901960775,31.476530005941743,0
4039,4,0,0,36,0.0,0.0,1.0,36,1150,1100,50,0.9565217391304348,12,11,1,354.30647027411874,0.7284060846560847,0.16362683438155123,0.22900296249424754,134996.15532487506,2366.002258746634,137362.15758362168,3039,4,818.2777777777778,33,3,16,30.991057389937108,0.6767676767676767,40.19607843137255,1039.2156862745098,31.491384432560903,0
4040,4,0,0,36,0.0,0.0,1.0,36,500,400,100,0.8,6,4,2,354.6036515681207,0.7273478835978836,0.16814037569755547,0.2295990971450993,135059.84026576317,2378.542507689347,137438.38277345253,3040,5,819.2777777777778,33,3,17,30.919889177080872,0.6773989898989898,40.134803921568626,1039.4607843137255,31.49881164587047,0
4041,4,0,0,36,0.0,0.0,1.0,36,1050,800,250,0.7619047619047619,13,8,5,355.2544699285334,0.7264219576719577,0.16598311141632682,0.23111379774874127,135230.95415249432,2408.2801870748294,137639.23433956914,3041,6,820.2777777777778,34,2,18,30.732564572126222,0.6767769607843137,39.970238095238095,1040.1190476190475,30.591736694677866,0
4042,4,0,0,36,0.0,0.0,1.0,36,950,800,150,0.8421052631578947,11,8,3,355.22648968960004,0.7259589947089947,0.16239145083978612,0.23149323589839016,135292.87308673456,2411.9224773242463,137704.79556405882,3042,7,821.2777777777778,34,2,18,30.67165388869817,0.677389705882353,39.91071428571428,1040.3571428571418,30.598739495798288,0
4043,4,1,0,37,0.02702702702702703,0.0,1.0,37,800,600,200,0.75,10,6,4,345.6,0.7322947947947948,0.15935135135135114,0.22736842105263147,135633.68055555547,1975.857426303845,137609.53798185932,3043,0,800.0540540540541,33,4,19,30.58333333333333,0.6830808080808082,39.58333333333333,1041.666666666666,31.565656565656546,0
4044,4,0,0,37,0.0,0.0,1.0,37,600,400,200,0.6666666666666666,8,4,4,345.8808260218244,0.7316691691691691,0.1588429978031205,0.22775622788625305,135665.59624002775,1984.825698048816,137650.42193807656,3044,1,801.0540540540541,33,4,19,30.54432321687645,0.6833964646464648,39.55269607843137,1041.7892156862736,31.56937017231132,0
4045,4,0,0,37,0.0,0.0,1.0,37,700,600,100,0.8571428571428571,8,6,2,351.1401640221987,0.7317942942942943,0.1612087157712747,0.2318397480469548,135761.36582083817,2134.253652441368,137895.61947327954,3045,2,802.0540540540541,33,4,19,30.31220602069614,0.6843434343434343,39.46078431372549,1042.1568627450981,31.580510992275702,0
4046,4,0,0,37,0.0,0.0,1.0,37,800,500,300,0.625,11,5,6,352.2504881548876,0.7312937937937938,0.16256887030458644,0.23298931977025467,135825.23098087285,2168.9007833525698,137994.13176422543,3046,3,803.0540540540541,33,4,19,30.21984481542442,0.6849747474747474,39.399509803921575,1042.4019607843145,31.58793820558529,0
4047,4,0,0,37,0.0,0.0,1.0,37,1050,900,150,0.8571428571428571,12,9,3,352.24481676408226,0.7301676676676676,0.16212404671683078,0.23361271596613986,135921.05688016623,2175.4975550269073,138096.55443519313,3047,4,804.0540540540541,33,4,17,30.1248433031692,0.6859217171717171,39.307598039215684,1042.7696078431368,31.5990790255496,0
4048,4,0,0,37,0.0,0.0,1.0,37,1000,800,200,0.8,12,8,4,350.3840247875119,0.7301676676676676,0.16024413557018424,0.2327961307546068,135984.95958585633,2129.3914900518953,138114.35107590823,3048,5,805.0540540540541,33,4,17,30.109931265421206,0.6865530303030303,39.24632352941176,1043.0147058823525,31.606506238859165,0
4049,4,0,0,37,0.0,0.0,1.0,37,1000,600,400,0.6,14,6,8,349.74044974000134,0.728978978978979,0.1579978099062067,0.23320594593078406,136112.81005202333,2120.831080594004,138233.64113261734,3049,6,806.0540540540541,33,4,17,29.999877666862393,0.6878156565656566,39.12377450980392,1043.5049019607848,31.621360665478328,0
4050,4,0,0,37,0.0,0.0,1.0,37,950,600,350,0.631578947368421,13,6,7,349.7944576133709,0.7284784784784785,0.1577708255332113,0.2338735627904784,136208.73732458678,2129.012278931194,138337.74960351796,3050,7,807.0540540540541,33,4,18,29.903341942553027,0.6887626262626263,39.031862745098046,1043.8725490196086,31.632501485442685,0
4051,4,0,0,37,0.0,0.0,1.0,37,1000,500,500,0.5,15,5,10,346.3355416060512,0.7277277277277278,0.15250829332030924,0.2323993295721865,136336.69291858908,2043.648476547491,138380.34139513658,3051,8,808.0540540540541,33,4,19,29.866815301572405,0.6900252525252525,38.9093137254902,1044.3627450980398,31.647355912061812,0
4052,4,0,0,37,0.0,0.0,1.0,37,750,500,250,0.6666666666666666,10,5,5,352.20991911548094,0.7277277277277278,0.15949801942019848,0.22784838474587288,135027.99591803632,2111.6399041234113,137139.63582215973,3052,9,809.0540540540541,33,4,17,31.013810281806382,0.6770833333333334,40.16544117647059,1039.3382352941176,31.495098039215684,3
4053,4,0,0,37,0.0,0.0,1.0,37,1150,1000,150,0.8695652173913043,13,10,3,351.2034088216513,0.72754004004004,0.1543627796132807,0.227598053249356,135091.68836805562,2088.932291666677,137180.6206597223,3053,10,810.0540540540541,33,4,18,30.976536406145623,0.6777146464646464,40.10416666666667,1039.583333333334,31.50252525252527,0
4054,4,0,0,37,0.0,0.0,1.0,37,1100,900,200,0.8181818181818182,13,9,4,351.4092301733732,0.7264139139139139,0.1518200575693509,0.22873938233984611,135250.98519800082,2105.688917723957,137356.67411572477,3054,11,811.0540540540541,33,4,18,30.812617813383607,0.6792929292929293,39.950980392156865,1040.1960784313728,31.521093285799175,0
4055,4,0,0,37,0.0,0.0,1.0,37,1100,800,300,0.7272727272727273,14,8,6,353.53234342455545,0.7258508508508509,0.15289320647935667,0.2307335225225135,135346.60835075454,2169.8807249615534,137516.4890757161,3055,12,812.0540540540541,33,4,19,30.6622453185726,0.680239898989899,39.85906862745098,1040.5637254901962,31.53223410576352,0
4056,4,0,0,37,0.0,0.0,1.0,37,550,300,250,0.5454545454545454,8,3,5,353.53234342455545,0.7258508508508509,0.15289320647935667,0.2307335225225135,135346.60835075454,2169.8807249615534,137516.4890757161,3056,13,813.0540540540541,33,4,19,30.6622453185726,0.680239898989899,39.85906862745098,1040.5637254901962,31.53223410576352,0
4057,4,0,0,37,0.0,0.0,1.0,37,500,200,300,0.4,8,2,6,353.2948758307952,0.7246621621621622,0.15230985135612474,0.23098794306627732,135410.37589208476,2167.9583873990755,137578.33427948382,3057,14,814.0540540540541,33,4,20,30.604983515836576,0.6808712121212122,39.79779411764706,1040.8088235294117,31.539661319073083,0
4058,4,0,0,37,0.0,0.0,1.0,37,650,600,50,0.9230769230769231,7,6,1,352.68097942402744,0.7244744744744744,0.15353285944291373,0.2307913897710085,135442.2652945982,2153.582155901573,137595.84745049977,3058,15,815.0540540540541,33,4,20,30.589239463150456,0.6811868686868687,39.7671568627451,1040.9313725490194,31.54337492572786,0
4059,4,0,0,37,0.0,0.0,1.0,37,900,500,400,0.5555555555555556,13,5,8,354.91160058544443,0.7229104104104104,0.16158975777754447,0.2332864418697365,135601.7686256488,2225.3281490292256,137827.09677467804,3059,16,816.0540540540541,33,4,20,30.3725683413735,0.6827651515151516,39.6139705882353,1041.544117647059,31.561942959001787,0
4060,4,0,0,37,0.0,0.0,1.0,37,1650,1500,150,0.9090909090909091,18,15,3,360.23920598447296,0.7179679679679679,0.1671062080185053,0.23827330374058522,135825.23098087273,2385.914672241443,138211.14565311416,3060,17,817.0540540540541,33,4,20,30.011658437181605,0.6849747474747475,39.39950980392157,1042.4019607843136,31.58793820558526,0
4061,4,0,0,37,0.0,0.0,1.0,37,1300,1000,300,0.7692307692307693,16,10,6,366.60950304557764,0.7179679679679679,0.14965711980637408,0.23307801252021754,134396.43565759627,2454.202097505658,136850.63775510192,3061,18,818.0540540540541,34,3,16,31.270331037122077,0.6685049019607843,40.77380952380952,1036.904761904761,30.497198879551796,3
4062,4,0,0,37,0.0,0.0,1.0,37,1400,800,600,0.5714285714285714,20,8,12,363.05866034418796,0.7155280280280281,0.14501248236188036,0.2317989908351354,134550.78125,2370.0538548752834,136920.8351048753,3062,19,819.0540540540541,33,4,17,31.208165997322617,0.6723484848484849,40.625,1037.5,31.439393939393938,0
4063,4,0,0,37,0.0,0.0,1.0,37,1200,900,300,0.75,15,9,6,354.0881949377136,0.7155280280280281,0.12474967788006275,0.22417001723147634,134242.17864229044,2106.714143990953,136348.8927862814,3063,20,820.0540540540541,34,3,18,31.748994830557166,0.6669730392156862,40.92261904761906,1036.3095238095252,30.479691876750742,1
4064,4,1,1,37,0.02631578947368421,0.02631578947368421,0.9736842105263158,38,1150,900,250,0.782608695652174,14,9,5,352.5185786330865,0.7275960170697013,0.12156338979070624,0.22525510031686544,134580.80317911954,1888.4466896004853,136469.24986872,3064,0,799.4473684210526,35,3,18,31.451594162483726,0.6681547619047619,40.59606481481482,1037.615740740741,29.646164021164033,0
4065,4,0,0,37,0.0,0.0,1.0,37,800,300,500,0.375,13,3,10,359.73019204856877,0.714527027027027,0.12519968608571896,0.22928523506358298,134489.03238378683,2275.953089569164,136764.985473356,3065,22,822.0540540540541,34,3,18,31.356163204407217,0.6694240196078431,40.68452380952381,1037.2619047619046,30.50770308123249,0
4066,4,0,0,37,0.0,0.0,1.0,37,850,600,250,0.7058823529411765,11,6,5,359.1410075166003,0.7151526526526526,0.12436030246450236,0.22910356804536283,134519.90504535148,2262.3228458049907,136782.22789115648,3066,23,823.0540540540541,34,3,18,31.340610894346266,0.6697303921568627,40.654761904761905,1037.3809523809525,30.51120448179272,0
4067,4,0,0,37,0.0,0.0,1.0,37,1050,900,150,0.8571428571428571,12,9,3,358.9024926280122,0.7145895895895896,0.12398447093261211,0.2293397452892782,134581.66099773246,2260.3387188208617,136841.9997165533,3067,24,824.0540540540541,34,3,18,31.28513653051859,0.6703431372549019,40.595238095238095,1037.6190476190477,30.518207282913167,0
4068,4,0,0,37,0.0,0.0,1.0,37,900,600,300,0.6666666666666666,12,6,6,358.63458463092337,0.7137137137137137,0.12345028514753298,0.22994805720453318,134705.2154195011,2261.9897959183645,136967.20521541947,3068,25,825.0540540540541,34,3,18,31.168769113149843,0.6715686274509804,40.476190476190474,1038.0952380952378,30.532212885154053,0
4069,4,0,0,37,0.0,0.0,1.0,37,450,200,250,0.4444444444444444,7,2,5,356.3221217134087,0.7124624624624625,0.11985090673615284,0.22904921648534007,134797.9184382087,2206.296060090713,137004.2144982994,3069,26,826.0540540540541,34,3,17,31.136315869922427,0.6724877450980392,40.386904761904766,1038.4523809523816,30.542717086834756,0
4070,4,0,1,36,0.0,0.02702702702702703,0.972972972972973,37,500,300,200,0.6,7,3,4,356.1137291995438,0.7113363363363363,0.12278762089693673,0.2296973033794839,134921.5720663265,2209.4848356008993,137131.0569019274,3070,27,827.0540540540541,34,3,17,31.018438944272546,0.6737132352941178,40.26785714285714,1038.928571428571,30.55672268907562,0
4071,4,0,0,36,0.0,0.0,1.0,36,1150,1100,50,0.9565217391304348,12,11,1,364.2632268990788,0.696957671957672,0.13081570601032766,0.23502462995817272,134932.48540224915,2630.1885092272214,137562.67391147636,3071,28,850.0555555555555,33,3,17,30.79588346308092,0.6761363636363636,40.25735294117647,1038.9705882352941,31.483957219251337,0
4072,4,0,0,36,0.0,0.0,1.0,36,650,400,250,0.6153846153846154,9,4,5,365.7102058839612,0.6967261904761906,0.12768737963290477,0.23658186545399484,135027.9959180362,2676.22323745673,137704.21915549293,3072,29,851.0555555555555,33,3,17,30.66302617615846,0.6770833333333335,40.16544117647058,1039.3382352941167,31.495098039215655,0
4073,4,0,0,36,0.0,0.0,1.0,36,1350,1300,50,0.9629629629629629,14,13,1,367.1789344362771,0.6968584656084656,0.1333889871014211,0.23837132813250264,135155.39583633692,2725.2428452998784,137880.6386816368,3073,30,852.0555555555555,33,3,18,30.49781477116481,0.6783459595959596,40.04289215686274,1039.8284313725485,31.509952465834804,0
4074,4,0,0,36,0.0,0.0,1.0,36,750,600,150,0.8,9,6,3,368.6563425436714,0.6969246031746033,0.13412343060628684,0.23975374553012557,135219.11832288056,2769.877120578615,137988.99544345916,3074,31,853.0555555555555,33,3,18,30.395875063823105,0.6789772727272728,39.98161764705882,1040.0735294117642,31.51737967914437,0
4075,4,0,0,36,0.0,0.0,1.0,36,1150,900,250,0.782608695652174,14,9,5,369.2882986042778,0.6974867724867725,0.13084209975401673,0.24123047936519426,135378.49024413677,2798.7384659746103,138177.22871011138,3075,32,854.0555555555555,33,3,18,30.220599780185275,0.6805555555555556,39.82843137254901,1040.686274509803,31.535947712418274,0
4076,4,0,0,36,0.0,0.0,1.0,36,850,600,250,0.7058823529411765,11,6,5,370.28284449322246,0.6967261904761906,0.13054214581943357,0.24209485745041845,135410.37589208462,2828.0278318435057,138238.40372392812,3076,33,855.0555555555555,33,3,18,30.16295282389419,0.6808712121212122,39.79779411764705,1040.8088235294106,31.539661319073048,0
4077,4,0,0,36,0.0,0.0,1.0,36,1100,800,300,0.7272727272727273,14,8,6,372.8783867379676,0.6954034391534392,0.13312214768611152,0.24466005035617833,135537.95602953187,2907.834877210682,138445.79090674254,3077,34,856.0555555555555,33,3,18,29.968297634459216,0.6821338383838385,39.67524509803921,1041.2990196078429,31.554515745692207,0
4078,4,0,0,36,0.0,0.0,1.0,36,850,400,450,0.47058823529411764,13,4,9,375.36000000000007,0.6947751322751323,0.12955555555555565,0.24694736842105264,135633.68055555547,2982.291666666657,138615.97222222213,3078,35,857.0555555555555,33,3,19,29.808333333333337,0.6830808080808082,39.58333333333333,1041.666666666666,31.565656565656546,0
4079,4,0,0,36,0.0,0.0,1.0,36,1000,700,300,0.7,13,7,6,375.2581276488226,0.6956349206349207,0.13140045479495055,0.2473212869201775,135697.51567906578,2984.3191320645947,138681.83481113036,3079,36,858.0555555555555,33,3,20,29.74741237355918,0.6837121212121212,39.52205882352941,1041.9117647058824,31.573083778966133,0
4080,4,0,0,36,0.0,0.0,1.0,36,850,400,450,0.47058823529411764,13,4,9,375.0328419738571,0.6949404761904763,0.127170291985107,0.24783638857712928,135793.29652357264,2985.3891832468275,138778.68570681947,3080,37,859.0555555555555,33,3,20,29.657921810699584,0.6846590909090908,39.43014705882353,1042.2794117647059,31.58422459893048,0
4081,4,0,0,36,0.0,0.0,1.0,36,600,400,200,0.6666666666666666,8,4,4,375.0328419738571,0.6949404761904763,0.127170291985107,0.24783638857712928,135793.29652357264,2985.3891832468275,138778.68570681947,3081,38,860.0555555555555,33,3,20,29.657921810699584,0.6846590909090908,39.43014705882353,1042.2794117647059,31.58422459893048,0
4082,4,0,0,36,0.0,0.0,1.0,36,1050,700,350,0.6666666666666666,14,7,7,373.5565186161283,0.6937830687830688,0.12146532920601372,0.24730313648773572,135857.16919273834,2950.0662305363303,138807.23542327466,3082,39,861.0555555555555,33,3,20,29.632826887661142,0.685290404040404,39.368872549019606,1042.5245098039213,31.59165181224004,0
4083,4,0,0,36,0.0,0.0,1.0,36,800,500,300,0.625,11,5,6,373.0008395637194,0.692526455026455,0.11398715085987376,0.24737834324611788,135921.05688016638,2939.733666138034,138860.7905463044,3083,40,862.0555555555555,33,3,17,29.58374955929016,0.6859217171717171,39.30759803921569,1042.769607843138,31.599079025549635,0
4084,4,0,0,36,0.0,0.0,1.0,36,1150,900,250,0.782608695652174,14,9,5,373.36450740498105,0.6919973544973546,0.11383634251099872,0.24806442798780587,135984.95958585633,2954.3914900518957,138939.35107590823,3084,41,863.0555555555555,33,3,17,29.51070673246387,0.6865530303030303,39.24632352941176,1043.0147058823525,31.606506238859165,0
4085,4,0,0,36,0.0,0.0,1.0,36,600,100,500,0.16666666666666666,11,1,10,376.08449283452995,0.6913690476190477,0.11398287385129513,0.2500961877349624,136016.9165705498,3030.7706170703646,139047.68718762018,3085,42,864.0555555555555,33,3,17,29.40799263784461,0.6868686868686869,39.21568627450981,1043.1372549019611,31.610219845513974,0
4086,4,0,1,35,0.0,0.027777777777777776,0.9722222222222222,36,600,300,300,0.5,9,3,6,376.08449283452995,0.6913690476190477,0.11398287385129513,0.2500961877349624,136016.9165705498,3030.7706170703646,139047.68718762018,3086,43,865.0555555555555,33,3,17,29.40799263784461,0.6868686868686869,39.21568627450981,1043.1372549019611,31.610219845513974,0
4087,4,0,0,35,0.0,0.0,1.0,35,1100,800,300,0.7272727272727273,14,8,6,384.74966629380174,0.6891456582633053,0.10488639900404628,0.25594216931718117,136028.5382231405,3467.3869375573895,139495.9251606979,3087,44,865.7142857142857,32,3,17,29.17044904381505,0.689453125,39.20454545454545,1043.181818181818,32.59943181818181,0
4088,4,0,0,35,0.0,0.0,1.0,35,1150,700,450,0.6086956521739131,16,7,9,384.9985209308049,0.6889355742296919,0.10981991635270139,0.2570595940237507,136160.28498367517,3484.301665646368,139644.58664932154,3088,45,866.7142857142857,32,3,17,29.032835309299138,0.6907552083333333,39.07828282828283,1043.686868686869,32.61521464646466,0
4089,4,0,0,35,0.0,0.0,1.0,35,1100,800,300,0.7272727272727273,14,8,6,383.4423303800903,0.6889355742296919,0.10688969914807589,0.256258508104463,136193.23163771562,3444.4500242322315,139637.68166194786,3089,46,867.7142857142857,32,3,17,29.040663682916016,0.6910807291666666,39.04671717171718,1043.813131313132,32.61916035353538,0
4090,4,0,0,35,0.0,0.0,1.0,35,1000,700,300,0.7,13,7,6,379.9909722986919,0.6878851540616246,0.10475154153064903,0.2548990536806554,136325.05810950414,3360.4582759412338,139685.51638544537,3090,47,868.7142857142857,32,3,17,28.999667512997213,0.6923828125,38.92045454545455,1044.318181818182,32.63494318181819,0
4091,4,0,0,35,0.0,0.0,1.0,35,650,500,150,0.7692307692307693,8,5,3,379.32189793863375,0.6869747899159664,0.10550672583792364,0.25492526902082213,136390.99525877475,3347.2182366595384,139738.2134954343,3091,48,869.7142857142857,32,3,17,28.9516096538942,0.6930338541666666,38.85732323232324,1044.570707070708,32.64283459595963,0
4092,4,0,0,35,0.0,0.0,1.0,35,950,700,250,0.7368421052631579,12,7,5,378.9726872737809,0.6860644257703081,0.10417486791671005,0.25492845646368,136423.96981175395,3340.1916896235134,139764.16150137747,3092,49,870.7142857142857,32,3,18,28.92796712593667,0.693359375,38.82575757575758,1044.69696969697,32.64678030303031,0
4093,4,0,0,35,0.0,0.0,1.0,35,750,600,150,0.8,9,6,3,377.29097700151925,0.6861344537815126,0.09855002416626424,0.2542719972039555,136489.93087440057,3299.2838740944817,139789.21474849505,3093,50,871.7142857142857,32,3,18,28.906375865957788,0.6940104166666666,38.76262626262626,1044.949494949495,32.654671717171716,0
4094,4,0,0,35,0.0,0.0,1.0,35,900,500,400,0.5555555555555556,13,5,8,377.54853107842644,0.6857142857142857,0.10063687671516619,0.2546837157079166,136522.917384068,3308.8053833792533,139831.72276744724,3094,51,872.7142857142857,32,3,18,28.866890177600574,0.6943359375,38.73106060606061,1045.075757575758,32.658617424242436,0
4095,4,0,0,35,0.0,0.0,1.0,35,1000,800,200,0.8,12,8,4,374.03171107891677,0.6855742296918768,0.10078147911742885,0.2532589206414156,136654.90327836457,3222.653460106126,139877.55673847068,3095,52,873.7142857142857,32,3,19,28.827788511854443,0.6956380208333333,38.604797979797986,1045.580808080809,32.67440025252528,0
4096,4,0,0,35,0.0,0.0,1.0,35,850,500,350,0.5882352941176471,12,5,7,375.75713428774026,0.6852941176470588,0.10092594189154247,0.2553853861832593,136786.9529416643,3279.734689062362,140066.68763072666,3096,53,874.7142857142857,32,3,19,28.651679742506552,0.6969401041666666,38.478535353535364,1046.0858585858598,32.69018308080812,0
4097,4,0,0,35,0.0,0.0,1.0,35,400,100,300,0.25,7,1,6,375.6080372868363,0.6859943977591036,0.09959656563566766,0.2555244825089267,136819.97532139588,3278.136478420582,140098.11179981646,3097,54,875.7142857142857,32,3,19,28.622827661115135,0.697265625,38.4469696969697,1046.212121212122,32.69412878787881,0
4098,4,0,0,35,0.0,0.0,1.0,35,850,400,450,0.47058823529411764,13,4,9,371.86349666800623,0.6839635854341736,0.09363681789203437,0.2541731451668956,136985.14700349473,3187.9551512601015,140173.10215475483,3098,55,876.7142857142857,32,3,19,28.557069915169055,0.6988932291666666,38.289141414141426,1046.843434343436,32.713857323232375,0
4099,4,0,0,35,0.0,0.0,1.0,35,900,600,300,0.6666666666666666,12,6,6,374.2892156581203,0.6829831932773108,0.1000775180444784,0.256315480219058,137051.24357527297,3259.360492551787,140310.60406782475,3099,56,877.7142857142857,32,3,19,28.428091965111136,0.6995442708333333,38.226010101010104,1047.0959595959598,32.721748737373744,0
4100,4,0,0,35,0.0,0.0,1.0,35,950,700,250,0.7368421052631579,12,7,5,375.53474016907757,0.6811624649859943,0.09976755798137038,0.2581451316638641,137183.48454558218,3303.432844862783,140486.91739044496,3100,57,878.7142857142857,32,3,19,28.264483146518828,0.7008463541666666,38.09974747474748,1047.6010101010108,32.73753156565659,0
4101,4,0,0,35,0.0,0.0,1.0,35,400,200,200,0.5,6,2,4,376.84903295831157,0.6807422969187674,0.0979857452742483,0.25929463312504725,137216.55475206615,3341.98519283747,140558.53994490363,3101,58,879.7142857142857,32,3,19,28.197306579898775,0.701171875,38.06818181818182,1047.727272727273,32.74147727272728,0
4102,4,0,0,35,0.0,0.0,1.0,35,750,700,50,0.9333333333333333,8,7,1,375.33604296704885,0.6796918767507002,0.09987607573149715,0.25874494656366326,137282.70712172228,3305.42961177431,140588.1367334966,3102,59,880.7142857142857,32,3,19,28.171435742971884,0.7018229166666666,38.005050505050505,1047.9797979797981,32.74936868686869,0
4103,4,0,0,35,0.0,0.0,1.0,35,550,300,250,0.5454545454545454,8,3,5,372.8369911532261,0.6793417366946778,0.0967684206903674,0.25751187192629654,137348.8754336293,3241.7482909907267,140590.62372462003,3103,60,881.7142857142857,32,3,19,28.17142455633181,0.7024739583333333,37.9419191919192,1048.2323232323238,32.75726010101012,0
4104,4,0,0,35,0.0,0.0,1.0,35,800,600,200,0.75,10,6,4,373.1435230044438,0.6796218487394957,0.09434351775392247,0.2582153179190752,137415.05968778703,3255.107897153359,140670.16758494038,3104,61,882.7142857142857,32,3,19,28.09790462427745,0.703125,37.87878787878788,1048.484848484849,32.76515151515153,0
4105,4,0,0,35,0.0,0.0,1.0,35,1050,500,550,0.47619047619047616,16,5,11,373.4102902064884,0.6789215686274509,0.08715214474906263,0.25889364528005776,137481.25988419537,3267.383430262206,140748.6433144576,3105,62,883.7142857142857,32,3,19,28.02542338871498,0.7037760416666667,37.81565656565656,1048.737373737373,32.773042929292906,0
4106,4,0,0,35,0.0,0.0,1.0,35,1100,900,200,0.8181818181818182,13,9,4,370.9861981780031,0.6789915966386554,0.08957194430118642,0.25819893692288154,137613.7081037649,3210.557277318637,140824.26538108353,3106,63,884.7142857142857,32,3,19,27.958032490974723,0.705078125,37.68939393939394,1049.242424242424,32.78882575757575,0
4107,4,0,0,35,0.0,0.0,1.0,35,950,700,250,0.7368421052631579,12,7,5,373.55890342844344,0.6779411764705882,0.0926328813734083,0.2607384688665532,137713.0861168503,3288.789887511477,141001.87600436178,3107,64,885.7142857142857,32,3,20,27.792313244316123,0.7060546875,37.59469696969697,1049.621212121212,32.800662878787875,0
4108,4,0,0,35,0.0,0.0,1.0,35,850,700,150,0.8235294117647058,10,7,3,374.27769836876246,0.6768907563025209,0.09202645820805788,0.26174256197950047,137779.35805338738,3313.548202989486,141092.90625637685,3108,65,886.7142857142857,32,3,20,27.707957506514326,0.7067057291666667,37.531565656565654,1049.8737373737372,32.80855429292929,0
4109,4,0,0,35,0.0,0.0,1.0,35,750,400,350,0.5333333333333333,11,4,7,374.27769836876246,0.6768907563025209,0.09202645820805788,0.26174256197950047,137779.35805338738,3313.548202989486,141092.90625637685,3109,66,887.7142857142857,32,3,20,27.707957506514326,0.7067057291666667,37.531565656565654,1049.8737373737372,32.80855429292929,0
4110,4,0,0,35,0.0,0.0,1.0,35,900,800,100,0.8888888888888888,10,8,2,375.9098899295392,0.6760504201680672,0.09670805213538713,0.2638982594366107,137911.949753214,3368.4931703397633,141280.44292355375,3110,67,888.7142857142857,32,3,20,27.53410866690708,0.7080078125,37.40530303030303,1050.378787878788,32.824337121212125,0
4111,4,0,0,35,0.0,0.0,1.0,35,700,500,200,0.7142857142857143,9,5,4,375.9098899295392,0.6760504201680672,0.09670805213538713,0.2638982594366107,137911.949753214,3368.4931703397633,141280.44292355375,3111,68,889.7142857142857,32,3,20,27.53410866690708,0.7080078125,37.40530303030303,1050.378787878788,32.824337121212125,0
4112,4,0,0,35,0.0,0.0,1.0,35,1300,1000,300,0.7692307692307693,16,10,6,375.80965409723706,0.6759103641456582,0.09798664629855325,0.2648487511474431,138044.60522204364,3375.6990676971673,141420.3042897408,3112,69,890.7142857142857,32,3,15,27.40573310905522,0.7093098958333334,37.2790404040404,1050.883838383838,32.84011994949494,0
4113,4,0,0,35,0.0,0.0,1.0,35,750,400,350,0.5333333333333333,11,4,7,375.9172310469704,0.6755602240896358,0.10006178348321515,0.26518093485042227,138077.77905315784,3381.1632741556987,141458.94232731353,3113,70,891.7142857142857,32,3,15,27.370154573121898,0.7096354166666667,37.24747474747475,1051.0101010101012,32.84406565656566,0
4114,4,0,0,35,0.0,0.0,1.0,35,900,600,300,0.6666666666666666,12,6,6,378.190896269302,0.6754201680672268,0.10205306759514987,0.2680810191512352,138243.70799216902,3456.5023658300006,141700.21035799902,3114,71,892.7142857142857,32,3,15,27.146616240445027,0.7112630208333334,37.08964646464646,1051.641414141413,32.863794191919155,0
4115,4,0,0,35,0.0,0.0,1.0,35,800,600,200,0.75,10,6,4,376.0417011942832,0.6752801120448179,0.10276796432858859,0.2668166414777153,138276.90573665945,3399.5765738189866,141676.48231047843,3115,72,893.7142857142857,32,3,15,27.17036814725889,0.7115885416666667,37.0580808080808,1051.7676767676762,32.86773989898988,0
4116,4,0,0,35,0.0,0.0,1.0,35,1250,1000,250,0.8,15,10,5,376.39419123778833,0.6757002801120447,0.10574618035907202,0.2673265138279639,138310.10746671268,3411.8242079889906,141721.9316747017,3116,73,894.7142857142857,32,3,15,27.12834593686232,0.7119140625,37.026515151515156,1051.8939393939402,32.87168560606063,0
4117,4,0,0,35,0.0,0.0,1.0,35,700,500,200,0.7142857142857143,9,5,4,376.12828166072757,0.6755602240896358,0.10151720354528493,0.2676581529529327,138376.52288350672,3409.464754871942,141785.98763837866,3117,74,895.7142857142857,32,3,15,27.06983279331173,0.7125651041666667,36.963383838383834,1052.1464646464642,32.87957702020201,0
4118,4,0,0,35,0.0,0.0,1.0,35,1200,900,300,0.75,15,9,6,376.03675213769844,0.6733893557422969,0.10648073595669194,0.2691648477318685,138575.86478739412,3421.923623864906,141997.78841125904,3118,75,896.7142857142857,32,3,15,26.875724507335008,0.7145182291666667,36.773989898989896,1052.9040404040402,32.903251262626256,0
4119,4,0,0,35,0.0,0.0,1.0,35,250,200,50,0.8,3,2,1,376.03675213769844,0.6733893557422969,0.10648073595669194,0.2691648477318685,138575.86478739412,3421.923623864906,141997.78841125904,3119,76,897.7142857142857,32,3,15,26.875724507335008,0.7145182291666667,36.773989898989896,1052.9040404040402,32.903251262626256,0
4120,4,0,0,35,0.0,0.0,1.0,35,750,600,150,0.8,9,6,3,374.73474457843804,0.6738795518207282,0.10968139773895214,0.268495512868056,138609.10238751135,3388.329315886119,141997.43170339745,3120,77,898.7142857142857,32,3,15,26.877248201438846,0.71484375,36.742424242424235,1053.030303030302,32.90719696969694,0
4121,4,0,0,35,0.0,0.0,1.0,35,550,500,50,0.9090909090909091,6,5,1,381.25373802871286,0.6734593837535013,0.10887854480496117,0.2671345694342713,137845.64593217507,3510.83355652482,141356.4794886999,3121,78,899.7142857142857,32,3,21,27.45932026772474,0.7073567708333335,37.46843434343433,1050.126262626261,32.816445707070656,2
4122,4,0,0,35,0.0,0.0,1.0,35,600,300,300,0.5,9,3,6,382.8335909780691,0.6721988795518207,0.10781515635464456,0.26875887285624933,137911.94975321388,3559.4653925619714,141471.41514577586,3122,79,900.7142857142857,32,3,22,27.352295949032342,0.7080078125,37.405303030303024,1050.378787878787,32.824337121212096,0
4123,4,0,0,35,0.0,0.0,1.0,35,650,400,250,0.6153846153846154,9,4,5,384.55211029955655,0.6727591036414565,0.11011675824175882,0.2702258072375258,137945.10764207714,3609.4164498520336,141554.52409192917,3123,80,901.7142857142857,32,3,22,27.274389022435905,0.7083333333333335,37.37373737373736,1050.505050505049,32.82828282828278,0
4124,4,0,0,35,0.0,0.0,1.0,35,300,200,100,0.6666666666666666,4,2,2,383.7434721257911,0.6716386554621848,0.11264442803921249,0.26991795702102317,137978.2695165033,3589.6520444342245,141567.9215609375,3124,81,902.7142857142857,32,3,22,27.26284901654448,0.7086588541666667,37.34217171717171,1050.6313131313123,32.83222853535351,0
4125,4,1,1,35,0.027777777777777776,0.027777777777777776,0.9722222222222222,36,1200,1000,200,0.8333333333333334,14,10,4,372.29692815867566,0.6762896825396826,0.10739618929274086,0.2645527178240125,138327.68646674344,3099.7945501729923,141427.48101691643,3125,0,878.6111111111111,33,3,17,27.218759707983846,0.7095959595959597,37.00980392156862,1051.9607843137246,31.877599524658322,0
4126,4,0,0,35,0.0,0.0,1.0,35,700,300,400,0.42857142857142855,11,3,8,382.2723558836742,0.6675770308123249,0.1120148191345216,0.27097416614086123,138243.70799216902,3569.3495880522228,141813.05758022124,3126,83,904.7142857142857,32,3,18,27.03931044142954,0.7112630208333334,37.08964646464646,1051.641414141413,32.863794191919155,0
4127,4,0,0,35,0.0,0.0,1.0,35,550,400,150,0.7272727272727273,7,4,3,381.14679513377587,0.6654761904761904,0.11192676278479707,0.27122939742525654,138376.52288350672,3548.353643760832,141924.87652726757,3127,84,905.7142857142857,32,3,18,26.93782751310052,0.7125651041666667,36.963383838383834,1052.1464646464642,32.87957702020201,0
4128,4,0,1,34,0.0,0.02857142857142857,0.9714285714285714,35,650,300,350,0.46153846153846156,10,3,7,381.46840261418396,0.6645658263305322,0.10788851177620096,0.271722877554411,138409.7365702479,3559.788223140492,141969.52479338838,3128,85,906.7142857142857,32,3,18,26.896598272138228,0.712890625,36.93181818181818,1052.272727272727,32.88352272727272,0
4129,4,0,0,34,0.0,0.0,1.0,34,500,300,200,0.6,7,3,4,381.15304353646366,0.6573083778966132,0.08188362327534504,0.2717630981930218,138442.9542425518,3753.5906731456,142196.5449156974,3129,86,877.4117647058823,32,2,19,26.872125574885025,0.7132161458333334,36.900252525252526,1052.39898989899,32.88746843434344,0
4130,4,0,0,34,0.0,0.0,1.0,34,900,700,200,0.7777777777777778,11,7,4,382.0601770773218,0.6560457516339869,0.08448870732171954,0.27294221904829735,138509.40154384755,3783.785296143248,142293.18683999078,3130,87,878.4117647058823,32,2,20,26.782715605133742,0.7138671875,36.83712121212121,1052.651515151515,32.895359848484844,0
4131,4,0,0,34,0.0,0.0,1.0,34,800,500,300,0.625,11,5,6,382.8761451270638,0.6554887106357695,0.08664832839610681,0.2743287843951643,138609.10238751146,3814.023760330578,142423.12614784203,3131,88,879.4117647058823,32,2,20,26.662919664268582,0.71484375,36.74242424242424,1053.030303030303,32.90719696969697,0
4132,4,0,0,34,0.0,0.0,1.0,34,750,600,150,0.8,9,6,3,386.32803128007646,0.6541518122400476,0.08743161694207902,0.27788974939663436,138742.09264360787,3919.9919013366057,142662.0845449445,3132,89,880.4117647058823,32,2,20,26.440905640779807,0.7161458333333333,36.61616161616162,1053.535353535354,32.922979797979814,0
4133,4,0,0,34,0.0,0.0,1.0,34,700,500,200,0.7142857142857143,9,5,4,386.32803128007646,0.6541518122400476,0.08743161694207902,0.27788974939663436,138742.09264360787,3919.9919013366057,142662.0845449445,3133,90,881.4117647058823,32,2,20,26.440905640779807,0.7161458333333333,36.61616161616162,1053.535353535354,32.922979797979814,0
4134,4,0,0,34,0.0,0.0,1.0,34,700,400,300,0.5714285714285714,10,4,6,385.91450698799963,0.6534462269756388,0.08466147393648904,0.2778651044706525,138775.35017153883,3911.0841687073016,142686.43434024614,3134,91,882.4117647058823,32,2,21,26.419013381266225,0.7164713541666666,36.58459595959597,1053.6616161616178,32.926925505050555,0
4135,4,0,0,34,0.0,0.0,1.0,34,950,700,250,0.7368421052631579,12,7,5,385.17872675373826,0.652517825311943,0.08096164418319485,0.27760808752044036,138808.61168503217,3893.224862258957,142701.83654729114,3135,92,883.4117647058823,32,2,21,26.405613467529356,0.716796875,36.553030303030305,1053.787878787879,32.93087121212122,0
4136,4,0,0,34,0.0,0.0,1.0,34,1150,900,250,0.782608695652174,14,9,5,382.9202172820991,0.6534833630421866,0.08386103812857937,0.27734316864898634,138974.97903594037,3843.265833843501,142818.24486978387,3136,93,884.4117647058823,32,2,22,26.301241368299202,0.7184244791666666,36.39520202020203,1054.419191919193,32.95059974747478,0
4137,4,0,0,34,0.0,0.0,1.0,34,450,300,150,0.6666666666666666,6,3,3,382.75211801426855,0.6530005941770648,0.08179090601757966,0.277495285560345,139008.2644628101,3841.141528925641,142849.40599173575,3137,94,885.4117647058823,32,2,22,26.27289870689655,0.71875,36.363636363636374,1054.5454545454559,32.954545454545496,0
4138,4,0,0,34,0.0,0.0,1.0,34,950,600,350,0.631578947368421,13,6,7,383.7498267520603,0.65274064171123,0.08255359594466127,0.2790452395573078,139108.14465679543,3876.5452823691694,142984.6899391646,3138,95,886.4117647058823,32,2,22,26.14826451226811,0.7197265625,36.268939393939405,1054.9242424242439,32.96638257575762,0
4139,4,0,0,34,0.0,0.0,1.0,34,750,400,350,0.5333333333333333,11,4,7,386.03815238635156,0.6521093285799169,0.08257539492580146,0.2809873520331319,139141.44602591585,3942.781348841969,143084.22737475781,3139,96,887.4117647058823,32,2,17,26.055130046274133,0.7200520833333333,36.237373737373744,1055.050505050506,32.97032828282831,0
4140,4,0,0,34,0.0,0.0,1.0,34,550,500,50,0.9090909090909091,6,5,1,386.03815238635156,0.6521093285799169,0.08257539492580146,0.2809873520331319,139141.44602591585,3942.781348841969,143084.22737475781,3140,97,888.4117647058823,32,2,17,26.055130046274133,0.7200520833333333,36.237373737373744,1055.050505050506,32.97032828282831,0
4141,4,0,0,34,0.0,0.0,1.0,34,950,600,350,0.631578947368421,13,6,7,386.1326282800425,0.652517825311943,0.0805066552168312,0.28133481905286123,139174.75138059907,3947.9825081624513,143122.73388876152,3141,98,889.4117647058823,32,2,17,26.01985361573133,0.7203776041666666,36.20580808080809,1055.1767676767688,32.974273989899025,0
4142,4,0,0,34,0.0,0.0,1.0,34,850,600,250,0.7058823529411765,11,6,5,394.2469184552572,0.6517379679144385,0.08107478285431835,0.2797339719533468,138276.90573665945,4103.048796041209,142379.95453270065,3142,99,890.4117647058823,32,2,16,26.691676670668258,0.7115885416666667,37.0580808080808,1051.7676767676762,32.86773989898988,3
4143,4,0,0,34,0.0,0.0,1.0,34,900,700,200,0.7777777777777778,11,7,4,394.0116756102279,0.64965834818776,0.08558844704188417,0.2806575473962084,138409.73657024786,4107.010445362715,142516.74701561057,3143,100,891.4117647058823,32,2,16,26.56662467002641,0.712890625,36.93181818181818,1052.2727272727268,32.88352272727271,0
4144,4,0,0,34,0.0,0.0,1.0,34,850,800,50,0.9411764705882353,9,8,1,393.3652939312779,0.649212715389186,0.08400135486056226,0.28074427142218594,138476.1759004183,4094.3443271094716,142570.52022752777,3144,101,892.4117647058823,32,2,16,26.51801423544465,0.7135416666666667,36.868686868686865,1052.5252525252522,32.89141414141413,0
4145,4,0,1,33,0.0,0.029411764705882353,0.9705882352941176,34,600,500,100,0.8333333333333334,7,5,2,393.3652939312779,0.649212715389186,0.08400135486056226,0.28074427142218594,138476.1759004183,4094.3443271094716,142570.52022752777,3145,102,893.4117647058823,32,2,16,26.51801423544465,0.7135416666666667,36.868686868686865,1052.5252525252522,32.89141414141413,0
4146,4,0,0,33,0.0,0.0,1.0,33,650,400,250,0.6153846153846154,9,4,5,400.792703979864,0.6492266414141414,0.08379550985664119,0.28535734280716113,138394.16715833868,4493.474494086362,142887.64165242505,3146,103,906.4242424242424,31,2,16,26.403626820113022,0.7153897849462366,36.94661458333333,1052.213541666666,33.94237231182794,0
4147,4,0,0,33,0.0,0.0,1.0,33,800,600,200,0.75,10,6,4,397.2335745410139,0.6492266414141414,0.06825602585057,0.27833959849463763,137846.68180677635,4352.419704861121,142199.10151163748,3147,104,907.4242424242424,31,2,19,27.038773506922922,0.710013440860215,37.46744791666667,1050.1302083333342,33.875168010752716,1
4148,4,0,0,33,0.0,0.0,1.0,33,550,400,150,0.7272727272727273,7,4,3,398.26096248228316,0.648358585858586,0.06796955420808626,0.27933677594626943,137880.86785210518,4382.513427734395,142263.38127983958,3148,105,908.4242424242424,31,2,19,26.977952723365576,0.7103494623655913,37.43489583333334,1050.2604166666679,33.87936827956993,0
4149,4,0,0,33,0.0,0.0,1.0,33,550,200,350,0.36363636363636365,9,2,7,398.9629803169005,0.6481218434343435,0.06672151038086338,0.2801074292616569,137915.05813598633,4404.600524902342,142319.65866088867,3149,106,909.4242424242424,31,2,19,26.9256693938267,0.7106854838709677,37.40234375,1050.390625,33.883568548387096,0
4150,4,0,0,33,0.0,0.0,1.0,33,1100,700,400,0.6363636363636364,15,7,8,399.0252413238093,0.6480429292929294,0.06331034689983639,0.2804299344077087,137949.25265842024,4409.046766493067,142358.2994249133,3150,107,910.4242424242424,31,2,19,26.890183440753578,0.711021505376344,37.36979166666667,1050.5208333333342,33.887768817204325,0
4151,4,0,0,33,0.0,0.0,1.0,33,950,600,350,0.631578947368421,13,6,7,397.86134028612713,0.6484375,0.061537306146971504,0.2801693731334246,138017.6544189453,4382.37779405382,142400.03221299913,3151,108,911.4242424242424,31,2,19,26.853056588186696,0.7116935483870968,37.3046875,1050.78125,33.89616935483871,0
4152,4,0,0,33,0.0,0.0,1.0,33,550,400,150,0.7272727272727273,7,4,3,395.4007588787137,0.6485164141414141,0.05712226326696057,0.278992563432603,138086.07313368065,4319.867621527783,142405.94075520843,3152,109,912.4242424242424,31,2,19,26.850016518004615,0.7123655913978495,37.239583333333336,1051.0416666666672,33.904569892473134,0
4153,4,0,0,33,0.0,0.0,1.0,33,1000,600,400,0.6,14,6,8,392.58070143488374,0.6468592171717172,0.05818932357632045,0.2778342825667562,138188.73299492736,4250.045945909294,142438.77894083664,3153,110,913.4242424242424,31,2,19,26.822626418988644,0.7133736559139785,37.141927083333336,1051.432291666667,33.91717069892474,0
4154,4,0,0,33,0.0,0.0,1.0,33,900,600,300,0.6666666666666666,12,6,6,388.9464995463404,0.6463857323232324,0.06359598869501637,0.27624154200516304,138310.10746671265,4159.046430211212,142469.15389692388,3154,111,914.4242424242424,32,1,19,26.798253510983074,0.7119140625,37.026515151515156,1051.89393939394,32.87168560606062,0
4155,4,0,0,33,0.0,0.0,1.0,33,650,400,250,0.6153846153846154,9,4,5,387.71733962311527,0.646701388888889,0.06496312137214666,0.2756365933225085,138343.31318232848,4127.620268339981,142470.93345066847,3155,112,915.4242424242424,32,1,19,26.79778764602336,0.7122395833333333,36.9949494949495,1052.020202020203,32.87563131313134,0
4156,4,0,0,33,0.0,0.0,1.0,33,650,400,250,0.6153846153846154,9,4,5,387.42317523297953,0.64614898989899,0.06378360691498042,0.2762337181836516,138442.9542425519,4127.201784256725,142570.15602680863,3156,113,916.4242424242424,32,1,21,26.707158568286353,0.7132161458333333,36.90025252525253,1052.398989898991,32.88746843434347,0
4157,4,0,0,33,0.0,0.0,1.0,33,850,500,350,0.5882352941176471,12,5,7,389.26736935280667,0.6453598484848485,0.06843534299453702,0.2780910075659256,138509.40154384766,4183.43807392104,142692.8396177687,3157,114,917.4242424242424,32,1,21,26.59304905841431,0.7138671875,36.83712121212122,1052.651515151516,32.89535984848487,0
4158,4,0,0,33,0.0,0.0,1.0,33,1100,800,300,0.7272727272727273,14,8,6,386.63371461104487,0.6448863636363636,0.0710922171353825,0.277021063561522,138609.10238751158,4118.19042699726,142727.29281450884,3158,115,918.4242424242424,32,1,21,26.563998800959233,0.71484375,36.74242424242425,1053.030303030304,32.907196969697,0
4159,4,0,0,33,0.0,0.0,1.0,33,1000,700,300,0.7,13,7,6,386.57191647920774,0.6437815656565657,0.06790116728972939,0.2772481818876246,138642.34397319157,4119.0473229772515,142761.39129616882,3159,116,919.4242424242424,32,1,21,26.532839787395602,0.7151692708333333,36.71085858585859,1053.1565656565663,32.911142676767696,0
4160,4,0,0,33,0.0,0.0,1.0,33,700,300,400,0.42857142857142855,11,3,8,386.5003652015852,0.6438604797979799,0.0690263943680387,0.27746867870151715,138675.58954443448,4119.633200693832,142795.22274512833,3160,117,920.4242424242424,32,1,21,26.501937984496102,0.7154947916666666,36.67929292929294,1053.2828282828302,32.915088383838444,0
4161,4,0,0,33,0.0,0.0,1.0,33,550,300,250,0.5454545454545454,8,3,5,386.5003652015852,0.6438604797979799,0.0690263943680387,0.27746867870151715,138675.58954443448,4119.633200693832,142795.22274512833,3161,118,921.4242424242424,32,1,21,26.501937984496102,0.7154947916666666,36.67929292929294,1053.2828282828302,32.915088383838444,0
4162,4,0,0,33,0.0,0.0,1.0,33,750,400,350,0.5333333333333333,11,4,7,385.48377091320197,0.6438604797979799,0.0754763980570432,0.260745509407085,136618.80705091698,3933.0618765023187,140551.8689274193,3162,119,922.4242424242424,31,2,21,28.56429297961556,0.6979166666666666,38.63932291666667,1045.4427083333342,33.72395833333336,4
4163,4,0,0,33,0.0,0.0,1.0,33,500,300,200,0.6,7,3,4,383.3272487738287,0.6440183080808082,0.07147168900156897,0.26004091741143537,136720.920138889,3881.7708333333453,140602.69097222234,3163,120,923.4242424242424,31,2,21,28.51925630810093,0.6989247311827957,38.54166666666667,1045.8333333333342,33.73655913978497,0
4164,4,0,0,33,0.0,0.0,1.0,33,800,200,600,0.25,14,2,12,384.5712345142149,0.642282196969697,0.06722860213837167,0.26164520485365933,136823.07137383352,3923.6434936523383,140746.71486748586,3164,121,924.4242424242424,31,2,21,28.385319435801698,0.6999327956989247,38.444010416666664,1046.2239583333333,33.74915994623656,0
4165,4,0,0,33,0.0,0.0,1.0,33,500,400,100,0.8,6,4,2,383.57617231888105,0.642282196969697,0.08314298766560091,0.24309445315750716,134280.73459201376,3701.378038194425,137982.1126302082,3165,122,925.4242424242424,31,2,21,30.946398659966498,0.674731182795699,40.88541666666666,1036.4583333333321,33.4341397849462,3
4166,4,0,0,33,0.0,0.0,1.0,33,650,400,250,0.6153846153846154,9,4,5,384.3690378677937,0.6437026515151516,0.0861147892790286,0.2444980045989702,134415.7240125867,3733.048502604158,138148.77251519085,3166,123,926.4242424242424,31,2,21,30.790641218818028,0.6760752688172043,40.75520833333333,1036.9791666666658,33.45094086021503,0
4167,4,1,1,33,0.029411764705882353,0.029411764705882353,0.9705882352941176,34,650,300,350,0.46153846153846156,10,3,7,374.71535608765953,0.6612448009506834,0.07591120753909375,0.2399081207529906,134652.11868286133,3291.3111368815107,137943.42981974283,3167,0,900.1470588235294,31,3,21,30.80450487182704,0.6784274193548387,40.52734375,1037.890625,33.48034274193548,0
4168,4,0,0,33,0.0,0.0,1.0,33,500,200,300,0.4,8,2,6,384.86772671015444,0.6429924242424243,0.08174256257031676,0.24528226337656478,134485.2904837517,3751.8096048872612,138237.10008863898,3168,125,928.4242424242424,32,1,21,30.708054372083577,0.6741536458333334,40.688131313131315,1037.247474747475,32.413983585858595,0
4169,4,0,0,33,0.0,0.0,1.0,33,750,600,150,0.8,9,6,3,384.02606409574037,0.6427556818181819,0.07594012413289519,0.24518587169189573,134550.78125,3734.23327339047,138285.01452339048,3169,126,929.4242424242424,30,3,23,30.66432396251673,0.6802083333333333,40.625,1037.5,34.583333333333336,0
4170,4,0,0,33,0.0,0.0,1.0,33,800,600,200,0.75,10,6,4,384.02606409574037,0.6427556818181819,0.07594012413289519,0.24518587169189573,134550.78125,3734.2013888888887,138284.98263888888,3170,127,930.4242424242424,30,3,23,30.66432396251673,0.6802083333333333,40.625,1037.5,34.583333333333336,0
4171,4,0,0,33,0.0,0.0,1.0,33,550,400,150,0.7272727272727273,7,4,3,382.74242957265704,0.6427556818181819,0.07291162576333665,0.22774040492671677,131929.3975830078,3498.9956325954868,135428.3932156033,3171,128,931.4242424242424,31,2,20,33.333861427967896,0.6512096774193548,43.1640625,1027.34375,33.140120967741936,6
4172,4,1,0,34,0.029411764705882353,0.0,1.0,34,950,700,250,0.7368421052631579,12,7,5,372.5679817731809,0.656714200831848,0.07108835437008776,0.22444949145847737,132398.0034722223,3065.451388888894,135463.4548611112,3172,0,905.0,32,2,21,33.12246963562752,0.6533203125,42.708333333333336,1029.1666666666672,32.16145833333335,0
4173,4,0,0,34,0.0,0.0,1.0,34,1000,700,300,0.7,13,7,6,372.795631542602,0.6582739156268569,0.0727557975980091,0.2253631115811655,132527.9806429192,3081.170448168568,135609.15109108776,3173,1,906.0,32,2,22,32.985642754956054,0.6546223958333333,42.58207070707071,1029.671717171718,32.17724116161619,0
4174,4,0,0,34,0.0,0.0,1.0,34,900,900,0,1.0,9,9,0,376.44862457681023,0.6568627450980392,0.07335092919109543,0.22796521385842938,132592.9931416439,3182.8899793388664,135775.88312098276,3174,2,907.0,32,2,22,32.82610028196642,0.6552734375,42.518939393939405,1029.9242424242439,32.18513257575762,0
4175,4,1,2,33,0.02857142857142857,0.05714285714285714,0.9428571428571428,35,800,500,300,0.625,11,5,6,365.07449027402646,0.674859943977591,0.06684892428384659,0.2227245603100352,132871.3884833958,2701.590884515574,135572.97936791138,3175,0,882.0571428571428,33,2,17,32.83893478347003,0.6556186868686869,42.24877450980392,1031.0049019607843,31.242572786690435,0
4176,4,0,0,33,0.0,0.0,1.0,33,950,700,250,0.7368421052631579,12,7,5,379.4811798324469,0.6519886363636365,0.061280056983330056,0.23045545479770935,132699.68880547426,3471.406894259988,136171.09569973426,3176,4,896.4848484848485,31,2,17,32.640512447870584,0.6589381720430108,42.415364583333336,1030.3385416666672,33.236727150537654,0
4177,4,0,0,33,0.0,0.0,1.0,33,650,600,50,0.9230769230769231,7,6,1,379.2136455013712,0.651751893939394,0.05778788644596111,0.23049898544530364,132733.23059082043,3466.8504503038344,136200.08104112427,3177,5,897.4848484848485,31,2,18,32.613617218431465,0.659274193548387,42.38281250000001,1030.468750000001,33.24092741935487,0
4178,4,0,0,33,0.0,0.0,1.0,33,500,200,300,0.4,8,2,6,378.2818792053438,0.6521464646464648,0.05380654300426868,0.23013843765644104,132766.77661471904,3444.65315077041,136211.42976548945,3178,6,898.4848484848485,31,2,18,32.60383765003159,0.6596102150537634,42.35026041666667,1030.598958333334,33.24512768817206,0
4179,4,1,1,33,0.029411764705882353,0.029411764705882353,0.9705882352941176,34,650,500,150,0.7692307692307693,8,5,3,366.55734311423333,0.6649955436720143,0.046536235639630164,0.22488788347819197,133081.09504132243,2956.370523415995,136037.46556473844,3179,0,873.0294117647059,32,2,19,32.58994126284876,0.66015625,42.045454545454554,1031.818181818183,32.244318181818215,0
4180,4,0,0,33,0.0,0.0,1.0,33,850,600,250,0.7058823529411765,11,6,5,376.0119905829057,0.6549873737373738,0.05283428759384834,0.2304054912133305,133035.29739379894,3404.573398166246,136439.8707919652,3180,8,900.4848484848485,31,2,19,32.39211262568893,0.662298387096774,42.08984375000001,1031.640625000001,33.27872983870971,0
4181,4,0,0,33,0.0,0.0,1.0,33,650,200,450,0.3076923076923077,11,2,9,373.9548806337013,0.6534090909090909,0.051245578816557114,0.2295578953541506,133102.46997409407,3354.86365424264,136457.33362833672,3181,9,901.4848484848485,31,2,19,32.377628811777086,0.6629704301075268,42.02473958333334,1031.9010416666677,33.287130376344116,0
4182,4,1,0,34,0.029411764705882353,0.0,1.0,34,950,700,250,0.7368421052631579,12,7,5,362.0159939991777,0.6740196078431373,0.04216417105764503,0.22425260249017953,133439.60636988573,2861.4543477706407,136301.06071765636,3182,0,875.9411764705883,32,2,20,32.34729520550734,0.6637369791666666,41.698232323232325,1033.207070707071,32.287720959595966,0
4183,4,0,0,34,0.0,0.0,1.0,34,800,600,200,0.75,10,6,4,359.65239603777997,0.6740196078431373,0.04215075550190761,0.22357434824307562,133570.093692608,2807.7608471074495,136377.85453971545,3183,1,876.9411764705883,32,2,22,32.277543666788816,0.6650390625,41.5719696969697,1033.712121212122,32.30350378787881,0
4184,4,0,0,34,0.0,0.0,1.0,34,500,300,200,0.6,7,3,4,357.7618523047539,0.6753565062388592,0.036810499019488185,0.22279177251130267,133635.36126734523,2761.926876084081,136397.28814342932,3184,2,877.9411764705883,32,2,22,32.261010705417846,0.6656901041666666,41.50883838383839,1033.9646464646469,32.311395202020215,0
4185,4,0,0,34,0.0,0.0,1.0,34,1050,700,350,0.6666666666666666,14,7,7,357.2875261306763,0.6753193701723114,0.038875804227941346,0.2230868455840322,133733.29252117148,2756.2474492398974,136489.53997041137,3185,3,878.9411764705883,32,2,17,32.175191243489586,0.6666666666666665,41.414141414141426,1034.3434343434358,32.32323232323237,0
4186,4,0,0,34,0.0,0.0,1.0,34,1300,1000,300,0.7692307692307693,16,10,6,356.62005498400833,0.6756907308377897,0.03844663399091508,0.2236583466491139,133896.59098880232,2750.041928119602,136646.63291692192,3186,4,879.9411764705883,32,2,17,32.02899434752553,0.6682942708333333,41.25631313131314,1034.9747474747487,32.3429608585859,0
4187,4,0,1,33,0.0,0.029411764705882353,0.9705882352941176,34,850,700,150,0.8235294117647058,10,7,3,356.34875573195956,0.6755050505050505,0.03210120917423298,0.22448329450948815,134059.9890955006,2754.422061524353,136814.41115702497,3187,5,880.9411764705883,32,2,17,31.872561570348697,0.669921875,41.09848484848486,1035.6060606060619,32.362689393939434,0
4188,4,0,0,33,0.0,0.0,1.0,33,600,500,100,0.8333333333333334,7,5,2,368.2052070977173,0.6542771464646465,0.033778428144625394,0.23164302269312087,134010.9592013889,3268.706597222227,137279.66579861112,3188,16,908.4848484848485,31,2,18,31.61468812877264,0.6720430107526882,41.145833333333336,1035.4166666666667,33.40053763440861,0
4189,4,0,0,33,0.0,0.0,1.0,33,650,500,150,0.7692307692307693,8,5,3,369.02561878162976,0.6534880050505051,0.03501074089309375,0.23301331928782906,134145.81298828125,3300.6483289930557,137446.4613172743,3189,17,909.4848484848485,31,2,18,31.458438076085127,0.6733870967741936,41.015625,1035.9375,33.417338709677416,0
4190,4,1,1,33,0.029411764705882353,0.029411764705882353,0.9705882352941176,34,750,600,150,0.8,9,6,3,359.8386612831749,0.6694890077243019,0.03225517651356191,0.22891982378921105,134419.81565975404,2873.889303387402,137293.70496314144,3190,0,883.7058823529412,32,2,19,31.42249076667073,0.6735026041666667,40.75126262626262,1036.994949494949,32.406092171717155,0
4191,4,0,0,33,0.0,0.0,1.0,33,450,300,150,0.6666666666666666,6,3,3,370.6472058786394,0.6537247474747475,0.036241815136287325,0.23490061773837326,134280.7345920138,3354.1558159722017,137634.89040798598,3191,19,911.4848484848485,31,2,19,31.28140703517587,0.674731182795699,40.88541666666666,1036.4583333333323,33.434139784946204,0
4192,4,0,0,33,0.0,0.0,1.0,33,950,500,450,0.5263157894736842,14,5,9,368.4000427167038,0.6534880050505051,0.03765717438033844,0.23455686172969972,134449.48196411118,3306.238979763439,137755.72094387462,3192,20,912.4848484848485,31,2,19,31.170877798702666,0.6764112903225807,40.72265624999999,1037.1093749999989,33.45514112903222,0
4193,4,0,0,33,0.0,0.0,1.0,33,500,300,200,0.6,7,3,4,367.10723185380203,0.6538825757575758,0.04046236178782947,0.2341667987333257,134517.01058281775,3276.4334784613475,137793.4440612791,3193,21,913.4848484848485,31,2,19,31.136903267645696,0.6770833333333335,40.65755208333332,1037.3697916666652,33.463541666666615,0
4194,4,0,0,33,0.0,0.0,1.0,33,750,500,250,0.6666666666666666,10,5,5,367.18812233453895,0.6515940656565657,0.039800768031634126,0.2348707331465709,134618.3353000216,3286.0507541232546,137904.38605414485,3194,22,914.4848484848485,31,2,19,31.033563362609804,0.6780913978494625,40.55989583333333,1037.7604166666658,33.47614247311825,0
4195,4,0,0,33,0.0,0.0,1.0,33,800,500,300,0.625,11,5,6,367.1753449718967,0.6534880050505051,0.04546404721997388,0.23551802296548113,134719.69816419802,3293.1503295898333,138012.84849378787,3195,23,915.4848484848485,31,2,20,30.93265291191104,0.6790994623655915,40.46223958333333,1038.1510416666658,33.48874327956987,0
4196,4,0,0,33,0.0,0.0,1.0,33,900,600,300,0.6666666666666666,12,6,6,368.6176039936714,0.6533301767676768,0.044859884107533166,0.23688359321914015,134787.29459974496,3336.9939168294222,138124.28851657436,3196,24,916.4848484848485,31,2,18,30.827716823406483,0.679771505376344,40.397135416666664,1038.411458333333,33.49714381720429,0
4197,4,0,0,33,0.0,0.0,1.0,33,900,700,200,0.7777777777777778,11,7,4,370.0168824030236,0.6530145202020202,0.04668725616450309,0.23822636569240685,134854.90798950195,3379.7185262044263,138234.6265157064,3197,25,917.4848484848485,31,2,18,30.723878024319912,0.6804435483870968,40.33203125,1038.671875,33.50554435483871,0
4198,4,0,0,33,0.0,0.0,1.0,33,850,500,350,0.5882352941176471,12,5,7,370.40818437406836,0.6529356060606061,0.044867777917032114,0.23892375934686264,134922.5383334689,3395.2824910481672,138317.82082451705,3198,26,918.4848484848485,31,2,18,30.646201487237327,0.6811155913978495,40.26692708333333,1038.932291666666,33.5139448924731,0
4199,4,0,0,33,0.0,0.0,1.0,33,600,500,100,0.8333333333333334,7,5,2,368.8284484572044,0.6534090909090909,0.045965228022613935,0.23834978519327538,134990.18563164613,3357.644144694021,138347.82977634016,3199,27,919.4848484848485,31,2,19,30.61972706010107,0.6817876344086021,40.20182291666667,1039.1927083333342,33.522345430107556,0
4200,4,0,0,33,0.0,0.0,1.0,33,800,700,100,0.875,9,7,2,368.1843405994733,0.6538825757575758,0.048336028792054675,0.23815619178808708,135024.01563856332,3342.7456325954763,138366.7612711588,3200,28,920.4848484848485,31,2,19,30.602710264762376,0.6821236559139785,40.16927083333333,1039.3229166666663,33.52654569892472,0
4201,4,0,0,33,0.0,0.0,1.0,33,650,500,150,0.7692307692307693,8,5,3,367.79779243250795,0.6519886363636365,0.05228743287603632,0.2385755786006153,135125.53109063036,3339.7744072808064,138465.30549791118,3201,29,921.4848484848485,31,2,20,30.511505948653735,0.6831317204301075,40.07161458333333,1039.713541666666,33.53914650537632,0
4202,4,0,0,33,0.0,0.0,1.0,33,700,500,200,0.7142857142857143,9,5,4,366.41848625651835,0.6531723484848485,0.051439650037371276,0.23812729452651044,135193.2292514378,3307.459682888465,138500.68893432626,3202,30,922.4848484848485,31,2,20,30.47986832769917,0.6838037634408602,40.00651041666667,1039.973958333334,33.54754704301077,0
4203,4,0,0,33,0.0,0.0,1.0,33,1050,800,250,0.7619047619047619,13,8,5,367.3885029054633,0.6515151515151516,0.059453248540972226,0.2396572674871474,135328.67643568243,3343.639967176639,138672.31640285905,3203,31,923.4848484848485,31,2,20,30.319656488549622,0.6851478494623657,39.87630208333333,1040.494791666666,33.56434811827955,0
4204,4,0,0,33,0.0,0.0,1.0,33,500,300,200,0.6,7,3,4,367.6048420793167,0.6508838383838385,0.057451390784724055,0.24002433806355364,135362.54882812488,3351.9856770833185,138714.5345052082,3204,32,924.4848484848485,31,2,20,30.28028028028028,0.685483870967742,39.84374999999999,1040.624999999999,33.56854838709675,0
4205,4,0,0,33,0.0,0.0,1.0,33,950,700,250,0.7368421052631579,12,7,5,367.8707885361433,0.6502525252525253,0.057998370193491855,0.24087853843951396,135464.1914367676,3366.6637844509537,138830.85522121858,3205,33,925.4848484848485,31,2,20,30.1721127788201,0.686491935483871,39.74609375,1041.0156250000002,33.58114919354839,0
4206,4,0,0,33,0.0,0.0,1.0,33,1050,800,250,0.7619047619047619,13,8,5,368.5069647332619,0.6497790404040404,0.05751476510321352,0.24220930245697314,135599.77425469298,3393.892245822493,138993.66650051548,3206,34,926.4848484848485,31,2,20,30.020549443680455,0.6878360215053763,39.61588541666667,1041.536458333334,33.59795026881722,0
4207,4,0,1,32,0.0,0.030303030303030304,0.9696969696969697,33,800,700,100,0.875,9,7,2,366.843127236267,0.648989898989899,0.05690955297254474,0.2415729926763269,135667.59109497073,3353.7446763780395,139021.33577134876,3207,35,927.4848484848485,31,2,21,29.996380660750734,0.688508064516129,39.55078125,1041.7968750000002,33.60635080645162,0
4208,4,0,1,31,0.0,0.03125,0.96875,32,750,600,150,0.8,9,6,3,365.6339085385813,0.6470514112903226,0.03744925046845715,0.24169276943446266,135803.27563815642,3530.8564927842826,139334.1321309407,3208,36,914.5625,31,1,21,29.89290547574432,0.6898521505376345,39.420572916666664,1042.317708333333,33.62315188172042,0
4209,4,0,0,31,0.0,0.0,1.0,31,1150,800,350,0.6956521739130435,15,8,7,373.52088103798206,0.6461469534050179,0.048314284168875066,0.24646020346276393,135738.70759986708,3940.2483307318803,139678.95593059895,3209,37,933.0645161290323,30,1,22,29.75165527322756,0.6920138888888889,39.48252688172043,1042.0698924731187,34.73566308243729,0
4210,4,0,0,31,0.0,0.0,1.0,31,750,500,250,0.6666666666666666,10,5,5,374.16583943894057,0.6456989247311828,0.05039646550791699,0.24712793177253362,135773.72564747374,3960.378006127884,139734.10365360163,3210,38,934.0645161290323,30,1,22,29.699993551715256,0.6923611111111111,39.4489247311828,1042.204301075269,34.740143369175634,0
4211,4,0,0,31,0.0,0.0,1.0,31,900,700,200,0.7777777777777778,11,7,4,371.90824797903895,0.6448924731182796,0.048886190088006876,0.2461194856079715,135843.77529194127,3904.2840935368276,139748.0593854781,3211,39,935.0645161290323,30,1,22,29.68911165549253,0.6930555555555555,39.38172043010753,1042.47311827957,34.74910394265233,0
4212,4,0,0,31,0.0,0.0,1.0,31,850,500,350,0.5882352941176471,12,5,7,372.6297031827389,0.6472222222222223,0.05490645951012296,0.2478131213711428,136018.9784404266,3936.942312695104,139955.92075312173,3212,40,936.0645161290323,30,1,18,29.496037881716276,0.6947916666666667,39.21370967741935,1043.1451612903222,34.771505376344074,0
4213,4,0,0,31,0.0,0.0,1.0,31,800,500,300,0.625,11,5,6,372.9978996576227,0.6471326164874552,0.06191520832294595,0.24879344441080606,136124.15452653493,3954.804746213444,140078.95927274838,3213,41,937.0645161290323,30,1,19,29.38186931135153,0.6958333333333333,39.112903225806456,1043.5483870967748,34.78494623655916,0
4214,4,0,0,31,0.0,0.0,1.0,31,500,300,200,0.6,7,3,4,373.4023828187462,0.6455197132616487,0.06246417385958636,0.2495561880353171,136194.29449936422,3971.054818476142,140165.34931784036,3214,42,938.0645161290323,30,1,20,29.30160314190058,0.6965277777777776,39.04569892473119,1043.8172043010763,34.79390681003588,0
4215,4,0,0,31,0.0,0.0,1.0,31,400,300,100,0.75,5,3,2,372.33652412337926,0.6458781362007169,0.06174249187216363,0.24958433614448094,136299.53833174365,3949.8592684125488,140249.3976001562,3215,43,939.0645161290323,30,1,20,29.224857338996866,0.6975694444444445,38.94489247311829,1044.2204301075276,34.80734767025092,0
4216,4,0,0,31,0.0,0.0,1.0,31,650,300,350,0.46153846153846156,10,3,7,371.8542591129463,0.6453405017921147,0.06304645659484365,0.2495084277467695,136334.62864203952,3939.3224650248494,140273.95110706438,3216,44,940.0645161290323,30,1,21,29.20259545259545,0.6979166666666666,38.91129032258064,1044.354838709677,34.811827956989234,0
4217,4,0,0,31,0.0,0.0,1.0,31,800,400,400,0.5,12,4,8,372.68390297051997,0.642921146953405,0.06439994356705991,0.2510610625383729,136475.0350474044,3972.409743901038,140447.44479130546,3217,45,941.0645161290323,30,1,21,29.04151659377411,0.6993055555555555,38.77688172043011,1044.8924731182801,34.82974910394267,0
4218,4,0,0,31,0.0,0.0,1.0,31,500,300,200,0.6,7,3,4,372.68390297051997,0.642921146953405,0.06439994356705991,0.2510610625383729,136475.0350474044,3972.409743901038,140447.44479130546,3218,46,942.0645161290323,30,1,21,29.04151659377411,0.6993055555555555,38.77688172043011,1044.8924731182801,34.82974910394267,0
4219,4,0,0,31,0.0,0.0,1.0,31,500,400,100,0.8,6,4,2,373.4209530505267,0.6422939068100358,0.06827507519966813,0.2518081448367603,136510.14793979083,3995.149908949026,140505.29784873987,3219,47,943.0645161290323,30,1,21,28.987406216505885,0.6996527777777777,38.74327956989248,1045.026881720431,34.83422939068103,0
4220,4,0,0,31,0.0,0.0,1.0,31,500,300,200,0.6,7,3,4,374.61318098181073,0.6421146953405018,0.059066515150258514,0.2533688105805674,136615.5137154585,4035.5944328824266,140651.10814834095,3220,48,944.0645161290323,30,1,21,28.851675666409527,0.7006944444444444,38.642473118279575,1045.4301075268822,34.84767025089607,0
4221,4,0,0,31,0.0,0.0,1.0,31,550,300,250,0.5454545454545454,8,3,5,374.671385863374,0.6423835125448029,0.05754118822802501,0.25366133251794487,136650.64467351718,4039.8172837900356,140690.4619573072,3221,49,945.0645161290323,30,1,21,28.81529331105113,0.7010416666666666,38.608870967741936,1045.5645161290324,34.852150537634415,0
4222,4,0,0,31,0.0,0.0,1.0,31,400,100,300,0.25,7,1,6,373.13129043556427,0.6426523297491039,0.05524504519446061,0.25287120553908443,136685.78014799402,4000.3483061625684,140686.1284541566,3222,50,946.0645161290323,30,1,21,28.820694087403606,0.7013888888888888,38.575268817204304,1045.698924731183,34.85663082437277,0
4223,4,0,0,31,0.0,0.0,1.0,31,550,200,350,0.36363636363636365,9,2,7,373.21166791847384,0.6439964157706093,0.05761108785483682,0.2536861494680769,136791.21366993285,4010.4154020695933,140801.62907200246,3223,51,947.0645161290323,30,1,22,28.714024155210073,0.7024305555555556,38.47446236559139,1046.1021505376339,34.87007168458779,0
4224,4,0,0,31,0.0,0.0,1.0,31,1100,800,300,0.7272727272727273,14,8,6,371.9028442675343,0.6431003584229391,0.05048944270227085,0.2538130980115064,136931.85492903797,3985.069263787713,140916.92419282568,3224,52,948.0645161290323,30,1,22,28.60884593981423,0.7038194444444444,38.34005376344086,1046.639784946236,34.8879928315412,0
4225,4,0,0,31,0.0,0.0,1.0,31,800,600,200,0.75,10,6,4,370.66626277042946,0.6413082437275985,0.04544777108034692,0.2542457323509844,137107.7581223261,3964.2440600069076,141072.002182333,3225,53,949.0645161290323,30,1,18,28.466963980150584,0.7055555555555556,38.172043010752674,1047.3118279569878,34.91039426523293,0
4226,4,0,0,31,0.0,0.0,1.0,31,600,400,200,0.6666666666666666,8,4,4,372.0603460588204,0.6413082437275985,0.05113114306290201,0.25571766641820504,137178.15101456802,4007.710067637856,141185.86108220587,3226,54,950.0645161290323,30,1,18,28.360758275596616,0.70625,38.10483870967741,1047.5806451612893,34.919354838709644,0
4227,4,0,0,31,0.0,0.0,1.0,31,750,600,150,0.8,9,6,3,372.58287557072026,0.6422939068100358,0.0473007924848432,0.25633570300739295,137213.35423531613,4024.6692175395838,141238.0234528557,3227,55,951.0645161290323,30,1,18,28.312219371391897,0.7065972222222223,38.07123655913978,1047.7150537634402,34.92383512544801,0
4228,4,0,0,31,0.0,0.0,1.0,31,500,200,300,0.4,8,2,6,370.8809506447241,0.6422043010752688,0.04654992634767163,0.25542295858889286,137248.56197248233,3980.57542779511,141229.13740027745,3228,56,952.0645161290323,30,1,18,28.32194929023431,0.7069444444444445,38.037634408602145,1047.849462365591,34.92831541218637,0
4229,4,0,0,31,0.0,0.0,1.0,31,800,400,400,0.5,12,4,8,373.6169962446486,0.6412186379928315,0.05045311847259204,0.25809025276457154,137354.21228248908,4063.573642906665,141417.78592539576,3229,57,953.0645161290323,30,1,18,28.145702440483806,0.7079861111111112,37.936827956989234,1048.2526881720414,34.94175627240138,0
4230,4,0,0,31,0.0,0.0,1.0,31,900,600,300,0.6666666666666666,12,6,6,372.0171952619448,0.6410394265232975,0.04920791792615509,0.25750719966623153,137424.6684045842,4024.867939935233,141449.53634451944,3230,58,954.0645161290323,30,1,19,28.117922915865492,0.7086805555555556,37.86962365591397,1048.521505376343,34.9507168458781,0
4231,4,0,0,31,0.0,0.0,1.0,31,950,700,250,0.7368421052631579,12,7,5,370.27382289560427,0.6405017921146954,0.05184435122233455,0.2573452526892421,137565.63484579124,3987.3907026823595,141553.0255484736,3231,59,955.0645161290323,30,1,20,28.024236600469767,0.7100694444444446,37.735215053763426,1049.0591397849448,34.968637992831496,0
4232,4,0,0,31,0.0,0.0,1.0,31,800,400,400,0.5,12,4,8,371.2506209413391,0.6363799283154122,0.05961752922225472,0.2593441278668922,137741.94451670692,4027.3564862989697,141769.30100300588,3232,60,956.0645161290323,30,1,21,27.82437046521553,0.7118055555555556,37.56720430107526,1049.7311827956974,34.991039426523244,0
4233,4,0,0,31,0.0,0.0,1.0,31,700,400,300,0.5714285714285714,10,4,6,396.0977361896517,0.6363799283154122,0.053423092897687985,0.24943452035726726,134046.91358024697,4490.838455955095,138537.75203620206,3233,61,957.0645161290323,29,2,18,30.85658082975679,0.6781609195402298,41.111111111111114,1035.5555555555559,35.70881226053641,8
4234,4,1,0,32,0.03125,0.0,1.0,32,650,300,350,0.46153846153846156,10,3,7,385.89518237853673,0.6497395833333334,0.05202391755250213,0.24520555493146878,134376.52654931202,3971.0508440282047,138347.57739334024,3234,0,928.125,30,2,19,30.79033791374989,0.6784722222222221,40.79301075268817,1036.827956989247,34.56093189964157,0
4235,4,0,0,32,0.0,0.0,1.0,32,1050,900,150,0.8571428571428571,12,9,3,387.45189946233484,0.6517977150537635,0.04944845794998076,0.24690060348066348,134481.06582047036,4020.9888787720893,138502.05469924246,3235,1,929.125,30,2,20,30.64527450218134,0.679513888888889,40.69220430107526,1037.2311827956974,34.57437275985658,0
4236,4,0,0,32,0.0,0.0,1.0,32,400,300,100,0.75,5,3,2,387.45189946233484,0.6517977150537635,0.04944845794998076,0.24690060348066348,134481.06582047036,4020.9888787720893,138502.05469924246,3236,2,930.125,30,2,20,30.64527450218134,0.679513888888889,40.69220430107526,1037.2311827956974,34.57437275985658,0
4237,4,0,0,32,0.0,0.0,1.0,32,800,700,100,0.875,9,7,2,385.2168724694963,0.6517137096774194,0.050889989293361415,0.24643325951130785,134622.8395061728,3971.815905178494,138594.6554113513,3237,3,931.125,29,3,23,30.561317808708043,0.6839080459770115,40.55555555555555,1037.7777777777774,35.78544061302681,0
4238,4,0,0,32,0.0,0.0,1.0,32,800,500,300,0.625,11,5,6,384.3402199080546,0.6518817204301076,0.05073160535117016,0.24660456170066167,134730.96305941357,3956.505594135795,138687.46865354935,3238,4,932.125,29,3,23,30.47589186176141,0.6849856321839081,40.451388888888886,1038.1944444444443,35.79980842911877,0
4239,4,0,0,32,0.0,0.0,1.0,32,750,500,250,0.6666666666666666,10,5,5,384.2408065359713,0.6507476478494624,0.0542736757624398,0.24678559017722687,134767.01388888885,3956.5972222222176,138723.61111111107,3239,5,933.125,29,3,23,30.442415730337075,0.6853448275862069,40.416666666666664,1038.333333333333,35.80459770114941,0
4240,4,0,0,32,0.0,0.0,1.0,32,450,100,350,0.2222222222222222,8,1,7,384.4523141888168,0.6497815860215054,0.05555787749097263,0.24716680594925056,134803.0695408951,3965.0704089506294,138768.13994984573,3240,6,934.125,29,3,18,30.400868218091052,0.6857040229885057,40.38194444444445,1038.4722222222226,35.80938697318009,0
4241,4,0,0,32,0.0,0.0,1.0,32,650,400,250,0.6153846153846154,9,4,5,375.1077472541962,0.6497815860215054,0.05144457547169812,0.22089678449413774,131534.8595213319,3467.948968088794,135002.8084894207,3241,7,935.125,30,2,20,33.92868841719078,0.65,43.54838709677419,1025.806451612903,34.19354838709676,7
4242,4,2,2,32,0.058823529411764705,0.058823529411764705,0.9411764705882353,34,600,400,200,0.6666666666666666,8,4,4,356.38341339830896,0.6751708259061201,0.03710262674743059,0.21231685345793838,131976.01807213548,2606.8127614529053,134582.83083358838,3242,0,881.0588235294117,32,2,18,33.96386294748914,0.6490885416666667,43.118686868686865,1027.5252525252522,32.11016414141413,0
4243,4,1,1,32,0.030303030303030304,0.030303030303030304,0.9696969696969697,33,900,600,300,0.6666666666666666,12,6,6,365.9642004044847,0.6710069444444445,0.04756308330452863,0.217756978973709,131929.39758300767,3056.287299262139,134985.6848822698,3243,0,908.7272727272727,31,2,18,33.76478664976765,0.651209677419355,43.16406249999999,1027.3437499999989,33.1401209677419,0
4244,4,1,1,32,0.030303030303030304,0.030303030303030304,0.9696969696969697,33,900,500,400,0.5555555555555556,13,5,8,365.81422880272817,0.6684816919191919,0.040905636041182136,0.2184370289083763,132063.20020887576,3062.119547526024,135125.3197564018,3244,0,909.6969696969697,31,2,19,33.63366692002363,0.6525537634408602,43.03385416666666,1027.8645833333323,33.156922043010724,0
4245,4,0,0,32,0.0,0.0,1.0,32,700,400,300,0.5714285714285714,10,4,6,366.7761492381692,0.6536038306451614,0.025227399726809763,0.2035594989534786,129233.48263251198,3079.951822518108,132313.43445503007,3245,11,939.125,32,0,21,36.478382797301194,0.6214192708333334,45.801767676767675,1016.7929292929292,31.774779040404038,7
4246,4,0,0,32,0.0,0.0,1.0,32,1050,700,350,0.6666666666666666,14,7,7,365.7576665846263,0.6552839381720431,0.028798715402755137,0.20365649755855797,129361.89746263131,3063.0211521783403,132424.91861480966,3246,12,940.125,32,0,21,36.373391667700965,0.6227213541666667,45.675505050505045,1017.2979797979795,31.790561868686858,0
4247,4,2,1,33,0.058823529411764705,0.029411764705882353,0.9705882352941176,34,600,300,300,0.5,9,3,6,336.30160125239064,0.6891339869281046,0.009024650187368977,0.188659685161587,129655.65653344667,1920.6809807256184,131576.33751417228,3247,0,885.7647058823529,34,0,16,36.82422559906487,0.6210171568627452,45.38690476190476,1018.4523809523806,29.954481792717075,4
4248,4,1,1,33,0.029411764705882353,0.029411764705882353,0.9705882352941176,34,650,400,250,0.6153846153846154,9,4,5,335.8488756607299,0.6860888294711824,0.01599997250273244,0.1886972310590194,129716.28578514732,1913.0137471655266,131629.29953231284,3248,0,886.7352941176471,34,0,17,36.774229675509325,0.6216299019607843,45.32738095238095,1018.6904761904757,29.961484593837522,0
4249,4,1,1,33,0.029411764705882353,0.029411764705882353,0.9705882352941176,34,1150,1000,150,0.8695652173913043,13,10,3,334.92963359245346,0.6880570409982175,0.00793705332600303,0.188618267338908,129807.25623582762,1895.259353741488,131702.5155895691,3249,0,887.7058823529412,34,0,18,36.7053640965732,0.6225490196078431,45.238095238095234,1019.0476190476187,29.971988795518197,0
4250,4,0,0,33,0.0,0.0,1.0,33,800,600,200,0.75,10,6,4,342.1019600359789,0.674084595959596,0.019088867500802298,0.19213185755534173,129700.23548635142,2274.14095540177,131974.37644175318,3250,3,915.6060606060606,33,0,18,36.63127606673083,0.6237373737373737,45.34313725490196,1018.6274509803923,30.86749851455734,0
4251,4,1,0,34,0.029411764705882353,0.0,1.0,34,900,600,300,0.6666666666666666,12,6,6,334.8338245973769,0.6893196672608438,0.02523068050749755,0.18973916727184725,130050.00000000023,1909.0277777778065,131959.02777777804,3251,0,889.6470588235294,34,0,20,36.46173747276688,0.6249999999999998,45.000000000000014,1020.0000000000018,30.000000000000053,0
4252,4,0,0,34,0.0,0.0,1.0,34,1150,1000,150,0.8695652173913043,13,10,3,338.35901707621804,0.6895796197266786,0.027010804321728754,0.19278595158993847,130262.58680555577,2015.1041666666906,132277.69097222245,3252,1,890.6470588235294,34,0,20,36.15646258503401,0.6271446078431371,44.79166666666668,1020.8333333333351,30.02450980392162,0
4253,4,0,0,34,0.0,0.0,1.0,34,700,500,200,0.7142857142857143,9,5,4,338.24483688176036,0.6888740344622698,0.026641339678795006,0.19317338287428387,130353.74858276664,2018.2964852607938,132372.04506802742,3253,2,891.6470588235294,34,0,20,36.06707080127458,0.628063725490196,44.70238095238096,1021.1904761904777,30.035014005602285,0
4254,4,0,0,34,0.0,0.0,1.0,34,1000,800,200,0.8,12,8,4,340.39128589713346,0.6894682115270351,0.022779901618229292,0.1956224618950996,130597.00255102043,2090.8163265306152,132687.81887755104,3254,3,892.6470588235294,34,0,16,35.76607267645004,0.630514705882353,44.464285714285715,1022.1428571428573,30.06302521008404,0
4255,4,0,0,34,0.0,0.0,1.0,34,750,500,250,0.6666666666666666,10,5,5,340.61781606332386,0.6898767082590612,0.020494750467424216,0.19621505178859083,130688.28125000003,2102.9513888888905,132791.23263888893,3255,4,893.6470588235294,34,0,16,35.667957076881294,0.6314338235294117,44.375,1022.5000000000002,30.073529411764714,0
4256,4,0,0,34,0.0,0.0,1.0,34,1000,600,400,0.6,14,6,8,340.56304471859266,0.6908793820558526,0.023967677874409343,0.19633802376729614,130718.71456916105,2103.5926870748303,132822.3072562359,3256,5,894.6470588235294,34,0,17,35.6385816841288,0.6317401960784315,44.345238095238095,1022.619047619048,30.077030812324942,0
4257,4,0,0,34,0.0,0.0,1.0,34,500,400,100,0.8,6,4,2,338.10115034903197,0.6909536541889484,0.02611868769854353,0.19522614810476363,130779.59183673467,2043.3460884353733,132822.93792517006,3257,6,895.6470588235294,34,0,17,35.6399848696462,0.6323529411764706,44.285714285714285,1022.8571428571427,30.08403361344537,0
4258,4,0,0,34,0.0,0.0,1.0,34,1000,700,300,0.7,13,7,6,350.15431112448243,0.6912878787878788,0.035471909568249416,0.1887991190546272,128084.27047902484,2169.851899092957,130254.1223781178,3258,7,896.6470588235294,34,0,17,38.073327061037276,0.6050857843137255,46.9345238095238,1012.2619047619039,29.77240896358541,7
4259,4,1,0,35,0.02857142857142857,0.0,1.0,35,950,500,450,0.5263157894736842,14,5,9,339.1919311180916,0.7060224089635854,0.03571510157461044,0.18410572578666404,128349.69142500426,1707.0359385716706,130056.72736357593,3259,0,872.0,35,0,18,38.07978774033886,0.6056547619047619,46.6724537037037,1013.310185185185,28.951719576719572,0
4260,4,2,1,36,0.05405405405405406,0.02702702702702703,0.972972972972973,37,850,700,150,0.8235294117647058,10,7,3,326.216039876103,0.7279154154154154,0.053663076873699866,0.1797584281601631,128950.6882526353,1013.1565722145131,129963.84482484982,3260,0,825.8108108108108,37,0,16,37.796767605887226,0.6078265765765766,46.080043859649116,1015.6798245614025,27.450806069227095,0
4261,4,1,0,37,0.02702702702702703,0.0,1.0,37,850,500,350,0.5882352941176471,12,5,7,336.70759091449816,0.7271646646646647,0.08642063990901239,0.18699074698388174,129258.63997443383,1304.7165184703904,130563.35649290422,3261,0,826.7567567567568,36,1,18,37.2171465485419,0.6128472222222223,45.777027027027025,1016.8918918918914,28.246996996996984,0
4262,4,3,3,37,0.075,0.075,0.925,40,600,300,300,0.5,9,3,6,314.4334480803194,0.759909188034188,0.07727946437698097,0.17709282801207615,129811.0473632811,163.38704427081856,129974.43440755192,3262,0,765.675,39,1,14,37.223691607891254,0.6129807692307694,45.23437499999999,1019.0624999999989,26.12980769230766,0
4263,4,2,0,39,0.05128205128205128,0.0,1.0,39,1150,900,250,0.782608695652174,14,9,5,322.58758217677155,0.7541048133153396,0.05023977823977854,0.17614729251092884,128588.99493113253,521.7661398819725,129110.76107101451,3263,0,786.2564102564103,37,2,17,38.25675675675676,0.6041666666666667,46.436403508771924,1014.2543859649113,27.41228070175436,4
4264,4,0,1,38,0.0,0.02564102564102564,0.9743589743589743,39,1200,900,300,0.75,15,9,6,326.29457524529374,0.7535425101214576,0.05320478189197786,0.17879551769657723,128728.04763244448,600.6527248768703,129328.70035732134,3264,1,787.2564102564103,37,2,18,38.02122726454168,0.6055743243243243,46.29934210526315,1014.8026315789464,27.427098150782335,0
4265,4,0,0,38,0.0,0.0,1.0,38,1050,900,150,0.8571428571428571,12,9,3,337.78604411457894,0.7480440967283073,0.059458733384726514,0.18516592637229828,128743.83674214742,1097.5742634526257,129841.41100560005,3265,2,808.8684210526316,36,2,19,37.713604083444295,0.6076388888888891,46.283783783783775,1014.8648648648639,28.190690690690662,0
4266,4,1,0,39,0.02564102564102564,0.0,1.0,39,700,500,200,0.7142857142857143,9,5,4,333.67538353959384,0.7597840755735493,0.0690107517954257,0.1841276014588643,129006.37846500822,809.250562673107,129815.62902768132,3266,0,789.1025641025641,37,2,20,37.55070606224142,0.6083896396396398,46.0252192982456,1015.8991228070156,27.45673304883826,0
4267,4,2,1,40,0.04878048780487805,0.024390243902439025,0.975609756097561,41,900,700,200,0.7777777777777778,11,7,4,321.64818552951874,0.7734756097560975,0.08613077842637651,0.1799351870165991,129545.80213758674,133.63444010416265,129679.4365776909,3267,0,751.560975609756,39,2,14,37.3086778198438,0.6103098290598291,45.494791666666664,1018.0208333333328,26.103098290598275,0
4268,4,1,1,40,0.024390243902439025,0.024390243902439025,0.975609756097561,41,700,400,300,0.5714285714285714,10,4,6,322.88381159202277,0.7772865853658537,0.0898259621982409,0.18087044460240786,129598.82948133658,169.07280815969904,129767.90228949628,3268,0,752.5365853658536,39,2,14,37.22346547314579,0.6108440170940173,45.44270833333332,1018.2291666666648,26.108440170940124,0
4269,4,1,1,40,0.024390243902439025,0.024390243902439025,0.975609756097561,41,1050,800,250,0.7619047619047619,13,8,5,328.6025041258254,0.775660569105691,0.10544005664959566,0.18494762343836724,129784.51063368049,329.5030381944402,130114.01367187493,3269,0,753.5121951219512,39,2,16,36.889610168336404,0.6127136752136753,45.260416666666664,1018.9583333333328,26.12713675213674,0
4270,4,2,2,40,0.047619047619047616,0.047619047619047616,0.9523809523809523,42,700,500,200,0.7142857142857143,9,5,4,328.98654927684686,0.7874564459930313,0.13141681831968421,0.18782141176896344,130340.40584308277,176.04806993191005,130516.45391301469,3270,0,735.6904761904761,40,2,18,36.3169287420382,0.6166666666666667,44.71544715447154,1021.1382113821135,25.528455284552837,0
4271,4,0,0,40,0.0,0.0,1.0,40,1000,700,300,0.7,13,7,6,340.9493985969399,0.7650106837606837,0.13316144906292515,0.19371848340269915,130153.54624379062,875.1546634158794,131028.7009072065,3271,1,773.3,38,2,18,36.20083411859143,0.6181469298245614,44.89850427350427,1020.4059829059828,26.852789023841652,0
4272,4,0,0,40,0.0,0.0,1.0,40,1200,700,500,0.5833333333333334,17,7,10,338.6922115785093,0.7663995726495727,0.1331632653061232,0.1929757949691505,130262.58680555547,823.7847222222179,131086.3715277777,3272,2,774.3,38,2,18,36.14795918367348,0.6192434210526316,44.791666666666664,1020.8333333333327,26.86403508771928,0
4273,4,1,1,40,0.024390243902439025,0.024390243902439025,0.975609756097561,41,1050,900,150,0.8571428571428571,12,9,3,336.18762257580414,0.7754065040650406,0.13928472855938678,0.19273316130017876,130501.95448133661,574.628363715259,131076.58284505186,3273,0,756.390243902439,39,2,14,35.96962398477587,0.6199252136752138,44.55729166666666,1021.7708333333318,26.199252136752097,0
4274,4,0,0,40,0.0,0.0,1.0,40,1000,500,500,0.5,15,5,10,329.0895841519298,0.7668269230769231,0.12242733901612457,0.17971650481701265,128593.1654188366,463.73426649303536,129056.89968532963,3274,4,776.3,39,1,16,38.087642497689224,0.6006944444444446,46.43229166666666,1014.2708333333317,26.0069444444444,6
4275,4,1,0,41,0.024390243902439025,0.0,1.0,41,1100,800,300,0.7272727272727273,14,8,6,328.51197762049435,0.7769308943089431,0.13293256269563836,0.1813436907935992,129020.64252635659,276.9652860400495,129297.60781239664,3275,0,758.3414634146342,40,1,17,37.66734186922744,0.6033854166666668,46.011178861788615,1015.9552845528449,25.398882113821124,0
4276,4,0,0,41,0.0,0.0,1.0,41,1600,1100,500,0.6875,21,11,10,328.1854653626158,0.7772357723577236,0.13508403361344556,0.1824956559726694,129310.02995105548,287.7875033641085,129597.81745441958,3276,1,759.3414634146342,38,3,18,37.38160889355742,0.6096491228070176,45.72649572649572,1017.0940170940162,26.7656320287899,0
4277,4,2,2,41,0.046511627906976744,0.046511627906976744,0.9534883720930233,43,1350,900,450,0.6666666666666666,18,9,9,316.80051740971817,0.7929586563307494,0.12370933132285655,0.17812255676009076,129744.38707325309,-379.38220883735346,129365.00486441574,3277,0,724.9767441860465,40,3,17,37.23088113050708,0.6106770833333335,45.29979674796747,1018.800813008128,25.4700203252032,0
4278,4,1,1,41,0.023809523809523808,0.023809523809523808,0.9761904761904762,42,850,700,150,0.8235294117647058,10,7,3,330.34727547570424,0.7844318621757647,0.15362301911770393,0.18618189765289703,129837.58680555562,178.2986111111149,130015.88541666673,3278,0,743.2142857142857,39,3,18,36.79136004360861,0.6132478632478633,45.208333333333336,1019.1666666666672,26.132478632478644,0
4279,4,1,0,42,0.023809523809523808,0.0,1.0,42,1300,800,500,0.6153846153846154,18,8,10,329.7494321571196,0.7842624854819977,0.16046690298707045,0.18698530336506516,130076.56385633699,178.5346137152964,130255.09847005228,3279,0,743.7619047619048,39,3,19,36.56448909084721,0.6156517094017093,44.97395833333334,1020.1041666666681,26.15651709401713,0
4280,4,0,0,42,0.0,0.0,1.0,42,700,400,300,0.5714285714285714,10,4,6,330.6345681154843,0.7833430120015485,0.16148909793626487,0.18774293302557513,130129.69970703137,205.07541232640293,130334.77511935777,3280,1,744.7619047619048,39,3,19,36.488110430491744,0.6161858974358974,44.92187500000001,1020.3125000000009,26.161858974359,0
4281,4,0,0,42,0.0,0.0,1.0,42,1050,600,450,0.5714285714285714,15,6,9,331.8968036976025,0.7818670150987224,0.16681246901700097,0.18884581199936748,130209.42382812497,243.2183159722215,130452.64214409719,3281,2,745.7619047619048,39,3,19,36.37519561815338,0.6169871794871795,44.84375,1020.6249999999998,26.16987179487179,0
4282,4,1,1,42,0.023255813953488372,0.023255813953488372,0.9767441860465116,43,1000,700,300,0.7,13,7,6,356.6627782975461,0.7904669619785899,0.15975689494925738,0.1993317622478099,129508.13140822186,679.411183008247,130187.5425912301,3282,0,729.3953488372093,37,6,17,36.45586466300407,0.6134572072072071,45.53179824561404,1017.8728070175446,27.510075865339044,5
4283,4,1,0,43,0.023255813953488372,0.0,1.0,43,1050,600,450,0.5714285714285714,15,6,9,357.89438351609886,0.7914359542266519,0.1699388268261255,0.20173610035064535,129843.17440222,694.0285712911761,130537.20297351117,3283,0,730.3023255813954,37,6,18,36.08380401649633,0.6168355855855854,45.202850877192986,1019.1885964912287,27.545637743006182,0
4284,4,0,0,43,0.0,0.0,1.0,43,1150,700,450,0.6086956521739131,16,7,9,361.0207637950905,0.7908822443706164,0.1736365895370766,0.20440712996369717,130017.30974687707,787.7896942800844,130805.09944115716,3284,1,731.3023255813954,38,5,19,35.82717892310917,0.6167763157894737,45.032051282051285,1019.8717948717949,26.838731443994604,0
4285,4,0,0,43,0.0,0.0,1.0,43,1350,1000,350,0.7407407407407407,17,10,7,360.95781743624525,0.7918973791066815,0.172683732130813,0.2050867408883748,130153.54624379073,795.9879967492268,130949.53424053996,3285,2,732.3023255813954,38,5,19,35.69041636128854,0.6181469298245613,44.89850427350428,1020.4059829059836,26.852789023841673,0
4286,4,2,2,43,0.044444444444444446,0.044444444444444446,0.9555555555555556,45,1300,800,500,0.6153846153846154,18,8,10,348.0516358172258,0.8070286195286196,0.17111723293541514,0.1997829598381609,130550.14209733381,87.82073101741747,130637.96282835123,3286,0,700.7111111111111,36,9,16,35.617768595041326,0.6258680555555556,44.51013513513514,1021.9594594594594,28.387762762762762,0
4287,4,2,2,43,0.044444444444444446,0.044444444444444446,0.9555555555555556,45,1100,600,500,0.5454545454545454,16,6,10,346.29869672137073,0.8081649831649832,0.17600117461366205,0.19966593428106477,130722.82745160708,53.82895564483786,130776.65640725192,3287,0,701.6666666666666,36,9,16,35.4877858532467,0.6276041666666666,44.34121621621622,1022.6351351351357,28.406531531531545,0
4288,4,0,0,43,0.0,0.0,1.0,43,700,300,400,0.42857142857142855,11,3,8,364.14161188763313,0.7918973791066815,0.15927401125910712,0.20384422191235563,129572.31445312512,836.5342881944587,130408.84874131957,3288,5,735.3023255813954,39,4,16,36.20020803492259,0.610576923076923,45.46875000000001,1018.1250000000009,26.105769230769255,4
4289,4,1,1,43,0.022727272727272728,0.022727272727272728,0.9772727272727273,44,950,700,250,0.7368421052631579,12,7,5,358.3882162255218,0.7994186046511629,0.16113518511803315,0.20190545125334466,129822.05119307296,505.3386707647619,130327.38986383771,3289,0,719.5681818181819,40,4,17,36.09269046669326,0.6114583333333332,45.22357723577236,1019.1056910569109,25.477642276422774,0
4290,4,1,0,44,0.022727272727272728,0.0,1.0,44,1050,800,250,0.7619047619047619,13,8,5,357.7510636042941,0.7976127554615927,0.15973646975592493,0.2025154699257785,130009.52695893156,502.20930964976753,130511.73626858133,3290,0,720.4090909090909,41,3,18,35.91845006485084,0.6117886178861789,45.03968253968253,1019.8412698412685,24.87417731320167,0
4291,4,0,0,44,0.0,0.0,1.0,44,1050,700,350,0.6666666666666666,14,7,7,361.4880617992463,0.7956527484143764,0.16442524417730997,0.20529567728355874,130136.02612630701,608.5239709309612,130744.55009723798,3291,1,721.4090909090909,41,3,19,35.69468076486792,0.6130589430894309,44.9156746031746,1020.3373015873017,24.88627564847077,0
4292,4,1,0,45,0.022222222222222223,0.0,1.0,45,950,700,250,0.7368421052631579,12,7,5,353.92935344382545,0.8012205387205388,0.1657961889771289,0.20282372173367585,130486.54994806118,236.91161061290194,130723.46155867408,3292,0,706.3555555555556,37,8,21,35.532034771410174,0.6233108108108105,44.572368421052644,1021.7105263157914,27.613798008534904,0
4293,4,1,0,46,0.021739130434782608,0.0,1.0,46,1200,800,400,0.6666666666666666,16,8,8,345.376299770987,0.8083735909822867,0.17082172006500373,0.20000085847681473,130890.45606874143,-158.70772152822332,130731.74834721322,3293,0,691.9782608695652,38,8,17,35.34184241664928,0.625548245614035,44.17735042735043,1023.2905982905992,26.92869995501577,0
4294,4,0,1,45,0.0,0.021739130434782608,0.9782608695652174,46,1450,1000,450,0.6896551724137931,19,10,9,342.0641429693911,0.8082528180354267,0.1676282292353357,0.19855075800119407,130981.34901258718,-239.19542100690563,130742.15359158027,3294,1,692.9782608695652,39,7,18,35.33472829958279,0.6247329059829059,44.088541666666686,1023.6458333333363,26.247329059829138,0
4295,4,0,0,45,0.0,0.0,1.0,45,1200,800,400,0.6666666666666666,16,8,8,351.91879393831067,0.8029040404040404,0.16736720018557172,0.20407881633952898,130945.12473518887,216.4100737818706,131161.53480897075,3295,2,709.2888888888889,38,7,18,35.11917188587334,0.6260964912280702,44.123931623931625,1023.5042735042739,26.934322986954577,0
4296,4,0,1,44,0.0,0.022222222222222223,0.9777777777777777,45,1300,1000,300,0.7692307692307693,16,10,6,346.1386810778139,0.8021885521885522,0.16159149994348376,0.20133391923046834,131061.33355034744,73.07942708335801,131134.4129774308,3296,3,710.2888888888889,39,6,18,35.149626992200744,0.6255341880341879,44.01041666666668,1023.9583333333351,26.255341880341923,0
4297,4,0,0,44,0.0,0.0,1.0,44,900,600,300,0.6666666666666666,12,6,6,351.6953287098491,0.7948158914728682,0.1618662883927473,0.2040940608339833,130972.46334876539,412.4807098765412,131384.94405864194,3297,4,727.2727272727273,38,6,18,35.09724106739032,0.6263706140350876,44.09722222222222,1023.6111111111109,26.93713450292397,0
4298,4,0,0,44,0.0,0.0,1.0,44,1050,500,550,0.47619047619047616,16,5,11,352.67183557649685,0.7930981324876674,0.1649715215622456,0.20541880849455693,131114.67013888905,448.090277777797,131562.76041666686,3298,5,728.2727272727273,39,5,19,34.928464876593445,0.626068376068376,43.95833333333334,1024.166666666668,26.260683760683797,0
4299,4,0,0,44,0.0,0.0,1.0,44,1600,1300,300,0.8125,19,13,6,352.5857679717749,0.7921291402396053,0.1641912056842434,0.20637069429353355,131301.43364800367,459.003363715302,131760.43701171898,3299,6,729.2727272727273,39,5,20,34.741949554494035,0.6279380341880341,43.77604166666668,1024.895833333335,26.279380341880387,0
4300,4,2,1,45,0.043478260869565216,0.021739130434782608,0.9782608695652174,46,1500,1200,300,0.8,18,12,6,343.0011094906504,0.8023148148148148,0.18272596615908188,0.20402152845577773,131916.0210503473,-150.52625868055043,131765.49479166674,3300,0,698.5217391304348,39,7,17,34.368028797404165,0.6340811965811965,43.177083333333336,1027.2916666666672,26.34081196581198,0
4301,4,0,0,45,0.0,0.0,1.0,45,750,500,250,0.6666666666666666,10,5,5,350.7066975196016,0.7972643097643098,0.18643080124869948,0.20778615062659495,131766.52444480962,242.28052633500266,132008.80497114462,3301,1,715.0444444444445,38,7,17,34.320802983003794,0.6343201754385965,43.32264957264957,1026.709401709401,27.018668466036868,0
4302,4,0,0,45,0.0,0.0,1.0,45,1500,1200,300,0.8,18,12,6,350.55243996984797,0.7973063973063973,0.1801726828253407,0.20814457105806966,131848.80566741546,243.98410676456027,132092.78977418,3302,2,716.0444444444445,38,7,18,34.241825306009225,0.6351425438596492,43.24252136752137,1027.0299145299148,27.027103013945126,0
4303,4,0,0,45,0.0,0.0,1.0,45,1700,1300,400,0.7647058823529411,21,13,8,352.6233056525314,0.7971380471380471,0.17950637825845805,0.20982832346254582,131931.11257213814,304.39700672071694,132235.50957885885,3303,3,717.0444444444445,38,7,18,34.10570056849694,0.6359649122807018,43.16239316239316,1027.3504273504268,27.035537561853335,0
4304,4,1,1,45,0.021739130434782608,0.021739130434782608,0.9782608695652174,46,1250,1000,250,0.8,15,10,5,352.85943620613324,0.8002818035426731,0.2018400911903595,0.21242525108350974,132371.2036132814,141.6856553819605,132512.88926866336,3304,0,702.4347826086956,39,7,20,33.65651466072813,0.6386217948717948,42.73437500000001,1029.0625000000011,26.386217948717977,0
4305,4,0,0,45,0.0,0.0,1.0,45,1600,1300,300,0.8125,19,13,6,363.4032276554579,0.7965488215488216,0.20842593554193956,0.2182913087395137,132288.07259706702,614.7825124187407,132902.85510948577,3305,1,718.7777777777778,38,7,21,33.468991241735054,0.6395285087719298,42.815170940170944,1028.7393162393166,27.0720872694557,0
4306,4,0,0,45,0.0,0.0,1.0,45,1050,600,450,0.5714285714285714,15,6,9,364.3891727188443,0.79743265993266,0.20577242524916928,0.21936228197674412,132370.51647308056,646.8765979983889,133017.39307107896,3306,2,719.7777777777778,38,7,22,33.360586240310056,0.6403508771929824,42.73504273504273,1029.0598290598289,27.080521817363916,0
4307,4,1,3,43,0.021739130434782608,0.06521739130434782,0.9347826086956522,46,900,500,400,0.5555555555555556,13,5,8,355.2457293166121,0.8061191626409018,0.203451455295526,0.21550317850055495,132658.90045450864,225.31012916603325,132884.21058367466,3307,0,705.1086956521739,36,10,15,33.30577721906426,0.6469907407407407,42.45495495495496,1030.1801801801807,28.61611611611613,0
4308,4,0,0,43,0.0,0.0,1.0,43,1200,800,400,0.6666666666666666,16,8,8,370.92887934567057,0.7864525655223329,0.20770172300160095,0.22346203219117217,132398.00347222213,1222.0486111111027,133620.05208333323,3308,4,750.7674418604652,33,10,22,33.164642375168704,0.6508838383838385,42.70833333333333,1029.1666666666658,31.18686868686866,0
4309,4,0,0,43,0.0,0.0,1.0,43,1350,1100,250,0.8148148148148148,16,11,5,373.0408925970108,0.7847914359542266,0.21821110400770483,0.225677654463116,132555.70461180795,1289.7396734429062,133845.44428525085,3309,5,751.7674418604652,33,10,22,32.951401285255265,0.6524621212121213,42.55514705882353,1029.7794117647059,31.2054367201426,0
4310,4,1,1,43,0.022727272727272728,0.022727272727272728,0.9772727272727273,44,1050,500,550,0.47619047619047616,16,5,11,362.9409137487958,0.7864913671599718,0.20874031660491732,0.22126726343330072,132845.06715374225,842.9820119598658,133688.0491657021,3310,0,735.6590909090909,35,9,16,32.92038565173458,0.6508928571428572,42.27430555555555,1030.9027777777774,29.45436507936507,0
4311,4,0,0,43,0.0,0.0,1.0,43,1100,800,300,0.7272727272727273,14,8,6,371.92757988071855,0.7830380214101144,0.21912096945340687,0.22626683478758788,132765.81809807237,1275.8538832199379,134041.6719812923,3311,7,753.7674418604652,34,9,16,32.76852065765663,0.6522671568627452,42.35119047619047,1030.5952380952367,30.311624649859905,0
4312,4,0,0,43,0.0,0.0,1.0,43,950,700,250,0.7368421052631579,12,7,5,375.1175326045855,0.7828073089700996,0.22855240478325567,0.22914443352756844,132919.2247732427,1372.06632653062,134291.2910997733,3312,8,754.7674418604652,34,9,19,32.53194027553297,0.6537990196078431,42.202380952380956,1031.1904761904766,30.329131652661076,0
4313,4,0,0,43,0.0,0.0,1.0,43,1450,900,550,0.6206896551724138,20,9,11,374.08413119035316,0.7812384643779993,0.23384650693345055,0.22989029619740733,133143.52823055984,1361.3762163494505,134504.9044469093,3313,9,755.7674418604652,35,8,19,32.333020260924826,0.6538690476190476,41.9849537037037,1032.0601851851852,29.487433862433864,0
4314,4,0,0,43,0.0,0.0,1.0,43,550,300,250,0.5454545454545454,8,3,5,374.1748389389474,0.7815153193060169,0.2320418651585201,0.2303150716698736,133203.26063368045,1368.2617187499916,134571.52235243045,3314,10,756.7674418604652,35,8,19,32.27064413050791,0.6544642857142857,41.92708333333333,1032.2916666666658,29.494047619047596,0
4315,4,0,0,43,0.0,0.0,1.0,43,1050,700,350,0.6666666666666666,14,7,7,358.9968498061379,0.7811000369139903,0.20001886194747143,0.2137753996647449,131958.55391418294,920.6564834219093,132879.21039760485,3315,11,757.7674418604652,38,5,17,33.91433572493154,0.6362390350877192,43.13568376068376,1027.4572649572651,27.038349077822765,5
4316,4,0,0,43,0.0,0.0,1.0,43,1700,1400,300,0.8235294117647058,20,14,6,323.0925895684367,0.7812384643779993,0.09099785103583935,0.18991829560731305,131465.04635336762,-103.46252008912856,131361.5838332785,3316,12,758.7674418604652,38,5,19,35.33289057887974,0.6313048245614036,43.61645299145299,1025.5341880341878,26.987741790373363,5
4317,4,2,2,43,0.044444444444444446,0.044444444444444446,0.9555555555555556,45,900,600,300,0.6666666666666666,12,6,6,309.62459415361985,0.7937710437710438,0.08181418458426837,0.18409914104145825,131901.66650142113,-832.0000082622694,131069.66649315886,3317,0,726.0,40,5,18,35.23962043266061,0.6322916666666667,43.19105691056911,1027.2357723577238,25.680894308943095,0
4318,4,0,0,43,0.0,0.0,1.0,43,1050,900,150,0.8571428571428571,12,9,3,323.75609068320045,0.7822535991140642,0.0923309311766376,0.19140460081190808,131684.26890432095,-73.28317901234368,131610.98572530862,3318,14,760.7674418604652,38,5,18,35.09528642309428,0.6334978070175439,43.40277777777778,1026.3888888888887,27.010233918128648,0
4319,4,0,0,43,0.0,0.0,1.0,43,1450,1200,250,0.8275862068965517,17,12,5,325.3435493074874,0.7813307493540051,0.10266921569101983,0.19275903260449778,131766.52444480968,-26.122251442761296,131740.40219336693,3319,15,761.7674418604652,38,5,18,34.97181755116198,0.6343201754385964,43.322649572649574,1026.7094017094016,27.018668466036885,0
4320,4,2,1,44,0.044444444444444446,0.022222222222222223,0.9777777777777777,45,1200,800,400,0.6666666666666666,16,8,8,313.2166816700959,0.7929292929292929,0.10871913580246906,0.18793000900205764,132244.89795918376,-715.7383786847984,131529.15958049896,3320,0,728.8666666666667,41,4,19,34.8029996141975,0.6341463414634145,42.85714285714286,1028.5714285714294,25.0871080139373,0
4321,4,0,0,44,0.0,0.0,1.0,44,900,600,300,0.6666666666666666,12,6,6,317.79790646460805,0.7860509161381255,0.10951719986703701,0.19039650772737532,132188.90587819752,-398.12849081234197,131790.77738738517,3321,1,746.4318181818181,40,4,19,34.741369371149986,0.63515625,42.91158536585366,1028.3536585365855,25.708841463414636,0
4322,4,0,0,44,0.0,0.0,1.0,44,1700,1400,300,0.8235294117647058,20,14,6,319.25894223441554,0.7861390063424948,0.1122850729517395,0.19206754546188096,132345.71358194525,-349.48949451384897,131996.22408743142,3322,2,747.4318181818181,40,4,20,34.54650205761317,0.63671875,42.75914634146341,1028.9634146341461,25.724085365853654,0
4323,4,0,1,43,0.0,0.022727272727272728,0.9772727272727273,44,1250,800,450,0.64,17,8,9,304.7648511469459,0.7869538407329105,0.05322972609473986,0.17376383397854658,130289.17236328122,-799.9264802516084,129489.24588302961,3323,3,748.4318181818181,39,5,20,36.98697836955415,0.6177884615384617,44.765625,1020.9374999999998,26.17788461538461,6
4324,4,2,1,44,0.044444444444444446,0.022222222222222223,0.9777777777777777,45,900,600,300,0.6666666666666666,12,6,6,299.1519151918948,0.7972222222222223,0.07155021038332832,0.17228205030026625,130677.8901963943,-1181.4917749025096,129496.3984214918,3324,0,732.6888888888889,40,5,17,36.738395785707205,0.6200520833333334,44.385162601626014,1022.4593495934956,25.561483739837392,0
4325,4,1,0,45,0.022222222222222223,0.0,1.0,45,1150,800,350,0.6956521739130435,15,8,7,318.0311863654973,0.7925505050505051,0.12167279662171437,0.17972801686752227,129943.77170138879,-731.5381727559701,129212.23352863282,3325,0,733.6666666666666,39,6,20,36.99768423920447,0.6143162393162394,45.104166666666664,1019.5833333333325,26.14316239316237,5
4326,4,1,1,45,0.021739130434782608,0.021739130434782608,0.9782608695652174,46,950,600,350,0.631578947368421,13,6,7,311.32775503609804,0.7981481481481482,0.12025579522527119,0.17703019909810266,130184.7910056843,-1093.9722552713506,129090.81875041295,3326,0,718.695652173913,40,6,21,36.92491535550685,0.6151041666666668,44.86788617886178,1020.5284552845517,25.51321138211379,0
4327,4,1,1,45,0.021739130434782608,0.021739130434782608,0.9782608695652174,46,800,600,200,0.75,10,6,4,313.4261405062469,0.8005837359098229,0.11904508413072334,0.17870212932528942,130289.17236328122,-1032.7702736285664,129256.40208965265,3327,0,719.6739130434783,39,7,21,36.765912491922606,0.6177884615384617,44.765625,1020.9374999999998,26.17788461538461,0
4328,4,1,2,44,0.021739130434782608,0.043478260869565216,0.9565217391304348,46,950,500,450,0.5263157894736842,14,5,9,317.1800042929394,0.7981884057971015,0.13201907353325626,0.18208619204903634,130555.1771375869,-918.1016710069396,129637.07546657996,3328,0,720.6521739130435,39,7,14,36.401424421567626,0.6204594017094017,44.505208333333336,1021.9791666666674,26.204594017094035,0
4329,4,1,1,44,0.022222222222222223,0.022222222222222223,0.9777777777777777,45,900,600,300,0.6666666666666666,12,6,6,317.3439695744428,0.7903619528619529,0.14679993963245463,0.18285967084870508,130699.20562358461,-704.6790534370687,129994.52657014754,3329,0,735.6888888888889,38,7,16,36.25187197436701,0.6236293859649122,44.36431623931624,1022.5427350427349,26.909019343229865,0
4330,4,1,1,44,0.022222222222222223,0.022222222222222223,0.9777777777777777,45,950,800,150,0.8421052631578947,11,8,3,317.86998364955315,0.7905723905723906,0.14840971351627408,0.18329225804177854,130726.51855504427,-689.1927368690101,130037.32581817526,3330,0,736.6666666666666,38,7,16,36.21086676417329,0.6239035087719298,44.33760683760684,1022.6495726495732,26.911830859199295,0
4331,4,0,0,44,0.0,0.0,1.0,44,1150,700,450,0.6086956521739131,16,7,9,323.90611595528594,0.78732822410148,0.1456811294046112,0.18637748788792136,130644.58832137122,-336.68376524946393,130307.90455612176,3331,3,754.4090909090909,38,6,16,36.139269167798794,0.6230811403508771,44.417735042735046,1022.3290598290603,26.90339631129106,0
4332,4,0,0,44,0.0,0.0,1.0,44,1550,1200,350,0.7741935483870968,19,12,7,322.2138818711581,0.7864252995066949,0.14107336156636352,0.18606005458591496,130781.15297866912,-372.09940463144096,130409.05357403768,3332,4,755.4090909090909,38,6,17,36.04466959125409,0.6244517543859648,44.28418803418804,1022.8632478632488,26.917453891138127,0
4333,4,2,2,44,0.043478260869565216,0.043478260869565216,0.9565217391304348,46,1150,700,450,0.6086956521739131,16,7,9,311.04034898716435,0.8017109500805153,0.15311054461591467,0.18230780669343,131354.81906467042,-1027.5288199723195,130327.2902446981,3333,0,723.5217391304348,39,7,18,35.752739389628424,0.6284722222222221,43.72395833333335,1025.104166666669,26.284722222222282,0
4334,4,0,1,43,0.0,0.022727272727272728,0.9772727272727273,44,800,400,400,0.5,12,4,8,324.0812866318827,0.7913583509513742,0.151147575850048,0.18863488033617776,131088.00048828148,-303.36642795135884,130784.63406033012,3334,1,755.9090909090909,39,5,18,35.687387685213466,0.6258012820512819,43.984375000000014,1024.0625000000018,26.258012820512867,0
4335,4,0,0,43,0.0,0.0,1.0,43,1350,900,450,0.6666666666666666,18,9,9,333.0037563801743,0.7831303063861204,0.14683948562012605,0.1935218312547735,131027.1491366245,126.50657005626874,131153.65570668076,3335,2,774.2558139534884,38,5,19,35.52036592577132,0.6269188596491228,44.04380341880343,1023.824786324788,26.942757534862842,0
4336,4,1,0,44,0.022727272727272728,0.0,1.0,44,1050,800,250,0.7619047619047619,13,8,5,329.27418277340473,0.7877906976744187,0.16120055220151475,0.19328580559410571,131412.4312889542,-145.16525262148548,131267.2660363327,3336,0,757.6363636363636,37,7,20,35.227404377428435,0.6326013513513513,43.66776315789473,1025.3289473684204,27.711593172119468,0
4337,4,1,0,45,0.022222222222222223,0.0,1.0,45,1650,1300,350,0.7878787878787878,20,13,7,324.21756189002065,0.7937289562289562,0.17607637805286847,0.1925079322080772,131848.80566741544,-450.46033767988337,131398.34532973554,3337,0,741.7777777777778,38,7,17,34.91799299559625,0.6351425438596492,43.24252136752137,1027.0299145299145,27.02710301394512,0
4338,4,1,1,45,0.021739130434782608,0.021739130434782608,0.9782608695652174,46,1550,1300,250,0.8387096774193549,18,13,5,321.36976068376555,0.7981481481481482,0.1871115652790558,0.19237361477922701,132156.90239800364,-705.7535807291483,131451.1488172745,3338,0,726.6304347826087,39,7,17,34.68166430283997,0.6364850427350428,42.94270833333334,1028.229166666668,26.364850427350465,0
4339,4,1,1,45,0.021739130434782608,0.021739130434782608,0.9782608695652174,46,1050,700,350,0.6666666666666666,14,7,7,321.4433584361478,0.797926731078905,0.18290588882773728,0.19296371821014963,132264.03130425359,-696.9211154513812,131567.1101888022,3339,0,727.6086956521739,39,7,18,34.57225738396623,0.6375534188034189,42.83854166666667,1028.6458333333344,26.375534188034216,0
4340,4,1,1,45,0.021739130434782608,0.021739130434782608,0.9782608695652174,46,1050,900,150,0.8571428571428571,12,9,3,321.8825422953819,0.7994565217391305,0.18447450348899608,0.19364591448251575,132345.71358194525,-680.0450500694079,131665.66853187585,3340,0,728.5869565217391,40,6,18,34.47901234567901,0.63671875,42.75914634146341,1028.9634146341461,25.724085365853654,0
4341,4,0,0,45,0.0,0.0,1.0,45,1300,1000,300,0.7692307692307693,16,10,6,331.4908732635017,0.7906565656565657,0.18949586749645997,0.19915027359325976,132293.43401951544,-229.18680596867978,132064.24721354677,3341,4,745.7777777777778,40,5,19,34.28434423260559,0.6361979166666667,42.80995934959349,1028.7601626016256,25.71900406504064,0
4342,4,0,0,45,0.0,0.0,1.0,45,700,600,100,0.8571428571428571,8,6,2,331.06514250876404,0.7906144781144782,0.1898447187928669,0.19917020605473762,132345.71358194525,-236.98949451385118,132108.72408743142,3342,5,746.7777777777778,40,5,19,34.242798353909464,0.63671875,42.75914634146341,1028.9634146341461,25.724085365853654,0
4343,4,0,0,45,0.0,0.0,1.0,45,1100,900,200,0.8181818181818182,13,9,4,331.06514250876404,0.7908249158249159,0.1898447187928669,0.19917020605473762,132345.71358194525,-236.98949451385118,132108.72408743142,3343,6,747.7777777777778,40,5,19,34.242798353909464,0.63671875,42.75914634146341,1028.9634146341461,25.724085365853654,0
4344,4,1,1,45,0.021739130434782608,0.021739130434782608,0.9782608695652174,46,1050,600,450,0.5714285714285714,15,6,9,325.78188844226133,0.7938204508856683,0.18785018779301366,0.19710402381518954,132558.859592014,-562.9242227778551,131995.93536923613,3344,0,732.5,39,7,20,34.164896486614055,0.6404914529914529,42.552083333333336,1029.7916666666674,26.40491452991455,0
4345,4,1,0,46,0.021739130434782608,0.0,1.0,46,1650,1200,450,0.7272727272727273,21,12,9,329.82331296890356,0.7953502415458937,0.2023857662757782,0.20040615552140018,132719.81336805562,-445.18229166666157,132274.63107638896,3345,0,733.4782608695652,39,7,17,33.89944736487398,0.642094017094017,42.395833333333336,1030.4166666666672,26.420940170940185,0
4346,4,0,0,46,0.0,0.0,1.0,46,1400,1200,200,0.8571428571428571,16,12,4,327.5635859755526,0.7963566827697263,0.09939418637381481,0.19404439331774426,131760.64819735757,-551.2050422020727,131209.4431551555,3346,1,734.4782608695652,41,5,14,34.92074516056302,0.6293191056910569,43.32837301587301,1026.6865079365073,25.041134339914812,7
4347,4,0,0,46,0.0,0.0,1.0,46,1300,800,500,0.6153846153846154,18,8,10,328.41310552466484,0.7950080515297907,0.11094010516865449,0.19531937328572166,131911.15702479336,-535.7294536271852,131375.42757116616,3347,2,735.4782608695652,43,3,15,34.74757251720747,0.627906976744186,43.18181818181818,1027.272727272727,23.89006342494714,0
4348,4,0,0,46,0.0,0.0,1.0,46,1100,1000,100,0.9090909090909091,12,10,2,327.5854783910973,0.7951892109500805,0.11595538390038351,0.1953273412912189,132008.4545741504,-551.1894513315133,131457.2651228189,3348,3,736.4782608695652,43,3,15,34.67102838186509,0.6288759689922481,43.087121212121204,1027.6515151515136,23.89887244538404,0
4349,4,0,0,46,0.0,0.0,1.0,46,900,500,400,0.5555555555555556,13,5,8,326.2912824726752,0.795048309178744,0.11606287982885966,0.19468055462759443,132032.7845661874,-583.7706790920575,131449.01388709532,3349,4,737.4782608695652,43,3,15,34.67983122946036,0.6291182170542636,43.06344696969697,1027.7462121212118,23.901074700493297,0
4350,4,0,0,46,0.0,0.0,1.0,46,1450,1000,450,0.6896551724137931,19,10,9,323.21591798578197,0.7960547504025766,0.11360966670843253,0.1933722819673557,132136.07681755826,-658.3033264746247,131477.77349108364,3350,5,738.4782608695652,44,2,16,34.65511677473584,0.6287878787878789,42.96296296296296,1028.1481481481478,23.36700336700336,0
4351,4,1,0,47,0.02127659574468085,0.0,1.0,47,850,500,350,0.5882352941176471,12,5,7,319.7888836073364,0.8001464693185322,0.12059608924110621,0.19265330305124928,132398.00347222242,-931.5993655692536,131466.40410665318,3351,0,723.7446808510638,43,4,17,34.48043184885291,0.6327519379844961,42.70833333333334,1029.1666666666683,23.934108527131823,0
4352,4,1,0,48,0.020833333333333332,0.0,1.0,48,1300,900,400,0.6923076923076923,17,9,8,315.43247330038554,0.8038563829787234,0.13062411847672784,0.19180242158659802,132747.2725966739,-1225.439896190129,131521.83270048376,3352,0,709.6458333333334,42,6,15,34.2426735621376,0.6376488095238095,42.36918604651163,1030.5232558139537,24.536267995570327,0
4353,4,0,1,47,0.0,0.020833333333333332,0.9791666666666666,48,950,600,350,0.631578947368421,13,6,7,314.2196637853143,0.8024527186761229,0.1321460285381837,0.1915226909275997,132836.93199753208,-1252.0047778925639,131584.92721963953,3353,1,710.6458333333334,43,5,15,34.18419682772981,0.6371124031007752,42.28219696969697,1030.8712121212118,23.97374911909795,0
4354,4,0,0,47,0.0,0.0,1.0,47,1100,800,300,0.7272727272727273,14,8,6,319.27392554122457,0.798450508788159,0.12947230681195254,0.19400908138316453,132722.30954419795,-925.0454449852855,131797.26409921265,3354,2,726.7234042553191,42,5,15,34.16870415647923,0.6374007936507937,42.393410852713174,1030.4263565891463,24.533960871170148,0
4355,4,1,0,48,0.020833333333333332,0.0,1.0,48,700,500,200,0.7142857142857143,9,5,4,313.1058241729834,0.8035239361702128,0.13965256104277612,0.1918433548110506,133032.24449753202,-1269.3658890036859,131762.87860852835,3355,0,712.5625,43,5,16,34.017578483568926,0.6390503875968994,42.092803030303024,1031.6287878787869,23.991367159971787,0
4356,4,0,0,48,0.0,0.0,1.0,48,1100,800,300,0.7272727272727273,14,8,6,318.7007996285442,0.8033761820330969,0.09470652539522395,0.19616924995769378,133203.26063368042,-1058.434217889128,132144.8264157913,3356,1,713.5625,43,5,17,33.70227884291962,0.6407461240310077,41.92708333333333,1032.2916666666656,24.006782945736408,4
4357,4,0,0,48,0.0,0.0,1.0,48,950,800,150,0.8421052631578947,11,8,3,317.95664584778865,0.8033577127659575,0.09692161897774532,0.196097243570378,133276.58689164362,-1124.7646923783382,132151.82219926527,3357,2,714.5625,43,5,18,33.648202494497426,0.6414728682170543,41.8560606060606,1032.5757575757568,24.01338971106411,0
4358,4,0,0,48,0.0,0.0,1.0,48,1350,900,450,0.6666666666666666,18,9,9,317.8571907801288,0.8025635342789598,0.10041490922428031,0.19629391407973296,133325.48227301415,-1124.3073490587767,132201.17492395538,3358,3,715.5625,43,5,18,33.60191637630661,0.6419573643410853,41.80871212121212,1032.7651515151508,24.01779422128258,0
4359,4,0,0,48,0.0,0.0,1.0,48,1300,1000,300,0.7692307692307693,16,10,6,317.1092962126498,0.8017139479905437,0.10334894106401427,0.19648099036296274,133448.30354080923,-1136.460476680394,132311.84306412883,3359,4,716.5625,44,4,18,33.49855871195149,0.6418087121212122,41.68981481481481,1033.2407407407397,23.482744107744086,0
4360,4,0,0,48,0.0,0.0,1.0,48,1450,1100,350,0.7586206896551724,18,11,7,317.87763954854955,0.8011229314420804,0.10320557899671834,0.1972172789869272,133497.25569564622,-1112.8372079576707,132384.41848768856,3360,5,717.5625,42,6,19,33.42983278637286,0.6450892857142858,41.64244186046511,1033.4302325581389,24.605481727574734,0
4361,4,0,0,48,0.0,0.0,1.0,48,1400,900,500,0.6428571428571429,19,9,10,331.80109403232615,0.8016400709219857,0.0683830845771145,0.1896815128000498,130392.29811124329,-883.4381242287141,129508.85998701457,3361,6,718.5625,40,8,18,36.192578772802655,0.6171875,44.66463414634146,1021.341463414634,25.533536585365848,8
4362,4,1,0,49,0.02040816326530612,0.0,1.0,49,1450,1000,450,0.6896551724137931,19,10,9,326.19728788872277,0.8070790816326531,0.08701885566957235,0.1878094552503451,130667.99433893932,-1275.2909265558012,129392.70341238352,3362,0,704.8775510204082,41,8,15,36.05707031502685,0.6183943089430894,44.39484126984127,1022.4206349206352,24.937088656600856,0
4363,4,0,0,49,0.0,0.0,1.0,49,650,500,150,0.7692307692307693,8,5,3,325.2421460913073,0.8065121882086168,0.08968663134636823,0.18750537147143154,130718.71456916102,-1296.9529478458048,129421.76162131522,3363,1,705.8775510204082,41,8,15,36.030267753201386,0.6189024390243902,44.345238095238095,1022.6190476190478,24.941927990708482,0
4364,4,1,0,50,0.02,0.0,1.0,50,1000,600,400,0.6,14,6,8,317.18326881069606,0.8133333333333334,0.09842257597684512,0.18417952835982435,130996.15912208508,-1690.0420096021903,129306.1171124829,3364,0,692.74,44,6,16,35.95653189821514,0.6174242424242424,44.074074074074076,1023.703703703704,23.265993265993274,0
4365,4,1,0,51,0.0196078431372549,0.0,1.0,51,2000,1600,400,0.8,24,16,8,314.75141467684034,0.8178758169934641,0.1169626221529334,0.18493993866172043,131449.48351591214,-1924.3776289214243,129525.10588699071,3365,0,680.1372549019608,43,8,18,35.56239803613754,0.6233042635658914,43.631628787878796,1025.4734848484864,23.848220577871775,0
4366,4,0,0,51,0.0,0.0,1.0,51,1450,1100,350,0.7586206896551724,18,11,7,318.5862129172555,0.8179411764705883,0.14014530114834778,0.18363601959593776,130711.9513031549,-1871.3948902606408,128840.55641289426,3366,1,681.1372549019608,44,7,16,36.20725431606907,0.6145833333333335,44.35185185185185,1022.5925925925917,23.24074074074072,1
4367,4,1,1,51,0.019230769230769232,0.019230769230769232,0.9807692307692307,52,1100,900,200,0.8181818181818182,13,9,4,317.95468633537644,0.8211412770236299,0.14145314264719877,0.18510791368217128,131096.11705130228,-2063.475044633475,129032.6420066688,3367,0,669.0192307692307,45,7,18,35.83606049885018,0.6171296296296296,43.97644927536232,1024.094202898551,22.757648953301132,0
4368,4,0,1,50,0.0,0.0196078431372549,0.9803921568627451,51,1300,800,500,0.6153846153846154,18,8,10,324.9428353202034,0.8123202614379086,0.1417105046196072,0.1890343406526109,131067.25930212627,-1682.1266289437515,129385.13267318252,3368,1,683.0784313725491,44,7,19,35.68624348193026,0.6181344696969697,44.00462962962963,1023.981481481482,23.27230639730641,0
4369,4,0,0,50,0.0,0.0,1.0,50,750,500,250,0.6666666666666666,10,5,5,343.6809775361543,0.8065136054421769,0.15426620521934375,0.18547669514583665,128120.56220048493,-1186.4991067468322,126934.06309373809,3369,2,697.04,43,7,20,38.20006313721823,0.5898740310077519,46.89867424242424,1012.4053030303028,23.544309372797738,6
4370,4,2,2,50,0.038461538461538464,0.038461538461538464,0.9615384615384616,52,1150,600,550,0.5217391304347826,17,6,11,332.05114690873324,0.818690296631473,0.1733060018642274,0.18145421260366168,128619.58007812528,-1858.3307327536443,126761.24934537163,3370,0,671.1923076923077,39,13,13,37.985640446361344,0.6009615384615383,46.406250000000014,1014.3750000000022,26.00961538461544,0
4371,4,1,0,51,0.0196078431372549,0.0,1.0,51,1300,600,700,0.46153846153846156,20,6,14,342.20933908524955,0.8124183006535949,0.19467860851827257,0.1873176999015918,128685.96734832729,-1392.492032836571,127293.47531549072,3371,0,685.2745098039215,38,13,15,37.66035765680389,0.603344298245614,46.34081196581197,1014.6367521367536,26.700967161493516,0
4372,4,3,2,52,0.05555555555555555,0.037037037037037035,0.962962962962963,54,1300,1100,200,0.8461538461538461,15,11,4,320.3783536770007,0.8258065455392499,0.21125144601847134,0.17826180191771612,129333.8012695315,-2510.7896583964243,126823.01161113508,3372,0,648.1481481481482,39,15,17,37.556003584229394,0.6081730769230769,45.703125000000014,1017.1875000000019,26.08173076923082,0
4373,4,0,0,52,0.0,0.0,1.0,52,1300,1000,300,0.7692307692307693,16,10,6,331.57069687272843,0.8194758672699848,0.2052426980458082,0.18412426445943006,129255.7037128352,-1828.5192490320592,127427.18446380313,3373,1,673.5576923076923,38,14,19,37.35072144007846,0.6091008771929824,45.779914529914535,1016.8803418803425,26.760008996851116,0
4374,4,0,0,52,0.0,0.0,1.0,52,1300,1100,200,0.8461538461538461,15,11,4,332.5489019137065,0.8191616390145801,0.20462184873949552,0.18492205293332295,129310.02995105564,-1799.6183066695842,127510.41164438605,3374,2,674.5576923076923,38,14,19,37.27065826330532,0.6096491228070176,45.72649572649573,1017.0940170940174,26.765632028789934,0
4375,4,0,0,52,0.0,0.0,1.0,52,1300,1000,300,0.7692307692307693,16,10,6,331.47177854903214,0.8182346656611361,0.19870744655712858,0.18455834602678745,129360.29188368077,-1824.14279513887,127536.14908854189,3375,3,675.5576923076923,39,13,19,37.246996382005605,0.6084401709401709,45.67708333333334,1017.2916666666683,26.084401709401753,0
4376,4,0,0,52,0.0,0.0,1.0,52,1450,900,550,0.6206896551724138,20,9,11,332.4832078375608,0.8188316993464051,0.20064450341346607,0.1854956286330746,129439.78000217034,-1792.6893446180366,127647.09065755231,3376,4,676.5576923076923,39,13,14,37.140550892278284,0.6092414529914529,45.59895833333334,1017.6041666666683,26.092414529914574,0
4377,4,0,0,52,0.0,0.0,1.0,52,1500,900,600,0.6,21,9,12,328.37159832206163,0.8183289341377575,0.19382419337500134,0.18377802636817991,129563.2611623375,-1891.020969660888,127672.2401926766,3377,5,677.5576923076923,40,12,15,37.1198509349837,0.6088541666666666,45.47764227642278,1018.0894308943111,25.452235772357778,0
4378,4,0,0,52,0.0,0.0,1.0,52,1450,800,650,0.5517241379310345,21,8,13,327.26853349537896,0.8173076923076922,0.20232119970222318,0.18376540679127096,129692.62390318277,-1911.1370340075182,127781.48686917525,3378,6,678.5576923076923,40,12,15,37.016736506036125,0.61015625,45.35060975609757,1018.5975609756109,25.464939024390272,0
4379,4,0,1,51,0.0,0.019230769230769232,0.9807692307692307,52,1050,600,450,0.5714285714285714,15,6,9,326.06702541424704,0.8167106586224232,0.20520494104435727,0.18398345338448038,129883.08930342968,-1929.8814838435392,127953.20781958614,3379,7,679.5576923076923,41,11,15,36.85431873479318,0.6105182926829269,45.163690476190474,1019.3452380952378,24.86207897793263,0
4380,4,1,1,51,0.019230769230769232,0.019230769230769232,0.9807692307692307,52,1350,1100,250,0.8148148148148148,16,11,5,327.6156185446722,0.8153908999497234,0.2078109445288585,0.18509652071377664,129933.65698420575,-1886.3409194696346,128047.31606473612,3380,0,680.4038461538462,41,11,15,36.763626706885944,0.6110264227642276,45.114087301587304,1019.543650793651,24.866918312040266,0
4381,4,1,0,52,0.019230769230769232,0.0,1.0,52,1800,1300,500,0.7222222222222222,23,13,10,325.79904249797426,0.8173391151332327,0.2037672358988969,0.18468963491524892,130064.82600392101,-1925.000845051386,128139.82515886963,3381,0,681.3846153846154,42,10,17,36.677115987460795,0.6108630952380952,44.985465116279066,1020.0581395348836,24.287098560354373,0
4382,4,0,1,51,0.0,0.019230769230769232,0.9807692307692307,52,1350,1000,350,0.7407407407407407,17,10,7,316.9436869250539,0.8175119406737053,0.052150730889048535,0.18497986091444016,131191.85717519213,-2071.702826041582,129120.15434915054,3382,1,682.3846153846154,46,6,18,35.76551142263758,0.6168478260869567,43.88297872340424,1024.4680851063808,22.271045328399584,7
4383,4,1,0,52,0.019230769230769232,0.0,1.0,52,1250,1000,250,0.8,15,10,5,319.38665270396234,0.8159407993966816,0.08253681514680311,0.187835087359463,131484.42147531215,-2000.7017482755516,129483.7197270366,3383,0,683.3461538461538,40,12,20,35.40840930109659,0.6281250000000002,43.597560975609746,1025.6097560975595,25.64024390243899,0
4384,4,0,1,51,0.0,0.019230769230769232,0.9807692307692307,52,1350,900,450,0.6666666666666666,18,9,9,302.65655318372797,0.8155323026646555,0.13802980120345376,0.17092053655641457,129916.60399202285,-2532.8147836886437,127383.7892083342,3384,1,684.3461538461538,42,10,16,37.4170310173304,0.609375,45.13081395348838,1019.4767441860475,24.27325581395351,3
4385,4,2,0,53,0.03773584905660377,0.0,1.0,53,850,600,250,0.7058823529411765,11,6,5,302.816712275978,0.8248669569424286,0.16845964763403432,0.1729748146708149,130361.52354313157,-2704.410323147639,127657.11321998393,3385,0,670.1698113207547,42,11,18,36.96369832684948,0.6138392857142857,44.69476744186047,1021.2209302325593,24.314784053156174,0
4386,4,1,0,54,0.018518518518518517,0.0,1.0,54,750,400,350,0.5333333333333333,11,4,7,303.57475994513027,0.8286891451199627,0.18670781893004085,0.17513928458372902,130746.38429752068,-2861.7395546372795,127884.64474288339,3386,0,658.7407407407408,43,11,17,36.556327160493844,0.6162790697674418,44.31818181818182,1022.7272727272729,23.78435517970402,0
4387,4,0,2,52,0.0,0.037037037037037035,0.962962962962963,54,1050,800,250,0.7619047619047619,13,8,5,302.2493211819338,0.8287619380386676,0.1844927118899724,0.17481272302192785,130843.25140610654,-2890.5432162534375,127952.7081898531,3387,1,659.7407407407408,43,11,17,36.49265704060226,0.6172480620155039,44.22348484848485,1023.1060606060607,23.793164200140946,0
4388,4,0,0,52,0.0,0.0,1.0,52,1200,900,300,0.75,15,9,6,311.27748641589216,0.8263574660633484,0.17464419252039343,0.17933689505246517,130693.35322381281,-2263.6203034454356,128429.73292036737,3388,2,682.9038461538462,41,11,17,36.41285453251835,0.6186483739837398,44.37003968253969,1022.5198412698423,24.939508323654692,0
4389,4,0,0,52,0.0,0.0,1.0,52,850,600,250,0.7058823529411765,11,6,5,311.6288398806853,0.8265617144293614,0.17166651741739036,0.1796571633943011,130718.714569161,-2252.855725623584,128465.85884353743,3389,3,683.9038461538462,41,11,18,36.37829840900271,0.6189024390243902,44.345238095238095,1022.6190476190477,24.941927990708482,0
4390,4,0,0,52,0.0,0.0,1.0,52,1000,500,500,0.5,15,5,10,313.9663637706367,0.8264988687782805,0.17746400059688083,0.18124262096726032,130769.44464128265,-2188.558594734168,128580.88604654849,3390,4,684.9038461538462,41,11,18,36.26737795021016,0.619410569105691,44.29563492063493,1022.8174603174621,24.946767324816147,0
4391,4,0,0,52,0.0,0.0,1.0,52,1100,700,400,0.6363636363636364,15,7,8,317.54395404880097,0.825069130216189,0.1790285049447351,0.18379059158582134,130870.93431122464,-2088.545209750556,128782.38910147408,3391,5,685.9038461538462,41,11,18,36.073540818305204,0.6204268292682926,44.19642857142858,1023.2142857142869,24.956445993031387,0
4392,4,1,2,51,0.018867924528301886,0.03773584905660377,0.9622641509433962,53,1150,700,450,0.6086956521739131,16,7,9,314.95076408116336,0.8302189163038219,0.17526895537518095,0.1837560418248379,131179.18469442963,-2337.0031097890546,128842.18158464057,3392,0,673.9433962264151,42,11,19,35.829313280363216,0.6220238095238094,43.89534883720931,1024.4186046511645,24.39091915836106,0
4393,4,0,0,51,0.0,0.0,1.0,51,1250,700,550,0.56,18,7,11,320.54863311718447,0.8243137254901961,0.16088574342843742,0.1866341533936098,131099.4300063779,-1795.2513818026923,129304.1786245752,3393,7,679.3529411764706,41,10,19,35.76631066550421,0.6227134146341462,43.9732142857143,1024.1071428571454,24.97822299651574,0
4394,4,0,0,51,0.0,0.0,1.0,51,1250,1000,250,0.8,15,10,5,321.0460003025493,0.8235620915032681,0.16177277534428103,0.18741899633264186,131201.0476210163,-1775.6856851536597,129425.36193586265,3394,8,680.3529411764706,41,10,19,35.65118540395726,0.6237296747967478,43.87400793650795,1024.5039682539707,24.98790166473099,0
4395,4,1,1,51,0.019230769230769232,0.019230769230769232,0.9807692307692307,52,1450,1000,450,0.6896551724137931,19,10,9,315.6984453071539,0.8292797888386123,0.16532439416692712,0.18553948815343568,131458.3656078558,-2099.63664724956,129358.72896060625,3395,0,668.25,40,12,19,35.529184421761975,0.6278645833333333,43.6229674796748,1025.508130081301,25.637703252032527,0
4396,4,0,2,49,0.0,0.0392156862745098,0.9607843137254902,51,1250,600,650,0.48,19,6,13,311.312734906723,0.8243464052287582,0.18096891583046437,0.1716255259455433,128969.02394614673,-2154.751635930962,126814.27231021576,3396,10,682.3529411764706,40,11,17,38.156578289144576,0.6028645833333333,46.061991869918714,1015.7520325203272,25.39380081300818,5
4397,4,3,1,51,0.057692307692307696,0.019230769230769232,0.9807692307692307,52,1550,1100,450,0.7096774193548387,20,11,9,298.86381959461494,0.8335532931121166,0.18805896861154614,0.16711943612317964,129529.39111118995,-2657.4611456435823,126871.92996554637,3397,0,629.1538461538462,41,11,14,37.90515463080271,0.6069613821138211,45.5109126984127,1017.9563492063501,24.82820363917927,0
4398,4,0,0,51,0.0,0.0,1.0,51,1350,1100,250,0.8148148148148148,16,11,5,306.5081763501935,0.8283986928104576,0.1915122749719016,0.17109101883895436,129459.81744497339,-2263.901488862438,127195.91595611096,3398,1,642.4901960784314,40,11,15,37.78106484255374,0.6078124999999999,45.57926829268293,1017.6829268292696,25.44207317073174,0
4399,4,0,0,51,0.0,0.0,1.0,51,700,500,200,0.7142857142857143,9,5,4,308.5977757149972,0.8281699346405229,0.1896305692088156,0.17259765043758388,129537.39636005361,-2205.009522275091,127332.38683777851,3399,2,643.4901960784314,40,11,15,37.64932947322886,0.60859375,45.50304878048781,1017.9878048780494,25.449695121951233,0
4400,4,0,0,51,0.0,0.0,1.0,51,950,500,450,0.5263157894736842,14,5,9,309.6049418129806,0.8290196078431373,0.18887323392430777,0.17350344054620054,129614.99851278997,-2174.11118547162,127440.88732731836,3400,3,644.4901960784314,40,11,16,37.54511809713903,0.609375,45.42682926829268,1018.292682926829,25.457317073170724,0
4401,4,1,1,51,0.019230769230769232,0.019230769230769232,0.9807692307692307,52,1300,700,600,0.5384615384615384,19,7,12,302.6752624007679,0.8347944947209652,0.19327905670971468,0.17078464146995506,129883.08930342933,-2537.5203727324597,127345.56893069687,3401,0,633.0769230769231,41,11,16,37.45042579075427,0.6105182926829269,45.16369047619046,1019.345238095235,24.862078977932562,0
4402,4,2,1,52,0.03773584905660377,0.018867924528301886,0.9811320754716981,53,1100,700,400,0.6363636363636364,15,7,8,296.70426553939876,0.8363268021286889,0.19516688650570702,0.16830293683183098,130089.53788834772,-2880.375841295624,127209.1620470521,3402,0,622.0943396226415,42,11,17,37.394131522289776,0.6111111111111112,44.96124031007751,1020.1550387596873,24.28940568475446,0
4403,4,0,0,52,0.0,0.0,1.0,52,1100,800,300,0.7272727272727273,14,8,6,300.23767215649394,0.8320135746606334,0.1979809656348912,0.17006851280666166,130034.82187145665,-2591.7295564059177,127443.09231505073,3403,1,635.0576923076923,41,11,17,37.35926709464062,0.6120426829268293,45.01488095238094,1019.940476190474,24.876596980255464,0
4404,4,1,2,51,0.018867924528301886,0.03773584905660377,0.9622641509433962,53,1600,1200,400,0.75,20,12,8,296.3529833867498,0.8387760038703435,0.20706270280014394,0.16919061233352625,130340.40584308277,-2874.2477775737593,127466.15806550901,3404,0,624.0566037735849,40,13,18,37.15001326963905,0.6166666666666667,44.71544715447154,1021.1382113821135,25.528455284552837,0
4405,4,0,0,51,0.0,0.0,1.0,51,1450,1200,250,0.8275862068965517,17,12,5,301.7663444148056,0.8348366013071896,0.18807061086948473,0.17239624758524036,130366.350686182,-2331.9645837464673,128034.38610243554,3405,3,609.5294117647059,40,11,19,36.985645337844545,0.6169270833333333,44.690040650406495,1021.2398373983727,25.530995934959318,0
4406,4,2,1,52,0.03773584905660377,0.018867924528301886,0.9811320754716981,53,1350,1000,350,0.7407407407407407,17,10,7,286.18237774501506,0.8401669085631349,0.19220692884229895,0.16547171655158047,130831.98594585617,-3111.638235382525,127720.34771047364,3406,0,587.4905660377359,42,11,13,36.91493811959338,0.6185515873015874,44.23449612403099,1023.0620155038723,24.358619416758863,0
4407,4,0,0,52,0.0,0.0,1.0,52,1500,900,600,0.6,21,9,12,290.0595297922814,0.8361613876319758,0.18089455153070477,0.16766221251221947,130820.18455530309,-2810.8717561098924,128009.3127991932,3407,1,599.7884615384615,41,11,15,36.827644168606184,0.619918699186992,44.246031746031726,1023.0158730158689,24.951606658923634,0
4408,4,0,0,52,0.0,0.0,1.0,52,900,600,300,0.6666666666666666,12,6,6,292.8766138983073,0.8375125691302161,0.19193303062160316,0.16984868047154736,130947.07739866739,-2729.732674319768,128217.34472434763,3408,2,600.7884615384615,41,11,16,36.627956285741966,0.621189024390244,44.12202380952379,1023.5119047619015,24.96370499419272,0
4409,4,0,1,51,0.0,0.019230769230769232,0.9807692307692307,52,1200,700,500,0.5833333333333334,17,7,10,294.4929142866885,0.8362556561085972,0.1992048350796658,0.17135038676816197,131074.03175390497,-2679.9252802973324,128394.10647360764,3409,3,601.7884615384615,41,11,16,36.45893883614287,0.6224593495934961,43.99801587301586,1024.0079365079341,24.975803329461808,0
4410,4,0,0,51,0.0,0.0,1.0,51,1850,1500,350,0.8108108108108109,22,15,7,320.37455362951636,0.832124183006536,0.2809997763363905,0.18081224807846075,129891.90853915016,-1877.1875563367714,128014.7209828134,3410,4,614.4509803921569,42,9,15,36.990454689480345,0.6091269841269842,45.155038759689916,1019.3798449612392,24.270948689553315,6
4411,4,0,1,50,0.0,0.0196078431372549,0.9803921568627451,51,1350,900,450,0.6666666666666666,18,9,9,319.5691290389923,0.8315686274509805,0.2747221834101816,0.18092872959308184,130015.4092771618,-1890.2177791298627,128125.19149803194,3411,5,615.4509803921569,42,9,15,36.885985748218516,0.6103670634920635,45.03391472868217,1019.8643410852711,24.282484311554075,0
4412,4,0,1,49,0.0,0.02,0.98,50,600,300,300,0.5,9,3,6,326.01029037263635,0.829625850340136,0.2761852861035421,0.18407042548731917,129908.37191358018,-1529.7067901234632,128378.66512345671,3412,15,628.66,41,9,15,36.830154405086276,0.6107723577235773,45.138888888888886,1019.4444444444439,24.864498644986437,0
4413,4,0,1,48,0.0,0.02040816326530612,0.9795918367346939,49,1800,1400,400,0.7777777777777778,22,14,8,326.65258630919976,0.8309948979591837,0.27274206473500295,0.1847594166305813,129977.44914568057,-1308.5060149381839,128668.94313074238,3413,16,620.4081632653061,40,9,15,36.743821008570876,0.6130208333333333,45.07113821138212,1019.7154471544723,25.492886178861806,0
4414,4,1,1,48,0.02040816326530612,0.02040816326530612,0.9795918367346939,49,1250,1000,250,0.8,15,10,5,318.0341524364851,0.8332979024943311,0.2680549770928784,0.1812055054579972,130262.58680555546,-1514.4097222222283,128748.17708333323,3414,0,610.7551020408164,40,9,15,36.67517006802722,0.6158854166666667,44.791666666666664,1020.8333333333326,25.520833333333314,0
4415,4,0,0,48,0.0,0.0,1.0,48,1200,900,300,0.75,15,9,6,324.6309424884454,0.8268321513002364,0.27232218819125387,0.18433391777822164,130129.69970703125,-1151.1745876736109,128978.52511935764,3415,18,624.4791666666666,39,9,16,36.64124978730644,0.6161858974358975,44.921875,1020.3125,26.161858974358974,0
4416,4,0,0,48,0.0,0.0,1.0,48,1300,800,500,0.6153846153846154,18,8,10,322.5353708006746,0.827589391252955,0.2671441183140575,0.18365060487925505,130237.26974875582,-1198.774781903518,129038.4949668523,3416,19,625.4791666666666,41,7,16,36.58589675057503,0.6140752032520326,44.816468253968246,1020.7341269841257,24.895954316685994,0
4417,4,0,0,48,0.0,0.0,1.0,48,1450,1200,250,0.8275862068965517,17,12,5,324.21874695262386,0.8260749113475178,0.26985594084650755,0.1853623798175204,130395.54172092001,-1144.659250057094,129250.88247086291,3417,20,626.4791666666666,39,9,17,36.38290413054565,0.6188568376068377,44.66145833333333,1021.3541666666656,26.18856837606835,0
4418,4,0,0,48,0.0,0.0,1.0,48,1200,1000,200,0.8333333333333334,14,10,4,322.88428839961455,0.8258348108747045,0.2691766914738172,0.18510648655241463,130501.95448133661,-1172.5938585069657,129329.36062282964,3418,21,627.4791666666666,39,9,12,36.30944795595881,0.6199252136752138,44.55729166666666,1021.7708333333318,26.199252136752097,0
4419,4,1,2,47,0.02040816326530612,0.04081632653061224,0.9591836734693877,49,700,500,200,0.7142857142857143,9,5,4,315.7331718854929,0.829187925170068,0.26495726495726535,0.18195344647834052,130703.86860499685,-1546.490597527941,129157.37800746891,3419,0,615.6530612244898,40,9,12,36.28834559067116,0.6203125,44.35975609756097,1022.5609756097547,25.564024390243866,0
4420,4,0,0,47,0.0,0.0,1.0,47,1050,700,350,0.6666666666666666,14,7,7,337.3570542116,0.8259327782917052,0.2643231833848412,0.19234988126766372,130289.85407991792,-609.1597267879567,129680.69435312996,3420,23,641.0851063829788,38,9,14,36.15442305009071,0.6195175438596492,44.76495726495725,1020.9401709401687,26.86684660368865,1
4421,4,0,0,47,0.0,0.0,1.0,47,1550,1300,250,0.8387096774193549,18,13,5,333.55324802113716,0.8269734813444342,0.2582833185347393,0.1908499463991674,130426.23325525943,-699.1812541091712,129727.05200115027,3421,24,642.0851063829788,38,9,14,36.11350800125508,0.620888157894737,44.63141025641024,1021.4743589743568,26.880904183535705,0
4422,4,0,0,47,0.0,0.0,1.0,47,1250,1000,250,0.8,15,10,5,331.70184931258893,0.8281298180696886,0.2561200245601867,0.19019163590081486,130508.09500328689,-742.0447074293672,129766.05029585752,3422,25,643.0851063829788,38,9,13,36.0780008364701,0.6217105263157896,44.55128205128203,1021.7948717948684,26.889338731443907,0
4423,4,0,0,47,0.0,0.0,1.0,47,800,600,200,0.75,10,6,4,331.76819698396855,0.8273974714770274,0.25430502458584403,0.19063221264538271,130589.98243343171,-734.8793967784611,129855.10303665325,3423,26,644.0851063829788,38,9,13,35.993519389568306,0.6225328947368423,44.47115384615383,1022.1153846153827,26.897773279352176,0
4424,4,1,2,46,0.020833333333333332,0.041666666666666664,0.9583333333333334,48,400,200,200,0.5,6,2,4,323.2612794444434,0.8279033687943262,0.2488588542727217,0.18698894503553115,130848.09570312483,-1140.3754340277915,129707.72026909703,3424,0,631.6458333333334,39,9,13,35.950332586710125,0.6233974358974359,44.21874999999999,1023.1249999999986,26.233974358974326,0
4425,4,1,1,46,0.02127659574468085,0.02127659574468085,0.9787234042553191,47,1350,900,450,0.6666666666666666,18,9,9,324.3022359740608,0.8265494912118408,0.25907930982035743,0.18815507607895945,130963.7946989224,-905.6297094983369,130058.16498942407,3425,0,643.4255319148937,40,7,13,35.80698140058246,0.6229166666666668,44.10569105691056,1023.5772357723562,25.589430894308904,0
4426,4,0,0,46,0.0,0.0,1.0,46,1700,1400,300,0.8235294117647058,20,14,6,331.4569858011384,0.8249396135265701,0.26873547958845023,0.19212772185818186,130928.0395507811,-520.5973307291811,130407.44222005192,3426,29,658.4130434782609,39,7,14,35.65998727735367,0.6241987179487181,44.14062499999999,1023.4374999999989,26.24198717948715,0
4427,4,0,0,46,0.0,0.0,1.0,46,800,500,300,0.625,11,5,6,330.02042577994126,0.8254227053140097,0.26376552640892204,0.19173158992543976,131015.8109012491,-552.421260493106,130463.389640756,3427,30,659.4130434782609,40,6,14,35.60816623651644,0.6234375000000001,44.05487804878048,1023.7804878048769,25.594512195121922,0
4428,4,0,0,46,0.0,0.0,1.0,46,900,600,300,0.6666666666666666,12,6,6,339.0457153320315,0.8247584541062802,0.19660326086956514,0.18705970501077582,128999.74804736694,-452.26582662722564,128547.48222073972,3428,31,660.4130434782609,41,5,16,37.421061197916664,0.6016260162601628,46.031746031746025,1015.8730158730147,24.777390631049137,5
4429,4,1,1,46,0.02127659574468085,0.02127659574468085,0.9787234042553191,47,1200,800,400,0.6666666666666666,16,8,8,333.2511199852751,0.8314831945729263,0.2004967594383178,0.18493008215159557,129228.54487407772,-786.2586557469781,128442.28621833074,3429,0,647.3404255319149,38,9,16,37.33560120486148,0.6088267543859649,45.80662393162393,1016.7735042735043,26.75719748088169,0
4430,4,3,3,46,0.061224489795918366,0.061224489795918366,0.9387755102040817,49,1200,800,400,0.6666666666666666,16,8,8,324.54710450704414,0.8369472789115646,0.21038487222502722,0.18235763316023604,129718.50419723717,-1380.047012360362,128338.45718487681,3430,0,621.8571428571429,40,9,15,37.059806464485234,0.6104166666666666,45.32520325203252,1018.6991869918704,25.46747967479676,0
4431,4,0,0,46,0.0,0.0,1.0,46,900,500,400,0.5555555555555556,13,5,8,338.78141476692315,0.8254227053140097,0.22327784470485157,0.18943129811615275,129527.4490466798,-423.70151216305425,129103.74753451675,3431,1,659.9130434782609,38,8,16,36.89126784214945,0.6118421052631579,45.51282051282051,1017.9487179487178,26.788124156545205,0
4432,4,2,1,47,0.041666666666666664,0.020833333333333332,0.9791666666666666,48,1650,1300,350,0.7878787878787878,20,13,7,328.69637650978746,0.8344045508274232,0.24413265306122445,0.18728049359278603,130262.58680555565,-1036.6319444444357,129225.95486111121,3432,0,633.375,40,8,18,36.403061224489804,0.6158854166666666,44.79166666666667,1020.8333333333342,25.520833333333353,0
4433,4,0,0,47,0.0,0.0,1.0,47,1700,1300,400,0.7647058823529411,21,13,8,328.986549276847,0.8293632439099599,0.2592407507792387,0.1878214117689635,130340.40584308286,-823.951930068075,129516.45391301479,3433,1,646.5531914893617,40,7,18,36.31692874203822,0.6166666666666667,44.71544715447155,1021.1382113821142,25.528455284552855,0
4434,4,0,0,47,0.0,0.0,1.0,47,850,600,250,0.7058823529411765,11,6,5,327.9723800275529,0.8290163428923836,0.257846181197102,0.18786930691834705,130470.15587819758,-841.8784908123375,129628.27738738524,3434,2,647.5531914893617,40,7,18,36.211620080241396,0.61796875,44.588414634146346,1021.6463414634153,25.54115853658538,0
4435,4,0,0,47,0.0,0.0,1.0,47,1000,700,300,0.7,13,7,6,325.8118488538325,0.8286694418748072,0.25552896933797675,0.1869429683358278,130534.75320743934,-894.0461435610955,129640.70706387825,3435,3,648.5531914893617,42,5,17,36.201521904039446,0.6155753968253969,44.52519379844961,1021.8992248062006,24.330933923957154,0
4436,4,1,1,47,0.020833333333333332,0.020833333333333332,0.9791666666666666,48,1450,1100,350,0.7586206896551724,18,11,7,317.9013092512697,0.8333702718676123,0.2583429739318215,0.18398091304017,130867.47378795073,-1279.4117488808333,129588.06203906989,3436,0,636.0208333333334,43,5,17,36.067889094555,0.6174903100775193,44.199810606060616,1023.2007575757592,23.795366455250214,0
4437,4,1,0,48,0.020833333333333332,0.0,1.0,48,1350,1000,350,0.7407407407407407,17,10,7,316.45811967227183,0.8314125295508275,0.26010935910478095,0.18407001872061735,131061.33355034732,-1304.9153645833248,129756.41818576399,3437,0,637.0,43,5,19,35.90941844693117,0.6194282945736433,44.01041666666667,1023.9583333333342,23.81298449612405,0
4438,4,0,0,48,0.0,0.0,1.0,48,1550,1100,450,0.7096774193548387,20,11,9,314.9189732165737,0.8317634456264775,0.2564001848428836,0.1839861387798774,131231.07854109284,-1334.568698347096,129896.50984274574,3438,1,638.0,43,5,19,35.77788046826864,0.6211240310077519,43.844696969696976,1024.621212121213,23.828400281888673,0
4439,4,0,0,48,0.0,0.0,1.0,48,1650,1300,350,0.7878787878787878,20,13,7,311.4495547823114,0.832668439716312,0.2565237633514945,0.18299984963307922,131449.48351591194,-1412.023376520889,130037.46013939106,3439,2,639.0,43,5,19,35.647047280450636,0.6233042635658914,43.63162878787879,1025.4734848484848,23.84822057787174,0
4440,4,1,0,49,0.02040816326530612,0.0,1.0,49,1700,1200,500,0.7058823529411765,22,12,10,325.3906283992481,0.8382936507936508,0.3077092150039038,0.1914541301615369,131501.99549493758,-1235.2768140583366,130266.71868087925,3440,0,626.9387755102041,42,7,21,35.236773736419465,0.6252480158730156,43.580426356589165,1025.6782945736463,24.420911775563006,1
4441,4,1,1,49,0.02,0.02,0.98,50,1500,1000,500,0.6666666666666666,20,10,10,318.9955449615805,0.8418707482993197,0.3101355463347155,0.1893544983638943,131838.20740250553,-1588.8398365759479,130249.36756592958,3441,0,615.38,43,7,17,35.0627209159367,0.6271802325581393,43.25284090909093,1026.9886363636394,23.883456659619522,0
4442,4,0,0,49,0.0,0.0,1.0,49,1050,700,350,0.6666666666666666,14,7,7,320.9209895515997,0.844139739229025,0.30124391563007014,0.19079836324144997,131898.18672839546,-1334.220679012304,130563.96604938316,3442,1,587.2857142857143,44,5,18,34.95301514332073,0.6264204545454544,43.194444444444464,1027.2222222222254,23.345959595959666,0
4443,4,0,0,49,0.0,0.0,1.0,49,1400,900,500,0.6428571428571429,19,9,10,316.73826209463647,0.8440688775510204,0.2948381082318492,0.1889026314340882,132017.104981139,-1437.0263203017419,130580.07866083727,3443,2,588.2857142857143,44,5,18,34.94102321530468,0.6276041666666665,43.078703703703724,1027.6851851851889,23.356481481481566,0
4444,4,0,0,49,0.0,0.0,1.0,49,1050,600,450,0.5714285714285714,15,6,9,318.2567262212731,0.8439271541950114,0.29855141191845425,0.19028564519304275,132112.27816358063,-1390.8757716049026,130721.40239197573,3444,3,589.2857142857143,44,5,18,34.80647122399352,0.6285511363636362,42.98611111111113,1028.0555555555586,23.36489898989906,0
4445,4,0,0,49,0.0,0.0,1.0,49,1050,700,350,0.6666666666666666,14,7,7,319.6271681977987,0.8444586167800454,0.2998281708000621,0.1913455365410546,132159.87761488374,-1351.6225137173874,130808.25510116635,3445,4,590.2857142857143,44,5,19,34.72347291010057,0.6290246212121211,42.93981481481483,1028.2407407407434,23.369107744107804,0
4446,4,0,0,49,0.0,0.0,1.0,49,1350,800,550,0.5925925925925926,19,8,11,318.6529273989504,0.8441751700680272,0.29458660151729443,0.19136400126499148,132278.91375171486,-1369.7873799725458,130909.12637174231,3446,5,591.2857142857143,44,5,19,34.6290879087909,0.6302083333333333,42.82407407407408,1028.703703703705,23.37962962962966,0
4447,4,1,1,49,0.02,0.02,0.98,50,1750,1200,550,0.6857142857142857,23,12,11,317.6352916087219,0.8461734693877551,0.29750433275563326,0.19292164553498117,132704.48022959149,-1569.4604101929137,131135.01981939859,3447,0,580.44,41,9,17,34.22876949740035,0.6387195121951221,42.41071428571427,1030.3571428571402,25.13066202090586,0
4448,4,0,0,49,0.0,0.0,1.0,49,1500,1200,300,0.8,18,12,6,328.81703005527106,0.8407383786848073,0.3113966044101606,0.19961359585031946,132685.78247901367,-1074.1310149382114,131611.65146407546,3448,7,593.2857142857143,40,9,18,33.959484119155654,0.6401041666666667,42.42886178861788,1030.2845528455273,25.757113821138184,0
4449,4,0,0,49,0.0,0.0,1.0,49,1300,800,500,0.6153846153846154,18,8,10,328.29589483781353,0.8379039115646258,0.31228010178936016,0.20027431468007348,132869.07723783806,-1075.925478385869,131793.1517594522,3449,8,594.2857142857143,40,9,19,33.7892229341219,0.6419270833333333,42.25101626016261,1030.9959349593507,25.774898373983767,0
4450,4,0,0,49,0.0,0.0,1.0,49,1100,700,400,0.6363636363636364,15,7,8,331.2697172364306,0.838045634920635,0.32234803469126305,0.20265559736181657,132973.87390318277,-989.9564784519653,131983.9174247308,3450,9,595.2857142857143,40,9,20,33.60758038558808,0.6429687499999999,42.149390243902445,1031.4024390243912,25.78506097560978,0
4451,4,0,0,49,0.0,0.0,1.0,49,1600,1000,600,0.625,22,10,12,307.75745645157605,0.838187358276644,0.21616784145846402,0.17914723517654904,131090.963648834,-1731.155692729766,129359.80795610424,3451,10,596.2857142857143,44,5,15,36.10232067510549,0.6183712121212122,43.98148148148148,1024.074074074074,23.27441077441077,8
4452,4,2,2,49,0.0392156862745098,0.0392156862745098,0.9607843137254902,51,1650,1300,350,0.7878787878787878,20,13,7,293.8731512143961,0.8448039215686275,0.20821597437592154,0.17294569478894015,131509.92546275342,-2470.5527576580585,129039.37270509536,3452,0,573.8627450980392,46,5,16,36.03698501872662,0.620018115942029,43.572695035460995,1025.7092198581563,22.298026518655572,0
4453,4,0,2,47,0.0,0.04081632653061224,0.9591836734693877,49,1150,800,350,0.6956521739130435,15,8,7,303.6186291932573,0.8386125283446713,0.20946384334080403,0.17805431474723243,131375.58299039793,-1822.3851165980677,129553.19787379986,3453,12,598.2857142857143,44,5,16,35.92207068882467,0.6212121212121211,43.70370370370371,1025.1851851851861,23.299663299663322,0
4454,4,0,1,46,0.0,0.02127659574468085,0.9787234042553191,47,1050,800,250,0.7619047619047619,13,8,5,311.61161810981923,0.8326009867406722,0.20003932827309567,0.18205387191945163,131231.07854109272,-1221.3742539026643,130009.70428719005,3454,13,620.3829787234042,43,4,16,35.862600123228574,0.6211240310077519,43.84469696969697,1024.621212121212,23.82840028188865,0
4455,4,0,1,45,0.0,0.021739130434782608,0.9782608695652174,46,1100,800,300,0.7272727272727273,14,8,6,311.7811459106431,0.8286433172302737,0.19107291867916842,0.18249635751504537,131303.29574732576,-1012.4215980109489,130290.87414931481,3455,14,622.0434782608696,42,4,16,35.78558822602502,0.623263888888889,43.774224806201545,1024.9031007751928,24.402454780361733,0
4456,4,2,2,45,0.0425531914893617,0.0425531914893617,0.9574468085106383,47,1250,900,350,0.72,16,9,7,304.11738277401207,0.8368023435090964,0.18438779341403366,0.18034313963381113,131800.32680014716,-1383.4435655910152,130416.88323455614,3456,0,570.2553191489362,42,5,13,35.482723097732055,0.6282242063492064,43.28972868217054,1026.8410852713173,24.448597268364697,0
4457,4,0,0,45,0.0,0.0,1.0,45,950,500,450,0.5263157894736842,14,5,9,306.7268975190481,0.8340909090909091,0.177296647120734,0.1813369418132611,131684.26890432084,-921.7785493827301,130762.49035493811,3457,1,592.3111111111111,41,4,13,35.53225078935498,0.6285569105691058,43.40277777777777,1026.3888888888878,25.03387533875336,0
4458,4,1,1,45,0.021739130434782608,0.021739130434782608,0.9782608695652174,46,1700,1400,300,0.8235294117647058,20,14,6,299.33617730332344,0.8378824476650564,0.17464485578992694,0.17844070603157644,131999.40212614927,-1297.560712246861,130701.84141390241,3458,0,580.4130434782609,42,4,14,35.40586201477291,0.6302083333333334,43.09593023255814,1027.6162790697674,24.467054263565892,0
4459,4,0,0,45,0.0,0.0,1.0,45,1150,700,450,0.6086956521739131,16,7,9,302.354694036893,0.8353535353535354,0.16988264572740386,0.18019504722866148,131989.9189421138,-1018.4456884605739,130971.47325365324,3459,3,594.3111111111111,41,4,15,35.33782261697882,0.6316056910569106,43.10515873015873,1027.5793650793646,25.062911343399136,0
4460,4,0,0,45,0.0,0.0,1.0,45,1150,1000,150,0.8695652173913043,13,10,3,302.96334908125027,0.833922558922559,0.16757910086096905,0.1811661388649162,132117.37769471225,-994.6553563554959,131122.72233835675,3460,4,595.3111111111111,41,4,15,35.19442166039436,0.6328760162601625,42.9811507936508,1028.0753968253975,25.075009678668234,0
4461,4,0,1,44,0.0,0.022222222222222223,0.9777777777777777,45,1250,1000,250,0.8,15,10,5,304.72668022392526,0.8338383838383839,0.17324971860427718,0.18246632238711635,132168.378419076,-944.9537627550994,131223.42465632092,3461,5,596.3111111111111,41,4,16,35.09798601061265,0.6333841463414633,42.93154761904762,1028.2738095238096,25.079849012775846,0
4462,4,0,0,44,0.0,0.0,1.0,44,1650,1500,150,0.9090909090909091,18,15,3,311.7160920591374,0.8298978153629317,0.18125925925925968,0.18752973452755586,132345.71358194525,-549.1422722916288,131796.57130965363,3462,6,609.1363636363636,40,4,16,34.74053497942387,0.63671875,42.75914634146341,1028.9634146341461,25.724085365853654,0
4463,4,1,1,44,0.022222222222222223,0.022222222222222223,0.9777777777777777,45,1100,900,200,0.8181818181818182,13,9,4,305.0849980416418,0.8335858585858587,0.17418081326490298,0.1844344391502336,132528.77338224612,-913.4815585960656,131615.29182365004,3463,0,596.5777777777778,40,5,16,34.7278424792736,0.6385416666666666,42.581300813008134,1029.6747967479682,25.741869918699205,0
4464,4,1,0,45,0.022222222222222223,0.0,1.0,45,1200,1000,200,0.8333333333333334,14,10,4,292.0389602117418,0.8370370370370371,0.08332686586470106,0.1683634005516012,130718.71456916082,-1361.66228091476,129357.05228824605,3464,0,597.5555555555555,41,4,15,36.879123011253405,0.6189024390243902,44.34523809523809,1022.6190476190461,24.941927990708443,7
4465,4,0,0,45,0.0,0.0,1.0,45,1150,800,350,0.6956521739130435,15,8,7,291.36932842333624,0.8354377104377105,0.09268560716248087,0.16853011127480985,130845.55820302635,-1375.1235158415514,129470.4346871848,3465,1,598.5555555555555,41,4,15,36.76862131937035,0.6201727642276424,44.221230158730144,1023.1150793650775,24.954026325977498,0
4466,4,0,0,45,0.0,0.0,1.0,45,1250,700,550,0.56,18,7,11,286.45741499335253,0.834469696969697,0.0916755499563906,0.16634519219563326,130997.85175933786,-1494.9388030675416,129502.91295627032,3466,2,599.5555555555555,41,4,15,36.74118535387793,0.6216971544715448,44.072420634920626,1023.7103174603164,24.9685443283004,0
4467,4,2,2,45,0.0425531914893617,0.0425531914893617,0.9574468085106383,47,1050,600,450,0.5714285714285714,15,6,9,277.2820411130941,0.8432392846130126,0.09583117107766825,0.16240805265195501,131328.12499999985,-2117.0138888889032,129211.11111111095,3467,0,575.0,43,4,15,36.644647696476966,0.6220930232558141,43.74999999999999,1024.9999999999989,23.837209302325554,0
4468,4,0,0,45,0.0,0.0,1.0,45,1200,600,600,0.5,18,6,12,289.4179667308273,0.8336700336700337,0.08881141455226294,0.16884349855720454,131175.63952664388,-1407.0826247165642,129768.55690192731,3468,4,601.5555555555555,41,4,17,36.48678094131319,0.6234756097560976,43.89880952380952,1024.404761904761,24.9854819976771,0
4469,4,0,1,44,0.0,0.022222222222222223,0.9777777777777777,45,1100,800,300,0.7272727272727273,14,8,6,289.6802882942616,0.8323653198653199,0.09110444293872777,0.1695573404174514,131302.70460325346,-1392.8389353426523,129909.86566791081,3469,5,602.5555555555555,41,4,18,36.35246265285708,0.6247459349593496,43.77480158730159,1024.9007936507944,24.997580332946207,0
4470,4,1,1,44,0.022222222222222223,0.022222222222222223,0.9777777777777777,45,1200,800,400,0.6666666666666666,16,8,8,289.20035417815564,0.8355639730639731,0.10923865725065296,0.169952476471836,131455.26389085728,-1396.618224836231,130058.64566602105,3470,0,602.8222222222222,41,4,18,36.21164667376093,0.626270325203252,43.62599206349206,1025.4960317460318,25.01209833526907,0
4471,4,1,2,43,0.022222222222222223,0.044444444444444446,0.9555555555555556,45,950,800,150,0.8421052631578947,11,8,3,291.32876284708294,0.8350589225589226,0.11332430864436294,0.17177434808235667,131582.4642935881,-1333.2486929956872,130249.2156005924,3471,0,603.8,41,4,13,36.02945916328241,0.6275406504065039,43.50198412698414,1025.9920634920659,25.024196670538192,0
4472,4,0,0,43,0.0,0.0,1.0,43,1200,900,300,0.75,15,9,6,307.11579059689734,0.8243355481727574,0.12868437593039794,0.18013311150504577,131381.5158420141,-530.1323784721963,130851.38346354192,3472,8,632.1860465116279,39,4,18,35.826474971211816,0.6287393162393162,43.69791666666668,1025.208333333335,26.287393162393208,0
4473,4,1,1,43,0.022727272727272728,0.022727272727272728,0.9772727272727273,44,1100,800,300,0.7272727272727273,14,8,6,301.4176656016035,0.8280038759689923,0.13397792542177478,0.17799506358157904,131640.81090124964,-864.2268160486178,130776.58408520103,3473,0,618.7954545454545,40,4,16,35.71210470720273,0.6296874999999998,43.44512195121953,1026.219512195125,25.655487804878124,0
4474,4,0,0,43,0.0,0.0,1.0,43,850,600,250,0.7058823529411765,11,6,5,310.0670604122015,0.8241971207087486,0.1281654795995213,0.18301201989937688,131621.90890842036,-437.67632378469676,131184.23258463567,3474,10,634.1860465116279,39,4,17,35.50919111426929,0.6311431623931623,43.46354166666668,1026.145833333335,26.311431623931668,0
4475,4,0,0,43,0.0,0.0,1.0,43,750,600,150,0.8,9,6,3,346.4407027745212,0.824750830564784,0.14695669812784096,0.19020082526973034,128804.55864800366,337.5434027777974,129142.10205078145,3475,11,635.1860465116279,39,4,18,37.43212331109971,0.6028311965811965,46.22395833333334,1015.1041666666682,26.028311965812005,8
4476,4,1,0,44,0.022727272727272728,0.0,1.0,44,1000,700,300,0.7,13,7,6,340.1015999999999,0.8267045454545455,0.14661818181818176,0.18810929203539825,129098.08976138546,-18.706623041835826,129079.38313834362,3476,0,621.7272727272727,40,4,19,37.29416666666667,0.6041666666666666,45.9349593495935,1016.2601626016263,25.406504065040657,0
4477,4,0,0,44,0.0,0.0,1.0,44,950,600,350,0.631578947368421,13,6,7,340.91861252795667,0.82646229739253,0.13737095967765578,0.18918840777808169,129229.25954380207,11.455906503820188,129240.71545030588,3477,1,622.7272727272727,37,7,19,37.13997178187567,0.6106418918918919,45.80592105263158,1016.7763157894747,27.480440967283098,0
4478,4,1,0,45,0.022222222222222223,0.0,1.0,45,1100,700,400,0.6363636363636364,15,7,8,335.5205105365065,0.8301346801346802,0.15778232219950028,0.188585666267071,129731.44531250013,-294.4878472222086,129436.95746527793,3478,0,609.8666666666667,39,6,20,36.76721199727336,0.6121794871794872,45.31250000000001,1018.750000000001,26.121794871794897,0
4479,4,2,2,45,0.0425531914893617,0.0425531914893617,0.9574468085106383,47,1050,800,250,0.7619047619047619,13,8,5,326.8512161166985,0.8417360468701819,0.16579487847706997,0.18586613931412252,130186.64301658166,-889.6674815759588,129296.9755350057,3479,0,584.8723404255319,41,6,20,36.52698794595119,0.6135670731707317,44.86607142857143,1020.5357142857146,24.891114982578404,0
4480,4,0,0,45,0.0,0.0,1.0,45,1250,1100,150,0.88,14,11,3,335.0336640440045,0.8290824915824916,0.16679151061173547,0.18959419485496018,129996.88042534751,-289.33376736107596,129707.54665798643,3480,2,611.8666666666667,39,6,20,36.51046986721145,0.6148504273504272,45.05208333333335,1019.791666666669,26.148504273504333,0
4481,4,1,1,45,0.021739130434782608,0.021739130434782608,0.9782608695652174,46,1300,1000,300,0.7692307692307693,16,10,6,327.6873128433377,0.8357689210950081,0.1731282783846122,0.1869676208264946,130317.12420784964,-658.8038154494175,129658.32039240023,3481,0,599.5434782608696,38,8,20,36.37364410031043,0.6197916666666665,44.73824786324788,1021.0470085470107,26.869658119658176,0
4482,4,1,0,46,0.021739130434782608,0.0,1.0,46,1300,900,400,0.6923076923076923,17,9,8,330.5100684670299,0.8366747181964573,0.1877631520631109,0.18960840769950718,130528.56445312548,-571.7990451388441,129956.76540798663,3482,0,600.5217391304348,39,7,16,36.087750594631316,0.6201923076923075,44.53125000000002,1021.8750000000039,26.201923076923176,0
4483,4,0,0,46,0.0,0.0,1.0,46,1350,1100,250,0.8148148148148148,16,11,5,332.4608741460337,0.8368961352657005,0.1875055344018417,0.19204504612435633,130794.81336805587,-503.16840277774327,130291.64496527813,3483,1,601.5217391304348,39,7,18,35.76883910386966,0.6228632478632476,44.27083333333335,1022.9166666666691,26.22863247863254,0
4484,4,0,0,46,0.0,0.0,1.0,46,1400,1000,400,0.7142857142857143,18,10,8,333.4093367083789,0.8367954911433173,0.1874637607389933,0.19299233438340685,130874.74093967045,-473.0278862846876,130401.71305338576,3484,2,602.5217391304348,39,7,18,35.66385438935831,0.6236645299145298,44.19270833333335,1023.2291666666691,26.236645299145362,0
4485,4,0,0,46,0.0,0.0,1.0,46,1200,900,300,0.75,15,9,6,333.79728198538703,0.8358695652173913,0.1915806744095676,0.19340268294550375,130911.7888244435,-460.4001421111328,130451.38868233237,3485,3,603.5217391304348,40,6,18,35.616517709367784,0.6223958333333331,44.15650406504067,1023.3739837398405,25.58434959349601,0
4486,4,0,0,46,0.0,0.0,1.0,46,1800,1700,100,0.9444444444444444,19,17,2,338.49601930927463,0.8358695652173913,0.1965368432409107,0.19678865519566907,131041.82287535544,-328.5729187322178,130713.24995662323,3486,4,604.5217391304348,40,6,18,35.36497105045494,0.6236979166666665,44.029471544715456,1023.8821138211395,25.597052845528488,0
4487,4,0,0,46,0.0,0.0,1.0,46,1100,700,400,0.6363636363636364,15,7,8,339.1869771025386,0.835024154589372,0.1935298101519729,0.19772501690089594,131145.8965913975,-303.40395515233854,130842.49263624515,3487,5,605.5217391304348,40,6,18,35.24221152892152,0.6247395833333333,43.92784552845529,1024.2886178861804,25.60721544715451,0
4488,4,0,1,45,0.0,0.021739130434782608,0.9782608695652174,46,1100,800,300,0.7272727272727273,14,8,6,341.46732565318206,0.8346618357487923,0.19158511707344394,0.19932438389749466,131197.9489411892,-240.03744877386714,130957.91149241534,3488,6,606.5217391304348,40,6,18,35.13127004596104,0.6252604166666667,43.87703252032521,1024.4918699187,25.612296747967502,0
4489,4,1,0,46,0.021739130434782608,0.0,1.0,46,1400,1100,300,0.7857142857142857,17,11,6,336.511161558018,0.8365539452495975,0.1946830719626127,0.19808974016667863,131519.83486969452,-348.2924219263273,131171.54244776818,3489,0,604.7608695652174,38,8,19,34.93364406485434,0.6318530701754387,43.56303418803418,1025.7478632478621,26.993364822312163,0
4490,4,0,1,45,0.0,0.021739130434782608,0.9782608695652174,46,1100,700,400,0.6363636363636364,15,7,8,342.690545605997,0.836231884057971,0.20150842945873992,0.19525391551969642,130262.58680555593,-272.0486111110719,129990.53819444486,3490,1,605.7608695652174,39,7,18,36.04591836734694,0.6175213675213673,44.791666666666686,1020.8333333333363,26.17521367521375,2
4491,4,2,3,44,0.0425531914893617,0.06382978723404255,0.9361702127659575,47,900,400,500,0.4444444444444444,14,4,10,331.8077062661032,0.8437018193031144,0.1959112329408803,0.19048363991671982,130555.177137587,-736.1572265624811,129819.01991102452,3491,0,593.8085106382979,39,8,16,36.02769425474807,0.6204594017094016,44.50520833333334,1021.9791666666682,26.204594017094056,0
4492,4,0,0,44,0.0,0.0,1.0,44,1250,800,450,0.64,17,8,9,351.846932776189,0.8269027484143764,0.2043305394369226,0.19989545521460417,130150.67737188366,358.62332640812826,130509.30069829179,3492,14,635.0909090909091,37,7,18,35.92574683000214,0.6199324324324325,44.901315789473685,1020.3947368421054,27.578236130867715,0
4493,4,1,0,45,0.022222222222222223,0.0,1.0,45,850,500,350,0.5882352941176471,12,5,7,346.8109816201995,0.8304713804713805,0.21592684002813844,0.19888809462883922,130514.5588666704,52.82454697597797,130567.38341364637,3493,0,621.9555555555555,37,8,17,35.68549468827126,0.6235923423423424,44.54495614035087,1021.8201754385956,27.61676149834042,0
4494,4,1,1,45,0.021739130434782608,0.021739130434782608,0.9782608695652174,46,900,500,400,0.5555555555555556,13,5,8,340.1350421195485,0.8365338164251208,0.21788630439323864,0.19640849778362837,130781.15297866902,-303.3494046314555,130477.80357403756,3494,0,609.4130434782609,38,8,17,35.58639718682542,0.6244517543859649,44.284188034188034,1022.863247863248,26.917453891138106,0
4495,4,1,0,46,0.021739130434782608,0.0,1.0,46,1300,1000,300,0.7692307692307693,16,10,6,341.03775491149713,0.8355475040257649,0.23170410829643617,0.1983316652349384,131054.49631090643,-261.0937614142898,130793.40254949214,3495,0,610.3913043478261,38,8,19,35.28711046188092,0.6271929824561404,44.01709401709401,1023.9316239316228,26.945569050832177,0
4496,4,2,1,47,0.041666666666666664,0.020833333333333332,0.9791666666666666,48,1150,800,350,0.6956521739130435,15,8,7,329.0352338048374,0.8487921099290779,0.2281986838906831,0.19341146413304572,131465.04635336774,-948.102833479428,130516.94351988831,3496,0,585.9166666666666,38,10,20,35.18053095808591,0.6313048245614035,43.616452991452995,1025.5341880341887,26.987741790373388,0
4497,4,0,0,47,0.0,0.0,1.0,47,1000,600,400,0.6,14,6,8,333.0680092505361,0.8431621954979956,0.2277863373713882,0.1952258820365679,131356.22409058546,-649.8887878962878,130706.33530268917,3497,1,599.3829787234042,37,10,20,35.186806966877036,0.6320382882882883,43.72258771929824,1025.109649122806,27.70566619250827,0
4498,4,0,0,47,0.0,0.0,1.0,47,950,600,350,0.631578947368421,13,6,7,337.99314298653286,0.8431236509404871,0.23458624039163656,0.19869578041188193,131468.65051025312,-512.8995219683028,130955.75098828482,3498,2,600.3829787234042,37,10,20,34.94723172600593,0.6331644144144144,43.612938596491226,1025.5482456140348,27.71752015173067,0
4499,4,0,0,47,0.0,0.0,1.0,47,1250,800,450,0.64,17,8,9,339.2382928742902,0.8415433240826394,0.24473402039930225,0.20012558751625817,131602.03904594926,-471.10978705529953,131130.92925889397,3499,3,601.3829787234042,38,9,16,34.780863876162734,0.6326754385964912,43.48290598290598,1026.0683760683758,27.001799370220414,0
4500,4,0,0,47,0.0,0.0,1.0,47,750,300,450,0.4,12,3,9,339.23783278076286,0.841504779525131,0.2448773367765118,0.20065123674799737,131702.08875868047,-464.33376736111563,131237.75499131935,3500,4,602.3829787234042,39,8,17,34.680079155672836,0.6319444444444444,43.385416666666664,1026.4583333333328,26.319444444444432,0
4501,4,0,1,46,0.0,0.02127659574468085,0.9787234042553191,47,950,700,250,0.7368421052631579,12,7,5,337.23713411308916,0.8410422448350292,0.24562403145949085,0.20002910156960488,131809.033203125,-509.8198784722223,131299.21332465278,3501,5,603.3829787234042,39,8,17,34.623740447690544,0.6330128205128205,43.28125,1026.875,26.330128205128204,0
4502,4,0,0,46,0.0,0.0,1.0,46,1200,700,500,0.5833333333333334,17,7,10,340.8855962364093,0.8338164251207729,0.2471518959416168,0.20162585025891827,131702.08875868065,-220.93098958332445,131481.15776909734,3502,7,617.3913043478261,39,7,17,34.63779514241256,0.6319444444444444,43.38541666666667,1026.4583333333342,26.319444444444464,0
4503,4,0,0,46,0.0,0.0,1.0,46,1350,900,450,0.6666666666666666,18,9,9,340.4798291616054,0.8342592592592593,0.24391723468554916,0.20152725023349072,131728.82080078125,-229.79871961805617,131499.0220811632,3503,8,618.3913043478261,39,7,17,34.62127938440723,0.6322115384615385,43.359375,1026.5625,26.322115384615383,0
4504,4,1,0,47,0.02127659574468085,0.0,1.0,47,1800,1200,600,0.6666666666666666,24,12,12,338.463870310684,0.8369950662966389,0.18943876556770123,0.20024389568627093,131711.6845642481,-478.98443242812766,131232.70013182,3504,0,606.2127659574468,38,9,17,34.69027546489036,0.6337719298245617,43.376068376068346,1026.495726495722,27.013045434097947,6
4505,4,0,0,47,0.0,0.0,1.0,47,900,800,100,0.8888888888888888,10,8,2,338.463870310684,0.8369950662966389,0.18943876556770123,0.20024389568627093,131711.6845642481,-484.0706954489607,131227.61386879915,3505,1,607.2127659574468,38,9,17,34.69027546489036,0.6337719298245617,43.376068376068346,1026.495726495722,27.013045434097947,0
4506,4,1,0,48,0.020833333333333332,0.0,1.0,48,1200,800,400,0.6666666666666666,16,8,8,334.3875651965936,0.8422539893617021,0.18256079027355665,0.20002456172668928,132130.1269531247,-763.4657118055832,131366.66124131912,3506,0,595.5416666666666,39,9,19,34.373944613306314,0.6362179487179489,42.968749999999986,1028.1249999999977,26.36217948717943,0
4507,4,0,0,48,0.0,0.0,1.0,48,1050,700,350,0.6666666666666666,14,7,7,333.17142563035196,0.8425310283687943,0.18237711835797743,0.1998623728234563,132237.24500868033,-788.4657118055809,131448.77929687474,3507,1,596.5416666666666,39,9,19,34.297565998244536,0.637286324786325,42.86458333333332,1028.541666666665,26.372863247863204,0
4508,4,0,0,48,0.0,0.0,1.0,48,950,600,350,0.631578947368421,13,6,7,338.0537967126867,0.8420508274231678,0.1879302490382666,0.2033675641856225,132344.406467014,-652.0941840277676,131692.3122829862,3508,2,597.5416666666666,39,9,19,34.06433488560437,0.6383547008547008,42.76041666666667,1028.9583333333342,26.38354700854703,0
4509,4,0,0,48,0.0,0.0,1.0,48,1150,600,550,0.5217391304347826,17,6,11,338.4746512809585,0.8415336879432624,0.18986167341430482,0.2039103386985287,132398.0034722223,-637.3263888888838,131760.67708333343,3509,3,598.5416666666666,39,9,19,33.99966261808366,0.638888888888889,42.708333333333336,1029.1666666666672,26.388888888888903,0
4510,4,0,0,48,0.0,0.0,1.0,48,850,500,350,0.5882352941176471,12,5,7,339.51692509560587,0.8408318557919622,0.19179231599541247,0.20482944162361275,132451.61132812503,-606.087239583333,131845.5240885417,3510,4,599.5416666666666,39,9,19,33.91899413074276,0.639423076923077,42.65625,1029.3750000000002,26.394230769230774,0
4511,4,0,0,48,0.0,0.0,1.0,48,1200,700,500,0.5833333333333334,17,7,10,341.1280778374754,0.8383939125295508,0.19690533980582492,0.20668348245447035,132612.50000000003,-552.4305555555561,132060.06944444447,3511,5,600.5416666666666,39,9,19,33.715951995684996,0.641025641025641,42.5,1030.0000000000002,26.410256410256416,0
4512,4,0,1,47,0.0,0.020833333333333332,0.9791666666666666,48,900,600,300,0.6666666666666666,12,6,6,341.6553955453437,0.8376366725768322,0.19895401543490743,0.20744711585874745,132692.98095703137,-532.9454210069299,132160.03553602443,3512,6,601.5416666666666,39,9,15,33.62157938192971,0.641826923076923,42.42187500000001,1030.312500000001,26.418269230769255,0
4513,4,0,0,47,0.0,0.0,1.0,47,1450,900,550,0.6206896551724138,20,9,11,347.04801935151465,0.8343740363860622,0.20929303805428234,0.21060944308411939,132673.03040990946,-191.21751497552415,132481.81289493394,3513,7,614.936170212766,38,9,15,33.50271354004632,0.6433662280701754,42.44123931623932,1030.2350427350432,27.111448493027453,0
4514,4,1,0,48,0.020833333333333332,0.0,1.0,48,1200,900,300,0.75,15,9,6,339.70884017197966,0.8355311761229314,0.20369785880214097,0.20774905661165985,132961.42713758687,-566.3655598958281,132395.06157769106,3514,0,603.1041666666666,39,9,16,33.402455139211526,0.6444978632478633,42.161458333333336,1031.3541666666672,26.444978632478644,0
4515,4,0,0,48,0.0,0.0,1.0,48,1200,1000,200,0.8333333333333334,14,10,4,342.13374035907674,0.8332779255319148,0.20760291510734685,0.21003784761826272,133104.92782900395,-492.062636327581,132612.86519267637,3515,1,604.1041666666666,40,8,16,33.196072155472386,0.6442708333333333,42.02235772357724,1031.9105691056914,25.797764227642283,0
4516,4,0,0,48,0.0,0.0,1.0,48,1850,1400,450,0.7567567567567568,23,14,9,339.0908843124023,0.8330008865248226,0.20131779702726615,0.20890383830986634,133236.04630387016,-564.1742473064891,132671.87205656368,3516,2,605.1041666666666,40,8,16,33.14323096105259,0.6455729166666666,41.895325203252035,1032.4186991869926,25.810467479674816,0
4517,4,0,1,47,0.0,0.020833333333333332,0.9791666666666666,48,750,600,150,0.8,9,6,3,343.42122484865433,0.8334256796690307,0.2027611034573249,0.21201983517084008,133314.7483723314,-443.3771647167526,132871.37120761466,3517,3,606.1041666666666,40,8,16,32.952625795447105,0.6463541666666666,41.81910569105692,1032.7235772357733,25.818089430894332,0
4518,4,0,0,47,0.0,0.0,1.0,47,950,800,150,0.8421052631578947,11,8,3,349.96556630777087,0.827358926919519,0.20097162619655373,0.21556921862500444,133230.1445855037,-74.80740017358607,133155.3371853301,3518,4,619.7659574468086,39,8,16,32.868466855009586,0.6471688034188033,41.90104166666668,1032.395833333335,26.47168803418808,0
4519,4,0,0,47,0.0,0.0,1.0,47,1450,1000,450,0.6896551724137931,19,10,9,349.45192826587487,0.8268963922294171,0.19453377930439664,0.21618931831644975,133391.50526258716,-77.21625434023889,133314.2890082469,3519,5,620.7659574468086,39,8,18,32.7200136129878,0.6487713675213673,41.744791666666686,1033.0208333333362,26.487713675213747,0
4520,4,0,2,45,0.0,0.0425531914893617,0.9574468085106383,47,1300,1000,300,0.7692307692307693,16,10,6,346.31893860561894,0.827204748689485,0.18960192175703505,0.214717741935484,133472.22222222245,-155.20833333330998,133317.01388888914,3520,6,621.7659574468086,39,8,18,32.72009408602151,0.6495726495726495,41.66666666666668,1033.333333333335,26.49572649572654,0
4521,4,0,0,45,0.0,0.0,1.0,45,950,600,350,0.631578947368421,13,6,7,350.865505612039,0.8234848484848485,0.1973465299870396,0.21853776208200307,133642.23246575863,378.08989304400836,134020.32235880263,3521,7,644.3777777777777,37,8,18,32.43239660657476,0.6548423423423424,41.50219298245614,1033.9912280701749,27.945708866761482,0
4522,4,0,0,45,0.0,0.0,1.0,45,900,400,500,0.4444444444444444,14,4,10,350.9024166150525,0.8232744107744108,0.1960568157727367,0.21923267538717914,133755.63274276696,387.03495306246725,134142.66769582944,3522,8,645.3777777777777,37,8,15,32.317945728217076,0.6559684684684686,41.392543859649116,1034.429824561403,27.957562825983864,0
4523,4,0,0,45,0.0,0.0,1.0,45,450,200,250,0.4444444444444444,7,2,5,351.51695067693316,0.8226010101010102,0.1955913522679107,0.21995450574187908,133812.35091566612,407.46191135731664,134219.81282702344,3523,9,646.3777777777777,37,8,15,32.24530168150346,0.6565315315315317,41.3377192982456,1034.6491228070156,27.963489805595017,0
4524,4,0,0,45,0.0,0.0,1.0,45,750,500,250,0.6666666666666666,10,5,5,350.14362497101394,0.8213804713804714,0.1912980028010216,0.21994051652370838,133954.19894823382,380.64175996457595,134334.8407081984,3524,10,647.3777777777777,37,8,15,32.138963916251804,0.6579391891891893,41.20065789473683,1035.1973684210507,27.97830725462299,0
4525,4,0,0,45,0.0,0.0,1.0,45,1650,1200,450,0.7272727272727273,21,12,9,349.309051726084,0.819486531986532,0.19069390058912794,0.2207773397832615,134181.31209843376,374.1493776930962,134555.46147612686,3525,11,648.3777777777777,37,8,16,31.933604085088376,0.6601914414414416,40.98135964912279,1036.0745614035059,28.002015173067726,0
4526,4,0,0,45,0.0,0.0,1.0,45,850,700,150,0.8235294117647058,10,7,3,350.3067534733368,0.8181818181818182,0.1966634923993935,0.22175144856507,134238.120443309,404.9040329716324,134643.0244762806,3526,12,649.3777777777777,37,8,16,31.851016647268366,0.6607545045045047,40.92653508771927,1036.293859649119,28.00794215267889,0
4527,4,0,1,44,0.0,0.022222222222222223,0.9777777777777777,45,1100,900,200,0.8181818181818182,13,9,4,348.03676473904375,0.8184343434343435,0.1978066927606763,0.22065670939491427,134294.94081111453,347.9153441443053,134642.85615525884,3527,13,650.3777777777777,37,8,16,31.85309337423745,0.6613175675675678,40.871710526315766,1036.5131578947335,28.013869132290093,0
4528,4,0,0,44,0.0,0.0,1.0,44,950,500,450,0.5263157894736842,14,5,9,356.5290642722121,0.8161337209302326,0.20347826086956555,0.2252793537983754,134171.3334956576,767.1959966723263,134938.52949232992,3528,24,665.8636363636364,36,8,17,31.756567028985497,0.6620370370370372,40.99099099099098,1036.0360360360344,28.778778778778733,0
4529,4,0,0,44,0.0,0.0,1.0,44,1250,900,350,0.72,16,9,7,356.0601639226137,0.8164640591966174,0.19640087718431776,0.22552110726633243,134258.8508060423,760.8456852122165,135019.6964912545,3529,25,666.8636363636364,36,8,19,31.681245246115402,0.6629050925925928,40.90653153153152,1036.373873873872,28.788163163163112,0
4530,4,0,0,44,0.0,0.0,1.0,44,950,600,350,0.631578947368421,13,6,7,354.7719516635173,0.8141737138830163,0.19933202997719102,0.2254234202184956,134375.5849388239,734.5377049346513,135110.12264375854,3530,26,667.8636363636364,36,8,19,31.598014192100194,0.6640625000000002,40.79391891891891,1036.8243243243237,28.80067567567566,0
4531,4,0,0,44,0.0,0.0,1.0,44,600,300,300,0.5,9,3,6,355.8505709069185,0.8140415785764623,0.1963222736650907,0.22647048427655914,134433.97102761536,767.6810678922079,135201.65209550757,3531,27,668.8636363636364,36,8,19,31.51174575596338,0.6646412037037038,40.73761261261261,1037.0495495495488,28.806931931931913,0
4532,4,0,0,44,0.0,0.0,1.0,44,800,500,300,0.625,11,5,6,356.37607708186727,0.8128964059196617,0.19901786595597648,0.22698642253969534,134463.16882761125,783.8913237561745,135247.06015136742,3532,28,669.8636363636364,36,8,19,31.468964893231988,0.6649305555555557,40.70945945945945,1037.1621621621612,28.81006006006003,0
4533,4,0,0,44,0.0,0.0,1.0,44,1450,1000,450,0.6896551724137931,19,10,9,354.67415090579,0.8098572938689218,0.19879889508212933,0.22680931995814385,134609.20538359293,748.4811247057771,135357.6865082987,3533,29,670.8636363636364,36,8,19,31.36733586543679,0.6663773148148149,40.56869369369369,1037.7252252252244,28.82570070070068,0
4534,4,0,0,44,0.0,0.0,1.0,44,1400,800,600,0.5714285714285714,20,8,12,357.6869332355886,0.8088442565186752,0.19634776350425454,0.22984189626239462,134784.55387397535,842.1347445418437,135626.6886185172,3534,30,671.8636363636364,36,8,16,31.114213931966887,0.6681134259259258,40.39977477477478,1038.400900900901,28.844469469469473,0
4535,4,0,0,44,0.0,0.0,1.0,44,1450,1100,350,0.7586206896551724,18,11,7,358.9760944763915,0.8087121212121212,0.19562700172456227,0.231415406816542,134901.51627556625,885.2838903092411,135786.8001658755,3535,31,672.8636363636364,36,8,16,30.9640921409214,0.6692708333333333,40.28716216216217,1038.8513513513526,28.856981981982017,0
4536,4,0,1,43,0.0,0.022727272727272728,0.9772727272727273,44,800,600,200,0.75,10,6,4,364.6418891715154,0.8086900986610289,0.19103713188220217,0.2360199605226569,135047.79061155755,1048.8162994075187,136096.60691096506,3536,32,673.8636363636364,36,8,18,30.671045503791973,0.6707175925925926,40.1463963963964,1039.4144144144148,28.872622622622632,0
4537,4,0,0,43,0.0,0.0,1.0,43,900,800,100,0.8888888888888888,10,8,2,370.1747716000075,0.8072166851236618,0.20493490287856364,0.2400924168435282,135121.77057881077,1403.734112439971,136525.50469125074,3537,33,685.6279069767442,35,8,18,30.453472299528734,0.6735119047619048,40.075231481481474,1039.6990740740732,29.705687830687808,0
4538,4,0,0,43,0.0,0.0,1.0,43,1200,900,300,0.75,15,9,6,369.072425895854,0.8066168327796235,0.20393082249200445,0.24037847564869091,135272.23186728387,1385.0501543209755,136657.28202160486,3538,34,686.6279069767442,35,8,19,30.332109479305736,0.675,39.93055555555555,1040.2777777777771,29.722222222222204,0
4539,4,0,1,42,0.0,0.023255813953488372,0.9767441860465116,43,1350,1000,350,0.7407407407407407,17,10,7,367.40502799251425,0.8046788482834994,0.1995113564383315,0.24069979801840205,135483.01832829622,1355.4284282835781,136838.4467565798,3539,35,687.6279069767442,35,8,19,30.16548545488234,0.6770833333333335,39.728009259259245,1041.087962962961,29.745370370370313,0
4540,4,0,0,42,0.0,0.0,1.0,42,1000,700,300,0.7,13,7,6,375.98046581046003,0.8007646147890051,0.21308216790833479,0.24607583780289363,135447.73242630367,1785.1403061224287,137232.8727324261,3540,36,703.2142857142857,34,8,19,29.977460734980177,0.6789215686274511,39.76190476190475,1040.9523809523796,30.6162464985994,0
4541,4,0,0,42,0.0,0.0,1.0,42,1100,800,300,0.7272727272727273,14,8,6,376.45173025816035,0.8008372048006195,0.2147539555497482,0.24681010740913548,135509.70096371864,1802.5722789115434,137312.27324263018,3541,37,704.2142857142857,34,8,20,29.903432045125395,0.6795343137254903,39.70238095238094,1041.1904761904748,30.623249299719845,0
4542,4,0,1,41,0.0,0.023809523809523808,0.9761904761904762,42,1500,1200,300,0.8,18,12,6,374.00357393075336,0.8001355013550135,0.21471030113005463,0.24562937423019715,135571.68367346918,1740.8588435373922,137312.54251700657,3542,38,705.2142857142857,34,8,21,29.905406950160046,0.6801470588235295,39.64285714285713,1041.4285714285697,30.630252100840288,0
4543,4,0,0,41,0.0,0.0,1.0,41,1100,800,300,0.7272727272727273,14,8,6,388.0911488722552,0.7975609756097561,0.22611818838540487,0.23557272841653792,132681.93310565653,2116.904117651971,134798.8372233085,3543,39,711.2439024390244,33,8,19,32.436635145315414,0.6537247474747474,42.43259803921569,1030.2696078431377,31.22029114676175,7
4544,4,0,1,40,0.0,0.024390243902439025,0.975609756097561,41,1050,700,350,0.6666666666666666,14,7,7,388.71396234311396,0.7976626016260162,0.22328818769757253,0.2365473533506215,132776.6438989812,2122.4270713187284,134899.07097029992,3544,40,712.2439024390244,33,8,19,32.325108997225534,0.6546717171717171,42.34068627450981,1030.6372549019611,31.231431966726095,0
4545,4,0,0,40,0.0,0.0,1.0,40,1200,800,400,0.6666666666666666,16,8,8,397.92723803766165,0.8000267094017094,0.22235391400220528,0.2422281912081606,132788.1262913224,2568.0024678604345,135356.12875918284,3545,41,701.175,32,8,19,32.07613622442729,0.6572265625,42.32954545454546,1030.681818181819,32.20880681818184,0
4546,4,0,0,40,0.0,0.0,1.0,40,450,400,50,0.8888888888888888,5,4,1,395.8435348103958,0.8001602564102565,0.22662890385793033,0.2413788246248607,132853.20255905026,2517.81626237121,135371.01882142146,3546,42,702.175,32,8,19,32.064196774852014,0.6578776041666665,42.26641414141415,1030.9343434343448,32.216698232323274,0
4547,4,0,0,40,0.0,0.0,1.0,40,900,600,300,0.6666666666666666,12,6,6,396.7259897682456,0.7986378205128205,0.21788687561214504,0.24254924284633494,132950.84685236219,2549.011261605983,135499.85811396816,3547,43,703.175,32,8,19,31.9429991021874,0.6588541666666665,42.171717171717184,1031.3131313131328,32.2285353535354,0
4548,4,0,0,40,0.0,0.0,1.0,40,650,500,150,0.7692307692307693,8,5,3,395.5653453859382,0.7985576923076924,0.21613593155893462,0.24193880427093473,132966.1668589007,2519.361543637091,135485.52840253778,3548,44,704.175,33,7,19,31.9574817807351,0.6565656565656565,42.15686274509805,1031.37254901961,31.25371360665485,0
4549,4,0,0,40,0.0,0.0,1.0,40,950,700,250,0.7368421052631579,12,7,5,394.1767748019391,0.7973290598290599,0.21335827987645484,0.24149782316468185,133029.37121539816,2487.4176999231327,135516.7889153213,3549,45,705.175,33,7,19,31.929595311633797,0.6571969696969695,42.09558823529413,1031.6176470588255,31.261140819964407,0
4550,4,0,1,39,0.0,0.025,0.975,40,1100,800,300,0.7272727272727273,14,8,6,398.0538697984485,0.7958066239316239,0.21686557415983887,0.24449391958955052,133124.20590938596,2598.121065215324,135722.32697460128,3550,46,706.175,33,7,19,31.734032973122765,0.6581439393939392,42.003676470588246,1031.9852941176482,31.272281639928735,0
4551,4,0,0,39,0.0,0.0,1.0,39,500,200,300,0.4,8,2,6,401.79404364467587,0.7930724246513721,0.238534009731856,0.24672146646941712,133113.66705246933,2896.855709876566,136010.5227623459,3551,47,723.3846153846154,32,7,19,31.648160610139072,0.6604817708333333,42.0138888888889,1031.9444444444462,32.24826388888894,0
4552,4,0,0,39,0.0,0.0,1.0,39,800,400,400,0.5,12,4,8,404.3533339478204,0.7910481331533964,0.2438547144429497,0.24916331663084634,133243.9949526835,2975.530717528839,136219.52567021234,3552,48,724.3846153846154,32,7,20,31.45076637723698,0.6617838541666665,41.88762626262627,1032.4494949494958,32.264046717171745,0
4553,4,0,0,39,0.0,0.0,1.0,39,500,300,200,0.6,7,3,4,405.8956194433091,0.7907669815564553,0.24930638501979785,0.2505524733152321,133309.18281616678,3021.922667329876,136331.10548349665,3553,49,725.3846153846154,32,7,20,31.345264294738566,0.6624348958333333,41.824494949494955,1032.7020202020208,32.27193813131315,0
4554,4,0,0,39,0.0,0.0,1.0,39,1000,700,300,0.7,13,7,6,405.8956194433091,0.7904858299595142,0.24930638501979785,0.2505524733152321,133309.18281616678,3021.922667329876,136331.10548349665,3554,50,726.3846153846154,32,7,20,31.345264294738566,0.6624348958333333,41.824494949494955,1032.7020202020208,32.27193813131315,0
4555,4,0,0,39,0.0,0.0,1.0,39,950,800,150,0.8421052631578947,11,8,3,403.5509885535898,0.7895861448493028,0.25041356492969413,0.2502016129032258,133472.2222222223,2972.6690835118966,136444.8913057342,3555,51,727.3846153846154,31,8,21,31.241599462365578,0.6666666666666666,41.66666666666667,1033.3333333333342,33.33333333333336,0
4556,4,0,0,39,0.0,0.0,1.0,39,1100,900,200,0.8181818181818182,13,9,4,399.1855795409466,0.7889113810166442,0.23998343513821307,0.24511974016439939,133113.66705246907,2827.4112654320925,135941.07831790118,3556,52,728.3846153846154,32,7,19,31.7154553611485,0.6604817708333334,42.013888888888886,1031.9444444444441,32.24826388888888,2
4557,4,0,0,39,0.0,0.0,1.0,39,850,600,250,0.7058823529411765,11,6,5,401.0959430392704,0.7886302294197032,0.25213309376205295,0.24715610597076962,133243.9949526833,2888.7251619732538,136132.72011465655,3557,53,729.3846153846154,32,7,20,31.534843667196604,0.6617838541666667,41.887626262626256,1032.4494949494942,32.264046717171695,0
4558,4,0,0,39,0.0,0.0,1.0,39,800,700,100,0.875,9,7,2,405.5116839330232,0.7881241565452092,0.2527553131465119,0.2505351642426078,133341.7827262523,3014.330170390764,136356.11289664308,3558,54,730.3846153846154,32,7,20,31.32233088834557,0.6627604166666667,41.79292929292929,1032.8282828282818,32.275883838383805,0
4559,4,0,0,39,0.0,0.0,1.0,39,950,700,250,0.7368421052631579,12,7,5,410.0546305931319,0.786774628879892,0.2601323407775016,0.2542338709677419,133472.2222222223,3146.244324558729,136618.46654678104,3559,55,731.3846153846154,31,8,20,31.073588709677406,0.6666666666666666,41.66666666666667,1033.3333333333342,33.33333333333336,0
4560,4,1,0,40,0.025,0.0,1.0,40,550,200,350,0.36363636363636365,9,2,7,400.71350063617757,0.7926549145299145,0.2611178911398584,0.2506447652070869,133798.5999515355,2722.9810733598547,136521.58102489533,3560,0,714.075,32,8,17,30.98659588316654,0.6673177083333334,41.3510101010101,1034.5959595959591,32.33112373737372,0
4561,4,0,0,40,0.0,0.0,1.0,40,1150,900,250,0.782608695652174,14,9,5,404.1761970807456,0.7921207264957265,0.2619692532942899,0.2532590299138984,133863.92332415064,2820.922291092749,136684.8456152434,3561,1,715.075,32,8,17,30.83135065885798,0.66796875,41.28787878787879,1034.8484848484852,32.33901515151516,0
4562,4,0,0,40,0.0,0.0,1.0,40,1350,1100,250,0.8148148148148148,16,11,5,407.50226495687605,0.7899305555555556,0.26934893928310144,0.2567076480166128,134059.98909550052,2925.94983930212,136985.93893480263,3562,2,716.075,32,8,17,30.548189465983903,0.669921875,41.09848484848485,1035.6060606060612,32.36268939393941,0
4563,4,0,0,40,0.0,0.0,1.0,40,900,600,300,0.6666666666666666,12,6,6,408.86336975157803,0.7891826923076923,0.27192870201096864,0.25825434555902244,134158.07578627198,2970.4645890725674,137128.54037534454,3563,3,717.075,32,8,18,30.41438147471055,0.6708984375,41.00378787878789,1035.9848484848499,32.37452651515156,0
4564,4,0,0,40,0.0,0.0,1.0,40,950,700,250,0.7368421052631579,12,7,5,410.6608728223857,0.7896100427350428,0.27587687248812576,0.2607839463839607,134354.35677800744,3034.81548438936,137389.1722623968,3564,4,718.075,32,8,19,30.17065521860918,0.6728515625,40.814393939393945,1036.742424242425,32.39820075757578,0
4565,4,0,0,40,0.0,0.0,1.0,40,950,600,350,0.631578947368421,13,6,7,412.14679729340094,0.7881944444444444,0.275115670278826,0.2621968742192647,134419.8156597543,3080.1393033874333,137499.95496314173,3565,5,719.075,32,8,19,30.06640894516823,0.6735026041666665,40.75126262626264,1036.994949494951,32.40609217171722,0
4566,4,0,0,40,0.0,0.0,1.0,40,1000,700,300,0.7,13,7,6,413.68110850668626,0.7876869658119658,0.27523739956172344,0.2634090407189088,134452.55107897165,3124.0960743801797,137576.64715335183,3566,6,720.075,32,8,19,29.993760652544424,0.673828125,40.719696969696976,1037.1212121212131,32.41003787878791,0
4567,4,0,0,40,0.0,0.0,1.0,40,800,600,200,0.75,10,6,4,414.5591192869358,0.786965811965812,0.2751582471089471,0.26420505546487044,134485.29048375183,3150.4207159983875,137635.71119975022,3567,7,721.075,32,8,19,29.938121322783534,0.6741536458333333,40.68813131313132,1037.247474747476,32.413983585858624,0
4568,4,0,0,40,0.0,0.0,1.0,40,950,800,150,0.8421052631578947,11,8,3,414.9411633876482,0.7864316239316239,0.28050127158345584,0.2651860933848693,134586.8079668211,3169.1691616289327,137755.97712845003,3568,8,722.075,29,11,20,29.826300584482222,0.6835488505747126,40.590277777777786,1037.6388888888898,35.7806513409962,0
4569,4,0,0,40,0.0,0.0,1.0,40,700,500,200,0.7142857142857143,9,5,4,415.20033105750394,0.7851228632478633,0.2837928265524625,0.26561445836144454,134622.83950617298,3179.089506172859,137801.92901234585,3569,9,723.075,29,11,20,29.783413633119206,0.6839080459770115,40.555555555555564,1037.7777777777787,35.78544061302685,0
4570,4,0,1,39,0.0,0.025,0.975,40,1200,900,300,0.75,15,9,6,417.9373743158751,0.7843482905982906,0.2841881770763679,0.2686945612863111,134803.0695408951,3267.8481867284077,138070.9177276235,3570,10,724.075,29,11,17,29.53153559805628,0.6857040229885056,40.38194444444445,1038.4722222222226,35.80938697318009,0
4571,4,0,0,39,0.0,0.0,1.0,39,1050,700,350,0.6666666666666666,14,7,7,430.3552115126293,0.7845254161043635,0.2833178997562562,0.2764601878757131,134774.4732832937,3800.179391267012,138574.6526745607,3571,11,717.9230769230769,28,11,21,29.237869563212033,0.6886160714285714,40.40948275862069,1038.3620689655172,37.08435960591133,0
4572,4,0,0,39,0.0,0.0,1.0,39,900,600,300,0.6666666666666666,12,6,6,433.582983849577,0.7850314889788574,0.27860812952778113,0.2796822976107308,134923.7045225592,3900.124479785982,138823.82900234516,3572,12,718.9230769230769,28,11,18,29.00417185267137,0.6901041666666666,40.265804597701155,1038.936781609196,37.104885057471286,0
4573,4,0,0,39,0.0,0.0,1.0,39,1150,800,350,0.6956521739130435,15,8,7,432.1087592499751,0.7836819613135403,0.28027424691505365,0.27989356315237074,135074.22281477624,3873.350965429524,138947.57378020577,3573,13,719.9230769230769,30,9,19,28.891367123523825,0.6854166666666666,40.12096774193548,1039.5161290322578,34.65053763440859,0
4574,4,0,0,39,0.0,0.0,1.0,39,600,300,300,0.5,9,3,6,431.522427276976,0.7830071974808818,0.2838875188926895,0.28005515917908413,135144.09180252042,3863.541305353208,139007.6331078736,3574,14,720.9230769230769,30,9,19,28.836500344708732,0.6861111111111111,40.05376344086021,1039.7849462365584,34.65949820788528,0
4575,4,0,0,39,0.0,0.0,1.0,39,850,600,250,0.7058823529411765,11,6,5,428.41016587422945,0.7830071974808818,0.25745550394240113,0.25694851178743644,132230.54885864255,3538.9280206523936,135769.47687929493,3575,15,721.9230769230769,31,8,18,31.855430012237854,0.654233870967742,42.87109375,1028.5156249999998,33.17792338709677,6
4576,4,0,0,39,0.0,0.0,1.0,39,800,500,300,0.625,11,5,6,424.3728268095098,0.782838506522717,0.2505564965701643,0.2552050287251709,132331.0089111328,3431.5368652343745,135762.5457763672,3576,16,722.9230769230769,31,8,19,31.85744115413819,0.655241935483871,42.7734375,1028.90625,33.190524193548384,0
4577,4,0,0,39,0.0,0.0,1.0,39,600,400,200,0.6666666666666666,8,4,4,424.3728268095098,0.782838506522717,0.2505564965701643,0.2552050287251709,132331.0089111328,3431.5368652343745,135762.5457763672,3577,17,723.9230769230769,31,8,19,31.85744115413819,0.655241935483871,42.7734375,1028.90625,33.190524193548384,0
4578,4,0,0,39,0.0,0.0,1.0,39,850,600,250,0.7058823529411765,11,6,5,423.05233654051034,0.7813202878992352,0.25018166718571555,0.2548632368914783,132398.00347222228,3402.2908528645876,135800.29432508687,3578,18,724.9230769230769,29,10,19,31.823549257759787,0.6616379310344827,42.708333333333336,1029.166666666667,35.488505747126446,0
4579,4,0,0,39,0.0,0.0,1.0,39,800,600,200,0.75,10,6,4,386.31642273271325,0.781770130454341,0.22203894112400202,0.2319556546794272,132271.91014273342,2419.762230872724,134691.67237360615,3579,19,725.9230769230769,33,6,17,32.896016996267164,0.6496212121212122,42.83088235294117,1028.6764705882342,31.172014260249522,3
4580,4,0,0,39,0.0,0.0,1.0,39,700,500,200,0.7142857142857143,9,5,4,385.0347546247209,0.7810953666216824,0.21620664278756485,0.23176608133217064,132366.47450800164,2393.1386065455526,134759.6131145472,3580,20,726.9230769230769,33,6,17,32.83352685482912,0.6505681818181819,42.73897058823529,1029.044117647058,31.183155080213883,0
4581,4,0,0,39,0.0,0.0,1.0,39,750,500,250,0.6666666666666666,10,5,5,383.6264837223215,0.780982905982906,0.21134236156257402,0.2316927454889446,132492.61289227687,2365.5350406093685,134858.14793288623,3581,21,727.9230769230769,33,6,17,32.742505852477876,0.6518308080808082,42.616421568627445,1029.5343137254893,31.198009506833007,0
4582,4,1,1,39,0.025,0.025,0.975,40,700,400,300,0.5714285714285714,10,4,6,374.15420644803913,0.7891025641025641,0.2025872025872033,0.22780781430570446,132796.4923469385,1937.2732426303533,134733.76558956885,3582,0,710.7,34,6,14,32.68027643027642,0.6525735294117648,42.321428571428555,1030.7142857142835,30.315126050420105,0
4583,4,1,1,39,0.025,0.025,0.975,40,1000,700,300,0.7,13,7,6,373.6752556149962,0.7871794871794872,0.20242494226327956,0.22788927560745512,132857.85147392275,1929.1383219954455,134786.9897959182,3583,0,711.675,34,6,15,32.63086989992302,0.653186274509804,42.26190476190475,1030.9523809523798,30.322128851540583,0
4584,4,0,0,39,0.0,0.0,1.0,39,750,500,250,0.6666666666666666,10,5,5,382.20300734677835,0.7799707602339182,0.21172832163673183,0.23199860525374452,132681.9331056563,2342.2867707131677,135024.21987636946,3584,24,730.9230769230769,33,6,15,32.58829447682488,0.6537247474747476,42.43259803921568,1030.2696078431359,31.220291146761692,0
4585,4,0,0,39,0.0,0.0,1.0,39,1000,700,300,0.7,13,7,6,386.94071055645117,0.7790710751237068,0.21537120193641424,0.23566678613253508,132808.22167255377,2477.781532343321,135286.0032048971,3585,25,731.9230769230769,33,6,15,32.33897574604683,0.6549873737373737,42.31004901960784,1030.7598039215682,31.235145573380855,0
4586,4,0,0,39,0.0,0.0,1.0,39,1100,800,300,0.7272727272727273,14,8,6,390.0575681503358,0.7793522267206479,0.21908540710537405,0.2381672263002122,132902.97752066504,2567.962442329861,135470.9399629949,3586,26,732.9230769230769,33,6,15,32.16316060534031,0.6559343434343434,42.218137254901954,1031.1274509803914,31.246286393345194,0
4587,4,0,0,39,0.0,0.0,1.0,39,750,300,450,0.4,12,3,9,386.42559347395525,0.7789586144849303,0.21541386370283733,0.23634867693872136,132966.1668589003,2476.3059880814917,135442.4728469818,3587,27,733.9230769230769,33,6,15,32.19314401140684,0.6565656565656567,42.15686274509803,1031.3725490196068,31.253713606654753,0
4588,4,0,0,39,0.0,0.0,1.0,39,1150,1000,150,0.8695652173913043,13,10,3,381.9883661229627,0.7785650022492128,0.20724770083439958,0.2344272625914974,133092.59059015758,2367.964244521333,135460.55483467891,3588,28,734.9230769230769,33,6,17,32.180324623911325,0.6578282828282829,42.03431372549019,1031.8627450980387,31.268568033273898,0
4589,4,0,0,39,0.0,0.0,1.0,39,1200,800,400,0.6666666666666666,16,8,8,363.0957601024439,0.7784525416104364,0.188862433639859,0.21941735192443138,132513.92598257054,1823.0489357600986,134336.97491833064,3589,29,735.9230769230769,36,3,20,33.24948047686754,0.6455439814814814,42.59572072072073,1029.6171171171181,28.600475475475506,3
4590,4,1,0,40,0.025,0.0,1.0,40,700,400,300,0.5714285714285714,10,4,6,380.6650366929705,0.7902243589743589,0.24396752415318357,0.21963017664401002,130749.1514314059,2030.3744933571184,132779.52592476303,3590,0,718.5,34,6,17,34.582460326698474,0.632046568627451,44.31547619047619,1022.7380952380953,30.080532212885156,7
4591,4,0,1,39,0.0,0.025,0.975,40,1050,800,250,0.7619047619047619,13,8,5,385.6473045187446,0.790758547008547,0.24855203619909516,0.22311008978702232,130854.01663237308,2092.6997599451274,132946.7163923182,3591,1,719.5,35,5,17,34.348604826546,0.6309523809523809,44.21296296296296,1023.1481481481479,29.232804232804227,0
4592,4,0,0,39,0.0,0.0,1.0,39,1000,900,100,0.9,11,9,2,390.33678615747897,0.789642375168691,0.2428766641007738,0.22574389907384765,130840.48327664407,2414.3707482993295,133254.8540249434,3592,2,718.974358974359,34,5,17,34.242397796912584,0.6329656862745097,44.22619047619048,1023.0952380952388,30.091036414565846,0
4593,4,0,1,38,0.0,0.02564102564102564,0.9743589743589743,39,1050,700,350,0.6666666666666666,14,7,7,391.8068765457771,0.7912730544309492,0.23958463804939711,0.22731143890287384,130962.30867346934,2462.386621315186,133424.69529478453,3593,3,719.974358974359,34,5,17,34.081084748391085,0.6341911764705883,44.107142857142854,1023.5714285714282,30.105042016806713,0
4594,4,0,0,38,0.0,0.0,1.0,38,900,600,300,0.6666666666666666,12,6,6,398.5540600846117,0.7888217164532955,0.25006776733425373,0.23059791043980782,130857.49959450704,2830.7575511822542,133688.2571456893,3594,4,737.578947368421,33,5,17,34.01492693735777,0.6354166666666665,44.20955882352942,1023.1617647058833,31.004901960784345,0
4595,4,0,0,38,0.0,0.0,1.0,38,950,800,150,0.8421052631578947,11,8,3,398.0509027546897,0.788466097676624,0.24843579678275063,0.231057622703956,130982.91710219646,2827.5736795944135,133810.49078179087,3595,5,738.578947368421,33,5,17,33.900370126501464,0.6366792929292928,44.08700980392158,1023.6519607843152,31.01975638740349,0
4596,4,2,1,39,0.05,0.025,0.975,40,600,300,300,0.5,9,3,6,377.9456006223953,0.8033386752136752,0.23536104016716908,0.2220752662865838,131450.17715419526,1936.6575337242991,133386.83468791956,3596,0,702.6,34,6,19,33.94159701261512,0.6390931372549018,43.630952380952394,1025.4761904761926,30.161064425770373,0
4597,4,0,0,39,0.0,0.0,1.0,39,1050,800,250,0.7619047619047619,13,8,5,387.565166764767,0.7987516869095816,0.24747511889003304,0.22774896878423972,131453.76778162262,2389.3802864283216,133843.14806805094,3597,1,721.6153846153846,33,6,19,33.6913440089229,0.6414141414141413,43.62745098039217,1025.4901960784327,31.075460487225236,0
4598,4,0,0,39,0.0,0.0,1.0,39,1150,900,250,0.782608695652174,14,9,5,386.31490448104785,0.7983580746738642,0.24750388964435754,0.2277625619940379,131579.47063629402,2366.2221261053774,133945.69276239938,3598,2,722.6153846153846,33,6,15,33.59611403089665,0.6426767676767675,43.50490196078433,1025.980392156865,31.090314913844395,0
4599,4,0,1,38,0.0,0.02564102564102564,0.9743589743589743,39,1150,1000,150,0.8695652173913043,13,10,3,386.31490448104785,0.7979644624381467,0.24750388964435754,0.2277625619940379,131579.47063629402,2366.2221261053774,133945.69276239938,3599,3,723.6153846153846,33,6,15,33.59611403089665,0.6426767676767675,43.50490196078433,1025.980392156865,31.090314913844395,0
4600,4,1,1,38,0.02564102564102564,0.02564102564102564,0.9743589743589743,39,850,500,350,0.5882352941176471,12,5,7,379.2170571619063,0.8031376518218624,0.23942408800452908,0.22559856564135977,131921.96609224993,2205.411951303185,134127.37804355312,3600,0,704.6666666666666,35,4,16,33.431913774973715,0.6416666666666665,43.17129629629631,1027.314814814817,29.351851851851915,0
4601,4,0,1,37,0.0,0.02631578947368421,0.9736842105263158,38,850,600,250,0.7058823529411765,11,6,5,387.69917675515325,0.7943930772878142,0.24622948418244928,0.22945298566641664,131725.00177154213,2613.934948979611,134338.93672052174,3601,1,724.1052631578947,34,4,16,33.41330356797711,0.6418504901960783,43.36309523809525,1026.5476190476204,30.192577030812366,0
4602,4,0,0,37,0.0,0.0,1.0,37,500,400,100,0.8,6,4,2,394.4781201068684,0.7912287287287287,0.2542886353515268,0.23253163058009527,131572.2859977325,2980.477607709759,134552.76360544228,3602,2,743.5675675675676,34,3,16,33.39401059797324,0.6403186274509803,43.511904761904766,1025.9523809523816,30.175070028011223,0
4603,4,0,0,37,0.0,0.0,1.0,37,950,800,150,0.8421052631578947,11,8,3,393.40479578485065,0.7907907907907907,0.25587424798653124,0.23245666514470187,131663.90483276662,2959.4423185941255,134623.34715136074,3603,3,744.5675675675676,34,3,17,33.32874183196071,0.6412377450980391,43.42261904761906,1026.3095238095252,30.18557422969192,0
4604,4,0,0,37,0.0,0.0,1.0,37,800,500,300,0.625,11,5,6,393.02796097934385,0.7909159159159159,0.25333057483370625,0.2324202386532172,131694.45153061242,2951.9203514739434,134646.37188208636,3604,4,745.5675675675676,34,3,17,33.30747892986932,0.6415441176470587,43.39285714285715,1026.428571428573,30.189075630252145,0
4605,4,0,1,36,0.0,0.02702702702702703,0.972972972972973,37,950,800,150,0.8421052631578947,11,8,3,383.8957889167511,0.7927302302302303,0.1518067403814667,0.23508530112817294,133011.3112953514,3004.8469387755026,136016.1582341269,3605,5,746.5675675675676,34,3,15,32.212925562608206,0.654718137254902,42.113095238095234,1031.5476190476184,30.339635854341715,6
4606,4,1,0,37,0.02702702702702703,0.0,1.0,37,900,500,400,0.5555555555555556,13,5,8,370.6438810818446,0.7846596596596597,0.17531682943447624,0.22924439630321974,133382.53821855708,2487.48432677469,135870.02254533177,3606,0,747.1351351351351,35,2,18,32.181722689075634,0.65625,41.75347222222222,1032.986111111111,29.51388888888889,0
4607,4,0,0,37,0.0,0.0,1.0,37,950,700,250,0.7368421052631579,12,7,5,368.8309017671073,0.7841591591591591,0.17456443671993727,0.22830683974848834,133412.42953746574,2441.325338648836,135853.75487611457,3607,1,748.1351351351351,35,2,18,32.19853984614235,0.6565476190476189,41.72453703703704,1033.1018518518522,29.517195767195776,0
4608,4,1,0,38,0.02631578947368421,0.0,1.0,38,900,700,200,0.7777777777777778,11,7,4,362.2842272544264,0.7912221431958274,0.17281496793342854,0.2262567532475759,133741.45507812512,2090.4973368913043,135831.95241501642,3608,0,729.421052631579,35,3,14,32.03780631084256,0.6598214285714286,41.40625000000001,1034.375000000001,29.553571428571455,0
4609,4,0,1,37,0.0,0.02631578947368421,0.9736842105263158,38,1150,900,250,0.782608695652174,14,9,5,360.06270439634727,0.7908961593172119,0.17103938389434803,0.22523446568222183,133801.32144043644,2035.373129929706,135836.69457036615,3609,1,730.421052631579,35,3,14,32.03529943692435,0.6604166666666667,41.34837962962963,1034.606481481482,29.5601851851852,0
4610,4,0,0,37,0.0,0.0,1.0,37,650,400,250,0.6153846153846154,9,4,5,364.70489080671956,0.7912912912912913,0.15157271616491674,0.22857819868657628,133872.32320011337,2364.7782029478462,136237.1014030612,3610,2,708.4054054054054,34,3,14,31.844108286360672,0.663296568627451,41.279761904761905,1034.8809523809525,30.437675070028014,0
4611,4,0,1,36,0.0,0.02702702702702703,0.972972972972973,37,1350,1000,350,0.7407407407407407,17,10,7,363.5712884998631,0.7907907907907907,0.1459857189910072,0.22882366623529735,134026.36763038547,2345.627834467118,136371.9954648526,3611,3,709.4054054054054,34,3,15,31.71921706139343,0.664828431372549,41.13095238095238,1035.4761904761904,30.45518207282913,0
4612,4,0,0,36,0.0,0.0,1.0,36,850,700,150,0.8235294117647058,10,7,3,371.07270162062025,0.7854166666666668,0.14853184939616426,0.23284398498423162,133915.80912389458,2738.500216262969,136654.30934015755,3612,4,729.9722222222222,33,3,17,31.6357841976478,0.6660353535353536,41.23774509803921,1035.0490196078426,31.365121806298262,0
4613,4,0,0,36,0.0,0.0,1.0,36,350,100,250,0.2857142857142857,6,1,5,359.42526328833344,0.7850198412698414,0.07657102293955087,0.22176986162230333,133292.88435570974,2392.7143239512448,135685.598679661,3613,5,730.9722222222222,35,1,19,32.56136516476127,0.655357142857143,41.84027777777777,1032.6388888888878,29.50396825396822,7
4614,4,1,2,35,0.02702702702702703,0.05405405405405406,0.9459459459459459,37,850,600,250,0.7058823529411765,11,6,5,352.220994968389,0.7913538538538538,0.08604688088618495,0.21855828858617488,133502.9779620182,2010.538509385245,135513.51647140345,3614,0,712.1891891891892,34,3,19,32.53681411511731,0.6596200980392157,41.636904761904766,1033.4523809523814,30.395658263305336,2
4615,4,0,0,35,0.0,0.0,1.0,35,1000,700,300,0.7,13,7,6,372.6864793089924,0.7745098039215685,0.10293259741847605,0.23005303503911317,133309.18281616678,2936.5060006632098,136245.68881683,3615,15,753.7142857142857,32,3,20,32.20264294738558,0.6624348958333333,41.824494949494955,1032.7020202020208,32.27193813131315,0
4616,4,0,0,35,0.0,0.0,1.0,35,950,600,350,0.631578947368421,13,6,7,372.6864793089924,0.7745098039215685,0.10293259741847605,0.23005303503911317,133309.18281616678,2936.5060006632098,136245.68881683,3616,16,754.7142857142857,32,3,20,32.20264294738558,0.6624348958333333,41.824494949494955,1032.7020202020208,32.27193813131315,0
4617,4,0,0,35,0.0,0.0,1.0,35,500,200,300,0.4,8,2,6,373.64208936739635,0.7728991596638655,0.10083395484439595,0.2308691736941657,133345.61827181868,2964.707083813931,136310.3253556326,3617,17,755.7142857142857,33,2,20,32.14137399145702,0.6603535353535352,41.78921568627452,1032.8431372549032,31.29827688651222,0
4618,4,0,0,35,0.0,0.0,1.0,35,950,600,350,0.631578947368421,13,6,7,373.98321815692407,0.7715686274509803,0.10249110320284682,0.23147419449800818,133408.91273788936,2978.538903306433,136387.4516411958,3618,18,756.7142857142857,33,2,20,32.0689996045868,0.6609848484848484,41.727941176470594,1033.0882352941185,31.30570409982177,0
4619,4,1,0,36,0.027777777777777776,0.0,1.0,36,1150,1000,150,0.8695652173913043,13,10,3,370.9021667383525,0.7777116402116403,0.10060193408328422,0.2325366591021077,133884.09994052784,2731.595570213403,136615.69551074124,3619,0,736.6666666666666,33,3,16,31.67197059403987,0.6657196969696968,41.26838235294119,1034.9264705882367,31.361408199643538,0
4620,4,0,1,35,0.0,0.027777777777777776,0.9722222222222222,36,650,300,350,0.46153846153846156,10,3,7,372.8534759363981,0.7769179894179895,0.10499125264722498,0.23416307146726834,133947.5220618274,2788.559838763958,136736.08190059135,3620,1,737.6666666666666,33,3,16,31.557924904305278,0.66635101010101,41.207107843137265,1035.1715686274524,31.368835412953104,0
4621,4,0,0,35,0.0,0.0,1.0,35,900,600,300,0.6666666666666666,12,6,6,382.45274808194796,0.7686974789915966,0.11110646308303695,0.23964699719263374,133863.92332415076,3239.32506887054,137103.2483930213,3621,2,759.1714285714286,32,3,16,31.393362615910192,0.66796875,41.287878787878796,1034.8484848484861,32.33901515151519,0
4622,4,0,0,35,0.0,0.0,1.0,35,1300,1000,300,0.7692307692307693,16,10,6,382.34123455061103,0.7661064425770308,0.11396111580726997,0.24074392190407334,134042.68340301808,3250.0090109573284,137292.6924139754,3622,3,760.1714285714286,33,2,16,31.21696252465484,0.6672979797979798,41.115196078431374,1035.5392156862747,31.379976232917414,0
4623,4,0,0,35,0.0,0.0,1.0,35,600,400,200,0.6666666666666666,8,4,4,383.6380532608411,0.7651960784313725,0.11367730814081267,0.24218763735727325,134137.87853529892,3292.0789179642447,137429.95745326317,3623,4,761.1714285714286,33,2,17,31.08795200914863,0.6682449494949495,41.02328431372549,1035.906862745098,31.391117052881754,0
4624,4,0,0,35,0.0,0.0,1.0,35,850,600,250,0.7058823529411765,11,6,5,383.93406096172026,0.7644957983193277,0.11306947752495788,0.24321575682046964,134264.85794225786,3309.770430843916,137574.6283731018,3624,5,762.1714285714286,33,2,18,30.95303200504513,0.6695075757575757,40.90073529411765,1036.3970588235302,31.405971479500916,0
4625,4,0,0,35,0.0,0.0,1.0,35,700,500,200,0.7142857142857143,9,5,4,386.314124596907,0.7640756302521008,0.11508274231678439,0.24536167373046808,134360.1319204153,3381.0433487120404,137741.17526912733,3625,6,763.1714285714286,33,2,18,30.79590228526399,0.6704545454545454,40.80882352941177,1036.7647058823536,31.41711229946526,0
4626,4,0,0,35,0.0,0.0,1.0,35,1150,800,350,0.6956521739130435,15,8,7,389.8832283332319,0.7640756302521008,0.11539292465568463,0.24849184070877076,134487.21645520956,3486.862024221455,137974.07847943102,3626,7,764.1714285714286,33,2,18,30.5760672652804,0.6717171717171717,40.68627450980392,1037.2549019607845,31.43196672608438,0
4627,4,0,0,35,0.0,0.0,1.0,35,1400,1000,400,0.7142857142857143,18,10,8,386.81538918688193,0.7626050420168067,0.11310364009317575,0.24718887001071496,134583.5326114681,3411.811327312294,137995.3439387804,3627,8,765.1714285714286,32,3,18,30.559189178226656,0.6751302083333334,40.59343434343434,1037.626262626262,32.425820707070685,0
4628,4,0,0,35,0.0,0.0,1.0,35,1000,700,300,0.7,13,7,6,386.8799616388723,0.7623249299719888,0.115099061522419,0.24767548946039974,134649.0472910928,3418.6036501377434,138067.65094123056,3628,9,766.1714285714286,32,3,18,30.491940389294392,0.67578125,40.53030303030303,1037.8787878787882,32.43371212121213,0
4629,4,0,0,35,0.0,0.0,1.0,35,600,200,400,0.3333333333333333,10,2,8,389.1594721780728,0.7609943977591036,0.11755221183584097,0.24958417942652997,134714.57791296806,3485.090807060502,138199.66872002857,3629,10,767.1714285714286,32,3,18,30.36720587042893,0.6764322916666667,40.467171717171716,1038.1313131313132,32.441603535353536,0
4630,4,0,0,35,0.0,0.0,1.0,35,550,400,150,0.7272727272727273,7,4,3,390.75245035882455,0.7601540616246498,0.11702334630350197,0.25105844935554467,134780.12447709413,3533.1327798183797,138313.2572569125,3630,11,768.1714285714286,32,3,16,30.260264672503233,0.6770833333333334,40.4040404040404,1038.383838383838,32.44949494949494,0
4631,4,0,0,35,0.0,0.0,1.0,35,950,800,150,0.8421052631578947,11,8,3,387.9149091058773,0.7601540616246498,0.10981263783014117,0.24991197785544628,134878.47421500343,3464.274213090481,138342.7484280939,3631,12,769.1714285714286,32,3,16,30.235555690612212,0.6780598958333335,40.309343434343425,1038.7626262626252,32.46133207070704,0
4632,4,0,0,35,0.0,0.0,1.0,35,900,600,300,0.6666666666666666,12,6,6,389.56957837580205,0.7585434173669467,0.11425794470382011,0.25188901803701685,135009.66299676045,3519.13149806141,138528.79449482186,3632,13,770.1714285714286,32,3,17,30.061404041631235,0.6793619791666667,40.1830808080808,1039.2676767676762,32.47711489898988,0
4633,4,0,0,35,0.0,0.0,1.0,35,1000,700,300,0.7,13,7,6,357.83295274549374,0.7579831932773109,0.055967236810407384,0.21608446128113795,132487.3559268902,2481.668354552444,134969.02428144263,3633,14,771.1714285714286,35,0,20,33.4116779089376,0.6473214285714286,42.621527777777764,1029.5138888888869,29.41468253968248,7
4634,4,0,0,35,0.0,0.0,1.0,35,850,500,350,0.5882352941176471,12,5,7,380.7858265835426,0.7585434173669467,0.08189528328401185,0.22865672880530857,132275.51197562352,3077.3750718458614,135352.88704746938,3634,15,772.1714285714286,34,1,18,33.03461212051075,0.6473651960784315,42.82738095238095,1028.6904761904757,30.255602240896344,6
4635,4,0,1,34,0.0,0.02857142857142857,0.9714285714285714,35,850,500,350,0.5882352941176471,12,5,7,379.7800324542283,0.7574929971988795,0.07796414112203598,0.22879431223462032,132398.00347222213,3056.4236111111018,135454.42708333323,3635,16,773.1714285714286,34,1,18,32.93690958164643,0.6485906862745099,42.70833333333333,1029.1666666666658,30.26960784313723,0
4636,4,0,0,34,0.0,0.0,1.0,34,800,400,400,0.5,12,4,8,390.28203952016884,0.7575757575757576,0.07608665190707065,0.23472836703519614,132334.94929834688,3529.5907823913954,135864.54008073828,3636,17,759.8823529411765,33,1,18,32.73036763538193,0.6502525252525253,42.76960784313726,1028.9215686274515,31.179441473559137,0
4637,4,0,0,34,0.0,0.0,1.0,34,1100,800,300,0.7272727272727273,14,8,6,388.93854561547323,0.7567216280451575,0.07156664308776284,0.23450788547195697,132429.5361910083,3501.3902405324907,135930.92643154078,3637,18,760.8823529411765,33,1,18,32.6694398142636,0.651199494949495,42.677696078431374,1029.2892156862747,31.190582293523477,0
4638,4,0,0,34,0.0,0.0,1.0,34,1100,700,400,0.6363636363636364,15,7,8,388.93854561547323,0.7567216280451575,0.07156664308776284,0.23450788547195697,132429.5361910083,3501.3902405324907,135930.92643154078,3638,19,761.8823529411765,33,1,18,32.6694398142636,0.651199494949495,42.677696078431374,1029.2892156862747,31.190582293523477,0
4639,4,0,0,34,0.0,0.0,1.0,34,900,800,100,0.8888888888888888,10,8,2,389.1451695822187,0.7575014854426619,0.07014436338686858,0.23522285718200014,132524.15687475973,3514.2271001537865,136038.3839749135,3639,20,762.8823529411765,33,1,18,32.568634452114566,0.6521464646464646,42.58578431372549,1029.6568627450981,31.201723113487823,0
4640,4,1,0,35,0.02857142857142857,0.0,1.0,35,800,600,200,0.75,10,6,4,352.08305988679996,0.7668067226890756,0.051110591536123406,0.19736032072553633,129625.34722222218,2127.7777777777737,131753.12499999994,3640,0,742.0571428571428,34,1,17,36.453218767048554,0.6207107843137255,45.416666666666664,1018.3333333333329,29.95098039215685,8
4641,4,0,0,35,0.0,0.0,1.0,35,1000,700,300,0.7,13,7,6,351.078512396694,0.7661064425770308,0.05236363636363639,0.1970338589981447,129672.49657064491,2105.045438957498,131777.54200960242,3641,1,743.0571428571428,35,0,17,36.4308712121212,0.6190476190476188,45.37037037037038,1018.5185185185201,29.100529100529144,0
4642,4,0,1,34,0.0,0.02857142857142857,0.9714285714285714,35,700,600,100,0.8571428571428571,8,6,2,351.0382398154076,0.76687675070028,0.04673200493282326,0.19760490174775253,129790.40745027439,2112.27923525378,131902.68668552817,3642,2,744.0571428571428,35,0,17,36.31209298803575,0.6202380952380953,45.25462962962963,1018.9814814814818,29.11375661375662,0
4643,4,0,0,34,0.0,0.0,1.0,34,1150,900,250,0.782608695652174,14,9,5,356.77164370022956,0.7648544266191325,0.0634815944597884,0.20123048836372617,129867.92091836726,2466.638321995454,132334.55924036272,3643,3,766.2647058823529,34,0,18,36.08726543642451,0.6231617647058825,45.17857142857142,1019.2857142857135,29.978991596638632,0
4644,4,0,0,34,0.0,0.0,1.0,34,1300,1000,300,0.7692307692307693,16,10,6,357.20416533085967,0.7653000594177065,0.059606378157146755,0.20210111494214922,129989.29280045332,2486.543367346912,132475.83616780024,3644,4,767.2647058823529,34,0,18,35.95294380885672,0.6243872549019609,45.059523809523796,1019.7619047619031,29.992997198879504,0
4645,4,0,0,34,0.0,0.0,1.0,34,800,500,300,0.625,11,5,6,355.3681716916334,0.7654857397504456,0.057316378167936,0.20121871294661056,130019.64462868462,2440.968679138294,132460.6133078229,3645,5,768.2647058823529,34,0,18,35.96893116999338,0.6246936274509804,45.02976190476189,1019.8809523809508,29.99649859943973,0
4646,4,1,0,35,0.02857142857142857,0.0,1.0,35,1100,800,300,0.7272727272727273,14,8,6,346.22462927694943,0.7742296918767506,0.059215127574148596,0.19786827258677453,130380.76560356635,2028.2064471879098,132408.97205075427,3646,0,747.2857142857143,35,0,20,35.83597763674827,0.6261904761904763,44.67592592592592,1021.2962962962949,29.17989417989414,0
4647,4,0,0,35,0.0,0.0,1.0,35,850,600,250,0.7058823529411765,11,6,5,346.6786372265711,0.7755602240896358,0.06547254987621964,0.19888406030366432,130528.56445312485,2050.2929687499854,132578.85742187483,3647,1,748.2857142857143,35,0,18,35.67469418960246,0.6276785714285715,44.53124999999999,1021.8749999999989,29.196428571428537,0
4648,4,0,0,35,0.0,0.0,1.0,35,900,600,300,0.6666666666666666,12,6,6,348.78765842745645,0.7750700280112044,0.0722131452513064,0.20039972749335508,130587.7074358067,2109.476139188951,132697.18357499567,3648,2,749.2857142857143,35,0,18,35.560926471143326,0.6282738095238096,44.473379629629626,1022.1064814814811,29.203042328042315,0
4649,4,0,0,35,0.0,0.0,1.0,35,900,700,200,0.7777777777777778,11,7,4,347.20243699816103,0.7754201680672268,0.07056654429008113,0.1997940798700165,130646.86381440733,2072.1819005058014,132719.04571491314,3649,3,750.2857142857143,35,0,18,35.54155345484736,0.6288690476190477,44.415509259259245,1022.337962962961,29.20965608465603,0
4650,4,0,0,35,0.0,0.0,1.0,35,1350,1200,150,0.8888888888888888,15,12,3,346.25009298763587,0.7757002801120447,0.06774881976330605,0.1997040353550097,130735.62349965694,2053.444358710546,132789.0678583675,3650,4,751.2857142857143,35,0,19,35.476082692017506,0.6297619047619047,44.328703703703695,1022.6851851851842,29.21957671957669,0
4651,4,0,0,35,0.0,0.0,1.0,35,900,700,200,0.7777777777777778,11,7,4,351.05578897696904,0.7734593837535013,0.07142534009758594,0.20340991390133392,130913.23329260956,2191.5696802125967,133104.80297282216,3651,5,752.2857142857143,35,0,20,35.17350901002789,0.6315476190476191,44.15509259259258,1023.3796296296282,29.239417989417948,0
4652,4,1,1,35,0.027777777777777776,0.027777777777777776,0.9722222222222222,36,1050,900,150,0.8571428571428571,12,9,3,342.1515873586944,0.7812830687830689,0.07184729244522581,0.19980071513410794,131212.72243527308,1778.9282525768922,132991.65068784996,3652,0,732.3611111111111,36,0,20,35.09883124496224,0.6325231481481481,43.86261261261261,1024.5495495495493,28.459709709709703,0
4653,4,0,0,35,0.0,0.0,1.0,35,900,600,300,0.6666666666666666,12,6,6,349.3019247342718,0.7713585434173669,0.08019370460048414,0.2036444027600991,131150.23389274688,2162.2058256172763,133312.43971836416,3653,7,754.2857142857143,35,0,20,34.97881355932203,0.6339285714285714,43.92361111111111,1024.3055555555552,29.265873015873005,0
4654,4,0,0,35,0.0,0.0,1.0,35,800,600,200,0.75,10,6,4,348.83379990306645,0.7719887955182072,0.07948738641315733,0.2035285407344786,131179.87403817297,2151.994786308295,133331.86882448127,3654,8,755.2857142857143,35,0,20,34.96085658870937,0.6342261904761906,43.894675925925924,1024.421296296296,29.26917989417989,0
4655,4,0,0,35,0.0,0.0,1.0,35,1100,800,300,0.7272727272727273,14,8,6,349.26262643924946,0.7716386554621848,0.0682772634906299,0.20488532086085226,131387.448827589,2177.7450917352326,133565.19391932423,3655,9,756.2857142857143,35,0,21,34.74025363136901,0.636309523809524,43.69212962962962,1025.2314814814802,29.292328042328005,0
4656,4,0,0,35,0.0,0.0,1.0,35,800,600,200,0.75,10,6,4,354.88217382270795,0.7719187675070027,0.07341822522880981,0.2088568859054955,131511.22448979603,2338.069266415424,133849.29375621147,3656,10,757.2857142857143,34,1,20,34.47123568554626,0.6397058823529411,43.57142857142858,1025.7142857142865,30.168067226890777,1
4657,4,0,0,35,0.0,0.0,1.0,35,850,600,250,0.7058823529411765,11,6,5,355.1943088161669,0.7711484593837534,0.07079880676168382,0.2097106124654356,131633.3616780046,2351.0841836734753,133984.44586167808,3657,11,758.2857142857143,34,1,17,34.339955529775715,0.6409313725490196,43.452380952380956,1026.1904761904768,30.18207282913167,0
4658,4,0,0,35,0.0,0.0,1.0,35,400,300,100,0.75,5,3,2,355.408630807018,0.7710084033613445,0.06500886333891076,0.2103423900788549,131725.00177154198,2363.240504535152,134088.24227607713,3658,12,759.2857142857143,34,1,18,34.24199814449727,0.6418504901960784,43.36309523809524,1026.5476190476193,30.19257703081233,0
4659,4,0,0,35,0.0,0.0,1.0,35,900,600,300,0.6666666666666666,12,6,6,353.3032433789069,0.7698879551820728,0.060040567951318735,0.20985361323590526,131862.52170138908,2317.4913194444684,134180.01302083355,3659,13,760.2857142857143,35,0,18,34.15736984448953,0.6410714285714285,43.22916666666668,1027.0833333333348,29.345238095238138,0
4660,4,0,0,35,0.0,0.0,1.0,35,1100,1000,100,0.9090909090909091,12,10,2,353.50191492814764,0.7694677871148459,0.058861584512142295,0.21046522460209052,131951.69331114984,2329.0352527006376,134280.72856385048,3660,14,761.2857142857143,35,0,19,34.062394389996626,0.6419642857142855,43.14236111111112,1027.4305555555568,29.355158730158767,0
4661,4,0,0,35,0.0,0.0,1.0,35,700,400,300,0.5714285714285714,10,4,6,356.6558600587763,0.7696778711484593,0.060933502807587914,0.21267611695512958,132011.15779588927,2416.510604209561,134427.66840009883,3661,15,762.2857142857143,35,0,19,33.921448549010776,0.6425595238095236,43.084490740740755,1027.6620370370388,29.361772486772537,0
4662,4,0,0,35,0.0,0.0,1.0,35,800,600,200,0.75,10,6,4,353.85490835808406,0.7674369747899159,0.05557342252524622,0.2118360516073598,132159.87761488341,2353.0842764060385,134512.96189128945,3662,16,763.2857142857143,35,0,21,33.84361398769324,0.644047619047619,42.93981481481482,1028.2407407407409,29.378306878306883,0
4663,4,0,0,35,0.0,0.0,1.0,35,500,400,100,0.8,6,4,2,350.6624289791715,0.7669467787114845,0.057631477433457645,0.21058700464641056,132278.91375171472,2277.0490397805247,134555.96279149523,3663,17,764.2857142857143,35,0,21,33.80588058805882,0.6452380952380952,42.824074074074076,1028.703703703704,29.391534391534396,0
4664,4,0,0,35,0.0,0.0,1.0,35,750,400,350,0.5333333333333333,11,4,7,349.7466392332171,0.765266106442577,0.05597982361729126,0.21086758391193233,132427.7842747986,2263.2344982424643,134691.01877304108,3664,18,765.2857142857143,35,0,21,33.67969657783276,0.6467261904761905,42.67939814814815,1029.282407407408,29.408068783068803,0
4665,4,0,0,35,0.0,0.0,1.0,35,800,700,100,0.875,9,7,2,351.5454312734704,0.7654061624649859,0.05687313360947854,0.21279260186879892,132576.7385223768,2321.3493441358305,134898.08786651265,3665,19,766.2857142857143,35,0,21,33.48364801078894,0.6482142857142856,42.534722222222236,1029.8611111111131,29.42460317460323,0
4666,4,0,0,35,0.0,0.0,1.0,35,750,500,250,0.6666666666666666,10,5,5,350.6328861853454,0.7659663865546218,0.052936927102564146,0.21240858095053708,132606.53941883155,2299.2427286951465,134905.7821475267,3666,20,767.2857142857143,35,0,21,33.477193130314284,0.6485119047619047,42.505787037037045,1029.9768518518529,29.427910052910082,0
4667,4,0,0,35,0.0,0.0,1.0,35,800,400,400,0.5,12,4,8,349.1824329685339,0.7655462184873949,0.047598722741933,0.21220281233575838,132725.7764944489,2269.101910793913,134994.8784052428,3667,21,768.2857142857143,35,0,17,33.39475925717922,0.6497023809523809,42.390046296296305,1030.4398148148161,29.441137566137606,0
4668,4,0,0,35,0.0,0.0,1.0,35,750,500,250,0.6666666666666666,10,5,5,352.1200838384336,0.765266106442577,0.049183009156070545,0.21501287367488692,132904.73257726748,2359.685115526388,135264.41769279388,3668,22,769.2857142857143,35,0,17,33.13935813970892,0.6514880952380953,42.216435185185176,1031.1342592592578,29.460978835978793,0
4669,4,0,0,35,0.0,0.0,1.0,35,650,600,50,0.9230769230769231,7,6,1,356.8860769826444,0.765266106442577,0.003525321930440084,0.19342562426186283,128291.05748724705,2157.0584437156986,130448.11593096274,3669,23,770.2857142857143,35,0,20,37.69148196808712,0.6050595238095239,46.73032407407407,1013.0787037037034,28.94510582010581,8
4670,4,2,1,36,0.05405405405405406,0.02702702702702703,0.972972972972973,37,1050,1000,50,0.9523809523809523,11,10,1,345.79816180891356,0.786036036036036,0.02637949842784737,0.19095147600246654,129034.22807979358,1523.9597760849274,130558.18785587851,3670,0,729.5945945945946,37,0,21,37.21445787466723,0.6086711711711712,45.99780701754385,1016.0087719298228,27.45969653864386,0
4671,4,2,0,38,0.05263157894736842,0.0,1.0,38,1350,1100,250,0.8148148148148148,16,11,5,343.11646820402547,0.7955784732100522,0.0383629169521873,0.19132559971751362,129418.71667031899,1281.138596683438,130699.85526700242,3671,0,711.3421052631579,38,0,23,36.89144967100656,0.6107456140350879,45.619658119658105,1017.5213675213655,26.776878092667513,0
4672,4,1,0,39,0.02564102564102564,0.0,1.0,39,700,600,100,0.8571428571428571,8,6,2,337.13988246582466,0.8035312640575799,0.0467869384715045,0.18911168278074358,129651.86767578099,942.1630859374698,130594.03076171846,3672,0,694.0769230769231,39,0,19,36.806727523780296,0.6113782051282053,45.390624999999986,1018.437499999998,26.113782051281998,0
4673,4,1,0,40,0.025,0.0,1.0,40,600,400,200,0.6666666666666666,8,4,4,333.52147547016784,0.8102029914529915,0.020488207815882564,0.18399233125089023,128995.548870992,701.1419016310939,129696.6907726231,3673,0,677.7,35,5,19,37.565630815388715,0.6122023809523809,46.03587962962963,1015.856481481482,29.024470899470913,8
4674,4,0,0,40,0.0,0.0,1.0,40,750,500,250,0.6666666666666666,10,5,5,333.634221014923,0.8101495726495727,0.018028818772070077,0.18432818290056716,129054.34355977809,611.3890764317712,129665.73263620987,3674,1,678.7,35,5,19,37.50296635911455,0.612797619047619,45.97800925925927,1016.0879629629641,29.031084656084687,0
4675,4,2,1,41,0.047619047619047616,0.023809523809523808,0.9761904761904762,42,1250,900,350,0.72,16,9,7,324.9548868912327,0.8229287650019357,0.041952915446891836,0.1744409566943485,127907.33642578137,-87.17719184026356,127820.1592339411,3675,0,647.3333333333334,39,3,19,38.89157055572718,0.59375,47.10937500000001,1011.5625000000009,25.937500000000025,6
4676,4,2,1,42,0.046511627906976744,0.023255813953488372,0.9767441860465116,43,1350,1100,250,0.8148148148148148,16,11,5,324.18840307750054,0.829734219269103,0.08486779229053831,0.17661010018401135,128496.33487654309,-268.15622588735926,128228.17865065573,3676,0,633.1395348837209,38,5,18,38.31050228310502,0.6014254385964912,46.52777777777777,1013.8888888888879,26.681286549707576,0
4677,4,2,0,44,0.045454545454545456,0.0,1.0,44,1300,900,400,0.6923076923076923,17,9,8,315.9992921330288,0.843816067653277,0.09449957100757334,0.17383527650749217,128883.87586805543,-654.5572916666763,128229.31857638876,3677,0,613.1136363636364,39,5,20,38.12405963616469,0.6036324786324787,46.14583333333333,1015.4166666666656,26.03632478632476,0
4678,4,1,0,45,0.022222222222222223,0.0,1.0,45,950,600,350,0.631578947368421,13,6,7,310.06449879064814,0.8466329966329966,0.10819672131147651,0.17194485842026824,129201.38888888873,-987.4565972222315,128213.9322916665,3678,0,600.4666666666667,39,6,22,37.9525273224044,0.6068376068376069,45.83333333333333,1016.6666666666654,26.068376068376036,0
4679,4,1,0,46,0.021739130434782608,0.0,1.0,46,950,700,250,0.7368421052631579,12,7,5,306.87817499910875,0.8534822866344606,0.11478651587835587,0.17141020204216825,129485.67450137157,-1252.7345040980877,128232.93999727348,3679,0,588.3913043478261,40,6,17,37.74546513562989,0.6080729166666667,45.55386178861789,1017.7845528455288,25.44461382113822,0
4680,4,0,1,45,0.0,0.021739130434782608,0.9782608695652174,46,950,500,450,0.5263157894736842,14,5,9,309.6049418129808,0.8522141706924315,0.11593335068992405,0.17350344054620057,129614.99851278993,-1174.11118547162,128440.88732731831,3680,1,589.3913043478261,40,6,17,37.54511809713904,0.609375,45.42682926829268,1018.2926829268287,25.457317073170717,0
4681,4,0,0,45,0.0,0.0,1.0,45,1150,600,550,0.5217391304347826,17,6,11,315.99050240698745,0.8489898989898991,0.11499522445081234,0.17665098338221283,129519.29253472213,-814.6267361111206,128704.66579861101,3681,2,603.4444444444445,39,6,18,37.47953336062218,0.6100427350427351,45.52083333333333,1017.9166666666658,26.100427350427328,0
4682,4,1,1,45,0.021739130434782608,0.021739130434782608,0.9782608695652174,46,1350,700,650,0.5185185185185185,20,7,13,310.53141907618095,0.8507447665056361,0.12045801262048395,0.1754082880727618,129925.63950029752,-1130.8013583184545,128794.83814197907,3682,0,591.304347826087,40,6,21,37.207187001594896,0.6125,45.1219512195122,1019.5121951219518,25.487804878048795,0
4683,4,0,0,45,0.0,0.0,1.0,45,1550,900,650,0.5806451612903226,22,9,13,315.42486094105345,0.8460016835016836,0.11595069603641339,0.17829057069417412,129951.54303200812,-802.0105220106979,129149.53250999743,3683,1,605.3333333333334,40,5,22,37.056256021794745,0.6127604166666667,45.09654471544716,1019.6138211382118,25.490345528455297,0
4684,4,1,1,45,0.021739130434782608,0.021739130434782608,0.9782608695652174,46,750,400,350,0.5333333333333333,11,4,7,310.18177262692006,0.8504227053140097,0.11734312196482777,0.17638694831471113,130186.64301658147,-1123.695259353751,129062.94775722771,3684,0,593.1521739130435,41,5,22,36.9522820064159,0.6135670731707317,44.86607142857142,1020.535714285713,24.891114982578365,0
4685,4,1,1,45,0.021739130434782608,0.021739130434782608,0.9782608695652174,46,600,100,500,0.16666666666666666,11,1,10,310.18177262692006,0.8489331723027376,0.11734312196482777,0.17638694831471113,130186.64301658147,-1123.695259353751,129062.94775722771,3685,0,594.1304347826087,41,5,22,36.9522820064159,0.6135670731707317,44.86607142857142,1020.535714285713,24.891114982578365,0
4686,4,1,2,44,0.021739130434782608,0.043478260869565216,0.9565217391304348,46,1200,800,400,0.6666666666666666,16,8,8,309.6728061990343,0.8487922705314009,0.12011908058709486,0.17679502026635788,130340.40584308287,-1127.4020080159205,129213.00383506695,3686,0,595.1086956521739,40,6,22,36.80997876857749,0.6166666666666667,44.71544715447155,1021.1382113821143,25.528455284552855,0
4687,4,1,1,44,0.022222222222222223,0.022222222222222223,0.9777777777777777,45,1150,700,450,0.6086956521739131,16,7,9,309.75185955118576,0.8447390572390573,0.13361622189071243,0.17766999131700908,130522.07396597581,-914.1089753123263,129607.96499066349,3687,0,608.4222222222222,40,5,14,36.62460633184154,0.6184895833333335,44.537601626016254,1021.849593495934,25.54623983739835,0
4688,4,0,0,44,0.0,0.0,1.0,44,1550,1200,350,0.7741935483870968,19,12,7,310.9112876410437,0.8417239252995067,0.12011001028739865,0.17824247927942694,130501.95448133661,-685.0938585069637,129816.86062282964,3688,6,623.25,39,5,15,36.61528953002344,0.6199252136752138,44.55729166666666,1021.7708333333318,26.199252136752097,0
4689,4,0,0,44,0.0,0.0,1.0,44,850,600,250,0.7058823529411765,11,6,5,311.52839216694457,0.8415036997885835,0.11985850761204953,0.178841723554704,130555.17713758672,-665.6711154513987,129889.50602213532,3689,7,624.25,39,5,15,36.54582016783882,0.6204594017094018,44.50520833333333,1021.979166666666,26.204594017094,0
4690,4,0,0,44,0.0,0.0,1.0,44,1100,700,400,0.6363636363636364,15,7,8,312.3266938619164,0.8426488724453841,0.12176399759181189,0.17979392963370744,130661.65500217027,-638.1754557291567,130023.47954644111,3690,8,625.25,39,5,15,36.418003905586666,0.6215277777777778,44.40104166666667,1022.3958333333344,26.215277777777803,0
4691,4,1,1,44,0.022222222222222223,0.022222222222222223,0.9777777777777777,45,1000,600,400,0.6,14,6,8,304.4176054725278,0.8459175084175085,0.1229150119142175,0.1766183250183929,130963.79469892268,-1026.4630428316395,129937.33165609103,3691,0,612.3333333333334,40,5,15,36.3158177786603,0.6229166666666666,44.10569105691057,1023.5772357723584,25.58943089430896,0
4692,4,1,1,44,0.022222222222222223,0.022222222222222223,0.9777777777777777,45,1200,1100,100,0.9166666666666666,13,11,2,304.0176054188285,0.8441498316498317,0.12672631930311962,0.1765423562361784,130997.85175933795,-1034.869358623083,129962.98240071487,3692,0,613.3111111111111,41,4,16,36.29177165099978,0.6216971544715446,44.07242063492063,1023.7103174603171,24.968544328300418,0
4693,4,1,3,42,0.022222222222222223,0.06666666666666667,0.9333333333333333,45,1050,700,350,0.6666666666666666,14,7,7,306.292606524118,0.843939393939394,0.13625153334624596,0.178687991806104,131175.63952664388,-964.3742913832307,130211.26523526065,3693,0,614.0666666666667,41,4,18,36.054619407321326,0.6234756097560975,43.89880952380952,1024.404761904761,24.9854819976771,0
4694,4,0,0,42,0.0,0.0,1.0,42,1100,600,500,0.5454545454545454,16,6,10,326.6856083502637,0.8268486256291134,0.12744922475414522,0.18850882029759336,130753.83434007231,143.079183103225,130896.91352317554,3694,1,657.6190476190476,38,4,19,35.95790243392878,0.6241776315789473,44.31089743589744,1022.7564102564102,26.91464237516869,0
4695,4,1,0,43,0.023255813953488372,0.0,1.0,43,1200,900,300,0.75,15,9,6,323.2883743890283,0.8288113695090439,0.13726371572547258,0.18804288285468357,131061.33355034744,-125.87890624997692,130935.45464409747,3695,0,643.3023255813954,39,4,20,35.73457104103087,0.6255341880341879,44.01041666666668,1023.9583333333351,26.255341880341923,0
4696,4,0,0,43,0.0,0.0,1.0,43,1400,1000,400,0.7142857142857143,18,10,8,317.6602172332223,0.828719084533038,0.12731588753227263,0.18554073020819356,131221.3758680558,-263.2378472221979,130958.13802083359,3696,1,644.3023255813954,39,4,21,35.71743256066153,0.6271367521367521,43.85416666666668,1024.5833333333353,26.271367521367573,0
4697,4,0,0,43,0.0,0.0,1.0,43,1000,700,300,0.7,13,7,6,319.80943340062584,0.8285345145810262,0.1261417486250589,0.1871896770658919,131302.08462431445,-201.6709423953741,131100.41368191908,3697,2,645.3023255813954,40,3,22,35.58110229714095,0.6263020833333333,43.77540650406505,1024.8983739837417,25.622459349593544,0
4698,4,0,0,43,0.0,0.0,1.0,43,750,500,250,0.6666666666666666,10,5,5,317.02649473962504,0.8283038021410114,0.12116085310699676,0.18594605251653115,131381.51584201402,-269.713129843751,131111.80271217026,3698,3,646.3023255813954,39,4,23,35.57246155930365,0.6287393162393162,43.69791666666667,1025.2083333333344,26.28739316239319,0
4699,4,0,0,43,0.0,0.0,1.0,43,1050,800,250,0.7619047619047619,13,8,5,316.10548124645845,0.8272425249169435,0.11901421424826064,0.18592440671162674,131488.33007812512,-287.16362847220864,131201.1664496529,3699,4,647.3023255813954,39,4,23,35.48860789491505,0.6298076923076923,43.59375000000001,1025.625000000001,26.298076923076945,0
4700,4,0,0,43,0.0,0.0,1.0,43,1450,1000,450,0.6896551724137931,19,10,9,317.05878266339954,0.8280730897009967,0.11801930074355305,0.1868768372502586,131568.46923828125,-257.0122612847226,131311.45697699653,3700,5,648.3023255813954,39,4,16,35.38356262903169,0.6306089743589745,43.515625,1025.9375,26.306089743589745,0
4701,4,0,1,42,0.0,0.023255813953488372,0.9767441860465116,43,950,600,350,0.631578947368421,13,6,7,318.6406499580525,0.8279808047249907,0.1185524784403893,0.18807244114660146,131621.90890842027,-211.98187934026822,131409.92702908,3701,6,649.3023255813954,39,4,17,35.289247284539634,0.6311431623931624,43.46354166666667,1026.1458333333344,26.31143162393165,0
4702,4,0,0,42,0.0,0.0,1.0,42,950,600,350,0.631578947368421,13,6,7,321.4489096738637,0.8283004258614015,0.11234615632450584,0.19004059539918816,131684.26890432095,65.95293209876655,131750.22183641972,3702,7,658.1904761904761,38,4,18,35.15448804691025,0.6334978070175439,43.40277777777778,1026.3888888888887,27.010233918128648,0
4703,4,0,1,41,0.0,0.023809523809523808,0.9761904761904762,42,600,300,300,0.5,9,3,6,319.91293058655424,0.8282762291908633,0.06562960235640647,0.18253855451115175,130318.5595567868,-37.76888615298898,130280.79067063381,3703,8,659.1904761904761,37,5,21,36.57064361397482,0.6216216216216215,44.736842105263165,1021.0526315789482,27.596017069701304,7
4704,4,0,0,41,0.0,0.0,1.0,41,900,600,300,0.6666666666666666,12,6,6,329.0295710120783,0.8234247967479674,0.07088103534096568,0.18747033697199825,130262.58680555563,372.04861111112143,130634.63541666676,3704,11,676.0731707317074,38,3,21,36.394557823129254,0.6192434210526315,44.79166666666667,1020.833333333334,26.864035087719316,0
4705,4,0,0,41,0.0,0.0,1.0,41,1450,1100,350,0.7586206896551724,18,11,7,344.03218993696566,0.8242378048780488,0.06518305209000808,0.18772588346471963,128561.19340806789,645.8377818174827,129207.03118988537,3705,12,677.0731707317074,37,4,18,37.741354921252736,0.6038851351351351,46.463815789473685,1014.1447368421055,27.4093172119488,6
4706,4,1,0,42,0.023809523809523808,0.0,1.0,42,1100,700,400,0.6363636363636364,15,7,8,338.39524724099124,0.8312040263259776,0.07076761303890611,0.18688378636828268,129038.51290269566,333.20389546351197,129371.71679815916,3706,0,661.9285714285714,38,4,21,37.39813354363826,0.6069078947368421,45.993589743589745,1016.0256410256416,26.73751686909583,0
4707,4,2,0,44,0.045454545454545456,0.0,1.0,44,1250,1100,150,0.88,14,11,3,319.6450311257115,0.8453796687808316,0.09183893195521065,0.17927916963137694,129647.68005540136,-511.4444692586696,129136.23558614269,3707,0,632.7954545454545,37,7,20,37.25640611541773,0.6148648648648649,45.394736842105246,1018.4210526315766,27.524893314366935,0
4708,4,0,0,44,0.0,0.0,1.0,44,1500,1100,400,0.7333333333333333,19,11,8,318.37437949824573,0.8454016913319239,0.09039784346532831,0.17894835813177246,129731.44531249987,-539.3663194444588,129192.07899305542,3708,1,633.7954545454545,37,7,20,37.203902522154046,0.6157094594594594,45.31249999999999,1018.749999999999,27.533783783783758,0
4709,4,0,1,43,0.0,0.022727272727272728,0.9772727272727273,44,1100,600,500,0.5454545454545454,16,6,10,319.9377922229843,0.8440142706131079,0.09829417114025052,0.18059876468106165,129899.05698147505,-488.07649949984824,129410.9804819752,3709,2,634.7954545454545,37,7,22,36.99434853536982,0.6173986486486487,45.14802631578947,1019.407894736842,27.55156472261735,0
4710,4,1,1,43,0.022727272727272728,0.022727272727272728,0.9772727272727273,44,1100,500,600,0.45454545454545453,17,5,12,311.89035388284327,0.8484408033826639,0.09387434554973817,0.1770839999750983,130126.2932372708,-682.9728705529961,129443.3203667178,3710,0,627.6590909090909,38,6,22,36.96967713787086,0.6178728070175439,44.925213675213676,1020.2991452991454,26.849977507872246,0
4711,4,0,0,43,0.0,0.0,1.0,43,1550,1300,250,0.8387096774193549,18,13,5,318.1756470162598,0.84343853820598,0.09866163478000045,0.18063602168921894,130122.70752779715,-319.62466816711424,129803.08285963003,3711,4,643.2558139534884,37,6,22,36.81298137202221,0.6196509009009008,44.928728070175445,1020.2850877192993,27.575272641062146,0
4712,4,1,1,43,0.022727272727272728,0.022727272727272728,0.9772727272727273,44,850,400,450,0.47058823529411764,13,4,9,315.014767903146,0.8468992248062016,0.03285305538524441,0.1777816908131593,129890.67382812487,-616.5039062500136,129274.16992187485,3712,0,629.6136363636364,39,5,16,37.12829552421826,0.6137820512820513,45.15624999999999,1019.374999999999,26.137820512820486,7
4713,4,1,1,43,0.022727272727272728,0.022727272727272728,0.9772727272727273,44,800,700,100,0.875,9,7,2,314.33338098015446,0.8502686751233263,0.04083480360293468,0.17787998842749767,129996.8804253471,-627.5282118055645,129369.35221354154,3713,0,630.1363636363636,39,5,16,37.03821927136536,0.6148504273504274,45.05208333333333,1019.7916666666656,26.148504273504248,0
4714,4,0,0,43,0.0,0.0,1.0,43,1100,800,300,0.7272727272727273,14,8,6,323.96640278183276,0.8456072351421188,0.038428368877259755,0.18342724086330778,130017.30974687674,-175.75197238662665,129841.55777449011,3714,2,645.7906976744187,38,5,17,36.7719463649696,0.6167763157894739,45.03205128205126,1019.8717948717923,26.838731443994533,0
4715,4,0,1,42,0.0,0.023255813953488372,0.9767441860465116,43,950,600,350,0.631578947368421,13,6,7,328.2773999987138,0.8447305278700628,0.04078959222582412,0.18651858699510437,130153.54624379013,-54.70644769527661,130098.83979609485,3715,3,646.7906976744187,38,5,19,36.524098698216605,0.6181469298245617,44.89850427350425,1020.4059829059788,26.85278902384155,0
4716,4,0,0,42,0.0,0.0,1.0,42,1300,900,400,0.6923076923076923,17,9,8,333.36109954185787,0.8420925280681378,0.05898931000971852,0.18993830090175615,130262.58680555546,284.94149043026704,130547.52829598573,3716,4,662.6666666666666,36,6,19,36.28401360544219,0.6229745370370371,44.791666666666664,1020.8333333333326,28.35648148148146,0
4717,4,0,0,42,0.0,0.0,1.0,42,900,600,300,0.6666666666666666,12,6,6,332.40716870694496,0.842673248161053,0.048360379152734945,0.18994112695315837,130374.54433094786,267.48663050168125,130642.03096144953,3717,5,663.6666666666666,37,5,19,36.19506477703815,0.6221846846846848,44.682017543859644,1021.2719298245604,27.601944049312443,0
4718,4,0,0,42,0.0,0.0,1.0,42,650,500,150,0.7692307692307693,8,5,3,332.40716870694496,0.8418747580332946,0.048360379152734945,0.18994112695315837,130374.54433094786,267.48663050168125,130642.03096144953,3718,6,664.6666666666666,37,5,19,36.19506477703815,0.6221846846846848,44.682017543859644,1021.2719298245604,27.601944049312443,0
4719,4,1,1,42,0.023255813953488372,0.023255813953488372,0.9767441860465116,43,1450,1100,350,0.7586206896551724,18,11,7,324.4484625740707,0.8465762273901808,0.04200626959247655,0.1868214071500515,130671.89554569364,-120.74087771202932,130551.15466798161,3719,0,650.1860465116279,38,5,15,36.097831765935226,0.6233552631578947,44.39102564102564,1022.4358974358976,26.906207827260463,0
4720,4,2,1,43,0.045454545454545456,0.022727272727272728,0.9772727272727273,44,800,600,200,0.75,10,6,4,328.78332526151223,0.8474497885835095,0.0883102590732816,0.18550690161561773,129881.14458917783,-257.8054231499329,129623.3391660279,3720,0,636.3636363636364,38,6,19,36.78706809209377,0.6154057017543857,45.16559829059831,1019.33760683761,26.82467386414763,5
4721,4,1,1,43,0.022727272727272728,0.022727272727272728,0.9772727272727273,44,650,400,250,0.6153846153846154,9,4,5,341.02587320855196,0.8515019379844961,0.10443483507642837,0.1907718993691407,129545.08562616697,44.220162626943676,129589.3057887939,3721,0,637.1590909090909,36,8,19,36.81623340707964,0.6157407407407407,45.49549549549551,1018.0180180180201,28.278278278278336,2
4722,4,0,0,43,0.0,0.0,1.0,43,600,400,200,0.6666666666666666,8,4,4,352.62108234938637,0.8435769656699889,0.10384298952681559,0.19656892421898903,129407.39300679452,526.3549972136652,129933.74800400819,3722,2,652.9767441860465,35,8,21,36.6611923179009,0.6163690476190475,45.630787037037045,1017.4768518518528,29.07076719576722,0
4723,4,1,1,43,0.022727272727272728,0.022727272727272728,0.9772727272727273,44,1350,1000,350,0.7407407407407407,17,10,7,352.7277613544743,0.8482205778717407,0.07935916542473942,0.19560357675111784,129201.38888888908,317.3998253172351,129518.78871420631,3723,0,639.1136363636364,36,8,19,36.8681693989071,0.6122685185185185,45.83333333333334,1016.6666666666682,28.240740740740783,3
4724,4,2,1,44,0.044444444444444446,0.022222222222222223,0.9777777777777777,45,1100,700,400,0.6363636363636364,15,7,8,345.93022312574004,0.8465909090909092,0.10951931480510346,0.1943691619035906,129717.84056770033,-25.335693805250372,129692.50487389509,3724,0,625.8666666666667,38,7,17,36.51590631008563,0.6137609649122808,45.3258547008547,1018.6965811965812,26.807804768331085,0
4725,4,1,0,45,0.022222222222222223,0.0,1.0,45,1100,800,300,0.7272727272727273,14,8,6,348.8337080549794,0.8498316498316498,0.11898123886385026,0.1968197757866683,129881.1445891775,61.384254693547575,129942.52884387104,3725,0,626.8444444444444,38,7,19,36.27611536177198,0.6154057017543859,45.16559829059829,1019.3376068376073,26.82467386414756,0
4726,4,0,0,45,0.0,0.0,1.0,45,950,700,250,0.7368421052631579,12,7,5,348.16026570192565,0.8492845117845118,0.11662475551830154,0.19685080425706034,129962.83512309153,49.57904156622041,130012.41416465775,3726,1,627.8444444444444,38,7,19,36.21035903883766,0.6162280701754386,45.085470085470085,1019.6581196581196,26.83310841205578,0
4727,4,1,2,44,0.021739130434782608,0.043478260869565216,0.9565217391304348,46,1200,800,400,0.6666666666666666,16,8,8,345.3176542539959,0.8534219001610306,0.12320205245776283,0.19716524129986257,130344.39718934942,-197.61042168892146,130146.7867676605,3727,0,615.1739130434783,38,8,20,35.89597719188112,0.6200657894736841,44.711538461538474,1021.1538461538486,26.872469635627596,0
4728,4,0,0,44,0.0,0.0,1.0,44,1500,1100,400,0.7333333333333333,19,11,8,359.20781239559136,0.846656976744186,0.12464655984919881,0.20380721334316734,130099.04308431971,546.5185322156691,130645.56161653539,3728,1,643.5,38,6,20,35.79039690019897,0.6175986842105262,44.95192307692309,1020.1923076923092,26.847165991902873,0
4729,4,0,0,44,0.0,0.0,1.0,44,1350,900,450,0.6666666666666666,18,9,9,354.6207948220075,0.8464367512332629,0.13071941292056022,0.20250008611120698,130348.82010388785,445.08589480655314,130793.9059986944,3729,2,644.5,36,8,20,35.653993897956184,0.6238425925925926,44.70720720720722,1021.1711711711725,28.365865865865903,0
4730,4,0,0,44,0.0,0.0,1.0,44,550,400,150,0.7272727272727273,7,4,3,355.30803538325557,0.8456439393939394,0.1291219805552768,0.20319318290833116,130406.32482144331,466.8830147715569,130873.20783621487,3730,3,645.5,36,8,20,35.578142227122385,0.6244212962962962,44.650900900900915,1021.3963963963984,28.372122122122178,0
4731,4,2,2,44,0.043478260869565216,0.043478260869565216,0.9565217391304348,46,1050,600,450,0.5714285714285714,15,6,9,341.6251798021664,0.849194847020934,0.13008741060279294,0.19740863588447474,130808.47447083445,-262.50627785080434,130545.96819298365,3731,0,618.3913043478261,38,8,17,35.52067014795475,0.6247258771929823,44.257478632478644,1022.970085470087,26.920265407107554,0
4732,4,4,5,43,0.08333333333333333,0.10416666666666667,0.8958333333333334,48,950,500,450,0.5263157894736842,14,5,9,326.63823014012695,0.8611295803782506,0.12771882850720573,0.19105683948567542,131276.04683059047,-1024.044880692687,130252.00194989778,3732,0,593.5416666666666,40,8,17,35.432368107893694,0.6260416666666666,43.80081300813009,1024.7967479674815,25.619918699187036,0
4733,4,0,0,43,0.0,0.0,1.0,43,1600,1200,400,0.75,20,12,8,362.57128890671834,0.8379014396456257,0.13915554103750183,0.20784281418626682,130498.99798525377,863.0379801097358,131362.0359653635,3733,8,663.4418604651163,35,8,17,35.298670895635084,0.6273809523809524,44.56018518518518,1021.7592592592592,29.193121693121693,0
4734,4,1,1,43,0.022727272727272728,0.022727272727272728,0.9772727272727273,44,1150,900,250,0.782608695652174,14,9,5,351.06227764406276,0.843882135306554,0.12801387206869985,0.2027144734800394,130780.4145995656,382.4140441116582,131162.82864367726,3734,0,649.3409090909091,36,8,17,35.30771771441153,0.6281828703703705,44.2849099099099,1022.860360360359,28.41278778778775,0
4735,4,0,0,43,0.0,0.0,1.0,43,1100,800,300,0.7272727272727273,14,8,6,355.8777715182612,0.8347637504614248,0.1374503879478246,0.20525691835087165,130735.62349965694,705.1804698216579,131440.80396947858,3735,10,665.4418604651163,35,8,17,35.2299305869926,0.6297619047619047,44.328703703703695,1022.6851851851842,29.21957671957669,0
4736,4,2,3,42,0.044444444444444446,0.06666666666666667,0.9333333333333333,45,1000,700,300,0.7,13,7,6,343.11001611614864,0.8404882154882155,0.1488487096275697,0.20081711462978305,131300.0289151467,10.071007425331572,131310.09992257203,3736,0,636.8222222222222,37,8,18,34.98615866053278,0.6314752252252254,43.77741228070174,1024.8903508771907,27.699739212897047,0
4737,4,0,0,42,0.0,0.0,1.0,42,1300,1000,300,0.7692307692307693,16,10,6,364.48918904082336,0.8243805652342238,0.159845754369647,0.2119656196714079,131053.71492346935,1153.532454648518,132207.24737811787,3737,1,681.2142857142857,34,8,19,34.68758477696391,0.635110294117647,44.01785714285714,1023.9285714285711,30.115546218487385,0
4738,4,0,0,42,0.0,0.0,1.0,42,1350,900,450,0.6666666666666666,18,9,9,368.02448207044193,0.8250096786682153,0.16395506488475675,0.21470174021804422,131175.63952664394,1255.1693594104213,132430.80888605435,3738,2,682.2142857142857,34,8,19,34.47365872554715,0.6363357843137255,43.89880952380952,1024.4047619047615,30.129551820728278,0
4739,4,0,0,42,0.0,0.0,1.0,42,1150,600,550,0.5217391304347826,17,6,11,369.19619493650595,0.8241627951993805,0.16754889936091932,0.2155755090750626,131209.51753257884,1288.4109224965714,132497.92845507542,3739,3,683.2142857142857,35,7,19,34.40936134960085,0.6345238095238095,43.86574074074074,1024.537037037037,29.27248677248677,0
4740,4,0,1,41,0.0,0.023809523809523808,0.9761904761904762,42,1550,1200,350,0.7741935483870968,19,12,7,369.6779885226603,0.8239208284939993,0.16127288860208178,0.21635813538454418,131298.4681096749,1307.6307173782411,132606.09882705315,3740,4,684.2142857142857,35,7,19,34.307006399397714,0.6354166666666667,43.778935185185176,1024.8842592592578,29.282407407407366,0
4741,4,0,0,41,0.0,0.0,1.0,41,1100,800,300,0.7272727272727273,14,8,6,379.92552705439084,0.8220528455284553,0.16768258252881796,0.22235562075787366,131298.46810967493,1776.7279396004633,133075.1960492754,3741,5,693.2439024390244,35,6,19,34.04444287596462,0.6354166666666667,43.778935185185176,1024.884259259258,29.282407407407373,0
4742,4,0,0,41,0.0,0.0,1.0,41,850,600,250,0.7058823529411765,11,6,5,377.75133848899463,0.8217479674796748,0.16736069799722375,0.2212543554006967,131328.1249999999,1721.8783489797534,133050.00334897966,3742,6,694.2439024390244,34,7,19,34.0701219512195,0.6378676470588236,43.74999999999999,1024.9999999999993,30.14705882352939,0
4743,4,0,0,41,0.0,0.0,1.0,41,1400,1100,300,0.7857142857142857,17,11,6,380.29881988516263,0.8221544715447154,0.16231103009649095,0.22399418530078255,131541.75347222228,1805.034722222233,133346.7881944445,3743,7,695.2439024390244,34,7,19,33.78858651502843,0.6400122549019608,43.54166666666667,1025.833333333334,30.171568627451,0
4744,4,0,0,41,0.0,0.0,1.0,41,1250,900,350,0.72,16,9,7,382.6025188877264,0.8217987804878049,0.16515630925629288,0.2255313616808772,131572.2859977324,1867.9776077097456,133440.26360544213,3744,8,696.2439024390244,34,7,18,33.69860563162373,0.6403186274509804,43.51190476190476,1025.9523809523807,30.1750700280112,0
4745,4,0,0,41,0.0,0.0,1.0,41,700,500,200,0.7142857142857143,9,5,4,380.21886518894235,0.8188008130081301,0.16893518662596407,0.2246653075252828,131663.90483276665,1812.2200963719038,133476.12492913855,3745,9,697.2439024390244,34,7,18,33.66706298573251,0.6412377450980391,43.42261904761906,1026.3095238095254,30.185574229691923,0
4746,4,0,0,41,0.0,0.0,1.0,41,1050,900,150,0.8571428571428571,12,9,3,383.19384361945765,0.8204268292682927,0.16750832706564944,0.2273335691238956,131816.6737528345,1902.2675736961496,133718.94132653065,3746,10,698.2439024390244,34,7,18,33.43621995517429,0.6427696078431373,43.273809523809526,1026.9047619047622,30.203081232493005,0
4747,4,0,0,41,0.0,0.0,1.0,41,750,500,250,0.6666666666666666,10,5,5,383.87225100910706,0.8194613821138211,0.17187645743649482,0.22828626147192177,131908.3776218821,1927.1931689342427,133835.57079081633,3747,11,699.2439024390244,34,7,18,33.32609031560243,0.6436887254901961,43.18452380952381,1027.2619047619048,30.21358543417367,0
4748,4,0,0,41,0.0,0.0,1.0,41,900,500,400,0.5555555555555556,13,5,8,390.39461778449805,0.8189532520325203,0.1734153686220672,0.23310284439497614,132061.2882653061,2111.2032312925153,134172.4914965986,3748,12,700.2439024390244,34,7,18,33.00396687514479,0.6452205882352942,43.035714285714285,1027.8571428571427,30.231092436974784,0
4749,4,0,0,41,0.0,0.0,1.0,41,1000,700,300,0.7,13,7,6,389.52116651102546,0.8192581300813008,0.16552156490651448,0.233145829186121,132153.0771683673,2095.284155328795,134248.3613236961,3749,13,701.2439024390244,34,7,18,32.933647871560346,0.646139705882353,42.94642857142857,1028.2142857142853,30.24159663865545,0
4750,4,0,0,41,0.0,0.0,1.0,41,650,200,450,0.3076923076923077,11,2,9,389.21842849794234,0.8183434959349594,0.1726513098464315,0.23353105709876537,132244.89795918367,2094.430272108838,134339.32823129251,3750,14,702.2439024390244,34,7,19,32.848668981481474,0.6470588235294117,42.857142857142854,1028.5714285714284,30.25210084033613,0
4751,4,0,0,41,0.0,0.0,1.0,41,1000,800,200,0.8,12,8,4,386.2544107668785,0.8177337398373984,0.17192528995826573,0.23214438521344044,132308.68115837197,2020.9623360339597,134329.64349440593,3751,15,703.2439024390244,35,6,19,32.860487681403974,0.6455357142857142,42.79513888888889,1028.819444444445,29.394841269841287,0
4752,4,0,0,41,0.0,0.0,1.0,41,600,400,200,0.6666666666666666,8,4,4,385.7445265910941,0.8180386178861788,0.17208702570715229,0.23202089589951452,132338.45191400888,2009.7666966735228,134348.2186106824,3752,16,704.2439024390244,35,6,19,32.84355080614923,0.6458333333333333,42.7662037037037,1028.935185185185,29.39814814814814,0
4753,4,0,0,41,0.0,0.0,1.0,41,1000,500,500,0.5,15,5,10,388.75766872942313,0.816260162601626,0.18334116126638955,0.23460705204670515,132462.9840864453,2099.240365035032,134562.22445148035,3753,17,705.2439024390244,32,9,19,32.64033689030622,0.6539713541666666,42.64520202020202,1029.4191919191921,32.169349747474755,0
4754,4,0,0,41,0.0,0.0,1.0,41,1150,800,350,0.6956521739130435,15,8,7,387.20558642879166,0.816260162601626,0.18044892404779378,0.2340742444274866,132527.98064291905,2063.114892612997,134591.09553553205,3754,18,706.2439024390244,32,9,19,32.61470468015534,0.6546223958333334,42.582070707070706,1029.6717171717169,32.17724116161615,0
4755,4,0,0,41,0.0,0.0,1.0,41,1500,1200,300,0.8,18,12,6,386.76714683962103,0.8153455284552845,0.179467707891102,0.23441652183637648,132625.50536935005,2059.0376619732683,134684.54303132332,3755,19,707.2439024390244,32,9,18,32.52763136389639,0.6555989583333334,42.48737373737374,1030.0505050505049,32.18907828282828,0
4756,4,0,0,41,0.0,0.0,1.0,41,1150,800,350,0.6956521739130435,15,8,7,386.2276232840414,0.8150914634146341,0.16848382540193563,0.23483644860415795,132745.069879974,2053.9625684832686,134799.03244845726,3756,20,708.2439024390244,33,8,18,32.4209923891069,0.6543560606060606,42.37132352941176,1030.5147058823527,31.227718360071293,0
4757,4,0,1,40,0.0,0.024390243902439025,0.975609756097561,41,1150,700,450,0.6086956521739131,16,7,9,386.13858923544893,0.8132621951219512,0.17214664300708615,0.23537665309047803,132839.80320069208,2058.914840445986,134898.71804113808,3757,21,709.2439024390244,33,8,18,32.32782532889522,0.6553030303030303,42.279411764705884,1030.8823529411768,31.23885918003566,0
4758,4,0,0,40,0.0,0.0,1.0,40,1250,900,350,0.72,16,9,7,393.67809222267215,0.8110576923076923,0.17239066519661872,0.23964163063487462,132788.12629132209,2455.1552456381687,135243.28153696025,3758,22,725.05,32,8,18,32.18562415778513,0.6572265625000002,42.32954545454544,1030.6818181818164,32.20880681818176,0
4759,4,0,0,40,0.0,0.0,1.0,40,1100,800,300,0.7272727272727273,14,8,6,392.8085018720487,0.810176282051282,0.16305705190989261,0.24015417988704266,132950.84685236186,2444.844594939273,135395.69144730113,3759,23,726.05,32,8,18,32.04400301991512,0.6588541666666667,42.17171717171716,1031.31313131313,32.228535353535314,0
4760,4,0,0,40,0.0,0.0,1.0,40,1200,800,400,0.6666666666666666,16,8,8,397.5404356985606,0.8077991452991453,0.1751835535976507,0.24389642946911658,133081.0950413221,2581.0233011937307,135662.11834251584,3760,24,727.05,32,8,18,31.79071830641214,0.6601562500000002,42.04545454545453,1031.8181818181802,32.24431818181813,0
4761,4,0,0,40,0.0,0.0,1.0,40,800,600,200,0.75,10,6,4,400.16160255870733,0.8072382478632478,0.175238532110092,0.24614906703667647,133178.8230314508,2658.610250229559,135837.43328168037,3761,25,728.05,32,8,18,31.62461773700306,0.6611328125,41.95075757575757,1032.196969696969,32.25615530303028,0
4762,4,0,0,40,0.0,0.0,1.0,40,900,600,300,0.6666666666666666,12,6,6,399.46724758499545,0.8069444444444445,0.178369206310383,0.24615250064073144,133243.9949526833,2645.3223841954773,135889.3173368788,3762,26,729.05,32,8,18,31.576882312176423,0.6617838541666667,41.887626262626256,1032.4494949494942,32.264046717171695,0
4763,4,0,0,40,0.0,0.0,1.0,40,1450,1100,350,0.7586206896551724,18,11,7,400.01013158394665,0.8073183760683761,0.17810794780545702,0.24758336338125309,133408.91273788913,2672.983347750849,136081.89608563998,3763,27,730.05,33,7,18,31.3967971530249,0.6609848484848486,41.72794117647058,1033.0882352941167,31.305704099821718,0
4764,4,0,0,40,0.0,0.0,1.0,40,650,400,250,0.6153846153846154,9,4,5,402.02358444924175,0.8077991452991453,0.1734913266552658,0.24969385905170652,133537.4658835832,2737.057156819489,136274.5230404027,3764,28,731.05,32,8,19,31.21538806091703,0.6647135416666667,41.60353535353535,1033.5858585858577,32.299558080808055,0
4765,4,1,1,40,0.024390243902439025,0.024390243902439025,0.975609756097561,41,1100,500,600,0.45454545454545453,17,5,12,392.910501168358,0.811229674796748,0.16269791976612225,0.2459112943932131,133820.69283749032,2315.9110978950384,136136.60393538536,3765,0,714.1951219512196,33,8,17,31.16622744680013,0.6650883838383839,41.3296568627451,1034.681372549019,31.35398098633391,0
4766,4,0,0,40,0.0,0.0,1.0,40,550,400,150,0.7272727272727273,7,4,3,399.00790075120335,0.8058760683760684,0.16801062141374667,0.24891650533534712,133700.6447843333,2669.522720895832,136370.16750522912,3766,30,733.05,32,8,17,31.129186505514188,0.6663411458333334,41.44570707070707,1034.217171717172,32.31928661616163,0
4767,4,0,0,40,0.0,0.0,1.0,40,1300,1000,300,0.7692307692307693,16,10,6,398.11144408158617,0.8052884615384616,0.17033975844821359,0.2496801459171199,133896.59098880197,2661.1530392306704,136557.74402803264,3767,31,734.05,32,8,17,30.955430848684486,0.6682942708333335,41.25631313131312,1034.9747474747458,32.342960858585805,0
4768,4,0,0,40,0.0,0.0,1.0,40,550,300,250,0.5454545454545454,8,3,5,398.11144408158617,0.8052884615384616,0.17033975844821359,0.2496801459171199,133896.59098880197,2661.1530392306704,136557.74402803264,3768,32,735.05,32,8,17,30.955430848684486,0.6682942708333335,41.25631313131312,1034.9747474747458,32.342960858585805,0
4769,4,0,0,40,0.0,0.0,1.0,40,1000,700,300,0.7,13,7,6,399.8172576856496,0.8053685897435897,0.17351183215418442,0.25097257875244666,133929.26263901638,2709.446102438525,136638.7087414549,3769,33,736.05,32,8,17,30.878466292591696,0.6686197916666667,41.224747474747474,1035.1010101010097,32.34690656565655,0
4770,4,0,0,40,0.0,0.0,1.0,40,1350,1000,350,0.7407407407407407,17,10,7,398.8695873452404,0.8035523504273504,0.17387330420786373,0.2510396288515848,134026.3676303855,2691.8083900226734,136718.17602040817,3770,34,737.05,34,6,17,30.805453360925874,0.664828431372549,41.13095238095238,1035.4761904761906,30.455182072829135,0
4771,4,0,0,40,0.0,0.0,1.0,40,1200,900,300,0.75,15,9,6,401.1903418066295,0.8017094017094017,0.17874051942082314,0.2533496628738233,134149.6669501132,2763.9101473922706,136913.57709750548,3771,35,738.05,34,6,17,30.621552516662828,0.6660539215686276,41.01190476190475,1035.9523809523796,30.46918767506999,0
4772,4,0,0,40,0.0,0.0,1.0,40,1450,900,550,0.6206896551724138,20,9,11,400.6458421929339,0.8019764957264958,0.17761344055140738,0.2536452404574173,134242.1786422902,2756.714143990922,136998.89278628113,3772,36,739.05,34,6,18,30.54279149913843,0.6669730392156863,40.922619047619044,1036.3095238095234,30.47969187675069,0
4773,4,0,0,40,0.0,0.0,1.0,40,1450,1200,250,0.8275862068965517,17,12,5,398.5811470774717,0.8027510683760684,0.18002296211251445,0.25340451029523897,134396.43565759616,2713.5770975056435,137110.0127551018,3773,37,740.05,34,6,18,30.4415422885572,0.6685049019607844,40.77380952380951,1036.9047619047603,30.497198879551775,0
4774,4,0,1,39,0.0,0.025,0.975,40,950,700,250,0.7368421052631579,12,7,5,397.3653875493615,0.8028846153846154,0.17696877511192755,0.2528451344735198,134427.2976899092,2683.351048752823,137110.648738662,3774,38,741.05,34,6,18,30.442113419814035,0.6688112745098039,40.74404761904761,1037.0238095238087,30.50070028011202,0
4775,4,0,0,39,0.0,0.0,1.0,39,700,400,300,0.5714285714285714,10,4,6,404.990572531733,0.7976270805218174,0.175734094863913,0.2567773809950073,134296.61218041135,3077.772371203378,137374.38455161473,3775,39,758.4102564102565,33,6,19,30.375581303696688,0.6698232323232323,40.870098039215684,1036.519607843137,31.409685086155665,0
4776,4,0,0,39,0.0,0.0,1.0,39,1050,700,350,0.6666666666666666,14,7,7,405.5091448599585,0.7974583895636528,0.17437546376453184,0.2573741715335652,134334.72222222202,3094.7916666666424,137429.51388888864,3776,40,759.4102564102565,34,5,19,30.32388799571276,0.6678921568627452,40.83333333333332,1036.666666666665,30.49019607843132,0
4777,4,0,0,39,0.0,0.0,1.0,39,750,600,150,0.8,9,6,3,401.408089752289,0.7974021592442645,0.17095978766853226,0.25606662475120373,134519.90504535136,2999.4756235827526,137519.3806689341,3777,41,760.4102564102565,34,5,21,30.244434243745694,0.6697303921568627,40.6547619047619,1037.3809523809516,30.511204481792696,0
4778,4,0,0,39,0.0,0.0,1.0,39,1050,800,250,0.7619047619047619,13,8,5,401.32775159929173,0.7964462438146649,0.1726603890147329,0.2564627886969656,134583.53261146814,3002.428395217889,137585.96100668603,3778,42,761.4102564102565,32,7,21,30.182728968929982,0.6751302083333334,40.59343434343434,1037.6262626262621,32.42582070707069,0
4779,4,0,0,39,0.0,0.0,1.0,39,550,300,250,0.5454545454545454,8,3,5,402.674623048644,0.7972896986054882,0.17033501778027316,0.2577870250358143,134649.04729109278,3043.9508723599647,137692.99816345275,3779,43,762.4102564102565,32,7,21,30.08211678832117,0.67578125,40.53030303030303,1037.878787878788,32.433712121212125,0
4780,4,0,0,39,0.0,0.0,1.0,39,800,400,400,0.5,12,4,8,399.1471522937346,0.7975708502024291,0.1669816439945364,0.25598969470819705,134714.57791296803,2954.188029282724,137668.76594225076,3780,44,763.4102564102565,32,7,21,30.10799278358875,0.6764322916666667,40.467171717171716,1038.131313131313,32.44160353535353,0
4781,4,0,0,39,0.0,0.0,1.0,39,850,600,250,0.7058823529411765,11,6,5,401.19171108914384,0.7974583895636528,0.16678980593874226,0.25799857886694344,134812.90373750124,3017.1639054688303,137830.06764297007,3781,45,764.4102564102565,32,7,16,29.956433637284704,0.6774088541666666,40.37247474747475,1038.510101010101,32.453440656565654,0
4782,4,0,0,39,0.0,0.0,1.0,39,900,800,100,0.8888888888888888,10,8,2,402.28160590240356,0.7975708502024291,0.1643943219435562,0.2589333716864768,134845.6869834711,3049.1879017447254,137894.87488521583,3782,46,765.4102564102565,32,7,16,29.895301483102358,0.677734375,40.34090909090909,1038.636363636364,32.457386363636374,0
4783,4,0,0,39,0.0,0.0,1.0,39,850,600,250,0.7058823529411765,11,6,5,401.1083701028648,0.7973459289248763,0.16282222700114968,0.2584117901986117,134878.47421500372,3020.176990868291,137898.651205872,3783,47,766.4102564102565,32,7,16,29.89293383574409,0.6780598958333333,40.30934343434344,1038.7626262626272,32.4613320707071,0
4784,4,0,0,39,0.0,0.0,1.0,39,1100,800,300,0.7272727272727273,14,8,6,401.3065305661883,0.7966711650922178,0.15865092496517974,0.259007956080719,134944.06063475684,3030.786558769536,137974.84719352637,3784,48,767.4102564102565,32,7,16,29.822122979705924,0.6787109375,40.24621212121213,1039.0151515151529,32.46922348484853,0
4785,4,0,0,39,0.0,0.0,1.0,39,700,400,300,0.5714285714285714,10,4,6,400.563859446319,0.7960526315789473,0.15414517455333798,0.2592328373397877,135042.4701561066,3018.626606978889,138061.0967630855,3785,49,768.4102564102565,32,7,16,29.742923955296398,0.6796875,40.151515151515156,1039.39393939394,32.48106060606062,0
4786,4,0,0,39,0.0,0.0,1.0,39,400,200,200,0.5,6,2,4,398.4129148328327,0.7957152496626181,0.15141720072494924,0.25830960163256267,135108.09643148663,2965.7621033568066,138073.85853484343,3786,50,769.4102564102565,32,7,17,29.73316937899766,0.6803385416666666,40.08838383838384,1039.646464646465,32.48895202020203,0
4787,4,0,0,39,0.0,0.0,1.0,39,750,500,250,0.6666666666666666,10,5,5,398.1504457739046,0.7944219523166892,0.1486905517988566,0.2586093904884765,135173.73864911756,2963.8968600143007,138137.63550913185,3787,51,770.4102564102565,32,7,17,29.67434636554962,0.6809895833333333,40.02525252525253,1039.898989898991,32.49684343434347,0
4788,4,0,0,39,0.0,0.0,1.0,39,900,500,400,0.5555555555555556,13,5,8,395.6015742158757,0.7935222672064778,0.145143518777896,0.2574222565869183,135239.3968089991,2900.1836547291077,138139.5804637282,3788,52,771.4102564102565,32,7,17,29.674981791697,0.681640625,39.96212121212121,1040.1515151515152,32.50473484848485,0
4789,4,0,0,39,0.0,0.0,1.0,39,1200,700,500,0.5833333333333334,17,7,10,396.4572746153241,0.7918353576248314,0.14696022469874093,0.2585193749219739,135314.7302119377,2929.3018310265315,138244.03204296425,3789,53,772.4102564102565,33,6,18,29.577444051825687,0.6799242424242424,39.88970588235294,1040.441176470588,31.52852049910873,0
4790,4,0,0,39,0.0,0.0,1.0,39,1500,1100,400,0.7333333333333333,19,11,8,395.2571581598841,0.7908794421952317,0.1425897073565472,0.258194137468749,135378.49024413686,2901.8634659746253,138280.3537101115,3790,54,773.4102564102565,33,6,18,29.544963887580483,0.6805555555555556,39.82843137254902,1040.6862745098038,31.535947712418295,0
4791,4,0,0,39,0.0,0.0,1.0,39,1150,1000,150,0.8695652173913043,13,10,3,396.26966109968066,0.7897548358074674,0.1401427687478305,0.25954593454447106,135474.15845167736,2936.859771482134,138411.01822315948,3791,55,774.4102564102565,33,6,18,29.42306749068079,0.6815025252525253,39.73651960784314,1041.0539215686283,31.547088532382677,0
4792,4,0,0,39,0.0,0.0,1.0,39,1300,1100,200,0.8461538461538461,15,11,4,396.5751108855246,0.7900359874044085,0.13885443731271607,0.2602083951501392,135537.9560295319,2950.1959883217937,138488.1520178537,3792,56,775.4102564102565,33,6,18,29.35141324388998,0.6821338383838385,39.67524509803921,1041.299019607843,31.554515745692214,0
4793,4,0,0,39,0.0,0.0,1.0,39,500,300,200,0.6,7,3,4,393.8910393377614,0.7887989203778678,0.13642584793573498,0.2589145532055655,135602.6803429706,2882.536139455788,138485.2164824264,3793,57,776.4102564102565,34,5,18,29.356688383434296,0.680453431372549,39.61309523809524,1041.5476190476195,30.633753501400573,0
4794,4,0,0,39,0.0,0.0,1.0,39,1150,1000,150,0.8695652173913043,13,10,3,393.71640849605717,0.7880116959064328,0.1309900365018477,0.2592695460392554,135667.5910949707,2882.9219722964062,138550.5130672671,3794,58,777.4102564102565,31,8,18,29.296468149814608,0.688508064516129,39.55078125,1041.796875,33.606350806451616,0
4795,4,0,0,39,0.0,0.0,1.0,39,600,300,300,0.5,9,3,6,393.516768098625,0.7869433198380567,0.13268104800509395,0.2600865428866411,135798.13483636867,2887.768626925812,138685.9034632945,3795,59,778.4102564102565,32,7,18,29.171461740359376,0.6871744791666667,39.425505050505045,1042.2979797979792,32.57181186868685,0
4796,4,0,0,39,0.0,0.0,1.0,39,800,500,300,0.625,11,5,6,393.516768098625,0.7869433198380567,0.13268104800509395,0.2600865428866411,135798.13483636867,2887.768626925812,138685.9034632945,3796,60,779.4102564102565,32,7,18,29.171461740359376,0.6871744791666667,39.425505050505045,1042.2979797979792,32.57181186868685,0
4797,4,0,0,39,0.0,0.0,1.0,39,1200,800,400,0.6666666666666666,16,8,8,390.84397445629105,0.7857624831309042,0.12851248521426517,0.25927553293449856,135929.7700011478,2825.466310835625,138755.2363119834,3797,61,780.4102564102565,32,7,16,29.109910400774915,0.6884765625,39.29924242424242,1042.80303030303,32.58759469696969,0
4798,4,0,0,39,0.0,0.0,1.0,39,700,500,200,0.7142857142857143,9,5,4,387.85392224481876,0.7857624831309042,0.12714671036908043,0.2577684031910254,135995.61149691354,2749.2862654320907,138744.89776234562,3798,62,781.4102564102565,32,7,16,29.122281402574345,0.6891276041666667,39.23611111111111,1043.0555555555552,32.5954861111111,0
4799,4,0,0,39,0.0,0.0,1.0,39,850,500,350,0.5882352941176471,12,5,7,387.9403774743175,0.7860436347278453,0.12595199523304101,0.25806468588508946,136028.5382231405,2754.192493112945,138782.73071625343,3799,63,782.4102564102565,32,7,16,29.087236746550474,0.689453125,39.20454545454545,1043.181818181818,32.59943181818181,0
4800,4,0,0,39,0.0,0.0,1.0,39,650,400,250,0.6153846153846154,9,4,5,389.0400074408039,0.7853126405757985,0.126020800754586,0.25927634044280684,136094.40363228248,2789.233560350994,138883.63719263347,3800,64,783.4102564102565,32,7,16,28.99297152307197,0.6901041666666666,39.141414141414145,1043.4343434343439,32.607323232323246,0
4801,4,0,0,39,0.0,0.0,1.0,39,550,400,150,0.7272727272727273,7,4,3,387.8673824350742,0.7840193432298695,0.12875107794052876,0.25897510365172244,136160.28498367517,2762.4266656463683,138922.71164932154,3801,65,784.4102564102565,32,7,16,28.957980482296968,0.6907552083333334,39.07828282828283,1043.686868686869,32.61521464646466,0
4802,4,0,0,39,0.0,0.0,1.0,39,900,600,300,0.6666666666666666,12,6,6,386.4390924766255,0.7837944219523167,0.13094442537973916,0.2583742692084691,136208.7373245867,2727.276167820068,138936.01349240675,3802,66,785.4102564102565,33,6,17,28.94703373248806,0.6887626262626263,39.03186274509804,1043.8725490196077,31.63250148544266,0
4803,4,0,0,39,0.0,0.0,1.0,39,1200,800,400,0.6666666666666666,16,8,8,386.4390924766255,0.7836257309941521,0.13094442537973916,0.2583742692084691,136208.7373245867,2727.276167820068,138936.01349240675,3803,67,786.4102564102565,33,6,17,28.94703373248806,0.6887626262626263,39.03186274509804,1043.8725490196077,31.63250148544266,0
4804,4,0,0,39,0.0,0.0,1.0,39,550,200,350,0.36363636363636365,9,2,7,386.7689144346152,0.7838506522717049,0.1342823338705621,0.25609871102539017,135863.9444476328,2711.512398525627,138575.45684615843,3804,68,787.4102564102565,32,7,15,29.28172056033264,0.6878255208333335,39.36237373737373,1042.5505050505042,32.579703282828255,1
4805,4,0,0,39,0.0,0.0,1.0,39,850,500,350,0.5882352941176471,12,5,7,388.7151240846813,0.7823886639676114,0.13594710374371433,0.2581018428407931,135962.68875624926,2770.15068615446,138732.83944240373,3805,69,788.4102564102565,32,7,15,29.132617029862793,0.6888020833333334,39.26767676767676,1042.9292929292922,32.59154040404038,0
4806,4,0,0,39,0.0,0.0,1.0,39,1400,1100,300,0.7857142857142857,17,11,6,389.5357330645756,0.781770130454341,0.13753421596558923,0.2591259441690434,136028.53822314032,2797.5952708907084,138826.13349403103,3806,70,789.4102564102565,32,7,15,29.045630597918183,0.689453125,39.204545454545446,1043.1818181818169,32.59943181818178,0
4807,4,0,0,39,0.0,0.0,1.0,39,1050,800,250,0.7619047619047619,13,8,5,389.358924138474,0.781770130454341,0.13379626182143167,0.25948888299035067,136094.40363228237,2797.914115906534,138892.3177481889,3807,71,790.4102564102565,32,7,15,28.984652307195873,0.6901041666666667,39.14141414141414,1043.434343434343,32.60732323232322,0
4808,4,0,0,39,0.0,0.0,1.0,39,1000,700,300,0.7,13,7,6,386.5923328776211,0.7814889788574,0.13497366412924094,0.2581237660392903,136160.2849836751,2727.70444342413,138887.98942709924,3808,72,791.4102564102565,32,7,15,28.99124929429792,0.6907552083333334,39.07828282828282,1043.6868686868684,32.615214646464636,0
4809,4,0,0,39,0.0,0.0,1.0,39,550,300,250,0.5454545454545454,8,3,5,385.3769506894397,0.7816014394961763,0.13501202722759653,0.2574318030605454,136176.75781249988,2695.8767361110968,138872.63454861098,3809,73,792.4102564102565,33,6,15,29.00657019294744,0.6884469696969697,39.06249999999999,1043.749999999999,31.62878787878785,0
4810,4,0,0,39,0.0,0.0,1.0,39,1400,1100,300,0.7857142857142857,17,11,6,383.9590160609093,0.7815452091767882,0.14364148894243955,0.2578788568862984,136368.6912035033,2671.997699202208,139040.6889027055,3810,74,793.4102564102565,33,6,16,28.85268782510071,0.6903409090909092,38.878676470588225,1044.4852941176457,31.651069518716536,0
4811,4,0,0,39,0.0,0.0,1.0,39,1050,800,250,0.7619047619047619,13,8,5,385.98544009215396,0.7803643724696356,0.13962385374686082,0.2606886280007008,136565.33446712006,2742.4461451247007,139307.78061224477,3811,75,794.4102564102565,34,5,16,28.60430903568717,0.6899509803921569,38.69047619047618,1045.2380952380943,30.74229691876748,0
4812,4,0,0,39,0.0,0.0,1.0,39,1050,700,350,0.6666666666666666,14,7,7,385.0907195100002,0.7804206027890239,0.1367462966369697,0.2603142115486765,136596.44451530598,2720.4046201813894,139316.84913548737,3812,76,795.4102564102565,34,5,16,28.596780928519916,0.6902573529411765,38.66071428571428,1045.3571428571418,30.745798319327697,0
4813,4,0,0,39,0.0,0.0,1.0,39,1100,800,300,0.7272727272727273,14,8,6,383.90966972218934,0.7800832208726945,0.13038007572904542,0.25997522198689166,136658.67524092956,2692.917375283429,139351.592616213,3813,77,796.4102564102565,34,5,16,28.56583741318455,0.6908700980392157,38.60119047619047,1045.595238095237,30.752801120448144,0
4814,4,0,0,39,0.0,0.0,1.0,39,800,700,100,0.875,9,7,2,383.0097934953414,0.780195681511471,0.12932883849218513,0.2598255626144073,136720.92013888896,2673.1044501133897,139394.02458900237,3814,78,797.4102564102565,33,6,17,28.527556440903062,0.6938131313131313,38.54166666666667,1045.833333333334,31.69191919191921,0
4815,4,0,0,39,0.0,0.0,1.0,39,500,400,100,0.8,6,4,2,380.48684255294063,0.7796333783175888,0.12603117075633286,0.258572148918228,136783.17920918364,2608.8399943310596,139392.0192035147,3815,79,798.4102564102565,34,5,18,28.53173248359318,0.6920955882352942,38.482142857142854,1046.0714285714282,30.766806722689065,0
4816,4,0,0,39,0.0,0.0,1.0,39,1250,1100,150,0.88,14,11,3,381.5806047657218,0.7787899235267657,0.12635342215690204,0.26070227332595136,136970.0414540817,2653.022250566898,139623.06370464858,3816,80,799.4102564102565,34,5,15,28.317743280639895,0.6939338235294118,38.30357142857143,1046.7857142857147,30.787815126050432,0
4817,4,0,0,39,0.0,0.0,1.0,39,850,600,250,0.7058823529411765,11,6,5,380.4172945617307,0.7785087719298246,0.12120894112708558,0.2606036232838773,137063.52040816328,2628.2667233560114,139691.7871315193,3817,81,800.4102564102565,34,5,15,28.25550439593754,0.6948529411764706,38.214285714285715,1047.1428571428573,30.798319327731097,0
4818,4,0,1,38,0.0,0.02564102564102564,0.9743589743589743,39,1000,700,300,0.7,13,7,6,377.6632586387488,0.7778340080971661,0.12154795929367013,0.2598760233995016,137219.38952664385,2564.544359410414,139783.93388605426,3818,82,801.4102564102565,34,5,15,28.17317160928682,0.6963848039215688,38.06547619047618,1047.7380952380943,30.815826330532186,0
4819,4,0,0,38,0.0,0.0,1.0,38,1200,900,300,0.75,15,9,6,382.2123730378577,0.7751007586533902,0.12447522314558301,0.26311721332316296,137234.06412197236,2890.5114619377223,140124.57558391007,3819,83,814.5526315789474,33,5,16,28.039473684210524,0.6988636363636365,38.0514705882353,1047.7941176470592,31.751336898395735,0
4820,4,0,0,38,0.0,0.0,1.0,38,950,800,150,0.8421052631578947,11,8,3,382.73094724093676,0.7735301090564248,0.13114814632465155,0.26396089200036205,137298.27470203757,2909.6597462514305,140207.934448289,3820,84,815.5526315789474,33,5,17,27.962270034299973,0.6994949494949495,37.99019607843137,1048.0392156862738,31.758764111705265,0
4821,4,0,0,38,0.0,0.0,1.0,38,1000,800,200,0.8,12,8,4,382.8176602533437,0.7724336178283546,0.1283113958167954,0.264264685080456,137330.3856239187,2914.4993812475996,140244.8850051663,3821,85,816.5526315789474,33,5,17,27.928187965236376,0.6998106060606061,37.95955882352941,1048.1617647058824,31.762477718360074,0
4822,4,0,0,38,0.0,0.0,1.0,38,900,400,500,0.4444444444444444,14,4,10,395.27241982341786,0.7724336178283546,0.12991496665487468,0.2686648579408916,136789.0167236328,3215.4746836215345,140004.49140725436,3822,86,817.5526315789474,31,7,18,28.13926230188366,0.6995967741935484,38.4765625,1046.09375,33.74495967741935,1
4823,4,0,0,38,0.0,0.0,1.0,38,1050,800,250,0.7619047619047619,13,8,5,399.8705675133873,0.771633475580844,0.1309763956930654,0.2723186339438628,136857.13026258684,3345.0276692708385,140202.15793185768,3823,87,818.5526315789474,31,7,18,27.95130247220839,0.700268817204301,38.411458333333336,1046.354166666667,33.753360215053775,0
4824,4,0,0,38,0.0,0.0,1.0,38,1250,1000,250,0.8,15,10,5,403.7892664731799,0.7700924608819346,0.13518026217571788,0.2755227609432447,136925.26075575093,3457.790120442719,140383.05087619365,3824,88,819.5526315789474,31,7,18,27.781060794559174,0.7009408602150538,38.34635416666667,1046.614583333334,33.76176075268819,0
4825,4,0,0,38,0.0,0.0,1.0,38,600,200,400,0.3333333333333333,10,2,8,401.96034751615036,0.7702406353722143,0.13833464257659034,0.2748096253426744,136993.40820312512,3413.183593750016,140406.59179687515,3825,89,820.5526315789474,31,7,16,27.761194029850753,0.7016129032258064,38.28125000000001,1046.875000000001,33.77016129032261,0
4826,4,0,0,38,0.0,0.0,1.0,38,900,700,200,0.7777777777777778,11,7,4,405.47551749579713,0.7697368421052632,0.14714658709436712,0.2780255402573487,137095.66116333022,3517.786831325971,140613.4479946562,3826,90,821.5526315789474,31,7,16,27.567579468689125,0.7026209677419354,38.18359375000001,1047.2656250000011,33.78276209677423,0
4827,4,0,0,38,0.0,0.0,1.0,38,900,700,200,0.7777777777777778,11,7,4,403.51560431570135,0.7695293978188715,0.1450671795073062,0.27749457712172104,137197.95227050796,3472.3029242621683,140670.2551947701,3827,91,822.5526315789474,31,7,16,27.5172963791532,0.7036290322580645,38.08593750000001,1047.6562500000011,33.79536290322584,0
4828,4,0,0,38,0.0,0.0,1.0,38,1050,700,350,0.6666666666666666,14,7,7,402.1537218021329,0.7689366998577525,0.14541233778589602,0.27670576977728867,137216.55475206627,3436.4296372819304,140652.9843893482,3828,92,823.5526315789474,32,6,16,27.534496264160037,0.701171875,38.06818181818183,1047.7272727272739,32.74147727272731,0
4829,4,0,0,38,0.0,0.0,1.0,38,750,600,150,0.8,9,6,3,401.5770068224705,0.7681069227121858,0.1506150919467344,0.2768346475603411,137282.70712172237,3425.915722885436,140708.6228446078,3829,93,824.5526315789474,32,6,18,27.483935742971887,0.7018229166666666,38.00505050505051,1047.9797979797988,32.74936868686871,0
4830,4,0,0,38,0.0,0.0,1.0,38,1100,900,200,0.8181818181818182,13,9,4,400.95795756926094,0.7679587482219061,0.1493447206741101,0.27667098967435055,137315.78928489456,3411.571682736477,140727.36096763104,3830,94,825.5526315789474,32,6,18,27.4673232140706,0.7021484375,37.97348484848486,1048.1060606060619,32.753314393939434,0
4831,4,0,0,38,0.0,0.0,1.0,38,850,600,250,0.7058823529411765,11,6,5,400.6389109665214,0.7678994784257942,0.15245282301260765,0.27697792487552286,137381.96556792688,3408.112214314883,140790.07778224177,3831,95,826.5526315789474,32,6,18,27.410022481833884,0.7027994791666666,37.91035353535354,1048.3585858585868,32.76120580808084,0
4832,4,0,0,38,0.0,0.0,1.0,38,700,300,400,0.42857142857142855,11,3,8,400.5604551964876,0.7676920341394026,0.1478069119343024,0.27771745750100413,137481.25988419564,3413.911208040016,140895.17109223566,3832,96,827.5526315789474,32,6,18,27.313588570511286,0.7037760416666665,37.815656565656575,1048.7373737373748,32.77304292929296,0
4833,4,0,0,38,0.0,0.0,1.0,38,1350,900,450,0.6666666666666666,18,9,9,401.46146764186506,0.7671882408724514,0.147374123282203,0.27860822152890347,137514.3659607439,3441.343836088165,140955.70979683206,3833,97,828.5526315789474,32,6,18,27.257132538822678,0.7041015625,37.784090909090914,1048.8636363636372,32.77698863636366,0
4834,4,0,0,38,0.0,0.0,1.0,38,1100,900,200,0.8181818181818182,13,9,4,401.92403640270203,0.7649063537221432,0.1518832266519785,0.28053690299039974,137713.0861168503,3470.039887511477,141183.12600436178,3834,98,829.5526315789474,32,6,18,27.04799711295561,0.7060546875,37.59469696969697,1049.621212121212,32.800662878787875,0
4835,4,0,0,38,0.0,0.0,1.0,38,1400,1000,400,0.7142857142857143,18,10,8,400.2840121116864,0.762624466571835,0.15177758097165994,0.28128065715956346,137945.10764207738,3443.4442276298414,141388.5518697072,3835,99,830.5526315789474,32,6,20,26.861227964743605,0.7083333333333333,37.37373737373738,1050.5050505050508,32.82828282828284,0
4836,4,0,0,38,0.0,0.0,1.0,38,1350,1100,250,0.8148148148148148,16,11,5,397.29205985090624,0.7613501659554291,0.14191051872834404,0.280259246288046,138077.7790531578,3371.441051933476,141449.22010509128,3836,100,831.5526315789474,32,6,15,26.80852554861446,0.7096354166666666,37.24747474747475,1051.010101010101,32.844065656565654,0
4837,4,0,0,38,0.0,0.0,1.0,38,450,200,250,0.4444444444444444,7,2,5,394.95385292889114,0.7600462304409673,0.14229996080761587,0.2791498963909974,138144.13867207436,3312.111965615765,141456.25063769013,3837,101,832.5526315789474,32,6,15,26.804337817279208,0.7102864583333333,37.18434343434344,1051.2626262626268,32.85195707070709,0
4838,4,0,0,38,0.0,0.0,1.0,38,750,500,250,0.6666666666666666,10,5,5,394.95385292889114,0.7600462304409673,0.14229996080761587,0.2791498963909974,138144.13867207436,3312.111965615765,141456.25063769013,3838,102,833.5526315789474,32,6,15,26.804337817279208,0.7102864583333333,37.18434343434344,1051.2626262626268,32.85195707070709,0
4839,4,0,0,38,0.0,0.0,1.0,38,550,300,250,0.5454545454545454,8,3,5,393.77086427164164,0.7599573257467994,0.140825975109504,0.2785836862183485,138177.32445987655,3282.04089506173,141459.3653549383,3839,103,834.5526315789474,32,6,15,26.80261999119331,0.7106119791666666,37.15277777777778,1051.388888888889,32.85590277777778,0
4840,4,0,0,38,0.0,0.0,1.0,38,800,700,100,0.875,9,7,2,396.08652688616485,0.7588311996206734,0.13787906553513096,0.28076635595190363,138243.70799216925,3351.2940324966976,141595.00202466594,3840,104,835.5526315789474,32,6,15,26.67612158322328,0.7112630208333333,37.08964646464647,1051.6414141414148,32.86379419191921,0
4841,4,0,0,38,0.0,0.0,1.0,38,1350,1200,150,0.8888888888888888,15,12,3,396.2023355529206,0.7559862494073021,0.13261477827534174,0.2819431308422277,138376.5228835067,3365.020310427498,141741.5431939342,3841,105,836.5526315789474,32,6,17,26.541811672466892,0.7125651041666667,36.963383838383834,1052.146464646464,32.879577020202,0
4842,4,0,0,38,0.0,0.0,1.0,38,1000,700,300,0.7,13,7,6,398.0667645086775,0.7550082977714557,0.13215981412263833,0.2840997045329056,138476.1759004184,3424.552660442819,141900.72856086123,3842,106,837.5526315789474,32,6,18,26.394303822776706,0.7135416666666666,36.86868686868687,1052.525252525253,32.89141414141416,0
4843,4,0,0,38,0.0,0.0,1.0,38,1100,900,200,0.8181818181818182,13,9,4,394.20269405675697,0.7551564722617354,0.13587076577401036,0.2821679198059483,138575.86478739424,3325.3958460871427,141901.26063348138,3843,107,838.5526315789474,32,6,19,26.397549666226954,0.7145182291666666,36.7739898989899,1052.904040404041,32.903251262626284,0
4844,4,0,0,38,0.0,0.0,1.0,38,1100,900,200,0.8181818181818182,13,9,4,396.3407691113297,0.7544452347083926,0.13502461188943582,0.28397611807461254,138609.10238751146,3387.2876492194673,141996.39003673094,3844,108,839.5526315789474,32,6,19,26.30845323741007,0.71484375,36.74242424242424,1053.030303030303,32.90719696969697,0
4845,4,1,0,39,0.02564102564102564,0.0,1.0,39,700,600,100,0.8571428571428571,8,6,2,387.2129033162891,0.7571412505623032,0.1304136601126027,0.28016758681497367,138940.71878904762,2959.927822231853,141900.64661127946,3845,0,819.0,33,6,20,26.221836374907987,0.7155934343434343,36.42769607843138,1054.2892156862756,31.94815805109926,0
4846,4,0,0,39,0.0,0.0,1.0,39,1200,800,400,0.6666666666666666,16,8,8,388.68568412699557,0.7555105713000451,0.1295189067932183,0.282313728546924,139069.95093533737,3010.89980416186,142080.85073949923,3846,1,820.0,33,6,20,26.055705627202666,0.7168560606060606,36.30514705882353,1054.7794117647059,31.963012477718358,0
4847,4,0,0,39,0.0,0.0,1.0,39,600,400,200,0.6666666666666666,8,4,4,387.03827356840037,0.7559604138551507,0.1299621787426668,0.281928894705916,139166.91446799305,2972.5844627066463,142139.4989306997,3847,2,821.0,33,6,16,26.0036778939218,0.7178030303030303,36.213235294117645,1055.147058823529,31.974153297682697,0
4848,4,0,0,39,0.0,0.0,1.0,39,800,500,300,0.625,11,5,6,390.658609276947,0.7550607287449393,0.13671642501726056,0.2862172259804572,139360.94290657446,3088.51042868128,142449.45333525573,3848,3,822.0,33,6,17,25.717173475704108,0.7196969696969697,36.029411764705884,1055.8823529411768,31.99643493761142,0
4849,4,0,1,38,0.0,0.02564102564102564,0.9743589743589743,39,550,300,250,0.5454545454545454,8,3,5,390.658609276947,0.7549482681061629,0.13671642501726056,0.2862172259804572,139360.94290657446,3088.51042868128,142449.45333525573,3849,4,823.0,33,6,17,25.717173475704108,0.7196969696969697,36.029411764705884,1055.8823529411768,31.99643493761142,0
4850,4,0,1,37,0.0,0.02631578947368421,0.9736842105263158,38,650,400,250,0.6153846153846154,9,4,5,400.0751273911694,0.7497332859174964,0.14209140611221693,0.2912045091010987,139141.44602591585,3533.4063488419692,142674.85237475781,3850,114,845.5526315789474,32,6,17,25.684887107068775,0.7200520833333333,36.237373737373744,1055.050505050506,32.97032828282831,0
4851,4,0,0,37,0.0,0.0,1.0,37,1050,600,450,0.5714285714285714,15,6,9,402.652974315147,0.7468093093093093,0.15111656572663468,0.29344421797211784,139183.07834201385,3808.4960937499945,142991.57443576385,3851,115,858.0540540540541,31,6,17,25.57584731819678,0.7231182795698925,36.197916666666664,1055.208333333333,34.03897849462365,0
4852,4,0,0,37,0.0,0.0,1.0,37,1000,700,300,0.7,13,7,6,399.19618338958446,0.7453078078078078,0.15031387622975179,0.2918199692280758,139286.14510430224,3720.4995049370605,143006.6446092393,3852,116,859.0540540540541,31,6,17,25.565483532749475,0.7241263440860215,36.100260416666664,1055.598958333333,34.05157930107526,0
4853,4,0,1,36,0.0,0.02702702702702703,0.972972972972973,37,950,600,350,0.631578947368421,13,6,7,397.1524064278827,0.7434309309309309,0.1557844368841781,0.2915206487363398,139423.62679375536,3674.4857788085837,143098.11257256396,3853,117,860.0540540540541,31,6,17,25.48403916492007,0.7254704301075269,35.97005208333333,1056.119791666666,34.06838037634407,0
4854,4,0,1,35,0.0,0.027777777777777776,0.9722222222222222,36,650,400,250,0.6153846153846154,9,4,5,409.36580875277195,0.7381283068783069,0.156563406181484,0.29968018897977844,139333.81252529193,4207.699770204647,143541.51229549656,3854,118,881.25,30,6,17,25.250106089539564,0.7274305555555556,36.05510752688172,1055.779569892473,35.1926523297491,0
4855,4,0,0,35,0.0,0.0,1.0,35,600,300,300,0.5,9,3,6,417.38305816078713,0.7374649859943977,0.16441396372632822,0.30490317727782884,139262.86863004387,4625.192399410325,143888.0610294542,3855,119,892.4,30,5,17,25.108504180992394,0.7267361111111112,36.122311827956985,1055.5107526881716,35.18369175627239,0
4856,4,0,0,35,0.0,0.0,1.0,35,500,200,300,0.4,8,2,6,417.38305816078713,0.7374649859943977,0.16441396372632822,0.30490317727782884,139262.86863004387,4625.192399410325,143888.0610294542,3856,120,893.4,30,5,17,25.108504180992394,0.7267361111111112,36.122311827956985,1055.5107526881716,35.18369175627239,0
4857,4,0,0,35,0.0,0.0,1.0,35,850,500,350,0.5882352941176471,12,5,7,417.38305816078713,0.7374649859943977,0.16441396372632822,0.30490317727782884,139262.86863004387,4625.192399410325,143888.0610294542,3857,121,894.4,30,5,17,25.108504180992394,0.7267361111111112,36.122311827956985,1055.5107526881716,35.18369175627239,0
4858,4,0,1,34,0.0,0.02857142857142857,0.9714285714285714,35,1150,1000,150,0.8695652173913043,13,10,3,421.24118549063223,0.7359943977591036,0.16558119238531588,0.3090281974229595,139404.77448621223,4744.606493525255,144149.3809797375,3858,122,895.4,30,5,17,24.866626362903563,0.728125,35.98790322580645,1056.048387096774,35.2016129032258,0
4859,4,0,0,34,0.0,0.0,1.0,34,1050,700,350,0.6666666666666666,14,7,7,416.52781446025665,0.7345142602495545,0.13412078990100085,0.30687208523637094,139546.7526050699,4825.020775523178,144371.77338059308,3859,123,830.7941176470588,30,4,18,24.851057965483612,0.7295138888888889,35.85349462365591,1056.586021505376,35.2195340501792,0
4860,4,0,0,34,0.0,0.0,1.0,34,900,500,400,0.5555555555555556,13,5,8,416.8528385400227,0.7332144979203803,0.13154509006043913,0.30809499269537005,139653.28361660306,4842.9735374031625,144496.25715400622,3860,124,831.7941176470588,30,4,19,24.73746397083757,0.7305555555555556,35.75268817204301,1056.9892473118277,35.232974910394255,0
4861,4,0,0,34,0.0,0.0,1.0,34,1050,700,350,0.6666666666666666,14,7,7,415.6344872151218,0.7316919191919192,0.1328182817160415,0.3088411501318031,139830.9256308533,4823.71101427911,144654.6366451324,3861,125,832.7941176470588,30,4,20,24.594664718092094,0.7322916666666668,35.58467741935484,1057.6612903225807,35.255376344086024,0
4862,4,0,0,34,0.0,0.0,1.0,34,300,100,200,0.3333333333333333,5,1,4,414.7395171537483,0.7308377896613191,0.1347410120337842,0.3085066162570887,139866.46758295753,4801.630246271236,144668.09782922876,3862,126,833.7941176470588,30,4,20,24.583333333333336,0.732638888888889,35.5510752688172,1057.795698924731,35.259856630824366,0
4863,4,0,0,34,0.0,0.0,1.0,34,950,800,150,0.8421052631578947,11,8,3,412.92554098808125,0.7286838978015449,0.13517905574525013,0.30814813120371193,139973.12053777886,4759.695304370438,144732.81584214928,3863,127,834.7941176470588,30,4,20,24.526334730513575,0.7336805555555556,35.4502688172043,1058.1989247311822,35.27329749103941,0
4864,4,0,0,34,0.0,0.0,1.0,34,750,600,150,0.8,9,6,3,412.61082522165054,0.7279040404040404,0.13154238073182056,0.30824455766558584,140008.6805555555,4753.823960862523,144762.50451641803,3864,128,835.7941176470588,29,5,20,24.4996719160105,0.7370689655172413,35.416666666666664,1058.333333333333,36.494252873563205,0
4865,4,0,0,34,0.0,0.0,1.0,34,900,500,400,0.5555555555555556,13,5,8,410.8952344669564,0.7277554961378492,0.1287111906672429,0.3083331956275664,140155.70987654311,4717.862654320974,144873.5725308641,3865,129,836.7941176470588,29,5,20,24.4004678209164,0.7385057471264368,35.27777777777777,1058.8888888888882,36.5134099616858,0
4866,4,0,0,34,0.0,0.0,1.0,34,950,900,50,0.9473684210526315,10,9,1,411.059392636388,0.7263443256090315,0.12580520732883316,0.30880077525639976,140192.47926311722,4725.487075617271,144917.9663387345,3866,130,837.7941176470588,29,5,20,24.359972677595625,0.7388649425287357,35.24305555555555,1059.0277777777771,36.51819923371645,0
4867,4,0,0,34,0.0,0.0,1.0,34,350,200,150,0.5714285714285714,5,2,3,411.059392636388,0.7263443256090315,0.12580520732883316,0.30880077525639976,140192.47926311722,4725.487075617271,144917.9663387345,3867,131,838.7941176470588,29,5,20,24.359972677595625,0.7388649425287357,35.24305555555555,1059.0277777777771,36.51819923371645,0
4868,4,0,0,34,0.0,0.0,1.0,34,650,300,350,0.46153846153846156,10,3,7,411.0460018749164,0.7239676173499703,0.13063882954519168,0.3094815257946679,140266.03250385795,4731.15837191357,144997.1908757715,3868,132,839.7941176470588,29,5,18,24.28802827673616,0.7395833333333334,35.17361111111111,1059.305555555555,36.52777777777776,0
4869,4,0,0,34,0.0,0.0,1.0,34,1050,800,250,0.7619047619047619,13,8,5,409.5882171823454,0.7242275698158052,0.1282093359788754,0.3099820230998056,140435.7530494854,4704.165944039762,145139.91899352518,3869,133,840.7941176470588,30,4,18,24.159903626680197,0.7381944444444445,35.01344086021505,1059.9462365591392,35.33154121863797,0
4870,4,0,0,34,0.0,0.0,1.0,34,750,400,350,0.5333333333333333,11,4,7,409.45302663375617,0.7230763517528224,0.1281866783980672,0.310892678259259,140542.62279237478,4709.120454676828,145251.7432470516,3870,134,841.7941176470588,30,4,18,24.058551992225446,0.7392361111111111,34.912634408602145,1060.3494623655909,35.34498207885303,0
4871,4,0,0,34,0.0,0.0,1.0,34,400,200,200,0.5,6,2,4,410.2107398786545,0.7224821746880571,0.12571385968836202,0.3118075855146997,140578.25507284075,4733.342004856044,145311.5970776968,3871,135,842.7941176470588,30,4,18,24.00348542458808,0.7395833333333334,34.87903225806451,1060.4838709677417,35.34946236559139,0
4872,4,0,0,34,0.0,0.0,1.0,34,550,400,150,0.7272727272727273,7,4,3,410.9577777345599,0.7221479500891266,0.1227794881734221,0.3127162800485448,140613.89186972464,4757.2745042779325,145371.16637400258,3872,136,843.7941176470588,30,4,18,23.948696827609524,0.7399305555555555,34.84543010752687,1060.618279569891,35.3539426523297,0
4873,4,0,0,34,0.0,0.0,1.0,34,600,500,100,0.8333333333333334,7,5,2,412.002736383653,0.7211081402257873,0.12030798127664677,0.3138538219632999,140649.5331830268,4789.598508498078,145439.13169152488,3873,137,844.7941176470588,30,4,18,23.88600270315932,0.7402777777777778,34.81182795698924,1060.7526881720419,35.35842293906806,0
4874,4,0,0,34,0.0,0.0,1.0,34,950,800,150,0.8421052631578947,11,8,3,415.29394191815334,0.7201426024955437,0.1174458635747182,0.3170532279982496,140720.82935888536,4888.101586888652,145608.93094577402,3874,138,845.7941176470588,30,4,18,23.728728570222117,0.7409722222222223,34.744623655913976,1061.0215053763436,35.367383512544784,0
4875,4,0,0,34,0.0,0.0,1.0,34,450,400,50,0.8888888888888888,5,4,1,414.4560433588252,0.7201054664289959,0.11636180754759184,0.31675996731054423,140756.48422144167,4867.475105503509,145623.9593269452,3875,139,846.7941176470588,30,4,18,23.715959468017736,0.7413194444444444,34.71102150537634,1061.1559139784936,35.37186379928312,0
4876,4,0,0,34,0.0,0.0,1.0,34,850,700,150,0.8235294117647058,10,7,3,412.1913731553633,0.718100118835413,0.11819075566412951,0.31606674419233566,140863.47590761926,4812.541912359792,145676.01781997905,3876,140,847.7941176470588,30,4,19,23.671077065923868,0.7423611111111112,34.61021505376343,1061.5591397849453,35.385304659498175,0
4877,4,0,0,34,0.0,0.0,1.0,34,250,100,150,0.4,4,1,3,414.43037974683546,0.7170231729055259,0.11579300074460197,0.31848249027237346,140934.82628049477,4881.534714995946,145816.36099549072,3877,141,848.7941176470588,30,4,19,23.54166666666667,0.7430555555555556,34.54301075268817,1061.8279569892468,35.394265232974895,0
4878,4,0,0,34,0.0,0.0,1.0,34,550,200,350,0.36363636363636365,9,2,7,413.2401851816618,0.7162804515745693,0.1124733872288477,0.3182674408679817,141006.19471904266,4853.8852034917345,145860.07992253438,3878,142,849.7941176470588,30,4,19,23.503279760398208,0.74375,34.475806451612904,1062.0967741935485,35.403225806451616,0
4879,4,0,0,34,0.0,0.0,1.0,34,950,700,250,0.7368421052631579,12,7,5,411.3992304740019,0.7147207367795604,0.11323696883536427,0.31719884082302796,141041.88571294374,4804.904649381437,145846.79036232518,3879,143,850.7941176470588,30,4,19,23.51717702138428,0.7440972222222222,34.44220430107527,1062.2311827956992,35.40770609318997,0
4880,4,0,0,34,0.0,0.0,1.0,34,1050,800,250,0.7619047619047619,13,8,5,412.9181084198385,0.7140522875816994,0.11176470588235321,0.3190730837789661,141113.28125,4853.663899005666,145966.94514900565,3880,144,851.7941176470588,29,5,20,23.40686274509804,0.747844827586207,34.375,1062.5,36.63793103448276,0
4881,4,0,0,34,0.0,0.0,1.0,34,250,200,50,0.8,3,2,1,412.9181084198385,0.7140522875816994,0.11176470588235321,0.3190730837789661,141113.28125,4853.645833333334,145966.92708333334,3881,145,852.7941176470588,29,5,20,23.40686274509804,0.747844827586207,34.375,1062.5,36.63793103448276,0
4882,4,0,0,34,0.0,0.0,1.0,34,850,200,650,0.23529411764705882,15,2,13,410.09059262964485,0.7127525252525253,0.11513625305946396,0.3175892571912439,141184.69485272854,4779.703036478198,145964.39788920674,3882,146,853.7941176470588,30,4,20,23.412008347034284,0.7454861111111111,34.30779569892473,1062.7688172043004,35.42562724014335,0
4883,4,0,0,34,0.0,0.0,1.0,34,400,300,100,0.75,5,3,2,411.2749323338783,0.7121954842543078,0.11820494510399038,0.31885903577414787,141220.40842872005,4816.082784136892,146036.49121285696,3883,147,854.7941176470588,30,4,20,23.34555724161188,0.7458333333333333,34.274193548387096,1062.9032258064512,35.430107526881706,0
4884,4,0,0,34,0.0,0.0,1.0,34,950,800,150,0.8421052631578947,11,8,3,412.1229018936168,0.7105614973262032,0.11579232982210996,0.32129345051075797,141399.0440549487,4854.756872181776,146253.80092713048,3884,148,855.7941176470588,30,4,16,23.148089641518187,0.7475694444444444,34.106182795698935,1063.5752688172054,35.45250896057351,0
4885,4,0,0,34,0.0,0.0,1.0,34,450,300,150,0.6666666666666666,6,3,3,412.1229018936168,0.7105614973262032,0.11579232982210996,0.32129345051075797,141399.0440549487,4854.756872181776,146253.80092713048,3885,149,856.7941176470588,30,4,16,23.148089641518187,0.7475694444444444,34.106182795698935,1063.5752688172054,35.45250896057351,0
4886,4,0,0,34,0.0,0.0,1.0,34,900,800,100,0.8888888888888888,10,8,2,408.261384467105,0.7072563874034463,0.1181485856942246,0.3197037963230534,141542.03385145677,4757.229340097117,146299.26319155388,3886,150,857.7941176470588,30,4,16,23.11086901604143,0.7489583333333333,33.971774193548384,1064.1129032258061,35.47043010752687,0
4887,4,0,0,34,0.0,0.0,1.0,34,750,400,350,0.5333333333333333,11,4,7,408.261384467105,0.7072563874034463,0.1181485856942246,0.3197037963230534,141542.03385145677,4757.229340097117,146299.26319155388,3887,151,858.7941176470588,30,4,16,23.11086901604143,0.7489583333333333,33.971774193548384,1064.1129032258061,35.47043010752687,0
4888,4,0,0,34,0.0,0.0,1.0,34,750,400,350,0.5333333333333333,11,4,7,406.3796186312037,0.7056966726084374,0.11224254810806156,0.3187857008341135,141597.90886773018,4708.500840928839,146306.40970865902,3888,152,859.7941176470588,31,3,17,23.10629230894707,0.7466397849462365,33.91927083333334,1064.3229166666679,34.332997311827995,0
4889,4,0,0,34,0.0,0.0,1.0,34,1050,600,450,0.5714285714285714,15,6,9,403.6602784165889,0.7042855020796198,0.10409038263709514,0.3176833586729982,141701.86572604722,4639.882914225281,146341.7486402725,3889,153,860.7941176470588,31,3,18,23.077050466756347,0.7476478494623655,33.82161458333334,1064.7135416666679,34.34559811827961,0
4890,4,0,0,34,0.0,0.0,1.0,34,900,500,400,0.5555555555555556,13,5,8,402.63288325345536,0.7043226381461676,0.10083725346338124,0.31721885541876305,141736.52648925793,4613.557264539947,146350.08375379787,3890,154,861.7941176470588,31,3,18,23.070534768076953,0.7479838709677418,33.78906250000001,1064.843750000001,34.349798387096804,0
4891,4,0,0,34,0.0,0.0,1.0,34,1050,800,250,0.7619047619047619,13,8,5,403.3737542467958,0.70291146761735,0.10488162069807139,0.31828415501138685,141784.8485645599,4638.457332160006,146423.30589671992,3891,155,862.7941176470588,32,2,18,23.003606006718037,0.7457682291666666,33.74368686868688,1065.025252525254,33.28203914141419,0
4892,4,0,0,34,0.0,0.0,1.0,34,700,600,100,0.8571428571428571,8,6,2,398.89750320239443,0.7016859774212716,0.10257518508707131,0.3157502000020458,141885.72116365694,4519.571982450795,146405.29314610772,3892,156,863.7941176470588,32,2,18,23.024314608517027,0.7467447916666666,33.64898989898991,1065.4040404040418,33.293876262626306,0
4893,4,0,0,34,0.0,0.0,1.0,34,950,700,250,0.7368421052631579,12,7,5,398.92685075347055,0.700274806892454,0.0988905691408184,0.31677719164722934,141986.62963281825,4528.4558017039335,146515.0854345222,3893,157,864.7941176470588,32,2,18,22.92505824744304,0.7477213541666666,33.55429292929294,1065.7828282828298,33.30571338383843,0
4894,4,0,0,34,0.0,0.0,1.0,34,1050,700,350,0.6666666666666666,14,7,7,395.6030646003471,0.6981951871657754,0.09765733249521791,0.3161555069987899,142189.54436094296,4450.123900663211,146639.6682616062,3894,158,865.7941176470588,33,1,20,22.815767551419057,0.7471590909090908,33.3639705882353,1066.5441176470592,32.319518716577555,0
4895,4,0,0,34,0.0,0.0,1.0,34,750,600,150,0.8,9,6,3,393.9243023703649,0.6963755199049317,0.09453532892446903,0.31581217789654525,142289.57026068785,4410.26769446966,146699.8379551575,3895,159,866.7941176470588,32,2,21,22.76306706114398,0.7506510416666665,33.27020202020203,1066.919191919193,33.34122474747478,0
4896,4,0,0,34,0.0,0.0,1.0,34,700,300,400,0.42857142857142855,11,3,8,390.0379845472757,0.6957813428401665,0.09128292906942792,0.3140362972726354,142424.31416437114,4310.178489439878,146734.49265381103,3896,160,867.7941176470588,32,2,22,22.73553938963805,0.7519531249999999,33.143939393939405,1067.4242424242436,33.35700757575761,0
4897,4,0,0,34,0.0,0.0,1.0,34,850,600,250,0.7058823529411765,11,6,5,390.41476407781676,0.6955213903743316,0.08788743173200686,0.3146765329149611,142458.01010419868,4323.542081165201,146781.5521853639,3897,161,868.7941176470588,32,2,17,22.69268677311256,0.7522786458333333,33.112373737373744,1067.550505050506,33.36095328282831,0
4898,4,0,0,34,0.0,0.0,1.0,34,750,500,250,0.6666666666666666,10,5,5,390.41476407781676,0.6955213903743316,0.08788743173200686,0.3146765329149611,142458.01010419868,4323.542081165201,146781.5521853639,3898,162,869.7941176470588,32,2,17,22.69268677311256,0.7522786458333333,33.112373737373744,1067.550505050506,33.36095328282831,0
4899,4,0,0,34,0.0,0.0,1.0,34,700,500,200,0.7142857142857143,9,5,4,382.3002465951781,0.6955213903743316,0.1090629639698042,0.302932561597813,141919.35333448116,4065.034499030711,145984.38783351186,3899,163,870.7941176470588,32,2,19,23.433611802346253,0.7470703125,33.61742424242424,1065.530303030303,33.29782196969697,3
4900,4,0,0,34,0.0,0.0,1.0,34,1000,800,200,0.8,12,8,4,383.36530813841074,0.6933303624480095,0.10777777026433077,0.30511388979835624,142058.87046148113,4092.088529652053,146150.95899113317,3900,164,871.7941176470588,33,1,19,23.269317354485196,0.7458964646464648,33.486519607843135,1066.0539215686272,32.304664289958396,0
4901,4,0,0,34,0.0,0.0,1.0,34,1150,1000,150,0.8695652173913043,13,10,3,380.34076877794774,0.6928847296494356,0.10753898250096317,0.3039582838084922,142189.54436094296,4016.096122885435,146205.6404838284,3901,165,872.7941176470588,33,1,20,23.22271534719829,0.7471590909090909,33.3639705882353,1066.5441176470592,32.319518716577555,0
4902,4,0,1,33,0.0,0.029411764705882353,0.9705882352941176,34,800,300,500,0.375,13,3,10,376.37749557236606,0.6895424836601307,0.10546479101633754,0.3017258265610516,142287.58920847756,3910.7692954632853,146198.35850394084,3902,166,873.7941176470588,33,1,21,23.233019373612063,0.7481060606060606,33.27205882352941,1066.9117647058827,32.3306595365419,0
4903,4,0,0,33,0.0,0.0,1.0,33,850,600,250,0.7058823529411765,11,6,5,354.37476650557244,0.6878156565656566,0.09819202757935908,0.273010320115893,141015.6418955449,3394.4770340734203,144410.1189296183,3903,167,888.939393939394,33,0,21,25.05708915041728,0.7357954545454546,34.46691176470588,1062.1323529411757,32.18582887700532,3
4904,4,0,0,33,0.0,0.0,1.0,33,600,400,200,0.6666666666666666,8,4,4,356.54243401547916,0.6878156565656566,0.09177849760913181,0.26846278742419855,140268.19612648967,3402.3128123798397,143670.50893886952,3904,168,889.939393939394,33,0,17,25.72931127564399,0.7285353535353536,35.171568627450974,1059.313725490195,32.100415923945306,1
4905,4,0,0,33,0.0,0.0,1.0,33,600,400,200,0.6666666666666666,8,4,4,356.38943869439146,0.6875000000000001,0.0912911649753756,0.26861261530191916,140300.65246840144,3400.3341563340873,143700.98662473552,3905,169,890.939393939394,33,0,18,25.701633892423363,0.7288510101010102,35.14093137254901,1059.4362745098028,32.10412953060008,0
4906,4,0,0,33,0.0,0.0,1.0,33,800,600,200,0.75,10,6,4,353.89105898549025,0.6871843434343435,0.08936362585026902,0.2672572914451991,140365.5764159216,3334.8244965878325,143700.40091250942,3906,170,891.939393939394,33,0,18,25.704362784780866,0.7294823232323233,35.07965686274509,1059.6813725490183,32.111556743909645,0
4907,4,0,0,33,0.0,0.0,1.0,33,800,400,400,0.5,12,4,8,353.09239312282375,0.6873421717171718,0.08697053794186105,0.26691809578026043,140398.04402153014,3314.6962706651248,143712.74029219526,3907,171,892.939393939394,33,0,18,25.693802035152636,0.7297979797979799,35.049019607843135,1059.8039215686272,32.11527035056446,0
4908,4,0,0,33,0.0,0.0,1.0,33,800,600,200,0.75,10,6,4,351.2602872901817,0.6851325757575758,0.08598760696784069,0.26632364113473783,140495.46936574864,3270.0957864763473,143765.56515222497,3908,172,893.939393939394,33,0,18,25.647203598813235,0.7307449494949496,34.95710784313725,1060.1715686274501,32.12641117052879,0
4909,4,0,0,33,0.0,0.0,1.0,33,700,400,300,0.5714285714285714,10,4,6,350.02791719689327,0.6845012626262627,0.0849955359487422,0.26644605306412555,140625.42238862434,3244.5647407246925,143869.98712934903,3909,173,894.939393939394,33,0,18,25.55302811476989,0.7320075757575759,34.8345588235294,1060.6617647058806,32.1412655971479,0
4910,4,0,0,33,0.0,0.0,1.0,33,900,700,200,0.7777777777777778,11,7,4,351.08886806738496,0.6841066919191919,0.0925820925820926,0.26805356434986044,140722.9265787196,3281.250600730472,144004.17717945008,3910,174,895.939393939394,33,0,19,25.429756679756686,0.7329545454545455,34.74264705882352,1061.029411764705,32.152406417112275,0
4911,4,0,0,33,0.0,0.0,1.0,33,950,800,150,0.8421052631578947,11,8,3,349.5985711581611,0.6843434343434344,0.08874333917631505,0.26771646549963135,140820.46455990465,3246.126639994213,144066.59119989886,3911,175,896.939393939394,33,0,19,25.37416291421314,0.7339015151515152,34.65073529411764,1061.397058823528,32.16354723707661,0
4912,4,0,0,33,0.0,0.0,1.0,33,600,400,200,0.6666666666666666,8,4,4,349.5864069894122,0.6832386363636365,0.08467918245131667,0.2682433165411229,140885.50865352264,3250.3317534121416,144135.8404069348,3912,176,897.939393939394,33,0,19,25.311069106160286,0.7345328282828284,34.58946078431372,1061.6421568627447,32.170974450386204,0
4913,4,0,0,33,0.0,0.0,1.0,33,850,600,250,0.7058823529411765,11,6,5,351.3844987944886,0.6822916666666667,0.0827571735823327,0.27016385821244365,140950.56776540252,3305.568921808895,144256.1366872114,3913,177,898.939393939394,33,0,19,25.199918253510305,0.7351641414141414,34.52818627450979,1061.887254901959,32.17840166369573,0
4914,4,0,0,33,0.0,0.0,1.0,33,600,400,200,0.6666666666666666,8,4,4,354.0085806968607,0.680239898989899,0.08344170826865827,0.27300234675092405,141048.18459246433,3386.4535274894142,144434.63811995374,3914,178,899.939393939394,33,0,19,25.035090755268417,0.7361111111111113,34.436274509803916,1062.2549019607834,32.189542483660105,0
4915,4,0,0,33,0.0,0.0,1.0,33,950,900,50,0.9473684210526315,10,9,1,353.863898500577,0.677951388888889,0.08366013071895417,0.27344028520499086,141113.28124999977,3386.9791666666365,144500.2604166664,3915,179,900.939393939394,33,0,20,24.97549019607844,0.7367424242424243,34.374999999999986,1062.4999999999982,32.19696969696964,0
4916,4,0,0,33,0.0,0.0,1.0,33,350,300,50,0.8571428571428571,4,3,1,353.863898500577,0.677951388888889,0.08366013071895417,0.27344028520499086,141113.28124999977,3386.9791666666365,144500.2604166664,3916,180,901.939393939394,33,0,20,24.97549019607844,0.7367424242424243,34.374999999999986,1062.4999999999982,32.19696969696964,0
4917,4,0,0,33,0.0,0.0,1.0,33,600,200,400,0.3333333333333333,10,2,8,354.60437630206576,0.6765309343434344,0.08625461254612565,0.2745651027938849,141178.3929257976,3412.4951941560757,144590.88811995368,3917,181,902.939393939394,33,0,21,24.892373923739235,0.7373737373737375,34.31372549019607,1062.7450980392146,32.20439691027923,0
4918,4,0,0,33,0.0,0.0,1.0,33,1100,900,200,0.8181818181818182,13,9,4,353.20723867753026,0.6758207070707072,0.08502731324308077,0.2745901436170474,141308.66133217976,3382.248414071488,144690.90974625124,3918,182,903.939393939394,33,0,21,24.802616413093588,0.7386363636363638,34.191176470588225,1063.2352941176457,32.21925133689835,0
4919,4,0,0,33,0.0,0.0,1.0,33,550,200,350,0.36363636363636365,9,2,7,357.17961705747905,0.6755050505050506,0.0816529434828881,0.27216080680013544,140657.9200307574,3448.0284025374876,144105.9484332949,3919,183,904.939393939394,33,0,18,25.331658194701177,0.7323232323232323,34.80392156862745,1060.7843137254902,32.144979203802734,1
4920,4,0,0,33,0.0,0.0,1.0,33,1150,800,350,0.6956521739130435,15,8,7,360.6741797668045,0.6745580808080809,0.08543221801103762,0.27564675398064975,140755.43548454935,3553.3702482218505,144308.8057327712,3920,184,905.939393939394,33,0,18,25.14375697732609,0.733270202020202,34.712009803921575,1061.1519607843147,32.156120023767116,0
4921,4,0,0,33,0.0,0.0,1.0,33,900,600,300,0.6666666666666666,12,6,6,360.6741797668045,0.6745580808080809,0.08543221801103762,0.27564675398064975,140755.43548454935,3553.3702482218505,144308.8057327712,3921,185,906.939393939394,33,0,18,25.14375697732609,0.733270202020202,34.712009803921575,1061.1519607843147,32.156120023767116,0
4922,4,0,0,33,0.0,0.0,1.0,33,450,300,150,0.6666666666666666,6,3,3,361.9220327592554,0.6740056818181819,0.08708796976695377,0.2768767494430345,140787.94814494418,3590.852076124565,144378.80022106876,3922,186,907.939393939394,33,0,18,25.07890685142418,0.7335858585858586,34.681372549019606,1061.274509803921,32.15983363042185,0
4923,4,0,0,33,0.0,0.0,1.0,33,800,600,200,0.75,10,6,4,360.96233317901374,0.6718750000000001,0.08419373793335061,0.2772497920800508,140918.03633217985,3573.220636293726,144491.25696847358,3923,187,908.939393939394,33,0,19,24.977396891351194,0.7348484848484849,34.55882352941176,1061.7647058823522,32.174688057040974,0
4924,4,0,0,33,0.0,0.0,1.0,33,1050,800,250,0.7619047619047619,13,8,5,360.006512859735,0.6730587121212122,0.08561086922310279,0.2767929400114998,140950.56776540264,3548.624477364466,144499.1922427671,3924,188,909.939393939394,33,0,19,24.97102808232353,0.7351641414141414,34.5281862745098,1061.88725490196,32.17840166369576,0
4925,4,0,0,33,0.0,0.0,1.0,33,1200,1000,200,0.8333333333333334,14,10,4,361.7014797411101,0.671796085858586,0.09318846051656404,0.2789349133804216,141048.1845924643,3603.467416378304,144651.6520088426,3925,189,910.939393939394,33,0,19,24.83079526226735,0.7361111111111112,34.436274509803916,1062.2549019607832,32.1895424836601,0
4926,4,0,0,33,0.0,0.0,1.0,33,450,300,150,0.6666666666666666,6,3,3,361.7014797411101,0.671796085858586,0.09318846051656404,0.2789349133804216,141048.1845924643,3603.467416378304,144651.6520088426,3926,190,911.939393939394,33,0,19,24.83079526226735,0.7361111111111112,34.436274509803916,1062.2549019607832,32.1895424836601,0
4927,4,0,0,33,0.0,0.0,1.0,33,800,400,400,0.5,12,4,8,361.0167192668162,0.6707702020202021,0.09626778804307956,0.27868690465930784,141080.73104394932,3586.5005346501202,144667.23157859943,3927,191,912.939393939394,33,0,19,24.81723670550237,0.7364267676767677,34.405637254901954,1062.3774509803911,32.19325609031488,0
4928,4,0,0,33,0.0,0.0,1.0,33,850,700,150,0.8235294117647058,10,7,3,361.9827480562632,0.6684027777777778,0.09766018114726638,0.2802780706378492,141178.39292579758,3620.828527489408,144799.221453287,3928,192,913.939393939394,33,0,20,24.69634071340713,0.7373737373737375,34.31372549019607,1062.7450980392143,32.20439691027922,0
4929,4,0,0,33,0.0,0.0,1.0,33,600,500,100,0.8333333333333334,7,5,2,361.2612920534393,0.6676136363636365,0.09527303474034743,0.280001714564743,141210.95439554472,3602.810367406733,144813.76476295144,3929,193,914.939393939394,33,0,20,24.68376474883739,0.737689393939394,34.2830882352941,1062.8676470588214,32.20811051693398,0
4930,4,0,0,33,0.0,0.0,1.0,33,550,200,350,0.36363636363636365,9,2,7,361.2612920534393,0.6676136363636365,0.09527303474034743,0.280001714564743,141210.95439554472,3602.810367406733,144813.76476295144,3930,194,915.939393939394,33,0,20,24.68376474883739,0.737689393939394,34.2830882352941,1062.8676470588214,32.20811051693398,0
4931,4,0,0,33,0.0,0.0,1.0,33,850,700,150,0.8235294117647058,10,7,3,359.48422460115137,0.6665088383838385,0.09240066369749389,0.2791876140031319,141276.0885987359,3557.3050329200096,144833.3936316559,3931,195,916.939393939394,33,0,20,24.66750720461095,0.7383207070707072,34.221813725490186,1063.1127450980377,32.21553773024357,0
4932,4,0,0,33,0.0,0.0,1.0,33,600,300,300,0.5,9,3,6,358.42876731750334,0.6656407828282829,0.08930242955139245,0.2786494610436072,141308.66133217973,3529.817858515932,144838.47919069565,3932,196,917.939393939394,33,0,20,24.66382357461196,0.7386363636363638,34.191176470588225,1063.2352941176455,32.219251336898346,0
4933,4,0,0,33,0.0,0.0,1.0,33,550,400,150,0.7272727272727273,7,4,3,399.03073187611574,0.6656407828282829,0.11166908061895842,0.28761653507147716,138811.5467158065,4478.0146157727895,143289.5613315793,3933,197,918.939393939394,33,0,19,26.037790246927944,0.7143308080808081,36.55024509803922,1053.7990196078438,31.933303624480114,7
4934,4,0,0,33,0.0,0.0,1.0,33,700,300,400,0.42857142857142855,11,3,8,398.60726820415925,0.6658775252525253,0.11355973406897713,0.2878607148466813,138876.1252432959,4471.406580401775,143347.53182369767,3934,198,919.939393939394,33,0,19,25.985229430686363,0.7149621212121211,36.4889705882353,1054.0441176470592,31.940730837789673,0
4935,4,0,0,33,0.0,0.0,1.0,33,800,400,400,0.5,12,4,8,397.05781796117265,0.6654040404040404,0.11297861909199436,0.28730805648182456,138942.73757934573,4433.667550092476,143376.4051294382,3935,199,920.939393939394,31,2,19,25.96036083323041,0.720766129032258,36.42578125,1054.2968750000002,34.00957661290323,0
4936,4,0,0,33,0.0,0.0,1.0,33,500,300,200,0.6,7,3,4,397.8686175887821,0.6649305555555556,0.11055742611298136,0.28877560954024506,139045.71533203128,4464.385308159723,143510.100640191,3936,200,921.939393939394,31,2,19,25.83744855967077,0.7217741935483871,36.328125,1054.6875000000002,34.02217741935485,0
4937,4,0,0,33,0.0,0.0,1.0,33,550,300,250,0.5454545454545454,8,3,5,400.1261136018114,0.6645359848484849,0.11588608873229944,0.2910073404310479,139114.3883599175,4532.659912109365,143647.04827202688,3937,201,922.939393939394,31,2,19,25.710215584629296,0.7224462365591398,36.26302083333333,1054.9479166666663,34.030577956989234,0
4938,4,0,0,33,0.0,0.0,1.0,33,750,400,350,0.5333333333333333,11,4,7,402.34156796914044,0.6631155303030304,0.11872955339951008,0.293517408495939,139217.42969089077,4602.5917900933055,143820.02148098408,3938,202,923.939393939394,31,2,18,25.550200493522517,0.7234543010752689,36.16536458333333,1055.338541666666,34.04317876344084,0
4939,4,0,0,33,0.0,0.0,1.0,33,500,400,100,0.8,6,4,2,402.31227061744744,0.6626420454545455,0.11926842122968928,0.2940978879978039,139286.14510430224,4607.305060492617,143893.45016479486,3939,203,924.939393939394,31,2,18,25.483250071954277,0.7241263440860215,36.100260416666664,1055.598958333333,34.05157930107526,0
4940,4,0,0,33,0.0,0.0,1.0,33,700,400,300,0.5714285714285714,10,4,6,403.8000798742248,0.66177398989899,0.12004618885861973,0.295791765826566,139354.87747192368,4654.302130805106,144009.17960272878,3940,204,925.939393939394,31,2,18,25.376253750976286,0.7247983870967742,36.03515624999999,1055.8593749999989,34.059979838709644,0
4941,4,0,0,33,0.0,0.0,1.0,33,1250,900,350,0.72,16,9,7,402.82700626255786,0.6596433080808082,0.11840365697895883,0.2966005743025765,139526.78256564666,4641.031222873253,144167.8137885199,3941,205,926.939393939394,31,2,18,25.2326226275573,0.726478494623656,35.87239583333333,1056.5104166666663,34.08098118279569,0
4942,4,0,1,32,0.0,0.030303030303030304,0.9696969696969697,33,900,600,300,0.6666666666666666,12,6,6,393.8119900317903,0.6582228535353536,0.10847853610932745,0.2857959646164679,139041.5538752424,4351.2462057443245,143392.80008098672,3942,206,927.939393939394,32,1,21,25.94851151282973,0.7190755208333333,36.33207070707071,1054.6717171717178,32.95849116161618,2
4943,4,0,0,32,0.0,0.0,1.0,32,750,600,150,0.8,9,6,3,404.06120084426857,0.6535618279569892,0.09841878626990974,0.2929715009523486,139011.38517591704,4833.821445041253,143845.20662095828,3943,207,896.75,31,1,21,25.708034942585503,0.7214381720430108,36.36067708333334,1054.5572916666679,34.017977150537675,0
4944,4,0,0,32,0.0,0.0,1.0,32,850,600,250,0.7058823529411765,11,6,5,405.0480109739367,0.6529317876344086,0.10211419753086415,0.29398645957785746,139045.71533203137,4864.0380859375155,143909.7534179689,3944,208,897.75,31,1,21,25.648148148148145,0.721774193548387,36.32812500000001,1054.687500000001,34.02217741935487,0
4945,4,0,0,32,0.0,0.0,1.0,32,600,500,100,0.8333333333333334,7,5,2,404.4940218825622,0.6530157930107527,0.09691279930881236,0.29418407228837723,139114.38835991768,4854.187689887173,143968.57604980486,3945,209,898.75,31,1,22,25.595017691105074,0.7224462365591398,36.26302083333334,1054.9479166666679,34.03057795698928,0
4946,4,0,0,32,0.0,0.0,1.0,32,850,600,250,0.7058823529411765,11,6,5,403.58849273365274,0.6520917338709677,0.09442867719644599,0.2941260022584104,139183.078342014,4834.537760416676,144017.61610243068,3946,210,899.75,31,1,18,25.551168147416917,0.7231182795698924,36.19791666666667,1055.2083333333342,34.038978494623684,0
4947,4,0,0,32,0.0,0.0,1.0,32,550,300,250,0.5454545454545454,8,3,5,402.64362969095214,0.6506636424731184,0.08898501110288692,0.2940386722770143,139251.7852783203,4813.768853081597,144065.5541314019,3947,211,900.75,31,1,19,25.508368286865704,0.7237903225806451,36.1328125,1055.46875,34.047379032258064,0
4948,4,0,1,31,0.0,0.03125,0.96875,32,750,600,150,0.8,9,6,3,402.7558326043917,0.6487735215053764,0.08179863765257078,0.2956337156791153,139423.62679375557,4830.735778808613,144254.3625725642,3948,212,901.75,31,1,19,25.3360919327662,0.7254704301075268,35.97005208333334,1056.1197916666679,34.06838037634412,0
4949,4,0,0,31,0.0,0.0,1.0,31,1150,800,350,0.6956521739130435,15,8,7,406.43465007611536,0.6477598566308244,0.06153505025950956,0.29784987042891453,139369.29124754312,5128.9018239102825,144498.1930714534,3949,213,877.9354838709677,30,1,19,25.29250466734555,0.7277777777777777,36.02150537634409,1055.913978494624,35.197132616487465,0
4950,4,0,0,31,0.0,0.0,1.0,31,900,600,300,0.6666666666666666,12,6,6,405.67868460208945,0.646594982078853,0.059615234639554204,0.29824403950307043,139475.754512805,5116.468124927741,144592.22263773275,3950,214,878.9354838709677,30,1,19,25.207564575645755,0.7288194444444445,35.920698924731184,1056.3172043010757,35.21057347670252,0
4951,4,0,0,31,0.0,0.0,1.0,31,950,600,350,0.631578947368421,13,6,7,405.8210153513457,0.6456989247311828,0.057194451284576786,0.29866602815183313,139511.25130072836,5123.319531159665,144634.570831888,3951,215,879.9354838709677,30,1,19,25.168840118744697,0.7291666666666666,35.887096774193544,1056.4516129032254,35.21505376344085,0
4952,4,0,0,31,0.0,0.0,1.0,31,600,500,100,0.8333333333333334,7,5,2,405.8210153513457,0.6456989247311828,0.057194451284576786,0.29866602815183313,139511.25130072836,5123.319531159665,144634.570831888,3952,216,880.9354838709677,30,1,19,25.168840118744697,0.7291666666666666,35.887096774193544,1056.4516129032254,35.21505376344085,0
4953,4,0,0,31,0.0,0.0,1.0,31,600,500,100,0.8333333333333334,7,5,2,404.13552866603436,0.6446236559139785,0.06452435708085336,0.2915203937691236,138837.5846376747,5021.84013325238,143859.4247709271,3953,217,881.9354838709677,30,1,19,25.877598520596862,0.7225694444444445,36.52553763440859,1053.8978494623643,35.129928315412144,1
4954,4,0,0,31,0.0,0.0,1.0,31,850,600,250,0.7058823529411765,11,6,5,401.9747223046762,0.6434587813620072,0.06145607548132115,0.2905702992659513,138908.4201388887,4967.534722222198,143875.9548611109,3954,218,882.9354838709677,30,1,19,25.86462450592885,0.7232638888888889,36.45833333333332,1054.1666666666652,35.138888888888836,0
4955,4,0,0,31,0.0,0.0,1.0,31,600,300,300,0.5,9,3,6,402.27284452065015,0.6422939068100358,0.06272332901581046,0.29139708820540167,138979.2737057752,4981.517552607237,143960.79125838244,3955,219,883.9354838709677,30,1,20,25.786859995751023,0.7239583333333334,36.391129032258064,1054.4354838709676,35.147849462365585,0
4956,4,0,0,31,0.0,0.0,1.0,31,550,300,250,0.5454545454545454,8,3,5,402.56228602484146,0.6413082437275985,0.05902329520692673,0.2919134654483274,139014.70726384534,4992.415669441529,144007.12293328688,3956,220,884.9354838709677,30,1,20,25.74427521454669,0.7243055555555555,36.35752688172042,1054.5698924731169,35.15232974910389,0
4957,4,0,0,31,0.0,0.0,1.0,31,700,400,300,0.5714285714285714,10,4,6,404.98186231570065,0.6397849462365591,0.0536647923448752,0.2942868199494092,139085.58792924034,5065.428084171577,144151.01601341192,3957,221,885.9354838709677,30,1,20,25.610558953448862,0.7250000000000001,36.29032258064516,1054.8387096774193,35.16129032258064,0
4958,4,0,0,31,0.0,0.0,1.0,31,750,400,350,0.5333333333333333,11,4,7,403.8513388799262,0.6372759856630824,0.055567197110703015,0.2943952517684587,139191.94280046824,5042.570492253436,144234.51329272168,3958,222,886.9354838709677,30,1,17,25.53549441684711,0.7260416666666667,36.189516129032256,1055.2419354838707,35.17473118279569,0
4959,4,0,0,31,0.0,0.0,1.0,31,750,600,150,0.8,9,6,3,404.91662595104185,0.63584229390681,0.059636136590495825,0.29579630359009607,139262.86863004396,5077.970177188119,144340.83880723207,3959,223,887.9354838709677,30,1,17,25.437465512118514,0.726736111111111,36.12231182795699,1055.5107526881723,35.18369175627241,0
4960,4,0,0,31,0.0,0.0,1.0,31,550,400,150,0.7272727272727273,7,4,3,406.56228968643535,0.635752688172043,0.057592246565779215,0.297627845804935,139333.81252529204,5129.574770204663,144463.3872954967,3960,224,888.9354838709677,30,1,17,25.324103543390628,0.7274305555555556,36.05510752688173,1055.779569892474,35.19265232974913,0
4961,4,0,0,31,0.0,0.0,1.0,31,650,400,250,0.6153846153846154,9,4,5,413.62146659042156,0.635573476702509,0.08642878387177189,0.27896856225669925,136516.73210991747,5093.250189887148,141609.98229980463,3961,225,889.9354838709677,31,0,19,27.930579782373947,0.6969086021505377,38.736979166666664,1045.052083333333,33.71135752688171,6
4962,4,0,0,31,0.0,0.0,1.0,31,1000,600,400,0.6,14,6,8,415.59772095308523,0.635483870967742,0.08457549576038059,0.281659518732002,136686.87820434556,5161.351013183578,141848.22921752912,3962,226,890.9354838709677,31,0,19,27.709422861412037,0.6985887096774195,38.57421874999999,1045.7031249999989,33.73235887096771,0
4963,4,0,0,31,0.0,0.0,1.0,31,850,800,50,0.9411764705882353,9,8,1,414.7553213441058,0.6361111111111111,0.08507903868397393,0.2813610423172174,136720.92013888876,5141.15007188583,141862.0702107746,3963,227,891.9354838709677,30,1,19,27.697543160690575,0.7017361111111111,38.54166666666666,1045.8333333333321,34.86111111111107,0
4964,4,0,0,31,0.0,0.0,1.0,31,800,700,100,0.875,9,7,2,414.7553213441058,0.6361111111111111,0.08507903868397393,0.2813610423172174,136720.92013888876,5141.145833333312,141862.06597222207,3964,228,892.9354838709677,30,1,19,27.697543160690575,0.7017361111111111,38.54166666666666,1045.8333333333321,34.86111111111107,0
4965,4,0,0,31,0.0,0.0,1.0,31,450,400,50,0.8888888888888888,5,4,1,415.7235449869125,0.6362903225806451,0.08677593453876198,0.28230022923980364,136756.06464620176,5170.543198635664,141926.60784483742,3965,229,893.9354838709677,30,1,19,27.63722907564464,0.7020833333333334,38.508064516129025,1045.967741935483,34.865591397849435,0
4966,4,0,0,31,0.0,0.0,1.0,31,750,500,250,0.6666666666666666,10,5,5,415.7235449869125,0.6362903225806451,0.08677593453876198,0.28230022923980364,136756.06464620176,5170.543198635664,141926.60784483742,3966,230,894.9354838709677,30,1,19,27.63722907564464,0.7020833333333334,38.508064516129025,1045.967741935483,34.865591397849435,0
4967,4,0,0,31,0.0,0.0,1.0,31,800,500,300,0.625,11,5,6,412.5107081947889,0.635752688172043,0.08893547558479686,0.2812441658497917,136896.68783963443,5094.26993004969,141990.95776968412,3967,231,895.9354838709677,30,1,19,27.58128906584467,0.7034722222222223,38.37365591397848,1046.5053763440844,34.88351254480281,0
4968,4,0,0,31,0.0,0.0,1.0,31,400,300,100,0.75,5,3,2,410.8896941092549,0.6345878136200717,0.08780556510644333,0.28042051253538697,136931.85492903797,5052.777597121047,141984.63252615902,3968,232,896.9354838709677,30,1,19,27.58871623646248,0.7038194444444446,38.34005376344086,1046.639784946236,34.8879928315412,0
4969,4,0,0,31,0.0,0.0,1.0,31,650,500,150,0.7692307692307693,8,5,3,412.42779575547064,0.635483870967742,0.084621502062727,0.28175330467926346,136967.02653485938,5097.8017689906155,142064.82830385,3969,233,897.9354838709677,30,1,16,27.51348228043143,0.7041666666666668,38.30645161290322,1046.7741935483862,34.89247311827954,0
4970,4,0,0,31,0.0,0.0,1.0,31,350,200,150,0.5714285714285714,5,2,3,412.54104778573725,0.6350358422939069,0.08970648515035973,0.28268314013180973,137072.56845083233,5109.612202277699,142182.18065311003,3970,234,898.9354838709677,30,1,17,27.40555341633509,0.7052083333333334,38.20564516129031,1047.1774193548376,34.90591397849459,0
4971,4,0,0,31,0.0,0.0,1.0,31,850,600,250,0.7058823529411765,11,6,5,416.1504476909255,0.635573476702509,0.08950133080556144,0.28573219725598076,137142.95231023812,5214.420200312164,142357.37251055028,3971,235,899.9354838709677,30,1,17,27.241060353308512,0.7059027777777778,38.13844086021505,1047.4462365591394,34.914874551971316,0
4972,4,0,0,31,0.0,0.0,1.0,31,550,400,150,0.7272727272727273,7,4,3,412.9102126801814,0.6335125448028673,0.09183608029243873,0.28451210544949473,137266.16753472216,5135.7204861111,142401.88802083326,3972,236,900.9354838709677,31,0,17,27.20344599072233,0.7043010752688172,38.02083333333333,1047.916666666666,33.803763440860195,0
4973,4,0,0,31,0.0,0.0,1.0,31,650,400,250,0.6153846153846154,9,4,5,410.5613209366921,0.6337813620071685,0.09078741735123197,0.28344928246486895,137334.3997531467,5076.838514539925,142411.23826768663,3973,237,901.9354838709677,31,0,17,27.19720496894409,0.70497311827957,37.955729166666664,1048.1770833333333,33.812163978494624,0
4974,4,0,0,31,0.0,0.0,1.0,31,900,800,100,0.8888888888888888,10,8,2,411.6486750675999,0.6351254480286739,0.09358524429915271,0.2847590319282054,137402.6489257811,5112.323676215263,142514.97260199636,3974,238,902.9354838709677,31,0,17,27.10092730584535,0.7056451612903227,37.89062499999999,1048.4374999999989,33.820564516129,0
4975,4,0,0,31,0.0,0.0,1.0,31,400,300,100,0.75,5,3,2,410.36049105293716,0.6332437275985663,0.0935503894595624,0.28470747247471223,137505.05447387695,5085.328335232204,142590.38280910917,3975,239,903.9354838709677,31,0,18,27.033028139871718,0.7066532258064516,37.79296875,1048.828125,33.83316532258065,0
4976,4,0,0,31,0.0,0.0,1.0,31,800,500,300,0.625,11,5,6,411.4889911631487,0.632078853046595,0.09533267130089373,0.28577200972502814,137539.19813368053,5119.173177083328,142658.37131076385,3976,240,904.9354838709677,31,0,18,26.96954650777887,0.706989247311828,37.760416666666664,1048.9583333333333,33.83736559139785,0
4977,4,0,0,31,0.0,0.0,1.0,31,850,500,350,0.5882352941176471,12,5,7,410.39833337156284,0.6318100358422939,0.09352716731994248,0.28529589059315613,137573.3460320366,5091.974385579417,142665.32041761602,3977,241,905.9354838709677,31,0,18,26.964259856853257,0.7073252688172044,37.72786458333333,1049.088541666666,33.841565860215034,0
4978,4,0,0,31,0.0,0.0,1.0,31,600,400,200,0.6666666666666666,8,4,4,408.32958764600517,0.6301075268817204,0.08657648283038522,0.28470038723415214,137675.81515842004,5043.421766493046,142719.23692491307,3978,242,906.9354838709677,31,0,18,26.91687344913152,0.7083333333333334,37.63020833333333,1049.4791666666658,33.85416666666664,0
4979,4,0,0,31,0.0,0.0,1.0,31,700,600,100,0.8571428571428571,8,6,2,407.8304676008073,0.6309139784946236,0.08579740766974386,0.2846338873878882,137709.98001098633,5032.465108235677,142742.44511922201,3979,243,907.9354838709677,31,0,19,26.89608919488898,0.7086693548387097,37.59765625,1049.609375,33.85836693548387,0
4980,4,0,0,31,0.0,0.0,1.0,31,950,800,150,0.8421052631578947,11,8,3,405.2273820532956,0.6311827956989248,0.08270354826707482,0.28337800359893506,137778.32243177615,4966.309780544695,142744.63221232084,3980,244,908.9354838709677,31,0,19,26.89665240398528,0.7093413978494625,37.53255208333333,1049.8697916666658,33.86676747311825,0
4981,4,0,0,31,0.0,0.0,1.0,31,1000,800,200,0.8,12,8,4,406.5960487603413,0.6316308243727599,0.09001540030470268,0.2849089622389726,137847.7845162735,5009.677141489261,142857.46165776276,3981,245,909.9354838709677,30,1,19,26.791885319339556,0.7128472222222222,37.46639784946236,1050.13440860215,35.004480286738335,0
4982,4,0,0,31,0.0,0.0,1.0,31,600,500,100,0.8333333333333334,7,5,2,409.9810084164452,0.6310931899641578,0.0875593722531951,0.2884627851297348,137988.96774554867,5114.571229332878,143103.53897488155,3982,246,910.9354838709677,30,1,19,26.563099654598947,0.7142361111111111,37.33198924731183,1050.672043010753,35.02240143369177,0
4983,4,0,0,31,0.0,0.0,1.0,31,750,700,50,0.9333333333333333,8,7,1,410.50768129505593,0.6292114695340502,0.08505336463288349,0.2894282741249813,138059.58645869466,5134.904143542608,143194.49060223726,3983,247,911.9354838709677,30,1,17,26.479302553608736,0.7149305555555555,37.26478494623656,1050.9408602150538,35.03136200716846,0
4984,4,0,0,31,0.0,0.0,1.0,31,400,200,200,0.5,6,2,4,410.3634772282474,0.628584229390681,0.0840829693422589,0.28992346480597303,138130.22323751298,5136.719743611974,143266.94298112494,3984,248,912.9354838709677,30,1,17,26.41312918211652,0.715625,37.19758064516129,1051.2096774193546,35.04032258064515,0
4985,4,0,0,31,0.0,0.0,1.0,31,850,700,150,0.8235294117647058,10,7,3,412.16053613247635,0.6278673835125448,0.08423718049174789,0.29149364499351066,138165.5484015492,5189.277300844013,143354.8257023932,3985,249,913.9354838709677,30,1,17,26.330914940765364,0.7159722222222222,37.16397849462365,1051.3440860215044,35.04480286738348,0
4986,4,0,0,31,0.0,0.0,1.0,31,1200,1000,200,0.8333333333333334,14,10,4,411.51939899355904,0.6293010752688172,0.08495516850458595,0.2919437259405803,138271.55099216686,5180.285112440758,143451.83610460762,3986,250,914.9354838709677,30,1,17,26.242811501597437,0.7170138888888888,37.06317204301076,1051.747311827958,35.058243727598594,0
4987,4,0,0,31,0.0,0.0,1.0,31,550,400,150,0.7272727272727273,7,4,3,411.4124342761294,0.6268817204301075,0.08592809929615775,0.29277604868304924,138377.59423054697,5186.052578332767,143563.64680887974,3987,251,915.9354838709677,30,1,17,26.140670243570085,0.7180555555555556,36.962365591397855,1052.1505376344094,35.07168458781364,0
4988,4,0,0,31,0.0,0.0,1.0,31,700,600,100,0.8571428571428571,8,6,2,411.5649554246936,0.6261648745519713,0.0883810810922172,0.2931885383093655,138412.95100950976,5193.184002485838,143606.1350119956,3988,252,916.9354838709677,30,1,17,26.101673266062082,0.7184027777777777,36.928763440860216,1052.284946236559,35.07616487455197,0
4989,4,0,0,31,0.0,0.0,1.0,31,750,600,150,0.8,9,6,3,411.959369434321,0.6258960573476703,0.09113974101288336,0.2943855639972263,138519.04844490686,5212.843970401189,143731.89241530804,3989,253,917.9354838709677,30,1,17,25.98633810010213,0.7194444444444444,36.827956989247305,1052.6881720430101,35.089605734767005,0
4990,4,0,0,31,0.0,0.0,1.0,31,450,400,50,0.8888888888888888,5,4,1,413.32283523754336,0.6246415770609319,0.09461212488108628,0.29566737611102084,138554.42328954214,5253.541413747259,143807.9647032894,3990,254,918.9354838709677,30,1,17,25.915464487850546,0.7197916666666667,36.79435483870968,1052.8225806451615,35.09408602150538,0
4991,4,0,0,31,0.0,0.0,1.0,31,550,400,150,0.7272727272727273,7,4,3,413.32283523754336,0.6246415770609319,0.09461212488108628,0.29566737611102084,138554.42328954214,5253.541413747259,143807.9647032894,3991,255,919.9354838709677,30,1,17,25.915464487850546,0.7197916666666667,36.79435483870968,1052.8225806451615,35.09408602150538,0
4992,4,0,0,31,0.0,0.0,1.0,31,800,500,300,0.625,11,5,6,412.1697680273905,0.6233870967741936,0.09323297125021601,0.29514972236988807,138589.80265059543,5224.505361891541,143814.30801248696,3992,256,920.9354838709677,30,1,17,25.91082673814994,0.7201388888888889,36.76075268817204,1052.9569892473116,35.09856630824372,0
4993,4,0,0,31,0.0,0.0,1.0,31,850,600,250,0.7058823529411765,11,6,5,409.90903204582344,0.6233870967741936,0.05468066842624597,0.28079117851043517,137061.5726047091,5036.55531141492,142098.127916124,3993,257,921.9354838709677,31,0,16,27.485389206665015,0.7022849462365592,38.21614583333333,1047.1354166666658,33.77856182795696,4
4994,4,0,0,31,0.0,0.0,1.0,31,600,300,300,0.5,9,3,6,410.85750563430736,0.6225806451612903,0.05313376087401167,0.28171584977124764,137095.6611633301,5065.356275770399,142161.0174391005,3994,258,922.9354838709677,31,0,16,27.426670189398642,0.7026209677419355,38.18359375,1047.2656250000002,33.7827620967742,0
4995,4,0,0,31,0.0,0.0,1.0,31,650,300,350,0.46153846153846156,10,3,7,409.874536527558,0.621594982078853,0.05517351991820241,0.2815918570763622,137163.85099622927,5043.993971082889,142207.84496731215,3995,259,923.9354838709677,31,0,17,27.384633312616533,0.7032930107526882,38.11848958333333,1047.5260416666658,33.79116263440857,0
4996,4,0,0,31,0.0,0.0,1.0,31,300,200,100,0.6666666666666666,4,2,2,418.30926956376356,0.621594982078853,0.04503267519466103,0.2553888172073504,132898.76543209882,4921.617333682979,137820.3827657818,3996,260,924.9354838709677,29,2,19,31.439138829023005,0.6666666666666665,42.22222222222223,1031.1111111111115,35.55555555555557,7
4997,4,0,0,31,0.0,0.0,1.0,31,950,700,250,0.7368421052631579,12,7,5,417.3834786228342,0.6182795698924731,0.04704717313029616,0.25555705653188693,133006.194540895,4902.917631172828,137909.11217206783,3997,261,925.9354838709677,29,2,19,31.35448925093129,0.6677442528735632,42.11805555555555,1031.5277777777771,35.56992337164749,0
4998,4,0,0,31,0.0,0.0,1.0,31,850,600,250,0.7058823529411765,11,6,5,416.5089870837585,0.6193548387096774,0.04763145552139236,0.2552663990146996,133042.01388888893,4882.638888888893,137924.65277777784,3998,262,926.9354838709677,29,2,19,31.34087237479807,0.6681034482758621,42.083333333333336,1031.666666666667,35.57471264367817,0
4999,4,0,0,31,0.0,0.0,1.0,31,850,700,150,0.8235294117647058,10,7,3,415.77669993899474,0.6198924731182796,0.053029809733418753,0.2555530733868212,133149.5008680555,4872.092013888885,138021.59288194438,3999,263,927.9354838709677,29,2,19,31.251261606782396,0.6691810344827587,41.979166666666664,1032.083333333333,35.5890804597701,0
5000,4,0,0,31,0.0,0.0,1.0,31,850,700,150,0.8235294117647058,10,7,3,416.4880347515355,0.6190860215053764,0.05283169554498435,0.25623667833389185,133185.33950617292,4894.020061728406,138079.35956790132,4000,264,928.9354838709677,29,2,19,31.196739325439548,0.6695402298850575,41.94444444444445,1032.2222222222229,35.59386973180079,0
