period,mktsize,entries,exits,surviv,entryrate,exitrate,survivrate,firms,totresinv,totinninv,totimiinv,costshareinn,firmsres,firmsinn,firmsimi,hindex,div,gini,pcm,cs,totprofits,ts,maxage,minage,avgage,actfirms,inactfirms,profitablefirms,wmc,avgproxopt,price,totoutput,avgoutput,magtechshock
1,4,40,29,11,1.0,0.725,0.275,40,0,0,0,0,0,0,0,365.0239110686811,0.9966880341880342,0.028939288610821734,0.15558130253994007,118088.14885409057,1420.9995891161464,119509.14844320672,0,0,0.0,36,4,11,48.140424052832834,0.49739583333333337,57.01013513513514,971.9594594594594,26.998873873873872,7
2,4,40,33,18,0.7843137254901961,0.6470588235294118,0.3529411764705882,51,350,200,150,0.5714285714285714,5,2,3,309.8457360673075,1.0019934640522876,-0.13671567146048524,0.14180906509636518,121234.15577168365,-687.2227536848134,120546.93301799885,1,0,0.21568627450980393,41,10,14,46.166074846378535,0.5221036585365855,53.794642857142854,984.8214285714284,24.020034843205572,4
3,4,32,32,18,0.64,0.64,0.36,50,500,300,200,0.6,7,3,4,311.0897655159643,0.995578231292517,-0.08662601238685086,0.14997184607671296,123465.91021184843,-918.2037885962033,122547.70642325222,2,0,0.58,43,7,10,43.809452914086066,0.5423934108527133,51.53882575757575,993.8446969696956,23.11266737138827,0
4,4,28,27,19,0.6086956521739131,0.5869565217391305,0.4130434782608695,46,550,400,150,0.7272727272727273,7,4,3,333.8735750549774,0.985084541062802,-0.11154817493050373,0.1640573850321481,124271.89670138895,498.2204861111212,124770.11718750007,3,0,0.8695652173913043,39,7,14,42.40667223847334,0.5566239316239316,50.72916666666667,997.0833333333339,25.566239316239333,0
5,4,21,20,20,0.525,0.5,0.5,40,500,400,100,0.8,6,4,2,338.7122309332658,0.9877938034188034,-0.16956222607277538,0.16640489222264754,124264.29709704878,417.9674590191123,124682.2645560679,4,0,1.25,40,0,16,42.29393877620359,0.5549479166666667,50.736788617886184,997.0528455284559,24.9263211382114,0
6,4,18,17,21,0.47368421052631576,0.4473684210526316,0.5526315789473684,38,600,400,200,0.6666666666666666,8,4,4,327.4757992594272,0.9810929350403035,-0.1156658990057855,0.16479313851024882,125267.23669552195,604.3976915771792,125871.63438709913,5,0,1.736842105263158,38,0,16,41.53726431874779,0.5685307017543859,49.73290598290598,1001.068376068376,26.343904633378315,0
7,4,9,8,22,0.3,0.26666666666666666,0.7333333333333334,30,650,400,250,0.6153846153846154,9,4,5,373.22897230778005,0.9691091954022989,-0.08271671375398004,0.18556594991061728,124764.89559847958,3313.174752861602,128078.07035134117,6,0,2.566666666666667,30,0,21,40.91326965334768,0.5809027777777778,50.23521505376344,999.0591397849462,33.301971326164875,0
8,4,15,13,24,0.40540540540540543,0.35135135135135137,0.6486486486486487,37,400,200,200,0.5,6,2,4,311.12970676434895,0.9605855855855856,-0.03821184108390385,0.16323654478184302,126981.47506925184,501.5418205601452,127483.01688981199,7,0,2.5135135135135136,37,0,15,40.18666594139832,0.5878378378378379,48.02631578947367,1007.8947368421034,27.24039829302982,0
9,4,7,6,25,0.22580645161290322,0.1935483870967742,0.8064516129032258,31,500,400,100,0.8,6,4,2,354.42511609030856,0.9637096774193549,-0.02058367757807633,0.183337251946782,126403.65812513571,2760.1262410481877,129163.7843661839,8,0,3.6451612903225805,31,0,17,39.69002222797704,0.5950940860215054,48.60026041666667,1005.598958333334,32.43867607526884,0
10,4,6,6,25,0.1935483870967742,0.1935483870967742,0.8064516129032258,31,550,400,150,0.7272727272727273,7,4,3,350.27009054421285,0.9618279569892473,-0.023757684960417524,0.182792771947972,126763.99230957041,2680.3270128038344,129444.31932237424,9,0,4.193548387096774,31,0,18,39.423864322041204,0.598790322580645,48.24218750000001,1007.0312500000008,32.48487903225809,0
11,4,10,10,25,0.2857142857142857,0.2857142857142857,0.7142857142857143,35,900,500,400,0.5555555555555556,13,5,8,316.7515342523805,0.9560224089635854,-0.04993293859792591,0.1693089290183779,127734.70320001733,1092.0326431756039,128826.73584319293,10,0,4.257142857142857,35,0,15,39.275150751851,0.5994047619047618,47.2800925925926,1010.8796296296312,28.882275132275176,0
12,4,5,4,26,0.16666666666666666,0.13333333333333333,0.8666666666666667,30,750,600,150,0.8,9,6,3,355.8819042930877,0.9535919540229886,0.0015137390686728036,0.18832397599272688,127329.29972034328,3062.8387313562093,130392.13845169949,11,0,5.5,30,0,16,38.70189106405646,0.6072916666666668,47.68145161290322,1009.2741935483862,33.64247311827954,0
13,4,1,0,27,0.037037037037037035,0.0,1.0,27,650,300,350,0.46153846153846156,10,3,7,390.49758899954986,0.9514482431149098,0.04013941552721301,0.2041141451689538,126829.56271701382,4505.3276909722135,131334.89040798604,12,0,7.074074074074074,27,0,24,38.34345915201655,0.611496913580247,48.17708333333333,1007.2916666666661,37.30709876543207,0
14,4,5,8,24,0.15625,0.25,0.75,32,1050,900,150,0.8571428571428571,12,9,3,347.82905744458566,0.949092741935484,0.06698761821801935,0.19040560665018338,128688.4310274463,2552.3151336598517,131240.74616110616,13,0,6.8125,32,0,17,37.51529575244732,0.6158854166666665,46.33838383838385,1014.6464646464656,31.70770202020205,0
15,4,3,2,25,0.1111111111111111,0.07407407407407407,0.9259259259259259,27,750,500,250,0.6666666666666666,10,5,5,404.05095181301215,0.9387464387464388,0.04029699407974374,0.21615135170217345,127768.13394628676,4924.967226473911,132693.10117276068,14,0,7.481481481481482,27,0,21,37.034515749190454,0.6211419753086421,47.2470238095238,1011.011904761904,37.444885361552004,0
16,4,3,2,26,0.10714285714285714,0.07142857142857142,0.9285714285714286,28,950,600,350,0.631578947368421,13,6,7,395.2468476038768,0.943176807760141,0.04462127521277215,0.21074837598165783,127635.8775308826,4489.535647047172,132125.41317792976,15,0,7.892857142857143,28,0,18,37.3930636523058,0.6164434523809523,47.377873563218394,1010.4885057471269,36.08887520525453,3
17,4,3,1,28,0.10344827586206896,0.034482758620689655,0.9655172413793104,29,800,600,200,0.75,10,6,4,380.8790513937976,0.9400656814449918,0.03743707310155786,0.20658086839537199,128320.3727816358,3974.908371913587,132295.28115354938,16,0,8.068965517241379,29,0,21,37.05377541695226,0.6203304597701149,46.70138888888889,1013.1944444444445,34.93773946360153,0
18,4,1,1,28,0.034482758620689655,0.034482758620689655,0.9655172413793104,29,700,600,100,0.8571428571428571,8,6,2,380.8790513937976,0.9408866995073891,0.034033702819598055,0.20658086839537199,128320.3727816358,3974.908371913587,132295.28115354938,17,0,8.96551724137931,29,0,21,37.05377541695226,0.6203304597701149,46.70138888888889,1013.1944444444445,34.93773946360153,0
19,4,1,3,26,0.034482758620689655,0.10344827586206896,0.896551724137931,29,900,700,200,0.7777777777777778,11,7,4,382.6233814974668,0.9370894909688012,0.045063769485120364,0.20844408096503778,128496.33487654311,4033.1404320987517,132529.47530864188,18,0,9.931034482758621,29,0,17,36.82933789954337,0.6221264367816093,46.52777777777777,1013.8888888888881,34.96168582375476,0
20,4,4,4,26,0.13333333333333333,0.13333333333333333,0.8666666666666667,30,800,500,300,0.625,11,5,6,370.59577431860794,0.9328065134099617,0.0091711926524487,0.2028736403430869,128689.46419022416,3538.354325644567,132227.8185158687,19,0,9.3,30,0,18,36.93673554996248,0.6211805555555556,46.33736559139784,1014.6505376344073,33.82168458781358,1
21,4,4,4,26,0.13333333333333333,0.13333333333333333,0.8666666666666667,30,1050,800,250,0.7619047619047619,13,8,5,376.44681900405806,0.9354406130268199,-0.029281426553672496,0.20660802159292446,128791.76783443148,3696.6502630361565,132488.41809746763,19,0,9.4,30,0,19,36.68371513064973,0.6222222222222225,46.23655913978493,1015.0537634408582,33.835125448028606,0
22,4,3,2,27,0.10344827586206896,0.06896551724137931,0.9310344827586207,29,900,600,300,0.6666666666666666,12,6,6,396.4999886866875,0.9275451559934318,0.030837465617177706,0.2061003527994074,126602.32445987663,4239.564043209891,130841.88850308652,20,0,10.620689655172415,29,0,19,38.42694820130647,0.6027298850574712,48.402777777777786,1006.3888888888896,34.70306513409964,8
23,4,5,5,27,0.15625,0.15625,0.84375,32,950,600,350,0.631578947368421,13,6,7,383.0013416834912,0.9431703629032259,0.048460144927536364,0.1989136000356197,126567.3828125001,3347.2559799382857,129914.63879243839,21,0,9.71875,31,1,19,38.802622498274665,0.596774193548387,48.43750000000001,1006.2500000000008,32.45967741935486,6
24,4,6,5,28,0.18181818181818182,0.15151515151515152,0.8484848484848485,33,1050,900,150,0.8571428571428571,12,9,3,363.02165152653487,0.9372632575757577,0.0010017530678687603,0.1909809558030901,127092.01388888898,2627.430555555565,129719.44444444454,22,0,9.636363636363637,33,0,20,38.76549586776858,0.5972222222222222,47.91666666666667,1008.3333333333342,30.555555555555582,0
25,4,3,2,29,0.0967741935483871,0.06451612903225806,0.935483870967742,31,500,300,200,0.6,7,3,4,384.669903228177,0.9352150537634408,0.0342545200529516,0.1988746058085691,126381.48422144182,3523.0306610590874,129904.51488250091,23,0,11.161290322580646,30,1,19,38.95256872967072,0.5975694444444444,48.62231182795699,1005.5107526881723,33.517025089605745,2
26,4,2,1,30,0.06451612903225806,0.03225806451612903,0.967741935483871,31,950,600,350,0.631578947368421,13,6,7,381.57034188943373,0.9346774193548387,0.050702938857460245,0.1982524045611513,126584.28945904155,3460.16212134351,130044.45158038507,24,0,12.096774193548388,30,1,21,38.82117893237165,0.5996527777777778,48.420698924731184,1006.3172043010757,33.54390681003586,0
27,4,4,5,29,0.11764705882352941,0.14705882352941177,0.8529411764705882,34,1350,900,450,0.6666666666666666,18,9,9,350.6632997293848,0.9441473559120619,0.03011153478142914,0.18589216622719903,127401.12727076135,2134.9799356017033,129536.10720636306,25,0,11.705882352941176,33,1,18,38.75991340940359,0.6003787878787878,47.610294117647065,1009.5588235294126,30.592691622103413,0
28,4,3,2,30,0.09375,0.0625,0.9375,32,600,200,400,0.3333333333333333,10,2,8,362.5561577574509,0.9348118279569894,0.034118746776689246,0.19260175065525934,127486.1992730034,2844.181315104161,130330.38058810755,26,0,12.59375,31,1,20,38.37244283995187,0.6061827956989247,47.526041666666664,1009.8958333333327,32.57728494623654,0
29,4,5,3,32,0.14285714285714285,0.08571428571428572,0.9142857142857143,35,1000,600,400,0.6,14,6,8,331.0199538101766,0.9338235294117646,0.03683092388206677,0.1800043417464806,128423.86529519886,1503.8678126351538,129927.73310783402,27,0,12.228571428571428,33,2,16,38.211194736629984,0.6107954545454546,46.59926470588235,1013.6029411764698,30.715240641711205,0
30,4,0,1,31,0.0,0.03125,0.96875,32,1050,700,350,0.6666666666666666,14,7,7,359.60277057221936,0.9313676075268817,0.06409225424601162,0.19354797319164022,128012.72922091995,2806.7464192708094,130819.47564019077,28,1,14.28125,31,1,24,37.90744553096586,0.6115591397849464,47.00520833333332,1011.9791666666652,32.64448924731178,0
31,4,1,1,31,0.03125,0.03125,0.96875,32,900,600,300,0.6666666666666666,12,6,6,354.95894824496224,0.932585685483871,0.04095084903157398,0.1924950037316923,128314.69859232272,2709.357908180311,131024.05650050304,29,0,14.40625,30,2,25,37.71612717785445,0.6173611111111111,46.706989247311824,1013.1720430107518,33.772401433691726,0
32,4,1,1,31,0.03125,0.03125,0.96875,32,1050,600,450,0.5714285714285714,15,6,9,354.85701979985345,0.9319976478494625,0.03973356309650011,0.19342784374061386,128519.04844490698,2721.17730373454,131240.2257486415,30,0,15.09375,30,2,21,37.50994167550371,0.6194444444444445,46.505376344086024,1013.9784946236563,33.79928315412187,0
33,4,0,0,31,0.0,0.0,1.0,31,850,600,250,0.7058823529411765,11,6,5,365.9965960141514,0.9284050179211469,0.04784540891905631,0.1985089344180846,128320.37278163598,3192.9639274691576,131513.33670910512,31,2,16.580645161290324,29,2,25,37.43074594471099,0.6203304597701148,46.7013888888889,1013.1944444444459,34.93773946360158,0
34,4,2,0,33,0.06060606060606061,0.0,1.0,33,650,300,350,0.46153846153846156,10,3,7,345.7650638877887,0.9321338383838385,0.03715016282341299,0.19014640114224077,128870.6546359591,2311.7940266927035,131182.44866265182,32,0,16.515151515151516,31,2,23,37.38191416602552,0.6202956989247312,46.158854166666664,1015.3645833333325,32.753696236559115,0
35,4,0,0,33,0.0,0.0,1.0,33,800,600,200,0.75,10,6,4,346.3721236028927,0.9310290404040404,0.03891219891219877,0.19079820367955977,128936.76757812512,2332.02039930557,131268.78797743068,33,1,17.515151515151516,31,2,23,37.2991452991453,0.6209677419354838,46.09375000000001,1015.6250000000009,32.76209677419358,0
36,4,0,3,30,0.0,0.09090909090909091,0.9090909090909091,33,800,500,300,0.625,11,5,6,346.2488271666572,0.9299242424242425,0.040466152687521184,0.19168924431651974,129135.20812988302,2342.5828721788475,131477.79100206186,34,2,18.515151515151516,31,2,24,37.10020070031601,0.6229838709677418,45.898437500000014,1016.4062500000016,32.787298387096826,0
37,4,2,4,28,0.0625,0.125,0.875,32,750,500,250,0.6666666666666666,10,5,5,357.51076825125614,0.928679435483871,0.029431697963501424,0.19791335501581264,129133.07354896519,2833.2928662273052,131966.3664151925,35,0,18.8125,30,2,25,36.8162082341532,0.6256944444444444,45.9005376344086,1016.3978494623655,33.87992831541218,0
38,4,2,2,28,0.06666666666666667,0.06666666666666667,0.9333333333333333,30,350,300,50,0.8571428571428571,4,3,1,364.89502511015615,0.9265325670498085,-0.01287309182046048,0.20144959310798433,129024.94454089516,3416.112075617295,132441.05661651245,36,0,18.366666666666667,29,1,26,36.73886420596947,0.6275143678160919,46.00694444444445,1015.9722222222231,35.03352490421459,0
39,4,1,0,29,0.034482758620689655,0.0,1.0,29,400,300,100,0.75,5,3,2,363.1118724562707,0.9230295566502463,-0.03194331239899961,0.20118211919057113,129166.09037422846,3580.348186728397,132746.43856095686,36,0,18.724137931034484,29,0,27,36.64022293573801,0.6289511494252873,45.86805555555556,1016.5277777777782,35.05268199233718,0
40,4,0,0,29,0.0,0.0,1.0,29,550,100,450,0.18181818181818182,10,1,9,366.182253497158,0.9216954022988505,-0.033338513045812146,0.20361067899466131,129307.31336805562,3670.0086805555634,132977.32204861118,37,1,19.724137931034484,29,0,27,36.41821999180663,0.6303879310344827,45.72916666666667,1017.0833333333339,35.07183908045979,0
41,4,1,0,30,0.03333333333333333,0.0,1.0,30,800,600,200,0.75,10,6,4,357.1953690102408,0.9202107279693487,-0.035989445910290185,0.20085614963632256,129748.56197248246,3269.1170944618048,133017.67906694426,38,0,20.033333333333335,30,0,22,36.19777924362357,0.6319444444444444,45.29569892473119,1018.8172043010761,33.960573476702535,0
42,4,0,0,30,0.0,0.0,1.0,30,1050,500,550,0.47619047619047616,16,5,11,358.2962291899662,0.9179597701149426,-0.041562266473251785,0.2020044837135698,129851.28564357152,3305.0452003121754,133156.33084388368,39,1,21.033333333333335,30,0,22,36.06532155259573,0.632986111111111,45.19489247311828,1019.2204301075269,33.97401433691756,0
43,4,2,7,25,0.0625,0.21875,0.78125,32,1250,1000,250,0.8,15,10,5,341.2649106696756,0.9196068548387097,-0.04385043263287991,0.1952498675613633,130423.75299714333,2501.8100831548018,132925.56308029813,40,0,20.65625,32,0,23,35.91908735063865,0.6334635416666665,44.633838383838395,1021.4646464646479,31.920770202020247,0
44,4,1,1,25,0.038461538461538464,0.038461538461538464,0.9615384615384616,26,950,600,350,0.631578947368421,13,6,7,412.0381276560417,0.9092948717948718,-0.025074469949185385,0.22781453153778583,129083.74592764037,5437.484996570605,134521.23092421098,41,0,24.115384615384617,26,0,23,35.481207289293856,0.638221153846154,45.949074074074055,1016.2037037037018,39.08475783475776,0
45,4,3,3,25,0.10714285714285714,0.10714285714285714,0.8928571428571429,28,850,400,450,0.47058823529411764,13,4,9,387.4579595941563,0.9116512345679012,-0.041627213570521904,0.21787980899937825,129749.74247341116,4454.514095323016,134204.25656873418,42,0,23.285714285714285,28,0,24,35.425774455883044,0.6380208333333335,45.29454022988505,1018.8218390804587,36.386494252873526,0
46,4,1,1,25,0.038461538461538464,0.038461538461538464,0.9615384615384616,26,1100,900,200,0.8181818181818182,13,9,4,422.2852537473851,0.9086538461538461,-0.03619048733947561,0.23027687986506795,128535.45393709045,5655.725356271923,134191.17929336237,43,0,24.5,26,0,17,35.78381017602597,0.6326121794871795,46.4891975308642,1014.0432098765438,39.00166191832861,4
47,4,1,1,25,0.038461538461538464,0.038461538461538464,0.9615384615384616,26,550,500,50,0.9090909090909091,6,5,1,425.87147421532785,0.9031410256410256,-0.04059081602807846,0.23314778875651773,128691.98971669699,5761.2494760706995,134453.23919276768,44,0,25.46153846153846,26,0,18,35.53200253485425,0.6342147435897436,46.334876543209866,1014.6604938271593,39.025403608736895,0
48,4,1,1,25,0.038461538461538464,0.038461538461538464,0.9615384615384616,26,700,400,300,0.5714285714285714,10,4,6,422.87784119945917,0.9005128205128206,-0.029345768178949738,0.23311406622904848,128966.15655006852,5707.385973936889,134673.5425240054,45,0,26.423076923076923,26,0,19,35.32645852324521,0.6370192307692308,46.06481481481481,1015.7407407407402,39.066951566951545,0
49,4,1,1,25,0.038461538461538464,0.038461538461538464,0.9615384615384616,26,900,600,300,0.6666666666666666,12,6,6,423.39791666974253,0.8976923076923077,-0.031229554163940465,0.2338634130330188,129044.54351470809,5727.438176345063,134771.98169105314,46,0,27.26923076923077,26,0,20,35.232824524098824,0.6378205128205128,45.98765432098765,1016.0493827160491,39.07882241215573,0
50,4,2,1,26,0.07407407407407407,0.037037037037037035,0.962962962962963,27,650,400,250,0.6153846153846154,9,4,5,409.97630347169064,0.9038461538461539,-0.041869839412261634,0.2282245936915697,129352.7228599773,5206.310232426304,134559.0330924036,47,0,27.185185185185187,27,0,21,35.2581919251024,0.6373456790123456,45.68452380952381,1017.2619047619045,37.6763668430335,0
51,4,0,0,26,0.0,0.0,1.0,26,700,500,200,0.7142857142857143,9,5,4,422.958042466552,0.900448717948718,-0.024744037264905483,0.23478269096984913,129240.61511678853,5732.671515393979,134973.2866321825,48,1,29.23076923076923,26,0,21,35.04293772449031,0.639823717948718,45.794753086419746,1016.8209876543203,39.10849952516617,0
52,4,1,0,27,0.037037037037037035,0.0,1.0,27,700,500,200,0.7142857142857143,9,5,4,406.9825630627414,0.8993352326685661,-0.025759248436045823,0.22831054603290177,129655.65653344669,5153.518282312921,134809.17481575962,49,0,29.11111111111111,27,0,18,35.024595752970974,0.6404320987654322,45.38690476190476,1018.4523809523807,37.72045855379188,0
53,4,3,3,27,0.1,0.1,0.9,30,850,600,250,0.7058823529411765,11,6,5,373.26291030854816,0.9000957854406131,-0.05331227516013015,0.21323696184393603,130365.5137154585,3732.122210660198,134097.6359261187,50,0,27.1,30,0,20,35.16111696060368,0.6381944444444445,44.69086021505377,1021.2365591397854,34.04121863799285,0
54,4,1,1,27,0.03571428571428571,0.03571428571428571,0.9642857142857143,28,1050,700,350,0.6666666666666666,14,7,7,401.35953397466153,0.8929673721340388,-0.03590711646977651,0.21497476408779817,127817.4234542212,4660.148302285642,132477.57175650686,51,0,29.892857142857142,28,0,19,37.05183764326985,0.6183035714285714,47.19827586206897,1011.2068965517244,36.11453201970444,6
55,4,4,4,27,0.12903225806451613,0.12903225806451613,0.8709677419354839,31,750,500,250,0.6666666666666666,10,5,5,368.97739586539575,0.9147849462365591,-0.04477710803470869,0.2019011143667949,128672.41753472206,3295.4427083333126,131967.86024305536,52,0,27.838709677419356,31,0,17,36.99520876112253,0.6182795698924732,46.35416666666666,1014.583333333332,32.72849462365587,0
56,4,0,0,27,0.0,0.0,1.0,27,950,500,450,0.5263157894736842,14,5,9,411.50244712838696,0.896604938271605,-0.02287245339737609,0.22158575953445434,128031.55393016576,5137.059550382645,133168.6134805484,53,1,31.22222222222222,27,0,20,36.57504411116013,0.6238425925925926,46.98660714285714,1012.0535714285709,37.483465608465586,0
57,4,2,1,28,0.06896551724137931,0.034482758620689655,0.9655172413793104,29,1200,900,300,0.75,15,9,6,385.2707152486107,0.9010673234811165,-0.035681584337861394,0.21100358662716281,128707.6485339507,4117.457561728407,132825.1060956791,54,0,30.0,29,0,19,36.54587553608905,0.6242816091954022,46.31944444444445,1014.722222222223,34.99042145593872,0
58,4,1,2,27,0.034482758620689655,0.06896551724137931,0.9310344827586207,29,850,600,250,0.7058823529411765,11,6,5,383.45138114139877,0.9009646962233169,-0.03423753112502825,0.21112925443568598,128919.13580246916,4086.844135802474,133005.97993827163,55,0,30.96551724137931,29,0,19,36.37570660102115,0.6264367816091954,46.111111111111114,1015.5555555555558,35.01915708812261,0
59,4,4,4,27,0.12903225806451613,0.12903225806451613,0.8709677419354839,31,650,400,250,0.6153846153846154,9,4,5,365.53581620723986,0.9048387096774193,-0.06342599474753496,0.20338787722300253,129333.80126953115,3255.2273220485963,132589.02859157976,56,0,28.903225806451612,31,0,19,36.40766342379246,0.625,45.70312499999999,1017.1874999999992,32.81249999999997,0
60,4,0,0,27,0.0,0.0,1.0,27,950,600,350,0.631578947368421,13,6,7,408.6115807715174,0.89161918328585,-0.017643927294851203,0.22358858408508872,128672.41753472228,5115.407986111122,133787.8255208334,57,3,34.18518518518518,27,0,19,35.98990417522245,0.6304012345679012,46.35416666666667,1014.5833333333338,37.57716049382718,0
61,4,1,1,27,0.03571428571428571,0.03571428571428571,0.9642857142857143,28,800,600,200,0.75,10,6,4,398.03336194940084,0.8969907407407407,-0.026226178687629886,0.21930614463135745,128945.88793516323,4664.9530568767495,133610.84099203997,58,0,33.92857142857143,28,0,19,35.9780968548121,0.6298363095238095,46.084770114942536,1015.6609195402305,36.27360426929395,0
62,4,1,1,27,0.03571428571428571,0.03571428571428571,0.9642857142857143,28,950,600,350,0.631578947368421,13,6,7,398.36430602041816,0.8975970017636684,-0.029884825217215694,0.21969076782873295,128982.37258884926,4676.394669044791,133658.76725789404,59,0,34.892857142857146,28,0,19,35.93234323432344,0.6302083333333333,46.048850574712645,1015.8045977011495,36.27873563218391,0
63,4,3,2,28,0.1,0.06666666666666667,0.9333333333333333,30,750,500,250,0.6666666666666666,10,5,5,372.7629356649374,0.8957854406130269,-0.027802690582959366,0.20997686316579156,129817.03990345699,3678.1961787489845,133495.23608220596,60,0,33.46666666666667,30,0,18,35.73155719686979,0.632638888888889,45.22849462365591,1019.0860215053758,33.96953405017919,0
64,4,0,0,28,0.0,0.0,1.0,28,1050,400,650,0.38095238095238093,17,4,13,392.8227108171818,0.8829916225749559,-0.014179856840407234,0.21966447562270977,129530.26169655831,4576.4857065002,134106.7474030585,61,1,36.857142857142854,28,0,18,35.513114561279714,0.6357886904761905,45.51005747126437,1017.9597701149423,36.355706075533654,0
65,4,3,3,28,0.0967741935483871,0.0967741935483871,0.9032258064516129,31,1050,800,250,0.7619047619047619,13,8,5,358.85221477621246,0.8870967741935484,-0.007887860910719802,0.20657680281692248,130661.65500217026,3177.6448567708435,133839.2998589411,62,0,34.193548387096776,31,0,19,35.22881643742571,0.6384408602150538,44.40104166666667,1022.3958333333343,32.980510752688204,0
66,4,0,0,28,0.0,0.0,1.0,28,700,500,200,0.7142857142857143,9,5,4,393.87461846939345,0.8802910052910052,-0.01256651080296689,0.22086893162271046,129639.9788611441,4612.37944246267,134252.35830360677,63,1,36.964285714285715,28,0,20,35.37434161023325,0.6369047619047619,45.40229885057471,1018.3908045977008,36.371100164203604,1
67,4,0,0,28,0.0,0.0,1.0,28,550,300,250,0.5454545454545454,8,3,5,394.7382136981505,0.8792989417989417,-0.007596211968567523,0.22176655587320818,129713.14944180209,4640.54738076364,134353.69682256572,64,2,37.964285714285715,28,0,20,35.27767983074753,0.6376488095238095,45.33045977011494,1018.6781609195402,36.38136288998358,0
68,4,0,1,27,0.0,0.03571428571428571,0.9642857142857143,28,750,500,250,0.6666666666666666,10,5,5,396.22188947517276,0.8780864197530863,-0.009054467810813094,0.22301632064745433,129786.34066587387,4684.837825340193,134471.17849121406,65,3,38.964285714285715,28,0,21,35.16520962586953,0.6383928571428572,45.25862068965517,1018.9655172413786,36.39162561576352,0
69,4,0,1,26,0.0,0.037037037037037035,0.962962962962963,27,450,200,250,0.4444444444444444,7,2,5,406.64780884577766,0.8786799620132953,-0.004242699742407652,0.22812275440495908,129655.6565334466,5144.837726757352,134800.49426020397,66,4,40.81481481481482,27,0,21,35.033119033703485,0.6404320987654322,45.38690476190475,1018.45238095238,37.72045855379185,0
70,4,1,0,27,0.037037037037037035,0.0,1.0,27,750,600,150,0.8,9,6,3,404.30945827933556,0.8831908831908832,-0.002119182384836771,0.22835318208340702,129921.01414133351,5105.658969316877,135026.6731106504,67,0,40.074074074074076,27,0,22,34.82171094244149,0.6431327160493827,45.12648809523809,1019.4940476190467,37.75903880070543,0
71,4,0,0,27,0.0,0.0,1.0,27,900,700,200,0.7777777777777778,11,7,4,407.0398353051061,0.8828347578347578,-0.004235273780197835,0.2310153237460108,130110.72137188217,5192.049319727905,135302.7706916101,68,1,41.074074074074076,27,0,22,34.55853753403345,0.6450617283950617,44.9404761904762,1020.238095238096,37.78659611992948,0
72,4,0,1,26,0.0,0.037037037037037035,0.962962962962963,27,900,600,300,0.6666666666666666,12,6,6,405.99750104123285,0.8821225071225072,-0.006953892668178252,0.2313241575700046,130262.58680555542,5177.256944444426,135439.84374999985,69,2,42.074074074074076,27,0,22,34.43027210884353,0.6466049382716049,44.79166666666666,1020.8333333333322,37.8086419753086,0
73,4,0,0,26,0.0,0.0,1.0,26,750,400,350,0.5333333333333333,11,4,7,419.9361338435679,0.8808333333333334,-0.009579034303063283,0.2387822573609214,130183.830708924,5733.778911370223,135917.6096202942,70,3,42.76923076923077,26,0,22,34.15494732597408,0.6494391025641025,44.86882716049383,1020.524691358025,39.25094966761635,0
74,4,0,0,26,0.0,0.0,1.0,26,1050,800,250,0.7619047619047619,13,8,5,420.6663813056616,0.8789743589743589,-0.0059645614361456545,0.2399248947170911,130301.97378448406,5762.731957780819,136064.70574226486,71,4,43.76923076923077,26,0,22,34.01570687222892,0.6506410256410258,44.75308641975308,1020.9876543209875,39.2687559354226,0
75,4,0,0,26,0.0,0.0,1.0,26,750,600,150,0.8,9,6,3,419.90626226485693,0.8769230769230769,-0.004706019056472499,0.24046535088177792,130459.58123761615,5756.159026825169,136215.74026444132,72,5,44.76923076923077,26,0,22,33.87430765357502,0.6522435897435898,44.59876543209876,1021.6049382716044,39.29249762583094,0
76,4,0,1,25,0.0,0.038461538461538464,0.9615384615384616,26,1100,800,300,0.7272727272727273,14,8,6,419.90626226485693,0.8769230769230769,-0.004706019056472499,0.24046535088177792,130459.58123761615,5756.159026825169,136215.74026444132,73,6,45.76923076923077,26,0,22,33.87430765357502,0.6522435897435898,44.59876543209876,1021.6049382716044,39.29249762583094,0
77,4,1,0,26,0.038461538461538464,0.0,1.0,26,600,400,200,0.6666666666666666,8,4,4,417.922810937846,0.8790384615384615,0.005797959396872887,0.24104216432420414,130735.62349965707,5727.479852537719,136463.1033521948,74,0,44.92307692307692,26,0,23,33.6436170212766,0.6550480769230769,44.3287037037037,1022.6851851851852,39.33404558404558,0
78,4,0,0,26,0.0,0.0,1.0,26,1000,700,300,0.7,13,7,6,419.110992813415,0.8767948717948718,0.0018795683954053732,0.24246997228210662,130854.01663237318,5768.471364883415,136622.4879972566,75,1,45.92307692307692,26,0,23,33.49264705882354,0.65625,44.21296296296297,1023.1481481481487,39.351851851851876,0
79,4,1,2,25,0.037037037037037035,0.07407407407407407,0.9259259259259259,27,950,600,350,0.631578947368421,13,6,7,407.587713182443,0.8776115859449193,-0.012051563475154348,0.2377825269108422,131175.63952664402,5293.115787981864,136468.7553146259,76,0,45.18518518518518,27,0,23,33.46043966686035,0.6558641975308641,43.898809523809526,1024.4047619047622,37.940917107583786,0
80,4,0,0,25,0.0,0.0,1.0,25,650,500,150,0.7692307692307693,8,5,3,427.85698911345787,0.8731944444444445,-0.000977290524667218,0.24767605398816228,130876.79068560991,6199.309921515474,137076.10060712538,77,3,47.52,25,0,23,33.24572565909685,0.6604166666666667,44.19070512820514,1023.2371794871805,40.92948717948722,0
81,4,0,0,25,0.0,0.0,1.0,25,500,300,200,0.6,7,3,4,428.87358606163593,0.8715277777777778,-0.005536245498669379,0.24879342363085097,130958.79368528114,6232.953494822496,137191.74718010364,78,4,48.52,25,0,23,33.13615547205261,0.6612499999999999,44.11057692307693,1023.557692307693,40.942307692307715,0
82,4,0,0,25,0.0,0.0,1.0,25,650,400,250,0.6153846153846154,9,4,5,444.4325952347556,0.8715277777777778,0.010233296302174288,0.23591994798434676,127455.85565109311,6329.107340976346,133784.96299206946,79,5,49.52,25,0,20,36.33665952494314,0.6254166666666665,47.55608974358975,1009.7756410256417,40.391025641025664,6
83,4,3,2,26,0.10714285714285714,0.07142857142857142,0.9285714285714286,28,750,400,350,0.5333333333333333,11,4,7,407.6873396710423,0.8821649029982362,-0.0220364741641339,0.22075236134261553,128253.66007728921,4857.478695996864,133111.13877328607,80,0,45.107142857142854,28,0,21,36.443262411347504,0.622767857142857,46.76724137931036,1012.9310344827608,36.17610837438431,0
84,4,1,0,27,0.037037037037037035,0.0,1.0,27,600,500,100,0.8333333333333334,7,5,2,417.18282338355414,0.8836657169990504,0.000609394468657154,0.22591594898741874,128257.55839445155,5301.370066255676,133558.92846070722,81,0,47.74074074074074,27,0,22,36.198796581949956,0.6261574074074073,46.76339285714286,1012.9464285714288,37.5165343915344,0
85,4,2,2,27,0.06896551724137931,0.06896551724137931,0.9310344827586207,29,800,500,300,0.625,11,5,6,394.6638413346872,0.8899835796387521,-0.0031120772172372746,0.21749635807690815,128954.40055941373,4378.727816358047,133333.12837577178,82,0,45.37931034482759,29,0,21,36.05494211222024,0.6267959770114941,46.0763888888889,1015.6944444444457,35.0239463601533,0
86,4,3,3,27,0.1,0.1,0.9,30,700,500,200,0.7142857142857143,9,5,4,385.3257062397068,0.8952107279693486,-0.016962578530456573,0.21406333999143667,129272.00038580263,3962.6012731481715,133234.6016589508,83,0,44.733333333333334,29,1,21,35.96751798233634,0.6300287356321839,45.7638888888889,1016.9444444444458,35.06704980842917,0
87,4,1,2,26,0.03571428571428571,0.07142857142857142,0.9285714285714286,28,400,200,200,0.5,6,2,4,405.1018954864423,0.8825507054673721,0.0004395448942056124,0.22320072480075323,128945.88793516338,4847.244723543428,133793.1326587068,84,0,48.892857142857146,28,0,21,35.798616023011256,0.6298363095238094,46.08477011494254,1015.6609195402317,36.27360426929399,0
88,4,3,3,26,0.10344827586206896,0.10344827586206896,0.896551724137931,29,900,600,300,0.6666666666666666,12,6,6,379.9791195038949,0.8872126436781609,-0.01609101302807403,0.21242310959908833,129519.2925347224,4042.9253472222526,133562.21788194464,85,0,46.10344827586207,29,0,21,35.85115636512487,0.6325431034482758,45.52083333333335,1017.9166666666681,35.10057471264373,0
89,4,3,2,27,0.10344827586206896,0.06896551724137931,0.9310344827586207,29,450,200,250,0.4444444444444444,7,2,5,375.91846805592144,0.8851600985221675,-0.03328397151117679,0.21129210445901803,129731.44531250009,3953.6892361111245,133685.1345486112,86,0,44.172413793103445,29,0,22,35.738326516700745,0.634698275862069,45.31250000000001,1018.7500000000007,35.12931034482761,0
90,4,1,1,27,0.03571428571428571,0.03571428571428571,0.9642857142857143,28,700,500,200,0.7142857142857143,9,5,4,387.61851040439217,0.8764880952380952,-0.014464059004897,0.21756354871391412,129676.56157104635,4453.007126106484,134129.56869715283,87,0,46.714285714285715,28,0,22,35.496308835284715,0.6372767857142858,45.366379310344826,1018.5344827586205,36.37623152709359,0
91,4,2,2,27,0.06896551724137931,0.06896551724137931,0.9310344827586207,29,950,700,250,0.7368421052631579,12,7,5,378.57663720914456,0.8859811165845648,-0.03212504344395506,0.21413787907469492,129979.17631172837,4041.415895061726,134020.59220679008,88,0,46.03448275862069,29,0,22,35.418369200036324,0.637212643678161,45.06944444444444,1019.7222222222221,35.16283524904214,0
92,4,3,3,27,0.1,0.1,0.9,30,1000,600,400,0.6,14,6,8,365.7629854026815,0.8786877394636016,-0.037385431741437825,0.20950749450231987,130468.48127312413,3544.1082422823524,134012.58951540646,89,0,45.4,30,0,24,35.24810331973863,0.6392361111111111,44.590053763440864,1021.6397849462371,34.054659498207904,0
93,4,0,0,27,0.0,0.0,1.0,27,850,600,250,0.7058823529411765,11,6,5,398.2014531914699,0.8636039886039887,-0.0075674039480229105,0.2251218116557712,129958.94451530588,4949.968112244857,134908.91262755074,90,1,51.111111111111114,27,0,24,34.93870402802101,0.6435185185185187,45.089285714285694,1019.6428571428552,37.764550264550195,0
94,4,1,1,27,0.03571428571428571,0.03571428571428571,0.9642857142857143,28,800,700,100,0.875,9,7,2,387.249824584851,0.8688822751322751,-0.00919921048921446,0.21817021491503957,129822.94401919011,4454.782459704062,134277.72647889418,91,0,50.25,28,0,24,35.35645472061658,0.6387648809523809,45.22270114942529,1019.1091954022988,36.39675697865353,1
95,4,1,0,28,0.03571428571428571,0.0,1.0,28,800,500,300,0.625,11,5,6,387.6109013606383,0.8642526455026455,0.01064739372724155,0.2200179864557868,130115.9566364447,4486.87264665081,134602.82928309552,92,0,51.214285714285715,28,0,25,35.048760737924226,0.6417410714285714,44.935344827586206,1020.2586206896551,36.437807881773395,0
96,4,1,0,29,0.034482758620689655,0.0,1.0,29,700,600,100,0.8571428571428571,8,6,2,375.5232603008765,0.8674055829228243,0.0070315576306461125,0.21513622295741797,130475.34722222226,3999.3055555555593,134474.6527777778,93,0,50.41379310344828,29,0,26,34.99184339314844,0.6422413793103449,44.583333333333336,1021.666666666667,35.22988505747127,0
97,4,0,0,29,0.0,0.0,1.0,29,700,400,300,0.5714285714285714,10,4,6,376.8534380907371,0.8661740558292282,0.01377436281859068,0.21669072690217386,130617.28395061727,4044.7145061728347,134661.9984567901,94,1,51.41379310344828,29,0,22,34.8137454710145,0.6436781609195403,44.44444444444444,1022.2222222222222,35.24904214559387,0
98,4,0,0,29,0.0,0.0,1.0,29,550,200,350,0.36363636363636365,9,2,7,380.1360868306351,0.8648399014778325,0.013487755646826916,0.21918104990868983,130723.78713348776,4138.565779321004,134862.35291280877,95,2,52.41379310344828,29,0,22,34.621729141201506,0.6447557471264367,44.340277777777786,1022.6388888888897,35.26340996168585,0
99,4,1,1,29,0.03333333333333333,0.03333333333333333,0.9666666666666667,30,950,900,50,0.9473684210526315,10,9,1,367.09218559820295,0.8722222222222222,0.0005425746040077506,0.21347391373184038,131052.73189097,3621.686755694293,134674.4186466643,96,0,51.63333333333333,30,0,22,34.62194801785246,0.6451388888888889,44.01881720430107,1023.9247311827952,34.13082437275984,0
100,4,0,0,29,0.0,0.0,1.0,29,1000,500,500,0.5,15,5,10,378.0740959692922,0.8623768472906403,0.01796171908619737,0.21980774727804564,131043.55709876523,4108.834876543182,135152.39197530842,97,4,54.41379310344828,29,0,22,34.35013112678604,0.6479885057471265,44.027777777777764,1023.8888888888873,35.30651340996163,0
101,4,0,0,29,0.0,0.0,1.0,29,800,300,500,0.375,13,3,10,378.15642129139746,0.8621715927750411,0.021326648489128353,0.2200589813876457,131079.11120756165,4113.6815200617175,135192.79272762337,98,5,55.41379310344828,29,0,22,34.31198856186988,0.6483477011494254,43.99305555555555,1024.0277777777771,35.311302681992316,0
102,4,0,1,28,0.0,0.034482758620689655,0.9655172413793104,29,800,400,400,0.5,12,4,8,377.04816906994114,0.860632183908046,0.011779388874086694,0.22022837238550705,131221.3758680555,4095.3559027777733,135316.73177083328,99,6,56.41379310344828,29,0,23,34.19623491934391,0.6497844827586208,43.854166666666664,1024.583333333333,35.330459770114935,0
103,4,0,0,28,0.0,0.0,1.0,28,550,400,150,0.7272727272727273,7,4,3,389.10689738588565,0.8586860670194003,0.02122007938735404,0.22616441686556452,131033.7499174263,4597.227176641558,135630.97709406787,100,7,58.92857142857143,28,0,23,34.077673309009256,0.6510416666666667,44.03735632183908,1023.8505747126434,36.56609195402298,0
104,4,0,0,28,0.0,0.0,1.0,28,750,500,250,0.6666666666666666,10,5,5,391.0516028220854,0.8579144620811286,0.022376543209876365,0.22773005105521443,131107.31272294887,4653.944956401109,135761.25767934998,101,8,59.92857142857143,28,0,23,33.95324775533109,0.6517857142857143,43.96551724137931,1024.1379310344828,36.576354679802954,0
105,4,0,0,28,0.0,0.0,1.0,28,1200,800,400,0.6666666666666666,16,8,8,418.19081725823315,0.8568121693121693,0.011139864946827727,0.22977731840953902,128836.46493922564,5175.645313119281,134012.11025234492,102,9,60.92857142857143,28,0,16,35.578533352203046,0.6287202380952381,46.19252873563217,1015.22988505747,36.25821018062393,7
106,4,0,0,28,0.0,0.0,1.0,28,600,500,100,0.8333333333333334,7,5,2,419.56278951175227,0.857308201058201,0.008939942186015237,0.2307432088310935,128872.9341103513,5214.057545580638,134086.99165593192,103,10,61.92857142857143,28,0,16,35.50628508089241,0.629092261904762,46.15660919540229,1015.3735632183898,36.263341543513924,0
107,4,0,0,28,0.0,0.0,1.0,28,600,500,100,0.8333333333333334,7,5,2,419.5639083003065,0.8553791887125219,0.013770458678520558,0.23138196815001297,128982.3725888492,5223.269669044777,134205.64225789398,104,11,62.92857142857143,28,0,18,35.39397689768976,0.6302083333333334,46.04885057471264,1015.8045977011491,36.278735632183896,0
108,4,2,2,28,0.06666666666666667,0.06666666666666667,0.9333333333333333,30,850,700,150,0.8235294117647058,10,7,3,400.25293261752074,0.8640804597701149,-0.004365812868585728,0.22389333173154355,129543.23657359226,4370.01206786911,133913.24864146137,105,0,59.666666666666664,30,0,16,35.310767097966725,0.6298611111111112,45.497311827956985,1018.0107526881716,33.93369175627239,0
109,4,0,1,27,0.0,0.03571428571428571,0.9642857142857143,28,850,700,150,0.8235294117647058,10,7,3,425.1916817468534,0.8549933862433862,0.018293667615413955,0.23600639464490053,129237.90966854931,5390.176831483676,134628.08650003298,106,13,64.92857142857143,28,0,19,34.98893127973248,0.6328125,45.797413793103445,1016.8103448275858,36.31465517241378,0
110,4,2,1,28,0.06896551724137931,0.034482758620689655,0.9655172413793104,29,600,300,300,0.5,9,3,6,412.2743187783928,0.8594006568144499,0.01777995192827797,0.2308925157344841,129589.99083719133,4885.325038580243,134475.31587577157,107,0,63.172413793103445,29,0,17,34.95700336470695,0.6332614942528736,45.451388888888886,1018.1944444444442,35.110153256704976,0
111,4,2,2,28,0.06666666666666667,0.06666666666666667,0.9333333333333333,30,1050,900,150,0.8571428571428571,12,9,3,407.57545063702776,0.8670019157088122,0.011576819999121302,0.2305947012664525,129988.31376821012,4596.009112325114,134584.32288053524,108,0,62.0,30,0,17,34.669775053820125,0.6343750000000001,45.06048387096774,1019.7580645161285,33.99193548387095,0
112,4,1,1,28,0.034482758620689655,0.034482758620689655,0.9655172413793104,29,900,600,300,0.6666666666666666,12,6,6,423.4060129289565,0.86247947454844,0.013253561307120743,0.23841365440212986,129802.20148533942,5191.806520061718,134994.00800540115,109,0,65.10344827586206,29,0,17,34.45649334423698,0.6354166666666667,45.24305555555555,1019.027777777777,35.138888888888864,0
113,4,2,1,29,0.06666666666666667,0.03333333333333333,0.9666666666666667,30,1000,800,200,0.8,12,8,4,416.39436306318873,0.8649425287356323,0.048138344803246635,0.22932039411847316,128928.23592322801,4736.998135622599,133665.23405885062,110,0,63.86666666666667,30,0,17,35.529987206634885,0.6236111111111111,46.1021505376344,1015.5913978494615,33.85304659498205,3
114,4,1,1,29,0.03333333333333333,0.03333333333333333,0.9666666666666667,30,700,400,300,0.5714285714285714,10,4,6,434.848518386602,0.860727969348659,0.09956319956319959,0.24244294107307807,129413.2812499999,5255.32377297952,134668.6050229794,111,0,64.83333333333333,29,1,18,34.56354081354082,0.6314655172413793,45.62499999999999,1017.4999999999992,35.086206896551694,0
115,4,2,0,31,0.06451612903225806,0.0,1.0,31,850,700,150,0.8235294117647058,10,7,3,395.2064502315492,0.8710573476702509,0.1058959121504377,0.21268830334476993,128008.47867166711,4063.962235518539,132072.44090718564,112,0,62.74193548387097,30,1,19,37.01105724531811,0.6142361111111112,47.00940860215053,1011.9623655913967,33.73207885304656,8
116,4,3,3,31,0.08823529411764706,0.08823529411764706,0.9117647058823529,34,900,400,500,0.4444444444444444,14,4,10,366.5523116058713,0.8832813428401665,0.08552145495879482,0.20073102778416793,128703.50346020784,2635.313341022706,131338.81680123054,113,0,58.11764705882353,33,1,16,37.024959742351044,0.6136363636363635,46.32352941176472,1014.705882352943,30.748663101604336,0
117,4,2,1,32,0.06060606060606061,0.030303030303030304,0.9696969696969697,33,1100,800,300,0.7272727272727273,14,8,6,379.08001280954636,0.8798137626262627,0.09933812298466926,0.20734567072326102,128656.40503838893,3154.214333996531,131810.61937238547,114,0,60.81818181818182,32,1,17,36.75534121551547,0.6155598958333334,46.369949494949495,1014.5202020202019,31.703756313131308,0
118,4,3,2,33,0.08571428571428572,0.05714285714285714,0.9428571428571428,35,1100,1000,100,0.9090909090909091,12,10,2,360.12491607265565,0.8878151260504201,0.08870684610883584,0.20047344676487575,129352.72285997734,2316.6276927437657,131669.3505527211,115,0,58.25714285714286,34,1,20,36.525989857616544,0.617953431372549,45.68452380952381,1017.2619047619048,29.919467787114847,0
119,4,0,0,33,0.0,0.0,1.0,33,950,600,350,0.631578947368421,13,6,7,374.9514741917988,0.8758680555555556,0.1128261875995078,0.20775872806043846,129169.29913082847,3086.4438258851133,132255.74295671357,116,1,62.78787878787879,32,1,20,36.3360659131371,0.6207682291666667,45.86489898989899,1016.5404040404039,31.766887626262623,0
120,4,1,2,32,0.029411764705882353,0.058823529411764705,0.9411764705882353,34,1150,700,450,0.6086956521739131,16,7,9,366.3328971794814,0.8788992869875223,0.10531400624261233,0.20557682028755356,129669.02941476829,2700.4062439926843,132369.43565876098,117,0,61.911764705882355,33,1,18,36.04597822163398,0.6234217171717171,45.373774509803916,1018.5049019607837,30.863784907902538,0
121,4,1,1,32,0.030303030303030304,0.030303030303030304,0.9696969696969697,33,1050,800,250,0.7619047619047619,13,8,5,373.08419983602533,0.8789457070707072,0.11523338478351497,0.20978511557330218,129747.52456700832,3081.350276757455,132828.87484376578,118,0,63.90909090909091,32,1,18,35.7941401247573,0.6266276041666667,45.29671717171716,1018.81313131313,31.837910353535314,0
122,4,1,1,32,0.030303030303030304,0.030303030303030304,0.9696969696969697,33,1150,800,350,0.6956521739130435,15,8,7,376.0948545772512,0.8806818181818182,0.1139940738403995,0.21147800568528483,129747.52456700834,3159.4752767574546,132906.9998437658,119,0,64.87878787878788,32,1,18,35.717457760152016,0.6266276041666667,45.29671717171716,1018.8131313131302,31.837910353535317,0
123,4,0,0,32,0.0,0.0,1.0,32,650,300,350,0.46153846153846156,10,3,7,385.30468351660556,0.8752520161290324,0.12850773459473297,0.21620181022000645,129665.12891981343,3592.116292317719,133257.24521213115,120,5,67.90625,31,1,18,35.56688400238643,0.6283602150537634,45.37760416666667,1018.4895833333339,32.85450268817206,0
124,4,2,1,33,0.058823529411764705,0.029411764705882353,0.9705882352941176,34,900,700,200,0.7777777777777778,11,7,4,371.32636151479926,0.8832070707070707,0.13690782925434708,0.21208105349573816,130356.43029423771,2880.9557922433605,133237.38608648107,121,0,64.8529411764706,33,1,20,35.21978379135166,0.6303661616161617,44.69975490196078,1021.2009803921562,30.945484254307765,0
125,4,2,2,33,0.05714285714285714,0.05714285714285714,0.9428571428571428,35,950,700,250,0.7368421052631579,12,7,5,374.832462720689,0.8845238095238095,0.10554065088067177,0.21323415414097327,130201.83000283447,2760.774518140586,132962.60452097506,122,0,63.74285714285714,34,1,20,35.28738481278432,0.626531862745098,44.851190476190474,1020.5952380952381,30.01750700280112,2
126,4,1,1,33,0.029411764705882353,0.029411764705882353,0.9705882352941176,34,650,600,50,0.9230769230769231,7,6,1,384.4571176805963,0.8850267379679145,0.11140006218729703,0.2179987089627577,130075.00120146095,3201.6520088427546,133276.65321030372,123,0,66.58823529411765,33,1,20,35.17089139836619,0.6275252525252526,44.97549019607843,1020.0980392156861,30.91206179441473,0
127,4,1,1,33,0.029411764705882353,0.029411764705882353,0.9705882352941176,34,850,400,450,0.47058823529411764,13,4,9,382.6100342565143,0.8820187165775402,0.10966098941077629,0.2174739764678494,130168.77710796325,3160.7760536812766,133329.55316164452,124,0,67.55882352941177,33,1,20,35.12256815179536,0.6284722222222222,44.88357843137255,1020.4656862745095,30.923202614379075,0
128,4,1,1,33,0.029411764705882353,0.029411764705882353,0.9705882352941176,34,1300,1000,300,0.7692307692307693,16,10,6,377.6823749780224,0.8780080213903744,0.07096426281117019,0.21289470187308657,129844.02101826362,3026.8864119209993,132870.90743018463,125,0,68.52941176470588,32,2,18,35.57874958704989,0.6276041666666665,45.202020202020215,1019.1919191919206,31.84974747474752,4
129,4,1,0,34,0.029411764705882353,0.0,1.0,34,950,600,350,0.631578947368421,13,6,7,376.5631875022491,0.8730689245395128,0.08163867106441502,0.21349150819864385,130069.31889921964,2995.863464187348,133065.182363407,126,0,69.38235294117646,32,2,20,35.37798613689813,0.6298828125,44.981060606060616,1020.075757575759,31.87736742424247,0
130,4,1,1,34,0.02857142857142857,0.02857142857142857,0.9714285714285714,35,1300,1100,200,0.8461538461538461,15,11,4,369.0115142378611,0.8771708683473389,0.07575612097935647,0.21058931072807263,130325.14537677825,2618.295847750872,132943.44122452912,127,0,68.37142857142857,33,2,20,35.31064970395262,0.630050505050505,44.73039215686275,1021.0784313725497,30.941770647653023,0
131,4,1,2,33,0.02857142857142857,0.05714285714285714,0.9428571428571428,35,1000,800,200,0.8,12,8,4,368.5549990605692,0.872689075630252,0.06820674527008519,0.21100786209951292,130450.30757401013,2615.6225970780642,133065.9301710882,128,0,69.34285714285714,33,2,20,35.19523752399232,0.6313131313131313,44.60784313725491,1021.5686274509816,30.956625074272168,0
132,4,2,2,33,0.05714285714285714,0.05714285714285714,0.9428571428571428,35,900,800,100,0.8888888888888888,10,8,2,368.1743595556394,0.8761204481792716,0.06611745765324462,0.2116431656136176,130606.84479827482,2617.218287437536,133224.06308571235,129,0,68.54285714285714,33,2,16,35.04613255804659,0.6328914141414141,44.454656862745104,1022.1813725490206,30.97519310754608,0
133,4,0,0,33,0.0,0.0,1.0,33,400,300,100,0.75,5,3,2,391.0037484381508,0.8686079545454546,0.08089053803339485,0.22278120550545796,130262.58680555553,3586.63194444444,133849.21874999997,130,4,73.6969696969697,31,2,20,34.81292517006801,0.6344086021505377,44.791666666666664,1020.8333333333331,32.93010752688171,0
134,4,0,1,32,0.0,0.030303030303030304,0.9696969696969697,33,950,600,350,0.631578947368421,13,6,7,393.7719380557251,0.8674242424242425,0.08586824265600534,0.22532026652422776,130428.79104614249,3671.8395657009396,134100.63061184343,131,5,74.6969696969697,31,2,20,34.5731091990652,0.6360887096774195,44.62890624999999,1021.4843749999993,32.95110887096772,0
135,4,3,1,34,0.08571428571428572,0.02857142857142857,0.9714285714285714,35,700,300,400,0.42857142857142855,11,3,8,378.0738989806458,0.8678571428571428,0.12111006745794572,0.22162495900302048,131359.53006355738,2932.7219398789052,134292.2520034363,132,0,70.8,33,2,19,34.0300607690775,0.6404671717171717,43.719362745098046,1025.1225490196086,31.064319667260868,0
136,4,1,3,32,0.02857142857142857,0.08571428571428572,0.9142857142857143,35,1300,900,400,0.6923076923076923,17,9,8,373.70268808229133,0.8686974789915966,0.12880338381771117,0.22105464091647373,131705.2335640137,2843.719963475573,134548.95352748927,133,0,71.6,33,2,18,33.79248248965299,0.643939393939394,43.382352941176464,1026.470588235293,31.105169340463423,0
137,4,0,0,32,0.0,0.0,1.0,32,900,700,200,0.7777777777777778,11,7,4,386.95930869406436,0.864121303763441,0.1468073248407642,0.22237412688494929,130595.1012505426,3706.9980197482673,134302.09927029087,134,1,72.875,31,1,22,34.578025477707,0.637768817204301,44.466145833333336,1022.1354166666672,32.97211021505378,3
138,4,2,1,33,0.058823529411764705,0.029411764705882353,0.9705882352941176,34,1050,800,250,0.7619047619047619,13,8,5,369.580378562265,0.8693924539512775,0.1392527574629232,0.21523228039336947,131108.39468293457,2891.0180279219758,133999.41271085653,135,0,69.52941176470588,33,1,23,34.501889633441046,0.6379419191919191,43.96446078431374,1024.142156862746,31.03461081402261,0
139,4,0,0,33,0.0,0.0,1.0,33,1250,1200,50,0.96,13,12,1,377.7145628617604,0.8635574494949496,0.15454171804356753,0.21974642071799705,131069.41415416806,3301.3652943577335,134370.7794485258,136,1,72.63636363636364,32,1,24,34.33312782572957,0.6399739583333333,44.00252525252526,1023.9898989898999,31.99968434343437,0
140,4,1,1,33,0.029411764705882353,0.029411764705882353,0.9705882352941176,34,1200,900,300,0.75,15,9,6,365.6736167315426,0.8618166963755199,0.13977791833579323,0.21523826807616103,131516.61169982693,2818.43101211072,134335.04271193765,137,0,71.47058823529412,33,1,24,34.18906810035841,0.6420454545454546,43.56617647058823,1025.7352941176466,31.082887700534744,0
141,4,2,3,32,0.05714285714285714,0.08571428571428572,0.9142857142857143,35,950,800,150,0.8421052631578947,11,8,3,354.364793045854,0.8658263305322128,0.13486985893105485,0.21056883157022246,131877.8061224491,2346.5702947845984,134224.3764172337,138,0,70.37142857142857,34,1,22,34.114704064286805,0.6433823529411764,43.21428571428572,1027.1428571428582,30.210084033613477,0
142,4,0,0,32,0.0,0.0,1.0,32,550,200,350,0.36363636363636365,9,2,7,374.1280826655087,0.8555107526881721,0.13176237075332353,0.2202475756213474,131522.32552800738,3441.239095500463,134963.56462350785,139,4,73.90625,32,0,24,33.966488183161005,0.64453125,43.56060606060606,1025.757575757576,32.05492424242425,0
143,4,1,1,32,0.030303030303030304,0.030303030303030304,0.9696969696969697,33,1050,700,350,0.6666666666666666,14,7,7,366.35679739543184,0.8547979797979799,0.12388708750393085,0.21796799379459955,131925.46323829785,3066.358041378324,134991.82127967617,140,0,72.63636363636364,33,0,22,33.75867330708974,0.6461489898989898,43.16789215686275,1027.3284313725496,31.131164587046957,0
144,4,0,0,32,0.0,0.0,1.0,32,1050,600,450,0.5714285714285714,15,6,9,375.9830117377101,0.8516465053763441,0.13112549188391576,0.22284940608243875,131781.48275686151,3509.5197556371827,135291.0025124987,141,6,75.90625,32,0,22,33.65690072142974,0.6471354166666666,43.30808080808081,1026.7676767676767,32.086489898989896,0
145,4,0,0,32,0.0,0.0,1.0,32,1050,800,250,0.7619047619047619,13,8,5,369.4853627209797,0.8502604166666667,0.12255361312523028,0.2199343377074333,131943.58555568318,3350.244713549653,135293.83026923283,142,7,76.90625,32,0,22,33.66003031420263,0.6487630208333333,43.15025252525253,1027.3989898989907,32.10621843434346,0
146,4,1,1,32,0.030303030303030304,0.030303030303030304,0.9696969696969697,33,1150,600,550,0.5217391304347826,17,6,11,363.70056341855246,0.8542455808080809,0.1161008536827477,0.2185587852468682,132303.42784325735,3023.766249759701,135327.19409301705,143,0,75.54545454545455,33,0,22,33.445875521143535,0.6499368686868687,42.80024509803921,1028.7990196078429,31.175727866904328,0
147,4,0,0,32,0.0,0.0,1.0,32,1350,1200,150,0.8888888888888888,15,12,3,378.2961473733455,0.8472362231182796,0.13173778991287266,0.22750814058637564,132333.0388002498,3612.2157496683803,135945.2545499182,144,9,78.90625,32,0,22,33.04060825459156,0.6526692708333335,42.771464646464636,1028.9141414141402,32.15356691919188,0
148,4,1,0,33,0.030303030303030304,0.0,1.0,33,1050,600,450,0.5714285714285714,15,6,9,366.9433198480865,0.8496685606060607,0.12152402594750322,0.22298022585854327,132723.06596584534,3140.3844314355697,135863.45039728092,145,0,77.48484848484848,32,1,23,32.93994812727198,0.6565755208333334,42.39267676767677,1030.429292929293,32.20091540404041,0
149,4,0,0,33,0.0,0.0,1.0,33,900,600,300,0.6666666666666666,12,6,6,368.5776748444065,0.8490372474747475,0.12332706271729177,0.2251438945739915,132918.2947690286,3198.143206050394,136116.437975079,146,1,78.48484848484848,32,1,23,32.70147136851555,0.6585286458333335,42.20328282828282,1031.1868686868681,32.22458964646463,0
150,4,0,0,33,0.0,0.0,1.0,33,1200,900,300,0.75,15,9,6,371.1557092978156,0.8462752525252526,0.12848573822393283,0.22810727577446174,133146.24304917853,3283.5976558514303,136429.84070502996,147,2,79.48484848484848,32,1,23,32.405849849115086,0.6608072916666667,41.982323232323225,1032.070707070706,32.25220959595956,0
151,4,0,0,33,0.0,0.0,1.0,33,1000,700,300,0.7,13,7,6,370.1699236177865,0.8454861111111112,0.12394739963233126,0.2278997963478178,133211.40699928565,3262.1712707886763,136473.57827007433,148,3,80.48484848484848,32,1,24,32.365816617742986,0.6614583333333335,41.91919191919191,1032.3232323232312,32.260101010100975,0
152,4,1,1,33,0.029411764705882353,0.029411764705882353,0.9705882352941176,34,1100,800,300,0.7272727272727273,14,8,6,361.0706581389012,0.8480020796197267,0.11080611086359804,0.22425830102617916,133537.46588358312,2843.5472145699196,136381.01309815305,149,0,79.08823529411765,32,2,25,32.273597198468934,0.6647135416666667,41.60353535353534,1033.585858585857,32.29955808080803,0
153,4,0,0,33,0.0,0.0,1.0,33,1000,600,400,0.6,14,6,8,369.49701043834335,0.842013888888889,0.12323405137776433,0.22888675521702967,133439.60636988562,3261.1071255484044,136700.71349543403,150,5,82.48484848484848,32,1,25,32.154059228481806,0.6637369791666667,41.69823232323232,1033.20707070707,32.28772095959594,0
154,4,0,0,33,0.0,0.0,1.0,33,1200,1000,200,0.8333333333333334,14,10,4,367.126104120865,0.8417771464646465,0.11905792997768083,0.2282203048168201,133570.0936926078,3207.4136248851987,136777.507317493,151,6,83.48484848484848,32,1,25,32.08440210089165,0.6650390625,41.57196969696969,1033.7121212121203,32.30350378787876,0
155,4,0,0,33,0.0,0.0,1.0,33,1100,900,200,0.8181818181818182,13,9,4,362.4802827835085,0.8406723484848485,0.11018140388257569,0.22632915217701985,133733.29252117124,3095.1363381287574,136828.4288593,152,7,84.48484848484848,32,1,22,32.04091389973959,0.6666666666666667,41.41414141414141,1034.3434343434337,32.323232323232304,0
156,4,0,0,33,0.0,0.0,1.0,33,1050,800,250,0.7619047619047619,13,8,5,362.0262214114374,0.8405145202020202,0.10796841031101656,0.2268476231412951,133863.92332415053,3092.450068870512,136956.37339302103,153,8,85.48484848484848,32,1,22,31.921821620302595,0.66796875,41.28787878787878,1034.848484848484,32.33901515151513,0
157,4,0,0,33,0.0,0.0,1.0,33,850,500,350,0.5882352941176471,12,5,7,368.04608596305576,0.8389362373737375,0.12311829744476421,0.23205857364757437,134092.68067352803,3270.4572556371613,137363.13792916518,154,9,86.48484848484848,32,1,22,31.53698850014224,0.6702473958333335,41.06691919191918,1035.7323232323217,32.366635101010054,0
158,4,0,1,32,0.0,0.030303030303030304,0.9696969696969697,33,1250,1200,50,0.96,13,12,1,369.39784891077596,0.8363320707070708,0.12181020733652304,0.23395197097682474,134256.19834710742,3318.790174471987,137574.98852157942,155,10,87.48484848484848,32,1,23,31.33832846003897,0.671875,40.90909090909091,1036.363636363636,32.386363636363626,0
159,4,0,0,32,0.0,0.0,1.0,32,950,600,350,0.631578947368421,13,6,7,379.95968307028704,0.82997311827957,0.12648846927233914,0.2401381412383059,134179.5370313855,3796.562872992602,137976.0999043781,156,21,90.90625,31,1,23,31.141473964224367,0.67372311827957,40.98307291666666,1036.0677083333321,33.42153897849458,0
160,4,0,0,32,0.0,0.0,1.0,32,950,700,250,0.7368421052631579,12,7,5,381.7351020348175,0.8298051075268817,0.1288674770699838,0.24170482713564936,134246.99783325195,3849.358283148871,138096.35611640083,157,22,91.90625,31,1,23,31.027898186539346,0.6743951612903226,40.91796875,1036.328125,33.42993951612903,0
161,4,0,0,32,0.0,0.0,1.0,32,800,500,300,0.625,11,5,6,382.60649983586285,0.8296790994623656,0.13043341708542755,0.24247991550107212,134280.73459201376,3875.3363715277583,138156.0709635415,158,23,92.90625,31,1,23,30.971524288107197,0.674731182795699,40.88541666666666,1036.4583333333321,33.4341397849462,0
162,4,0,0,32,0.0,0.0,1.0,32,1100,700,400,0.6363636363636364,15,7,8,384.69193742509304,0.8308551747311829,0.1276525615268711,0.24470340172950802,134415.72401258672,3941.7290581597126,138357.45307074644,159,24,93.90625,31,1,23,30.78227021597188,0.6760752688172043,40.75520833333333,1036.979166666666,33.450940860215034,0
163,4,0,0,32,0.0,0.0,1.0,32,650,400,250,0.6153846153846154,9,4,5,383.2496929244352,0.8303931451612904,0.124697897049592,0.2440114951353419,134449.48196411133,3905.544535319012,138355.02649943033,160,25,94.90625,31,1,23,30.78586001255493,0.6764112903225806,40.72265625,1037.109375,33.455141129032256,0
164,4,0,0,32,0.0,0.0,1.0,32,950,800,150,0.8421052631578947,11,8,3,383.38091321107703,0.8284190188172044,0.1211094377510038,0.24477396766553405,134550.78125000012,3916.9165717231053,138467.6978217232,161,26,95.90625,29,3,24,30.68105756358768,0.6831896551724137,40.62500000000001,1037.500000000001,35.77586206896555,0
165,4,0,0,32,0.0,0.0,1.0,32,1100,700,400,0.6363636363636364,15,7,8,384.1063434320058,0.8258148521505377,0.125978391758095,0.246210189606416,134694.91705246907,3947.4344135802385,138642.35146604932,162,27,96.90625,29,3,24,30.518018018018022,0.6846264367816093,40.48611111111111,1038.055555555555,35.795019157088106,0
166,4,0,0,32,0.0,0.0,1.0,32,950,800,150,0.8421052631578947,11,8,3,383.23269856762175,0.824176747311828,0.11801795026072992,0.24687315698425877,134875.19531250003,3937.7170138888887,138812.9123263889,163,28,97.90625,29,3,22,30.360425859072063,0.6864224137931034,40.3125,1038.7500000000002,35.81896551724139,0
167,4,0,1,31,0.0,0.03125,0.96875,32,1150,700,450,0.6086956521739131,16,7,9,384.3761617432582,0.8243867607526882,0.12174131016042766,0.24785635257237673,134911.2654320987,3971.334876543196,138882.6003086419,164,29,98.90625,29,3,22,30.294674688057025,0.6867816091954023,40.27777777777777,1038.8888888888885,35.823754789272016,0
168,4,0,0,31,0.0,0.0,1.0,31,850,700,150,0.8235294117647058,10,7,3,389.99627675931157,0.821415770609319,0.11159667163127551,0.2523464280927423,135035.68214096967,4332.682652926402,139368.36479389606,165,30,98.06451612903226,28,3,22,30.024306515528526,0.6912202380952381,40.15804597701149,1039.3678160919535,37.12027914614119,0
169,4,0,0,31,0.0,0.0,1.0,31,1400,1100,300,0.7857142857142857,17,11,6,390.6788299880079,0.8196236559139785,0.11144829307202464,0.25409919589246965,135222.414722057,4365.7069543532725,139588.1216764103,166,31,99.06451612903226,28,3,22,29.819956715936822,0.6930803571428572,39.978448275862064,1040.0862068965512,37.14593596059111,0
170,4,0,0,31,0.0,0.0,1.0,31,1150,700,450,0.6086956521739131,16,7,9,392.9121771231772,0.8155017921146953,0.1080166521961754,0.2571498394993152,135446.66412752678,4443.728737283664,139890.39286481045,167,32,100.06451612903226,28,3,22,29.537899700943175,0.6953125,39.76293103448276,1040.9482758620693,37.176724137931046,0
171,4,0,0,31,0.0,0.0,1.0,31,800,600,200,0.75,10,6,4,393.77755620107035,0.8148745519713262,0.10964002386188554,0.25798482569918213,135484.05709142555,4470.116181133566,139954.17327255913,168,33,101.06451612903226,28,3,22,29.478045358358628,0.6956845238095238,39.72701149425287,1041.0919540229884,37.181855500821015,0
172,4,0,0,31,0.0,0.0,1.0,31,700,500,200,0.7142857142857143,9,5,4,393.9200000000001,0.8120071684587814,0.10580645161290336,0.2591578947368422,135633.6805555556,4485.763888888894,140119.4444444445,169,34,102.06451612903226,28,3,22,29.325000000000006,0.6971726190476191,39.583333333333336,1041.666666666667,37.20238095238096,0
173,4,1,0,32,0.03125,0.0,1.0,32,750,500,250,0.6666666666666666,10,5,5,381.98307627923106,0.8138860887096775,0.1087759584664536,0.2543844742029773,136068.05555555553,3995.1388888888846,140063.1944444444,170,0,99.84375,29,3,21,29.203274760383387,0.6982758620689655,39.166666666666664,1043.3333333333333,35.97701149425287,0
174,4,0,0,32,0.0,0.0,1.0,32,900,500,400,0.5555555555555556,13,5,8,381.7116266469057,0.8117439516129032,0.10884481037924165,0.25498336660013304,136176.7578125,3996.050347222223,140172.80815972222,171,1,100.84375,29,3,21,29.102212242182294,0.6993534482758621,39.0625,1043.75,35.991379310344826,0
175,4,0,0,32,0.0,0.0,1.0,32,1000,600,400,0.6,14,6,8,383.69313037573534,0.8096018145161291,0.11028922872340385,0.25762253039513694,136358.0246913582,4063.927469135826,140421.95216049402,172,2,101.84375,29,3,21,28.870234929078023,0.7011494252873562,38.8888888888889,1044.444444444446,36.015325670498136,0
176,4,0,1,31,0.0,0.03125,0.96875,32,1100,700,400,0.6363636363636364,15,7,8,384.1117908801596,0.8083837365591399,0.10811428286587854,0.25869946309681663,136466.84268904326,4083.7046682098908,140550.54735725315,173,3,102.84375,29,3,21,28.751135406974164,0.7022270114942528,38.78472222222223,1044.8611111111115,36.029693486590055,0
177,4,0,0,31,0.0,0.0,1.0,31,1100,600,500,0.5454545454545454,16,6,10,388.18873583961715,0.8029569892473118,0.08840972198416219,0.26279539598926605,136648.30246913584,4409.066358024698,141057.36882716054,174,4,101.96774193548387,29,2,21,28.464288877081128,0.7040229885057471,38.611111111111114,1045.5555555555559,36.05363984674331,0
178,4,0,1,30,0.0,0.03225806451612903,0.967741935483871,31,850,400,450,0.47058823529411764,13,4,9,388.0890779511436,0.8004480286738351,0.08096645675363034,0.263271239366857,136720.92013888896,4411.979166666678,141132.89930555565,175,5,102.96774193548387,29,2,22,28.39475431606907,0.7047413793103448,38.54166666666667,1045.833333333334,36.06321839080462,0
179,4,0,0,30,0.0,0.0,1.0,30,1100,700,400,0.6363636363636364,15,7,8,400.1306474441593,0.7968869731800766,0.07717007924510977,0.27086053222801393,136645.79875561513,4935.234385321726,141581.03314093687,176,6,101.76666666666667,28,2,23,28.154631029270305,0.7072172619047619,38.613505747126446,1045.5459770114953,37.34092775041055,0
180,4,0,0,30,0.0,0.0,1.0,30,800,300,500,0.375,13,3,10,402.4242310897797,0.7952107279693487,0.07679138805899366,0.273298543027059,136759.83039700257,5007.114561710408,141766.944958713,177,7,102.76666666666667,27,3,23,27.981250296391146,0.7118055555555556,38.504464285714285,1045.982142857143,38.74007936507937,0
181,4,0,0,30,0.0,0.0,1.0,30,1250,800,450,0.64,17,8,9,404.7222448718099,0.7942049808429119,0.07808115282518013,0.2757758552266052,136876.5943877551,5079.400510204073,141955.99489795917,178,8,103.76666666666667,27,3,23,27.805034129692835,0.712962962962963,38.39285714285714,1046.428571428571,38.756613756613746,0
182,4,0,0,30,0.0,0.0,1.0,30,1250,1000,250,0.8,15,10,5,407.813388718487,0.7900862068965517,0.08001554854346793,0.27963798592371114,137096.8367064671,5181.985111969869,142278.82181843696,179,9,104.76666666666667,28,2,19,27.505201902410032,0.7116815476190477,38.18247126436781,1047.270114942528,37.40250410509028,0
183,4,0,0,30,0.0,0.0,1.0,30,1050,700,350,0.6666666666666666,14,7,7,405.31837024241656,0.7897509578544062,0.07735711019661662,0.2782270168613196,137134.456747919,5116.622902629126,142251.0796505481,180,10,105.76666666666667,28,2,19,27.533150434385007,0.7120535714285715,38.14655172413792,1047.413793103447,37.40763546798025,0
184,4,0,0,30,0.0,0.0,1.0,30,850,500,350,0.5882352941176471,12,5,7,402.80849972353775,0.787308429118774,0.07971213159698398,0.2780026495253743,137322.6343679812,5062.944865570081,142385.57923355128,181,11,106.76666666666667,28,2,19,27.412040210189623,0.7139136904761906,37.9669540229885,1048.1321839080456,37.4332922824302,0
185,4,0,0,30,0.0,0.0,1.0,30,850,700,150,0.8235294117647058,10,7,3,402.0547643253752,0.7852969348659005,0.08552114734630467,0.2783866859626743,137435.6028702602,5051.327784383657,142486.93065464386,182,12,107.76666666666667,28,2,20,27.319699461039548,0.715029761904762,37.859195402298845,1048.563218390804,37.448686371100145,0
186,4,0,0,30,0.0,0.0,1.0,30,1250,1200,50,0.96,13,12,1,398.5409372875696,0.7827586206896552,0.08652977412730989,0.27806509521353323,137699.37667211634,4975.767728563856,142675.1444006802,183,13,108.76666666666667,28,2,21,27.150353639060008,0.7176339285714286,37.607758620689644,1049.56896551724,37.48460591133,0
187,4,0,0,30,0.0,0.0,1.0,30,900,600,300,0.6666666666666666,12,6,6,399.156464244648,0.7825670498084292,0.0874746405574669,0.27881927511654775,137739.5929783949,4995.929783950598,142735.5227623455,184,14,109.76666666666667,29,1,21,27.09435917791303,0.7147988505747127,37.569444444444436,1049.722222222221,36.197318007662794,0
188,4,0,0,30,0.0,0.0,1.0,30,550,400,150,0.7272727272727273,7,4,3,400.9196271101033,0.7814176245210728,0.08544973544973544,0.28064373897707223,137812.5,5050.3665123456785,142862.86651234567,185,15,110.76666666666667,28,2,21,26.975859788359784,0.71875,37.5,1050.0,37.5,0
189,4,0,0,30,0.0,0.0,1.0,30,750,500,250,0.6666666666666666,10,5,5,401.41105236319066,0.7802681992337165,0.08409919766593732,0.2822228475845817,137963.40335579333,5076.006985731268,143039.4103415246,186,16,111.76666666666667,28,2,21,26.813514314369076,0.7202380952380952,37.35632183908046,1050.574712643678,37.52052545155993,0
190,4,0,0,30,0.0,0.0,1.0,30,700,300,400,0.42857142857142855,11,3,8,400.4647946141997,0.7780651340996169,0.08275013668671383,0.2827992700190622,138114.3892852424,5061.99010767604,143176.37939291843,187,17,112.76666666666667,28,2,20,26.68893521049753,0.7217261904761905,37.212643678160916,1051.149425287356,37.54105090311986,0
191,4,0,0,30,0.0,0.0,1.0,30,1100,900,200,0.8181818181818182,13,9,4,403.1081101257127,0.7768199233716475,0.07612021857923468,0.28592551997288934,138265.45778834724,5147.1854769454385,143412.6432652927,188,18,113.76666666666667,28,2,20,26.47000227686703,0.7232142857142858,37.06896551724138,1051.7241379310349,37.561576354679815,0
192,4,0,0,30,0.0,0.0,1.0,30,750,500,250,0.6666666666666666,10,5,5,400.2817743982822,0.7753831417624522,0.07267595374669922,0.2845498205965264,138341.02300502043,5075.078032104632,143416.10103712504,189,19,114.76666666666667,28,2,20,26.469600746608396,0.7239583333333334,36.997126436781606,1052.0114942528733,37.57183908045976,0
193,4,0,0,30,0.0,0.0,1.0,30,800,600,200,0.75,10,6,4,400.14513806487605,0.7733716475095785,0.08294658294658275,0.28571766875860455,138492.2153686088,5083.3973279165075,143575.6126965253,190,20,115.76666666666667,28,2,20,26.323766948766952,0.7254464285714286,36.85344827586207,1052.5862068965519,37.59236453201971,0
194,4,0,0,30,0.0,0.0,1.0,30,1000,400,600,0.4,16,4,12,395.1904350624059,0.7743773946360154,0.07311385459533604,0.2712747901699566,137134.45674791912,4838.845124851363,141973.30187277048,191,21,116.76666666666667,28,2,21,27.79835390946503,0.7120535714285714,38.14655172413793,1047.413793103448,37.407635467980285,4
195,4,0,1,29,0.0,0.03333333333333333,0.9666666666666667,30,550,400,150,0.7272727272727273,7,4,3,397.4344284426469,0.7742337164750958,0.07496456818909136,0.27310974719842984,137172.0819502247,4903.381597635104,142075.4635478598,192,22,117.76666666666667,28,2,21,27.70224706258858,0.7124255952380952,38.11063218390805,1047.5574712643686,37.412766830870304,0
196,4,0,0,29,0.0,0.0,1.0,29,1100,900,200,0.8181818181818182,13,9,4,399.3317927862371,0.7688834154351395,0.06047599914915747,0.2756031625710126,137322.6343679814,5167.458754459003,142490.0931224404,193,23,117.58620689655173,28,1,21,27.503141421064655,0.7139136904761905,37.96695402298852,1048.1321839080472,37.43329228243026,0
197,4,0,0,29,0.0,0.0,1.0,29,1100,900,200,0.8181818181818182,13,9,4,399.5794329695847,0.7679597701149425,0.06195271557040427,0.2763726182349822,137397.94154198054,5180.278314506556,142578.2198564871,194,24,118.58620689655173,28,1,22,27.421942807546486,0.7146577380952379,37.89511494252874,1048.4195402298858,37.443555008210204,0
198,4,0,0,29,0.0,0.0,1.0,29,400,300,100,0.75,5,3,2,401.10735091419184,0.7669334975369458,0.05858005499853536,0.27773068756847946,137435.6028702604,5225.286117717022,142660.8889879774,195,25,119.58620689655173,28,1,22,27.344535032428972,0.7150297619047619,37.85919540229886,1048.5632183908056,37.4486863711002,0
199,4,0,0,29,0.0,0.0,1.0,29,1050,500,550,0.47619047619047616,16,5,11,397.72983198954984,0.76559934318555,0.05257664278393581,0.27629167491491025,137548.61782022082,5141.437731206263,142690.0555514271,196,26,120.58620689655173,28,1,23,27.321029082774057,0.7161458333333333,37.75143678160921,1048.9942528735646,37.464080459770166,0
200,4,0,0,29,0.0,0.0,1.0,29,700,400,300,0.5714285714285714,10,4,6,397.0033010995437,0.7647783251231527,0.0527677820908774,0.2760874385360829,137586.2997919145,5124.443040692312,142710.7428326068,197,27,121.58620689655173,28,1,24,27.302736693143434,0.716517857142857,37.71551724137932,1049.1379310344835,37.46921182266012,0
201,4,0,1,28,0.0,0.034482758620689655,0.9655172413793104,29,1150,800,350,0.6956521739130435,15,8,7,394.7585430173796,0.7626231527093595,0.04923410984446153,0.2754260894691461,137699.3766721167,5071.601061897236,142770.97773401393,198,28,122.58620689655173,28,1,24,27.24960073009354,0.7176339285714285,37.607758620689665,1049.5689655172425,37.48460591133009,0
202,4,0,0,28,0.0,0.0,1.0,28,850,600,250,0.7058823529411765,11,6,5,415.45857698840183,0.7601962081128747,-0.017129951355107753,0.25835993616521596,133583.59602077544,5499.6901423569725,139083.2861631324,199,29,121.28571428571429,28,0,23,30.8217512161223,0.6767113095238095,41.558908045977006,1033.7643678160912,36.92015599343183,8
203,4,0,0,28,0.0,0.0,1.0,28,650,500,150,0.7692307692307693,8,5,3,417.5027470892204,0.7602513227513227,-0.012662247449688024,0.2604146250908325,133695.01626701016,5563.607312722946,139258.6235797331,200,30,122.28571428571429,28,0,23,30.656663888117073,0.6778273809523809,41.451149425287355,1034.1954022988502,36.93555008210179,0
204,4,1,1,28,0.034482758620689655,0.034482758620689655,0.9655172413793104,29,750,600,150,0.8,9,6,3,408.07789100922855,0.7685755336617406,-0.021366730797691025,0.2569787800139195,134046.91358024685,5140.316358024684,139187.22993827154,201,0,119.03448275862068,29,0,18,30.546427932761098,0.67816091954023,41.11111111111111,1035.555555555555,35.70881226053638,0
205,4,0,0,28,0.0,0.0,1.0,28,500,300,200,0.6,7,3,4,416.4067960270083,0.7562830687830687,-0.01293924010470393,0.26130614621764503,133917.99610252335,5552.872737481816,139470.86884000516,202,32,124.28571428571429,28,0,18,30.460508051082726,0.680059523809524,41.23563218390804,1035.057471264367,36.96633825944168,0
206,4,0,0,28,0.0,0.0,1.0,28,450,300,150,0.6666666666666666,6,3,3,414.5460705217668,0.7551807760141093,-0.0132231077276872,0.26066483282546676,133992.36400118898,5509.201595323017,139501.565596512,203,33,125.28571428571429,28,0,19,30.43383985567584,0.6808035714285715,41.16379310344827,1035.3448275862063,36.97660098522165,0
207,4,0,0,28,0.0,0.0,1.0,28,1100,900,200,0.8181818181818182,13,9,4,417.464373650166,0.7532517636684303,-0.010197713810250475,0.2638330936364019,134178.37406278893,5602.938177103963,139781.3122398929,204,34,126.28571428571429,28,0,19,30.17120833911154,0.6826636904761905,40.984195402298845,1036.063218390804,37.00225779967157,0
208,4,0,0,28,0.0,0.0,1.0,28,1350,1100,250,0.8148148148148148,16,11,5,417.6508435642767,0.7526455026455026,-0.015218424492059235,0.2647568704281802,134290.04202999064,5617.269867221543,139907.31189721217,205,35,127.28571428571429,28,0,21,30.054119305054975,0.683779761904762,40.876436781609186,1036.4942528735623,37.01765188834151,0
209,4,0,0,28,0.0,0.0,1.0,28,550,300,250,0.5454545454545454,8,3,5,417.6508435642767,0.7526455026455026,-0.015218424492059235,0.2647568704281802,134290.04202999064,5617.269867221543,139907.31189721217,206,36,128.28571428571428,28,0,21,30.054119305054975,0.683779761904762,40.876436781609186,1036.4942528735623,37.01765188834151,0
210,4,0,0,28,0.0,0.0,1.0,28,900,600,300,0.6666666666666666,12,6,6,419.76310035348894,0.751763668430335,-0.020094235033259578,0.2666382510696105,134364.5131457259,5680.252923107399,140044.7660688333,207,37,129.28571428571428,28,0,21,29.92453113451588,0.6845238095238095,40.80459770114942,1036.7816091954016,37.027914614121485,0
211,4,0,0,28,0.0,0.0,1.0,28,700,600,100,0.8571428571428571,8,6,2,422.1497301971511,0.7527557319223985,-0.0220975339429208,0.2687016536651707,134439.00490487512,5750.677929713296,140189.68283458843,208,38,130.28571428571428,28,0,21,29.787799020966098,0.6852678571428572,40.73275862068965,1037.0689655172412,37.03817733990147,0
212,4,0,0,28,0.0,0.0,1.0,28,1000,600,400,0.6,14,6,8,420.3271013881781,0.7511022927689593,-0.025527159077422423,0.26863737400224963,134588.0503534152,5714.201017307425,140302.25137072263,209,39,131.28571428571428,28,0,21,29.68533647189144,0.6867559523809523,40.58908045977011,1037.643678160919,37.05870279146139,0
213,4,0,0,28,0.0,0.0,1.0,28,550,400,150,0.7272727272727273,7,4,3,419.48635672465605,0.7503858024691358,-0.022792881858626046,0.26892537065977296,134699.88862878195,5700.953106420938,140400.84173520288,210,40,132.28571428571428,28,0,22,29.594867358708182,0.6878720238095237,40.481321839080465,1038.0747126436788,37.074096880131385,0
214,4,0,0,28,0.0,0.0,1.0,28,1000,800,200,0.8,12,8,4,418.2215506382514,0.7497795414462081,-0.012896276385485406,0.2689417587200428,134811.77335182976,5676.237779098944,140488.0111309287,211,41,133.28571428571428,28,0,17,29.515426120641944,0.6889880952380952,40.3735632183908,1038.5057471264363,37.08949096880129,0
215,4,0,0,28,0.0,0.0,1.0,28,750,600,150,0.8,9,6,3,417.82047481799657,0.7481812169312169,-0.014180018570836062,0.2695147059240798,134923.7045225592,5674.777257563759,140598.48178012294,212,42,134.28571428571428,28,0,17,29.413578112755275,0.6901041666666666,40.265804597701155,1038.936781609196,37.104885057471286,0
216,4,0,0,28,0.0,0.0,1.0,28,550,300,250,0.5454545454545454,8,3,5,416.3171818245749,0.7461970899470899,-0.009593924670656007,0.2690993901820509,134998.35110731272,5640.4266167921805,140638.7777241049,213,43,135.28571428571428,28,0,18,29.377793907553354,0.6908482142857142,40.19396551724138,1039.2241379310344,37.11514778325123,0
217,4,0,0,28,0.0,0.0,1.0,28,800,400,400,0.5,12,4,8,416.0682721285755,0.7425595238095237,-0.007012574271106686,0.2700525637125114,135147.70620706177,5646.1345207425165,140793.8407278043,214,44,136.28571428571428,28,0,19,29.234604578324355,0.6923363095238095,40.050287356321846,1039.7988505747132,37.135673234811186,0
218,4,1,0,29,0.034482758620689655,0.0,1.0,29,1050,600,450,0.5714285714285714,15,6,9,403.2000000000001,0.7476395730706076,-0.003586206896551536,0.26526315789473687,135633.6805555556,5137.5000000000055,140771.1805555556,215,0,132.55172413793105,29,0,22,29.083333333333336,0.6939655172413792,39.583333333333336,1041.666666666667,35.919540229885065,0
219,4,0,0,29,0.0,0.0,1.0,29,1000,900,100,0.9,11,9,2,402.8203962886271,0.7467159277504105,-0.0002758252922598903,0.265281456765671,135669.85194830253,5130.116705246919,140799.96865354944,216,1,133.55172413793105,29,0,22,29.05709794249655,0.6943247126436781,39.548611111111114,1041.8055555555559,35.92432950191572,0
220,4,0,0,29,0.0,0.0,1.0,29,550,300,250,0.5454545454545454,8,3,5,402.7497936922676,0.7457922824302134,-0.0041368278803814995,0.26550342287165146,135706.0281635804,5131.114969135827,140837.1431327162,217,2,134.55172413793105,29,0,22,29.022816137918785,0.694683908045977,39.5138888888889,1041.9444444444457,35.929118773946406,0
221,4,0,0,29,0.0,0.0,1.0,29,500,300,200,0.6,7,3,4,402.7497936922676,0.7457922824302134,-0.0041368278803814995,0.26550342287165146,135706.0281635804,5131.114969135827,140837.1431327162,218,3,135.55172413793105,29,0,22,29.022816137918785,0.694683908045977,39.5138888888889,1041.9444444444457,35.929118773946406,0
222,4,0,0,29,0.0,0.0,1.0,29,750,500,250,0.6666666666666666,10,5,5,400.5546380139201,0.7467159277504105,-0.005237887385421525,0.26486013729466706,135814.58574459885,5080.232445987668,140894.81819058652,219,4,136.55172413793105,29,0,23,28.971657783699754,0.6957614942528736,39.40972222222223,1042.3611111111118,35.94348659003834,0
223,4,0,0,29,0.0,0.0,1.0,29,1050,700,350,0.6666666666666666,14,7,7,400.1211500823322,0.7463054187192117,-0.005237189558697786,0.2648420945783057,135850.7812500001,5071.354166666682,140922.13541666677,220,5,137.55172413793105,29,0,23,28.94684252597923,0.6961206896551724,39.37500000000001,1042.5000000000007,35.94827586206899,0
224,4,0,0,29,0.0,0.0,1.0,29,850,600,250,0.7058823529411765,11,6,5,401.7900677481069,0.7440476190476191,-0.006060884338123795,0.2670303901582551,135995.61149691363,5128.33719135803,141123.94868827166,221,6,138.55172413793105,29,0,19,28.75887705281847,0.6975574712643677,39.236111111111114,1043.0555555555559,35.96743295019158,0
225,4,0,0,29,0.0,0.0,1.0,29,800,600,200,0.75,10,6,4,405.7142605065103,0.74373973727422,-0.0049569252376338024,0.2704641738407644,136104.284818673,5243.8898533950905,141348.1746720681,222,7,139.55172413793105,29,0,19,28.548155419495103,0.6986350574712643,39.13194444444446,1043.4722222222235,35.98180076628357,0
226,4,0,0,29,0.0,0.0,1.0,29,1000,700,300,0.7,13,7,6,404.43505867631393,0.7415845648604269,-0.008533519296764602,0.27043895916469557,136213.00154321,5217.862654321004,141430.86419753102,223,8,140.55172413793105,29,0,19,28.473146177044534,0.6997126436781609,39.027777777777786,1043.8888888888898,35.99616858237551,0
227,4,0,0,29,0.0,0.0,1.0,29,800,700,100,0.875,9,7,2,404.90850689390925,0.7406609195402298,-0.007705644384512045,0.27131035248025076,136285.50347222236,5236.631944444464,141522.13541666683,224,9,141.55172413793105,29,0,19,28.388534184623573,0.7004310344827586,38.95833333333334,1044.1666666666679,36.00574712643682,0
228,4,0,0,29,0.0,0.0,1.0,29,700,500,200,0.7142857142857143,9,5,4,406.35848926283484,0.7401477832512315,-0.01760353537668813,0.2734014808796999,136430.56520061736,5287.9436728395185,141718.50887345689,225,10,142.55172413793105,29,0,19,28.206150846406093,0.7018678160919539,38.81944444444445,1044.7222222222229,36.024904214559406,0
229,4,0,0,29,0.0,0.0,1.0,29,500,400,100,0.8,6,4,2,406.0626410160534,0.7389162561576355,-0.012374195677280708,0.27376481281404896,136503.12499999997,5285.7638888888905,141788.88888888888,226,11,143.55172413793105,29,0,19,28.14161350345561,0.7025862068965516,38.75,1044.9999999999998,36.03448275862068,0
230,4,0,0,29,0.0,0.0,1.0,29,1000,700,300,0.7,13,7,6,408.2656075644296,0.7367610837438423,-0.01209599824058194,0.27581750112476644,136575.70408950618,5351.832561728399,141927.53665123458,227,12,144.55172413793105,29,0,20,28.01178138010453,0.7033045977011494,38.68055555555556,1045.2777777777778,36.044061302681996,0
231,4,0,0,29,0.0,0.0,1.0,29,650,400,250,0.6153846153846154,9,4,5,404.5261615156269,0.7336822660098522,-0.0019230857284144864,0.2747057278966806,136757.2362075618,5264.375964506183,142021.61217206798,228,13,145.55172413793105,29,0,21,27.928866241756296,0.7051005747126438,38.50694444444445,1045.9722222222229,36.06800766283527,0
232,4,0,0,29,0.0,0.0,1.0,29,950,700,250,0.7368421052631579,12,7,5,404.12737834592923,0.7329638752052545,-0.0027469005805123015,0.27471908065898354,136793.55709876536,5256.404320987637,142049.961419753,229,14,146.55172413793105,29,0,21,27.90316870242519,0.7054597701149425,38.472222222222214,1046.1111111111106,36.072796934865885,0
233,4,0,0,29,0.0,0.0,1.0,29,1050,900,150,0.8571428571428571,12,9,3,402.866692880691,0.7321428571428571,-0.004667871770816401,0.2747149801679643,136902.54870756174,5230.695408950621,142133.24411651236,230,15,147.55172413793105,29,0,21,27.82777593452776,0.7065373563218391,38.36805555555556,1046.5277777777778,36.087164750957854,0
234,4,0,0,29,0.0,0.0,1.0,29,750,600,150,0.8,9,6,3,402.866692880691,0.7321428571428571,-0.004667871770816401,0.2747149801679643,136902.54870756174,5230.695408950621,142133.24411651236,231,16,148.55172413793105,29,0,21,27.82777593452776,0.7065373563218391,38.36805555555556,1046.5277777777778,36.087164750957854,0
235,4,0,0,29,0.0,0.0,1.0,29,950,500,450,0.5263157894736842,14,5,9,406.1031462499262,0.728756157635468,0.004116525103941893,0.278075533113369,137047.93836805553,5331.119791666663,142379.0581597222,232,17,149.55172413793105,29,0,19,27.598570765353486,0.7079741379310345,38.229166666666664,1047.0833333333333,36.10632183908046,0
236,4,0,0,29,0.0,0.0,1.0,29,850,800,50,0.9411764705882353,9,8,1,406.9436252963673,0.728448275862069,-0.003565763187609372,0.27981547544307206,137193.40518904335,5365.996334876561,142559.40152391992,233,18,150.55172413793105,29,0,20,27.43202859163022,0.7094109195402298,38.090277777777786,1047.6388888888898,36.1254789272031,0
237,4,0,0,29,0.0,0.0,1.0,29,800,600,200,0.75,10,6,4,406.50727839721105,0.7281403940886699,-0.004661685062041565,0.280100220594243,137266.16753472234,5359.939236111132,142626.10677083346,234,19,151.55172413793105,29,0,20,27.371189529489737,0.7101293103448275,38.02083333333334,1047.9166666666677,36.1350574712644,0
238,4,0,0,29,0.0,0.0,1.0,29,700,600,100,0.8571428571428571,8,6,2,405.45595628360036,0.7269088669950738,-0.007675017817005969,0.28025472143119207,137375.34722222228,5339.930555555564,142715.27777777784,235,20,152.55172413793105,29,0,20,27.290341812400648,0.711206896551724,37.91666666666667,1048.333333333334,36.149425287356344,0
239,4,0,0,29,0.0,0.0,1.0,29,750,500,250,0.6666666666666666,10,5,5,405.1893856327997,0.7277298850574713,-0.004111072030549945,0.2803643145868017,137411.7500964507,5335.556520061741,142747.30661651245,236,21,153.55172413793105,29,0,20,27.261199055062487,0.7115660919540229,37.88194444444445,1048.4722222222229,36.15421455938699,0
240,4,0,0,29,0.0,0.0,1.0,29,650,600,50,0.9230769230769231,7,6,1,403.3612357699858,0.7267036124794746,-0.0008219966298139703,0.2796860138934037,137484.57031250015,5291.189236111127,142775.75954861127,237,22,154.55172413793105,29,0,21,27.23687259965568,0.7122844827586206,37.81250000000001,1048.7500000000011,36.16379310344831,0
241,4,0,0,29,0.0,0.0,1.0,29,800,600,200,0.75,10,6,4,403.99523284136046,0.7257799671592775,-0.0030123918847986264,0.2813072796420718,137630.2686149692,5320.394483024697,142950.66309799388,238,23,155.55172413793105,29,0,21,27.075750055151126,0.713721264367816,37.673611111111114,1049.3055555555559,36.182950191570896,0
242,4,0,0,29,0.0,0.0,1.0,29,800,500,300,0.625,11,5,6,401.86444948349714,0.7231116584564861,0.0024630541871919487,0.28130511463844804,137812.5,5276.388888888889,143088.88888888888,239,24,156.55172413793105,29,0,21,26.951058201058206,0.7155172413793103,37.5,1050.0,36.206896551724135,0
243,4,0,0,29,0.0,0.0,1.0,29,900,700,200,0.7777777777777778,11,7,4,402.53540234265415,0.7206486042692939,0.009301180429222233,0.28267179646401996,137921.8967013889,5303.689236111116,143225.58593750003,240,25,157.55172413793105,29,0,21,26.825085944730926,0.7165948275862069,37.395833333333336,1050.4166666666667,36.2212643678161,0
244,4,0,0,29,0.0,0.0,1.0,29,500,300,200,0.6,7,3,4,401.98430085327897,0.72188013136289,0.013401098525423372,0.282884766135354,137994.85194830253,5294.352816358033,143289.20476466056,241,26,158.55172413793105,29,0,21,26.76732209737828,0.7173132183908046,37.32638888888889,1050.694444444445,36.23084291187742,0
245,4,0,0,29,0.0,0.0,1.0,29,900,800,100,0.8888888888888888,10,8,2,403.7487875957074,0.7200328407224958,0.008474885178974878,0.2850345918399546,138104.3209876543,5351.890432098764,143456.21141975306,242,27,159.55172413793105,29,0,20,26.612601303735023,0.7183908045977011,37.22222222222222,1051.1111111111109,36.24521072796934,0
246,4,0,0,29,0.0,0.0,1.0,29,850,600,250,0.7058823529411765,11,6,5,402.9531559749395,0.7207512315270935,0.006560334577063287,0.2847761379621211,138140.8203125,5332.855902777777,143473.67621527778,243,28,160.55172413793105,29,0,20,26.59738736953362,0.71875,37.1875,1051.25,36.25,0
247,4,0,0,29,0.0,0.0,1.0,29,950,900,50,0.9473684210526315,10,9,1,401.5497452508076,0.7176724137931034,0.006556869459103831,0.2849987086020962,138286.8658371914,5305.811149691364,143592.67698688278,244,29,161.55172413793105,29,0,21,26.489804788943182,0.7201867816091954,37.048611111111114,1051.8055555555559,36.26915708812262,0
248,4,0,0,29,0.0,0.0,1.0,29,500,300,200,0.6,7,3,4,403.99209865199833,0.715311986863711,0.00191166296471601,0.28765452437852823,138396.45061728402,5382.2145061728515,143778.66512345686,245,30,162.55172413793105,29,0,21,26.317207849348815,0.7212643678160919,36.94444444444445,1052.2222222222229,36.28352490421458,0
249,4,0,0,29,0.0,0.0,1.0,29,700,300,400,0.42857142857142855,11,3,8,406.2027373932436,0.7139778325123153,0.020539035578173825,0.28284439456276095,137630.2686149692,5381.158371913588,143011.42698688278,246,31,163.55172413793105,29,0,19,27.017841385395997,0.713721264367816,37.673611111111114,1049.3055555555559,36.182950191570896,2
250,4,0,0,29,0.0,0.0,1.0,29,650,300,350,0.46153846153846156,10,3,7,404.87688564921666,0.7129515599343186,0.017795786505318212,0.2825165858588303,137703.14670138896,5350.564236111121,143053.7109375001,247,32,164.55172413793105,29,0,19,26.980365885933562,0.7144396551724137,37.60416666666667,1049.583333333334,36.1925287356322,0
251,4,0,0,29,0.0,0.0,1.0,29,1000,700,300,0.7,13,7,6,404.21137130970067,0.7112068965517241,0.019152021450263845,0.2835479025829274,137885.42631172843,5346.971450617288,143232.3977623457,248,33,165.55172413793105,29,0,20,26.817200035264033,0.7162356321839081,37.43055555555556,1050.277777777778,36.21647509578545,0
252,4,0,0,29,0.0,0.0,1.0,29,1050,700,350,0.6666666666666666,14,7,7,404.37733820827873,0.7085385878489326,0.027064955894145815,0.28547832980972526,138104.32098765444,5369.251543209892,143473.57253086433,249,34,166.55172413793105,29,0,18,26.596084390415783,0.7183908045977011,37.22222222222223,1051.111111111112,36.24521072796938,0
253,4,0,0,29,0.0,0.0,1.0,29,550,300,250,0.5454545454545454,8,3,5,406.5446410341871,0.7080254515599343,0.028151049970390973,0.2876208348251214,138177.3244598767,5435.050154321006,143612.3746141977,250,35,167.55172413793105,29,0,18,26.466864817261122,0.7191091954022988,37.152777777777786,1051.38888888889,36.25478927203069,0
254,4,0,0,29,0.0,0.0,1.0,29,800,500,300,0.625,11,5,6,405.7270300975532,0.7069991789819375,0.028967156891769097,0.2873488629437396,138213.83342978402,5415.417631172844,143629.25106095686,251,36,168.55172413793105,29,0,18,26.452224496984105,0.7194683908045977,37.11805555555556,1051.5277777777783,36.25957854406132,0
255,4,0,0,29,0.0,0.0,1.0,29,800,500,300,0.625,11,5,6,406.74443681991966,0.7060755336617406,0.025947422328439718,0.28930414168177376,138359.91753472216,5455.425347222219,143815.34288194438,252,37,169.55172413793105,29,0,20,26.280940594059402,0.720905172413793,36.979166666666664,1052.083333333333,36.278735632183896,0
256,4,0,0,29,0.0,0.0,1.0,29,600,400,200,0.6666666666666666,8,4,4,406.74443681991966,0.7060755336617406,0.025947422328439718,0.28930414168177376,138359.91753472216,5455.425347222219,143815.34288194438,253,38,170.55172413793105,29,0,20,26.280940594059402,0.720905172413793,36.979166666666664,1052.083333333333,36.278735632183896,0
257,4,0,0,29,0.0,0.0,1.0,29,750,500,250,0.6666666666666666,10,5,5,405.70658980017515,0.7041256157635468,0.025933727950643748,0.2898068090570713,138506.07880015424,5438.565779320974,143944.64457947522,254,39,171.55172413793105,29,0,20,26.16371443022386,0.7223419540229885,36.84027777777777,1052.6388888888882,36.29789272030649,0
258,4,0,0,29,0.0,0.0,1.0,29,900,400,500,0.4444444444444444,14,4,10,406.04702000125326,0.7032019704433498,0.02811391138203967,0.2903619256235376,138542.63117283944,5450.964506172829,143993.59567901227,255,40,172.55172413793105,29,0,20,26.118623570800352,0.7227011494252874,36.80555555555555,1052.7777777777771,36.30268199233714,0
259,4,0,0,29,0.0,0.0,1.0,29,950,700,250,0.7368421052631579,12,7,5,405.12425600487643,0.7008415435139573,0.028375631516958988,0.2906392841329213,138652.31722608022,5434.283371913575,144086.6005979938,256,41,173.55172413793105,29,0,20,26.034523495538256,0.723778735632184,36.701388888888886,1053.1944444444443,36.31704980842912,0
260,4,0,0,29,0.0,0.0,1.0,29,550,300,250,0.5454545454545454,8,3,5,405.3570034689319,0.7003284072249589,0.031091757047919,0.29174935752517234,138762.04668209868,5449.633487654305,144211.68016975297,257,42,174.55172413793105,29,0,21,25.920006151682916,0.7248563218390804,36.597222222222214,1053.6111111111104,36.33141762452105,0
261,4,0,0,29,0.0,0.0,1.0,29,900,600,300,0.6666666666666666,12,6,6,400.872948408677,0.6987889983579638,0.025084979913838623,0.28914676164686676,138835.2237654319,5331.057098765406,144166.2808641973,258,43,175.55172413793105,29,0,21,25.96588912317694,0.7255747126436782,36.527777777777764,1053.8888888888873,36.34099616858232,0
262,4,0,0,29,0.0,0.0,1.0,29,1000,700,300,0.7,13,7,6,399.2847554022259,0.696531198686371,0.023709167544783805,0.2892528495242078,138981.63580246907,5298.6496913580195,144280.28549382708,259,44,176.55172413793105,29,0,22,25.863299086757987,0.7270114942528736,36.388888888888886,1054.4444444444441,36.36015325670497,0
263,4,0,0,29,0.0,0.0,1.0,29,950,800,150,0.8421052631578947,11,8,3,398.29484853042067,0.6970443349753694,0.023699802501645717,0.2894784090515352,139091.4954668209,5279.885223765417,144371.38069058632,260,45,177.55172413793105,29,0,22,25.78107856045643,0.7280890804597702,36.284722222222214,1054.8611111111104,36.37452107279691,0
264,4,0,0,29,0.0,0.0,1.0,29,600,400,200,0.6666666666666666,8,4,4,398.29484853042067,0.6970443349753694,0.023699802501645717,0.2894784090515352,139091.4954668209,5279.885223765417,144371.38069058632,261,46,178.55172413793105,29,0,22,25.78107856045643,0.7280890804597702,36.284722222222214,1054.8611111111104,36.37452107279691,0
265,4,0,0,29,0.0,0.0,1.0,29,900,700,200,0.7777777777777778,11,7,4,400.4928821154524,0.6957101806239737,0.026416961323208366,0.2917108749214852,139164.7593557098,5346.899112654309,144511.6584683641,262,47,179.55172413793105,29,0,20,25.650887411697603,0.7288074712643678,36.21527777777777,1055.1388888888882,36.384099616858215,0
266,4,0,0,29,0.0,0.0,1.0,29,600,400,200,0.6666666666666666,8,4,4,399.70411021700437,0.6945812807881773,0.02586887656461334,0.29145411030986534,139201.3985339505,5327.87422839505,144529.27276234556,263,48,180.55172413793105,29,0,20,25.635583925594457,0.7291666666666667,36.18055555555555,1055.277777777777,36.38888888888886,0
267,4,0,0,29,0.0,0.0,1.0,29,1150,800,350,0.6956521739130435,15,8,7,399.9653739612188,0.6928366174055829,0.027495462794918213,0.29228238866396755,139274.69135802466,5341.010802469129,144615.7021604938,264,49,181.55172413793105,29,0,21,25.556469298245613,0.7298850574712643,36.11111111111111,1055.5555555555552,36.39846743295018,0
268,4,0,1,28,0.0,0.034482758620689655,0.9655172413793104,29,600,400,200,0.6666666666666666,8,4,4,399.5604529776258,0.6915024630541872,0.032659282040116366,0.29262606585124384,139348.00347222216,5335.590277777774,144683.59374999994,265,50,182.55172413793105,29,0,21,25.494935543278082,0.7306034482758621,36.041666666666664,1055.833333333333,36.40804597701148,0
269,4,0,0,28,0.0,0.0,1.0,28,450,300,150,0.6666666666666666,6,3,3,413.27920198743163,0.6904210758377425,0.036521443158611167,0.30144346957275914,139211.50674213897,5906.64408277183,145118.1508249108,266,51,183.67857142857142,28,0,22,25.26747220331291,0.7325148809523809,36.17097701149425,1055.3160919540228,37.689860426929386,0
270,4,0,0,28,0.0,0.0,1.0,28,650,400,250,0.6153846153846154,9,4,5,413.0023217822878,0.6900352733686067,0.03270973513282205,0.301582013500267,139249.41579138584,5902.066405733899,145151.48219711974,267,52,184.67857142857142,28,0,22,25.237374081132582,0.7328869047619049,36.13505747126436,1055.4597701149419,37.694991789819355,0
271,4,0,1,27,0.0,0.03571428571428571,0.9642857142857143,28,650,300,350,0.46153846153846156,10,3,7,431.09707855588977,0.6900352733686067,0.012203697287161308,0.2864037368339554,135982.67708776216,6136.738174557254,142119.4152623194,268,53,185.67857142857142,27,1,21,28.007591430066107,0.7040895061728395,39.248511904761905,1043.0059523809523,38.62985008818342,6
272,4,0,0,27,0.0,0.0,1.0,27,500,400,100,0.8,6,4,2,431.09707855588977,0.6839981006647674,-0.00858155915938763,0.2864037368339554,135982.67708776216,6324.34696534864,142307.0240531108,269,54,184.55555555555554,27,0,21,28.007591430066107,0.7040895061728395,39.248511904761905,1043.0059523809523,38.62985008818342,0
273,4,0,0,27,0.0,0.0,1.0,27,550,300,250,0.5454545454545454,8,3,5,431.22229710358795,0.6822174738841406,-0.009169466100441559,0.28742687711885556,136099.10891439914,6337.79407596373,142436.90299036287,270,55,185.55555555555554,27,0,21,27.887906446092416,0.7052469135802468,39.136904761904766,1043.4523809523814,38.64638447971783,0
274,4,0,0,27,0.0,0.0,1.0,27,650,400,250,0.6153846153846154,9,4,5,431.45291131832766,0.6826923076923077,-0.013012870277949284,0.2878952680376242,136137.93059541518,6347.421299248863,142485.35189466405,271,56,186.55555555555554,27,0,21,27.843083083796763,0.7056327160493827,39.09970238095238,1043.6011904761901,38.6518959435626,0
275,4,0,0,27,0.0,0.0,1.0,27,650,500,150,0.7692307692307693,8,5,3,431.55970126127266,0.682573599240266,-0.006208917399223468,0.2885978364487919,136215.59056565334,6357.031914328234,142572.62247998157,272,57,187.55555555555554,27,0,21,27.762681159420307,0.7064043209876543,39.02529761904762,1043.8988095238094,38.6629188712522,0
276,4,0,0,27,0.0,0.0,1.0,27,550,300,250,0.5454545454545454,8,3,5,430.480452563874,0.6832858499525166,-0.005025550065458795,0.28819187549505176,136254.42885487544,6330.973639455804,142585.40249433124,273,58,188.55555555555554,27,0,21,27.752042949448878,0.70679012345679,38.98809523809525,1044.0476190476202,38.66843033509704,0
277,4,0,0,27,0.0,0.0,1.0,27,800,600,200,0.75,10,6,4,428.60678005772894,0.682573599240266,-0.00857055402509932,0.28756810539628513,136332.122041525,6286.574369331075,142618.69641085606,274,59,189.55555555555554,27,0,21,27.723354231974927,0.7075617283950617,38.91369047619048,1044.3452380952385,38.67945326278661,0
278,4,0,0,27,0.0,0.0,1.0,27,800,600,200,0.75,10,6,4,426.5391145897704,0.6817426400759734,-0.01211526386052686,0.2864955067278085,136370.9769389527,6233.5111518565745,142604.48809080926,275,60,190.55555555555554,27,0,21,27.738548938595233,0.7079475308641975,38.876488095238095,1044.4940476190477,38.6849647266314,0
279,4,0,0,27,0.0,0.0,1.0,27,450,300,150,0.6666666666666666,6,3,3,429.6991282557317,0.6818613485280153,-0.016613953389807534,0.2799652008980258,135285.13244490488,6226.38069550735,141511.51314041222,276,61,191.55555555555554,27,0,21,28.74246054450962,0.6971450617283952,39.91815476190475,1040.3273809523796,38.53064373897702,2
280,4,0,0,27,0.0,0.0,1.0,27,400,300,100,0.75,5,3,2,429.86034382543795,0.6807929724596392,-0.018984659716924757,0.28037159739062123,135323.83786848056,6234.070294784565,141557.90816326512,277,62,192.55555555555554,27,0,21,28.69946605644547,0.697530864197531,39.88095238095237,1040.4761904761892,38.536155202821824,0
281,4,0,0,27,0.0,0.0,1.0,27,700,300,400,0.42857142857142855,11,3,8,429.86034382543795,0.6807929724596392,-0.018984659716924757,0.28037159739062123,135323.83786848056,6234.070294784565,141557.90816326512,278,63,193.55555555555554,27,0,21,28.69946605644547,0.697530864197531,39.88095238095237,1040.4761904761892,38.536155202821824,0
282,4,0,0,27,0.0,0.0,1.0,27,500,200,300,0.4,8,2,6,427.5824803138178,0.6801994301994302,-0.01601372605090079,0.279487090403256,135401.26532383772,6179.041772959156,141580.30709679687,279,64,194.55555555555554,27,0,21,28.68113144600133,0.6983024691358025,39.806547619047606,1040.7738095238083,38.54717813051142,0
283,4,0,0,27,0.0,0.0,1.0,27,700,400,300,0.5714285714285714,10,4,6,429.5262497296408,0.6775878442545109,-0.019860363436181583,0.2816677759473567,135517.448027388,6241.660244827093,141759.1082722151,280,65,195.55555555555554,27,0,21,28.514154875899198,0.6994598765432098,39.694940476190474,1041.2202380952378,38.56371252204585,0
284,4,0,0,27,0.0,0.0,1.0,27,850,500,350,0.5882352941176471,12,5,7,429.69398543065404,0.6779439696106363,-0.025485122213225964,0.28238762479146934,135594.93084343112,6252.865247661566,141847.7960910927,281,66,196.55555555555554,27,0,21,28.432186740962987,0.7002314814814815,39.620535714285715,1041.517857142857,38.57473544973545,0
285,4,0,0,27,0.0,0.0,1.0,27,450,200,250,0.4444444444444444,7,2,5,429.494217376786,0.6755698005698006,-0.02399657191829707,0.2828682046900166,135672.43580374843,6254.10532702662,141926.54113077506,282,67,197.55555555555554,27,0,21,28.359787887444647,0.7010030864197532,39.54613095238094,1041.815476190475,38.585758377425,0
286,4,0,0,27,0.0,0.0,1.0,27,600,400,200,0.6666666666666666,8,4,4,433.1016199929484,0.6743827160493827,-0.02842819975886801,0.2861739383425104,135788.73476473914,6362.064200680257,142150.7989654194,283,68,198.55555555555554,27,0,21,28.14939082429088,0.7021604938271605,39.4345238095238,1042.2619047619041,38.602292768959416,0
287,4,0,0,27,0.0,0.0,1.0,27,300,100,200,0.3333333333333333,5,1,4,435.426235247515,0.674264007597341,0.0043753598157743046,0.2880807266500455,135834.69376333637,6444.167393752192,142278.86115708857,284,69,199.55555555555554,26,1,21,28.042807796693804,0.7063301282051282,39.39043209876543,1042.438271604938,40.093779677113005,2
288,4,0,0,27,0.0,0.0,1.0,27,850,700,150,0.8235294117647058,10,7,3,431.66237046989187,0.6745014245014246,0.006478877871507915,0.28623578383366616,135915.14072264137,6333.890365416859,142249.03108805823,285,70,200.55555555555554,26,1,21,28.060406492032953,0.7071314102564102,39.31327160493827,1042.7469135802469,40.10565052231719,0
289,4,0,0,27,0.0,0.0,1.0,27,600,300,300,0.5,9,3,6,431.6836317666104,0.6727207977207977,0.0041426246486166995,0.28689770571391526,135995.61149691354,6341.41589506172,142337.02739197525,286,71,201.55555555555554,26,1,21,27.97936085219707,0.7079326923076923,39.23611111111111,1043.0555555555552,40.117521367521356,0
290,4,0,0,27,0.0,0.0,1.0,27,900,600,300,0.6666666666666666,12,6,6,429.601992227163,0.6723646723646723,0.0034188034188036287,0.2858375460094115,136035.8558146624,6288.2549344612125,142324.11074912362,287,72,202.55555555555554,26,1,21,27.993404832347142,0.7083333333333333,39.19753086419753,1043.20987654321,40.123456790123456,0
291,4,0,0,27,0.0,0.0,1.0,27,600,500,100,0.8333333333333334,7,5,2,430.06099106604705,0.6735517568850903,0.0071324097355749405,0.28646722764507837,136076.10608615313,6304.205008763918,142380.31109491704,288,73,203.55555555555554,26,1,21,27.941194596460093,0.7087339743589742,39.158950617283956,1043.3641975308649,40.12939221272557,0
292,4,0,0,27,0.0,0.0,1.0,27,550,500,50,0.9090909090909091,6,5,1,429.55085664526985,0.6724833808167142,0.009661835748792091,0.2864519617983545,136116.36231138543,6293.780006858704,142410.14231824412,289,74,204.55555555555554,26,1,21,27.91426353149955,0.7091346153846153,39.12037037037037,1043.5185185185182,40.13532763532763,0
293,4,0,0,27,0.0,0.0,1.0,27,850,600,250,0.7058823529411765,11,6,5,431.3628067470985,0.6704653371320038,0.005847953216374435,0.2883140340748393,136196.89262307575,6350.054774424629,142546.9473975004,290,75,205.55555555555554,26,1,21,27.786504533806426,0.7099358974358974,39.04320987654321,1043.827160493827,40.147198480531806,0
294,4,0,0,27,0.0,0.0,1.0,27,450,200,250,0.4444444444444444,7,2,5,431.3628067470985,0.6704653371320038,0.005847953216374435,0.2883140340748393,136196.89262307575,6350.054774424629,142546.9473975004,291,76,206.55555555555554,26,1,21,27.786504533806426,0.7099358974358974,39.04320987654321,1043.827160493827,40.147198480531806,0
295,4,0,0,27,0.0,0.0,1.0,27,600,500,100,0.8333333333333334,7,5,2,432.8051203488362,0.668684710351377,0.0008539429172005342,0.28993657864160644,136277.44674973327,6396.315348270084,142673.76209800335,292,77,207.55555555555554,26,1,21,27.668366341511483,0.7107371794871794,38.96604938271605,1044.1358024691358,40.15906932573599,0
296,4,0,0,27,0.0,0.0,1.0,27,500,200,300,0.4,8,2,6,434.46244847030897,0.6679724596391263,-0.0022330591268080457,0.2913783338749832,136317.73274367474,6444.987187547627,142762.71993122238,293,78,208.55555555555554,26,1,21,27.58484803704251,0.7111378205128205,38.92746913580247,1044.29012345679,40.16500474833808,0
297,4,0,0,27,0.0,0.0,1.0,27,700,600,100,0.8571428571428571,8,6,2,433.28255930937144,0.6665479582146249,-0.0021995699348333897,0.29125021290617026,136398.32259278305,6419.802859701254,142818.1254524843,294,79,209.55555555555554,26,1,21,27.535147978529572,0.7119391025641026,38.8503086419753,1044.5987654320982,40.176875593542235,0
298,4,0,0,27,0.0,0.0,1.0,27,850,700,150,0.8235294117647058,10,7,3,431.00196331520795,0.665360873694207,-0.002820411911321097,0.2920469303423847,136680.57460752924,6381.919200579165,143062.4938081084,295,80,210.55555555555554,26,1,21,27.313004230617878,0.7147435897435899,38.58024691358024,1045.6790123456783,40.21842355175686,0
299,4,0,0,27,0.0,0.0,1.0,27,550,300,250,0.5454545454545454,8,3,5,431.1943044517433,0.6648860398860399,-0.00721287826628636,0.2928491979532979,136761.2716239901,6394.136278768454,143155.40790275854,296,81,211.55555555555554,26,1,21,27.227488443001874,0.7155448717948719,38.503086419753075,1045.9876543209864,40.230294396961014,0
300,4,0,0,27,0.0,0.0,1.0,27,400,300,100,0.75,5,3,2,429.4345680946043,0.6636989553656221,-0.005998033431661831,0.29232594093186903,136841.99245541822,6352.936385459514,143194.92884087772,297,82,212.55555555555554,26,1,21,27.193030973451332,0.716346153846154,38.42592592592592,1046.2962962962952,40.2421652421652,0
301,4,0,0,27,0.0,0.0,1.0,27,300,100,200,0.3333333333333333,5,1,4,432.2530706921845,0.6615622032288699,-0.010516487296672983,0.2952641065966854,136963.11835562403,6440.5456961591035,143403.66405178313,298,83,213.55555555555554,26,1,20,26.998562582927903,0.717548076923077,38.310185185185176,1046.7592592592582,40.25997150997147,0
302,4,0,0,27,0.0,0.0,1.0,27,400,100,300,0.25,7,1,6,433.22383622896973,0.6603751187084521,-0.01136493899942681,0.29661187979955184,137043.89872447026,6474.136707437875,143518.03543190812,299,84,214.55555555555554,26,1,20,26.892655367231644,0.718349358974359,38.23302469135802,1047.0679012345672,40.271842355175664,0
303,4,0,0,27,0.0,0.0,1.0,27,500,500,0,1.0,5,5,0,431.7387021153142,0.6594254510921178,-0.011458128723891514,0.29662371558286954,137165.11393080314,6443.897652796815,143609.01158359996,300,85,215.55555555555554,26,1,21,26.81079355725791,0.7195512820512822,38.11728395061728,1047.53086419753,40.28964862298192,0
304,4,0,0,27,0.0,0.0,1.0,27,650,500,150,0.7692307692307693,8,5,3,431.7387021153142,0.6594254510921178,-0.011458128723891514,0.29662371558286954,137165.11393080314,6443.897652796815,143609.01158359996,301,86,216.55555555555554,26,1,21,26.81079355725791,0.7195512820512822,38.11728395061728,1047.53086419753,40.28964862298192,0
305,4,0,0,27,0.0,0.0,1.0,27,750,600,150,0.8,9,6,3,431.7387021153142,0.6584757834757835,-0.011458128723891514,0.29662371558286954,137165.11393080314,6443.897652796815,143609.01158359996,302,87,217.55555555555554,26,1,21,26.81079355725791,0.7195512820512822,38.11728395061728,1047.53086419753,40.28964862298192,0
306,4,0,0,27,0.0,0.0,1.0,27,350,100,250,0.2857142857142857,6,1,5,430.03615702479357,0.6582383665717,-0.013552188552188316,0.29564985795454535,137188.2086167799,6399.178004535133,143587.38662131503,303,88,218.55555555555554,27,0,21,26.832386363636363,0.7160493827160495,38.09523809523809,1047.6190476190466,38.8007054673721,0
307,4,0,0,27,0.0,0.0,1.0,27,650,400,250,0.6153846153846154,9,4,5,430.1428012442246,0.6581196581196581,-0.014431926956777863,0.2963860671586915,137266.16753472207,6408.810763888861,143674.97829861095,304,89,219.55555555555554,27,0,21,26.75198807157058,0.716820987654321,38.02083333333332,1047.9166666666654,38.81172839506168,0
308,4,0,0,27,0.0,0.0,1.0,27,500,400,100,0.8,6,4,2,432.58420344525535,0.657051282051282,-0.016192203559130425,0.2990731808902672,137383.14743214985,6485.955879747714,143869.10331189758,305,90,220.55555555555554,27,0,21,26.571593328601843,0.7179783950617284,37.90922619047618,1048.3630952380945,38.82826278659609,0
309,4,1,1,27,0.03571428571428571,0.03571428571428571,0.9642857142857143,28,950,800,150,0.8421052631578947,11,8,3,422.1809014762562,0.6685956790123456,-0.03105016133763594,0.29455888111595524,137699.3766721165,6026.809395230537,143726.18606734704,306,0,213.64285714285714,28,0,21,26.530059320100385,0.7176339285714286,37.60775862068965,1049.568965517241,37.484605911330036,0
310,4,0,0,27,0.0,0.0,1.0,27,800,600,200,0.75,10,6,4,432.81108588368284,0.6514719848053182,-0.015882019285308857,0.3015991875149931,137656.29428854867,6515.834041950104,144172.12833049876,307,92,222.55555555555554,27,0,21,26.293959160521847,0.720679012345679,37.64880952380952,1049.4047619047612,38.866843033509674,0
311,4,0,0,27,0.0,0.0,1.0,27,900,500,400,0.5555555555555556,13,5,8,430.7588155616655,0.6500474833808167,-0.015707404686096993,0.30188607002030216,137853.01223613025,6476.36863158616,144329.38086771642,308,93,223.55555555555554,26,1,22,26.152338966446237,0.7263621794871794,37.461419753086425,1050.154320987655,40.3905508072175,0
312,4,0,0,27,0.0,0.0,1.0,27,800,600,200,0.75,10,6,4,428.77803366012387,0.6490978157644824,-0.015247983805139143,0.3008518862980209,137893.53042600214,6425.143366102733,144318.67379210488,309,94,224.55555555555554,26,1,22,26.164107650112648,0.7267628205128205,37.42283950617284,1050.3086419753088,40.396486229819565,0
313,4,0,0,27,0.0,0.0,1.0,27,350,200,150,0.5714285714285714,5,2,3,428.77803366012387,0.6490978157644824,-0.015247983805139143,0.3008518862980209,137893.53042600214,6425.143366102733,144318.67379210488,310,95,225.55555555555554,26,1,22,26.164107650112648,0.7267628205128205,37.42283950617284,1050.3086419753088,40.396486229819565,0
314,4,0,0,27,0.0,0.0,1.0,27,650,400,250,0.6153846153846154,9,4,5,424.0532078216206,0.648741690408357,-0.011778332436092054,0.2992980723806277,138096.2106814891,6312.028225499156,144408.23890698823,311,96,226.55555555555554,26,1,21,26.08708951206382,0.7287660256410255,37.22993827160494,1051.0802469135801,40.42616334283001,0
315,4,0,0,27,0.0,0.0,1.0,27,200,100,100,0.5,3,1,2,423.89057133468657,0.6479107312440646,-0.012787890650485911,0.2995376111962537,138136.76459381197,6310.974413199214,144447.73900701117,312,97,227.55555555555554,26,1,21,26.05114748483069,0.7291666666666666,37.19135802469136,1051.2345679012349,40.43209876543211,0
316,4,0,0,27,0.0,0.0,1.0,27,600,500,100,0.8333333333333334,7,5,2,425.7274664318329,0.647198480531814,-0.016860711606822454,0.3015495796534834,138217.89027968305,6368.6304488645155,144586.52072854756,313,98,228.55555555555554,26,1,21,25.92242686625575,0.7299679487179487,37.1141975308642,1051.5432098765439,40.4439696106363,0
317,4,0,0,27,0.0,0.0,1.0,27,650,400,250,0.6153846153846154,9,4,5,425.7274664318329,0.647198480531814,-0.016860711606822454,0.3015495796534834,138217.89027968305,6368.6304488645155,144586.52072854756,314,99,229.55555555555554,26,1,21,25.92242686625575,0.7299679487179487,37.1141975308642,1051.5432098765439,40.4439696106363,0
318,4,0,0,27,0.0,0.0,1.0,27,700,400,300,0.5714285714285714,10,4,6,423.7479232791113,0.6466049382716049,-0.013595461658841845,0.30086102552816896,138299.03978052127,6320.786179698219,144619.8259602195,315,100,230.55555555555554,26,1,21,25.8940360915493,0.7307692307692307,37.03703703703704,1051.851851851852,40.45584045584046,0
319,4,0,0,27,0.0,0.0,1.0,27,750,500,250,0.6666666666666666,10,5,5,423.7479232791113,0.6466049382716049,-0.013595461658841845,0.30086102552816896,138299.03978052127,6320.786179698219,144619.8259602195,316,101,231.55555555555554,26,1,21,25.8940360915493,0.7307692307692307,37.03703703703704,1051.851851851852,40.45584045584046,0
320,4,0,0,27,0.0,0.0,1.0,27,650,500,150,0.7692307692307693,8,5,3,420.80790365163386,0.6466049382716049,-0.0008972202194983403,0.2584856343511142,133126.46429014305,5804.13367169783,138930.5979618409,317,102,232.55555555555554,27,0,19,31.1447068012497,0.6755401234567902,42.00148809523809,1031.9940476190468,38.2220017636684,7
321,4,0,0,27,0.0,0.0,1.0,27,850,600,250,0.7058823529411765,11,6,5,421.6691411913336,0.64494301994302,-0.0008968322603375434,0.2598170960555479,133241.66710955199,5836.779868197256,139078.44697774923,318,103,233.55555555555554,27,0,19,31.00617372922072,0.6766975308641976,41.88988095238094,1032.440476190475,38.23853615520278,0
322,4,0,0,27,0.0,0.0,1.0,27,700,500,200,0.7142857142857143,9,5,4,421.6395784368277,0.6461301044634379,0.005080584907674268,0.26033618099213374,133318.49666950104,5842.470946712003,139160.96761621305,319,104,234.55555555555554,27,0,19,30.929394812680105,0.6774691358024691,41.81547619047618,1032.7380952380945,38.24955908289239,0
323,4,0,0,27,0.0,0.0,1.0,27,1000,800,200,0.8,12,8,4,421.23646884118074,0.6452991452991453,0.007768067693161296,0.26062598633649514,133395.3483737244,5838.197101757361,139233.54547548178,320,105,235.55555555555554,27,0,19,30.862263516757896,0.6782407407407407,41.74107142857142,1033.0357142857138,38.26058201058199,0
324,4,0,0,27,0.0,0.0,1.0,27,750,600,150,0.8,9,6,3,419.31218981955254,0.6468423551756886,0.012541190773267097,0.26051363778950015,133549.11821499432,5799.754641439909,139348.87285643423,321,106,236.55555555555554,27,0,19,30.756910452058733,0.6797839506172839,41.592261904761905,1033.6309523809523,38.282627865961196,0
325,4,0,0,27,0.0,0.0,1.0,27,600,400,200,0.6666666666666666,8,4,4,420.3907702883067,0.6458926875593543,0.00985095631036903,0.2617271569859457,133626.0363520408,5835.030470521534,139461.06682256234,322,107,237.55555555555554,27,0,20,30.651506428708498,0.6805555555555556,41.51785714285714,1033.928571428571,38.293650793650784,0
326,4,0,0,27,0.0,0.0,1.0,27,1050,1000,50,0.9523809523809523,11,10,1,420.7707675586149,0.6462488129154796,0.011041833200106765,0.2625095901734627,133702.97663336166,5851.66082057823,139554.63745393988,323,108,238.55555555555554,27,0,19,30.56414868105515,0.6813271604938271,41.44345238095238,1034.2261904761904,38.304673721340386,0
327,4,0,0,27,0.0,0.0,1.0,27,600,500,100,0.8333333333333334,7,5,2,420.7707675586149,0.6462488129154796,0.011041833200106765,0.2625095901734627,133702.97663336166,5851.66082057823,139554.63745393988,324,109,239.55555555555554,27,0,19,30.56414868105515,0.6813271604938271,41.44345238095238,1034.2261904761904,38.304673721340386,0
328,4,0,0,27,0.0,0.0,1.0,27,700,300,400,0.42857142857142855,11,3,8,421.4266891431101,0.6441120607787275,0.013723735242722856,0.26346747688155575,133779.93905895684,5875.68735827663,139655.62641723346,325,110,240.55555555555554,27,0,19,30.469649021864218,0.6820987654320988,41.36904761904761,1034.5238095238087,38.31569664902995,0
329,4,0,0,27,0.0,0.0,1.0,27,900,600,300,0.6666666666666666,12,6,6,421.70956370591443,0.6426875593542261,0.012228506907828285,0.26419534288386737,133856.9236288265,5889.748972505662,139746.67260133216,326,111,241.55555555555554,27,0,20,30.384790528233154,0.6828703703703703,41.294642857142854,1034.8214285714282,38.32671957671956,0
330,4,0,0,27,0.0,0.0,1.0,27,700,500,200,0.7142857142857143,9,5,4,419.28953125452955,0.639957264957265,0.009241957208034668,0.2635047216745945,133972.4420041454,5834.648481788551,139807.09048593396,327,112,242.55555555555554,27,0,20,30.33111135067798,0.6840277777777778,41.183035714285715,1035.267857142857,38.34325396825397,0
331,4,0,1,26,0.0,0.037037037037037035,0.962962962962963,27,550,400,150,0.7272727272727273,7,4,3,419.45328747003185,0.639957264957265,0.013709930652020308,0.2641606721723034,134049.481934701,5845.499176233003,139894.981110934,328,113,243.55555555555554,27,0,20,30.249347367916847,0.6847993827160493,41.108630952380956,1035.5654761904766,38.35427689594358,0
332,4,0,0,26,0.0,0.0,1.0,26,800,600,200,0.75,10,6,4,432.5739692628285,0.6396153846153846,0.012078735460781198,0.27110663905388127,133871.18246075296,6381.837753391258,140253.02021414423,329,114,243.69230769230768,26,0,20,30.089347847698573,0.6866987179487178,41.28086419753087,1034.876543209877,39.80294396961065,0
333,4,1,1,26,0.037037037037037035,0.037037037037037035,0.962962962962963,27,750,600,150,0.8,9,6,3,418.84397018753407,0.6568138651471985,0.003871763779862869,0.26516630985327155,134242.17864229027,5845.305413832207,140087.48405612248,330,0,235.62962962962962,27,0,21,30.07131916523072,0.6867283950617284,40.92261904761905,1036.3095238095239,38.38183421516755,0
334,4,0,0,26,0.0,0.0,1.0,26,400,300,100,0.75,5,3,2,433.2807305268865,0.6394230769230769,0.01500980021319731,0.2730278856869423,134070.8858453361,6418.066272290808,140488.9521176269,331,116,245.69230769230768,26,0,21,29.869803308001778,0.6887019230769231,41.08796296296296,1035.6481481481483,39.83262108262109,0
335,4,0,0,26,0.0,0.0,1.0,26,750,600,150,0.8,9,6,3,435.29076022661604,0.6432051282051282,0.018245750675768502,0.2757936552530146,134270.73807346442,6489.362330437435,140760.10040390186,332,117,246.69230769230768,26,0,21,29.616463172523332,0.6907051282051282,40.89506172839506,1036.4197530864199,39.86229819563153,0
336,4,0,0,26,0.0,0.0,1.0,26,200,100,100,0.5,3,1,2,435.29076022661604,0.6432051282051282,0.018245750675768502,0.2757936552530146,134270.73807346442,6489.362330437435,140760.10040390186,333,118,247.69230769230768,26,0,21,29.616463172523332,0.6907051282051282,40.89506172839506,1036.4197530864199,39.86229819563153,0
337,4,0,0,26,0.0,0.0,1.0,26,700,300,400,0.42857142857142855,11,3,8,426.911808995612,0.643974358974359,0.00216604015769728,0.26930752462204366,134110.84438347796,6250.7006363359005,140361.54501981387,334,119,248.69230769230768,26,0,22,29.994475069527216,0.6891025641025641,41.04938271604937,1035.8024691358012,39.838556505223124,4
338,4,0,0,26,0.0,0.0,1.0,26,350,200,150,0.5714285714285714,5,2,3,426.911808995612,0.643974358974359,0.00216604015769728,0.26930752462204366,134110.84438347796,6250.7006363359005,140361.54501981387,335,120,249.69230769230768,26,0,22,29.994475069527216,0.6891025641025641,41.04938271604937,1035.8024691358012,39.838556505223124,0
339,4,0,0,26,0.0,0.0,1.0,26,950,600,350,0.631578947368421,13,6,7,426.18380849045457,0.6423717948717949,0.006340569333867618,0.269728960792969,134230.755720355,6241.394937890544,140472.15065824555,336,121,250.69230769230768,26,0,22,29.892653263837172,0.6903044871794872,40.93364197530863,1036.2654320987644,39.8563627730294,0
340,4,0,0,26,0.0,0.0,1.0,26,500,500,0,1.0,5,5,0,424.02128334823766,0.6425,0.0007730099288831838,0.2689472105996327,134310.7263803154,6190.1213134430545,140500.84769375846,337,122,251.69230769230768,26,0,22,29.86824475212148,0.6911057692307694,40.856481481481474,1036.5740740740732,39.86823361823359,0
341,4,0,0,26,0.0,0.0,1.0,26,500,200,300,0.4,8,2,6,424.07924107142856,0.6434615384615384,0.0015453296703296093,0.2698686079545455,134430.7270233196,6201.8561385459525,140632.58316186556,338,123,252.69230769230768,26,0,22,29.746093750000007,0.6923076923076923,40.74074074074074,1037.037037037037,39.88603988603988,0
342,4,0,0,26,0.0,0.0,1.0,26,750,600,150,0.8,9,6,3,424.3479943871873,0.6448076923076923,0.007568736484398819,0.2709298733395118,134550.78125,6219.270833333333,140770.05208333334,339,124,253.69230769230768,26,0,23,29.618473895582323,0.6935096153846154,40.625,1037.5,39.90384615384615,0
343,4,0,0,26,0.0,0.0,1.0,26,650,500,150,0.7692307692307693,8,5,3,423.66021047073696,0.6446153846153846,0.007413169816501197,0.27078814212977514,134590.8112330437,6204.154282883702,140794.9655159274,340,125,254.69230769230768,26,0,23,29.596098552448932,0.6939102564102564,40.58641975308642,1037.654320987654,39.90978157644823,0
344,4,0,0,26,0.0,0.0,1.0,26,300,100,200,0.3333333333333333,5,1,4,423.66021047073696,0.6446153846153846,0.007413169816501197,0.27078814212977514,134590.8112330437,6204.154282883702,140794.9655159274,341,126,255.69230769230768,26,0,23,29.596098552448932,0.6939102564102564,40.58641975308642,1037.654320987654,39.90978157644823,0
345,4,0,0,26,0.0,0.0,1.0,26,650,400,250,0.6153846153846154,9,4,5,425.47155472406223,0.6434615384615384,0.006484594798600307,0.2725449216260992,134670.88906035665,6259.726508916325,140930.61556927298,342,127,256.6923076923077,26,0,23,29.468666369313123,0.6947115384615385,40.50925925925926,1037.9629629629628,39.92165242165242,0
346,4,0,0,26,0.0,0.0,1.0,26,550,200,350,0.36363636363636365,9,2,7,425.83763346371694,0.6399358974358974,0.010031208203298947,0.2736830406473115,134791.0504543896,6279.820387517148,141070.87084190676,343,128,257.6923076923077,26,0,20,29.338497547926888,0.6959134615384615,40.39351851851852,1038.425925925926,39.9394586894587,0
347,4,0,0,26,0.0,0.0,1.0,26,700,500,200,0.7142857142857143,9,5,4,427.7002487917869,0.6378205128205128,0.00493624023035788,0.2757929190484971,134911.26543209876,6340.316358024694,141251.58179012345,344,129,258.6923076923077,26,0,20,29.169451871657753,0.6971153846153846,40.27777777777778,1038.888888888889,39.95726495726496,0
348,4,0,1,25,0.0,0.038461538461538464,0.9615384615384616,26,900,800,100,0.8888888888888888,10,8,2,430.27157223771434,0.6375641025641026,0.0030842338534646796,0.27806610052291425,134991.43851928046,6416.595698064297,141408.03421734477,345,130,259.6923076923077,26,0,20,29.022188397188405,0.6979166666666667,40.200617283950606,1039.1975308641963,39.96913580246909,0
349,4,0,0,25,0.0,0.0,1.0,25,450,300,150,0.6666666666666666,6,3,3,439.42444845960335,0.6356944444444445,0.00577599506325166,0.2831361108265556,134883.51875821824,6854.22316732412,141737.74192554236,346,131,261.68,25,0,20,28.892831430628405,0.7008333333333334,40.304487179487175,1038.782051282051,41.551282051282044,0
350,4,0,0,25,0.0,0.0,1.0,25,800,500,300,0.625,11,5,6,440.1590628247923,0.63375,0.009944478716841232,0.2842620879836608,134966.76734056554,6881.369165023032,141848.13650558857,347,132,262.68,25,0,20,28.790098704503393,0.7016666666666667,40.224358974358985,1039.102564102565,41.564102564102605,0
351,4,0,0,25,0.0,0.0,1.0,25,750,600,150,0.8,9,6,3,443.3722742526139,0.6352777777777778,0.006731391585760527,0.28799226102354486,135175.00115569532,6986.569536900077,142161.57069259541,348,133,263.68,25,0,20,28.49742512970669,0.70375,40.02403846153847,1039.9038461538466,41.59615384615387,0
352,4,0,0,25,0.0,0.0,1.0,25,800,700,100,0.875,9,7,2,444.6171780218946,0.6347222222222222,0.010576271186440778,0.2891348181725548,135216.66718030907,7023.930596646954,142240.597776956,349,134,264.68,25,0,20,28.423215202876218,0.7041666666666666,39.983974358974365,1040.064102564103,41.602564102564116,0
353,4,0,0,25,0.0,0.0,1.0,25,700,400,300,0.5714285714285714,10,4,6,444.7427170380431,0.6368055555555555,0.012493454489450384,0.2902225589676397,135341.70377732586,7038.447413297187,142380.15119062306,350,135,265.68,25,0,20,28.29441321423071,0.7054166666666666,39.86378205128206,1040.5448717948725,41.6217948717949,0
354,4,0,0,25,0.0,0.0,1.0,25,950,700,250,0.7368421052631579,12,7,5,442.94604542725756,0.6370833333333333,0.010247882986913037,0.28972150705438454,135425.09361131658,6997.201933349769,142422.29554466635,351,136,266.68,25,0,20,28.257473697716186,0.70625,39.78365384615385,1040.8653846153848,41.63461538461539,0
355,4,0,0,25,0.0,0.0,1.0,25,700,600,100,0.8571428571428571,8,6,2,442.38151236801764,0.6384722222222222,0.011205171617669762,0.29002549806811395,135508.5091274243,6989.29184130505,142497.80096872937,352,137,267.68,25,0,21,28.188490841927045,0.7070833333333333,39.703525641025635,1041.1858974358968,41.64743589743587,0
356,4,0,0,25,0.0,0.0,1.0,25,600,500,100,0.8333333333333334,7,5,2,442.38151236801764,0.6384722222222222,0.011205171617669762,0.29002549806811395,135508.5091274243,6989.29184130505,142497.80096872937,353,138,268.68,25,0,21,28.188490841927045,0.7070833333333333,39.703525641025635,1041.1858974358968,41.64743589743587,0
357,4,0,0,25,0.0,0.0,1.0,25,400,100,300,0.25,7,1,6,442.4066471954293,0.6386111111111111,0.01216187105708566,0.2907179777677548,135591.9503256493,6997.356026051943,142589.30635170123,354,139,269.68,25,0,21,28.10416346104528,0.7079166666666667,39.62339743589744,1041.5064102564106,41.66025641025642,0
358,4,0,0,25,0.0,0.0,1.0,25,750,400,350,0.5333333333333333,11,4,7,442.8280402282109,0.6370833333333333,0.014075669024915527,0.2920150017813213,135717.16027695607,7019.872822156498,142737.03309911257,355,140,270.68,25,0,21,27.96767661232442,0.7091666666666667,39.50320512820514,1041.9871794871804,41.67948717948721,0
359,4,0,0,25,0.0,0.0,1.0,25,450,400,50,0.8888888888888888,5,4,1,442.30334175009904,0.6377777777777778,0.010874980778102561,0.29201001334019205,135758.90976845,7009.323892587107,142768.23366103708,356,141,271.68,25,0,21,27.939508688297714,0.7095833333333333,39.46314102564102,1042.1474358974353,41.68589743589742,0
360,4,1,1,25,0.038461538461538464,0.038461538461538464,0.9615384615384616,26,600,400,200,0.6666666666666666,8,4,4,425.91451651338855,0.6539102564102565,-0.005068663033461096,0.2837052262213812,136076.10608615298,6391.357786541683,142467.46387269467,357,0,262.1923076923077,26,0,20,28.04935167381551,0.7087339743589743,39.15895061728395,1043.364197530864,40.129392212725534,0
361,4,0,0,25,0.0,0.0,1.0,25,700,700,0,1.0,7,7,0,440.57754899116804,0.6351388888888889,0.009592621060722228,0.2915520809956813,135842.42801302596,6969.824796597627,142812.25280962358,358,143,273.68,25,0,21,27.900813476812708,0.7104166666666667,39.38301282051282,1042.4679487179485,41.69871794871794,0
362,4,0,0,25,0.0,0.0,1.0,25,300,100,200,0.3333333333333333,5,1,4,440.3351008300976,0.6359722222222223,0.006394097755917372,0.2917332144603477,135884.19676610778,6966.916296844174,142851.11306295195,359,144,274.68,25,0,20,27.865303822112917,0.7108333333333334,39.342948717948715,1042.6282051282049,41.7051282051282,0
363,4,0,0,25,0.0,0.0,1.0,25,350,200,150,0.5714285714285714,5,2,3,438.80277977997196,0.63625,0.005434147840786885,0.29105909154212817,135925.97193971887,6928.938866288622,142854.9108060075,360,145,275.68,25,0,20,27.86342272424568,0.71125,39.30288461538461,1042.7884615384612,41.711538461538446,0
364,4,0,0,25,0.0,0.0,1.0,25,650,400,250,0.6153846153846154,9,4,5,439.25263252026195,0.6359722222222223,0.008944862540316345,0.2927301832486618,136093.13683945595,6955.853724934252,143048.9905643902,361,146,276.68,25,0,20,27.68439947780679,0.7129166666666666,39.142628205128204,1043.429487179487,41.73717948717948,0
365,4,0,0,25,0.0,0.0,1.0,25,800,500,300,0.625,11,5,6,441.7271907499607,0.6368055555555555,0.00957789716039903,0.29577108404275376,136260.40446766108,7037.985135190665,143298.38960285173,362,147,277.68,25,0,20,27.452513430544904,0.7145833333333333,38.982371794871796,1044.070512820513,41.76282051282052,0
366,4,0,0,25,0.0,0.0,1.0,25,700,500,200,0.7142857142857143,9,5,4,445.12625154637436,0.6372222222222222,0.02653550568705798,0.29490747378418664,135884.1967661078,7097.12463017751,142981.32139628532,363,148,278.68,25,0,21,27.740419100317652,0.7108333333333334,39.342948717948715,1042.628205128205,41.705128205128204,1
367,4,0,0,25,0.0,0.0,1.0,25,350,200,150,0.5714285714285714,5,2,3,443.5924579950769,0.6380555555555556,0.025892116182572478,0.294236098284808,135925.971939719,7059.147199621968,142985.11913934097,364,149,279.68,25,0,21,27.73855719481584,0.7112499999999999,39.30288461538462,1042.7884615384621,41.71153846153848,0
368,4,2,2,25,0.07407407407407407,0.07407407407407407,0.9259259259259259,27,400,200,200,0.5,6,2,4,420.4634352177764,0.6731956315289649,-0.00531738118976377,0.2830367956533086,136448.7033420139,6074.338107638893,142523.0414496528,365,0,259.8888888888889,27,0,21,27.81966600199402,0.7087191358024691,38.802083333333336,1044.7916666666667,38.69598765432099,0
369,4,0,0,25,0.0,0.0,1.0,25,700,400,300,0.5714285714285714,10,4,6,445.6297653472102,0.6363888888888889,0.03449631449631463,0.29733002376444995,136134.94411571333,7133.156640368177,143268.1007560815,366,151,281.68,25,0,21,27.47619778869779,0.7133333333333334,39.1025641025641,1043.5897435897434,41.74358974358974,0
370,4,0,0,25,0.0,0.0,1.0,25,550,400,150,0.7272727272727273,7,4,3,445.6297653472102,0.6363888888888889,0.03449631449631463,0.29733002376444995,136134.94411571333,7133.156640368177,143268.1007560815,367,152,282.68,25,0,21,27.47619778869779,0.7133333333333334,39.1025641025641,1043.5897435897434,41.74358974358974,0
371,4,0,0,25,0.0,0.0,1.0,25,500,500,0,1.0,5,5,0,447.1421697022456,0.6344444444444445,0.03256485034535683,0.2993968381922026,136260.40446766108,7185.554579635111,143445.9590472962,368,153,283.68,25,0,21,27.31117293425429,0.7145833333333333,38.982371794871796,1044.070512820513,41.76282051282052,0
372,4,0,0,25,0.0,0.0,1.0,25,450,200,250,0.4444444444444444,7,2,5,445.81576784501,0.6351388888888889,0.031921424186617475,0.2988616814072104,136302.2374260355,7153.137327416176,143455.3747534517,369,154,284.68,25,0,21,27.303944137507678,0.7150000000000001,38.94230769230769,1044.2307692307693,41.769230769230774,0
373,4,0,0,25,0.0,0.0,1.0,25,500,400,100,0.8,6,4,2,445.4324426084642,0.63375,0.033512352309344795,0.298958107979337,136344.07680493922,7146.415033284028,143490.49183822324,370,155,285.68,25,0,21,27.272102450002556,0.7154166666666667,38.90224358974359,1044.3910256410259,41.775641025641036,0
374,4,0,0,25,0.0,0.0,1.0,25,600,400,200,0.6666666666666666,8,4,4,446.94603119964904,0.6336111111111111,0.0306351641607856,0.30032930220199094,136385.92260437206,7191.429363905315,143577.35196827736,371,156,286.68,25,0,21,27.190728239746335,0.7158333333333333,38.86217948717948,1044.5512820512815,41.78205128205126,0
375,4,0,0,25,0.0,0.0,1.0,25,500,400,100,0.8,6,4,2,446.63577437206936,0.6336111111111111,0.029664161938353306,0.30119047411378125,136511.49852584652,7194.1837709566125,143705.68229680313,372,157,287.68,25,0,21,27.0732696927874,0.7170833333333333,38.74198717948718,1045.0320512820515,41.80128205128206,0
376,4,0,1,24,0.0,0.04,0.96,25,850,600,250,0.7058823529411765,11,6,5,448.58554630730606,0.6351388888888889,0.02805210727969354,0.30394815053532437,136679.02297522195,7262.4468380177605,143941.4698132397,373,158,288.68,25,0,22,26.854885057471265,0.71875,38.581730769230774,1045.6730769230774,41.826923076923094,0
377,4,0,0,24,0.0,0.0,1.0,24,800,600,200,0.75,10,6,4,457.28799424477035,0.6298309178743962,0.007302953048651029,0.31059950777924017,136764.5,7708.152777777778,144472.65277777778,374,159,286.2083333333333,24,0,22,26.54191895049926,0.7239583333333333,38.5,1046.0,43.583333333333336,0
378,4,0,0,24,0.0,0.0,1.0,24,400,300,100,0.75,5,3,2,457.28799424477035,0.6298309178743962,0.007302953048651029,0.31059950777924017,136764.5,7708.152777777778,144472.65277777778,375,160,287.2083333333333,24,0,22,26.54191895049926,0.7239583333333333,38.5,1046.0,43.583333333333336,0
379,4,0,0,24,0.0,0.0,1.0,24,600,500,100,0.8333333333333334,7,5,2,456.8726891583617,0.630661231884058,0.00381562881562858,0.3114770483415151,136895.28125000003,7708.743055555557,144604.0243055556,376,161,288.2083333333333,24,0,22,26.42206826989435,0.7252604166666667,38.375,1046.5000000000002,43.60416666666668,0
380,4,1,1,24,0.04,0.04,0.96,25,800,600,200,0.75,10,6,4,441.99020672843153,0.6480555555555556,-0.014945726953065286,0.3052859495470613,137350.1480574046,7141.484066814586,144491.6321242192,377,0,277.64,25,0,20,26.35794093665596,0.7254166666666667,37.940705128205124,1048.2371794871792,41.92948717948717,0
381,4,0,0,24,0.0,0.0,1.0,24,700,600,100,0.8571428571428571,8,6,2,457.44883635072665,0.6302838164251208,0.00033142432919697207,0.31460868548147347,137200.6805555555,7752.458333333324,144953.13888888882,378,163,290.2083333333333,24,0,21,26.101985894580555,0.7282986111111112,38.08333333333333,1047.6666666666663,43.652777777777764,0
382,4,0,0,24,0.0,0.0,1.0,24,200,100,100,0.5,3,1,2,456.6650177252557,0.6291515700483091,-0.003148030327130291,0.31446363268769795,137244.33680555553,7734.937499999995,144979.27430555553,379,164,291.2083333333333,24,0,21,26.07894597317215,0.7287326388888888,38.041666666666664,1047.8333333333333,43.65972222222222,0
383,4,0,0,24,0.0,0.0,1.0,24,850,800,50,0.9411764705882353,9,8,1,455.69145115809835,0.6297554347826086,-0.009441087613293098,0.3145821664471219,137331.67013888885,7716.173611111102,145047.84374999994,380,165,292.2083333333333,24,0,21,26.017318598611325,0.7296006944444444,37.95833333333333,1048.1666666666663,43.67361111111109,0
384,4,0,0,24,0.0,0.0,1.0,24,300,200,100,0.6666666666666666,4,2,2,457.08104064037855,0.6302838164251208,-0.0072866984631692056,0.31593843358549234,137375.34722222216,7758.33333333333,145133.6805555555,381,166,293.2083333333333,24,0,21,25.937334393216748,0.7300347222222223,37.916666666666664,1048.333333333333,43.68055555555554,0
385,4,0,0,24,0.0,0.0,1.0,24,600,400,200,0.6666666666666666,8,4,4,459.502353971521,0.6295289855072463,-0.010264356855266055,0.31841286466837126,137462.7222222222,7832.8888888888805,145295.61111111107,382,167,294.2083333333333,24,0,21,25.786713286713283,0.7309027777777779,37.83333333333333,1048.6666666666663,43.69444444444443,0
386,4,0,0,24,0.0,0.0,1.0,24,450,200,250,0.4444444444444444,7,2,5,461.2369086865203,0.6296799516908212,-0.008937082936129492,0.32042219682924483,137550.1249999999,7888.638888888875,145438.7638888888,383,168,295.2083333333333,24,0,21,25.65406206969601,0.7317708333333334,37.74999999999999,1048.9999999999993,43.70833333333331,0
387,4,0,0,24,0.0,0.0,1.0,24,600,500,100,0.8333333333333334,7,5,2,461.6104792121034,0.6283967391304347,-0.0074463860206512855,0.3210870681370376,137593.83680555547,7902.951388888881,145496.78819444435,384,169,296.2083333333333,24,0,21,25.600675138999204,0.7322048611111112,37.70833333333333,1049.166666666666,43.71527777777775,0
388,4,0,0,24,0.0,0.0,1.0,24,350,200,150,0.5714285714285714,5,2,3,460.0786243741618,0.6271135265700483,-0.008934243964421551,0.3204264401614735,137637.55555555547,7864.819444444439,145502.3749999999,385,170,297.2083333333333,24,0,21,25.597270753917844,0.732638888888889,37.666666666666664,1049.3333333333328,43.7222222222222,0
389,4,0,0,24,0.0,0.0,1.0,24,650,400,250,0.6153846153846154,9,4,5,458.5346052221201,0.6271890096618358,-0.010090783971203443,0.3197555270303088,137681.28124999994,7826.326388888874,145507.60763888882,386,171,298.2083333333333,24,0,21,25.59419829548461,0.7330729166666667,37.62499999999999,1049.4999999999995,43.72916666666665,0
390,4,0,0,24,0.0,0.0,1.0,24,400,400,0,1.0,4,4,0,458.5605292040172,0.626736111111111,-0.009756839710006737,0.3205852134801448,137768.75347222216,7835.062499999997,145603.81597222216,387,172,299.2083333333333,24,0,21,25.5063634439329,0.7339409722222223,37.541666666666664,1049.833333333333,43.74305555555554,0
391,4,0,0,24,0.0,0.0,1.0,24,550,300,250,0.5454545454545454,8,3,5,458.5605292040172,0.626736111111111,-0.009756839710006737,0.3205852134801448,137768.75347222216,7835.062499999997,145603.81597222216,388,173,300.2083333333333,24,0,21,25.5063634439329,0.7339409722222223,37.541666666666664,1049.833333333333,43.74305555555554,0
392,4,0,0,24,0.0,0.0,1.0,24,300,200,100,0.6666666666666666,4,2,2,458.5605292040172,0.626736111111111,-0.009756839710006737,0.3205852134801448,137768.75347222216,7835.062499999997,145603.81597222216,389,174,301.2083333333333,24,0,21,25.5063634439329,0.7339409722222223,37.541666666666664,1049.833333333333,43.74305555555554,0
393,4,0,0,24,0.0,0.0,1.0,24,750,500,250,0.6666666666666666,10,5,5,458.8157220594915,0.6240942028985507,-0.008595154977255826,0.321988494478721,137900.01388888885,7854.138888888883,145754.15277777772,390,175,302.2083333333333,24,0,21,25.368930498254528,0.7352430555555556,37.416666666666664,1050.333333333333,43.76388888888888,0
394,4,0,0,24,0.0,0.0,1.0,24,850,700,150,0.8235294117647058,10,7,3,457.58941586723734,0.6237167874396135,0.0028104004655342685,0.3207197896973818,137856.2534722222,7816.312499999992,145672.5659722222,391,176,303.2083333333333,24,0,22,25.44470454425223,0.7348090277777779,37.45833333333333,1050.1666666666663,43.75694444444443,1
395,4,0,0,24,0.0,0.0,1.0,24,850,700,150,0.8235294117647058,10,7,3,466.2225232721504,0.6237167874396135,-0.020503280524883927,0.30635379052867173,135590.28125,7843.0486111111095,143433.32986111112,392,177,304.2083333333333,24,0,19,27.485731050301382,0.7122395833333333,39.625,1041.5,43.395833333333336,7
396,4,0,0,24,0.0,0.0,1.0,24,750,700,50,0.9333333333333333,8,7,1,463.67657551119146,0.623641304347826,-0.016994561740243164,0.30579176688776044,135720.5,7786.083333333335,143506.58333333334,393,178,305.2083333333333,24,0,19,27.421225207933464,0.7135416666666667,39.5,1042.0,43.416666666666664,0
397,4,0,0,24,0.0,0.0,1.0,24,650,500,150,0.7692307692307693,8,5,3,463.30028986117895,0.6234903381642511,-0.012991685321394275,0.30628752777926155,135807.34722222225,7783.916666666674,143591.26388888893,394,179,306.2083333333333,24,0,19,27.343833280034104,0.7144097222222221,39.41666666666667,1042.3333333333337,43.43055555555557,0
398,4,0,0,24,0.0,0.0,1.0,24,850,600,250,0.7058823529411765,11,6,5,472.9219851157369,0.6234903381642511,-0.010061171925305867,0.29734730481163535,133989.38888888885,7873.305555555551,141862.6944444444,395,180,307.2083333333333,24,0,19,28.925869285254354,0.6961805555555556,41.166666666666664,1035.333333333333,43.13888888888888,3
399,4,0,0,24,0.0,0.0,1.0,24,550,400,150,0.7272727272727273,7,4,3,478.52452320356934,0.6234903381642511,0.005393743257820827,0.2899295640586331,132612.5,7891.666666666668,140504.16666666666,396,181,308.2083333333333,24,0,20,30.177993527508086,0.6822916666666667,42.5,1030.0,42.916666666666664,2
400,4,0,0,24,0.0,0.0,1.0,24,450,400,50,0.8888888888888888,5,4,1,477.18895558592834,0.6223580917874396,0.003539071347678391,0.28945092585639076,132655.42013888882,7860.340277777767,140515.7604166666,397,182,309.2083333333333,24,0,18,30.168729439680742,0.6827256944444444,42.45833333333333,1030.166666666666,42.923611111111086,0
401,4,0,0,24,0.0,0.0,1.0,24,400,200,200,0.5,6,2,4,477.1489345980094,0.623641304347826,0.005054998382400644,0.28975783042091285,132698.34722222213,7863.3749999999945,140561.72222222213,398,183,310.2083333333333,24,0,18,30.126105359646296,0.6831597222222223,42.416666666666664,1030.3333333333328,42.930555555555536,0
402,4,0,0,24,0.0,0.0,1.0,24,650,500,150,0.7692307692307693,8,5,3,476.04750146018046,0.623792270531401,0.005390254420008622,0.2897517469517474,132784.22222222207,7842.31944444442,140626.54166666648,399,184,311.2083333333333,24,0,18,30.067176045709356,0.6840277777777779,42.33333333333332,1030.6666666666654,42.94444444444439,0
403,4,1,0,25,0.04,0.0,1.0,25,600,500,100,0.8333333333333334,7,5,2,461.4827350125173,0.6395833333333333,0.0006457621856565954,0.2842133631883972,133223.9403558513,7296.109672912533,140520.05002876383,400,0,299.72,25,0,19,29.99650729587085,0.6841666666666668,41.90705128205127,1032.3717948717938,41.29487179487175,0
404,4,0,0,25,0.0,0.0,1.0,25,500,400,100,0.8,6,4,2,462.375574977882,0.6408333333333334,0.0,0.2850799836921045,133265.30461559002,7323.724369247196,140589.0289848372,401,1,300.72,25,0,19,29.931547157121418,0.6845833333333333,41.866987179487175,1032.5320512820508,41.30128205128203,0
405,4,0,0,25,0.0,0.0,1.0,25,650,500,150,0.7692307692307693,8,5,3,463.67112580622785,0.6376388888888889,0.0012907229289482736,0.2868353240832,133389.43591798155,7369.765984549633,140759.20190253117,402,2,301.72,25,0,19,29.77233943530872,0.6858333333333334,41.74679487179487,1033.01282051282,41.3205128205128,0
406,4,0,0,25,0.0,0.0,1.0,25,650,400,250,0.6153846153846154,9,4,5,464.84721024373385,0.6384722222222222,0.0074182043727708535,0.2885273973880499,133513.62500513642,7412.687222633133,140926.31222776955,403,3,302.72,25,0,20,29.61618726417532,0.6870833333333334,41.62660256410256,1033.4935897435896,41.339743589743584,0
407,4,0,0,25,0.0,0.0,1.0,25,550,400,150,0.7272727272727273,7,4,3,464.84721024373385,0.6384722222222222,0.0074182043727708535,0.2885273973880499,133513.62500513642,7412.687222633133,140926.31222776955,404,4,303.72,25,0,20,29.61618726417532,0.6870833333333334,41.62660256410256,1033.4935897435896,41.339743589743584,0
408,4,0,0,25,0.0,0.0,1.0,25,600,400,200,0.6666666666666666,8,4,4,464.84721024373385,0.6384722222222222,0.0074182043727708535,0.2885273973880499,133513.62500513642,7412.687222633133,140926.31222776955,405,5,304.72,25,0,20,29.61618726417532,0.6870833333333334,41.62660256410256,1033.4935897435896,41.339743589743584,0
409,4,0,0,25,0.0,0.0,1.0,25,600,500,100,0.8333333333333334,7,5,2,464.34613304488914,0.6375,0.010319379844961452,0.2885387820943676,133555.03420857995,7403.152736686403,140958.18694526635,406,6,305.72,25,0,20,29.58720930232559,0.6875,41.58653846153847,1033.6538461538466,41.34615384615387,0
410,4,0,0,25,0.0,0.0,1.0,25,700,500,200,0.7142857142857143,9,5,4,463.34275709112893,0.6393055555555556,-0.04965347297089184,0.3023602534465026,135341.70377732578,7541.919635519394,142883.62341284516,407,7,306.72,25,0,20,27.81055880692027,0.7054166666666667,39.86378205128205,1040.5448717948718,41.621794871794876,4
411,4,0,0,25,0.0,0.0,1.0,25,650,500,150,0.7692307692307693,8,5,3,458.25024078720725,0.6383333333333333,-0.05153585718682685,0.3007787944076033,135550.22651627212,7423.184787968431,142973.41130424055,408,8,307.72,25,0,22,27.73353339489073,0.7075000000000001,39.66346153846153,1041.3461538461534,41.65384615384613,0
412,4,0,0,25,0.0,0.0,1.0,25,350,100,250,0.2857142857142857,6,1,5,457.9200000000001,0.6375,-0.04959999999999998,0.30126315789473684,135633.6805555555,7421.874999999993,143055.5555555555,409,9,308.72,25,0,22,27.658333333333335,0.7083333333333334,39.58333333333333,1041.6666666666663,41.66666666666665,0
413,4,0,0,25,0.0,0.0,1.0,25,200,100,100,0.5,3,1,2,456.8993796102396,0.6388888888888888,-0.0467056290372192,0.30129409393770556,135717.16027695587,7401.817266600912,143118.97754355677,410,10,309.72,25,0,22,27.601122731467246,0.7091666666666667,39.503205128205124,1041.987179487179,41.67948717948716,0
414,4,0,0,25,0.0,0.0,1.0,25,550,200,350,0.36363636363636365,9,2,7,458.0661120264339,0.6379166666666667,-0.05148831488314887,0.30277052770527707,135800.6656804734,7441.136587771212,143241.80226824462,411,11,310.72,25,0,22,27.486931119311194,0.71,39.42307692307693,1042.3076923076926,41.69230769230771,0
415,4,0,1,24,0.0,0.04,0.96,25,700,600,100,0.8571428571428571,8,6,2,457.2638333609432,0.6377777777777778,-0.047636028281586196,0.30294893073791196,135884.19676610778,7426.985741288621,143311.1825073964,412,12,311.72,25,0,19,27.424044471769648,0.7108333333333334,39.342948717948715,1042.6282051282049,41.7051282051282,0
416,4,0,0,24,0.0,0.0,1.0,24,850,700,150,0.8235294117647058,10,7,3,472.9259780988796,0.6200935990338164,-0.030152193613732337,0.312270975823896,135763.92013888893,8041.256944444451,143805.17708333337,413,198,325.2083333333333,24,0,22,27.13664107894877,0.7139756944444444,39.458333333333336,1042.166666666667,43.42361111111112,0
417,4,0,0,24,0.0,0.0,1.0,24,650,400,250,0.6153846153846154,9,4,5,470.6508780974355,0.6204710144927535,-0.029647692143695004,0.3111469970001439,135807.3472222222,7983.569444444442,143790.91666666663,414,199,326.2083333333333,24,0,22,27.152289201577652,0.7144097222222223,39.416666666666664,1042.3333333333333,43.43055555555555,0
418,4,0,0,24,0.0,0.0,1.0,24,400,300,100,0.75,5,3,2,470.6508780974355,0.6204710144927535,-0.029647692143695004,0.3111469970001439,135807.3472222222,7983.569444444442,143790.91666666663,415,200,327.2083333333333,24,0,22,27.152289201577652,0.7144097222222223,39.416666666666664,1042.3333333333333,43.43055555555555,0
419,4,0,0,24,0.0,0.0,1.0,24,500,300,200,0.6,7,3,4,469.9613610470537,0.6213013285024155,-0.03247402078337336,0.31106966278828785,135850.78125,7968.923611111111,143819.70486111112,416,201,328.2083333333333,24,0,22,27.126632027711167,0.71484375,39.375,1042.5,43.4375,0
420,4,0,0,24,0.0,0.0,1.0,24,400,200,200,0.5,6,2,4,469.8977472674825,0.6200181159420289,-0.02930520034100592,0.31140681217217897,135894.2222222222,7971.277777777769,143865.49999999997,417,202,329.2083333333333,24,0,19,27.084665387894294,0.7152777777777779,39.33333333333333,1042.6666666666663,43.44444444444443,0
421,4,0,0,24,0.0,0.0,1.0,24,450,400,50,0.8888888888888888,5,4,1,466.8580943780902,0.6189613526570048,-0.024635133695536382,0.3101484028256995,135981.125,7896.777777777779,143877.90277777778,418,203,330.2083333333333,24,0,20,27.076675189091297,0.7161458333333333,39.25,1043.0,43.458333333333336,0
422,4,0,0,24,0.0,0.0,1.0,24,600,500,100,0.8333333333333334,7,5,2,466.1174791189328,0.6179800724637681,-0.026461894871385283,0.31003499487836333,136024.5868055555,7880.687499999993,143905.2743055555,419,204,331.2083333333333,24,0,20,27.052377909144166,0.7165798611111112,39.20833333333333,1043.1666666666663,43.465277777777764,0
423,4,0,0,24,0.0,0.0,1.0,24,500,300,200,0.6,7,3,4,467.91587134705867,0.6168478260869565,-0.024627263045793546,0.3116120590034668,136068.05555555553,7933.680555555553,144001.7361111111,420,205,332.2083333333333,24,0,20,26.96186102236421,0.7170138888888888,39.166666666666664,1043.3333333333333,43.47222222222222,0
424,4,0,0,24,0.0,0.0,1.0,24,800,600,200,0.75,10,6,4,468.28160835061266,0.615036231884058,-0.025617481102949036,0.3126204084745773,136155.01388888885,7951.77777777777,144106.79166666663,421,206,333.2083333333333,24,0,20,26.865085702118602,0.7178819444444444,39.08333333333333,1043.6666666666663,43.48611111111109,0
425,4,0,0,24,0.0,0.0,1.0,24,150,100,50,0.6666666666666666,2,1,1,465.25334559385914,0.6139039855072463,-0.0271536329228641,0.3072047697991975,135763.92013888885,7832.923611111102,143596.84374999994,422,207,334.2083333333333,24,0,21,27.33654512500666,0.7139756944444444,39.45833333333333,1042.1666666666663,43.42361111111109,2
426,4,0,0,24,0.0,0.0,1.0,24,350,200,150,0.5714285714285714,5,2,3,465.2178346184636,0.6133756038647342,-0.024317769960558344,0.30755521540210035,135807.34722222216,7835.999999999995,143643.34722222216,423,208,335.2083333333333,24,0,21,27.293865259567212,0.7144097222222223,39.416666666666664,1042.333333333333,43.43055555555554,0
427,4,0,0,24,0.0,0.0,1.0,24,400,300,100,0.75,5,3,2,465.2178346184636,0.6133756038647342,-0.024317769960558344,0.30755521540210035,135807.34722222216,7835.999999999995,143643.34722222216,424,209,336.2083333333333,24,0,21,27.293865259567212,0.7144097222222223,39.416666666666664,1042.333333333333,43.43055555555554,0
428,4,0,0,24,0.0,0.0,1.0,24,500,400,100,0.8,6,4,2,464.0395850426256,0.6133756038647342,-0.0013380432455578628,0.2973290674532379,134680.5,7699.416666666669,142379.91666666666,425,210,337.2083333333333,24,0,21,28.458172768143875,0.703125,40.5,1038.0,43.25,2
429,4,0,0,24,0.0,0.0,1.0,24,350,200,150,0.5714285714285714,5,2,3,465.9717722466453,0.6133756038647342,0.004364056289612117,0.2909276477427245,133730.6805555555,7662.944444444438,141393.62499999994,426,211,338.2083333333333,24,0,20,29.367413255988833,0.6935763888888888,41.416666666666664,1034.333333333333,43.09722222222221,1
430,4,0,0,24,0.0,0.0,1.0,24,650,500,150,0.7692307692307693,8,5,3,465.9717722466453,0.6133756038647342,0.004364056289612117,0.2909276477427245,133730.6805555555,7662.944444444438,141393.62499999994,427,212,339.2083333333333,24,0,20,29.367413255988833,0.6935763888888888,41.416666666666664,1034.333333333333,43.09722222222221,0
431,4,0,0,24,0.0,0.0,1.0,24,550,400,150,0.7272727272727273,7,4,3,465.9717722466453,0.6133756038647342,0.004364056289612117,0.2909276477427245,133730.6805555555,7662.944444444438,141393.62499999994,428,213,340.2083333333333,24,0,20,29.367413255988833,0.6935763888888888,41.416666666666664,1034.333333333333,43.09722222222221,0
432,4,0,0,24,0.0,0.0,1.0,24,600,400,200,0.6666666666666666,8,4,4,466.10652334459803,0.6160175120772946,0.010569334836527666,0.2920338449492038,133860.00347222216,7678.604166666661,141538.60763888882,429,214,341.2083333333333,24,0,21,29.233102485639133,0.6948784722222223,41.291666666666664,1034.833333333333,43.11805555555554,0
433,4,0,0,24,0.0,0.0,1.0,24,550,400,150,0.7272727272727273,7,4,3,466.119518585427,0.6148852657004831,0.0067074479502038376,0.29307028840614086,133989.38888888885,7691.013888888885,141680.40277777772,430,215,342.2083333333333,24,0,21,29.101939793947203,0.6961805555555556,41.166666666666664,1035.333333333333,43.13888888888888,0
434,4,0,0,24,0.0,0.0,1.0,24,650,500,150,0.7692307692307693,8,5,3,473.2128977190556,0.6129227053140096,0.021519259737464935,0.2920345731341901,133300.0555555555,7815.861111111101,141115.9166666666,431,216,343.2083333333333,24,0,19,29.61655369055305,0.6892361111111112,41.83333333333333,1032.6666666666663,43.027777777777764,2
435,4,0,0,24,0.0,0.0,1.0,24,300,200,100,0.6666666666666666,4,2,2,474.27285852969754,0.6134510869565217,0.022356247646710514,0.29302780700982406,133343.08680555553,7848.201388888883,141191.2881944444,432,217,344.2083333333333,24,0,19,29.54554623204775,0.6896701388888888,41.791666666666664,1032.8333333333333,43.03472222222222,0
436,4,0,0,24,0.0,0.0,1.0,24,700,400,300,0.5714285714285714,10,4,6,470.4094079563987,0.6148852657004831,-0.0003380936925241329,0.2792546022955037,131841.125,7603.861111111111,139444.98611111112,433,218,345.2083333333333,24,0,18,31.172238450719462,0.6744791666666666,43.25,1027.0,42.791666666666664,5
437,4,0,0,24,0.0,0.0,1.0,24,300,200,100,0.6666666666666666,4,2,2,468.98644480840676,0.6139039855072463,-0.001521174752555421,0.2787235737082172,131883.92013888896,7570.354166666686,139454.27430555565,434,219,346.2083333333333,24,0,18,31.165152252690802,0.6749131944444444,43.20833333333334,1027.1666666666674,42.79861111111114,0
438,4,0,0,24,0.0,0.0,1.0,24,600,300,300,0.5,9,3,6,466.9423283112511,0.6115640096618358,0.000675748729592307,0.2784493613507907,132012.34722222234,7528.430555555575,139540.7777777779,435,220,347.2083333333333,24,0,19,31.086806681803434,0.6762152777777778,43.08333333333334,1027.6666666666677,42.819444444444485,0
439,4,0,0,24,0.0,0.0,1.0,24,450,300,150,0.6666666666666666,6,3,3,465.2942848827721,0.611262077294686,-0.0037154128837011413,0.2780944911973778,132098.0,7492.8888888888905,139590.88888888888,436,221,348.2083333333333,24,0,20,31.04193687851275,0.6770833333333334,43.0,1028.0,42.833333333333336,0
440,4,0,0,24,0.0,0.0,1.0,24,600,400,200,0.6666666666666666,8,4,4,464.6931017820559,0.6077143719806763,-0.005570409982174729,0.2786803820308131,132226.53125,7488.951388888889,139715.48263888888,437,222,349.2083333333333,24,0,20,30.9265786204289,0.6783854166666667,42.875,1028.5,42.854166666666664,0
441,4,0,0,24,0.0,0.0,1.0,24,600,400,200,0.6666666666666666,8,4,4,464.6931017820559,0.6077143719806763,-0.005570409982174729,0.2786803820308131,132226.53125,7488.951388888889,139715.48263888888,438,223,350.2083333333333,24,0,20,30.9265786204289,0.6783854166666667,42.875,1028.5,42.854166666666664,0
442,4,1,1,24,0.04,0.04,0.96,25,300,200,100,0.6666666666666666,4,2,2,453.52539466524934,0.6280555555555556,-0.022981637099284136,0.274421298127956,132562.98539201188,7024.136053583178,139587.12144559505,439,0,337.16,25,0,20,30.871978420998033,0.6775,42.54807692307693,1029.8076923076926,41.19230769230771,0
443,4,0,0,24,0.0,0.0,1.0,24,550,400,150,0.7272727272727273,7,4,3,467.50493866715584,0.6075634057971014,-0.006918570117177225,0.281003698772381,132312.2534722222,7571.326388888884,139883.57986111107,440,225,352.2083333333333,24,0,20,30.767050056698523,0.6792534722222222,42.791666666666664,1028.8333333333333,42.86805555555555,0
444,4,0,0,24,0.0,0.0,1.0,24,800,600,200,0.75,10,6,4,467.50493866715584,0.6075634057971014,-0.006918570117177225,0.281003698772381,132312.2534722222,7571.326388888884,139883.57986111107,441,226,353.2083333333333,24,0,20,30.767050056698523,0.6792534722222222,42.791666666666664,1028.8333333333333,42.86805555555555,0
445,4,0,0,24,0.0,0.0,1.0,24,350,200,150,0.5714285714285714,5,2,3,467.2493582868228,0.6065821256038647,-0.007423604362379876,0.28116935068838633,132355.125,7568.569444444445,139923.69444444444,442,227,354.2083333333333,24,0,20,30.730010258071477,0.6796875,42.75,1029.0,42.875,0
446,4,0,0,24,0.0,0.0,1.0,24,350,200,150,0.5714285714285714,5,2,3,467.6808647547586,0.6043176328502415,-0.004722582037996581,0.2820700215552138,132440.88888888893,7588.013888888899,140028.90277777784,443,228,355.2083333333333,24,0,20,30.63167908031088,0.6805555555555556,42.66666666666667,1029.3333333333337,42.88888888888891,0
447,4,0,0,24,0.0,0.0,1.0,24,600,400,200,0.6666666666666666,8,4,4,464.45968981541955,0.6062047101449275,0.002191562820305082,0.28108681913511047,132569.5868055556,7514.645833333344,140084.23263888893,444,229,356.2083333333333,24,0,20,30.583764902627184,0.6818576388888888,42.54166666666667,1029.8333333333337,42.909722222222236,0
448,4,0,0,24,0.0,0.0,1.0,24,250,200,50,0.8,3,2,1,465.73750323945205,0.6063556763285024,0.005898452246130503,0.2825047603064824,132655.420138889,7556.520833333352,140211.94097222234,445,230,357.2083333333333,24,0,19,30.46365205198727,0.6827256944444444,42.45833333333334,1030.1666666666677,42.92361111111115,0
449,4,0,0,24,0.0,0.0,1.0,24,650,500,150,0.7692307692307693,8,5,3,464.9340241226788,0.6053743961352657,0.004379581716257075,0.28298740208411843,132784.22222222216,7547.180555555546,140331.4027777777,446,231,358.2083333333333,24,0,19,30.35353331177231,0.6840277777777779,42.33333333333333,1030.666666666666,42.94444444444442,0
450,4,1,1,24,0.04,0.04,0.96,25,400,300,100,0.75,5,3,2,451.2224956242317,0.6276388888888889,-0.01744370243826676,0.27697060527401607,133099.886099811,7011.532554651548,140111.41865446256,447,0,344.84,25,0,19,30.386932494693788,0.6829166666666667,42.02724358974359,1031.8910256410259,41.275641025641036,0
451,4,1,0,25,0.04,0.0,1.0,25,350,200,150,0.5714285714285714,5,2,3,448.84428737158953,0.6281944444444444,-0.009687936655798923,0.27612283237444213,133182.58251664205,6955.648267998031,140138.2307846401,448,0,345.8,25,0,20,30.364559074677842,0.6837500000000001,41.94711538461539,1032.2115384615388,41.288461538461554,0
452,4,1,0,26,0.038461538461538464,0.0,1.0,26,400,100,300,0.25,7,1,6,433.388573852193,0.6441025641025641,-0.01271332429887262,0.2692798393007409,133551.96663999383,6375.9792714525065,139927.94591144632,449,0,333.46153846153845,26,0,21,30.390290634020104,0.6834935897435898,41.5895061728395,1033.6419753086413,39.755460588793895,0
453,4,0,0,26,0.0,0.0,1.0,26,500,300,200,0.6,7,3,4,434.6298419526022,0.6430128205128205,-0.01131626993696,0.27034218303068547,133591.84777949247,6412.600737311382,140004.44851680385,450,1,334.46153846153845,26,0,21,30.317957904164796,0.6838942307692308,41.550925925925924,1033.7962962962963,39.76139601139601,0
454,4,0,0,26,0.0,0.0,1.0,26,650,500,150,0.7692307692307693,8,5,3,434.6298419526022,0.6430128205128205,-0.01131626993696,0.27034218303068547,133591.84777949247,6412.600737311382,140004.44851680385,451,2,335.46153846153845,26,0,21,30.317957904164796,0.6838942307692308,41.550925925925924,1033.7962962962963,39.76139601139601,0
455,4,0,0,26,0.0,0.0,1.0,26,500,300,200,0.6,7,3,4,433.2595232791268,0.6441025641025641,-0.010539609644087067,0.26978055817566454,133631.73487273284,6379.444349184582,140011.1792219174,452,3,336.46153846153845,26,0,21,30.313121890547272,0.6842948717948718,41.51234567901235,1033.9506172839508,39.76733143399811,0
456,4,0,0,26,0.0,0.0,1.0,26,600,400,200,0.6666666666666666,8,4,4,433.62161969912023,0.645576923076923,-0.005732220934369536,0.2708821730515567,133751.43187490472,6399.502505334544,140150.93438023925,453,4,337.46153846153845,26,0,19,30.18300263563578,0.6854967948717949,41.3966049382716,1034.4135802469134,39.78513770180436,0
457,4,0,1,25,0.0,0.038461538461538464,0.9615384615384616,26,350,200,150,0.5714285714285714,5,2,3,445.1702050203401,0.6452564102564102,0.009361131656804744,0.2645582932692308,131882.33500990708,6542.017222984309,138424.3522328914,454,5,338.46153846153845,26,0,19,31.778345352564102,0.6666666666666666,43.20987654320988,1027.160493827161,39.50617283950619,6
458,4,0,0,25,0.0,0.0,1.0,25,500,300,200,0.6,7,3,4,450.35511491336166,0.6259722222222223,0.03244423646856953,0.26808046812530756,131944.83288646457,6884.406075361616,138829.2389618262,455,6,352.76,25,0,20,31.581624031612336,0.67125,43.14903846153847,1027.4038461538466,41.09615384615387,0
459,4,0,0,25,0.0,0.0,1.0,25,750,600,150,0.8,9,6,3,450.0081200549454,0.62625,0.034704506471230134,0.268456006875569,132027.1697536572,6882.659691403694,138909.8294450609,456,7,353.76,25,0,20,31.506802588492125,0.6720833333333334,43.06891025641026,1027.7243589743596,41.108974358974386,0
460,4,0,0,25,0.0,0.0,1.0,25,1150,1000,150,0.8695652173913043,13,10,3,449.2256733478023,0.6266666666666667,0.030473815461346643,0.26886491792905803,132150.7232084156,6873.099523339923,139023.82273175553,457,8,354.76,25,0,21,31.40131442227763,0.6733333333333333,42.948717948717956,1028.205128205129,41.12820512820517,0
461,4,0,0,25,0.0,0.0,1.0,25,650,200,450,0.3076923076923077,11,2,9,448.6546684642138,0.6263888888888889,0.030135535130082713,0.2694026489122345,132274.33444793714,6869.0995336127435,139143.4339815499,458,9,355.76,25,0,21,31.290407384327775,0.6745833333333333,42.828525641025635,1028.6858974358968,41.14743589743587,0
462,4,0,0,25,0.0,0.0,1.0,25,550,300,250,0.5454545454545454,8,3,5,472.8592759528564,0.6263888888888889,0.03759823954731201,0.2671696903740738,129935.60209155154,7288.250945101897,137223.85303665343,459,10,356.76,25,0,18,33.05957246149011,0.6508333333333334,45.11217948717948,1019.5512820512814,40.782051282051256,5
463,4,0,0,25,0.0,0.0,1.0,25,900,500,400,0.5555555555555556,13,5,8,469.6709896008479,0.6251388888888889,0.031435768261964814,0.26261884911484024,129527.44904667977,7167.057034845492,136694.50608152527,460,11,357.76,25,0,20,33.560295969773314,0.6466666666666667,45.51282051282051,1017.9487179487176,40.7179487179487,7
464,4,0,0,25,0.0,0.0,1.0,25,700,500,200,0.7142857142857143,9,5,4,470.21651627525455,0.6266666666666667,0.03666351904312237,0.26347052419867456,129609.0282914202,7188.86115220251,136797.8894436227,461,12,358.76,25,0,20,33.46251704962753,0.6475,45.432692307692314,1018.2692307692314,40.730769230769255,0
465,4,1,1,25,0.038461538461538464,0.038461538461538464,0.9615384615384616,26,1000,700,300,0.7,13,7,6,458.8729947316361,0.658525641025641,0.01933264253530642,0.2593476369710794,129947.7053088324,6725.898538713599,136673.603847546,462,0,345.9230769230769,26,0,20,33.40365016901268,0.6470352564102564,45.1003086419753,1019.5987654320979,39.21533713200377,0
466,4,0,0,25,0.0,0.0,1.0,25,800,400,400,0.5,12,4,8,474.15501282846554,0.6311111111111111,0.03958477508650504,0.2667856258020694,129772.26382725182,7306.433883957921,137078.69771120974,463,14,360.76,25,0,20,33.19440075495439,0.6491666666666667,45.2724358974359,1018.9102564102566,40.75641025641026,0
467,4,0,0,25,0.0,0.0,1.0,25,550,400,150,0.7272727272727273,7,4,3,477.5357378240284,0.6297222222222222,0.04479094624332003,0.26981193286291894,129935.60209155153,7409.778722879672,137345.3808144312,464,15,361.76,25,0,20,32.94037514408468,0.6508333333333334,45.11217948717948,1019.5512820512813,40.78205128205125,0
468,4,0,0,25,0.0,0.0,1.0,25,700,600,100,0.8571428571428571,8,6,2,477.13983552201427,0.6294444444444445,0.043142677561282206,0.27015283925819394,130017.3097468771,7407.287557527947,137424.59730440506,465,16,362.76,25,0,20,32.86651477058453,0.6516666666666667,45.032051282051285,1019.8717948717951,40.7948717948718,0
469,4,1,0,26,0.038461538461538464,0.0,1.0,26,450,300,150,0.6666666666666666,6,3,3,461.590371269652,0.6535897435897436,0.03326591812539226,0.26380009301058344,130380.76560356648,6836.501200274344,137217.26680384082,466,0,349.7692307692308,26,0,21,32.89041251133273,0.6514423076923077,44.675925925925924,1021.296296296296,39.28062678062677,0
470,4,1,1,26,0.037037037037037035,0.037037037037037035,0.962962962962963,27,550,400,150,0.7272727272727273,7,4,3,446.8606726558891,0.6660731244064578,0.0187125425775021,0.2576196763834956,130718.7145691609,6282.610544217671,137001.32511337858,467,0,337.77777777777777,27,0,19,32.92103220799379,0.6512345679012346,44.34523809523809,1022.6190476190468,37.87477954144618,0
471,4,0,0,26,0.0,0.0,1.0,26,450,300,150,0.6666666666666666,6,3,3,461.42469208140113,0.6531410256410256,0.02713394444250805,0.2645102066035459,130498.99798525374,6843.091992455413,137342.08997770914,468,2,351.7692307692308,26,0,19,32.77356139555959,0.6526442307692308,44.56018518518518,1021.759259259259,39.29843304843304,0
472,4,1,0,27,0.037037037037037035,0.0,1.0,27,500,300,200,0.6,7,3,4,446.40478015832457,0.672602089268756,0.05935492287121269,0.24334417375990602,128521.48216057259,6074.520797902493,134596.0029584751,469,0,339.7037037037037,27,0,18,35.18674787202815,0.628858024691358,46.50297619047619,1013.9880952380955,37.55511463844798,4
473,4,1,1,27,0.03571428571428571,0.03571428571428571,0.9642857142857143,28,700,400,300,0.5714285714285714,10,4,6,434.0529496148499,0.6875,0.04132306572883815,0.23893195076929588,128909.40844233055,5590.701793499801,134500.11023583036,470,0,328.5357142857143,28,0,18,35.10098330503678,0.6294642857142857,46.12068965517241,1015.5172413793102,36.268472906403936,0
474,4,2,1,28,0.06896551724137931,0.034482758620689655,0.9655172413793104,29,650,300,350,0.46153846153846156,10,3,7,419.35437783665526,0.710591133004926,0.04574483605747304,0.23401443460846694,129448.61352237643,5056.968557098753,134505.5820794752,471,0,318.13793103448273,29,0,17,34.92149469996816,0.6318247126436782,45.59027777777777,1017.638888888888,35.09099616858234,0
475,4,2,1,29,0.06666666666666667,0.03333333333333333,0.9666666666666667,30,600,400,200,0.6666666666666666,8,4,4,407.19975624285036,0.725287356321839,0.04497494064890528,0.22937507814511812,129817.03990345699,4572.293400971205,134389.3333044282,472,0,308.46666666666664,30,0,19,34.854205134968794,0.632638888888889,45.22849462365591,1019.0860215053758,33.96953405017919,0
476,4,0,0,29,0.0,0.0,1.0,29,700,400,300,0.5714285714285714,10,4,6,417.8966599635053,0.707820197044335,0.06319174745869494,0.23467489312192544,129696.07445987653,5039.911265432096,134735.98572530862,473,1,320.1034482758621,29,0,19,34.705367693846014,0.63433908045977,45.34722222222222,1018.6111111111111,35.12452107279693,0
477,4,0,0,29,0.0,0.0,1.0,29,550,300,250,0.5454545454545454,8,3,5,418.2374249157738,0.7082307060755336,0.06486669424284597,0.23529062493727873,129766.82098765421,5054.66820987653,134821.48919753073,474,2,321.1034482758621,29,0,19,34.62434114867321,0.635057471264368,45.27777777777777,1018.888888888888,35.13409961685821,0
478,4,0,0,29,0.0,0.0,1.0,29,750,500,250,0.6666666666666666,10,5,5,417.55005879446077,0.707820197044335,0.06848639431816594,0.23596882075520673,129943.77170138883,5051.605902777772,134995.3776041666,475,3,322.1034482758621,29,0,19,34.46098964718705,0.6368534482758621,45.104166666666664,1019.5833333333328,35.158045977011476,0
479,4,0,0,29,0.0,0.0,1.0,29,600,300,300,0.5,9,3,6,417.55005879446077,0.707820197044335,0.06848639431816594,0.23596882075520673,129943.77170138883,5051.605902777772,134995.3776041666,476,4,323.1034482758621,29,0,19,34.46098964718705,0.6368534482758621,45.104166666666664,1019.5833333333328,35.158045977011476,0
480,4,0,0,29,0.0,0.0,1.0,29,700,500,200,0.7142857142857143,9,5,4,417.1339014908797,0.7077175697865353,0.07240252422808213,0.23637587751149833,130049.9999999999,5049.652777777762,135099.65277777766,477,5,324.1034482758621,29,0,19,34.363085511982575,0.6379310344827587,44.99999999999999,1019.9999999999992,35.17241379310342,0
481,4,1,1,29,0.03333333333333333,0.03333333333333333,0.9666666666666667,30,400,200,200,0.5,6,2,4,406.3306955435236,0.7246647509578544,0.06108843537414965,0.23151400094921684,130262.58680555542,4585.937499999982,134848.5243055554,478,0,314.26666666666665,30,0,19,34.42176870748299,0.6371527777777779,44.79166666666666,1020.8333333333322,34.02777777777774,0
482,4,0,0,29,0.0,0.0,1.0,29,550,300,250,0.5454545454545454,8,3,5,415.61450986819546,0.7079228243021346,0.07659706284056811,0.23615775746339004,130156.27170138893,5018.967013888892,135175.23871527784,479,7,326.1034482758621,29,0,19,34.29333401388321,0.6390086206896551,44.895833333333336,1020.4166666666671,35.186781609195414,0
483,4,1,1,29,0.03333333333333333,0.03333333333333333,0.9666666666666667,30,800,600,200,0.75,10,6,4,404.6540858725762,0.7205938697318008,0.05982456140350889,0.23157914552948647,130434.1542374841,4556.142689906349,134990.29692739045,480,0,316.2,30,0,19,34.28974780701755,0.6388888888888888,44.623655913978496,1021.505376344086,34.05017921146953,0
484,4,0,0,29,0.0,0.0,1.0,29,750,500,250,0.6666666666666666,10,5,5,415.6330922218761,0.7066912972085385,0.06922817155078587,0.23724646692664852,130333.487654321,5034.182098765431,135367.66975308643,481,9,328.1034482758621,29,0,19,34.11203300689154,0.6408045977011494,44.72222222222222,1021.1111111111112,35.21072796934866,0
485,4,0,0,29,0.0,0.0,1.0,29,650,500,150,0.7692307692307693,8,5,3,414.2288253488507,0.7068965517241379,0.0700533605919369,0.23687704367149665,130404.40779320979,5003.452932098753,135407.86072530854,482,10,329.1034482758621,29,0,19,34.075559786057475,0.6415229885057472,44.65277777777777,1021.3888888888881,35.22030651340994,0
486,4,0,0,29,0.0,0.0,1.0,29,700,500,200,0.7142857142857143,9,5,4,403.7045098081165,0.7068965517241379,0.08845865766594274,0.21497412916136444,127582.64853395057,4501.13811728394,132083.78665123452,483,11,330.1034482758621,29,0,20,37.23421317936026,0.6127873563218391,47.43055555555555,1010.2777777777774,34.83716475095784,6
487,4,3,3,29,0.09375,0.09375,0.90625,32,850,500,350,0.5882352941176471,12,5,7,376.0965980423634,0.7478158602150539,0.04523928215353923,0.2039053447764813,128304.38220589737,3250.9683323130284,131555.3505382104,484,0,300.0625,32,0,21,37.191290711199734,0.6119791666666667,46.717171717171716,1013.1313131313133,31.66035353535354,0
488,4,0,0,29,0.0,0.0,1.0,29,750,600,150,0.8,9,6,3,408.76055235013416,0.7075123152709359,0.07955374139351612,0.21918956864607325,127863.4355709876,4653.105709876531,132516.54128086413,485,13,332.1034482758621,29,0,21,36.8173807562025,0.61566091954023,47.15277777777777,1011.3888888888885,34.87547892720305,0
489,4,2,2,29,0.06451612903225806,0.06451612903225806,0.935483870967742,31,800,500,300,0.625,11,5,6,388.54263268305135,0.7519713261648745,0.0607600814224889,0.21067945818166023,128309.37915378153,3770.7327948676275,132080.11194864917,486,0,311.61290322580646,31,0,21,36.87093025746474,0.6145833333333333,46.712239583333336,1013.1510416666672,32.682291666666686,0
490,4,0,0,29,0.0,0.0,1.0,29,550,400,150,0.7272727272727273,7,4,3,410.4909720106676,0.7080254515599343,0.09086864747697532,0.22088901196969893,128003.94483024695,4708.892746913589,132712.83757716054,487,15,334.1034482758621,29,0,21,36.629037423369034,0.6170977011494253,47.01388888888889,1011.9444444444448,34.89463601532568,0
491,4,2,2,29,0.06451612903225806,0.06451612903225806,0.935483870967742,31,1050,1000,50,0.9523809523809523,11,10,1,389.50413148432614,0.7415770609318997,0.06761515706437526,0.21207546627531243,128474.33302137602,3808.2567003038444,132282.58972167986,488,0,313.48387096774195,31,0,19,36.677476667522924,0.6162634408602149,46.54947916666668,1013.8020833333346,32.70329301075273,0
492,4,2,1,30,0.06451612903225806,0.03225806451612903,0.967741935483871,31,1150,700,450,0.6086956521739131,16,7,9,392.2154055471892,0.7361111111111112,0.12454403550829962,0.21443861225390518,128639.39285278309,3890.8703274196914,132530.26318020278,489,0,314.4193548387097,31,0,18,36.439615154237806,0.6179435483870969,46.38671874999999,1014.4531249999991,32.72429435483868,2
493,4,0,0,30,0.0,0.0,1.0,30,750,600,150,0.8,9,6,3,403.81260043011184,0.7207375478927204,0.14613209631102264,0.22030123429104798,128553.12256113414,4382.274142964486,132935.39670409862,490,1,325.9,30,0,18,36.233984979014785,0.6197916666666667,46.47177419354838,1014.1129032258057,33.80376344086019,0
494,4,3,3,30,0.09090909090909091,0.09090909090909091,0.9090909090909091,33,1000,800,200,0.8,12,8,4,370.361475863247,0.7681502525252526,0.1258101243650378,0.2066855978204569,129450.69204152236,2988.709871203366,132439.40191272573,491,0,297.1818181818182,33,0,15,36.165803628773276,0.6212121212121213,45.58823529411764,1017.6470588235283,30.83778966131904,0
495,4,1,0,31,0.03225806451612903,0.0,1.0,31,700,600,100,0.8571428571428571,8,6,2,390.0161246976621,0.7377240143369176,0.1567953463775782,0.2162816691505216,129201.3888888888,3878.12499999999,133079.5138888888,492,0,317.3225806451613,31,0,19,35.92042349726778,0.6236559139784946,45.83333333333333,1016.666666666666,32.79569892473116,0
496,4,1,0,32,0.03125,0.0,1.0,32,800,600,200,0.75,10,6,4,385.1221940780855,0.748025873655914,0.10139018691588797,0.20896589638111135,128336.36435376493,3485.036443985311,131821.40079775025,493,0,308.375,32,0,21,36.92990654205608,0.6123046875,46.68560606060606,1013.2575757575759,31.664299242424246,5
497,4,1,1,32,0.030303030303030304,0.030303030303030304,0.9696969696969697,33,600,400,200,0.6666666666666666,8,4,4,375.61084752308363,0.761126893939394,0.09782775813217981,0.20537031676328177,128641.33536380235,3063.8162004998044,131705.15156430216,494,0,300.0,33,0,16,36.85874204719337,0.6130050505050505,46.384803921568626,1014.4607843137252,30.741235888294703,0
498,4,3,2,33,0.08571428571428572,0.05714285714285714,0.9428571428571428,35,700,500,200,0.7142857142857143,9,5,4,360.1137313175679,0.7859943977591036,0.09088720434655317,0.19940219346979074,129142.5607103052,2301.201881858708,131443.7625921639,495,0,283.74285714285713,35,0,18,36.7403970242162,0.6136904761904762,45.8912037037037,1016.4351851851851,29.041005291005288,0
499,4,0,0,33,0.0,0.0,1.0,33,900,600,300,0.6666666666666666,12,6,6,374.18450885456946,0.7659406565656567,0.11062488804074078,0.2063616363203939,128983.44574502572,3052.7214592944724,132036.1672043202,496,1,301.93939393939394,33,0,20,36.545295974584796,0.6164772727272729,46.047794117647044,1015.8088235294099,30.78208556149727,0
500,4,3,2,34,0.08333333333333333,0.05555555555555555,0.9444444444444444,36,950,600,350,0.631578947368421,13,6,7,352.26248487781686,0.7931216931216932,0.10225514039354433,0.19792338125495224,129717.10519641255,1938.8939615290856,131655.99915794164,497,0,277.69444444444446,36,0,14,36.355387279829024,0.6174768518518519,45.32657657657657,1018.693693693693,28.29704704704703,0
501,4,1,1,34,0.02857142857142857,0.02857142857142857,0.9714285714285714,35,650,500,150,0.7692307692307693,8,5,3,359.3817422721631,0.7878151260504201,0.10780298478377426,0.2012400500807264,129584.09857520978,2314.031823345304,131898.13039855508,498,0,286.6,35,0,14,36.30937156606417,0.618154761904762,45.45717592592591,1018.1712962962941,29.090608465608405,0
502,4,0,0,34,0.0,0.0,1.0,34,1000,800,200,0.8,12,8,4,369.2691768407376,0.7758467023172906,0.11389748882008988,0.2063563047051178,129504.14540816302,2764.3778344670914,132268.52324263012,499,2,296.02941176470586,34,0,14,36.13913255360623,0.6194852941176472,45.53571428571427,1017.857142857141,29.93697478991591,0
503,4,0,0,34,0.0,0.0,1.0,34,950,800,150,0.8421052631578947,11,8,3,369.2691768407376,0.7758467023172906,0.11389748882008988,0.2063563047051178,129504.14540816302,2764.3778344670914,132268.52324263012,500,3,297.02941176470586,34,0,14,36.13913255360623,0.6194852941176472,45.53571428571427,1017.857142857141,29.93697478991591,0
504,4,1,2,33,0.02857142857142857,0.05714285714285714,0.9428571428571428,35,750,400,350,0.5333333333333333,11,4,7,360.09367011073294,0.7851540616246498,0.10258840330406915,0.20254981328976202,129760.92470689694,2345.217522933775,132106.14222983073,501,0,289.51428571428573,35,0,14,36.11138721647924,0.6199404761904763,45.283564814814795,1018.8657407407379,29.110449735449656,0
505,4,3,3,33,0.08333333333333333,0.08333333333333333,0.9166666666666666,36,600,500,100,0.8333333333333334,7,5,2,353.4964353415301,0.7947089947089948,0.09415624233505038,0.20066902908485326,130118.92804967098,1999.3154472039237,132118.2434968749,502,0,282.22222222222223,36,0,16,35.91588484179543,0.621527777777778,44.932432432432414,1020.2702702702678,28.340840840840773,0
506,4,0,0,33,0.0,0.0,1.0,33,700,500,200,0.7142857142857143,9,5,4,379.5169434705986,0.7621527777777778,0.11555263829632056,0.21280605939545696,129637.82709775069,3239.9503796616436,132877.77747741234,503,1,308.6363636363636,33,0,16,35.74207781789008,0.6231060606060608,45.40441176470587,1018.382352941175,30.86007130124773,0
507,4,1,1,33,0.029411764705882353,0.029411764705882353,0.9705882352941176,34,850,700,150,0.8235294117647058,10,7,3,368.38243588314936,0.7691993464052288,0.11285670134954207,0.20826373355374053,129958.94451530589,2774.9185090702686,132733.86302437616,504,0,300.52941176470586,34,0,17,35.69882272815723,0.6240808823529413,45.0892857142857,1019.6428571428553,29.989495798319272,0
508,4,0,0,33,0.0,0.0,1.0,33,650,300,350,0.46153846153846156,10,3,7,377.76312939579554,0.757181186868687,0.11920042274822795,0.21266759789614317,129793.87622849361,3206.26817209724,133000.14440059086,505,1,310.27272727272725,33,0,17,35.62775606333933,0.6246843434343435,45.25122549019606,1018.9950980392138,30.87863933452163,0
509,4,0,0,33,0.0,0.0,1.0,33,550,400,150,0.7272727272727273,7,4,3,377.3929545892155,0.7578914141414143,0.11644641679510026,0.21279845446227116,129856.32216274965,3201.3722186178065,133057.69438136747,506,2,311.27272727272725,33,0,17,35.573599254538884,0.6253156565656568,45.18995098039214,1019.2401960784294,30.886066547831195,0
510,4,0,0,33,0.0,0.0,1.0,33,950,500,450,0.5263157894736842,14,5,9,380.0564046115977,0.7580492424242425,0.13834895702300343,0.21327810794915508,129669.02941476827,3256.3090217704603,132925.33843653873,507,3,312.27272727272725,33,0,16,35.69654173184133,0.6234217171717171,45.373774509803916,1018.5049019607836,30.863784907902534,1
511,4,0,0,33,0.0,0.0,1.0,33,1100,800,300,0.7272727272727273,14,8,6,402.49162516976014,0.757181186868687,0.16635166252187528,0.21126315360697348,126999.35308835535,3623.2352040080605,130622.5882923634,508,4,313.27272727272725,33,0,17,37.866134751773046,0.5962752525252526,48.00857843137254,1007.965686274509,30.544414735591182,5
512,4,3,1,35,0.08333333333333333,0.027777777777777776,0.9722222222222222,36,450,200,250,0.4444444444444444,7,2,5,379.5714888127789,0.786607142857143,0.1635597532277555,0.2030347186025487,127763.95486379015,2499.144703941458,130263.09956773161,509,0,288.0833333333333,35,1,17,37.6575319595497,0.599702380952381,47.2511574074074,1010.9953703703691,28.885582010581974,0
513,4,1,4,32,0.027777777777777776,0.1111111111111111,0.8888888888888888,36,600,400,200,0.6666666666666666,8,4,4,379.80016786233887,0.7822420634920636,0.17122264189335268,0.2034527324716893,127822.46823827582,2509.3989786951192,130331.86721697093,510,0,289.05555555555554,35,1,17,37.59168383503109,0.600297619047619,47.19328703703703,1011.2268518518513,28.89219576719575,0
514,4,2,1,33,0.058823529411764705,0.029411764705882353,0.9705882352941176,34,850,500,350,0.5882352941176471,12,5,7,392.7078787878789,0.7850564468211527,0.18725846702317317,0.21010635538261993,127772.5589316608,3235.458117070345,131008.01704873114,511,0,295.47058823529414,33,1,18,37.31666666666665,0.6041666666666667,47.24264705882352,1011.0294117647051,30.63725490196076,0
515,4,3,1,35,0.08333333333333333,0.027777777777777776,0.9722222222222222,36,400,300,100,0.75,5,3,2,373.7981582461226,0.8065145502645503,0.18145319232275803,0.2026128870493312,128295.24518140573,2391.8459295482744,130687.091110954,512,0,279.97222222222223,34,2,20,37.258862122992554,0.6072303921568629,46.72619047619047,1013.0952380952368,29.796918767506966,0
516,4,1,1,35,0.027777777777777776,0.027777777777777776,0.9722222222222222,36,550,400,150,0.7272727272727273,7,4,3,372.8918737325733,0.8076058201058202,0.1845380268086716,0.20257999496396922,128385.71605725624,2374.798044217684,130760.51410147392,513,0,280.94444444444446,34,2,19,37.18920083010296,0.6081495098039216,46.63690476190476,1013.452380952381,29.807422969187677,0
517,4,1,2,34,0.027777777777777776,0.05555555555555555,0.9444444444444444,36,700,700,0,1.0,7,7,0,372.23869038403785,0.8062830687830689,0.17761140471064163,0.20253114687668256,128446.04768990925,2362.517715419496,130808.56540532874,514,0,281.9166666666667,34,2,19,37.14401056958309,0.6087622549019608,46.57738095238095,1013.6904761904758,29.814425770308112,0
518,4,1,0,35,0.02857142857142857,0.0,1.0,35,1000,700,300,0.7,13,7,6,382.4866114173087,0.7929971988795518,0.20247936738147065,0.20847788029425637,128517.04422577855,2831.209751057288,131348.25397683584,515,0,290.8857142857143,33,2,20,36.811598581903155,0.6117424242424242,46.50735294117647,1013.9705882352941,30.72638146167558,0
519,4,1,0,36,0.027777777777777776,0.0,1.0,36,750,400,350,0.5333333333333333,11,4,7,374.5181394110898,0.8030753968253969,0.21495716480483318,0.20673595095305555,129019.90504535144,2464.0589569160957,131483.96400226754,516,0,283.77777777777777,34,2,21,36.49958987579093,0.6145833333333333,46.01190476190476,1015.9523809523806,29.880952380952372,0
520,4,1,1,36,0.02702702702702703,0.02702702702702703,0.972972972972973,37,700,600,100,0.8571428571428571,8,6,2,367.06030837350335,0.8071821821821822,0.2138296694509716,0.20415987278394584,129319.08543381334,2093.5806755829813,131412.66610939632,517,0,277.0810810810811,35,2,21,36.38389470490063,0.6154761904761905,45.71759259259259,1017.1296296296288,29.060846560846535,0
521,4,0,0,36,0.0,0.0,1.0,36,1100,900,200,0.8181818181818182,13,9,4,376.57887664606244,0.80244708994709,0.22176684881602893,0.20883010432190754,129201.38888888898,2530.902777777783,131732.29166666677,518,2,285.77777777777777,34,2,21,36.261953551912555,0.616421568627451,45.833333333333336,1016.6666666666674,29.901960784313747,0
522,4,3,3,36,0.07692307692307693,0.07692307692307693,0.9230769230769231,39,800,400,400,0.5,12,4,8,357.74756363020936,0.8237179487179488,0.20293308183177006,0.20208607816729546,129927.00277970129,1496.2137388427052,131423.21651854398,519,0,264.71794871794873,37,2,18,36.002366100236614,0.6176801801801801,45.12061403508771,1019.517543859648,27.554528212422916,0
523,4,0,0,36,0.0,0.0,1.0,36,1000,800,200,0.8,12,8,4,382.32415956427303,0.8021164021164021,0.2394944061123454,0.21381647406370857,129534.44054705236,2704.8292233560355,132239.2697704084,520,4,287.77777777777777,34,2,18,35.776030093946126,0.6197916666666665,45.505952380952394,1017.9761904761922,29.94047619047624,0
524,4,1,0,37,0.02702702702702703,0.0,1.0,37,700,400,300,0.5714285714285714,10,4,6,372.96361837550165,0.8102477477477478,0.2425159348061583,0.21042220288488434,129878.87577428426,2288.0190918638746,132166.89486614813,521,0,280.97297297297297,35,2,19,35.66351103289052,0.6211309523809523,45.16782407407408,1019.3287037037047,29.12367724867728,0
525,4,1,1,37,0.02631578947368421,0.02631578947368421,0.9736842105263158,38,900,400,500,0.4444444444444444,14,4,10,367.33679133633,0.8186047889995258,0.23418787533831242,0.2088335008211939,130176.38204082493,1963.7148973298026,132140.09693815472,522,0,274.55263157894734,36,2,19,35.50448760391379,0.6221064814814813,44.876126126126145,1020.4954954954981,28.34709709709717,0
526,4,1,0,38,0.02631578947368421,0.0,1.0,38,1000,700,300,0.7,13,7,6,365.19950123663375,0.8163229018492176,0.2378202987068756,0.2087124610694339,130380.76560356675,1923.026647455789,132303.79225102253,523,0,275.5263157894737,35,3,22,35.35150347537021,0.626190476190476,44.67592592592594,1021.296296296298,29.17989417989423,0
527,4,1,2,37,0.02564102564102564,0.05128205128205128,0.9487179487179487,39,1200,800,400,0.6666666666666666,16,8,8,358.91551038512114,0.822480881691408,0.2327655092769063,0.20694042855919328,130722.82745160742,1583.6900667559921,132306.5175183634,524,0,269.43589743589746,36,3,18,35.165225929596616,0.6276041666666665,44.34121621621624,1022.6351351351384,28.406531531531623,0
528,4,0,0,37,0.0,0.0,1.0,37,750,500,250,0.6666666666666666,10,5,5,378.9683619946072,0.8041166166166166,0.25380397295092516,0.21693979414781375,130444.9422477326,2486.9012188208826,132931.8434665535,525,4,284.97297297297297,34,3,22,34.934739540846074,0.6289828431372548,44.61309523809525,1021.5476190476204,30.045518207282953,0
529,4,1,1,37,0.02631578947368421,0.02631578947368421,0.9736842105263158,38,850,600,250,0.7058823529411765,11,6,5,373.13333766276156,0.8102181128496918,0.24058363023247487,0.2148800459525971,130676.44702717778,2151.947766632391,132828.39479381018,526,0,278.44736842105266,35,3,19,34.848784997358706,0.6291666666666667,44.38657407407408,1022.4537037037048,29.212962962962994,0
530,4,1,0,38,0.02631578947368421,0.0,1.0,38,1000,600,400,0.6,14,6,8,375.69664830777424,0.811284969179706,0.24772564896403892,0.21735329653407887,130854.0166323731,2232.283093278462,133086.29972565157,527,0,279.42105263157896,35,3,20,34.60312971342384,0.6309523809523809,44.21296296296296,1023.148148148148,29.23280423280423,0
531,4,1,0,39,0.02564102564102564,0.0,1.0,39,950,600,350,0.631578947368421,13,6,7,365.4735010663161,0.8147773279352227,0.24385472340617498,0.21309916446789806,131155.0401753104,1786.7383430728041,132941.7785183832,528,0,273.2307692307692,36,3,21,34.55983399296396,0.6319444444444444,43.91891891891892,1024.324324324324,28.45345345345344,0
532,4,0,0,39,0.0,0.0,1.0,39,500,300,200,0.6,7,3,4,364.7327753524847,0.8150022492127755,0.2427850263400444,0.21282707231440384,131183.8797200918,1769.4121063631312,132953.29182645492,529,1,274.2307692307692,36,3,21,34.549622586200584,0.6322337962962963,43.89076576576577,1024.4369369369376,28.456581581581602,0
533,4,0,0,39,0.0,0.0,1.0,39,1050,700,350,0.6666666666666666,14,7,7,367.0863422291993,0.8146086369770581,0.24416455339532295,0.21468417186926186,131270.41737683638,1837.515471552645,133107.93284838903,530,2,275.2307692307692,36,3,22,34.40178571428572,0.6331018518518519,43.80630630630631,1024.7747747747753,28.46596596596598,0
534,4,0,0,39,0.0,0.0,1.0,39,800,400,400,0.5,12,4,8,369.48906074426594,0.8142150247413406,0.2505732749635188,0.2164150212930702,131328.12500000012,1904.8611111111263,133232.98611111124,531,3,276.2307692307692,37,2,22,34.28184281842819,0.6317567567567567,43.75000000000001,1025.000000000001,27.702702702702727,0
535,4,0,0,39,0.0,0.0,1.0,39,1100,800,300,0.7272727272727273,14,8,6,369.77166567611863,0.8119095816464238,0.2501463318960637,0.21711435275172508,131422.35145436836,1919.2523608708018,133341.60381523916,532,4,277.2307692307692,33,6,22,34.17929066571052,0.6410984848484849,43.65808823529411,1025.3676470588223,31.071746880570373,0
536,4,0,0,39,0.0,0.0,1.0,39,1300,1100,200,0.8461538461538461,15,11,4,373.1972483062499,0.8102226720647774,0.2540210555979283,0.21984758378406855,131548.0392907774,2018.673256680101,133566.71254745752,533,5,278.2307692307692,33,6,22,33.96435611038108,0.6423611111111112,43.53553921568626,1025.8578431372534,31.086601307189497,0
537,4,1,1,39,0.025,0.025,0.975,40,1300,1000,300,0.7692307692307693,16,10,6,364.2451298701301,0.8163995726495726,0.24143668831168896,0.21574519230769232,131755.55555555545,1598.2638888888791,133353.81944444432,534,0,272.25,34,6,16,33.98437500000001,0.6421568627450981,43.33333333333333,1026.6666666666658,30.196078431372523,0
538,4,0,0,39,0.0,0.0,1.0,39,750,500,250,0.6666666666666666,10,5,5,372.9240810233311,0.8076360773729195,0.256630325523854,0.22053164791379692,131694.4515306122,2022.4064625850253,133716.85799319722,535,7,280.2307692307692,34,5,16,33.823358849454884,0.6415441176470589,43.39285714285714,1026.4285714285709,30.189075630252084,0
539,4,0,0,39,0.0,0.0,1.0,39,1400,900,500,0.6428571428571429,19,9,10,371.09178743961354,0.8082546108861899,0.2550724637681163,0.21997709049255443,131786.11288265308,1980.948837868484,133767.06172052157,536,8,281.2307692307692,34,5,16,33.77777777777777,0.6424632352941178,43.30357142857143,1026.7857142857144,30.199579831932777,0
540,4,0,0,39,0.0,0.0,1.0,39,1050,500,550,0.47619047619047616,16,5,11,367.90929442746227,0.805386864597391,0.25188163192218127,0.21921467892127594,131981.42387902958,1911.4385073731237,133892.8623864027,537,9,282.2307692307692,35,4,18,33.66233010437787,0.6422619047619047,43.11342592592593,1027.546296296297,29.35846560846563,0
541,4,0,1,38,0.0,0.02564102564102564,0.9743589743589743,39,1200,600,600,0.5,18,6,12,363.32113934999245,0.8043747188484031,0.24503484247158247,0.2172075102243669,132108.41912436092,1799.5562707978359,133907.97539515875,538,10,283.2307692307692,36,3,18,33.652143352685584,0.6414930555555556,42.98986486486487,1028.0405405405413,28.556681681681702,0
542,4,0,0,38,0.0,0.0,1.0,38,1100,900,200,0.8181818181818182,13,9,4,373.2210355631581,0.8003496917970603,0.2520699755523774,0.22295560292019043,132079.47812677556,2258.967920623342,134338.4460473989,539,12,291.42105263157896,36,2,19,33.426909874379206,0.6412037037037037,43.018018018018026,1027.927927927929,28.553553553553584,0
543,4,0,0,38,0.0,0.0,1.0,38,600,600,0,1.0,6,6,0,373.83438974004855,0.7997273589378853,0.25436866896126253,0.22349274027091717,132108.41912436092,2277.334048575613,134385.75317293653,540,13,292.42105263157896,36,2,19,33.3819421623398,0.6414930555555556,42.98986486486487,1028.0405405405413,28.556681681681702,0
544,4,0,0,38,0.0,0.0,1.0,38,1000,800,200,0.8,12,8,4,360.15292438753676,0.7989864864864865,0.2074934133937869,0.207631786609996,130718.714569161,1816.3795448785795,132535.0941140396,541,14,293.42105263157896,34,4,18,35.13775708187815,0.6317401960784315,44.345238095238095,1022.6190476190477,30.07703081232493,3
545,4,0,0,38,0.0,0.0,1.0,38,1250,1000,250,0.8,15,10,5,358.0521028873143,0.7986012328117591,0.20444873090229976,0.20723621712568774,130870.93431122442,1771.7226473922876,132642.65695861672,542,15,294.42105263157896,34,4,19,35.03732790382007,0.6332720588235294,44.19642857142857,1023.2142857142851,30.09453781512603,0
546,4,0,0,38,0.0,0.0,1.0,38,800,500,300,0.625,11,5,6,361.83224922734524,0.7972083926031295,0.2073282695050218,0.21008747542916553,130992.77388038546,1879.4820011337804,132872.25588151923,543,16,295.42105263157896,34,4,20,34.817275264565644,0.6344975490196079,44.07738095238095,1023.690476190476,30.108543417366942,0
547,4,1,0,39,0.02564102564102564,0.0,1.0,39,1200,800,400,0.6666666666666666,16,8,8,354.47196360460845,0.8066239316239316,0.20787328613415657,0.2074586409596036,131298.46810967487,1508.3251618226848,132806.79327149756,544,0,288.8205128205128,35,4,21,34.69661678900812,0.6354166666666667,43.778935185185176,1024.8842592592575,29.28240740740736,0
548,4,0,0,39,0.0,0.0,1.0,39,850,600,250,0.7058823529411765,11,6,5,357.0566804353188,0.8066801619433198,0.20156728238474697,0.2094667664788123,131389.14399092968,1582.6776687076579,132971.82165963732,545,1,289.8205128205128,34,5,21,34.53877341693763,0.6384803921568627,43.69047619047619,1025.238095238095,30.154061624649852,0
549,4,0,1,38,0.0,0.02564102564102564,0.9743589743589743,39,1000,500,500,0.5,15,5,10,355.78416081825134,0.8068488529014846,0.1983287040758308,0.20888677417366036,131419.65880102038,1551.40660430839,132971.0654053288,546,2,290.8205128205128,34,5,21,34.540568520453576,0.6387867647058822,43.660714285714285,1025.3571428571427,30.157563025210077,0
550,4,0,1,37,0.0,0.02631578947368421,0.9736842105263158,38,850,400,450,0.47058823529411764,13,4,9,363.52130297095766,0.8012980085348507,0.20666985417164696,0.21326923005996012,131390.93888168014,1952.6810601691639,133343.6199418493,547,3,297.5,33,5,21,34.371264642601005,0.6407828282828283,43.68872549019608,1025.2450980392157,31.068033273915628,0
551,4,0,0,37,0.0,0.0,1.0,37,1250,1000,250,0.8,15,10,5,362.80985018915595,0.8004879879879879,0.18958433950311404,0.21386424684884717,131572.2859977324,2147.144274376412,133719.43027210882,548,4,294.2432432432432,34,3,19,34.20626402104122,0.6403186274509804,43.51190476190476,1025.9523809523807,30.1750700280112,0
552,4,0,0,37,0.0,0.0,1.0,37,700,500,200,0.7142857142857143,9,5,4,358.2314902563662,0.8004879879879879,0.21627952618817026,0.19835152164778558,129140.88010204074,1857.631802721079,130998.51190476182,549,5,295.2432432432432,34,3,20,36.78993909580698,0.6158088235294117,45.89285714285714,1016.4285714285708,29.894957983193258,8
553,4,2,2,37,0.05128205128205128,0.05128205128205128,0.9487179487179487,39,800,500,300,0.625,11,5,6,341.1958510459164,0.8132028789923527,0.2008891998658915,0.19077034392554562,129525.18332315233,1038.7052034998546,130563.88852665218,550,0,281.05128205128204,35,4,18,36.83212526056471,0.617559523809524,45.51504629629629,1017.9398148148141,29.083994708994688,0
554,4,0,0,37,0.0,0.0,1.0,37,650,500,150,0.7692307692307693,8,5,3,358.4627599038725,0.8006756756756757,0.22000742608117907,0.1990979907417893,129263.69214965389,1867.2439686658852,131130.93611831978,551,7,297.2432432432432,33,4,21,36.65893387964973,0.6193181818181819,45.772058823529406,1016.9117647058815,30.81550802139035,0
555,4,0,1,36,0.0,0.02702702702702703,0.972972972972973,37,650,400,250,0.6153846153846154,9,4,5,360.7371473908843,0.8006131131131131,0.22470651812978937,0.20099595957309543,129388.3437259708,1935.0364042675872,131323.3801302384,552,8,298.2432432432432,33,4,22,36.47414277684092,0.6205808080808082,45.64950980392157,1017.4019607843139,30.830362448009513,0
556,4,0,0,36,0.0,0.0,1.0,36,750,600,150,0.8,9,6,3,370.3983707195206,0.7962632275132275,0.23045139751124366,0.20573713639827715,129265.5803616978,2375.952071217225,131641.53243291503,553,9,306.3888888888889,32,4,22,36.353571724195014,0.6217447916666666,45.77020202020202,1016.919191919192,31.77872474747475,0
557,4,0,0,36,0.0,0.0,1.0,36,600,300,300,0.5,9,3,6,367.5380208451468,0.7967923280423281,0.2236566258413335,0.2044810977851175,129329.78777675742,2306.7228471584503,131636.51062391588,554,10,307.3888888888889,32,4,22,36.36083871234691,0.6223958333333334,45.707070707070706,1017.1717171717168,31.78661616161615,0
558,4,0,0,36,0.0,0.0,1.0,36,750,500,250,0.6666666666666666,10,5,5,365.18629567788787,0.7958664021164021,0.22325281603728087,0.20367033611543928,129426.12879106723,2252.9297074278124,131679.05849849503,555,11,308.3888888888889,32,4,20,36.32248624725979,0.6233723958333334,45.61237373737374,1017.550505050505,31.79845328282828,0
559,4,3,2,37,0.07692307692307693,0.05128205128205128,0.9487179487179487,39,1000,700,300,0.7,13,7,6,363.4917106415859,0.8178699955015745,0.19354664311909286,0.20111009291945667,129110.63102324246,1588.8230669142247,130699.45409015668,556,0,285.5897435897436,34,5,18,36.687116863847564,0.6155024509803922,45.92261904761904,1016.3095238095224,29.891456582633012,4
560,4,1,0,38,0.02631578947368421,0.0,1.0,38,1200,600,600,0.5,18,6,12,367.52571875699493,0.8127667140825036,0.2018674130564786,0.20334200006665346,129110.63102324246,1890.2954931972574,131000.92651643972,557,0,294.07894736842104,34,4,19,36.584621842177185,0.6155024509803922,45.92261904761904,1016.3095238095224,29.891456582633012,0
561,4,1,1,38,0.02564102564102564,0.02564102564102564,0.9743589743589743,39,600,300,300,0.5,9,3,6,357.77614878173983,0.8209626630679262,0.19570599090786378,0.19916594080390637,129352.7228599771,1455.8956916099498,130808.61855158706,558,0,287.5128205128205,34,5,20,36.58572264482152,0.6179534313725492,45.684523809523796,1017.261904761903,29.919467787114794,0
562,4,1,1,38,0.02564102564102564,0.02564102564102564,0.9743589743589743,39,1050,700,350,0.6666666666666666,14,7,7,360.89136324229804,0.8172514619883041,0.19825380686300131,0.20151928571903355,129473.85381235815,1545.1991213151773,131019.05293367333,559,0,288.4871794871795,34,5,13,36.383153975123804,0.6191789215686274,45.56547619047618,1017.7380952380942,29.93347338935571,0
563,4,3,1,40,0.07317073170731707,0.024390243902439025,0.975609756097561,41,900,600,300,0.6666666666666666,12,6,6,345.22322485382097,0.8326727642276422,0.20030208470756716,0.1958282525955396,130090.20580969496,782.0320743040454,130872.23788399901,560,0,275.3414634146341,36,5,15,36.156032674688156,0.6212384259259258,44.96058558558559,1020.1576576576587,28.33771271271274,0
564,4,0,1,39,0.0,0.025,0.975,40,1000,500,500,0.5,15,5,10,351.02562483814575,0.8280715811965812,0.2017082860385928,0.1984939508872955,129967.37423911178,1124.3757501714695,131091.74998928324,561,1,283.225,35,5,15,36.13270904275445,0.6220238095238095,45.08101851851852,1019.6759259259259,29.133597883597883,0
565,4,1,0,40,0.025,0.0,1.0,40,700,400,300,0.5714285714285714,10,4,6,350.93776022828973,0.8274305555555556,0.21111300204220584,0.19904539373565927,130085.41907793209,1130.3771219135829,131215.79619984567,562,0,284.075,35,5,16,36.01514635806672,0.6232142857142857,44.96527777777778,1020.1388888888888,29.146825396825395,0
566,4,0,0,40,0.0,0.0,1.0,40,1050,600,450,0.5714285714285714,15,6,9,350.5218564017059,0.8279914529914529,0.20632017693092886,0.19926184448058296,130173.98787133487,1125.7655767746905,131299.75344810955,563,1,285.075,35,5,17,35.93590506975162,0.6241071428571429,44.87847222222222,1020.4861111111111,29.15674603174603,0
567,4,4,4,40,0.09090909090909091,0.09090909090909091,0.9090909090909091,44,1450,1100,350,0.7586206896551724,18,11,7,325.64068080956827,0.8502026074700494,0.18954032340079263,0.189805857403704,131141.34250217027,-259.00878906249085,130882.33371310779,564,0,260.0681818181818,39,5,17,35.59368537916539,0.62633547008547,43.93229166666667,1024.2708333333344,26.263354700854727,0
568,4,0,0,40,0.0,0.0,1.0,40,650,0,650,0.0,13,0,13,351.11421312705426,0.8300747863247864,0.22163684746914303,0.20173647469909012,130587.70743580667,1170.2400280778381,131757.9474638845,565,1,286.15,35,5,17,35.501476805193825,0.6282738095238096,44.473379629629626,1022.1064814814808,29.20304232804231,0
569,4,0,0,40,0.0,0.0,1.0,40,1200,900,300,0.75,15,9,6,350.22959117493616,0.8296741452991453,0.217563667232598,0.2018446469687254,130706.03358892741,1155.4241415895,131861.4577305169,566,2,287.15,35,5,17,35.40428692699489,0.6294642857142857,44.357638888888886,1022.569444444444,29.216269841269828,0
570,4,0,0,40,0.0,0.0,1.0,40,850,500,350,0.5882352941176471,12,5,7,350.8342837141035,0.8294070512820513,0.2053083550617849,0.20004584464396286,130292.12648158861,1142.1889735510974,131434.3154551397,567,3,288.15,35,5,20,35.808133053697624,0.6252976190476189,44.76273148148148,1020.9490740740737,29.169973544973534,2
571,4,1,1,40,0.024390243902439025,0.024390243902439025,0.975609756097561,41,900,500,400,0.5555555555555556,13,5,8,346.61756735905544,0.8305894308943089,0.20287674288002133,0.19925570987448682,130607.69120049107,854.1840404593871,131461.87524095047,568,0,282.0975609756098,36,5,15,35.59614960890164,0.6264467592592593,44.45382882882883,1022.184684684685,28.394019019019026,0
572,4,1,0,41,0.024390243902439025,0.0,1.0,41,1600,900,700,0.5625,23,9,14,369.20633684931767,0.832520325203252,0.23823054893400908,0.19792177738584849,127851.72994898802,1242.715274943951,129094.44522393198,569,0,283.0731707317073,35,6,16,37.82949950408178,0.6005952380952382,47.16435185185183,1011.3425925925901,28.895502645502575,4
573,4,1,1,41,0.023809523809523808,0.023809523809523808,0.9761904761904762,42,1150,800,350,0.6956521739130435,15,8,7,360.2093176853124,0.8385356174990322,0.23838918283362753,0.1945130315500684,128144.53124999977,832.1057313099845,128976.63698130976,570,0,277.3095238095238,35,7,18,37.75720164609052,0.6035714285714286,46.874999999999986,1012.4999999999982,28.928571428571377,0
574,4,4,3,42,0.08888888888888889,0.06666666666666667,0.9333333333333333,45,1150,900,250,0.782608695652174,14,9,5,327.57470395565656,0.8571127946127947,0.21299470899470951,0.17371385815830265,127415.40310650883,-635.0262984878352,126780.376808021,571,0,259.44444444444446,38,7,12,39.32804232804234,0.5904605263157894,47.59615384615385,1009.6153846153843,26.568825910931167,8
575,4,4,2,44,0.08695652173913043,0.043478260869565216,0.9565217391304348,46,1050,800,250,0.7619047619047619,13,8,5,319.3556760581625,0.8612117552334944,0.2234911592411457,0.17109850459010162,127828.3203125,-1035.4600694444441,126792.86024305556,572,0,254.47826086956522,39,7,15,39.113789314654575,0.5929487179487181,47.1875,1011.25,25.92948717948718,0
576,4,3,2,45,0.06382978723404255,0.0425531914893617,0.9574468085106383,47,1150,600,550,0.5217391304347826,17,6,11,297.585285215919,0.8686401480111008,0.1665289474862519,0.16118945967084022,128267.19867345711,-1765.5231947824677,126501.67547867465,573,0,250.0,42,5,18,39.217643964032895,0.5927579365079365,46.75387596899225,1012.9844961240309,24.118678479143593,3
577,4,0,1,44,0.0,0.022222222222222223,0.9777777777777777,45,1150,700,450,0.6086956521739131,16,7,9,307.50001490713845,0.8553451178451179,0.17884829831839144,0.16615673256695912,128170.25662634675,-1117.5288353493263,127052.72779099742,574,1,262.0888888888889,40,5,18,39.065218118560175,0.5947916666666666,46.84959349593496,1012.6016260162601,25.3150406504065,0
578,4,2,1,45,0.043478260869565216,0.021739130434782608,0.9782608695652174,46,1250,1000,250,0.8,15,10,5,307.2129936108944,0.8635466988727859,0.19411124586732287,0.16784476080996028,128610.97965867427,-1297.8071855657747,127313.1724731085,575,0,257.2826086956522,42,4,16,38.624259648452444,0.5962301587301587,46.41472868217054,1014.3410852713172,24.150978220745646,0
579,4,0,2,43,0.0,0.044444444444444446,0.9555555555555556,45,1200,900,300,0.75,15,9,6,311.91677033598944,0.8575757575757577,0.19349116285136603,0.17013944644474305,128546.63190507684,-980.8299477198326,127565.801957357,576,1,264.0,41,4,16,38.57040370442835,0.5970528455284553,46.4781746031746,1014.0873015873016,24.733836624080524,0
580,4,1,1,43,0.022727272727272728,0.022727272727272728,0.9772727272727273,44,1250,900,350,0.72,16,9,7,317.4718751766635,0.8493217054263567,0.19380041011620008,0.17276497298893725,128453.40617563963,-643.9312537180097,127809.47492192162,577,0,270.84090909090907,40,4,16,38.52443609022558,0.59765625,46.57012195121952,1013.7195121951229,25.34298780487807,0
581,4,3,4,42,0.06521739130434782,0.08695652173913043,0.9130434782608696,46,1350,1200,150,0.8888888888888888,15,12,3,304.5054921041897,0.8633454106280194,0.1858737139064055,0.16760596414138176,128906.0152635058,-1349.4820773991948,127556.53318610661,578,0,260.0,42,4,16,38.3933683206107,0.5992063492063493,46.12403100775194,1015.5038759689922,24.178663713547433,0
582,4,2,1,43,0.045454545454545456,0.022727272727272728,0.9772727272727273,44,1100,600,500,0.5454545454545454,16,6,10,312.7984947959688,0.8501145172656801,0.21024725567515778,0.17214007487803967,128898.98667800461,-736.1181972788988,128162.86848072571,579,0,271.47727272727275,41,3,17,38.189966783899976,0.600609756097561,46.13095238095239,1015.476190476191,24.76771196283393,0
583,4,2,0,45,0.044444444444444446,0.0,1.0,45,1400,1000,400,0.7142857142857143,18,10,8,304.90702934657463,0.8579966329966331,0.21204533418070137,0.16887406218825604,129152.13647767573,-1124.1211465656997,128028.01533111003,580,0,266.4,42,3,19,38.133539879250094,0.6016865079365079,45.88178294573644,1016.4728682170551,24.20173495754893,0
584,4,0,0,45,0.0,0.0,1.0,45,1150,800,350,0.6956521739130435,15,8,7,305.3538607971448,0.8572811447811448,0.21994146341463416,0.16954913722485013,129251.8237040186,-1106.4819339214375,128145.34177009716,581,1,267.4,41,4,19,38.021138211382116,0.6041666666666666,45.78373015873016,1016.865079365079,24.801587301587293,0
585,4,2,1,46,0.0425531914893617,0.02127659574468085,0.9787234042553191,47,1400,1200,200,0.8571428571428571,16,12,4,295.67314241553487,0.8677150786308973,0.22044104032979095,0.16598435907210318,129683.21352731879,-1731.2313475665605,127951.98217975223,582,0,256.97872340425533,43,4,15,37.8308231064832,0.6056201550387597,45.35984848484849,1018.5606060606073,23.687455954897843,0
586,4,0,2,44,0.0,0.043478260869565216,0.9565217391304348,46,1350,1100,250,0.8148148148148148,16,11,5,304.0545723644496,0.8617753623188406,0.22934358622230122,0.1706309455484638,129669.75509472073,-1314.6636132143653,128355.09148150637,583,1,263.5652173913044,42,4,15,37.63101354136936,0.6068948412698414,45.37306201550387,1018.5077519379835,24.250184569951987,0
587,4,0,2,42,0.0,0.045454545454545456,0.9545454545454546,44,1350,900,450,0.6666666666666666,18,9,9,330.33617277178985,0.8491675475687104,0.2508880579574668,0.178970433437641,128276.40109592008,-322.42875659375375,127953.97233932633,584,2,276.40909090909093,39,5,16,38.3788560411311,0.5974893162393162,46.744791666666664,1013.0208333333328,25.974893162393148,2
588,4,1,0,43,0.023255813953488372,0.0,1.0,43,1350,900,450,0.6666666666666666,18,9,9,340.85837948478564,0.8426541159099298,0.2633402735372232,0.18481189323351774,128306.84222961881,146.8924638395941,128453.7346934584,585,0,283.4186046511628,38,5,18,38.08130338500475,0.5995065789473684,46.7147435897436,1013.1410256410268,26.661605937921756,0
589,4,0,0,43,0.0,0.0,1.0,43,1400,1200,200,0.8571428571428571,16,12,4,341.664525167997,0.8420542635658914,0.26561193898137203,0.1857519398434837,128415.10662073575,174.97728559428583,128590.08390633004,586,1,284.4186046511628,38,5,13,37.95039703453849,0.6006030701754386,46.60790598290599,1013.5683760683771,26.6728520017994,0
590,4,1,1,43,0.022727272727272728,0.022727272727272728,0.9772727272727273,44,950,700,250,0.7368421052631579,12,7,5,337.62493547368086,0.8478902396053559,0.2675553613053616,0.18480522783822553,128685.30636525892,-110.52634840370933,128574.7800168552,587,0,278.9318181818182,40,4,14,37.777318709935905,0.5999999999999999,46.341463414634156,1014.6341463414645,25.365853658536615,0
591,4,2,2,43,0.044444444444444446,0.044444444444444446,0.9555555555555556,45,1050,700,350,0.6666666666666666,14,7,7,330.28825871267645,0.8512626262626263,0.25940316964430976,0.1825765048026956,129075.34490937598,-473.5858174288034,128601.75909194718,588,0,273.64444444444445,41,4,16,37.56661053076898,0.6023882113821137,45.95734126984128,1016.1706349206364,24.784649632210645,0
592,4,0,1,42,0.0,0.023255813953488372,0.9767441860465116,43,1000,600,400,0.6,14,6,8,345.9557555675703,0.8442229605020303,0.2744119233173772,0.1900611495919699,128830.99500868078,313.96484375002285,129144.95985243081,589,1,287.2325581395349,39,4,16,37.417487516245984,0.6030982905982905,46.19791666666668,1015.2083333333352,26.030982905982953,0
593,4,1,1,42,0.023255813953488372,0.023255813953488372,0.9767441860465116,43,1000,700,300,0.7,13,7,6,322.035683298227,0.845422665190107,0.16455322913594794,0.17036240281814147,127317.18794288534,-399.86447704083326,126917.32346584451,590,0,284.95348837209303,41,2,16,39.56828123464072,0.5846036585365855,47.69345238095237,1009.2261904761893,24.615272938443642,8
594,4,2,0,44,0.045454545454545456,0.0,1.0,44,1300,700,600,0.5384615384615384,19,7,12,307.5311995260689,0.8492115926708951,0.1140393294648614,0.16059962641916925,126792.09183673457,-984.9755527211013,125807.11628401348,591,0,279.3636363636364,41,3,18,40.47108944050432,0.5792682926829269,48.21428571428571,1007.1428571428562,24.564459930313564,4
595,4,5,3,46,0.10204081632653061,0.061224489795918366,0.9387755102040817,49,1300,1000,300,0.7692307692307693,16,10,6,292.7965967762041,0.875389739229025,0.10975858444838305,0.15422201311977385,127140.87194279183,-2210.0706765715236,124930.8012662203,592,0,251.75510204081633,42,7,16,40.485884255700725,0.5813492063492064,47.86821705426356,1008.5271317829452,24.01255075673679,6
596,4,0,0,46,0.0,0.0,1.0,46,1450,1100,350,0.7586206896551724,18,11,7,312.06658739595713,0.8619766505636071,0.10815592203898006,0.162768543785661,126742.13927469132,-1289.6026234567962,125452.53665123452,593,1,269.17391304347825,41,5,17,40.408045977011504,0.578760162601626,48.263888888888886,1006.9444444444441,24.559620596205953,0
597,4,3,3,46,0.061224489795918366,0.061224489795918366,0.9387755102040817,49,1000,700,300,0.7,13,7,6,295.47569513196237,0.8746811224489797,0.11968397792594243,0.1563644468081656,127330.84126061756,-2274.883980269869,125055.95728034769,594,0,253.6326530612245,43,6,10,40.22447926440229,0.5818798449612403,47.67992424242424,1009.2803030303032,23.4716349541931,0
598,4,1,1,46,0.02127659574468085,0.02127659574468085,0.9787234042553191,47,1250,700,550,0.56,18,7,11,303.86512120165145,0.8690255935861856,0.11052304623960918,0.16043831855738297,127238.61621897711,-1667.324492218025,125571.29172675908,595,0,265.27659574468083,42,5,19,40.10696792162889,0.5823412698412699,47.77131782945736,1008.9147286821697,24.02177925433737,0
599,4,2,1,47,0.041666666666666664,0.020833333333333332,0.9791666666666666,48,1500,1300,200,0.8666666666666667,17,13,4,302.1362525241787,0.8711953309692672,0.11997422680412351,0.16102866205959002,127617.73003472242,-1888.411458333313,125729.31857638911,596,0,260.7083333333333,43,5,12,39.763745704467354,0.5847868217054264,47.39583333333334,1010.4166666666683,23.498062015503915,0
600,4,3,2,48,0.06,0.04,0.96,50,1000,500,500,0.5,15,5,10,297.914373852032,0.8788945578231292,0.15897652016857244,0.16118429152059452,128221.71512492563,-2354.7562576426076,125866.95886728301,597,0,251.22,40,10,15,39.25555221085021,0.5953125000000001,46.798780487804876,1012.8048780487804,25.320121951219512,0
601,4,3,4,47,0.058823529411764705,0.0784313725490196,0.9215686274509804,51,1050,600,450,0.5714285714285714,15,6,9,292.76913078404556,0.8804901960784315,0.16259988945410897,0.1596575796589389,128537.27357317768,-2673.650828525939,125863.62274465174,598,0,247.0392156862745,42,9,14,39.06533683707595,0.5954861111111112,46.48740310077519,1014.0503875968991,24.144056847545215,0
602,4,0,0,47,0.0,0.0,1.0,47,1050,900,150,0.8571428571428571,12,9,3,316.69311644514966,0.8708757323465925,0.1620017980221755,0.16851871399704443,127553.56021548036,-1309.431012121231,126244.12920335913,599,1,266.2340425531915,40,7,14,39.461561032863855,0.5885416666666665,47.45934959349594,1010.1626016260176,25.25406504065044,4
603,4,6,2,51,0.11320754716981132,0.03773584905660377,0.9622641509433962,53,1400,900,500,0.6428571428571429,19,9,10,294.9238043078302,0.8878507498790518,0.23228481613365703,0.1624108886983985,128925.26845725691,-2994.0080132458183,125931.26044401109,600,0,236.9811320754717,45,8,16,38.61710667142346,0.5953703703703703,46.10507246376812,1015.5797101449278,22.568438003220617,0
604,4,0,1,50,0.0,0.0196078431372549,0.9803921568627451,51,1350,800,550,0.5925925925925926,19,8,11,307.2905831497146,0.8791503267973857,0.24230188251387053,0.16896254525801252,128864.64520919438,-2280.2216052571057,126584.42360393728,601,1,247.2156862745098,43,8,17,38.364655226015046,0.5973837209302325,46.164772727272734,1015.3409090909105,23.612579281183965,0
605,4,0,0,50,0.0,0.0,1.0,50,950,500,450,0.5263157894736842,14,5,9,307.6855226544119,0.8768537414965986,0.24175307720999628,0.1693849869068746,128912.72454660253,-2067.0841942148604,126845.64035238768,602,2,252.38,43,7,18,38.30582494094242,0.5978682170542635,46.11742424242425,1015.5303030303043,23.616983791402426,0
606,4,1,2,49,0.0196078431372549,0.0392156862745098,0.9607843137254902,51,1050,800,250,0.7619047619047619,13,8,5,304.74337967659926,0.8794771241830066,0.24793016413999336,0.1686922883867892,129130.79668209878,-2329.648919753084,126801.14776234569,603,0,248.41176470588235,44,7,18,38.15933315113419,0.5987215909090909,45.90277777777778,1016.3888888888889,23.099747474747474,0
607,4,1,0,50,0.02,0.0,1.0,50,1900,1300,600,0.6842105263157895,25,13,12,307.79838109093646,0.8783503401360544,0.2499256718124645,0.17090138683430076,129250.65068956178,-2043.352502437101,127207.29818712467,604,0,254.1,42,8,20,37.96018359697604,0.6026785714285714,45.784883720930225,1016.8604651162779,24.21096345514947,0
608,4,0,0,50,0.0,0.0,1.0,50,1900,1500,400,0.7894736842105263,23,15,8,312.64753189716714,0.8764455782312925,0.25335808816528593,0.1745740046526289,129472.44498715535,-1904.1519252148187,127568.29306194054,605,1,255.1,42,8,15,37.61207115427339,0.6049107142857142,45.566860465116285,1017.732558139536,24.231727574750856,0
609,4,0,2,48,0.0,0.04,0.96,50,1450,800,650,0.5517241379310345,21,8,13,311.68340423374605,0.8769047619047619,0.24884110371075163,0.17480216534133788,129645.08311549788,-1918.3558304789342,127726.72728501895,606,2,256.1,42,8,15,37.46174278464956,0.6066468253968254,45.39728682170543,1018.4108527131784,24.247877445551868,0
610,4,2,1,49,0.04,0.02,0.98,50,1200,900,300,0.75,15,9,6,309.75864743419106,0.8794047619047619,0.25804216587721784,0.17507461191201745,129948.59931882737,-1949.459527806484,127999.13979102089,607,0,255.78,43,7,18,37.20366629516114,0.6082848837209303,45.09943181818181,1019.6022727272718,23.711680761099345,0
611,4,2,1,50,0.0392156862745098,0.0196078431372549,0.9803921568627451,51,800,600,200,0.75,10,6,4,309.55727295008904,0.8833006535947713,0.2774008406409354,0.17669759865908785,130333.48765432084,-2130.864197530882,128202.62345678995,608,0,250.80392156862746,44,7,20,36.81991294885744,0.6107954545454547,44.722222222222214,1021.11111111111,23.20707070707068,0
612,4,3,3,50,0.05660377358490566,0.05660377358490566,0.9433962264150944,53,1150,700,450,0.6086956521739131,16,7,9,300.1306402612885,0.8838594581519109,0.2780348569979805,0.17301383985077243,130715.47681360319,-2753.65605037475,127961.82076322845,609,0,242.28301886792454,46,7,14,36.67551654385204,0.6120923913043479,44.34840425531914,1022.6063829787214,22.230573543015684,0
613,4,1,1,50,0.0196078431372549,0.0196078431372549,0.9803921568627451,51,1200,900,300,0.75,15,9,6,309.3922063821129,0.881732026143791,0.2750215910181373,0.17724992758152788,130475.34722222194,-2126.388888888913,128348.95833333302,610,0,252.76470588235293,44,7,20,36.680940728656864,0.6122159090909092,44.58333333333332,1021.6666666666644,23.219696969696916,0
614,4,0,0,50,0.0,0.0,1.0,50,1200,800,400,0.6666666666666666,16,8,8,311.38811344203526,0.8766836734693877,0.2690701468189238,0.1783933771401563,130475.34722222197,-1874.3055555555788,128601.0416666664,611,3,258.82,44,6,20,36.62996193583468,0.6122159090909093,44.58333333333332,1021.6666666666646,23.219696969696923,0
615,4,0,0,50,0.0,0.0,1.0,50,1200,700,500,0.5833333333333334,17,7,10,309.94801932886907,0.8763775510204082,0.2696420480289998,0.17767669575553569,130498.9979852534,-1910.4188100137499,128588.57917523965,612,4,259.82,44,6,14,36.6428787192267,0.6124526515151517,44.56018518518517,1021.7592592592563,23.22180134680128,0
616,4,0,0,50,0.0,0.0,1.0,50,1200,800,400,0.6666666666666666,16,8,8,309.4655525619444,0.8767687074829932,0.2680173897291911,0.1780515459008039,130640.94757373104,-1914.2253943758687,128726.72217935517,613,5,260.82,44,6,14,36.51201581982307,0.6138731060606062,44.42129629629629,1022.3148148148141,23.234427609427595,0
617,4,1,3,48,0.0196078431372549,0.058823529411764705,0.9411764705882353,51,1100,500,600,0.45454545454545453,17,5,12,308.6812270894433,0.8786928104575165,0.27366988923191227,0.17895275448351033,130933.8335318866,-2116.636719570478,128817.19681231612,614,0,256.6862745098039,45,6,14,36.236890432781664,0.6155092592592593,44.13496376811594,1023.4601449275356,22.743558776167458,0
618,4,0,0,48,0.0,0.0,1.0,48,1100,500,600,0.45454545454545453,17,5,12,325.0247927046614,0.8673906619385343,0.2754287181918773,0.18637229141221595,130509.99907044333,-1116.20292124873,129393.7961491946,615,7,273.4375,42,6,14,36.246641378220346,0.6153273809523809,44.54941860465116,1021.8023255813941,24.328626799557004,0
619,4,0,0,48,0.0,0.0,1.0,48,1200,1000,200,0.8333333333333334,14,10,4,322.3757145225848,0.8670766843971631,0.27063977373277703,0.18520800853944572,130584.26852352619,-1180.5606258638359,129403.70789766236,616,8,274.4375,42,6,14,36.23929496903046,0.6160714285714286,44.47674418604651,1022.0930232558137,24.33554817275747,0
620,4,0,2,46,0.0,0.041666666666666664,0.9583333333333334,48,1800,1500,300,0.8333333333333334,21,15,6,319.9658886018864,0.8660054669030732,0.26834830524171127,0.184364549899849,130697.96419450188,-1236.2219496097298,129461.74224489216,617,9,275.4375,43,5,14,36.186099277644004,0.615794573643411,44.365530303030305,1022.5378787878792,23.77995066948556,0
621,4,0,0,46,0.0,0.0,1.0,46,850,500,350,0.5882352941176471,12,5,7,334.7594294868067,0.860889694041868,0.24377956835317005,0.19235095867268967,130589.9824334321,-404.1330124809002,130185.8494209512,618,10,284.7826086956522,38,8,16,35.91708477056548,0.622532894736842,44.471153846153854,1022.1153846153859,26.89777327935226,5
622,4,2,1,47,0.041666666666666664,0.020833333333333332,0.9791666666666666,48,450,200,250,0.4444444444444444,7,2,5,323.0635682292114,0.868074024822695,0.2488212229501685,0.18768987233800896,131015.81090124925,-1134.71292715976,129881.09797408948,619,0,273.875,40,8,18,35.78622361193831,0.6234375,44.05487804878049,1023.780487804878,25.59451219512195,0
623,4,0,0,47,0.0,0.0,1.0,47,750,500,250,0.6666666666666666,10,5,5,322.45505811253315,0.8651711378353376,0.25478702288142063,0.18758990563174835,131067.83743142299,-947.3025728732989,130120.53485854968,620,1,279.6595744680851,40,7,18,35.74934663226149,0.6239583333333334,44.0040650406504,1023.9837398373975,25.599593495934936,0
624,4,0,1,46,0.0,0.02127659574468085,0.9787234042553191,47,1150,800,350,0.6956521739130435,15,8,7,322.13285777273893,0.8647856922602528,0.2483535967578523,0.18791083370076406,131171.92147531212,-949.0428151232961,130222.87866018883,621,2,280.6595744680851,40,7,18,35.6526951058201,0.6250000000000002,43.90243902439023,1024.3902439024373,25.609756097560933,0
625,4,0,0,46,0.0,0.0,1.0,46,1200,800,400,0.6666666666666666,16,8,8,329.7847521186995,0.8638083735909823,0.2530758153752872,0.19239307064280697,131175.63952664373,-548.0548469388027,130627.58467970493,622,3,287.2173913043478,41,5,19,35.452982761960094,0.6234756097560976,43.89880952380951,1024.4047619047599,24.98548199767707,0
626,4,1,1,46,0.02127659574468085,0.02127659574468085,0.9787234042553191,47,950,500,450,0.5263157894736842,14,5,9,323.4060096684467,0.8688714153561516,0.24933774275735288,0.18968138520554007,131380.21349725686,-901.9927264977075,130478.22077075916,623,0,282.0851063829787,40,7,19,35.4102646708961,0.6270833333333334,43.699186991869915,1025.2032520325197,25.630081300812993,0
627,4,1,0,47,0.02127659574468085,0.0,1.0,47,1050,600,450,0.5714285714285714,15,6,9,324.6682247461288,0.8628970089423372,0.26244929626162716,0.19094124266538068,131484.42147531235,-862.2372595677105,130622.18421574464,624,0,283.06382978723406,40,7,20,35.272988505747136,0.628125,43.59756097560976,1025.6097560975613,25.640243902439032,0
628,4,0,1,46,0.0,0.02127659574468085,0.9787234042553191,47,850,700,150,0.8235294117647058,10,7,3,324.6682247461288,0.8628970089423372,0.26244929626162716,0.19094124266538068,131484.42147531235,-862.2372595677105,130622.18421574464,625,1,284.06382978723406,40,7,20,35.272988505747136,0.628125,43.59756097560976,1025.6097560975613,25.640243902439032,0
629,4,0,0,46,0.0,0.0,1.0,46,1150,1000,150,0.8695652173913043,13,10,3,331.5892696272246,0.8616747181964574,0.26416256973616226,0.1946233262337967,131408.21533203122,-485.2891710069454,130922.92616102427,626,2,288.45652173913044,39,7,20,35.172309424633426,0.6290064102564104,43.671875,1025.3124999999998,26.290064102564095,0
630,4,0,1,45,0.0,0.021739130434782608,0.9782608695652174,46,1150,1000,150,0.8695652173913043,13,10,3,332.93860835845356,0.8616545893719807,0.2621171638660096,0.1956883939874017,131461.62245008693,-446.2700737847139,131015.35237630221,627,3,289.45652173913044,39,7,21,35.0839046893516,0.6295405982905983,43.61979166666667,1025.5208333333344,26.29540598290601,0
631,4,0,0,45,0.0,0.0,1.0,45,1150,800,350,0.6956521739130435,15,8,7,335.9107876574487,0.8569865319865321,0.2662694382377502,0.19757333424583268,131488.33007812497,-166.33029513888926,131321.9997829861,628,4,295.73333333333335,39,6,21,34.980787460220746,0.6298076923076923,43.59375,1025.6249999999998,26.298076923076916,0
632,4,0,1,44,0.0,0.022222222222222223,0.9777777777777777,45,1350,1000,350,0.7407407407407407,17,10,7,336.5468690298878,0.8570707070707071,0.26619731022655446,0.19822449558650337,131541.7534722223,-146.006944444434,131395.74652777787,629,5,296.73333333333335,39,6,21,34.91064175467099,0.6303418803418803,43.54166666666667,1025.8333333333342,26.303418803418825,0
633,4,0,0,44,0.0,0.0,1.0,44,1300,900,400,0.6923076923076923,17,9,8,335.33904338775136,0.8565010570824525,0.25117900117900094,0.19843349017338477,131719.04047070208,34.10740547955453,131753.14787618164,630,6,291.3636363636364,40,4,16,34.76305976305976,0.6304687499999999,43.368902439024396,1026.5243902439033,25.663109756097583,0
634,4,0,0,44,0.0,0.0,1.0,44,1400,1100,300,0.7857142857142857,17,11,6,332.8063120669565,0.8561266737138831,0.24038375042728877,0.19761108047877002,131849.4747256925,-23.93251371536732,131825.54221197712,631,7,292.3636363636364,40,4,16,34.69679728214262,0.6317708333333333,43.241869918699194,1027.0325203252044,25.67581300813011,0
635,4,0,1,43,0.0,0.022727272727272728,0.9772727272727273,44,1350,1000,350,0.7407407407407407,17,10,7,333.69045783475826,0.8553558844256519,0.23752483793528145,0.1988181625908807,131979.97352972787,8.0915584308472,131988.0650881587,632,8,293.3636363636364,40,4,17,34.54282464642468,0.6330729166666667,43.11483739837399,1027.5406504065056,25.68851626016264,0
636,4,0,0,43,0.0,0.0,1.0,43,1150,900,250,0.782608695652174,14,9,5,339.18778597806136,0.8501291989664083,0.23865686531155172,0.20161125723506101,131889.27001953125,347.0458984375002,132236.31591796875,633,9,300.8837209302326,39,4,17,34.4928886522665,0.6338141025641025,43.203125,1027.1875,26.338141025641026,0
637,4,0,0,43,0.0,0.0,1.0,43,800,500,300,0.625,11,5,6,337.73681756526395,0.8502676264304171,0.2348502355765374,0.2008902590367091,131916.0210503474,310.57942708335236,132226.60047743074,634,10,301.8837209302326,39,4,17,34.503227878050424,0.6340811965811965,43.17708333333334,1027.291666666668,26.340811965812,0
638,4,2,0,45,0.044444444444444446,0.0,1.0,45,1350,800,550,0.5925925925925926,19,8,11,326.20124648035,0.8529040404040404,0.2391764945317434,0.1963833737516351,132372.47973552856,-363.9864221151337,132008.49331341343,635,0,289.4222222222222,41,4,19,34.34105771393682,0.6354166666666665,42.733134920634924,1029.0674603174612,25.09920634920637,0
639,4,0,0,45,0.0,0.0,1.0,45,950,700,250,0.7368421052631579,12,7,5,321.3529122577384,0.8531565656565657,0.23390065033900687,0.19401984100974726,132480.48159105846,-485.3949032563452,131995.0866878021,636,1,290.4222222222222,38,7,20,34.35748754669987,0.6414473684210527,42.628205128205124,1029.487179487179,27.09176788124155,0
640,4,0,0,45,0.0,0.0,1.0,45,750,500,250,0.6666666666666666,10,5,5,319.5612201496894,0.8532828282828283,0.23125140518908238,0.19306498166011807,132505.2300347223,-531.293402777768,131973.93663194453,637,2,291.4222222222222,39,6,20,34.37879401052206,0.6399572649572649,42.60416666666667,1029.5833333333342,26.399572649572672,0
641,4,0,0,45,0.0,0.0,1.0,45,750,200,550,0.26666666666666666,13,2,11,319.8542118327207,0.8514309764309764,0.23146350233728885,0.1937940224633545,132612.50000000012,-516.6666666666515,132095.83333333346,638,3,292.4222222222222,39,6,21,34.26375404530746,0.641025641025641,42.50000000000001,1030.000000000001,26.410256410256434,0
642,4,0,0,45,0.0,0.0,1.0,45,1050,800,250,0.7619047619047619,13,8,5,320.33957031124146,0.8515572390572391,0.22700274071078752,0.19464367503186755,132719.81336805574,-496.9184027777568,132222.89496527798,639,4,293.4222222222222,39,6,13,34.14375252729477,0.642094017094017,42.39583333333334,1030.4166666666683,26.420940170940213,0
643,4,0,0,45,0.0,0.0,1.0,45,1300,1000,300,0.7692307692307693,16,10,6,321.43213698355197,0.8509680134680135,0.2286452192465327,0.19572744587398455,132800.32687717024,-462.74142795138357,132337.58544921887,640,5,294.4222222222222,39,6,13,34.03497136600976,0.6428952991452992,42.317708333333336,1030.7291666666674,26.42895299145301,0
644,4,0,1,44,0.0,0.022222222222222223,0.9777777777777777,45,700,500,200,0.7142857142857143,9,5,4,320.59331045098446,0.8507154882154883,0.2274044884532911,0.1954967340439552,132854.01611328128,-481.57823350694343,132372.43787977434,641,6,295.4222222222222,39,6,13,34.00283335017345,0.6434294871794872,42.265625,1030.9375000000002,26.43429487179488,0
645,4,0,2,42,0.0,0.045454545454545456,0.9545454545454546,44,1200,900,300,0.75,15,9,6,322.7344101208573,0.8481985553206484,0.23585542323548636,0.19736833814741228,132961.42713758667,-217.75444878473076,132743.67268880195,642,7,300.29545454545456,39,5,14,33.840121368211975,0.6444978632478633,42.16145833333333,1031.3541666666656,26.444978632478605,0
646,4,0,0,42,0.0,0.0,1.0,42,1250,800,450,0.64,17,8,9,337.9094612947034,0.8430120015485869,0.2488145896656535,0.20572208135817427,132793.26331178818,574.4200138504059,133367.6833256386,643,19,315.26190476190476,37,5,16,33.61746453900709,0.6463963963963963,42.32456140350877,1030.7017543859645,27.856804172593634,0
647,4,0,0,42,0.0,0.0,1.0,42,1250,900,350,0.72,16,9,7,337.70960527061237,0.8426490514905149,0.24775733078041373,0.20575554109844627,132821.51870046547,571.0205303554869,133392.53923082096,644,20,316.26190476190476,37,5,16,33.59427631812218,0.646677927927928,42.297149122807014,1030.8114035087715,27.85976766239923,0
648,4,0,0,42,0.0,0.0,1.0,42,1000,600,400,0.6,14,6,8,336.9797075427989,0.841584397986837,0.24641983932937483,0.2062438587413863,132991.11415291234,563.0613506078702,133554.1755035202,645,21,317.26190476190476,37,5,18,33.4430698770419,0.6483671171171171,42.132675438596486,1031.4692982456133,27.877548601232792,0
649,4,0,0,42,0.0,0.0,1.0,42,900,700,200,0.7777777777777778,11,7,4,337.51348316602315,0.840664924506388,0.24508047826504997,0.2071976118770674,133104.23790252756,584.8949917282075,133689.13289425577,646,22,318.26190476190476,37,5,18,33.31595561931074,0.6494932432432433,42.023026315789465,1031.907894736841,27.88940256045516,0
650,4,0,0,42,0.0,0.0,1.0,42,1100,900,200,0.8181818181818182,13,9,4,338.9135562668983,0.8398180410375532,0.24488000354887873,0.20841781458271824,133168.79799702315,626.5421825918622,133795.340179615,647,23,319.26190476190476,38,4,19,33.21516061139289,0.6483004385964912,41.960470085470085,1032.1581196581196,27.162055780476834,0
651,4,0,0,42,0.0,0.0,1.0,42,1000,700,300,0.7,13,7,6,338.75581067849527,0.8399874177313201,0.24155149803288567,0.20896616995992082,133283.92062717033,630.1405164930754,133914.0611436634,648,24,320.26190476190476,39,3,19,33.10394179360435,0.6477029914529915,41.84895833333334,1032.6041666666683,26.477029914529957,0
652,4,0,1,41,0.0,0.023809523809523808,0.9761904761904762,42,850,600,250,0.7058823529411765,11,6,5,341.81649608803446,0.8382210607820364,0.24358325720844132,0.21147685226627358,133393.47367844885,719.217954755782,134112.69163320464,649,25,321.26190476190476,40,2,19,32.91523200524675,0.6471354166666666,41.742886178861795,1033.0284552845542,25.825711382113855,0
653,4,1,2,40,0.023809523809523808,0.047619047619047616,0.9523809523809523,42,650,400,250,0.6153846153846154,9,4,5,341.4945437862318,0.8396486643437863,0.24601040723568013,0.21143425558797982,133420.97052941556,712.5066924918144,134133.47722190738,650,0,321.07142857142856,41,1,19,32.89602138147364,0.6458333333333333,41.71626984126984,1033.1349206349212,25.19841269841271,0
654,4,0,0,40,0.0,0.0,1.0,40,1000,700,300,0.7,13,7,6,347.6299239833354,0.8320779914529914,0.2543726043978214,0.21459545867813135,133310.812717014,1268.565538194456,134579.37825520846,651,27,335.975,39,1,20,32.847908681326075,0.6479700854700854,41.82291666666667,1032.7083333333342,26.479700854700877,0
655,4,0,0,40,0.0,0.0,1.0,40,850,600,250,0.7058823529411765,11,6,5,345.5228317677942,0.8298611111111112,0.2503732156478147,0.21439236153705551,133501.31539901393,1225.8434770285535,134727.1588760425,652,28,336.975,36,4,21,32.71153427045875,0.6553819444444444,41.638513513513516,1033.4459459459465,28.70683183183185,0
656,4,0,0,40,0.0,0.0,1.0,40,1350,1000,350,0.7407407407407407,17,10,7,344.98448827436494,0.8293536324786325,0.24961881942931785,0.214901463455578,133646.82883897412,1221.2165713010265,134868.04541027514,653,29,337.975,36,4,21,32.57982102664633,0.6568287037037037,41.497747747747745,1034.009009009009,28.722472472472475,0
657,4,0,0,40,0.0,0.0,1.0,40,1400,1200,200,0.8571428571428571,16,12,4,346.30638757127184,0.8294337606837607,0.2495291235710395,0.21623549760993435,133734.17494775192,1262.5998041960968,134996.77475194802,654,30,338.975,36,4,12,32.4582652876066,0.6576967592592593,41.41328828828829,1034.3468468468477,28.73185685685688,0
658,4,0,0,40,0.0,0.0,1.0,40,1100,700,400,0.6363636363636364,15,7,8,348.32557979826186,0.8280715811965812,0.25099020674646333,0.21835689483942886,133879.81520371724,1326.7528508237954,135206.56805454104,655,31,339.975,36,4,12,32.2603826623141,0.6591435185185186,41.27252252252252,1034.90990990991,28.747497497497502,0
659,4,0,1,39,0.0,0.025,0.975,40,1000,600,400,0.6,14,6,8,346.2293767358846,0.8280448717948717,0.24741979336595943,0.21790411492720477,134025.53471968605,1280.7154705381233,135306.25019022418,656,32,340.975,36,4,12,32.168977705274614,0.6605902777777777,41.131756756756765,1035.4729729729743,28.763138138138174,0
660,4,0,0,39,0.0,0.0,1.0,39,950,800,150,0.8421052631578947,11,8,3,351.9911663315142,0.8234367971210077,0.2525423728813567,0.22093062567616295,133925.8233302553,1628.1413511849637,135553.96468144027,657,33,349.7692307692308,37,2,12,32.1195268361582,0.6576576576576577,41.22807017543859,1035.0877192982443,27.975343764817413,0
661,4,0,0,39,0.0,0.0,1.0,39,750,400,350,0.5333333333333333,11,4,7,350.31112226680017,0.8231556455240666,0.24763968425940308,0.2203856047678476,134010.9592013888,1589.1059027777683,135600.06510416657,658,34,350.7692307692308,37,2,13,32.077883970489594,0.6585022522522523,41.14583333333333,1035.4166666666658,27.98423423423421,0
662,4,0,0,39,0.0,0.0,1.0,39,750,700,50,0.9333333333333333,8,7,1,348.50104572991074,0.8236054880791723,0.24499192355200905,0.2195858823828556,134067.73147747378,1544.54892370729,135612.28040118105,659,35,351.7692307692308,37,2,13,32.06800335274397,0.6590653153153154,41.09100877192982,1035.63596491228,27.990161213845408,0
663,4,0,0,39,0.0,0.0,1.0,39,1000,700,300,0.7,13,7,6,352.2378432854623,0.821693657219973,0.25229683896350563,0.2228010454516478,134209.71476800548,1654.748095567858,135864.46286357334,660,36,352.7692307692308,37,2,15,31.82936507936508,0.660472972972973,40.95394736842105,1036.1842105263152,28.004978662873384,0
664,4,0,0,39,0.0,0.0,1.0,39,1100,900,200,0.8181818181818182,13,9,4,352.2378432854623,0.821693657219973,0.25229683896350563,0.2228010454516478,134209.71476800548,1654.748095567858,135864.46286357334,661,37,353.7692307692308,37,2,15,31.82936507936508,0.660472972972973,40.95394736842105,1036.1842105263152,28.004978662873384,0
665,4,1,0,40,0.025,0.0,1.0,40,750,500,250,0.6666666666666666,10,5,5,346.65868120850024,0.8273771367521368,0.2500695231228751,0.2209920640744144,134495.3649485902,1324.7971683468563,135820.16211693705,662,0,345.9,38,2,16,31.688811068767812,0.6614583333333333,40.67841880341881,1037.2863247863256,27.29700854700857,0
666,4,0,1,39,0.0,0.025,0.975,40,900,700,200,0.7777777777777778,11,7,4,346.3145959923251,0.8273504273504273,0.2471730175077238,0.22094052083347435,134523.07167251082,1317.4606435824426,135840.53231609327,663,1,346.9,38,2,16,31.670099553724675,0.6617324561403508,40.651709401709404,1037.3931623931628,27.299820062977968,0
667,4,0,0,39,0.0,0.0,1.0,39,1000,700,300,0.7,13,7,6,358.78180514116906,0.8251237067026541,0.2608938441478874,0.2285331376990116,134465.4740521124,1848.753101915997,136314.2271540284,664,2,355.79487179487177,37,2,17,31.404284279522148,0.6630067567567566,40.707236842105274,1037.1710526315806,28.0316500711238,0
668,4,0,0,39,0.0,0.0,1.0,39,950,600,350,0.631578947368421,13,6,7,359.7999438946151,0.8245614035087719,0.260861928512808,0.22991895282684616,134582.56927924382,1884.6683815442293,136467.23766078806,665,3,356.79487179487177,33,6,20,31.260949372071963,0.6726641414141413,40.59436274509805,1037.62254901961,31.44310754604879,0
669,4,0,0,39,0.0,0.0,1.0,39,950,500,450,0.5263157894736842,14,5,9,357.0235565188116,0.8235492577597842,0.2542048929663612,0.22891510388559091,134705.2154195011,1818.5870181405858,136523.8024376417,666,4,357.79487179487177,34,5,22,31.210579128440365,0.6715686274509804,40.476190476190474,1038.0952380952378,30.532212885154053,0
670,4,0,0,39,0.0,0.0,1.0,39,1100,800,300,0.7272727272727273,14,8,6,358.28294201154733,0.8228182636077374,0.2549697493517713,0.230113683374427,134767.01388888902,1856.9444444444543,136623.9583333335,667,5,358.79487179487177,34,5,22,31.116238630283558,0.6721813725490196,40.41666666666667,1038.3333333333344,30.53921568627454,0
671,4,0,0,39,0.0,0.0,1.0,39,800,600,200,0.75,10,6,4,358.28294201154733,0.8228182636077374,0.2549697493517713,0.230113683374427,134767.01388888902,1856.9444444444543,136623.9583333335,668,6,359.79487179487177,34,5,22,31.116238630283558,0.6721813725490196,40.41666666666667,1038.3333333333344,30.53921568627454,0
672,4,0,0,39,0.0,0.0,1.0,39,1350,1000,350,0.7407407407407407,17,10,7,355.6313821977879,0.8218623481781376,0.25147533567742064,0.22977841119204223,134983.42013888882,1800.8680555555457,136784.28819444435,669,7,360.79487179487177,34,5,16,30.969326383319967,0.6743259803921569,40.20833333333333,1039.166666666666,30.56372549019606,0
673,4,0,0,39,0.0,0.0,1.0,39,1150,1000,150,0.8695652173913043,13,10,3,359.24029803013434,0.8212438146648673,0.2542084280119552,0.23310585163411524,135138.1023242629,1909.41043083899,137047.5127551019,670,8,361.79487179487177,34,5,17,30.721414395847642,0.675857843137255,40.0595238095238,1039.7619047619037,30.581232492997167,0
674,4,0,0,39,0.0,0.0,1.0,39,700,600,100,0.8571428571428571,8,6,2,360.3897176149567,0.8196693657219973,0.25494287483528644,0.23445457653029608,135230.95415249435,1947.1690759637186,137178.12322845808,671,9,362.79487179487177,34,5,17,30.599032848803944,0.6767769607843137,39.970238095238095,1040.1190476190477,30.591736694677873,0
675,4,0,1,38,0.0,0.02564102564102564,0.9743589743589743,39,1100,800,300,0.7272727272727273,14,8,6,358.88250571330695,0.8186009896536213,0.2503408345455074,0.23413307157929053,135332.43982553124,1913.6890217763732,137246.1288473076,672,10,363.79487179487177,35,4,19,30.537170930663702,0.6755952380952381,39.87268518518517,1040.5092592592569,29.72883597883591,0
676,4,0,0,38,0.0,0.0,1.0,38,1100,700,400,0.6363636363636364,15,7,8,370.6251820656406,0.8101292081555239,0.26334158430749,0.24152822267499116,135292.8730867346,2428.5891439909133,137721.4622307255,673,65,374.10526315789474,34,4,19,30.271150398596316,0.677389705882353,39.91071428571428,1040.357142857142,30.598739495798295,0
677,4,0,0,38,0.0,0.0,1.0,38,1050,600,450,0.5714285714285714,15,6,9,368.6103617045676,0.8086178283546704,0.26055761544758504,0.24125217086412712,135447.73242630382,2385.4875283446668,137833.2199546485,674,66,375.10526315789474,34,4,21,30.169258920402562,0.678921568627451,39.76190476190476,1040.9523809523807,30.616246498599434,0
678,4,0,0,38,0.0,0.0,1.0,38,1150,800,350,0.6956521739130435,15,8,7,369.84167156425247,0.8079658605974396,0.25723774456717985,0.2428960167300359,135571.68367346932,2428.011621315184,137999.6952947845,675,67,376.10526315789474,34,4,22,30.01376505105928,0.6801470588235294,39.64285714285714,1041.4285714285709,30.63025210084032,0
679,4,0,0,38,0.0,0.0,1.0,38,1150,800,350,0.6956521739130435,15,8,7,371.30296511962746,0.8049431009957326,0.25252190325583723,0.24517877392779258,135765.23600908084,2482.0352827387596,138247.2712918196,676,68,377.10526315789474,32,6,22,29.783034488328884,0.6868489583333333,39.45707070707071,1042.1717171717182,32.567866161616195,0
680,4,0,0,38,0.0,0.0,1.0,38,900,500,400,0.5555555555555556,13,5,8,370.97491464981044,0.8045282124229493,0.2541500917992656,0.2454141743067981,135831.03764921974,2477.9815197429225,138309.01916896267,677,69,378.10526315789474,32,6,23,29.72610828488373,0.6874999999999999,39.39393939393941,1042.4242424242448,32.57575757575765,0
681,4,0,0,38,0.0,0.0,1.0,38,1050,800,250,0.7619047619047619,13,8,5,358.9213925718743,0.8039947842579421,0.21660009529804158,0.2259866079761127,134040.9208488727,2022.0307945387606,136062.95164341145,678,70,379.10526315789474,35,3,18,31.825029805148837,0.662797619047619,41.11689814814815,1035.532407407408,29.58664021164023,5
682,4,0,0,38,0.0,0.0,1.0,38,1450,900,550,0.6206896551724138,20,9,11,358.19275636279974,0.8050912754860123,0.20869197121490002,0.22645067478529568,134190.7793209878,2013.2330246913712,136204.01234567916,679,71,380.10526315789474,35,3,19,31.694034852546913,0.6642857142857143,40.97222222222223,1036.1111111111122,29.603174603174637,0
683,4,0,0,38,0.0,0.0,1.0,38,800,500,300,0.625,11,5,6,359.7010182954135,0.8049431009957326,0.21100542599657857,0.22759033334267412,134220.76106235,2055.8688861025407,136276.62994845255,680,72,381.10526315789474,35,3,19,31.624990692132997,0.6645833333333333,40.94328703703704,1036.2268518518522,29.60648148148149,0
684,4,0,0,38,0.0,0.0,1.0,38,1250,1000,250,0.8,15,10,5,364.6657658738925,0.8039355144618303,0.21496565461885098,0.23148910453100302,134340.7215175968,2197.8924200531437,136538.61393764993,681,73,382.10526315789474,35,3,19,31.376414163968583,0.6657738095238095,40.82754629629629,1036.6898148148143,29.61970899470898,0
685,4,0,0,38,0.0,0.0,1.0,38,900,700,200,0.7777777777777778,11,7,4,363.98660460253586,0.8034020862968232,0.21173330044226768,0.2318183343172225,134460.73555651997,2188.3813175154214,136649.1168740354,682,74,383.10526315789474,35,3,19,31.27406260462002,0.6669642857142858,40.71180555555555,1037.152777777777,29.632936507936485,0
686,4,0,0,38,0.0,0.0,1.0,38,750,600,150,0.8,9,6,3,364.237450630245,0.8030464675201517,0.2123378568031149,0.23236016156575684,134520.7626698601,2199.4999303412033,136720.2626002013,683,75,384.10526315789474,35,3,19,31.207580237271756,0.6675595238095239,40.653935185185176,1037.384259259258,29.639550264550227,0
687,4,0,0,38,0.0,0.0,1.0,38,850,400,450,0.47058823529411764,13,4,9,364.0222663091688,0.8027797534376482,0.12922031343084006,0.22163887353760767,132796.4923469386,2107.9652490175413,134904.45759595616,684,76,385.10526315789474,34,4,20,32.94135481635481,0.6525735294117647,42.32142857142856,1030.7142857142844,30.31512605042013,5
688,4,1,1,38,0.02564102564102564,0.02564102564102564,0.9743589743589743,39,850,500,350,0.5882352941176471,12,5,7,355.75649823706453,0.8075236167341431,0.14130258424388953,0.21884993710341835,133181.46482631282,1676.0343113383672,134857.49913765118,685,0,376.20512820512823,36,3,21,32.7678376609208,0.6521990740740742,41.9481981981982,1032.2072072072074,28.67242242242243,0
689,4,0,0,38,0.0,0.0,1.0,38,950,500,450,0.5263157894736842,14,5,9,368.5426125275816,0.8020981507823614,0.16474356705482585,0.22739537959689377,133292.8843557099,2224.8215663580268,135517.70592206792,686,1,385.07894736842104,35,3,21,32.32599193006053,0.6553571428571429,41.84027777777778,1032.638888888889,29.503968253968253,0
690,4,1,1,38,0.02564102564102564,0.02564102564102564,0.9743589743589743,39,1100,600,500,0.5454545454545454,16,6,10,348.2533369165993,0.8083670715249663,0.14597730138713727,0.21158818278797378,132716.91243608482,1443.821524226938,134160.73396031177,687,0,376.1794871794872,36,3,17,33.42759562841529,0.6475694444444444,42.39864864864865,1030.405405405406,28.622372372372393,4
691,4,0,0,38,0.0,0.0,1.0,38,950,500,450,0.5263157894736842,14,5,9,358.8738795606613,0.8025723091512565,0.14536960378474229,0.21757340109604134,132636.3436642662,1919.9438443072765,134556.28750857347,688,3,387.07894736842104,35,3,17,33.235018726591754,0.6488095238095237,42.476851851851855,1030.0925925925933,29.43121693121695,0
692,4,0,0,38,0.0,0.0,1.0,38,650,500,150,0.7692307692307693,8,5,3,366.706035631675,0.8031946420104314,0.13086958026229278,0.21872936478265784,132021.60564280493,2082.623924600273,134104.22956740521,689,4,388.07894736842104,36,2,18,33.65270472642268,0.640625,43.07432432432432,1027.7027027027025,28.54729729729729,7
693,4,0,0,38,0.0,0.0,1.0,38,350,0,350,0.0,7,0,7,365.6629811019595,0.8024241346609767,0.13171733013515352,0.2184405557263537,132079.47812677536,2059.315142845536,134138.7932696209,690,5,389.07894736842104,36,2,19,33.62113825591587,0.6412037037037038,43.01801801801801,1027.9279279279272,28.55355355355353,0
694,4,1,1,38,0.02564102564102564,0.02564102564102564,0.9743589743589743,39,800,500,300,0.625,11,5,6,353.88221409955935,0.8061178587494378,0.12394892556835857,0.2131924558111976,132398.00347222202,1570.6597222221978,133968.6631944442,691,0,380.0769230769231,37,2,19,33.603238866396765,0.642454954954955,42.70833333333332,1029.166666666665,27.815315315315267,0
695,4,0,0,38,0.0,0.0,1.0,38,750,400,350,0.5333333333333333,11,4,7,361.24015819389825,0.8009720246562352,0.13265635352749672,0.21695784648923463,132282.13168827596,1957.1236354597659,134239.25532373574,692,7,391.07894736842104,36,2,21,33.53060572888159,0.6432291666666667,42.82094594594594,1028.716216216215,28.575450450450415,0
696,4,0,0,38,0.0,0.0,1.0,38,1000,700,300,0.7,13,7,6,360.2426757041336,0.8003496917970603,0.12721314119178384,0.21685754746932623,132369.0307706355,1936.994765035302,134306.0255356708,693,8,392.07894736842104,36,2,21,33.46875683957102,0.6440972222222223,42.736486486486484,1029.054054054054,28.584834834834833,0
697,4,0,0,38,0.0,0.0,1.0,38,650,500,150,0.7692307692307693,8,5,3,361.7859816239237,0.7994310099573257,0.1337035565612421,0.21828948237784068,132455.95838659603,1984.141785366443,134440.10017196246,694,9,393.07894736842104,36,2,21,33.341538124931624,0.6449652777777779,42.652027027027025,1029.3918918918916,28.594219219219212,0
698,4,0,0,38,0.0,0.0,1.0,38,1000,800,200,0.8,12,8,4,358.14758936650605,0.7993717401612138,0.13369111680239398,0.21676106583432814,132571.9062601453,1896.0617289586933,134467.96798910399,695,10,394.07894736842104,36,2,21,33.31852560597776,0.6461226851851851,42.539414414414416,1029.8423423423426,28.606731731731738,0
699,4,0,1,37,0.0,0.02631578947368421,0.9736842105263158,38,600,300,300,0.5,9,3,6,356.75618859924157,0.7985715979137031,0.1280356629278112,0.21675425801348336,132716.91243608468,1869.5159686713682,134586.42840475604,696,11,395.07894736842104,36,2,14,33.208561020036434,0.6475694444444444,42.398648648648646,1030.405405405405,28.62237237237236,0
700,4,0,0,37,0.0,0.0,1.0,37,700,400,300,0.5714285714285714,10,4,6,361.90610712834695,0.7975475475475475,0.10810810810810789,0.2074615008914962,130498.9979852535,2045.6768689985963,132544.6748542521,697,12,388.97297297297297,35,2,14,35.31566228666364,0.6273809523809525,44.56018518518517,1021.7592592592571,29.19312169312163,6
701,4,0,0,37,0.0,0.0,1.0,37,850,400,450,0.47058823529411764,13,4,9,360.97680600107464,0.797484984984985,0.10898972366862303,0.20708669396903717,130528.56445312475,2023.5568576388605,132552.1213107636,698,13,389.97297297297297,35,2,14,35.3094206591913,0.6276785714285715,44.531249999999986,1021.8749999999981,29.196428571428516,0
702,4,0,0,37,0.0,0.0,1.0,37,750,500,250,0.6666666666666666,10,5,5,364.4479560491496,0.7964214214214214,0.11449764982373711,0.20955757472826084,130617.28395061713,2120.6404320987476,132737.92438271586,699,14,390.97297297297297,35,2,14,35.13077445652175,0.6285714285714286,44.444444444444436,1022.2222222222209,29.20634920634917,0
703,4,0,0,37,0.0,0.0,1.0,37,900,500,400,0.5555555555555556,13,5,8,364.1655777744303,0.796046046046046,0.11207313267535168,0.20971569192042477,130676.44702717755,2117.572766632364,132794.01979380992,700,15,391.97297297297297,35,2,14,35.078012980152444,0.6291666666666667,44.38657407407407,1022.453703703703,29.212962962962944,0
704,4,1,0,38,0.02631578947368421,0.0,1.0,38,1250,900,350,0.72,16,9,7,358.70149733591626,0.8031650071123756,0.11522165691364661,0.20868027608928263,131068.54056336741,1802.896350742637,132871.43691411003,701,0,382.63157894736844,36,2,15,34.820741229517225,0.6310763888888888,44.00337837837838,1023.9864864864865,28.44406906906907,0
705,4,0,0,38,0.0,0.0,1.0,38,750,600,150,0.8,9,6,3,367.9614868426059,0.8029575628259839,0.13335787019997514,0.21047397047397046,130414.54081632644,1998.019273755268,132412.5600900817,702,1,383.63157894736844,34,4,16,35.24669774669775,0.6286764705882353,44.64285714285714,1021.4285714285706,30.042016806722668,1
706,4,0,0,38,0.0,0.0,1.0,38,850,400,450,0.47058823529411764,13,4,9,364.685072642138,0.8030464675201517,0.12731152204836405,0.20925512456952608,130536.1678004533,1920.9183673469122,132457.0861678002,703,2,384.63157894736844,34,4,15,35.2069742155949,0.6299019607843138,44.52380952380951,1021.9047619047602,30.056022408963535,0
707,4,1,1,38,0.02564102564102564,0.02564102564102564,0.9743589743589743,39,950,700,250,0.7368421052631579,12,7,5,357.51469423139963,0.8110661268556005,0.12303514543840399,0.2065173116089611,130794.81336805536,1552.2135416666417,132347.026909722,704,0,375.7435897435897,35,4,15,35.12813985064493,0.6303571428571428,44.27083333333332,1022.916666666665,29.22619047619043,0
708,4,1,0,39,0.02564102564102564,0.0,1.0,39,600,300,300,0.5,9,3,6,362.1057461890783,0.8114597390913181,0.14360133930512653,0.21029713230744548,131002.08340031285,1687.3214323988223,132689.40483271168,705,0,376.71794871794873,35,4,16,34.80085264744675,0.6324404761904763,44.06828703703703,1023.7268518518513,29.24933862433861,0
709,4,0,0,39,0.0,0.0,1.0,39,650,300,350,0.46153846153846156,10,3,7,362.1057461890783,0.8114597390913181,0.14360133930512653,0.21029713230744548,131002.08340031285,1687.3214323988223,132689.40483271168,706,1,377.71794871794873,35,4,16,34.80085264744675,0.6324404761904763,44.06828703703703,1023.7268518518513,29.24933862433861,0
710,4,1,1,39,0.025,0.025,0.975,40,1300,1200,100,0.9230769230769231,14,12,2,352.1724214012763,0.8124732905982905,0.13382126771394054,0.2064279170647661,131356.983567182,1252.0613941644294,132609.04496134643,707,0,369.25,36,4,16,34.69643707202753,0.6339699074074074,43.721846846846844,1025.1126126126123,28.475350350350343,0
711,4,0,0,39,0.0,0.0,1.0,39,1500,1200,300,0.8,18,12,6,357.2608896820673,0.808535762483131,0.13133208255159445,0.20925280681378242,131328.12500000015,1583.6805555555693,132911.8055555557,708,3,379.71794871794873,35,4,18,34.59518970189701,0.6357142857142857,43.75000000000001,1025.0000000000011,29.285714285714317,0
712,4,0,0,39,0.0,0.0,1.0,39,1500,1200,300,0.8,18,12,6,354.20910502027937,0.8080859199280253,0.14000850746139082,0.20827119307131378,131476.45968632132,1514.031823345355,132990.49150966667,709,4,380.71794871794873,35,4,18,34.523591204905394,0.6372023809523808,43.60532407407408,1025.578703703705,29.302248677248716,0
713,4,1,0,40,0.025,0.0,1.0,40,750,300,450,0.4,12,3,9,350.4847945060859,0.8101228632478632,0.13694758197170742,0.20794214971379313,131819.15181651257,1240.1216672754003,133059.27348378798,710,0,372.175,36,4,15,34.27344920861206,0.638599537037037,43.271396396396405,1026.9144144144154,28.52540040040043,0
714,4,0,0,40,0.0,0.0,1.0,40,700,400,300,0.5714285714285714,10,4,6,351.22084896908115,0.809642094017094,0.13913770419910132,0.20869611488254028,131876.9799148813,1263.5889690366255,133140.5688839179,711,1,373.175,36,4,16,34.196268683989345,0.6391782407407407,43.2150900900901,1027.139639639641,28.531656656656693,0
715,4,0,0,40,0.0,0.0,1.0,40,1300,800,500,0.6153846153846154,18,8,10,353.88458625532746,0.8086805555555555,0.13913543721236055,0.21108174733111895,132021.60564280505,1344.0822579336207,133365.68790073867,712,2,374.175,36,4,17,33.98212068083865,0.640625,43.07432432432433,1027.7027027027034,28.547297297297316,0
716,4,1,0,41,0.024390243902439025,0.0,1.0,41,1000,600,400,0.6,14,6,8,346.19595037471805,0.8135670731707317,0.1440487856866206,0.2080945933610495,132313.3815813521,961.2713767697892,133274.65295812188,713,0,366.0243902439024,37,4,19,33.88608387509325,0.6416103603603602,42.7905701754386,1028.8377192982466,27.806424845898558,0
717,4,0,0,41,0.0,0.0,1.0,41,750,500,250,0.6666666666666666,10,5,5,347.7192878530353,0.8130589430894309,0.14132781225564983,0.20995089348245313,132482.6524146852,1013.3547101031049,133496.0071247883,714,1,367.0243902439024,37,4,19,33.676709447225484,0.6432995495495495,42.62609649122807,1029.495614035087,27.824205784732083,0
718,4,1,1,41,0.023809523809523808,0.023809523809523808,0.9761904761904762,42,850,600,250,0.7058823529411765,11,6,5,347.04056423649837,0.8189121176926055,0.09173833534636233,0.20005268462182682,130714.91021050379,709.7088692554794,131424.61907975926,715,0,359.26190476190476,39,3,16,35.47683015856848,0.6220619658119657,44.34895833333335,1022.6041666666691,26.22061965811972,7
719,4,0,0,41,0.0,0.0,1.0,41,1400,800,600,0.5714285714285714,20,8,12,358.4570219429508,0.8171747967479674,0.08996021196495807,0.20625828280048697,130644.58832137125,1166.0940125283157,131810.68233389957,716,1,368.9024390243902,38,3,16,35.2562092869335,0.6230811403508771,44.417735042735046,1022.3290598290605,26.903396311291065,0
720,4,1,1,41,0.023809523809523808,0.023809523809523808,0.9761904761904762,42,1250,1000,250,0.8,15,10,5,348.8498551708766,0.8248403019744484,0.08569877462385622,0.202069633089546,130901.38888888928,732.9861111111504,131634.37500000044,717,0,361.0952380952381,39,3,16,35.241924538545064,0.6239316239316237,44.166666666666686,1023.3333333333364,26.23931623931632,0
721,4,0,0,41,0.0,0.0,1.0,41,1550,1200,350,0.7741935483870968,19,12,7,356.7750037296784,0.8163617886178862,0.08375027690145354,0.20674820089090085,130917.78897518087,1141.638929980285,132059.42790516117,718,3,370.9024390243902,38,3,16,35.02257542540976,0.6258223684210527,44.15064102564103,1023.3974358974364,26.931511470985168,0
722,4,1,0,42,0.023809523809523808,0.0,1.0,42,650,400,250,0.6153846153846154,9,4,5,353.38229352598484,0.8206784746418893,0.09251728344855592,0.20640547738251763,131221.37586805597,874.2621527778183,132095.63802083378,719,0,363.04761904761904,39,3,17,34.80242646062085,0.627136752136752,43.854166666666686,1024.5833333333367,26.27136752136761,0
723,4,0,0,42,0.0,0.0,1.0,42,700,500,200,0.7142857142857143,9,5,4,354.1821500997595,0.8199283778552071,0.09242587053117601,0.20716076056370036,131274.74500868077,899.0342881944653,132173.77929687523,720,1,364.04761904761904,39,3,18,34.728010435725416,0.6276709401709402,43.80208333333334,1024.7916666666686,26.27670940170945,0
724,4,0,1,41,0.0,0.023809523809523808,0.9761904761904762,42,1050,800,250,0.7619047619047619,13,8,5,355.6084341331219,0.8199283778552071,0.0975609756097564,0.20828493999225722,131328.12500000012,940.2777777777935,132268.4027777779,721,2,365.04761904761904,39,3,18,34.63753387533876,0.6282051282051282,43.75000000000001,1025.000000000001,26.282051282051306,0
725,4,0,0,41,0.0,0.0,1.0,41,1450,1100,350,0.7586206896551724,18,11,7,361.2267829995372,0.8200203252032521,0.09458655562165363,0.21157568718544323,131328.12500000003,1287.847222222223,132615.97222222225,722,3,371.2926829268293,36,5,18,34.49356368563685,0.6336805555555556,43.75,1025.0000000000002,28.47222222222223,0
726,4,1,0,42,0.023809523809523808,0.0,1.0,42,800,500,300,0.625,11,5,6,354.16027467309556,0.8257355787843593,0.10673585673585739,0.20927652594319254,131665.51246537376,926.1388119421174,132591.6512773159,723,0,363.42857142857144,37,5,17,34.33404558404559,0.6351351351351353,43.42105263157894,1026.3157894736826,27.738264580369798,0
727,4,0,0,42,0.0,0.0,1.0,42,1350,900,450,0.6666666666666666,18,9,9,353.01243826615763,0.8240902051877662,0.11257618552103499,0.20915225226496761,131766.52444480968,903.0444152239065,132669.56886003359,724,1,364.42857142857144,38,4,17,34.261619840443984,0.6343201754385964,43.322649572649574,1026.7094017094016,27.018668466036885,0
728,4,0,0,42,0.0,0.0,1.0,42,1250,800,450,0.64,17,8,9,354.13562564343425,0.8261953155245838,0.10493276873932089,0.21057600745588262,131903.67408366222,942.3580292570791,132846.0321129193,725,2,365.42857142857144,38,4,17,34.09451378055121,0.6356907894736842,43.18910256410257,1027.2435897435907,27.032726045883965,0
729,4,0,0,42,0.0,0.0,1.0,42,850,600,250,0.7058823529411765,11,6,5,340.29358809709686,0.8253000387146728,0.13797767250011228,0.19443313859056466,130371.67302441735,491.4713684345013,130863.14439285186,726,3,366.42857142857144,38,4,19,35.99661749834361,0.6203399122807018,44.684829059829056,1021.2606837606832,26.875281151596926,6
730,4,2,2,42,0.045454545454545456,0.045454545454545456,0.9545454545454546,44,750,500,250,0.6666666666666666,10,5,5,327.60701146999435,0.837869978858351,0.13512158548923248,0.18905028460057466,130755.8331680877,-232.69445270673023,130523.13871538098,727,0,350.72727272727275,40,4,14,35.9323247880233,0.6208333333333333,44.30894308943089,1022.7642276422758,25.569105691056897,0
731,4,1,1,42,0.023255813953488372,0.023255813953488372,0.9767441860465116,43,1100,800,300,0.7272727272727273,14,8,6,332.58948208697404,0.8304724990771502,0.12463125969979516,0.19145840273804388,130661.65500217005,91.33843315971677,130752.99343532977,728,0,359.86046511627904,39,4,15,35.900089149261355,0.6215277777777778,44.401041666666664,1022.3958333333326,26.215277777777757,0
732,4,0,0,42,0.0,0.0,1.0,42,1600,1300,300,0.8125,19,13,6,340.50988650820443,0.8260985288424313,0.13641516660283393,0.19612444049962977,130682.67549871116,501.44402153787456,131184.11952024905,729,6,369.42857142857144,37,5,16,35.676385165326174,0.6252815315315315,44.38048245614035,1022.4780701754388,27.634542437174023,1
733,4,0,0,42,0.0,0.0,1.0,42,1250,900,350,0.72,16,9,7,339.4482871121867,0.8252032520325203,0.1407696626346151,0.19622382396262078,130822.8553497229,481.51883271775205,131304.37418244066,730,7,370.42857142857144,37,5,17,35.56180778849589,0.6266891891891893,44.243421052631575,1023.0263157894728,27.649359886201967,0
734,4,0,0,42,0.0,0.0,1.0,42,700,600,100,0.8571428571428571,8,6,2,341.5312162011752,0.8248886953155246,0.14222177993478002,0.1975714679710579,130850.90033712289,537.9334266312655,131388.83376375417,731,8,371.42857142857144,37,5,17,35.480187011038474,0.6269707207207207,44.21600877192982,1023.1359649122801,27.65232337600757,0
735,4,0,0,42,0.0,0.0,1.0,42,1600,1000,600,0.625,22,10,12,339.76528689898777,0.8245257452574526,0.1363014886691769,0.196979452665537,130935.05333371782,497.43719221296107,131432.49052593077,732,9,372.42857142857144,37,5,17,35.440325691022075,0.6278153153153154,44.13377192982455,1023.4649122806998,27.661213845424317,0
736,4,0,1,41,0.0,0.023809523809523808,0.9761904761904762,42,950,800,150,0.8421052631578947,11,8,3,338.82781854606105,0.8241627951993805,0.13368276073150231,0.19657909795695921,130963.11034404793,474.78899757615176,131437.89934162408,733,10,373.42857142857144,37,5,17,35.435971255133005,0.628096846846847,44.106359649122794,1023.5745614035069,27.664177335229915,0
737,4,0,0,41,0.0,0.0,1.0,41,1350,1100,250,0.8148148148148148,16,11,5,345.88469278478976,0.8166666666666667,0.1488481192030231,0.20047194438955146,130924.43795146485,856.9517997727278,131781.38975123758,734,11,383.1951219512195,36,5,18,35.29448173415492,0.6296296296296298,44.144144144144136,1023.4234234234224,28.4284284284284,0
738,4,1,1,41,0.023809523809523808,0.023809523809523808,0.9761904761904762,42,1050,700,350,0.6666666666666666,14,7,7,341.9141577922689,0.8239692218350755,0.14867702217873435,0.19967786815068467,131215.7586949829,572.9051246537168,131788.66381963663,735,0,375.04761904761904,37,5,18,35.10184788812784,0.6306306306306307,43.85964912280701,1024.5614035087706,27.690848743480284,0
739,4,0,0,41,0.0,0.0,1.0,41,950,600,350,0.631578947368421,13,6,7,347.2725018932232,0.8185975609756098,0.15424630499603187,0.20248658187312524,131155.0401753102,909.3077875172194,132064.34796282742,736,13,385.1951219512195,36,5,19,35.02592714746409,0.6319444444444446,43.918918918918905,1024.3243243243223,28.4534534534534,0
740,4,1,0,42,0.023809523809523808,0.0,1.0,42,950,700,250,0.7368421052631579,12,7,5,339.1487084608708,0.8253968253968254,0.15120512176751166,0.19894393310745917,131385.84530476414,511.982083434776,131897.8273881989,737,0,377.0,36,6,20,35.001098418277664,0.6342592592592593,43.69369369369369,1025.2252252252247,28.478478478478465,0
741,4,0,0,42,0.0,0.0,1.0,42,850,600,250,0.7058823529411765,11,6,5,337.3351910584971,0.8242353852109949,0.14797766729921769,0.19862871721731407,131530.201548677,473.95313387711496,132004.1546825541,738,1,378.0,36,6,21,34.90206572254547,0.6357060185185186,43.552927927927925,1025.788288288288,28.49411911911911,0
742,4,1,2,41,0.023255813953488372,0.046511627906976744,0.9534883720930233,43,1100,800,300,0.7272727272727273,14,8,6,327.5094216499991,0.827703949796973,0.14495390205608216,0.19446251206432594,131848.8056674152,36.345217875642106,131885.15088529084,739,0,370.1860465116279,38,5,17,34.83347203439787,0.6351425438596492,43.242521367521356,1027.0299145299127,27.027103013945073,0
743,4,0,0,41,0.0,0.0,1.0,41,1400,1000,400,0.7142857142857143,18,10,8,341.4590397851602,0.8157012195121951,0.1463093463371814,0.2016666383384423,131645.74361100968,790.3258410437501,132436.06945205343,740,17,389.1951219512195,36,5,17,34.67985295731373,0.6368634259259258,43.44031531531532,1026.238738738739,28.506631631631635,0
744,4,0,0,41,0.0,0.0,1.0,41,700,500,200,0.7142857142857143,9,5,4,340.33260023307923,0.8160060975609756,0.145367459160054,0.20130640176018944,131703.53366457688,764.6012143900743,132468.13487896696,741,18,390.1951219512195,36,5,17,34.650530261473754,0.6374421296296295,43.38400900900901,1026.463963963965,28.512887887887914,0
745,4,1,0,42,0.023809523809523808,0.0,1.0,42,1000,700,300,0.7,13,7,6,364.9293504605513,0.819904181184669,0.17840828140022613,0.2085092445339158,130371.67302441751,1127.0870499344232,131498.76007435194,742,0,381.8809523809524,38,4,19,35.36762911043693,0.6203399122807017,44.68482905982906,1021.2606837606845,26.875281151596962,5
746,4,0,0,42,0.0,0.0,1.0,42,1200,900,300,0.75,15,9,6,361.83543447345124,0.8192024777390631,0.17688392917844253,0.2070104008428627,130422.14084201399,1038.2703993055654,131460.41124131955,743,1,382.8809523809524,39,3,19,35.3954211707118,0.6191239316239316,44.63541666666667,1021.4583333333342,26.191239316239336,0
747,4,0,0,42,0.0,0.0,1.0,42,1150,900,250,0.782608695652174,14,9,5,360.48742711612675,0.818089430894309,0.1794453507340945,0.2065222362824169,130475.34722222242,1006.9444444444637,131482.2916666669,744,2,383.8809523809524,39,3,19,35.37588363240893,0.6196581196581196,44.58333333333334,1021.6666666666682,26.196581196581235,0
748,4,2,2,42,0.045454545454545456,0.045454545454545456,0.9545454545454546,44,1200,900,300,0.75,15,9,6,351.97404002163324,0.831857822410148,0.17687632135306552,0.20452545568824634,131023.24263038556,423.35600907030135,131446.59863945586,745,0,367.3863636363636,41,3,15,35.03875968992248,0.621951219512195,44.04761904761905,1023.8095238095243,24.97096399535425,0
749,4,0,1,41,0.0,0.023809523809523808,0.9761904761904762,42,1300,1000,300,0.7692307692307693,16,10,6,368.2994512217882,0.8189847077042199,0.18470565415575635,0.21274709476458614,130794.81336805574,1234.3315972222413,132029.14496527798,746,4,385.8809523809524,39,3,15,34.85234215885947,0.6228632478632479,44.27083333333334,1022.9166666666681,26.228632478632516,0
750,4,1,0,42,0.023809523809523808,0.0,1.0,42,950,700,250,0.7368421052631579,12,7,5,344.9030105429744,0.8180410375532327,0.11983976776286775,0.1957309962035569,130107.01844346951,574.8604707845877,130681.87891425409,747,0,385.7857142857143,40,2,18,36.1471511106684,0.6143229166666667,44.94410569105691,1020.2235772357725,25.50558943089431,3
751,4,0,0,42,0.0,0.0,1.0,42,600,500,100,0.8333333333333334,7,5,2,345.333903520371,0.8176780874951607,0.1205128934664883,0.19636710414221753,130184.7910056843,591.4444113953169,130776.23541707962,748,1,386.7857142857143,40,2,18,36.057309300936055,0.6151041666666668,44.86788617886178,1020.5284552845517,25.51321138211379,0
752,4,0,0,42,0.0,0.0,1.0,42,850,400,450,0.47058823529411764,13,4,9,345.5578878378856,0.8174603174603174,0.1128293241695304,0.19717126541338192,130318.55955678683,606.5909502722711,130925.1505070591,749,2,387.7857142857143,37,5,18,35.916022336769764,0.6216216216216215,44.736842105263165,1021.0526315789484,27.596017069701308,0
753,4,0,0,42,0.0,0.0,1.0,42,1250,1000,250,0.8,15,10,5,349.84618124452777,0.8174603174603174,0.11963033388537858,0.2001945346728516,130430.54112803962,726.1253462604104,131156.66647430003,750,3,388.7857142857143,37,5,19,35.693072849577774,0.6227477477477475,44.62719298245615,1021.4912280701773,27.60787102892371,0
754,4,1,1,42,0.023255813953488372,0.023255813953488372,0.9767441860465116,43,700,500,200,0.7142857142857143,9,5,4,339.92550612477856,0.8232742709486895,0.1103818949199733,0.19587158453463327,130699.20562358478,285.5987243407245,130984.80434792551,751,0,380.72093023255815,38,5,15,35.6746073207258,0.6236293859649122,44.364316239316246,1022.5427350427364,26.909019343229904,0
755,4,0,0,42,0.0,0.0,1.0,42,1600,1300,300,0.8125,19,13,6,353.409975636875,0.8164198606271778,0.12228555512449413,0.20407401126341618,130781.15297866901,843.8728175907667,131625.02579625978,752,5,390.7857142857143,38,4,16,35.246936146507906,0.6244517543859649,44.284188034188034,1022.8632478632479,26.917453891138102,0
756,4,0,0,42,0.0,0.0,1.0,42,900,500,400,0.5555555555555556,13,5,8,353.8640317093108,0.8160569105691057,0.12438779416956303,0.20477074511662036,130863.1260158703,861.5506748118794,131724.6766906822,753,6,391.7857142857143,38,4,16,35.15236156068359,0.6252741228070176,44.20405982905982,1023.1837606837597,26.925888439046307,0
757,4,0,1,41,0.0,0.023809523809523808,0.9761904761904762,42,900,500,400,0.5555555555555556,13,5,8,352.9192559064377,0.816298877274487,0.11743525729227233,0.20462002453849978,130937.7904707023,842.0935165906869,131779.883987293,754,7,392.7857142857143,40,2,15,35.10099129513787,0.6226562499999999,44.131097560975626,1023.4756097561003,25.58689024390251,1
758,4,0,0,41,0.0,0.0,1.0,41,1050,700,350,0.6666666666666666,14,7,7,380.2036888207811,0.8115345528455284,0.17907720420283235,0.20651758680612617,128379.0134173523,1603.103578004851,129982.11699535715,755,13,403.1951219512195,35,6,15,37.01081163392721,0.605952380952381,46.643518518518505,1013.4259259259239,28.9550264550264,6
759,4,5,2,44,0.10869565217391304,0.043478260869565216,0.9565217391304348,46,1150,700,450,0.6086956521739131,16,7,9,344.78522945827234,0.8439009661835749,0.17880586951839605,0.19310468279550752,129591.85157933201,-255.8519430480133,129335.999636284,756,0,360.2608695652174,37,9,15,36.673038265489275,0.6143018018018018,45.44956140350877,1018.2017543859641,27.51896633475579,0
760,4,2,2,44,0.043478260869565216,0.043478260869565216,0.9565217391304348,46,1150,900,250,0.782608695652174,14,9,5,346.10213398326664,0.8436795491143317,0.18495586518821128,0.1946008225037989,129745.05077069171,-218.9922108992706,129526.05855979244,757,0,361.2173913043478,38,8,17,36.483894365212535,0.6140350877192983,45.299145299145295,1018.8034188034181,26.810616284300476,0
761,4,4,3,45,0.08333333333333333,0.0625,0.9375,48,800,500,300,0.625,11,5,6,329.01643624731406,0.8509160756501182,0.2009707407038177,0.1857267232412385,129899.73855054867,-1042.5707858966653,128857.16776465201,758,0,347.0833333333333,40,8,19,36.7622869105772,0.6122395833333333,45.14735772357724,1019.4105691056916,25.48526422764229,2
762,4,0,1,44,0.0,0.022222222222222223,0.9777777777777777,45,1200,400,800,0.3333333333333333,20,4,16,349.31008114082584,0.8410774410774411,0.2185412553102375,0.19549994595494696,129563.94184989615,51.5982081024961,129615.54005799865,759,1,370.8666666666667,37,8,19,36.586227786752836,0.6140202702702702,45.47697368421053,1018.092105263158,27.51600284495022,0
763,4,1,0,45,0.022222222222222223,0.0,1.0,45,1600,1300,300,0.8125,19,13,6,348.20184071536016,0.8440656565656566,0.23042029452864665,0.19739925193022528,130066.77685682144,57.89822349185363,130124.67508031329,760,0,366.35555555555555,37,8,20,36.10383299294135,0.6190878378378377,44.98355263157895,1020.0657894736851,27.56934566145095,0
764,4,2,2,45,0.0425531914893617,0.0425531914893617,0.9574468085106383,47,1100,500,600,0.45454545454545453,17,5,12,335.4320936719654,0.8537234042553191,0.2225732599713881,0.19219515349221128,130480.80490037624,-646.3628047585886,129834.44209561765,761,0,351.72340425531917,38,9,21,36.01031754330928,0.6214364035087719,44.577991452991455,1021.6880341880344,26.88652721547459,0
765,4,0,1,44,0.0,0.022222222222222223,0.9777777777777777,45,850,500,350,0.5882352941176471,12,5,7,369.98933250129636,0.8426767676767677,0.2551676933607112,0.2024548369979005,128672.41753472232,521.4843750000091,129193.90190972234,762,1,368.24444444444447,39,6,15,36.969541409993155,0.6014957264957265,46.35416666666667,1014.5833333333342,26.014957264957285,4
766,4,1,2,43,0.022222222222222223,0.044444444444444446,0.9555555555555556,45,1150,800,350,0.6956521739130435,15,8,7,368.6804694675748,0.8452441077441077,0.2530300438971551,0.20241077042036726,128804.55864800354,497.5450303819498,129302.1036783855,763,0,369.2,39,6,15,36.86773131520439,0.6028311965811965,46.223958333333336,1015.1041666666672,26.02831196581198,0
767,4,1,1,43,0.022727272727272728,0.022727272727272728,0.9772727272727273,44,1200,800,400,0.6666666666666666,16,8,8,374.7623667451068,0.8442565186751234,0.26552607922269256,0.20640156768707899,128929.98598327111,863.6213383008146,129793.60732157192,764,0,374.8636363636364,38,6,16,36.585226874254865,0.605811403508772,46.100427350427346,1015.5982905982895,26.726270805218146,0
768,4,1,1,43,0.022727272727272728,0.022727272727272728,0.9772727272727273,44,1200,800,400,0.6666666666666666,16,8,8,375.445943145966,0.8441023608174771,0.2684762141443886,0.207487877121515,129065.65176647277,891.435071042411,129957.08683751518,765,0,375.70454545454544,38,6,16,36.42930992184486,0.6071820175438598,45.96688034188033,1016.1324786324761,26.740328385065162,0
769,4,0,0,43,0.0,0.0,1.0,43,1250,1000,250,0.8,15,10,5,380.3118919939708,0.8367478774455518,0.27403117081331785,0.20974509681430795,128984.24373584602,1210.8483545181937,130195.09209036421,766,2,385.4418604651163,38,5,16,36.38887428130697,0.6063596491228072,46.04700854700853,1015.8119658119635,26.731893837156935,0
770,4,0,0,43,0.0,0.0,1.0,43,1100,700,400,0.6363636363636364,15,7,8,380.1539261032617,0.8371631598375784,0.2723456071672212,0.2100897147686298,129065.65176647293,1212.9628488202047,130278.61461529313,767,3,386.4418604651163,38,5,16,36.30971156205095,0.6071820175438598,45.966880341880334,1016.1324786324775,26.740328385065197,0
771,4,0,0,43,0.0,0.0,1.0,43,1100,500,600,0.45454545454545453,17,5,12,382.5815810879124,0.8378552971576227,0.2721758963865848,0.21172184880100683,129119.93805473363,1279.7820101906534,130399.72006492429,768,4,387.4418604651163,38,5,16,36.19257857668454,0.6077302631578948,45.91346153846153,1016.3461538461531,26.74595141700403,0
772,4,2,2,43,0.044444444444444446,0.044444444444444446,0.9555555555555556,45,900,700,200,0.7777777777777778,11,7,4,368.0485438924305,0.8484848484848485,0.2589949865920489,0.20608123521121366,129581.8323562712,538.5323069617665,130120.36466323298,769,0,371.1777777777778,38,7,16,36.09107205316543,0.6123903508771931,45.459401709401696,1018.1623931623911,26.793747188483977,0
773,4,2,0,45,0.044444444444444446,0.0,1.0,45,1400,1100,300,0.7857142857142857,17,11,6,367.1667230501185,0.8425925925925927,0.27385614396684543,0.20671424660435345,129796.16057117113,531.3661882807729,130327.52675945191,770,0,372.1333333333333,40,5,18,35.89537415644426,0.6111979166666668,45.24898373983739,1019.0040650406494,25.475101626016233,0
774,4,2,2,45,0.0425531914893617,0.0425531914893617,0.9574468085106383,47,1100,700,400,0.6363636363636364,15,7,8,355.38302670147243,0.8494835029293863,0.2683493466719469,0.2021001100010745,130188.40889970529,-146.64984075478688,130041.7590589505,771,0,357.25531914893617,42,5,18,35.79725281681225,0.6121031746031746,44.864341085271306,1020.5426356589126,24.298634182355062,0
775,4,4,3,46,0.08163265306122448,0.061224489795918366,0.9387755102040817,49,1000,700,300,0.7,13,7,6,342.83983460747737,0.8562570861678005,0.27264735929296036,0.1976506160589416,130718.71456916099,-836.8201245479279,129881.89444461306,772,0,343.59183673469386,41,8,16,35.58037446643383,0.6189024390243902,44.345238095238095,1022.6190476190476,24.94192799070848,0
776,4,0,0,46,0.0,0.0,1.0,46,800,400,400,0.5,12,4,8,365.6119505983717,0.8482487922705314,0.28467187437335917,0.20234122529712514,129121.97401258688,243.12459033092927,129365.09860291782,773,1,367.0,39,7,17,36.621677598988754,0.6060363247863249,45.911458333333336,1016.3541666666673,26.060363247863265,3
777,4,0,1,45,0.0,0.021739130434782608,0.9782608695652174,46,1350,1000,350,0.7407407407407407,17,10,7,365.4931470034942,0.847403381642512,0.2827868852459021,0.20268256333830095,129201.38888888866,244.49327256941993,129445.88216145808,774,2,368.0,37,9,18,36.54371584699454,0.6103603603603605,45.83333333333332,1016.6666666666648,27.47747747747743,0
778,4,0,0,45,0.0,0.0,1.0,45,1000,600,400,0.6,14,6,8,375.77504319430864,0.8414983164983165,0.28777299537701295,0.2081051572922849,129148.44292534702,706.1523437499804,129854.595269097,775,5,377.1333333333333,39,6,19,36.33642481382797,0.6063034188034189,45.88541666666666,1016.4583333333317,26.063034188034145,0
779,4,1,1,45,0.021739130434782608,0.021739130434782608,0.9782608695652174,46,1050,700,350,0.6666666666666666,14,7,7,366.582442353175,0.8486312399355878,0.2747461542426335,0.20429540436006624,129396.5465936631,286.93296855759513,129683.47956222069,776,0,369.9130434782609,37,9,19,36.31710942271077,0.6123310810810813,45.641447368421034,1017.4342105263131,27.49822190611657,0
780,4,2,0,47,0.0425531914893617,0.0,1.0,47,1400,800,600,0.5714285714285714,20,8,12,359.8614185913873,0.8484427998766574,0.2889924112508844,0.2030418565807463,129881.14458917713,-52.15741197314796,129828.98717720398,777,0,363.0,38,9,18,35.995091360095024,0.6154057017543861,45.165598290598275,1019.3376068376043,26.82467386414748,0
781,4,2,4,45,0.04081632653061224,0.08163265306122448,0.9183673469387755,49,1250,1000,250,0.8,15,10,5,342.5716196447866,0.8548044217687075,0.20574323451110188,0.19867716073208097,130948.7697187926,-828.1335733882252,130120.63614540437,778,0,349.14285714285717,44,5,15,35.35466045473736,0.6169507575757578,44.12037037037036,1023.5185185185163,23.261784511784462,4
782,4,0,0,45,0.0,0.0,1.0,45,1150,900,250,0.782608695652174,14,9,5,363.63686347701935,0.8436026936026937,0.22703084946521734,0.20871759698201467,130548.0368828075,494.4157330292436,131042.45261583674,779,2,377.2,40,5,15,35.221716719702975,0.6187500000000001,44.5121951219512,1021.9512195121923,25.54878048780481,0
783,4,1,1,45,0.021739130434782608,0.021739130434782608,0.9782608695652174,46,1350,900,450,0.6666666666666666,18,9,9,364.14231012729056,0.8479066022544284,0.23061844716967217,0.21054843977677562,130831.98594585624,328.29232017302826,131160.27826602926,780,0,369.9782608695652,42,4,15,34.920991980804445,0.6185515873015874,44.23449612403099,1023.0620155038729,24.358619416758877,0
784,4,0,0,45,0.0,0.0,1.0,45,1550,1100,450,0.7096774193548387,20,11,9,373.0281523637292,0.8427609427609428,0.2379723919438792,0.21547861507128302,130794.81336805515,758.02951388885,131552.842881944,781,4,379.2,41,4,15,34.73141547861506,0.6196646341463417,44.270833333333314,1022.9166666666634,24.94918699186984,0
785,4,0,0,45,0.0,0.0,1.0,45,1500,1100,400,0.7333333333333333,19,11,8,371.27055145567147,0.8425505050505051,0.24112209941180351,0.21488689493343346,130870.93431122413,717.7047902494002,131588.63910147353,782,5,380.2,41,4,16,34.69919526856699,0.6204268292682928,44.196428571428555,1023.2142857142828,24.956445993031288,0
786,4,0,0,45,0.0,0.0,1.0,45,1000,700,300,0.7,13,7,6,371.9777513981972,0.8417508417508418,0.24541324893969763,0.21643485625322328,131074.03175390486,751.3247197026527,131825.3564736075,783,6,381.2,41,4,16,34.47531163211262,0.6224593495934961,43.99801587301585,1024.0079365079332,24.975803329461787,0
787,4,0,0,45,0.0,0.0,1.0,45,1650,1200,450,0.7272727272727273,21,12,9,377.751338488995,0.8398989898989899,0.25130984643179777,0.22125435540069682,131328.12499999985,922.6131424791988,132250.73814247907,784,7,382.2,38,7,16,34.07012195121952,0.6299342105263158,43.74999999999999,1024.9999999999989,26.973684210526287,0
788,4,1,1,45,0.021739130434782608,0.021739130434782608,0.9782608695652174,46,1250,1000,250,0.8,15,10,5,372.1499753393717,0.8432165861513687,0.2527049755658264,0.21934800162282914,131568.4692382814,592.6405164930717,132161.10975477446,785,0,374.8695652173913,39,7,15,33.97055961688158,0.6306089743589742,43.51562500000001,1025.9375000000011,26.306089743589773,0
789,4,1,2,44,0.021739130434782608,0.043478260869565216,0.9565217391304348,46,1100,700,400,0.6363636363636364,15,7,8,379.8485663747082,0.8420289855072464,0.2593185037441692,0.22451397267486517,131675.35942925359,803.3393012152835,132478.69873046887,786,0,375.8478260869565,39,7,15,33.664979363307275,0.6316773504273505,43.411458333333336,1026.3541666666674,26.316773504273524,0
790,4,0,0,44,0.0,0.0,1.0,44,1200,1000,200,0.8333333333333334,14,10,4,393.6872204801648,0.8322322057787175,0.27384689967219145,0.2313940707837147,131461.62245008675,1550.9521484374973,133012.57459852425,787,10,393.5681818181818,39,5,16,33.52643050617911,0.6295405982905983,43.619791666666664,1025.520833333333,26.295405982905976,0
791,4,0,0,44,0.0,0.0,1.0,44,1200,900,300,0.75,15,9,6,392.6029929795533,0.8318798449612403,0.2673206324592252,0.2314031644437834,131568.46923828125,1530.8349609375018,133099.30419921875,788,11,394.5681818181818,39,5,15,33.44597167225099,0.6306089743589745,43.515625,1025.9375,26.306089743589745,0
792,4,0,0,44,0.0,0.0,1.0,44,1100,900,200,0.8181818181818182,13,9,4,390.1361753628902,0.8315495066948556,0.2664433617539581,0.2304329496208149,131648.6328125,1472.1788194444453,133120.81163194444,789,12,395.5681818181818,39,5,16,33.42806875084586,0.6314102564102565,43.4375,1026.25,26.314102564102566,0
793,4,1,1,44,0.022222222222222223,0.022222222222222223,0.9777777777777777,45,1200,600,600,0.5,18,6,12,382.2494469986319,0.8367845117845119,0.26031369186973063,0.2274372960393861,131927.76626222816,1085.8631395002938,133013.62940172845,790,0,387.75555555555553,40,5,16,33.34817159626735,0.6325520833333333,43.165650406504064,1027.3373983739837,25.68343495934959,0
794,4,0,0,44,0.0,0.0,1.0,44,1050,700,350,0.6666666666666666,14,7,7,391.18321280750206,0.8317036645525018,0.2682398982216445,0.2325170380647847,131889.27001953125,1518.5736762152787,133407.84369574653,791,14,397.5681818181818,39,5,16,33.15766233985735,0.6338141025641025,43.203125,1027.1875,26.338141025641026,0
795,4,0,0,44,0.0,0.0,1.0,44,750,400,350,0.5333333333333333,11,4,7,389.2391977122984,0.8322322057787175,0.2615721751633746,0.23168776143852735,131942.77479383675,1471.4599609374964,133414.23475477425,792,15,398.5681818181818,39,5,16,33.15347341917604,0.6343482905982907,43.151041666666664,1027.395833333333,26.3434829059829,0
796,4,0,2,42,0.0,0.045454545454545456,0.9545454545454546,44,1100,900,200,0.8181818181818182,13,9,4,389.5276314539471,0.8318357998590558,0.26261781696564346,0.23251476948312744,132049.81689453125,1487.4104817708346,133537.2273763021,793,16,399.5681818181818,39,5,16,33.03784078240601,0.6354166666666667,43.046875,1027.8125,26.354166666666668,0
797,4,0,0,42,0.0,0.0,1.0,42,1450,1100,350,0.7586206896551724,18,11,7,389.8296652384008,0.8302119628339141,0.2647993112456959,0.23331596382178876,132150.72320841523,1903.2544378697944,134053.97764628503,794,17,408.1666666666667,38,4,16,32.92809642560265,0.6381578947368423,42.948717948717935,1028.2051282051261,27.05802968960858,0
798,4,0,0,42,0.0,0.0,1.0,42,1150,900,250,0.782608695652174,14,9,5,392.5709098970928,0.8309136662795199,0.26634168781255174,0.23546916819808766,132233.1242809005,1982.1755834976714,134215.29986439817,795,18,409.1666666666667,38,4,16,32.774358574841585,0.6389802631578949,42.86858974358973,1028.525641025639,27.06646423751682,0
799,4,0,0,42,0.0,0.0,1.0,42,1850,1400,450,0.7567567567567568,23,14,9,413.6100364458791,0.831276616337592,0.2573076962455594,0.23431184890496748,130038.81602993222,2362.850363835202,132401.66639376743,796,19,410.1666666666667,37,5,13,34.46436250268761,0.6188063063063063,45.0109649122807,1019.9561403508767,27.566382171645316,6
800,4,1,1,42,0.023255813953488372,0.023255813953488372,0.9767441860465116,43,1500,1100,400,0.7333333333333333,19,11,8,401.5349281001841,0.8373938722775932,0.24961035232353113,0.22997000427555983,130463.84222059886,1877.5426349086124,132341.38485550747,797,0,401.6046511627907,36,7,14,34.339175485008816,0.625,44.59459459459459,1021.6216216216206,28.37837837837835,0
801,4,0,0,42,0.0,0.0,1.0,42,1050,800,250,0.7619047619047619,13,8,5,437.2530234683521,0.8299457994579946,0.3009804101566087,0.23709169167994762,128309.37915378151,2923.7612878876744,131233.14044166918,798,21,412.1666666666667,31,11,17,35.63715567836182,0.6145833333333333,46.712239583333336,1013.1510416666671,32.68229166666668,7
802,4,2,0,44,0.045454545454545456,0.0,1.0,44,1250,800,450,0.64,17,8,9,417.09708397461316,0.8394556025369979,0.29351554925796086,0.23006395717875722,128989.67013888886,1960.2430555555516,130949.91319444441,799,0,394.3863636363636,34,10,16,35.44913863822806,0.6142769607843137,46.041666666666664,1015.833333333333,29.877450980392148,0
803,4,1,1,44,0.022222222222222223,0.022222222222222223,0.9777777777777777,45,1150,1000,150,0.8695652173913043,13,10,3,405.3364647357078,0.8466750841750842,0.28167570590606994,0.225295342761038,129292.1786422903,1481.5405328798229,130773.71917517012,800,0,386.6,34,11,16,35.43812673143704,0.6173406862745099,45.74404761904762,1017.0238095238099,29.912464985994408,0
804,4,2,3,43,0.043478260869565216,0.06521739130434782,0.9347826086956522,46,1400,1100,300,0.7857142857142857,17,11,6,398.50625073356963,0.850925925925926,0.27744438994835674,0.22325238656337884,129602.41280131477,1129.4743222952618,130731.88712361004,801,0,379.1521739130435,36,10,12,35.294781759197825,0.6163194444444444,45.439189189189186,1018.2432432432428,28.284534534534522,0
805,4,1,0,44,0.022727272727272728,0.0,1.0,44,950,700,250,0.7368421052631579,12,7,5,385.5931825952497,0.8480664200140945,0.23856988027978177,0.21872815536195164,130090.20580969493,1263.8867330168107,131354.09254271173,802,0,390.72727272727275,36,8,18,35.1264396364573,0.6212384259259258,44.96058558558559,1020.1576576576584,28.337712712712733,3
806,4,1,1,44,0.022222222222222223,0.022222222222222223,0.9777777777777777,45,900,500,400,0.5555555555555556,13,5,8,378.40901299103064,0.8502104377104378,0.23431491489283474,0.21592413598424653,130320.0725007103,862.9721359873527,131183.04463669765,803,0,383.02222222222224,36,9,18,35.075916326605636,0.6235532407407407,44.73536036036037,1021.0585585585596,28.362737737737767,0
807,4,0,1,43,0.0,0.022727272727272728,0.9772727272727273,44,1450,1000,450,0.6896551724137931,19,10,9,372.9445092113339,0.8473616983791403,0.20473074447543405,0.2143396248377345,130598.60365689435,957.6417831743825,131556.24544006874,804,2,392.72727272727275,37,7,12,34.93259672459414,0.6244369369369369,44.46271929824561,1022.149122807017,27.625651967757214,2
808,4,0,0,43,0.0,0.0,1.0,43,1000,800,200,0.8,12,8,4,384.40024893359237,0.8465300849021778,0.2212377135711867,0.2208111809697018,130578.91506371259,1438.913491193924,132017.8285549065,805,3,402.06976744186045,36,7,13,34.65986300866755,0.6261574074074073,44.481981981981995,1022.0720720720739,28.39089089089094,0
809,4,1,2,42,0.022727272727272728,0.045454545454545456,0.9545454545454546,44,1100,600,500,0.5454545454545454,16,6,10,378.54882782791833,0.8497181113460184,0.21416814383388205,0.21946427074197453,130935.05333371808,1113.0621922129892,132048.11552593106,806,0,393.90909090909093,37,7,14,34.44798585815298,0.6278153153153152,44.13377192982456,1023.4649122807018,27.661213845424374,0
810,4,0,0,42,0.0,0.0,1.0,42,900,700,200,0.7777777777777778,11,7,4,393.38358011993205,0.8389227642276422,0.22173274596182035,0.22664485453610322,130694.03863322803,1882.577763574408,132576.61639680245,807,8,413.57142857142856,36,6,14,34.31328010279002,0.6273148148148147,44.36936936936938,1022.5225225225242,28.403403403403452,0
811,4,0,1,41,0.0,0.023809523809523808,0.9761904761904762,42,550,300,250,0.5454545454545454,8,3,5,390.5111087262341,0.8385840108401084,0.2220771594257609,0.22532540593720868,130751.61944038657,1811.9919750832173,132563.6114154698,808,9,414.57142857142856,36,6,14,34.32820414005727,0.6278935185185184,44.313063063063076,1022.7477477477497,28.409659659659713,0
812,4,1,1,41,0.023809523809523808,0.023809523809523808,0.9761904761904762,42,1200,800,400,0.6666666666666666,16,8,8,393.29304029477044,0.838342044134727,0.22351920849774976,0.2277790858609675,130895.62694028497,1896.0678161269557,132791.69475641192,809,0,415.3333333333333,36,6,14,34.110771798540064,0.6293402777777777,44.172297297297305,1023.3108108108115,28.42530030030032,0
813,4,1,2,40,0.023809523809523808,0.047619047619047616,0.9523809523809523,42,650,500,150,0.7692307692307693,8,5,3,392.2961113401357,0.8365756871854433,0.2234972334004024,0.2273716237155074,130924.43795146508,1872.2295775505347,132796.66752901563,810,0,416.3095238095238,36,6,14,34.107018412558695,0.6296296296296295,44.14414414414415,1023.4234234234242,28.42842842842845,0
814,4,0,0,40,0.0,0.0,1.0,40,1150,800,350,0.6956521739130435,15,8,7,407.730071946703,0.8285790598290599,0.2575151585820896,0.23249289208875837,130292.97052154203,2625.4938474050523,132918.46436894708,811,12,436.825,34,6,15,34.35508006840796,0.6274509803921567,44.761904761904766,1020.9523809523815,30.02801120448181,1
815,4,0,0,40,0.0,0.0,1.0,40,650,400,250,0.6153846153846154,9,4,5,408.2038019930121,0.8271901709401709,0.26056941368457887,0.23330982127235547,130384.14292800467,2644.6605725623795,133028.80350056704,812,13,437.825,34,6,16,34.25005828185103,0.6283700980392156,44.67261904761906,1021.309523809525,30.0385154061625,0
816,4,0,0,40,0.0,0.0,1.0,40,950,500,450,0.5263157894736842,14,5,9,407.58303132996605,0.8267094017094017,0.25703006642582427,0.2333202129314505,130444.94224773262,2633.4289965986586,133078.37124433127,813,14,438.825,34,6,16,34.203958357611775,0.6289828431372548,44.61309523809525,1021.5476190476205,30.045518207282957,0
817,4,0,0,40,0.0,0.0,1.0,40,1050,700,350,0.6666666666666666,14,7,7,414.8919965535478,0.8267361111111111,0.2659948741845293,0.23806369641815908,130536.16780045374,2831.682256235858,133367.8500566896,814,15,439.825,34,6,14,33.92430684995342,0.6299019607843135,44.52380952380954,1021.9047619047637,30.05602240896364,0
818,4,1,1,40,0.024390243902439025,0.024390243902439025,0.975609756097561,41,1150,700,450,0.6086956521739131,16,7,9,415.1098774883822,0.8319613821138211,0.2653380453044434,0.2403396481253954,130883.62328800156,2666.216965663581,133549.84025366514,815,0,430.0731707317073,35,6,14,33.564854088903964,0.63125,44.18402777777778,1023.263888888889,29.236111111111114,0
819,4,0,0,40,0.0,0.0,1.0,40,950,600,350,0.631578947368421,13,6,7,427.8214680087296,0.8256143162393162,0.28273213870141967,0.2474224559937432,130840.48327664407,3195.273526077108,134035.75680272118,816,17,441.825,34,6,14,33.28363780932433,0.6329656862745097,44.22619047619048,1023.0952380952388,30.091036414565846,0
820,4,0,0,40,0.0,0.0,1.0,40,750,300,450,0.4,12,3,9,432.20617725386927,0.8245459401709402,0.2895765472312699,0.2503533894659211,130901.38888888923,3315.2777777778156,134216.66666666704,817,18,442.825,34,6,14,33.10939196525516,0.6335784313725488,44.166666666666686,1023.333333333336,30.098039215686352,0
821,4,0,0,40,0.0,0.0,1.0,40,850,400,450,0.47058823529411764,13,4,9,429.7087295496391,0.8241452991452991,0.28548094373865673,0.24409227833180538,130144.46159122091,3185.5366941015172,133329.99828532242,818,19,443.825,35,5,15,33.94585601935875,0.6238095238095237,44.90740740740741,1020.3703703703709,29.15343915343917,2
822,4,3,0,43,0.06976744186046512,0.0,1.0,43,1050,700,350,0.6666666666666666,14,7,7,409.7754517020603,0.838501291989664,0.2949279899812145,0.2379677804975238,130999.80481591064,2136.1008382643076,133135.90565417495,819,0,413.7906976744186,38,5,17,33.58315069922773,0.6266447368421052,44.070512820512825,1023.7179487179492,26.939946018893398,0
823,4,1,0,44,0.022727272727272728,0.0,1.0,44,1050,600,450,0.5714285714285714,15,6,9,373.3704101252619,0.8425387596899225,0.28301814070609965,0.21683921717386342,131002.08340031287,1012.1488485723912,132014.23224888527,820,0,405.3636363636364,35,9,20,34.51255417373279,0.6324404761904763,44.06828703703703,1023.7268518518514,29.249338624338613,2
824,4,0,0,44,0.0,0.0,1.0,44,900,600,300,0.6666666666666666,12,6,6,373.7177453900966,0.841878083157153,0.2841936544468193,0.21754306652707717,131090.9636488339,998.2038751714529,132089.16752400534,821,1,406.3636363636364,35,9,20,34.41361512959614,0.6333333333333333,43.981481481481474,1024.074074074073,29.259259259259228,0
825,4,1,2,43,0.022222222222222223,0.044444444444444446,0.9555555555555556,45,1350,1200,150,0.8888888888888888,15,12,3,364.5853442045214,0.8465488215488216,0.2753710212849054,0.21386501118801293,131385.84530476414,580.2707268078798,131966.11603157202,822,0,398.31111111111113,36,9,21,34.34914140304627,0.6342592592592593,43.69369369369369,1025.2252252252247,28.478478478478465,0
826,4,0,0,43,0.0,0.0,1.0,43,1050,800,250,0.7619047619047619,13,8,5,376.88721501991836,0.8445921004060538,0.2640292531104431,0.22058202854638434,131299.2696032181,1297.0032109812573,132596.27281419936,823,1,397.4418604651163,36,7,21,34.121479324616345,0.6333912037037037,43.778153153153156,1024.8873873873874,28.469094094094096,0
827,4,0,0,43,0.0,0.0,1.0,43,1550,1200,350,0.7741935483870968,19,12,7,378.0023706108692,0.8436692506459949,0.2608809800101868,0.22174470191199191,131387.44882758908,1332.9565954687123,132720.4054230578,824,2,398.4418604651163,35,8,21,34.0036313690073,0.6363095238095238,43.692129629629626,1025.2314814814808,29.292328042328023,0
828,4,0,0,43,0.0,0.0,1.0,43,1400,800,600,0.5714285714285714,20,8,12,382.0935962168311,0.8431616832779623,0.2694767113870311,0.22501631516742676,131535.81700370798,1451.7986700531533,132987.61567376115,825,3,399.4418604651163,35,8,21,33.74856613637219,0.637797619047619,43.5474537037037,1025.810185185185,29.30886243386243,0
829,4,1,1,43,0.022727272727272728,0.022727272727272728,0.9772727272727273,44,1100,600,500,0.5454545454545454,16,6,10,374.02160559015965,0.8482646229739254,0.2637071682157248,0.2214013608155777,131732.43344696058,1054.1552532262176,132786.5887001868,826,0,391.34090909090907,36,8,18,33.75681037004534,0.6377314814814814,43.355855855855864,1026.5765765765775,28.516016016016042,0
830,4,1,1,43,0.022727272727272728,0.022727272727272728,0.9772727272727273,44,1000,800,200,0.8,12,8,4,379.1490844444445,0.8437059548978154,0.2813551515151511,0.22654701508391742,132087.85545792925,1216.1978926207894,133304.05335055004,827,0,392.3181818181818,37,7,19,33.2661111111111,0.6393581081081081,43.00986842105262,1027.9605263157885,27.78271692745374,0
831,4,0,0,43,0.0,0.0,1.0,43,1150,700,450,0.6086956521739131,16,7,9,386.0742862886493,0.838547434477667,0.2870654663775507,0.2304578162823089,132050.54029959018,1596.2636200389638,133646.80391962914,828,1,402.25581395348837,36,7,20,33.12584456374859,0.6409143518518519,43.046171171171174,1027.8153153153157,28.550425425425438,0
832,4,1,1,43,0.022727272727272728,0.022727272727272728,0.9772727272727273,44,850,500,350,0.5882352941176471,12,5,7,379.5962582371617,0.842296511627907,0.2839746570564978,0.22834174918573885,132341.58587257622,1247.274161280394,133588.86003385662,829,0,394.09090909090907,37,7,20,32.99854362034668,0.6418918918918919,42.76315789473684,1028.947368421053,27.809388335704135,0
833,4,0,0,43,0.0,0.0,1.0,43,650,500,150,0.7692307692307693,8,5,3,390.8720747737178,0.8377630121816168,0.2984606453781171,0.234574607817552,132253.17166829,1738.8143210778494,133991.98598936782,830,3,404.25581395348837,36,7,20,32.797788482592516,0.6429398148148147,42.84909909909911,1028.6036036036044,28.572322322322343,0
834,4,1,0,44,0.022727272727272728,0.0,1.0,44,750,400,350,0.5333333333333333,11,4,7,388.9270190193168,0.8402263918252291,0.31713957176011,0.23660865802180078,132765.81809807252,1527.4805521185795,134293.2986501911,831,0,396.04545454545456,34,10,18,32.33053213199337,0.6522671568627452,42.351190476190474,1030.5952380952378,30.311624649859937,0
835,4,0,0,44,0.0,0.0,1.0,44,1000,600,400,0.6,14,6,8,389.1138821920978,0.8404025722339676,0.3178694789446608,0.23711028190720435,132827.17013888885,1536.9791666666624,134364.1493055555,832,1,397.04545454545456,34,10,18,32.263877661007804,0.6528799019607843,42.291666666666664,1030.833333333333,30.318627450980383,0
836,4,0,0,44,0.0,0.0,1.0,44,950,900,50,0.9473684210526315,10,9,1,390.1381421603801,0.8391252642706132,0.3230043449969564,0.23831992858908402,132919.22477324257,1571.37188208616,134490.59665532873,833,2,398.04545454545456,34,10,18,32.14471253752019,0.6537990196078431,42.20238095238095,1031.1904761904757,30.32913165266105,0
837,4,0,0,44,0.0,0.0,1.0,44,1050,900,150,0.8571428571428571,12,9,3,391.4008941530438,0.8386848132487668,0.3198735770865029,0.23968118359265886,133011.3112953514,1612.1492346938694,134623.46053004527,834,3,399.04545454545456,34,10,19,32.01937872667821,0.654718137254902,42.113095238095234,1031.5476190476184,30.339635854341715,0
838,4,0,0,44,0.0,0.0,1.0,44,800,400,400,0.5,12,4,8,388.42746614325625,0.8368128964059197,0.3196830364880152,0.2387048735768033,133143.52823055984,1543.320660793893,134686.84889135373,835,4,400.04545454545456,35,9,20,31.962940637733155,0.6538690476190476,41.9849537037037,1032.0601851851852,29.487433862433864,0
839,4,0,0,44,0.0,0.0,1.0,44,1400,1100,300,0.7857142857142857,17,11,6,385.97806341073544,0.8354254756871037,0.32140591389855366,0.23837069491850865,133326.80389426582,1492.2443135703172,134819.04820783614,836,5,401.04545454545456,36,8,20,31.841765710754917,0.6536458333333335,41.80743243243243,1032.7702702702697,28.688063063063048,0
840,4,0,0,44,0.0,0.0,1.0,44,1300,800,500,0.6153846153846154,18,8,10,385.4862089702944,0.8339719873150107,0.32289571463958366,0.23881404235668152,133443.13221583082,1488.0974302004854,134931.2296460313,837,6,402.04545454545456,36,8,20,31.73751135331518,0.6548032407407407,41.69481981981983,1033.2207207207216,28.7005755755756,0
841,4,0,0,44,0.0,0.0,1.0,44,1500,1200,300,0.8,18,12,6,391.2846998671215,0.8331571529245948,0.32623569566446453,0.24320150672485455,133564.50007086172,1652.3554054261185,135216.85547628783,838,7,403.04545454545456,34,10,20,31.465699259088638,0.6602328431372548,41.577380952380956,1033.6904761904766,30.402661064425782,0
842,4,0,0,44,0.0,0.0,1.0,44,1200,1100,100,0.9166666666666666,13,11,2,394.86128704865627,0.8324304087385483,0.3298882213802776,0.24603767139918414,133656.80980725618,1755.179988662123,135411.9897959183,839,8,404.04545454545456,34,10,20,31.2804608949267,0.6611519607843137,41.488095238095234,1034.0476190476186,30.41316526610643,0
843,4,0,0,44,0.0,0.0,1.0,44,1100,700,400,0.6363636363636364,15,7,8,395.1019249716828,0.8318357998590558,0.33408750876238535,0.24680378332702743,133749.1514314059,1768.9094387755126,135518.0608701814,840,9,405.04545454545456,34,10,17,31.181426708098375,0.6620710784313726,41.398809523809526,1034.404761904762,30.423669467787114,0
844,4,0,0,44,0.0,0.0,1.0,44,1200,800,400,0.6666666666666666,16,8,8,397.36948786090727,0.8321000704721635,0.3346857840146431,0.2487733348372906,133831.25964506168,1836.0918209876509,135667.35146604932,841,10,406.04545454545456,35,9,17,31.04026845637584,0.6607142857142857,41.31944444444444,1034.722222222222,29.563492063492056,0
845,4,0,0,44,0.0,0.0,1.0,44,1050,600,450,0.5714285714285714,15,6,9,369.6027932224348,0.8322762508809021,0.23362085675518496,0.2216671483648618,132228.78674207444,1010.5947663383532,133239.3815084128,842,11,407.04545454545456,37,7,17,33.36931414356786,0.6407657657657657,42.872807017543856,1028.5087719298242,27.797534376481735,8
846,4,0,0,44,0.0,0.0,1.0,44,1250,900,350,0.72,16,9,7,369.67243031733864,0.8315935517970402,0.23054802010388387,0.22288618078965905,132428.6352040817,991.3677030138045,133420.00290709548,843,12,408.04545454545456,34,10,19,33.16610764129848,0.6488970588235294,42.67857142857143,1029.2857142857147,30.27310924369749,0
847,4,0,0,44,0.0,0.0,1.0,44,1400,1000,400,0.7142857142857143,18,10,8,366.5207658124229,0.8309328752642706,0.22341040462427753,0.2217066170823396,132551.19756235817,916.5532879818463,133467.75085034,844,13,409.04545454545456,34,10,19,33.12379576107899,0.6501225490196079,42.5595238095238,1029.761904761904,30.28711484593835,0
848,4,0,0,44,0.0,0.0,1.0,44,800,600,200,0.75,10,6,4,366.16519776366215,0.830404334038055,0.23006702103073762,0.2222155414759277,132673.81660997716,916.1068594104153,133589.92346938758,845,14,410.04545454545456,34,10,14,33.00954279331331,0.6513480392156863,42.44047619047618,1030.238095238094,30.301120448179237,0
849,4,0,0,44,0.0,0.0,1.0,44,1500,1100,400,0.7333333333333333,19,11,8,363.05563879189515,0.8302942212825934,0.22967435252977797,0.2207523023644277,132745.92318247317,838.8311876065427,133584.75437007973,846,15,411.04545454545456,36,8,15,33.01711106254326,0.6478587962962963,42.370495495495504,1030.5180180180193,28.625500500500536,0
850,4,0,0,44,0.0,0.0,1.0,44,1300,1100,200,0.8461538461538461,15,11,4,364.56541525344824,0.829919837914024,0.23121536536437182,0.2221858729181135,132832.9744440386,885.2616975083231,133718.23614154695,847,16,412.04545454545456,36,8,15,32.890676207122596,0.6487268518518519,42.28603603603604,1030.8558558558557,28.63488488488488,0
851,4,0,0,44,0.0,0.0,1.0,44,1100,700,400,0.6363636363636364,15,7,8,367.6605613928033,0.8291270260747006,0.23319273521238593,0.22511836513088757,133007.1625679734,980.2976118009922,133987.46017977438,848,17,413.04545454545456,36,8,16,32.63578056768558,0.650462962962963,42.11711711711712,1031.5315315315318,28.65365365365366,0
852,4,0,0,44,0.0,0.0,1.0,44,800,400,400,0.5,12,4,8,364.8299142969431,0.8293912966878083,0.23142494130378055,0.22362766538240636,133047.67001625497,907.9540098876516,133955.6240261426,849,18,414.04545454545456,37,7,16,32.66807932121726,0.6489301801801801,42.07785087719298,1031.6885964912278,27.883475580843996,0
853,4,0,0,44,0.0,0.0,1.0,44,1300,800,500,0.6153846153846154,18,8,10,363.9697672300082,0.8298757928118393,0.2311567614541592,0.22411872848074063,133217.40974386342,897.4219230917124,134114.83166695514,850,19,415.04545454545456,37,7,17,32.51980439015755,0.6506193693693694,41.91337719298245,1032.3464912280697,27.90125651967756,0
854,4,0,1,43,0.0,0.022727272727272728,0.9772727272727273,44,1300,900,400,0.6923076923076923,17,9,8,361.91944005313667,0.8296555673009162,0.23012238319064915,0.22353568563019638,133330.62967691984,850.989366920589,134181.61904384042,851,20,416.04545454545456,37,7,17,32.459103054110486,0.6517454954954955,41.80372807017544,1032.7850877192984,27.913110478899956,0
855,4,0,0,43,0.0,0.0,1.0,43,900,700,200,0.7777777777777778,11,7,4,372.2948725393134,0.8298726467331118,0.2612826119087295,0.22206294162050833,132021.60564280508,1241.3837112654146,133262.9893540705,852,21,426.0,36,7,15,33.509113156549056,0.640625,43.07432432432433,1027.7027027027036,28.547297297297323,3
856,4,2,1,44,0.044444444444444446,0.022222222222222223,0.9777777777777777,45,1150,1000,150,0.8695652173913043,13,10,3,358.97873335437345,0.8398148148148149,0.2624468195496521,0.21689517575774941,132507.9800044747,513.5093642706131,133021.4893687453,853,0,408.02222222222224,38,7,16,33.36143682335443,0.64172149122807,42.60149572649574,1029.5940170940194,27.094579397211035,0
857,4,0,0,44,0.0,0.0,1.0,44,1350,800,550,0.5925925925925926,19,8,11,366.6116606046587,0.8332011980267795,0.27001161777519633,0.22152403430358714,132510.87474030466,916.006367343798,133426.88110764846,854,1,418.29545454545456,37,7,17,33.162051828186016,0.643581081081081,42.598684210526315,1029.6052631578943,27.827169274537685,0
858,4,0,0,44,0.0,0.0,1.0,44,1150,800,350,0.6956521739130435,15,8,7,374.44642739110355,0.8333553558844257,0.2803030303030303,0.219318621757646,131328.12499999974,1038.544071252664,132366.6690712524,855,2,419.29545454545456,37,7,16,34.15481029810298,0.6317567567567569,43.749999999999986,1024.999999999998,27.70270270270265,3
859,4,0,0,44,0.0,0.0,1.0,44,1100,800,300,0.7272727272727273,14,8,6,381.7304484331153,0.8337077167019028,0.2764128983362806,0.2220736719637452,131067.83743142302,1210.8571493489258,132278.69458077193,856,3,420.29545454545456,40,4,16,34.231920735741696,0.6239583333333334,44.0040650406504,1023.9837398373977,25.599593495934943,4
860,4,0,0,44,0.0,0.0,1.0,44,1300,900,400,0.6923076923076923,17,9,8,383.15052302124076,0.833443446088795,0.2721659106690357,0.22365607542426888,131197.94894118892,1253.712551226102,132451.66149241503,857,4,421.29545454545456,40,4,17,34.063667625566254,0.6252604166666667,43.877032520325194,1024.4918699186978,25.612296747967445,0
861,4,0,0,44,0.0,0.0,1.0,44,850,500,350,0.5882352941176471,12,5,7,382.8440072057942,0.8329589499647639,0.2689544192420035,0.22393265479485075,131276.0468305902,1251.6495637517278,132527.69639434194,858,5,422.29545454545456,40,4,18,33.99238066904667,0.6260416666666667,43.80081300813008,1024.7967479674794,25.619918699186986,0
862,4,1,0,45,0.022222222222222223,0.0,1.0,45,1550,1200,350,0.7741935483870968,19,12,7,377.9377746391623,0.8338383838383839,0.27431767943339214,0.2232279949487426,131648.6328125,951.018919583251,132599.65173208326,859,0,413.8888888888889,39,6,17,33.741033969414,0.6314102564102565,43.4375,1026.25,26.314102564102566,0
863,4,0,2,43,0.0,0.044444444444444446,0.9555555555555556,45,1400,1200,200,0.8571428571428571,16,12,4,376.2015344330079,0.8336700336700337,0.263492385557923,0.22298367558064688,131782.2930230034,915.3401692708301,132697.63319227425,860,1,414.8888888888889,39,6,18,33.650472591390205,0.6327457264957266,43.307291666666664,1026.770833333333,26.327457264957257,0
864,4,0,0,43,0.0,0.0,1.0,43,1200,800,400,0.6666666666666666,16,8,8,395.3658046606764,0.8223975636766334,0.2792884118465515,0.2336252482085816,131665.51246537405,1811.2082563865915,133476.72072176065,861,2,434.06976744186045,37,6,18,33.27679843304844,0.6351351351351351,43.42105263157895,1026.3157894736848,27.73826458036986,0
865,4,0,0,43,0.0,0.0,1.0,43,800,300,500,0.375,13,3,10,399.50506187547677,0.8220284237726098,0.2772220180205238,0.23676996198746622,131778.07113727301,1929.2012927054525,133707.27242997847,862,3,435.06976744186045,37,6,18,33.056564146376196,0.6362612612612613,43.31140350877193,1026.7543859649124,27.75011853959223,0
866,4,0,0,43,0.0,0.0,1.0,43,1300,600,700,0.46153846153846156,20,6,14,398.29379136286025,0.8226282761166481,0.2753845962825461,0.23622681166011317,131806.21831957914,1899.5196839412188,133705.73800352035,863,4,436.06976744186045,37,6,18,33.059151984338854,0.6365427927927928,43.28399122807018,1026.8640350877197,27.75308202939783,0
867,4,0,0,43,0.0,0.0,1.0,43,1000,700,300,0.7,13,7,6,399.2871302008707,0.8223975636766334,0.2744528591321702,0.2375188014509181,131918.8371061289,1934.6987775084792,133853.53588363738,864,5,437.06976744186045,37,6,18,32.91962411498916,0.6376689189189189,43.174342105263165,1027.3026315789482,27.76493598862022,0
868,4,1,0,44,0.022727272727272728,0.0,1.0,44,800,400,400,0.5,12,4,8,392.5416433753916,0.8271449964763918,0.2713248210339423,0.2352805640804184,132205.65440317048,1579.2449685879242,133784.8993717584,865,0,428.1136363636364,38,6,19,32.80286896599489,0.6387061403508771,42.89529914529915,1028.4188034188037,27.063652721547466,0
869,4,0,0,44,0.0,0.0,1.0,44,1100,700,400,0.6363636363636364,15,7,8,394.4617551377258,0.8261319591261452,0.2749406394375009,0.23730165756701926,132344.40646701396,1640.9613715277874,133985.36783854174,866,1,429.1136363636364,39,5,19,32.61329891341027,0.6383547008547008,42.76041666666667,1028.958333333334,26.383547008547023,0
870,4,0,0,44,0.0,0.0,1.0,44,1050,400,650,0.38095238095238093,17,4,13,391.6191654311017,0.8259117336152221,0.27518905101714775,0.23645738548119685,132482.65241468514,1576.5708559364243,134059.22327062156,867,2,430.1136363636364,37,7,19,32.546841161643044,0.6432995495495497,42.62609649122806,1029.4956140350866,27.824205784732072,0
871,4,0,0,44,0.0,0.0,1.0,44,1200,800,400,0.6666666666666666,16,8,8,396.6211654014439,0.8261980267794221,0.2746222205012545,0.23983704856953986,132539.10007165637,1713.5624663357676,134252.66253799215,868,3,431.1136363636364,37,7,19,32.36110371632413,0.6438626126126128,42.57127192982455,1029.7149122806995,27.83013276434323,0
872,4,0,0,44,0.0,0.0,1.0,44,1000,700,300,0.7,13,7,6,394.2652884916608,0.8254492600422834,0.2727131300560055,0.2390884221155087,132645.514875082,1659.504437869804,134305.0193129518,869,4,432.1136363636364,38,6,17,32.314353868492006,0.643092105263158,42.46794871794871,1030.1282051282037,27.108636977057994,0
873,4,0,1,43,0.0,0.022727272727272728,0.9772727272727273,44,800,600,200,0.75,10,6,4,391.95063961939763,0.8258676885130374,0.2682666478156377,0.23820818646055966,132728.07004026923,1604.5703895463196,134332.64042981554,870,5,433.1136363636364,38,6,17,32.290694660445816,0.6439144736842106,42.3878205128205,1030.4487179487153,27.117071524966192,0
874,4,0,0,43,0.0,0.0,1.0,43,1300,800,500,0.6153846153846154,18,8,10,391.7145070282672,0.8253968253968254,0.2645358115781744,0.23829933019797242,132765.0109288431,1801.1961613188266,134566.20709016194,871,6,437.7674418604651,37,6,17,32.259526722700976,0.6461148648648651,42.351973684210506,1030.592105263155,27.853840682787972,0
875,4,0,0,43,0.0,0.0,1.0,43,600,500,100,0.8333333333333334,7,5,2,390.20461747397087,0.824796973052787,0.2670064324591792,0.23755980597508533,132793.26331178786,1763.3089027392648,134556.5722145271,872,7,438.7674418604651,37,6,17,32.269946808510646,0.6463963963963966,42.32456140350875,1030.701754385962,27.856804172593566,0
876,4,0,0,43,0.0,0.0,1.0,43,700,300,400,0.42857142857142855,11,3,8,392.3875583777141,0.8246124031007751,0.26762242570853356,0.23924953462174187,132849.77709487503,1825.7199330562908,134675.49702793133,873,8,439.7674418604651,37,6,17,32.156721974048054,0.6469594594594597,42.269736842105246,1030.9210526315765,27.86273115220477,0
877,4,0,1,42,0.0,0.023255813953488372,0.9767441860465116,43,1000,800,200,0.8,12,8,4,388.0828486889098,0.8234588409007013,0.2605590791637309,0.2371617408654444,132934.57031249962,1717.9253472221787,134652.4956597218,874,9,440.7674418604651,37,6,17,32.182239057239045,0.6478040540540542,42.18749999999998,1031.249999999997,27.871621621621543,0
878,4,0,0,42,0.0,0.0,1.0,42,950,500,450,0.5263157894736842,14,5,9,396.0085282605035,0.81755710414247,0.26353783103455486,0.24172360565021106,132891.0244704162,2125.1958039119995,135016.2202743282,875,16,452.04761904761904,36,6,17,32.02180719382554,0.6493055555555557,42.22972972972972,1031.0810810810797,28.6411411411411,0
879,4,0,0,42,0.0,0.0,1.0,42,1000,800,200,0.8,12,8,4,390.4918837145372,0.816105303910182,0.25553199120495274,0.23928402319122893,133036.20501836282,1989.911659970765,135026.11667833358,876,17,453.04761904761904,36,6,17,32.017747334716006,0.6507523148148149,42.088963963963955,1031.6441441441432,28.656781781781756,0
880,4,0,1,41,0.0,0.023809523809523808,0.9761904761904762,42,1500,1100,400,0.7333333333333333,19,11,8,391.74710690681513,0.8154277971351143,0.25329352520228876,0.24042724317395464,133094.2994303423,2027.8613495251748,135122.16077986747,877,18,454.04761904761904,36,6,17,31.926861653752404,0.6513310185185187,42.032657657657644,1031.8693693693676,28.66303803803799,0
881,4,0,0,41,0.0,0.0,1.0,41,1050,600,450,0.5714285714285714,15,6,9,396.0336854156067,0.8140752032520325,0.26307323638512314,0.24318432087916958,133113.66705246884,2343.499228395027,135457.16628086386,878,19,464.219512195122,35,6,17,31.79676985195154,0.6535714285714287,42.01388888888887,1031.944444444442,29.484126984126917,0
882,4,0,0,41,0.0,0.0,1.0,41,1100,800,300,0.7272727272727273,14,8,6,398.8714908182907,0.8121951219512195,0.2636029675816447,0.24594839941579702,133268.658755884,2431.4137194626787,135700.07247534668,879,20,465.219512195122,36,5,17,31.567419202384833,0.6530671296296298,41.863738738738725,1032.545045045043,28.68180680680675,0
883,4,0,0,41,0.0,0.0,1.0,41,950,600,350,0.631578947368421,13,6,7,399.7973405400592,0.8119410569105691,0.2642227686582044,0.2476799864588143,133443.13221583058,2470.041874644902,135913.17409047548,880,21,466.219512195122,36,5,17,31.367847411444146,0.6548032407407408,41.69481981981981,1033.2207207207198,28.70057557557555,0
884,4,1,1,41,0.023809523809523808,0.023809523809523808,0.9761904761904762,42,1100,900,200,0.8181818181818182,13,9,4,393.54423566033233,0.8190814943863725,0.25737692337208884,0.24542130475099094,133687.58680555547,2122.4053445337136,135809.99215008918,881,0,456.0952380952381,34,8,17,31.28357507386517,0.6614583333333334,41.45833333333333,1034.166666666666,30.41666666666665,0
885,4,1,1,41,0.023809523809523808,0.023809523809523808,0.9761904761904762,42,1050,700,350,0.6666666666666666,14,7,7,401.4177786239479,0.8160811072396438,0.2578178072885855,0.2513777616570141,133841.52494331068,2345.2735260770987,136186.79846938778,882,0,457.07142857142856,34,8,16,30.925228179168577,0.6629901960784313,41.30952380952381,1034.7619047619048,30.43417366946779,0
886,4,0,1,40,0.0,0.024390243902439025,0.975609756097561,41,1050,600,450,0.5714285714285714,15,6,9,408.9524144196416,0.8109247967479675,0.2634227266552793,0.2550738673530936,133693.92368620256,2734.8905769415774,136428.81426314413,883,24,469.219512195122,33,8,17,30.878831417624525,0.6638257575757576,41.45220588235295,1034.1911764705892,31.339126559714824,0
887,4,0,0,40,0.0,0.0,1.0,40,900,500,400,0.5555555555555556,13,5,8,412.37062061213567,0.8079059829059829,0.26633009593746326,0.25809081911254705,133820.69283749038,3036.744431228371,136857.43726871876,884,25,472.6,33,7,16,30.662851869398715,0.6650883838383839,41.3296568627451,1034.6813725490194,31.353980986333923,0
888,4,0,0,40,0.0,0.0,1.0,40,850,300,550,0.35294117647058826,14,3,11,412.22681220675076,0.8077724358974359,0.2697891994315491,0.2582227894861872,133852.39451172634,3035.509179161871,136887.9036908882,885,26,473.6,33,7,17,30.634671561661133,0.6654040404040404,41.29901960784314,1034.803921568628,31.35769459298873,0
889,4,0,0,40,0.0,0.0,1.0,40,1550,1300,250,0.8387096774193549,18,13,5,408.26087786373535,0.8063301282051282,0.2605828926189928,0.2569502978045422,134026.3676303856,2943.5445011337983,136969.91213151938,886,27,474.6,34,6,17,30.562341917682225,0.664828431372549,41.13095238095239,1035.4761904761913,30.455182072829157,0
890,4,0,0,40,0.0,0.0,1.0,40,1550,1200,350,0.7741935483870968,19,12,7,410.0677073330678,0.8057959401709401,0.26394125761581844,0.25830405402536966,134057.18714569154,2994.5046768707443,137051.69182256228,887,28,475.6,34,6,17,30.484586350921568,0.6651348039215685,41.101190476190474,1035.5952380952376,30.458683473389343,0
891,4,0,0,40,0.0,0.0,1.0,40,1250,800,450,0.64,17,8,9,414.92729635070464,0.8046207264957265,0.27113351717798473,0.2622448990660988,134180.50063775506,3135.0304705215353,137315.5311082766,888,29,476.6,34,6,17,30.23478494005898,0.666360294117647,40.982142857142854,1036.0714285714282,30.472689075630242,0
892,4,0,0,40,0.0,0.0,1.0,40,850,600,250,0.7058823529411765,11,6,5,415.375532450688,0.8028044871794872,0.275630092341119,0.2635101155209223,134317.21153163293,3158.416651448743,137475.62818308166,889,30,477.6,36,4,18,30.085777657070427,0.6634837962962963,40.85022522522522,1036.5990990990988,28.794419419419413,0
893,4,0,0,40,0.0,0.0,1.0,40,900,600,300,0.6666666666666666,12,6,6,413.5572254850365,0.8018429487179487,0.27587433474530276,0.2627758022802436,134375.58493882386,3114.3988160457616,137489.9837548696,890,31,478.6,36,4,18,30.074264146844783,0.6640625,40.79391891891891,1036.8243243243235,28.800675675675652,0
894,4,0,0,40,0.0,0.0,1.0,40,1200,800,400,0.6666666666666666,16,8,8,415.4458461687186,0.8012286324786325,0.27573832790445185,0.26460969870082285,134463.16882761137,3172.4329904228557,137635.60181803422,891,32,479.6,36,4,18,29.93734165761853,0.6649305555555556,40.70945945945946,1037.162162162162,28.810060060060056,0
895,4,0,0,40,0.0,0.0,1.0,40,1250,1000,250,0.8,15,10,5,412.1335693191247,0.801923076923077,0.26993061130863616,0.26402590675190685,134674.3214994332,3100.818830240899,137775.1403296741,892,33,480.6,34,6,18,29.81133157472187,0.6712622549019608,40.50595238095239,1037.9761904761913,30.52871148459386,0
896,4,0,0,40,0.0,0.0,1.0,40,1200,900,300,0.75,15,9,6,413.73174606514624,0.8020833333333334,0.27227637614678946,0.2652750607123584,134705.21541950107,3146.3647959183645,137851.58021541944,893,34,481.6,34,6,18,29.738866590214077,0.6715686274509804,40.476190476190474,1038.0952380952376,30.53221288515405,0
897,4,0,0,40,0.0,0.0,1.0,40,700,500,200,0.7142857142857143,9,5,4,416.8551204181522,0.8007745726495726,0.2769030150177689,0.26796073805508797,134797.9184382087,3238.2405045351557,138036.15894274384,894,35,482.6,34,6,16,29.56479995414421,0.6724877450980391,40.386904761904766,1038.4523809523816,30.542717086834756,0
898,4,0,0,40,0.0,0.0,1.0,40,1050,700,350,0.6666666666666666,14,7,7,419.3151190318671,0.8012820512820513,0.28105436114514903,0.27061048336082466,134941.3275489755,3316.5877647033662,138257.91531367888,895,36,483.6,35,5,16,29.357083843897364,0.6717261904761904,40.248842592592595,1039.0046296296298,29.685846560846567,0
899,4,0,0,40,0.0,0.0,1.0,40,1300,1000,300,0.7692307692307693,16,10,6,418.1107706394754,0.7999732905982906,0.2805110220440883,0.2709574994144134,135091.6883680556,3296.657986111119,138388.34635416672,896,37,484.6,35,5,16,29.237641950567802,0.6732142857142855,40.10416666666667,1039.5833333333337,29.702380952380963,0
900,4,0,0,40,0.0,0.0,1.0,40,700,500,200,0.7142857142857143,9,5,4,367.6545332051394,0.7999732905982906,0.22883691736709966,0.22528984472858068,133036.20501836293,1836.5262433041112,134872.73126166704,897,38,485.6,36,4,16,32.60674780773569,0.6507523148148149,42.08896396396396,1031.644144144144,28.65678178178178,6
901,4,1,0,41,0.024390243902439025,0.0,1.0,41,850,500,350,0.5882352941176471,12,5,7,361.54813582701104,0.8040142276422764,0.2264098182383094,0.22347660364110533,133358.94217451528,1443.135387811637,134802.07756232691,898,0,474.7317073170732,37,4,17,32.44028662420381,0.652027027027027,41.776315789473685,1032.8947368421057,27.916073968705557,0
902,4,0,0,41,0.0,0.0,1.0,41,1100,800,300,0.7272727272727273,14,8,6,361.6834173811296,0.8028455284552846,0.22728508087373167,0.2240725076911495,133443.8977016966,1452.8889898814946,134896.7866915781,899,1,475.7317073170732,37,4,17,32.35158212175881,0.6528716216216216,41.69407894736842,1033.2236842105258,27.92496443812232,0
903,4,0,0,41,0.0,0.0,1.0,41,1000,700,300,0.7,13,7,6,363.34109025819754,0.8026930894308943,0.23273575551300363,0.22545327275298419,133502.12358807,1501.3674387198507,135003.49102678985,900,2,476.7317073170732,35,6,17,32.25036864897151,0.6574404761904763,41.637731481481474,1033.449074074073,29.52711640211637,0
904,4,0,0,41,0.0,0.0,1.0,41,950,600,350,0.631578947368421,13,6,7,363.1150487501585,0.8015243902439024,0.23119133810545645,0.2262252333008309,133651.6806520061,1506.1873070987544,135157.86795910486,901,3,477.7317073170732,35,6,17,32.106279382135654,0.6589285714285715,41.49305555555555,1034.0277777777771,29.543650793650777,0
905,4,0,0,41,0.0,0.0,1.0,41,1050,600,450,0.5714285714285714,15,6,9,363.2868099432,0.8007621951219512,0.22803158888603892,0.22706695855051193,133771.3865847907,1519.476058813432,135290.86264360414,902,4,478.7317073170732,35,6,17,31.981893786827776,0.6601190476190477,41.37731481481481,1034.49074074074,29.556878306878286,0
906,4,0,0,41,0.0,0.0,1.0,41,1000,600,400,0.6,14,6,8,361.9416477909828,0.798729674796748,0.22949653653228608,0.2268924790722461,133879.81520371695,1491.3361841570998,135371.15138787404,903,5,479.7317073170732,36,5,17,31.908097569822264,0.6591435185185187,41.27252252252251,1034.9099099099078,28.747497497497438,0
907,4,0,0,41,0.0,0.0,1.0,41,800,500,300,0.625,11,5,6,360.0867405796543,0.797459349593496,0.22427243201935965,0.22608724859345494,133938.0934989042,1445.8663054946733,135383.95980439888,904,6,480.7317073170732,36,5,17,31.897755294458957,0.6597222222222223,41.21621621621621,1035.1351351351343,28.75375375375373,0
908,4,0,0,41,0.0,0.0,1.0,41,800,400,400,0.5,12,4,8,356.2684048503795,0.796239837398374,0.21771641533707364,0.22422231229289785,134025.5347196858,1349.8126927603162,135375.3474124461,905,7,481.7317073170732,36,5,17,31.90909914808772,0.6605902777777779,41.13175675675675,1035.4729729729722,28.763138138138117,0
909,4,0,0,41,0.0,0.0,1.0,41,1050,700,350,0.6666666666666666,14,7,7,361.0578922495274,0.7941056910569105,0.22537115588547207,0.2281409758719541,134171.33349565775,1488.72377445012,135660.05727010788,906,8,482.7317073170732,36,5,17,31.63926630434782,0.6620370370370371,40.99099099099099,1036.0360360360355,28.778778778778765,0
910,4,0,0,41,0.0,0.0,1.0,41,1250,1100,150,0.88,14,11,3,358.2562217625087,0.7934451219512195,0.2233705387901337,0.22709299346433393,134288.0295836376,1421.904421313192,135709.9340049508,907,9,483.7317073170732,36,5,18,31.595185064464708,0.6631944444444444,40.87837837837837,1036.4864864864858,28.791291291291273,0
911,4,0,2,39,0.0,0.04878048780487805,0.9512195121951219,41,1150,800,350,0.6956521739130435,15,8,7,357.04062858915074,0.7931910569105691,0.22362667836091354,0.2267172023714182,134351.77320185042,1393.808311211128,135745.58151306154,908,10,484.7317073170732,37,4,18,31.56299576943417,0.6618806306306306,40.816885964912274,1036.7324561403498,28.019796111901346,0
912,4,0,0,39,0.0,0.0,1.0,39,800,600,200,0.75,10,6,4,369.2817766771509,0.7897548358074674,0.2258151349060442,0.2338436370839611,134250.7461526921,2115.27081189987,136366.01696459195,909,11,489.15384615384613,35,4,18,31.34679100588192,0.6648809523809524,40.914351851851855,1036.342592592593,29.60978835978837,0
913,4,0,0,39,0.0,0.0,1.0,39,1450,1200,250,0.8275862068965517,17,12,5,366.4301658163264,0.7881241565452092,0.22477106227106236,0.23318283279220775,134430.72702331963,2051.8947187928675,136482.6217421125,910,12,490.15384615384613,35,4,18,31.240699404761905,0.6666666666666666,40.74074074074074,1037.0370370370372,29.629629629629633,0
914,4,0,0,39,0.0,0.0,1.0,39,600,400,200,0.6666666666666666,8,4,4,366.37570289213886,0.7878430049482681,0.22565933657207915,0.2335319380739224,134490.74743870032,2054.828425068595,136545.5758637689,911,13,491.15384615384613,35,4,18,31.18212080636763,0.6672619047619047,40.682870370370374,1037.268518518519,29.636243386243397,0
915,4,0,0,39,0.0,0.0,1.0,39,1250,900,350,0.72,16,9,7,364.41157012305246,0.7866621682411157,0.22663642808187956,0.2330576417287341,134612.5442885486,2010.8871204088473,136623.43140895746,912,14,492.15384615384613,34,5,19,31.111381973920693,0.6706495098039216,40.56547619047618,1037.7380952380943,30.52170868347336,0
916,4,0,0,39,0.0,0.0,1.0,39,1400,1200,200,0.8571428571428571,16,12,4,362.5025208507957,0.7861560953666217,0.22569631309165694,0.23223067445246764,134674.32149943296,1963.956207482976,136638.27770691595,913,15,493.15384615384613,34,5,19,31.099227740184276,0.6712622549019609,40.50595238095237,1037.9761904761892,30.5287114845938,0
917,4,0,0,39,0.0,0.0,1.0,39,1000,700,300,0.7,13,7,6,360.03935494051166,0.78621232568601,0.22234607810351892,0.23120351132221384,134761.00508241158,1903.853068201286,136664.85815061285,914,16,494.15384615384613,35,4,19,31.076640471147762,0.6699404761904763,40.422453703703695,1038.3101851851843,29.666005291005266,0
918,4,0,0,39,0.0,0.0,1.0,39,1150,800,350,0.6956521739130435,15,8,7,359.78547477940356,0.7851439496176339,0.22529125839055664,0.23142330216455803,134821.09917534704,1901.3346354166413,136722.43381076367,915,17,495.15384615384613,35,4,17,31.02327816783683,0.6705357142857145,40.36458333333332,1038.5416666666652,29.672619047619005,0
919,4,0,0,39,0.0,0.0,1.0,39,800,500,300,0.625,11,5,6,358.1190381975967,0.7826135852451642,0.22299105468066105,0.23123613474102336,134960.0164987623,1866.3502607337095,136826.366759496,916,18,496.15384615384613,36,3,17,30.92802825042447,0.669849537037037,40.23085585585586,1039.0765765765768,28.863238238238246,0
920,4,0,0,39,0.0,0.0,1.0,39,750,400,350,0.5333333333333333,11,4,7,356.26262577995647,0.7815452091767882,0.21596361524847807,0.23040979490702312,135018.52940355905,1820.4111628520477,136838.9405664111,917,19,497.15384615384613,36,3,17,30.91793982735579,0.6704282407407407,40.17454954954955,1039.3018018018024,28.86949449449451,0
921,4,0,0,39,0.0,0.0,1.0,39,750,500,250,0.6666666666666666,10,5,5,357.5864144323179,0.7807579847053532,0.21589227047907866,0.2320165400178208,135135.59325795388,1864.5304510591695,137000.12370901305,918,20,498.15384615384613,36,3,18,30.766904942416705,0.6715856481481481,40.06193693693694,1039.7522522522522,28.882007007007005,0
922,4,0,0,39,0.0,0.0,1.0,39,1050,800,250,0.7619047619047619,13,8,5,362.6884961609705,0.7810953666216824,0.22099315591465052,0.23570923730095442,135194.14420755208,2006.672170481285,137200.81637803337,919,21,499.15384615384613,36,3,18,30.575933946940985,0.6721643518518519,40.00563063063063,1039.977477477477,28.888263263263248,0
923,4,0,0,39,0.0,0.0,1.0,39,1150,700,450,0.6086956521739131,16,7,9,363.2081801491915,0.7803081421502475,0.22463514691269637,0.23662321355558735,135281.9944099504,2027.1053993182281,137309.0998092686,920,22,500.15384615384613,36,3,18,30.474895359745975,0.6730324074074074,39.92117117117117,1040.3153153153146,28.897647647647627,0
924,4,0,0,39,0.0,0.0,1.0,39,1000,800,200,0.8,12,8,4,381.7879603132445,0.7804206027890239,0.2116046984014841,0.2427279660093692,134396.43565759627,2470.2568769472614,136866.69253454354,921,23,501.15384615384613,34,5,18,30.876865671641788,0.6685049019607843,40.77380952380952,1036.904761904761,30.497198879551796,4
925,4,1,1,39,0.025,0.025,0.975,40,950,800,150,0.8421052631578947,11,8,3,374.1119126631852,0.7881143162393163,0.21332645779908632,0.239843441363553,134700.92438539513,2078.6440918638464,136779.568477259,922,0,489.6,35,5,19,30.77138384063626,0.6693452380952382,40.48032407407407,1038.078703703703,29.659391534391514,0
926,4,0,0,39,0.0,0.0,1.0,39,1100,600,500,0.5454545454545454,16,6,10,377.95243103024825,0.7867183985605039,0.21053807637915045,0.24254033487967572,134736.112882653,2384.7682823129217,137120.88116496592,923,1,494.8974358974359,34,5,20,30.636538241027427,0.671875,40.44642857142857,1038.214285714285,30.535714285714267,0
927,4,0,0,39,0.0,0.0,1.0,39,1000,500,500,0.5,15,5,10,378.2505301072582,0.7858187134502924,0.2131538873111909,0.2429382270688885,134767.01388888885,2395.138888888884,137162.15277777772,924,2,495.8974358974359,34,5,20,30.59791332263241,0.6721813725490196,40.416666666666664,1038.333333333333,30.539215686274503,0
928,4,0,0,39,0.0,0.0,1.0,39,1050,700,350,0.6666666666666666,14,7,7,374.69172195473203,0.7837381916329285,0.2191708383275759,0.24188678618497758,134952.49433106554,2313.116496598616,137265.61082766415,925,3,496.8974358974359,34,5,19,30.505031698747313,0.6740196078431373,40.23809523809523,1039.0476190476174,30.560224089635806,0
929,4,0,0,39,0.0,0.0,1.0,39,800,600,200,0.75,10,6,4,374.69172195473203,0.7837381916329285,0.2191708383275759,0.24188678618497758,134952.49433106554,2313.116496598616,137265.61082766415,926,4,497.8974358974359,34,5,19,30.505031698747313,0.6740196078431373,40.23809523809523,1039.0476190476174,30.560224089635806,0
930,4,0,0,39,0.0,0.0,1.0,39,1100,900,200,0.8181818181818182,13,9,4,378.03967569794617,0.7847503373819164,0.21884453843216733,0.24446565695133846,135014.34948979583,2408.156179138312,137422.50566893414,927,5,498.8974358974359,34,5,19,30.356290568919444,0.6746323529411765,40.17857142857142,1039.2857142857138,30.567226890756288,0
931,4,0,0,39,0.0,0.0,1.0,39,1050,700,350,0.6666666666666666,14,7,7,358.025494276795,0.7842442645074225,0.14040529363110021,0.22197580645161294,133472.22222222228,1757.2916666666752,135229.51388888896,928,6,499.8974358974359,36,3,21,32.4176747311828,0.6550925925925926,41.66666666666667,1033.333333333334,28.70370370370372,6
932,4,0,0,39,0.0,0.0,1.0,39,1600,1400,200,0.875,18,14,4,357.20212697260496,0.7838506522717049,0.14599281833133881,0.2223614355572319,133621.76254125938,1745.9955579132363,135367.7580991726,929,7,500.8974358974359,35,4,21,32.289101272435545,0.6586309523809524,41.52199074074074,1033.9120370370367,29.540343915343907,0
933,4,0,0,39,0.0,0.0,1.0,39,1050,800,250,0.7619047619047619,13,8,5,352.99846746587633,0.7838506522717049,0.126229396817632,0.22071176544337567,133783.9903263502,1645.1087113342317,135429.09903768444,930,8,501.8974358974359,37,2,16,32.23536036036035,0.6562500000000002,41.365131578947356,1034.5394736842088,27.960526315789426,1
934,4,0,0,39,0.0,0.0,1.0,39,1150,800,350,0.6956521739130435,15,8,7,354.80317627348563,0.783344579397211,0.12357893192727376,0.22252406517245352,133897.45071800915,1701.4481619344099,135598.89887994356,931,9,502.8974358974359,37,2,17,32.07514478934914,0.6573761261261263,41.255482456140335,1034.9780701754366,27.9723802750118,0
935,4,0,2,37,0.0,0.05128205128205128,0.9487179487179487,39,1600,1100,500,0.6875,21,11,10,355.7388084381974,0.7827822762033289,0.13000287857309645,0.22362755188238723,133982.57757194503,1732.5604993844013,135715.13807132942,932,10,503.8974358974359,37,2,18,31.965773494316164,0.6582207207207209,41.173245614035075,1035.3070175438581,27.9812707444286,0
936,4,0,0,37,0.0,0.0,1.0,37,700,400,300,0.5714285714285714,10,4,6,367.19911456652795,0.7738363363363363,0.14176566095125231,0.22969859237999932,133801.3214404362,2426.3453521518995,136227.6667925881,933,35,522.8918918918919,35,2,18,31.850715031509854,0.6604166666666668,41.34837962962962,1034.6064814814802,29.560185185185148,0
937,4,0,0,37,0.0,0.0,1.0,37,1200,800,400,0.6666666666666666,16,8,8,366.46970915047933,0.7729604604604604,0.14486123910383308,0.23036342574497756,133981.0009028846,2419.99568651402,136400.99658939862,934,36,523.8918918918919,35,2,18,31.689607788336122,0.6622023809523812,41.1747685185185,1035.3009259259231,29.580026455026374,0
938,4,0,0,37,0.0,0.0,1.0,37,1150,800,350,0.6956521739130435,15,8,7,362.41981435878796,0.7707707707707707,0.1459725259457043,0.22837552809031175,134070.88584533572,2317.989111796938,136388.87495713265,935,37,524.8918918918919,35,2,18,31.704477723141093,0.6630952380952382,41.08796296296294,1035.6481481481453,29.58994708994701,0
939,4,0,0,37,0.0,0.0,1.0,37,950,700,250,0.7368421052631579,12,7,5,355.01236984844826,0.7703328328328328,0.12220178927947134,0.21887113693282642,133263.00643271997,2062.003145361752,135325.00957808172,936,38,525.8918918918919,35,2,19,32.70525071927661,0.655059523809524,41.86921296296294,1032.523148148145,29.500661375661288,2
940,4,0,0,37,0.0,0.0,1.0,37,500,300,200,0.6,7,3,4,357.30245039192164,0.7692067067067067,0.11940949352714059,0.22099267981620901,133382.53821855685,2131.581548996884,135514.11976755373,937,39,526.8918918918919,35,2,19,32.52626050420167,0.6562500000000002,41.75347222222221,1032.9861111111093,29.513888888888836,0
941,4,0,0,37,0.0,0.0,1.0,37,1350,900,450,0.6666666666666666,18,9,9,360.38599721581363,0.7666416416416416,0.1260389622518172,0.22381053131814654,133533.73724489775,2224.767952609264,135758.505197507,938,40,527.8918918918919,34,3,20,32.2950261076557,0.6599264705882353,41.60714285714285,1033.5714285714268,30.399159663865497,0
942,4,0,0,37,0.0,0.0,1.0,37,950,700,250,0.7368421052631579,12,7,5,360.4090568392633,0.766453953953954,0.11859165795629911,0.2249449630617472,133718.36734693882,2238.662131519279,135957.0294784581,939,41,528.8918918918919,34,3,16,32.109422958870475,0.661764705882353,41.42857142857143,1034.2857142857147,30.420168067226903,0
943,4,0,0,37,0.0,0.0,1.0,37,750,500,250,0.6666666666666666,10,5,5,358.0693388562175,0.7653903903903904,0.11603893882374905,0.22385773774536177,133779.93905895684,2180.4988662131404,135960.43792516997,940,42,529.8918918918919,34,3,16,32.10826620636747,0.6623774509803921,41.36904761904761,1034.5238095238087,30.427170868347314,0
944,4,0,0,37,0.0,0.0,1.0,37,750,500,250,0.6666666666666666,10,5,5,358.669951938267,0.7647647647647647,0.1158514399798487,0.22442048612638432,133810.73022959186,2198.777636054424,136009.5078656463,941,43,530.8918918918919,34,3,16,32.06190311816822,0.6626838235294117,41.339285714285715,1034.6428571428573,30.430672268907568,0
945,4,0,0,37,0.0,0.0,1.0,37,950,800,150,0.8421052631578947,11,8,3,357.8964758069226,0.7659534534534534,0.11286496435466908,0.22431103563010657,133872.32320011334,2182.4865362811793,136054.80973639453,942,44,531.8918918918919,34,3,16,32.02025576134054,0.663296568627451,41.279761904761905,1034.8809523809523,30.437675070028007,0
946,4,0,0,37,0.0,0.0,1.0,37,1150,700,450,0.6086956521739131,16,7,9,355.3997316589956,0.7650775775775776,0.1165880280924525,0.2242446022599655,134118.83680555565,2133.1597222222317,136251.99652777787,943,45,532.8918918918919,34,3,18,31.838294448913906,0.6657475490196079,41.04166666666667,1035.8333333333342,30.465686274509828,0
947,4,0,0,37,0.0,0.0,1.0,37,1150,800,350,0.6956521739130435,15,8,7,353.7629573271855,0.7643893893893894,0.11599489110381755,0.223467341639777,134160.8009286052,2092.224338777444,136253.02526738265,944,46,533.8918918918919,35,2,18,31.838737757420024,0.6639880952380952,41.00115740740741,1035.995370370371,29.59986772486774,0
948,4,1,1,37,0.02631578947368421,0.02631578947368421,0.9736842105263158,38,1550,1200,350,0.7741935483870968,19,12,7,343.46465214484994,0.771040777619725,0.10057717583861892,0.21876275561923042,134463.16882761155,1636.6691015339816,136099.83792914552,945,0,520.8157894736842,36,2,18,31.80374592833875,0.6649305555555556,40.70945945945947,1037.1621621621634,28.810060060060096,0
949,4,1,1,37,0.02631578947368421,0.02631578947368421,0.9736842105263158,38,1350,1100,250,0.8148148148148148,16,11,5,340.97092461622907,0.7725817923186344,0.10590862874573026,0.21787143546559892,134579.99173159653,1577.5728431133937,136157.56457470992,946,0,521.7894736842105,36,2,18,31.75195354894725,0.6660879629629629,40.59684684684685,1037.6126126126132,28.82257257257259,0
950,4,0,0,37,0.0,0.0,1.0,37,850,700,150,0.8235294117647058,10,7,3,371.4812505161713,0.7652027027027027,0.1168683395935548,0.2142564183786479,130735.6234996569,2330.0616432247884,133065.68514288167,947,49,536.8918918918919,35,2,18,34.83099441677984,0.6297619047619047,44.328703703703695,1022.6851851851839,29.219576719576683,8
951,4,0,0,37,0.0,0.0,1.0,37,1000,800,200,0.8,12,8,4,375.0332712270429,0.7656406406406406,0.12026415555827308,0.2169695103172159,130854.01663237308,2414.92198216735,133268.93861454044,948,50,537.8918918918919,35,2,19,34.620098039215684,0.6309523809523809,44.21296296296296,1023.1481481481479,29.232804232804227,0
952,4,0,0,37,0.0,0.0,1.0,37,1100,900,200,0.8181818181818182,13,9,4,375.8534242707949,0.7637012012012012,0.12093853437288882,0.2179456938246979,130942.84664619782,2443.0634591478147,133385.91010534563,949,51,538.8918918918919,35,2,19,34.50905141543216,0.631845238095238,44.12615740740741,1023.4953703703713,29.242724867724895,0
953,4,1,0,38,0.02631578947368421,0.0,1.0,38,550,300,250,0.5454545454545454,8,3,5,369.50820770283747,0.7705073494547179,0.13104100508442196,0.21593803351882604,131241.56832085477,2098.9673372697175,133340.53565812449,950,0,525.6842105263158,36,2,20,34.36893248342309,0.6328125,43.83445945945947,1024.6621621621632,28.462837837837867,0
954,4,0,0,38,0.0,0.0,1.0,38,1300,1000,300,0.7692307692307693,16,10,6,370.3991378036168,0.7703295400663822,0.129342478008051,0.2171314512510878,131360.48179076117,2131.275973757808,133491.757764519,951,1,526.6842105263158,32,6,21,34.22578724801906,0.6429036458333333,43.718434343434346,1025.1262626262628,32.03519570707071,0
955,4,2,2,38,0.05,0.05,0.95,40,1050,800,250,0.7619047619047619,13,8,5,353.19554286057576,0.7871260683760684,0.1363584036838068,0.2098694818522028,131876.97991488117,1315.6723023699446,133192.6522172511,952,0,501.3,36,4,18,34.14556152468663,0.6391782407407407,43.215090090090094,1027.13963963964,28.53165665665667,1
956,4,0,0,38,0.0,0.0,1.0,38,700,300,400,0.42857142857142855,11,3,8,368.47145595939367,0.7695293978188715,0.15472544690549106,0.21784032476319354,131684.26890432098,2104.3788580246924,133788.64776234567,953,3,528.6842105263158,35,3,19,33.94790257104195,0.6392857142857142,43.40277777777778,1026.388888888889,29.325396825396826,0
957,4,0,0,38,0.0,0.0,1.0,38,1200,900,300,0.75,15,9,6,372.12396522994686,0.7704777145566619,0.15800747641369473,0.22034309556673085,131743.67310742452,2204.99560613854,133948.66871356306,954,4,529.6842105263158,35,3,19,33.79415633220594,0.6398809523809523,43.344907407407405,1026.62037037037,29.33201058201057,0
958,4,0,0,38,0.0,0.0,1.0,38,850,600,250,0.7058823529411765,11,6,5,371.3209751255136,0.769855381697487,0.1640022769858398,0.2209011377489318,131921.9660922498,2197.078617969838,134119.04471021963,955,5,530.6842105263158,35,3,19,33.634707826348205,0.6416666666666666,43.171296296296305,1027.314814814816,29.351851851851883,0
959,4,0,0,38,0.0,0.0,1.0,38,950,800,150,0.8421052631578947,11,8,3,370.05113221329395,0.7680772878141299,0.17396870554765242,0.22083696599825636,132040.89506172857,2172.3765432098935,134213.27160493846,956,6,531.6842105263158,35,3,19,33.54729729729729,0.6428571428571427,43.055555555555564,1027.7777777777792,29.365079365079406,0
960,4,0,0,38,0.0,0.0,1.0,38,1400,800,600,0.5714285714285714,20,8,12,369.2902325455045,0.7672178757705074,0.1764615275243484,0.22107644379610952,132159.87761488356,2161.070387517165,134320.94800240072,957,7,532.6842105263158,35,3,19,33.44683325829207,0.644047619047619,42.939814814814824,1028.240740740742,29.378306878306915,0
961,4,0,0,38,0.0,0.0,1.0,38,500,300,200,0.6,7,3,4,368.7934107857374,0.7672475106685633,0.17586993988091448,0.22081656615636533,132166.3106307322,2148.4128976950074,134314.7235284272,958,8,533.6842105263158,36,2,19,33.45311758478445,0.6420717592592592,42.933558558558566,1028.2657657657667,28.562937937937964,0
962,4,0,0,38,0.0,0.0,1.0,38,950,600,350,0.631578947368421,13,6,7,368.6441357157984,0.7657064959696539,0.17587752914531962,0.22106545577756997,132224.21481870406,2148.736278508258,134372.95109721232,959,9,534.6842105263158,36,2,19,33.39857294061826,0.6426504629629628,42.87725225225226,1028.4909909909927,28.569194194194242,0
963,4,0,0,38,0.0,0.0,1.0,38,1100,1000,100,0.9090909090909091,12,10,2,368.8925581144026,0.7668918918918919,0.1746139179622468,0.2218940950290519,132340.06123944907,2163.852746327423,134503.9139857765,960,10,535.6842105263158,36,2,20,33.27541862755828,0.6438078703703702,42.76463963963965,1028.9414414414427,28.581706706706743,0
964,4,0,1,37,0.0,0.02631578947368421,0.9736842105263158,38,550,500,50,0.9090909090909091,6,5,1,374.3123196429006,0.7668918918918919,0.13538720351986377,0.20773239259714205,129231.64859693882,2079.4471733178343,131311.09577025665,961,11,536.6842105263158,34,4,21,36.2886859462202,0.6167279411764706,45.80357142857143,1016.7857142857147,29.90546218487396,5
965,4,1,0,38,0.02631578947368421,0.0,1.0,38,1150,600,550,0.5217391304347826,17,6,11,369.7265345093607,0.7753971076339498,0.14005169814030283,0.20687751892775705,129554.63927469152,1979.957561728417,131534.59683641995,962,0,515.921052631579,35,3,20,36.07605729877217,0.6178571428571427,45.48611111111112,1018.0555555555569,29.087301587301624,0
966,4,1,0,39,0.02564102564102564,0.0,1.0,39,1300,1000,300,0.7692307692307693,16,10,6,360.7960409039418,0.7840755735492578,0.14376196788923257,0.20361133181187574,129889.23890106348,1572.7046303060126,131461.9435313695,963,0,503.6666666666667,36,3,21,35.963046840477254,0.6192129629629628,45.15765765765767,1019.3693693693714,28.31581581581587,0
967,4,2,1,40,0.04878048780487805,0.024390243902439025,0.975609756097561,41,700,500,200,0.7142857142857143,9,5,4,347.0001685271527,0.8074186991869918,0.14905548262281454,0.19846250727492715,130410.3186755188,852.087904482795,131262.4065800016,964,0,480.0487804878049,35,6,23,35.78623701605288,0.6264880952380951,44.64699074074075,1021.4120370370381,29.18320105820109,0
968,4,0,0,40,0.0,0.0,1.0,40,900,500,400,0.5555555555555556,13,5,8,358.497049592748,0.7954059829059829,0.16176110528156662,0.20457945404903527,130323.35778061223,1344.1078514739172,131667.46563208615,965,1,493.05,34,6,23,35.58086549298511,0.6277573529411764,44.732142857142854,1021.0714285714286,30.031512605042018,0
969,4,2,2,40,0.047619047619047616,0.047619047619047616,0.9523809523809523,42,1200,1000,200,0.8333333333333334,14,10,4,342.8473637198244,0.8065476190476191,0.1479440207563485,0.19826660085261674,130838.01442912531,571.4936642724075,131409.50809339772,966,0,470.5238095238095,36,6,18,35.45954870665932,0.628761574074074,44.22860360360362,1023.0855855855875,28.4190440440441,0
970,4,0,0,40,0.0,0.0,1.0,40,800,500,300,0.625,11,5,6,360.6641052783448,0.794150641025641,0.15107733519683197,0.20727322676839832,130597.00255102055,1420.3302154195185,132017.33276644006,967,3,495.05,34,6,18,35.24802973833371,0.6305147058823529,44.46428571428572,1022.1428571428582,30.063025210084067,0
971,4,1,1,40,0.024390243902439025,0.024390243902439025,0.975609756097561,41,1250,900,350,0.72,16,9,7,349.9992691689599,0.7988313008130081,0.14676621718156602,0.20295367457449912,130942.84664619763,965.9801258144669,131908.8267720121,968,0,483.9512195121951,35,6,18,35.170591616721325,0.6318452380952382,44.126157407407405,1023.4953703703698,29.24272486772485,0
972,4,0,0,40,0.0,0.0,1.0,40,1200,900,300,0.75,15,9,6,361.9795923480042,0.7918002136752137,0.14677250523377516,0.21000678373874096,130962.30867346936,1481.1366213151875,132443.44529478456,969,5,497.05,34,6,19,34.8443436458091,0.6341911764705883,44.107142857142854,1023.5714285714284,30.10504201680672,0
973,4,2,1,41,0.047619047619047616,0.023809523809523808,0.9761904761904762,42,700,500,200,0.7142857142857143,9,5,4,345.5007886972681,0.8092092528068138,0.14117700823131596,0.2025215410649703,131357.78523930462,677.3538844228431,132035.13912372745,970,0,474.3333333333333,35,7,20,34.86660739151707,0.6360119047619048,43.72106481481481,1025.11574074074,29.289021164021143,0
974,4,0,0,41,0.0,0.0,1.0,41,750,300,450,0.4,12,3,9,335.43687087290516,0.8003048780487805,0.049678288193924613,0.18853865500787445,129731.44531250016,503.34201388890466,130234.78732638907,971,1,486.9024390243902,37,4,14,36.769342194955684,0.6157094594594594,45.31250000000001,1018.7500000000013,27.533783783783818,8
975,4,2,3,40,0.046511627906976744,0.06976744186046512,0.9302325581395349,43,700,500,200,0.7142857142857143,9,5,4,321.56355690521076,0.8180140273163529,0.05624308710367987,0.1829663025875294,130209.42382812504,-225.87890624999835,129983.54492187504,972,0,465.2093023255814,39,4,14,36.63885486834048,0.6169871794871795,44.84375,1020.6250000000003,26.169871794871803,0
976,4,1,0,41,0.024390243902439025,0.0,1.0,41,800,400,400,0.5,12,4,8,351.90135276719354,0.7967479674796748,0.08171838636694972,0.1959973379099154,129373.1801903255,905.3411255427768,130278.52131586827,973,0,488.6585365853659,36,5,20,36.714310751974025,0.6140046296296295,45.664414414414416,1017.3423423423426,28.259509509509517,7
977,4,0,0,41,0.0,0.0,1.0,41,1000,700,300,0.7,13,7,6,365.78905686888487,0.7967479674796748,0.10268661903003684,0.1965459860592142,127945.07345183015,1160.1815497930272,129105.25500162317,974,1,489.6585365853659,36,5,18,37.82024525081626,0.5995370370370371,47.07207207207207,1011.7117117117112,28.10310310310309,2
978,4,0,0,41,0.0,0.0,1.0,41,1000,600,400,0.6,14,6,8,363.44627636692854,0.7944105691056911,0.10106118860721369,0.19598191831207679,128087.52745566508,1110.586980561638,129198.11443622672,975,2,490.6585365853659,36,5,18,37.73361886750472,0.6009837962962964,46.931306306306304,1012.2747747747745,28.118743743743735,0
979,4,3,2,42,0.06818181818181818,0.045454545454545456,0.9545454545454546,44,1150,700,450,0.6086956521739131,16,7,9,343.1943715282131,0.8197454193093728,0.05491531716790954,0.1947215124018362,130099.04308431939,129.86454714949164,130228.90763146889,976,0,458.1363636363636,38,6,16,36.19881663001363,0.6175986842105263,44.95192307692307,1020.1923076923066,26.847165991902806,5
980,4,1,0,43,0.023255813953488372,0.0,1.0,43,850,400,450,0.47058823529411764,13,4,9,349.5376206315538,0.8091546696197859,0.07198704233238029,0.19829865989975462,130094.74068944286,494.60122345336737,130589.34191289623,977,0,469.7674418604651,37,6,17,36.04139796503295,0.6193693693693694,44.95614035087719,1020.175438596491,27.572309151256512,0
981,4,0,0,43,0.0,0.0,1.0,43,850,400,450,0.47058823529411764,13,4,9,348.4862990869491,0.8081856773717239,0.07101931279532048,0.19812840474051532,130178.65022170285,473.09520717913495,130651.74542888199,978,1,470.7674418604651,37,6,18,35.98310859209914,0.6202139639639639,44.87390350877193,1020.5043859649124,27.58119962067331,0
982,4,0,0,43,0.0,0.0,1.0,43,800,600,200,0.75,10,6,4,347.0177056002724,0.8078165374677002,0.06958731518759986,0.19758087957717557,130235.32238476157,438.79255241436033,130674.11493717594,979,2,471.7674418604651,38,5,18,35.963121903565714,0.618969298245614,44.818376068376075,1020.7264957264964,26.861223571749907,0
983,4,2,2,43,0.044444444444444446,0.044444444444444446,0.9555555555555556,45,1300,900,400,0.6923076923076923,17,9,8,333.1425373735102,0.8222643097643098,0.06184705390722933,0.19209881733368903,130726.51855504415,-289.88147417635247,130436.6370808678,980,0,451.75555555555553,38,7,17,35.820405000696475,0.6239035087719298,44.337606837606835,1022.6495726495723,26.91183085919927,0
984,4,1,1,43,0.022727272727272728,0.022727272727272728,0.9772727272727273,44,1100,700,400,0.6363636363636364,15,7,8,343.99226815883435,0.8162658562367865,0.07382892057026424,0.1987061219599856,130794.81336805565,198.48090277778337,130993.29427083343,981,0,463.0,37,7,17,35.47394772572979,0.6264076576576576,44.270833333333336,1022.9166666666674,27.646396396396415,0
985,4,0,1,42,0.0,0.023255813953488372,0.9767441860465116,43,1000,700,300,0.7,13,7,6,354.86061247064754,0.8074473975636766,0.07469521565413384,0.20445014982445942,130694.03863322789,675.6333191299489,131369.67195235784,982,5,474.7674418604651,36,7,18,35.29804515418503,0.6273148148148149,44.36936936936937,1022.522522522523,28.403403403403416,0
986,4,2,1,43,0.045454545454545456,0.022727272727272728,0.9772727272727273,44,1250,900,350,0.72,16,9,7,344.7646273782753,0.811597075405215,0.13438402198230648,0.19549971024409085,130076.56385633674,169.1596137152688,130245.723470052,983,0,464.52272727272725,39,5,19,36.18156251063684,0.6156517094017095,44.97395833333333,1020.1041666666661,26.15651709401708,2
987,4,0,0,43,0.0,0.0,1.0,43,1050,600,450,0.5714285714285714,15,6,9,353.67665620687694,0.8103082318198597,0.13867247452969433,0.20024895374560184,130017.309746877,596.8174720578469,130614.12721893485,984,1,472.51162790697674,38,5,19,36.014430127802214,0.6167763157894737,45.03205128205128,1019.8717948717944,26.83873144399459,0
988,4,0,0,43,0.0,0.0,1.0,43,800,500,300,0.625,11,5,6,353.74991569770845,0.8103082318198597,0.13796614545906305,0.2004302934816629,130044.55133912254,600.6498146321726,130645.20115375471,985,2,473.51162790697674,38,5,20,35.98490799902239,0.6170504385964912,45.005341880341874,1019.9786324786315,26.841542959963988,0
989,4,0,0,43,0.0,0.0,1.0,43,1250,500,750,0.4,20,5,15,351.67123788304195,0.8086009597637505,0.1447444976495873,0.2000902522630554,130208.06081753604,558.0859860106689,130766.14680354671,986,3,474.51162790697674,38,5,21,35.872021005617775,0.6186951754385964,44.84508547008547,1020.6196581196587,26.85841205578049,0
990,4,1,1,43,0.022727272727272728,0.022727272727272728,0.9772727272727273,44,1650,1300,350,0.7878787878787878,20,13,7,344.3394221429479,0.8181377730796335,0.14508954032166077,0.1974377837754891,130508.09500328745,187.8278179560363,130695.92282124348,987,0,464.70454545454544,38,6,19,35.75517565872019,0.6217105263157894,44.55128205128206,1021.7948717948728,26.889338731444024,0
991,4,1,1,43,0.022727272727272728,0.022727272727272728,0.9772727272727273,44,950,700,250,0.7368421052631579,12,7,5,347.05671866514297,0.8162218111346019,0.14141651700447522,0.19941691456272834,130589.9824334321,264.4261587771347,130854.40859220923,988,0,465.6818181818182,38,6,19,35.602853559109434,0.622532894736842,44.471153846153854,1022.1153846153859,26.89777327935226,0
992,4,1,1,43,0.022727272727272728,0.022727272727272728,0.9772727272727273,44,750,400,350,0.5333333333333333,11,4,7,344.17155119805096,0.8156932699083862,0.14211848868030308,0.1980383387500993,130644.58832137121,192.83012363942407,130837.41844501063,989,0,466.65909090909093,38,6,19,35.62132058382973,0.6230811403508771,44.417735042735046,1022.3290598290602,26.903396311291058,0
993,4,1,1,43,0.022727272727272728,0.022727272727272728,0.9772727272727273,44,1050,700,350,0.6666666666666666,14,7,7,348.2612602171942,0.812566067653277,0.1569973890339431,0.20124330516473363,130808.4744708343,311.10483326028964,131119.5793040946,990,0,467.6363636363636,38,6,20,35.350957354221066,0.6247258771929824,44.25747863247864,1022.9700854700859,26.920265407107525,0
994,4,0,0,43,0.0,0.0,1.0,43,1300,700,600,0.5384615384615384,19,7,12,352.8440534998189,0.8066629752676264,0.1562188360126049,0.20367136949544012,130766.77439212067,628.0557479224391,131394.8301400431,991,8,479.51162790697674,37,6,21,35.27596126357918,0.6261261261261261,44.29824561403509,1022.8070175438598,27.643432906590807,0
995,4,0,0,43,0.0,0.0,1.0,43,950,700,250,0.7368421052631579,12,7,5,351.2316712686957,0.807078257659653,0.15503543695610977,0.20333089058805626,130878.94833025544,593.7663511849751,131472.7146814404,992,9,480.51162790697674,37,6,21,35.203689812830405,0.6272522522522522,44.18859649122807,1023.2456140350876,27.655286865813178,0
996,4,0,0,43,0.0,0.0,1.0,43,850,300,550,0.35294117647058826,14,3,11,353.02461713110074,0.8071705426356589,0.15463347302435215,0.20466656995662688,130935.05333371805,644.6594144352106,131579.71274815325,993,10,481.51162790697674,37,6,21,35.10106420969932,0.6278153153153152,44.13377192982456,1023.4649122807016,27.661213845424367,0
997,4,1,0,44,0.022727272727272728,0.0,1.0,44,950,700,250,0.7368421052631579,12,7,5,350.30984337932557,0.8110024665257224,0.151114681377428,0.20474233442115242,131246.00643080208,395.35359138724243,131641.36002218933,994,0,471.54545454545456,38,6,22,34.85624543843187,0.6291118421052632,43.830128205128204,1024.6794871794868,26.965249662618074,0
998,4,0,0,44,0.0,0.0,1.0,44,1200,900,300,0.75,15,9,6,351.6479411082446,0.8108262861169838,0.14978014271770124,0.205818102443648,131300.7492900322,434.3276307619296,131735.07692079412,995,1,472.54545454545456,38,6,22,34.76667014142254,0.6296600877192982,43.776709401709404,1024.8931623931628,26.970872694556917,0
999,4,0,0,44,0.0,0.0,1.0,44,900,500,400,0.5555555555555556,13,5,8,349.95389387790266,0.8106721282593375,0.15073515479934807,0.20526635486872577,131382.88498064148,395.59043757762174,131778.4754182191,996,2,473.54545454545456,38,6,22,34.72714325413365,0.6304824561403508,43.6965811965812,1025.2136752136757,26.97930724246515,0
1000,4,2,2,44,0.043478260869565216,0.043478260869565216,0.9565217391304348,46,1200,1100,100,0.9166666666666666,13,11,2,338.46521470135053,0.8226449275362319,0.15015597100015032,0.20083329386712576,131823.38271077085,-276.47409362812,131546.90861714273,997,0,453.9130434782609,40,6,16,34.57776678212106,0.6315104166666666,43.26727642276423,1026.930894308944,25.6732723577236,0
1001,4,0,0,44,0.0,0.0,1.0,44,1400,1100,300,0.7857142857142857,17,11,6,351.28677498582334,0.8121696617336153,0.14802787298100806,0.20693592720330514,131547.2334082109,442.16067645554165,131989.39408466642,998,4,475.54545454545456,38,6,23,34.52709504964243,0.6321271929824561,43.53632478632478,1025.8547008547,26.99617633828158,0
1002,4,0,1,43,0.0,0.022727272727272728,0.9772727272727273,44,1350,1100,250,0.8148148148148148,16,11,5,341.7278075219773,0.8110905567300917,0.16112342941611213,0.2001548586914441,131328.12500000017,175.6944444444595,131503.81944444464,999,5,476.54545454545456,42,2,18,34.99322493224931,0.6235119047619047,43.75000000000001,1025.0000000000014,24.404761904761937,1
1003,4,0,0,43,0.0,0.0,1.0,43,800,600,200,0.75,10,6,4,347.69250984441504,0.8058785529715762,0.15911588276619848,0.20310906344304985,131226.45817586308,525.2913202318094,131751.74949609488,1000,17,488.51162790697674,41,2,18,34.943035114898,0.6239837398373983,43.849206349206355,1024.6031746031758,24.990321331784777,0
1004,4,2,1,44,0.044444444444444446,0.022222222222222223,0.9777777777777777,45,650,400,250,0.6153846153846154,9,4,5,336.52599939096615,0.8153198653198653,0.1755454084221213,0.19918701045032852,131728.82080078113,-133.80791588917072,131595.01288489197,1001,0,467.75555555555553,39,6,19,34.72275071875528,0.6322115384615385,43.35937499999999,1026.562499999999,26.322115384615362,0
1005,4,0,0,44,0.0,0.0,1.0,44,1150,1000,150,0.8695652173913043,13,10,3,339.88363878577434,0.8150766384778013,0.1776632503396831,0.20139849868930645,131771.20642681266,157.37542550729475,131928.58185231994,1002,1,475.3181818181818,40,4,19,34.593891253423074,0.6309895833333334,43.318089430894304,1026.727642276422,25.66819105691055,0
1006,4,0,0,44,0.0,0.0,1.0,44,750,300,450,0.4,12,3,9,337.47746631668844,0.8143719168428472,0.17426791417390186,0.20024719889196327,131823.38271077065,97.48423970519926,131920.86695047584,1003,2,476.3181818181818,40,4,19,34.60312551542142,0.6315104166666667,43.267276422764226,1026.9308943089425,25.67327235772356,0
1007,4,0,0,44,0.0,0.0,1.0,44,1100,700,400,0.6363636363636364,15,7,8,339.1518940726808,0.8141076462297393,0.18444185649151512,0.201794378880561,131927.76626222828,148.71036172253272,132076.47662395082,1004,3,477.3181818181818,40,4,19,34.455064793748164,0.6325520833333333,43.16565040650407,1027.3373983739846,25.683434959349615,0
1008,4,0,1,43,0.0,0.022727272727272728,0.9772727272727273,44,1300,800,500,0.6153846153846154,18,8,10,337.40486678325857,0.8142397815362932,0.19184353172783863,0.2013082842347549,132032.1911250744,109.66077153149553,132141.8518966059,1005,4,478.3181818181818,40,4,20,34.39487952800025,0.63359375,43.0640243902439,1027.7439024390246,25.693597560975615,0
1009,4,0,0,43,0.0,0.0,1.0,43,850,500,350,0.5882352941176471,12,5,7,335.4413431379893,0.8122923588039866,0.11467603889561295,0.19100487256652846,130238.42047068683,137.47013817146814,130375.8906088583,1006,5,470.16279069767444,43,0,18,36.255392429724445,0.6111918604651163,44.8153409090909,1020.7386363636351,23.738107822410118,7
1010,4,1,1,43,0.022727272727272728,0.022727272727272728,0.9772727272727273,44,900,600,300,0.6666666666666666,12,6,6,335.02429823440013,0.8205382311486963,0.11145291804168012,0.19216596227877317,130522.07396597594,-54.37778557401862,130467.69618040192,1007,0,460.45454545454544,40,4,15,35.978990551964195,0.6184895833333333,44.53760162601626,1021.849593495935,25.546239837398375,0
1011,4,0,1,42,0.0,0.023255813953488372,0.9767441860465116,43,1150,800,350,0.6956521739130435,15,8,7,339.8630541635949,0.8135843484680694,0.11487537463484965,0.19470659084325606,130475.34722222242,268.75000000002024,130744.09722222244,1008,7,472.16279069767444,39,4,20,35.902664491571514,0.6196581196581196,44.58333333333334,1021.6666666666682,26.196581196581235,0
1012,4,0,0,42,0.0,0.0,1.0,42,1200,800,400,0.6666666666666666,16,8,8,336.72719691314984,0.8082171893147503,0.07924885435345708,0.18956226995389094,129793.15020131,340.97672916290924,130134.1269304729,1009,8,483.5,42,0,17,36.67387790034234,0.6081349206349207,45.251937984496124,1018.9922480620154,24.261720191952747,2
1013,4,0,1,41,0.0,0.023809523809523808,0.9761904761904762,42,1350,1000,350,0.7407407407407407,17,10,7,334.3943277421061,0.8073219125048393,0.0736644624583036,0.18884394643986577,129916.60399202268,288.67509088996763,130205.27908291265,1010,9,484.5,42,0,18,36.60813294046827,0.609375,45.13081395348837,1019.4767441860462,24.27325581395348,0
1014,4,1,0,42,0.023809523809523808,0.0,1.0,42,1150,800,350,0.6956521739130435,15,8,7,333.2703015840712,0.814677700348432,0.0930205747921502,0.18964538555294524,130213.13252095712,279.23398909319053,130492.36651005031,1011,0,482.8095238095238,42,0,19,36.3363951390867,0.6123511904761905,44.84011627906976,1020.6395348837198,24.30094130675523,0
1015,4,1,1,42,0.023255813953488372,0.023255813953488372,0.9767441860465116,43,950,600,350,0.631578947368421,13,6,7,328.13927700536243,0.8205057216685123,0.10166174537146788,0.18813086072730378,130504.37345758708,-35.27784951792114,130469.09560806915,1012,0,472.5581395348837,43,0,15,36.17276799505715,0.6138565891472869,44.554924242424235,1021.7803030303019,23.76233262861167,0
1016,4,1,0,43,0.023255813953488372,0.0,1.0,43,900,700,200,0.7777777777777778,11,7,4,334.39154228258013,0.8160299003322259,0.10932220234545831,0.18864730404243674,129876.19447314051,85.90019513315377,129962.09466827367,1013,0,473.5348837209302,43,0,17,36.64917007308311,0.6075581395348837,45.17045454545455,1019.318181818182,23.705073995771674,1
1017,4,0,0,43,0.0,0.0,1.0,43,900,800,100,0.8888888888888888,10,8,2,333.4849391405718,0.8155684754521964,0.11194236151905756,0.18860114625344937,129972.73875114789,68.79017447199766,130041.52892561989,1014,1,474.5348837209302,43,0,17,36.57441802872708,0.6085271317829457,45.07575757575758,1019.69696969697,23.713883016208605,0
1018,4,1,1,43,0.022727272727272728,0.022727272727272728,0.9772727272727273,44,1100,900,200,0.8181818181818182,13,9,4,330.0291545189502,0.82190362931642,0.12551020408163227,0.18803986710963458,130262.58680555568,-201.90972222221217,130060.67708333346,1015,0,464.72727272727275,44,0,19,36.36904761904762,0.6100852272727273,44.79166666666667,1020.8333333333344,23.2007575757576,0
1019,4,1,1,43,0.022727272727272728,0.022727272727272728,0.9772727272727273,44,1300,900,400,0.6923076923076923,17,9,8,325.92912398702236,0.8231148696264976,0.11973193936982218,0.1865740065101109,130444.2007072509,-296.8871868596812,130147.31352039122,1016,0,464.75,40,4,19,36.2900417827298,0.6177083333333333,44.61382113821138,1021.544715447154,25.538617886178848,0
1020,4,0,0,43,0.0,0.0,1.0,43,1350,1000,350,0.7407407407407407,17,10,7,334.2079841604817,0.8181985972683646,0.11775864031260652,0.1914668170938086,130475.34722222216,121.18055555554628,130596.52777777771,1017,2,476.5581395348837,39,4,19,36.04710440456768,0.6196581196581197,44.58333333333333,1021.6666666666661,26.19658119658118,0
1021,4,1,1,43,0.022727272727272728,0.022727272727272728,0.9772727272727273,44,950,600,350,0.631578947368421,13,6,7,329.89820107236216,0.8218375616631431,0.11547941339870738,0.19031452461415677,130744.07837498422,-173.55274864575821,130570.52562633847,1018,0,466.70454545454544,41,3,13,35.88561370323666,0.6191565040650406,44.320436507936506,1022.7182539682537,24.944347657762286,0
1022,4,0,0,43,0.0,0.0,1.0,43,800,600,200,0.75,10,6,4,334.7114134279809,0.817875599852344,0.11079106754819934,0.19263139697285409,130651.91436975349,146.13738515434557,130798.05175490784,1019,4,478.5581395348837,40,3,14,35.85569913850233,0.6197916666666667,44.41056910569106,1022.357723577236,25.5589430894309,0
1023,4,0,2,41,0.0,0.046511627906976744,0.9534883720930233,43,1100,900,200,0.8181818181818182,13,9,4,330.5528017554269,0.8174603174603174,0.11111637379813422,0.19094285371989939,130794.81336805545,46.91840277776731,130841.73177083321,1020,5,479.5581395348837,41,2,14,35.81763408010861,0.6196646341463414,44.27083333333333,1022.9166666666657,24.949186991869894,0
1024,4,0,1,40,0.0,0.024390243902439025,0.975609756097561,41,800,700,100,0.875,9,7,2,334.66113752061864,0.8091463414634147,0.09591265858991394,0.19286141842683044,130703.86860499681,548.3010691387244,131252.16967413554,1021,6,481.5609756097561,40,1,15,35.80447061551713,0.6203125,44.35975609756097,1022.5609756097543,25.56402439024386,0
1025,4,0,0,40,0.0,0.0,1.0,40,800,600,200,0.75,10,6,4,335.65838160821534,0.8059561965811965,0.09811061315950309,0.19362479380901618,130741.54188368047,776.8988715277718,131518.44075520826,1022,7,484.0,39,1,15,35.74090106606913,0.6223290598290598,44.322916666666664,1022.7083333333327,26.223290598290582,0
1026,4,0,1,39,0.0,0.025,0.975,40,1250,800,450,0.64,17,8,9,340.5606425532362,0.8056891025641025,0.10688110749185675,0.19726814578083718,130901.38888888914,915.9722222222464,131817.3611111114,1023,8,485.0,39,1,16,35.453990228013026,0.6239316239316238,44.16666666666668,1023.3333333333353,26.239316239316288,0
1027,4,1,0,40,0.025,0.0,1.0,40,1050,800,250,0.7619047619047619,13,8,5,343.07199023331566,0.8076121794871794,0.12235557363710292,0.19982723980888392,131114.670138889,996.3541666666713,132111.02430555565,1024,0,485.725,39,1,17,35.17426091673446,0.6260683760683761,43.958333333333336,1024.1666666666674,26.26068376068378,0
1028,4,0,0,40,0.0,0.0,1.0,40,1050,600,450,0.5714285714285714,15,6,9,343.25592234531865,0.8079059829059829,0.11854294782781238,0.20050441535837196,131223.97898902764,1008.681588340273,132232.6605773679,1025,1,486.725,40,0,17,35.059181379355955,0.6255208333333333,43.85162601626016,1024.593495934959,25.614837398373975,0
1029,4,0,0,40,0.0,0.0,1.0,40,1050,800,250,0.7619047619047619,13,8,5,343.3110420449565,0.806383547008547,0.11597764466787908,0.2012297763058492,131356.22409058546,1019.332368492104,132375.55645907755,1026,2,487.725,37,3,19,34.92430117303099,0.6320382882882883,43.72258771929824,1025.109649122806,27.70566619250827,0
1030,4,1,0,41,0.024390243902439025,0.0,1.0,41,900,600,300,0.6666666666666666,12,6,6,355.47549637420553,0.8142784552845529,0.11108294408906039,0.1994367487101932,129659.75265806344,1039.195080512774,130698.94773857621,1027,0,476.8048780487805,36,5,16,36.33186827362525,0.6168981481481481,45.38288288288288,1018.4684684684682,28.290790790790783,6
1031,4,0,1,40,0.0,0.024390243902439025,0.975609756097561,41,1050,800,250,0.7619047619047619,13,8,5,355.5103901372109,0.8146341463414634,0.1107287146491096,0.199821357215053,129731.4453125,1024.1753472222222,130755.62065972222,1028,1,477.8048780487805,37,4,16,36.25809475119291,0.6157094594594594,45.3125,1018.75,27.533783783783782,0
1032,4,0,0,40,0.0,0.0,1.0,40,1000,700,300,0.7,13,7,6,360.7208162225083,0.8111378205128205,0.11476569407603887,0.202972757784904,129774.47041636238,1362.4705786868017,131136.9409950492,1029,2,489.1,36,4,17,36.08163866784557,0.6180555555555556,45.270270270270274,1018.9189189189194,28.303303303303316,0
1033,4,1,2,39,0.024390243902439025,0.04878048780487805,0.9512195121951219,41,1000,600,400,0.6,14,6,8,317.0955899056366,0.8163109756097561,0.019332244682886746,0.18228816776473425,130608.41064453126,83.07020399305611,130691.48084852433,1030,0,478.1463414634146,39,2,13,36.3498462923333,0.6209935897435896,44.453125,1022.1875000000001,26.2099358974359,6
1034,4,1,1,39,0.025,0.025,0.975,40,1100,900,200,0.8181818181818182,13,9,4,319.19803179946234,0.8104967948717948,0.035379231090681085,0.18405804580629231,130726.51855504418,345.52948535319734,131072.04804039738,1031,0,491.0,38,2,16,36.17691356734922,0.6239035087719298,44.337606837606835,1022.6495726495725,26.911830859199277,0
1035,4,0,0,39,0.0,0.0,1.0,39,1200,1000,200,0.8333333333333334,14,10,4,324.9000855321319,0.8031376518218624,0.03597167800921164,0.18713361936918668,130682.67549871124,691.7624894198332,131374.43798813107,1032,8,504.5897435897436,37,2,16,36.07540214477212,0.6252815315315314,44.380482456140356,1022.4780701754394,27.634542437174037,0
1036,4,0,0,39,0.0,0.0,1.0,39,950,700,250,0.7368421052631579,12,7,5,325.74114094432963,0.8021817363922628,0.03310877852629357,0.18816341200431286,130794.81336805565,721.0503472222267,131515.86371527787,1033,9,505.5897435897436,37,2,18,35.94068228105904,0.6264076576576576,44.270833333333336,1022.9166666666674,27.646396396396415,0
1037,4,0,0,39,0.0,0.0,1.0,39,600,500,100,0.8333333333333334,7,5,2,322.12715407972064,0.8020692757534863,0.03505070236024865,0.18661779820149202,130906.99932912068,633.7398286011205,131540.7391577218,1034,10,506.5897435897436,37,2,18,35.919921247187396,0.6275337837837838,44.16118421052632,1023.3552631578962,27.658250355618815,0
1038,4,0,1,38,0.0,0.02564102564102564,0.9743589743589743,39,1200,900,300,0.75,15,9,6,321.31473269847993,0.8010008996851102,0.03567112693076746,0.1865543746562816,130991.17036011082,617.8785780240123,131609.04893813483,1035,11,507.5897435897436,37,2,18,35.85582690659812,0.6283783783783783,44.078947368421055,1023.6842105263158,27.667140825035563,0
1039,4,0,0,38,0.0,0.0,1.0,38,750,500,250,0.6666666666666666,10,5,5,329.29750196458156,0.7961711711711712,0.035409173312945796,0.19071551308809132,130895.62694028487,1020.7205939047185,131916.34753418958,1036,12,520.3947368421053,36,2,18,35.747954953963564,0.6293402777777778,44.1722972972973,1023.3108108108107,28.425300300300297,0
1040,4,0,0,38,0.0,0.0,1.0,38,950,700,250,0.7368421052631579,12,7,5,326.6386541942526,0.7971194879089616,0.033338350827018415,0.18974262014568358,131010.89000740598,958.6441593620623,131969.53416676805,1037,13,521.3947368421053,36,2,19,35.69968466981997,0.6304976851851851,44.05968468468468,1023.7612612612606,28.437812812812794,0
1041,4,2,0,40,0.05,0.0,1.0,40,750,600,150,0.8,9,6,3,312.19774180170197,0.8142094017094017,0.0410693822273156,0.18351415331013707,131465.04635336774,208.6181194754993,131673.66447284323,1038,0,496.275,38,2,22,35.61221655033511,0.6313048245614035,43.616452991452995,1025.5341880341887,26.987741790373388,0
1042,4,0,0,40,0.0,0.0,1.0,40,800,600,200,0.75,10,6,4,313.42072238642385,0.8143162393162393,0.034141072358146785,0.1850280294112847,131629.4461451713,251.07921962889534,131880.52536480018,1039,1,497.275,38,2,18,35.415582162068354,0.6329495614035088,43.45619658119658,1026.1752136752136,27.004610886189834,0
1043,4,0,1,39,0.0,0.025,0.975,40,850,600,250,0.7058823529411765,11,6,5,313.09016182046486,0.8146367521367521,0.03889987510408033,0.18523215977654084,131711.68456424848,247.52652677330488,131959.2110910218,1040,2,498.275,38,2,18,35.341425548154305,0.6337719298245614,43.37606837606837,1026.495726495725,27.013045434098025,0
1044,4,0,0,39,0.0,0.0,1.0,39,1050,700,350,0.6666666666666666,14,7,7,331.3619325281133,0.8031938821412505,0.0596546310832029,0.18879924062648315,130262.58680555549,832.8124999999952,131095.39930555547,1041,3,512.0,37,2,17,36.335034013605444,0.6210585585585586,44.791666666666664,1020.8333333333328,27.590090090090076,6
1045,4,1,1,39,0.025,0.025,0.975,40,950,700,250,0.7368421052631579,12,7,5,322.1297811414887,0.8073450854700854,0.05452336155534687,0.18509403100183897,130589.98243343183,413.3844921104404,131003.36692554227,1042,0,500.175,38,2,14,36.23980871746629,0.6225328947368423,44.47115384615384,1022.1153846153836,26.8977732793522,0
1046,4,0,0,39,0.0,0.0,1.0,39,1150,900,250,0.782608695652174,14,9,5,329.31527975704347,0.8004385964912281,0.057875300631256454,0.18871831345486648,130486.54994806084,794.2429401354091,131280.79288819624,1043,5,514.0,37,2,18,36.16074622594261,0.6233108108108109,44.57236842105262,1021.7105263157887,27.61379800853483,0
1047,4,0,0,39,0.0,0.0,1.0,39,850,700,150,0.8235294117647058,10,7,3,327.57031536949466,0.7994264507422403,0.05012667838544882,0.18812587243124199,130570.58572108718,754.2095885272275,131324.7953096144,1044,6,515.0,37,2,15,36.120386761077135,0.6241554054054055,44.49013157894736,1022.03947368421,27.62268847795162,0
1048,4,1,0,40,0.025,0.0,1.0,40,1100,700,400,0.6363636363636364,15,7,8,318.51700761485307,0.8080662393162393,0.05449467529755725,0.18444715229353437,130890.45606874114,338.1672784717481,131228.62334721288,1045,0,503.1,38,2,16,36.02896394515209,0.6255482456140351,44.17735042735042,1023.2905982905968,26.928699955015706,0
1049,4,1,1,40,0.024390243902439025,0.024390243902439025,0.975609756097561,41,1200,900,300,0.75,15,9,6,332.47479145533026,0.8161585365853659,-0.01595128570010207,0.19294009551384086,130972.4633487651,534.2226194389359,131506.68596820402,1046,0,491.8048780487805,38,3,16,35.5890999547716,0.6263706140350879,44.09722222222221,1023.6111111111085,26.937134502923907,6
1050,4,0,1,39,0.0,0.025,0.975,40,900,600,300,0.6666666666666666,12,6,6,335.23106508680235,0.8086805555555555,-0.0050878320479865735,0.19463415569965065,130991.17036011061,782.4619113573178,131773.63227146794,1047,1,505.075,37,3,16,35.49967866323907,0.6283783783783785,44.07894736842104,1023.6842105263142,27.66714082503552,0
1051,4,0,0,39,0.0,0.0,1.0,39,750,400,350,0.5333333333333333,11,4,7,335.23106508680235,0.8007759784075574,0.01584162766682029,0.19463415569965065,130991.17036011061,982.4619113573178,131973.63227146794,1048,2,518.2051282051282,37,2,16,35.49967866323907,0.6283783783783785,44.07894736842104,1023.6842105263142,27.66714082503552,0
1052,4,0,0,39,0.0,0.0,1.0,39,900,500,400,0.5555555555555556,13,5,8,335.23106508680235,0.8007759784075574,0.01584162766682029,0.19463415569965065,130991.17036011061,982.4619113573178,131973.63227146794,1049,3,519.2051282051282,37,2,16,35.49967866323907,0.6283783783783785,44.07894736842104,1023.6842105263142,27.66714082503552,0
1053,4,0,0,39,0.0,0.0,1.0,39,1050,800,250,0.7619047619047619,13,8,5,336.64809148674254,0.7999887539361223,0.015216036417450063,0.19588514183144468,131075.36844269378,1025.254525430885,132100.62296812466,1050,4,520.2051282051282,37,2,18,35.37840864475138,0.629222972972973,43.99671052631578,1024.0131578947357,27.67603129445232,0
1054,4,1,1,39,0.025,0.025,0.975,40,850,700,150,0.8235294117647058,10,7,3,329.47587612683105,0.8062767094017094,0.013723803565843129,0.19256569944743668,131246.00643080214,648.4785913872452,131894.4850221894,1051,0,508.175,38,2,18,35.38994891043688,0.6291118421052632,43.830128205128204,1024.6794871794873,26.96524966261809,0
1055,4,2,1,40,0.04878048780487805,0.024390243902439025,0.975609756097561,41,1000,400,600,0.4,16,4,12,325.84647087762534,0.8116361788617886,0.02877774561630675,0.1925019187730915,131656.8560979618,380.0100673898677,132036.86616535168,1052,0,496.7317073170732,38,3,17,35.06922756610451,0.6332236842105263,43.429487179487175,1026.2820512820508,27.007422402159232,0
1056,4,0,0,40,0.0,0.0,1.0,40,700,600,100,0.8571428571428571,8,6,2,332.8810584938786,0.8045138888888889,0.030837933548588436,0.19595285362352713,131519.83486969455,756.0923688728026,132275.92723856735,1053,1,510.15,38,2,19,35.0267333263896,0.6318530701754387,43.56303418803418,1025.7478632478624,26.993364822312166,0
1057,4,0,0,40,0.0,0.0,1.0,40,1050,700,350,0.6666666666666666,14,7,7,333.86426523362604,0.8040331196581196,0.02906559083810545,0.19709688184197743,131629.4461451711,789.2736640733258,132418.71980924442,1054,2,511.15,38,2,17,34.89111573833073,0.6329495614035088,43.45619658119657,1026.175213675212,27.00461088618979,0
1058,4,0,0,40,0.0,0.0,1.0,40,950,700,250,0.7368421052631579,12,7,5,335.69547125904194,0.8023771367521367,0.0321651576646893,0.19874909324264486,131739.10307774457,844.844058185369,132583.94713592995,1055,3,512.15,38,2,17,34.7337131855552,0.6340460526315791,43.34935897435896,1026.6025641025615,27.015856950067406,0
1059,4,0,0,40,0.0,0.0,1.0,40,900,500,400,0.5555555555555556,13,5,8,334.7466471763463,0.8022168803418803,0.03716314639475615,0.19847316631781978,131793.9486654428,823.5164867776755,132617.46515222045,1056,4,513.15,38,2,18,34.70285783650677,0.6345942982456142,43.295940170940156,1026.8162393162372,27.02147998200624,0
1060,4,1,1,40,0.024390243902439025,0.024390243902439025,0.975609756097561,41,1050,800,250,0.7619047619047619,13,8,5,327.68912021983897,0.8089430894308943,0.03685845552345479,0.19587909917926033,132103.35422091998,457.766384548592,132561.12060546858,1057,0,501.609756097561,39,2,18,34.573010605600025,0.6359508547008549,42.99479166666666,1028.020833333332,26.35950854700851,0
1061,4,0,0,40,0.0,0.0,1.0,40,750,400,350,0.5333333333333333,11,4,7,335.1054576785811,0.7989850427350428,0.04338739862757368,0.19969295489173397,131985.99810979585,845.8456607494759,132831.84377054533,1058,6,515.15,38,2,19,34.50041588687878,0.636513157894737,43.10897435897434,1027.5641025641,27.041160593792107,0
1062,4,0,0,40,0.0,0.0,1.0,40,900,600,300,0.6666666666666666,12,6,6,334.0963002957069,0.7975694444444444,0.0416510757717492,0.19952455028832974,132068.3478180471,824.7092784352108,132893.0570964823,1059,7,516.15,38,2,19,34.443534975574245,0.6373355263157896,43.02884615384614,1027.8846153846134,27.049595141700355,0
1063,4,1,1,40,0.024390243902439025,0.024390243902439025,0.975609756097561,41,1200,900,300,0.75,15,9,6,329.5270122995999,0.8034552845528455,0.035822399122958704,0.19823799193029495,132344.40646701373,522.2113715277593,132866.61783854148,1060,0,504.5365853658537,39,2,19,34.28367753256395,0.6383547008547009,42.76041666666666,1028.958333333332,26.383547008546973,0
1064,4,0,0,40,0.0,0.0,1.0,40,1000,700,300,0.7,13,7,6,336.84889136366905,0.7958867521367521,0.047749454885266385,0.2026353324624296,132343.03232750748,915.9207438454235,133258.9530713529,1061,9,518.15,38,2,19,34.09671027584535,0.6400767543859649,42.761752136752136,1028.9529914529915,27.07771030139451,0
1065,4,0,1,39,0.0,0.025,0.975,40,1200,1000,200,0.8333333333333334,14,10,4,339.7859332229668,0.7948985042735043,0.05273279352226656,0.2047003061123729,132398.00347222234,997.4072476075739,133395.4107198299,1062,10,519.15,37,3,19,33.965924426450734,0.642454954954955,42.708333333333336,1029.1666666666674,27.815315315315335,0
1066,4,1,0,40,0.025,0.0,1.0,40,1050,900,150,0.8571428571428571,12,9,3,340.6997441380841,0.7959401709401709,0.06789896731608636,0.20633092821979512,132595.5597515581,1035.0546562403722,133630.61440779845,1063,0,519.175,37,3,20,33.74398931828666,0.6444256756756757,42.51644736842105,1029.9342105263152,27.836059743954465,0
1067,4,0,1,39,0.0,0.025,0.975,40,1200,900,300,0.75,15,9,6,340.745869175064,0.7972222222222223,0.06736990528892228,0.20698053863206695,132708.51518015156,1043.9756703985831,133752.49085055015,1064,1,520.175,37,3,16,33.629416303075466,0.6455518018018017,42.406798245614034,1030.3728070175437,27.847913703176857,0
1068,4,1,1,39,0.025,0.025,0.975,40,750,500,250,0.6666666666666666,10,5,5,337.74009623787276,0.7944978632478632,0.06168497978646248,0.2055633254515306,132783.12108490407,969.2368187961304,133752.3579037002,1065,0,521.125,38,2,16,33.63200131301614,0.6444627192982455,42.33440170940172,1030.6623931623942,27.12269455690511,0
1069,4,0,0,39,0.0,0.0,1.0,39,950,600,350,0.631578947368421,13,6,7,344.67051057901836,0.7903733693207378,0.06382287855098356,0.2093644982489358,132708.51518015168,1348.1423370652642,134056.65751721695,1066,14,535.4871794871794,37,2,16,33.52832020857723,0.6455518018018017,42.40679824561404,1030.3728070175446,27.84791370317688,0
1070,4,0,0,39,0.0,0.0,1.0,39,750,600,150,0.8,9,6,3,345.2926794599497,0.7907669815564553,0.06270716197304149,0.21005863393165505,132765.01092884364,1368.557272429996,134133.56820127362,1067,15,536.4871794871794,37,2,16,33.45557594779588,0.6461148648648647,42.351973684210535,1030.592105263159,27.853840682788082,0
1071,4,0,0,39,0.0,0.0,1.0,39,800,400,400,0.5,12,4,8,344.4696560793369,0.7902609086819613,0.05964817556862667,0.21019131577637956,132878.0384950179,1354.4904441751564,134232.52893919306,1068,16,537.4871794871794,37,2,16,33.363354780389244,0.6472409909909909,42.24232456140352,1031.0307017543876,27.865694642010475,0
1072,4,0,0,39,0.0,0.0,1.0,39,950,600,350,0.631578947368421,13,6,7,340.82280350999474,0.7906545209176788,0.06129202854697269,0.20843818529356403,132962.84072984022,1263.3536280394285,134226.19435787963,1069,17,538.4871794871794,37,2,16,33.372315543270254,0.6480855855855854,42.16008771929826,1031.359649122809,27.874585111427272,0
1073,4,0,0,39,0.0,0.0,1.0,39,1150,800,350,0.6956521739130435,15,8,7,342.367142829716,0.7902609086819613,0.06941878525300416,0.21001791486490431,133075.95245652532,1312.1667243767563,134388.11918090208,1070,18,539.4871794871794,37,2,16,33.21909316330146,0.6492117117117115,42.05043859649124,1031.798245614037,27.886439070649647,0
1074,4,0,0,39,0.0,0.0,1.0,39,950,800,150,0.8421052631578947,11,8,3,343.1116362972263,0.7898672964462439,0.06959240136810241,0.2114358093831597,133245.71021852872,1343.6307325330808,134589.3409510618,1071,19,540.4871794871794,37,2,17,33.02977201925801,0.6509009009009008,41.8859649122807,1032.4561403508767,27.904220009483154,0
1075,4,1,0,40,0.025,0.0,1.0,40,900,600,300,0.6666666666666666,12,6,6,335.2627471383975,0.7946581196581196,0.07116935483870979,0.20786290322580653,133472.22222222228,949.652777777788,134421.87500000006,1072,0,527.95,38,2,18,33.00571236559141,0.6513157894736842,41.66666666666667,1033.333333333334,27.192982456140367,0
1076,4,0,0,40,0.0,0.0,1.0,40,1500,1100,400,0.7333333333333333,19,11,8,330.9457992998971,0.7923076923076923,0.07413071133255578,0.20660567338159677,133727.27816491603,851.2961920975537,134578.5743570136,1073,1,528.95,37,3,16,32.862358210537465,0.6556869369369369,41.41995614035087,1034.3201754385957,27.954599336178262,0
1077,4,0,0,40,0.0,0.0,1.0,40,1100,800,300,0.7272727272727273,14,8,6,330.4338403642411,0.7921207264957265,0.07189487070792655,0.20676218286982626,133812.35091566635,843.2258002462207,134655.57671591258,1074,2,529.95,37,3,16,32.79064222128019,0.6565315315315315,41.33771929824561,1034.6491228070174,27.963489805595067,0
1078,4,0,1,39,0.0,0.025,0.975,40,1050,700,350,0.6666666666666666,14,7,7,330.0490759312927,0.7926549145299145,0.06510383555838062,0.20683952049399337,133869.08111149588,836.6733033240946,134705.75441481997,1075,3,530.95,37,3,16,32.743960584869654,0.6570945945945945,41.2828947368421,1034.8684210526317,27.96941678520626,0
1079,4,0,0,39,0.0,0.0,1.0,39,1000,800,200,0.8,12,8,4,338.4088010204082,0.787280701754386,0.0674584561779683,0.2111376649844719,133705.056407759,1249.3935658631453,134954.44997362213,1076,24,545.4871794871794,36,3,16,32.69159226190475,0.6574074074074074,41.441441441441434,1034.2342342342333,28.728728728728704,0
1080,4,0,0,39,0.0,0.0,1.0,39,950,500,450,0.5263157894736842,14,5,9,340.73446484019127,0.786493477282951,0.06428116941830497,0.21326078085501862,133821.5495901305,1319.522816735634,135141.07240686615,1077,25,546.4871794871794,36,3,17,32.51501052096936,0.6585648148148149,41.32882882882882,1034.6846846846834,28.741241241241205,0
1081,4,0,0,39,0.0,0.0,1.0,39,950,600,350,0.631578947368421,13,6,7,339.6760988221778,0.7850877192982456,0.06450456323337694,0.21320095564370709,133925.8233302553,1298.2802400738535,135224.10357032917,1078,26,547.4871794871794,37,2,17,32.438206214689274,0.6576576576576577,41.22807017543859,1035.0877192982443,27.975343764817413,0
1082,4,0,0,39,0.0,0.0,1.0,39,650,600,50,0.9230769230769231,7,6,1,342.02629191712316,0.7840193432298695,0.06564862700384166,0.21550622596112248,134067.73147747363,1370.937812596164,135438.66929006978,1079,27,548.4871794871794,37,2,17,32.23564055055587,0.6590653153153154,41.091008771929815,1035.635964912279,27.990161213845376,0
1083,4,0,1,38,0.0,0.02564102564102564,0.9743589743589743,39,700,400,300,0.5714285714285714,10,4,6,340.78640575227365,0.7839068825910932,0.0686004658056325,0.21489108068998483,134096.12212411492,1339.6270967989976,135435.74922091392,1080,28,549.4871794871794,37,2,17,32.23939586421061,0.6593468468468469,41.06359649122806,1035.7456140350862,27.993124703650977,0
1084,4,0,0,38,0.0,0.0,1.0,38,1000,700,300,0.7,13,7,6,349.1508969707312,0.7855026078710289,0.06786703601108002,0.21991723620156464,134054.68813408006,1761.0629210291356,135815.7510551092,1081,29,539.3421052631579,36,2,17,32.06421270117443,0.6608796296296295,41.1036036036036,1035.5855855855857,28.76626626626627,0
1085,4,0,0,38,0.0,0.0,1.0,38,650,300,350,0.46153846153846156,10,3,7,349.1508969707312,0.7855026078710289,0.06786703601108002,0.21991723620156464,134054.68813408006,1761.0629210291356,135815.7510551092,1082,30,540.3421052631579,36,2,17,32.06421270117443,0.6608796296296295,41.1036036036036,1035.5855855855857,28.76626626626627,0
1086,4,0,0,38,0.0,0.0,1.0,38,300,100,200,0.3333333333333333,5,1,4,347.5303703765535,0.7852655286865813,0.06549332448223977,0.21907037809137483,134083.84471887417,1719.6416433325153,135803.4863622067,1083,31,541.3421052631579,36,2,17,32.077035989996745,0.6611689814814815,41.07545045045045,1035.6981981981974,28.76939439439437,0
1087,4,0,0,38,0.0,0.0,1.0,38,1000,800,200,0.8,12,8,4,348.47071730538397,0.7836356092935041,0.06561639995193969,0.2200125002396861,134142.16739966316,1748.9234589319028,135891.09085859507,1084,32,542.3421052631579,36,2,18,31.994419683298897,0.6617476851851851,41.01914414414414,1035.9234234234234,28.77565065065065,0
1088,4,0,0,38,0.0,0.0,1.0,38,900,700,200,0.7777777777777778,11,7,4,350.56445754800603,0.7833985301090565,0.06395797708985063,0.222040241074625,134258.85080604258,1813.2762407678024,136072.12704681038,1085,33,543.3421052631579,36,2,18,31.823635408743524,0.6629050925925926,40.906531531531535,1036.3738738738743,28.788163163163176,0
1089,4,0,0,38,0.0,0.0,1.0,38,1250,900,350,0.72,16,9,7,350.8248781188193,0.7811759127548601,0.06348124196501614,0.22311707278881462,134408.61761551636,1830.7773786165026,136239.39499413286,1086,34,544.3421052631579,37,1,18,31.667349582319982,0.6624436936936937,40.762061403508774,1036.9517543859652,28.02572309151257,0
1090,4,0,0,38,0.0,0.0,1.0,38,950,800,150,0.8421052631578947,11,8,3,349.6748298164296,0.7806128496917971,0.059697340603093396,0.22290592251101254,134493.906779009,1805.8267928593523,136299.73357186836,1087,35,545.3421052631579,37,1,19,31.61205073995772,0.6632882882882882,40.679824561403514,1037.2807017543867,28.03461356092937,0
1091,4,1,1,38,0.02564102564102564,0.02564102564102564,0.9743589743589743,39,950,600,350,0.631578947368421,13,6,7,342.23016705983434,0.7850314889788574,0.059690950700602485,0.21990971222708972,134784.55387397553,1425.492123735456,136210.045997711,1088,0,532.3333333333334,36,3,17,31.515471930014826,0.6681134259259258,40.399774774774784,1038.4009009009023,28.84446946946951,0
1092,4,0,0,38,0.0,0.0,1.0,38,950,800,150,0.8421052631578947,11,8,3,352.2012323738308,0.7779753437648175,0.06755139046188319,0.2257964870022078,134700.92438539513,1888.3663140860667,136589.2906994812,1089,37,547.3421052631579,35,3,21,31.34000910543724,0.6693452380952382,40.48032407407407,1038.078703703703,29.659391534391514,0
1093,4,0,0,38,0.0,0.0,1.0,38,950,700,250,0.7368421052631579,12,7,5,349.8414816768961,0.7766714082503556,0.06178859404779402,0.22540038033382176,134881.2066642015,1837.4082379543584,136718.61490215588,1090,38,548.3421052631579,35,3,19,31.221564531104924,0.6711309523809526,40.30671296296295,1038.7731481481458,29.679232804232736,0
1094,4,0,1,37,0.0,0.02631578947368421,0.9736842105263158,38,1200,900,300,0.75,15,9,6,346.5877447198603,0.7759305357989569,0.05977983716390822,0.2240468941569203,135001.4618296681,1757.9704378857862,136759.43226755387,1091,39,549.3421052631579,35,3,19,31.18630972268626,0.6723214285714286,40.190972222222214,1039.2361111111102,29.69246031746029,0
1095,4,0,0,37,0.0,0.0,1.0,37,1050,800,250,0.7619047619047619,13,8,5,355.07319280069163,0.7712087087087087,0.06616171625337519,0.22922180671334566,134952.49433106557,2183.6026077097267,137136.0969387753,1092,40,562.7567567567568,34,3,19,31.01464634891535,0.6740196078431373,40.23809523809523,1039.0476190476177,30.560224089635813,0
1096,4,0,0,37,0.0,0.0,1.0,37,700,400,300,0.5714285714285714,10,4,6,350.29074570432647,0.7699574574574575,0.06668379523722567,0.22671523356148784,135045.28238378666,2061.0225340135794,137106.30491780024,1093,41,563.7567567567568,34,3,19,31.046462795403354,0.6749387254901962,40.14880952380951,1039.4047619047603,30.57072829131648,0
1097,4,0,0,37,0.0,0.0,1.0,37,1550,1300,250,0.8387096774193549,18,13,5,349.8211233135059,0.7687687687687688,0.06841554505105929,0.22784001857549194,135272.23186728384,2064.216820987643,137336.44868827148,1094,42,564.7567567567568,35,2,20,30.832777036048064,0.675,39.93055555555555,1040.277777777777,29.722222222222197,0
1098,4,0,0,37,0.0,0.0,1.0,37,900,600,300,0.6666666666666666,12,6,6,350.0898295693092,0.7695195195195195,0.06325244163081978,0.22858806518937227,135362.54882812488,2077.810329861097,137440.35915798598,1095,43,565.7567567567568,35,2,22,30.735944277610947,0.6758928571428573,39.84374999999999,1040.624999999999,29.732142857142833,0
1099,4,0,0,37,0.0,0.0,1.0,37,650,500,150,0.7692307692307693,8,5,3,385.1479641653251,0.7704579579579579,0.08843859971679535,0.22839028957829144,131799.59518274217,2766.03252054498,134565.62770328714,1096,44,566.7567567567568,33,4,19,33.40332478020449,0.6448863636363636,43.29044117647059,1026.8382352941173,31.116310160427798,7
1100,4,0,0,37,0.0,0.0,1.0,37,1500,1100,400,0.7333333333333333,19,11,8,380.7298797996731,0.7689564564564565,0.08819549162896867,0.22746169741877903,132082.8827854671,2657.5800173010393,134740.46280276816,1097,45,567.7567567567568,33,4,20,33.23050786838342,0.6477272727272727,43.01470588235294,1027.941176470588,31.14973262032085,0
1101,4,1,1,37,0.02631578947368421,0.02631578947368421,0.9736842105263158,38,650,500,150,0.7692307692307693,8,5,3,372.0194283757397,0.7745376955903271,0.08028721421698215,0.22357384562052465,132306.12953514743,2244.0901360544285,134550.21967120186,1098,0,553.7894736842105,34,4,20,33.22919077374065,0.647671568627451,42.79761904761905,1028.809523809524,30.25910364145659,0
1102,4,0,0,37,0.0,0.0,1.0,37,900,600,300,0.6666666666666666,12,6,6,380.9429949611048,0.7687062062062062,0.08431814009218397,0.22815793509768925,132177.3795685552,2670.409367791217,134847.78893634642,1099,47,569.7567567567568,33,4,20,33.12961804314147,0.6486742424242424,42.92279411764705,1028.3088235294103,31.16087344028516,0
1103,4,0,0,37,0.0,0.0,1.0,37,450,200,250,0.4444444444444444,7,2,5,380.2466494375809,0.7677677677677678,0.08017694740695114,0.2279632758147995,132214.2874858276,2654.807964852602,134869.0954506802,1100,48,570.7567567567568,34,3,21,33.11026546282363,0.6467524509803921,42.88690476190476,1028.4523809523805,30.248599439775898,0
1104,4,0,0,37,0.0,0.0,1.0,37,550,300,250,0.5454545454545454,8,3,5,379.4733303511101,0.7670795795795796,0.07723080098962565,0.22786859260347034,132275.51197562338,2639.0058106575752,134914.51778628095,1101,49,571.7567567567568,34,3,21,33.06836592986923,0.6473651960784315,42.82738095238094,1028.6904761904746,30.25560224089631,0
1105,4,0,0,37,0.0,0.0,1.0,37,1000,600,400,0.6,14,6,8,357.0376504205246,0.7670795795795796,0.04254796565177532,0.20470635628319028,130505.75573979571,1924.4827097505415,132430.23844954625,1102,50,572.7567567567568,34,3,18,35.43317216202571,0.6295955882352943,44.553571428571416,1021.7857142857126,30.052521008403314,5
1106,4,2,1,38,0.05128205128205128,0.02564102564102564,0.9743589743589743,39,1000,800,200,0.8,12,8,4,340.5805306641787,0.7866059379217274,0.04406486998916548,0.19739769532372795,130924.43795146486,1118.0629108838389,132042.5008623487,1103,0,544.3333333333334,36,3,19,35.43019182805163,0.6296296296296298,44.144144144144136,1023.4234234234225,28.428428428428404,0
1107,4,2,1,39,0.05,0.025,0.975,40,800,600,200,0.75,10,6,4,331.6291462088351,0.7972756410256411,0.04714553237025165,0.1938132815085402,131243.84576263823,704.8569030855289,131948.70266572377,1104,0,531.675,37,3,20,35.336967183877285,0.6309121621621623,43.832236842105246,1024.6710526315767,27.693812233285858,0
1108,4,0,0,39,0.0,0.0,1.0,39,1100,900,200,0.8181818181818182,13,9,4,339.2569783565447,0.7876180836707153,0.05426415583610256,0.19796156075108942,131183.87972009156,1101.0093285853231,132284.88904867688,1105,1,546.3076923076923,36,3,20,35.20208127221427,0.6322337962962965,43.89076576576576,1024.4369369369358,28.45658158158155,0
1109,4,1,0,40,0.025,0.0,1.0,40,900,600,300,0.6666666666666666,12,6,6,324.3551683689476,0.792094017094017,0.0802444540167997,0.18166236993208962,129591.85157933204,426.5438348620292,130018.39541419406,1106,0,533.625,37,3,18,37.19308636657332,0.6143018018018018,45.44956140350877,1018.2017543859644,27.518966334755795,8
1110,4,0,0,40,0.0,0.0,1.0,40,1550,1200,350,0.7741935483870968,19,12,7,324.8458350111715,0.7921474358974359,0.08266250538097308,0.18271595029805107,129759.37307633106,430.35837950137284,130189.73145583243,1107,1,534.625,37,3,19,37.010779882336074,0.615990990990991,45.28508771929824,1018.8596491228061,27.536747273589356,0
1111,4,1,1,40,0.024390243902439025,0.024390243902439025,0.975609756097561,41,950,800,150,0.8421052631578947,11,8,3,318.291410554577,0.7998475609756097,0.08601738437246098,0.18021410469477991,130017.30974687697,76.67858316895877,130093.98833004593,1108,0,522.560975609756,38,3,21,36.916640477687,0.6167763157894738,45.03205128205128,1019.8717948717941,26.838731443994583,0
1112,4,2,1,41,0.047619047619047616,0.023809523809523808,0.9761904761904762,42,1100,700,400,0.6363636363636364,15,7,8,311.37332208929524,0.8017566782810686,0.08657238533755907,0.17753481300031684,130289.85407991838,-286.0119210679905,130003.8421588504,1109,0,510.9761904761905,38,4,22,36.8176189479559,0.619517543859649,44.764957264957275,1020.9401709401725,26.86684660368875,0
1113,4,4,2,43,0.08888888888888889,0.044444444444444446,0.9555555555555556,45,1200,900,300,0.75,15,9,6,309.19695833972764,0.8193602693602694,0.09566885053266394,0.1736179895484084,129692.62390318266,-971.6459280100156,128720.97797517265,1110,0,477.8222222222222,40,5,16,37.47692806544948,0.61015625,45.35060975609756,1018.5975609756099,25.464939024390247,8
1114,4,0,0,43,0.0,0.0,1.0,43,950,600,350,0.631578947368421,13,6,7,323.051988100259,0.8054632705795496,0.10521846703413318,0.1810116695228437,129609.02829142025,-225.90914694278615,129383.11914447747,1111,1,501.0,38,5,16,37.208844822159264,0.6126644736842104,45.432692307692314,1018.2692307692319,26.79655870445347,0
1115,4,0,0,43,0.0,0.0,1.0,43,1400,1000,400,0.7142857142857143,18,10,8,322.99228371897544,0.8054171280915466,0.1059024982803276,0.18135503138849918,129690.63321827762,-222.1852399736864,129468.44797830394,1112,2,502.0,38,5,17,37.12764841619466,0.613486842105263,45.35256410256411,1018.589743589745,26.80499325236171,0
1116,4,0,0,43,0.0,0.0,1.0,43,900,700,200,0.7777777777777778,11,7,4,324.02357825942545,0.805140273163529,0.10794346027782176,0.18218684211567693,129745.05077069181,-191.9088775659227,129553.1418931259,1113,3,503.0,38,5,17,37.04623706655483,0.6140350877192982,45.2991452991453,1018.8034188034189,26.810616284300497,0
1117,4,1,1,43,0.022727272727272728,0.022727272727272728,0.9772727272727273,44,1000,700,300,0.7,13,7,6,318.6944695389936,0.813535059901339,0.10206891554041775,0.18049761265763792,130029.26911891082,-512.0782107211243,129517.19090818969,1114,0,492.54545454545456,40,4,18,36.89426398299453,0.6135416666666667,45.020325203252035,1019.9186991869929,25.49796747967482,0
1118,4,2,2,43,0.044444444444444446,0.044444444444444446,0.9555555555555556,45,1200,800,400,0.6666666666666666,16,8,8,314.5371482590307,0.8220117845117846,0.10107018282739921,0.17909644263625701,130237.26974875583,-807.1081152368506,129430.16163351898,1115,0,482.55555555555554,41,4,18,36.78999821816177,0.6140752032520326,44.816468253968246,1020.7341269841259,24.895954316685998,0
1119,4,1,0,44,0.022727272727272728,0.0,1.0,44,1050,800,250,0.7619047619047619,13,8,5,320.856086499887,0.813953488372093,0.10761106735113302,0.18232687971394243,130158.86423631763,-447.54723957301,129711.31699674463,1116,0,494.5,40,4,19,36.70803870796403,0.6148437500000001,44.89329268292683,1020.4268292682923,25.510670731707307,0
1120,4,0,0,44,0.0,0.0,1.0,44,750,600,150,0.8,9,6,3,321.69929196168295,0.8141296687808316,0.11085343228200428,0.1832937826293309,130262.58680555547,-418.8409883336676,129843.7458172218,1117,1,495.5,38,6,19,36.581632653061234,0.6192434210526316,44.791666666666664,1020.8333333333327,26.86403508771928,0
1121,4,1,1,44,0.022222222222222223,0.022222222222222223,0.9777777777777777,45,1050,800,250,0.7619047619047619,13,8,5,316.8475565208221,0.8184343434343435,0.11140783021325262,0.18189534096113452,130555.17713758702,-726.7822265624801,129828.39491102453,1118,0,485.46666666666664,39,6,14,36.40991828899534,0.6204594017094016,44.50520833333334,1021.9791666666683,26.20459401709406,0
1122,4,0,1,43,0.0,0.022727272727272728,0.9772727272727273,44,1350,1000,350,0.7407407407407407,17,10,7,330.3688490032817,0.8133588794926004,0.10756520952940662,0.1894956518384482,130522.07396597594,-175.91453086786623,130346.15943510807,1119,3,497.5,40,4,14,36.097919774573185,0.6184895833333333,44.53760162601626,1021.849593495935,25.546239837398375,1
1123,4,1,1,43,0.022727272727272728,0.022727272727272728,0.9772727272727273,44,1200,900,300,0.75,15,9,6,331.5353601266577,0.8117512332628612,0.11274994046411546,0.19100810267330684,130693.35322381253,-134.10641455657515,130559.24680925596,1120,0,498.1136363636364,41,3,14,35.895002587238466,0.6186483739837398,44.37003968253968,1022.5198412698401,24.939508323654636,0
1124,4,0,1,42,0.0,0.023255813953488372,0.9767441860465116,43,1150,700,450,0.6086956521739131,16,7,9,338.0467805807155,0.8068475452196382,0.11890774662052017,0.1944203868417047,130625.94112507427,231.53577153148467,130857.47689660576,1121,5,510.69767441860466,40,3,14,35.79671604201875,0.6195312500000001,44.43597560975609,1022.2560975609749,25.556402439024374,0
1125,4,0,0,42,0.0,0.0,1.0,42,1150,800,350,0.6956521739130435,15,8,7,342.14811281837063,0.8011033681765389,0.11870782971700411,0.1962849699852758,130528.564453125,532.0203993055554,131060.58485243056,1122,6,523.5952380952381,39,3,14,35.790434930343196,0.6201923076923077,44.53125,1021.875,26.201923076923077,0
1126,4,0,0,42,0.0,0.0,1.0,42,1700,1400,300,0.8235294117647058,20,14,6,339.8973729222406,0.8015389082462253,0.11494796594134393,0.1956652618904275,130661.65500217004,482.3106553819389,131143.96565755198,1123,7,524.5952380952381,39,3,14,35.713300220750575,0.6215277777777778,44.401041666666664,1022.3958333333325,26.215277777777754,0
1127,4,0,0,42,0.0,0.0,1.0,42,1350,1000,350,0.7407407407407407,17,10,7,340.0676922675278,0.8015631049167634,0.11053468958124113,0.19603314944159267,130714.91021050356,490.3835720486155,131205.29378255218,1124,8,525.5952380952381,39,3,14,35.65509235679603,0.6220619658119659,44.348958333333336,1022.6041666666673,26.220619658119674,0
1128,4,0,0,42,0.0,0.0,1.0,42,1000,800,200,0.8,12,8,4,340.3736930600264,0.8013211382113821,0.11650257170973921,0.19702361737941293,130874.74093967001,509.2637803819341,131384.00472005195,1125,9,526.5952380952381,39,3,15,35.485701075706686,0.62366452991453,44.19270833333333,1023.2291666666656,26.236645299145273,0
1129,4,0,0,42,0.0,0.0,1.0,42,1150,800,350,0.6956521739130435,15,8,7,340.40731250822364,0.8009823848238482,0.11485605741227967,0.19758905257048537,130981.34901258693,517.4018012152881,131498.7508138022,1126,10,527.5952380952381,39,3,15,35.37712848953562,0.624732905982906,44.08854166666667,1023.6458333333344,26.247329059829088,0
1130,4,0,0,42,0.0,0.0,1.0,42,900,400,500,0.4444444444444444,14,4,10,336.6629535229189,0.8002564847077043,0.11592339102256721,0.19595817028323365,131088.00048828125,426.49468315972194,131514.49517144097,1127,11,528.5952380952381,39,3,15,35.36527735394838,0.625801282051282,43.984375,1024.0625,26.25801282051282,0
1131,4,0,0,42,0.0,0.0,1.0,42,1200,800,400,0.6666666666666666,16,8,8,337.08968700383963,0.8002806813782424,0.11466579514368003,0.19675234846781992,131194.69536675367,444.8757595486319,131639.5711263023,1128,12,529.5952380952381,39,3,15,35.246674292492806,0.626869658119658,43.88020833333334,1024.4791666666683,26.268696581196625,0
1132,4,0,0,42,0.0,0.0,1.0,42,800,600,200,0.75,10,6,4,333.68336930194306,0.8004500580720093,0.11299722165751835,0.19517104561192156,131274.74500868074,360.83984375002035,131635.58485243077,1129,13,530.5952380952381,39,3,15,35.25318492918616,0.6276709401709402,43.80208333333334,1024.7916666666683,26.276709401709443,0
1133,4,1,0,43,0.023255813953488372,0.0,1.0,43,550,300,250,0.5454545454545454,8,3,5,329.2878726587261,0.804078995939461,0.11792265694368353,0.1939489814559292,131541.7534722223,63.031684027789595,131604.7851562501,1130,0,519.2325581395348,39,4,17,35.096804765773086,0.6303418803418803,43.54166666666667,1025.8333333333342,26.303418803418825,0
1134,4,0,0,43,0.0,0.0,1.0,43,1250,1000,250,0.8,15,10,5,327.2142395039039,0.8036637135474345,0.1154221150963306,0.19313286239382624,131621.90890842024,13.71256510417777,131635.62147352443,1131,1,520.2325581395348,39,4,15,35.06930345481,0.6311431623931624,43.46354166666667,1026.1458333333342,26.311431623931647,0
1135,4,0,0,43,0.0,0.0,1.0,43,1400,1300,100,0.9285714285714286,15,13,2,324.76755310052465,0.8025562938353635,0.1188390049403063,0.19230960266245611,131745.12215777647,-42.69180877784319,131702.43034899863,1132,2,521.2325581395348,40,3,15,35.008125453705546,0.6307291666666668,43.34349593495935,1026.6260162601627,25.665650406504067,0
1136,4,0,0,43,0.0,0.0,1.0,43,1150,700,450,0.6086956521739131,16,7,9,323.2599672053316,0.8025101513473606,0.11381679775772113,0.19194272788349484,131849.47472569242,-75.66862482649012,131773.8061008659,1133,3,522.2325581395348,40,3,15,34.941907447720816,0.6317708333333334,43.24186991869919,1027.0325203252037,25.675813008130092,0
1137,4,0,0,43,0.0,0.0,1.0,43,1100,900,200,0.8181818181818182,13,9,4,325.99233592735226,0.8010335917312661,0.12283321102310385,0.193964480511454,131927.76626222814,1.4881395002941815,131929.25440172842,1134,4,523.2325581395348,40,3,15,34.79304744946748,0.6325520833333333,43.165650406504064,1027.3373983739834,25.683434959349587,0
1138,4,0,1,42,0.0,0.023255813953488372,0.9767441860465116,43,1550,1200,350,0.7741935483870968,19,12,7,320.98779788280245,0.8015873015873015,-0.020270910296485756,0.18547718567316626,130807.20364048143,-201.66019562525526,130605.54344485617,1135,5,524.2325581395348,42,1,18,36.04973793059897,0.6183035714285714,44.25872093023256,1022.9651162790705,24.35631229235882,8
1139,4,0,0,42,0.0,0.0,1.0,42,1150,800,350,0.6956521739130435,15,8,7,323.54519669325373,0.7967963608207511,-0.0044072899207192595,0.18714086446985592,130845.55820302684,66.890373047396,130912.44857607424,1136,20,537.5952380952381,41,1,18,35.94563091890495,0.6201727642276421,44.22123015873017,1023.1150793650814,24.954026325977598,0
1140,4,1,1,42,0.023255813953488372,0.023255813953488372,0.9767441860465116,43,800,700,100,0.875,9,7,2,317.8786343701952,0.8009413067552602,0.001135503406510363,0.184985760353757,131079.93810468138,-266.4976563908226,130813.44044829055,1137,0,526.0697674418604,42,1,18,35.85430860459249,0.6210317460317459,43.99224806201551,1024.0310077519393,24.381690660760462,0
1141,4,0,1,41,0.0,0.023809523809523808,0.9761904761904762,42,1200,800,400,0.6666666666666666,16,8,8,327.79204975662515,0.796433410762679,0.0007475083056480702,0.19047375864236338,131023.24263038556,189.67545351474692,131212.9180839003,1138,22,539.5952380952381,41,1,19,35.657703488372086,0.621951219512195,44.04761904761905,1023.8095238095243,24.97096399535425,0
1142,4,0,0,41,0.0,0.0,1.0,41,950,600,350,0.631578947368421,13,6,7,330.25006841977904,0.7908028455284553,0.01305556967448207,0.19225476253414853,131093.85456945264,458.7508881948543,131552.6054576475,1139,23,551.5121951219512,40,1,19,35.523551983063754,0.62421875,43.978658536585364,1024.085365853658,25.60213414634145,0
1143,4,0,0,41,0.0,0.0,1.0,41,500,100,400,0.2,9,1,8,340.5762722945643,0.7908028455284553,0.003210694608292819,0.19034133267371683,129508.1314082216,622.1067420855682,130130.23815030717,1140,24,552.5121951219512,37,4,18,36.865215088513054,0.6134572072072073,45.53179824561403,1017.8728070175425,27.510075865338987,2
1144,4,1,2,40,0.023809523809523808,0.047619047619047616,0.9523809523809523,42,1000,800,200,0.8,12,8,4,337.72536961445655,0.7963366240805265,0.009875285824122892,0.1901549336117283,129799.47973738001,367.3154540141393,130166.79519139415,1141,0,540.3333333333334,38,4,19,36.642028377717224,0.6145833333333335,45.24572649572648,1019.017094017091,26.816239316239237,0
1145,4,0,0,40,0.0,0.0,1.0,40,950,700,250,0.7368421052631579,12,7,5,344.9411315824419,0.786965811965812,0.019772262302142796,0.19332940790622416,129619.76431450043,942.2376356186284,130562.00195011905,1142,26,564.4,37,3,19,36.6407119270665,0.6145833333333335,45.42214912280701,1018.3114035087705,27.521929824561365,0
1146,4,0,0,40,0.0,0.0,1.0,40,1000,800,200,0.8,12,8,4,348.7004673010901,0.7869391025641026,0.015333692142088573,0.19585413187588419,129703.52055440121,1045.5356455832389,130749.05619998445,1143,27,565.4,37,3,19,36.45990312163616,0.615427927927928,45.339912280701746,1018.6403508771918,27.53082029397816,0
1147,4,1,0,41,0.024390243902439025,0.0,1.0,41,1150,900,250,0.782608695652174,14,9,5,339.51116481746647,0.7947154471544715,0.03157205098759186,0.1922587515747721,130023.4388563366,628.8818359374795,130652.32069227408,1144,0,552.5853658536586,39,2,20,36.36939110747964,0.6151175213675215,45.02604166666666,1019.8958333333317,26.15117521367517,0
1148,4,0,0,41,0.0,0.0,1.0,41,900,700,200,0.7777777777777778,11,7,4,342.30828461250434,0.7939532520325203,0.0318978074926235,0.1943715737843176,130129.69970703124,708.8948567708329,130838.59456380206,1145,1,553.5853658536586,39,2,22,36.190339458907594,0.6161858974358975,44.921875,1020.3124999999999,26.16185897435897,0
1149,4,0,0,41,0.0,0.0,1.0,41,850,700,150,0.8235294117647058,10,7,3,343.8967031984439,0.7946646341463415,0.03497976192254271,0.19567362938085692,130209.42382812513,755.7183159722365,130965.14214409736,1146,2,554.5853658536586,39,2,22,36.069010682452216,0.6169871794871794,44.84375000000001,1020.625000000001,26.16987179487182,0
1150,4,1,1,41,0.023809523809523808,0.023809523809523808,0.9761904761904762,42,700,400,300,0.5714285714285714,10,4,6,337.1824188197192,0.8023132017034456,0.03463115152221663,0.1926419833396577,130368.9453125,391.63411458333326,130760.57942708333,1147,0,542.3571428571429,39,3,22,36.07881136950903,0.6185897435897436,44.6875,1021.25,26.185897435897434,0
1151,4,0,0,41,0.0,0.0,1.0,41,950,800,150,0.8421052631578947,11,8,3,350.91452846943156,0.7960365853658536,0.006536789488648331,0.19887798544594487,130055.18297846845,927.6506419789766,130982.83362044743,1148,4,556.5853658536586,40,1,19,36.04641991298862,0.6138020833333333,44.99491869918699,1020.0203252032517,25.500508130081293,1
1152,4,2,0,43,0.046511627906976744,0.0,1.0,43,1150,800,350,0.6956521739130435,15,8,7,334.50700717156553,0.8120616463639719,0.017967817137658715,0.19269488159601467,130688.28125000013,143.72490333136577,130832.0061533315,1149,0,531.6511627906976,39,4,19,35.82416462917687,0.6217948717948718,44.37500000000001,1022.500000000001,26.217948717948744,0
1153,4,1,0,44,0.022727272727272728,0.0,1.0,44,1100,900,200,0.8181818181818182,13,9,4,326.24113195697265,0.8150105708245243,0.031542973155876286,0.18966413182149475,131041.82287535547,-249.75347428777349,130792.0694010677,1150,0,520.5454545454545,40,4,21,35.6786600496278,0.6236979166666666,44.029471544715456,1023.8821138211397,25.59705284552849,0
1154,4,0,0,44,0.0,0.0,1.0,44,600,500,100,0.8333333333333334,7,5,2,327.0911221599526,0.8147683227625089,0.028235410877332168,0.19028695998173703,131067.83743142318,-225.77479509550432,130842.06263632767,1151,1,521.5454545454545,40,4,21,35.63066527722641,0.6239583333333333,44.00406504065041,1023.983739837399,25.599593495934975,0
1155,4,1,1,44,0.022222222222222223,0.022222222222222223,0.9777777777777777,45,1000,700,300,0.7,13,7,6,323.02207818647014,0.8160774410774411,0.032922479570183905,0.18972728745033515,131434.91753472242,-508.2075659742683,130926.70996874815,1152,0,510.93333333333334,39,6,22,35.365027766490584,0.6292735042735043,43.64583333333334,1025.4166666666683,26.292735042735085,0
1156,4,0,0,44,0.0,0.0,1.0,44,850,400,450,0.47058823529411764,13,4,9,299.0944543591778,0.8104739252995067,-0.013488543976348799,0.17518389469608978,131328.125,-944.0972222222217,130384.02777777778,1153,1,523.3636363636364,40,4,17,36.085704607046075,0.6265625,43.75,1025.0,25.625,5
1157,4,0,1,43,0.0,0.022727272727272728,0.9772727272727273,44,1550,1100,450,0.7096774193548387,20,11,9,299.62008394329706,0.8095489781536294,-0.00995782567947523,0.17573066318720848,131380.2134972572,-927.1698806926869,130453.04361656452,1154,2,524.3636363636364,40,4,17,36.01989988104677,0.6270833333333332,43.69918699186993,1025.2032520325224,25.63008130081306,0
1158,4,1,2,42,0.022727272727272728,0.045454545454545456,0.9545454545454546,44,1550,1300,250,0.8387096774193549,18,13,5,299.052316514656,0.812081571529246,-0.015703093340537544,0.17623661034532728,131562.6045694529,-931.1796673606786,130631.42490209223,1155,0,525.25,40,4,14,35.8512877662209,0.62890625,43.52134146341464,1025.914634146343,25.647865853658573,0
1159,4,0,0,42,0.0,0.0,1.0,42,1500,1200,300,0.8,18,12,6,309.628057611392,0.793336236933798,-0.013553342562407922,0.1817431479447419,131410.26925131495,-262.33871630505996,131147.9305350099,1156,4,551.1190476190476,38,4,17,35.73317182452849,0.6307565789473684,43.669871794871796,1025.3205128205132,26.982118758434556,0
1160,4,1,0,43,0.023255813953488372,0.0,1.0,43,600,300,300,0.5,9,3,6,306.28256366782927,0.7980804724990771,0.006872430508682914,0.18115896652957908,131702.08875868047,-532.3893229166708,131169.69943576382,1157,0,539.2790697674419,39,4,16,35.52575942087815,0.6319444444444444,43.385416666666664,1026.4583333333328,26.319444444444432,0
1161,4,0,1,42,0.0,0.023255813953488372,0.9767441860465116,43,1000,600,400,0.6,14,6,8,305.72018044091186,0.7984957548911037,0.015986750060752675,0.18120768602562043,131782.29302300338,-542.2987196180602,131239.99430338532,1158,1,540.2790697674419,39,4,16,35.459677555713384,0.6327457264957266,43.307291666666664,1026.7708333333328,26.32745726495725,0
1162,4,0,0,42,0.0,0.0,1.0,42,800,500,300,0.625,11,5,6,314.7378052289204,0.7913763066202091,0.010660758891399835,0.18620694782262714,131711.68456424854,-109.07069544891829,131602.6138687996,1159,2,553.9285714285714,38,4,16,35.29914307521508,0.6337719298245614,43.37606837606837,1026.4957264957254,27.013045434098036,0
1163,4,0,0,42,0.0,0.0,1.0,42,1150,1000,150,0.8695652173913043,13,10,3,318.1260627710992,0.7921264034068912,0.010002377979905663,0.1887547972441853,131821.37573964483,-12.836949375431061,131808.5387902694,1160,3,554.9285714285714,38,4,17,35.10195588847274,0.6348684210526316,43.26923076923076,1026.9230769230758,27.02429149797568,0
1164,4,0,0,42,0.0,0.0,1.0,42,800,500,300,0.625,11,5,6,319.7661045674456,0.7922231900890437,0.014502659811584495,0.19000193629860443,131876.23844875433,33.91021075314529,131910.14865950748,1161,4,555.9285714285714,38,4,17,35.004724013591286,0.6354166666666667,43.21581196581196,1027.136752136751,27.029914529914503,0
1165,4,0,0,42,0.0,0.0,1.0,42,1650,1100,550,0.6666666666666666,22,11,11,321.2481612533349,0.790819783197832,0.024002508804940703,0.19216480918608572,132130.12695312488,89.31206597220796,132219.4390190971,1162,5,556.9285714285714,39,3,18,34.71166835528537,0.6362179487179489,42.96874999999999,1028.124999999999,26.362179487179464,0
1166,4,0,1,41,0.0,0.023809523809523808,0.9761904761904762,42,1000,700,300,0.7,13,7,6,317.97641451272654,0.7894647696476965,0.03027255670829021,0.1906120911040769,132210.46142578113,7.961697048596818,132218.42312282973,1163,6,557.9285714285714,39,3,18,34.71515327998918,0.6370192307692308,42.89062499999999,1028.437499999999,26.370192307692285,0
1167,4,0,0,41,0.0,0.0,1.0,41,1350,1000,350,0.7407407407407407,17,10,7,323.37589348288117,0.7871443089430894,0.034180283645188325,0.19424744094489468,132288.07259706687,355.7547346409462,132643.8273317078,1164,7,561.609756097561,38,3,19,34.498433551424526,0.6395285087719298,42.81517094017094,1028.7393162393155,27.072087269455672,0
1168,4,1,0,42,0.023809523809523808,0.0,1.0,42,950,800,150,0.8421052631578947,11,8,3,317.58394485991505,0.7932878435927216,0.031159242295077494,0.1922812285872614,132585.67843967007,21.416558159718306,132607.0949978298,1165,0,549.2142857142857,39,3,20,34.349082128046945,0.6407585470085471,42.526041666666664,1029.8958333333328,26.407585470085458,0
1169,4,0,1,41,0.0,0.023809523809523808,0.9761904761904762,42,1000,500,500,0.5,15,5,10,309.60838556146234,0.7939169570267132,0.0273570102198184,0.18288133917911026,131651.11889497325,-247.94192431344206,131403.1769706598,1166,1,550.2142857142857,42,0,17,35.491612375287204,0.6267361111111112,43.435077519379846,1026.2596899224804,24.43475452196382,3
1170,4,0,0,41,0.0,0.0,1.0,41,1200,1100,100,0.9166666666666666,13,11,2,315.07812805905746,0.786229674796748,0.0241685572918382,0.1857775370802036,131582.4642935877,91.75130700426797,131674.21560059197,1167,10,564.609756097561,41,0,17,35.420292657770894,0.6275406504065041,43.50198412698412,1025.9920634920625,25.02419667053811,0
1171,4,2,0,43,0.046511627906976744,0.0,1.0,43,850,500,350,0.5882352941176471,12,5,7,306.59387033253796,0.7979881875230712,0.035443960022709664,0.1831632615552942,132081.45127589797,-500.9273308367929,131580.52394506117,1168,0,539.3023255813954,43,0,19,35.1371295869799,0.6296027131782946,43.01609848484848,1027.9356060606044,23.905479210711732,0
1172,4,0,0,43,0.0,0.0,1.0,43,850,400,450,0.47058823529411764,13,4,9,305.89788159439547,0.798265042451089,0.032603970128732396,0.18321815202611894,132178.81159786775,-513.3563081095176,131665.45528975825,1169,1,540.3023255813954,43,0,19,35.05742164717437,0.6305717054263567,42.92140151515151,1028.3143939393929,23.91428823114867,0
1173,4,0,0,43,0.0,0.0,1.0,43,900,600,300,0.6666666666666666,12,6,6,303.6429391462684,0.7982188999630859,0.03183253245432849,0.18257224868977331,132324.91933719287,-564.0945140323802,131760.82482316048,1170,2,541.3023255813954,43,0,19,34.9690328271207,0.6320251937984498,42.779356060606055,1028.882575757575,23.92750176180407,0
1174,4,1,0,44,0.022727272727272728,0.0,1.0,44,1250,1000,250,0.8,15,10,5,295.0294356394005,0.8004316420014095,0.04029190663293636,0.17860384114514238,132581.09941998805,-976.8539046893138,131604.24551529874,1171,0,529.9772727272727,40,4,20,34.934379317150174,0.6390625000000001,42.53048780487804,1029.8780487804872,25.74695121951218,0
1175,4,0,0,44,0.0,0.0,1.0,44,700,400,300,0.5714285714285714,10,4,6,296.37476698998637,0.80005725863284,0.04361349060411701,0.17954323152680862,132607.26631180165,-939.7104691321549,131667.5558426695,1172,1,530.9772727272727,40,4,20,34.87358164775529,0.6393229166666667,42.505081300812996,1029.9796747967464,25.74949186991866,0
1176,4,0,0,44,0.0,0.0,1.0,44,1000,700,300,0.7,13,7,6,295.7789722192786,0.7993745595489782,0.046588891479402594,0.17955731858437385,132685.7824790137,-950.867126049322,131734.91535296437,1173,2,531.9772727272727,40,4,16,34.81044913526664,0.6401041666666667,42.42886178861788,1030.2845528455275,25.757113821138187,0
1177,4,0,1,43,0.0,0.022727272727272728,0.9772727272727273,44,600,300,300,0.5,9,3,6,295.4551616153184,0.7993084918957012,0.04549713527423349,0.17948591273922787,132711.95969867468,-957.9132997884959,131754.0463988862,1174,3,532.9772727272727,40,4,16,34.792632409507846,0.6403645833333333,42.40345528455284,1030.386178861788,25.7596544715447,0
1178,4,0,0,43,0.0,0.0,1.0,43,1100,600,500,0.5454545454545454,16,6,10,305.71882210892096,0.7937892211148024,0.045006701624849876,0.18549442642068895,132666.15125868065,-488.2921006944344,132177.8591579862,1175,7,546.3023255813954,39,4,17,34.57406471183013,0.641559829059829,42.44791666666667,1030.2083333333342,26.41559829059831,0
1179,4,0,0,43,0.0,0.0,1.0,43,950,700,250,0.7368421052631579,12,7,5,306.31257070297465,0.7924972314507198,0.04004436840818948,0.1866545073692511,132827.17013888896,-462.6736111111013,132364.49652777787,1176,8,547.3023255813954,39,4,17,34.39773645917544,0.6431623931623931,42.29166666666667,1030.833333333334,26.431623931623946,0
1180,4,1,1,43,0.022727272727272728,0.022727272727272728,0.9772727272727273,44,1250,900,350,0.72,16,9,7,298.9634083813154,0.797282417195208,0.03833534756725321,0.18366445324333106,133131.14636005374,-839.7317444973027,132291.41461555642,1177,0,535.8409090909091,40,4,17,34.28360413589364,0.64453125,41.996951219512205,1032.0121951219528,25.80030487804882,0
1181,4,0,1,42,0.0,0.023255813953488372,0.9767441860465116,43,1150,700,450,0.6086956521739131,16,7,9,306.4595810911839,0.7913436692506459,0.038207825206831414,0.1876851720189238,133015.1489257814,-447.2466362847074,132567.90228949668,1178,10,549.3023255813954,39,4,17,34.20606970951563,0.6450320512820513,42.10937500000001,1031.5625000000011,26.450320512820543,0
1182,4,0,1,41,0.0,0.023809523809523808,0.9761904761904762,42,850,600,250,0.7058823529411765,11,6,5,310.1417175992253,0.7921989934185056,0.03443428334665155,0.1897406933905528,132975.889628534,-151.7258382642841,132824.16379026973,1179,11,559.1666666666666,38,4,18,34.150352185622545,0.6463815789473684,42.147435897435905,1031.4102564102575,27.142375168690986,0
1183,4,1,2,40,0.023809523809523808,0.047619047619047616,0.9523809523809523,42,650,500,150,0.7692307692307693,8,5,3,312.7950394717758,0.7903842431281456,0.03259663604491214,0.19178804420183734,133058.54752218936,-75.98927514792666,132982.55824704142,1180,0,559.8809523809524,38,4,19,33.99930102516312,0.647203947368421,42.06730769230769,1031.7307692307693,27.15080971659919,0
1184,4,0,0,40,0.0,0.0,1.0,40,700,400,300,0.5714285714285714,10,4,6,326.15454174958126,0.7837873931623932,0.03134487277492637,0.19923930212147567,132920.0542392057,670.4958759435431,133590.55011514924,1181,13,577.45,36,4,19,33.79336391103347,0.6495949074074073,42.20157657657659,1031.1936936936959,28.64426926926933,0
1185,4,0,0,40,0.0,0.0,1.0,40,700,400,300,0.5714285714285714,10,4,6,325.55316699321776,0.7834134615384616,0.03121792772136711,0.19918112601809532,132978.12328798423,658.2898354435878,133636.4131234278,1182,14,578.45,36,4,20,33.7507278815009,0.6501736111111109,42.14527027027029,1031.4189189189215,28.650525525525595,0
1186,4,0,0,40,0.0,0.0,1.0,40,650,400,250,0.6153846153846154,9,4,5,325.5626571050444,0.7829059829059829,0.02931128574547026,0.19965228008008168,133065.2506391529,664.2153132862807,133729.46595243918,1183,15,579.45,36,4,21,33.663274030415465,0.6510416666666665,42.06081081081082,1031.7567567567585,28.659909909909956,0
1187,4,0,0,40,0.0,0.0,1.0,40,1550,1300,250,0.8387096774193549,18,13,5,326.730370337555,0.7821848290598291,0.025616072402137036,0.2017807559842236,133326.80389426605,712.3832024592361,134039.18709672528,1184,16,580.45,36,4,21,33.37149711045688,0.6536458333333333,41.80743243243244,1032.7702702702716,28.688063063063098,0
1188,4,0,0,40,0.0,0.0,1.0,40,850,700,150,0.8235294117647058,10,7,3,327.4583766909469,0.7819978632478632,0.023991935483870908,0.20302419354838716,133472.22222222228,741.3194444444538,134213.54166666674,1185,17,581.45,36,4,22,33.20732526881721,0.6550925925925926,41.66666666666667,1033.333333333334,28.70370370370372,0
1189,4,0,0,40,0.0,0.0,1.0,40,1200,800,400,0.6666666666666666,16,8,8,328.14098120221803,0.7830128205128205,0.02930921769448691,0.20376711268430042,133530.41174620582,763.3600661472425,134293.77181235305,1186,18,582.45,36,4,22,33.13153737197647,0.6556712962962963,41.61036036036037,1033.5585585585598,28.709959959959992,0
1190,4,0,0,40,0.0,0.0,1.0,40,1150,900,250,0.782608695652174,14,9,5,325.3132909065752,0.7793269230769231,0.02840191595906827,0.20328761158284342,133763.29665814454,702.9956476746916,134466.29230581922,1187,19,583.45,36,4,19,32.97204985848029,0.6579861111111112,41.38513513513513,1034.4594594594587,28.734984984984962,0
1191,4,0,0,40,0.0,0.0,1.0,40,800,600,200,0.75,10,6,4,324.59319928826596,0.7783119658119658,0.02831374469474368,0.2033188076523433,133850.68081172393,689.4041423179974,134540.08495404193,1188,20,584.45,36,4,19,32.903471542061155,0.6588541666666666,41.30067567567568,1034.7972972972975,28.744369369369377,0
1192,4,0,0,40,0.0,0.0,1.0,40,950,900,50,0.9473684210526315,10,9,1,325.3079410486631,0.7784455128205128,0.028955386289445162,0.20392769292204735,133879.8152037172,710.433406379351,134590.24861009658,1189,21,585.45,36,4,19,32.855912223431254,0.6591435185185186,41.27252252252252,1034.9099099099099,28.747497497497495,0
1193,4,1,1,40,0.024390243902439025,0.024390243902439025,0.975609756097561,41,850,500,350,0.5882352941176471,12,5,7,317.7459651191697,0.7823170731707317,0.029402574597477305,0.2002075143796235,134067.73147747378,319.89614592951153,134387.6276234033,1190,0,572.1463414634146,37,4,19,32.864280042350465,0.6590653153153154,41.09100877192982,1035.63596491228,27.990161213845408,0
1194,4,0,0,40,0.0,0.0,1.0,40,1050,1000,50,0.9523809523809523,11,10,1,323.5057686846527,0.7766025641025641,0.032634476916561184,0.20367923196385715,134039.343836565,672.5001923668754,134711.8440289319,1191,23,587.45,37,3,19,32.74345263306509,0.6587837837837838,41.118421052631575,1035.5263157894728,27.987197724039806,0
1195,4,1,0,41,0.024390243902439025,0.0,1.0,41,1150,1000,150,0.8695652173913043,13,10,3,316.59567552395094,0.7786077235772357,0.032257253734945035,0.20106311749243588,134356.87413251516,307.3610654540155,134664.2351979692,1192,0,574.0975609756098,38,3,20,32.60618473481725,0.6600877192982456,40.81196581196581,1036.7521367521367,27.282950967161494,0
1196,4,0,0,41,0.0,0.0,1.0,41,850,600,250,0.7058823529411765,11,6,5,316.0061736350075,0.7787093495934959,0.0323980431521631,0.2011457001622962,134439.96006145453,296.77147253269425,134736.73153398721,1193,1,575.0975609756098,38,3,20,32.53880361251329,0.6609100877192982,40.73183760683761,1037.07264957265,27.291385515069738,0
1197,4,0,0,41,0.0,0.0,1.0,41,750,500,250,0.6666666666666666,10,5,5,315.67867927118965,0.7788109756097561,0.030989602305128372,0.2012425671072869,134495.36494859002,291.4638350135092,134786.82878360353,1194,2,576.0975609756098,38,3,21,32.49218937755348,0.6614583333333334,40.6784188034188,1037.2863247863243,27.297008547008534,0
1198,4,0,0,41,0.0,0.0,1.0,41,1250,1000,250,0.8,15,10,5,318.14708829285394,0.7776930894308943,0.032875226312234274,0.20343401373196096,134606.20896568405,364.91468971436086,134971.1236553984,1195,3,577.0975609756098,38,3,22,32.317941590308514,0.6625548245614036,40.57158119658119,1037.7136752136746,27.308254610886173,0
1199,4,0,0,41,0.0,0.0,1.0,41,1200,900,300,0.75,15,9,6,320.55116227158425,0.7763719512195122,0.03321149926196609,0.2054403095402844,134689.37194097447,434.96694426180943,135124.33888523627,1196,4,578.0975609756098,38,3,22,32.172876355153015,0.6633771929824561,40.49145299145299,1038.0341880341878,27.316689158794414,0
1200,4,0,1,40,0.0,0.024390243902439025,0.975609756097561,41,650,600,50,0.9230769230769231,7,6,1,311.9434274093869,0.7763719512195122,0.042837199421351224,0.18944473639396264,132700.54879830522,79.01280224998334,132779.5616005552,1197,5,579.0975609756098,38,3,15,34.379320475597964,0.643640350877193,42.414529914529915,1030.3418803418804,27.11426000899685,4
1201,4,0,0,40,0.0,0.0,1.0,40,700,400,300,0.5714285714285714,10,4,6,319.423160209923,0.7730235042735043,0.05334557649313365,0.19344563145401725,132595.55975155815,470.81854512927606,133066.3782966874,1198,30,594.45,37,3,21,34.29182636005538,0.6444256756756757,42.516447368421055,1029.9342105263156,27.836059743954475,0
1202,4,0,0,40,0.0,0.0,1.0,40,1050,700,350,0.6666666666666666,14,7,7,318.81859413064103,0.7725961538461539,0.05109366684406669,0.1933699607396624,132652.03145438974,458.38683537241764,133110.41828976216,1199,31,595.45,37,3,16,34.25082047188222,0.6449887387387387,42.46162280701754,1030.1535087719292,27.841986723565654,0
1203,4,0,0,40,0.0,0.0,1.0,40,950,600,350,0.631578947368421,13,6,7,321.122662155292,0.7710470085470086,0.058143556454187895,0.1950607405477233,132708.51518015156,523.1423370652498,133231.6575172168,1200,32,596.45,37,3,16,34.13489677556667,0.6455518018018017,42.406798245614034,1030.3728070175437,27.847913703176857,0
1204,4,0,0,40,0.0,0.0,1.0,40,1100,600,500,0.5454545454545454,16,6,10,325.1542654289955,0.768349358974359,0.07205507123112875,0.19885572305755092,132962.84072984,646.6869613727335,133609.52769121274,1201,33,597.45,37,3,17,33.7763129917074,0.6480855855855856,42.16008771929825,1031.3596491228075,27.87458511142723,0
1205,4,0,0,40,0.0,0.0,1.0,40,550,400,150,0.7272727272727273,7,4,3,323.4504184731237,0.7676014957264957,0.07360786397449526,0.19841384862008427,133075.95245652506,608.6945021545058,133684.64695867957,1202,34,598.45,37,3,18,33.70704923839887,0.6492117117117117,42.050438596491226,1031.7982456140348,27.88643907064959,0
1206,4,0,0,40,0.0,0.0,1.0,40,900,600,300,0.6666666666666666,12,6,6,327.436884201142,0.7663995726495727,0.07660433489162788,0.20116422676900433,133132.52635426284,718.4999230532478,133851.0262773161,1203,35,599.45,37,3,18,33.54759881002975,0.6497747747747746,41.99561403508772,1032.017543859649,27.892366050260787,0
1207,4,0,0,40,0.0,0.0,1.0,40,1200,800,400,0.6666666666666666,16,8,8,327.80012176468614,0.7659188034188035,0.08323241980029761,0.20169348668580106,133189.11227493075,731.881444290555,133920.9937192213,1204,36,600.45,37,3,19,33.4816054103817,0.6503378378378377,41.94078947368421,1032.2368421052633,27.898293029871983,0
1208,4,0,0,40,0.0,0.0,1.0,40,1200,800,400,0.6666666666666666,16,8,8,327.1385465987674,0.7642895299145299,0.0782388234044813,0.20174614887495682,133274.01369892652,719.8134281702029,133993.8271270967,1205,37,601.45,37,3,19,33.41375084067821,0.6511824324324325,41.858552631578945,1032.5657894736837,27.90718349928875,0
1209,4,0,1,39,0.0,0.025,0.975,40,1250,1100,150,0.88,14,11,3,325.31971830878035,0.7624465811965812,0.0808798556569732,0.2013904327138849,133415.5761869037,680.5435326254299,134096.11971952912,1206,38,602.45,37,3,19,33.31918205618057,0.6525900900900901,41.72149122807018,1033.1140350877197,27.922000948316747,0
1210,4,0,0,39,0.0,0.0,1.0,39,1250,900,350,0.72,16,9,7,334.6631222794458,0.759727845254161,0.08315373713825736,0.20700369660616025,133384.961714248,1127.8055504829113,134512.7672647309,1207,39,616.3333333333334,36,3,19,33.108488680547985,0.6542245370370371,41.751126126126124,1032.995495495495,28.69431931931931,0
1211,4,0,0,39,0.0,0.0,1.0,39,1050,600,450,0.5714285714285714,15,6,9,331.2179373439878,0.7591093117408907,0.07588089510286289,0.20551636315116814,133501.3153990139,1043.6060638341091,134544.921462848,1208,40,617.3333333333334,36,3,20,33.081117649195434,0.6553819444444444,41.638513513513516,1033.4459459459463,28.706831831831842,0
1212,4,0,0,39,0.0,0.0,1.0,39,900,600,300,0.6666666666666666,12,6,6,331.06117779961176,0.7585470085470086,0.0731690966985088,0.20590390326561225,133588.61395178965,1045.200775099428,134633.81472688908,1209,41,618.3333333333334,36,3,21,32.99791212781409,0.65625,41.554054054054056,1033.783783783784,28.71621621621622,0
1213,4,0,0,39,0.0,0.0,1.0,39,650,400,250,0.6153846153846154,9,4,5,331.06117779961176,0.7585470085470086,0.0731690966985088,0.20590390326561225,133588.61395178965,1045.200775099428,134633.81472688908,1210,42,619.3333333333334,36,3,21,32.99791212781409,0.65625,41.554054054054056,1033.783783783784,28.71621621621622,0
1214,4,0,0,39,0.0,0.0,1.0,39,950,800,150,0.8421052631578947,11,8,3,330.8234400291464,0.7596153846153847,0.0781041891790013,0.20624247452733546,133675.94103816658,1044.6269326759236,134720.5679708425,1211,43,620.3333333333334,36,3,21,32.91680278776,0.6571180555555556,41.4695945945946,1034.121621621622,28.725600600600607,0
1215,4,0,0,39,0.0,0.0,1.0,39,1000,700,300,0.7,13,7,6,331.8946492190152,0.7583220872694557,0.07765711303318756,0.20756406687372997,133792.42153893763,1080.9977629656676,134873.4193019033,1212,44,621.3333333333334,36,3,16,32.772758608178194,0.658275462962963,41.35698198198198,1034.5720720720724,28.738113113113123,0
1216,4,0,0,39,0.0,0.0,1.0,39,700,300,400,0.42857142857142855,11,3,8,332.4401671400881,0.7575910931174089,0.07267654362322484,0.20839871323447545,133879.8152037172,1101.4056286015732,134981.2208323188,1213,45,622.3333333333334,36,3,16,32.67138193688791,0.6591435185185186,41.27252252252252,1034.9099099099099,28.747497497497495,0
1217,4,0,0,39,0.0,0.0,1.0,39,900,600,300,0.6666666666666666,12,6,6,331.5442079789888,0.7575910931174089,0.021446812233760548,0.19854543949086548,132172.40521121875,964.1990804862908,133136.60429170504,1214,46,623.3333333333334,37,2,18,34.40454610080329,0.6402027027027027,42.92763157894736,1028.2894736842097,27.791607396870532,5
1218,4,1,1,39,0.025,0.025,0.975,40,900,700,200,0.7777777777777778,11,7,4,320.7723450638431,0.7658653846153847,0.020748987854251277,0.19324577861163225,132398.00347222213,493.9236111111006,132891.92708333323,1215,0,608.725,38,2,18,34.455128205128204,0.640625,42.70833333333333,1029.1666666666658,27.08333333333331,0
1219,4,1,1,39,0.025,0.025,0.975,40,650,400,250,0.6153846153846154,9,4,5,321.0252958628059,0.7650373931623932,0.021622042341220338,0.19382203953220528,132480.48159105846,505.9171597633044,132986.39875082177,1216,0,609.7,38,2,18,34.365919468659186,0.6414473684210527,42.628205128205124,1029.487179487179,27.09176788124155,0
1220,4,0,0,39,0.0,0.0,1.0,39,700,400,300,0.5714285714285714,10,4,6,328.7056477352945,0.7569163292847504,0.017655014138764802,0.197877004746359,132369.79316953284,902.1397208756416,133271.9328904085,1217,49,626.3333333333334,37,2,19,34.27932427632747,0.6421734234234234,42.73574561403508,1029.0570175438588,27.812351825509698,0
1221,4,0,0,39,0.0,0.0,1.0,39,800,500,300,0.625,11,5,6,325.7693490640017,0.7542735042735043,0.01866341135698857,0.19669764748308094,132482.65241468517,831.757487880868,133314.40990256605,1218,50,627.3333333333334,37,2,20,34.241643590016665,0.6432995495495495,42.62609649122806,1029.4956140350869,27.82420578473208,0
1222,4,1,1,39,0.025,0.025,0.975,40,1100,600,500,0.5454545454545454,16,6,10,318.64542338060966,0.7646634615384615,0.022077114427860867,0.19408403060455295,132810.65088757378,463.9012163050454,133274.5521038788,1219,0,612.625,38,2,14,34.09644485903816,0.6447368421052633,42.3076923076923,1030.7692307692294,27.125506072874458,0
1223,4,0,0,39,0.0,0.0,1.0,39,900,700,200,0.7777777777777778,11,7,4,325.20355763867104,0.7532051282051282,0.02357293695876339,0.19768842397724645,132736.7615516313,833.2934172052944,133570.0549688366,1220,52,629.3333333333334,37,2,14,34.00147194438532,0.6458333333333333,42.37938596491228,1030.4824561403511,27.850877192982463,0
1224,4,0,0,39,0.0,0.0,1.0,39,850,500,350,0.5882352941176471,12,5,7,325.29214783079016,0.7513495276653172,0.024378203082596306,0.19818998585594688,132821.51870046562,841.1594192443902,133662.67811971,1221,53,630.3333333333334,37,2,15,33.91427773641101,0.6466779279279278,42.29714912280702,1030.8114035087726,27.85976766239926,0
1225,4,0,0,39,0.0,0.0,1.0,39,950,700,250,0.7368421052631579,12,7,5,328.56684604015646,0.7517431399010347,0.02912017799299793,0.20063913117932686,132906.30290089274,933.720952600813,133840.02385349356,1222,54,631.3333333333334,37,2,16,33.74494895789025,0.6475225225225224,42.21491228070176,1031.1403508771941,27.86865813181606,0
1226,4,1,1,39,0.025,0.025,0.975,40,650,400,250,0.6153846153846154,9,4,5,322.12720247659166,0.75625,0.026278600269179053,0.19780207557033702,133113.6670524692,575.9066358024779,133689.57368827166,1223,0,616.525,38,2,16,33.70345446388515,0.6477521929824561,42.01388888888889,1031.944444444445,27.156432748538027,0
1227,4,0,0,39,0.0,0.0,1.0,39,1250,1000,250,0.8,15,10,5,333.512818205312,0.7520242914979758,0.023692536605704806,0.20443140758917153,133047.6700162551,1074.620676554334,134122.29069280945,1224,56,633.3333333333334,37,2,17,33.475816594041156,0.6489301801801801,42.077850877192986,1031.688596491229,27.883475580844028,0
1228,4,0,0,39,0.0,0.0,1.0,39,1350,1100,250,0.8148148148148148,16,11,5,331.50466044890163,0.7533738191632928,0.03039767864108467,0.19940474539312808,132340.06123944905,974.9457028140346,133315.00694226308,1225,57,634.3333333333334,36,3,20,34.23716756046844,0.6438078703703705,42.76463963963965,1028.9414414414425,28.581706706706736,2
1229,4,0,0,39,0.0,0.0,1.0,39,1550,1100,450,0.7096774193548387,20,11,9,333.7499820444433,0.7529802069275754,0.033383829882735805,0.20121865672072667,132426.97934420922,1039.5003956659514,133466.47973987518,1226,58,635.3333333333334,36,3,20,34.09213165572576,0.6446759259259258,42.68018018018019,1029.2792792792804,28.591091091091123,0
1230,4,2,2,39,0.04878048780487805,0.04878048780487805,0.9512195121951219,41,700,500,200,0.7142857142857143,9,5,4,321.2873365727939,0.7644308943089431,0.03561228358397628,0.19598121352259568,132865.71905361983,337.6145993133358,133203.33365293316,1227,0,605.2926829268292,38,3,17,33.97322970639034,0.6452850877192982,42.25427350427351,1030.9829059829071,27.131129104813347,0
1231,4,0,0,39,0.0,0.0,1.0,39,850,500,350,0.5882352941176471,12,5,7,337.65894750412525,0.7529802069275754,0.03893533392768034,0.20451845919686978,132600.90115453317,1154.7761443876598,133755.67729892084,1228,1,634.3333333333334,36,3,21,33.816923609592536,0.646412037037037,42.511261261261275,1029.954954954957,28.609859859859917,0
1232,4,0,0,39,0.0,0.0,1.0,39,1050,900,150,0.8571428571428571,12,9,3,351.3295843821279,0.7522492127755286,0.005893776914632998,0.20702538898584633,131559.08230865994,1446.972901955999,133006.05521061594,1229,2,635.3333333333334,36,3,15,34.514041346505664,0.6359953703703705,43.52477477477477,1025.9009009009003,28.49724724724723,3
1233,4,1,1,39,0.025,0.025,0.975,40,450,200,250,0.4444444444444444,7,2,5,341.98480158511876,0.7613514957264957,0.009639615589962958,0.20283012456267466,131806.21831957888,1015.1446839411884,132821.36300352006,1230,0,620.425,37,3,16,34.504693895710986,0.6365427927927929,43.283991228070164,1026.8640350877174,27.753082029397767,0
1234,4,1,1,39,0.025,0.025,0.975,40,750,300,450,0.4,12,3,9,340.4680575282273,0.7621260683760683,0.016141942369263695,0.20268015876998,131946.99931709733,984.747710834075,132931.74702793141,1231,0,621.325,37,3,17,34.4019032372821,0.6379504504504505,43.14692982456139,1027.4122807017525,27.767899478425743,0
1235,4,0,0,39,0.0,0.0,1.0,39,850,600,250,0.7058823529411765,11,6,5,349.16775438923895,0.7558479532163743,0.01347426196642143,0.20716075161193692,131819.15181651243,1405.3994450531636,133224.5512615656,1232,2,638.2564102564103,36,3,17,34.30726139562087,0.6385995370370371,43.2713963963964,1026.9144144144143,28.525400400400397,0
1236,4,0,0,39,0.0,0.0,1.0,39,1050,600,450,0.5714285714285714,15,6,9,350.60381323947263,0.7549482681061629,0.016931002790917082,0.20864700510004647,131934.82069485038,1451.3702469361376,133386.1909417865,1233,3,639.2564102564103,36,3,17,34.15383280353684,0.6397569444444444,43.15878378378379,1027.364864864866,28.537912912912944,0
1237,4,0,0,39,0.0,0.0,1.0,39,800,400,400,0.5,12,4,8,352.87729560909537,0.753936122357175,0.024334673397892415,0.21064166625403627,132050.54029959018,1519.5275089278534,133570.06780851804,1234,4,640.2564102564103,36,3,17,33.97885394981922,0.6409143518518519,43.046171171171174,1027.8153153153157,28.550425425425438,0
1238,4,2,2,39,0.04878048780487805,0.04878048780487805,0.9512195121951219,41,750,600,150,0.8,9,6,3,339.8566232121874,0.7702743902439024,0.02251726852128444,0.20520346207969303,132482.65241468526,805.4779143884718,133288.13032907373,1235,0,609.9756097560976,37,4,18,33.87907391628501,0.6432995495495495,42.62609649122807,1029.4956140350876,27.824205784732097,0
1239,4,0,0,39,0.0,0.0,1.0,39,600,300,300,0.5,9,3,6,354.73032226486333,0.7539923526765633,0.024427781054287223,0.2122338035568941,132137.36329234648,1574.6258927846832,133711.98918513115,1236,6,642.2564102564103,36,3,18,33.84378422782037,0.6417824074074074,42.961711711711715,1028.1531531531537,28.559809809809824,0
1240,4,0,0,39,0.0,0.0,1.0,39,500,200,300,0.4,8,2,6,350.2620597935618,0.7537112010796222,0.018288146395011307,0.21004224504889063,132224.21481870403,1462.6251673971478,133686.83998610117,1237,7,643.2564102564103,36,3,18,33.8712179276616,0.6426504629629629,42.87725225225226,1028.4909909909925,28.569194194194235,0
1241,4,0,0,39,0.0,0.0,1.0,39,1100,700,400,0.6363636363636364,15,7,8,349.65406958020617,0.7528677462887989,0.02108312003233226,0.2101604986634714,132311.09487866246,1452.622554987426,133763.7174336499,1238,8,644.2564102564103,36,3,19,33.799438120256866,0.6435185185185186,42.792792792792795,1028.828828828829,28.578578578578586,0
1242,4,0,0,39,0.0,0.0,1.0,39,950,700,250,0.7368421052631579,12,7,5,349.65406958020617,0.7528677462887989,0.02108312003233226,0.2101604986634714,132311.09487866246,1452.622554987426,133763.7174336499,1239,9,645.2564102564103,36,3,19,33.799438120256866,0.6435185185185186,42.792792792792795,1028.828828828829,28.578578578578586,0
1243,4,1,0,40,0.025,0.0,1.0,40,1200,800,400,0.6666666666666666,16,8,8,341.6817403193837,0.7609775641025641,0.02484562972426252,0.20692563422436952,132595.55975155812,1061.096322907039,133656.65607446517,1240,0,630.1,37,3,21,33.718704531743484,0.6444256756756757,42.51644736842105,1029.9342105263154,27.83605974395447,0
1244,4,0,1,39,0.0,0.025,0.975,40,1150,900,250,0.782608695652174,14,9,5,339.2638633341548,0.7628739316239316,0.02202064268993431,0.206235561941422,132736.76155163112,1006.5573060941696,133743.3188577253,1241,1,631.1,37,3,16,33.63924948570619,0.6458333333333334,42.379385964912274,1030.4824561403498,27.850877192982427,0
1245,4,0,0,39,0.0,0.0,1.0,39,1050,700,350,0.6666666666666666,14,7,7,348.78778925102034,0.754442195231669,0.015795051220373724,0.21125914705230672,132600.9011545329,1449.9150332765198,134050.81618780943,1242,12,648.2564102564103,36,3,20,33.53036846708943,0.6464120370370371,42.51126126126126,1029.954954954955,28.60985985985986,0
1246,4,0,0,39,0.0,0.0,1.0,39,900,400,500,0.4444444444444444,14,4,10,348.37503816652327,0.7542172739541161,0.021251667731773116,0.2113352021981003,132658.9004545085,1443.0099017936755,134101.91035630216,1243,13,649.2564102564103,36,3,16,33.48272846523829,0.6469907407407408,42.45495495495495,1030.1801801801796,28.6161161161161,0
1247,4,0,0,39,0.0,0.0,1.0,39,800,400,400,0.5,12,4,8,348.3423809141735,0.7527552856500225,0.02404108840563879,0.21180605499970762,132745.92318247294,1448.2061876065154,134194.12937007946,1244,14,650.2564102564103,36,3,17,33.39616799621168,0.6478587962962964,42.37049549549549,1030.5180180180175,28.625500500500486,0
1248,4,0,0,39,0.0,0.0,1.0,39,1400,1000,400,0.7142857142857143,18,10,8,348.25017855320857,0.751293297345929,0.03315203315203319,0.2128195535602944,132934.57031250015,1458.8975694444594,134393.4678819446,1245,15,651.2564102564103,37,2,17,33.20917508417509,0.647804054054054,42.18750000000001,1031.2500000000011,27.871621621621653,0
1249,4,0,0,39,0.0,0.0,1.0,39,950,800,150,0.8421052631578947,11,8,3,337.2804598794792,0.7520242914979758,-0.026735524456204085,0.2060399366301731,132920.7986339397,1166.317618160576,134087.11625210027,1246,16,652.2564102564103,38,1,17,33.50579327255145,0.6458333333333333,42.200854700854705,1031.1965811965817,27.13675213675215,5
1250,4,0,0,39,0.0,0.0,1.0,39,950,600,350,0.631578947368421,13,6,7,336.25338514980007,0.7526990553306343,-0.020079361285078923,0.20571547403271062,132975.889628534,1142.7186061801597,134118.60823471416,1247,17,653.2564102564103,38,1,17,33.477056142531595,0.6463815789473684,42.147435897435905,1031.4102564102575,27.142375168690986,0
1251,4,0,0,39,0.0,0.0,1.0,39,1250,900,350,0.72,16,9,7,336.8832220979127,0.7530926675663518,-0.023936932632584895,0.20701602579299222,133141.23109796192,1170.60938527285,134311.84048323476,1248,18,654.2564102564103,38,1,18,33.29516045548655,0.6480263157894737,41.98717948717949,1032.0512820512824,27.159244264507432,0
1252,4,0,0,39,0.0,0.0,1.0,39,1200,900,300,0.75,15,9,6,336.80506063330586,0.7526990553306343,-0.022435897435897134,0.20758189451277198,133251.51581561822,1175.956972751832,134427.47278837004,1249,19,655.2564102564103,38,1,18,33.18674116997793,0.6491228070175439,41.880341880341874,1032.4786324786312,27.170490328385032,0
1253,4,0,0,39,0.0,0.0,1.0,39,1100,900,200,0.8181818181818182,13,9,4,335.61789305616935,0.7521929824561404,-0.021117386577572672,0.20777368923515696,133417.02849915967,1155.4284005405555,134572.45689970022,1250,20,656.2564102564103,38,1,19,33.051749396759725,0.6507675438596492,41.72008547008546,1033.1196581196562,27.187359424201478,0
1254,4,0,0,39,0.0,0.0,1.0,39,1300,1100,200,0.8461538461538461,15,11,4,337.2421122620672,0.7522492127755286,-0.012493644221688971,0.20941868107856915,133530.41174620562,1206.4384502512532,134736.85019645686,1251,21,657.2564102564103,36,3,20,32.89637357448974,0.6556712962962963,41.61036036036036,1033.5585585585582,28.70995995995995,0
1255,4,1,0,40,0.025,0.0,1.0,40,1100,700,400,0.6363636363636364,15,7,8,327.89877640449635,0.7609508547008547,-0.004277465833244953,0.20565026913501935,133897.4507180094,780.9620508233277,134678.41276883273,1252,0,641.8,37,3,17,32.771281385740004,0.6573761261261262,41.25548245614035,1034.9780701754387,27.972380275011858,0
1256,4,0,1,39,0.0,0.025,0.975,40,1100,900,200,0.8181818181818182,13,9,4,326.5838983686218,0.762099358974359,-0.005533785214996811,0.20529994463359025,133982.5775719451,751.3104993844152,134733.8880713295,1253,1,642.8,37,3,17,32.72038056908848,0.6582207207207207,41.17324561403508,1035.3070175438586,27.98127074442861,0
1257,4,0,0,39,0.0,0.0,1.0,39,1200,800,400,0.6666666666666666,16,8,8,329.5195233845562,0.754442195231669,-0.004449623900836919,0.20666676287221422,133897.45071800938,1024.3648286011057,134921.81554661048,1254,2,659.6923076923077,37,2,17,32.729345446198394,0.6573761261261262,41.25548245614035,1034.9780701754385,27.97238027501185,0
1258,4,0,0,39,0.0,0.0,1.0,39,1150,800,350,0.6956521739130435,15,8,7,327.4759671250131,0.7537112010796222,-0.0029163391739508437,0.20563283509230382,133941.8297195739,972.546045182243,134914.37576475614,1255,3,660.6923076923077,38,1,17,32.73794165204529,0.6559758771929826,41.21260683760683,1035.149572649571,27.240778227620286,0
1259,4,0,0,39,0.0,0.0,1.0,39,1000,800,200,0.8,12,8,4,327.61782057764424,0.7515744489428701,-0.0034699355998990544,0.20665288031881957,134107.77043839925,987.2190947110647,135094.98953311032,1256,4,661.6923076923077,38,1,18,32.56876396768095,0.6576206140350878,41.05235042735042,1035.7905982905968,27.257647323436757,0
1260,4,0,0,39,0.0,0.0,1.0,39,1000,800,200,0.8,12,8,4,327.7194790951868,0.7514619883040936,-0.001190022848438721,0.20687292117883657,134135.43721236012,991.7591222879472,135127.19633464806,1257,5,662.6923076923077,38,1,19,32.53854682343233,0.6578947368421053,41.025641025641015,1035.8974358974344,27.26045883940617,0
1261,4,0,0,39,0.0,0.0,1.0,39,650,500,150,0.7692307692307693,8,5,3,327.8971314391679,0.7514057579847054,-0.0028184505396300352,0.20729767801154173,134190.77932098752,1000.1543209876387,135190.93364197516,1258,6,663.6923076923077,38,1,19,32.47877569258265,0.6584429824561404,40.972222222222214,1036.1111111111102,27.266081871345005,0
1262,4,1,1,39,0.025,0.025,0.975,40,1050,900,150,0.8571428571428571,12,9,3,318.63879673498127,0.7542200854700855,-0.0016449020592665953,0.20268685121384888,134415.7240125867,566.0129123263803,134981.73692491307,1259,0,648.075,39,1,19,32.49466348568559,0.6589209401709402,40.75520833333333,1036.9791666666658,26.58920940170938,0
1263,4,0,0,39,0.0,0.0,1.0,39,1200,800,400,0.6666666666666666,16,8,8,330.8495822939317,0.7503936122357175,0.0036562105385515853,0.21043421007502608,134412.26189823926,1094.0481408429914,135506.31003908225,1260,8,665.6923076923077,38,1,19,32.181554364997595,0.6606359649122808,40.758547008547,1036.9658119658104,27.288573999100276,0
1264,4,0,0,39,0.0,0.0,1.0,39,400,300,100,0.75,5,3,2,329.88835154990227,0.7498313090418354,0.0022241417111099615,0.20998204777015722,134439.96006145424,1070.0353614215542,135509.9954228758,1261,9,666.6923076923077,38,1,19,32.17888293671234,0.6609100877192984,40.731837606837594,1037.0726495726478,27.29138551506968,0
1265,4,0,0,39,0.0,0.0,1.0,39,400,200,200,0.5,6,2,4,327.2527862453828,0.7483693207377419,0.004736896303161098,0.2089383173720524,134550.78125000017,1006.5149253050048,135557.29617530518,1262,10,667.6923076923077,36,3,20,32.136880856760364,0.665798611111111,40.62500000000001,1037.5000000000014,28.819444444444482,0
1266,4,0,0,39,0.0,0.0,1.0,39,1050,800,250,0.7619047619047619,13,8,5,326.4159414158557,0.7491003148897886,-0.001251731561994207,0.2092421521537805,134696.86536198392,993.4408225793704,135690.3061845633,1263,11,668.6923076923077,36,3,21,32.01322593476531,0.6672453703703702,40.48423423423425,1038.0630630630656,28.835085085085154,0
1267,4,0,0,39,0.0,0.0,1.0,39,800,600,200,0.75,10,6,4,326.9853332141291,0.7491003148897886,0.003598642861115886,0.20994462202188569,134755.3211995783,1012.602720964246,135767.92392054253,1264,12,669.6923076923077,36,3,21,31.94030187997108,0.667824074074074,40.427927927927946,1038.288288288291,28.841341341341415,0
1268,4,0,0,39,0.0,0.0,1.0,39,1050,800,250,0.7619047619047619,13,8,5,328.3371595949775,0.7479194781826362,-0.006660439878132696,0.2114931536385531,134872.27091956863,1056.7156683711214,135928.98658793975,1265,13,670.6923076923077,36,3,16,31.788902139346643,0.6689814814814812,40.31531531531534,1038.738738738742,28.85385385385395,0
1269,4,0,0,39,0.0,0.0,1.0,39,800,600,200,0.75,10,6,4,331.04941129765064,0.7489316239316239,-0.0038686654771629136,0.21358474605819092,134930.76480196443,1133.7500507264397,136064.51485269086,1266,14,671.6923076923077,36,3,16,31.660298793265415,0.6695601851851851,40.25900900900903,1038.9639639639665,28.86011011011018,0
1270,4,0,0,39,0.0,0.0,1.0,39,1250,1000,250,0.8,15,10,5,328.29752226278833,0.7480319388214125,-0.01714449510273175,0.2129218266823366,135120.18722106813,1071.9245344721583,136192.1117555403,1267,15,672.6923076923077,37,2,18,31.543538634605916,0.6694819819819819,40.07675438596492,1039.6929824561412,28.099810336652464,0
1271,4,0,0,39,0.0,0.0,1.0,39,1600,1400,200,0.875,18,14,4,330.36909539213605,0.7472447143499775,-0.015035886622602135,0.21477387729913733,135205.70181450076,1133.557080063115,136339.25889456389,1268,16,673.6923076923077,37,2,19,31.40473994025655,0.6703265765765765,39.99451754385966,1040.0219298245627,28.108700806069262,0
1272,4,0,0,39,0.0,0.0,1.0,39,1250,1000,250,0.8,15,10,5,330.4397998332338,0.7470197930724247,-0.015580793955754624,0.21550125502526168,135319.7633526663,1143.0071031471346,136462.77045581344,1269,17,674.6923076923077,37,2,19,31.28962921979836,0.6714527027027026,39.88486842105264,1040.4605263157905,28.120554765291637,0
1273,4,0,0,39,0.0,0.0,1.0,39,1300,1000,300,0.7692307692307693,16,10,6,329.7606927491802,0.7470197930724247,-0.009984116178806346,0.21557083302859656,135405.34106648216,1130.2718144044507,136535.61288088662,1270,18,675.6923076923077,37,2,19,31.22234513274336,0.6722972972972971,39.80263157894738,1040.789473684212,28.12944523470843,0
1274,4,0,0,39,0.0,0.0,1.0,39,1150,1100,50,0.9565217391304348,12,11,1,328.3638377339473,0.7464574898785425,-0.011369006629670109,0.21517009242814605,135490.9458318908,1098.0653903124285,136589.01122220323,1271,19,676.6923076923077,37,2,19,31.173753730033354,0.6731418918918918,39.72039473684212,1041.1184210526335,28.13833570412523,0
1275,4,0,0,39,0.0,0.0,1.0,39,850,600,250,0.7058823529411765,11,6,5,330.41234734126954,0.7449392712550608,-0.0072133944528132155,0.217030184996361,135576.57764889207,1159.2350530932752,136735.81270198536,1272,20,677.6923076923077,37,2,19,31.035481153927144,0.6739864864864864,39.63815789473685,1041.4473684210536,28.14722617354199,0
1276,4,0,0,39,0.0,0.0,1.0,39,750,500,250,0.6666666666666666,10,5,5,330.97061618545,0.7440395861448493,-0.010889135428560515,0.21757023412772306,135605.1275993578,1176.2625278932308,136781.39012725104,1273,21,678.6923076923077,37,2,19,30.992626416815806,0.6742680180180178,39.6107456140351,1041.5570175438622,28.15018966334763,0
1277,4,0,0,39,0.0,0.0,1.0,39,1100,700,400,0.6363636363636364,15,7,8,329.9169170800462,0.7425775978407557,-0.006308399236947926,0.21757116329019313,135719.3574585452,1155.2224001616137,136874.5798587068,1274,22,679.6923076923077,37,2,19,30.90679697639342,0.675394144144144,39.50109649122808,1041.9956140350896,28.16204362256999,0
1278,4,0,1,38,0.0,0.02564102564102564,0.9743589743589743,39,950,600,350,0.631578947368421,13,6,7,331.2568677688671,0.7411718398560504,-0.006684740824666857,0.2188044842350996,135776.490422534,1195.378986803647,136971.86940933764,1275,23,680.6923076923077,37,2,19,30.815250745221814,0.6759572072072071,39.44627192982457,1042.2149122807027,28.167970602181153,0
1279,4,0,0,38,0.0,0.0,1.0,38,850,600,250,0.7058823529411765,11,6,5,338.7109518059599,0.7410206258890469,-0.005590931594311899,0.22265370243449364,135604.35593955452,1586.1360938641444,137190.49203341865,1276,24,684.078947368421,36,2,19,30.79184236133635,0.6762152777777777,39.61148648648649,1041.5540540540549,28.93205705705708,0
1280,4,0,1,37,0.0,0.02631578947368421,0.9736842105263158,38,750,300,450,0.4,12,3,9,337.2285719797378,0.7387387387387387,-0.0005858064222588055,0.22259010022114814,135751.01072356154,1555.8238982225612,137306.8346217841,1277,25,685.078947368421,36,2,19,30.684929039694534,0.677662037037037,39.47072072072073,1042.1171171171184,28.947697697697734,0
1281,4,0,0,37,0.0,0.0,1.0,37,750,500,250,0.6666666666666666,10,5,5,346.50118293346844,0.7343593593593594,0.01194196529084901,0.22853847252381077,135724.11807966826,2005.713493441359,137729.8315731096,1278,26,701.2162162162163,35,2,19,30.470051649450195,0.6794642857142856,39.49652777777778,1042.0138888888891,29.771825396825403,0
1282,4,0,0,37,0.0,0.0,1.0,37,950,600,350,0.631578947368421,13,6,7,346.4015608599403,0.7331081081081081,0.018706171476239097,0.22924605868225442,135844.7483308685,2011.366571287725,137856.1149021562,1279,27,702.2162162162163,35,2,20,30.352896820991077,0.6806547619047618,39.38078703703704,1042.476851851852,29.78505291005291,0
1283,4,0,0,37,0.0,0.0,1.0,37,800,700,100,0.875,9,7,2,344.2408476422747,0.7329829829829829,0.020065565510022143,0.2285891140828696,135965.43216574518,1960.9711237568765,137926.40328950205,1280,28,703.2162162162163,35,2,18,30.289484149003076,0.681845238095238,39.265046296296305,1042.939814814816,29.798280423280456,0
1284,4,0,0,37,0.0,0.0,1.0,37,650,500,150,0.7692307692307693,8,5,3,344.2408476422747,0.7329829829829829,0.020065565510022143,0.2285891140828696,135965.43216574518,1960.9711237568765,137926.40328950205,1281,29,704.2162162162163,35,2,18,30.289484149003076,0.681845238095238,39.265046296296305,1042.939814814816,29.798280423280456,0
1285,4,0,0,37,0.0,0.0,1.0,37,800,600,200,0.75,10,6,4,346.08431316635335,0.7324824824824825,0.01926518864954807,0.23059498028046388,136086.1695842979,2019.4577064043244,138105.62729070222,1282,30,705.2162162162163,35,2,18,30.12167221297837,0.6830357142857142,39.14930555555556,1043.402777777778,29.811507936507944,0
1286,4,0,0,37,0.0,0.0,1.0,37,650,500,150,0.7692307692307693,8,5,3,346.9501602760395,0.7316691691691691,0.026202758153517802,0.2315654770695079,136146.55838745294,2047.2140507116028,138193.77243816454,1283,31,706.2162162162163,35,2,18,30.039208347196034,0.6836309523809523,39.09143518518519,1043.63425925926,29.818121693121714,0
1287,4,0,0,37,0.0,0.0,1.0,37,900,600,300,0.6666666666666666,12,6,6,348.4846673917631,0.7307932932932932,0.030101958245670746,0.23278775781769795,136176.75781250015,2091.1024305555707,138267.8602430557,1284,32,707.2162162162163,35,2,18,29.96922821024618,0.6839285714285713,39.06250000000001,1043.7500000000011,29.821428571428605,0
1288,4,0,0,37,0.0,0.0,1.0,37,900,500,400,0.5555555555555556,13,5,8,348.1560702302574,0.7303553553553553,0.023905528228295392,0.23336285777246518,136297.58900248623,2090.5665937928675,138388.1555962791,1285,33,708.2162162162163,35,2,18,29.858032217542316,0.6851190476190476,38.94675925925926,1044.2129629629626,29.834656084656075,0
1289,4,0,0,37,0.0,0.0,1.0,37,750,500,250,0.6666666666666666,10,5,5,350.483816206428,0.7300425425425425,0.02328924669350174,0.23532484802431608,136358.024691358,2158.2561728394994,138516.2808641975,1286,34,709.2162162162163,35,2,18,29.737367021276597,0.6857142857142857,38.888888888888886,1044.4444444444443,29.84126984126984,0
1290,4,0,1,36,0.0,0.02702702702702703,0.972972972972973,37,1100,800,300,0.7272727272727273,14,8,6,354.6637836735446,0.728978978978979,0.051218589115899604,0.23293903105799663,135573.40561771262,2216.5954003772267,137790.00101808985,1287,35,710.2162162162163,35,2,19,30.407220122990285,0.6779761904761905,39.6412037037037,1041.4351851851852,29.755291005291006,1
1291,4,0,0,36,0.0,0.0,1.0,36,950,500,450,0.5263157894736842,14,5,9,357.61832481275866,0.7266203703703704,0.05245130711693724,0.23567204684952067,135693.96888931753,2505.3299682784623,138199.298857596,1288,36,716.1944444444445,35,1,19,30.21041620380658,0.6791666666666667,39.52546296296296,1041.8981481481478,29.76851851851851,0
1292,4,0,0,36,0.0,0.0,1.0,36,1050,500,550,0.47619047619047616,16,5,11,357.5453361982529,0.7267526455026455,0.04757939151676682,0.23642094697514443,135814.58574459885,2511.974344135817,138326.56008873467,1289,37,717.1944444444445,35,1,19,30.092438374417053,0.6803571428571428,39.40972222222223,1042.3611111111118,29.78174603174605,0
1293,4,0,0,36,0.0,0.0,1.0,36,700,700,0,1.0,7,7,0,356.01667670970954,0.7264880952380953,0.04736530491415003,0.23580869292654894,135874.91426611805,2474.7470850480177,138349.66135116608,1290,38,718.1944444444445,35,1,18,30.072343102427453,0.6809523809523809,39.351851851851855,1042.5925925925933,29.78835978835981,0
1294,4,0,0,36,0.0,0.0,1.0,36,800,600,200,0.75,10,6,4,352.5405470897535,0.7257275132275133,0.04815410794214503,0.23410043255901025,135965.43216574503,2386.665568201307,138352.09773394634,1291,39,719.1944444444445,35,1,18,30.07308197388378,0.681845238095238,39.2650462962963,1042.939814814815,29.798280423280428,0
1295,4,0,0,36,0.0,0.0,1.0,36,550,300,250,0.5454545454545454,8,3,5,353.17313267175075,0.7256944444444445,0.0444962272525522,0.23471948905883594,135995.6114969135,2405.999228395055,138401.61072530856,1292,40,720.1944444444445,35,1,18,30.026631158455398,0.6821428571428572,39.23611111111111,1043.055555555555,29.801587301587286,0
1296,4,0,0,36,0.0,0.0,1.0,36,800,400,400,0.5,12,4,8,355.3917071521962,0.7246031746031747,0.048161914271978024,0.23639449863931683,136025.79417706185,2468.4878418638514,138494.2820189257,1293,41,721.1944444444445,35,1,18,29.938815229853194,0.6824404761904762,39.207175925925924,1043.1712962962958,29.804894179894166,0
1297,4,0,0,36,0.0,0.0,1.0,36,1150,900,250,0.782608695652174,14,9,5,353.0294958587373,0.7213624338624339,0.04863651479880304,0.23642754878557318,136267.37618152014,2421.2806230710003,138688.65680459116,1294,42,722.1944444444445,35,1,18,29.76076654472897,0.6848214285714285,38.97569444444445,1044.0972222222229,29.831349206349223,0
1298,4,0,0,36,0.0,0.0,1.0,36,650,200,450,0.3076923076923077,11,2,9,351.4387166138525,0.7202050264550265,0.05008865248226968,0.23596599544072952,136358.02469135798,2384.2978395061677,138742.32253086416,1295,43,723.1944444444445,35,1,18,29.7124335106383,0.6857142857142857,38.888888888888886,1044.4444444444441,29.84126984126983,0
1299,4,0,0,36,0.0,0.0,1.0,36,850,400,450,0.47058823529411764,13,4,9,350.22785935541646,0.7207671957671958,0.044999630696506365,0.23555563774530472,136418.47377614884,2355.510009430729,138773.98378557956,1296,44,724.1944444444445,35,1,18,29.68415318708915,0.6863095238095238,38.83101851851852,1044.675925925926,29.8478835978836,0
1300,4,0,0,36,0.0,0.0,1.0,36,900,700,200,0.7777777777777778,11,7,4,350.72250844674335,0.7200066137566138,0.04201285033787516,0.2360903865584454,136448.70334201385,2371.126302083325,138819.82964409716,1297,45,725.1944444444445,35,1,18,29.641284479893635,0.6866071428571429,38.80208333333333,1044.7916666666663,29.851190476190464,0
1301,4,0,0,36,0.0,0.0,1.0,36,300,200,100,0.6666666666666666,4,2,2,350.73004877246615,0.7192791005291006,0.04623066415623733,0.2365004936793575,136509.1725206833,2375.573747213648,138884.74626789693,1298,46,726.1944444444445,35,1,19,29.58118747000406,0.6872023809523808,38.74421296296296,1045.023148148148,29.85780423280423,0
1302,4,0,0,36,0.0,0.0,1.0,36,950,800,150,0.8421052631578947,11,8,3,350.7012552550784,0.7196097883597884,0.04845347506736064,0.23688728767454112,136569.65509527185,2379.0298943329967,138948.68498960484,1299,47,727.1944444444445,35,1,19,29.52203982578526,0.6877976190476189,38.686342592592595,1045.2546296296302,29.86441798941801,0
1303,4,0,0,36,0.0,0.0,1.0,36,950,700,250,0.7368421052631579,12,7,5,351.8323143917505,0.7182208994708995,0.06368937998772295,0.2329212061113324,135857.16919273834,2371.047722734547,138228.21691547288,1300,48,728.1944444444445,33,3,22,30.199027271658633,0.685290404040404,39.368872549019606,1042.5245098039213,31.59165181224004,2
1304,4,0,0,36,0.0,0.0,1.0,36,600,300,300,0.5,9,3,6,350.9675230533351,0.7168981481481482,0.06464723625964641,0.23276560044121833,135921.05688016638,2340.7753328047,138261.8322129711,1301,49,729.1944444444445,33,3,17,30.15814137971559,0.6859217171717171,39.30759803921569,1042.769607843138,31.599079025549635,0
1305,4,0,0,36,0.0,0.0,1.0,36,1000,900,100,0.9,11,9,2,350.38402478751186,0.7159060846560847,0.0660485123826684,0.23279613075460676,135984.95958585633,2329.3914900518957,138314.35107590823,1302,50,730.1944444444445,33,3,17,30.10993126542122,0.6865530303030303,39.24632352941176,1043.0147058823525,31.606506238859165,0
1306,4,0,0,36,0.0,0.0,1.0,36,850,600,250,0.7058823529411765,11,6,5,349.2179814637705,0.7131613756613757,0.0664416555745706,0.2327677268083612,136099.10891439917,2305.6512188208717,138404.76013322003,1303,51,731.1944444444445,34,2,17,30.027096406160865,0.6853553921568627,39.136904761904766,1043.4523809523816,30.689775910364165,0
1307,4,0,0,36,0.0,0.0,1.0,36,1050,700,350,0.6666666666666666,14,7,7,342.86768805362635,0.7135251322751324,0.05088008800880095,0.2151055918703672,133908.95276611068,1982.6106089197233,135891.5633750304,1304,52,732.1944444444445,36,0,16,32.37247488485111,0.6594328703703705,41.244369369369366,1035.0225225225222,28.750625625625617,5
1308,4,0,0,36,0.0,0.0,1.0,36,700,500,200,0.7142857142857143,9,5,4,342.32585598736034,0.712962962962963,0.05477606168273974,0.21527660191161369,133996.384475692,1974.0854029705451,135970.46987866255,1305,53,733.1944444444445,36,0,16,32.299144369516334,0.6603009259259258,41.15990990990991,1035.360360360361,28.760010010010028,0
1309,4,0,0,36,0.0,0.0,1.0,36,1250,1000,250,0.8,15,10,5,343.91304347826105,0.7132275132275133,0.050718599033816814,0.21730769230769229,134171.33349565772,2028.654330005674,136199.98782566338,1306,54,734.1944444444445,36,0,16,32.08333333333333,0.6620370370370371,40.99099099099099,1036.0360360360353,28.778778778778758,0
1310,4,0,1,35,0.0,0.027777777777777776,0.9722222222222222,36,850,500,350,0.5882352941176471,12,5,7,343.2345763979313,0.7095238095238096,0.05157868057064263,0.2179184489875419,134346.3966500285,2022.465708952201,136368.8623589807,1307,55,735.1944444444445,36,0,16,31.926189441668466,0.6637731481481481,40.822072072072075,1036.7117117117123,28.797547547547563,0
1311,4,0,0,35,0.0,0.0,1.0,35,550,300,250,0.5454545454545454,8,3,5,349.8839949791277,0.7073529411764705,0.05353074443983541,0.22156020445849434,134250.74615269207,2394.437478566535,136645.1836312586,1308,56,747.9428571428572,35,0,17,31.849359690268788,0.6648809523809524,40.914351851851855,1036.3425925925928,29.609788359788368,0
1312,4,0,0,35,0.0,0.0,1.0,35,600,500,100,0.8333333333333334,7,5,2,349.1123961516122,0.7067226890756302,0.05168700646087565,0.2212527606183786,134280.734592014,2375.8138020833435,136656.54839409734,1309,57,748.9428571428572,35,0,17,31.839405360134002,0.6651785714285714,40.88541666666667,1036.4583333333342,29.613095238095262,0
1313,4,0,0,35,0.0,0.0,1.0,35,1200,700,500,0.5833333333333334,17,7,10,331.8544012020924,0.7067226890756302,0.06662153012863925,0.19527846636473775,131506.13667052498,1728.1780478395433,133234.31471836453,1310,58,749.9428571428572,35,0,20,35.06685849695329,0.6374999999999997,43.57638888888891,1025.6944444444468,29.305555555555625,7
1314,4,0,0,35,0.0,0.0,1.0,35,600,400,200,0.6666666666666666,8,4,4,335.1008160246786,0.7068627450980391,0.06659147304308566,0.1978031847453267,131624.8780971368,1821.5208118999008,133446.3989090367,1311,59,750.9428571428572,35,0,15,34.86399353334838,0.6386904761904759,43.46064814814817,1026.15740740741,29.31878306878314,0
1315,4,0,0,35,0.0,0.0,1.0,35,650,500,150,0.7692307692307693,8,5,3,334.19333810639,0.707422969187675,0.06820027063599432,0.1975751014884981,131684.26890432127,1801.6010802469439,133485.8699845682,1312,60,751.9428571428572,35,0,15,34.827469553450605,0.639285714285714,43.40277777777779,1026.3888888888912,29.32539682539689,0
1316,4,1,1,35,0.027777777777777776,0.027777777777777776,0.9722222222222222,36,1050,600,450,0.5714285714285714,15,6,9,327.5905273034336,0.7183531746031746,0.06836834094368327,0.19524908959136764,131992.67415642025,1447.9099454184222,133440.58410183867,1313,0,732.0277777777778,36,0,16,34.686757990867584,0.640335648148148,43.10247747747749,1027.5900900900924,28.544169169169233,0
1317,4,0,0,35,0.0,0.0,1.0,35,1150,900,250,0.782608695652174,14,9,5,335.2850865373626,0.7050420168067226,0.07807829066979854,0.19993259122667864,132011.1577958892,1852.2744930984372,133863.43228898762,1314,62,753.9428571428572,35,0,18,34.47049686526262,0.6425595238095237,43.08449074074075,1027.662037037038,29.361772486772516,0
1318,4,0,1,34,0.0,0.02857142857142857,0.9714285714285714,35,500,300,200,0.6,7,3,4,336.5230094959827,0.7046218487394957,0.07830115830115902,0.20082824760244128,132040.89506172837,1886.959876543214,133927.85493827157,1315,63,754.9428571428572,35,0,18,34.408783783783804,0.6428571428571428,43.05555555555556,1027.7777777777776,29.36507936507936,0
1319,4,1,0,35,0.02857142857142857,0.0,1.0,35,700,500,200,0.7142857142857143,9,5,4,336.19180791488503,0.7122549019607842,0.08611941738207807,0.20157897470524075,132219.38898533946,1890.2150848765411,134109.604070216,1316,0,750.0285714285715,35,0,19,34.23784604996625,0.6446428571428571,42.88194444444444,1028.472222222222,29.384920634920626,0
1320,4,0,0,35,0.0,0.0,1.0,35,750,500,250,0.6666666666666666,10,5,5,340.000517121447,0.7135854341736694,0.09164456872860516,0.2043451383835389,132308.68115837185,1997.0040027006114,134305.68516107247,1317,1,751.0285714285715,35,0,19,34.05016031049612,0.6455357142857143,42.795138888888886,1028.8194444444441,29.394841269841262,0
1321,4,0,0,35,0.0,0.0,1.0,35,1250,1000,250,0.8,15,10,5,352.7819551466877,0.7135854341736694,0.08341647089112691,0.21020122132834204,131981.4238790296,2312.1329518175676,134293.55683084717,1318,2,752.0285714285715,35,0,16,34.05093114064729,0.6422619047619047,43.11342592592593,1027.5462962962972,29.358465608465636,1
1322,4,1,2,34,0.027777777777777776,0.05555555555555555,0.9444444444444444,36,400,100,300,0.25,7,1,6,346.1472068459212,0.7177579365079365,0.07796934865900362,0.20789314494000616,132282.13168827625,1957.8180799042382,134239.9497681805,1319,0,732.1111111111111,36,0,16,33.918764823937224,0.6432291666666665,42.82094594594595,1028.7162162162172,28.575450450450475,0
1323,4,1,0,35,0.02857142857142857,0.0,1.0,35,1000,600,400,0.6,14,6,8,349.67808211964325,0.7087535014005601,0.08772020059148788,0.20999586445130988,132278.9137517146,2251.007373113844,134529.92112482846,1320,0,753.9142857142857,35,0,18,33.83119561956196,0.6452380952380953,42.82407407407407,1028.703703703703,29.39153439153437,0
1324,4,1,0,36,0.027777777777777776,0.0,1.0,36,800,600,200,0.75,10,6,4,339.2955418786689,0.7187830687830689,0.08315717860874217,0.20550973682266904,132600.9011545328,1798.178922165394,134399.08007669818,1321,0,733.9444444444445,36,0,21,33.77478314745972,0.6464120370370372,42.511261261261254,1029.954954954954,28.609859859859835,0
1325,4,0,1,35,0.0,0.027777777777777776,0.9722222222222222,36,1000,600,400,0.6,14,6,8,341.1771712473827,0.7174603174603175,0.07999319827041762,0.20696875083362415,132658.90045450832,1852.0376795714383,134510.93813407974,1322,1,734.9444444444445,36,0,14,33.66810596123015,0.6469907407407409,42.45495495495494,1030.1801801801782,28.61611611611606,0
1326,4,1,0,36,0.027777777777777776,0.0,1.0,36,550,400,150,0.7272727272727273,7,4,3,343.02081280420447,0.7192460317460317,0.08693989071038288,0.2084090595722755,132716.91243608468,1904.9326353380352,134621.84507142272,1323,0,735.8888888888889,36,0,15,33.56238615664846,0.6475694444444444,42.398648648648646,1030.405405405405,28.62237237237236,0
1327,4,0,0,36,0.0,0.0,1.0,36,750,500,250,0.6666666666666666,10,5,5,341.55761742628,0.7185846560846562,0.08422567016317029,0.20784144379556604,132774.9370992613,1870.0582339095697,134644.99533317087,1324,1,736.8888888888889,36,0,15,33.54184877622377,0.6481481481481483,42.342342342342334,1030.6306306306296,28.6286286286286,0
1328,4,1,2,35,0.02702702702702703,0.05405405405405406,0.9459459459459459,37,700,400,300,0.5714285714285714,10,4,6,334.69519818757163,0.7252252252252253,0.08144596174786467,0.204845655780773,132991.1141529122,1502.2974617189657,134493.41161463116,1325,0,717.9459459459459,37,0,15,33.50197990857872,0.6483671171171173,42.13267543859648,1031.4692982456122,27.877548601232764,0
1329,4,0,0,35,0.0,0.0,1.0,35,1250,1000,250,0.8,15,10,5,376.59430141428015,0.7099439775910363,0.028867541231966554,0.20916864211082295,129263.69214965389,2745.9549662805366,132009.6471159344,1326,3,759.8285714285714,33,2,18,36.19797943279506,0.6193181818181819,45.772058823529406,1016.9117647058815,30.81550802139035,8
1330,4,0,0,35,0.0,0.0,1.0,35,1450,1000,450,0.6896551724137931,19,10,9,374.15497979461327,0.7119747899159663,0.028523247410262798,0.20847212364126683,129388.34372597066,2682.2586264897955,132070.60235246044,1327,4,760.8285714285714,33,2,20,36.132859551915196,0.6205808080808082,45.64950980392156,1017.4019607843127,30.830362448009474,0
1331,4,3,2,36,0.07894736842105263,0.05263157894736842,0.9473684210526316,38,650,300,350,0.46153846153846156,10,3,7,338.2997309682531,0.7487553342816501,0.025724020442930096,0.19057767953777807,129819.89354263125,1186.550591352429,131006.44413398368,1328,0,701.6842105263158,35,3,18,36.60668654173766,0.6205357142857142,45.22569444444445,1019.0972222222229,29.11706349206351,4
1332,4,1,1,36,0.02702702702702703,0.02702702702702703,0.972972972972973,37,800,600,200,0.75,10,6,4,344.6845131111153,0.7421171171171171,0.033621081326669744,0.19402828986126971,129790.4074502743,1547.3486796982093,131337.75612997252,1329,0,721.4864864864865,35,2,18,36.47395123428744,0.6202380952380953,45.254629629629626,1018.9814814814811,29.113756613756603,0
1333,4,1,0,37,0.02702702702702703,0.0,1.0,37,850,500,350,0.5882352941176471,12,5,7,345.49963248669167,0.7372997997997998,0.03895721334413449,0.19507440788094732,129908.37191358018,1576.6589506172772,131485.03086419747,1330,0,722.4594594594595,35,2,19,36.33344686648501,0.6214285714285714,45.138888888888886,1019.4444444444439,29.126984126984112,0
1334,4,0,0,37,0.0,0.0,1.0,37,550,300,250,0.5454545454545454,8,3,5,345.49963248669167,0.7372997997997998,0.03895721334413449,0.19507440788094732,129908.37191358018,1576.6589506172772,131485.03086419747,1331,1,723.4594594594595,35,2,19,36.33344686648501,0.6214285714285714,45.138888888888886,1019.4444444444439,29.126984126984112,0
1335,4,0,0,37,0.0,0.0,1.0,37,1000,600,400,0.6,14,6,8,343.69600733246733,0.7372997997997998,0.03609373507783409,0.19453194015017689,130004.05811216646,1536.375142033951,131540.4332542004,1332,2,724.4594594594595,36,1,19,36.282345038280326,0.6203703703703702,45.04504504504506,1019.8198198198218,28.328328328328382,0
1336,4,2,1,38,0.05128205128205128,0.02564102564102564,0.9743589743589743,39,700,300,400,0.42857142857142855,11,3,8,324.7793942429554,0.7607399910031489,0.03832450377904939,0.18642460485482756,130550.14209733397,680.5128185618235,131230.6549158958,1333,0,688.2564102564103,36,3,18,36.212350780532596,0.6258680555555556,44.510135135135144,1021.9594594594607,28.387762762762797,0
1337,4,0,0,38,0.0,0.0,1.0,38,1100,900,200,0.8181818181818182,13,9,4,331.7942492077745,0.7474810336652442,0.04123582239078316,0.1899102492547222,130439.87509645053,1055.8400848765316,131495.71518132708,1334,1,707.3684210526316,35,3,20,36.14462950373895,0.6267857142857143,44.61805555555555,1021.527777777777,29.186507936507915,0
1338,4,0,0,38,0.0,0.0,1.0,38,550,300,250,0.5454545454545454,8,3,5,333.710530663649,0.7485775248933144,0.04375234722892829,0.19144446232809362,130528.56445312512,1111.751302083348,131640.31575520846,1335,2,708.3684210526316,35,3,18,36.00598878695209,0.6276785714285713,44.53125000000001,1021.8750000000009,29.196428571428598,0
1339,4,2,1,39,0.05,0.025,0.975,40,900,700,200,0.7777777777777778,11,7,4,325.6812141731027,0.7722489316239316,0.09434231805929971,0.18098821219026492,129285.00987082535,453.96314851681956,129738.97301934217,1336,0,673.9,37,3,23,37.470687331536375,0.611204954954955,45.751096491228054,1016.9956140350854,27.486367946894198,4
1340,4,1,0,40,0.025,0.0,1.0,40,700,300,400,0.42857142857142855,11,3,8,320.85407996432826,0.7745726495726496,0.09747844827586238,0.17893785228779827,129424.43828870403,305.27181440441063,129729.71010310843,1337,0,674.8,37,3,24,37.45195761494251,0.6126126126126127,45.61403508771929,1017.5438596491213,27.501185395922196,0
1341,4,0,1,39,0.0,0.025,0.975,40,800,400,400,0.5,12,4,8,319.6001686438587,0.7738782051282052,0.09705343675931921,0.17849150212709344,129480.23069598323,276.38071329638126,129756.61140927962,1338,1,675.8,37,3,18,37.4272786037492,0.6131756756756757,45.55921052631578,1017.7631578947356,27.507112375533396,0
1342,4,1,1,39,0.025,0.025,0.975,40,900,500,400,0.5555555555555556,13,5,8,319.1608749324699,0.7741185897435897,0.08260366182014023,0.178626203963109,129563.94184989587,270.3482081024663,129834.29005799834,1339,0,676.75,37,3,18,37.35359450726978,0.6140202702702704,45.47697368421051,1018.0921052631559,27.516002844950158,0
1343,4,2,2,39,0.04878048780487805,0.04878048780487805,0.9512195121951219,41,1300,1100,200,0.8461538461538461,15,11,4,312.9425260076739,0.7835873983739837,0.073385488571867,0.1764463178553904,129853.92011834294,-72.63724523342547,129781.2828731095,1340,0,661.1951219512196,38,3,19,37.21829140461217,0.6151315789473686,45.19230769230768,1019.2307692307671,26.821862348178083,0
1344,4,0,0,39,0.0,0.0,1.0,39,900,700,200,0.7777777777777778,11,7,4,326.67530218759134,0.7641138101664418,0.07603966518695215,0.18322223470521398,129647.68005540148,670.5390120036726,130318.21906740515,1341,5,696.1025641025641,37,2,20,37.07741171403963,0.6148648648648649,45.39473684210525,1018.4210526315775,27.52489331436696,0
1345,4,1,1,39,0.025,0.025,0.975,40,900,700,200,0.7777777777777778,11,7,4,316.3248387078763,0.7744391025641025,0.07774690710840915,0.1781054493267841,129799.47973738032,211.7598984586138,130011.23963583892,1342,0,679.675,38,2,18,37.187216048088374,0.6145833333333334,45.245726495726494,1019.0170940170935,26.816239316239304,2
1346,4,1,0,40,0.025,0.0,1.0,40,700,600,100,0.8571428571428571,8,6,2,315.4164033992009,0.7685363247863248,0.07486898647940454,0.1779649855015836,129881.14458917748,193.32869913799277,130074.47328831546,1343,0,680.65,38,2,19,37.12770324564161,0.6154057017543859,45.16559829059829,1019.3376068376072,26.824673864147556,0
1347,4,0,0,40,0.0,0.0,1.0,40,800,600,200,0.75,10,6,4,315.4318921003986,0.7679220085470085,0.08159576697401572,0.17834608875629168,129962.8351230915,198.88459712177655,130161.71972021328,1344,1,681.65,38,2,19,37.04465283598772,0.6162280701754386,45.085470085470085,1019.6581196581194,26.833108412055775,0
1348,4,1,0,41,0.024390243902439025,0.0,1.0,41,850,700,150,0.8235294117647058,10,7,3,309.7042898792169,0.7772357723577236,0.08700846192135403,0.1764594209776935,130262.58680555565,-131.4236111111012,130131.16319444455,1345,0,666.0,40,1,20,36.88775510204081,0.6158854166666666,44.79166666666667,1020.8333333333342,25.520833333333353,0
1349,4,1,1,41,0.023809523809523808,0.023809523809523808,0.9761904761904762,42,1150,900,250,0.782608695652174,14,9,5,301.73565630021983,0.7868757259001161,0.08357725425559148,0.17295611678691067,130496.11363110597,-524.9339017780275,129971.17972932794,1346,0,651.1190476190476,40,2,17,36.855563291558916,0.6182291666666666,44.56300813008131,1021.7479674796759,25.543699186991898,0
1350,4,0,0,41,0.0,0.0,1.0,41,1200,800,400,0.6666666666666666,16,8,8,306.255120679377,0.7776930894308943,0.08464103399317202,0.17557314311770977,130501.95448133702,-206.62163628469773,130295.33284505231,1347,2,668.0,39,2,17,36.734227919937474,0.6199252136752136,44.55729166666668,1021.7708333333351,26.199252136752182,0
1351,4,0,1,40,0.0,0.024390243902439025,0.975609756097561,41,1100,700,400,0.6363636363636364,15,7,8,306.54167558518407,0.7775406504065041,0.08362937568831375,0.17597895723617574,130555.177137587,-195.87944878470267,130359.2976888023,1348,3,669.0,39,2,17,36.67322817925458,0.6204594017094017,44.50520833333334,1021.9791666666682,26.204594017094056,0
1352,4,2,1,41,0.047619047619047616,0.023809523809523808,0.9761904761904762,42,1150,900,250,0.782608695652174,14,9,5,300.31152340764595,0.7912795199380566,0.0911618669314802,0.17400098047842333,130911.78882444323,-537.1362532222739,130374.65257122095,1349,0,646.6428571428571,40,2,18,36.47322906322411,0.6223958333333333,44.15650406504066,1023.3739837398382,25.584349593495954,0
1353,4,0,1,40,0.0,0.024390243902439025,0.975609756097561,41,1050,800,250,0.7619047619047619,13,8,5,307.12870036622616,0.781859756097561,0.09010060572044454,0.17753448889327342,130821.45317925386,-164.195421006905,130657.25775824695,1350,1,663.4146341463414,39,2,18,36.389815191935654,0.6231303418803418,44.244791666666686,1023.0208333333364,26.2313034188035,0
1354,4,1,0,41,0.024390243902439025,0.0,1.0,41,850,600,250,0.7058823529411765,11,6,5,310.58436420720557,0.7780995934959349,0.10672438056424927,0.1802783548177327,130981.34901258702,-63.848198784697615,130917.50081380231,1351,0,664.0487804878048,39,2,19,36.14033190868696,0.6247329059829059,44.08854166666668,1023.6458333333351,26.247329059829106,0
1355,4,1,1,41,0.023809523809523808,0.023809523809523808,0.9761904761904762,42,950,700,250,0.7368421052631579,12,7,5,304.93438396338115,0.7880855594270229,0.10589749037939455,0.17848306803660494,131302.08462431442,-392.29594239537334,130909.78868191905,1352,0,649.2142857142857,40,2,21,35.962237646669976,0.6263020833333333,43.77540650406505,1024.8983739837415,25.622459349593537,0
1356,4,0,0,41,0.0,0.0,1.0,41,1400,1100,300,0.7857142857142857,17,11,6,312.1192609402116,0.7848069105691057,0.10800437373083716,0.18243120438911858,131248.0590820315,-6.990559895803244,131241.0685221357,1353,1,665.829268292683,39,2,22,35.83250737013319,0.627403846153846,43.828125000000014,1024.687500000002,26.274038461538513,0
1357,4,0,0,41,0.0,0.0,1.0,41,1000,800,200,0.8,12,8,4,314.17429363601997,0.7838414634146341,0.10663865838922004,0.1841550930437021,131356.98356718215,53.870747463055125,131410.8543146452,1354,2,666.829268292683,36,5,23,35.67024607272327,0.6339699074074073,43.72184684684685,1025.1126126126135,28.475350350350375,0
1358,4,0,0,41,0.0,0.0,1.0,41,750,400,350,0.5333333333333333,11,4,7,313.71207271722,0.7837398373983739,0.1044140340348918,0.18402285502690563,131385.84530476443,43.46517125235215,131429.31047601678,1355,3,667.829268292683,36,5,23,35.653055433509074,0.6342592592592592,43.6936936936937,1025.225225225227,28.478478478478525,0
1359,4,0,0,41,0.0,0.0,1.0,41,850,500,350,0.5882352941176471,12,5,7,307.7346111110554,0.7831808943089431,0.09575240930497153,0.18128022919560466,131547.23340821112,-103.67265687777689,131443.56075133334,1356,4,668.829268292683,38,3,23,35.64404985072554,0.6321271929824561,43.53632478632479,1025.8547008547018,26.99617633828163,0
1360,4,0,0,41,0.0,0.0,1.0,41,1150,1000,150,0.8695652173913043,13,10,3,310.1233767659074,0.7826727642276423,0.10567158873046267,0.18308144030956,131629.44614517133,-35.72633592666068,131593.71980924468,1357,5,669.829268292683,38,3,17,35.500173520735714,0.6329495614035088,43.45619658119658,1026.1752136752139,27.004610886189838,0
1361,4,0,0,41,0.0,0.0,1.0,41,1450,1100,350,0.7586206896551724,18,11,7,308.5524965932148,0.7831808943089431,0.043087234031766286,0.18440323740496334,132095.80342793485,-46.064814814818874,132049.73861312002,1358,6,670.829268292683,38,3,20,35.07240351971176,0.637609649122807,43.00213675213675,1027.991452991453,27.052406657669813,3
1362,4,0,1,40,0.0,0.024390243902439025,0.975609756097561,41,1250,1000,250,0.8,15,10,5,308.37805735038967,0.781910569105691,0.04899337023295458,0.1845665686529944,132150.72320841538,-49.523339907968534,132101.19986850742,1359,7,671.829268292683,38,3,20,35.02182044887779,0.6381578947368423,42.94871794871794,1028.2051282051273,27.058029689608613,0
1363,4,0,0,40,0.0,0.0,1.0,40,750,500,250,0.6666666666666666,10,5,5,314.0091914085382,0.7738514957264957,0.05324602581884119,0.1873461585660232,132031.5039843989,291.8211613188466,132323.32514571774,1360,8,689.275,37,3,20,34.99668818236779,0.638795045045045,43.06469298245613,1027.7412280701742,27.776789947842545,0
1364,4,0,1,39,0.0,0.025,0.975,40,1550,1200,350,0.7741935483870968,19,12,7,316.10237038024576,0.7722489316239316,0.053415271408766785,0.18915711085230116,132144.2189543895,354.22016870572804,132498.43912309525,1361,9,690.275,37,3,20,34.82979186662402,0.6399211711711712,42.95504385964911,1028.1798245614011,27.788643907064895,0
1365,4,0,0,39,0.0,0.0,1.0,39,1200,900,300,0.75,15,9,6,322.9108331632145,0.7656882591093118,0.06315742168519067,0.19304865723293915,132108.41912436066,731.847937464474,132840.26706182514,1362,10,708.6666666666666,36,3,21,34.6907291780772,0.6414930555555557,42.989864864864856,1028.040540540539,28.55668168168164,0
1366,4,0,1,38,0.0,0.02564102564102564,0.9743589743589743,39,1500,1200,300,0.8,18,12,6,321.95438290774155,0.7660256410256411,0.05597008640582146,0.19321493649666938,132253.17166828975,715.8976544111549,132969.0693227009,1363,11,709.6666666666666,36,3,21,34.57001313772717,0.6429398148148149,42.84909909909909,1028.6036036036023,28.572322322322286,0
1367,4,0,0,38,0.0,0.0,1.0,38,800,600,200,0.75,10,6,4,329.3371068059033,0.7597202465623518,0.06401642403882013,0.19700346934389476,132130.1269531249,1103.0707465277637,133233.19769965266,1364,12,728.4736842105264,35,3,22,34.503757176629506,0.64375,42.96874999999999,1028.1249999999993,29.374999999999982,0
1368,4,1,0,39,0.02564102564102564,0.0,1.0,39,700,500,200,0.7142857142857143,9,5,4,321.15402735021473,0.7693994601889339,0.0575036676119709,0.19377352897744649,132455.95838659606,707.7528964775538,133163.71128307362,1365,0,710.7692307692307,36,3,23,34.38719323195856,0.6449652777777779,42.652027027027025,1029.3918918918919,28.59421921921922,0
1369,4,0,0,39,0.0,0.0,1.0,39,1000,800,200,0.8,12,8,4,320.675309560496,0.7700742240215924,0.053654350898445724,0.19393221101991878,132542.9145361577,700.6480297865392,133243.56256594424,1366,1,711.7692307692307,36,3,24,34.31234507144941,0.6458333333333335,42.567567567567565,1029.7297297297291,28.603603603603588,0
1370,4,0,1,38,0.0,0.02564102564102564,0.9743589743589743,39,700,200,500,0.2857142857142857,12,2,10,324.5702868571963,0.7705240665766981,0.05601965064307701,0.19379120184709314,132059.67821829816,772.5295283164284,132832.2077466146,1367,2,712.7692307692307,37,2,17,34.697034350330696,0.6390765765765765,43.0372807017544,1027.8508771929842,27.77975343764822,1
1371,4,0,0,38,0.0,0.0,1.0,38,1150,900,250,0.782608695652174,14,9,5,335.4823794332891,0.7599869606448554,0.06024224945926426,0.1999527571736623,131992.67415642025,1256.2432787517555,133248.917435172,1368,16,732.4736842105264,36,2,18,34.48401826484018,0.640335648148148,43.10247747747749,1027.5900900900924,28.544169169169233,0
1372,4,0,0,38,0.0,0.0,1.0,38,650,400,250,0.6153846153846154,9,4,5,334.81678974691323,0.7593646277856805,0.058150801065780744,0.1997083675313944,132021.6056428052,1240.6100357114128,133262.2156785166,1369,17,733.4736842105264,36,2,18,34.472021330995695,0.6406249999999998,43.07432432432434,1027.7027027027045,28.547297297297348,0
1373,4,0,0,38,0.0,0.0,1.0,38,1050,800,250,0.7619047619047619,13,8,5,333.484994123019,0.7592460881934566,0.057553355284782226,0.1990658954454415,132050.54029959047,1207.3747311501047,133257.91503074058,1370,18,734.4736842105264,36,2,18,34.47714656148425,0.6409143518518516,43.04617117117119,1027.815315315318,28.5504254254255,0
1374,4,0,0,38,0.0,0.0,1.0,38,450,300,150,0.6666666666666666,6,3,3,335.3953180014058,0.7586533902323376,0.05593222293327815,0.20051236791321791,132108.419124361,1261.7090485756282,133370.12817293665,1371,19,735.4736842105264,36,2,18,34.36986526454159,0.6414930555555554,42.98986486486488,1028.040540540542,28.556681681681724,0
1375,4,0,0,38,0.0,0.0,1.0,38,900,700,200,0.7777777777777778,11,7,4,332.93608378521526,0.7592757230915126,0.05200912926205126,0.1994994958744482,132195.26113951812,1202.5145077510194,133397.77564726913,1372,20,736.4736842105264,36,2,18,34.34579865673821,0.6423611111111109,42.90540540540542,1028.3783783783801,28.566066066066114,0
1376,4,0,0,38,0.0,0.0,1.0,38,850,700,150,0.8235294117647058,10,7,3,332.5364865828336,0.7595720720720721,0.04992018533138909,0.19941272041766409,132224.214818704,1193.8751673971467,133418.08998610114,1373,21,737.4736842105264,36,2,18,34.32698273659624,0.6426504629629628,42.87725225225226,1028.4909909909923,28.56919419419423,0
1377,4,0,0,38,0.0,0.0,1.0,38,700,500,200,0.7142857142857143,9,5,4,332.81651650734005,0.7585941204362258,0.05435677954873985,0.20019384538035365,132340.0612394492,1208.991635216327,133549.0528746655,1374,22,738.4736842105264,36,2,19,34.20342198387508,0.6438078703703702,42.764639639639654,1028.9414414414437,28.58170670670677,0
1378,4,1,1,38,0.02564102564102564,0.02564102564102564,0.9743589743589743,39,900,600,300,0.6666666666666666,12,6,6,324.9430505543759,0.769680611785875,0.04814068700772012,0.19653421623265033,132546.94097490158,814.0668316081126,133361.00780650967,1375,0,720.5128205128206,35,4,19,34.198442358847515,0.6479166666666666,42.56365740740741,1029.7453703703716,29.42129629629633,0
1379,4,0,0,38,0.0,0.0,1.0,38,1450,1000,450,0.6896551724137931,19,10,9,331.72697453547937,0.7574087245139877,0.05078568723968169,0.2004784759149204,132517.14677640618,1191.9024348422695,133709.04921124846,1376,24,740.4736842105264,35,3,19,34.053694544364504,0.6476190476190475,42.5925925925926,1029.629629629631,29.417989417989457,0
1380,4,0,0,38,0.0,0.0,1.0,38,500,200,300,0.4,8,2,6,331.72697453547937,0.7574087245139877,0.05078568723968169,0.2004784759149204,132517.14677640618,1191.9024348422695,133709.04921124846,1377,25,741.4736842105264,35,3,19,34.053694544364504,0.6476190476190475,42.5925925925926,1029.629629629631,29.417989417989457,0
1381,4,0,0,38,0.0,0.0,1.0,38,1300,1000,300,0.7692307692307693,16,10,6,332.179147686647,0.759009009009009,0.07510105476842033,0.19623134593854086,131654.57182623883,1150.0100469392983,132804.58187317813,1378,26,742.4736842105264,35,3,19,34.909049471824375,0.6389880952380952,43.43171296296296,1026.2731481481478,29.32208994708994,2
1382,4,0,0,38,0.0,0.0,1.0,38,650,400,250,0.6153846153846154,9,4,5,331.27233025195443,0.7582088667614983,0.08151071025930068,0.19615390983543615,131743.67310742443,1128.6067172496369,132872.27982467407,1379,27,743.4736842105264,35,3,20,34.84263434798947,0.6398809523809523,43.3449074074074,1026.6203703703693,29.33201058201055,0
1383,4,0,0,38,0.0,0.0,1.0,38,850,600,250,0.7058823529411765,11,6,5,338.2511637359836,0.7582088667614983,0.08387432685727947,0.19644330553150158,131002.08340031264,1262.3214323988072,132264.40483271144,1380,28,744.4736842105264,35,3,20,35.41136706237046,0.6324404761904763,44.068287037037024,1023.7268518518495,29.249338624338556,1
1384,4,0,1,37,0.0,0.02631578947368421,0.9736842105263158,38,950,600,350,0.631578947368421,13,6,7,339.1683480556958,0.7585644855381698,0.07937560592633108,0.19758398366983881,131120.59709630048,1294.3912626457357,132414.98835894623,1381,29,745.4736842105264,35,3,20,35.268227106641056,0.6336309523809525,43.95254629629629,1024.189814814814,29.262566137566118,0
1385,4,0,0,37,0.0,0.0,1.0,37,850,600,250,0.7058823529411765,11,6,5,339.27123934692503,0.7555680680680681,0.08381950232170499,0.19825533214114358,131239.1643759644,1505.1347897376427,132744.29916570205,1382,30,749.7297297297297,35,2,21,35.14592511013215,0.6348214285714286,43.83680555555555,1024.652777777777,29.275793650793627,0
1386,4,0,0,37,0.0,0.0,1.0,37,1050,900,150,0.8571428571428571,12,9,3,339.97415771042154,0.7559434434434434,0.08649242649242672,0.19882807423938526,131270.41737683627,1525.7099159970724,132796.12729283335,1383,31,750.7297297297297,36,1,21,35.09638278388277,0.6331018518518519,43.806306306306304,1024.7747747747744,28.465965965965957,0
1387,4,0,0,37,0.0,0.0,1.0,37,800,300,500,0.375,13,3,10,340.2094615599185,0.7566316316316316,0.08592033742985916,0.19958337077343444,131389.1439909297,1539.9913495955943,132929.1353405253,1384,32,751.7297297297297,34,3,22,34.97058368168446,0.6384803921568627,43.69047619047619,1025.2380952380952,30.15406162464986,0
1388,4,0,0,37,0.0,0.0,1.0,37,900,600,300,0.6666666666666666,12,6,6,344.47863247863233,0.7566316316316316,0.04984060984061012,0.18975517890772142,128936.76757812512,1483.19227430557,130419.9598524307,1385,33,752.7297297297297,35,2,18,37.34722222222222,0.6116071428571428,46.09375000000001,1015.6250000000009,29.017857142857167,5
1389,4,3,2,38,0.075,0.05,0.95,40,1050,800,250,0.7619047619047619,13,8,5,330.0633968413134,0.7799946581196581,0.07424682590918863,0.18591570971170707,129815.23762119107,569.7229255636266,130384.96054675471,1386,0,697.2,37,3,16,36.821246682447466,0.6165540540540541,45.23026315789473,1019.0789473684206,27.542674253200556,0
1390,4,2,1,39,0.05,0.025,0.975,40,1100,700,400,0.6363636363636364,15,7,8,329.97521808127993,0.7760950854700854,0.07597423004399806,0.18682938504174948,130017.30974687696,580.4980276134029,130597.80777449036,1387,0,698.15,38,2,17,36.61874083385712,0.6167763157894737,45.03205128205128,1019.871794871794,26.83873144399458,0
1391,4,1,0,40,0.025,0.0,1.0,40,1050,700,350,0.6666666666666666,14,7,7,339.17760293579875,0.7732638888888889,0.0459367115222884,0.18757310227472768,129092.79348381903,757.076850025562,129849.87033384459,1388,0,699.125,38,2,20,37.32303055789179,0.6074561403508772,45.94017094017094,1016.2393162393154,26.743139901034613,7
1392,4,0,0,40,0.0,0.0,1.0,40,800,500,300,0.625,11,5,6,342.8095893521612,0.7737713675213675,0.046462720546385894,0.19024524589126574,129230.80800165044,860.4490158295777,130091.25701748002,1389,1,700.125,35,5,20,37.09032915955226,0.6145833333333333,45.80439814814815,1016.782407407408,29.05092592592594,0
1393,4,1,1,40,0.024390243902439025,0.024390243902439025,0.975609756097561,41,1050,700,350,0.6666666666666666,14,7,7,333.5384259182594,0.7805386178861788,0.05041473661531848,0.1864080197350513,129508.13140822176,439.18765870267623,129947.31906692444,1390,0,684.0243902439024,37,4,16,37.04430589967324,0.6134572072072071,45.531798245614034,1017.8728070175438,27.510075865339022,0
1394,4,0,0,40,0.0,0.0,1.0,40,1000,800,200,0.8,12,8,4,343.1684211949602,0.7746527777777777,0.05524015050907449,0.19141171937763357,129430.46932067211,883.2899622595656,130313.75928293169,1391,3,702.125,36,4,16,36.878181717574144,0.6145833333333334,45.60810810810811,1017.5675675675684,28.26576576576579,0
1395,4,0,0,40,0.0,0.0,1.0,40,650,400,250,0.6153846153846154,9,4,5,342.580462352412,0.773931623931624,0.05472120809824088,0.19150184286972485,129516.42679419278,873.959474677374,130390.38626887016,1392,4,703.125,36,4,16,36.80578603827857,0.615451388888889,45.523648648648646,1017.905405405405,28.27515015015014,0
1396,4,1,1,40,0.024390243902439025,0.024390243902439025,0.975609756097561,41,600,400,200,0.6666666666666666,8,4,4,337.75327907071625,0.782469512195122,0.0636130312239207,0.19024721064746866,129815.23762119096,569.1044359802786,130384.34205717123,1393,0,686.9512195121952,37,4,17,36.62533175525428,0.6165540540540542,45.230263157894726,1019.0789473684197,27.54267425320053,0
1397,4,0,0,40,0.0,0.0,1.0,40,1050,600,450,0.5714285714285714,15,6,9,350.07942370501496,0.7772702991452991,0.06658563535911632,0.19727389691970043,129831.84831791272,1090.2917275383757,130922.1400454511,1394,1,705.0,36,4,17,36.2944290976059,0.6186342592592592,45.21396396396398,1019.1441441441459,28.30955955955961,0
1398,4,1,2,39,0.024390243902439025,0.04878048780487805,0.9512195121951219,41,850,700,150,0.8235294117647058,10,7,3,342.95024048087043,0.7849593495934959,0.06010863375307407,0.1948553091512667,130153.54624379062,727.2379967492135,130880.78424053984,1395,0,688.780487804878,38,3,17,36.14979234286114,0.6181469298245614,44.89850427350427,1020.4059829059828,26.852789023841652,0
1399,4,1,1,39,0.025,0.025,0.975,40,1300,1000,300,0.7692307692307693,16,10,6,342.45139686965433,0.7775106837606838,0.06937043403523901,0.19483726173977647,130206.62607725456,917.8881963681196,131124.51427362268,1396,0,705.5,37,3,17,36.10872367855609,0.6204954954954953,44.84649122807018,1020.6140350877196,27.584163110478908,0
1400,4,1,0,40,0.025,0.0,1.0,40,1300,1100,200,0.8461538461538461,15,11,4,338.58232289867624,0.7778579059829059,0.09583691910499148,0.19098672777100062,129871.11418898105,794.4127039088763,130665.52689288993,1397,0,706.475,37,3,17,36.54752940332759,0.6171171171171171,45.17543859649122,1019.2982456140337,27.548601232811723,1
1401,4,0,0,40,0.0,0.0,1.0,40,1050,800,250,0.7619047619047619,13,8,5,337.75294099837686,0.7776709401709402,0.09529250457038363,0.1909279391090521,129954.95158366041,778.5334189365979,130733.48500259701,1398,1,707.475,37,3,18,36.48364967559235,0.6179617117117117,45.093201754385966,1019.6271929824566,27.557491702228557,0
1402,4,2,0,42,0.047619047619047616,0.0,1.0,42,900,800,100,0.8888888888888888,10,8,2,328.9795489447587,0.7986595044521874,0.1427615419687902,0.17683333474822618,127960.02739800369,19.246419270859008,127979.27381727454,1399,0,674.7380952380952,39,3,17,38.7359938570301,0.5942841880341879,47.05729166666668,1011.7708333333351,25.942841880341923,5
1403,4,1,0,43,0.023255813953488372,0.0,1.0,43,1150,800,350,0.6956521739130435,15,8,7,323.98817475184853,0.8026024363233665,0.1477226178182558,0.17542729210863955,128252.72715547164,-289.2607623764837,127963.46639309516,1400,0,660.0232558139535,38,5,18,38.56375030763281,0.5989583333333333,46.7681623931624,1012.9273504273513,26.655982905982928,0
1404,4,0,0,43,0.0,0.0,1.0,43,1200,800,400,0.6666666666666666,16,8,8,324.63417959835715,0.8027870062753784,0.15026502590487745,0.17611358979103314,128329.16802300367,-267.99316406247885,128061.17485894119,1401,1,661.0232558139535,39,4,18,38.46948785168433,0.5980235042735043,46.69270833333334,1013.2291666666683,25.980235042735085,0
1405,4,3,4,42,0.06521739130434782,0.08695652173913043,0.9130434782608696,46,900,400,500,0.4444444444444444,14,4,10,305.87816478092566,0.8187600644122384,0.1363353444484099,0.16815274976781422,128856.81918905118,-1317.1025253890905,127539.7166636621,1402,0,618.8478260869565,42,4,16,38.40845104027488,0.5987103174603174,46.17248062015504,1015.3100775193802,24.17404946474715,0
1406,4,2,1,43,0.045454545454545456,0.022727272727272728,0.9772727272727273,44,1450,1100,350,0.7586206896551724,18,11,7,317.2087065543268,0.81401955602537,0.1428834757912556,0.17396833346282634,128762.65290377782,-631.0730839777598,128131.57981980007,1403,0,647.8863636363636,40,4,17,38.21655652348051,0.6007812499999998,46.26524390243904,1014.9390243902465,25.373475609756163,0
1407,4,0,0,43,0.0,0.0,1.0,43,750,600,150,0.8,9,6,3,323.5318704943029,0.805140273163529,0.14616371004138218,0.1769161643315003,128645.99745008702,-275.7839626735906,128370.21348741342,1404,1,663.953488372093,39,4,17,38.17479977410411,0.6012286324786323,46.38020833333334,1014.4791666666683,26.012286324786366,0
1408,4,2,0,45,0.044444444444444446,0.0,1.0,45,900,600,300,0.6666666666666666,12,6,6,312.05752503636,0.8220538720538721,0.15419784414514104,0.17282926494716463,129150.96391565897,-939.4939688838385,128211.46994677513,1405,0,635.4,41,4,19,37.95302231765241,0.6031504065040649,45.88293650793651,1016.4682539682549,24.79190863337207,0
1409,4,0,0,45,0.0,0.0,1.0,45,850,700,150,0.8235294117647058,10,7,3,310.41041310482024,0.8232744107744108,0.14264803725881592,0.17249251152041928,129282.865405161,-973.820942742652,128309.04446241836,1406,1,636.4,38,7,21,37.8611198655321,0.609375,45.753205128205124,1016.987179487179,26.7628205128205,0
1410,4,1,0,46,0.021739130434782608,0.0,1.0,46,1150,800,350,0.6956521739130435,15,8,7,305.4689595175334,0.8289653784219002,0.15808962526409442,0.1711151334833173,129598.82948133672,-1282.3160807291758,128316.51340060755,1407,0,623.5434782608696,39,7,16,37.666773231031534,0.6108440170940173,45.44270833333333,1018.229166666666,26.108440170940153,0
1411,4,0,1,45,0.0,0.021739130434782608,0.9782608695652174,46,1250,800,450,0.64,17,8,9,296.45823129251715,0.8289653784219002,0.10223188405797123,0.16522353654837735,129398.49242833954,-1527.7503605552622,127870.74206778427,1408,1,624.5434782608696,42,4,17,38.09880952380952,0.6041666666666667,45.63953488372093,1017.4418604651154,24.224806201550365,3
1412,4,0,3,42,0.0,0.06666666666666667,0.9333333333333333,45,650,500,150,0.7692307692307693,8,5,3,303.15550276300206,0.8226430976430977,0.10166162650798327,0.1684361549497846,129277.04480229554,-1161.7904974490139,128115.25430484653,1409,4,639.4,41,4,17,38.051470588235276,0.6044207317073171,45.758928571428555,1016.9642857142827,24.80400696864104,0
1413,4,0,0,42,0.0,0.0,1.0,42,1100,700,400,0.6363636363636364,15,7,8,325.392837412757,0.8027245451025938,0.12004385437943088,0.17994980636454308,129092.79348381892,1.1740722477686631,129093.9675560667,1410,5,685.4047619047619,38,4,18,37.67324607513318,0.6074561403508772,45.94017094017093,1016.2393162393146,26.743139901034596,0
1414,4,1,0,43,0.023255813953488372,0.0,1.0,43,900,500,400,0.5555555555555556,13,5,8,320.73410027353833,0.8086471022517534,0.13272714289114784,0.179061266266998,129466.28146701369,-295.1497395833541,129171.13172743033,1411,0,670.4418604651163,39,4,16,37.412572500852946,0.6095085470085471,45.57291666666666,1017.7083333333317,26.095085470085426,0
1415,4,0,0,43,0.0,0.0,1.0,43,800,600,200,0.75,10,6,4,317.96276656821203,0.8088316722037652,0.13278158381302085,0.17787350415976722,129545.80213758661,-361.85167100696407,129183.95046657964,1412,1,671.4418604651163,39,4,16,37.402473651898084,0.6103098290598292,45.49479166666666,1018.0208333333318,26.10309829059825,0
1416,4,1,0,44,0.022727272727272728,0.0,1.0,44,1050,900,150,0.8571428571428571,12,9,3,317.99030422696893,0.8118393234672305,0.15420605214743355,0.1795025740968333,129899.73855054866,-538.6285238614564,129361.11002668721,1413,0,657.1590909090909,40,4,17,37.04329079852457,0.6122395833333334,45.14735772357724,1019.4105691056915,25.485264227642286,0
1417,4,0,0,44,0.0,0.0,1.0,44,1100,600,500,0.5454545454545454,16,6,10,318.837531519602,0.81069415081043,0.15857453458350368,0.18045880591084051,130003.35784131453,-510.0100593231672,129493.34778199137,1414,1,658.1590909090909,40,4,17,36.916832752034566,0.61328125,45.04573170731707,1019.8170731707304,25.49542682926826,0
1418,4,1,1,44,0.022222222222222223,0.022222222222222223,0.9777777777777777,45,1500,800,700,0.5333333333333333,22,8,14,316.8222568748297,0.8176346801346802,0.16560751796572704,0.18111852568782943,130392.29811124344,-737.5053704805206,129654.79274076292,1415,0,644.5111111111111,40,5,19,36.57504145936983,0.6171875,44.66463414634147,1021.3414634146352,25.53353658536588,0
1419,4,1,1,44,0.022222222222222223,0.022222222222222223,0.9777777777777777,45,1100,900,200,0.8181818181818182,13,9,4,315.7374371340522,0.8177609427609428,0.16776617492679136,0.181103247597427,130522.07396597596,-757.8589753123114,129764.21499066365,1416,0,645.2666666666667,40,5,14,36.471697331344274,0.6184895833333333,44.53760162601626,1021.8495934959351,25.546239837398378,0
1420,4,1,1,44,0.022222222222222223,0.022222222222222223,0.9777777777777777,45,1100,900,200,0.8181818181818182,13,9,4,314.7622877843028,0.8123316498316498,0.1775259804083975,0.18127208800216793,130677.89019639447,-773.5056637913843,129904.38453260309,1417,0,646.2444444444444,40,5,16,36.33937150051353,0.6200520833333333,44.38516260162602,1022.4593495934969,25.56148373983742,0
1421,4,1,1,44,0.022222222222222223,0.022222222222222223,0.9777777777777777,45,1300,1100,200,0.8461538461538461,15,11,4,312.88534342888045,0.8200336700336701,0.182997416020672,0.18181175361407925,131023.24263038556,-800.9495464852523,130222.29308390031,1418,0,636.8444444444444,41,4,17,36.03924418604651,0.621951219512195,44.04761904761905,1023.8095238095243,24.97096399535425,0
1422,4,1,1,44,0.022222222222222223,0.022222222222222223,0.9777777777777777,45,1250,1100,150,0.88,14,11,3,312.70554438379764,0.8202441077441078,0.1829303201506589,0.18230856836604814,131150.23389274703,-797.718942901227,130352.5149498458,1419,0,637.8222222222222,41,4,18,35.9159604519774,0.623221544715447,43.923611111111114,1024.3055555555563,24.983062330623326,0
1423,4,0,0,44,0.0,0.0,1.0,44,1150,600,550,0.5217391304347826,17,6,11,318.33112679485106,0.8125,0.18643039504903114,0.18531616202840692,131093.85456945313,-453.7491118051014,130640.10545764804,1420,3,653.3181818181819,40,4,19,35.82870232542755,0.6242187499999998,43.978658536585385,1024.0853658536619,25.602134146341548,0
1424,4,0,0,44,0.0,0.0,1.0,44,1200,1000,200,0.8333333333333334,14,10,4,318.8240110859157,0.8130065186751234,0.1896374458874457,0.18598067313345112,131171.92147531253,-435.84837067880625,130736.07310463372,1421,4,654.3181818181819,40,4,19,35.737433862433875,0.6249999999999998,43.902439024390254,1024.3902439024407,25.609756097561018,0
1425,4,0,0,44,0.0,0.0,1.0,44,1350,900,450,0.6666666666666666,18,9,9,333.2171624081284,0.8132707892882312,0.19633239708186156,0.19076828439792845,130448.74267578125,-106.35507454898249,130342.38760123227,1422,5,655.3181818181819,39,5,18,36.09932106318617,0.6193910256410258,44.609375,1021.5625,26.193910256410255,2
1426,4,1,0,45,0.022222222222222223,0.0,1.0,45,1300,900,400,0.6923076923076923,17,9,8,326.7191689189139,0.821422558922559,0.19921589415675478,0.18815807432702844,130677.89019639404,-461.00566379142697,130216.88453260262,1423,0,641.7333333333333,40,5,12,36.033735877812,0.6200520833333335,44.385162601626,1022.4593495934936,25.56148373983734,0
1427,4,0,0,45,0.0,0.0,1.0,45,1100,900,200,0.8181818181818182,13,9,4,323.11130405916833,0.8205387205387206,0.19766674392680228,0.18683294072163362,130833.7993774371,-545.224093628157,130288.57528380894,1424,1,642.7333333333333,40,5,12,35.968593755173686,0.6216145833333335,44.23272357723576,1023.0691056910547,25.576727642276367,0
1428,4,0,0,45,0.0,0.0,1.0,45,950,600,350,0.631578947368421,13,6,7,356.4431125502849,0.8191498316498317,0.2248862566232115,0.2021220267055554,130076.56385633688,291.5691830853671,130368.13303942225,1425,2,643.7333333333333,39,6,18,35.883730726028794,0.6156517094017094,44.973958333333336,1020.1041666666673,26.15651709401711,3
1429,4,0,1,44,0.0,0.022222222222222223,0.9777777777777777,45,1150,800,350,0.6956521739130435,15,8,7,354.07323694923986,0.8182239057239058,0.21879225080531706,0.20118917802521794,130156.27170138896,216.9704861111157,130373.24218750007,1426,3,644.7333333333333,39,6,18,35.86327752824282,0.6164529914529915,44.895833333333336,1020.4166666666673,26.164529914529933,0
1430,4,0,0,44,0.0,0.0,1.0,44,1000,700,300,0.7,13,7,6,358.8862151082156,0.8154289992952783,0.21908125568529924,0.2036460944826106,130103.13042534703,538.4440104166474,130641.57443576367,1427,4,660.1818181818181,39,5,18,35.794448982370156,0.6159188034188036,44.94791666666666,1020.2083333333318,26.159188034187995,0
1431,4,4,2,46,0.08333333333333333,0.041666666666666664,0.9583333333333334,48,1300,800,500,0.6153846153846154,18,8,10,345.153074349994,0.8307476359338061,0.2605695491207194,0.20188651982281539,131276.04683059017,-537.6408008316062,130738.40602975857,1428,0,606.0833333333334,40,8,16,34.958019304508795,0.6260416666666667,43.80081300813008,1024.7967479674792,25.61991869918698,0
1432,4,0,1,45,0.0,0.021739130434782608,0.9782608695652174,46,1200,900,300,0.75,15,9,6,354.25805252038464,0.8231078904991949,0.26094210454730904,0.20690223652073636,131218.63928154006,97.0519212506558,131315.6912027907,1429,1,633.0652173913044,38,8,17,34.78275981925618,0.6288377192982455,43.856837606837615,1024.5726495726508,26.962438146648704,0
1433,4,0,0,45,0.0,0.0,1.0,45,1150,800,350,0.6956521739130435,15,8,7,362.11997782285,0.8142255892255893,0.2656296454862226,0.21132335745152325,131187.67463306017,501.1355657510022,131688.81019881117,1430,2,648.0,37,8,18,34.61270023903815,0.6303490990990991,43.887061403508774,1024.451754385965,27.68788525367473,0
1434,4,0,0,45,0.0,0.0,1.0,45,1000,600,400,0.6,14,6,8,359.65985874324844,0.8124579124579125,0.2662769281954396,0.21112236905888995,131412.43128895434,452.7552948984362,131865.18658385277,1431,3,649.0,37,8,18,34.44852154849748,0.6326013513513513,43.66776315789474,1025.3289473684215,27.7115931721195,0
1435,4,0,0,45,0.0,0.0,1.0,45,1100,800,300,0.7272727272727273,14,8,6,337.90742575535165,0.8121632996632997,0.21975947296281517,0.19343083392328014,130444.20070725118,-180.7051645066203,130263.49554274455,1432,4,650.0,40,5,19,35.984132510943105,0.6177083333333333,44.61382113821139,1021.5447154471561,25.538617886178905,6
1436,4,0,1,44,0.0,0.022222222222222223,0.9777777777777777,45,1350,1000,350,0.7407407407407407,17,10,7,340.34481164139237,0.8113636363636364,0.2236499254102433,0.19521774563914465,130522.0739659762,-115.49786420117186,130406.57610177503,1433,5,651.0,40,5,15,35.843071440411094,0.6184895833333333,44.537601626016276,1021.8495934959371,25.546239837398428,0
1437,4,1,1,44,0.022222222222222223,0.022222222222222223,0.9777777777777777,45,1250,900,350,0.72,16,9,7,342.5462422790136,0.810942760942761,0.22903885480572606,0.19253461203958352,129731.44531249999,-96.33002532388079,129635.1152871761,1434,0,651.8666666666667,39,6,13,36.58827539195637,0.6121794871794872,45.3125,1018.7499999999999,26.12179487179487,3
1438,4,2,2,44,0.043478260869565216,0.043478260869565216,0.9565217391304348,46,850,600,250,0.7058823529411765,11,6,5,335.5304764167466,0.818035426731079,0.2256818526461728,0.1899068432511029,130003.35784131485,-475.98228154535917,129527.37555976948,1435,0,638.6521739130435,40,6,13,36.49123899684439,0.61328125,45.04573170731708,1019.817073170733,25.495426829268325,0
1439,4,1,1,44,0.022222222222222223,0.022222222222222223,0.9777777777777777,45,900,800,100,0.8888888888888888,10,8,2,345.38380557593007,0.8089646464646465,0.22907728975144703,0.1954512980686911,129996.88042534726,-20.236545138883656,129976.64388020837,1436,0,653.8222222222222,39,6,13,36.2465951651345,0.6148504273504274,45.052083333333336,1019.791666666667,26.14850427350428,0
1440,4,0,0,44,0.0,0.0,1.0,44,1450,1100,350,0.7586206896551724,18,11,7,358.7830045101315,0.8045939041578577,0.2256755289305561,0.2045592544443121,130288.5239027695,549.0616118051421,130837.58551457465,1437,9,669.6818181818181,40,4,17,35.608907359479716,0.6161458333333334,44.766260162601625,1020.9349593495933,25.523373983739834,3
1441,4,0,0,44,0.0,0.0,1.0,44,1050,700,350,0.6666666666666666,14,7,7,358.82039901150375,0.8044397463002114,0.2270579137308808,0.2052648736747086,130418.24811826646,559.3455656355513,130977.59368390201,1438,10,670.6818181818181,40,4,17,35.476362219348,0.6174479166666667,44.63922764227643,1021.4430894308961,25.536077235772403,0
1442,4,1,0,45,0.022222222222222223,0.0,1.0,45,800,500,300,0.625,11,5,6,351.80469479496014,0.8089646464646465,0.23081102056655012,0.2028189482072958,130718.71456916102,197.49149659863835,130916.20606575966,1439,0,656.7555555555556,41,4,15,35.35118354675979,0.6189024390243902,44.345238095238095,1022.6190476190478,24.941927990708482,0
1443,4,0,0,45,0.0,0.0,1.0,45,750,400,350,0.5333333333333333,11,4,7,353.11783176608657,0.8082491582491583,0.22466621407558218,0.20397747693782192,130794.81336805566,237.1961805555619,131032.00954861123,1440,1,657.7555555555556,41,4,15,35.24058044806516,0.6196646341463414,44.270833333333336,1022.9166666666675,24.94918699186994,0
1444,4,0,0,45,0.0,0.0,1.0,45,1100,700,400,0.6363636363636364,15,7,8,358.4335630347093,0.806986531986532,0.23181064375094218,0.20800435902092973,130972.4633487654,388.9853395061716,131361.44868827157,1441,2,658.7555555555556,41,4,17,34.92480777928539,0.6214430894308942,44.09722222222222,1023.611111111111,24.96612466124661,0
1445,4,0,1,44,0.0,0.022222222222222223,0.9777777777777777,45,1050,800,250,0.7619047619047619,13,8,5,360.49149216459176,0.8066077441077442,0.23290594150007027,0.20961310933131,131048.63596190794,448.3836648085206,131497.01962671647,1442,3,659.7555555555556,41,4,17,34.79505781093563,0.6222052845528455,44.02281746031746,1023.9087301587305,24.97338366240806,0
1446,4,0,1,43,0.0,0.022727272727272728,0.9772727272727273,44,1200,1000,200,0.8333333333333334,14,10,4,367.2587510163197,0.8000792811839323,0.2441878829995574,0.2132217521030197,130989.80150910515,821.4301796219266,131811.23168872707,1443,4,674.9090909090909,40,4,17,34.681409047288135,0.6231770833333332,44.080284552845534,1023.6788617886189,25.59197154471547,0
1447,4,0,0,43,0.0,0.0,1.0,43,950,600,350,0.631578947368421,13,6,7,370.89299299370884,0.7929586563307494,0.26369683903625707,0.2152844324955217,130981.34901258703,1116.012912326414,132097.36192491345,1444,5,690.953488372093,39,4,17,34.59696499440317,0.6247329059829059,44.08854166666668,1023.6458333333352,26.247329059829106,0
1448,4,0,0,43,0.0,0.0,1.0,43,1200,900,300,0.75,15,9,6,371.0969892247023,0.793373938722776,0.26211343803299014,0.21600085855938733,131088.00048828137,1129.272460937514,132217.27294921887,1445,6,691.953488372093,39,4,17,34.48371223680195,0.6258012820512819,43.98437500000001,1024.062500000001,26.258012820512842,0
1449,4,1,1,43,0.022727272727272728,0.022727272727272728,0.9772727272727273,44,950,700,250,0.7368421052631579,12,7,5,366.087364983166,0.8013565891472868,0.26462117456168,0.2142769051570071,131302.08462431433,813.6068353823886,132115.6914596967,1446,0,677.2045454545455,40,4,17,34.39534787638408,0.6263020833333333,43.775406504065046,1024.8983739837406,25.622459349593516,0
1450,4,0,0,43,0.0,0.0,1.0,43,1150,500,650,0.43478260869565216,18,5,13,371.6439507119446,0.7924972314507198,0.26503637193226304,0.21722290808992284,131248.05908203137,1155.5094401041813,132403.56852213555,1447,8,693.953488372093,39,4,17,34.30765223137137,0.627403846153846,43.82812500000001,1024.687500000001,26.274038461538485,0
1451,4,1,0,44,0.022727272727272728,0.0,1.0,44,1100,700,400,0.6363636363636364,15,7,8,365.61874727393365,0.7962693798449613,0.26663804406034775,0.21504672554714163,131488.330078125,814.9441189236113,132303.27419704862,1448,0,679.1590909090909,39,5,18,34.21905680817929,0.6298076923076923,43.59375,1025.625,26.298076923076923,0
1452,4,0,1,43,0.0,0.022727272727272728,0.9772727272727273,44,750,500,250,0.6666666666666666,10,5,5,364.6149652184772,0.7964455602536998,0.26614704986290216,0.21460630977324255,131515.04041883687,790.4703776041724,132305.51079644106,1449,1,680.1590909090909,39,5,18,34.217803222639716,0.6300747863247864,43.567708333333336,1025.7291666666672,26.300747863247878,0
1453,4,0,0,43,0.0,0.0,1.0,43,1400,900,500,0.6428571428571429,19,9,10,367.8269251249443,0.794250645994832,0.26466835344963235,0.21714674958974123,131629.4461451713,1083.3708862955614,132712.81703146687,1450,2,667.2325581395348,38,5,17,34.019824744056905,0.6329495614035088,43.45619658119658,1026.1752136752136,27.004610886189834,0
1454,4,0,0,43,0.0,0.0,1.0,43,950,500,450,0.5263157894736842,14,5,9,370.75768111641656,0.7948966408268734,0.26701101795015814,0.21934974138956448,131711.6845642485,1166.6237489955256,132878.30831324405,1451,3,668.2325581395348,38,5,17,33.86153899528171,0.6337719298245614,43.37606837606837,1026.4957264957252,27.013045434098032,0
1455,4,0,0,43,0.0,0.0,1.0,43,1400,1000,400,0.7142857142857143,18,10,8,369.9254059880933,0.7945275009228497,0.26803151092032684,0.21972677729172263,131862.5217013887,1155.8593749999795,133018.38107638867,1452,4,669.2325581395348,39,4,17,33.73056118999324,0.6335470085470087,43.22916666666666,1027.0833333333317,26.335470085470043,0
1456,4,0,0,43,0.0,0.0,1.0,43,750,400,350,0.5333333333333333,11,4,7,372.3042132120934,0.7934662236987818,0.2697523529300818,0.22176381395676853,131969.53125,1226.5625000000005,133196.09375,1453,5,670.2325581395348,39,4,18,33.56143552311436,0.6346153846153847,43.125,1027.5,26.346153846153847,0
1457,4,1,0,44,0.022727272727272728,0.0,1.0,44,800,600,200,0.75,10,6,4,360.0776834341684,0.8012024312896406,0.2636107827743768,0.2073162349426,130667.99433893936,610.8201845553097,131278.81452349466,1454,0,655.9772727272727,41,3,18,35.19106992690341,0.6183943089430894,44.39484126984127,1022.4206349206355,24.937088656600867,4
1458,4,0,0,44,0.0,0.0,1.0,44,650,400,250,0.6153846153846154,9,4,5,449.42285363021637,0.8012024312896406,0.38692712246431227,0.2364355012576357,127092.01388888895,2722.276155832714,129814.29004472167,1455,1,656.9772727272727,34,10,16,36.587465564738295,0.5949754901960784,47.91666666666667,1008.3333333333339,29.656862745098056,7
1459,4,2,1,45,0.043478260869565216,0.021739130434782608,0.9782608695652174,46,1150,900,250,0.782608695652174,14,9,5,446.0978202659233,0.8136674718196457,0.40231208548268227,0.23927064905172252,127873.46938775513,2208.8151927437702,130082.2845804989,1456,0,629.3695652173913,34,12,15,35.8629551161331,0.6029411764705882,47.142857142857146,1011.4285714285717,29.747899159663874,0
1460,4,2,0,47,0.0425531914893617,0.0,1.0,47,650,400,250,0.6153846153846154,9,4,5,434.02206889494346,0.8285923527597903,0.3984432512573941,0.23510002762028867,128268.64216887743,1734.8582692881173,130003.50043816555,1457,0,616.936170212766,33,14,18,35.76094846358577,0.6092171717171717,46.75245098039216,1012.990196078432,30.696672608437332,0
1461,4,1,2,46,0.020833333333333332,0.041666666666666664,0.9583333333333334,48,1100,700,400,0.6363636363636364,15,7,8,425.212556248026,0.8325945626477541,0.39896885027784323,0.2318796769603512,128536.57171201818,1331.0728458049934,129867.64455782318,1458,0,605.0625,34,14,15,35.70845073178368,0.6096813725490196,46.48809523809524,1014.0476190476194,29.824929971988805,0
1462,4,1,1,46,0.02127659574468085,0.02127659574468085,0.9787234042553191,47,1550,1200,350,0.7741935483870968,19,12,7,431.3797518150402,0.8197271045328399,0.40303580085866075,0.2345317501247289,128415.88010204089,1679.2020975056762,130095.08219954657,1459,0,618.8723404255319,34,13,15,35.67628807454389,0.6084558823529411,46.60714285714286,1013.5714285714291,29.810924369747916,0
1463,4,0,1,45,0.0,0.021739130434782608,0.9782608695652174,46,1150,900,250,0.782608695652174,14,9,5,438.29197052472574,0.8130636070853462,0.40793797683332733,0.2379669273978303,128361.7647809736,2051.9861651768483,130413.75094615044,1460,2,633.3260869565217,33,13,17,35.55687406780344,0.6101641414141414,46.66053921568627,1013.3578431372543,30.707813428401646,0
1464,4,0,1,44,0.0,0.022222222222222223,0.9777777777777777,45,1400,1100,300,0.7857142857142857,17,11,6,443.71054913483806,0.8135521885521886,0.4042844688005982,0.2415289490849906,128464.332800862,2400.195930262198,130864.5287311242,1461,3,618.4444444444445,32,13,15,35.313914144559305,0.6136067708333335,46.559343434343425,1013.762626262625,31.68008207070703,0
1465,4,0,0,44,0.0,0.0,1.0,44,450,200,250,0.4444444444444444,7,2,5,453.3488412051203,0.8114429175475687,0.4128417854638937,0.24561657274204984,128276.4010959201,2830.7915581597167,131107.19265407982,1462,4,633.2045454545455,31,13,18,35.263496143958875,0.614247311827957,46.744791666666664,1013.0208333333329,32.67809139784945,0
1466,4,0,0,44,0.0,0.0,1.0,44,1250,1100,150,0.88,14,11,3,456.985235427549,0.8118833685694151,0.41596017983301237,0.24861146455649666,128441.33377075187,2939.158630371079,131380.49240112293,1463,5,634.2045454545455,31,13,16,35.00120423892099,0.6159274193548387,46.58203124999999,1013.6718749999993,32.69909274193546,0
1467,4,3,2,45,0.06382978723404255,0.0425531914893617,0.9574468085106383,47,950,600,350,0.631578947368421,13,6,7,426.45747634169476,0.8299028677150786,0.3893033896024285,0.23612801121954508,129140.88010204065,1614.6187641723127,130755.49886621296,1464,0,594.6595744680851,34,13,17,35.05626805653157,0.6158088235294118,45.89285714285713,1016.4285714285701,29.894957983193237,0
1468,4,0,0,45,0.0,0.0,1.0,45,1100,700,400,0.6363636363636364,15,7,8,442.1181294477196,0.8191498316498317,0.40918393348085647,0.2430622894807134,128858.9894061176,2394.1790717512235,131253.16847786884,1465,1,622.0888888888888,33,12,17,34.94807382820359,0.6152146464646466,46.17034313725489,1015.3186274509785,30.767231134878138,0
1469,4,1,0,46,0.021739130434782608,0.0,1.0,46,950,500,450,0.5263157894736842,14,5,9,431.6715936576192,0.8251610305958132,0.40751960085531036,0.239381520119225,129201.38888888879,1955.8767961841495,131157.26568507293,1466,0,609.5434782608696,31,15,18,34.86168032786886,0.6236559139784946,45.83333333333333,1016.6666666666658,32.795698924731155,0
1470,4,0,0,46,0.0,0.0,1.0,46,850,400,450,0.47058823529411764,13,4,9,427.2744093234153,0.8243760064412239,0.3968038944777861,0.23771565203794434,129329.78777675745,1851.8617360473402,131181.64951280478,1467,1,610.5434782608696,32,14,19,34.84178459119497,0.6223958333333334,45.707070707070706,1017.171717171717,31.786616161616156,0
1471,4,1,1,46,0.02127659574468085,0.02127659574468085,0.9787234042553191,47,1000,700,300,0.7,13,7,6,420.89220721448083,0.8301341350601295,0.38824219120007597,0.23619413464953046,129669.02941476816,1515.336799548224,131184.36621431637,1468,0,598.531914893617,33,14,17,34.65675510367785,0.6234217171717172,45.37377450980391,1018.5049019607827,30.863784907902506,0
1472,4,1,0,47,0.02127659574468085,0.0,1.0,47,1400,1200,200,0.8571428571428571,16,12,4,417.1759430473376,0.8287465309898242,0.39379091653027887,0.23579509824414718,129950.01922337552,1442.4043637062596,131392.42358708178,1469,0,599.5106382978723,33,14,18,34.46414262820513,0.6262626262626263,45.09803921568627,1019.6078431372541,30.89720736779558,0
1473,4,0,0,47,0.0,0.0,1.0,47,1350,1100,250,0.8148148148148148,16,11,5,418.9395113083675,0.8284767190872648,0.3965511510226629,0.2369813510263035,129981.25908604852,1490.8570321510872,131472.1161181996,1470,1,600.5106382978723,33,14,18,34.38726815687218,0.6265782828282829,45.06740196078431,1019.7303921568619,30.900920974450358,0
1474,4,1,2,46,0.020833333333333332,0.041666666666666664,0.9583333333333334,48,900,700,200,0.7777777777777778,11,7,4,407.3302790503957,0.8357897458628841,0.3800170068027211,0.2320835310868533,130262.58680555552,1012.28328647635,131274.87009203187,1471,0,588.9791666666666,33,15,19,34.39625850340136,0.629419191919192,44.791666666666664,1020.833333333333,30.934343434343425,0
1475,4,0,1,45,0.0,0.021739130434782608,0.9782608695652174,46,900,300,600,0.3333333333333333,15,3,12,422.3106246210835,0.8292874396135266,0.3903019671720338,0.2402324372844522,130200.043252595,1796.9723183390859,131997.01557093408,1472,3,607.8695652173913,33,13,19,34.077809798270906,0.6287878787878789,44.85294117647058,1020.5882352941164,30.92691622103383,0
1476,4,0,0,45,0.0,0.0,1.0,45,350,200,150,0.5714285714285714,5,2,3,431.30204693395154,0.823989898989899,0.3911639294654896,0.24432383836833504,130037.1215309661,2217.0553387409313,132254.17686970704,1473,4,621.9777777777778,32,13,20,34.01496863910209,0.6295572916666667,45.012626262626256,1019.949494949494,31.873421717171688,0
1477,4,0,0,45,0.0,0.0,1.0,45,1050,700,350,0.6666666666666666,14,7,7,448.4511119806765,0.823989898989899,0.38760434534019494,0.24163308529088187,128056.65569540884,2485.4299286265327,130542.08562403538,1474,5,622.9777777777778,35,10,17,35.61427958833619,0.6026785714285714,46.96180555555555,1012.1527777777769,28.91865079365077,5
1478,4,2,0,47,0.0425531914893617,0.0,1.0,47,1150,800,350,0.6956521739130435,15,8,7,416.1857708400292,0.8312133826703669,0.3979405582801727,0.2244291493221464,128089.02739304387,1266.8900593879143,129355.91745243178,1475,0,597.4255319148937,37,10,19,36.397403957250134,0.5990990990990992,46.9298245614035,1012.2807017543848,27.358937885253646,2
1479,4,1,1,47,0.020833333333333332,0.020833333333333332,0.9791666666666666,48,900,700,200,0.7777777777777778,11,7,4,406.09031356450345,0.8367316784869976,0.3898987538940808,0.220343121457413,128336.36435376486,823.3030260105347,129159.66737977539,1476,0,585.9583333333334,32,16,19,36.39875389408099,0.6123046875,46.685606060606055,1013.2575757575753,31.664299242424228,0
1480,4,4,6,45,0.0784313725490196,0.11764705882352941,0.8823529411764706,51,1200,600,600,0.5,18,6,12,384.3623957075851,0.846013071895425,0.3745393547489919,0.2125297952736059,129086.9247626004,-276.7680687444263,128810.15669385598,1477,0,552.4117647058823,36,15,18,36.181063460401894,0.6111111111111112,45.945945945945944,1016.2162162162159,28.228228228228218,0
1481,4,2,1,46,0.0425531914893617,0.02127659574468085,0.9787234042553191,47,1400,1100,300,0.7857142857142857,17,11,6,416.95784671623073,0.8336802343509095,0.4156630494953002,0.22769696687093677,128592.36501696247,1323.5191243240401,129915.88414128651,1478,0,600.1702127659574,32,15,19,35.86040914560769,0.6149088541666667,46.4330808080808,1014.2676767676761,31.69586489898988,0
1482,4,2,1,47,0.041666666666666664,0.020833333333333332,0.9791666666666666,48,1050,600,450,0.5714285714285714,15,6,9,409.33364819122005,0.8374335106382979,0.41334570210369725,0.22539188987113867,128921.21006644065,954.3578491445451,129875.5679155852,1479,0,588.625,33,15,20,35.716458509311785,0.6158459595959597,46.109068627450974,1015.5637254901949,30.774658348187724,0
1483,4,2,1,48,0.04081632653061224,0.02040816326530612,0.9795918367346939,49,1200,800,400,0.6666666666666666,16,8,8,385.1619151804549,0.8431476757369615,0.39656862527667003,0.203459239006346,127257.91229032015,104.18080380202991,127362.09309412217,1480,0,577.5714285714286,37,12,17,38.036568137361435,0.5906531531531531,47.752192982456144,1008.9912280701758,27.270033191085833,8
1484,4,4,3,49,0.07692307692307693,0.057692307692307696,0.9423076923076923,52,850,600,250,0.7058823529411765,11,6,5,361.61872788441434,0.8582987682252388,0.3805250059896901,0.1940264797107051,127887.4194944313,-1150.7028100006514,126736.71668443065,1481,0,545.1346153846154,40,12,15,37.98477845875616,0.5919270833333332,47.12906504065041,1011.483739837399,25.287093495934975,0
1485,4,2,2,49,0.0392156862745098,0.0392156862745098,0.9607843137254902,51,1200,900,300,0.75,15,9,6,363.51767053501345,0.8518627450980393,0.38339892919192975,0.1951701668018083,127913.1190511601,-900.2641863308723,127012.85486482923,1482,0,556.7843137254902,40,11,15,37.91042964302458,0.5921874999999999,47.10365853658537,1011.5853658536593,25.28963414634148,0
1486,4,3,2,50,0.057692307692307696,0.038461538461538464,0.9615384615384616,52,1150,900,250,0.782608695652174,14,9,5,356.49509591652827,0.8547008547008547,0.375602610093009,0.192637429823082,128171.57594601513,-1260.8649311543022,126910.71101486083,1483,0,547.0192307692307,38,14,16,37.823556305831055,0.5981359649122806,46.8482905982906,1012.6068376068382,26.64754835807469,0
1487,4,1,1,50,0.0196078431372549,0.0196078431372549,0.9803921568627451,51,950,600,350,0.631578947368421,13,6,7,367.1479405168084,0.8509477124183007,0.3875416702692833,0.19813562839629992,128119.42087309467,-792.2436972474152,127327.17717584726,1484,0,558.7254901960785,41,10,17,37.60727992813979,0.5927337398373984,46.89980158730159,1012.4007936507942,24.692702284165712,0
1488,4,3,1,52,0.05660377358490566,0.018867924528301886,0.9811320754716981,53,1600,1000,600,0.625,22,10,12,351.77447305507854,0.8560716013546202,0.3843322614389211,0.19248782963800404,128672.41753472244,-1547.2557831002532,127125.16175162219,1485,0,538.5849056603773,39,14,16,37.4315537303217,0.6014957264957264,46.35416666666668,1014.5833333333351,26.01495726495731,0
1489,4,1,2,51,0.018867924528301886,0.03773584905660377,0.9622641509433962,53,1800,1200,600,0.6666666666666666,24,12,12,352.96350307982533,0.8570089501693275,0.3936105994706458,0.19468891866710716,128989.67013888882,-1494.270833333339,127495.39930555547,1486,0,539.566037735849,39,14,17,37.07786436970194,0.6047008547008548,46.041666666666664,1015.8333333333327,26.04700854700853,0
1490,4,1,1,51,0.019230769230769232,0.019230769230769232,0.9807692307692307,52,1100,900,200,0.8181818181818182,13,9,4,363.6416110219418,0.8558792106586224,0.3976482795079581,0.20017741760885988,128910.3203667534,-1024.5686848958383,127885.75168185755,1487,0,550.4423076923077,39,13,17,36.887650870174724,0.6038995726495726,46.119791666666664,1015.5208333333327,26.03899572649571,0
1491,4,0,1,50,0.0,0.0196078431372549,0.9803921568627451,51,950,600,350,0.631578947368421,13,6,7,369.6913679536226,0.85281045751634,0.4034648235897742,0.20296576792721446,128804.55864800366,-676.4133029513694,128128.14534505228,1488,2,562.2352941176471,39,12,17,36.84207713357278,0.6028311965811965,46.22395833333334,1015.1041666666682,26.028311965812005,0
1492,4,1,0,51,0.0196078431372549,0.0,1.0,51,1850,1400,450,0.7567567567567568,23,14,9,369.78763238066165,0.8535947712418301,0.4011967379240462,0.20396883433123364,128989.67013888883,-660.24305555556,128329.42708333327,1489,0,563.0784313725491,39,12,18,36.650601585999446,0.6047008547008548,46.041666666666664,1015.8333333333328,26.047008547008534,0
1493,4,1,1,51,0.019230769230769232,0.019230769230769232,0.9807692307692307,52,1050,600,450,0.5714285714285714,15,6,9,361.1260413867242,0.8585344394167923,0.39233921815889095,0.20026080476900146,129201.38888888879,-1068.0555555555661,128133.33333333323,1490,0,553.2307692307693,38,14,18,36.65471311475411,0.6085526315789473,45.83333333333333,1016.6666666666658,26.75438596491226,0
1494,4,1,2,50,0.019230769230769232,0.038461538461538464,0.9615384615384616,52,1000,500,500,0.5,15,5,10,330.85240425974655,0.8556278280542986,0.2840398719291948,0.1842768908394206,129373.84627013096,-1834.930104861491,127538.91616526947,1491,0,554.2115384615385,42,10,18,37.24898403022511,0.6039186507936508,45.66375968992248,1017.3449612403098,24.222499077150232,5
1495,4,1,2,49,0.0196078431372549,0.0392156862745098,0.9607843137254902,51,1300,1000,300,0.7692307692307693,16,10,6,334.2459445502347,0.8498366013071896,0.304008531963327,0.18666462412307294,129478.90216561132,-1544.4404092655848,127934.46175634573,1492,0,565.9019607843137,41,10,14,37.055979302726065,0.6064532520325204,45.56051587301586,1017.7579365079341,24.823364305071564,0
1496,4,2,3,48,0.0392156862745098,0.058823529411764705,0.9411764705882353,51,1550,1000,550,0.6451612903225806,21,10,11,337.17384476596504,0.8520588235294119,0.30991913314228725,0.18928193498448406,129683.21352731844,-1454.8424586777012,128228.37106864074,1493,0,566.843137254902,43,8,15,36.774048593033356,0.6056201550387598,45.35984848484848,1018.5606060606044,23.68745595489778,0
1497,4,1,0,49,0.02040816326530612,0.0,1.0,49,1300,900,400,0.6923076923076923,17,9,8,330.8027954284687,0.8472930839002267,0.2991123808530525,0.1810657858294289,128684.16066529517,-1286.1839849108173,127397.97668038435,1494,0,586.0408163265306,44,5,16,37.95153464744175,0.5942234848484849,46.3425925925926,1014.6296296296316,23.059764309764354,3
1498,4,2,1,50,0.0392156862745098,0.0196078431372549,0.9803921568627451,51,1400,1000,400,0.7142857142857143,18,10,8,325.4668043185477,0.8569281045751634,0.30652665705682347,0.18038317279462446,129178.85736538633,-1791.3140215532612,127387.54334383307,1495,0,564.0196078431372,46,5,17,37.58393651347345,0.5966938405797102,45.8554964539007,1016.5780141843953,22.099522047486854,0
1499,4,1,0,51,0.0196078431372549,0.0,1.0,51,1200,800,400,0.6666666666666666,16,8,8,328.7323576756238,0.8573856209150328,0.31889169409501084,0.182854181967575,129321.7609780331,-1697.5446285385856,127624.21634949451,1496,0,565.0,43,8,18,37.355790118859204,0.6019864341085273,45.71496212121212,1017.1401515151509,23.654422128259323,0
1500,4,1,0,52,0.019230769230769232,0.0,1.0,52,1450,800,650,0.5517241379310345,21,8,13,313.7723422505776,0.8626036953242835,0.272269521785623,0.16434730147557872,126913.29425707935,-2432.2137816583668,124481.08047542098,1497,0,555.1153846153846,46,6,12,40.189857176373984,0.573822463768116,48.09397163120566,1007.624113475175,21.904872032069022,8
1501,4,1,0,53,0.018867924528301886,0.0,1.0,53,1250,800,450,0.64,17,8,9,300.6643909805643,0.8659591194968553,0.2502415561525144,0.15948675306640683,127426.43498192153,-2913.70743686427,124512.72754505726,1498,0,545.622641509434,43,10,10,39.996013881072976,0.5828488372093023,47.58522727272727,1009.6590909090912,23.480443974630028,1
1502,4,0,1,52,0.0,0.018867924528301886,0.9811320754716981,53,1250,800,450,0.64,17,8,9,301.59744257532094,0.8660498306724721,0.25447570553653986,0.1604157240884533,127535.88070130319,-2907.100908779143,124628.77979252404,1499,1,546.622641509434,44,9,10,39.86081828459681,0.582623106060606,47.476851851851855,1010.0925925925928,22.956649831649838,0
1503,4,2,2,52,0.037037037037037035,0.037037037037037035,0.962962962962963,54,1750,1200,550,0.6857142857142857,23,12,11,301.8201949404541,0.8746214768227347,0.2676354873132174,0.16280041596717273,128099.65486048242,-3067.387439640855,125032.26742084157,1500,0,529.1851851851852,46,8,11,39.28084041217851,0.5858242753623188,46.919326241134755,1012.3226950354614,22.00701510946655,0
1504,4,2,1,53,0.037037037037037035,0.018518518518518517,0.9814814814814815,54,700,400,300,0.5714285714285714,10,4,6,304.25497848968325,0.869453179594689,0.2753185711663222,0.16439608312229298,128168.5025413939,-3000.7954254548295,125167.70711593908,1501,0,530.074074074074,43,11,12,39.149151313943705,0.5903585271317829,46.85132575757575,1012.5946969696957,23.54871388301618,0
1505,4,2,1,54,0.03636363636363636,0.01818181818181818,0.9818181818181818,55,1150,700,450,0.6086956521739131,16,7,9,302.9949659977707,0.8765432098765432,0.2968554888890693,0.1654136828023908,128580.53327983867,-3208.149138180021,125372.38414165865,1502,0,521.4,45,10,13,38.76214983180017,0.5918981481481482,46.44474637681159,1014.2210144927526,22.538244766505613,0
1506,4,3,1,56,0.05263157894736842,0.017543859649122806,0.9824561403508771,57,1450,900,550,0.6206896551724138,20,9,11,301.66621875839843,0.8794120718462823,0.32010353753235554,0.1672876304023844,129201.38888888879,-3601.870503833239,125599.51838505555,1503,0,503.9298245614035,45,12,15,38.16598360655737,0.5981481481481483,45.83333333333333,1016.6666666666658,22.592592592592574,0
1507,4,0,1,55,0.0,0.017857142857142856,0.9821428571428571,56,1300,1000,300,0.7692307692307693,16,10,6,306.9499885455465,0.8784767316017316,0.32032612806031113,0.17012263681291456,129179.32675208536,-3269.681426625223,125909.64532546014,1504,1,513.9285714285714,47,9,15,38.054055304130024,0.59552304964539,45.85503472222221,1016.5798611111079,21.62935874704485,0
1508,4,2,1,56,0.03508771929824561,0.017543859649122806,0.9824561403508771,57,1800,1200,600,0.6666666666666666,24,12,12,317.5372835404283,0.8862259816207184,0.33171223747253054,0.17375354728560574,128672.41753472266,-3179.683430989546,125492.7341037331,1505,0,498.96491228070175,43,14,16,38.29996577686516,0.5954457364341084,46.354166666666686,1014.5833333333368,23.59496124031016,4
1509,4,0,0,56,0.0,0.0,1.0,56,1650,900,750,0.5454545454545454,24,9,15,321.04940084153276,0.882819264069264,0.3299409083465248,0.17540423423847462,128610.9796586748,-2941.904407787952,125669.07525088685,1506,1,508.875,42,14,16,38.27338874028786,0.5962301587301585,46.41472868217056,1014.3410852713214,24.15097822074575,0
1510,4,1,1,56,0.017543859649122806,0.017543859649122806,0.9824561403508771,57,1750,1400,350,0.8,21,14,7,319.1327591443285,0.8846595655806182,0.333575452992795,0.17568684338109794,128912.72454660278,-3171.945305325944,125740.77924127683,1507,0,500.9298245614035,43,14,16,38.01519955240583,0.5978682170542634,46.11742424242426,1015.5303030303062,23.61698379140247,0
1511,4,0,0,56,0.0,0.0,1.0,56,2100,1400,700,0.6666666666666666,28,14,14,331.2134064198849,0.8814664502164502,0.3370489948076154,0.18300308191994696,129057.0163639235,-2650.9171975436,126406.09916637989,1508,3,510.875,43,13,17,37.56174277726003,0.5993217054263565,45.975378787878796,1016.0984848484862,23.63019732205782,0
1512,4,2,4,54,0.034482758620689655,0.06896551724137931,0.9310344827586207,58,1400,900,500,0.6428571428571429,19,9,10,320.3430178474851,0.8853599516031457,0.341443464314354,0.1791720833434166,129538.5719768711,-3300.483169765833,126238.08880710526,1509,0,494.2241379310345,43,15,14,37.34922480620155,0.6041666666666666,45.501893939393945,1017.9924242424252,23.674242424242447,0
1513,4,1,0,55,0.01818181818181818,0.0,1.0,55,1400,700,700,0.5,21,7,14,340.6236128312029,0.8804152637485971,0.36674899211854917,0.1898843881773941,129408.11107806177,-2184.108334985815,127224.00274307597,1510,0,521.1636363636363,40,15,19,36.96564123052337,0.6072916666666668,45.630081300812996,1017.4796747967462,25.436991869918653,0
1514,4,2,0,57,0.03508771929824561,0.0,1.0,57,1750,1300,450,0.7428571428571429,22,13,9,331.0022748394487,0.8851817042606516,0.3737277242331343,0.18716480054462709,129966.00193986199,-2796.1915412235217,127169.81039863847,1511,0,503.8421052631579,42,15,17,36.644532611105824,0.6098710317460319,45.08236434108525,1019.6705426356557,24.277870062753706,0
1515,4,0,1,56,0.0,0.017543859649122806,0.9824561403508771,57,1450,1100,350,0.7586206896551724,18,11,7,325.80484264649283,0.8845029239766081,0.3695244099904005,0.18495845240194217,130120.84297839475,-2921.199845679041,127199.6431327157,1512,1,504.8421052631579,44,13,18,36.62026953444052,0.6086647727272729,44.93055555555554,1020.2777777777753,23.188131313131258,0
1516,4,1,0,57,0.017543859649122806,0.0,1.0,57,1200,1000,200,0.8333333333333334,14,10,4,328.85052550226806,0.8855733082706766,0.37520095058363134,0.18749034670048928,130287.90632282969,-2830.7192263479847,127457.1870964817,1513,0,505.2456140350877,41,16,19,36.37351002494088,0.6145833333333335,44.76686507936506,1020.9325396825367,24.900793650793577,0
1517,4,1,1,57,0.017241379310344827,0.017241379310344827,0.9827586206896551,58,1700,1300,400,0.7647058823529411,21,13,8,323.122063433311,0.8865698729582577,0.3749399582403432,0.18623195714973942,130708.0978926295,-3153.0659402980814,127555.03195233142,1514,0,497.51724137931035,42,16,16,36.09518620297544,0.6173115079365081,44.35562015503875,1022.5775193798438,24.347083794758184,0
1518,4,1,2,56,0.017241379310344827,0.034482758620689655,0.9655172413793104,58,1050,600,450,0.5714285714285714,15,6,9,324.1005216654498,0.8863556160516233,0.3819820719618474,0.18727314661924072,130806.65294924537,-3121.0991083676413,127685.55384087774,1515,0,498.48275862068965,44,14,16,35.970688510741006,0.6155303030303031,44.25925925925925,1022.9629629629616,23.249158249158217,0
1519,4,0,0,56,0.0,0.0,1.0,56,1500,900,600,0.6,21,9,12,335.6033191919474,0.8786661255411256,0.38288347753090424,0.19317788438593778,130658.55910289359,-2430.110776846326,128228.44832604726,1516,2,517.0535714285714,42,14,16,35.82618551164188,0.616815476190476,44.40406976744187,1022.3837209302336,24.342469545957943,0
1520,4,0,0,56,0.0,0.0,1.0,56,1800,1300,500,0.7222222222222222,23,13,10,325.7570834766681,0.8783414502164503,0.3684660676958238,0.18315305005078036,129743.236668381,-2733.8310071584656,127009.40566122252,1517,3,518.0535714285714,44,12,17,37.0039231724681,0.6048768939393941,45.30092592592591,1018.7962962962936,23.154461279461216,5
1521,4,0,2,54,0.0,0.03571428571428571,0.9642857142857143,56,1150,600,550,0.5217391304347826,17,6,11,321.9493909292187,0.8785308441558441,0.35893051806478415,0.18155834504860824,129861.17969821644,-2838.2544581618968,127022.92524005454,1518,4,519.0535714285714,44,12,17,36.98143774224803,0.6060606060606062,45.18518518518517,1019.2592592592569,23.16498316498311,0
1522,4,1,1,54,0.01818181818181818,0.01818181818181818,0.9818181818181818,55,2300,1800,500,0.782608695652174,28,18,10,318.4646646475779,0.8827721661054995,0.34083903097830714,0.18032936058119914,130021.02434142538,-2718.5796171947013,127302.44472423068,1519,0,516.8545454545455,43,12,17,36.908464871556774,0.6090116279069768,45.02840909090908,1019.8863636363617,23.718287526427016,0
1523,4,0,3,51,0.0,0.05555555555555555,0.9444444444444444,54,1500,900,600,0.6,21,9,12,328.8632955017532,0.8777078965758212,0.3475485746053859,0.18630866783915245,130040.11646685892,-2246.9157502553962,127793.20071660352,1520,6,527.425925925926,42,12,17,36.62399455316993,0.6106150793650793,45.00968992248062,1019.9612403100772,24.28479143595422,0
1524,4,0,0,51,0.0,0.0,1.0,51,1650,1500,150,0.9090909090909091,18,15,3,342.3937277375776,0.8730392156862746,0.3663634445408288,0.1939200593439239,130029.2691189108,-1295.758766276681,128733.51035263413,1521,7,557.2745098039215,40,11,18,36.28998106815463,0.6135416666666667,45.020325203252035,1019.9186991869927,25.49796747967482,0
1525,4,1,0,52,0.019230769230769232,0.0,1.0,52,1150,800,350,0.6956521739130435,15,8,7,336.1222684567616,0.8747171945701356,0.367809552210695,0.19177360159564522,130315.76063368088,-1639.1759062169162,128676.58472746397,1522,0,547.5384615384615,39,13,19,36.15971230361151,0.6180555555555554,44.73958333333335,1021.0416666666692,26.18055555555562,0
1526,4,0,0,52,0.0,0.0,1.0,52,1750,1300,450,0.7428571428571429,22,13,9,340.19570534024865,0.8749371543489189,0.36754925335675703,0.19489716576969424,130475.34722222254,-1522.56944444441,128952.77777777813,1523,1,548.5384615384615,39,13,19,35.894168026101156,0.6196581196581195,44.58333333333335,1021.6666666666691,26.19658119658126,0
1527,4,0,0,52,0.0,0.0,1.0,52,1300,500,800,0.38461538461538464,21,5,16,341.40579128961565,0.8746543489190547,0.3667487221298873,0.19612843232633004,130581.7925347226,-1483.7239583332957,129098.0685763893,1524,2,549.5384615384615,39,13,18,35.75553743715179,0.6207264957264955,44.479166666666686,1022.0833333333363,26.207264957265036,0
1528,4,1,1,52,0.018867924528301886,0.018867924528301886,0.9811320754716981,53,1350,1000,350,0.7407407407407407,17,10,7,336.9648961554869,0.876632801161103,0.3659755174249064,0.19497486060307173,130859.79327781103,-1780.9686694427687,129078.82460836826,1525,0,540.1509433962265,40,13,18,35.58800158919348,0.621875,44.20731707317074,1023.1707317073186,25.579268292682965,0
1529,4,0,1,51,0.0,0.019230769230769232,0.9807692307692307,52,1500,1200,300,0.8,18,12,6,344.8220101558504,0.8726275766716942,0.37602791222217014,0.1994606468640027,130848.0957031251,-1376.1393229166547,129471.95638020844,1526,4,551.5384615384615,39,13,18,35.39884952148239,0.6233974358974359,44.21875000000001,1023.1250000000008,26.23397435897438,0
1530,4,0,0,51,0.0,0.0,1.0,51,1300,700,600,0.5384615384615384,19,7,12,346.87461690943263,0.8703921568627452,0.38067072951712744,0.20120365913530636,130954.6929253474,-1115.0282118055395,129839.66471354186,1527,5,561.6470588235294,39,12,18,35.23856774543728,0.6244658119658119,44.11458333333334,1023.541666666668,26.244658119658155,0
1531,4,0,0,51,0.0,0.0,1.0,51,1500,900,600,0.6,21,9,12,344.7825344184684,0.8681045751633988,0.38072227671060266,0.20138248269240244,131221.37586805565,-1151.4322916666572,130069.94357638899,1528,6,562.6470588235294,39,12,18,35.022705706926935,0.6271367521367521,43.85416666666667,1024.5833333333342,26.271367521367544,0
1532,4,0,0,51,0.0,0.0,1.0,51,1300,900,400,0.6923076923076923,17,9,8,342.9995774741917,0.8677450980392157,0.3756678603955046,0.20075983597671482,131301.43364800367,-1192.7327473958082,130108.70090060786,1529,7,563.6470588235294,39,12,18,34.98757072195685,0.6279380341880341,43.77604166666668,1024.895833333335,26.279380341880387,0
1533,4,1,1,51,0.019230769230769232,0.019230769230769232,0.9807692307692307,52,1050,800,250,0.7619047619047619,13,8,5,338.75561004639644,0.8691867772750125,0.3783430811397521,0.1999449679189365,131621.90890842004,-1482.465277777784,130139.44363064226,1530,0,553.7884615384615,39,13,13,34.77322522248165,0.6311431623931625,43.463541666666664,1026.1458333333326,26.311431623931604,0
1534,4,0,0,51,0.0,0.0,1.0,51,1700,1500,200,0.8823529411764706,19,15,4,347.5234603180847,0.8663398692810458,0.38455394659165987,0.20427909954643542,131465.04635336742,-1062.5624360800853,130402.48391728733,1531,9,565.6470588235294,38,13,18,34.70652324894954,0.6313048245614037,43.61645299145298,1025.5341880341862,26.98774179037332,0
1535,4,1,1,51,0.019230769230769232,0.019230769230769232,0.9807692307692307,52,1650,1100,550,0.6666666666666666,22,11,11,340.8249768519827,0.8656359979889391,0.37759607771484327,0.20209481021786563,131797.29327781074,-1416.0381138872456,130381.25516392349,1532,0,555.75,40,12,14,34.54345638690948,0.6312500000000001,43.292682926829265,1026.8292682926822,25.670731707317053,0
1536,4,0,0,51,0.0,0.0,1.0,51,1300,900,400,0.6923076923076923,17,9,8,354.0306846981654,0.8640849673202615,0.3973522052359184,0.209990041501475,131809.033203125,-867.1115451388883,130941.92165798611,1533,11,567.6470588235294,39,12,15,34.19261851626429,0.6330128205128206,43.28125,1026.875,26.330128205128204,0
1537,4,0,0,51,0.0,0.0,1.0,51,1750,1500,250,0.8571428571428571,20,15,5,355.03405327723766,0.8626797385620916,0.3982285434949606,0.21109907120743032,131901.66650142102,-834.0833415956201,131067.5831598254,1534,12,568.6470588235294,40,11,15,34.0734649122807,0.6322916666666667,43.1910569105691,1027.235772357723,25.680894308943074,0
1538,4,0,1,50,0.0,0.0196078431372549,0.9803921568627451,51,1600,1200,400,0.75,20,12,8,355.625807894336,0.8613725490196079,0.3987824131390345,0.21194315984864956,131989.9189421138,-812.195688460576,131177.72325365324,1535,13,569.6470588235294,41,10,15,33.96931518311128,0.6316056910569106,43.10515873015873,1027.5793650793646,25.062911343399136,0
1539,4,0,0,50,0.0,0.0,1.0,50,1050,800,250,0.7619047619047619,13,8,5,355.22735532019976,0.8630612244897959,0.38909354184766887,0.2118480238204919,132015.40577168346,-620.9033092403856,131394.50246244308,1536,14,552.36,41,9,15,33.953868616661836,0.6318597560975611,43.08035714285713,1027.6785714285697,25.06533101045292,0
1540,4,0,0,50,0.0,0.0,1.0,50,1800,1300,500,0.7222222222222222,23,13,10,352.8979022591574,0.8621768707482993,0.3863417929171089,0.21102602199143944,132117.3776947121,-675.2109119110655,131442.16678280104,1537,15,553.36,41,9,15,33.911009521052456,0.6328760162601625,42.98115079365079,1028.0753968253964,25.075009678668206,0
1541,4,0,0,50,0.0,0.0,1.0,50,1400,800,600,0.5714285714285714,20,8,12,356.22026075424253,0.8608673469387755,0.3925491708445821,0.21431070443984915,132346.95845930945,-571.0663895187889,131775.89206979066,1538,16,554.36,41,9,15,33.594453014526295,0.6351626016260163,42.7579365079365,1028.9682539682524,25.096786682152498,0
1542,4,0,0,50,0.0,0.0,1.0,50,1350,700,650,0.5185185185185185,20,7,13,354.93718228168734,0.8607312925170068,0.3858599757183325,0.21443759839072105,132505.23003472216,-593.7737189783365,131911.45631574382,1539,17,555.36,39,11,16,33.46823148522866,0.639957264957265,42.604166666666664,1029.583333333333,26.39957264957264,0
1543,4,0,0,50,0.0,0.0,1.0,50,1750,1200,550,0.6857142857142857,23,12,11,354.9620332711163,0.8601020408163265,0.3824232856438088,0.21503527837434316,132607.26631180177,-585.8910246876953,132021.37528711406,1540,18,556.36,40,10,16,33.36498931096859,0.6393229166666667,42.505081300813,1029.9796747967473,25.749491869918682,0
1544,4,0,0,50,0.0,0.0,1.0,50,1200,800,400,0.6666666666666666,16,8,8,353.9962097609575,0.8596938775510203,0.38217772955912777,0.2150489856660484,132711.95969867468,-604.0938553440496,132107.86584333063,1541,19,557.36,40,10,13,33.28463523687412,0.6403645833333333,42.40345528455284,1030.386178861788,25.7596544715447,0
1545,4,0,0,50,0.0,0.0,1.0,50,1550,900,650,0.5806451612903226,22,9,13,349.7180196552678,0.8576700680272109,0.378131467428797,0.2136417065287179,132921.47040658674,-702.9933199484378,132218.4770866383,1542,20,558.36,40,10,13,33.18447981340956,0.6424479166666666,42.20020325203252,1031.1991869918702,25.779979674796756,0
1546,4,0,0,50,0.0,0.0,1.0,50,1450,1000,450,0.6896551724137931,19,10,9,349.672074616838,0.8573639455782313,0.374656684070535,0.21421371330329056,133026.28772762578,-696.8843983409306,132329.40332928486,1543,21,559.36,40,10,13,33.08048468131218,0.6434895833333333,42.09857723577236,1031.605691056911,25.790142276422774,0
1547,4,0,0,50,0.0,0.0,1.0,50,1350,1000,350,0.7407407407407407,17,10,7,348.517719319043,0.8566666666666667,0.373445593303791,0.21410752811160821,133131.14636005362,-720.2873000528746,132410.85906000074,1544,22,560.36,40,10,13,33.00508780567864,0.64453125,41.9969512195122,1032.012195121952,25.8003048780488,0
1548,4,0,0,50,0.0,0.0,1.0,50,1400,1000,400,0.7142857142857143,18,10,8,349.8476498475752,0.8557482993197278,0.3726789406320765,0.21522729130840842,133183.5911680383,-681.2067263202991,132502.38444171802,1545,23,561.36,40,10,13,32.918184503298235,0.6450520833333333,41.94613821138212,1032.2154471544723,25.805386178861806,0
1549,4,0,1,49,0.0,0.02,0.98,50,1250,800,450,0.64,17,8,9,352.4066582736958,0.8550680272108844,0.37582718236394075,0.2174137252409851,133288.51176754906,-605.6481963447693,132682.8635712043,1546,24,562.36,40,10,13,32.74694091788866,0.64609375,41.84451219512195,1032.621951219512,25.815548780487802,0
1550,4,0,1,48,0.0,0.02040816326530612,0.9795918367346939,49,1250,700,550,0.56,18,7,11,352.0009703954683,0.8538832199546486,0.36905732192542584,0.217931904082846,133419.72061107805,-407.22577500165056,133012.4948360764,1547,25,567.1224489795918,40,9,15,32.625909895730864,0.6473958333333334,41.71747967479675,1033.1300813008131,25.82825203252033,0
1551,4,0,0,48,0.0,0.0,1.0,48,1250,800,450,0.64,17,8,9,357.20626070610706,0.8511561761229314,0.36401606830711297,0.2208265137881396,133364.6050347223,-72.26562499999457,133292.3394097223,1548,26,578.6666666666666,39,9,16,32.54672583030793,0.6485042735042735,41.770833333333336,1032.9166666666672,26.48504273504275,0
1552,4,0,1,47,0.0,0.020833333333333332,0.9791666666666666,48,1300,800,500,0.6153846153846154,18,8,10,357.3074162762603,0.850103427895981,0.3624512670565303,0.22120942288563977,133418.408203125,-65.72265624999821,133352.685546875,1549,27,579.6666666666666,39,9,16,32.49016938898972,0.6490384615384615,41.71875,1033.125,26.490384615384617,0
1553,4,0,0,47,0.0,0.0,1.0,47,850,700,150,0.8235294117647058,10,7,3,363.8747497985409,0.849213691026827,0.3632144940617057,0.22443200107229722,133279.09412895388,299.3794059098524,133578.47353486373,1550,28,591.6382978723404,38,9,16,32.4603379893085,0.6493969298245614,41.85363247863248,1032.5854700854698,27.173301844354466,0
1554,4,0,0,47,0.0,0.0,1.0,47,1350,1100,250,0.8148148148148148,16,11,5,365.7655611261383,0.8480573543015726,0.36552496428157677,0.226445869865733,133418.40820312515,359.971788194459,133778.3799913196,1551,29,592.6382978723404,39,8,18,32.27171136653896,0.6490384615384615,41.71875000000001,1033.1250000000011,26.490384615384645,0
1555,4,0,0,47,0.0,0.0,1.0,47,1050,700,350,0.6666666666666666,14,7,7,368.73786252208623,0.8462843046561825,0.3708002487153286,0.22917173626894555,133561.93636670508,449.9119888117046,134011.8483555168,1552,30,593.6382978723404,35,12,19,32.050932146456155,0.6580357142857144,41.5798611111111,1033.680555555554,29.533730158730116,0
1556,4,0,0,47,0.0,0.0,1.0,47,1400,1100,300,0.7857142857142857,17,11,6,369.8633525493811,0.8462843046561825,0.38268438314691755,0.2176172748720777,131501.3239590942,331.1511478046165,131832.47510689884,1553,31,594.6382978723404,36,11,17,34.09708498023714,0.6354166666666667,43.58108108108108,1025.6756756756756,28.49099099099099,5
1557,4,0,0,47,0.0,0.0,1.0,47,1400,900,500,0.6428571428571429,19,9,10,355.95464193049304,0.8470166512488436,0.27448821550204805,0.21213913585247668,131989.9189421138,-3.5151329050191578,131986.4038092088,1554,32,595.6382978723404,41,6,17,33.960867606359,0.6316056910569106,43.10515873015873,1027.5793650793646,25.062911343399136,4
1558,4,0,0,47,0.0,0.0,1.0,47,1450,1100,350,0.7586206896551724,18,11,7,354.54048624527286,0.8475562750539624,0.27975551316980907,0.21200825498902245,132117.37769471208,-31.808134133288092,132085.5695605788,1555,33,596.6382978723404,41,6,17,33.868792016468845,0.6328760162601625,42.98115079365079,1028.0753968253962,25.0750096786682,0
1559,4,0,0,47,0.0,0.0,1.0,47,1050,600,450,0.5714285714285714,15,6,9,353.58528377914956,0.8474020968239284,0.277950157604413,0.21215117026748967,132244.89795918364,-48.03004535147937,132196.86791383216,1556,34,597.6382978723404,41,6,17,33.76494984567899,0.6341463414634146,42.857142857142854,1028.5714285714282,25.087108013937275,0
1560,4,0,0,47,0.0,0.0,1.0,47,1250,800,450,0.64,17,8,9,350.9731099883411,0.8470937403638605,0.2794019906294358,0.2111538919257003,132346.95845930965,-109.95527840766073,132237.003180902,1557,35,598.6382978723404,41,6,18,33.729431803573725,0.6351626016260162,42.757936507936506,1028.968253968254,25.096786682152537,0
1561,4,0,0,47,0.0,0.0,1.0,47,1200,800,400,0.6666666666666666,16,8,8,353.55439361405655,0.8446268886833178,0.2809888879317768,0.21299496395773684,132398.00347222242,-38.00114953386719,132360.00232268855,1558,36,599.6382978723404,39,8,18,33.61167341430499,0.6388888888888888,42.70833333333334,1029.1666666666683,26.388888888888932,0
1562,4,1,1,47,0.020833333333333332,0.020833333333333332,0.9791666666666666,48,1150,600,550,0.5217391304347826,17,6,11,345.6753010290038,0.8494015957446809,0.27447795530387276,0.20958816994946797,132639.32427300367,-429.9723307291466,132209.35194227452,1559,0,588.125,39,9,14,33.57191913574006,0.641292735042735,42.47395833333334,1030.1041666666683,26.412927350427392,0
1563,4,0,1,46,0.0,0.02127659574468085,0.9787234042553191,47,1050,800,250,0.7619047619047619,13,8,5,352.51656936403936,0.8444341658957755,0.2769115260188362,0.21267984632576847,132452.98603121133,-61.62555245086264,132391.36047876047,1560,38,601.6382978723404,38,9,18,33.58307386265352,0.641173245614035,42.654914529914535,1029.380341880343,27.088956365272182,0
1564,4,0,0,46,0.0,0.0,1.0,46,1000,700,300,0.7,13,7,6,358.06315212433725,0.842109500805153,0.28906999041227155,0.21587275587611804,132426.21678064417,283.3897208756611,132709.60650151983,1561,39,614.3478260869565,37,9,18,33.46727300166896,0.6427364864864864,42.68092105263158,1029.2763157894747,27.818278805120936,0
1565,4,0,0,46,0.0,0.0,1.0,46,1650,1300,350,0.7878787878787878,20,13,7,358.77696665002316,0.842914653784219,0.2854095255276925,0.21724936925290353,132590.49236613343,314.08293155088484,132904.57529768432,1562,40,615.3478260869565,38,8,18,33.28362724757954,0.6425438596491228,42.52136752136752,1029.9145299145302,27.103013945119216,0
1566,4,0,0,46,0.0,0.0,1.0,46,850,500,350,0.5882352941176471,12,5,7,358.69253767562856,0.8430152979066022,0.2860856937986769,0.21735730708552686,132618.0021938234,313.81754967490815,132931.81974349832,1563,41,616.3478260869565,38,8,19,33.258133665249105,0.6428179824561404,42.49465811965811,1030.0213675213665,27.105825461088592,0
1567,4,0,0,46,0.0,0.0,1.0,46,850,400,450,0.47058823529411764,13,4,9,354.3502336352703,0.842975040257649,0.2812901070693923,0.2153091223046743,132719.81336805574,205.85937500002078,132925.67274305577,1564,42,617.3478260869565,39,7,17,33.26762366895807,0.642094017094017,42.39583333333334,1030.4166666666683,26.420940170940213,0
1568,4,0,0,46,0.0,0.0,1.0,46,1300,900,400,0.6923076923076923,17,9,8,355.0953531535388,0.8428140096618357,0.27766548762000953,0.21622575504333963,132800.32687717024,231.35579427083798,133031.68267144109,1565,43,618.3478260869565,39,7,17,33.16752989725449,0.6428952991452992,42.317708333333336,1030.7291666666674,26.42895299145301,0
1569,4,0,0,46,0.0,0.0,1.0,46,750,300,450,0.4,12,3,9,353.0566871711648,0.8427536231884059,0.2718141225070494,0.21553027364853414,132895.2725312314,183.91293211712986,133079.18546334852,1566,44,619.3478260869565,40,6,17,33.12471253038966,0.6421875,42.22560975609756,1031.0975609756097,25.77743902439024,0
1570,4,0,0,46,0.0,0.0,1.0,46,1000,700,300,0.7,13,7,6,354.77057427151453,0.8425322061191627,0.27530876890848033,0.21703234227134438,132973.87390318268,235.0435215480195,133208.9174247307,1567,45,620.3478260869565,40,6,17,33.00160935395933,0.64296875,42.14939024390244,1031.4024390243906,25.785060975609763,0
1571,4,0,0,46,0.0,0.0,1.0,46,1750,1500,250,0.8571428571428571,20,15,5,355.8712461630383,0.8423711755233495,0.2768178761569857,0.21801140735069444,133026.28772762592,268.0461572146411,133294.33388484057,1568,46,621.3478260869565,40,6,17,32.92060716513972,0.6434895833333333,42.09857723577237,1031.605691056912,25.790142276422802,0
1572,4,0,0,46,0.0,0.0,1.0,46,1200,900,300,0.75,15,9,6,357.5907156892719,0.8414855072463768,0.28113558211537293,0.21937272123221663,133078.71187991637,317.5423648291635,133396.25424474553,1569,47,622.3478260869565,40,6,17,32.823631767293726,0.6440104166666665,42.04776422764229,1031.8089430894333,25.795223577235834,0
1573,4,0,0,46,0.0,0.0,1.0,46,550,200,350,0.36363636363636365,9,2,7,359.9282514428619,0.8409822866344606,0.28422280735555394,0.22111744666680377,133131.1463600537,383.53214439158506,133514.6785044453,1570,48,623.3478260869565,40,6,17,32.71069259806336,0.6445312499999998,41.996951219512205,1032.0121951219526,25.800304878048813,0
1574,4,1,1,46,0.02127659574468085,0.02127659574468085,0.9787234042553191,47,950,700,250,0.7368421052631579,12,7,5,356.1606048991316,0.8448967005858772,0.2803557270252819,0.22021046426423732,133369.7286785084,100.20864827411592,133469.93732678253,1571,0,611.063829787234,41,6,18,32.568590728646434,0.6453252032520325,41.76587301587301,1032.9365079365075,25.19357336430506,0
1575,4,0,1,45,0.0,0.021739130434782608,0.9782608695652174,46,1050,800,250,0.7619047619047619,13,8,5,342.26840114506393,0.8414251207729468,0.15257114308062136,0.20565159111245865,132298.29679894538,-143.6946960819627,132154.6021028634,1572,50,625.3478260869565,42,4,17,34.002268374619334,0.6331845238095237,42.80523255813954,1028.779069767442,24.494739756367668,7
1576,4,0,0,45,0.0,0.0,1.0,45,1200,800,400,0.6666666666666666,16,8,8,346.87334120867644,0.8388468013468013,0.16581476838010745,0.20826460191040921,132270.40939350284,176.2157698727701,132446.6251633756,1573,51,638.9555555555555,41,4,17,33.911880766386986,0.634400406504065,42.83234126984127,1028.6706349206354,25.089527680991107,0
1577,4,0,0,45,0.0,0.0,1.0,45,1050,700,350,0.6666666666666666,14,7,7,345.5463844879268,0.8380050505050506,0.1610977216491538,0.20802975312206975,132372.47973552835,148.16635566262892,132520.64609119098,1574,52,639.9555555555555,41,4,17,33.843371412963144,0.6354166666666666,42.73313492063492,1029.0674603174596,25.09920634920633,0
1578,4,0,0,45,0.0,0.0,1.0,45,1050,800,250,0.7619047619047619,13,8,5,363.0645217413195,0.8372474747474747,0.15476292984489737,0.20965257666818007,130781.81932257579,496.45265791198153,131278.27198048777,1575,53,640.9555555555555,40,5,16,34.99937903626428,0.62109375,44.28353658536585,1022.8658536585361,25.571646341463403,6
1579,4,0,0,45,0.0,0.0,1.0,45,900,400,500,0.4444444444444444,14,4,10,366.5692171973948,0.8371212121212122,0.15775195081840532,0.21196164902505304,130833.79937743742,591.928684149648,131425.72806158705,1576,54,641.9555555555555,40,5,16,34.85708254693552,0.6216145833333333,44.232723577235774,1023.0691056910573,25.57672764227643,0
1580,4,0,0,45,0.0,0.0,1.0,45,1050,900,150,0.8571428571428571,12,9,3,371.8134065136833,0.8371632996632997,0.16354549366166893,0.2155747160045656,130937.79047070198,736.885183257323,131674.6756539593,1577,55,642.9555555555555,40,5,16,34.61754873729852,0.62265625,44.13109756097561,1023.4756097560977,25.58689024390244,0
1581,4,2,0,47,0.0425531914893617,0.0,1.0,47,1250,900,350,0.72,16,9,7,365.25290013402775,0.842391304347826,0.18269180911557847,0.21513221055741047,131541.75347222213,210.94421310066292,131752.69768532278,1578,0,616.5531914893617,39,8,19,34.17445166531276,0.6303418803418804,43.541666666666664,1025.8333333333328,26.30341880341879,0
1582,4,0,1,46,0.0,0.02127659574468085,0.9787234042553191,47,1250,900,350,0.72,16,9,7,364.35644571980697,0.841427690410114,0.18814876557739235,0.21535717214620612,131675.35942925338,195.35319010415748,131870.71261935754,1579,1,617.5531914893617,39,8,17,34.06248942792382,0.6316773504273505,43.41145833333333,1026.3541666666658,26.31677350427348,0
1583,4,0,0,46,0.0,0.0,1.0,46,850,700,150,0.8235294117647058,10,7,3,367.931174033588,0.8395128824476651,0.18678358654908256,0.2170522724458583,131602.0390459491,484.098546278005,132086.13759222708,1580,2,631.9565217391304,38,8,17,34.044842426766614,0.6326754385964914,43.48290598290597,1026.0683760683742,27.001799370220372,0
1584,4,0,0,46,0.0,0.0,1.0,46,900,600,300,0.6666666666666666,12,6,6,368.0082695796898,0.837902576489533,0.19482431814994605,0.21819416896547736,131793.94866544267,500.2525978887717,132294.20126333146,1581,3,632.9565217391304,38,8,17,33.84901848576284,0.6345942982456143,43.29594017094015,1026.816239316236,27.021479982006213,0
1585,4,0,0,46,0.0,0.0,1.0,46,1300,900,400,0.6923076923076923,17,9,8,367.75641367272027,0.8376409017713365,0.19453989727266174,0.21883327189832116,131931.11257213788,503.7025622762427,132434.81513441412,1582,4,633.9565217391304,38,8,17,33.717025443704934,0.6359649122807018,43.162393162393144,1027.3504273504245,27.03553756185328,0
1586,4,0,0,46,0.0,0.0,1.0,46,1400,900,500,0.6428571428571429,19,9,10,367.75641367272027,0.8375,0.19453989727266174,0.21883327189832116,131931.11257213788,503.7025622762427,132434.81513441412,1583,5,634.9565217391304,38,8,17,33.717025443704934,0.6359649122807018,43.162393162393144,1027.3504273504245,27.03553756185328,0
1587,4,0,0,46,0.0,0.0,1.0,46,750,400,350,0.5333333333333333,11,4,7,365.68793151020316,0.8372584541062802,0.1949198513656465,0.21791738074752953,131985.99810979585,453.13732741614126,132439.13543721198,1584,6,635.9565217391304,38,8,17,33.71477957995425,0.636513157894737,43.10897435897434,1027.5641025641,27.041160593792107,0
1588,4,0,0,46,0.0,0.0,1.0,46,1200,700,500,0.5833333333333334,17,7,10,362.38543340394847,0.8360305958132045,0.19325531802400397,0.2164660688153848,132076.58420138864,372.52604166664196,132449.11024305527,1585,7,636.9565217391304,39,7,17,33.70828266450481,0.6356837606837609,43.02083333333332,1027.9166666666647,26.356837606837555,0
1589,4,0,0,46,0.0,0.0,1.0,46,750,300,450,0.4,12,3,9,363.50125236196595,0.8365539452495975,0.19167837805689336,0.21728612111206766,132103.35422091998,403.9469401041476,132507.30116102414,1586,8,637.9565217391304,39,7,17,33.6526201573952,0.6359508547008548,42.99479166666666,1028.020833333332,26.35950854700851,0
1590,4,0,0,46,0.0,0.0,1.0,46,800,600,200,0.75,10,6,4,359.83720557602965,0.8362117552334943,0.1980737479361585,0.21601169635643105,132264.0313042534,318.70388454860733,132582.735188802,1587,9,638.9565217391304,39,7,17,33.58491561181433,0.6375534188034189,42.838541666666664,1028.645833333333,26.37553418803418,0
1591,4,0,0,46,0.0,0.0,1.0,46,1200,900,300,0.75,15,9,6,358.1056259021435,0.8362520128824477,0.19300272426799037,0.21558351482555005,132371.20361328128,280.57454427083474,132651.77815755212,1588,10,639.9565217391304,39,7,18,33.52154823362688,0.6386217948717949,42.734375,1029.0625000000002,26.386217948717956,0
1592,4,0,0,46,0.0,0.0,1.0,46,850,700,150,0.8235294117647058,10,7,3,364.2473947476217,0.8353663446054751,0.1950196417870691,0.21994383637931061,132484.94059938347,451.4670293446253,132936.4076287281,1589,11,640.9565217391304,36,10,18,33.2490155327062,0.6452546296296295,42.62387387387389,1029.504504504507,28.597347347347416,0
1593,4,0,0,46,0.0,0.0,1.0,46,1300,1000,300,0.7692307692307693,16,10,6,370.5114843188593,0.8328099838969405,0.2030530323555828,0.22459036097181,132629.89921932103,628.1801649622987,133258.07938428334,1590,12,641.9565217391304,36,10,16,32.941811522903684,0.6467013888888887,42.48310810810813,1030.0675675675704,28.612987987988067,0
1594,4,0,0,46,0.0,0.0,1.0,46,1400,900,500,0.6428571428571429,19,9,10,367.38191468714837,0.832024959742351,0.18980883247187608,0.22355580340537134,132774.93709926165,555.8221227985031,133330.75922206015,1591,13,642.9565217391304,36,10,16,32.87646598193475,0.648148148148148,42.342342342342356,1030.6306306306324,28.628628628628675,0
1595,4,0,0,46,0.0,0.0,1.0,46,1000,700,300,0.7,13,7,6,363.0879195738428,0.8323067632850242,0.1836069894437018,0.22155196026949037,132878.0384950179,449.28211084182374,133327.32060585974,1592,14,643.9565217391304,37,9,16,32.88345474848453,0.6472409909909909,42.24232456140352,1031.0307017543876,27.865694642010475,0
1596,4,0,0,46,0.0,0.0,1.0,46,1100,800,300,0.7272727272727273,14,8,6,363.80060102272154,0.8316626409017713,0.1813535196687368,0.2228278681264173,133019.39058171766,478.50684826102525,133497.89742997868,1593,15,644.9565217391304,37,9,16,32.72303713151927,0.6486486486486486,42.10526315789475,1031.5789473684226,27.88051209103845,0
1597,4,0,0,46,0.0,0.0,1.0,46,1250,900,350,0.72,16,9,7,363.79641866318667,0.8302938808373591,0.18848453761321693,0.22405129340614263,133223.94035585166,493.27847633138174,133717.21883218305,1594,16,645.9565217391304,38,8,16,32.51772223947014,0.6488486842105262,41.90705128205129,1032.3717948717967,27.167678812415705,0
1598,4,0,0,46,0.0,0.0,1.0,46,1200,900,300,0.75,15,9,6,363.2769725682906,0.8303341384863124,0.17925563490493057,0.2245627730684296,133361.84619037207,489.45754803129336,133851.30373840337,1595,17,646.9565217391304,38,8,17,32.39273031306029,0.6502192982456139,41.77350427350429,1032.9059829059847,27.181736392262756,0
1599,4,0,0,46,0.0,0.0,1.0,46,1500,1000,500,0.6666666666666666,20,10,10,363.92043965868453,0.8296296296296296,0.18166898970370005,0.2252951761523357,133417.0284991601,510.6367338739325,133927.66523303403,1596,18,647.9565217391304,38,8,18,32.32075146501207,0.650767543859649,41.72008547008548,1033.1196581196596,27.187359424201567,0
1600,4,0,0,46,0.0,0.0,1.0,46,1650,1300,350,0.7878787878787878,20,13,7,362.9203034666403,0.8276570048309179,0.17904819653803528,0.22536417761954142,133530.41174620553,492.20233914012806,134022.61408534565,1597,19,648.9565217391304,36,10,18,32.23287571729499,0.6556712962962964,41.61036036036035,1033.5585585585575,28.70995995995993,0
1601,4,0,0,46,0.0,0.0,1.0,46,1400,1100,300,0.7857142857142857,17,11,6,363.1708947657911,0.8268719806763285,0.1884357864631181,0.2262303362102774,133646.82883897392,507.3276824121225,134154.15652138603,1598,20,649.9565217391304,36,10,18,32.109698322805485,0.6568287037037038,41.49774774774774,1034.0090090090075,28.722472472472433,0
1602,4,0,0,46,0.0,0.0,1.0,46,1000,700,300,0.7,13,7,6,361.93518147275717,0.8259057971014493,0.19000193564443113,0.22612559615986697,133755.63274276696,482.17384195135753,134237.80658471832,1599,21,650.9565217391304,37,9,15,32.03263020281251,0.6559684684684686,41.392543859649116,1034.429824561403,27.957562825983864,0
1603,4,0,0,46,0.0,0.0,1.0,46,1350,1000,350,0.7407407407407407,17,10,7,361.8080596230687,0.8232890499194847,0.182623893010597,0.2272674578111369,133954.1989482339,493.1417599645927,134447.3407081985,1600,22,651.9565217391304,37,9,16,31.837089114853654,0.6579391891891893,41.200657894736835,1035.1973684210514,27.978307254623008,0
1604,4,0,0,46,0.0,0.0,1.0,46,950,600,350,0.631578947368421,13,6,7,363.06924180868276,0.8214774557165861,0.18261099730706376,0.22876510933175487,134067.7314774737,535.1739237072761,134602.90540118096,1601,23,652.9565217391304,37,9,17,31.6908196576672,0.6590653153153154,41.091008771929815,1035.6359649122794,27.99016121384539,0
1605,4,0,0,46,0.0,0.0,1.0,46,1350,900,450,0.6666666666666666,18,9,9,362.5053008359154,0.8212157809983898,0.1816062478144309,0.22917708001999354,134190.77932098735,528.9737654320693,134719.75308641943,1602,24,653.9565217391304,38,8,17,31.582327971403036,0.6584429824561404,40.97222222222221,1036.1111111111088,27.26608187134497,0
1606,4,0,0,46,0.0,0.0,1.0,46,1500,900,600,0.6,21,9,12,364.40574220335,0.8199275362318841,0.1794508763754974,0.2314262645511323,134356.87413251487,592.0832876762108,134948.9574201911,1603,25,654.9565217391304,38,8,17,31.367005015114028,0.6600877192982457,40.8119658119658,1036.7521367521347,27.28295096716144,0
1607,4,0,0,46,0.0,0.0,1.0,46,1350,800,550,0.5925925925925926,19,8,11,371.0232846340285,0.8199275362318841,0.1875473813341657,0.23706909807507132,134579.22299409413,786.5448966121971,135365.76789070634,1604,26,655.9565217391304,37,9,18,30.973154214660596,0.664132882882883,40.59758771929823,1037.6096491228054,28.043504030346092,0
1608,4,0,0,46,0.0,0.0,1.0,46,1650,1300,350,0.7878787878787878,20,13,7,368.60413722029574,0.8189613526570049,0.19301601443917282,0.23626102688317788,134693.02002779688,729.6808873884095,135422.7009151853,1605,27,656.9565217391304,37,9,18,30.922216647301145,0.6652590090090091,40.48793859649122,1038.0482456140342,28.055357989568492,0
1609,4,0,1,45,0.0,0.021739130434782608,0.9782608695652174,46,1300,1100,200,0.8461538461538461,15,11,4,366.8620631594915,0.8184983896940419,0.19768146549745236,0.23569767558482893,134778.39936326534,689.0163319482652,135467.4156952136,1606,28,657.9565217391304,37,9,19,30.882171770503337,0.6661036036036037,40.40570175438595,1038.377192982454,28.064248458985244,0
1610,4,0,0,45,0.0,0.0,1.0,45,1200,900,300,0.75,15,9,6,365.53887960308,0.8164983164983165,0.19246460283177336,0.235529126996736,134883.5187582182,861.034064760019,135744.55282297824,1607,29,667.9333333333333,38,7,17,30.811606500051408,0.665296052631579,40.304487179487175,1038.7820512820508,27.336369770580284,0
1611,4,0,0,45,0.0,0.0,1.0,45,1000,700,300,0.7,13,7,6,365.2347093542051,0.8153619528619529,0.18897684566441608,0.23605568225171766,134994.5225751515,860.9370434290191,135855.45961858053,1608,30,668.9333333333333,38,7,17,30.7087659778623,0.6663925438596492,40.19764957264957,1039.209401709401,27.34761583445792,0
1612,4,0,0,45,0.0,0.0,1.0,45,1450,1100,350,0.7586206896551724,18,11,7,367.9900981476076,0.8132575757575758,0.1909823528068857,0.2391198675146068,135188.88911717423,949.6345149389899,136138.5236321132,1609,31,669.9333333333333,38,7,17,30.443334360660224,0.668311403508772,40.010683760683754,1039.957264957264,27.367296446243788,0
1613,4,0,0,45,0.0,0.0,1.0,45,1300,1000,300,0.7692307692307693,16,10,6,368.7211117812759,0.8122053872053873,0.19529822400164254,0.24089284707319997,135383.39548405667,983.7432199211194,136367.1387039778,1610,32,670.9333333333333,38,7,17,30.23046915101119,0.6702302631578947,39.823717948717956,1040.7051282051293,27.386977058029718,0
1614,4,0,0,45,0.0,0.0,1.0,45,1000,700,300,0.7,13,7,6,368.42530723164725,0.8125420875420876,0.19522799333926422,0.240885861949712,135411.19352217118,977.7821152019976,136388.97563737317,1611,33,671.9333333333333,38,7,17,30.21047184014234,0.6705043859649122,39.79700854700855,1040.8119658119665,27.38978857399912,0
1615,4,0,0,45,0.0,0.0,1.0,45,1000,900,100,0.9,11,9,2,368.76994406561687,0.8117845117845118,0.19882320744389737,0.24148483433974258,135466.79815910588,991.216715976334,136458.0148750822,1612,34,672.9333333333333,38,7,18,30.14611555829228,0.6710526315789473,39.743589743589745,1041.025641025641,27.395411605937923,0
1616,4,0,0,45,0.0,0.0,1.0,45,1250,900,350,0.72,16,9,7,367.47926367282844,0.8116582491582492,0.19565861778051374,0.24101298141018757,135522.41421031492,960.3353970341233,136482.74960734905,1613,35,673.9333333333333,38,7,18,30.12432450920036,0.6716008771929824,39.690170940170944,1041.2393162393168,27.40103463787676,0
1617,4,0,1,44,0.0,0.022222222222222223,0.9777777777777777,45,1050,600,450,0.5714285714285714,15,6,9,366.7092381805435,0.8121212121212121,0.19221477703325873,0.2410733512536001,135606.5551757814,945.6353081597373,136552.19048394114,1614,36,674.9333333333333,39,6,18,30.06061022768944,0.6706730769230769,39.60937500000001,1041.5625000000011,26.7067307692308,0
1618,4,0,0,44,0.0,0.0,1.0,44,800,300,500,0.375,13,3,10,371.46594613574587,0.8080954897815363,0.19878463539061686,0.24383092997498734,135552.31255425367,1270.613606770854,136822.92616102452,1615,37,688.8863636363636,39,5,18,29.99076806375246,0.6701388888888888,39.66145833333334,1041.3541666666683,26.701388888888932,0
1619,4,1,0,45,0.022222222222222223,0.0,1.0,45,1050,800,250,0.7619047619047619,13,8,5,362.6148994628977,0.8112794612794613,0.197706508586716,0.24019937317830245,135877.93104383713,854.2968750000341,136732.22791883716,1616,0,674.5555555555555,39,6,17,29.897363206447537,0.673344017094017,39.34895833333335,1042.6041666666692,26.733440170940238,0
1620,4,0,0,45,0.0,0.0,1.0,45,1300,900,400,0.6923076923076923,17,9,8,362.1815816953525,0.8096801346801348,0.1934358564676122,0.24082910750977868,136013.72070312526,852.3328993055864,136866.05360243085,1617,1,675.5555555555555,39,6,18,29.77373343985089,0.674679487179487,39.218750000000014,1043.125000000002,26.746794871794926,0
1621,4,0,0,45,0.0,0.0,1.0,45,1350,1100,250,0.8148148148148148,16,11,5,363.45007970027825,0.8089646464646465,0.12995559237017096,0.22301149108928128,133086.10586054498,677.6986911251731,133763.80455167015,1618,2,676.5555555555555,38,7,18,32.66506177952647,0.6474780701754386,42.04059829059829,1031.837606837607,27.153621232568604,6
1622,4,0,0,45,0.0,0.0,1.0,45,1200,700,500,0.5833333333333334,17,7,10,360.6118028960954,0.8083754208754209,0.12705460253391676,0.22196664389442872,133203.26063368045,606.9335937499909,133810.19422743045,1619,3,677.5555555555555,39,6,18,32.6206693575513,0.6469017094017095,41.92708333333333,1032.2916666666658,26.469017094017072,0
1623,4,0,2,43,0.0,0.044444444444444446,0.9555555555555556,45,1500,1000,500,0.6666666666666666,20,10,10,361.95526026551767,0.8089646464646465,0.12892206307578524,0.2234386332672691,133310.81271701385,650.509982638885,133961.32269965272,1620,4,678.5555555555555,39,6,18,32.47806132741577,0.6479700854700855,41.822916666666664,1032.708333333333,26.479700854700848,0
1624,4,0,0,43,0.0,0.0,1.0,43,1050,600,450,0.5714285714285714,15,6,9,370.7134692488057,0.8029715762273901,0.1593089426003682,0.22865001150540554,133279.09412895376,1281.6710725765038,134560.76520153027,1621,5,706.0930232558139,38,5,19,32.28379893085014,0.6493969298245614,41.85363247863247,1032.5854700854688,27.173301844354445,0
1625,4,0,0,43,0.0,0.0,1.0,43,900,600,300,0.6666666666666666,12,6,6,370.76150138302603,0.8019102990033222,0.1560729928060669,0.22935975411852072,133389.43591798155,1291.1335059171545,134680.5694238987,1622,6,707.0930232558139,38,5,20,32.17176026476368,0.6504934210526316,41.74679487179487,1033.01282051282,27.18454790823211,0
1626,4,0,0,43,0.0,0.0,1.0,43,900,400,500,0.4444444444444444,14,4,10,373.9594172736734,0.8005260243632336,0.15453863465866458,0.23185483870967732,133472.22222222207,1382.7159352399558,134854.93815746202,1623,7,708.0930232558139,35,8,21,32.00604838709677,0.6571428571428573,41.66666666666666,1033.3333333333321,29.52380952380949,0
1627,4,0,0,43,0.0,0.0,1.0,43,800,500,300,0.625,11,5,6,371.9874992792694,0.7990956072351421,0.1532680785245022,0.2311913956898504,133561.93636670505,1336.6741415894842,134898.61050829454,1624,8,709.0930232558139,35,8,21,31.966954988243195,0.6580357142857144,41.5798611111111,1033.6805555555538,29.53373015873011,0
1628,4,0,0,43,0.0,0.0,1.0,43,1250,500,750,0.4,20,5,15,371.0099231459121,0.7983111849390919,0.1533384689054984,0.2315184827675887,133711.52692043895,1321.6606652949213,135033.18758573386,1625,9,710.0930232558139,35,8,16,31.84217397791703,0.6595238095238095,41.43518518518518,1034.2592592592591,29.550264550264547,0
1629,4,0,0,43,0.0,0.0,1.0,43,950,800,150,0.8421052631578947,11,8,3,369.4418218657317,0.7970191952750092,0.15073494043007796,0.230863440520994,133763.29665814462,1283.5512032302613,135046.84786137487,1626,10,711.0930232558139,36,7,17,31.830820451411572,0.6579861111111112,41.38513513513514,1034.4594594594596,28.73498498498499,0
1630,4,0,0,43,0.0,0.0,1.0,43,800,400,400,0.5,12,4,8,370.45637368855165,0.7983111849390919,0.15152711154289888,0.2325980182339597,133938.09349890446,1323.644083272479,135261.73758217695,1627,11,712.0930232558139,36,7,17,31.629406005221938,0.6597222222222221,41.216216216216225,1035.1351351351364,28.753753753753788,0
1631,4,0,0,43,0.0,0.0,1.0,43,850,600,250,0.7058823529411765,11,6,5,369.85821162177956,0.7976651901070505,0.15578410591336134,0.23259072487350502,133996.38447569197,1311.9326251927678,135308.31710088474,1628,12,713.0930232558139,36,7,17,31.586496628235814,0.6603009259259258,41.15990990990991,1035.3603603603608,28.76001001001002,0
1632,4,0,0,43,0.0,0.0,1.0,43,1000,800,200,0.8,12,8,4,368.89449026242994,0.7963732004429679,0.15935934619731906,0.23253753440326036,134083.84471887434,1292.558309999196,135376.40302887355,1629,13,714.0930232558139,36,7,18,31.52386647819942,0.6611689814814814,41.075450450450454,1035.6981981981987,28.76939439439441,0
1633,4,0,0,43,0.0,0.0,1.0,43,1250,800,450,0.64,17,8,9,374.24893011759855,0.7935123661867848,0.1648368859540541,0.23760935521811125,134346.39665002847,1455.7990422855341,135802.195692314,1630,14,715.0930232558139,36,7,18,31.12236584835977,0.6637731481481481,40.822072072072075,1036.711711711712,28.797547547547556,0
1634,4,0,0,43,0.0,0.0,1.0,43,850,500,350,0.5882352941176471,12,5,7,375.3372676349125,0.7920819490586932,0.16459903420685706,0.23868132323082025,134404.77639801984,1489.4243060628437,135894.20070408267,1631,15,716.0930232558139,36,7,19,31.035738850275138,0.6643518518518517,40.76576576576578,1036.9369369369385,28.80380380380385,0
1635,4,0,0,43,0.0,0.0,1.0,43,1450,1100,350,0.7586206896551724,18,11,7,370.95062246773955,0.7924049464747139,0.16337638469539217,0.23664800098149716,134521.57393880383,1380.172317587877,135901.74625639172,1632,16,717.0930232558139,36,7,19,31.032665725864828,0.6655092592592592,40.65315315315316,1037.3873873873886,28.81631631631635,0
1636,4,0,1,42,0.0,0.023255813953488372,0.9767441860465116,43,1350,1000,350,0.7407407407407407,17,10,7,344.8716575651255,0.7924049464747139,0.1735664358182314,0.20548010192345237,131979.97352972784,503.2304473197363,132483.20397704758,1633,17,718.0930232558139,40,3,13,34.25559621534303,0.6330729166666667,43.11483739837399,1027.5406504065054,25.688516260162636,5
1637,4,0,0,42,0.0,0.0,1.0,42,450,200,250,0.4444444444444444,7,2,5,346.6213882700771,0.7896825396825397,0.16866374640855297,0.20638057923501102,131953.86860499732,747.6066246943253,132701.47522969166,1634,18,720.5714285714286,40,2,13,34.236935377514015,0.6328124999999998,43.14024390243904,1027.4390243902462,25.685975609756156,0
1638,4,1,1,42,0.023255813953488372,0.023255813953488372,0.9767441860465116,43,1050,700,350,0.6666666666666666,14,7,7,341.9090610255218,0.7957272056109265,0.1698412449162252,0.2050070118942504,132219.38898533976,441.4014274691618,132660.7904128089,1635,0,704.7906976744187,41,2,13,34.09084514967365,0.6338922764227641,42.88194444444446,1028.4722222222242,25.084688346883517,0
1639,4,0,0,42,0.0,0.0,1.0,42,800,500,300,0.625,11,5,6,350.13710472164627,0.7876016260162602,0.17746050575232086,0.20933729026975045,132110.53688280805,851.3601774737474,132961.8970602818,1636,20,722.5714285714286,40,2,13,33.988854290233306,0.6343749999999999,42.98780487804879,1028.0487804878064,25.70121951219516,0
1640,4,0,0,42,0.0,0.0,1.0,42,1300,900,400,0.6923076923076923,17,9,8,353.2177166511472,0.7858836624080526,0.18102154407855386,0.211909692366702,132241.164784933,941.9844545244343,133183.14923945745,1637,21,723.5714285714286,40,2,13,33.77815927279912,0.6356770833333333,42.86077235772358,1028.5569105691065,25.713922764227664,0
1641,4,0,0,42,0.0,0.0,1.0,42,1250,900,350,0.72,16,9,7,353.69369303459814,0.7856416957026713,0.1793556731334509,0.21278363885771295,132345.7135819454,961.9688388194977,133307.6824207649,1638,22,724.5714285714286,40,2,14,33.660699588477364,0.63671875,42.75914634146342,1028.9634146341473,25.724085365853682,0
1642,4,0,0,42,0.0,0.0,1.0,42,900,600,300,0.6666666666666666,12,6,6,358.8378218749905,0.7849157955865272,0.1775883710150361,0.21684429645757058,132513.92598257065,1110.2430249266151,133624.16900749726,1639,23,725.5714285714286,36,6,14,33.35908162893289,0.6455439814814814,42.595720720720735,1029.617117117119,28.60047547547553,0
1643,4,0,0,42,0.0,0.0,1.0,42,950,600,350,0.631578947368421,13,6,7,364.29378542417726,0.7842382888114595,0.18233664953901063,0.2208214218207393,132629.899219321,1263.2496094067417,133893.14882872775,1640,24,726.5714285714286,36,6,12,33.10192777231151,0.6467013888888887,42.48310810810813,1030.0675675675702,28.612987987988063,0
1644,4,0,0,42,0.0,0.0,1.0,42,1050,800,250,0.7619047619047619,13,8,5,361.31147911380515,0.7838753387533876,0.16867295912939007,0.2198036629249619,132765.01092884378,1193.9044946522317,133958.91542349602,1641,25,727.5714285714286,37,5,14,33.04285473631947,0.6461148648648647,42.35197368421054,1030.5921052631602,27.853840682788114,0
1645,4,1,0,43,0.023255813953488372,0.0,1.0,43,1100,800,300,0.7272727272727273,14,8,6,350.90081401180487,0.7899132521225544,0.17072078578650873,0.21562988952633833,133141.23109796204,743.8732741617531,133885.10437212378,1642,0,711.6279069767442,38,5,15,32.93348861283644,0.6480263157894736,41.987179487179496,1032.0512820512834,27.159244264507457,0
1646,4,0,0,43,0.0,0.0,1.0,43,1100,800,300,0.7272727272727273,14,8,6,349.1763391439954,0.7886212624584718,0.16637302672788112,0.21539421592622468,133283.9206271703,707.9182942708524,133991.83892144114,1643,1,712.6279069767442,39,4,16,32.83493476579576,0.6477029914529913,41.84895833333334,1032.604166666668,26.47702991452995,0
1647,4,0,1,42,0.0,0.023255813953488372,0.9767441860465116,43,1200,900,300,0.75,15,9,6,349.72103710701947,0.7867294204503507,0.16899162265354573,0.2161991149596763,133364.6050347224,728.0815972222409,134092.68663194464,1644,2,713.6279069767442,39,4,16,32.740016135538525,0.6485042735042734,41.77083333333334,1032.916666666668,26.48504273504277,0
1648,4,0,0,42,0.0,0.0,1.0,42,850,700,150,0.8235294117647058,10,7,3,356.02258227435163,0.7823751451800233,0.1745259776095871,0.21942616295276388,133251.5158156185,1088.109750529637,134339.62556614814,1645,3,728.4285714285714,38,4,16,32.69069915838852,0.6491228070175438,41.88034188034189,1032.4786324786337,27.170490328385096,0
1649,4,0,0,42,0.0,0.0,1.0,42,1000,600,400,0.6,14,6,8,340.41719351274423,0.7823751451800233,0.12478130229727702,0.1902688956598014,129511.5341397314,417.95585265095997,129929.48999238237,1646,4,729.4285714285714,40,2,15,36.865806376464334,0.6083333333333335,45.528455284552834,1017.8861788617867,25.447154471544668,8
1650,4,0,0,42,0.0,0.0,1.0,42,1200,1000,200,0.8333333333333334,14,10,4,342.08628650881917,0.7837301587301587,0.12064917783480733,0.19170607331198897,129614.99851278974,467.90270341725443,130082.901216207,1647,5,730.4285714285714,40,2,16,36.718230206254155,0.6093750000000002,45.42682926829267,1018.2926829268271,25.457317073170678,0
1651,4,0,0,42,0.0,0.0,1.0,42,1200,900,300,0.75,15,9,6,339.95002186151083,0.7831736353077816,0.11759126558970712,0.19082924409251634,129680.91699932252,417.0061137880697,130097.92311311059,1648,6,731.4285714285714,41,1,16,36.705687315346886,0.6084857723577237,45.362103174603156,1018.5515873015845,24.84272164150206,0
1652,4,1,0,43,0.023255813953488372,0.0,1.0,43,950,600,350,0.631578947368421,13,6,7,339.14708719576913,0.7911129568106312,0.13938907924473343,0.1922564020953068,130064.82600392049,222.22137717079093,130287.04738109128,1649,0,715.3953488372093,42,1,17,36.3367214464393,0.6108630952380955,44.985465116279045,1020.0581395348793,24.28709856035427,0
1653,4,0,0,43,0.0,0.0,1.0,43,1100,900,200,0.8181818181818182,13,9,4,339.38057801237045,0.7900516795865633,0.1474796633073956,0.19299979738802803,130188.40889970532,236.68349257854675,130425.09239228387,1650,1,716.3953488372093,42,1,17,36.205532345866565,0.6121031746031748,44.864341085271306,1020.5426356589128,24.298634182355066,0
1654,4,0,0,43,0.0,0.0,1.0,43,600,400,200,0.6666666666666666,8,4,4,334.6938775510208,0.7902362495385751,0.1454200284765068,0.19069767441860455,130262.58680555523,119.63918183999994,130382.22598739523,1651,2,717.3953488372093,41,2,17,36.249999999999986,0.6143292682926831,44.79166666666665,1020.8333333333308,24.898373983739774,0
1655,4,0,0,43,0.0,0.0,1.0,43,1550,1000,550,0.6451612903225806,21,10,11,336.15471552534524,0.7903746770025839,0.14590448311378523,0.1922804972804972,130414.5408163263,167.89257369612233,130582.43339002243,1652,3,718.3953488372093,41,2,19,36.05890637140636,0.6158536585365855,44.64285714285713,1021.4285714285696,24.912891986062675,0
1656,4,1,0,44,0.022727272727272728,0.0,1.0,44,1300,1100,200,0.8461538461538461,15,11,4,334.22694760910684,0.7975907329105004,0.161136277515588,0.19300326361935044,130782.42368247082,-57.797946337374526,130724.62573613344,1653,0,703.0454545454545,42,2,16,35.73619268662372,0.6180555555555556,44.2829457364341,1022.8682170542621,24.354005167958622,0
1657,4,0,0,44,0.0,0.0,1.0,44,1500,1100,400,0.7333333333333333,19,11,8,331.99071682736485,0.7974145525017619,0.16513860192837493,0.19220515184742157,130881.55759870184,-109.70757466499828,130771.85002403684,1654,1,704.0454545454545,42,2,16,35.69326073232323,0.6190476190476191,44.1860465116279,1023.2558139534871,24.363233665559214,0
1658,4,0,0,44,0.0,0.0,1.0,44,1250,1000,250,0.8,15,10,5,332.61391843101,0.7983394996476392,0.164327389762831,0.19306227661017508,130980.72907277194,-86.7972928309718,130893.93177994096,1655,2,705.0454545454545,42,2,16,35.577196137826576,0.6200396825396826,44.0891472868217,1023.6434108527121,24.372462163159813,0
1659,4,0,0,44,0.0,0.0,1.0,44,750,400,350,0.5333333333333333,11,4,7,330.7009147972637,0.7979651162790699,0.16363131873675707,0.19223324144021564,131037.0932334709,-133.18267906337985,130903.91055440753,1656,3,706.0454545454545,43,1,16,35.569274879763206,0.619186046511628,44.0340909090909,1023.863636363635,23.810782241014767,0
1660,4,0,0,44,0.0,0.0,1.0,44,1350,1000,350,0.7407407407407407,17,10,7,330.6695701185555,0.7979210711768852,0.1600449712100196,0.19257896611912628,131109.82090973642,-129.19437629134046,130980.62653344507,1657,4,707.0454545454545,43,1,17,35.49670596393894,0.6199127906976745,43.96306818181817,1024.1477272727261,23.817389006342466,0
1661,4,0,0,44,0.0,0.0,1.0,44,1150,800,350,0.6956521739130435,15,8,7,333.21585830207556,0.7967318534179,0.16478008033748504,0.1944298357665508,131182.56876291317,-57.57755107897333,131124.9912118342,1658,5,708.0454545454545,43,1,17,35.358122265360215,0.620639534883721,43.89204545454545,1024.4318181818178,23.82399577167018,0
1662,4,0,0,44,0.0,0.0,1.0,44,550,200,350,0.36363636363636365,9,2,7,329.3355653372612,0.798185341789993,0.16548361082643126,0.19265240476107226,131279.59728678814,-152.9919220615393,131126.6053647266,1659,6,709.0454545454545,43,1,18,35.35968397708371,0.621608527131783,43.79734848484848,1024.8106060606046,23.832804792107083,0
1663,4,0,0,44,0.0,0.0,1.0,44,1200,500,700,0.4166666666666667,19,5,14,329.2561844226449,0.7980752290345314,0.16662956834351106,0.1927279439700531,131303.8600224545,-153.47840980832598,131150.38161264616,1660,7,710.0454545454545,43,1,18,35.33726400566694,0.6218507751937985,43.773674242424235,1024.9053030303019,23.835007047216322,0
1664,4,1,2,43,0.022222222222222223,0.044444444444444446,0.9555555555555556,45,1150,900,250,0.782608695652174,14,9,5,322.4046469268868,0.8038299663299664,0.16176202053775723,0.18967760623927804,131498.04261542973,-520.8817579201213,130977.1608575096,1661,0,695.2444444444444,43,2,18,35.3173183454898,0.6237887596899225,43.5842803030303,1025.6628787878778,23.852625088090182,0
1665,4,0,0,43,0.0,0.0,1.0,43,1150,800,350,0.6956521739130435,15,8,7,331.20756046479005,0.796234772978959,0.16389393133579233,0.19449713678348526,131427.4654843457,105.95404422809816,131533.4195285738,1662,9,709.1860465116279,42,1,18,35.16269766269765,0.6245039682539684,43.65310077519379,1025.3875968992236,24.413990402362465,0
1666,4,0,0,43,0.0,0.0,1.0,43,450,200,250,0.4444444444444444,7,2,5,333.1171580772011,0.7968807678110004,0.15895061050356052,0.19612782176892402,131526.84352653092,162.7696652845421,131689.61319181547,1663,10,710.1860465116279,42,1,18,35.01361861578184,0.6254960317460316,43.5562015503876,1025.7751937984501,24.423218899963096,0
1667,4,0,0,43,0.0,0.0,1.0,43,1550,1000,550,0.6451612903225806,21,10,11,332.72062850324755,0.7989110372831303,0.07278174247809588,0.19356195454958033,131067.83743142351,193.4057116348893,131261.2431430584,1664,11,711.1860465116279,40,3,17,35.48655220325524,0.6239583333333332,44.004065040650424,1023.9837398374017,25.599593495935043,6
1668,4,0,0,43,0.0,0.0,1.0,43,950,800,150,0.8421052631578947,11,8,3,334.0615160470298,0.7984957548911037,0.06983205416357063,0.19460531553306198,131119.87428944436,160.42079780556736,131280.29508724992,1665,12,712.1860465116279,40,3,17,35.399715552027516,0.6244791666666666,43.95325203252034,1024.1869918699208,25.60467479674802,0
1669,4,0,0,43,0.0,0.0,1.0,43,700,500,200,0.7142857142857143,9,5,4,335.3178406418679,0.7970653377630121,0.07396096197229185,0.19586758223356446,131223.97898902814,200.34825500698398,131424.3272440351,1666,13,713.1860465116279,40,3,18,35.26251405144482,0.6255208333333331,43.851626016260184,1024.593495934963,25.61483739837407,0
1670,4,0,0,43,0.0,0.0,1.0,43,950,700,250,0.7368421052631579,12,7,5,342.7240244461833,0.7970191952750092,0.06905913093328842,0.19756440093882477,130714.91021050367,519.5249354897071,131234.43514599337,1667,14,714.1860465116279,39,4,15,35.58718294794744,0.6220619658119657,44.34895833333334,1022.6041666666682,26.2206196581197,8
1671,4,1,1,43,0.022727272727272728,0.022727272727272728,0.9772727272727273,44,1150,800,350,0.6956521739130435,15,8,7,334.2230489614206,0.8035147991543341,0.07174979927287128,0.19456762936939603,131093.85456945313,-37.082445138434224,131056.7721243147,1668,0,698.9318181818181,40,4,16,35.42183520227581,0.6242187499999998,43.978658536585385,1024.0853658536619,25.602134146341548,0
1672,4,0,0,43,0.0,0.0,1.0,43,600,400,200,0.6666666666666666,8,4,4,340.6361114885094,0.796327057954965,0.08406251700245826,0.1982707881612515,131088.00048828137,330.66134982640494,131418.66183810777,1669,1,715.8372093023256,39,4,16,35.263558301969965,0.6258012820512819,43.98437500000001,1024.062500000001,26.258012820512842,0
1673,4,0,1,42,0.0,0.023255813953488372,0.9767441860465116,43,1300,900,400,0.6923076923076923,17,9,8,338.82885503634145,0.7966500553709855,0.07872362559936463,0.1979050248300152,131221.37586805562,292.31770833334446,131513.69357638896,1670,2,716.8372093023256,39,4,17,35.1752067236004,0.6271367521367521,43.85416666666667,1024.583333333334,26.271367521367537,0
1674,4,1,0,43,0.023255813953488372,0.0,1.0,43,1200,700,500,0.5833333333333334,17,7,10,340.5901226800882,0.7951273532668881,0.09667454296729283,0.19978153369252344,131384.32618690358,349.7275604031919,131734.05374730678,1671,0,717.1627906976744,37,6,18,34.96568627450981,0.6323198198198199,43.695175438596486,1025.2192982456133,27.708629682313873,0
1675,4,0,0,43,0.0,0.0,1.0,43,1350,1100,250,0.8148148148148148,16,11,5,337.28890635539415,0.7946197858988556,0.09772335781101216,0.19826308708545182,131465.04635336774,268.3403416977227,131733.38669506545,1672,1,718.1627906976744,38,5,18,34.96892037365004,0.6313048245614035,43.616452991452995,1025.5341880341887,26.987741790373388,0
1676,4,0,0,43,0.0,0.0,1.0,43,1250,1000,250,0.8,15,10,5,334.6906827636117,0.7948966408268734,0.10857276381411407,0.1978228732615398,131675.35942925353,217.4019153580245,131892.76134461156,1673,2,719.1627906976744,39,4,14,34.82367891335972,0.6316773504273505,43.411458333333336,1026.354166666667,26.316773504273513,1
1677,4,0,0,43,0.0,0.0,1.0,43,1000,600,400,0.6,14,6,8,335.6685536667716,0.7935585086747877,0.1111794135049946,0.19862847455114588,131719.04047070208,242.78796103510822,131961.82843173717,1674,3,720.1627906976744,40,3,14,34.75460350460349,0.6304687499999999,43.368902439024396,1026.5243902439033,25.663109756097583,0
1678,4,0,0,43,0.0,0.0,1.0,43,900,700,200,0.7777777777777778,11,7,4,338.56611945952034,0.7929586563307494,0.11490485211622592,0.20061780087387304,131771.20642681277,322.6532032850861,132093.85963009787,1675,4,721.1627906976744,40,3,15,34.627709591210525,0.6309895833333332,43.31808943089431,1026.727642276423,25.668191056910576,0
1679,4,0,2,41,0.0,0.046511627906976744,0.9534883720930233,43,1450,1000,450,0.6896551724137931,19,10,9,339.99367224514754,0.7931432262827611,0.11715719852222817,0.20221909684655393,131913.47321625412,369.9492354812334,132283.42245173536,1676,5,722.1627906976744,41,2,15,34.447831160469974,0.6308434959349594,43.179563492063494,1027.2817460317463,25.055652342237714,0
1680,4,0,0,41,0.0,0.0,1.0,41,850,600,250,0.7058823529411765,11,6,5,345.76948557672483,0.7850609756097561,0.12204273548667977,0.20552338139072227,131889.27001953122,920.6570095486105,132809.92702907984,1677,9,751.3658536585366,39,2,15,34.32387266335396,0.6338141025641026,43.203125,1027.1874999999998,26.33814102564102,0
1681,4,0,0,41,0.0,0.0,1.0,41,1000,600,400,0.6,14,6,8,348.29562010907136,0.7830792682926829,0.1223666251261053,0.20746304328235987,131969.53125,992.8819444444432,132962.41319444444,1678,10,752.3658536585366,39,2,15,34.17815625844823,0.6346153846153846,43.125,1027.5,26.346153846153847,0
1682,4,0,0,41,0.0,0.0,1.0,41,850,500,350,0.5882352941176471,12,5,7,353.0436101456763,0.783130081300813,0.1250633424546468,0.21073692082924309,132049.81689453125,1123.8688151041663,133173.6857096354,1679,11,753.3658536585366,39,2,16,33.975309111178674,0.6354166666666667,43.046875,1027.8125,26.354166666666668,0
1683,4,1,1,41,0.023809523809523808,0.023809523809523808,0.9761904761904762,42,1050,700,350,0.6666666666666666,14,7,7,349.5352516218836,0.7920296167247387,0.12505938856822962,0.20999082208714123,132293.43401951555,848.2437495868901,133141.67776910245,1680,0,736.4047619047619,40,2,16,33.82026079225525,0.6361979166666667,42.8099593495935,1028.7601626016265,25.71900406504066,0
1684,4,0,0,41,0.0,0.0,1.0,41,950,700,250,0.7368421052631579,12,7,5,356.95602383282954,0.7827235772357723,0.13511938278556546,0.21443416614191158,132290.82031250012,1244.40104166668,133535.2213541668,1681,13,755.3658536585366,39,2,16,33.632037262049415,0.6378205128205128,42.81250000000001,1028.750000000001,26.378205128205153,0
1685,4,0,0,41,0.0,0.0,1.0,41,1100,700,400,0.6363636363636364,15,7,8,356.69175323421456,0.7823678861788618,0.13832085875784328,0.214427537838974,132317.6120334203,1239.3202039930745,133556.93223741336,1682,14,756.3658536585366,39,2,16,33.611863420066825,0.6380876068376068,42.78645833333334,1028.854166666668,26.380876068376104,0
1686,4,0,0,41,0.0,0.0,1.0,41,1300,800,500,0.6153846153846154,18,8,10,357.0400766419478,0.7815548780487804,0.14759539194604376,0.21559183491814327,132484.9405993833,1260.5599112890523,133745.50051067234,1683,15,757.3658536585366,36,5,18,33.434514694085905,0.6452546296296295,42.62387387387388,1029.5045045045056,28.597347347347377,0
1687,4,0,0,41,0.0,0.0,1.0,41,1500,1100,400,0.7333333333333333,19,11,8,351.6547244916443,0.7815040650406504,0.1601454438496981,0.20970655888934414,132013.44515897782,1084.630337314612,133098.07549629244,1684,16,758.3658536585366,38,3,17,34.04763142391794,0.6367872807017545,43.08226495726495,1027.6709401709386,27.04397210976154,1
1688,4,0,0,41,0.0,0.0,1.0,41,950,600,350,0.631578947368421,13,6,7,352.6531231263598,0.7794207317073171,0.16755081195205657,0.21091243031976087,132123.26189139052,1118.7361887281368,133241.99808011865,1685,17,759.3658536585366,38,3,17,33.91137552391839,0.6378837719298247,42.97542735042733,1028.0982905982876,27.055218173639147,0
1689,4,0,0,41,0.0,0.0,1.0,41,850,600,250,0.7058823529411765,11,6,5,351.60373055385793,0.776880081300813,0.16558012309095105,0.21135729870372294,132315.55103550255,1104.5282708743848,133420.07930637692,1686,18,760.3658536585366,38,3,18,33.744807892004154,0.6398026315789476,42.78846153846152,1028.8461538461506,27.074898785425017,0
1690,4,0,0,41,0.0,0.0,1.0,41,1200,800,400,0.6666666666666666,16,8,8,354.3987159014491,0.7766768292682927,0.13234401516183736,0.20830181242088183,131461.62245008693,1117.9917194434265,132579.61416953037,1687,19,761.3658536585366,39,2,18,34.5337100050787,0.6295405982905983,43.61979166666667,1025.5208333333344,26.29540598290601,5
1691,4,0,0,41,0.0,0.0,1.0,41,1500,1300,200,0.8666666666666667,17,13,4,355.02431433829923,0.7772865853658537,0.1386935071625286,0.20910762246432857,131541.75347222234,1140.1041666666763,132681.85763888902,1688,20,762.3658536585366,39,2,18,34.43677227186569,0.6303418803418803,43.54166666666667,1025.8333333333344,26.30341880341883,0
1692,4,0,0,41,0.0,0.0,1.0,41,1000,700,300,0.7,13,7,6,370.26692004035317,0.7764227642276422,0.11837624433841176,0.21453324998885823,130911.78882444311,1494.4609689999338,132406.24979344304,1689,21,763.3658536585366,40,1,15,34.68346573982125,0.6223958333333334,44.15650406504065,1023.3739837398373,25.584349593495933,4
1693,4,1,1,41,0.023809523809523808,0.023809523809523808,0.9761904761904762,42,1100,800,300,0.7272727272727273,14,8,6,365.1884081556035,0.7831494386372435,0.11924130488918383,0.2130472035375569,131175.63952664388,1180.7645975056575,132356.40412414953,1690,0,746.1666666666666,41,1,15,34.54629091613404,0.6234756097560975,43.89880952380952,1024.404761904761,24.9854819976771,0
1694,4,2,0,43,0.046511627906976744,0.0,1.0,43,650,300,350,0.46153846153846156,10,3,7,361.29344756793955,0.7942967884828349,0.14055504127859764,0.2128001119407336,131541.75347222213,905.3004535147359,132447.05392573687,1691,0,729.7674418604652,39,4,17,34.27599512591389,0.6303418803418804,43.541666666666664,1025.8333333333328,26.30341880341879,0
1695,4,0,1,42,0.0,0.023255813953488372,0.9767441860465116,43,1250,1000,250,0.8,15,10,5,360.4350567057217,0.7935585086747877,0.14423302795395831,0.21284638611779994,131640.8109012493,889.5926283957975,132530.4035296451,1692,1,730.7674418604652,40,3,16,34.19798474945532,0.6296875,43.44512195121951,1026.2195121951222,25.655487804878057,0
1696,4,0,0,42,0.0,0.0,1.0,42,1050,800,250,0.7619047619047619,13,8,5,366.39874692752784,0.7922957801006582,0.14396883398101434,0.2164124972859715,131648.6328125,1247.1788194444455,132895.81163194444,1693,2,736.4285714285714,39,3,16,34.037082149140616,0.6314102564102565,43.4375,1026.25,26.314102564102566,0
1697,4,0,0,42,0.0,0.0,1.0,42,1100,800,300,0.7272727272727273,14,8,6,367.6383792750899,0.790819783197832,0.13755513364928018,0.21790808806461556,131782.2930230033,1289.645724826371,133071.93874782967,1694,3,737.4285714285714,39,3,16,33.87028254032667,0.6327457264957266,43.30729166666666,1026.770833333332,26.32745726495723,0
1698,4,0,0,42,0.0,0.0,1.0,42,1400,1100,300,0.7857142857142857,17,11,6,364.81478641744116,0.7878193960511034,0.13928288878842676,0.21751221227907802,132006.08103642007,1231.5540518210003,133237.63508824108,1695,4,738.4285714285714,40,2,16,33.71695345464134,0.6333333333333333,43.08943089430894,1027.6422764227639,25.691056910569095,0
1699,4,0,0,42,0.0,0.0,1.0,42,1400,900,500,0.6428571428571429,19,9,10,365.2242262806793,0.7854481223383663,0.15068228872576706,0.21896144371803755,132215.03404058426,1257.6267020292098,133472.66074261346,1696,5,739.4285714285714,40,2,16,33.4957592226614,0.6354166666666667,42.886178861788615,1028.4552845528451,25.711382113821127,0
1700,4,0,0,42,0.0,0.0,1.0,42,1150,800,350,0.6956521739130435,15,8,7,363.6286288713235,0.7834639953542393,0.14986879602720027,0.21891221735737304,132371.85723610257,1226.8393895828924,133598.69662568546,1697,6,740.4285714285714,40,2,17,33.378802093620365,0.6369791666666668,42.73373983739836,1029.0650406504044,25.72662601626011,0
1701,4,0,0,42,0.0,0.0,1.0,42,800,400,400,0.5,12,4,8,364.5470562749806,0.7831494386372435,0.1531621676376269,0.2202595599574913,132507.98000447432,1261.0839726386055,133769.06397711294,1698,7,741.4285714285714,38,4,17,33.21810902424683,0.6417214912280702,42.60149572649572,1029.5940170940164,27.094579397210957,0
1702,4,0,0,42,0.0,0.0,1.0,42,850,400,450,0.47058823529411764,13,4,9,364.15975688678895,0.7838511420828495,0.15340072530360982,0.22018643267721882,132535.4812714587,1252.8177277375835,133788.2989991963,1699,8,742.4285714285714,38,4,17,33.200396001936774,0.6419956140350878,42.57478632478632,1029.7008547008536,27.09739091318036,0
1703,4,0,0,42,0.0,0.0,1.0,42,550,400,150,0.7272727272727273,7,4,3,368.92464833594454,0.7833672086720868,0.15676743726536269,0.22339407097729314,132590.49236613343,1383.1801537731064,133973.67251990654,1700,9,743.4285714285714,38,4,17,33.022346127247594,0.6425438596491228,42.52136752136752,1029.9145299145302,27.103013945119216,0
1704,4,0,0,42,0.0,0.0,1.0,42,650,400,250,0.6153846153846154,9,4,5,371.0334647460607,0.7830768486256291,0.16282928852935052,0.22500029352713954,132645.5148750823,1443.1849934253887,134088.69986850768,1701,10,744.4285714285714,38,4,13,32.912647790914754,0.6430921052631577,42.46794871794872,1030.128205128206,27.10863697705805,0
1705,4,0,0,42,0.0,0.0,1.0,42,1100,600,500,0.5454545454545454,16,6,10,366.50462905829187,0.7820121951219512,0.15785563733112173,0.2230706723359839,132783.1210849041,1333.1257076850202,134116.2467925891,1702,11,745.4285714285714,38,4,13,32.89083825714384,0.6444627192982455,42.33440170940172,1030.6623931623944,27.122694556905117,0
1706,4,0,0,42,0.0,0.0,1.0,42,1000,600,400,0.6,14,6,8,365.23642384898164,0.7816734417344173,0.1619326655697637,0.22287978565087702,132880.86480034742,1306.5863715277992,134187.45117187523,1703,12,746.4285714285714,39,3,13,32.82523405401765,0.6436965811965811,42.23958333333334,1031.0416666666683,26.436965811965855,0
1707,4,0,0,42,0.0,0.0,1.0,42,850,600,250,0.7058823529411765,11,6,5,366.7467729757997,0.7806087882307394,0.165550632820054,0.22396214100477752,132907.7162000869,1348.6952039930666,134256.41140407996,1704,13,747.4285714285714,39,3,13,32.75930649560562,0.6439636752136751,42.21354166666667,1031.1458333333342,26.439636752136774,0
1708,4,0,0,42,0.0,0.0,1.0,42,1150,900,250,0.782608695652174,14,9,5,370.4017036149322,0.7791569879984515,0.16512824210956478,0.22717206652048977,133068.88156467036,1457.7880859375255,134526.6696506079,1705,14,748.4285714285714,39,3,15,32.50304980649504,0.6455662393162392,42.05729166666668,1031.770833333335,26.455662393162438,0
1709,4,0,0,42,0.0,0.0,1.0,42,1500,1100,400,0.7333333333333333,19,11,8,369.05153936454053,0.7791085946573751,0.1606295692800186,0.22667040300585914,133122.62505425364,1425.821940104187,134548.44699435783,1706,15,749.4285714285714,39,3,16,32.48387083207161,0.6461004273504274,42.00520833333334,1031.979166666668,26.46100427350431,0
1710,4,0,1,41,0.0,0.023809523809523808,0.9761904761904762,42,1350,1000,350,0.7407407407407407,17,10,7,370.9280744002433,0.7784310878823074,0.16055389761111827,0.2281518491143397,133176.37939453125,1479.7715928819448,134656.1509874132,1707,16,750.4285714285714,39,3,16,32.38144195512498,0.6466346153846154,41.953125,1032.1875,26.466346153846153,0
1711,4,0,0,41,0.0,0.0,1.0,41,1550,1300,250,0.8387096774193549,18,13,5,382.15314429972887,0.7724593495934959,0.1895667880965115,0.23623124035100904,133361.84619037196,1992.9297702534996,135354.77596062547,1708,17,768.3170731707318,38,3,17,31.90529754516619,0.650219298245614,41.77350427350428,1032.9059829059838,27.18173639226273,0
1712,4,0,0,41,0.0,0.0,1.0,41,1400,1100,300,0.7857142857142857,17,11,6,378.0550451035607,0.7724593495934959,0.20853083105614312,0.22328033869272518,131645.7436110097,1754.004479001234,133399.74809001095,1709,18,769.3170731707318,36,5,13,33.74094699879292,0.6368634259259259,43.44031531531532,1026.2387387387391,28.50663163163164,8
1713,4,0,0,41,0.0,0.0,1.0,41,1250,900,350,0.72,16,9,7,381.0049144914391,0.7723069105691057,0.20810760921034666,0.2257064201051624,131761.3363997443,1840.3433416524601,133601.67974139674,1710,19,770.3170731707318,36,5,13,33.54836203429491,0.6380208333333334,43.3277027027027,1026.689189189189,28.519144144144136,0
1714,4,0,1,40,0.0,0.024390243902439025,0.975609756097561,41,950,600,350,0.631578947368421,13,6,7,382.0937573104173,0.771290650406504,0.20789613752042735,0.22669570415834076,131819.1518165125,1873.4550006087193,133692.6068171212,1711,20,771.3170731707318,36,5,14,33.46195672040063,0.638599537037037,43.2713963963964,1026.9144144144148,28.52540040040041,0
1715,4,1,0,41,0.024390243902439025,0.0,1.0,41,900,800,100,0.8888888888888888,10,8,2,374.0057639495524,0.7798272357723577,0.20394735174619716,0.2236828754808292,132123.26189139095,1682.9722998392922,133806.23419123024,1712,0,763.5121951219512,38,3,15,33.36256018566628,0.6378837719298245,42.97542735042735,1028.098290598291,27.055218173639236,0
1716,4,0,0,41,0.0,0.0,1.0,41,1150,900,250,0.782608695652174,14,9,5,375.5029894594716,0.7789634146341463,0.20270732467374541,0.2252316062010175,132233.12428090064,1730.7866946087984,133963.91097550944,1713,1,764.5121951219512,38,3,15,33.21322842006856,0.6389802631578948,42.86858974358974,1028.5256410256402,27.066464237516847,0
1717,4,0,0,41,0.0,0.0,1.0,41,950,700,250,0.7368421052631579,12,7,5,377.02575213631343,0.7789634146341463,0.16916728788467394,0.21206557438563098,129759.37307633119,1610.5410307176928,131369.91410704888,1714,2,765.5121951219512,37,4,14,35.68167958100158,0.6159909909909909,45.28508771929825,1018.8596491228071,27.53674727358938,7
1718,4,0,0,41,0.0,0.0,1.0,41,1400,1100,300,0.7857142857142857,17,11,6,355.9845395318302,0.7776930894308943,0.1115792376516731,0.20240263819095466,130180.80210387884,1069.4444359074325,131250.24653978628,1715,3,766.5121951219512,38,3,15,35.78962520938023,0.618421052631579,44.87179487179486,1020.5128205128191,26.85560053981103,7
1719,4,0,0,41,0.0,0.0,1.0,41,550,400,150,0.7272727272727273,7,4,3,357.0045823786464,0.7767276422764228,0.11248158540415121,0.20312476327952372,130208.06081753573,1096.9748748995294,131305.03569243525,1716,4,767.5121951219512,38,3,15,35.73593809972435,0.6186951754385965,44.84508547008546,1020.6196581196562,26.858412055780423,0
1720,4,0,2,39,0.0,0.04878048780487805,0.9512195121951219,41,1400,900,500,0.6428571428571429,19,9,10,355.2886455450963,0.7757621951219512,0.108458131085446,0.2025776226987378,130290.5716783047,1058.1635620504553,131348.73524035516,1717,5,768.5121951219512,37,4,15,35.69601815057458,0.6213400900900901,44.764254385964904,1020.942982456139,27.59305357989565,0
1721,4,0,0,39,0.0,0.0,1.0,39,1150,900,250,0.782608695652174,14,9,5,369.42696974646833,0.7667004048582996,0.12510081244216553,0.20986694500769623,130147.65346004812,1816.0106474718257,131963.66410751996,1718,27,805.2307692307693,36,3,16,35.480355369164556,0.6218171296296295,44.904279279279294,1020.3828828828848,28.343968968969023,0
1722,4,1,0,40,0.025,0.0,1.0,40,1300,1100,200,0.8461538461538461,15,11,4,364.8000718591757,0.7771367521367522,0.13714461967600067,0.20950717620452125,130570.58572108738,1526.4318107494792,132097.01753183687,1719,0,786.075,37,3,14,35.169129742874524,0.6241554054054053,44.49013157894738,1022.0394736842115,27.622688477951662,0
1723,4,1,1,40,0.024390243902439025,0.024390243902439025,0.975609756097561,41,1000,700,300,0.7,13,7,6,357.88357681898435,0.7844512195121951,0.13824619499458657,0.20680357562110901,130808.47447083434,1162.8409443714015,131971.31541520573,1720,0,767.8780487804878,38,3,14,35.10487380330723,0.6247258771929824,44.25747863247864,1022.9700854700861,26.92026540710753,0
1724,4,1,0,41,0.024390243902439025,0.0,1.0,41,950,700,250,0.7368421052631579,12,7,5,357.265926558723,0.7885670731707317,0.14929439761383034,0.20766214028064414,131034.66932508699,1162.84450954863,132197.5138346356,1721,0,768.8536585365854,39,2,15,34.89175314545395,0.6252670940170939,44.03645833333334,1023.8541666666681,26.252670940170976,0
1725,4,1,1,41,0.023809523809523808,0.023809523809523808,0.9761904761904762,42,1250,900,350,0.72,16,9,7,355.1789953958535,0.7929490902051878,0.1446254456170175,0.20789205853552978,131302.08462431404,927.148502049026,132229.23312636308,1722,0,751.5238095238095,40,2,15,34.674847132705345,0.6263020833333335,43.77540650406503,1024.8983739837383,25.62245934959346,0
1726,4,0,0,41,0.0,0.0,1.0,41,1250,1000,250,0.8,15,10,5,361.22678299953736,0.786839430894309,0.1457465794170134,0.21157568718544317,131328.12499999988,1287.8523861457975,132615.97738614568,1723,2,770.8536585365854,37,4,16,34.49356368563686,0.6317567567567568,43.74999999999999,1024.999999999999,27.702702702702677,0
1727,4,0,0,41,0.0,0.0,1.0,41,1200,800,400,0.6666666666666666,16,8,8,361.66213691600234,0.7844004065040651,0.1520643139392288,0.21257096942913672,131461.6224500867,1308.9382595486063,132770.5607096353,1724,3,771.8536585365854,39,2,16,34.34749026578636,0.6295405982905983,43.619791666666664,1025.5208333333326,26.295405982905965,0
1728,4,0,0,41,0.0,0.0,1.0,41,1550,1000,550,0.6451612903225806,21,10,11,359.47533030054694,0.7823678861788618,0.1444599586068942,0.21232319868830885,131648.63281250015,1264.8871527777915,132913.51996527793,1725,4,772.8536585365854,39,2,12,34.2147110569766,0.6314102564102564,43.43750000000001,1026.2500000000011,26.314102564102594,0
1729,4,0,0,41,0.0,0.0,1.0,41,1150,900,250,0.782608695652174,14,9,5,359.7339283600879,0.7804369918699187,0.1458218376441649,0.21322293035750994,131782.29302300356,1281.3123914930638,133063.60541449662,1726,5,773.8536585365854,39,2,12,34.07318403165262,0.6327457264957265,43.30729166666667,1026.7708333333342,26.327457264957285,0
1730,4,1,0,42,0.023809523809523808,0.0,1.0,42,950,600,350,0.631578947368421,13,6,7,356.47113455977683,0.7855691056910569,0.15316212512890037,0.2126839282479662,132032.1911250745,1013.1329937537298,133045.32411882823,1727,0,756.4047619047619,40,2,13,33.904998516760614,0.63359375,43.06402439024391,1027.7439024390253,25.693597560975633,0
1731,4,0,0,42,0.0,0.0,1.0,42,650,300,350,0.46153846153846156,10,3,7,357.18481164091907,0.7856658923732095,0.15851281689146224,0.21340368397802123,132084.4190482683,1035.7096676911929,133120.1287159595,1728,1,757.4047619047619,40,2,13,33.834033613445364,0.6341145833333333,43.01321138211382,1027.9471544715452,25.69867886178863,0
1732,4,0,0,42,0.0,0.0,1.0,42,1000,700,300,0.7,13,7,6,356.28391496206154,0.7857142857142857,0.16342774446971298,0.21333811545821862,132168.37841907586,1017.893459467108,133186.27187854296,1729,2,758.4047619047619,41,1,13,33.772612156295224,0.6333841463414634,42.93154761904761,1028.2738095238085,25.079849012775817,0
1733,4,0,0,42,0.0,0.0,1.0,42,1300,1000,300,0.7692307692307693,16,10,6,352.77980209877506,0.7852061556329849,0.1618675631116564,0.21181087249346806,132270.40939350254,932.4657698727403,133202.87516337528,1730,3,759.4047619047619,41,1,13,33.75998569453819,0.6344004065040652,42.83234126984126,1028.6706349206331,25.08952768099105,0
1734,4,0,0,42,0.0,0.0,1.0,42,1050,700,350,0.6666666666666666,14,7,7,354.58052613989844,0.7843108788230739,0.16089104365232454,0.21332420052917778,132346.95845930956,985.5308327034476,133332.48929201302,1731,4,760.4047619047619,41,1,14,33.636633886103624,0.6351626016260162,42.757936507936506,1028.9682539682533,25.09678668215252,0
1735,4,0,0,42,0.0,0.0,1.0,42,1200,900,300,0.75,15,9,6,350.55046294039676,0.7854239256678281,0.16088417723083004,0.21149365750975088,132452.98603121113,886.3206399149581,133339.30667112608,1732,5,761.4047619047619,38,4,14,33.633670645217094,0.6411732456140351,42.65491452991453,1029.3803418803413,27.08895636527214,0
1736,4,0,0,42,0.0,0.0,1.0,42,1400,1200,200,0.8571428571428571,16,12,4,345.2534046646819,0.7826413085559427,0.15903587195670932,0.20963176338479855,132692.98095703125,762.5406901041672,133455.5216471354,1733,6,762.4047619047619,39,3,12,33.52890253766051,0.6418269230769231,42.421875,1030.3125,26.41826923076923,0
1737,4,0,0,42,0.0,0.0,1.0,42,650,500,150,0.7692307692307693,8,5,3,346.7600648274861,0.7831252419667054,0.15870047604607396,0.2108480222088703,132746.6484917534,806.2472873263839,133552.8957790798,1734,7,763.4047619047619,39,3,12,33.43620489234812,0.6423611111111112,42.369791666666664,1030.520833333333,26.423611111111104,0
1738,4,0,0,42,0.0,0.0,1.0,42,600,300,300,0.5,9,3,6,347.38232204355154,0.7821089818041037,0.1636113877702241,0.21183258418145595,132854.01611328125,830.2273220486103,133684.24343532987,1735,8,764.4047619047619,39,3,12,33.31238843420564,0.6434294871794872,42.265625,1030.9375,26.434294871794872,0
1739,4,0,2,40,0.0,0.047619047619047616,0.9523809523809523,42,950,800,150,0.8421052631578947,11,8,3,344.4137136947865,0.7814798683701123,0.16512284850873726,0.2105488172635359,132947.67086390383,757.8002098618624,133705.4710737657,1736,9,765.4047619047619,40,2,12,33.294943174352916,0.6427083333333332,42.174796747967484,1031.3008130081307,25.78252032520327,0
1740,4,1,0,41,0.024390243902439025,0.0,1.0,41,700,200,500,0.2857142857142857,12,2,10,370.1500429638444,0.782469512195122,0.21177870315288483,0.21680216802168012,131328.12499999988,1542.4699666203842,132870.59496662027,1737,0,778.4634146341464,37,4,18,34.264905149051486,0.6317567567567568,43.74999999999999,1024.999999999999,27.702702702702677,5
1741,4,0,0,41,0.0,0.0,1.0,41,1250,900,350,0.72,16,9,7,370.09873334626445,0.7829268292682927,0.20629114468589882,0.21789009757421657,131524.88175448202,1535.4384281701916,133060.3201826522,1738,1,779.4634146341464,37,4,19,34.067232317833586,0.6337274774774775,43.55811403508771,1025.7675438596482,27.723447131341842,0
1742,4,0,0,41,0.0,0.0,1.0,41,1550,1000,550,0.6451612903225806,21,10,11,370.9721309080288,0.7815040650406504,0.20752553679383,0.21921080462747125,131665.51246537376,1568.8471452754507,133234.3596106492,1739,2,780.4634146341464,37,4,16,33.90268874643875,0.6351351351351353,43.42105263157894,1026.3157894736826,27.738264580369798,0
1743,4,0,0,41,0.0,0.0,1.0,41,550,300,250,0.5454545454545454,8,3,5,370.2701028913199,0.7821138211382114,0.20437575877574665,0.21911938705869347,131721.7857898581,1554.527835487812,133276.31362534594,1740,3,781.4634146341464,37,4,16,33.86384675639109,0.6356981981981983,43.366228070175424,1026.535087719296,27.74419155998097,0
1744,4,0,0,41,0.0,0.0,1.0,41,1050,800,250,0.7619047619047619,13,8,5,371.8180284633967,0.7815040650406504,0.2032355414832041,0.22085094943669184,131862.5217013886,1605.7725694444098,133468.29427083302,1741,4,782.4634146341464,37,4,17,33.68196416497632,0.637105855855856,43.22916666666665,1027.083333333331,27.759009009008945,0
1745,4,0,0,41,0.0,0.0,1.0,41,1650,1300,350,0.7878787878787878,20,13,7,377.7829017336425,0.7808943089430894,0.21120343071562586,0.22539523475171402,132031.50398439888,1775.8489390966238,133807.3529234955,1742,5,783.4634146341464,37,4,18,33.35811639816494,0.638795045045045,43.06469298245613,1027.741228070174,27.77678994784254,0
1746,4,0,0,41,0.0,0.0,1.0,41,850,600,250,0.7058823529411765,11,6,5,378.17581596757094,0.7817581300813008,0.20391450928161148,0.22613370220101686,132116.03570329322,1792.6179208987242,133908.65362419194,1743,6,784.4634146341464,37,4,19,33.262674203640486,0.6396396396396398,42.98245614035087,1028.0701754385957,27.785680417259343,0
1747,4,0,0,41,0.0,0.0,1.0,41,850,600,250,0.7058823529411765,11,6,5,383.71711348830013,0.7827235772357723,0.21383327266108476,0.23013213072380143,132228.78674207444,1947.6896737457616,134176.47641582022,1744,7,785.4634146341464,37,4,19,33.006396588486126,0.6407657657657657,42.872807017543856,1028.5087719298242,27.797534376481735,0
1748,4,0,0,41,0.0,0.0,1.0,41,1200,800,400,0.6666666666666666,16,8,8,382.9353266419804,0.78125,0.214056038034536,0.2301782299732031,132313.38158135195,1933.493598991997,134246.87518034395,1745,8,786.4634146341464,37,4,19,32.941112472911996,0.6416103603603605,42.790570175438596,1028.8377192982455,27.806424845898526,0
1749,4,0,0,41,0.0,0.0,1.0,41,1450,800,650,0.5517241379310345,21,8,13,381.74770865266237,0.7803861788617886,0.2148480236910295,0.230525856650742,132487.35592689033,1915.4030132936075,134402.75894018394,1746,9,787.4634146341464,35,6,19,32.79616357504216,0.6473214285714286,42.62152777777777,1029.513888888888,29.414682539682513,0
1750,4,0,1,40,0.0,0.024390243902439025,0.975609756097561,41,1600,1300,300,0.8125,19,13,6,383.4162353238228,0.7783028455284553,0.21362565086325014,0.23245262223310786,132636.34366426614,1970.985510973943,134607.32917524007,1747,10,788.4634146341464,35,6,16,32.60299625468165,0.6488095238095237,42.476851851851855,1030.0925925925928,29.431216931216937,0
1751,4,0,0,40,0.0,0.0,1.0,40,1500,1400,100,0.9333333333333333,16,14,2,386.15493696170944,0.775400641025641,0.24085626052779396,0.23504509320875056,132785.41512613592,2255.1487214934814,135040.5638476294,1748,11,807.2,35,5,16,32.382205689687446,0.6502976190476191,42.332175925925924,1030.6712962962958,29.44775132275131,0
1752,4,0,0,40,0.0,0.0,1.0,40,750,400,350,0.5333333333333333,11,4,7,384.8684035875859,0.7756944444444445,0.24249317312943752,0.2347415213087507,132861.9978720274,2226.87700369288,135088.87487572027,1749,12,808.2,36,4,16,32.33820316766794,0.6490162037037037,42.25788288288288,1030.9684684684682,28.63801301301301,0
1753,4,0,0,40,0.0,0.0,1.0,40,1250,800,450,0.64,17,8,9,386.2617742968691,0.7739049145299145,0.24286767114313834,0.23632408756078951,132978.12328798373,2272.873168776864,135250.9964567606,1750,13,809.2,36,4,16,32.185327728645774,0.6501736111111112,42.14527027027026,1031.4189189189174,28.65052552552548,0
1754,4,0,0,40,0.0,0.0,1.0,40,850,700,150,0.8235294117647058,10,7,3,386.26075017638885,0.7733974358974359,0.24306222707423575,0.23650725077645182,133007.16256797328,2275.089278467646,135282.25184644092,1751,14,810.2,36,4,17,32.156113537117896,0.650462962962963,42.11711711711711,1031.5315315315308,28.653653653653635,0
1755,4,0,0,40,0.0,0.0,1.0,40,700,600,100,0.8571428571428571,8,6,2,362.5564216341468,0.7735844017094017,0.18465808401959793,0.2122027915031343,131300.74929003217,1520.7859640952647,132821.53525412743,1752,15,811.2,38,2,16,34.48716946384516,0.6296600877192982,43.776709401709404,1024.8931623931626,26.97087269455691,8
1756,4,1,1,40,0.024390243902439025,0.024390243902439025,0.975609756097561,41,750,500,250,0.6666666666666666,10,5,5,357.55155635845455,0.7851117886178862,0.17803318221995523,0.21103896834554456,131621.90890842024,1212.323676215287,132834.23258463552,1753,0,792.390243902439,39,2,14,34.29104067268973,0.6311431623931624,43.46354166666667,1026.1458333333342,26.311431623931647,0
1757,4,0,0,40,0.0,0.0,1.0,40,1300,1000,300,0.7692307692307693,16,10,6,360.1951721420255,0.7728632478632479,0.17904082482816097,0.21218368361397097,131547.23340821092,1476.5356764555418,133023.76908466645,1754,17,813.2,38,2,18,34.29862702214816,0.6321271929824561,43.53632478632478,1025.8547008547002,26.996176338281586,0
1758,4,0,0,40,0.0,0.0,1.0,40,1050,700,350,0.6666666666666666,14,7,7,361.6597786937329,0.7743589743589744,0.1799391069012184,0.21381326116373472,131684.26890432084,1524.980709876529,133209.24961419735,1755,18,814.2,38,2,14,34.122688317546235,0.6334978070175439,43.40277777777777,1026.3888888888878,27.010233918128627,0
1759,4,0,0,40,0.0,0.0,1.0,40,850,500,350,0.5882352941176471,12,5,7,362.0522790792159,0.7732371794871795,0.18419450515142088,0.21435368759532844,131739.1030777447,1539.2885026298256,133278.3915803745,1756,19,815.2,38,2,14,34.057264023311475,0.634046052631579,43.349358974358964,1026.6025641025624,27.01585695006743,0
1760,4,0,0,40,0.0,0.0,1.0,40,950,800,150,0.8421052631578947,11,8,3,361.2583989114732,0.774198717948718,0.1832709113607991,0.21434665002080722,131821.37573964478,1524.3158284023464,133345.69156804713,1757,20,816.2,38,2,15,33.99461610486891,0.6348684210526316,43.26923076923076,1026.9230769230755,27.02429149797567,0
1761,4,0,0,40,0.0,0.0,1.0,40,600,500,100,0.8333333333333334,7,5,2,363.8678494354741,0.7747061965811965,0.18488662367380915,0.216206767890769,131876.2384487542,1597.1046551975744,133473.34310395177,1758,21,817.2,38,2,15,33.872260938908525,0.6354166666666667,43.21581196581195,1027.13675213675,27.02991452991447,0
1762,4,0,0,40,0.0,0.0,1.0,40,800,600,200,0.75,10,6,4,363.1506851448366,0.7748130341880342,0.18690723793677244,0.2160926354178678,131931.11257213802,1582.1747844984793,133513.28735663652,1759,22,818.2,38,2,15,33.83531787298945,0.6359649122807018,43.16239316239315,1027.3504273504257,27.035537561853307,0
1763,4,3,1,42,0.06976744186046512,0.023255813953488372,0.9767441860465116,43,550,400,150,0.7272727272727273,7,4,3,347.8701385696551,0.7952657807308969,0.2031868294644179,0.21122059794919937,132692.98095703125,633.634497175538,133326.6154542068,1760,0,762.046511627907,39,4,15,33.46150119637382,0.6418269230769231,42.421875,1030.3125,26.41826923076923,0
1764,4,0,1,41,0.0,0.023809523809523808,0.9761904761904762,42,900,700,200,0.7777777777777778,11,7,4,352.28227413787846,0.786851529229578,0.20517967635047385,0.21378590116498197,132673.03040990946,947.671373913365,133620.70178382282,1761,1,781.1904761904761,38,4,15,33.36790072245843,0.6433662280701754,42.44123931623932,1030.2350427350432,27.111448493027453,0
1765,4,0,0,41,0.0,0.0,1.0,41,1150,900,250,0.782608695652174,14,9,5,352.2027587987567,0.7788109756097561,0.22377179738612973,0.2147477521547282,132849.7770948753,1158.0115997229861,134007.78869459828,1762,2,800.219512195122,37,4,17,33.19240587109126,0.6469594594594594,42.26973684210526,1030.9210526315785,27.862731152204823,0
1766,4,0,1,40,0.0,0.024390243902439025,0.975609756097561,41,1400,1100,300,0.7857142857142857,17,11,6,350.19475290830644,0.7791158536585366,0.22436950830719793,0.2148195974489675,133075.95245652506,1120.50005771006,134196.45251423513,1763,3,801.219512195122,37,4,18,33.017180304640455,0.6492117117117117,42.050438596491226,1031.7982456140348,27.88643907064959,0
1767,4,1,1,40,0.024390243902439025,0.024390243902439025,0.975609756097561,41,1100,600,500,0.5454545454545454,16,6,10,343.3585914477467,0.7875,0.21705172043960497,0.21177796977297209,133279.0941289539,952.5044059098516,134231.59853486376,1764,0,794.0243902439024,38,3,18,32.98995516468356,0.6493969298245614,41.85363247863248,1032.58547008547,27.173301844354473,0
1768,4,0,0,40,0.0,0.0,1.0,40,1150,700,450,0.6086956521739131,16,7,9,353.5353803255903,0.7809294871794872,0.2262110910443007,0.21736306564368266,133160.81781173052,1415.4120739073583,134576.22988563788,1765,5,814.875,37,3,18,32.84586476150007,0.6500563063063063,41.968201754385966,1032.127192982456,27.89532954006638,0
1769,4,0,0,40,0.0,0.0,1.0,40,700,600,100,0.8571428571428571,8,6,2,351.5807436356275,0.7800480769230769,0.22197323704333072,0.2166547305021641,133245.71021852872,1369.3251769775256,134615.03539550625,1766,6,815.875,37,3,18,32.811172472387426,0.6509009009009008,41.8859649122807,1032.4561403508767,27.904220009483154,0
1770,4,0,0,40,0.0,0.0,1.0,40,1100,700,400,0.6363636363636364,15,7,8,351.4589277906248,0.7798344017094017,0.2250000000000001,0.21724036087845708,133358.94217451525,1374.0381655894148,134732.98034010467,1767,7,816.875,37,3,18,32.70081387119603,0.652027027027027,41.776315789473685,1032.8947368421054,27.916073968705554,0
1771,4,0,1,39,0.0,0.025,0.975,40,800,600,200,0.75,10,6,4,350.54630593132174,0.7808493589743589,0.22500000000000053,0.2173387096774194,133472.22222222213,1357.6388888888848,134829.861111111,1768,8,817.875,37,3,19,32.6108870967742,0.6531531531531531,41.666666666666664,1033.3333333333328,27.927927927927914,0
1772,4,0,0,39,0.0,0.0,1.0,39,1100,900,200,0.8181818181818182,13,9,4,353.81917240679127,0.7773279352226721,0.23304334221745449,0.21971260922527272,133530.41174620567,1649.1239550361174,135179.53570124178,1769,9,832.974358974359,36,3,19,32.468039514781736,0.6556712962962963,41.61036036036036,1033.5585585585586,28.70995995995996,0
1773,4,1,0,40,0.025,0.0,1.0,40,450,400,50,0.8888888888888888,5,4,1,357.9141032458837,0.7830128205128205,0.23370684108942674,0.20629832675346796,130710.70545744846,1360.5247258469803,132071.23018329544,1770,0,813.125,37,3,15,35.203106011866446,0.6255630630630631,44.353070175438596,1022.5877192982458,27.637505926979617,6
1774,4,1,0,41,0.024390243902439025,0.0,1.0,41,800,400,400,0.5,12,4,8,346.3352951918955,0.7889227642276423,0.2216685815245576,0.20130867039864841,131034.66932508699,876.3861762152965,131911.0555013023,1771,0,794.2682926829268,39,2,17,35.171537457184535,0.6252670940170939,44.03645833333334,1023.8541666666681,26.252670940170976,0
1775,4,1,1,41,0.023809523809523808,0.023809523809523808,0.9761904761904762,42,1250,600,650,0.48,19,6,13,339.97338930444704,0.7937717770034843,0.21360577944613635,0.19899196930559201,131302.08462431433,527.8429464934992,131829.92757080783,1772,0,776.3333333333334,40,2,17,35.06445215666833,0.6263020833333333,43.775406504065046,1024.8983739837406,25.622459349593516,0
1776,4,0,0,41,0.0,0.0,1.0,41,1000,700,300,0.7,13,7,6,345.8499184775271,0.7873475609756098,0.21752120540418574,0.20214650315290758,131248.05908203125,878.4261067708328,132126.4851888021,1773,2,796.2682926829268,39,2,17,34.96842279150148,0.6274038461538461,43.828125,1024.6875,26.27403846153846,0
1777,4,0,0,41,0.0,0.0,1.0,41,1100,1000,100,0.9090909090909091,12,10,2,343.3110420449564,0.786280487804878,0.20959591347972473,0.20122977630584915,131356.22409058537,819.2572624509187,132175.48135303627,1774,3,797.2682926829268,37,4,18,34.92430117303098,0.6320382882882885,43.72258771929823,1025.1096491228054,27.705666192508254,0
1778,4,0,0,41,0.0,0.0,1.0,41,850,600,250,0.7058823529411765,11,6,5,339.6462788468166,0.7860264227642276,0.20749241457824086,0.19950581299704667,131437.65637555686,728.4621776608778,132166.11855321773,1775,4,798.2682926829268,38,3,18,34.93609779815238,0.631030701754386,43.643162393162385,1025.427350427349,26.984930274403922,0
1779,4,0,0,41,0.0,0.0,1.0,41,850,700,150,0.8235294117647058,10,7,3,343.83593750000017,0.7847052845528455,0.21367378048780505,0.20225643382352937,131492.43918474676,842.3652202498241,132334.8044049966,1776,5,799.2682926829268,38,3,18,34.7734375,0.631578947368421,43.589743589743584,1025.6410256410247,26.990553306342758,0
1780,4,0,0,41,0.0,0.0,1.0,41,1000,500,500,0.5,15,5,10,344.3580216421099,0.7845528455284553,0.21390868772257798,0.2028543388838981,131547.23340821094,859.8690097888756,132407.10241799982,1777,6,800.2682926829268,38,3,18,34.70479240436019,0.6321271929824561,43.53632478632478,1025.8547008547005,26.99617633828159,0
1781,4,0,0,41,0.0,0.0,1.0,41,1300,900,400,0.6923076923076923,17,9,8,351.8390160488984,0.7851117886178862,0.22552028205264896,0.20830690728366358,131739.1030777447,1070.1912804076037,132809.29435815228,1778,7,801.2682926829268,38,3,13,34.31938807368092,0.634046052631579,43.349358974358964,1026.6025641025624,27.01585695006743,0
1782,4,0,0,41,0.0,0.0,1.0,41,1300,1100,200,0.8461538461538461,15,11,4,346.82709854604036,0.7837398373983739,0.2175466716713541,0.20652855769147194,131958.55391418294,953.3604764774649,132911.91439066041,1779,8,802.2682926829268,38,3,14,34.22693320855429,0.6362390350877192,43.13568376068376,1027.4572649572651,27.038349077822765,0
1783,4,1,1,41,0.023809523809523808,0.023809523809523808,0.9761904761904762,42,1150,900,250,0.782608695652174,14,9,5,335.4944154097245,0.7887388695315525,0.21427159936200568,0.20127676220283483,132241.16478493297,473.2344545244341,132714.39923945742,1780,0,784.1428571428571,40,2,14,34.23389487204824,0.6356770833333333,42.86077235772358,1028.5569105691063,25.713922764227657,0
1784,4,1,1,41,0.023809523809523808,0.023809523809523808,0.9761904761904762,42,1300,900,400,0.6923076923076923,17,9,8,334.11895754418657,0.7906020131629887,0.21437976731281116,0.20114676362024003,132371.85723610298,445.58938958293595,132817.44662568593,1781,0,785.1190476190476,40,2,15,34.137986371716366,0.6369791666666667,42.73373983739838,1029.0650406504076,25.72662601626019,0
1785,4,0,0,41,0.0,0.0,1.0,41,1000,700,300,0.7,13,7,6,338.97869173029324,0.7842987804878049,0.22276439226880873,0.20377921717712177,132317.61203342027,770.570203993075,133088.18223741333,1782,1,805.0243902439024,39,2,15,34.067467348385144,0.6380876068376068,42.78645833333334,1028.8541666666679,26.3808760683761,0
1786,4,0,0,41,0.0,0.0,1.0,41,1000,800,200,0.8,12,8,4,339.3813654398225,0.7823170731707317,0.2282866548703837,0.20460969026227474,132426.21678064423,788.6468823340086,133214.86366297823,1783,2,806.0243902439024,37,4,15,33.947991015944034,0.6427364864864864,42.68092105263159,1029.2763157894751,27.81827880512095,0
1787,4,0,0,41,0.0,0.0,1.0,41,1250,1000,250,0.8,15,10,5,343.6837729848782,0.7831808943089431,0.23179822852541565,0.20766992460283198,132510.87474030486,908.3674784549216,133419.24221875978,1784,3,807.0243902439024,37,4,15,33.752218672346466,0.643581081081081,42.59868421052632,1029.605263157896,27.827169274537727,0
1788,4,0,0,41,0.0,0.0,1.0,41,950,700,250,0.7368421052631579,12,7,5,343.3184006215499,0.7832825203252033,0.22267749985069307,0.20791681089866018,132595.55975155823,904.4991006848297,133500.05885224306,1785,4,808.0243902439024,37,4,16,33.67656322083821,0.6444256756756757,42.516447368421055,1029.9342105263163,27.836059743954493,0
1789,4,0,0,41,0.0,0.0,1.0,41,1050,900,150,0.8571428571428571,12,9,3,341.91883400371,0.7817073170731708,0.22337366764025313,0.20780133295310577,132728.07004026978,876.4453895463765,133604.51542981615,1786,5,809.0243902439024,38,3,14,33.57957490927944,0.6439144736842104,42.387820512820525,1030.4487179487198,27.11707152496631,0
1790,4,0,0,41,0.0,0.0,1.0,41,1000,800,200,0.8,12,8,4,343.6591831037044,0.7795223577235773,0.22344284381801205,0.20947362335866362,132838.18354381263,930.212328329324,133768.39587214196,1787,6,810.0243902439024,38,3,14,33.42423221750095,0.6450109649122806,42.28098290598291,1030.876068376069,27.128317588843924,0
1791,4,1,0,42,0.023809523809523808,0.0,1.0,42,1000,700,300,0.7,13,7,6,323.01185341559534,0.7843834688346883,0.1383924048800962,0.19335658005247683,132156.90239800356,230.58992500536928,132387.49232300892,1788,0,791.7142857142857,39,3,16,34.63945311180899,0.6364850427350428,42.942708333333336,1028.2291666666672,26.36485042735044,6
1792,4,0,0,42,0.0,0.0,1.0,42,1350,1100,250,0.8148148148148148,16,11,5,322.577708856292,0.7833672086720868,0.14175549737967508,0.1939196610087398,132317.61203342004,136.54242621526825,132454.15445963532,1789,1,792.7142857142857,39,3,17,34.48932283756877,0.6380876068376069,42.78645833333333,1028.8541666666658,26.380876068376047,0
1793,4,1,0,43,0.023255813953488372,0.0,1.0,43,1000,900,100,0.9,11,9,2,318.8720936626385,0.7909283868586194,0.17083837522848144,0.1778755584314209,129433.96297053696,-321.72090529258617,129112.24206524437,1790,0,775.2558139534884,40,3,12,37.492717800193084,0.6075520833333332,45.60467479674798,1017.5813008130101,25.43953252032525,7
1794,4,0,0,43,0.0,0.0,1.0,43,950,800,150,0.8421052631578947,11,8,3,316.95832195643504,0.7895902547065338,0.16590199866260513,0.17715706209350773,129511.5341397318,-390.04829301339896,129121.4858467184,1791,1,776.2558139534884,40,3,12,37.462767904685855,0.6083333333333333,45.528455284552855,1017.8861788617899,25.447154471544746,0
1795,4,1,1,43,0.022727272727272728,0.022727272727272728,0.9772727272727273,44,1400,1000,400,0.7142857142857143,18,10,8,309.0244552187118,0.7982734319943623,0.1630856005308563,0.17436717613246913,129883.08930342968,-772.589817176874,129110.4994862528,1792,0,759.5909090909091,41,3,13,37.28862530413625,0.6105182926829269,45.163690476190474,1019.3452380952378,24.86207897793263,0
1796,4,1,0,44,0.022727272727272728,0.0,1.0,44,1300,1200,100,0.9230769230769231,14,12,2,310.76548308421326,0.7949039816772375,0.17230850188822733,0.17580398462425043,129984.23450688159,-721.0773140274481,129263.15719285414,1793,0,760.5681818181819,41,3,14,37.14196825242406,0.6115345528455283,45.064484126984134,1019.7420634920645,24.871757646147916,0
1797,4,2,2,44,0.043478260869565216,0.043478260869565216,0.9565217391304348,46,950,600,350,0.631578947368421,13,6,7,301.492590211193,0.8053140096618358,0.17772218624583913,0.17243805715768773,130411.00599610906,-1336.1118845705155,129074.89411153854,1794,0,728.4565217391304,42,4,15,36.9475935237011,0.6143353174603174,44.64631782945737,1021.4147286821709,24.31939830195645,0
1798,4,1,1,44,0.022222222222222223,0.022222222222222223,0.9777777777777777,45,750,500,250,0.6666666666666666,10,5,5,321.7083964323078,0.8007575757575758,0.08924541837866085,0.17548042840613956,128546.63190507704,-725.8802940030804,127820.75161107395,1795,0,745.3333333333334,41,4,17,38.322164612274214,0.5970528455284552,46.478174603174615,1014.0873015873032,24.733836624080563,7
1799,4,1,1,44,0.022222222222222223,0.022222222222222223,0.9777777777777777,45,800,500,300,0.625,11,5,6,319.4341872713915,0.7996632996632997,0.10316358778874646,0.17523491528008636,128773.09032698743,-773.0945097946467,127999.99581719277,1796,0,746.2666666666667,41,4,18,38.1494762649464,0.5993394308943089,46.25496031746032,1014.9801587301599,24.755613627564877,0
1800,4,2,2,44,0.043478260869565216,0.043478260869565216,0.9565217391304348,46,1100,700,400,0.6363636363636364,15,7,8,315.5972309125359,0.8079307568438003,0.09757214936919834,0.1744685377216534,129078.27546609285,-1052.6507383871096,128025.62472770574,1797,0,731.0,42,4,19,37.93685038619243,0.6009424603174602,45.95445736434109,1016.1821705426362,24.19481358434848,0
1801,4,1,0,45,0.022222222222222223,0.0,1.0,45,850,500,350,0.5882352941176471,12,5,7,335.7360052845617,0.8051767676767677,0.15079398004102385,0.1723730864192621,126096.14257812488,-527.4712647320766,125568.67131339281,1798,0,748.2222222222222,39,6,19,40.476128742307964,0.575320512820513,48.90624999999999,1004.3749999999991,25.753205128205106,5
1802,4,3,2,46,0.0625,0.041666666666666664,0.9583333333333334,48,1150,1000,150,0.8695652173913043,13,10,3,320.6382393796651,0.8303413120567376,0.18178466076696198,0.1676737996273136,126847.8644612702,-1465.5448140135964,125382.3196472566,1799,0,702.3958333333334,42,6,17,40.083926510196214,0.5783730158730158,48.15891472868216,1007.3643410852701,23.984865263935003,0
1803,4,7,4,49,0.1320754716981132,0.07547169811320754,0.9245283018867925,53,1400,1100,300,0.7857142857142857,17,11,6,295.6731197210021,0.8571601354620222,0.20197746211303524,0.15873360358486224,127910.2634173525,-3035.3704647286468,124874.89295262385,1800,0,637.0,44,9,18,39.62909992372236,0.5864109848484849,47.10648148148148,1011.5740740740737,22.990319865319858,0
1804,4,1,1,49,0.02,0.02,0.98,50,1400,1000,400,0.7142857142857143,18,10,8,318.38824254430784,0.8403401360544217,0.2085147737312263,0.16990157290722172,127667.85483001066,-1870.4112142542203,125797.44361575645,1801,0,676.2,41,9,18,39.30203118353457,0.588160569105691,47.34623015873016,1010.6150793650789,24.649148277197046,0
1805,4,1,0,50,0.02,0.0,1.0,50,900,400,500,0.4444444444444444,14,4,10,321.70832329828755,0.8423979591836734,0.21889985625299424,0.17224352763558914,127801.3746638574,-1777.0468083348344,126024.32785552256,1802,0,677.18,42,8,19,39.081816003833225,0.5880456349206349,47.21414728682171,1011.1434108527136,24.0748431155408,0
1806,4,2,1,51,0.038461538461538464,0.019230769230769232,0.9807692307692307,52,1650,1200,450,0.7272727272727273,21,12,9,315.8810549819344,0.8531454248366013,0.22648547477197178,0.1713273082597186,128320.37278163605,-2291.8248034264234,126028.54797820962,1803,0,652.0961538461538,41,11,20,38.70016563856522,0.5947662601626015,46.7013888888889,1013.1944444444465,24.712059620596257,0
1807,4,0,2,49,0.0,0.0392156862745098,0.9607843137254902,51,1100,700,400,0.6363636363636364,15,7,8,305.4483827473523,0.8485947712418301,0.15269000540842748,0.16523876851203512,128216.45184981928,-2364.2843463836593,125852.16750343562,1804,1,665.8823529411765,43,8,13,39.070145706716495,0.590843023255814,46.80397727272727,1012.7840909090914,23.553118393234683,6
1808,4,2,2,49,0.0392156862745098,0.0392156862745098,0.9607843137254902,51,1550,900,650,0.5806451612903226,22,9,13,306.19028947733915,0.8516993464052288,0.17102315160567616,0.16734236637149247,128624.3830348942,-2323.2925849403323,126301.09044995387,1805,0,666.5686274509804,43,8,13,38.63657580283794,0.5949612403100776,46.40151515151514,1014.3939393939377,23.590556730091574,0
1809,4,0,0,49,0.0,0.0,1.0,49,1750,1300,450,0.7428571428571429,22,13,9,320.12014658102055,0.8385062358276644,0.16917031504431712,0.1745730762881904,128537.27357317746,-1570.525828525954,126966.74774465151,1806,1,694.6326530612245,42,7,13,38.37195413282371,0.5954861111111112,46.48740310077518,1014.0503875968973,24.144056847545173,0
1810,4,0,0,49,0.0,0.0,1.0,49,1600,1200,400,0.75,20,12,8,318.8769785285157,0.8367346938775511,0.17462136935386185,0.1749090816718849,128768.51343692609,-1587.7371011248895,127180.7763358012,1807,2,695.6326530612245,43,6,16,38.16826833364433,0.5964147286821706,46.259469696969695,1014.9621212121212,23.603770260747005,0
1811,4,1,1,49,0.02,0.02,0.98,50,1300,800,500,0.6153846153846154,18,8,10,312.04722062019164,0.8402380952380952,0.17901558654634986,0.17212016377195155,128989.67013888866,-1949.8263888889092,127039.84374999975,1808,0,682.7,44,6,16,38.1169674596664,0.5973011363636365,46.04166666666666,1015.8333333333314,23.08712121212117,0
1812,4,0,1,48,0.0,0.02040816326530612,0.9795918367346939,49,1250,1000,250,0.8,15,10,5,318.81130834977,0.8361678004535148,0.17963369963369957,0.17561639866724602,128936.76757812485,-1578.7000868055704,127358.06749131928,1809,4,697.6326530612245,43,6,16,37.99893162393162,0.5981104651162792,46.09374999999999,1015.6249999999989,23.6191860465116,0
1813,4,0,0,48,0.0,0.0,1.0,48,1450,1200,250,0.8275862068965517,17,12,5,327.7589765710585,0.8282542848699763,0.1838220090975604,0.18029324490751275,128881.41605259589,-1151.5917951144875,127729.8242574814,1810,5,712.9583333333334,42,6,16,37.82803702643382,0.5989583333333334,46.14825581395348,1015.4069767441852,24.176356589147264,0
1814,4,1,0,49,0.02040816326530612,0.0,1.0,49,1400,900,500,0.6428571428571429,19,9,10,325.11799035739085,0.8328727324263039,0.19271899161537398,0.1807543187171352,129302.2683610482,-1391.5078630103894,127910.76049803781,1811,0,699.3877551020408,41,8,17,37.46748601898817,0.6046747967479674,45.73412698412699,1017.0634920634927,24.806426635694944,0
1815,4,0,0,49,0.0,0.0,1.0,49,1300,900,400,0.6923076923076923,17,9,8,326.15872054421135,0.8329790249433107,0.19594622832067965,0.18168156866816337,129377.95380015431,-1360.4504243827164,128017.5033757716,1812,1,700.3877551020408,41,8,18,37.36419226393628,0.6054369918699187,45.65972222222222,1017.3611111111111,24.813685636856366,0
1816,4,2,1,50,0.0392156862745098,0.0196078431372549,0.9803921568627451,51,1550,1000,550,0.6451612903225806,21,10,11,319.72557329892595,0.8422875816993465,0.21266085626075837,0.18048483463885343,129900.32717982367,-1893.508684142573,128006.81849568109,1813,0,673.8823529411765,43,8,14,36.998471125561224,0.6078003875968994,45.1467803030303,1019.4128787878777,23.707276250880877,0
1817,4,1,1,50,0.0196078431372549,0.0196078431372549,0.9803921568627451,51,1700,1400,300,0.8235294117647058,20,14,6,323.08620616002395,0.8433006535947714,0.2163270536972961,0.18308218349068023,130050.0,-1796.5277777777783,128253.47222222222,1814,0,674.8627450980392,44,7,16,36.76130174291939,0.6079545454545455,45.0,1020.0,23.181818181818183,0
1818,4,1,0,51,0.0196078431372549,0.0,1.0,51,900,800,100,0.8888888888888888,10,8,2,322.7984690345556,0.8432352941176472,0.2183816635264939,0.18347405504021833,130168.08234739353,-1796.3884602194944,128371.69388717404,1815,0,675.5294117647059,44,7,17,36.6491622054865,0.6091382575757576,44.88425925925925,1020.4629629629617,23.192340067340037,0
1819,4,1,2,50,0.019230769230769232,0.038461538461538464,0.9615384615384616,52,1550,1200,350,0.7741935483870968,19,12,7,319.3128071896545,0.8468765711412769,0.22212101363245584,0.18236740568673573,130355.07000236286,-2075.1913332283225,128279.87866913453,1816,0,663.5192307692307,45,7,17,36.54906569688369,0.6097222222222223,44.701086956521735,1021.1956521739124,22.693236714975832,0
1820,4,2,1,51,0.038461538461538464,0.019230769230769232,0.9807692307692307,52,1050,600,450,0.5714285714285714,15,6,9,319.14043511920033,0.8526269482151834,0.22030297243100927,0.18270384910022025,130447.58601790576,-2073.7801275992565,128373.80589030651,1817,0,664.0769230769231,45,7,19,36.459995862150485,0.6106481481481483,44.610507246376805,1021.5579710144917,22.701288244766484,0
1821,4,1,2,50,0.019230769230769232,0.038461538461538464,0.9615384615384616,52,1400,1100,300,0.7857142857142857,17,11,6,326.95853364549214,0.8495632227249873,0.23197040843448224,0.18818872867193612,130655.86704637931,-1856.1898596670974,128799.67718671222,1818,0,665.0576923076923,45,7,12,36.049861935560074,0.6127314814814815,44.40670289855072,1022.3731884057961,22.71940418679547,0
1822,4,0,1,49,0.0,0.02,0.98,50,1250,1100,150,0.88,14,11,3,332.5322725429652,0.8410714285714286,0.2325715320536037,0.19167465646996373,130711.95130315491,-1306.8115569273061,129405.1397462276,1819,1,690.1,44,6,13,35.85072588434142,0.6145833333333335,44.35185185185185,1022.5925925925918,23.240740740740723,0
1823,4,0,1,48,0.0,0.02040816326530612,0.9795918367346939,49,1350,1000,350,0.7407407407407407,17,10,7,336.8596835903187,0.8382582199546486,0.23233298504106803,0.19446400013142875,130770.59771184863,-989.7315663739606,129780.86614547468,1820,2,704.5510204081633,43,6,14,35.680820448723885,0.6165213178294573,44.29450757575758,1022.8219696969699,23.786557434813254,0
1824,4,0,0,48,0.0,0.0,1.0,48,1300,1100,200,0.8461538461538461,15,11,4,347.7951431236669,0.8324283392434988,0.2377486972998586,0.20070955361784024,130757.64607182545,-504.62515398715124,130253.02091783831,1821,3,720.125,42,6,14,35.41429812095374,0.6178075396825398,44.30717054263565,1022.771317829456,24.35169804355848,0
1825,4,0,1,47,0.0,0.020833333333333332,0.9791666666666666,48,1350,1100,250,0.8148148148148148,16,11,5,347.2382142074672,0.8306922281323876,0.24003811914006956,0.20090346870228226,130856.77059859705,-512.3057320773801,130344.46486651967,1822,4,721.125,42,6,14,35.328274457808504,0.618799603174603,44.210271317829466,1023.1589147286838,24.360926541159138,0
1826,4,1,1,47,0.020833333333333332,0.020833333333333332,0.9791666666666666,48,2100,1600,500,0.7619047619047619,26,16,10,356.06746909270805,0.8247266548463357,0.2616415192507806,0.207611098498567,131154.36952594502,-260.0391164893858,130894.33040945564,1823,0,721.9375,42,6,15,34.80138271371362,0.6217757936507936,43.91957364341086,1024.321705426357,24.388612033960882,0
1827,4,1,0,48,0.020833333333333332,0.0,1.0,48,800,300,500,0.375,13,3,10,352.56713313161885,0.8215314716312057,0.26097216969238524,0.20623617256637178,131278.46884201674,-343.10531969231903,130935.36352232442,1824,0,722.7083333333334,42,6,16,34.765625000000014,0.623015873015873,43.798449612403104,1024.8062015503879,24.400147655961614,0
1828,4,0,0,48,0.0,0.0,1.0,48,950,600,350,0.631578947368421,13,6,7,353.799136983915,0.8219008569739953,0.25945017182130603,0.2075073077845195,131380.213497257,-303.5399906620543,131076.67350659496,1825,1,723.7083333333334,40,8,16,34.63128634681469,0.6270833333333332,43.69918699186992,1025.2032520325208,25.63008130081302,0
1829,4,0,0,48,0.0,0.0,1.0,48,1150,800,350,0.6956521739130435,15,8,7,356.96890532798034,0.8220301418439716,0.2662541703828494,0.20979459660248417,131458.36560785596,-214.69022655163707,131243.67538130432,1826,2,724.7083333333334,40,8,16,34.471104614673145,0.6278645833333333,43.622967479674806,1025.5081300813022,25.637703252032555,0
1830,4,0,0,48,0.0,0.0,1.0,48,1300,1100,200,0.8461538461538461,15,11,4,358.4576934624508,0.8201278073286051,0.2680065861146881,0.21153403453479636,131614.73954202197,-164.33680762111368,131450.40273440085,1827,3,725.7083333333334,40,8,15,34.275032187778564,0.6294270833333333,43.47052845528456,1026.1178861788621,25.652947154471555,0
1831,4,0,1,47,0.0,0.020833333333333332,0.9791666666666666,48,1550,1200,350,0.7741935483870968,19,12,7,360.0959080212342,0.8207372931442081,0.27118402812159603,0.21279160767153008,131666.88484243854,-117.45870926695079,131549.4261331716,1828,4,726.7083333333334,40,8,16,34.18036439251412,0.6299479166666666,43.41971544715448,1026.3211382113834,25.658028455284587,0
1832,4,1,2,46,0.020833333333333332,0.041666666666666664,0.9583333333333334,48,1550,1300,250,0.8387096774193549,18,13,5,355.692161380478,0.8279772458628841,0.26119575253924276,0.21149037454316919,131901.6665014213,-216.72223048447847,131684.94427093683,1829,0,719.0416666666666,40,8,16,34.05656410763752,0.6322916666666666,43.19105691056912,1027.2357723577252,25.68089430894313,0
1833,4,1,1,46,0.02127659574468085,0.02127659574468085,0.9787234042553191,47,1750,1300,450,0.7428571428571429,22,13,9,360.7932439161238,0.8265880357693494,0.25749339959621076,0.21490728007177826,131969.53125000012,122.7430555555703,132092.27430555568,1830,0,733.8510638297872,39,8,16,33.857123546904575,0.6346153846153846,43.12500000000001,1027.500000000001,26.346153846153868,0
1834,4,0,0,46,0.0,0.0,1.0,46,950,600,350,0.631578947368421,13,6,7,367.15902442562515,0.8216183574879228,0.2602499977388051,0.2181623523379456,131876.23844875445,483.9102107531601,132360.1486595076,1831,7,750.804347826087,38,8,16,33.7877487691561,0.6354166666666666,43.215811965811966,1027.136752136752,27.029914529914524,0
1835,4,0,0,46,0.0,0.0,1.0,46,1250,900,350,0.72,16,9,7,367.87747910404687,0.8215982286634461,0.2634985148581994,0.21906363569929546,131958.55391418305,508.91603203303686,132467.4699462161,1832,8,751.804347826087,38,8,16,33.68622404769332,0.6362390350877192,43.13568376068377,1027.457264957266,27.03834907782279,0
1836,4,0,1,45,0.0,0.021739130434782608,0.9782608695652174,46,1200,900,300,0.75,15,9,6,365.7920681705165,0.8209943639291466,0.2596107341900318,0.2181372537961685,132013.44515897805,457.89422620352786,132471.33938518158,1833,9,752.804347826087,38,8,16,33.684417992168285,0.6367872807017543,43.08226495726496,1027.6709401709404,27.04397210976159,0
1837,4,0,0,45,0.0,0.0,1.0,45,1250,900,350,0.72,16,9,7,364.4792011207429,0.8176346801346802,0.26438047732862224,0.2179852922551219,132123.26189139098,631.2361887281822,132754.49808011917,1834,10,768.4,38,7,17,33.60741625965569,0.6378837719298245,42.97542735042735,1028.0982905982912,27.055218173639243,0
1838,4,0,0,45,0.0,0.0,1.0,45,1450,1100,350,0.7586206896551724,18,11,7,364.6363610501702,0.8183080808080808,0.26749774915160374,0.21855477032807838,132205.65440317048,641.3977463657011,132847.05214953618,1835,11,769.4,38,7,17,33.52032689244408,0.6387061403508771,42.89529914529915,1028.4188034188037,27.063652721547466,0
1839,4,0,0,45,0.0,0.0,1.0,45,900,600,300,0.6666666666666666,12,6,6,365.98434152310585,0.8172138047138048,0.27033689969183916,0.21952219662572842,132233.12428090078,679.0505834977008,132912.1748643985,1836,12,770.4,38,7,17,33.45798275682975,0.6389802631578947,42.868589743589745,1028.5256410256413,27.06646423751688,0
1840,4,0,0,45,0.0,0.0,1.0,45,1400,1100,300,0.7857142857142857,17,11,6,365.70072695113754,0.8165824915824916,0.2618493909191584,0.2201518376245847,132370.51647308053,681.5988202206111,133052.11529330115,1837,13,771.4,38,7,18,33.32684454595791,0.6403508771929824,42.73504273504273,1029.0598290598286,27.080521817363913,0
1841,4,1,0,46,0.021739130434782608,0.0,1.0,46,1400,1100,300,0.7857142857142857,17,11,6,306.9075966672382,0.8218800322061192,0.16909285083485592,0.18057903895067937,131501.99549493747,-1083.9089228353268,130418.08657210214,1838,0,755.6086956521739,42,4,18,35.71071484805541,0.6252480158730158,43.58042635658916,1025.6782945736454,24.420911775562985,8
1842,4,1,1,46,0.02127659574468085,0.02127659574468085,0.9787234042553191,47,1150,800,350,0.6956521739130435,15,8,7,299.71927772551436,0.8248920752389762,0.16344695371658502,0.17768486213109672,131789.58553037504,-1500.0241226182047,130289.56140775683,1839,0,740.5106382978723,43,4,15,35.60640121122689,0.6266957364341084,43.300189393939405,1026.7992424242445,23.879052149401037,0
1843,4,0,0,46,0.0,0.0,1.0,46,1500,1000,500,0.6666666666666666,20,10,10,306.48547228955056,0.8185386473429952,0.1623088179285186,0.1819285685265558,131838.2074025052,-1118.700947687088,130719.50645481813,1840,1,757.5869565217391,43,3,15,35.383913477793165,0.6271802325581395,43.252840909090914,1026.988636363637,23.883456659619466,0
1844,4,0,0,46,0.0,0.0,1.0,46,1150,700,450,0.6086956521739131,16,7,9,317.36724544232226,0.8186191626409018,0.20445114895023964,0.17911499045349963,129891.90853915045,-954.1266023365118,128937.78193681393,1841,2,758.5869565217391,42,4,15,37.06709442332066,0.609126984126984,45.15503875968993,1019.3798449612416,24.27094868955337,5
1845,4,0,0,46,0.0,0.0,1.0,46,1450,1200,250,0.8275862068965517,17,12,5,342.3533035761263,0.8181561996779388,0.2785998141693671,0.1853468428431967,128247.44824715781,-386.4423209251173,127861.0059262327,1842,3,759.5869565217391,40,6,17,38.10407678672952,0.5955729166666668,46.77337398373984,1012.906504065041,25.322662601626025,5
1846,4,2,1,47,0.041666666666666664,0.020833333333333332,0.9791666666666666,48,1150,900,250,0.782608695652174,14,9,5,332.463494992684,0.8270907210401891,0.28638374387371934,0.18231532180907692,128758.45520852103,-1038.5027943032344,127719.9524142178,1843,0,728.8958333333334,42,6,14,37.83376296862072,0.597718253968254,46.269379844961236,1014.9224806201543,24.16482096714653,0
1847,4,0,0,47,0.0,0.0,1.0,47,800,500,300,0.625,11,5,6,336.8721043287948,0.8290934320074005,0.291036045916502,0.18496185350882866,128807.6325040561,-721.6603569497186,128085.97214710638,1844,1,722.3617021276596,42,5,14,37.6718213058419,0.5982142857142858,46.22093023255813,1015.1162790697664,24.16943521594682,0
1848,4,1,0,48,0.020833333333333332,0.0,1.0,48,1050,900,150,0.8571428571428571,12,9,3,358.37618147448006,0.8372488179669031,0.32846014492753617,0.18905165536497814,127202.60080024638,-400.08454753351873,126802.51625271286,1845,0,708.2916666666666,37,11,15,38.769021739130444,0.5900900900900901,47.80701754385966,1008.7719298245627,27.264106211474665,4
1849,4,1,0,49,0.02040816326530612,0.0,1.0,49,1150,900,250,0.782608695652174,14,9,5,349.69940366545313,0.8401360544217688,0.32738061019176246,0.18608201672562147,127553.56021548038,-878.9192114481916,126674.6410040322,1846,0,694.8163265306123,40,9,16,38.62801810865191,0.5885416666666666,47.45934959349594,1010.1626016260177,25.254065040650442,0
1850,4,2,1,50,0.0392156862745098,0.0196078431372549,0.9803921568627451,51,850,500,350,0.5882352941176471,12,5,7,322.00596375614754,0.848888888888889,0.2807563834003286,0.16778545453492327,126701.48747821635,-1999.8653809525933,124701.62209726375,1847,0,668.5294117647059,42,9,12,40.199510747513635,0.5768849206349207,48.30426356589147,1006.7829457364332,23.971022517534124,8
1851,4,2,1,51,0.038461538461538464,0.019230769230769232,0.9807692307692307,52,1150,1000,150,0.8695652173913043,13,10,3,314.87145065175184,0.8554707139265962,0.28605195098856706,0.165269556981435,126998.66683813413,-2402.3491083676545,124596.31772976648,1848,0,656.6153846153846,44,8,14,40.07479025047461,0.5771780303030304,48.009259259259245,1007.9629629629605,22.908249158249102,0
1852,4,3,2,52,0.05555555555555555,0.037037037037037035,0.962962962962963,54,1200,900,300,0.75,15,9,6,306.60483822316934,0.8634550430934079,0.2945058960305593,0.16294775720630805,127503.35161336917,-2981.33680758139,124522.01480578778,1849,0,633.2407407407408,45,9,12,39.767563527653195,0.5810185185185185,47.5090579710145,1009.9637681159431,22.443639291465402,0
1853,4,4,5,51,0.07142857142857142,0.08928571428571429,0.9107142857142857,56,1100,700,400,0.6363636363636364,15,7,8,299.5484536251783,0.8726866883116883,0.29425226086317235,0.16122510952734645,128012.72922092001,-3530.796983506953,124481.93223741306,1850,0,611.4821428571429,47,9,13,39.42678847143593,0.5837765957446808,47.00520833333333,1011.9791666666656,21.53147163120565,0
1854,4,1,1,51,0.019230769230769232,0.019230769230769232,0.9807692307692307,52,1650,1000,650,0.6060606060606061,23,10,13,323.6641081667685,0.8571361236802413,0.30199930797344354,0.17260468257109376,127641.65200477793,-2137.395707788105,125504.25629698983,1851,0,658.8461538461538,43,9,14,39.195502608315365,0.5850290697674418,47.37215909090909,1010.511363636364,23.500264270613116,0
1855,4,2,0,53,0.03773584905660377,0.0,1.0,53,1400,900,500,0.6428571428571429,19,9,10,335.38554682156814,0.8570694242864054,0.2766450341513593,0.17761622985461534,127360.8493799204,-2044.5644326223828,125316.28494729802,1852,0,647.3018867924528,42,11,12,39.18674602412723,0.5835813492063491,47.65019379844963,1009.3992248062042,24.033314876338196,7
1856,4,3,2,54,0.05357142857142857,0.03571428571428571,0.9642857142857143,56,1350,900,450,0.6666666666666666,18,9,9,317.49610680225555,0.8645968614718614,0.28095984141194497,0.17066561660159774,127961.17297442789,-3074.5651517538136,124886.60782267406,1853,0,613.5714285714286,45,11,14,39.02529095792301,0.5856481481481481,47.056159420289866,1011.7753623188426,22.483896940418724,0
1857,4,2,1,55,0.03571428571428571,0.017857142857142856,0.9821428571428571,56,1700,1300,400,0.7647058823529411,21,13,8,320.13381762684276,0.8665313852813853,0.29514732387743847,0.17317624615244395,128214.85339506222,-2990.6866262922813,125224.16676876994,1854,0,614.4642857142857,44,12,16,38.6999451453648,0.5894886363636362,46.80555555555558,1012.7777777777817,23.017676767676857,0
1858,4,2,2,55,0.03508771929824561,0.03508771929824561,0.9649122807017544,57,1800,1100,700,0.6111111111111112,25,11,14,312.62319143048455,0.8745561821219715,0.28310044277579083,0.1705339383296767,128548.7724224765,-3362.534502162851,125186.23792031365,1855,0,604.578947368421,46,11,13,38.55031762683216,0.5903532608695651,46.47606382978724,1014.0957446808532,22.04555966697507,0
1859,4,1,0,56,0.017857142857142856,0.0,1.0,56,1700,1300,400,0.7647058823529411,21,13,8,327.7036849078305,0.8716044372294373,0.3051213118518239,0.1791094957190237,128626.47130493858,-2769.726275336062,125856.74502960252,1856,0,616.3392857142857,45,11,14,38.08887326249369,0.5923611111111111,46.39945652173913,1014.4021739130435,22.542270531400966,0
1860,4,0,4,52,0.0,0.07142857142857142,0.9285714285714286,56,2100,1500,600,0.7142857142857143,27,15,12,327.99166114305604,0.872064393939394,0.3118896925858943,0.18054514552588735,128908.63233897978,-2743.8087086916858,126164.8236302881,1857,1,617.3392857142857,46,10,16,37.79444929434017,0.5939764492753623,46.121453900709234,1015.514184397166,22.07639531298187,0
1861,4,1,0,53,0.018867924528301886,0.0,1.0,53,1150,700,450,0.6086956521739131,16,7,9,345.32316111978525,0.8638425253991291,0.32204468447395107,0.1903615616826155,128966.15655006877,-1692.9998285322176,127273.15672153655,1858,0,618.4150943396227,44,9,17,37.2958447280462,0.5970643939393938,46.064814814814824,1015.7407407407422,23.08501683501687,0
1862,4,1,1,53,0.018518518518518517,0.018518518518518517,0.9814814814814815,54,1100,800,300,0.7272727272727273,14,8,6,342.64982531577493,0.8683030514791521,0.327717061323618,0.19001490312965727,129201.38888888911,-1945.4046639231626,127255.98422496594,1859,0,607.9444444444445,43,11,17,37.12431693989071,0.6007751937984496,45.83333333333334,1016.6666666666684,23.64341085271322,0
1863,4,1,0,54,0.018518518518518517,0.0,1.0,54,1350,800,550,0.5925925925925926,19,8,11,338.00857408063246,0.8651729559748428,0.3318748836343324,0.1881289172421844,129345.84212149931,-2055.9992682506672,127289.84285324864,1860,0,608.925925925926,43,11,18,37.095435362750585,0.6022286821705425,45.69128787878789,1017.2348484848503,23.656624383368612,0
1864,4,0,0,54,0.0,0.0,1.0,54,1450,1000,450,0.6896551724137931,19,10,9,338.627742059173,0.8659300023293734,0.3351340081125145,0.18905103085246386,129466.28146701379,-2031.8250868055604,127434.45638020823,1861,1,609.925925925926,43,11,16,36.95730979187992,0.6034399224806202,45.572916666666664,1017.7083333333325,23.66763565891471,0
1865,4,1,1,54,0.01818181818181818,0.01818181818181818,0.9818181818181818,55,1300,1000,300,0.7692307692307693,16,10,6,334.25981657548397,0.8682940516273849,0.34090504906795105,0.1877665283320627,129708.37681815802,-2328.740351291741,127379.63646686629,1862,0,599.8181818181819,45,10,18,36.82272215306182,0.6032407407407407,45.335144927536234,1018.6594202898557,22.636876006441238,0
1866,4,1,1,54,0.01818181818181818,0.01818181818181818,0.9818181818181818,55,1450,1100,350,0.7586206896551724,18,11,7,326.16319802398834,0.8748035914702581,0.3270014050614516,0.18451986348512853,129985.33412754664,-2520.7135449485486,127464.62058259809,1863,0,568.0363636363636,45,10,19,36.74831231124534,0.6060185185185185,45.063405797101446,1019.7463768115934,22.661030595813187,0
1867,4,1,0,55,0.01818181818181818,0.0,1.0,55,1900,1400,500,0.7368421052631579,24,14,10,359.2247354379094,0.875645342312009,0.33776375468349396,0.19211438867387054,127756.25673284105,-1711.6208478935619,126044.6358849475,1864,0,569.0181818181818,37,18,18,38.17968185104844,0.5957207207207207,47.25877192982457,1010.9649122807032,27.32337600758657,8
1868,4,1,1,55,0.017857142857142856,0.017857142857142856,0.9821428571428571,56,1400,1000,400,0.7142857142857143,18,10,8,352.84345050765614,0.8792207792207792,0.3409102603684264,0.19015972316044913,128065.44189453138,-2162.589518229152,125902.85237630222,1865,0,559.8392857142857,39,17,19,38.02453174848203,0.5953525641025641,46.95312500000001,1012.187500000001,25.953525641025667,0
1869,4,3,3,55,0.05172413793103448,0.05172413793103448,0.9482758620689655,58,1300,1000,300,0.7692307692307693,16,10,6,337.8702271852391,0.8889645089735834,0.3600946807531997,0.1856191225562201,128830.99500868065,-2894.319661458323,125936.67534722232,1866,0,541.3965517241379,39,19,20,37.622699911074626,0.6030982905982906,46.19791666666667,1015.2083333333342,26.030982905982928,0
1870,4,0,1,54,0.0,0.01818181818181818,0.9818181818181818,55,1600,1100,500,0.6875,21,11,10,353.0393938499554,0.8812008978675645,0.374239313048349,0.19317998292688565,128672.41753472213,-1914.71354166667,126757.70399305546,1867,1,570.9454545454546,37,18,20,37.39946954141001,0.6050112612612613,46.354166666666664,1014.5833333333326,27.42117117117115,0
1871,4,2,2,54,0.03571428571428571,0.03571428571428571,0.9642857142857143,56,1650,1400,250,0.8484848484848485,19,14,5,344.4176191756252,0.8881222943722944,0.37194703916359617,0.1907455718158694,129149.73416121352,-2303.7112086059915,126846.02295260753,1868,0,560.6071428571429,40,16,21,37.131948610277945,0.6046875,45.88414634146341,1016.4634146341459,25.411585365853647,0
1872,4,1,1,54,0.01818181818181818,0.01818181818181818,0.9818181818181818,55,1450,1000,450,0.6896551724137931,19,10,9,350.2338052483132,0.8836980920314254,0.37720844435335166,0.1939603559371757,129148.44292534702,-1953.569878472244,127194.87304687477,1869,0,571.6727272727272,39,16,22,36.985464917674385,0.6063034188034189,45.88541666666666,1016.4583333333317,26.063034188034145,0
1873,4,1,1,54,0.01818181818181818,0.01818181818181818,0.9818181818181818,55,1800,1100,700,0.6111111111111112,25,11,14,347.5277974227727,0.8874859708193041,0.3691939313453261,0.19384328256247987,129430.46932067195,-2003.830263434894,127426.63905723706,1870,0,572.1818181818181,36,19,19,36.767282720967984,0.6145833333333335,45.608108108108105,1017.5675675675669,28.26576576576575,0
1874,4,1,0,55,0.01818181818181818,0.0,1.0,55,1550,1100,450,0.7096774193548387,20,11,9,348.78062354157873,0.882996632996633,0.3705761730529531,0.19568064263709925,129659.75265806359,-1955.4381239347344,127704.31453412886,1871,0,573.1636363636363,36,19,20,36.502331195636145,0.6168981481481481,45.38288288288289,1018.4684684684694,28.290790790790815,0
1875,4,1,2,54,0.017857142857142856,0.03571428571428571,0.9642857142857143,56,650,300,350,0.46153846153846156,10,3,7,344.18632087083256,0.8858630952380953,0.37444712350646525,0.1949830180718931,130038.81602993225,-2248.4836680517183,127790.33236188053,1872,0,563.9107142857143,37,19,21,36.234591127356104,0.6188063063063063,45.0109649122807,1019.9561403508769,27.566382171645323,0
1876,4,0,0,54,0.0,0.0,1.0,54,1750,1200,550,0.6857142857142857,23,12,11,355.7379628386118,0.8779699510831587,0.37517343844009754,0.20031567054925958,129803.15778193748,-1564.8178161269238,128238.33996581056,1873,1,585.6666666666666,36,18,21,36.17941208973366,0.6183449074074073,45.242117117117125,1019.0315315315327,28.306431431431463,0
1877,4,0,0,54,0.0,0.0,1.0,54,1500,1200,300,0.8,18,12,6,360.10991459875265,0.8774312834847426,0.38136612424219996,0.20352279443053178,129946.64216581493,-1440.9851574547024,128505.65700836023,1874,2,586.6666666666666,36,18,21,35.92219829173109,0.6197916666666665,45.101351351351376,1019.5945945945984,28.322072072072178,0
1878,4,1,0,55,0.01818181818181818,0.0,1.0,55,1700,1300,400,0.7647058823529411,21,13,8,354.469764468901,0.87996632996633,0.38947463386762116,0.20256372362750258,130377.57087746545,-1756.6350133917476,128620.9358640737,1875,0,576.9818181818182,36,19,22,35.62869849671043,0.6241319444444444,44.67905405405406,1021.283783783785,28.368993993994028,0
1879,4,0,0,55,0.0,0.0,1.0,55,1900,1500,400,0.7894736842105263,23,15,8,352.32235360935465,0.8796296296296297,0.38614718614718635,0.2027810879662732,130654.64854570647,-1793.489342874721,128861.15920283175,1876,1,577.9818181818182,37,18,21,35.402813527813535,0.625,44.40789473684211,1022.3684210526324,27.631578947368443,0
1880,4,0,2,53,0.0,0.03636363636363636,0.9636363636363636,55,1250,800,450,0.64,17,8,9,351.9371635815628,0.8796576879910213,0.3821184177178172,0.20285327488020125,130710.70545744857,-1799.6090143120819,128911.09644313648,1877,2,578.9818181818182,37,18,21,35.35590463935949,0.625563063063063,44.3530701754386,1022.5877192982466,27.63750592697964,0
1881,4,0,0,53,0.0,0.0,1.0,53,1700,1300,400,0.7647058823529411,21,13,8,357.3181548445746,0.879958877600387,0.34083151607092077,0.2031608937544868,130180.80210387909,-1295.3524246650245,128885.44967921407,1878,3,599.2264150943396,38,15,22,35.75560092127304,0.618421052631579,44.871794871794876,1020.512820512821,26.85560053981108,4
1882,4,2,2,53,0.03636363636363636,0.03636363636363636,0.9636363636363636,55,1500,1100,400,0.7333333333333333,19,11,8,346.47651889114064,0.8851851851851852,0.3295437022499472,0.19947116772432882,130665.25298524876,-1945.4088726600435,128719.84411258872,1879,0,578.4,36,19,18,35.54149686088775,0.627025462962963,44.39752252252252,1022.40990990991,28.400275275275277,0
1883,4,0,0,53,0.0,0.0,1.0,53,1550,700,850,0.45161290322580644,24,7,17,357.98313123450174,0.8799891146589259,0.3334737292212304,0.20474407862245467,130410.31867551853,-1263.0611550497401,129147.25752046879,1880,5,601.2264150943396,35,18,22,35.5057837582625,0.6264880952380952,44.64699074074073,1021.4120370370358,29.183201058201025,0
1884,4,0,0,53,0.0,0.0,1.0,53,1200,600,600,0.5,18,6,12,357.9150164581164,0.8787796323173681,0.32867975823067264,0.2051736211228735,130498.99798525375,-1258.4897976680409,129240.50818758571,1881,6,602.2264150943396,35,18,19,35.41761063283491,0.6273809523809524,44.56018518518518,1021.7592592592591,29.19312169312169,0
1885,4,1,1,53,0.018518518518518517,0.018518518518518517,0.9814814814814815,54,1750,1100,650,0.6285714285714286,24,11,13,348.5367738450952,0.8819007686932215,0.3295350808555031,0.20200906892246331,130924.43795146496,-1673.603755782815,129250.83419568215,1882,0,592.0555555555555,36,18,21,35.22662668720657,0.6296296296296295,44.14414414414414,1023.4234234234233,28.428428428428425,0
1886,4,0,0,53,0.0,0.0,1.0,53,1050,700,350,0.6666666666666666,14,7,7,349.16646763573095,0.8811381228834059,0.32382845982860964,0.20282890461830205,131010.890007406,-1451.07806286016,129559.81194454583,1883,1,568.9245283018868,36,17,21,35.123107102262324,0.6304976851851851,44.05968468468468,1023.7612612612608,28.437812812812798,0
1887,4,0,0,53,0.0,0.0,1.0,53,1250,900,350,0.72,16,9,7,349.1369641010435,0.8819847605224963,0.3263827208659489,0.20296376455285736,131039.71370018672,-1449.8384364093747,129589.87526377734,1884,2,569.9245283018868,36,17,22,35.09472613286406,0.630787037037037,44.031531531531535,1023.8738738738742,28.44094094094095,0
1888,4,0,0,53,0.0,0.0,1.0,53,1900,1400,500,0.7368421052631579,24,14,10,350.0903500589388,0.8815009675858733,0.3218994844398726,0.2044365856762664,131212.72243527332,-1412.7384140897464,129799.98402118357,1885,3,570.9245283018868,36,17,22,34.895489851249344,0.6325231481481481,43.86261261261262,1024.549549549551,28.459709709709752,0
1889,4,0,0,53,0.0,0.0,1.0,53,1000,700,300,0.7,13,7,6,347.79760579370804,0.8807148040638606,0.3166684979672567,0.20355665661276767,131299.2696032181,-1466.8856779076323,129832.38392531047,1886,4,571.9245283018868,36,17,22,34.86681866461562,0.6333912037037037,43.778153153153156,1024.8873873873874,28.469094094094096,0
1890,4,1,1,53,0.018518518518518517,0.018518518518518517,0.9814814814814815,54,1200,600,600,0.5,18,6,12,340.7880596457142,0.8816823899371069,0.31593894846005544,0.20092967070604584,131581.12502164117,-1831.7447435749564,129749.38027806621,1887,0,562.3148148148148,37,17,17,34.76218784510706,0.6342905405405406,43.503289473684205,1025.9868421052624,27.72937411095304,0
1891,4,1,1,53,0.018518518518518517,0.018518518518518517,0.9814814814814815,54,1500,900,600,0.6,21,9,12,339.955789039503,0.8837351502445843,0.3065069983463493,0.20117990499290922,131721.78578985823,-1844.0832756232844,129877.70251423494,1888,0,563.2962962962963,37,17,18,34.641814427116735,0.6356981981981983,43.36622807017543,1026.5350877192968,27.744191559980994,0
1892,4,0,1,52,0.0,0.018867924528301886,0.9811320754716981,53,1400,1100,300,0.7857142857142857,17,11,6,348.38260835891197,0.8794750846637639,0.3167691189654427,0.20575571678384713,131645.7436110095,-1427.3824922895978,130218.3611187199,1889,7,574.9245283018868,36,17,18,34.502222100296294,0.636863425925926,43.44031531531531,1026.2387387387375,28.5066316316316,0
1893,4,0,0,52,0.0,0.0,1.0,52,1200,900,300,0.75,15,9,6,356.4248849848169,0.8760997988939164,0.3175159677867263,0.21006317689530685,131565.5006858709,-1021.3563100137309,130544.14437585718,1890,8,586.5384615384615,35,17,18,34.37688026474129,0.6380952380952382,43.51851851851851,1025.9259259259247,29.312169312169278,0
1894,4,0,0,52,0.0,0.0,1.0,52,1000,500,500,0.5,15,5,10,351.25837029448496,0.8756598793363498,0.30556230370126136,0.20734065985558614,131624.87809713645,-1153.1319658779219,130471.74613125852,1891,9,587.5384615384615,35,17,18,34.44948868335965,0.6386904761904761,43.460648148148145,1026.1574074074072,29.318783068783063,1
1895,4,1,1,52,0.018867924528301886,0.018867924528301886,0.9811320754716981,53,1100,500,600,0.45454545454545453,17,5,12,345.6692427959931,0.8772980164489598,0.30060452639917035,0.2057104045680263,131934.82069485015,-1478.8380863972109,130455.98260845293,1892,0,577.433962264151,36,17,18,34.280572910957666,0.6397569444444444,43.15878378378378,1027.364864864864,28.53791291291289,0
1896,4,0,0,52,0.0,0.0,1.0,52,850,700,150,0.8235294117647058,10,7,3,356.594760727261,0.8738844896933131,0.3055468871898894,0.211808695227156,131862.52170138873,-995.7031250000197,130866.81857638872,1893,11,589.5384615384615,35,17,19,34.07285327924273,0.6410714285714286,43.22916666666666,1027.083333333332,29.345238095238056,0
1897,4,1,0,53,0.018867924528301886,0.0,1.0,53,1150,800,350,0.6956521739130435,15,8,7,349.19395913835467,0.8739417029511368,0.30762426188985126,0.2087617323493148,132108.4191243607,-1373.707618091082,130734.71150626961,1894,0,579.3962264150944,36,17,20,34.01522620221272,0.6414930555555557,42.989864864864856,1028.0405405405393,28.556681681681646,0
1898,4,0,0,53,0.0,0.0,1.0,53,1250,800,450,0.64,17,8,9,350.7407137779145,0.8734276729559748,0.3115779037704869,0.2106519671506409,132282.1316882761,-1320.6541423179992,130961.4775459581,1895,1,580.3962264150944,36,17,20,33.800629447181166,0.6432291666666667,42.820945945945944,1028.716216216216,28.575450450450447,0
1899,4,1,0,54,0.018518518518518517,0.0,1.0,54,1500,1100,400,0.7333333333333333,19,11,8,342.46678459176553,0.876688795713953,0.3133636191557829,0.2072453634591403,132567.3284087409,-1720.0186595875932,130847.3097491533,1896,0,570.6296296296297,37,17,21,33.72684199318568,0.6441441441441442,42.543859649122794,1029.8245614035068,27.83309625414883,0
1900,4,0,0,54,0.0,0.0,1.0,54,1350,1100,250,0.8148148148148148,16,11,5,342.0492766044465,0.8755095504309341,0.3135375396684601,0.2074598420722256,132652.0314543898,-1725.2937201831394,130926.73773420666,1897,1,571.6296296296297,37,17,18,33.652541245343244,0.6449887387387387,42.46162280701754,1030.1535087719296,27.841986723565665,0
1901,4,0,0,54,0.0,0.0,1.0,54,850,300,550,0.35294117647058826,14,3,11,342.70818987704143,0.8750873515024459,0.30921018922508803,0.20817251844050128,132708.51518015141,-1703.9409962680998,131004.57418388332,1898,2,572.6296296296297,37,17,18,33.578868255826336,0.6455518018018018,42.40679824561403,1030.3728070175425,27.847913703176825,0
1902,4,0,0,54,0.0,0.0,1.0,54,1650,1300,350,0.7878787878787878,20,13,7,340.55002165944126,0.8731947356161193,0.3035733276613848,0.20779960114625073,132878.03849501765,-1749.6762224915392,131128.3622725261,1899,3,573.6296296296297,37,17,18,33.46438636605339,0.647240990990991,42.24232456140351,1031.0307017543855,27.865694642010418,0
1903,4,0,0,54,0.0,0.0,1.0,54,1400,1000,400,0.7142857142857143,18,10,8,339.2642168980261,0.8735441416259027,0.29897160900668873,0.20764206170199934,132991.11415291237,-1776.1747605032401,131214.93939240914,1900,4,574.6296296296297,37,17,18,33.38415984550511,0.6483671171171171,42.132675438596486,1031.4692982456136,27.8775486012328,0
1904,4,0,2,52,0.0,0.037037037037037035,0.962962962962963,54,1600,1100,500,0.6875,21,11,10,337.5741430375023,0.8723357791754018,0.2929292929292928,0.20802343788227226,133245.71021852872,-1803.938711911363,131441.77150661737,1901,5,575.6296296296297,37,17,19,33.17270249221184,0.6509009009009009,41.8859649122807,1032.4561403508767,27.904220009483154,0
1905,4,0,0,52,0.0,0.0,1.0,52,1300,800,500,0.6153846153846154,18,8,10,347.3301647762771,0.8698309451985922,0.28604851231692496,0.21349972905262066,133152.40652392237,-1150.4305403376563,132001.9759835847,1902,6,564.6153846153846,36,16,19,33.01441171122022,0.6519097222222223,41.97635135135134,1032.094594594593,28.66929429429425,0
1906,4,0,0,52,0.0,0.0,1.0,52,1150,800,350,0.6956521739130435,15,8,7,344.8822484459187,0.8679769984917043,0.28151429722110355,0.2124919659779691,133239.59094229346,-1209.606058761487,132029.984883532,1903,7,565.6153846153846,36,16,19,32.990201425247236,0.6527777777777779,41.89189189189188,1032.432432432431,28.678678678678637,0
1907,4,0,0,52,0.0,0.0,1.0,52,850,600,250,0.7058823529411765,11,6,5,346.9136503954519,0.86769419306184,0.28877607508618364,0.21424546045634255,133326.8038942658,-1149.4223530963488,132177.38154116945,1904,8,566.6153846153846,36,16,19,32.85037982044852,0.6536458333333335,41.80743243243243,1032.7702702702695,28.68806306306304,0
1908,4,1,1,52,0.018867924528301886,0.018867924528301886,0.9811320754716981,53,1550,1400,150,0.9032258064516129,17,14,3,340.1583436569981,0.8697387518142234,0.2857319028240226,0.21156189666471814,133588.61395178954,-1511.6644093417844,132076.94954244775,1905,0,556.9056603773585,36,17,19,32.76279956427015,0.65625,41.55405405405405,1033.783783783783,28.716216216216196,0
1909,4,0,2,50,0.0,0.038461538461538464,0.9615384615384616,52,1300,900,400,0.6923076923076923,17,9,8,346.43540828261786,0.8673485419808948,0.28823754921302225,0.2149632912130294,133502.12358807,-1150.027461634103,132352.0961264359,1906,10,568.6153846153846,35,17,19,32.687147683577855,0.6574404761904762,41.637731481481474,1033.449074074073,29.52711640211637,0
1910,4,1,1,50,0.0196078431372549,0.0196078431372549,0.9803921568627451,51,1200,800,400,0.6666666666666666,16,8,8,340.88806653921864,0.8682679738562092,0.2839572580610734,0.21302025709042596,133763.29665814454,-1080.3376856586417,132682.95897248588,1907,0,575.843137254902,36,15,15,32.569263008926626,0.6579861111111112,41.38513513513513,1034.4594594594587,28.734984984984962,0
1911,4,0,0,50,0.0,0.0,1.0,50,700,500,200,0.7142857142857143,9,5,4,348.7568542807873,0.8653401360544217,0.2932609425724839,0.21710417974148222,133621.7625412593,-679.6988865312225,132942.06365472806,1908,12,588.36,35,15,20,32.5073929997388,0.6586309523809524,41.52199074074073,1033.912037037036,29.540343915343886,0
1912,4,0,0,50,0.0,0.0,1.0,50,1200,700,500,0.5833333333333334,17,7,10,345.73332562580555,0.8639625850340136,0.2956092648539781,0.21592024675875776,133741.455078125,-752.2243923611106,132989.23068576388,1909,13,589.36,35,15,16,32.465802282645186,0.6598214285714286,41.40625,1034.375,29.553571428571427,0
1913,4,0,0,50,0.0,0.0,1.0,50,1450,1000,450,0.6896551724137931,19,10,9,344.1062462050923,0.8623809523809524,0.2949867570717237,0.21581520650696775,133897.45071800938,-785.0101713988961,133112.44054661048,1910,14,590.36,37,13,17,32.35192199032383,0.6573761261261262,41.25548245614035,1034.9780701754385,27.97238027501185,0
1914,4,0,0,50,0.0,0.0,1.0,50,950,600,350,0.631578947368421,13,6,7,344.1062462050923,0.8624659863945578,0.2949867570717237,0.21581520650696775,133897.45071800938,-785.0101713988961,133112.44054661048,1911,15,591.36,37,13,17,32.35192199032383,0.6573761261261262,41.25548245614035,1034.9780701754385,27.97238027501185,0
1915,4,0,0,50,0.0,0.0,1.0,50,1300,1100,200,0.8461538461538461,15,11,4,343.9055626685296,0.8604761904761905,0.29455315544260907,0.216522942256106,134039.34383656492,-780.6248076331401,133258.71902893178,1912,16,592.36,37,13,17,32.21533954539036,0.6587837837837839,41.11842105263157,1035.5263157894722,27.98719772403979,0
1916,4,0,0,50,0.0,0.0,1.0,50,850,300,550,0.35294117647058826,14,3,11,346.98111146037166,0.8595578231292517,0.3019519424155823,0.21896663727228619,134124.5157764886,-692.2652883579874,133432.2504881306,1913,17,593.36,37,13,17,32.05062894746128,0.6596283783783785,41.0361842105263,1035.8552631578923,27.996088193456547,0
1917,4,0,0,50,0.0,0.0,1.0,50,1150,800,350,0.6956521739130435,15,8,7,344.20597300457047,0.8592857142857142,0.2958474226804131,0.21793720222874216,134246.132843889,-758.3358444736901,133487.79699941532,1914,18,594.36,38,12,17,32.0010738831615,0.6589912280701755,40.91880341880341,1036.3247863247843,27.271704903283798,0
1918,4,0,0,50,0.0,0.0,1.0,50,1450,1200,250,0.8275862068965517,17,12,5,339.25075060878476,0.8591836734693877,0.28312145874111483,0.2159414449940636,134439.96006145424,-878.2285274673359,133561.7315339869,1915,19,595.36,38,12,18,31.93614573675355,0.6609100877192984,40.731837606837594,1037.0726495726478,27.29138551506968,0
1919,4,0,0,50,0.0,0.0,1.0,50,900,500,400,0.5555555555555556,13,5,8,339.2164744638812,0.858452380952381,0.28710607621009276,0.21641208719082008,134523.07167251056,-873.511578639808,133649.56009387076,1916,20,596.36,38,12,19,31.854188122210765,0.661732456140351,40.65170940170939,1037.3931623931608,27.299820062977915,0
1920,4,0,0,50,0.0,0.0,1.0,50,1450,800,650,0.5517241379310345,21,8,13,336.09043804342286,0.857517006802721,0.28248188203813074,0.21546784408945405,134700.92438539542,-945.6529029860058,133755.27148240941,1917,21,597.36,35,15,21,31.758115917790906,0.669345238095238,40.48032407407408,1038.0787037037053,29.65939153439158,0
1921,4,0,0,50,0.0,0.0,1.0,50,1300,900,400,0.6923076923076923,17,9,8,333.7650949241513,0.8562585034013606,0.2766205804749342,0.21527735019784427,134920.7583703639,-993.6320550554055,133927.1263153085,1918,22,598.36,37,13,16,31.599714160070363,0.6675112612612613,40.26864035087719,1038.925438596491,28.07906590801327,0
1922,4,0,0,50,0.0,0.0,1.0,50,1500,1000,500,0.6666666666666666,20,10,10,333.5377782088103,0.8547448979591836,0.2824285262158457,0.21580918768882687,135034.69967922827,-992.1652575792479,134042.53442164903,1919,23,599.36,37,13,18,31.492311952737627,0.6686373873873874,40.15899122807018,1039.3640350877197,28.090919867235666,0
1923,4,0,0,50,0.0,0.0,1.0,50,1400,1100,300,0.7857142857142857,17,11,6,329.198711290372,0.8547448979591836,0.2054404975030626,0.1972775789342018,132198.62768350742,-1294.7508983996513,130903.87678510777,1920,24,600.36,42,8,15,34.43850309369012,0.6321924603174605,42.90213178294573,1028.3914728682157,24.48551125876704,8
1924,4,0,0,50,0.0,0.0,1.0,50,1250,900,350,0.72,16,9,7,332.18783215912185,0.8551190476190476,0.21462096242584083,0.19985850366559268,132348.14544085375,-1207.1112951445398,131141.0341457092,1921,25,601.36,42,8,16,34.21147628464701,0.6336805555555556,42.756782945736425,1028.9728682170528,24.499354005167923,0
1925,4,0,0,50,0.0,0.0,1.0,50,1050,700,350,0.6666666666666666,14,7,7,332.18783215912185,0.8551190476190476,0.21462096242584083,0.19985850366559268,132348.14544085375,-1207.1112951445398,131141.0341457092,1922,26,602.36,42,8,16,34.21147628464701,0.6336805555555556,42.756782945736425,1028.9728682170528,24.499354005167923,0
1926,4,0,0,50,0.0,0.0,1.0,50,1100,700,400,0.6363636363636364,15,7,8,334.86862594043515,0.8539115646258503,0.2198380566801621,0.20173792831045698,132398.00347222202,-1132.7937210804896,131265.20975114152,1923,27,603.36,40,10,16,34.09244264507422,0.6372395833333335,42.70833333333332,1029.166666666665,25.72916666666662,0
1927,4,0,1,49,0.0,0.02,0.98,50,2050,1500,550,0.7317073170731707,26,15,11,337.4865859767668,0.8522448979591837,0.22508474576271187,0.20469980775600113,132653.37616528067,-1046.2529919375395,131607.12317334313,1924,28,604.36,41,9,14,33.768698638931674,0.6382113821138212,42.46031746031745,1030.1587301587283,25.12582268679825,0
1928,4,1,0,50,0.02,0.0,1.0,50,700,400,300,0.5714285714285714,10,4,6,339.6532596579003,0.8514965986394557,0.24078521939953856,0.20714064990404313,132857.85147392267,-974.8795351474121,131882.97193877524,1925,0,603.84,41,9,15,33.50774634334103,0.6402439024390245,42.26190476190475,1030.9523809523791,25.14518002322876,0
1929,4,0,0,50,0.0,0.0,1.0,50,1400,900,500,0.6428571428571429,19,9,10,339.27150290786693,0.8505442176870748,0.2377777777777783,0.2073325851103629,132934.57031249983,-979.8177083333487,131954.75260416648,1926,1,604.84,41,9,15,33.44065656565657,0.6410060975609757,42.18749999999999,1031.2499999999986,25.152439024390212,0
1930,4,0,0,50,0.0,0.0,1.0,50,900,500,400,0.5555555555555556,13,5,8,340.7179788576396,0.8494897959183674,0.2365708241177038,0.2087876406682727,133036.89654391824,-934.3874992126779,132102.50904470557,1927,2,605.84,41,9,16,33.300778119690996,0.6420223577235774,42.08829365079364,1031.6468253968233,25.162117692605445,0
1931,4,0,0,50,0.0,0.0,1.0,50,1200,900,300,0.75,15,9,6,339.3138801097995,0.8478911564625851,0.23044681464398997,0.20907279753124203,133241.66710955193,-957.8505881519487,132283.81652139997,1928,3,606.84,41,9,16,33.13184635341596,0.6440548780487806,41.88988095238094,1032.4404761904746,25.181475029035965,0
1932,4,0,1,49,0.0,0.02,0.98,50,1400,1300,100,0.9285714285714286,15,13,2,341.67781779098993,0.8472108843537415,0.23537604456824535,0.21111025287964363,133344.1114437673,-887.8549973230062,132456.25644644428,1929,4,607.84,41,9,17,32.9682347196875,0.6450711382113821,41.7906746031746,1032.8373015873012,25.19115369725125,0
1933,4,1,1,49,0.02,0.02,0.98,50,1450,900,550,0.6206896551724138,20,9,11,339.6829925817415,0.8501020408163265,0.23030052808449342,0.2104579635775633,133446.5951455815,-934.0922422209499,132512.50290336055,1930,0,607.28,41,9,17,32.917166746679484,0.6460873983739837,41.69146825396826,1033.234126984128,25.200832365466535,0
1934,4,0,0,49,0.0,0.0,1.0,49,1250,800,450,0.64,17,8,9,347.6732293933178,0.8449192176870749,0.2412680566569958,0.21510032725399159,133393.47367844894,-524.5320452442046,132868.94163320473,1931,6,620.6734693877551,40,9,18,32.76397770126252,0.6471354166666665,41.7428861788618,1033.0284552845549,25.825711382113873,0
1935,4,0,0,49,0.0,0.0,1.0,49,1550,1000,550,0.6451612903225806,21,10,11,348.889830508384,0.8443168934240363,0.2466870755332009,0.21647282427887085,133499.82336410615,-484.60737540725063,133015.2159886989,1932,7,621.6734693877551,38,11,18,32.62603811296046,0.6515899122807018,41.63995726495726,1033.4401709401704,27.195793972109747,0
1936,4,0,0,49,0.0,0.0,1.0,49,1200,900,300,0.75,15,9,6,348.93350832428376,0.8439625850340137,0.2527026526911389,0.21728444188374144,133633.72938368047,-474.14279513889505,133159.58658854157,1933,8,622.6734693877551,39,10,18,32.49084894888845,0.6511752136752137,41.510416666666664,1033.9583333333328,26.511752136752122,0
1937,4,0,0,49,0.0,0.0,1.0,49,1350,1100,250,0.8148148148148148,16,11,5,349.9356797729713,0.8433956916099773,0.25392414554976095,0.21866146620068014,133761.16569378367,-438.4391111441383,133322.72658263953,1934,9,623.6734693877551,40,9,16,32.33741035465173,0.6507812499999999,41.38719512195123,1034.4512195121968,25.86128048780492,0
1938,4,0,1,48,0.0,0.02040816326530612,0.9795918367346939,49,1000,600,400,0.6,14,6,8,347.5076657066917,0.8423327664399093,0.2528816711287811,0.21791983174611784,133892.60691387428,-494.258543195162,133398.3483706791,1935,10,624.6734693877551,40,9,16,32.26875490966222,0.6520833333333333,41.26016260162603,1034.9593495934978,25.873983739837445,0
1939,4,0,0,48,0.0,0.0,1.0,48,1250,800,450,0.64,17,8,9,345.99212961414963,0.8397236997635934,0.2658739142100144,0.21750890425269043,133983.99658203137,-328.51833767359705,133655.47824435777,1936,11,637.3541666666666,39,9,17,32.21662558272128,0.6546474358974359,41.17187500000001,1035.312500000001,26.546474358974383,0
1940,4,0,1,47,0.0,0.020833333333333332,0.9791666666666666,48,1700,1300,400,0.7647058823529411,21,13,8,348.2584347472505,0.837747488179669,0.2629804863698766,0.2205925166181654,134260.98573104647,-248.49585233655336,134012.48987870992,1937,12,638.3541666666666,40,8,18,31.88125122573055,0.6557291666666666,40.904471544715456,1036.3821138211395,25.909552845528488,0
1941,4,0,0,47,0.0,0.0,1.0,47,1000,800,200,0.8,12,8,4,351.39094799095017,0.8378815911193339,0.2608452041582281,0.22253268883271587,134253.7448459203,35.11013454863027,134288.85498046892,1938,13,648.3404255319149,39,8,18,31.80732150634905,0.6573183760683761,40.91145833333334,1036.354166666668,26.573183760683797,0
1942,4,0,0,47,0.0,0.0,1.0,47,950,500,450,0.5263157894736842,14,5,9,354.6417646812178,0.835646006783842,0.262922997993718,0.22528364154905298,134366.32977229194,130.3824608368352,134496.71223312878,1939,14,649.3404255319149,40,7,18,31.610631902241394,0.6567708333333332,40.8028455284553,1036.7886178861813,25.919715447154534,0
1943,4,0,0,47,0.0,0.0,1.0,47,1000,600,400,0.6,14,6,8,349.4372306802209,0.8336031452358926,0.2516924564796903,0.22294095317398127,134524.42329301365,1.5683868729182109,134525.99167988656,1940,15,650.3404255319149,40,7,18,31.587766131138974,0.6583333333333332,40.65040650406505,1037.3983739837417,25.934959349593544,0
1944,4,1,0,48,0.020833333333333332,0.0,1.0,48,1400,900,500,0.6428571428571429,19,9,10,342.37996943945507,0.8359559692671394,0.2587695694716241,0.22034781408509027,134840.88918633098,-366.63351427720505,134474.25567205378,1941,0,637.7708333333334,40,8,18,31.455479452054796,0.6614583333333333,40.34552845528456,1038.6178861788626,25.965447154471565,0
1945,4,0,0,48,0.0,0.0,1.0,48,1700,1300,400,0.7647058823529411,21,13,8,342.18915477549746,0.8364177009456265,0.2568031784841076,0.22102868651796995,134972.8597085896,-362.7502437371782,134610.1094648524,1942,1,638.7708333333334,40,8,18,31.329054604726977,0.6627604166666666,40.21849593495936,1039.1260162601636,25.978150406504092,0
1946,4,0,1,47,0.0,0.020833333333333332,0.9791666666666666,48,1700,1400,300,0.8235294117647058,20,14,6,326.99288606611384,0.8356789302600472,0.20847002119713354,0.20083809809404776,133122.62505425353,-882.7227009824838,132239.90235327106,1943,2,639.7708333333334,39,9,17,33.568962181622425,0.6461004273504274,42.005208333333336,1031.979166666667,26.46100427350428,4
1947,4,0,0,47,0.0,0.0,1.0,47,750,700,50,0.9333333333333333,8,7,1,327.67018869701786,0.8321384520505704,0.2187222588127491,0.20120574396849947,133113.66705246916,-676.5239197530791,132437.14313271607,1944,3,652.531914893617,38,9,17,33.560453117990136,0.6477521929824561,42.01388888888889,1031.9444444444448,27.15643274853802,0
1948,4,1,1,47,0.020833333333333332,0.020833333333333332,0.9791666666666666,48,1400,1100,300,0.7857142857142857,17,11,6,321.8427920105829,0.8344599586288416,0.22001532736631613,0.1994013203151489,133445.97012566912,-1010.2752784387686,132435.69484723036,1945,0,639.9166666666666,40,8,18,33.378618733812004,0.64765625,41.6920731707317,1033.2317073170723,25.830792682926806,0
1949,4,0,0,47,0.0,0.0,1.0,47,1350,1100,250,0.8148148148148148,16,11,5,327.9162553183733,0.8310206598828245,0.21583857595289802,0.20271930098110932,133364.60503472236,-653.5156249999817,132711.0894097224,1946,5,654.531914893617,39,8,18,33.30307919860161,0.6485042735042734,41.77083333333334,1032.9166666666679,26.485042735042764,0
1950,4,0,0,47,0.0,0.0,1.0,47,1350,900,450,0.6666666666666666,18,9,9,331.4653469298713,0.8287465309898242,0.22141555212073394,0.206275894677837,133610.2564673279,-542.522594555831,133067.73387277208,1947,6,655.531914893617,38,9,18,32.96583824187938,0.6526864035087718,41.533119658119666,1033.8675213675224,27.207040035987433,0
1951,4,0,0,47,0.0,0.0,1.0,47,1050,700,350,0.6666666666666666,14,7,7,332.0452353763918,0.8285923527597903,0.21944045059424067,0.2067911060471507,133637.87187705468,-525.2362754766475,133112.63560157805,1948,7,656.531914893617,38,9,18,32.92325377144038,0.6529605263157894,41.50641025641026,1033.97435897436,27.20985155195684,0
1952,4,0,0,47,0.0,0.0,1.0,47,1400,900,500,0.6428571428571429,19,9,10,332.21744395979005,0.828168362627197,0.2256817717385815,0.2076734351105647,133775.99172921688,-511.4563929067084,133264.53533631016,1949,8,657.531914893617,38,9,18,32.780818616819865,0.6543311403508771,41.37286324786325,1034.508547008547,27.22390913180387,0
1953,4,0,0,47,0.0,0.0,1.0,47,1200,700,500,0.5833333333333334,17,7,10,332.33104181954354,0.8264338575393154,0.23063592575265424,0.2083683367058845,133886.53897518065,-501.06940335306905,133385.4695718276,1950,9,658.531914893617,38,9,18,32.66749251574276,0.6554276315789473,41.266025641025635,1034.9358974358963,27.235155195681482,0
1954,4,0,0,47,0.0,0.0,1.0,47,1200,600,600,0.5,18,6,12,332.0131585093068,0.8258171446191798,0.23502410010943242,0.20879938635140835,133997.80636525873,-502.1930150703993,133495.61335018833,1951,10,659.531914893617,40,7,18,32.564659403219466,0.653125,41.15853658536585,1035.365853658536,25.8841463414634,0
1955,4,0,1,46,0.0,0.02127659574468085,0.9787234042553191,47,850,500,350,0.5882352941176471,12,5,7,331.04056937196646,0.8257015109466542,0.23425660345049026,0.20826223161755342,134010.9592013888,-527.3871527777878,133483.572048611,1952,11,660.531914893617,41,6,18,32.5767102615694,0.6516768292682926,41.14583333333333,1035.4166666666658,25.254065040650385,0
1956,4,0,1,45,0.0,0.021739130434782608,0.9782608695652174,46,650,400,250,0.6153846153846154,9,4,5,336.5478513178778,0.8219806763285025,0.23293815400897855,0.21165120427324333,133997.80636525888,-180.66523729260547,133817.14112796626,1953,12,674.2173913043479,40,6,18,32.44728275094883,0.653125,41.15853658536586,1035.3658536585374,25.884146341463435,0
1957,4,0,0,45,0.0,0.0,1.0,45,1150,900,250,0.782608695652174,14,9,5,332.9197539117083,0.819949494949495,0.21954910169195885,0.2099701814274835,134103.04712803234,-70.8893102650432,134032.1578177673,1954,13,662.6444444444444,40,5,18,32.436183608058606,0.6541666666666666,41.056910569105696,1035.772357723578,25.89430894308945,0
1958,4,0,0,45,0.0,0.0,1.0,45,1100,600,500,0.5454545454545454,16,6,10,332.2524111619704,0.8185606060606061,0.21274666841009848,0.21030278315447634,134234.65617563963,-80.04236482912182,134154.6138108105,1955,14,663.6444444444444,40,5,18,32.32221078094864,0.6554687499999999,40.929878048780495,1036.2804878048792,25.90701219512198,0
1959,4,0,0,45,0.0,0.0,1.0,45,1550,800,750,0.5161290322580645,23,8,15,329.44634055670826,0.8177609427609428,0.20845150188416217,0.20927842878951047,134366.32977229162,-146.70087249652602,134219.6288997951,1956,15,664.6444444444444,40,5,20,32.26369012611907,0.6567708333333333,40.802845528455286,1036.7886178861788,25.91971544715447,0
1960,4,0,0,45,0.0,0.0,1.0,45,1200,900,300,0.75,15,9,6,330.0125499396779,0.8172979797979798,0.20402020993945702,0.20994065209379537,134419.01728468516,-128.00746909907025,134291.0098155861,1957,16,665.6444444444444,40,5,20,32.19652423886057,0.6572916666666666,40.75203252032521,1036.9918699187,25.924796747967502,0
1961,4,0,0,45,0.0,0.0,1.0,45,1100,600,500,0.5454545454545454,16,6,10,331.9299705463036,0.8170454545454546,0.20951634499199878,0.21161831413904558,134498.06791798858,-71.21205548946591,134426.8558624991,1958,17,666.6444444444444,40,5,21,32.068066033114505,0.6580729166666668,40.67581300813008,1037.2967479674794,25.932418699186986,0
1962,4,0,1,44,0.0,0.022222222222222223,0.9777777777777777,45,1350,1000,350,0.7407407407407407,17,10,7,330.39990759613016,0.8154882154882155,0.2063671825846234,0.21126888100600466,134606.20896568403,-105.20354348016656,134501.00542220386,1959,18,667.6444444444444,38,7,21,32.00006863653522,0.6625548245614036,40.57158119658119,1037.7136752136744,27.308254610886166,0
1963,4,0,0,44,0.0,0.0,1.0,44,1250,1000,250,0.8,15,10,5,335.6142955471788,0.813050563777308,0.20945193475065915,0.21411805056722302,134523.7643771701,229.6196831597171,134753.38406032982,1960,19,681.8409090909091,39,5,21,31.94691987147303,0.6599893162393162,40.651041666666664,1037.395833333333,26.599893162393155,0
1964,4,0,0,44,0.0,0.0,1.0,44,800,200,600,0.25,14,2,12,335.7689842506801,0.813116631430585,0.21116383616383616,0.2147106531721917,134607.66774392122,239.42139949311752,134847.08914341434,1961,20,682.8409090909091,37,7,21,31.859326570865022,0.6644144144144144,40.57017543859649,1037.7192982456143,28.046467520151737,0
1965,4,0,0,44,0.0,0.0,1.0,44,1200,800,400,0.6666666666666666,16,8,8,334.1250140907989,0.8122577519379846,0.21241969712974273,0.2141612395665262,134693.02002779694,200.86144294397832,134893.88147074092,1962,21,683.8409090909091,37,7,21,31.816991479173275,0.665259009009009,40.487938596491226,1038.0482456140346,28.055357989568503,0
1966,4,0,0,44,0.0,0.0,1.0,44,1300,900,400,0.6923076923076923,17,9,8,332.0827511766719,0.8109143763213531,0.2133099740808293,0.21335302941947645,134778.39936326563,151.51633194829412,134929.91569521392,1963,22,684.8409090909091,37,7,21,31.785022879267864,0.6661036036036037,40.405701754385966,1038.3771929824563,28.064248458985308,0
1967,4,0,0,44,0.0,0.0,1.0,44,1200,800,400,0.6666666666666666,16,8,8,332.4783313956319,0.8086680761099366,0.2184384744543051,0.21444739210167552,134920.75837036397,171.645722722374,135092.40409308634,1964,23,685.8409090909091,37,7,18,31.63313544415125,0.6675112612612613,40.26864035087719,1038.9254385964914,28.07906590801328,0
1968,4,0,0,44,0.0,0.0,1.0,44,1200,900,300,0.75,15,9,6,332.4783313956319,0.8089543692741368,0.2184384744543051,0.21444739210167552,134920.75837036397,171.645722722374,135092.40409308634,1965,24,686.8409090909091,37,7,18,31.63313544415125,0.6675112612612613,40.26864035087719,1038.9254385964914,28.07906590801328,0
1969,4,0,0,44,0.0,0.0,1.0,44,1050,700,350,0.6666666666666666,14,7,7,331.8394268158052,0.8084258280479211,0.21495232979723378,0.21454120650478872,135006.2098434134,160.07665820252765,135166.28650161595,1966,25,687.8409090909091,37,7,18,31.564764014911713,0.6683558558558558,40.18640350877193,1039.2543859649127,28.08795637743007,0
1970,4,0,1,43,0.0,0.022727272727272728,0.9772727272727273,44,900,800,100,0.8888888888888888,10,8,2,330.6450032337265,0.8084698731501058,0.2145196558900535,0.21393747342337843,135034.6996792283,129.70974242075147,135164.40942164906,1967,26,688.8409090909091,37,7,18,31.567478109505213,0.6686373873873874,40.15899122807018,1039.36403508772,28.090919867235673,0
1971,4,0,0,43,0.0,0.0,1.0,43,1050,700,350,0.6666666666666666,14,7,7,329.26117052298747,0.8068014027316353,0.21933357205574322,0.21354681387817823,135120.187221068,297.9662011388108,135418.1534222068,1968,27,701.2790697674419,37,6,19,31.51849117626379,0.6694819819819819,40.07675438596491,1039.6929824561403,28.09981033665244,0
1972,4,0,0,43,0.0,0.0,1.0,43,1250,900,350,0.72,16,9,7,325.94940704925244,0.8035714285714285,0.21307903643631398,0.21257277824676,135319.7633526663,221.47932536935724,135541.24267803566,1969,28,702.2790697674419,37,6,20,31.40643113078301,0.6714527027027026,39.88486842105264,1040.4605263157905,28.120554765291637,0
1973,4,0,0,43,0.0,0.0,1.0,43,950,500,450,0.5263157894736842,14,5,9,325.2731379444514,0.8025101513473606,0.21013534040905935,0.2126372331521164,135405.3410664819,208.74403662664292,135614.08510310855,1970,29,703.2790697674419,37,6,21,31.339110127826935,0.6722972972972973,39.80263157894736,1040.7894736842097,28.12944523470837,0
1974,4,0,0,43,0.0,0.0,1.0,43,1200,900,300,0.75,15,9,6,323.92353296825763,0.8015873015873015,0.21169328860021297,0.2124467531836232,135522.41421031492,179.77984147856773,135702.19405179349,1971,30,704.2790697674419,38,5,21,31.258122990628635,0.6716008771929824,39.690170940170944,1041.2393162393168,27.40103463787676,0
1975,4,0,0,43,0.0,0.0,1.0,43,550,300,250,0.5454545454545454,8,3,5,322.59324387284425,0.8010335917312661,0.2070623820690014,0.21206753435713815,135605.85968889252,149.10683304112285,135754.96652193365,1972,31,705.2790697674419,38,5,22,31.210038636441332,0.6724232456140351,39.61004273504273,1041.5598290598289,27.40946918578497,0
1976,4,0,0,43,0.0,0.0,1.0,43,1450,1000,450,0.6896551724137931,19,10,9,321.5265860856415,0.7988187523071244,0.2013807680828268,0.21254740802017444,135805.06141312714,132.990407431289,135938.05182055844,1973,32,706.2790697674419,37,6,23,31.04048320359072,0.6762387387387387,39.41885964912281,1042.3245614035088,28.170934091986727,0
1977,4,0,0,43,0.0,0.0,1.0,43,700,600,100,0.8571428571428571,8,6,2,322.49794650706207,0.7982188999630859,0.19973388382855095,0.21353137015244764,135862.21241151128,163.05690212373725,136025.269313635,1974,33,707.2790697674419,37,6,23,30.958578740709587,0.6768018018018017,39.3640350877193,1042.543859649123,28.17686107159792,0
1978,4,0,0,43,0.0,0.0,1.0,43,1300,1000,300,0.7692307692307693,16,10,6,321.18759607106404,0.7978497600590624,0.1973956918854789,0.2132947831867843,135967.75353385942,134.23118014465348,136101.98471400407,1975,34,708.2790697674419,38,5,18,30.88826572423685,0.675986842105263,39.26282051282052,1042.9487179487187,27.446018893387333,0
1979,4,0,0,43,0.0,0.0,1.0,43,1100,600,500,0.5454545454545454,16,6,10,320.25036058807825,0.796234772978959,0.20061532892950829,0.21334004239448667,136079.20250748788,115.88273431222922,136195.08524180012,1976,35,709.2790697674419,38,5,18,30.802443852822716,0.6770833333333333,39.15598290598291,1043.3760683760693,27.457264957264982,0
1980,4,0,0,43,0.0,0.0,1.0,43,1050,600,450,0.5714285714285714,15,6,9,317.34080797348633,0.7966961978589885,0.19934575167133328,0.2117339489265719,136134.9441157133,40.234631821170524,136175.17874753446,1977,36,710.2790697674419,38,5,18,30.823223791973803,0.6776315789473684,39.1025641025641,1043.5897435897432,27.462887989203768,0
1981,4,0,0,43,0.0,0.0,1.0,43,1450,1100,350,0.7586206896551724,18,11,7,316.46163712233783,0.7959579180509413,0.20073048595415632,0.21172086296662698,136231.12521701402,22.384982638898464,136253.51019965293,1978,37,711.2790697674419,39,4,19,30.7510975853123,0.6768162393162394,39.01041666666667,1043.9583333333344,26.76816239316242,0
1982,4,0,0,43,0.0,0.0,1.0,43,1750,1300,450,0.7428571428571429,22,13,9,319.0329311169184,0.7924972314507198,0.19541375872382827,0.21475840933575116,136448.70334201396,106.32595486111637,136555.0292968751,1979,38,712.2790697674419,39,4,21,30.469009637753395,0.6789529914529915,38.802083333333336,1044.7916666666672,26.78952991452993,0
1983,4,0,0,43,0.0,0.0,1.0,43,700,500,200,0.7142857142857143,9,5,4,320.4673275184481,0.792220376522702,0.19969585697859893,0.2160570046817925,136503.125,148.95833333333343,136652.08333333334,1980,39,713.2790697674419,39,4,21,30.377791068580535,0.6794871794871795,38.75,1045.0,26.794871794871796,0
1984,4,0,0,43,0.0,0.0,1.0,43,850,700,150,0.8235294117647058,10,7,3,321.01096078032987,0.7913436692506459,0.20324969644164725,0.2170933963875601,136612.00086805565,170.78993055556083,136782.7907986112,1981,40,714.2790697674419,39,4,21,30.25607811877241,0.6805555555555556,38.645833333333336,1045.4166666666672,26.805555555555568,0
1985,4,0,0,43,0.0,0.0,1.0,43,1350,1000,350,0.7407407407407407,17,10,7,325.48966275389796,0.7888058324104835,0.209953217167266,0.22063824965333406,136694.35046103512,298.5196063850936,136992.8700674202,1982,41,715.2790697674419,40,3,21,30.05770165208942,0.6796875,38.56707317073171,1045.7317073170734,26.143292682926834,0
1986,4,0,0,43,0.0,0.0,1.0,43,700,500,200,0.7142857142857143,9,5,4,324.8096621039877,0.7882521225544481,0.21088944528825393,0.22052379834946173,136749.59031865557,283.5253907376306,137033.1157093932,1983,42,716.2790697674419,37,6,21,30.02094471817451,0.6855292792792793,38.514254385964904,1045.9429824561391,28.268729255571326,0
1987,4,0,0,43,0.0,0.0,1.0,43,850,700,150,0.8235294117647058,10,7,3,322.3983867414422,0.787329272794389,0.21056710263702327,0.21960369769261803,136864.30109504831,224.96597510770232,137089.26707015603,1984,43,717.2790697674419,37,6,21,29.970811938943033,0.6866554054054055,38.40460526315788,1046.381578947367,28.2805832147937,0
1988,4,0,0,43,0.0,0.0,1.0,43,1300,900,400,0.6923076923076923,17,9,8,321.8900239725408,0.7861295681063123,0.21007199851911018,0.2201580192614483,137007.7571945213,220.2860495536956,137228.043244075,1985,44,718.2790697674419,37,6,17,29.842637201508172,0.6880630630630631,38.267543859649116,1046.9298245614027,28.295400663821695,0
1989,4,0,0,43,0.0,0.0,1.0,43,800,600,200,0.75,10,6,4,322.0161748518242,0.7863141380583241,0.21174992145774407,0.22042526549534538,137036.4574316135,225.59116747459643,137262.0485990881,1986,45,719.2790697674419,37,6,18,29.81104042308094,0.6883445945945945,38.24013157894736,1047.0394736842097,28.29836415362729,0
1990,4,0,0,43,0.0,0.0,1.0,43,750,500,250,0.6666666666666666,10,5,5,319.9743089427882,0.7843761535622,0.20416151676397098,0.21950371942380348,137112.26994530275,174.48076466505296,137286.7507099678,1987,46,720.2790697674419,38,5,18,29.78977523887246,0.6872258771929824,38.16773504273504,1047.3290598290594,27.561291048133143,0
1991,4,0,0,43,0.0,0.0,1.0,43,1150,600,550,0.5217391304347826,17,6,11,321.79425287065817,0.7816998892580288,0.1987281399046108,0.22242701654466368,137375.34722222213,241.3194444444406,137616.66666666657,1988,47,721.2790697674419,39,4,20,29.482975622681515,0.688034188034188,37.916666666666664,1048.3333333333328,26.880341880341867,0
1992,4,0,0,43,0.0,0.0,1.0,43,1250,900,350,0.72,16,9,7,321.0880511295825,0.780500184569952,0.19688659498472894,0.22228833030745357,137429.9533420138,225.4231770833241,137655.3765190971,1989,48,722.2790697674419,39,4,20,29.447728326379238,0.6885683760683762,37.86458333333333,1048.5416666666658,26.88568376068374,0
1993,4,0,0,43,0.0,0.0,1.0,43,1550,1300,250,0.8387096774193549,18,13,5,320.9186772722135,0.7792543373938723,0.19200883032792793,0.22304844712273703,137566.5161132811,229.532877604153,137796.04899088526,1990,49,723.2790697674419,39,4,20,29.317781253102954,0.6899038461538463,37.73437499999999,1049.0624999999989,26.89903846153843,0
1994,4,0,0,43,0.0,0.0,1.0,43,1350,1000,350,0.7407407407407407,17,10,7,317.67451311195833,0.7770394979697305,0.18777771365918428,0.2214927833635278,137675.81515842004,147.21950954860205,137823.03466796863,1991,50,724.2790697674419,39,4,20,29.29538875103391,0.6909722222222223,37.63020833333333,1049.4791666666658,26.9097222222222,0
1995,4,0,0,43,0.0,0.0,1.0,43,1300,1000,300,0.7692307692307693,16,10,6,316.08441282779626,0.775516795865633,0.18715414574844091,0.22091691370170033,137759.15150538678,108.70410304710674,137867.8556084339,1992,51,725.2790697674419,40,3,20,29.255203291384316,0.6901041666666667,37.55081300813007,1049.796747967478,26.24491869918695,0
1996,4,0,0,43,0.0,0.0,1.0,43,950,600,350,0.631578947368421,13,6,7,317.7185710422877,0.7750553709856035,0.1945453297905817,0.2225841649875016,137840.54629857925,158.9209360289475,137999.4672346082,1993,52,726.2790697674419,38,5,20,29.132329501136102,0.6943530701754386,37.4732905982906,1050.1068376068383,27.63439046333785,0
1997,4,0,0,43,0.0,0.0,1.0,43,1200,900,300,0.75,15,9,6,317.0005452611803,0.7748708010335917,0.19363704697739026,0.22296147137407696,137976.61132812497,147.73220486111165,138124.3435329861,1994,53,727.2790697674419,39,4,21,29.01753255337431,0.6939102564102564,37.34375,1050.6249999999998,26.93910256410256,0
1998,4,0,0,43,0.0,0.0,1.0,43,1400,1200,200,0.8571428571428571,16,12,4,319.7079142990317,0.7737172388335178,0.20177160818147488,0.22594483691217282,138140.82031249997,232.9427083333341,138373.7630208333,1995,54,728.2790697674419,39,4,19,28.78517637732858,0.6955128205128205,37.1875,1051.2499999999998,26.9551282051282,0
1999,4,0,0,43,0.0,0.0,1.0,43,1400,1100,300,0.7857142857142857,17,11,6,324.4580848918895,0.7725175341454411,0.2107234246414429,0.2302215940374851,138277.73573133704,373.0658637153026,138650.80159505235,1996,55,729.2790697674419,39,4,19,28.525902908454654,0.6968482905982905,37.05729166666668,1051.7708333333353,26.968482905982956,0
2000,4,0,0,43,0.0,0.0,1.0,43,1400,1100,300,0.7857142857142857,17,11,6,325.72306703580807,0.7711332595053525,0.21367905088835304,0.23186248767644127,138387.31689453142,415.1882595486261,138802.50515408005,1997,56,730.2790697674419,39,4,19,28.3850815100815,0.6979166666666666,36.95312500000001,1052.1875000000014,26.979166666666703,0
2001,4,0,0,43,0.0,0.0,1.0,43,900,700,200,0.7777777777777778,11,7,4,325.72306703580807,0.7709486895533407,0.21367905088835304,0.23186248767644127,138387.31689453142,415.1882595486261,138802.50515408005,1998,57,731.2790697674419,39,4,19,28.3850815100815,0.6979166666666666,36.95312500000001,1052.1875000000014,26.979166666666703,0
2002,4,0,0,43,0.0,0.0,1.0,43,1050,800,250,0.7619047619047619,13,8,5,328.42437924798026,0.7697489848652639,0.21755290381229653,0.2345391061696709,138496.9414605036,497.15440538196566,138994.09586588558,1999,58,732.2790697674419,39,4,19,28.206436582549895,0.6989850427350426,36.84895833333334,1052.6041666666679,26.989850427350458,0
2003,4,0,0,43,0.0,0.0,1.0,43,1250,800,450,0.64,17,8,9,329.41793512878047,0.7685954226651901,0.2197347773085756,0.23550313250510937,138533.7155153182,527.0981021548007,139060.813617473,2000,59,733.2790697674419,40,3,19,28.144206326221965,0.69765625,36.8140243902439,1052.743902439024,26.318597560975597,0
2004,4,0,0,43,0.0,0.0,1.0,43,1250,900,350,0.72,16,9,7,332.7719269823808,0.7662421557770395,0.22615078813114398,0.23921732282242475,138721.00456903985,632.4912006742255,139353.4957697141,2001,60,734.2790697674419,40,3,19,27.872170236028026,0.6994791666666667,36.63617886178863,1053.4552845528474,26.336382113821184,0
2005,4,0,0,43,0.0,0.0,1.0,43,850,400,450,0.47058823529411764,13,4,9,333.33377361864365,0.7646733111849391,0.22350192575919126,0.24002291590532987,138777.7258617568,651.8606111426117,139429.58647289942,2002,61,735.2790697674419,41,2,19,27.801741047610086,0.6984247967479675,36.58234126984127,1053.6706349206354,25.699283778552083,0
2006,4,0,0,43,0.0,0.0,1.0,43,1300,1200,100,0.9230769230769231,14,12,2,336.1726745082738,0.7632428940568475,0.22886312692630972,0.242628973775537,138856.13504661137,735.9276581002881,139592.06270471166,2003,62,736.2790697674419,41,2,19,27.650053338353413,0.6991869918699186,36.50793650793651,1053.9682539682549,25.706542779713534,0
2007,4,0,0,43,0.0,0.0,1.0,43,1800,1200,600,0.6666666666666666,24,12,12,337.1843818593336,0.7612126245847176,0.23581082943592446,0.24453113767506435,139018.25086805577,774.9762810216932,139793.22714907746,2004,63,737.2790697674419,39,4,20,27.464440932437785,0.704059829059829,36.35416666666668,1054.583333333335,27.040598290598336,0
2008,4,0,0,43,0.0,0.0,1.0,43,1450,900,550,0.6206896551724138,20,9,11,337.32854718024686,0.7612126245847176,0.2363655987562605,0.24523519004266786,139100.6523980037,784.5241970486366,139885.17659505233,2005,64,738.2790697674419,39,4,20,27.379879694545945,0.704861111111111,36.27604166666668,1054.895833333335,27.048611111111157,0
2009,4,0,0,43,0.0,0.0,1.0,43,1650,1400,250,0.8484848484848485,19,14,5,337.4483309103949,0.7593207825765965,0.2346915801231535,0.2464044469839185,139248.51313499943,797.8356678319575,140046.3488028314,2006,65,739.2790697674419,41,2,20,27.23186311370117,0.7029979674796747,36.1359126984127,1055.4563492063498,25.742837785520727,0
2010,4,0,0,43,0.0,0.0,1.0,43,750,400,350,0.5333333333333333,11,4,7,336.4708431439297,0.7590439276485788,0.23452508179201526,0.2460746558003135,139300.87204152512,774.1363732993382,140075.00841482446,2007,66,740.2790697674419,41,2,20,27.206383328634523,0.7035060975609755,36.08630952380953,1055.6547619047633,25.747677119628374,0
2011,4,0,0,43,0.0,0.0,1.0,43,1350,900,450,0.6666666666666666,18,9,9,338.88974282049065,0.7581210778885197,0.23986504941559983,0.24823148883953786,139353.2407899504,845.0767865016498,140198.31757645204,2008,67,741.2790697674419,41,2,20,27.09126107926964,0.7040142276422763,36.036706349206355,1055.8531746031758,25.752516453735996,0
2012,4,0,0,43,0.0,0.0,1.0,43,1100,900,200,0.8181818181818182,13,9,4,332.51381203291766,0.7572443706164637,0.23225531153430556,0.2437232474748869,139375.50048828125,671.9313879342236,140047.43187621547,2009,68,742.2790697674419,39,4,16,27.237779915162285,0.7075320512820513,36.015625,1055.9375,27.075320512820515,1
2013,4,0,0,43,0.0,0.0,1.0,43,1250,900,350,0.72,16,9,7,313.25904183222656,0.7571520856404577,0.1820287534226006,0.2075420902403736,135884.19676610804,-75.84274261893455,135808.3540234891,2010,69,743.2790697674419,38,5,17,31.177630904805817,0.6751644736842104,39.34294871794873,1042.628205128207,27.437584345479127,8
2014,4,0,0,43,0.0,0.0,1.0,43,1050,700,350,0.6666666666666666,14,7,7,312.24961080476226,0.75687523071244,0.179700118637526,0.2073592313385097,135967.75353385956,-108.82437541088734,135858.92915844868,2011,70,744.2790697674419,38,5,17,31.12131223110019,0.675986842105263,39.262820512820525,1042.94871794872,27.44601889338737,0
2015,4,0,0,43,0.0,0.0,1.0,43,1400,800,600,0.5714285714285714,20,8,12,309.23287242069586,0.7561830933923956,0.17198397070343652,0.20616228429576372,136107.07188481645,-182.2438408576037,135924.82804395884,2012,71,745.2790697674419,38,5,17,31.062293095798793,0.6773574561403508,39.12927350427351,1043.4829059829074,27.460076473234405,0
2016,4,0,0,43,0.0,0.0,1.0,43,800,400,400,0.5,12,4,8,310.257100622401,0.7559985234403839,0.17393063721406277,0.20733323345286325,136190.69713821323,-149.17383483088167,136041.52330338236,2013,72,746.2790697674419,38,5,19,30.952959740702834,0.6781798245614035,39.0491452991453,1043.8034188034194,27.468511021142614,0
2017,4,0,0,43,0.0,0.0,1.0,43,600,500,100,0.8333333333333334,7,5,2,311.9621713662899,0.7559523809523809,0.17402232044041122,0.20863671296509392,136218.577929816,-100.99132971727511,136117.58660009873,2014,73,747.2790697674419,38,5,19,30.8809231399038,0.678453947368421,39.022435897435905,1043.9102564102573,27.471322537112034,0
2018,4,0,0,43,0.0,0.0,1.0,43,1150,600,550,0.5217391304347826,17,6,11,314.4710248466692,0.7552602436323366,0.17564564689945694,0.21103657932481346,136339.89257812538,-25.01085069439955,136314.88172743097,2015,74,748.2790697674419,39,4,19,30.695608085644018,0.6778846153846152,38.90625000000002,1044.375000000003,26.778846153846228,0
2019,4,0,0,43,0.0,0.0,1.0,43,1650,1300,350,0.7878787878787878,20,13,7,313.22440789409666,0.753968253968254,0.17417406280205516,0.21133695254885526,136530.33989800382,-47.07302517357692,136483.26687283025,2016,75,749.2790697674419,39,4,21,30.540154988537818,0.6797542735042733,38.72395833333335,1045.1041666666695,26.797542735042807,0
2020,4,0,0,43,0.0,0.0,1.0,43,1200,900,300,0.75,15,9,6,314.97450151951944,0.7553525286083426,0.1754242865220086,0.21301105776616594,136612.00086805577,5.85937500001927,136617.8602430558,2017,76,750.2790697674419,39,4,21,30.41384349674506,0.6805555555555555,38.64583333333334,1045.4166666666683,26.8055555555556,0
2021,4,0,0,43,0.0,0.0,1.0,43,1100,900,200,0.8181818181818182,13,9,4,318.25287658117884,0.7535991140642303,0.18652362522958188,0.21606336266069098,136748.1567382814,104.09884982640364,136852.2555881078,2018,77,751.2790697674419,39,4,21,30.193809547521823,0.6818910256410255,38.51562500000001,1045.9375000000011,26.818910256410284,0
2022,4,0,1,42,0.0,0.023255813953488372,0.9767441860465116,43,1200,800,400,0.6666666666666666,16,8,8,317.28458596867495,0.7530454042081949,0.18636606776905817,0.21574062944369687,136802.63807508687,81.07367621528766,136883.71175130215,2019,78,752.2790697674419,39,4,21,30.165392976866144,0.6824252136752136,38.46354166666667,1046.145833333334,26.824252136752154,0
2023,4,0,0,42,0.0,0.0,1.0,42,1000,600,400,0.6,14,6,8,318.95517514813366,0.7533391405342624,0.1885530480955786,0.21706240654799655,136832.67729792162,328.6981107093203,137161.37540863093,2020,79,763.3809523809524,38,4,21,30.092072568841697,0.684484649122807,38.434829059829056,1046.2606837606832,27.53317588843903,0
2024,4,0,1,41,0.0,0.023809523809523808,0.9761904761904762,42,1300,1100,200,0.8461538461538461,15,11,4,304.19562859046164,0.7534601238869532,0.15523042188675928,0.1898722037642979,133720.7352276464,-228.11016144348048,133492.62506620292,2021,80,764.3809523809524,38,4,17,33.56058258444378,0.653782894736842,41.42628205128206,1034.2948717948725,27.218286099865065,8
2025,4,0,1,40,0.0,0.024390243902439025,0.975609756097561,41,1400,1100,300,0.7857142857142857,17,11,6,308.71831568853463,0.7527947154471545,0.16419075787111392,0.1928773900798435,133755.632742767,58.56273084024397,133814.19547360722,2022,81,779.6829268292682,37,4,18,33.40885803123452,0.6559684684684686,41.392543859649116,1034.4298245614032,27.95756282598387,0
2026,4,0,0,40,0.0,0.0,1.0,40,1300,1100,200,0.8461538461538461,15,11,4,308.002245816498,0.7505608974358975,0.15639436321254574,0.19302292138221136,133869.08111149565,246.39552554630222,134115.47663704195,2023,82,786.975,37,3,19,33.31434979162252,0.6570945945945947,41.282894736842096,1034.8684210526299,27.969416785206214,0
2027,4,0,0,40,0.0,0.0,1.0,40,800,500,300,0.625,11,5,6,310.67709466980915,0.7500267094017093,0.08629987531172056,0.185942559645662,132150.7232084155,211.24054898093448,132361.96375739644,2024,83,787.975,38,2,20,34.96272339983375,0.6381578947368421,42.94871794871795,1028.2051282051282,27.058029689608635,5
2028,4,0,0,40,0.0,0.0,1.0,40,1200,1000,200,0.8333333333333334,14,10,4,310.1853708616532,0.7508814102564103,0.09036304144593377,0.1860532439429991,132233.12428090078,203.35613905325658,132436.48041995405,2025,84,788.975,38,2,21,34.89274955853329,0.6389802631578947,42.868589743589745,1028.5256410256413,27.06646423751688,0
2029,4,0,0,40,0.0,0.0,1.0,40,650,400,250,0.6153846153846154,9,4,5,310.1853708616532,0.7501602564102564,0.09036304144593377,0.1860532439429991,132233.12428090078,203.35613905325658,132436.48041995405,2026,85,789.975,38,2,21,34.89274955853329,0.6389802631578947,42.868589743589745,1028.5256410256413,27.06646423751688,0
2030,4,0,0,40,0.0,0.0,1.0,40,1100,800,300,0.7272727272727273,14,8,6,308.8659577601961,0.7500801282051281,0.08614598096780779,0.18580864377315562,132344.4064670138,175.33637152777422,132519.74283854157,2027,86,790.975,39,1,22,34.81516163865833,0.6383547008547009,42.760416666666664,1028.9583333333326,26.38354700854699,0
2031,4,0,0,40,0.0,0.0,1.0,40,700,400,300,0.5714285714285714,10,4,6,312.09828464081033,0.7504006410256411,0.09159565402641734,0.18830197276400537,132454.4330947982,267.78197378037606,132722.21506857857,2028,87,791.975,37,3,23,34.62176892486863,0.6430180180180181,42.653508771929815,1029.3859649122792,27.821242294926464,0
2032,4,0,0,40,0.0,0.0,1.0,40,950,700,250,0.7368421052631579,12,7,5,310.92964781376435,0.7490651709401709,0.0980670926517575,0.18787833931603884,132510.87474030457,240.31192289934026,132751.1866632039,2029,88,792.975,37,3,24,34.59531416400427,0.6435810810810811,42.59868421052631,1029.6052631578937,27.827169274537667,0
2033,4,1,1,40,0.024390243902439025,0.024390243902439025,0.975609756097561,41,950,700,250,0.7368421052631579,12,7,5,301.31269436912095,0.7574186991869919,0.0964318204791268,0.18321367457859333,132746.6484917534,-200.34993489583604,132546.29855685757,2030,0,774.609756097561,39,2,13,34.60706644428719,0.6423611111111112,42.369791666666664,1030.520833333333,26.423611111111104,0
2034,4,0,0,40,0.0,0.0,1.0,40,750,500,250,0.6666666666666666,10,5,5,306.8096856813443,0.7487446581196581,0.09459970963393194,0.18619042158748889,132673.03040990914,141.0741516911169,132814.10456160025,2031,90,794.975,38,2,13,34.53908707525322,0.6433662280701755,42.441239316239304,1030.2350427350407,27.111448493027385,0
2035,4,0,0,40,0.0,0.0,1.0,40,1200,1000,200,0.8333333333333334,14,10,4,310.47537499071825,0.7471153846153846,0.10155472636815954,0.18910772840343712,132810.65088757372,246.88732741614342,133057.53821498985,2032,91,795.975,38,2,15,34.306980721393025,0.6447368421052633,42.30769230769229,1030.7692307692287,27.12550607287444,0
2036,4,0,0,40,0.0,0.0,1.0,40,1000,600,400,0.6,14,6,8,311.57899366572445,0.7492254273504273,0.10291817711030582,0.1907606330908414,133003.43940618375,288.21556085177644,133291.65496703552,2033,92,796.975,38,2,18,34.085750043155535,0.6466557017543859,42.120726495726494,1031.5170940170938,27.145186684660363,0
2037,4,0,0,40,0.0,0.0,1.0,40,1400,1100,300,0.7857142857142857,17,11,6,323.72857430692403,0.7466880341880342,0.1118334022323273,0.20131090520525696,133582.64391116964,648.9037731024972,134231.54768427214,2034,93,797.975,38,2,22,33.19338225161913,0.6524122807017543,41.55982905982906,1033.7606837606843,27.204228520018006,1
2038,4,0,0,40,0.0,0.0,1.0,40,850,700,150,0.8235294117647058,10,7,3,318.1245836022196,0.7469818376068376,0.03487373214655376,0.19577832654551872,133196.3677496529,478.1034270216909,133674.4711766746,2035,94,798.975,38,2,18,33.72403919133375,0.6485745614035088,41.93376068376068,1032.2649572649566,27.164867296446225,4
2039,4,0,0,40,0.0,0.0,1.0,40,950,900,50,0.9473684210526315,10,9,1,318.8904218153808,0.7481570512820512,0.03721543874172162,0.19654062732294886,133251.51581561827,498.52641719627474,133750.04223281454,2036,95,799.975,38,2,18,33.6491532146799,0.6491228070175439,41.880341880341874,1032.4786324786317,27.170490328385043,0
2040,4,0,0,40,0.0,0.0,1.0,40,1100,700,400,0.6363636363636364,15,7,8,320.0026949306431,0.7456463675213675,0.04241985522233738,0.19810666197050675,133417.02849915982,538.761733873902,133955.7902330337,2037,96,800.975,38,2,19,33.45505860048259,0.6507675438596492,41.720085470085465,1033.1196581196573,27.187359424201507,0
2041,4,0,0,40,0.0,0.0,1.0,40,550,400,150,0.7272727272727273,7,4,3,320.6457181205834,0.7465277777777778,0.043286630131320614,0.1986524497081463,133444.62393390675,557.6894541237486,134002.3133880305,2038,97,801.975,38,2,19,33.41088477579016,0.6510416666666666,41.69337606837607,1033.2264957264956,27.190170940170937,0
2042,4,0,0,40,0.0,0.0,1.0,40,1050,600,450,0.5714285714285714,15,6,9,318.5978934629809,0.7465811965811966,0.04177984084880637,0.19768170809009825,133500.54974848026,506.60163877169543,134007.15138725197,2039,98,802.975,37,3,19,33.40793545534925,0.6534346846846846,41.63925438596491,1033.44298245614,27.930891417733516,0
2043,4,0,0,40,0.0,0.0,1.0,40,1100,600,500,0.5454545454545454,16,6,10,318.7630796501688,0.7473557692307692,0.038273960983885136,0.19884744492462908,133698.92659279786,523.6563173284203,134222.58291012628,2040,99,803.975,37,3,20,33.205665111676566,0.6554054054054053,41.44736842105264,1034.21052631579,27.951635846372703,0
2044,4,0,1,39,0.0,0.025,0.975,40,1600,1200,400,0.75,20,12,8,316.33852125762706,0.7480769230769231,0.040225225225225314,0.1977901887386158,133783.99032635044,464.2059335564818,134248.19625990692,2041,100,804.975,37,3,15,33.1835143967497,0.65625,41.36513157894737,1034.5394736842109,27.960526315789483,0
2045,4,1,1,39,0.025,0.025,0.975,40,600,200,400,0.3333333333333333,10,2,8,315.2569499600319,0.75625,0.04886375675389343,0.19772161798489973,133897.45071800947,442.42038415667525,134339.87110216613,2042,0,801.525,37,3,16,33.098381714164624,0.657376126126126,41.255482456140356,1034.9780701754394,27.972380275011876,0
2046,4,0,0,39,0.0,0.0,1.0,39,850,500,350,0.5882352941176471,12,5,7,323.8691359648563,0.747357174988754,0.04944018396347505,0.20270501507119243,133821.54959013092,868.133927846789,134689.6835179777,2043,102,823.0769230769231,36,3,16,32.951267958206344,0.6585648148148147,41.32882882882884,1034.6846846846865,28.741241241241294,0
2047,4,0,0,39,0.0,0.0,1.0,39,1150,700,450,0.6086956521739131,16,7,9,323.09627329938826,0.7477507872244714,0.049290136114202854,0.2027015595832548,133908.95276611092,853.0967200308646,134762.04948614177,2044,103,824.0769230769231,36,3,16,32.884071374170375,0.6594328703703702,41.24436936936938,1035.0225225225242,28.750625625625673,0
2048,4,0,0,39,0.0,0.0,1.0,39,750,700,50,0.9333333333333333,8,7,1,339.89674925612525,0.7476383265856951,0.06638361461290354,0.20740098204122917,132878.03849501754,1232.9626663973345,134111.00116141487,2045,104,825.0769230769231,37,2,16,33.48122496366407,0.6472409909909911,42.2423245614035,1031.0307017543846,27.865694642010396,5
2049,4,0,0,39,0.0,0.0,1.0,39,650,500,150,0.7692307692307693,8,5,3,342.0467299255179,0.7478070175438597,0.0640248640248644,0.2090285571767054,132934.57031249997,1293.9670138888885,134228.53732638885,2046,105,826.0769230769231,37,2,16,33.36910774410776,0.6478040540540541,42.1875,1031.2499999999998,27.871621621621614,0
2050,4,0,0,39,0.0,0.0,1.0,39,800,500,300,0.625,11,5,6,342.9731909829923,0.7473009446693657,0.06593795901905208,0.21023027713087797,133047.67001625506,1326.3567876654438,134374.0268039205,2047,106,827.0769230769231,37,2,16,33.231812626208956,0.6489301801801801,42.077850877192986,1031.6885964912285,27.883475580844014,0
2051,4,0,0,39,0.0,0.0,1.0,39,1300,900,400,0.6923076923076923,17,9,8,341.80869670670296,0.7464574898785425,0.0691784850663355,0.21063289844177446,133245.71021852872,1308.9085103108582,134554.6187288396,2048,107,828.0769230769231,37,2,18,33.06340271877655,0.6509009009009009,41.8859649122807,1032.4561403508767,27.904220009483154,0
2052,4,0,0,39,0.0,0.0,1.0,39,800,600,200,0.75,10,6,4,344.99201347521273,0.7458389563652722,0.06636885074086463,0.21308064097855914,133330.6296769197,1399.600478031687,134730.2301549514,2049,108,829.0769230769231,37,2,18,32.89616289768907,0.6517454954954955,41.80372807017543,1032.7850877192973,27.913110478899927,0
2053,4,0,0,39,0.0,0.0,1.0,39,950,700,250,0.7368421052631579,12,7,5,344.62430299178254,0.7459514170040487,0.06943219554684532,0.2130158093295662,133358.9421745151,1391.7464989227324,134750.68867343783,2050,109,830.0769230769231,37,2,18,32.87730007077141,0.6520270270270271,41.77631578947368,1032.8947368421043,27.916073968705522,0
2054,4,0,0,39,0.0,0.0,1.0,39,550,400,150,0.7272727272727273,7,4,3,345.5495095776938,0.7457827260458839,0.07125380015731397,0.21375061915505242,133387.25767784292,1418.3802948984044,134805.63797274133,2051,110,831.0769230769231,37,2,18,32.825049534727384,0.6523085585585586,41.74890350877192,1033.0043859649104,27.91903745851109,0
2055,4,0,0,39,0.0,0.0,1.0,39,850,600,250,0.7058823529411765,11,6,5,345.42086115888833,0.7451079622132254,0.07138017453203727,0.21399742108482583,133443.89770169646,1418.8612121037029,134862.75891380018,2052,111,832.0769230769231,37,2,18,32.77165357812444,0.6528716216216217,41.69407894736841,1033.2236842105247,27.924964438122288,0
2056,4,0,0,39,0.0,0.0,1.0,39,700,500,200,0.7142857142857143,9,5,4,346.4096083050343,0.7451079622132254,0.07359759951328715,0.21513077391304056,133533.73724489793,1451.482940100088,134985.220184998,2053,112,833.0769230769231,34,5,18,32.65616601397529,0.6599264705882353,41.607142857142854,1033.5714285714282,30.399159663865536,0
2057,4,0,0,39,0.0,0.0,1.0,39,750,500,250,0.6666666666666666,10,5,5,349.72339905169474,0.7443769680611786,0.07335706737042225,0.21791229872044626,133656.8098072563,1548.5827664399142,135205.3925736962,2054,113,834.0769230769231,34,5,19,32.44732903522912,0.6611519607843137,41.48809523809524,1034.0476190476195,30.413165266106457,0
2058,4,0,0,39,0.0,0.0,1.0,39,1350,1100,250,0.8148148148148148,16,11,5,332.65465868997177,0.7446018893387315,0.013497350342921655,0.1961693589206688,131587.9662390431,954.669999391282,132542.63623843438,2055,114,835.0769230769231,36,3,17,34.963917242893196,0.6362847222222223,43.49662162162162,1026.0135135135135,28.500375375375377,8
2059,4,1,0,40,0.025,0.0,1.0,40,1300,800,500,0.6153846153846154,18,8,10,326.3950890561164,0.7503205128205128,0.021551724137931272,0.19387081795742808,131862.52170138882,607.8559027777737,132470.3776041666,2056,0,815.175,37,3,19,34.84829276538201,0.6371058558558559,43.229166666666664,1027.0833333333328,27.759009009008995,0
2060,4,0,0,40,0.0,0.0,1.0,40,800,500,300,0.625,11,5,6,327.14799951285,0.7488514957264957,0.018349701110161876,0.1944620849896178,131890.67790089245,629.5542859341168,132520.23218682656,2057,1,816.175,37,3,19,34.800651152860794,0.6373873873873874,43.201754385964904,1027.1929824561394,27.76197249881458,0
2061,4,0,0,40,0.0,0.0,1.0,40,600,400,200,0.6666666666666666,8,4,4,327.94975996744245,0.7483707264957264,0.01643094841930126,0.19514634231725986,131931.11257213788,653.3553400540218,132584.4679121919,2058,2,817.175,38,2,19,34.73941001109262,0.6359649122807018,43.162393162393144,1027.3504273504245,27.03553756185328,0
2062,4,1,0,41,0.024390243902439025,0.0,1.0,41,1100,600,500,0.5454545454545454,16,6,10,321.1545382188612,0.7559959349593496,0.024666956556113284,0.19238092240877386,132183.68055555542,290.27777777775896,132473.95833333317,2059,0,798.219512195122,39,2,20,34.660318746623425,0.6367521367521369,42.91666666666666,1028.3333333333321,26.367521367521338,0
2063,4,1,0,42,0.023809523809523808,0.0,1.0,42,1000,700,300,0.7,13,7,6,311.0306399914926,0.7623161053039101,0.03138867608158313,0.18777738637971406,132478.41932508658,-158.85687934030108,132319.56244574627,2060,0,780.1904761904761,39,3,21,34.625219231677285,0.639690170940171,42.63020833333332,1029.479166666665,26.396901709401664,0
2064,4,1,2,41,0.023255813953488372,0.046511627906976744,0.9534883720930233,43,800,500,300,0.625,11,5,6,302.96190549819454,0.7675341454411222,0.030646537151762132,0.18413489247570172,132730.03595245944,-557.5710781998175,132172.46487425963,2061,0,763.0232558139535,41,2,15,34.58118722120601,0.6389735772357724,42.38591269841269,1030.4563492063473,25.13308168795969,0
2065,4,0,0,41,0.0,0.0,1.0,41,900,500,400,0.5555555555555556,13,5,8,314.32541500907365,0.7634146341463415,0.03533316061536951,0.1900371087073208,132532.04345703128,131.63791232639002,132663.68136935766,2062,2,795.4634146341464,39,2,21,34.4867012308211,0.640224358974359,42.578125,1029.6875000000002,26.402243589743595,0
2066,4,1,1,41,0.023809523809523808,0.023809523809523808,0.9761904761904762,42,900,600,300,0.6666666666666666,12,6,6,311.0317889271462,0.7711236933797909,0.04054003304791953,0.18960976363443335,132842.88452640624,-136.32799590191547,132706.5565305043,2063,0,777.5,40,2,17,34.26040023659306,0.6416666666666667,42.27642276422764,1030.8943089430893,25.772357723577233,0
2067,4,1,0,42,0.023809523809523808,0.0,1.0,42,1050,600,450,0.5714285714285714,15,6,9,308.6589822611566,0.7715592334494773,0.042505277973258426,0.1889558908293571,133000.07952442332,-189.6661626677218,132810.4133617556,2064,0,778.4047619047619,40,2,18,34.164408866995075,0.6432291666666667,42.1239837398374,1031.5040650406506,25.787601626016265,0
2068,4,0,2,40,0.0,0.047619047619047616,0.9523809523809523,42,1250,900,350,0.72,16,9,7,309.25789274555984,0.7702768099109563,0.050812093250061086,0.19012246723510343,133157.36747306507,-164.00662634674077,132993.36084671834,2065,1,779.4047619047619,40,2,18,33.991811080477866,0.6447916666666667,41.97154471544716,1032.1138211382122,25.802845528455304,0
2069,4,0,0,40,0.0,0.0,1.0,40,900,600,300,0.6666666666666666,12,6,6,322.6741536934117,0.7584668803418804,0.04938632832729173,0.19755351641787525,133003.4394061839,583.3544497406797,133586.79385592457,2066,2,819.0,38,2,18,33.79962886242017,0.6466557017543859,42.1207264957265,1031.517094017095,27.14518668466039,0
2070,4,0,0,40,0.0,0.0,1.0,40,1350,1000,350,0.7407407407407407,17,10,7,333.2343436107957,0.760042735042735,0.04895638629283483,0.20031502677727606,132315.55103550298,818.4171597633176,133133.9681952663,2067,3,820.0,38,2,20,34.217289719626166,0.6398026315789473,42.78846153846154,1028.846153846154,27.074898785425106,4
2071,4,0,1,39,0.0,0.025,0.975,40,800,500,300,0.625,11,5,6,336.1907567245395,0.7606036324786325,0.04648048172757502,0.20238683554817288,132370.51647308064,900.3488202206254,133270.86529330126,2068,4,821.0,38,2,20,34.08603266888151,0.6403508771929824,42.73504273504274,1029.0598290598296,27.080521817363934,0
2072,4,0,0,39,0.0,0.0,1.0,39,1650,1200,450,0.7272727272727273,21,12,9,342.1491520747606,0.751855600539811,0.042894416895482124,0.20596983914186215,132369.79316953302,1258.0424986534356,133627.83566818645,2069,6,842.9487179487179,37,2,20,33.93347096430473,0.6421734234234234,42.73574561403509,1029.0570175438602,27.812351825509733,0
2073,4,0,0,39,0.0,0.0,1.0,39,1100,900,200,0.8181818181818182,13,9,4,344.4190979424189,0.7525303643724697,0.05088934330811612,0.20781088939218834,132455.95838659615,1324.075346654547,133780.0337332507,2070,7,843.9487179487179,36,3,20,33.7884713561609,0.6449652777777778,42.65202702702703,1029.3918918918926,28.594219219219237,0
2074,4,0,0,39,0.0,0.0,1.0,39,850,500,350,0.5882352941176471,12,5,7,342.56873062775543,0.7511808367071525,0.05426500025231751,0.20749229207426845,132600.90115453303,1284.9844777209787,133885.885632254,2071,8,844.9487179487179,36,3,20,33.690502223194116,0.646412037037037,42.51126126126127,1029.9549549549558,28.609859859859885,0
2075,4,0,0,39,0.0,0.0,1.0,39,1150,700,450,0.6086956521739131,16,7,9,343.19206662000585,0.7487629329734593,0.04624462076385183,0.20883602351770564,132774.9370992614,1313.4610116873619,134088.39811094876,2072,9,845.9487179487179,36,3,17,33.49973594114219,0.6481481481481481,42.34234234234234,1030.6306306306305,28.628628628628626,0
2076,4,0,0,39,0.0,0.0,1.0,39,1300,1000,300,0.7692307692307693,16,10,6,370.474224652457,0.7479757085020243,0.09045966130219885,0.2041796205084582,128957.11343277435,1766.8543813684,130723.96781414274,2073,10,846.9487179487179,38,1,17,36.66640370253498,0.6060855263157896,46.07371794871794,1015.7051282051272,26.72908232118756,6
2077,4,0,0,39,0.0,0.0,1.0,39,1450,1000,450,0.6896551724137931,19,10,9,368.53450602632273,0.7483130904183536,0.0903099144580004,0.203249772813125,128984.24373584625,1707.0289100737778,130691.27264592002,2074,11,847.9487179487179,38,1,17,36.68796452110503,0.606359649122807,46.047008547008545,1015.8119658119654,26.731893837156985,0
2078,4,1,1,39,0.025,0.025,0.975,40,850,500,350,0.5882352941176471,12,5,7,359.540794864908,0.7579326923076923,0.08581395348837195,0.199671179436047,129258.6399744341,1295.2987170762876,130553.9386915104,2075,0,827.725,36,4,19,36.636674049464744,0.6128472222222221,45.77702702702704,1016.8918918918936,28.246996996997044,0
2079,4,2,2,39,0.04878048780487805,0.04878048780487805,0.9512195121951219,41,750,500,250,0.6666666666666666,10,5,5,352.8226349121901,0.7669715447154472,0.08979518920566187,0.19732562304366097,129536.0351261927,940.6490458602648,130476.68417205296,2076,0,808.4878048780488,37,4,17,36.525204653166725,0.6137387387387387,45.50438596491228,1017.982456140351,27.51303935514462,0
2080,4,1,0,40,0.025,0.0,1.0,40,1100,800,300,0.7272727272727273,14,8,6,359.4898917915001,0.7541933760683761,0.09321805645335024,0.200769264477058,129480.23069598338,1309.3668244075056,130789.59752039089,2077,0,829.675,37,3,18,36.41232133879191,0.6131756756756757,45.55921052631579,1017.7631578947368,27.507112375533428,0
2081,4,1,0,41,0.024390243902439025,0.0,1.0,41,650,500,150,0.7692307692307693,8,5,3,352.9542379651931,0.7619918699186992,0.10228711283652592,0.19859141990997328,129772.26382725184,960.7340976331361,130732.99792488497,2078,0,810.4146341463414,38,3,19,36.28171856978085,0.6143092105263158,45.2724358974359,1018.9102564102567,26.813427800269913,0
2082,4,0,0,41,0.0,0.0,1.0,41,1300,1000,300,0.7692307692307693,16,10,6,353.177957660231,0.7614329268292683,0.10185566272390534,0.19927089852372942,129881.14458917742,974.2314769157681,130855.37606609319,2079,1,811.4146341463414,38,3,19,36.16540893686896,0.6154057017543859,45.16559829059829,1019.3376068376067,26.824673864147545,0
2083,4,1,0,42,0.023809523809523808,0.0,1.0,42,1200,800,400,0.6666666666666666,16,8,8,348.15471015790166,0.7718253968253969,0.1091757923951453,0.19796121273458903,130182.84640842034,664.7542317708574,130847.6006401912,2080,0,793.0714285714286,39,3,20,35.987313293185004,0.6167200854700854,44.86979166666668,1020.520833333335,26.167200854700898,0
2084,4,1,0,43,0.023255813953488372,0.0,1.0,43,950,600,350,0.631578947368421,13,6,7,337.47614730921816,0.7803156146179402,0.10977625923068435,0.19342521064665433,130492.60567577725,207.7260194104709,130700.33169518772,2081,0,775.6046511627907,36,7,19,35.94616811785886,0.6252893518518519,44.56644144144145,1021.7342342342351,28.381506506506533,0
2085,4,2,1,44,0.044444444444444446,0.022222222222222223,0.9777777777777777,45,700,400,300,0.5714285714285714,10,4,6,322.20174568136247,0.7923821548821549,0.12060907583295677,0.18697849335997183,130972.46334876552,-560.0887345678883,130412.37461419763,2082,0,742.0888888888888,38,7,21,35.85199004975124,0.6263706140350876,44.09722222222223,1023.6111111111119,26.937134502923996,0
2086,4,0,1,43,0.0,0.022727272727272728,0.9772727272727273,44,1400,1000,400,0.7142857142857143,18,10,8,328.34952173377064,0.7821309020436927,0.11482484510774293,0.19008422684984777,130878.94833025541,-205.19198214835694,130673.75634810705,2083,1,759.9090909090909,37,7,21,35.78904129161308,0.6272522522522522,44.18859649122807,1023.2456140350873,27.65528686581317,0
2087,4,0,0,43,0.0,0.0,1.0,43,900,300,600,0.3333333333333333,15,3,12,326.9455997057727,0.7807308970099668,0.09165441015858211,0.18986622644731618,130999.80481591079,-34.03805062456519,130965.76676528621,2084,2,731.8604651162791,38,5,21,35.703010853684006,0.6266447368421051,44.07051282051283,1023.7179487179503,26.93994601889343,0
2088,4,0,0,43,0.0,0.0,1.0,43,650,200,450,0.3076923076923077,11,2,9,324.47869780184556,0.779485049833887,0.08923302403230182,0.1887016893041801,131054.49631090669,-95.12153919203729,130959.37477171465,2085,3,732.8604651162791,38,5,21,35.710994017807465,0.6271929824561402,44.017094017094024,1023.9316239316249,26.945569050832233,0
2089,4,0,0,43,0.0,0.0,1.0,43,1350,700,650,0.5185185185185185,20,7,13,322.9018345860243,0.7795311923218899,0.08546784583469802,0.1879182807836699,131081.84633875746,-134.68626725837254,130947.1600714991,2086,4,733.8604651162791,38,5,21,35.72378716744914,0.6274671052631577,43.99038461538462,1024.0384615384621,26.948380566801635,0
2090,4,0,0,43,0.0,0.0,1.0,43,950,700,250,0.7368421052631579,12,7,5,324.09091177942673,0.7795311923218899,0.08611792972648269,0.18903380939732442,131168.0175781253,-97.9275173610821,131070.09006076421,2087,5,734.8604651162791,39,4,21,35.60648430614874,0.6266025641025641,43.906250000000014,1024.3750000000023,26.2660256410257,0
2091,4,0,0,43,0.0,0.0,1.0,43,750,400,350,0.5333333333333333,11,4,7,321.119600425862,0.778469915097822,0.07855633353347469,0.1878225106414765,131274.7450086807,-169.02126736109133,131105.7237413196,2088,6,735.8604651162791,39,4,22,35.57506607033951,0.6276709401709402,43.80208333333334,1024.791666666668,26.27670940170944,0
2092,4,1,0,44,0.022727272727272728,0.0,1.0,44,1450,1000,450,0.6896551724137931,19,10,9,317.82333951633444,0.7812059548978154,0.08257473243941482,0.1878971583220569,131684.26890432098,-429.5114776234543,131254.75742669753,2089,0,720.1136363636364,38,6,17,35.24751917004963,0.6334978070175439,43.40277777777778,1026.388888888889,27.010233918128655,0
2093,4,1,0,45,0.022222222222222223,0.0,1.0,45,1350,1100,250,0.8148148148148148,16,11,5,311.62931568763906,0.7869949494949495,0.09056000360348171,0.18601611965456358,132049.81689453128,-769.8811848958327,131279.93570963544,2090,0,705.0888888888888,39,6,20,35.03946234924496,0.6354166666666666,43.046875,1027.8125000000002,26.35416666666667,0
2094,4,0,2,43,0.0,0.044444444444444446,0.9555555555555556,45,900,600,300,0.6666666666666666,12,6,6,312.83087847825107,0.7873737373737374,0.08160830265986752,0.1872621953583274,132156.90239800359,-731.4480251736051,131425.45437283,2091,1,706.0888888888888,39,6,21,34.90116249620098,0.6364850427350428,42.942708333333336,1028.2291666666674,26.364850427350447,0
2095,4,1,0,44,0.022727272727272728,0.0,1.0,44,950,500,450,0.5263157894736842,14,5,9,320.1314086418034,0.781866631430585,0.08147383635796834,0.19146205999751872,132123.26189139095,-340.6388112718181,131782.62308011914,2092,0,722.6818181818181,38,6,22,34.747263500640834,0.6378837719298245,42.97542735042735,1028.098290598291,27.055218173639236,0
2096,4,0,0,44,0.0,0.0,1.0,44,750,200,550,0.26666666666666666,13,2,11,319.4744431982057,0.7816904510218464,0.08127733026467232,0.19178177061290447,132264.03130425338,-349.0044487847255,131915.02685546866,2093,1,723.6818181818181,39,5,22,34.622890295358644,0.6375534188034189,42.838541666666664,1028.6458333333328,26.375534188034173,0
2097,4,0,0,44,0.0,0.0,1.0,44,750,500,250,0.6666666666666666,10,5,5,324.98905344608005,0.7810297744890768,0.09016140757713775,0.19564697495391986,132371.20361328128,-196.16156684027607,132175.042046441,2094,2,724.6818181818181,39,5,22,34.373523804703574,0.6386217948717949,42.734375,1029.0625000000002,26.386217948717956,0
2098,4,0,0,44,0.0,0.0,1.0,44,1350,1000,350,0.7407407407407407,17,10,7,323.8947943044901,0.7799726920366455,0.08519580121625348,0.19541930134515104,132454.4330947983,-219.7343022612768,132234.698792537,2095,3,725.6818181818181,37,7,22,34.318189887800045,0.6430180180180181,42.65350877192982,1029.3859649122799,27.82124229492648,0
2099,4,0,0,44,0.0,0.0,1.0,44,1100,900,200,0.8181818181818182,13,9,4,326.62446553945415,0.7804571881606766,0.08420922737435022,0.19780680882089577,132595.55975155812,-138.20923264851638,132457.3505189096,2096,4,726.6818181818181,37,7,22,34.10640459207209,0.6444256756756757,42.51644736842105,1029.9342105263154,27.83605974395447,0
2100,4,1,2,43,0.022222222222222223,0.044444444444444446,0.9555555555555556,45,700,600,100,0.8571428571428571,8,6,2,318.6740046712666,0.7867845117845118,0.08666436384571119,0.19438711410099357,132865.71905361945,-531.8298451311521,132333.8892084883,2097,0,711.5111111111111,38,7,16,34.04058721934369,0.6452850877192984,42.25427350427349,1030.9829059829042,27.13112910481327,0
2101,4,0,0,43,0.0,0.0,1.0,43,1050,800,250,0.7619047619047619,13,8,5,337.78828869180916,0.7818383167220376,0.08427500317702363,0.20522993635657744,132716.91243608482,366.04374644916095,133082.956182534,2098,6,699.5116279069767,36,7,16,33.69717668488159,0.6475694444444444,42.39864864864865,1030.405405405406,28.622372372372393,0
2102,4,2,1,44,0.044444444444444446,0.022222222222222223,0.9777777777777777,45,1400,800,600,0.5714285714285714,20,8,12,325.0791152252096,0.7876262626262627,0.09265544518027968,0.20035488326125142,133251.51581561824,-336.5430272481692,132914.97278837007,2099,0,669.3777777777777,38,7,19,33.48941087196467,0.6491228070175439,41.880341880341874,1032.4786324786314,27.17049032838504,0
2103,4,0,1,43,0.0,0.022727272727272728,0.9772727272727273,44,900,800,100,0.8888888888888888,10,8,2,334.2526720557441,0.7836284355179705,0.09267926314467578,0.20519581844204887,133104.2379025277,98.08943617266698,133202.32733870036,2100,1,685.5909090909091,37,7,19,33.4000770375093,0.6494932432432432,42.02302631578947,1031.907894736842,27.889402560455192,0
2104,4,1,2,42,0.022727272727272728,0.045454545454545456,0.9545454545454546,44,1050,600,450,0.5714285714285714,15,6,9,330.65811246868367,0.7845313601127555,0.08417203593095968,0.2039445218257707,133279.09412895382,13.962739243170603,133293.056868197,2101,0,686.3863636363636,38,6,19,33.31781341610622,0.6493969298245614,41.85363247863247,1032.5854700854693,27.173301844354455,0
2105,4,0,0,42,0.0,0.0,1.0,42,950,600,350,0.631578947368421,13,6,7,344.4919051886883,0.7681233062330624,0.08379080889997947,0.21093220932676365,133007.16256797337,763.9781673565485,133771.14073532991,2102,3,719.8095238095239,36,6,19,33.233260553129554,0.650462962962963,42.11711711711712,1031.5315315315315,28.653653653653652,0
2106,4,0,0,42,0.0,0.0,1.0,42,950,700,250,0.7368421052631579,12,7,5,345.3024966091878,0.7683410762679055,0.09175142958352334,0.21181854583392784,133075.95245652492,790.2917243767132,133866.24418090162,2103,4,720.8095238095239,37,5,19,33.14337584130357,0.6492117117117118,42.05043859649122,1031.7982456140337,27.88643907064956,0
2107,4,1,2,41,0.023255813953488372,0.046511627906976744,0.9534883720930233,43,1250,1100,150,0.88,14,11,3,336.9007008590365,0.7790697674418604,0.08703789684878571,0.20810345528461996,133334.2593163305,384.08108243844345,133718.34039876895,2104,0,705.0232558139535,38,5,20,33.10144477776628,0.6499451754385965,41.80021367521367,1032.7991452991444,27.178924876293273,0
2108,4,0,0,41,0.0,0.0,1.0,41,1350,1100,250,0.8148148148148148,16,11,5,352.54557516632275,0.76875,0.09073223956462195,0.21670557990605943,133152.4065239225,1188.4583485512471,134340.86487247373,2105,6,725.1951219512196,36,5,20,32.87984178941627,0.6519097222222223,41.97635135135135,1032.094594594594,28.669294294294275,0
2109,4,0,0,41,0.0,0.0,1.0,41,1350,1000,350,0.7407407407407407,17,10,7,353.60213666232147,0.7672764227642277,0.08915513301713918,0.2180348346373114,133268.658755884,1224.816497240457,134493.47525312446,2106,7,726.1951219512196,36,5,20,32.73598538553823,0.6530671296296298,41.863738738738725,1032.545045045043,28.68180680680675,0
2110,4,0,0,41,0.0,0.0,1.0,41,1150,800,350,0.6956521739130435,15,8,7,353.9366689187686,0.7663617886178862,0.09180833388715381,0.21926866558607025,133443.13221583058,1246.0835413115685,134689.21575714214,2107,8,727.1951219512196,36,5,21,32.55245231607629,0.6548032407407408,41.69481981981981,1033.2207207207198,28.70057557557555,0
2111,4,0,0,41,0.0,0.0,1.0,41,1250,900,350,0.72,16,9,7,354.5943941592805,0.7638719512195122,0.09154063449453331,0.2209474108800224,133656.80980725627,1278.7974405735079,134935.6072478298,2108,9,728.1951219512196,34,7,23,32.321408012894324,0.6611519607843137,41.48809523809524,1034.0476190476193,30.41316526610645,0
2112,4,0,0,41,0.0,0.0,1.0,41,1200,900,300,0.75,15,9,6,351.64181793612903,0.7614329268292683,0.08904894418071718,0.22014550786757672,133831.2596450618,1212.1334876543324,135043.39313271613,2109,10,729.1951219512196,35,6,20,32.22315436241611,0.6607142857142856,41.31944444444445,1034.7222222222229,29.56349206349208,0
2113,4,0,0,41,0.0,0.0,1.0,41,1100,400,700,0.36363636363636365,18,4,14,350.17872658167835,0.7598069105691057,0.08389785920883663,0.2204819892136718,134040.9208488727,1187.6557945387606,135228.57664341145,2110,11,730.1951219512196,35,6,20,32.0513626541485,0.662797619047619,41.11689814814815,1035.532407407408,29.58664021164023,0
2114,4,0,0,41,0.0,0.0,1.0,41,750,400,350,0.5333333333333333,11,4,7,348.79427535293263,0.7589430894308943,0.08924617999305307,0.22021678373175205,134142.16739966313,1157.6040144874573,135299.7714141506,2111,12,731.1951219512196,36,5,20,31.98604014929158,0.6617476851851851,41.01914414414414,1035.9234234234232,28.775650650650643,0
2115,4,0,1,40,0.0,0.024390243902439025,0.975609756097561,41,1600,1200,400,0.75,20,12,8,362.6600576676591,0.7590955284552846,0.08464470883442576,0.21177671403468312,131212.72243527308,1317.1226970213359,132529.84513229443,2112,13,732.1951219512196,36,5,19,34.57353264453724,0.6325231481481481,43.86261261261261,1024.5495495495493,28.459709709709703,5
2116,4,0,0,40,0.0,0.0,1.0,40,1300,1100,200,0.8461538461538461,15,11,4,360.5658007799591,0.755849358974359,0.05467479674796749,0.2111885404568331,131328.125,1470.5368375131889,132798.66183751318,2108,14,698.7,35,5,19,34.510501355013545,0.6357142857142857,43.75,1025.0,29.285714285714285,0
2117,4,0,0,40,0.0,0.0,1.0,40,800,600,200,0.75,10,6,4,359.70869758553397,0.7560363247863248,0.05385288472394745,0.210849764031441,131357.7852393047,1450.1075692301135,132807.89280853482,2109,15,699.7,35,5,19,34.50248861540778,0.6360119047619047,43.72106481481482,1025.1157407407409,29.289021164021168,0
2118,4,0,0,40,0.0,0.0,1.0,40,900,800,100,0.8888888888888888,10,8,2,360.38362288052747,0.7563301282051282,0.059476534296028616,0.2123963053998003,131565.50068587108,1482.8103566529508,133048.31104252403,2110,16,700.7,35,5,15,34.27534596871241,0.638095238095238,43.51851851851852,1025.925925925926,29.312169312169317,0
2119,4,0,0,40,0.0,0.0,1.0,40,900,700,200,0.7777777777777778,11,7,4,361.51992308577616,0.7575587606837607,0.055793955114469496,0.2135641011326835,131654.57182623894,1519.1501361025503,133173.7219623415,2111,17,701.7,35,5,15,34.156258223375076,0.6389880952380952,43.43171296296297,1026.273148148149,29.32208994708997,0
2120,4,0,1,39,0.0,0.025,0.975,40,850,700,150,0.8235294117647058,10,7,3,361.57047238273975,0.7580929487179487,0.06084958845416599,0.21392718609489805,131713.96933138295,1524.7764221107739,133238.7457534937,2112,18,702.7,35,5,17,34.094998496636215,0.6395833333333333,43.373842592592595,1026.5046296296302,29.32870370370372,0
2121,4,0,0,39,0.0,0.0,1.0,39,950,600,350,0.631578947368421,13,6,7,365.0785532070145,0.7573661718398561,0.03946070371588317,0.2172610333273058,131934.82069485047,1833.3146913805956,133768.13538623106,2113,19,682.025641025641,36,3,17,33.782061821769155,0.6397569444444443,43.1587837837838,1027.3648648648666,28.53791291291296,0
2122,4,0,0,39,0.0,0.0,1.0,39,1350,1100,250,0.8148148148148148,16,11,5,363.69131472077703,0.757085020242915,0.038495247084204154,0.21726271732796168,132079.47812677556,1807.2318095122307,133886.70993628778,2114,20,683.025641025641,36,3,19,33.67180652936022,0.6412037037037036,43.018018018018026,1027.927927927929,28.553553553553584,0
2123,4,0,0,39,0.0,0.0,1.0,39,1150,900,250,0.782608695652174,14,9,5,366.0181248697647,0.7561853351327036,0.03545328717780283,0.21949071138775872,132224.21481870403,1879.2918340638137,134103.50665276786,2115,21,684.025641025641,36,3,20,33.466093653053036,0.6426504629629629,42.87725225225226,1028.4909909909925,28.569194194194235,0
2124,4,1,2,38,0.025,0.05,0.95,40,950,700,250,0.7368421052631579,12,7,5,360.78134730939087,0.7633814102564103,0.02483136593591917,0.2178649072856098,132487.35592689045,1560.0216233618198,134047.37755025228,2116,0,667.9,35,5,20,33.335792580101185,0.6473214285714286,42.62152777777778,1029.513888888889,29.41468253968254,0
2125,4,0,0,38,0.0,0.0,1.0,38,1000,800,200,0.8,12,8,4,377.02814505185637,0.7467697961119014,0.03773478798785268,0.22695715894760038,132368.2260186258,2381.309343921482,134749.5353625473,2117,23,703.0263157894736,35,3,20,33.03773947437483,0.6461309523809522,42.737268518518526,1029.050925925927,29.401455026455057,0
2126,4,0,0,38,0.0,0.0,1.0,38,1100,900,200,0.8181818181818182,13,9,4,376.67145577867615,0.7473921289710763,0.04031031335564328,0.2278467197542342,132551.19756235828,2385.6538591838494,134936.85142154215,2118,24,704.0263157894736,34,4,21,32.86247591522157,0.6501225490196079,42.55952380952381,1029.7619047619048,30.287114845938376,0
2127,4,0,0,38,0.0,0.0,1.0,38,1300,900,400,0.6923076923076923,17,9,8,376.23006148332104,0.7495851114272167,0.042015273859324465,0.22869714973312016,132735.1473922905,2387.7905328798442,135122.93792517035,2119,25,705.0263157894736,34,4,19,32.68854936845348,0.6519607843137254,42.380952380952394,1030.4761904761924,30.308123249299776,0
2128,4,0,0,38,0.0,0.0,1.0,38,900,800,100,0.8888888888888888,10,8,2,375.3684235083598,0.75,0.03783504240669067,0.22847954964743292,132785.41512613604,2368.6903881601615,135154.1055142962,2120,26,706.0263157894736,35,3,19,32.66013943477448,0.650297619047619,42.33217592592593,1030.6712962962968,29.447751322751337,0
2129,4,0,0,38,0.0,0.0,1.0,38,1250,800,450,0.64,17,8,9,375.9893328580191,0.7498518255097203,0.03132607000212673,0.22940499843145454,132874.8981910153,2391.9088648834218,135266.8070558987,2121,27,707.0263157894736,35,3,20,32.55407124681935,0.6511904761904761,42.24537037037038,1031.01851851852,29.457671957672,0
2130,4,0,1,37,0.0,0.02631578947368421,0.9736842105263158,38,600,300,300,0.5,9,3,6,376.85187229299936,0.7507112375533428,0.030987720676396435,0.23048229471536846,132964.41139671212,2421.5774766375207,135385.98887334965,2122,28,708.0263157894736,35,3,20,32.44176205438972,0.6520833333333333,42.15856481481482,1031.3657407407409,29.467592592592595,0
2131,4,0,0,37,0.0,0.0,1.0,37,1400,1200,200,0.8571428571428571,16,12,4,382.45019717559956,0.7489364364364365,0.023097410819543196,0.2343927446056399,133042.01388888896,2776.3888888888937,135818.40277777787,2123,29,708.1351351351351,34,3,21,32.219305331179314,0.6550245098039216,42.083333333333336,1031.6666666666672,30.343137254901976,0
2132,4,0,0,37,0.0,0.0,1.0,37,950,800,150,0.8421052631578947,11,8,3,382.33924887102427,0.7483733733733734,0.027427157978975103,0.23477525777782715,133113.66705246907,2778.915895061722,135892.58294753078,2124,30,709.1351351351351,35,2,22,32.150067294751004,0.6535714285714285,42.013888888888886,1031.9444444444441,29.484126984126974,0
2133,4,2,0,39,0.05128205128205128,0.0,1.0,39,950,500,450,0.5263157894736842,14,5,9,361.7277273078492,0.7546108861898336,0.03334779644207542,0.22557995456735727,133687.58680555562,1873.1481481481533,135560.73495370377,2125,0,673.7179487179487,34,5,24,32.10616438356163,0.6614583333333333,41.458333333333336,1034.1666666666672,30.416666666666682,0
2134,4,0,1,38,0.0,0.02564102564102564,0.9743589743589743,39,1350,900,450,0.6666666666666666,18,9,9,359.35400732973307,0.7533175888439047,0.036389908730334763,0.22560166741747523,133933.93034297062,1825.938917233574,135759.8692602042,2126,1,674.7179487179487,34,5,17,31.920883649607056,0.6639093137254901,41.2202380952381,1035.1190476190484,30.444677871148482,0
2135,4,0,0,38,0.0,0.0,1.0,38,850,400,450,0.47058823529411764,13,4,9,365.99066927113165,0.7526671408250356,0.043340169682763996,0.22906295186480105,133820.6928374905,2195.4249867839408,136016.11782427444,2127,2,693.4473684210526,33,5,17,31.862563662205382,0.6650883838383839,41.329656862745104,1034.6813725490204,31.35398098633395,0
2136,4,0,0,38,0.0,0.0,1.0,38,950,700,250,0.7368421052631579,12,7,5,365.7152592209333,0.752430061640588,0.044408089495497016,0.22928473378773429,133884.09994052764,2192.6916630622786,136076.79160358993,2128,3,694.4473684210526,33,5,17,31.80617229129662,0.665719696969697,41.268382352941174,1034.926470588235,31.36140819964348,0
2137,4,0,1,37,0.0,0.02631578947368421,0.9736842105263158,38,800,500,300,0.625,11,5,6,364.54280131212107,0.7505334281650071,0.04868632837554898,0.2294351147476723,134026.3676303856,2171.669501133798,136198.03713151938,2129,4,695.4473684210526,34,4,17,31.694067601747523,0.664828431372549,41.13095238095239,1035.4761904761913,30.455182072829157,0
2138,4,0,0,37,0.0,0.0,1.0,37,1150,800,350,0.6956521739130435,15,8,7,361.0525574073847,0.7484984984984985,0.04231183916064918,0.22769974180681368,134100.85419077933,2283.4912712191376,136384.34546199845,2130,5,696.1621621621622,35,2,17,31.70989775393899,0.6633928571428571,41.05902777777778,1035.763888888889,29.59325396825397,0
2139,4,0,0,37,0.0,0.0,1.0,37,1400,1200,200,0.8571428571428571,16,12,4,359.7787934648113,0.7469344344344344,0.03580062474534795,0.22801267483916393,134280.734592014,2262.2721354166765,136543.00672743068,2131,6,697.1621621621622,35,2,19,31.563023450586265,0.6651785714285714,40.88541666666667,1036.4583333333342,29.613095238095262,0
2140,4,0,1,36,0.0,0.02702702702702703,0.972972972972973,37,500,400,100,0.8,6,4,2,359.7787934648113,0.7469344344344344,0.03580062474534795,0.22801267483916393,134280.734592014,2262.2721354166765,136543.00672743068,2132,7,698.1621621621622,35,2,19,31.563023450586265,0.6651785714285714,40.88541666666667,1036.4583333333342,29.613095238095262,0
2141,4,0,0,36,0.0,0.0,1.0,36,800,600,200,0.75,10,6,4,363.18379669358245,0.7484126984126984,0.04032690246516624,0.2305105321871515,134334.72222222236,2557.6388888889073,136892.36111111127,2133,8,713.1111111111111,34,2,19,31.420819935691313,0.667892156862745,40.83333333333334,1036.6666666666679,30.49019607843141,0
2142,4,0,0,36,0.0,0.0,1.0,36,1050,700,350,0.6666666666666666,14,7,7,367.2145192497473,0.746660052910053,0.04650708626269373,0.2338741511724939,134460.73555652023,2675.1868730710044,137135.92242959124,2134,9,714.1111111111111,35,1,20,31.190366588550383,0.6669642857142856,40.711805555555564,1037.152777777779,29.63293650793654,0
2143,4,0,0,36,0.0,0.0,1.0,36,800,600,200,0.75,10,6,4,371.3356939955051,0.7465939153439154,0.04614340436609754,0.23688838614104737,134520.76266986033,2790.4721525634527,137311.23482242378,2135,10,715.1111111111111,35,1,20,31.02349008888393,0.6675595238095238,40.65393518518519,1037.38425925926,29.639550264550287,0
2144,4,0,0,36,0.0,0.0,1.0,36,1250,700,550,0.56,18,7,11,370.0198598903368,0.7463293650793651,0.04875624827803349,0.23686305316789616,134646.1566014274,2764.357098046049,137410.51369947346,2136,11,716.1111111111111,33,3,20,30.932297201558622,0.6732954545454545,40.53308823529412,1037.8676470588243,31.450534759358312,0
2145,4,0,1,35,0.0,0.027777777777777776,0.9722222222222222,36,1000,700,300,0.7,13,7,6,370.59975550906097,0.7465608465608466,0.04526433162796817,0.23744174955837727,134677.95589436765,2782.3235053825547,137460.2793997502,2137,12,717.1111111111111,33,3,20,30.885478158205434,0.673611111111111,40.50245098039216,1037.990196078432,31.454248366013093,0
2146,4,0,0,35,0.0,0.0,1.0,35,1200,900,300,0.75,15,9,6,369.70289432644813,0.7435574229691876,0.05081688051120392,0.23748996388385105,134773.37630058153,2965.221459294508,137738.59775987602,2138,13,730.7142857142857,33,2,21,30.813441716825988,0.6745580808080808,40.41053921568628,1038.3578431372553,31.465389185977433,0
2147,4,0,0,35,0.0,0.0,1.0,35,750,500,250,0.6666666666666666,10,5,5,371.09555259700124,0.7441176470588234,0.04511420143278544,0.23880294671674931,134837.00867755205,3007.4828491445774,137844.49152669663,2139,14,731.7142857142857,33,2,14,30.71374139626352,0.6751893939393938,40.34926470588236,1038.6029411764719,31.472816399287026,0
2148,4,0,0,35,0.0,0.0,1.0,35,1050,900,150,0.8571428571428571,12,9,3,373.5971431114276,0.7411764705882352,0.058706199460916375,0.24147132420616657,134996.15532487503,3086.835592079967,138082.990916955,2140,15,732.7142857142857,33,2,15,30.489878144654085,0.6767676767676767,40.19607843137255,1039.2156862745096,31.491384432560896,0
2149,4,0,0,35,0.0,0.0,1.0,35,1050,1000,50,0.9523809523809523,11,10,1,375.09772395707944,0.7408263305322128,0.05692732538559997,0.24329733104372028,135123.54022491357,3136.906478277593,138260.44670319115,2141,16,733.7142857142857,33,2,15,30.323746660380337,0.678030303030303,40.07352941176471,1039.7058823529417,31.50623885918005,0
2150,4,0,0,35,0.0,0.0,1.0,35,1200,800,400,0.6666666666666666,16,8,8,375.07596401674425,0.7391456582633052,0.05605211331616444,0.2439287131502001,135219.11832288076,3143.4882316897542,138362.60655457052,2142,17,734.7142857142857,33,2,15,30.22895310474844,0.6789772727272727,39.98161764705883,1040.0735294117658,31.51737967914442,0
2151,4,0,0,35,0.0,0.0,1.0,35,850,600,250,0.7058823529411765,11,6,5,381.5621784163117,0.7368347338935574,0.06547047096120573,0.24929869683971592,135385.77806122456,3331.618480725635,138717.39654195018,2143,18,735.7142857142857,34,1,15,29.893998322275603,0.6783088235294117,39.82142857142858,1040.7142857142862,30.609243697479005,0
2152,4,0,0,35,0.0,0.0,1.0,35,600,300,300,0.5,9,3,6,384.31188784320744,0.7369747899159663,0.06533132923800844,0.2515286786901952,135447.7324263039,3410.8347505669026,138858.5671768708,2144,19,736.7142857142857,34,1,15,29.76064539493749,0.6789215686274509,39.761904761904766,1040.9523809523814,30.616246498599452,0
2153,4,0,0,35,0.0,0.0,1.0,35,1100,1000,100,0.9090909090909091,12,10,2,381.0467933202161,0.7365546218487394,0.06048076294989868,0.25025505615354715,135571.68367346932,3331.8310657596285,138903.51473922894,2145,20,737.7142857142857,34,1,17,29.722031702484365,0.6801470588235294,39.64285714285714,1041.4285714285709,30.63025210084032,0
2154,4,0,0,35,0.0,0.0,1.0,35,850,600,250,0.7058823529411765,11,6,5,381.79868907931603,0.7335434173669467,0.07327446916159386,0.2518375226459121,135726.70245181408,3364.0554138322027,139090.75786564627,2146,21,738.7142857142857,34,1,18,29.547964507406984,0.6816789215686274,39.49404761904762,1042.0238095238096,30.64775910364146,0
2155,4,0,0,35,0.0,0.0,1.0,35,950,500,450,0.5263157894736842,14,5,9,380.19422460303934,0.7328431372549019,0.0740037207480666,0.2509970016723233,135757.71683673467,3322.8599773242645,139080.57681405894,2147,22,739.7142857142857,34,1,18,29.55886832686011,0.6819852941176471,39.464285714285715,1042.142857142857,30.65126050420168,0
2156,4,0,1,34,0.0,0.02857142857142857,0.9714285714285714,35,700,500,200,0.7142857142857143,9,5,4,381.77743581949267,0.7328431372549019,0.07404748307089837,0.252261241554691,135788.7347647391,3368.2149943310524,139156.94975907018,2148,23,740.7142857142857,34,1,18,29.486721873215302,0.6822916666666667,39.4345238095238,1042.261904761904,30.65476190476188,0
2157,4,0,0,34,0.0,0.0,1.0,34,800,500,300,0.625,11,5,6,381.99453149962494,0.7251931075460488,0.08838977472697263,0.253064153318738,135881.80980725624,3581.2216553287976,139463.03146258503,2149,24,755.0294117647059,34,0,16,29.388368729542513,0.6832107843137255,39.345238095238095,1042.6190476190475,30.665266106442573,0
2158,4,0,0,34,0.0,0.0,1.0,34,800,600,200,0.75,10,6,4,381.99453149962494,0.7251931075460488,0.08838977472697263,0.253064153318738,135881.80980725624,3581.2216553287976,139463.03146258503,2150,25,756.0294117647059,34,0,16,29.388368729542513,0.6832107843137255,39.345238095238095,1042.6190476190475,30.665266106442573,0
2159,4,0,0,34,0.0,0.0,1.0,34,1000,700,300,0.7,13,7,6,381.3171709519224,0.7241904337492573,0.08775197857301098,0.25371923834864807,136037.0057397959,3574.649234693874,139611.65497448976,2151,26,757.0294117647059,34,0,16,29.251540568298527,0.6847426470588236,39.19642857142857,1043.2142857142853,30.682773109243687,0
2160,4,0,0,34,0.0,0.0,1.0,34,1250,1100,150,0.88,14,11,3,377.16424434334476,0.7255644682115271,0.08549073291191966,0.25161505067836815,136130.16581632648,3468.6862244897893,139598.85204081627,2152,27,758.0294117647059,34,0,16,29.267197125256672,0.6856617647058824,39.107142857142854,1043.571428571428,30.69327731092435,0
2161,4,0,0,34,0.0,0.0,1.0,34,700,500,200,0.7142857142857143,9,5,4,382.5017791791073,0.7254530600118836,0.0771095084325022,0.25322510781919577,135857.16919273837,3594.400839379867,139451.57003211824,2153,28,759.0294117647059,33,1,20,29.399685553073937,0.685290404040404,39.368872549019606,1042.5245098039215,31.59165181224005,1
2162,4,0,0,34,0.0,0.0,1.0,34,750,600,150,0.8,9,6,3,380.28293822063756,0.7249702911467618,0.07591324200913196,0.2523695862736958,135943.8775510204,3539.427437641722,139483.30498866213,2154,29,760.0294117647059,34,0,18,29.37119482496194,0.6838235294117647,39.285714285714285,1042.857142857143,30.672268907563026,0
2163,4,0,0,34,0.0,0.0,1.0,34,1100,800,300,0.7272727272727273,14,8,6,377.8019101761525,0.7234105763517529,0.07515668827421496,0.2520404524051867,136130.16581632657,3486.047335600915,139616.21315192748,2155,30,761.0294117647059,34,0,18,29.250560879154317,0.6856617647058822,39.10714285714286,1043.571428571429,30.69327731092438,0
2164,4,0,0,34,0.0,0.0,1.0,34,750,600,150,0.8,9,6,3,377.53878153471146,0.7232620320855615,0.07443511163589522,0.2523064052207584,136192.29024943316,3483.574263038556,139675.86451247171,2156,31,762.0294117647059,34,0,18,29.195654653284656,0.6862745098039216,39.04761904761905,1043.8095238095243,30.700280112044833,0
2165,4,0,0,34,0.0,0.0,1.0,34,1000,900,100,0.9,11,9,2,377.07427154876177,0.7230020796197267,0.07922163278719352,0.25265992633721845,136285.50347222228,3477.951388888894,139763.45486111118,2157,32,763.0294117647059,34,0,18,29.115123703112538,0.6871936274509804,38.958333333333336,1044.166666666667,30.710784313725497,0
2166,4,0,0,34,0.0,0.0,1.0,34,1050,600,450,0.5714285714285714,15,6,9,379.29540164648915,0.7219251336898396,0.07741701967933934,0.2552681322737417,136440.92970521556,3550.283446712034,139991.2131519276,2158,33,764.0294117647059,34,0,19,28.902689152233357,0.6887254901960783,38.80952380952382,1044.7619047619057,30.72829131652664,0
2167,4,0,0,34,0.0,0.0,1.0,34,500,400,100,0.8,6,4,2,378.20918833258264,0.7219994058229353,0.07575757575757547,0.2549861947145479,136503.12500000015,3525.347222222237,140028.4722222224,2159,34,765.0294117647059,34,0,19,28.869284954811263,0.6893382352941175,38.75000000000001,1045.0000000000011,30.735294117647094,0
2168,4,0,0,34,0.0,0.0,1.0,34,700,500,200,0.7142857142857143,9,5,4,378.4180836550366,0.7213680926916222,0.07537999825827146,0.2558036329926774,136596.44451530624,3538.112953514753,140134.557468821,2160,35,766.0294117647059,34,0,19,28.771163117336673,0.6902573529411764,38.66071428571429,1045.3571428571438,30.745798319327758,0
2169,4,0,0,34,0.0,0.0,1.0,34,350,200,150,0.5714285714285714,5,2,3,379.73964986350956,0.7215537730243613,0.07666081691159721,0.25692400655634406,136627.55810657618,3576.5802154195276,140204.1383219957,2161,36,767.0294117647059,34,0,19,28.705733318150774,0.690563725490196,38.630952380952394,1045.4761904761922,30.749299719888004,0
2170,4,0,0,34,0.0,0.0,1.0,34,900,700,200,0.7777777777777778,11,7,4,382.0574276598784,0.7218137254901962,0.07042418561049946,0.25917949822332315,136720.92013888905,3647.048611111136,140367.96875000017,2162,37,768.0294117647059,34,0,19,28.552456839309443,0.6914828431372548,38.54166666666668,1045.8333333333346,30.759803921568665,0
2171,4,0,0,34,0.0,0.0,1.0,34,800,600,200,0.75,10,6,4,385.19830037494785,0.7208110516934046,0.0777621628856322,0.2624723302554876,136876.59438775506,3744.926303854867,140621.52069160994,2163,38,769.0294117647059,34,0,19,28.315794463405396,0.6930147058823529,38.39285714285714,1046.4285714285709,30.777310924369733,0
2172,4,0,0,34,0.0,0.0,1.0,34,1000,600,400,0.6,14,6,8,385.1195788875818,0.720959595959596,0.07235856125889883,0.2628859734145667,136938.8888888889,3747.5694444444507,140686.45833333334,2164,39,770.0294117647059,34,0,19,28.256037685774956,0.6936274509803921,38.333333333333336,1046.6666666666667,30.784313725490197,0
2173,4,0,0,34,0.0,0.0,1.0,34,1050,700,350,0.6666666666666666,14,7,7,385.69860537190084,0.720736779560309,0.07673796791443888,0.26516779119318185,137188.20861678003,3782.66014739229,140970.8687641723,2165,40,771.0294117647059,34,0,19,27.993607954545457,0.696078431372549,38.095238095238095,1047.6190476190475,30.812324929971986,0
2174,4,0,0,34,0.0,0.0,1.0,34,1050,800,250,0.7619047619047619,13,8,5,384.02253719264206,0.720736779560309,0.013263148872953767,0.24943293504089903,135173.73864911747,3612.068628721769,138785.80727783925,2166,41,772.0294117647059,32,2,20,30.04163631212561,0.6809895833333334,40.025252525252526,1039.8989898989903,32.49684343434345,5
2175,4,0,1,33,0.0,0.029411764705882353,0.9705882352941176,34,850,500,350,0.5882352941176471,12,5,7,380.51625576425,0.7185457516339869,0.013311866802796057,0.24783189179775936,135272.23186728396,3494.6566358024734,138766.88850308643,2167,42,773.0294117647059,32,2,21,30.034490431686695,0.6819661458333334,39.93055555555556,1040.2777777777778,32.50868055555556,0
2176,4,0,0,33,0.0,0.0,1.0,33,800,600,200,0.75,10,6,4,385.6144353922716,0.7165404040404041,0.01731916912113496,0.2516111292215131,135337.91394054177,3837.6506542699726,139175.56459481173,2168,43,785.8787878787879,32,1,21,29.836336609634756,0.6826171875,39.86742424242424,1040.530303030303,32.51657196969697,0
2177,4,0,0,33,0.0,0.0,1.0,33,850,400,450,0.47058823529411764,13,4,9,384.8451911036529,0.7157512626262627,0.017445194301089817,0.2517987107506758,135436.46694214878,3824.414600550964,139260.88154269973,2169,44,786.8787878787879,32,1,21,29.758005822416308,0.68359375,39.77272727272727,1040.909090909091,32.52840909090909,0
2178,4,0,0,33,0.0,0.0,1.0,33,900,700,200,0.7777777777777778,11,7,4,382.93414574946786,0.7157512626262627,0.018017223642830205,0.25146821927879065,135567.92674216907,3782.7176436077884,139350.64438577686,2170,45,787.8787878787879,32,1,21,29.676638781118655,0.6848958333333334,39.64646464646464,1041.4141414141409,32.5441919191919,0
2179,4,0,0,33,0.0,0.0,1.0,33,850,500,350,0.5882352941176471,12,5,7,408.1461359272629,0.7166982323232324,0.0671898121853498,0.23314567691751797,130362.29663425017,4041.389470625353,134403.68610487552,2171,46,788.8787878787879,31,2,17,34.27379510391432,0.6354166666666667,44.694010416666664,1021.2239583333329,32.94270833333332,8
2180,4,0,0,33,0.0,0.0,1.0,33,350,300,50,0.8571428571428571,4,3,1,408.7465842541175,0.7174084595959597,0.06935125634934436,0.23388890980842816,130428.79104614245,4062.4645657009414,134491.2556118434,2172,47,789.8787878787879,31,2,17,34.190700021244965,0.6360887096774195,44.62890624999999,1021.484374999999,32.95110887096771,0
2181,4,0,0,33,0.0,0.0,1.0,33,1000,900,100,0.9,11,9,2,410.1948748431526,0.7182765151515152,0.07055515645880206,0.23491890423499082,130462.04460991747,4102.97241210937,134565.01702202685,2173,48,790.8787878787879,31,2,17,34.11982751295778,0.6364247311827957,44.596354166666664,1021.6145833333328,32.95530913978493,0
2182,4,0,0,33,0.0,0.0,1.0,33,950,800,150,0.8421052631578947,11,8,3,408.22946164144565,0.7176452020202021,0.06894421926269012,0.23459745782469618,130595.10125054262,4062.553575303824,134657.65482584643,2174,49,791.8787878787879,31,2,17,34.03450106157112,0.637768817204301,44.466145833333336,1022.1354166666673,32.97211021505378,0
2183,4,3,4,32,0.08333333333333333,0.1111111111111111,0.8888888888888888,36,1000,700,300,0.7,13,7,6,378.58764346471173,0.7545965608465609,0.03734897769516743,0.22139146976523358,131267.12018140592,2739.2219387755126,134006.34212018142,2175,0,726.8055555555555,34,2,17,34.11046894361834,0.6372549019607843,43.80952380952381,1024.7619047619048,30.140056022408967,0
2184,4,0,0,32,0.0,0.0,1.0,32,950,600,350,0.631578947368421,13,6,7,409.3641754984665,0.7182459677419355,0.07101152936539235,0.23657332875617515,130812.00003251816,4309.94930772343,135121.94934024158,2176,51,796.03125,30,2,18,33.784708535891035,0.6427083333333334,44.25403225806451,1022.9838709677415,34.099462365591386,0
2185,4,0,0,32,0.0,0.0,1.0,32,900,600,300,0.6666666666666666,12,6,6,405.2848660223691,0.7181619623655915,0.07214789888378204,0.2350528754577565,130949.53399598226,4214.372868250676,135163.90686423294,2177,52,797.03125,30,2,18,33.74917925147736,0.6440972222222221,44.11962365591398,1023.5215053763446,34.11738351254482,0
2186,4,0,0,32,0.0,0.0,1.0,32,800,600,200,0.75,10,6,4,403.16183918420285,0.7184139784946237,0.07274980304621792,0.23403053103863486,130983.92877789344,4161.544325933635,135145.47310382707,2178,53,798.03125,30,2,18,33.76854648109243,0.6444444444444444,44.086021505376344,1023.6559139784949,34.12186379928316,0
2187,4,0,0,32,0.0,0.0,1.0,32,800,700,100,0.875,9,7,2,401.20430250416956,0.7171538978494624,0.07166415069572052,0.23331102110509663,131052.73189097014,4115.783977916531,135168.51586888666,2179,54,799.03125,30,2,19,33.748742014527,0.6451388888888889,44.01881720430108,1023.9247311827964,34.13082437275988,0
2188,4,0,0,32,0.0,0.0,1.0,32,350,0,350,0.0,7,0,7,400.5287232796687,0.7161458333333334,0.07210465879265104,0.23333554062622922,131121.55306971917,4103.589649092398,135225.14271881158,2180,55,800.03125,30,2,19,33.696139545056866,0.6458333333333333,43.951612903225815,1024.1935483870977,34.13978494623659,0
2189,4,0,0,32,0.0,0.0,1.0,32,600,500,100,0.8333333333333334,7,5,2,402.78727469358574,0.7172379032258065,0.06898615848858602,0.2350723283089212,131190.39231414034,4168.364117238984,135358.75643137933,2181,56,801.03125,30,2,19,33.568398495582954,0.6465277777777778,43.884408602150536,1024.4623655913977,34.14874551971325,0
2190,4,2,2,32,0.058823529411764705,0.058823529411764705,0.9411764705882353,34,500,300,200,0.6,7,3,4,384.0402114397979,0.7478461081402258,0.05719517137563668,0.22685165978071783,131651.87225793285,3311.9225716763553,134963.7948296092,2182,0,754.8529411764706,32,2,15,33.581190534776894,0.6458333333333334,43.43434343434343,1026.262626262626,32.070707070707066,0
2191,4,0,0,32,0.0,0.0,1.0,32,850,400,450,0.47058823529411764,13,4,9,402.6858822091988,0.7152217741935485,0.0673438270083786,0.2354609956779436,131263.42337516585,4171.585488725644,135435.0088638915,2183,58,803.03125,32,0,19,33.49684779037293,0.6419270833333334,43.813131313131315,1024.747474747475,32.023358585858595,0
2192,4,0,0,32,0.0,0.0,1.0,32,650,400,250,0.6153846153846154,9,4,5,408.95409482740837,0.7129536290322581,0.0736103828002097,0.23996167964180562,131397.01844143838,4347.10163244933,135744.12007388772,2184,59,804.03125,30,2,19,33.200598671560925,0.648611111111111,43.682795698924735,1025.2688172043015,34.175627240143385,0
2193,4,0,0,32,0.0,0.0,1.0,32,1000,600,400,0.6,14,6,8,409.99651539034767,0.7126596102150539,0.0770046860663256,0.24079010130199865,131431.47193678463,4377.289101341195,135808.7610381258,2185,60,805.03125,30,2,19,33.138899812120414,0.6489583333333333,43.649193548387096,1025.4032258064517,34.18010752688172,0
2194,4,1,1,32,0.030303030303030304,0.030303030303030304,0.9696969696969697,33,1000,500,500,0.5,15,5,10,395.63605195038247,0.7187500000000001,0.06675536573458118,0.23429837861679245,131749.0741537853,3824.936709264359,135574.01086304965,2186,0,781.6060606060606,32,1,17,33.18523756815479,0.6468098958333334,43.339646464646464,1026.641414141414,32.08254419191919,0
2195,4,0,0,32,0.0,0.0,1.0,32,850,600,250,0.7058823529411765,11,6,5,404.1845963565151,0.7113575268817205,0.0787753807106597,0.2383963038390224,131595.18771701396,4237.749565972227,135832.93728298618,2187,62,807.03125,31,1,17,33.12182741116751,0.6478494623655914,43.489583333333336,1026.0416666666672,33.09811827956991,0
2196,4,0,0,32,0.0,0.0,1.0,32,700,400,300,0.5714285714285714,10,4,6,403.6646601827603,0.710853494623656,0.08004789393554912,0.2385071103118829,131661.9957817926,4229.458957248274,135891.45473904087,2188,63,808.03125,31,1,17,33.06743212382644,0.648521505376344,43.42447916666667,1026.302083333334,33.10651881720432,0
2197,4,0,0,32,0.0,0.0,1.0,32,950,700,250,0.7368421052631579,12,7,5,394.39182542479455,0.710853494623656,0.061869734490682005,0.2235648017639537,130063.28158908416,3861.2304687499955,133924.51205783416,2189,64,809.03125,31,1,18,34.92947408731172,0.6323924731182796,44.986979166666664,1020.0520833333329,32.90490591397848,5
2198,4,0,0,32,0.0,0.0,1.0,32,800,600,200,0.75,10,6,4,393.7452531660256,0.7095514112903226,0.062376387648335196,0.22376951044685575,130162.9151238335,3850.2059936523387,134013.12111748583,2190,65,810.03125,31,1,18,34.84446110331334,0.6334005376344086,44.889322916666664,1020.4427083333329,32.9175067204301,0
2199,4,0,0,32,0.0,0.0,1.0,32,900,600,300,0.6666666666666666,12,6,6,392.669720949604,0.7097614247311829,0.05956632653061211,0.2237304224015188,130262.58680555563,3830.072869194887,134092.65967475052,2191,66,811.03125,30,2,20,34.77040816326531,0.6371527777777778,44.79166666666667,1020.833333333334,34.0277777777778,0
2200,4,5,3,34,0.13513513513513514,0.08108108108108109,0.9189189189189189,37,950,900,50,0.9473684210526315,10,9,1,351.1396236413944,0.76001001001001,0.046147275944115496,0.20630617144978464,131446.7860510973,1831.23499657063,133278.02104766792,2192,0,702.2972972972973,35,2,18,34.63224228743416,0.6369047619047619,43.63425925925925,1025.4629629629621,29.298941798941776,0
2201,4,0,0,34,0.0,0.0,1.0,34,1100,800,300,0.7272727272727273,14,8,6,376.37917527397474,0.7326574569221629,0.06889575356769884,0.21933820903897167,131134.0679522499,3071.2264692378444,134205.29442148775,2193,1,765.2647058823529,32,2,19,34.301805966469416,0.640625,43.939393939393945,1024.2424242424252,32.007575757575786,0
2202,4,1,1,34,0.02857142857142857,0.02857142857142857,0.9714285714285714,35,1150,800,350,0.6956521739130435,15,8,7,366.469124114697,0.7462184873949579,0.05885707456162814,0.21517523940124011,131422.3514543686,2632.446805315275,134054.79825968386,2194,0,744.3714285714286,33,2,19,34.26394864746425,0.6410984848484848,43.65808823529412,1025.3676470588243,31.071746880570434,0
2203,4,0,0,34,0.0,0.0,1.0,34,900,500,400,0.5555555555555556,13,5,8,377.7915655447122,0.7326945929887106,0.10345969391096799,0.21489720086544045,130198.14822785942,3037.552450005102,133235.70067786452,2195,3,767.2647058823529,32,2,17,35.21562744855458,0.6311848958333334,44.85479797979798,1020.5808080808082,31.893150252525256,2
2204,4,1,1,34,0.02857142857142857,0.02857142857142857,0.9714285714285714,35,1000,700,300,0.7,13,7,6,372.75609228033545,0.7493697478991597,0.1000993729225923,0.213757929672176,130512.91120001934,2729.896554209936,133242.8077542293,2196,0,746.3142857142857,33,2,15,35.02438634364757,0.6319444444444444,44.54656862745099,1021.813725490197,30.96405228758173,0
2205,4,1,0,35,0.02857142857142857,0.0,1.0,35,650,500,150,0.7692307692307693,8,5,3,374.4671824858043,0.7408963585434173,0.10956033420079403,0.21578412780811834,130700.81218762023,2788.632977700893,133489.4451653211,2197,0,747.2857142857143,33,2,16,34.78996883988495,0.6338383838383839,44.36274509803922,1022.5490196078439,30.986333927510422,0
2206,4,0,0,35,0.0,0.0,1.0,35,850,700,150,0.8235294117647058,10,7,3,379.64831650094635,0.740266106442577,0.10510069640504405,0.2196593066158285,130857.49959450707,2935.965884515588,133793.46547902265,2198,1,748.2857142857143,33,2,16,34.49851778656126,0.6354166666666665,44.20955882352942,1023.1617647058836,31.004901960784352,0
2207,4,1,1,35,0.027777777777777776,0.027777777777777776,0.9722222222222222,36,850,700,150,0.8235294117647058,10,7,3,371.4080854531885,0.7504298941798943,0.10100804628876192,0.21633200806728387,131114.67013888896,2539.409722222227,133654.07986111118,2199,0,728.4722222222222,34,2,17,34.4487388120423,0.6357230392156863,43.958333333333336,1024.1666666666672,30.12254901960786,0
2208,4,1,0,36,0.027777777777777776,0.0,1.0,36,1200,900,300,0.75,15,9,6,371.0670465759773,0.7519510582010582,0.10540971334907967,0.21716629530744994,131297.62081916095,2544.0440759637195,133841.66489512468,2200,0,729.4444444444445,34,2,18,34.27227320246255,0.6375612745098038,43.779761904761905,1024.880952380952,30.143557422969177,0
2209,4,0,0,36,0.0,0.0,1.0,36,1000,800,200,0.8,12,8,4,371.38658058194903,0.75244708994709,0.1031840875292116,0.2182417771284939,131453.76778162265,2564.0366072899988,134017.80438891266,2201,1,730.4444444444445,33,3,19,34.106118546845124,0.6414141414141413,43.62745098039217,1025.490196078433,31.075460487225243,0
2210,4,2,2,36,0.05263157894736842,0.05263157894736842,0.9473684210526316,38,450,200,250,0.4444444444444444,7,2,5,356.88906169410814,0.7697072072072072,0.09115789473684188,0.21214939199833974,131892.2422223295,1814.1797142918504,133706.42193662137,2202,0,692.9473684210526,35,3,16,34.03532863849765,0.6413690476190474,43.20023148148149,1027.199074074075,29.348544973545,0
2211,4,2,2,36,0.05263157894736842,0.05263157894736842,0.9473684210526316,38,900,700,200,0.7777777777777778,11,7,4,354.08273431724933,0.7676623992413466,0.09517178444873697,0.2116394916693008,132100.37964034645,1754.8927254801206,133855.27236582656,2203,0,693.8947368421053,35,3,18,33.89767694963596,0.6434523809523809,42.99768518518519,1028.00925925926,29.371693121693145,0
2212,4,0,1,35,0.0,0.027777777777777776,0.9722222222222222,36,1000,700,300,0.7,13,7,6,390.76456798710024,0.7467923280423281,0.08638287279063994,0.2135647985856032,128624.38303489458,2859.7916330108283,131484.1746679054,2204,1,733.3611111111111,32,4,18,36.49178491411502,0.615234375,46.40151515151516,1014.3939393939409,31.69981060606065,7
2213,4,3,2,36,0.07894736842105263,0.05263157894736842,0.9473684210526316,38,550,400,150,0.7272727272727273,7,4,3,369.09232387332025,0.7678994784257942,0.08246682404571004,0.2045216971806801,129171.13272392281,1935.2147108843467,131106.34743480716,2205,0,695.5,34,4,20,36.48309716204084,0.6161151960784315,45.863095238095234,1016.5476190476184,29.89845938375348,0
2214,4,2,0,38,0.05263157894736842,0.0,1.0,38,850,800,50,0.9411764705882353,9,8,1,369.2211459093993,0.7694701280227596,0.09880276398930832,0.20569517033518425,129383.00028344664,1954.187925170056,131337.1882086167,2206,0,696.4473684210526,34,4,23,36.26379787814962,0.6182598039215687,45.6547619047619,1017.3809523809518,29.922969187675054,0
2215,4,2,4,36,0.05,0.1,0.9,40,950,600,350,0.631578947368421,13,6,7,352.39422463382306,0.7912660256410257,0.08891313957343416,0.19843281510338884,129803.15778193707,1148.3766283174816,130951.53441025455,2207,0,662.575,36,4,13,36.264596456330366,0.6183449074074076,45.242117117117104,1019.0315315315294,28.30643143143137,0
2216,4,1,0,37,0.02702702702702703,0.0,1.0,37,1250,800,450,0.64,17,8,9,373.91758120273545,0.7627002002002002,0.09953763733309717,0.20831158076653047,129383.00028344673,2275.7157029478485,131658.71598639459,2208,0,717.1891891891892,34,3,23,36.144346282861385,0.6182598039215685,45.654761904761905,1017.3809523809525,29.922969187675076,0
2217,4,0,0,37,0.0,0.0,1.0,37,1050,500,550,0.47619047619047616,16,5,11,373.9591382879227,0.7623248248248248,0.09653593696644669,0.20865552964002385,129443.56575963723,2281.3208616780057,131724.88662131524,2209,1,718.1891891891892,34,3,16,36.081539541413186,0.6188725490196079,45.595238095238095,1017.619047619048,29.92997198879553,0
2218,4,0,1,36,0.0,0.02702702702702703,0.972972972972973,37,850,500,350,0.5882352941176471,12,5,7,374.2825401905571,0.7630755755755756,0.09590785967817905,0.20931916292802194,129534.44054705225,2296.495890022689,131830.93643707494,2210,2,719.1891891891892,34,3,16,35.98068452032901,0.6197916666666666,45.50595238095239,1017.9761904761912,29.94047619047621,0
2219,4,1,0,37,0.02702702702702703,0.0,1.0,37,600,400,200,0.6666666666666666,8,4,4,375.467844637152,0.7618868868868869,0.10716034561738841,0.21063130563087448,129655.6565334468,2336.305980725634,131991.96251417242,2211,0,720.1081081081081,34,3,17,35.827001753360605,0.621017156862745,45.386904761904766,1018.4523809523816,29.954481792717107,0
2220,4,0,0,37,0.0,0.0,1.0,37,1100,700,400,0.6363636363636364,15,7,8,375.467844637152,0.7618868868868869,0.10716034561738841,0.21063130563087448,129655.6565334468,2336.305980725634,131991.96251417242,2212,1,721.1081081081081,34,3,17,35.827001753360605,0.621017156862745,45.386904761904766,1018.4523809523816,29.954481792717107,0
2221,4,1,0,38,0.02631578947368421,0.0,1.0,38,1100,800,300,0.7272727272727273,14,8,6,365.62500978150956,0.7752785680417259,0.11319283909467193,0.20690571362780252,129996.88042534741,1906.0221354166874,131902.9025607641,2213,0,703.1052631578947,35,3,20,35.73054988083077,0.6223214285714285,45.05208333333334,1019.7916666666681,29.136904761904802,0
2222,4,0,1,37,0.0,0.02631578947368421,0.9736842105263158,38,1050,600,450,0.5714285714285714,15,6,9,364.85897148101895,0.7745969653864391,0.11922243512831021,0.20741209229839755,130173.987871335,1899.029465663593,132073.0173369986,2214,1,704.1052631578947,35,3,20,35.5701343994556,0.6241071428571427,44.87847222222223,1020.4861111111121,29.15674603174606,0
2223,4,0,0,37,0.0,0.0,1.0,37,750,400,350,0.5333333333333333,11,4,7,372.02264685695627,0.7672672672672672,0.12107124045506534,0.21097697292635742,130080.35891439923,2278.567885487543,132358.92679988677,2215,2,723.8378378378378,34,3,20,35.482553390127215,0.6253063725490196,44.9702380952381,1020.1190476190487,30.003501400560257,0
2224,4,0,0,37,0.0,0.0,1.0,37,950,800,150,0.8421052631578947,11,8,3,372.06129017437064,0.7672672672672672,0.12308458715364856,0.21149266441476852,130171.45691610001,2286.3520408163536,132457.80895691636,2216,3,724.8378378378378,34,3,20,35.38896018043242,0.6262254901960783,44.880952380952394,1020.4761904761924,30.014005602240953,0
2225,4,0,0,37,0.0,0.0,1.0,37,900,600,300,0.6666666666666666,12,6,6,371.6784673052892,0.767017017017017,0.1248758963044676,0.2117702895111534,130262.58680555577,2283.1597222222476,132545.746527778,2217,4,725.8378378378378,34,3,20,35.3061224489796,0.6271446078431371,44.79166666666668,1020.8333333333351,30.02450980392162,0
2226,4,1,1,37,0.02631578947368421,0.02631578947368421,0.9736842105263158,38,800,600,200,0.75,10,6,4,361.9769707190833,0.7756934566145093,0.11399823087129568,0.2074445925679056,130488.24737271733,1846.7480996837398,132334.99547240106,2218,0,707.7105263157895,32,6,15,35.3247549019608,0.6341145833333333,44.57070707070709,1021.7171717171739,31.928661616161683,0
2227,4,0,0,37,0.0,0.0,1.0,37,900,500,400,0.5555555555555556,13,5,8,370.67279050094874,0.7673298298298298,0.11849993797979486,0.2119210910123501,130395.54172092023,2266.8158637152837,132662.35758463552,2219,6,727.8378378378378,31,6,22,35.1967533571307,0.635752688172043,44.661458333333336,1021.3541666666674,32.946908602150565,0
2228,4,0,1,36,0.0,0.02702702702702703,0.972972972972973,37,900,500,400,0.5555555555555556,13,5,8,372.93414414062573,0.766016016016016,0.12391233956362657,0.21357965656404032,130462.04460991763,2330.750189887163,132792.7947998048,2220,7,728.8378378378378,31,6,22,35.071480159741704,0.6364247311827957,44.59635416666667,1021.6145833333342,32.95530913978497,0
2229,4,0,0,36,0.0,0.0,1.0,36,1050,800,250,0.7619047619047619,13,8,5,372.0551275874376,0.7677579365079366,0.125197212275864,0.21446793440075884,130714.10323245097,2526.5704711254234,133240.6737035764,2221,8,738.2777777777778,32,4,19,34.83814874264312,0.6363932291666665,44.34974747474749,1022.6010101010118,31.956281565656617,0
2230,4,0,0,36,0.0,0.0,1.0,36,650,400,250,0.6153846153846154,9,4,5,370.94711607639755,0.7663359788359789,0.12696306354496723,0.2141869271086885,130778.66934815342,2502.3940478012687,133281.0633959547,2222,9,739.2777777777778,32,4,19,34.80100193391763,0.6370442708333333,44.28661616161617,1022.8535353535367,31.964172979798022,0
2231,4,0,0,36,0.0,0.0,1.0,36,950,700,250,0.7368421052631579,12,7,5,370.0461671086878,0.766005291005291,0.12388573466085218,0.21384550969433597,130810.95838434865,2481.218753188465,133292.1771375371,2223,10,740.2777777777778,32,4,19,34.791306673249395,0.6373697916666665,44.25505050505051,1022.979797979799,31.968118686868717,0
2232,4,1,0,37,0.02702702702702703,0.0,1.0,37,750,500,250,0.6666666666666666,10,5,5,360.64216371466495,0.7728978978978979,0.12544266175952168,0.21002693812985768,131108.39468293462,2056.6430279219767,133165.0377108566,2224,0,721.2432432432432,33,4,20,34.73073969925412,0.6379419191919191,43.96446078431374,1024.1421568627466,31.034610814022624,0
2233,4,0,1,36,0.0,0.02702702702702703,0.972972972972973,37,750,300,450,0.4,12,3,9,357.76734807844184,0.7710835835835835,0.12148813543351644,0.20871783255694878,131175.6395266441,1986.0721371882273,133161.71166383234,2225,1,722.2432432432432,34,3,20,34.736345148169676,0.6363357843137254,43.89880952380953,1024.4047619047628,30.12955182072832,0
2234,4,0,0,36,0.0,0.0,1.0,36,700,400,300,0.5714285714285714,10,4,6,366.7719226241574,0.7582341269841271,0.1272524768934109,0.21324839342552807,131045.64838343444,2412.7728818243236,133458.42126525877,2226,2,742.9722222222222,33,3,20,34.63731797326951,0.637310606060606,44.02573529411766,1023.8970588235309,31.027183600713055,0
2235,4,0,0,36,0.0,0.0,1.0,36,750,400,350,0.5333333333333333,11,4,7,373.2859925977311,0.7580026455026455,0.13163206459054222,0.2139256552479349,130488.24737271712,2542.191108382287,133030.4384810994,2227,3,743.9722222222222,32,4,19,35.0358893557423,0.6341145833333334,44.57070707070707,1021.717171717172,31.928661616161627,3
2236,4,0,0,36,0.0,0.0,1.0,36,750,500,250,0.6666666666666666,10,5,5,373.47361084076243,0.7571097883597884,0.13512706454137358,0.21421133469413814,130520.50053884803,2549.1925249974456,133069.69306384548,2228,4,744.9722222222222,32,4,19,34.998352485687214,0.6344401041666667,44.53914141414141,1021.843434343434,31.93260732323231,0
2237,4,0,0,36,0.0,0.0,1.0,36,1150,800,350,0.6956521739130435,15,8,7,373.1388731340474,0.7542658730158731,0.13711782252050764,0.21501869871757517,130700.81218762006,2553.9107554786574,133254.72294309872,2229,5,745.9722222222222,33,3,19,34.823925375519345,0.6338383838383839,44.36274509803921,1022.5490196078425,30.98633392751038,0
2238,4,0,0,36,0.0,0.0,1.0,36,1300,900,400,0.6923076923076923,17,9,8,373.0849793015368,0.7528769841269842,0.13113292890591755,0.2163892879948915,130951.55709342574,2571.21179354096,133522.7688869667,2230,6,746.9722222222222,33,3,20,34.571060823754785,0.6363636363636362,44.117647058823536,1023.529411764707,31.0160427807487,0
2239,4,0,0,36,0.0,0.0,1.0,36,700,400,300,0.5714285714285714,10,4,6,373.9649776765256,0.7520502645502646,0.1333692442741996,0.21725336742070217,131014.2808655326,2598.950523836998,133613.23138936958,2231,7,747.9722222222222,33,3,20,34.48497725640413,0.6369949494949494,44.05637254901961,1023.7745098039225,31.023469994058257,0
2240,4,0,0,36,0.0,0.0,1.0,36,950,700,250,0.7368421052631579,12,7,5,370.57351354533165,0.7520171957671958,0.1312971161900205,0.21581065175598185,131108.3946829346,2517.0596945886427,133625.45437752325,2232,8,748.9722222222222,33,3,20,34.476461848350695,0.6379419191919191,43.96446078431374,1024.1421568627463,31.034610814022617,0
2241,4,0,0,36,0.0,0.0,1.0,36,950,700,250,0.7368421052631579,12,7,5,372.9543465913758,0.7513227513227514,0.13444869851904984,0.21737464636058018,131139.77346453295,2581.829704921192,133721.60316945415,2233,9,749.9722222222222,33,3,20,34.383724176437745,0.6382575757575757,43.93382352941177,1024.2647058823536,31.038324420677384,0
2242,4,0,0,36,0.0,0.0,1.0,36,750,400,350,0.5333333333333333,11,4,7,390.65137769557106,0.754728835978836,0.11304012345678993,0.22657779906343117,130951.55709342561,3049.3031526336017,134000.86024605922,2234,10,750.9722222222222,33,3,21,34.121567688378036,0.6363636363636364,44.11764705882353,1023.529411764706,31.016042780748666,8
2243,4,1,0,37,0.02702702702702703,0.0,1.0,37,500,300,200,0.6,7,3,4,380.32294756028836,0.7637012012012012,0.11075775508346086,0.22258329405482802,131297.62081916086,2587.099631519262,133884.72045068012,2235,0,731.6486486486486,34,3,22,34.03511828706392,0.6375612745098039,43.7797619047619,1024.8809523809514,30.14355742296916,0
2244,4,2,2,37,0.05128205128205128,0.05128205128205128,0.9487179487179487,39,1100,600,500,0.5454545454545454,16,6,10,361.9127000020242,0.7849752586594693,0.09101393477450292,0.2144640989791553,131773.38023244587,1738.0955087474647,133511.47574119334,2236,0,695.0769230769231,35,4,18,34.026251268177205,0.6401785714285715,43.315972222222214,1026.7361111111102,29.335317460317434,0
2245,4,0,1,36,0.0,0.02702702702702703,0.972972972972973,37,650,300,350,0.46153846153846156,10,3,7,375.631489482156,0.7603853853853854,0.10029290851372363,0.220917774805071,131485.1878634418,2477.9953923971357,133963.18325583893,2237,2,733.6486486486486,33,4,23,33.965502648663715,0.641729797979798,43.596813725490186,1025.612745098038,31.07917409387994,0
2246,4,0,0,36,0.0,0.0,1.0,36,350,300,50,0.8571428571428571,4,3,1,376.1666958336017,0.7499338624338625,0.12018011919457394,0.22159686212688787,131548.03929077744,2696.798256680101,134244.83754745754,2238,3,754.1666666666666,33,3,23,33.88820033448812,0.6423611111111112,43.53553921568626,1025.8578431372537,31.086601307189504,0
2247,4,0,0,36,0.0,0.0,1.0,36,750,500,250,0.6666666666666666,10,5,5,375.00140838603363,0.7502645502645503,0.11649649998066303,0.22122773024498418,131602.82206632636,2670.248724489776,134273.07079081613,2239,4,755.1666666666666,34,2,18,33.862687086668984,0.640625,43.48214285714285,1026.071428571427,30.178571428571384,0
2248,4,2,1,37,0.05263157894736842,0.02631578947368421,0.9736842105263158,38,1000,600,400,0.6,14,6,8,359.6950236914902,0.7593349928876245,0.11564657209039653,0.21586428031524788,132253.17166828996,1914.161543300059,134167.33321159,2240,0,716.3684210526316,36,2,21,33.59950915991533,0.6429398148148149,42.8490990990991,1028.603603603604,28.572322322322332,0
2249,4,0,0,37,0.0,0.0,1.0,37,950,800,150,0.8421052631578947,11,8,3,367.9765879338094,0.7510635635635635,0.12305146208793216,0.22029002743962017,132159.87761488341,2326.3481652949304,134486.22578017836,2241,1,736.5945945945946,35,2,21,33.48060183100706,0.644047619047619,42.93981481481482,1028.2407407407409,29.378306878306883,0
2250,4,0,0,37,0.0,0.0,1.0,37,500,400,100,0.8,6,4,2,370.1808773443913,0.7501876876876877,0.12707903132118314,0.22213352173933856,132249.14969403707,2391.2212523576686,134640.37094639475,2242,2,737.5945945945946,35,2,22,33.33391939537152,0.6449404761904762,42.85300925925925,1028.587962962962,29.388227513227484,0
2251,4,0,0,37,0.0,0.0,1.0,37,750,600,150,0.8,9,6,3,370.1808773443913,0.7501876876876877,0.12707903132118314,0.22213352173933856,132249.14969403707,2391.2212523576686,134640.37094639475,2243,3,738.5945945945946,35,2,22,33.33391939537152,0.6449404761904762,42.85300925925925,1028.587962962962,29.388227513227484,0
2252,4,1,1,37,0.02631578947368421,0.02631578947368421,0.9736842105263158,38,850,500,350,0.5882352941176471,12,5,7,362.28947880320743,0.7585348506401138,0.11754720054122458,0.21898965474133422,132524.1568747596,2002.6727180807284,134526.8295928403,2244,0,720.1315789473684,33,5,22,33.259938109973824,0.6521464646464648,42.58578431372548,1029.656862745097,31.201723113487787,0
2253,4,1,0,38,0.02631578947368421,0.0,1.0,38,750,500,250,0.6666666666666666,10,5,5,359.96958587012,0.7565196775723092,0.12173143479292214,0.2182772828685458,132643.15653344677,1949.5004251700684,134592.65695861683,2245,0,721.1052631578947,34,4,19,33.1999499210293,0.6510416666666667,42.470238095238095,1030.119047619048,30.297619047619058,0
2254,4,0,0,38,0.0,0.0,1.0,38,950,700,250,0.7368421052631579,12,7,5,357.0520411795902,0.7574087245139877,0.1175344020428426,0.21715788078299672,132755.59413580247,1880.1311728394999,134635.72530864197,2246,1,722.1052631578947,35,3,19,33.16206199460916,0.65,42.36111111111111,1030.5555555555554,29.44444444444444,0
2255,4,0,1,37,0.0,0.02631578947368421,0.9736842105263158,38,550,300,250,0.5454545454545454,8,3,5,327.64521413600613,0.7574087245139877,0.08230296217931721,0.18628970746590115,130180.8021038794,930.6233563445483,131111.42546022395,2247,2,723.1052631578947,38,0,18,36.5126413316583,0.6184210526315788,44.87179487179489,1020.5128205128235,26.855600539811146,7
2256,4,3,4,36,0.075,0.1,0.9,40,1000,800,200,0.8,12,8,4,311.77859354209875,0.7827991452991453,0.08478294099663763,0.17923159569001862,130608.41064453137,144.2069972212106,130752.61764175257,2248,0,687.7,39,1,14,36.485720472842154,0.6209935897435896,44.45312500000001,1022.1875000000009,26.20993589743592,0
2257,4,0,0,36,0.0,0.0,1.0,36,750,700,50,0.9333333333333333,8,7,1,341.3590076352556,0.7422619047619048,0.10531998429524947,0.19320919832155498,130004.05811216643,1675.6112531450633,131679.66936531148,2249,9,765.0277777777778,36,0,19,36.341928003533575,0.6203703703703702,45.04504504504506,1019.8198198198215,28.328328328328375,0
2258,4,2,2,36,0.05263157894736842,0.05263157894736842,0.9473684210526316,38,1150,800,350,0.6956521739130435,15,8,7,324.78770126536324,0.7651434329065908,0.08918419126347699,0.1860961526183747,130480.80490037637,875.7121365695284,131356.5170369459,2250,0,725.7105263157895,38,0,19,36.28219875213499,0.6214364035087718,44.57799145299146,1021.6880341880354,26.886527215474615,0
2259,4,0,0,36,0.0,0.0,1.0,36,1150,1100,50,0.9565217391304348,12,11,1,339.4693925086216,0.7419973544973546,0.1031859860743356,0.19327578980515997,130233.84871357845,1642.0811013716434,131875.9298149501,2251,11,767.0277777777778,36,0,19,36.15723374521917,0.6226851851851851,44.81981981981982,1020.7207207207208,28.353353353353356,0
2260,4,0,0,36,0.0,0.0,1.0,36,1150,800,350,0.6956521739130435,15,8,7,340.63588367962956,0.7427248677248678,0.10450056364260174,0.1945142439047154,130348.82010388764,1680.2971045369654,132029.1172084246,2252,12,768.0277777777778,36,0,20,36.01101860020584,0.6238425925925927,44.707207207207205,1021.171171171171,28.36586586586586,0
2261,4,0,0,36,0.0,0.0,1.0,36,1000,700,300,0.7,13,7,6,342.7978622128952,0.7444775132275133,0.10251723673414403,0.19647536347805425,130492.60567577714,1746.5172520493466,132239.12292782648,2253,13,769.0277777777778,36,0,16,35.810233660310814,0.6252893518518519,44.56644144144144,1021.7342342342343,28.38150650650651,0
2262,4,0,0,36,0.0,0.0,1.0,36,1250,1100,150,0.88,14,11,3,341.9651699136698,0.7436838624338625,0.09114918046833909,0.19658124428792775,130607.69120049095,1732.6562626815944,132340.34746317254,2254,14,770.0277777777778,36,0,16,35.715039844295106,0.6264467592592593,44.453828828828826,1022.184684684684,28.394019019019,0
2263,4,0,0,36,0.0,0.0,1.0,36,1350,900,450,0.6666666666666666,18,9,9,341.43789650557585,0.7440145502645503,0.09765190159883552,0.19715705110999016,130780.41459956572,1730.6779330005616,132511.09253256628,2255,15,771.0277777777778,36,0,16,35.55382766340048,0.6281828703703705,44.284909909909906,1022.8603603603599,28.412787787787774,0
2264,4,0,1,35,0.0,0.027777777777777776,0.9722222222222222,36,1300,700,600,0.5384615384615384,19,7,12,341.2344935702127,0.7435515873015873,0.10077583360845188,0.19762892562603715,130895.62694028487,1733.2205939047176,132628.84753418958,2256,16,772.0277777777778,36,0,17,35.44257363999856,0.6293402777777778,44.1722972972973,1023.3108108108107,28.425300300300297,0
2265,4,0,1,34,0.0,0.02857142857142857,0.9714285714285714,35,850,700,150,0.8235294117647058,10,7,3,346.7974943375266,0.7458683473389355,0.10075136943138308,0.20078825458009647,130883.62328800155,2078.0225212191376,132961.64580922067,2257,17,783.2571428571429,35,0,18,35.31239395995928,0.63125,44.18402777777778,1023.2638888888889,29.23611111111111,0
2266,4,0,0,34,0.0,0.0,1.0,34,800,700,100,0.875,9,7,2,354.51071854743424,0.7454693998811647,0.10421087215430758,0.2050245703362483,130840.48327664394,2476.870748299316,133317.35402494326,2258,18,795.4117647058823,34,0,18,35.15873477620045,0.6329656862745099,44.226190476190474,1023.0952380952377,30.091036414565817,0
2267,4,1,0,35,0.02857142857142857,0.0,1.0,35,1150,900,250,0.782608695652174,14,9,5,345.59247778423514,0.7544817927170868,0.09829271851743782,0.1955693848270322,129996.88042534704,1985.1888020833096,131982.06922743036,2259,0,773.6571428571428,35,0,18,36.24127511065712,0.6223214285714287,45.05208333333332,1019.7916666666652,29.13690476190472,3
2268,4,0,0,35,0.0,0.0,1.0,35,400,200,200,0.5,6,2,4,344.7166911665841,0.7546918767507003,0.09290171986189222,0.19536901602900994,130055.90284475728,1966.488099065484,132022.39094382277,2260,1,774.6571428571428,35,0,18,36.20373784938915,0.6229166666666668,44.994212962962955,1020.0231481481474,29.143518518518494,0
2269,4,1,1,35,0.027777777777777776,0.027777777777777776,0.9722222222222222,36,700,400,300,0.5714285714285714,10,4,6,336.6509017536742,0.7636574074074075,0.0826909997732943,0.19210441495930888,130321.66950660151,1574.745611496917,131896.41511809843,2261,0,754.1111111111111,35,1,18,36.1402365298874,0.6255952380952381,44.7337962962963,1021.0648148148149,29.173280423280424,0
2270,4,2,2,35,0.05405405405405406,0.05405405405405406,0.9459459459459459,37,600,400,200,0.6666666666666666,8,4,4,330.4312243395641,0.7794044044044044,0.08092919365646689,0.18966877677935134,130550.14209733381,1227.5686581852162,131777.71075551902,2262,0,734.6756756756756,36,1,13,36.06795224977044,0.6258680555555556,44.51013513513514,1021.9594594594594,28.387762762762762,0
2271,4,0,0,35,0.0,0.0,1.0,35,650,400,250,0.6153846153846154,9,4,5,348.435281034195,0.7532212885154062,0.0889992004264395,0.19868224535566842,130292.97052154188,2079.733560090698,132372.70408163258,2263,4,777.6571428571428,34,1,18,35.86850901741294,0.6274509803921569,44.76190476190476,1020.9523809523804,30.028011204481775,0
2272,4,0,0,35,0.0,0.0,1.0,35,950,700,250,0.7368421052631579,12,7,5,347.9518219488162,0.7535014005602241,0.08591077881204945,0.19887266359086564,130384.14292800445,2073.4800170067956,132457.62294501124,2264,5,778.6571428571428,34,1,19,35.78845630803902,0.6283700980392157,44.672619047619044,1021.3095238095232,30.038515406162446,0
2273,4,1,1,35,0.027777777777777776,0.027777777777777776,0.9722222222222222,36,700,500,200,0.7142857142857143,9,5,4,339.2551336401761,0.7608796296296296,0.0829182703192215,0.19537026405328003,130676.44702717764,1666.5310999657106,132342.97812714335,2265,0,758.0,35,1,15,35.71475737680176,0.6291666666666667,44.386574074074076,1022.4537037037037,29.212962962962962,0
2274,4,1,1,35,0.027777777777777776,0.027777777777777776,0.9722222222222222,36,1100,700,400,0.6363636363636364,15,7,8,336.2560997879364,0.763425925925926,0.07984500509107417,0.19438637449480506,130824.4133257245,1598.101396390612,132422.5147221151,2266,0,758.9722222222222,35,1,16,35.641875966361205,0.6306547619047618,44.24189814814815,1023.0324074074077,29.229497354497365,0
2275,4,0,0,35,0.0,0.0,1.0,35,1050,900,150,0.8571428571428571,12,9,3,344.4068190408813,0.7512605042016807,0.09280393721734481,0.19886716325263823,130779.59183673494,2008.2766439909565,132787.86848072588,2267,8,781.6571428571428,34,1,16,35.478739913097456,0.6323529411764705,44.2857142857143,1022.8571428571448,30.084033613445435,0
2276,4,0,0,35,0.0,0.0,1.0,35,1050,800,250,0.7619047619047619,13,8,5,344.6720920115861,0.7516806722689076,0.09543973941368056,0.19964968348595663,130901.388888889,2023.6111111111202,132925.00000000012,2268,9,782.6571428571428,34,1,17,35.3488056460369,0.633578431372549,44.16666666666667,1023.3333333333343,30.098039215686303,0
2277,4,1,1,35,0.027777777777777776,0.027777777777777776,0.9722222222222222,36,950,900,50,0.9473684210526315,10,9,1,336.29480314468753,0.757010582010582,0.09976844007680996,0.19651603249108376,131239.16437596455,1627.0097897376577,132866.17416570222,2269,0,761.8888888888889,35,1,20,35.222170450694676,0.6348214285714285,43.83680555555556,1024.652777777778,29.27579365079366,0
2278,4,2,1,36,0.05405405405405406,0.02702702702702703,0.972972972972973,37,600,300,300,0.5,9,3,6,328.09565699355454,0.7689564564564565,0.10393047565075264,0.19318832188456947,131530.20154867708,1230.8975783215735,132761.09912699866,2270,0,741.972972972973,36,1,21,35.13901086837195,0.6357060185185185,43.55292792792793,1025.7882882882886,28.49411911911913,0
2279,4,0,1,35,0.0,0.027777777777777776,0.9722222222222222,36,750,500,250,0.6666666666666666,10,5,5,384.58822683175816,0.7604497354497355,0.10553750338478207,0.226520625468849,131541.75347222216,2932.1138706273796,134473.86734284955,2271,1,763.5833333333334,34,2,21,33.678581099377205,0.6400122549019608,43.541666666666664,1025.833333333333,30.17156862745097,8
2280,4,0,0,35,0.0,0.0,1.0,35,700,300,400,0.42857142857142855,11,3,8,369.681367595253,0.7542016806722689,0.10886929726953709,0.21319910245904528,130732.14215986633,2668.6251982410536,133400.76735810738,2272,2,786.3428571428572,33,2,20,34.880542240862795,0.6341540404040404,44.33210784313725,1022.6715686274504,30.990047534165164,4
2281,4,1,0,36,0.027777777777777776,0.0,1.0,36,850,500,350,0.5882352941176471,12,5,7,360.14309585394807,0.7653108465608466,0.1019439421338153,0.20964119158656117,131090.96364883392,2242.301097393673,133333.2647462276,2273,0,765.4722222222222,35,1,21,34.76115129596141,0.6333333333333333,43.981481481481474,1024.0740740740732,29.259259259259235,0
2282,4,1,1,36,0.02702702702702703,0.02702702702702703,0.972972972972973,37,800,500,300,0.625,11,5,6,354.99493188752695,0.7733983983983984,0.10768709786657626,0.20840954947591792,131417.11576485337,1930.696346664948,133347.81211151832,2274,0,745.7567567567568,35,2,22,34.56336776159837,0.6366071428571429,43.66319444444444,1025.3472222222222,29.29563492063492,0
2283,4,0,0,36,0.0,0.0,1.0,36,700,500,200,0.7142857142857143,9,5,4,366.91084467246804,0.7626322751322752,0.10792074736448165,0.21507619356532504,131358.63272392296,2439.38137755102,133798.01410147396,2275,1,767.3611111111111,34,2,22,34.317055703944554,0.6381740196078431,43.720238095238095,1025.119047619048,30.150560224089645,0
2284,4,0,0,36,0.0,0.0,1.0,36,550,400,150,0.7272727272727273,7,4,3,362.47288627148754,0.7615410052910053,0.10777751985969308,0.21332420683846556,131511.22448979586,2333.8506235827626,133845.0751133786,2276,2,768.3611111111111,34,2,23,34.276588130609724,0.6397058823529411,43.57142857142857,1025.714285714285,30.168067226890738,0
2285,4,0,0,36,0.0,0.0,1.0,36,1000,400,600,0.4,16,4,12,363.7881652254821,0.7615740740740741,0.11017326062574906,0.21461260753445788,131602.82206632654,2375.1098356009,133977.93190192743,2277,3,769.3611111111111,34,2,18,34.15032679738562,0.640625,43.482142857142854,1026.0714285714284,30.178571428571423,0
2286,4,0,0,36,0.0,0.0,1.0,36,1150,800,350,0.6956521739130435,15,8,7,364.7253967387508,0.7617063492063493,0.10560453157019722,0.2155104623224655,131663.90483276648,2404.2339852607784,134068.13881802725,2278,4,770.3611111111111,34,2,19,34.06459034141437,0.6412377450980392,43.42261904761905,1026.309523809524,30.185574229691884,0
2287,4,0,1,35,0.0,0.027777777777777776,0.9722222222222222,36,1050,900,150,0.8571428571428571,12,9,3,357.25306419693123,0.7617724867724869,0.07893847194050019,0.2121997116254064,131862.5217013891,2252.9646754535397,134115.48637684266,2279,5,771.3611111111111,35,1,17,34.055949966193374,0.6410714285714285,43.22916666666668,1027.083333333335,29.345238095238145,7
2288,4,0,0,35,0.0,0.0,1.0,35,600,300,300,0.5,9,3,6,362.7793380367423,0.7523109243697479,0.09186181312311636,0.21522246010350335,131816.6737528345,2564.073129251705,134380.7468820862,2280,6,794.2285714285714,34,1,18,33.96031378004483,0.6427696078431373,43.273809523809526,1026.9047619047622,30.203081232493005,0
2289,4,0,0,35,0.0,0.0,1.0,35,500,400,100,0.8,6,4,2,364.56731423324646,0.7530812324929972,0.09680111265646718,0.2166313214328134,131877.806122449,2615.6675170068047,134493.4736394558,2281,7,795.2285714285714,34,1,18,33.85271789522485,0.6433823529411764,43.214285714285715,1027.1428571428573,30.21008403361345,0
2290,4,0,0,35,0.0,0.0,1.0,35,1300,1100,200,0.8461538461538461,15,11,4,362.76128610828835,0.7541316526610644,0.09601482854494892,0.2162538274645543,132000.11337868485,2576.906179138322,134577.01955782317,2282,8,796.2285714285714,34,1,19,33.77572791164657,0.6446078431372548,43.095238095238095,1027.619047619048,30.22408963585435,0
2291,4,0,0,35,0.0,0.0,1.0,35,1000,700,300,0.7,13,7,6,364.5932696714767,0.7540616246498599,0.08801389693109485,0.21787286391786861,132091.8810232426,2631.962159863943,134723.84318310654,2283,9,797.2285714285714,34,1,19,33.636122370198805,0.6455269607843137,43.00595238095238,1027.9761904761904,30.234593837535012,0
2292,4,0,0,35,0.0,0.0,1.0,35,1000,700,300,0.7,13,7,6,361.19820824249297,0.7528711484593837,0.0780386261131032,0.21795400604834853,132459.27047902482,2568.8102324262936,135028.08071145113,2284,10,798.2285714285714,34,1,23,33.35333063490228,0.649203431372549,42.64880952380952,1029.404761904761,30.276610644257676,1
2293,4,0,0,35,0.0,0.0,1.0,35,800,400,400,0.5,12,4,8,359.6259302879221,0.7532212885154062,0.07788183605041055,0.21735881698534154,132520.55165816317,2531.565334467108,135052.11699263027,2285,11,799.2285714285714,34,1,23,33.33212895517786,0.6498161764705883,42.58928571428571,1029.6428571428564,30.28361344537813,0
2294,4,1,0,36,0.027777777777777776,0.0,1.0,36,550,300,250,0.5454545454545454,8,3,5,348.89207110502264,0.7667328042328043,0.07829983907787885,0.21270237353404747,132845.0671537422,2069.718123070976,134914.78527681317,2286,0,778.0,35,1,20,33.28246042438531,0.6508928571428572,42.27430555555555,1030.902777777777,29.454365079365054,0
2295,4,0,0,36,0.0,0.0,1.0,36,800,400,400,0.5,12,4,8,351.9914649201126,0.7656415343915345,0.08014163175743083,0.21544972083571712,132994.25582990394,2162.5685871056176,135156.82441700954,2287,1,779.0,35,1,20,33.05281268701377,0.6523809523809524,42.129629629629626,1031.481481481481,29.470899470899457,0
2296,4,0,0,36,0.0,0.0,1.0,36,900,700,200,0.7777777777777778,11,7,4,352.1854105208652,0.7657738095238096,0.08312143195472799,0.21591339404284682,133053.95474322708,2171.932334533609,135225.88707776068,2288,2,780.0,35,1,21,32.987902924239016,0.6529761904761904,42.07175925925926,1031.7129629629633,29.477513227513235,0
2297,4,1,1,36,0.02702702702702703,0.02702702702702703,0.972972972972973,37,950,700,250,0.7368421052631579,12,7,5,341.9307020798808,0.7708958958958959,0.07857639584634768,0.2113334500995061,133355.88121905702,1719.6940183426827,135075.5752373997,2289,0,759.8918918918919,36,1,22,32.949920046518386,0.6539351851851851,41.77927927927929,1032.882882882884,28.69119119119122,0
2298,4,0,0,36,0.0,0.0,1.0,36,1200,1000,200,0.8333333333333334,14,10,4,349.81823317562333,0.7638227513227513,0.0880578898225961,0.2163636681283739,133382.53821855693,2131.928771219121,135514.46698977606,2290,4,782.0,35,1,22,32.719537815126046,0.65625,41.753472222222214,1032.98611111111,29.513888888888857,0
2299,4,0,0,36,0.0,0.0,1.0,36,950,600,350,0.631578947368421,13,6,7,346.11029901385643,0.7643849206349207,0.08526835156356927,0.21476156079879946,133502.12358807004,2041.2919828103418,135543.41557088037,2291,5,783.0,35,1,22,32.69554728039719,0.6574404761904762,41.637731481481474,1033.4490740740732,29.527116402116377,0
2300,4,0,0,36,0.0,0.0,1.0,36,600,200,400,0.3333333333333333,10,2,8,345.24239167645857,0.7636904761904763,0.08339554560159312,0.21439600540130543,133532.02830289767,2020.1833633401811,135552.21166623785,2292,6,784.0,35,1,22,32.688036580813744,0.6577380952380952,41.60879629629629,1033.5648148148139,29.530423280423253,0
2301,4,0,0,36,0.0,0.0,1.0,36,750,500,250,0.6666666666666666,10,5,5,344.77945421936033,0.7634920634920636,0.08838383838383868,0.21445474130134579,133591.84777949244,2011.944873113851,135603.7926526063,2293,7,785.0,35,1,22,32.64013285565009,0.6583333333333334,41.550925925925924,1033.796296296296,29.53703703703703,0
2302,4,0,0,36,0.0,0.0,1.0,36,750,600,150,0.8,9,6,3,343.9550660518754,0.7632936507936509,0.08508693381090993,0.21428832357792565,133651.6806520061,1994.0345293209768,135645.71518132708,2294,8,786.0,35,1,22,32.601578240429816,0.6589285714285715,41.49305555555555,1034.0277777777771,29.543650793650777,0
2303,4,0,0,36,0.0,0.0,1.0,36,1500,900,600,0.6,21,9,12,342.846153164429,0.7636243386243386,0.0829728251410955,0.214290833355501,133771.3865847907,1972.6010588134318,135743.98764360414,2295,9,787.0,35,1,20,32.510535541135226,0.6601190476190477,41.37731481481481,1034.49074074074,29.556878306878286,0
2304,4,0,0,36,0.0,0.0,1.0,36,1000,700,300,0.7,13,7,6,341.59101115411556,0.7625000000000001,0.07817664454882056,0.21420103939271404,133891.1461012518,1947.2023962620074,135838.3484975138,2296,10,788.0,35,1,20,32.423302020427926,0.6613095238095238,41.261574074074076,1034.9537037037044,29.57010582010584,0
2305,4,0,0,36,0.0,0.0,1.0,36,850,700,150,0.8235294117647058,10,7,3,342.78103227007904,0.7628306878306879,0.08344511513525599,0.21564832030155617,134010.95920138896,1987.2829861111165,135998.2421875001,2297,11,789.0,35,1,20,32.272803487592206,0.6624999999999999,41.145833333333336,1035.4166666666672,29.58333333333335,0
2306,4,0,0,36,0.0,0.0,1.0,36,750,500,250,0.6666666666666666,10,5,5,342.3517439830961,0.7623015873015874,0.08382267652602593,0.21563470121017483,134054.68813408012,1978.771254362483,136033.4593884426,2298,12,790.0,36,0,20,32.24024032187909,0.6608796296296295,41.10360360360361,1035.5855855855864,28.76626626626629,0
2307,4,0,0,36,0.0,0.0,1.0,36,1400,800,600,0.5714285714285714,20,8,12,340.31861764079355,0.7610119047619048,0.06936746005868888,0.21520767016583806,134200.50276205267,1934.1859173362573,136134.68867938893,2299,13,791.0,36,0,20,32.14732094337571,0.6623263888888888,40.96283783783784,1036.1486486486492,28.781906906906922,0
2308,4,0,0,36,0.0,0.0,1.0,36,1300,1000,300,0.7692307692307693,16,10,6,340.2195984899217,0.759623015873016,0.06890567085612176,0.21548802236082235,134258.85080604246,1935.4984629900098,136194.34926903248,2300,14,792.0,36,0,20,32.09166395016117,0.6629050925925927,40.90653153153153,1036.3738738738734,28.78816316316315,0
2309,4,0,0,36,0.0,0.0,1.0,36,1050,700,350,0.6666666666666666,14,7,7,342.39883008844333,0.7601190476190477,0.0703192875760208,0.21773538863635264,134404.77639801963,2004.0076393961497,136408.78403741578,2301,15,793.0,36,0,20,31.88961591369822,0.6643518518518519,40.765765765765764,1036.936936936937,28.803803803803802,0
2310,4,0,0,36,0.0,0.0,1.0,36,1200,800,400,0.6666666666666666,16,8,8,339.9140102871707,0.7601190476190477,0.06829533116178066,0.21650124721610253,134463.1688276114,1941.1829904228566,136404.35181803425,2302,16,794.0,36,0,20,31.895810712993125,0.6649305555555556,40.70945945945946,1037.1621621621623,28.810060060060064,0
2311,4,1,1,36,0.02702702702702703,0.02702702702702703,0.972972972972973,37,1000,900,100,0.9,11,9,2,333.8978311204574,0.7675175175175175,0.061791557443731326,0.2142391663197784,134730.96305941354,1597.3323372640602,136328.2953966776,2303,0,773.5135135135135,35,2,20,31.785117056856187,0.6696428571428572,40.451388888888886,1038.1944444444441,29.662698412698404,0
2312,4,1,1,36,0.02702702702702703,0.02702702702702703,0.972972972972973,37,800,600,200,0.75,10,6,4,334.67503815357804,0.7648273273273273,0.0638130608040337,0.21527162131555963,134821.0991753473,1624.251302083339,136445.35047743065,2304,0,774.4864864864865,35,2,19,31.675234035439654,0.6705357142857142,40.364583333333336,1038.5416666666672,29.67261904761906,0
2313,4,0,0,36,0.0,0.0,1.0,36,1300,700,600,0.5384615384615384,19,7,12,340.89181689592897,0.7568783068783069,0.06803995006242225,0.218943919511509,134767.01388888885,1988.19444444444,136755.20833333328,2305,19,797.0,34,2,21,31.5676832530765,0.6721813725490196,40.416666666666664,1038.333333333333,30.539215686274503,0
2314,4,0,0,36,0.0,0.0,1.0,36,1400,1100,300,0.7857142857142857,17,11,6,341.16201256713003,0.756712962962963,0.06658201906798578,0.22042954905244094,134983.4201388888,2010.2430555555463,136993.66319444432,2306,20,798.0,34,2,19,31.345228548516452,0.6743259803921569,40.20833333333333,1039.1666666666658,30.563725490196052,0
2315,4,0,0,36,0.0,0.0,1.0,36,550,300,250,0.5454545454545454,8,3,5,342.57728361013545,0.7559193121693122,0.06664312348082824,0.22172292536694507,135045.28238378666,2052.689200680246,137097.9715844669,2307,21,799.0,34,2,19,31.2468980261902,0.6749387254901962,40.14880952380951,1039.4047619047603,30.57072829131648,0
2316,4,0,0,36,0.0,0.0,1.0,36,750,500,250,0.6666666666666666,10,5,5,342.2181023454371,0.7542328042328043,0.06172556802279772,0.22206039419651155,135138.10232426293,2049.3409863945444,137187.4433106575,2308,22,800.0,34,2,19,31.1638901610564,0.675857843137255,40.0595238095238,1039.761904761904,30.581232492997174,0
2317,4,0,0,36,0.0,0.0,1.0,36,1200,900,300,0.75,15,9,6,341.75263386056434,0.7532738095238096,0.05665217225464381,0.22271262246886428,135292.8730867346,2047.3391439909124,137340.2122307255,2309,23,801.0,34,2,19,31.022094442537274,0.677389705882353,39.91071428571428,1040.357142857142,30.598739495798295,0
2318,4,1,1,36,0.02702702702702703,0.02702702702702703,0.972972972972973,37,950,700,250,0.7368421052631579,12,7,5,332.44715005035044,0.7644519519519519,0.05354938132530673,0.21816389562385116,135543.27317226064,1612.1949749228172,137155.46814718345,2310,0,780.3243243243244,35,2,19,31.015546848949644,0.6776785714285715,39.67013888888888,1041.319444444443,29.751984126984084,0
2319,4,0,0,36,0.0,0.0,1.0,36,700,500,200,0.7142857142857143,9,5,4,338.72734641151953,0.7534060846560847,0.05439402926057735,0.2213543821898534,135392.66117969816,1972.2393689986168,137364.90054869678,2311,25,803.0,35,1,19,31.001631079478052,0.6761904761904762,39.81481481481481,1040.7407407407402,29.73544973544972,0
2320,4,0,0,36,0.0,0.0,1.0,36,750,600,150,0.8,9,6,3,336.73347001114877,0.7532738095238096,0.06319799637867907,0.2043984319410633,132681.93310565644,1780.9677549381477,134462.9008605946,2312,26,804.0,33,3,13,33.759441536814556,0.6537247474747474,42.432598039215684,1030.269607843137,31.220291146761728,8
2321,4,1,0,37,0.02702702702702703,0.0,1.0,37,1000,800,200,0.8,12,8,4,328.0969630295319,0.759009009009009,0.07323653717190948,0.20091591410960377,133011.31129535142,1328.1214569160913,134339.43275226752,2313,0,783.2432432432432,34,3,16,33.651904212348526,0.654718137254902,42.113095238095234,1031.5476190476186,30.339635854341722,0
2322,4,1,1,37,0.02631578947368421,0.02631578947368421,0.9736842105263158,38,700,400,300,0.5714285714285714,10,4,6,320.48895207783664,0.7705369843527738,0.0701626558268782,0.19758686534114564,133263.00643272023,941.8642564728914,134204.8706891931,2314,0,763.6052631578947,35,3,17,33.596406419310235,0.6550595238095238,41.869212962962955,1032.5231481481471,29.50066137566135,0
2323,4,0,0,37,0.0,0.0,1.0,37,650,400,250,0.6153846153846154,9,4,5,328.16496305487624,0.7590715715715716,0.07615942548476307,0.20195304433277697,133195.58000283432,1342.0245181405767,134537.60452097488,2315,2,785.2432432432432,34,3,18,33.46571906354516,0.6565563725490196,41.9345238095238,1032.2619047619037,30.36064425770305,0
2324,4,1,0,38,0.02631578947368421,0.0,1.0,38,500,200,300,0.4,8,2,6,321.6050988553593,0.7693219535324799,0.07300509337860817,0.19939516129032264,133472.2222222221,985.0694444444404,134457.29166666654,2316,0,765.5526315789474,35,3,20,33.35853494623657,0.6571428571428571,41.666666666666664,1033.3333333333326,29.5238095238095,0
2325,4,1,2,37,0.02564102564102564,0.05128205128205128,0.9487179487179487,39,1250,900,350,0.72,16,9,7,321.2371309087459,0.7760346378767432,0.09625062017152186,0.19646010749854761,132962.84072983984,742.5202947060508,133705.36102454588,2317,0,746.8974358974359,37,2,18,33.877312353816706,0.6480855855855856,42.16008771929824,1031.359649122806,27.87458511142719,3
2326,4,0,0,37,0.0,0.0,1.0,37,600,200,400,0.3333333333333333,10,2,8,328.6232436989974,0.763576076076076,0.08109879597753733,0.20028077049404977,132832.9744440389,1330.4005863972407,134163.37503043615,2318,1,738.7027027027027,36,1,18,33.81695615759958,0.6487268518518517,42.28603603603605,1030.8558558558582,28.63488488488495,0
2327,4,0,0,37,0.0,0.0,1.0,37,800,400,400,0.5,12,4,8,329.3335453105848,0.7630755755755756,0.08042274934683458,0.2008693276028253,132861.99787202766,1351.1825592484656,134213.18043127612,2319,2,739.7027027027027,36,1,18,33.76957036227927,0.6490162037037036,42.257882882882896,1030.9684684684703,28.638013013013065,0
2328,4,0,0,37,0.0,0.0,1.0,37,950,700,250,0.7368421052631579,12,7,5,323.56376864637406,0.7637637637637638,0.06720295821634248,0.19908688353182777,133189.11227493067,1219.0342220683171,134408.146496999,2320,3,740.7027027027027,37,0,19,33.59092840450391,0.6503378378378379,41.940789473684205,1032.2368421052627,27.898293029871965,3
2329,4,0,0,37,0.0,0.0,1.0,37,1150,900,250,0.782608695652174,14,9,5,325.16409142481035,0.7627627627627628,0.06935540339660129,0.20068121972731723,133302.32018505674,1269.0255655586166,134571.34575061535,2321,4,741.7027027027027,37,0,19,33.43641608267856,0.6514639639639641,41.831140350877185,1032.6754385964898,27.91014698909432,0
2330,4,1,1,37,0.02631578947368421,0.02631578947368421,0.9736842105263158,38,1000,800,200,0.8,12,8,4,320.33727336212945,0.7709222380275011,0.06863314170899182,0.19952314978896157,133642.2324657586,962.2258771929755,134604.45834295158,2322,0,723.1578947368421,37,1,19,33.22154471544718,0.6548423423423424,41.50219298245614,1033.9912280701747,27.94570886676148,0
2331,4,0,0,37,0.0,0.0,1.0,37,550,200,350,0.36363636363636365,9,2,7,327.78355879292405,0.7611361361361362,0.0734524847428073,0.2032258064516129,133472.22222222216,1349.9999999999955,134822.22222222216,2323,6,743.7027027027027,36,1,19,33.19892473118279,0.6550925925925927,41.666666666666664,1033.333333333333,28.703703703703695,0
2332,4,1,0,38,0.02631578947368421,0.0,1.0,38,1050,700,350,0.6666666666666666,14,7,7,323.2980184122537,0.7658250355618776,0.08758171392873848,0.20229708897466994,133812.35091566615,1052.2535780239834,134864.60449369013,2324,0,725.1052631578947,37,1,15,32.97521901935847,0.6565315315315317,41.3377192982456,1034.6491228070158,27.96348980559502,0
2333,4,0,0,38,0.0,0.0,1.0,38,1000,700,300,0.7,13,7,6,322.6965770260117,0.7640469416785206,0.08320605580887164,0.20285626366708376,133982.577571945,1047.1438327177327,135029.72140466273,2325,1,726.1052631578947,37,1,17,32.82099484572477,0.6582207207207208,41.173245614035075,1035.307017543858,27.981270744428592,0
2334,4,0,0,38,0.0,0.0,1.0,38,900,700,200,0.7777777777777778,11,7,4,322.01359509052173,0.7633949739212897,0.08375029252147925,0.2030534325250378,134096.12212411498,1036.1548745767748,135132.27699869176,2326,2,727.1052631578947,37,1,17,32.7254922718611,0.6593468468468469,41.06359649122806,1035.7456140350866,27.99312470365099,0
2335,4,0,1,37,0.0,0.02631578947368421,0.9736842105263158,38,1250,1000,250,0.8,15,10,5,325.6962048383331,0.7636320531057373,0.07129966412485844,0.20585307287741864,134181.31209843414,1140.4688221375832,135321.7809205717,2327,3,728.1052631578947,37,1,16,32.545220834656234,0.6601914414414414,40.98135964912281,1036.0745614035088,28.002015173067807,3
2336,4,0,0,37,0.0,0.0,1.0,37,1150,600,550,0.5217391304347826,17,6,11,328.90490889514183,0.7625125125125125,0.08009139205488225,0.208321533142601,134258.85080604258,1431.679018545579,135690.52982458816,2328,4,741.8918918918919,36,1,18,32.384820167336734,0.6629050925925926,40.906531531531535,1036.3738738738743,28.788163163163176,0
2337,4,0,0,37,0.0,0.0,1.0,37,900,500,400,0.5555555555555556,13,5,8,329.1676275511602,0.7629504504504504,0.08224391275238752,0.20865419035680977,134288.0295836377,1440.6544213132063,135728.6840049509,2329,5,742.8918918918919,36,1,18,32.34893343473853,0.6631944444444444,40.87837837837838,1036.4864864864865,28.79129129129129,0
2338,4,0,0,37,0.0,0.0,1.0,37,1200,900,300,0.75,15,9,6,325.92961131520883,0.7632007007007007,0.08107521074506296,0.20726242133911896,134404.7763980196,1361.2993060628157,135766.0757040824,2330,6,743.8918918918919,36,1,18,32.31655444540978,0.6643518518518519,40.765765765765764,1036.9369369369367,28.8038038038038,0
2339,4,0,0,37,0.0,0.0,1.0,37,900,600,300,0.6666666666666666,12,6,6,326.3570141033033,0.7632007007007007,0.0764738680048127,0.2078663969496143,134463.16882761137,1376.599657089523,135839.7684847009,2331,7,744.8918918918919,36,1,18,32.24733079985524,0.6649305555555556,40.70945945945946,1037.162162162162,28.810060060060056,0
2340,4,0,0,37,0.0,0.0,1.0,37,650,400,250,0.6153846153846154,9,4,5,325.1681586645665,0.7616991991991992,0.06792835813890719,0.2077738844615338,134579.99173159653,1352.2256208911717,135932.2173524877,2332,8,745.8918918918919,36,1,20,32.16188228058751,0.6660879629629629,40.59684684684685,1037.6126126126132,28.82257257257259,0
2341,4,0,0,37,0.0,0.0,1.0,37,450,300,150,0.6666666666666666,6,3,3,325.810232280213,0.7616991991991992,0.06745612800300305,0.20851854865933636,134638.42220598983,1373.3151225549873,136011.7373285448,2333,9,746.8918918918919,36,1,20,32.08708586516203,0.6666666666666666,40.54054054054054,1037.8378378378382,28.828828828828836,0
2342,4,0,0,37,0.0,0.0,1.0,37,650,300,350,0.46153846153846156,10,3,7,325.9564817001535,0.7615115115115115,0.0687390221945936,0.20877977010634552,134667.64219878658,1379.1581699943144,136046.80036878088,2334,10,747.8918918918919,36,1,20,32.05422046218943,0.6669560185185186,40.512387387387385,1037.95045045045,28.831956956956944,0
2343,4,0,1,36,0.0,0.02702702702702703,0.972972972972973,37,700,500,200,0.7142857142857143,9,5,4,328.27367648373576,0.7600725725725725,0.06868147974438688,0.2107718173523707,134755.3211995779,1447.3249431864242,136202.64614276434,2335,11,748.8918918918919,36,1,20,31.906860086767885,0.6678240740740742,40.427927927927925,1038.288288288288,28.841341341341334,0
2344,4,0,0,36,0.0,0.0,1.0,36,750,600,150,0.8,9,6,3,335.52535369322703,0.7512896825396825,0.07481968919622295,0.2145734893875516,134610.82845721874,1833.0691658093212,136443.89762302805,2336,12,769.3333333333334,35,1,20,31.86249907056287,0.668452380952381,40.567129629629626,1037.731481481481,29.649470899470888,0
2345,4,0,0,36,0.0,0.0,1.0,36,750,500,250,0.6666666666666666,10,5,5,336.7348698166394,0.7505952380952381,0.07889210985988782,0.2158809898059641,134700.92438539516,1871.6996474194004,136572.62403281455,2337,13,770.3333333333334,35,1,22,31.741391645296755,0.6693452380952382,40.48032407407407,1038.0787037037032,29.65939153439152,0
2346,4,1,0,37,0.02702702702702703,0.0,1.0,37,900,500,400,0.5555555555555556,13,5,8,327.65286947994144,0.7573823823823824,0.08129486079426451,0.21190668061880752,135018.52940355908,1447.8417184076047,136466.3711219667,2338,0,750.4864864864865,36,1,17,31.661294109148685,0.6704282407407407,40.17454954954955,1039.3018018018026,28.869494494494518,0
2347,4,0,0,37,0.0,0.0,1.0,37,900,700,200,0.7777777777777778,11,7,4,330.9158505284291,0.757007007007007,0.08537038826281651,0.21436380464757393,135077.05498995612,1539.827707775341,136616.88269773146,2339,1,751.4864864864865,36,1,17,31.51834398584481,0.6710069444444444,40.11824324324324,1039.5270270270266,28.87575075075074,0
2348,4,0,0,37,0.0,0.0,1.0,37,950,600,350,0.631578947368421,13,6,7,331.86862085431574,0.7548173173173173,0.08138837267153498,0.21567957168118265,135194.14420755216,1573.3388371479664,136767.48304470011,2340,2,752.4864864864865,36,1,18,31.377233351380617,0.6721643518518519,40.005630630630634,1039.9774774774778,28.888263263263273,0
2349,4,0,1,36,0.0,0.02702702702702703,0.972972972972973,37,550,200,350,0.36363636363636365,9,2,7,335.981261798443,0.7545045045045045,0.08459515052564748,0.21870746407556163,135252.70783875103,1688.4750882639519,136941.18292701498,2341,3,753.4864864864865,36,1,18,31.21210890981921,0.6727430555555556,39.94932432432433,1040.2027027027036,28.894519519519545,0
2350,4,0,0,36,0.0,0.0,1.0,36,950,700,250,0.7368421052631579,12,7,5,335.24326006121817,0.7533399470899471,0.08154141261079273,0.21858239094605467,135311.2841515502,1872.4392044071121,137183.7233559573,2342,4,761.6666666666666,36,0,19,31.173106757585597,0.6733217592592593,39.89301801801802,1040.427927927928,28.90077577577578,0
2351,4,0,1,35,0.0,0.027777777777777776,0.9722222222222222,36,600,200,400,0.3333333333333333,10,2,8,337.5081462912556,0.7520171957671958,0.0846195920035584,0.22077762180963023,135428.47482195028,1941.642698441682,137370.11752039197,2343,5,762.6666666666666,36,0,20,30.99778210537704,0.6744791666666667,39.7804054054054,1040.878378378378,28.913288288288282,0
2352,4,0,0,35,0.0,0.0,1.0,35,950,700,250,0.7368421052631579,12,7,5,339.70167347500086,0.7447478991596638,0.09972362527399237,0.22236367185110292,135452.89592978367,2202.715084876512,137655.6110146602,2344,6,783.4857142857143,35,0,20,30.916444296197454,0.6767857142857144,39.75694444444443,1040.9722222222201,29.742063492063433,0
2353,4,0,0,35,0.0,0.0,1.0,35,750,400,350,0.5333333333333333,11,4,7,344.4192310449469,0.7435574229691876,0.10013653827834768,0.22621052853594392,135573.4056177126,2338.8176225994484,137912.22324031204,2345,7,784.4857142857143,35,0,20,30.673946062087875,0.6779761904761905,39.6412037037037,1041.435185185185,29.755291005291,0
2354,4,0,0,35,0.0,0.0,1.0,35,350,200,150,0.5714285714285714,5,2,3,345.9200000000002,0.744047619047619,0.09851428571428644,0.22757894736842102,135633.68055555545,2383.680555555546,138017.36111111098,2346,8,785.4857142857143,35,0,20,30.575000000000006,0.6785714285714286,39.58333333333333,1041.6666666666658,29.761904761904738,0
2355,4,0,2,33,0.0,0.05714285714285714,0.9428571428571428,35,400,200,200,0.5,6,2,4,344.82401180591285,0.7453081232492996,0.09666423334497098,0.22724053838044114,135693.96888931745,2358.1077460562246,138052.07663537367,2347,9,786.4857142857143,35,0,20,30.543675479523056,0.6791666666666667,39.525462962962955,1041.8981481481471,29.76851851851849,0
2356,4,0,0,33,0.0,0.0,1.0,33,1000,700,300,0.7,13,7,6,359.7865646936151,0.7444760101010102,0.07558254932317121,0.2165682999091243,132366.47450800167,2924.735828767774,135291.21033676944,2342,10,735.1515151515151,33,0,21,33.483064388075114,0.6505681818181819,42.73897058823529,1029.0441176470583,31.18315508021389,7
2357,4,1,1,33,0.029411764705882353,0.029411764705882353,0.9705882352941176,34,650,300,350,0.46153846153846156,10,3,7,350.23587889619654,0.753527926322044,0.07068480497123941,0.21241578629158916,132650.37035034588,2491.7875636774133,135142.1579140233,2343,0,714.5,33,1,17,33.443373780632875,0.653409090909091,42.46323529411764,1030.1470588235281,31.216577540106915,0
2358,4,0,0,33,0.0,0.0,1.0,33,850,800,50,0.9411764705882353,9,8,1,360.35067050452994,0.7432133838383839,0.07708228824108687,0.2178398604866153,132527.98064291902,2951.30933705744,135479.28997997646,2344,12,737.1515151515151,32,1,21,33.30599836501126,0.6546223958333334,42.582070707070706,1029.6717171717166,32.177241161616145,0
2359,4,0,0,33,0.0,0.0,1.0,33,900,600,300,0.6666666666666666,12,6,6,358.1711262912892,0.7416351010101011,0.06864600796783993,0.21704602137550724,132618.8113496011,2900.045805699728,135518.85715530082,2345,13,738.1515151515151,33,0,22,33.270746579417,0.6530934343434343,42.493872549019606,1030.0245098039215,31.21286393345217,0
2360,4,0,0,33,0.0,0.0,1.0,33,850,500,350,0.5882352941176471,12,5,7,356.35228431132754,0.7433712121212122,0.06566497315605502,0.2168540311909019,132776.6438989812,2863.052071318729,135639.69597029992,2346,14,739.1515151515151,33,0,20,33.15893777249307,0.6546717171717171,42.34068627450981,1030.6372549019611,31.231431966726095,0
2361,4,0,0,33,0.0,0.0,1.0,33,850,500,350,0.5882352941176471,12,5,7,358.18161419672805,0.7430555555555556,0.06516718726919679,0.21815101788621863,132808.22167255386,2913.8926434544446,135722.11431600832,2347,15,740.1515151515151,33,0,20,33.080068759164575,0.6549873737373737,42.310049019607845,1030.7598039215688,31.235145573380873,0
2362,4,0,0,33,0.0,0.0,1.0,33,800,600,200,0.75,10,6,4,359.5213969358434,0.741556186868687,0.06833580065483047,0.219336730414884,132871.38848339574,2954.0214400711143,135825.40992346685,2348,16,741.1515151515151,33,0,20,32.982066444787826,0.6556186868686869,42.248774509803916,1031.0049019607839,31.24257278669042,0
2363,4,1,0,34,0.029411764705882353,0.0,1.0,34,700,500,200,0.7142857142857143,9,5,4,351.8077289943048,0.7468062982768866,0.06957731189361538,0.21632432697734916,133164.85969387757,2569.685374149662,135734.54506802725,2349,0,720.3235294117648,34,0,21,32.886389850057675,0.65625,41.964285714285715,1032.1428571428573,30.35714285714286,0
2364,4,0,0,34,0.0,0.0,1.0,34,600,500,100,0.8333333333333334,7,5,2,352.8482234940319,0.7468062982768866,0.08556461001164095,0.20342055300763331,130718.71456916106,2424.7732426303864,133143.48781179145,2350,1,721.3235294117648,34,0,17,35.324505238649564,0.6317401960784313,44.345238095238095,1022.6190476190482,30.077030812324946,6
2365,4,0,0,34,0.0,0.0,1.0,34,1200,1100,100,0.9166666666666666,13,11,2,351.2897251177343,0.7459521687462864,0.08852965135780821,0.20300152037233998,130810.03578514763,2390.4443027211155,133200.48008786875,2351,2,722.3235294117648,34,0,19,35.27192676209317,0.6326593137254901,44.255952380952394,1022.9761904761924,30.08753501400566,0
2366,4,0,0,34,0.0,0.0,1.0,34,1000,800,200,0.8,12,8,4,353.3628213575365,0.7453951277480689,0.08141428239125381,0.20500766113576935,130962.30867346947,2455.442176870757,133417.75085034024,2352,3,723.3235294117648,34,0,20,35.064840660618756,0.6341911764705882,44.10714285714286,1023.5714285714292,30.105042016806742,0
2367,4,0,0,34,0.0,0.0,1.0,34,600,400,200,0.6666666666666666,8,4,4,355.0500270416441,0.7454693998811647,0.07876196990424078,0.20631285355122564,131023.24263038556,2503.961167800462,133527.20379818603,2353,4,724.3235294117648,34,0,20,34.96002906976743,0.6348039215686274,44.04761904761905,1023.8095238095243,30.112044817927185,0
2368,4,1,1,34,0.02857142857142857,0.02857142857142857,0.9714285714285714,35,700,400,300,0.5714285714285714,10,4,6,348.07722649274126,0.7562324929971989,0.08397896378386416,0.20403628300401622,131358.63272392296,2144.9440192743764,133503.57674319734,2354,0,704.6,34,1,21,34.7997232222351,0.6381740196078431,43.720238095238095,1025.119047619048,30.150560224089645,0
2369,4,0,0,34,0.0,0.0,1.0,34,1250,800,450,0.64,17,8,9,356.3370680974137,0.7483288770053477,0.09197370129648186,0.20821406280478233,131236.62308673482,2552.8946995465017,133789.51778628133,2355,1,725.6764705882352,34,0,21,34.71132992525463,0.6369485294117647,43.83928571428572,1024.6428571428582,30.136554621848774,0
2370,4,0,0,34,0.0,0.0,1.0,34,800,600,200,0.75,10,6,4,354.9450521967509,0.7486259655377303,0.08919869202911257,0.20806694895766087,131359.53006355732,2525.114938745105,133884.64500230242,2356,2,726.6764705882352,33,1,22,34.62280832835224,0.6404671717171717,43.71936274509804,1025.122549019608,31.064319667260847,0
2371,4,0,0,34,0.0,0.0,1.0,34,850,700,150,0.8235294117647058,10,7,3,355.2629751617503,0.7476232917409389,0.09303061411033453,0.20842426719517546,131390.93888168014,2535.6671712802745,133926.60605296041,2357,3,727.6764705882352,33,1,22,34.58293489521077,0.6407828282828283,43.68872549019608,1025.2450980392157,31.068033273915628,0
2372,4,0,0,34,0.0,0.0,1.0,34,900,600,300,0.6666666666666666,12,6,6,354.50532445235274,0.747586155674391,0.09233304984079993,0.2084929768335727,131485.18786344194,2522.4398368416073,134007.62770028354,2358,4,728.6764705882352,33,1,22,34.507184251404006,0.6417297979797979,43.5968137254902,1025.6127450980393,31.07917409387998,0
2373,4,0,0,34,0.0,0.0,1.0,34,1050,900,150,0.8571428571428571,12,9,3,355.7105017562882,0.7465463458110517,0.09282396508956037,0.20954627798746567,131548.0392907775,2558.6038122356717,134106.64310301316,2359,5,729.6764705882352,33,1,22,34.41282901286188,0.6423611111111112,43.53553921568627,1025.8578431372543,31.086601307189525,0
2374,4,1,0,35,0.02857142857142857,0.0,1.0,35,1450,1100,350,0.7586206896551724,18,11,7,346.2482998083971,0.7599439775910364,0.09326270485019061,0.2060774363687219,131938.95266439905,2136.7276077097513,134075.68027210882,2360,0,709.8,34,1,20,34.26153920432601,0.6439950980392157,43.154761904761905,1027.380952380952,30.217086834733884,0
2375,4,0,0,35,0.0,0.0,1.0,35,1000,800,200,0.8,12,8,4,345.5207698608518,0.7598739495798319,0.08876239016398868,0.20614241922658835,132030.6990504535,2123.8697562358257,134154.56880668932,2361,1,710.8,34,1,20,34.18785474342638,0.6449142156862745,43.06547619047619,1027.7380952380952,30.227591036414566,0
2376,4,0,0,35,0.0,0.0,1.0,35,950,700,250,0.7368421052631579,12,7,5,344.7406866325786,0.7605042016806722,0.08756756756756778,0.20573234524847422,132040.89506172828,2103.973765432087,134144.86882716036,2362,2,711.8,35,0,20,34.19763513513513,0.6428571428571428,43.05555555555555,1027.777777777777,29.36507936507934,0
2377,4,0,0,35,0.0,0.0,1.0,35,700,400,300,0.5714285714285714,10,4,6,344.55452130997094,0.759593837535014,0.0924116190047286,0.20594436462147797,132100.3796403464,2103.1566143689956,134203.53625471538,2363,3,712.8,35,0,20,34.142554229527875,0.6434523809523809,42.99768518518518,1028.0092592592594,29.371693121693124,0
2378,4,0,0,35,0.0,0.0,1.0,35,700,600,100,0.8571428571428571,8,6,2,345.38318133677035,0.7595238095238095,0.09399054692775155,0.2070900775545575,132219.3889853396,2133.27064043211,134352.65962577172,2364,4,713.8,35,0,20,34.001519243754224,0.6446428571428571,42.88194444444445,1028.472222222223,29.38492063492066,0
2379,4,2,2,35,0.05405405405405406,0.05405405405405406,0.9459459459459459,37,900,600,300,0.6666666666666666,12,6,6,331.56905439953437,0.7680180180180181,0.08539204997060001,0.20098489997299837,132629.89921932088,1395.314617122777,134025.21383644367,2365,0,676.1621621621622,36,1,17,33.944644874457936,0.6467013888888888,42.48310810810812,1030.0675675675693,28.612987987988035,0
2380,4,0,0,35,0.0,0.0,1.0,35,650,500,150,0.7692307692307693,8,5,3,346.0603982432457,0.7560224089635854,0.09834484975092428,0.20815134914630934,132338.45191400885,2159.4194744513,134497.87138846016,2366,6,715.8,35,0,20,33.86436070491189,0.6458333333333333,42.7662037037037,1028.9351851851848,29.398148148148135,0
2381,4,0,0,35,0.0,0.0,1.0,35,550,100,450,0.18181818181818182,10,1,9,345.41932561225775,0.7557422969187675,0.10006278708568783,0.20826328376872955,132428.6352040817,2148.6953687081877,134577.33057278988,2367,7,716.8,34,1,20,33.790191996298866,0.6488970588235294,42.67857142857143,1029.2857142857147,30.27310924369749,0
2382,4,0,0,35,0.0,0.0,1.0,35,550,400,150,0.7272727272727273,7,4,3,345.4701030989329,0.7558823529411764,0.1013398536238832,0.20846336228167997,132459.27047902494,2152.1435657596408,134611.4140447846,2368,8,717.8,34,1,20,33.758095293165255,0.649203431372549,42.648809523809526,1029.404761904762,30.276610644257705,0
2383,4,0,0,35,0.0,0.0,1.0,35,750,600,150,0.8,9,6,3,346.16640680289686,0.7551820728291316,0.09799127791727247,0.2090535674602969,132489.9092970522,2172.711167800456,134662.62046485263,2369,9,718.8,34,1,20,33.70938367252544,0.6495098039215685,42.61904761904762,1029.5238095238096,30.28011204481793,0
2384,4,0,0,35,0.0,0.0,1.0,35,600,500,100,0.8333333333333334,7,5,2,344.20146118579623,0.7543417366946779,0.025367311363825085,0.20080363210195087,131175.63952664394,2030.1693594104208,133205.80888605435,2370,10,719.8,34,1,21,35.08376912647684,0.6363357843137255,43.89880952380952,1024.4047619047615,30.129551820728278,6
2385,4,0,1,34,0.0,0.02857142857142857,0.9714285714285714,35,1300,800,500,0.6153846153846154,18,8,10,344.3717364002908,0.7542016806722689,0.024622531939604952,0.2017034456058846,131328.12500000003,2045.1388888888896,133373.2638888889,2371,11,720.8,34,1,22,34.92547425474254,0.6378676470588236,43.75,1025.0000000000002,30.14705882352942,0
2386,4,0,0,34,0.0,0.0,1.0,34,800,700,100,0.875,9,7,2,346.0136480154382,0.7496657754010696,0.04426178790904345,0.20299790878661658,131390.93888168002,2292.611615724705,133683.55049740474,2372,12,741.4411764705883,33,1,22,34.82000557813372,0.6407828282828283,43.68872549019607,1025.2450980392148,31.0680332739156,0
2387,4,0,0,34,0.0,0.0,1.0,34,550,400,150,0.7272727272727273,7,4,3,347.64463721459526,0.7505199049316696,0.044513108219264685,0.2041222933034748,131422.3514543684,2337.6551386485794,133760.006593017,2373,13,742.4411764705883,33,1,22,34.74649914346041,0.6410984848484849,43.65808823529411,1025.3676470588227,31.071746880570387,0
2388,4,0,0,34,0.0,0.0,1.0,34,700,400,300,0.5714285714285714,10,4,6,348.56359053772,0.7493315508021391,0.039041139218263465,0.2049985024040885,131485.18786344194,2366.189836841594,133851.37770028354,2374,14,743.4411764705883,33,1,22,34.65953220217468,0.641729797979798,43.59681372549019,1025.612745098039,31.079174093879974,0
2389,4,0,0,34,0.0,0.0,1.0,34,900,600,300,0.6666666666666666,12,6,6,349.77160670158406,0.7494058229352347,0.03237718453765459,0.20604772130182666,131548.03929077744,2402.3538122356567,133950.3931030131,2375,15,744.4411764705883,33,1,23,34.56514056464779,0.6423611111111112,43.53553921568626,1025.8578431372537,31.086601307189504,0
2390,4,0,0,34,0.0,0.0,1.0,34,900,500,400,0.5555555555555556,13,5,8,353.4184341829085,0.7495172311348782,-0.04511784999855062,0.206653026788796,131263.42337516596,2492.1534493657973,133755.57682453177,2376,16,745.4411764705883,32,2,21,34.75901511417774,0.6419270833333333,43.81313131313132,1024.747474747476,32.023358585858624,5
2391,4,0,0,34,0.0,0.0,1.0,34,900,600,300,0.6666666666666666,12,6,6,352.88742354326297,0.7485145573380868,-0.04965476768364674,0.2068659199817872,131360.48179076117,2471.092394908689,133831.57418566986,2377,17,746.4411764705883,32,2,22,34.67458020281646,0.6429036458333333,43.718434343434346,1025.1262626262628,32.03519570707071,0
2392,4,1,1,34,0.02857142857142857,0.02857142857142857,0.9714285714285714,35,600,300,300,0.5,9,3,6,341.18672310091347,0.7549719887955182,-0.047385927505330105,0.20165411474736414,131673.78720023547,1985.069594627069,133658.85679486254,2378,0,726.0857142857143,33,2,18,34.658582089552255,0.6436237373737373,43.41299019607843,1026.3480392156862,31.101455733808674,0
2393,4,1,1,34,0.02857142857142857,0.02857142857142857,0.9714285714285714,35,1050,900,150,0.8571428571428571,12,9,3,342.84816044379585,0.7591036414565826,-0.05324334458192681,0.20381228942126917,131893.99059256047,2043.9224096501289,133937.9130022106,2379,0,727.0571428571428,33,2,20,34.39413823272092,0.6458333333333334,43.1985294117647,1027.2058823529405,31.127450980392137,0
2394,4,0,0,34,0.0,0.0,1.0,34,650,400,250,0.6153846153846154,9,4,5,352.15061037544416,0.7483660130718954,-0.050579843301235994,0.20854600240078192,131749.07415378527,2479.1033759310253,134228.1775297163,2380,20,749.4411764705883,32,2,20,34.301336448981274,0.6468098958333334,43.339646464646464,1026.6414141414139,32.08254419191918,0
2395,4,0,0,34,0.0,0.0,1.0,34,1100,700,400,0.6363636363636364,15,7,8,351.94015904327273,0.7486631016042781,-0.04811058707791949,0.20859893391690182,131781.48275686151,2475.8392000816284,134257.32195694314,2381,21,750.4411764705883,32,2,21,34.27406132152812,0.6471354166666666,43.30808080808081,1026.7676767676767,32.086489898989896,0
2396,4,0,0,34,0.0,0.0,1.0,34,800,300,500,0.375,13,3,10,350.57053120471625,0.7492944147355912,-0.046997746467007384,0.20788609207107686,131799.59518274217,2441.0108191560926,134240.60600189827,2382,22,751.4411764705883,33,1,21,34.2909605362613,0.6448863636363636,43.29044117647059,1026.8382352941173,31.116310160427798,0
2397,4,0,0,34,0.0,0.0,1.0,34,300,100,200,0.3333333333333333,5,1,4,353.84431907041915,0.7503713606654784,-0.025166061768129744,0.20399481213522822,130718.714569161,2450.81490929705,133169.52947845805,2383,23,752.4411764705883,34,0,16,35.29903958090803,0.6317401960784315,44.345238095238095,1022.6190476190477,30.07703081232493,4
2398,4,1,1,34,0.02857142857142857,0.02857142857142857,0.9714285714285714,35,850,700,150,0.8235294117647058,10,7,3,345.6198715316963,0.759453781512605,-0.02139949602636193,0.2005683821408347,130972.46334876532,2053.337191358007,133025.80054012334,2384,0,731.9142857142857,35,0,17,35.25271370420622,0.6321428571428572,44.097222222222214,1023.6111111111103,29.246031746031722,0
2399,4,0,0,34,0.0,0.0,1.0,34,850,600,250,0.7058823529411765,11,6,5,353.51555000271065,0.7510398098633393,-0.01748826130405612,0.20444903342687049,130840.48327664396,2450.829081632649,133291.31235827663,2385,25,754.4411764705883,34,0,17,35.18418858118067,0.6329656862745099,44.226190476190474,1023.095238095238,30.09103641456582,0
2400,4,0,0,34,0.0,0.0,1.0,34,850,600,250,0.7058823529411765,11,6,5,349.7172644000311,0.7496286393345217,-0.01221214235868806,0.20289264772681956,130962.30867346934,2359.95606575963,133322.26473922897,2386,26,755.4411764705883,34,0,18,35.15812785919205,0.6341911764705883,44.107142857142854,1023.5714285714282,30.105042016806713,0
2401,4,1,1,34,0.02857142857142857,0.02857142857142857,0.9714285714285714,35,600,300,300,0.5,9,3,6,341.25553014841665,0.7602941176470588,-0.012547804618288971,0.1994148652411835,131239.1643759644,1957.2181230709764,133196.3824990354,2387,0,734.8285714285714,35,0,18,35.095094883090475,0.6348214285714286,43.83680555555555,1024.652777777777,29.275793650793627,0
2402,4,0,0,34,0.0,0.0,1.0,34,750,500,250,0.6666666666666666,10,5,5,349.58594878441005,0.7481803327391563,-0.008976384414945082,0.20329876575353004,131053.7149234692,2362.907454648503,133416.6223781177,2388,28,757.4411764705883,34,0,18,35.06908111459908,0.6351102941176471,44.01785714285713,1023.92857142857,30.115546218487353,0
2403,4,1,0,35,0.02857142857142857,0.0,1.0,35,600,300,300,0.5,9,3,6,342.24103051834896,0.757563025210084,-0.008363313704928155,0.2003003519656296,131298.4681096749,1987.1446062671284,133285.61271594203,2389,0,736.7714285714286,35,0,19,35.00999905891211,0.6354166666666667,43.778935185185176,1024.8842592592578,29.282407407407366,0
2404,4,0,0,35,0.0,0.0,1.0,35,700,500,200,0.7142857142857143,9,5,4,342.9861305856775,0.7571428571428571,-0.009986130374479707,0.2012033870680748,131387.44882758908,2012.814536179691,133400.26336376875,2390,1,737.7714285714286,35,0,19,34.90112515993077,0.6363095238095238,43.692129629629626,1025.2314814814808,29.292328042328023,0
2405,4,0,0,35,0.0,0.0,1.0,35,900,500,400,0.5555555555555556,13,5,8,343.4059322612719,0.7558823529411764,-0.013231453718928199,0.20207592109557718,131506.13667052472,2031.9974922839585,133538.13416280868,2391,2,738.7714285714286,35,0,20,34.7706499661476,0.6375,43.57638888888889,1025.6944444444448,29.305555555555564,0
2406,4,0,0,35,0.0,0.0,1.0,35,1050,1000,50,0.9523809523809523,11,10,1,343.29150454791403,0.755672268907563,-0.01067440174039147,0.20248031855071585,131595.18771701393,2035.101996527782,133630.28971354172,2392,3,739.7714285714286,35,0,16,34.6837986463621,0.6383928571428571,43.489583333333336,1026.041666666667,29.3154761904762,0
2407,4,0,0,35,0.0,0.0,1.0,35,600,500,100,0.8333333333333334,7,5,2,345.65268820087874,0.7563025210084033,-0.01392156230865882,0.20403173991937373,131624.87809713653,2099.298589677649,133724.17668681417,2393,4,740.7714285714286,35,0,16,34.59329648845778,0.6386904761904761,43.46064814814815,1026.1574074074078,29.31878306878308,0
2408,4,0,0,35,0.0,0.0,1.0,35,1100,800,300,0.7272727272727273,14,8,6,345.4386230265811,0.7553221288515406,-0.018553712353035268,0.20454209520999816,131743.6731074245,2101.870606138539,133845.54371356303,2394,5,741.7714285714286,35,0,16,34.479049229612926,0.6398809523809523,43.344907407407405,1026.6203703703698,29.332010582010565,0
2409,4,0,1,34,0.0,0.02857142857142857,0.9714285714285714,35,800,500,300,0.625,11,5,6,342.79265565537185,0.7554621848739496,-0.01993849720661367,0.20345145375452267,131832.8045294282,2038.2634334276459,133871.06796285583,2395,6,742.7714285714286,35,0,16,34.457178143431385,0.6407738095238095,43.258101851851855,1026.9675925925928,29.341931216931226,0
2410,4,0,0,34,0.0,0.0,1.0,34,700,400,300,0.5714285714285714,10,4,6,351.50191385708683,0.7459150326797386,-0.018625404232674336,0.2078634774537591,131694.45153061245,2458.170351473943,134152.6218820864,2396,36,765.4411764705883,34,0,16,34.37306696048867,0.6415441176470587,43.39285714285715,1026.4285714285732,30.18907563025215,0
2411,4,0,0,34,0.0,0.0,1.0,34,600,300,300,0.5,9,3,6,351.0683715635014,0.7468805704099822,-0.02029220779220786,0.2079404970029971,131755.55555555568,2451.041666666687,134206.59722222236,2397,37,766.4411764705883,34,0,16,34.32257846320347,0.642156862745098,43.33333333333334,1026.6666666666679,30.196078431372584,0
2412,4,0,0,34,0.0,0.0,1.0,34,750,300,450,0.4,12,3,9,348.44074848543266,0.744058229352347,-0.016942103684310927,0.20704867616613734,131877.8061224491,2390.3202947845957,134268.1264172337,2398,38,767.4411764705883,34,0,16,34.26682506567764,0.6433823529411763,43.21428571428572,1027.1428571428582,30.210084033613477,0
2413,4,1,1,34,0.02857142857142857,0.02857142857142857,0.9714285714285714,35,950,700,250,0.7368421052631579,12,7,5,337.1765979243725,0.7569327731092437,-0.019446320054017807,0.20216945001052467,132219.3889853396,1916.2567515432215,134135.64573688284,2399,0,746.4857142857143,35,0,17,34.212525320729235,0.6446428571428571,42.88194444444445,1028.472222222223,29.38492063492066,0
2414,4,0,0,34,0.0,0.0,1.0,34,550,300,250,0.5454545454545454,8,3,5,346.19277800819367,0.743204099821747,-0.01609387240709781,0.20687713758482737,132091.8810232427,2345.8510487528456,134437.73207199553,2400,40,769.4411764705883,34,0,18,34.109004053271576,0.6455269607843137,43.00595238095239,1027.976190476191,30.23459383753503,0
2415,4,0,0,34,0.0,0.0,1.0,34,1100,800,300,0.7272727272727273,14,8,6,348.95779294705005,0.7411244800950684,-0.021086203258064762,0.20954442591073347,132275.51197562338,2431.7141439909083,134707.2261196143,2401,41,770.4411764705883,34,0,18,33.853141997454,0.6473651960784315,42.82738095238094,1028.6904761904746,30.25560224089631,0
2416,4,0,0,34,0.0,0.0,1.0,34,900,600,300,0.6666666666666666,12,6,6,349.35226151037926,0.7419043374925728,-0.02309806642990253,0.21063456436671804,132428.6352040815,2452.848639455773,134881.48384353728,2402,42,771.4411764705883,34,0,18,33.688989127920436,0.6488970588235294,42.67857142857142,1029.2857142857133,30.27310924369745,0
2417,4,1,0,35,0.02857142857142857,0.0,1.0,35,800,500,300,0.625,11,5,6,343.9502583089756,0.7489495798319327,-0.0191781261533035,0.20902315015186423,132725.77649444877,2130.2130219050096,134855.9895163538,2403,0,750.3714285714286,35,0,17,33.52954528436107,0.649702380952381,42.3900462962963,1030.4398148148152,29.441137566137577,0
2418,4,0,0,35,0.0,0.0,1.0,35,1150,900,250,0.782608695652174,14,9,5,342.9982968140725,0.750140056022409,-0.018474565398678644,0.20927594712464076,132874.89819101503,2115.1727537722836,134990.07094478732,2404,1,751.3714285714286,35,0,18,33.40443047447986,0.6511904761904762,42.24537037037037,1031.018518518518,29.457671957671945,0
2419,4,0,0,35,0.0,0.0,1.0,35,1200,800,400,0.6666666666666666,16,8,8,347.94475407288536,0.7479691876750699,-0.014769704157184593,0.2133135858188236,133053.95474322682,2259.0851123113566,135313.03985553817,2405,2,752.3714285714286,35,0,19,33.097281429960354,0.6529761904761906,42.071759259259245,1031.7129629629612,29.477513227513178,0
2420,4,0,0,35,0.0,0.0,1.0,35,850,600,250,0.7058823529411765,11,6,5,348.84396127318234,0.7481792717086834,-0.011999038538579088,0.214036057450132,133083.80922335802,2285.096638160127,135368.90586151814,2406,3,753.3714285714286,35,0,19,33.04414376518975,0.6532738095238096,42.04282407407406,1031.8287037037023,29.480820105820065,0
2421,4,0,0,35,0.0,0.0,1.0,35,1100,800,300,0.7272727272727273,14,8,6,348.75942004783747,0.7469887955182072,-0.012454951708231077,0.21467117097354432,133203.26063368033,2291.1783854166415,135494.43901909696,2407,4,754.3714285714286,35,0,20,32.92654725866129,0.6544642857142857,41.92708333333332,1032.291666666665,29.49404761904757,0
2422,4,0,0,35,0.0,0.0,1.0,35,900,600,300,0.6666666666666666,12,6,6,350.64163519583997,0.7471988795518206,-0.0029967343279757586,0.2166984731639662,133352.65024862808,2351.798268175563,135704.44851680365,2408,5,755.3714285714286,35,0,21,32.72822351710742,0.6559523809523811,41.7824074074074,1032.8703703703688,29.510582010581967,0
2423,4,0,0,35,0.0,0.0,1.0,35,1200,900,300,0.75,15,9,6,351.7224565297439,0.7471288515406161,0.001613083902766821,0.21789218386127832,133442.32420535389,2386.9324149091,135829.25662026298,2409,6,756.3714285714286,35,0,21,32.61045610694148,0.6568452380952381,41.69560185185184,1033.217592592591,29.5205026455026,0
2424,4,0,0,35,0.0,0.0,1.0,35,900,700,200,0.7777777777777778,11,7,4,347.6562971304469,0.7465686274509803,0.012684176809737435,0.21416396204444677,133233.13185871064,2263.86745541839,135496.99931412903,2410,7,757.3714285714286,35,0,17,32.92507473841553,0.6547619047619048,41.89814814814815,1032.407407407408,29.497354497354518,1
2425,4,0,0,35,0.0,0.0,1.0,35,1250,800,450,0.64,17,8,9,350.2872147814915,0.7429271708683473,0.011523318715790376,0.21682827178499237,133412.42953746562,2346.5336719821553,135758.96320944777,2411,8,758.3714285714286,35,0,19,32.67747778026738,0.656547619047619,41.72453703703703,1033.101851851851,29.517195767195744,0
2426,4,0,0,35,0.0,0.0,1.0,35,900,700,200,0.7777777777777778,11,7,4,348.595213319459,0.7426470588235293,0.010599078341013923,0.21612903225806446,133472.22222222216,2305.5555555555507,135777.77777777772,2412,9,759.3714285714286,35,0,20,32.66129032258064,0.6571428571428571,41.666666666666664,1033.333333333333,29.523809523809515,0
2427,4,0,0,35,0.0,0.0,1.0,35,600,500,100,0.8333333333333334,7,5,2,347.7034724621857,0.7411764705882352,0.003915296526134204,0.2162734969381786,133591.84777949256,2290.069873113864,135881.9176526064,2413,10,760.3714285714286,35,0,20,32.5645618749067,0.6583333333333332,41.55092592592593,1033.796296296297,29.537037037037056,0
2428,4,0,0,35,0.0,0.0,1.0,35,650,400,250,0.6153846153846154,9,4,5,347.5876417664228,0.7404061624649859,0.00437445039571549,0.21672683734703338,133681.6021117327,2293.21456511489,135974.8166768476,2414,11,761.3714285714286,35,0,21,32.47773269912331,0.6592261904761905,41.464120370370374,1034.1435185185187,29.546957671957678,0
2429,4,0,0,35,0.0,0.0,1.0,35,1100,900,200,0.8181818181818182,13,9,4,348.686340815506,0.7408263305322128,0.0016110986797936988,0.21794115483978993,133771.386584791,2328.8510588134595,136100.23764360446,2415,12,762.3714285714286,35,0,20,32.35949503990451,0.6601190476190475,41.377314814814824,1034.4907407407422,29.55687830687835,0
2430,4,0,0,35,0.0,0.0,1.0,35,650,400,250,0.6153846153846154,9,4,5,348.06056001922565,0.7407563025210083,-0.002301312067505057,0.21772661623595937,133801.32144043644,2314.1925743741504,136115.5140148106,2416,13,763.3714285714286,35,0,20,32.3457368460305,0.6604166666666667,41.34837962962963,1034.606481481482,29.5601851851852,0
2431,4,0,0,35,0.0,0.0,1.0,35,900,700,200,0.7777777777777778,11,7,4,346.4398981765428,0.7405462184873949,0.006210763406335307,0.21741838662405769,133921.09435281638,2279.12205825618,136200.21641107256,2417,14,764.3714285714286,35,0,21,32.26790506541428,0.6616071428571428,41.23263888888889,1035.0694444444448,29.57341269841271,0
2432,4,0,0,35,0.0,0.0,1.0,35,1400,900,500,0.6428571428571429,19,9,10,348.02758965075975,0.7385154061624649,0.011032721468475337,0.2196648044692736,134130.82588520242,2336.2456061385515,136467.07149134096,2418,15,765.3714285714286,35,0,21,32.017225325884525,0.663690476190476,41.030092592592595,1035.8796296296302,29.596560846560863,0
2433,4,0,0,35,0.0,0.0,1.0,35,800,500,300,0.625,11,5,6,350.8538840640288,0.7373949579831932,0.019528383164747032,0.22217437608976776,134250.74615269207,2420.4791452332015,136671.22529792527,2419,16,766.3714285714286,35,0,21,31.82423125604944,0.6648809523809522,40.914351851851855,1036.3425925925928,29.609788359788368,0
2434,4,0,0,35,0.0,0.0,1.0,35,750,500,250,0.6666666666666666,10,5,5,349.30136336226457,0.7369047619047618,0.019064633446053803,0.22155403755470574,134310.72638031564,2382.983967764074,136693.7103480797,2420,17,767.3714285714286,35,0,21,31.8045630489802,0.6654761904761903,40.85648148148149,1036.574074074075,29.616402116402146,0
2435,4,0,0,35,0.0,0.0,1.0,35,900,700,200,0.7777777777777778,11,7,4,349.3283458551157,0.7366246498599439,0.02043823557554325,0.2219349873879524,134370.7200038582,2387.9002700617493,136758.62027391995,2421,18,768.3714285714286,35,0,21,31.743971868720692,0.6660714285714284,40.79861111111112,1036.805555555557,29.623015873015916,0
2436,4,0,0,35,0.0,0.0,1.0,35,750,600,150,0.8,9,6,3,351.65420102819223,0.7354341736694677,0.016525079294241296,0.2243328543641058,134520.76266986024,2460.958263674552,136981.7209335348,2422,19,769.3714285714286,35,0,21,31.533921863959232,0.6675595238095238,40.65393518518518,1037.3842592592591,29.639550264550262,0
2437,4,0,0,35,0.0,0.0,1.0,35,750,400,350,0.5333333333333333,11,4,7,340.1879252954275,0.7351540616246498,-0.016732192598487572,0.21918066256471386,134881.20666420192,2176.9915712877364,137058.19823548966,2423,20,770.3714285714286,35,0,17,31.472260909935006,0.6711309523809523,40.30671296296297,1038.773148148149,29.67923280423283,5
2438,4,0,0,35,0.0,0.0,1.0,35,850,400,450,0.47058823529411764,13,4,9,343.0860013836803,0.7350140056022408,-0.019249192380527802,0.22141502763632637,134941.32754897553,2259.2960980367016,137200.62364701222,2424,21,771.3714285714286,35,0,17,31.337143997623546,0.6717261904761904,40.248842592592595,1039.00462962963,29.68584656084657,0
2439,4,0,0,35,0.0,0.0,1.0,35,700,400,300,0.5714285714285714,10,4,6,342.97981829806827,0.7346638655462184,-0.024737938823230055,0.22208375977901598,135061.60950628007,2264.6812575017207,137326.29076378178,2425,22,772.3714285714286,35,0,18,31.220191700998406,0.6729166666666666,40.133101851851855,1039.467592592593,29.699074074074087,0
2440,4,0,0,35,0.0,0.0,1.0,35,900,700,200,0.7777777777777778,11,7,4,342.48280707207584,0.7353641456582632,-0.01969215112581102,0.22231687418609314,135151.85613854596,2257.4374142661204,137409.29355281207,2426,23,773.3714285714286,35,0,18,31.143328880973577,0.6738095238095239,40.0462962962963,1039.814814814815,29.708994708994716,0
2441,4,0,0,35,0.0,0.0,1.0,35,1050,700,350,0.6666666666666666,14,7,7,342.0072351813636,0.7328431372549019,-0.023342815822513074,0.2229371310402666,135302.33417191778,2254.8754447445062,137557.2096166623,2427,24,774.3714285714286,35,0,18,31.006067601142142,0.675297619047619,39.90162037037037,1040.393518518518,29.725529100529087,0
2442,4,0,0,35,0.0,0.0,1.0,35,1000,900,100,0.9,11,9,2,343.856460784438,0.7330532212885154,-0.024478901881036963,0.2247061987916909,135392.66117969813,2311.128257887507,137703.78943758563,2428,25,775.3714285714286,35,0,19,30.86817912218268,0.6761904761904762,39.81481481481481,1040.74074074074,29.735449735449713,0
2443,4,0,0,35,0.0,0.0,1.0,35,1250,1100,150,0.88,14,11,3,346.5818976078675,0.7318627450980392,-0.03041689827682026,0.2270578418778419,135483.0183282965,2391.192317172499,137874.210645469,2429,26,776.3714285714286,35,0,19,30.707453214748924,0.6770833333333333,39.72800925925926,1041.087962962963,29.745370370370374,0
2444,4,0,0,35,0.0,0.0,1.0,35,450,300,150,0.6666666666666666,6,3,3,349.28621010553354,0.7313025210084033,-0.03361493997332188,0.22902177449776842,135513.14407578896,2466.574502743505,137979.71857853248,2430,27,777.3714285714286,35,0,19,30.60712168371128,0.6773809523809522,39.69907407407408,1041.2037037037053,29.748677248677293,0
2445,4,0,0,35,0.0,0.0,1.0,35,600,400,200,0.6666666666666666,8,4,4,347.9407960110272,0.7297619047619047,-0.03475057949385585,0.2285234512778995,135573.40561771262,2434.303733710559,138007.70935142317,2431,28,778.3714285714286,35,0,19,30.582259020523075,0.6779761904761905,39.6412037037037,1041.4351851851852,29.755291005291006,0
2446,4,0,0,35,0.0,0.0,1.0,35,900,500,400,0.5555555555555556,13,5,8,346.74315875693964,0.7294117647058823,-0.032221411114989884,0.22850526465080317,135693.96888931756,2410.191079389573,138104.15996870713,2432,29,779.3714285714286,35,0,19,30.493686588165595,0.6791666666666667,39.52546296296296,1041.898148148148,29.768518518518515,0
2447,4,0,1,34,0.0,0.02857142857142857,0.9714285714285714,35,850,700,150,0.8235294117647058,10,7,3,344.90224906703867,0.7289915966386554,-0.034502784786023866,0.2274838790000403,135724.11807966826,2362.3107156635815,138086.42879533186,2433,30,780.3714285714286,35,0,19,30.511704431856053,0.6794642857142856,39.49652777777778,1042.0138888888891,29.771825396825403,0
2448,4,0,0,34,0.0,0.0,1.0,34,900,700,200,0.7777777777777778,11,7,4,356.85579570968923,0.7212938205585265,-0.021286819309009664,0.2353849871776119,135726.70245181408,2886.972080498869,138613.67453231296,2434,74,803.4411764705883,34,0,19,30.197741726646107,0.6816789215686274,39.49404761904762,1042.0238095238096,30.64775910364146,0
2449,4,0,0,34,0.0,0.0,1.0,34,1000,800,200,0.8,12,8,4,355.88703330494695,0.7207739156268569,-0.025044512379480244,0.23515403596866494,135788.7347647392,2865.089994331066,138653.82475907027,2435,75,804.4411764705883,34,0,19,30.16133637921189,0.6822916666666666,39.43452380952381,1042.2619047619046,30.654761904761898,0
2450,4,0,0,34,0.0,0.0,1.0,34,700,400,300,0.5714285714285714,10,4,6,357.78559519638134,0.720291146761735,-0.025864617203665397,0.23661409905887576,135819.75623582766,2918.870464852609,138738.62670068027,2436,76,805.4411764705883,34,0,19,30.081039668037157,0.6825980392156863,39.404761904761905,1042.3809523809525,30.658263305322134,0
2451,4,0,0,34,0.0,0.0,1.0,34,600,500,100,0.8333333333333334,7,5,2,357.1179826722156,0.7203282828282829,-0.027624958856444115,0.23637809329256168,135850.78125,2902.951388888889,138753.73263888888,2437,77,806.4411764705883,34,0,19,30.06761257660539,0.6829044117647058,39.375,1042.5,30.66176470588235,0
2452,4,0,0,34,0.0,0.0,1.0,34,850,600,250,0.7058823529411765,11,6,5,364.8130185538485,0.7191770647653001,-0.03783047115216798,0.24252592326015307,136005.95946712003,3123.3489229024754,139129.30839002252,2438,78,807.4411764705883,34,0,17,29.71282241497374,0.684436274509804,39.22619047619047,1043.095238095237,30.67927170868344,0
2453,4,0,0,34,0.0,0.0,1.0,34,700,400,300,0.5714285714285714,10,4,6,363.3547346609644,0.7185086155674392,-0.0380567562488251,0.24197879138059966,136068.05555555547,3088.19444444444,139156.2499999999,2439,79,808.4411764705883,34,0,18,29.68916400425985,0.6850490196078431,39.166666666666664,1043.3333333333328,30.686274509803905,0
2454,4,0,0,34,0.0,0.0,1.0,34,1000,700,300,0.7,13,7,6,363.24983102880594,0.7183972073677957,-0.040753665984362586,0.24212051475037913,136099.10891439914,3087.595663265316,139186.70457766447,2440,80,809.4411764705883,34,0,19,29.661057235215818,0.6853553921568627,39.136904761904766,1043.4523809523814,30.68977591036416,0
2455,4,0,0,34,0.0,0.0,1.0,34,750,500,250,0.6666666666666666,10,5,5,375.6279577555423,0.7179144385026739,-0.031208734361599322,0.2257424764202641,132306.12953514745,3139.576247165541,135445.705782313,2441,81,810.4411764705883,34,0,17,33.13637853891846,0.647671568627451,42.79761904761905,1028.8095238095243,30.259103641456598,7
2456,4,0,0,34,0.0,0.0,1.0,34,650,400,250,0.6153846153846154,9,4,5,371.5681969124141,0.7176916221033869,-0.027212623351519083,0.22403455031352223,132429.53619100817,3041.3526838431353,135470.8888748513,2442,82,811.4411764705883,33,1,18,33.116417629082825,0.651199494949495,42.67769607843137,1029.2892156862738,31.19058229352345,0
2457,4,1,1,34,0.02857142857142857,0.02857142857142857,0.9714285714285714,35,900,600,300,0.6666666666666666,12,6,6,363.47753612294605,0.7252801120448179,-0.031225244256667728,0.22094533375563352,132735.1473922902,2649.2488662131486,135384.39625850334,2443,0,789.2285714285714,34,1,15,33.017078712261245,0.6519607843137255,42.38095238095238,1030.4761904761904,30.308123249299715,0
2458,4,0,0,34,0.0,0.0,1.0,34,850,600,250,0.7058823529411765,11,6,5,369.86768738484795,0.7160947712418301,-0.024919175378930847,0.22432235066068032,132650.37035034588,3012.617142445195,135662.9874927911,2444,84,813.4411764705883,33,1,16,32.9377825362836,0.653409090909091,42.46323529411764,1030.1470588235281,31.216577540106915,0
2459,4,0,0,34,0.0,0.0,1.0,34,700,500,200,0.7142857142857143,9,5,4,369.1182484012732,0.7151663695781343,-0.02105738215352737,0.22405610933642625,132681.93310565644,2995.0645484909605,135676.9976541474,2445,85,814.4411764705883,33,1,16,32.92531521351254,0.6537247474747474,42.432598039215684,1030.269607843137,31.220291146761728,0
2460,4,1,0,35,0.02857142857142857,0.0,1.0,35,650,200,450,0.3076923076923077,11,2,9,359.5480902284872,0.72093837535014,-0.024567998944730274,0.2199946789364132,132980.6122448979,2562.5850340135967,135543.1972789115,2446,0,792.1428571428571,34,1,18,32.87165281625116,0.6544117647058822,42.14285714285714,1031.4285714285709,30.336134453781497,0
2461,4,0,0,35,0.0,0.0,1.0,35,1400,1100,300,0.7857142857142857,17,11,6,350.9106812516467,0.7217086834733893,0.005248559137641884,0.20406915276845267,131053.71492346942,2197.6296768707543,133251.34460034018,2447,1,793.1428571428571,34,1,17,35.035170329031516,0.635110294117647,44.017857142857146,1023.9285714285717,30.115546218487403,5
2462,4,0,0,35,0.0,0.0,1.0,35,1050,1000,50,0.9523809523809523,11,10,1,349.9447418149535,0.7218487394957983,0.006075495501477235,0.20431644830797124,131206.1295351477,2182.979024943342,133389.10856009103,2448,2,794.1428571428571,34,1,18,34.90587961887055,0.636642156862745,43.869047619047635,1024.523809523812,30.133053221288584,0
2463,4,0,0,35,0.0,0.0,1.0,35,550,300,250,0.5454545454545454,8,3,5,351.6425408156516,0.72093837535014,0.009756097560975396,0.20596205962059633,131328.1250000003,2236.1111111111404,133564.23611111144,2449,3,795.1428571428571,34,1,18,34.7391598915989,0.6378676470588234,43.750000000000014,1025.0000000000023,30.147058823529477,0
2464,4,1,1,35,0.027777777777777776,0.027777777777777776,0.9722222222222222,36,600,200,400,0.3333333333333333,10,2,8,342.8991971744712,0.7303902116402117,0.004888688327316926,0.20209165450495453,131565.5006858713,1822.7409122085346,133388.24159807983,2450,0,774.0277777777778,35,1,14,34.723789109506626,0.6380952380952379,43.51851851851853,1025.9259259259277,29.312169312169363,0
2465,4,1,2,34,0.027777777777777776,0.05555555555555555,0.9444444444444444,36,750,600,150,0.8,9,6,3,343.6742121678411,0.7341600529100529,0.004755996691480746,0.20286388582423998,131624.87809713668,1847.2152563443294,133472.093353481,2451,0,775.0,35,1,14,34.644052184374765,0.6386904761904761,43.46064814814816,1026.157407407409,29.318783068783112,0
2466,4,0,0,34,0.0,0.0,1.0,34,700,200,500,0.2857142857142857,12,2,10,351.56733652381246,0.7204396910279264,-0.006448751194213287,0.20756920827638836,131633.36167800485,2455.5980725623954,134088.95975056724,2452,6,788.2352941176471,34,0,14,34.43300464037123,0.6409313725490193,43.45238095238097,1026.1904761904786,30.182072829131727,0
2467,4,2,0,36,0.05555555555555555,0.0,1.0,36,850,600,250,0.7058823529411765,11,6,5,337.18870862866925,0.7404100529100529,0.01237473243821774,0.20266816065996887,132311.09487866273,1722.761443876343,134033.85632253907,2453,0,745.3888888888889,36,0,18,34.12005618797433,0.6435185185185184,42.79279279279281,1028.828828828831,28.578578578578643,0
2468,4,1,0,37,0.02702702702702703,0.0,1.0,37,650,300,350,0.46153846153846156,10,3,7,328.74449202341145,0.7483733733733734,0.02572708257010814,0.19942669847680203,132658.90045450884,1322.2051020615531,133981.1055565704,2454,0,726.2162162162163,36,1,17,33.98830345430694,0.6469907407407405,42.45495495495497,1030.1801801801826,28.61611611611618,0
2469,4,1,0,38,0.02631578947368421,0.0,1.0,38,1500,1100,400,0.7333333333333333,19,11,8,319.31890112305973,0.7542970602181128,0.02433740455519029,0.19578810337431027,133058.54752218936,897.6218359631839,133956.16935815255,2455,0,708.078947368421,38,0,18,33.831029305167256,0.647203947368421,42.06730769230769,1031.7307692307693,27.15080971659919,0
2470,4,0,0,38,0.0,0.0,1.0,38,1350,1100,250,0.8148148148148148,16,11,5,319.42800586548594,0.7539710763394974,0.020819488173964285,0.19658047087084857,133196.36774965294,909.3300277595104,134105.69777741245,2456,1,709.078947368421,38,0,18,33.69040226316152,0.6485745614035088,41.93376068376068,1032.2649572649568,27.164867296446232,0
2471,4,0,0,38,0.0,0.0,1.0,38,950,900,50,0.9473684210526315,10,9,1,319.91155333255364,0.7534080132764344,0.02368012633757166,0.19731621971660054,133279.09412895388,927.5044059098504,134206.59853486373,2457,2,710.078947368421,38,0,20,33.59523193654078,0.6493969298245614,41.85363247863248,1032.5854700854698,27.173301844354466,0
2472,4,0,0,38,0.0,0.0,1.0,38,800,600,200,0.75,10,6,4,319.66650684393346,0.7518966334755809,0.03120985127278253,0.19760459003626285,133361.84619037196,926.2631035868344,134288.10929395878,2458,3,711.078947368421,38,0,20,33.5188680871604,0.650219298245614,41.77350427350428,1032.9059829059838,27.18173639226273,0
2473,4,0,0,38,0.0,0.0,1.0,38,1000,600,400,0.6,14,6,8,316.6472148541114,0.7529338549075392,0.022021499371771336,0.1964713627386439,133500.5497484804,854.561108966757,134355.11085744717,2459,4,712.078947368421,37,1,20,33.45833333333334,0.6534346846846846,41.63925438596492,1033.4429824561412,27.930891417733545,0
2474,4,0,0,38,0.0,0.0,1.0,38,600,400,200,0.6666666666666666,8,4,4,318.4105104530547,0.7521040777619725,0.025104263788781278,0.1978678893896471,133557.21381819402,905.2041253077887,134462.41794350182,2460,5,713.078947368421,37,1,20,33.35620646370354,0.6539977477477477,41.584429824561404,1033.6622807017543,27.936818397344712,0
2475,4,0,0,38,0.0,0.0,1.0,38,550,300,250,0.5454545454545454,8,3,5,325.6640325900215,0.7521040777619725,0.02366081746081017,0.18921749049738812,131019.23338190585,933.6503780009153,131952.88375990678,2461,6,714.078947368421,37,1,16,35.716214165863406,0.6286599099099099,44.051535087719294,1023.7938596491218,27.67010431484113,6
2476,4,0,0,38,0.0,0.0,1.0,38,1050,700,350,0.6666666666666666,14,7,7,328.7153409846442,0.7514817449027975,0.02243885946128721,0.1914090576556467,131103.4404816865,1019.1424284395038,132122.58291012602,2462,7,715.078947368421,37,1,17,35.55317630264097,0.6295045045045045,43.96929824561403,1024.1228070175425,27.678994784257906,0
2477,4,0,0,38,0.0,0.0,1.0,38,800,600,200,0.75,10,6,4,328.05874590841006,0.7522226173541963,0.02196034460415075,0.19116635967126994,131131.51552641182,1003.7681065327654,132135.2836329446,2463,8,716.078947368421,37,1,17,35.54167558790993,0.6297860360360361,43.941885964912274,1024.2324561403498,27.681958274063508,0
2478,4,0,0,38,0.0,0.0,1.0,38,1100,700,400,0.6363636363636364,15,7,8,329.36632918917593,0.7512743006164059,0.026783350327010735,0.19220922008834915,131187.6746330601,1041.7605657509898,132229.4351988111,2464,9,717.078947368421,37,1,17,35.451563559170864,0.6303490990990992,43.88706140350877,1024.4517543859643,27.68788525367471,0
2479,4,0,0,38,0.0,0.0,1.0,38,1100,900,200,0.8181818181818182,13,9,4,329.60541292230243,0.7502074442863916,0.03476297205671974,0.1927717264813414,131271.93583602633,1053.5881232686788,132325.523959295,2465,10,718.078947368421,37,1,17,35.36049290248946,0.6311936936936938,43.8048245614035,1024.7807017543848,27.69677572309148,0
2480,4,2,2,38,0.05,0.05,0.95,40,800,600,200,0.75,10,6,4,315.6728689614122,0.7673076923076924,0.034131052685006935,0.18632075686871596,131621.90890842004,309.89312065971706,131931.80202907976,2466,0,683.125,39,1,14,35.36538168713837,0.6311431623931625,43.463541666666664,1026.1458333333326,26.311431623931604,0
2481,4,0,0,38,0.0,0.0,1.0,38,950,500,450,0.5263157894736842,14,5,9,330.7550663614732,0.7503556187766715,0.03974249990148082,0.19387016397576232,131356.22409058537,1089.3473232148076,132445.57141380018,2467,12,720.078947368421,37,1,17,35.246082468713226,0.6320382882882885,43.72258771929823,1025.1096491228054,27.705666192508254,0
2482,4,1,1,38,0.02564102564102564,0.02564102564102564,0.9743589743589743,39,1000,700,300,0.7,13,7,6,321.99382099976697,0.7566351776878093,0.03869245451754599,0.19008916107576865,131629.4461451711,676.773664073324,132306.21980924442,2468,0,702.5897435897435,38,1,14,35.195644629533234,0.6329495614035088,43.45619658119657,1026.175213675212,27.00461088618979,0
2483,4,0,0,38,0.0,0.0,1.0,38,850,600,250,0.7058823529411765,11,6,5,338.87869611483245,0.7497629208155524,0.01085318143583791,0.19490228771613693,130626.62459843393,1253.3160443597817,131879.94064279372,2469,14,722.078947368421,37,1,13,35.77476402445564,0.6247184684684686,44.43530701754385,1022.2587719298228,27.62861545756278,6
2484,4,1,1,38,0.02564102564102564,0.02564102564102564,0.9743589743589743,39,650,500,150,0.7692307692307693,8,5,3,334.959100972494,0.7646198830409358,0.0157963925323219,0.1938310157107897,130863.12601587006,966.7590081451841,131829.88502401524,2470,0,704.5384615384615,38,1,13,35.63594201385263,0.6252741228070178,44.20405982905981,1023.1837606837579,26.92588843904626,0
2485,4,1,1,38,0.02564102564102564,0.02564102564102564,0.9743589743589743,39,950,500,450,0.5263157894736842,14,5,9,338.63501087272954,0.7632703553756186,0.008802981775954954,0.19679437896866941,131027.14913662394,1074.0760145006536,132101.22515112458,2471,0,705.5128205128206,38,1,15,35.37623047758182,0.6269188596491231,44.0438034188034,1023.8247863247834,26.94275753486272,0
2486,4,0,0,38,0.0,0.0,1.0,38,700,500,200,0.7142857142857143,9,5,4,346.33061756154746,0.7534969179706021,0.005862051464243789,0.2006395812353762,130906.99932911998,1467.4203841566034,132374.41971327658,2472,17,725.078947368421,37,1,15,35.300702703667966,0.627533783783784,44.16118421052629,1023.3552631578906,27.658250355618666,0
2487,4,1,0,39,0.02564102564102564,0.0,1.0,39,1200,700,500,0.5833333333333334,17,7,10,339.0661150208366,0.7588843904633379,0.01005750583479692,0.19817081713375,131246.00643080188,1100.214702498326,132346.2211333002,2473,0,707.4615384615385,38,1,17,35.1442758836409,0.6291118421052633,43.83012820512819,1024.6794871794852,26.96524966261803,0
2488,4,1,1,39,0.025,0.025,0.975,40,1150,1000,150,0.8695652173913043,13,10,3,329.1431300159449,0.7674679487179488,0.010946283572766946,0.19444950227141236,131656.8560979618,666.8156229454221,132323.67172090724,2474,0,690.75,38,2,14,34.984645013533196,0.6332236842105263,43.429487179487175,1026.2820512820508,27.007422402159232,0
2489,4,0,0,39,0.0,0.0,1.0,39,700,500,200,0.7142857142857143,9,5,4,334.52080225874374,0.7614709851551957,0.00956914198337766,0.19723447679490003,131581.12502164117,1003.3247008694877,132584.44972251065,2475,1,708.9487179487179,37,2,14,34.92294093548502,0.6342905405405406,43.503289473684205,1025.9868421052624,27.72937411095304,0
2490,4,1,1,39,0.025,0.025,0.975,40,1200,700,500,0.5833333333333334,17,7,10,327.9497599674421,0.7680555555555556,0.020824667221297943,0.1951463423172598,131931.11257213802,653.355340054035,132584.46791219205,2476,0,692.2,38,2,15,34.739410011092616,0.6359649122807018,43.16239316239315,1027.3504273504257,27.035537561853307,0
2491,4,0,2,37,0.0,0.05128205128205128,0.9487179487179487,39,1000,700,300,0.7,13,7,6,343.02090286646336,0.7614147548358075,0.034881034881036,0.19742758631647525,130654.64854570614,1172.4038925697678,131827.0524382759,2477,1,710.8717948717949,37,2,15,35.64055126555128,0.625,44.407894736842096,1022.3684210526296,27.631578947368368,5
2492,4,0,0,37,0.0,0.0,1.0,37,750,400,350,0.5333333333333333,11,4,7,360.06082064614384,0.7434309309309309,0.041843065967579696,0.19498778336616873,128258.57688347125,1836.1776895138332,130094.75457298508,2478,23,750.1891891891892,36,1,17,37.644293125810634,0.6027199074074074,46.762387387387385,1012.9504504504499,28.137512512512497,3
2493,4,3,3,37,0.075,0.075,0.925,40,1150,900,250,0.782608695652174,14,9,5,339.2356484770339,0.7736111111111111,0.04168034468608983,0.18661789511027788,128883.87586805545,744.401041666657,129628.2769097221,2479,0,694.85,39,1,17,37.53419504855698,0.6036324786324787,46.14583333333333,1015.4166666666657,26.036324786324762,0
2494,4,3,1,39,0.075,0.025,0.975,40,850,500,350,0.5882352941176471,12,5,7,331.2628112035861,0.7756410256410257,0.012200477068199156,0.1775268394962622,127839.40882050239,524.2890841412669,128363.69790464366,2480,0,695.775,37,3,20,38.80143391521197,0.5965653153153154,47.176535087719294,1011.2938596491222,27.3322664770033,5
2495,4,0,0,39,0.0,0.0,1.0,39,1150,900,250,0.782608695652174,14,9,5,337.6863210003922,0.7655757984705354,0.00520815487407944,0.18093216960522182,127831.16731596446,833.3673200227072,128664.53463598716,2481,1,714.6153846153846,36,3,20,38.64745731254641,0.5983796296296298,47.184684684684676,1011.26126126126,28.090590590590555,0
2496,4,4,3,40,0.09302325581395349,0.06976744186046512,0.9302325581395349,43,1350,1000,350,0.7407407407407407,17,10,7,309.5130516239614,0.7997877445551864,0.027579423343671028,0.16947535895834787,128698.84033203124,-632.8222192578992,128066.01811277334,2482,0,649.046511627907,39,4,17,38.4766493857578,0.6017628205128206,46.328125,1014.6874999999999,26.0176282051282,0
2497,4,3,3,40,0.06976744186046512,0.06976744186046512,0.9302325581395349,43,600,400,200,0.6666666666666666,8,4,4,313.78799022119875,0.7929125138427464,0.05826951558933713,0.17296476498851918,128963.21750216992,-506.57823350696924,128456.63926866296,2483,0,649.9767441860465,39,4,19,38.09961798789867,0.6044337606837609,46.06770833333332,1015.7291666666649,26.044337606837562,0
2498,4,0,1,39,0.0,0.025,0.975,40,650,500,150,0.7692307692307693,8,5,3,322.0235020661159,0.7893963675213675,0.07826704545454577,0.17711292613636345,128875.73964497015,300.2034023668333,129175.94304733699,2484,1,689.425,38,2,19,37.979403409090885,0.605263157894737,46.15384615384614,1015.3846153846132,26.720647773279296,0
2499,4,0,0,39,0.0,0.0,1.0,39,1300,900,400,0.6923076923076923,17,9,8,327.6756226979737,0.7787336932073774,0.06860130545193788,0.18005629617569927,128839.3438966794,643.5024478685384,129482.84634454794,2485,2,708.0,37,2,20,37.8729479425424,0.6067004504504505,46.18969298245612,1015.2412280701726,27.438952110004664,0
2500,4,1,1,39,0.025,0.025,0.975,40,950,500,450,0.5263157894736842,14,5,9,338.037691914631,0.7846153846153846,0.06188879273041992,0.18381296612110873,128422.23087873185,682.8188721529631,129105.0497508848,2486,0,691.275,37,3,19,38.035031732294826,0.6024774774774775,46.60087719298245,1013.5964912280697,27.394499762920802,3
2501,4,4,2,41,0.09302325581395349,0.046511627906976744,0.9534883720930233,43,1250,1000,250,0.8,15,10,5,316.65787677472656,0.8024178663713547,0.07914369875084049,0.1754863568630242,129175.56023407017,-419.1082730187174,128756.45196105145,2487,0,643.953488372093,40,3,23,37.8111566530041,0.6049479166666667,45.85873983739837,1016.5650406504052,25.41412601626013,0
2502,4,0,1,40,0.0,0.024390243902439025,0.975609756097561,41,650,400,250,0.6153846153846154,9,4,5,330.65907711291754,0.7893292682926829,0.09591444179425967,0.1826113718550434,129038.51290269569,333.5511176857369,129372.06402038143,2488,1,676.1951219512196,38,3,23,37.59463722397475,0.6069078947368421,45.993589743589745,1016.0256410256418,26.73751686909584,0
2503,4,1,0,41,0.024390243902439025,0.0,1.0,41,700,400,300,0.5714285714285714,10,4,6,326.7549753697013,0.7993394308943089,0.10053808970265732,0.18145662524422804,129257.13320444744,247.1850037835907,129504.31820823104,2489,0,661.439024390244,37,4,24,37.471695061462164,0.6109234234234234,45.77850877192982,1016.88596491228,27.483404457088646,0
2504,4,0,0,41,0.0,0.0,1.0,41,1100,700,400,0.6363636363636364,15,7,8,326.6126925313343,0.798119918699187,0.10131574795696241,0.181634252753037,129312.88954293626,247.04620652508464,129559.93574946135,2490,1,662.439024390244,37,4,24,37.41869699583155,0.6114864864864864,45.723684210526315,1017.1052631578945,27.48933143669985,0
2505,4,0,0,41,0.0,0.0,1.0,41,950,600,350,0.631578947368421,13,6,7,327.77624460155624,0.7984756097560975,0.10029495423214718,0.18253949564305155,129368.65790435516,280.7945714065904,129649.45247576175,2491,2,663.439024390244,37,4,24,37.33248904217865,0.6120495495495495,45.66885964912281,1017.3245614035085,27.49525841631104,0
2506,4,0,1,40,0.0,0.024390243902439025,0.975609756097561,41,950,800,150,0.8421052631578947,11,8,3,325.9960723969284,0.7988821138211382,0.10108322227742206,0.1816767300763421,129396.54659366331,236.55319425206923,129633.09978791539,2492,3,664.439024390244,37,4,24,37.34945845457485,0.612331081081081,45.64144736842105,1017.4342105263148,27.498221906116616,0
2507,4,2,1,41,0.047619047619047616,0.023809523809523808,0.9761904761904762,42,1550,1300,250,0.8387096774193549,18,13,5,319.2168625500227,0.8078300425861401,0.11398728428701199,0.18023475162439734,129908.37191358021,-106.21141975309223,129802.16049382712,2493,0,648.6428571428571,38,4,20,37.00329246139873,0.6156798245614035,45.138888888888886,1019.4444444444441,26.82748538011695,0
2508,4,0,1,40,0.0,0.024390243902439025,0.975609756097561,41,1300,900,400,0.6923076923076923,17,9,8,325.04714537436604,0.8009146341463415,0.10661502655667565,0.1841676615364437,130044.55133912283,254.12203685442597,130298.67337597726,2494,1,665.4634146341464,38,3,21,36.71681330959115,0.6170504385964912,45.00534188034189,1019.9786324786339,26.841542959964052,0
2509,4,2,1,41,0.047619047619047616,0.023809523809523808,0.9761904761904762,42,1150,800,350,0.6956521739130435,15,8,7,319.6650655805672,0.8117015098722415,0.11831659126345118,0.18279190214137447,130402.54122662771,-62.607364607953684,130339.93386201975,2495,0,650.4047619047619,37,5,23,36.49210502773306,0.622466216216216,44.65460526315791,1021.3815789473708,27.60490753911813,0
2510,4,1,2,40,0.023809523809523808,0.047619047619047616,0.9523809523809523,42,750,500,250,0.6666666666666666,10,5,5,317.2814102305165,0.8214769647696477,0.10955752031586008,0.1824808505600931,130626.62459843433,-110.92006675128573,130515.70453168303,2496,0,624.7380952380952,37,5,16,36.32671439808359,0.6247184684684683,44.43530701754387,1022.258771929826,27.628615457562866,0
2511,4,0,0,40,0.0,0.0,1.0,40,750,700,50,0.9333333333333333,8,7,1,334.84457359430013,0.8040598290598291,0.1159080603106224,0.19092850573208275,130292.12648158864,725.5223068844308,131017.64878847307,2497,2,656.95,35,5,22,36.21625004723577,0.6252976190476189,44.76273148148148,1020.9490740740739,29.16997354497354,0
2512,4,0,0,40,0.0,0.0,1.0,40,1200,1000,200,0.8333333333333334,14,10,4,338.3469251819695,0.801655982905983,0.1219858356940513,0.19351339045566293,130410.31867551865,824.786067172497,131235.10474269115,2498,3,657.95,35,5,22,36.007200188857425,0.6264880952380951,44.64699074074074,1021.4120370370367,29.18320105820105,0
2513,4,1,1,40,0.024390243902439025,0.024390243902439025,0.975609756097561,41,900,600,300,0.6666666666666666,12,6,6,331.01787475643914,0.8107215447154471,0.12250043152372281,0.19079559332376717,130710.7054574485,453.5159856879035,131164.2214431364,2499,0,642.8780487804878,37,4,16,35.89069983558509,0.6255630630630631,44.353070175438596,1022.587719298246,27.63750592697962,0
2514,4,0,0,40,0.0,0.0,1.0,40,750,400,350,0.5333333333333333,11,4,7,341.5768305226183,0.7990918803418804,0.13797356828193852,0.1967968033721685,130694.03863322787,928.4110969077269,131622.4497301356,2500,5,659.95,36,4,17,35.637619309838485,0.6273148148148149,44.36936936936937,1022.5225225225229,28.403403403403413,0
2515,4,0,0,40,0.0,0.0,1.0,40,950,700,250,0.7368421052631579,12,7,5,341.547874108677,0.8002938034188034,0.13313339203169683,0.19766267414977334,130866.81909950501,939.4567709601561,131806.27587046518,2501,6,660.95,36,4,21,35.46367121578985,0.6290509259259258,44.200450450450454,1023.1981981981991,28.422172172172196,0
2516,4,0,0,40,0.0,0.0,1.0,40,1050,800,250,0.7619047619047619,13,8,5,346.1653262490551,0.8009081196581197,0.13941730934018803,0.20098255509086957,130991.17036011102,1068.920244690693,132060.09060480172,2502,7,661.95,37,3,22,35.219847900599824,0.6283783783783783,44.07894736842106,1023.6842105263175,27.66714082503561,0
2517,4,1,0,41,0.024390243902439025,0.0,1.0,41,1350,900,450,0.6666666666666666,18,9,9,333.65277817495485,0.8055894308943089,0.141875570627364,0.19571226323311355,131384.3261869038,567.7819136657617,131952.10810056957,2503,0,646.780487804878,37,4,23,35.14349376114083,0.6323198198198197,43.6951754385965,1025.2192982456152,27.708629682313923,0
2518,4,1,1,41,0.023809523809523808,0.023809523809523808,0.9761904761904762,42,1350,1100,250,0.8148148148148148,16,11,5,323.86847539463344,0.8112417731320171,0.13692335147675538,0.19133336867409917,131656.85609796204,127.90105193953369,131784.75714990156,2504,0,632.3571428571429,38,4,15,35.11997709764731,0.6332236842105262,43.42948717948719,1026.2820512820526,27.00742240215928,0
2519,4,1,1,41,0.023809523809523808,0.023809523809523808,0.9761904761904762,42,750,500,250,0.6666666666666666,10,5,5,323.42649339615195,0.8126693766937669,0.13464140730717178,0.19120974289580525,131684.26890432113,118.03626543211391,131802.30516975324,2505,0,633.3333333333334,38,4,15,35.103743797925134,0.6334978070175438,43.402777777777786,1026.38888888889,27.010233918128687,0
2520,4,1,1,41,0.023809523809523808,0.023809523809523808,0.9761904761904762,42,1100,800,300,0.7272727272727273,14,8,6,328.0171455565766,0.8131291134339915,0.13597368344781602,0.1945603502344606,131809.03320312515,247.12456597223678,132056.1577690974,2506,0,634.3095238095239,39,3,16,34.86043484141476,0.6330128205128205,43.28125000000001,1026.8750000000011,26.330128205128233,0
2521,4,0,0,41,0.0,0.0,1.0,41,1500,1300,200,0.8666666666666667,17,13,4,335.2252953641552,0.8051321138211383,0.13258039136062538,0.19861375391180824,131766.52444480962,634.2944152238905,132400.8188600335,2507,4,650.780487804878,38,3,17,34.71817551161982,0.6343201754385965,43.32264957264957,1026.709401709401,27.018668466036868,0
2522,4,0,0,41,0.0,0.0,1.0,41,1700,1200,500,0.7058823529411765,22,12,10,354.65558183096437,0.8051321138211383,0.1743983559569522,0.1955374907160942,128972.5113627142,971.6119843556337,129944.12334706984,2508,5,651.780487804878,36,5,16,37.05238359201775,0.6099537037037036,46.058558558558566,1015.7657657657668,28.215715715715746,7
2523,4,1,1,41,0.023809523809523808,0.023809523809523808,0.9761904761904762,42,800,600,200,0.75,10,6,4,351.90135276719315,0.813588850174216,0.18245885912478754,0.1959973379099155,129373.18019032577,705.5223297622285,130078.702520088,2509,0,637.2380952380952,36,6,17,36.71431075197404,0.6140046296296295,45.66441441441443,1017.3423423423449,28.25950950950958,0
2524,4,0,0,41,0.0,0.0,1.0,41,850,600,250,0.7058823529411765,11,6,5,359.6765482122866,0.8117886178861788,0.18908267371249066,0.20005300668921386,129319.0854338136,1102.608453360789,130421.69388717439,2510,1,653.2439024390244,35,6,17,36.571650735851925,0.6154761904761903,45.7175925925926,1017.1296296296309,29.0608465608466,0
2525,4,0,0,41,0.0,0.0,1.0,41,1200,800,400,0.6666666666666666,16,8,8,360.33520026563576,0.81255081300813,0.18490640372221034,0.2008691658551178,129407.39300679456,1126.0077749914435,130533.40078178601,2511,2,654.2439024390244,35,6,17,36.46496890759489,0.6163690476190475,45.630787037037045,1017.4768518518531,29.070767195767232,0
2526,4,2,3,40,0.046511627906976744,0.06976744186046512,0.9302325581395349,43,1050,700,350,0.6666666666666666,14,7,7,345.10881859449256,0.8272886674049464,0.17564720424780123,0.19439038545558887,129815.23762119122,360.0766582025296,130175.31427939374,2512,0,624.7674418604652,37,6,14,36.437934868373866,0.616554054054054,45.23026315789474,1019.0789473684217,27.542674253200587,0
2527,4,0,0,40,0.0,0.0,1.0,40,1100,900,200,0.8181818181818182,13,9,4,365.2141611413058,0.8118589743589744,0.18081150608044894,0.20440520327751632,129564.73922902507,1463.7755102040921,131028.51473922917,2513,1,665.2,34,6,14,36.180620517617704,0.6200980392156862,45.47619047619048,1018.0952380952391,29.943977591036443,0
2528,4,1,2,39,0.024390243902439025,0.04878048780487805,0.9512195121951219,41,900,700,200,0.7777777777777778,11,7,4,355.85682572444676,0.8222052845528455,0.17046587359606602,0.20092223852441843,129908.3719135803,1045.7561728395149,130954.1280864198,2514,0,649.9512195121952,35,6,16,36.06948228882834,0.6214285714285714,45.13888888888889,1019.4444444444448,29.126984126984137,0
2529,4,2,2,39,0.04878048780487805,0.04878048780487805,0.9512195121951219,41,650,500,150,0.7692307692307693,8,5,3,363.0154102457312,0.8221036585365854,0.1871577899452468,0.20683436165163746,130262.5868055555,1257.9475308641945,131520.5343364197,2515,0,647.0,34,7,17,35.52721088435374,0.6271446078431373,44.791666666666664,1020.8333333333329,30.024509803921557,0
2530,4,0,0,39,0.0,0.0,1.0,39,900,400,500,0.4444444444444444,14,4,10,382.3010397240464,0.8118533513270356,0.20578140116712595,0.21642920085602144,130012.50270328723,2140.7829921184225,132153.28569540565,2516,1,680.8717948717949,33,6,17,35.289493711447584,0.6268939393939394,45.036764705882355,1019.8529411764708,30.904634581105178,0
2531,4,0,0,39,0.0,0.0,1.0,39,1000,800,200,0.8,12,8,4,381.8496694893093,0.811965811965812,0.20540540540540597,0.2166938308451602,130106.25608239618,2136.206176710883,132242.46225910707,2517,2,681.8717948717949,33,6,17,35.20558058058059,0.6278409090909091,44.94485294117647,1020.220588235294,30.915775401069517,0
2532,4,0,0,39,0.0,0.0,1.0,39,1450,900,550,0.6206896551724138,20,9,11,351.85880110807057,0.8124156545209177,0.13404938661612165,0.19253397319059606,128672.41753472229,1254.9045138888991,129927.3220486112,2518,3,682.8717948717949,33,6,18,37.429414784394254,0.6133207070707071,46.35416666666667,1014.5833333333339,30.744949494949513,5
2533,4,2,2,39,0.04878048780487805,0.04878048780487805,0.9512195121951219,41,1000,600,400,0.6,14,6,8,339.60190272285604,0.8290650406504065,0.14480909206997805,0.18860570905960888,129260.23046339164,579.4040423525353,129839.63450574416,2519,0,650.5121951219512,35,6,19,37.14194931330146,0.6148809523809524,45.77546296296296,1016.8981481481482,29.054232804232804,0
2534,4,3,2,40,0.07142857142857142,0.047619047619047616,0.9523809523809523,42,1200,900,300,0.75,15,9,6,330.1117409085031,0.8351480836236934,0.15670062386480277,0.1853420668229308,129688.42734203818,162.33450511324247,129850.76184715143,2520,0,635.7857142857143,36,6,18,36.94859038142623,0.6171875,45.35472972972974,1018.5810810810826,28.293918918918962,0
2535,4,1,1,40,0.024390243902439025,0.024390243902439025,0.975609756097561,41,1300,800,500,0.6153846153846154,18,8,10,340.325646971472,0.8295731707317073,0.165569780271569,0.1907124230608289,129613.56122470862,622.1638160151024,130235.72504072373,2521,0,652.2682926829268,35,6,18,36.76451087368341,0.6184523809523809,45.42824074074075,1018.2870370370381,29.093915343915373,0
2536,4,1,1,40,0.024390243902439025,0.024390243902439025,0.975609756097561,41,900,500,400,0.5555555555555556,13,5,8,341.3719008264462,0.8286077235772358,0.1702217294900219,0.19158627087198518,129672.49657064477,653.3093278463712,130325.80589849115,2522,0,653.2439024390244,35,6,19,36.67803030303031,0.619047619047619,45.370370370370374,1018.5185185185189,29.100529100529112,0
2537,4,0,0,40,0.0,0.0,1.0,40,1150,900,250,0.782608695652174,14,9,5,353.7572223368096,0.8207264957264957,0.17434533551554865,0.1982987732548538,129625.34722222213,1171.1805555555509,130796.52777777768,2523,3,670.575,34,6,19,36.41059738134207,0.6207107843137255,45.416666666666664,1018.3333333333326,29.95098039215684,0
2538,4,0,0,40,0.0,0.0,1.0,40,1000,700,300,0.7,13,7,6,357.0959134660046,0.8202190170940171,0.17577695992522524,0.20094568858353262,129776.9292091836,1268.562216553279,131045.49142573688,2524,4,671.575,34,6,19,36.171476418584724,0.6222426470588236,45.26785714285714,1018.9285714285708,29.968487394957965,0
2539,4,1,0,41,0.024390243902439025,0.0,1.0,41,1000,700,300,0.7,13,7,6,344.789751398942,0.8248475609756097,0.15482290042325664,0.18447690036112646,127774.23327043267,611.0492249005833,128385.28249533325,2525,0,656.170731707317,36,5,20,38.52611940298506,0.5978009259259258,47.240990990990994,1011.0360360360366,28.08433433433435,8
2540,4,2,2,41,0.046511627906976744,0.046511627906976744,0.9534883720930233,43,1100,700,400,0.6363636363636364,15,7,8,329.51497210186636,0.8371170173495754,0.15090289863692385,0.1781917104096265,128201.54772593558,-150.06252029054144,128051.48520564505,2526,0,626.6046511627907,36,7,20,38.47599058527003,0.6021412037037036,46.8186936936937,1012.7252252252268,28.1312562562563,0
2541,4,1,1,41,0.023809523809523808,0.023809523809523808,0.9761904761904762,42,1200,800,400,0.6666666666666666,16,8,8,334.8389784104641,0.8298974061169183,0.15379874466845145,0.1806878017337122,128116.77781865584,179.6982004078318,128296.47601906367,2527,0,642.5,37,5,20,38.42771850969349,0.5993806306306306,46.90241228070176,1012.3903508771938,27.36190137505929,0
2542,4,2,2,41,0.046511627906976744,0.046511627906976744,0.9534883720930233,43,1300,1000,300,0.7692307692307693,16,10,6,325.1135822093835,0.8400701365817644,0.1547151684644421,0.17715529137832464,128505.59937913589,-244.21384464450819,128261.38553449139,2528,0,628.5116279069767,37,6,16,38.277617064994025,0.603322072072072,46.51864035087719,1013.9254385964913,27.403390232337603,0
2543,4,0,0,41,0.0,0.0,1.0,41,750,400,350,0.5333333333333333,11,4,7,341.57453061224516,0.8267784552845528,0.15572961672473884,0.1847204661840016,128203.13169795956,558.1849065500778,128761.31660450963,2529,4,660.170731707317,35,6,20,38.16904761904763,0.6041666666666665,46.81712962962963,1012.7314814814816,28.93518518518519,0
2544,4,1,0,42,0.023809523809523808,0.0,1.0,42,1600,1100,500,0.6875,21,11,10,332.8818342833159,0.8332849399922571,0.1599257416819868,0.18138823344831023,128505.599379136,155.4359274007513,128661.03530653675,2530,0,645.4285714285714,37,5,17,38.08070635521429,0.603322072072072,46.5186403508772,1013.9254385964921,27.403390232337625,0
2545,4,1,0,43,0.023255813953488372,0.0,1.0,43,900,400,500,0.4444444444444444,14,4,10,328.16607619324486,0.838501291989664,0.16267321934672263,0.18024474312070604,128821.50472094389,-145.03045328364897,128676.47426766025,2531,0,631.3953488372093,38,5,19,37.87864835473234,0.6047149122807017,46.20726495726496,1015.1709401709408,26.715024741340546,0
2546,4,1,0,44,0.022727272727272728,0.0,1.0,44,1150,800,350,0.6956521739130435,15,8,7,324.60313757966185,0.8437720225510924,0.17330448069917104,0.17964565021921514,129121.9740125869,-417.3204210069389,128704.65359157996,2532,0,618.0227272727273,39,5,20,37.663664548529255,0.6060363247863249,45.911458333333336,1016.3541666666674,26.06036324786327,0
2547,4,0,1,43,0.0,0.022727272727272728,0.9772727272727273,44,1000,900,100,0.9,11,9,2,322.11052243956874,0.8442565186751234,0.17078664353009243,0.17875109961592564,129229.25954380177,-474.7303106484899,128754.52923315328,2533,1,619.0227272727273,37,7,21,37.6180622955534,0.6106418918918919,45.80592105263157,1016.7763157894723,27.480440967283034,0
2548,4,1,1,43,0.022727272727272728,0.022727272727272728,0.9772727272727273,44,950,700,250,0.7368421052631579,12,7,5,314.4058790268522,0.8463486610288936,0.17390526446367738,0.17568004747735008,129500.26167223674,-656.8712789466127,128843.39039329013,2534,0,613.2045454545455,38,6,13,37.53914313704908,0.6115679824561404,45.53952991452991,1017.8418803418796,26.78531264057578,0
2549,4,0,1,42,0.0,0.023255813953488372,0.9767441860465116,43,1300,900,400,0.6923076923076923,17,9,8,315.9102986502283,0.8441768180140273,0.12323183888755707,0.16836977455534166,127617.7300347224,-476.85267938671444,127140.87735533567,2535,3,628.4651162790698,39,4,19,39.41580756013746,0.5908119658119657,47.39583333333334,1010.4166666666681,25.908119658119695,6
2550,4,3,1,44,0.06666666666666667,0.022222222222222223,0.9777777777777777,45,1200,900,300,0.75,15,9,6,307.69931407423326,0.8476851851851852,0.16148239541206788,0.16681625020546267,128302.78320312545,-1102.0941840277337,127200.68901909771,2536,0,601.3555555555556,39,6,22,38.92530331071355,0.5977564102564101,46.71875000000002,1013.1250000000036,25.977564102564195,0
2551,4,5,3,46,0.10204081632653061,0.061224489795918366,0.9387755102040817,49,800,300,500,0.375,13,3,10,287.49349664604944,0.8681972789115646,0.16414021340129636,0.15884681869269424,129057.01636392383,-2379.3894197657937,126677.62694415804,2537,0,553.1632653061224,43,6,19,38.67233612923268,0.5993217054263564,45.97537878787881,1016.098484848489,23.63019732205788,0
2552,4,1,1,46,0.02127659574468085,0.02127659574468085,0.9787234042553191,47,1400,1100,300,0.7857142857142857,17,11,6,302.8020008294578,0.8545713845205056,0.18174564088497647,0.16695690288060455,128974.55401431437,-1589.249397675706,127385.30461663866,2538,0,577.6808510638298,41,6,20,38.36708907119836,0.601371951219512,46.056547619047635,1015.7738095238121,24.77497096399542,0
2553,4,1,0,47,0.02127659574468085,0.0,1.0,47,1600,1200,400,0.75,20,12,8,302.9838413063239,0.8534150477952512,0.18996515505791578,0.16780391556889707,129150.96391565895,-1573.8689688838385,127577.09494677512,2539,0,578.6595744680851,41,6,22,38.18360010410567,0.6031504065040649,45.88293650793651,1016.4682539682548,24.791908633372067,0
2554,4,1,0,48,0.020833333333333332,0.0,1.0,48,1200,800,400,0.6666666666666666,16,8,8,295.91151130955603,0.8562721631205673,0.19909618008185515,0.16557491434343852,129554.63927469129,-1932.6483371126315,127621.99093757865,2540,0,567.5833333333334,41,7,14,37.954752160072765,0.6072154471544715,45.48611111111111,1018.0555555555551,24.83062330623305,0
2555,4,1,2,47,0.02040816326530612,0.04081632653061224,0.9591836734693877,49,1100,800,300,0.7272727272727273,14,8,6,290.30147175757935,0.858453798185941,0.20463645534259345,0.16383967182884826,129891.90853915016,-2258.437556336772,127633.4709828134,2541,0,556.9795918367347,42,7,16,37.75685202788338,0.6091269841269842,45.155038759689916,1019.3798449612392,24.270948689553315,0
2556,4,0,0,47,0.0,0.0,1.0,47,1100,600,500,0.5454545454545454,16,6,10,301.90935455990234,0.8508711069996916,0.20460699139719662,0.16907936407689547,129589.12854658262,-1575.1659685042112,128013.96257807841,2542,1,581.531914893617,40,7,16,37.76720065209436,0.6091145833333333,45.45223577235772,1018.1910569105682,25.454776422764205,0
2557,4,1,1,47,0.020833333333333332,0.020833333333333332,0.9791666666666666,48,1300,1000,300,0.7692307692307693,16,10,6,293.3073422809915,0.8544991134751773,0.20820855911525182,0.16543163182057635,129867.2154336427,-1981.7984383450637,127885.41699529764,2543,0,570.3958333333334,42,6,17,37.705184269734126,0.6088789682539684,45.17926356589147,1019.2829457364332,24.26864156515317,0
2558,4,1,1,47,0.020833333333333332,0.020833333333333332,0.9791666666666666,48,1050,700,350,0.6666666666666666,14,7,7,293.62181052680546,0.8545914598108747,0.21330307926249725,0.16592313052433122,129941.30179226006,-1969.279941109315,127972.02185115074,2544,0,571.25,42,6,18,37.62236266869415,0.6096230158730158,45.10658914728682,1019.5736434108526,24.275562938353634,0
2559,4,1,1,47,0.020833333333333332,0.020833333333333332,0.9791666666666666,48,1400,1200,200,0.8571428571428571,16,12,4,290.10728453889806,0.8567893026004728,0.2016694725028061,0.16540671877636648,130289.17236328124,-2039.2422861480134,128249.93007713322,2424,0,519.2291666666666,39,9,21,37.361089854776736,0.6177884615384617,44.765625,1020.9374999999999,26.177884615384613,0
2560,4,0,0,47,0.0,0.0,1.0,47,1250,900,350,0.72,16,9,7,300.27151784535346,0.8521430773974714,0.20675445560154393,0.1708676335745601,130213.13252095731,-1580.1410109067979,128632.99151005052,2425,1,530.9787234042553,42,5,21,37.178391721257,0.6123511904761905,44.84011627906977,1020.6395348837212,24.300941306755266,0
2561,4,0,1,46,0.0,0.02127659574468085,0.9787234042553191,47,1300,800,500,0.6153846153846154,18,8,10,300.2280020927518,0.8503700277520814,0.20870335164978293,0.17152886553131325,130368.94531249974,-1571.8902343985044,128797.05507810123,2426,2,531.9787234042553,39,8,21,37.02230382156944,0.6185897435897438,44.687499999999986,1021.249999999998,26.185897435897385,0
2562,4,2,1,47,0.041666666666666664,0.020833333333333332,0.9791666666666666,48,1150,800,350,0.6956521739130435,15,8,7,291.03761844117207,0.8583961288416075,0.2125654513720543,0.16833824783980936,130845.55820302635,-1983.80407139711,128861.75413162923,2427,0,519.75,41,7,14,36.77710575648855,0.6201727642276424,44.221230158730144,1023.1150793650775,24.954026325977498,0
2563,4,0,0,47,0.0,0.0,1.0,47,1400,1100,300,0.7857142857142857,17,11,6,299.9533498145304,0.8534535923527597,0.22475914284868836,0.17332551201108262,130807.80805902556,-1552.7519581598408,129255.05610086571,2428,1,531.8085106382979,40,7,14,36.587067024306236,0.6213541666666667,44.258130081300806,1022.9674796747955,25.574186991869887,0
2564,4,0,0,47,0.0,0.0,1.0,47,1600,1100,500,0.6875,21,11,10,298.5113117997796,0.8530296022201664,0.22287527918185024,0.173116425173599,130947.07739866781,-1582.1632298752813,129364.91416879253,2429,2,532.8085106382979,41,6,14,36.483776776194624,0.6211890243902438,44.12202380952381,1023.5119047619048,24.9637049941928,0
2565,4,0,0,47,0.0,0.0,1.0,47,1450,900,550,0.6206896551724138,20,9,11,292.46177839393215,0.8529525131051495,0.17994677747106058,0.16577133436860028,130060.11924445699,-1792.4772455278494,128267.64199892915,2430,3,533.8085106382979,41,6,12,37.53201387538091,0.6122967479674797,44.99007936507936,1020.0396825396822,24.87901664730932,3
2566,4,0,1,46,0.0,0.02127659574468085,0.9787234042553191,47,950,700,250,0.7368421052631579,12,7,5,293.9855576742761,0.8531452358926919,0.17594664923610281,0.16706825669821007,130161.33334120682,-1746.8895660115968,128414.44377519522,2431,4,534.8085106382979,41,6,15,37.39103311945038,0.6133130081300813,44.89087301587301,1020.4365079365076,24.888695315524576,0
2567,4,1,0,47,0.02127659574468085,0.0,1.0,47,750,300,450,0.4,12,3,9,294.53341091875546,0.8516419981498612,0.18843124445187187,0.1681602229025368,130342.35161675332,-1721.8857830314037,128620.46583372192,2432,0,535.5957446808511,39,8,16,37.194502533238136,0.6183226495726497,44.71354166666666,1021.1458333333321,26.183226495726466,0
2568,4,1,1,47,0.020833333333333332,0.020833333333333332,0.9791666666666666,48,1450,1100,350,0.7586206896551724,18,11,7,290.2365902646504,0.8565307328605201,0.18665081521739135,0.1668860394021737,130617.28395061698,-2018.0169753086743,128599.2669753083,2433,0,525.4166666666666,41,7,13,37.02728713768115,0.6178861788617888,44.44444444444443,1022.2222222222198,24.932249322493167,0
2569,4,0,1,46,0.0,0.02127659574468085,0.9787234042553191,47,1450,1100,350,0.7586206896551724,18,11,7,297.495782442188,0.8504085723095898,0.18770878333922258,0.17086893683729745,130574.00238160131,-1630.9569989754966,128943.04538262582,2434,2,537.5957446808511,40,7,13,36.8853783434424,0.6190104166666668,44.48678861788617,1022.0528455284533,25.551321138211332,0
2570,4,1,1,46,0.02127659574468085,0.02127659574468085,0.9787234042553191,47,1400,1100,300,0.7857142857142857,17,11,6,299.67703716207325,0.8521045328399629,0.20033188529875012,0.17304930459186807,130781.81932257552,-1561.538374149017,129220.2809484265,2435,0,538.0851063829788,40,7,14,36.62030137439974,0.6210937500000002,44.28353658536584,1022.865853658534,25.57164634146335,0
2571,4,1,1,46,0.02127659574468085,0.02127659574468085,0.9787234042553191,47,1500,1000,500,0.6666666666666666,20,10,10,299.9661979448354,0.854841196423065,0.20121227115289475,0.17430468258956608,131023.24263038512,-1539.491213151965,129483.75141723316,2436,0,538.7446808510638,41,6,17,36.36991279069766,0.6219512195121952,44.04761904761903,1023.8095238095209,24.970963995354168,0
2572,4,0,0,46,0.0,0.0,1.0,46,950,600,350,0.631578947368421,13,6,7,308.3945315728347,0.8489331723027376,0.20901250129502413,0.17892567523050615,130963.79469892234,-1122.2963761650042,129841.49832275734,2437,1,551.0217391304348,40,6,17,36.21405050304477,0.6229166666666668,44.10569105691056,1023.5772357723557,25.589430894308894,0
2573,4,0,1,45,0.0,0.021739130434782608,0.9782608695652174,46,1650,1400,250,0.8484848484848485,19,14,5,312.16181912918057,0.847061191626409,0.22247022556137752,0.18187125398925819,131124.8307193245,-1013.5668619299774,130111.26385739452,2438,2,552.0217391304348,41,5,18,35.95545977011495,0.6229674796747968,43.94841269841269,1024.206349206347,24.98064266356944,0
2574,4,0,0,45,0.0,0.0,1.0,45,900,600,300,0.6666666666666666,12,6,6,321.9768522364967,0.8435606060606061,0.2236775818639798,0.18734188662824783,131074.03175390518,-559.4391691862068,130514.59258471896,2439,3,563.7333333333333,41,4,18,35.75534457146547,0.622459349593496,43.998015873015866,1024.0079365079357,24.975803329461847,0
2575,4,1,1,45,0.021739130434782608,0.021739130434782608,0.9782608695652174,46,1350,1200,150,0.8888888888888888,15,12,3,320.5524446496305,0.8481682769726249,0.22923047646664285,0.18802085934338977,131382.88498064154,-775.9948168945364,130606.890163747,2440,0,552.4565217391304,38,8,20,35.48071244963177,0.6304824561403508,43.6965811965812,1025.2136752136762,26.979307242465165,0
2576,4,1,1,45,0.021739130434782608,0.021739130434782608,0.9782608695652174,46,1700,1400,300,0.8235294117647058,20,14,6,315.72886432078536,0.8498792270531401,0.22895457528913798,0.18639064178249212,131629.44614517142,-888.1568914822014,130741.28925368922,2441,0,551.8260869565217,38,8,14,35.35636821100122,0.6329495614035088,43.456196581196586,1026.1752136752145,27.004610886189855,0
2577,4,0,0,45,0.0,0.0,1.0,45,1150,800,350,0.6956521739130435,15,8,7,323.16420175240063,0.8448653198653199,0.2312610642507551,0.19050618965182964,131574.63480029593,-495.9576347797444,131078.6771655162,2442,2,565.0888888888888,38,7,14,35.220764344475676,0.6324013157894737,43.50961538461539,1025.9615384615388,26.99898785425102,0
2578,4,0,1,44,0.0,0.022222222222222223,0.9777777777777777,45,1200,900,300,0.75,15,9,6,325.4040771184411,0.8451599326599327,0.23563373928732556,0.19237889039242229,131684.26890432095,-429.8804012345661,131254.38850308637,2443,3,566.0888888888888,38,7,15,35.052999548940015,0.6334978070175439,43.40277777777778,1026.3888888888887,27.010233918128648,0
2579,4,0,1,43,0.0,0.022727272727272728,0.9772727272727273,44,1200,800,400,0.6666666666666666,16,8,8,337.7766588890586,0.8410192036645525,0.257297035939565,0.18719293800087553,129176.1751720366,-73.46062846432505,129102.71454357228,2444,8,579.8863636363636,41,3,16,37.27381591360073,0.6034044715447153,45.85813492063493,1016.567460317462,24.794328300425903,4
2580,4,0,0,43,0.0,0.0,1.0,43,900,700,200,0.7777777777777778,11,7,4,347.83419999999956,0.8378552971576227,0.25993023255813874,0.1923861725663719,129098.08976138575,380.9461547359704,129479.03591612172,2445,9,591.8139534883721,40,3,16,37.09770833333334,0.6041666666666665,45.93495934959351,1016.2601626016286,25.406504065040714,0
2581,4,1,1,43,0.022727272727272728,0.022727272727272728,0.9772727272727273,44,1100,800,300,0.7272727272727273,14,8,6,344.87460034723085,0.8409531360112755,0.25497595282639995,0.19247030461952194,129452.33298947758,129.1295663074425,129581.46255578502,2446,0,579.3409090909091,37,7,13,36.81255162877564,0.6128941441441441,45.58662280701755,1017.6535087719302,27.504148885727844,0
2582,4,1,1,43,0.022727272727272728,0.022727272727272728,0.9772727272727273,44,1500,1000,500,0.6666666666666666,20,10,10,344.450310424021,0.8426929175475687,0.26178704990895385,0.19291710389610728,129591.85157933214,127.59070098492256,129719.44228031706,2447,0,580.3181818181819,37,7,14,36.681563644195556,0.6143018018018017,45.449561403508774,1018.2017543859652,27.518966334755817,0
2583,4,2,0,45,0.044444444444444446,0.0,1.0,45,1300,800,500,0.6153846153846154,18,8,10,354.98481183265017,0.8447811447811449,0.2687962448273735,0.19223891525795814,128258.57688347112,160.8660551647876,128419.44293863591,2448,0,568.3777777777777,36,9,20,37.77283676116361,0.6027199074074076,46.76238738738738,1012.9504504504489,28.13751251251247,6
2584,4,0,0,45,0.0,0.0,1.0,45,1050,600,450,0.5714285714285714,15,6,9,350.7911111111113,0.8442760942760943,0.2651061728395061,0.19064734299516886,128401.20525931312,8.400292184045043,128409.60555149717,2449,1,569.3777777777777,36,9,16,37.73333333333332,0.6041666666666669,46.62162162162161,1013.5135135135115,28.1531531531531,0
2585,4,1,3,43,0.021739130434782608,0.06521739130434782,0.9347826086956522,46,1000,700,300,0.7,13,7,6,343.6628417094587,0.8492149758454106,0.25837159790010933,0.18778647068246865,128616.79945992965,-359.8370412050251,128256.96241872462,2450,0,557.9782608695652,37,9,16,37.69401055741721,0.6044481981981984,46.40899122807016,1014.3640350877166,27.415244191559907,0
2586,4,4,2,45,0.0851063829787234,0.0425531914893617,0.9574468085106383,47,1000,700,300,0.7,13,7,6,347.958840568814,0.854841196423065,0.2805746224092005,0.1925615154352022,129119.9380547336,-414.3152120315691,128705.62284270204,2451,0,546.936170212766,38,9,18,37.07229580573952,0.6077302631578948,45.91346153846153,1016.3461538461529,26.745951417004022,0
2587,4,1,1,45,0.021739130434782608,0.021739130434782608,0.9782608695652174,46,1200,600,600,0.5,18,6,12,354.1799034127691,0.8502012882447665,0.28121010738154273,0.19530491816761233,128978.53185595544,-63.67920898740704,128914.85264696804,2452,0,559.804347826087,37,9,18,37.05832613701784,0.6081081081081082,46.052631578947356,1015.7894736842086,27.453769559032665,0
2588,4,1,1,45,0.021739130434782608,0.021739130434782608,0.9782608695652174,46,900,600,300,0.6666666666666666,12,6,6,358.7154201475631,0.85012077294686,0.2887650309187888,0.19851424036438423,129119.9380547336,63.46256574620966,129183.40062047982,2453,0,560.7826086956521,38,8,18,36.79898559865448,0.6077302631578948,45.91346153846153,1016.3461538461529,26.745951417004022,0
2589,4,3,3,45,0.0625,0.0625,0.9375,48,700,400,300,0.5714285714285714,10,4,6,344.78111453022166,0.860224586288416,0.2773678730432285,0.19282818477702277,129536.0351261927,-667.6072411219825,128868.42788507072,2454,0,538.3541666666666,37,11,13,36.72985781990519,0.6137387387387387,45.50438596491228,1017.982456140351,27.51303935514462,0
2590,4,1,0,46,0.021739130434782608,0.0,1.0,46,1250,700,550,0.56,18,7,11,363.48497817785244,0.8491344605475041,0.3065961899014089,0.20232232255890717,129348.51794249393,203.24864433298546,129551.76658682691,2455,0,562.7391304347826,35,11,20,36.44482212614253,0.6157738095238094,45.688657407407405,1017.2453703703698,29.064153439153422,0
2591,4,0,0,46,0.0,0.0,1.0,46,1700,1100,600,0.6470588235294118,23,11,12,364.9287621364434,0.8503421900161031,0.30884199701377435,0.2038871368632709,129495.73072059326,251.3433427640603,129747.07406335732,2456,1,563.7391304347826,35,11,15,36.2581494958684,0.6172619047619048,45.54398148148148,1017.8240740740739,29.080687830687825,0
2592,4,1,1,46,0.02127659574468085,0.02127659574468085,0.9787234042553191,47,850,500,350,0.5882352941176471,12,5,7,357.72422436727504,0.8525670675300647,0.3087155511698352,0.20135258734373634,129787.30384589481,-114.3874798014858,129672.91636609333,2457,0,552.7234042553191,37,10,16,36.144925391872015,0.6162725225225225,45.257675438596486,1018.9692982456135,27.539710763394957,0
2593,4,1,2,45,0.02127659574468085,0.0425531914893617,0.9574468085106383,47,950,500,450,0.5263157894736842,14,5,9,360.2093176853118,0.8608926919518963,0.28911653970755635,0.19451303155006872,128144.53125000028,-159.13682575404908,127985.39442424623,2458,0,545.3617021276596,40,7,18,37.75720164609055,0.5945312499999998,46.875000000000014,1012.5000000000022,25.312500000000053,6
2594,4,1,1,45,0.021739130434782608,0.021739130434782608,0.9782608695652174,46,1600,1200,400,0.75,20,12,8,363.38821672253556,0.8608695652173913,0.3046235709707712,0.19666111840067477,128232.43694540902,119.63131751544421,128352.06826292447,2459,0,558.0217391304348,35,11,19,37.586775797051764,0.6044642857142857,46.78819444444445,1012.8472222222229,28.93849206349208,0
2595,4,1,1,45,0.021739130434782608,0.021739130434782608,0.9782608695652174,46,1000,700,300,0.7,13,7,6,368.708862640375,0.8591586151368761,0.314765527240948,0.20027387104709204,128379.01341735253,266.8960048011002,128645.90942215364,2460,0,559.0,35,11,15,37.302040505558104,0.605952380952381,46.64351851851852,1013.4259259259259,28.955026455026452,0
2596,4,2,2,45,0.0425531914893617,0.0425531914893617,0.9574468085106383,47,1150,600,550,0.5217391304347826,17,6,11,366.15896510661685,0.8609312365094048,0.31440454328727396,0.20100833809202476,128800.98637488841,32.32717514812042,128833.31355003653,2461,0,548.063829787234,36,11,15,36.935369055543234,0.6082175925925927,46.22747747747748,1015.0900900900901,28.196946946946948,0
2597,4,3,2,46,0.0625,0.041666666666666664,0.9583333333333334,48,1250,1000,250,0.8,15,10,5,353.030743801916,0.8621269208037825,0.30696867773807046,0.1955025900192915,129147.08547921685,-481.42167068449305,128665.66380853236,2462,0,537.5833333333334,38,10,16,36.91577324644383,0.6080043859649124,45.886752136752136,1016.4529914529912,26.748762932973452,0
2598,4,2,1,47,0.041666666666666664,0.020833333333333332,0.9791666666666666,48,1250,800,450,0.64,17,8,9,355.2869866578666,0.8646572104018913,0.31959563842782224,0.1978603038542427,129368.65790435506,-407.38845876363735,128961.26944559142,2463,0,538.5416666666666,37,11,17,36.63280520227061,0.6120495495495495,45.6688596491228,1017.3245614035077,27.495258416311017,0
2599,4,0,0,47,0.0,0.0,1.0,47,1400,1200,200,0.8571428571428571,16,12,4,359.997821574588,0.8611625038544557,0.32299863723335465,0.19991735313070208,129257.13320444734,-93.5427246845403,129163.5904797628,2464,1,551.0,37,10,17,36.62659046797498,0.6109234234234235,45.778508771929815,1016.8859649122792,27.483404457088625,0
2600,4,0,1,46,0.0,0.02127659574468085,0.9787234042553191,47,1150,800,350,0.6956521739130435,15,8,7,364.204545348892,0.8612781375269811,0.3282412632003897,0.2025396500393475,129312.88954293598,19.26842874727447,129332.15797168326,2465,2,552.0,37,10,17,36.46282521201667,0.6114864864864866,45.7236842105263,1017.1052631578923,27.489331436699793,0
2601,4,1,1,46,0.02127659574468085,0.02127659574468085,0.9787234042553191,47,1100,600,500,0.5454545454545454,16,6,10,360.45694701481256,0.8617406722170828,0.3263195015869287,0.20178156930829164,129572.31445312472,-58.95182291669698,129513.36263020802,2466,0,552.3404255319149,39,8,15,36.2939942705136,0.6105769230769234,45.468749999999986,1018.1249999999978,26.105769230769177,0
2602,4,0,0,46,0.0,0.0,1.0,46,1600,1100,500,0.6875,21,11,10,365.9979214412453,0.8590982286634461,0.33680949710737607,0.20593051190472877,129772.26382725165,299.2757642997882,130071.53959155144,2467,1,564.4347826086956,38,8,16,35.94945999790291,0.6143092105263158,45.27243589743589,1018.9102564102551,26.81342780026987,0
2603,4,2,4,44,0.041666666666666664,0.08333333333333333,0.9166666666666666,48,900,500,400,0.5555555555555556,13,5,8,353.00195660996184,0.8661162825059101,0.3239892451702848,0.20072738665216497,130184.79100568431,-408.90281082690626,129775.8881948574,2468,0,541.875,40,8,17,35.86167264157205,0.6151041666666668,44.86788617886178,1020.5284552845518,25.513211382113795,0
2604,4,0,0,44,0.0,0.0,1.0,44,1400,900,500,0.6428571428571429,19,9,10,376.0187752880617,0.8576902748414377,0.33676361224448836,0.2112711702643357,129717.10519641261,955.2134059735413,130672.31860238615,2469,1,588.2954545454545,36,8,17,35.75037769916723,0.6174768518518519,45.32657657657658,1018.6936936936935,28.29704704704704,0
2605,4,0,0,44,0.0,0.0,1.0,44,1150,700,450,0.6086956521739131,16,7,9,376.0187752880617,0.8571397110641297,0.33676361224448836,0.2112711702643357,129717.10519641261,955.2134059735413,130672.31860238615,2470,2,589.2954545454545,36,8,17,35.75037769916723,0.6174768518518519,45.32657657657658,1018.6936936936935,28.29704704704704,0
2606,4,0,0,44,0.0,0.0,1.0,44,1250,1000,250,0.8,15,10,5,373.4804187906352,0.8568754404510219,0.3355349070818685,0.21046063449908148,129831.84831791247,897.9306164272339,130729.7789343397,2471,3,590.2954545454545,36,8,17,35.6982044198895,0.6186342592592593,45.21396396396396,1019.144144144144,28.309559559559556,0
2607,4,0,0,44,0.0,0.0,1.0,44,1050,800,250,0.7619047619047619,13,8,5,351.5894421882428,0.8568754404510219,0.27221663065036616,0.18712845354594326,127562.34039560234,212.1726841142031,127774.51307971655,2472,4,591.2954545454545,37,7,17,38.57128966315715,0.59375,47.450657894736835,1010.1973684210514,27.302631578947334,7
2608,4,3,2,45,0.06382978723404255,0.0425531914893617,0.9574468085106383,47,1600,1000,600,0.625,22,10,12,330.14302488275507,0.8681390687634906,0.2691740064141981,0.17891365372561818,128287.09621783925,-924.0798880551467,127363.0163297841,2473,0,554.4893617021277,36,11,18,38.37284163331851,0.6030092592592595,46.73423423423422,1013.0630630630615,28.140640640640598,0
2609,4,1,0,46,0.021739130434782608,0.0,1.0,46,1850,1200,650,0.6486486486486487,25,12,13,343.86280874619024,0.8654790660225443,0.2756357224236641,0.18102497149620533,127119.65610812925,-442.56132574352864,126677.09478238571,2474,0,567.5217391304348,37,9,21,39.220103475771104,0.5892454954954955,47.889254385964904,1008.4429824561389,27.255215742057807,4
2610,4,5,2,49,0.09803921568627451,0.0392156862745098,0.9607843137254902,51,1050,600,450,0.5714285714285714,15,6,9,319.6808433043106,0.8882679738562093,0.2903366419528346,0.17317034965412817,128270.12004165092,-1994.7851230301821,126275.33491862073,2475,0,512.7843137254902,41,10,18,38.65510642117975,0.5942581300813008,46.75099206349206,1012.9960317460317,24.707220286488578,0
2611,4,3,1,51,0.057692307692307696,0.019230769230769232,0.9807692307692307,52,1000,500,500,0.5,15,5,10,315.64982728811304,0.8898629964806435,0.30218100584932794,0.17245419582734706,128610.97965867445,-2280.793296676872,126330.18636199758,2476,0,503.86538461538464,42,10,15,38.41031397274232,0.5962301587301586,46.41472868217055,1014.3410852713187,24.15097822074568,0
2612,4,0,0,51,0.0,0.0,1.0,51,1250,800,450,0.64,17,8,9,319.8753854810689,0.8851307189542484,0.30417448844624784,0.17454722546636445,128561.83992097847,-1975.2463794242951,126586.59354155418,2477,1,514.7450980392157,42,9,15,38.35315943690681,0.5957341269841269,46.46317829457365,1014.1472868217068,24.146363971945398,0
2613,4,1,1,51,0.019230769230769232,0.019230769230769232,0.9807692307692307,52,1250,700,550,0.56,18,7,11,312.92882601915784,0.8873963046757164,0.30853903559127427,0.17185435527281623,128816.57483930224,-2337.9160927456287,126478.65874655661,2478,0,505.8269230769231,43,9,16,38.270366915422876,0.5968992248062015,46.21212121212122,1015.1515151515162,23.60817477096549,0
2614,4,1,2,50,0.019230769230769232,0.038461538461538464,0.9615384615384616,52,1200,800,400,0.6666666666666666,16,8,8,313.35843199199326,0.8883547008547008,0.3166401439395561,0.1732431392944919,129081.07284672039,-2310.2714825814655,126770.80136413893,2479,0,505.1923076923077,43,9,18,37.99088699406704,0.5995639534883719,45.95170454545456,1016.1931818181846,23.632399577167085,0
2615,4,0,0,50,0.0,0.0,1.0,50,1800,1100,700,0.6111111111111112,25,11,14,323.75583404482944,0.8837755102040816,0.3071342058995892,0.17839678304364728,128949.36244173604,-1650.378322625341,127298.9841191107,2480,1,523.36,41,9,18,37.86058474962557,0.6011178861788617,46.08134920634921,1015.6746031746039,24.772551296941558,0
2616,4,1,1,50,0.0196078431372549,0.0196078431372549,0.9803921568627451,51,900,400,500,0.4444444444444444,14,4,10,315.7753292125771,0.8869607843137256,0.29877852780456426,0.17511177347242923,129201.38888888893,-2039.5396352985608,127161.84925359038,2481,0,514.0784313725491,39,12,20,37.80737704918034,0.6068376068376069,45.833333333333336,1016.6666666666671,26.06837606837608,0
2617,4,1,0,51,0.0196078431372549,0.0,1.0,51,1600,1200,400,0.75,20,12,8,312.3916603533138,0.8858169934640524,0.30146055025746166,0.1740318815691164,129382.26176754896,-2116.412085233669,127265.8496823153,2482,0,515.0588235294117,40,11,21,37.70997735823927,0.6070312500000001,45.65548780487804,1017.3780487804869,25.434451219512173,0
2618,4,1,0,52,0.019230769230769232,0.0,1.0,52,1200,1000,200,0.8333333333333334,14,10,4,309.1694643837422,0.8883232780291603,0.30352408059321423,0.17388665932207173,129756.71315980081,-2376.6372984379095,127380.0758613629,2483,0,506.13461538461536,41,11,13,37.412771827328775,0.6092479674796749,45.287698412698404,1018.8492063492051,24.84998064266354,0
2619,4,0,0,52,0.0,0.0,1.0,52,1350,900,450,0.6666666666666666,18,9,9,308.01117552660895,0.8888888888888888,0.29529833284586204,0.17383463339806468,129891.90853915026,-2398.3681118923105,127493.54042725795,2484,1,507.13461538461536,42,10,14,37.305529150823844,0.6091269841269842,45.15503875968992,1019.37984496124,24.270948689553332,0
2620,4,1,1,52,0.018867924528301886,0.018867924528301886,0.9811320754716981,53,1300,1000,300,0.7692307692307693,16,10,6,301.21417085001264,0.8904208998548621,0.29068396226415105,0.17101191635355575,130123.92354547376,-2760.9660522999275,127362.95749317383,2485,0,498.54716981132077,45,8,14,37.244392163825744,0.6074074074074074,44.92753623188406,1020.2898550724648,22.673107890499217,0
2621,4,2,6,48,0.037037037037037035,0.1111111111111111,0.8888888888888888,54,1150,700,450,0.6086956521739131,16,7,9,299.52172540316315,0.8902573957605404,0.29240702980871913,0.1716624513036825,130490.55103812345,-2982.6797900753086,127507.87124804813,2486,0,490.27777777777777,41,13,10,36.91772259442663,0.6166158536585367,44.56845238095237,1021.7261904761895,24.920150987224133,0
2622,4,2,1,49,0.04,0.02,0.98,50,1350,900,450,0.6666666666666666,18,9,9,318.9798999361791,0.8822959183673469,0.28593937090183363,0.1803667644829884,129966.00193986246,-1708.691541223479,128257.31039863898,2487,0,528.8,42,8,16,36.95100414964048,0.6098710317460316,45.082364341085274,1019.6705426356594,24.277870062753795,0
2623,4,1,1,49,0.02,0.02,0.98,50,1200,700,500,0.5833333333333334,17,7,10,318.8503597346187,0.8805612244897959,0.2918677560326812,0.18063610799604932,130040.11646685893,-1707.3324169220646,128332.78404993688,2488,0,529.78,42,8,16,36.87931471277471,0.6106150793650793,45.00968992248062,1019.9612403100773,24.284791435954222,0
2624,4,2,1,50,0.0392156862745098,0.0196078431372549,0.9803921568627451,51,1200,800,400,0.6666666666666666,16,8,8,316.74816288038164,0.8833660130718956,0.3026035172751558,0.1809552182367797,130366.35068618212,-1940.7691740655432,128425.58151211658,2489,0,520.3529411764706,40,11,18,36.60314459150164,0.6169270833333333,44.6900406504065,1021.2398373983737,25.530995934959343,0
2625,4,0,0,50,0.0,0.0,1.0,50,1500,1200,300,0.8,18,12,6,324.46521934132574,0.8794557823129251,0.30806366047745315,0.18512270547052828,130315.76063368065,-1543.413628472218,128772.34700520843,2490,1,531.76,39,11,18,36.457270625042476,0.6180555555555556,44.739583333333336,1021.0416666666674,26.180555555555575,0
2626,4,0,0,50,0.0,0.0,1.0,50,1150,800,350,0.6956521739130435,15,8,7,324.88445648847033,0.8789965986394558,0.30824069352371186,0.1857429793509886,130395.54172092023,-1527.3030598958296,128868.2386610244,2491,2,532.76,39,11,18,36.36590600033995,0.6188568376068376,44.661458333333336,1021.3541666666674,26.188568376068396,0
2627,4,0,0,50,0.0,0.0,1.0,50,1550,1100,450,0.7096774193548387,20,11,9,323.1947263033312,0.8787414965986394,0.30929663608562685,0.18541171140559523,130528.56445312499,-1562.771267361111,128965.79318576388,2492,3,533.76,39,11,14,36.27463472646961,0.6201923076923077,44.53125,1021.8749999999999,26.201923076923073,0
2628,4,1,1,50,0.0196078431372549,0.0196078431372549,0.9803921568627451,51,800,300,500,0.375,13,3,10,317.27925469033255,0.8814379084967321,0.3110099436923448,0.1832754282975919,130794.81336805546,-1900.3038194444528,128894.50954861101,2493,0,524.2745098039215,41,10,15,36.157077393075355,0.6196646341463414,44.27083333333333,1022.9166666666658,24.949186991869897,0
2629,4,0,2,48,0.0,0.04,0.96,50,1050,700,350,0.6666666666666666,14,7,7,350.25713675794293,0.8810204081632653,0.30231424375917837,0.19021141158864308,128370.63536351996,-970.5614016440309,127400.07396187593,2494,1,534.92,41,9,14,37.77808370044053,0.5952743902439026,46.651785714285694,1013.3928571428536,24.716898954703748,7
2630,4,3,2,49,0.058823529411764705,0.0392156862745098,0.9607843137254902,51,1250,900,350,0.72,16,9,7,347.29135903715286,0.8887581699346406,0.3156153576995264,0.19103759324673586,128881.41605259573,-1248.1195728922817,127633.29647970345,2495,0,525.1372549019608,42,9,16,37.33220409072111,0.5989583333333335,46.148255813953476,1015.4069767441839,24.176356589147236,0
2631,4,0,0,49,0.0,0.0,1.0,49,1200,900,300,0.75,15,9,6,357.8021012490195,0.8798894557823129,0.3222548107876102,0.19597663088159384,128711.08596280316,-589.3805976931791,128121.70536510998,2496,1,547.5714285714286,40,9,17,37.2391921215156,0.6002604166666667,46.3160569105691,1014.735772357723,25.368394308943074,0
2632,4,1,0,50,0.02,0.0,1.0,50,1650,1300,350,0.7878787878787878,20,13,7,350.9852232428992,0.8838265306122449,0.32254434484073946,0.19391101427423835,129053.65982362848,-940.8144792981082,128112.84534433037,2497,0,537.6,42,8,18,37.06290927585987,0.6006944444444444,45.97868217054264,1016.0852713178302,24.19250645994834,0
2633,4,0,1,49,0.0,0.02,0.98,50,1550,1000,550,0.6451612903225806,21,10,11,351.38403654931517,0.8849149659863945,0.32770491803278734,0.19485842026825623,129201.38888888866,-919.8008683372657,128281.5880205514,2498,1,538.6,38,12,19,36.90232240437159,0.6085526315789475,45.83333333333332,1016.6666666666648,26.75438596491223,0
2634,4,2,3,48,0.0392156862745098,0.058823529411764705,0.9411764705882353,51,900,600,300,0.6666666666666666,12,6,6,343.13414202390027,0.8880718954248367,0.3311743035323016,0.19182533385912773,129519.29253472215,-1311.5017361111204,128207.79079861102,2499,0,528.5490196078431,39,12,16,36.78878428162095,0.6100427350427351,45.52083333333333,1017.916666666666,26.10042735042733,0
2635,4,2,0,50,0.04,0.0,1.0,50,1000,400,600,0.4,16,4,12,360.51441071907635,0.8888945578231292,0.3476153993487836,0.1938461110570853,127972.89544648767,-770.6586659079892,127202.23678057968,2500,0,534.88,42,8,17,37.92516599629702,0.589781746031746,47.04457364341086,1011.8217054263572,24.09099298634184,7
2636,4,0,1,49,0.0,0.02,0.98,50,1150,700,450,0.6086956521739131,16,7,9,362.69681807841755,0.888095238095238,0.34981240428790206,0.1957363819877742,128120.00480740344,-706.2563848326379,127413.7484225708,2501,1,535.88,42,8,18,37.7193402246044,0.5912698412698413,46.89922480620155,1012.403100775194,24.104835732742714,0
2637,4,1,0,50,0.02,0.0,1.0,50,1450,1100,350,0.7586206896551724,18,11,7,364.1992365632193,0.886734693877551,0.3507434356216388,0.1974672018484283,128306.8422296187,-654.1398133673147,127652.70241625138,2502,0,536.0,38,12,19,37.49011388801012,0.5995065789473684,46.71474358974359,1013.1410256410259,26.661605937921735,0
2638,4,1,0,51,0.0196078431372549,0.0,1.0,51,1000,800,200,0.8,12,8,4,352.40672726666355,0.8883660130718956,0.35184148772177926,0.19302145758407227,128711.08596280329,-1128.2694865820515,127582.81647622124,2503,0,526.4705882352941,40,11,17,37.376064096144205,0.6002604166666666,46.31605691056911,1014.735772357724,25.368394308943103,0
2639,4,0,1,50,0.0,0.0196078431372549,0.9803921568627451,51,1250,1000,250,0.8,15,10,5,347.50112054106586,0.8868300653594772,0.3443883809153725,0.19107780381539866,128865.8177692678,-1243.7967851477147,127622.02098412008,2504,1,527.4705882352941,40,11,17,37.342775164314546,0.6018229166666667,46.16361788617887,1015.345528455286,25.38363821138215,0
2640,4,2,1,51,0.038461538461538464,0.019230769230769232,0.9807692307692307,52,1750,1400,350,0.8,21,14,7,342.50210963406,0.8885118149824032,0.35498873173450507,0.19085123405764498,129391.54071015041,-1535.3158129642504,127856.22489718616,2505,0,518.2115384615385,38,14,19,36.934701949665715,0.6104714912280702,45.646367521367516,1017.4145299145293,26.77406657669814,0
2641,4,1,1,51,0.019230769230769232,0.019230769230769232,0.9807692307692307,52,1400,700,700,0.5,21,7,14,343.78720237439035,0.8895801910507792,0.35530481698058347,0.19169960863077812,129418.7166703191,-1501.500292205436,127917.21637811366,2506,0,519.1923076923077,38,14,19,36.87438751224975,0.6107456140350878,45.61965811965811,1017.5213675213664,26.776878092667538,0
2642,4,3,3,51,0.05555555555555555,0.05555555555555555,0.9444444444444444,54,1200,800,400,0.6666666666666666,16,8,8,330.06476889936243,0.8919461914744934,0.3460076045627376,0.1862811893144471,129891.90853915029,-2225.4514452256417,127666.45709392465,2507,0,500.9074074074074,42,12,15,36.74350443599493,0.6091269841269842,45.15503875968992,1019.3798449612402,24.27094868955334,0
2643,4,0,0,51,0.0,0.0,1.0,51,1850,1400,450,0.7567567567567568,23,14,9,349.4761535445027,0.8850653594771243,0.36384312159681254,0.19558950314015777,129563.26116233706,-1144.145969660934,128419.11519267612,2508,3,531.3725490196078,40,11,15,36.58269281959141,0.6088541666666668,45.477642276422756,1018.0894308943076,25.45223577235769,0
2644,4,1,0,52,0.019230769230769232,0.0,1.0,52,1450,1000,450,0.6896551724137931,19,10,9,344.1642162239554,0.8874905731523378,0.36516000059897324,0.1940693280727174,129857.8091537538,-1461.5177784076875,128396.29137534612,2509,0,522.1346153846154,41,11,16,36.418791772110836,0.6102642276422765,45.18849206349205,1019.2460317460294,24.859659310878765,0
2645,4,1,3,50,0.018867924528301886,0.05660377358490566,0.9433962264150944,53,1500,1100,400,0.7333333333333333,19,11,8,331.8666304325925,0.8897556845670053,0.3430151636571015,0.18896379416275288,130237.26974875598,-1938.535269431849,128298.73447932414,2510,0,513.2641509433962,41,12,17,36.34777837172384,0.6140752032520325,44.81646825396825,1020.734126984127,24.895954316686023,2
2646,4,1,2,49,0.0196078431372549,0.0392156862745098,0.9607843137254902,51,1050,700,350,0.6666666666666666,14,7,7,345.85350420666634,0.8847712418300654,0.354435145521798,0.1958502984203279,130023.43885633672,-1206.1876085069482,128817.25124782977,2511,0,534.1960784313726,39,12,17,36.20767796956388,0.6151175213675215,45.026041666666664,1019.8958333333327,26.1511752136752,0
2647,4,1,0,50,0.02,0.0,1.0,50,1250,900,350,0.72,16,9,7,344.40270368102153,0.8779591836734694,0.35703552470396027,0.1956942508851097,130156.27170138908,-1034.7656249999814,129121.5060763891,2512,0,543.6,39,11,19,36.109976861303934,0.6164529914529915,44.89583333333334,1020.4166666666682,26.164529914529954,0
2648,4,0,0,50,0.0,0.0,1.0,50,1300,700,600,0.5384615384615384,19,7,12,341.2974822307805,0.8779081632653061,0.3465127268821817,0.19460017495718304,130290.57167830502,-1106.344380001527,129184.22729830349,2513,1,544.6,37,13,19,36.053122650628275,0.6213400900900901,44.76425438596492,1020.9429824561416,27.59305357989572,0
2649,4,1,0,51,0.0196078431372549,0.0,1.0,51,1750,1400,350,0.8,21,14,7,334.9442848269109,0.8782026143790851,0.34420563753659494,0.19300130945685504,130699.20562358457,-1444.609608992622,129254.59601459194,2514,0,534.9019607843137,38,13,17,35.8019451119702,0.6236293859649122,44.36431623931624,1022.5427350427345,26.909019343229858,0
2650,4,0,1,50,0.0,0.0196078431372549,0.9803921568627451,51,1100,600,500,0.5454545454545454,16,6,10,340.78382045338924,0.8769607843137256,0.351024620374466,0.19706194834913365,130835.79881656796,-1282.655325443795,129553.14349112417,2515,1,535.9019607843137,38,13,18,35.514567669172926,0.625,44.230769230769226,1023.0769230769223,26.923076923076902,0
2651,4,0,0,50,0.0,0.0,1.0,50,900,500,400,0.5555555555555556,13,5,8,346.41953485667824,0.8753061224489795,0.3555162431650052,0.1998178727030447,130738.73842191813,-941.9094096260528,129796.82901229207,2516,2,547.56,37,13,18,35.46859922804762,0.6258445945945947,44.325657894736835,1022.6973684210514,27.640469416785173,0
2652,4,0,1,49,0.0,0.02,0.98,50,1450,1100,350,0.7586206896551724,18,11,7,348.9356740948656,0.8749659863945578,0.3659916492693116,0.2023488957523493,130945.1247351887,-861.7149262181425,130083.40980897055,2517,3,548.56,38,12,18,35.195502783576906,0.6260964912280702,44.12393162393162,1023.5042735042724,26.934322986954538,0
2653,4,0,0,49,0.0,0.0,1.0,49,1600,1100,500,0.6875,21,11,10,353.88467411332505,0.8787910997732427,0.37573589229948334,0.20486673565915287,130878.94833025517,-536.7892043706091,130342.15912588456,2518,4,522.5510204081633,37,12,18,35.13582297471066,0.6272522522522523,44.188596491228054,1023.2456140350854,27.655286865813117,0
2654,4,1,1,49,0.02,0.02,0.98,50,1500,1100,400,0.7333333333333333,19,11,8,344.546991108281,0.883095238095238,0.36605194534265184,0.20080072971155524,131136.55495516444,-963.4589131784928,130173.09604198595,2519,0,513.08,38,12,18,35.11439101561142,0.6280153508771931,43.9369658119658,1024.2521367521344,26.954003598740382,0
2655,4,0,1,48,0.0,0.02040816326530612,0.9795918367346939,49,1350,1000,350,0.7407407407407407,17,10,7,350.4727624644889,0.8786848072562359,0.37218229193991226,0.2034834396995313,130991.17036011058,-618.2325330871274,130372.93782702346,2520,6,524.5510204081633,37,12,18,35.10961153956012,0.6283783783783785,44.07894736842104,1023.684210526314,27.667140825035514,0
2656,4,1,0,49,0.02040816326530612,0.0,1.0,49,1100,800,300,0.7272727272727273,14,8,6,352.8297039195919,0.8791099773242631,0.3745457086944384,0.20605254708904092,131215.75869498253,-540.6365420129779,130675.12215296956,2521,0,524.8571428571429,37,12,19,34.82225670662101,0.6306306306306309,43.85964912280699,1024.5614035087676,27.690848743480206,0
2657,4,1,0,50,0.02,0.0,1.0,50,1150,800,350,0.6956521739130435,15,8,7,346.9975467254295,0.8817176870748299,0.37818371172672416,0.20440922967224356,131547.2334082108,-870.6865457666946,130676.5468624441,2522,0,515.34,38,12,21,34.637098173991525,0.6321271929824562,43.536324786324776,1025.8547008546993,26.99617633828156,0
2658,4,0,0,50,0.0,0.0,1.0,50,1100,800,300,0.7272727272727273,14,8,6,346.9975467254295,0.8817176870748299,0.37818371172672416,0.20440922967224356,131547.2334082108,-870.6865457666946,130676.5468624441,2523,1,516.34,38,12,21,34.637098173991525,0.6321271929824562,43.536324786324776,1025.8547008546993,26.99617633828156,0
2659,4,0,0,50,0.0,0.0,1.0,50,1350,1000,350,0.7407407407407407,17,10,7,348.4758872118087,0.8795068027210884,0.3774560216508802,0.20601894451962094,131684.26890432072,-822.2415123457083,130862.02739197502,2524,2,517.34,38,12,18,34.46098331078032,0.633497807017544,43.402777777777764,1026.3888888888869,27.010233918128602,0
2660,4,0,1,49,0.0,0.02,0.98,50,1800,1400,400,0.7777777777777778,22,14,8,353.9943244650201,0.8769557823129251,0.38098190139380117,0.21034001454923967,131876.2384487542,-663.3120114690922,131212.9264372851,2525,3,518.34,38,12,20,34.12579744816586,0.6354166666666669,43.21581196581195,1027.13675213675,27.02991452991447,0
2661,4,0,0,49,0.0,0.0,1.0,49,1450,800,650,0.5517241379310345,21,8,13,357.7908338034322,0.8720592403628118,0.37847390958519056,0.21220463322160468,131806.2183195789,-368.18864939214217,131438.02967018678,2526,4,529.8367346938776,37,12,20,34.09892774515038,0.6365427927927929,43.283991228070164,1026.8640350877176,27.753082029397774,0
2662,4,0,1,48,0.0,0.02040816326530612,0.9795918367346939,49,750,600,150,0.8,9,6,3,357.094413017114,0.8719883786848073,0.3698565677338401,0.2122627196157563,131890.67790089242,-380.51515851032866,131510.1627423821,2527,5,530.8367346938776,37,12,20,34.031632507828064,0.6373873873873874,43.201754385964904,1027.1929824561391,27.761972498814572,0
2663,4,0,0,48,0.0,0.0,1.0,48,1650,1100,550,0.6666666666666666,22,11,11,359.48676299493343,0.8683880023640662,0.37899771689497763,0.21425974606980844,131992.67415641993,-110.07616569272005,131882.59799072723,2528,6,541.3958333333334,36,12,20,33.867351598173514,0.6403356481481481,43.10247747747748,1027.5900900900901,28.54416916916917,0
2664,4,0,0,48,0.0,0.0,1.0,48,1350,1000,350,0.7407407407407407,17,10,7,359.4509571297991,0.8680555555555556,0.38193683576202453,0.2145656563586447,132050.54029959018,-106.86137996103793,131943.67891962914,2529,7,542.3958333333334,36,12,20,33.809941200102266,0.6409143518518519,43.046171171171174,1027.8153153153157,28.550425425425438,0
2665,4,0,0,48,0.0,0.0,1.0,48,1750,1300,450,0.7428571428571429,22,13,9,362.4851762892,0.8690898345153664,0.388519309388232,0.21720568437486715,132195.26113951797,-16.235492248996366,132179.02564726898,2530,8,543.3958333333334,36,12,20,33.5861074609432,0.6423611111111112,42.90540540540541,1028.378378378379,28.566066066066085,0
2666,4,0,0,48,0.0,0.0,1.0,48,1200,800,400,0.6666666666666666,16,8,8,365.6823186906908,0.868110963356974,0.3915922309929374,0.21950058381259127,132260.59701219932,73.0723573671967,132333.66936956652,2531,9,544.3958333333334,38,10,20,33.43806259520841,0.6392543859649125,42.84188034188033,1028.6324786324765,27.069275753486224,0
2667,4,0,0,48,0.0,0.0,1.0,48,1300,1000,300,0.7692307692307693,16,10,6,367.3489193621961,0.8675384160756501,0.39649532710280466,0.22082210321210627,132315.5510355027,121.1949375410644,132436.74597304375,2532,10,545.3958333333334,38,10,20,33.33982346832813,0.6398026315789475,42.788461538461526,1028.8461538461518,27.074898785425045,0
2668,4,0,0,48,0.0,0.0,1.0,48,1150,700,450,0.6086956521739131,16,7,9,363.6255791103158,0.8656176122931442,0.39285379656697383,0.21940881279560054,132457.56842635467,33.06905166659823,132490.63747802126,2533,11,546.3958333333334,35,13,20,33.29257551907653,0.6470238095238094,42.65046296296297,1029.398148148149,29.411375661375683,0
2669,4,0,0,48,0.0,0.0,1.0,48,1250,900,350,0.72,16,9,7,359.9804281661434,0.866300975177305,0.3847621857554979,0.21772575590715015,132546.9409749015,-57.13908714848378,132489.801887753,2534,12,547.3958333333334,35,13,20,33.29645292420667,0.6479166666666666,42.56365740740741,1029.745370370371,29.421296296296312,0
2670,4,0,0,48,0.0,0.0,1.0,48,1350,1000,350,0.7407407407407407,17,10,7,358.9496063644403,0.8652297576832151,0.3828401100302403,0.21791837748030982,132687.90486009678,-74.34575622917328,132613.55910386762,2535,13,548.3958333333334,36,12,17,33.181221991474494,0.6472800925925926,42.426801801801815,1030.2927927927944,28.61924424424429,0
2671,4,0,0,48,0.0,0.0,1.0,48,950,700,250,0.7368421052631579,12,7,5,357.715422048654,0.8647680260047281,0.37891664006809167,0.21761600335503578,132765.01092884367,-101.58161645889584,132663.42931238477,2536,14,549.3958333333334,37,11,17,33.13550643685498,0.6461148648648647,42.351973684210535,1030.5921052631593,27.85384068278809,0
2672,4,0,1,47,0.0,0.020833333333333332,0.9791666666666666,48,1300,1000,300,0.7692307692307693,16,10,6,360.1606486080162,0.8642878250591016,0.3823402417962005,0.21969344241892283,132865.71905361983,-29.399289575553638,132836.31976404428,2537,15,550.3958333333334,38,10,17,32.971286701208996,0.6452850877192982,42.25427350427351,1030.9829059829071,27.131129104813347,0
2673,4,0,0,47,0.0,0.0,1.0,47,1500,1000,500,0.6666666666666666,20,10,10,359.81110743384875,0.8635908109774899,0.3761187186428119,0.2198035955032604,132920.79863393988,165.27595149392468,133086.07458543382,2538,16,553.063829787234,38,9,17,32.92495510429617,0.6458333333333331,42.20085470085471,1031.196581196583,27.136752136752186,0
2674,4,0,0,47,0.0,0.0,1.0,47,1500,1100,400,0.7333333333333333,19,11,8,362.69144854475724,0.863359543632439,0.37312722319929126,0.22188993943289537,132975.889628534,245.84360618016046,133221.73323471416,2539,17,554.063829787234,38,9,17,32.795343898902004,0.6463815789473684,42.147435897435905,1031.4102564102575,27.142375168690986,0
2675,4,0,0,47,0.0,0.0,1.0,47,1350,900,450,0.6666666666666666,18,9,9,363.77620523755445,0.8621646623496761,0.37402131624978496,0.22321160039290364,133086.1058605451,282.7117119585199,133368.8175725036,2540,18,555.063829787234,38,9,17,32.65664906467868,0.6474780701754386,42.0405982905983,1031.8376068376078,27.15362123256863,0
2676,4,0,0,47,0.0,0.0,1.0,47,1350,1100,250,0.8148148148148148,16,11,5,370.4126003402633,0.8607770582793709,0.36836551518285465,0.22237937963488383,132267.29811124314,399.25406611076903,132666.5521773539,2541,19,556.063829787234,40,7,18,33.309663768688665,0.6359375000000002,42.83536585365853,1028.6585365853646,25.716463414634113,2
2677,4,0,0,47,0.0,0.0,1.0,47,1100,600,500,0.5454545454545454,16,6,10,385.31240061263384,0.8603916127042861,0.4183200132746543,0.22231154020571753,130749.15143140579,723.8783726111732,131473.02980401696,2542,20,557.063829787234,34,13,16,34.46363442362161,0.632046568627451,44.31547619047618,1022.7380952380943,30.080532212885124,5
2678,4,0,0,47,0.0,0.0,1.0,47,800,300,500,0.375,13,3,10,385.22772688811926,0.8601603453592352,0.4180435041007968,0.22243794552572022,130779.59183673454,675.9849773242465,131455.5768140588,2543,21,558.063829787234,34,13,17,34.43489098386096,0.6323529411764707,44.28571428571428,1022.8571428571416,30.084033613445342,0
2679,4,0,0,47,0.0,0.0,1.0,47,1200,1000,200,0.8333333333333334,14,10,4,382.01017042493015,0.8603530681467776,0.4145764227509052,0.22157565022285822,130953.25213304514,605.0948330086763,131558.34696605382,2544,22,559.063829787234,36,11,17,34.34096160193639,0.6299189814814815,44.11599099099099,1023.5360360360355,28.431556556556544,0
2680,4,0,1,46,0.0,0.02127659574468085,0.9787234042553191,47,1100,800,300,0.7272727272727273,14,8,6,381.2485852868689,0.8608541473943878,0.4133836283034569,0.2211905247764399,130963.11034404808,585.9001086872779,131549.01045273535,2545,23,560.063829787234,37,10,17,34.35045081235493,0.6280968468468469,44.1063596491228,1023.574561403508,27.664177335229947,0
2681,4,1,0,47,0.02127659574468085,0.0,1.0,47,1050,700,350,0.6666666666666666,14,7,7,379.01634691815906,0.862473018809744,0.4166404751818602,0.2210218921916005,131159.59357686972,542.3260041551131,131701.91958102485,2546,0,559.8510638297872,37,10,18,34.20841361592806,0.6300675675675675,43.91447368421052,1024.3421052631572,27.684921763869113,0
2682,4,0,1,46,0.0,0.02127659574468085,0.9787234042553191,47,800,500,300,0.625,11,5,6,377.59691007657534,0.8618563058896084,0.4140796648566194,0.22067811911604737,131243.84576263858,511.4541253077962,131755.29988794637,2547,1,560.8510638297872,37,10,18,34.15942125914037,0.6309121621621621,43.83223684210527,1024.6710526315794,27.69381223328593,0
2683,4,0,0,46,0.0,0.0,1.0,46,700,300,400,0.42857142857142855,11,3,8,358.0562023679389,0.8633856682769726,0.36394764806859103,0.2067569409813419,130781.15297866902,165.40059536854403,130946.55357403756,2548,2,560.9782608695652,38,8,17,35.12812478239675,0.6244517543859649,44.284188034188034,1022.863247863248,26.917453891138106,2
2684,4,0,0,46,0.0,0.0,1.0,46,800,600,200,0.75,10,6,4,356.22455671522744,0.8631642512077295,0.36207742081961625,0.20584490830104413,130808.47447083422,119.43816659360971,130927.91263742783,2549,3,561.9782608695652,38,8,17,35.14730200174064,0.6247258771929824,44.25747863247863,1022.9700854700852,26.920265407107507,0
2685,4,0,0,46,0.0,0.0,1.0,46,1000,600,400,0.6,14,6,8,355.78042282243445,0.8628824476650564,0.3632742820572179,0.2061718493778644,130917.78897518071,115.5972633136015,131033.3862384943,2550,4,562.9782608695652,38,8,17,35.04802171416642,0.6258223684210527,44.15064102564102,1023.3974358974351,26.931511470985136,0
2686,4,2,2,46,0.041666666666666664,0.041666666666666664,0.9583333333333334,48,1250,1000,250,0.8,15,10,5,342.8191188471975,0.8684988179669031,0.3527316366961295,0.20121458478312249,131408.21533203122,-589.5082291923491,130818.70710283887,2551,0,540.4791666666666,39,9,18,34.88445680517457,0.6290064102564104,43.671875,1025.3124999999998,26.290064102564095,0
2687,4,0,0,46,0.0,0.0,1.0,46,1200,600,600,0.5,18,6,12,355.91188683902357,0.8603260869565218,0.36678152060570346,0.20786814828174396,131218.63928153994,140.45469902841936,131359.09398056837,2552,6,564.9782608695652,38,8,19,34.74039798401113,0.6288377192982456,43.85683760683761,1024.5726495726497,26.962438146648676,0
2688,4,0,0,46,0.0,0.0,1.0,46,1750,1300,450,0.7428571428571429,22,13,9,356.1165603820528,0.859681964573269,0.36540804464078125,0.2088889485302504,131384.32618690358,157.6725230556858,131541.99870995927,2553,7,565.9782608695652,37,9,19,34.567736185383254,0.6323198198198199,43.695175438596486,1025.2192982456133,27.708629682313873,0
2689,4,0,0,46,0.0,0.0,1.0,46,1050,700,350,0.6666666666666666,14,7,7,355.1603112482047,0.8586755233494364,0.36783129337715414,0.2087878309933662,131468.650510253,138.48936692057302,131607.13987717358,2554,8,566.9782608695652,37,9,20,34.50708774368293,0.6331644144144144,43.61293859649122,1025.548245614034,27.717520151730646,0
2690,4,0,0,46,0.0,0.0,1.0,46,1050,800,250,0.7619047619047619,13,8,5,356.2388716809292,0.8586151368760064,0.36473636511514385,0.20973031117527322,131524.88175448205,170.8550948368579,131695.7368493189,2555,9,567.9782608695652,37,9,20,34.42265722430072,0.6337274774774776,43.55811403508771,1025.7675438596484,27.72344713134185,0
2691,4,0,0,46,0.0,0.0,1.0,46,1000,800,200,0.8,12,8,4,363.39031339031374,0.8579911433172303,0.373597175771089,0.21473063973063955,131665.51246537367,369.1943674976597,132034.70683287134,2556,10,568.9782608695652,37,9,16,34.097222222222214,0.6351351351351353,43.42105263157893,1026.315789473682,27.73826458036978,0
2692,4,0,0,46,0.0,0.0,1.0,46,1500,1200,300,0.8,18,12,6,363.82271275392,0.8563607085346217,0.36978803999665755,0.21594192190451283,131834.36850761765,392.8675169282787,132227.2360245459,2557,11,569.9782608695652,37,9,16,33.9156701544594,0.6368243243243243,43.25657894736842,1026.9736842105258,27.7560455192034,0
2693,4,0,0,46,0.0,0.0,1.0,46,950,600,350,0.631578947368421,13,6,7,361.17680149002916,0.8567632850241547,0.36497594588728943,0.21491807692624498,131931.11257213814,330.0914511651615,132261.2040233033,2558,12,570.9782608695652,38,8,16,33.88601462839711,0.6359649122807018,43.16239316239316,1027.3504273504268,27.035537561853335,0
2694,4,0,1,45,0.0,0.021739130434782608,0.9782608695652174,46,1050,900,150,0.8571428571428571,12,9,3,361.61431701972265,0.8556964573268921,0.360458284371328,0.2158020924149956,132040.89506172828,349.5756172839386,132390.4706790122,2559,13,571.9782608695652,38,8,17,33.76407657657658,0.637061403508772,43.05555555555555,1027.777777777777,27.04678362573097,0
2695,4,0,0,45,0.0,0.0,1.0,45,1250,800,450,0.64,17,8,9,369.8025730974282,0.8513047138047138,0.3681760514115655,0.22030641528900177,131975.1645337988,760.9510859110388,132736.11561970983,2560,38,585.4,37,8,17,33.6200112047807,0.6382319819819819,43.119517543859644,1027.5219298245606,27.77086296823137,0
2696,4,0,0,45,0.0,0.0,1.0,45,1250,700,550,0.56,18,7,11,364.7051194467481,0.8503367003367004,0.366801708091536,0.218703339192853,132224.21481870388,645.922191481466,132870.13701018534,2561,39,586.4,36,9,19,33.49985400927042,0.642650462962963,42.877252252252255,1028.4909909909913,28.569194194194203,3
2697,4,0,0,45,0.0,0.0,1.0,45,1150,700,450,0.6086956521739131,16,7,9,363.7596096043136,0.8505892255892257,0.36540669390932123,0.21863867061480327,132311.09487866246,625.8864438763145,132936.98132253878,2562,40,587.4,36,9,19,33.43663346468184,0.6435185185185186,42.792792792792795,1028.828828828829,28.578578578578586,0
2698,4,0,0,45,0.0,0.0,1.0,45,1000,500,500,0.5,15,5,10,361.5455227421164,0.8503367003367004,0.3626722640778639,0.21798131076241642,132427.7842747985,575.7630318436161,133003.5473066421,2563,41,588.4,35,10,19,33.37608699726376,0.6467261904761905,42.679398148148145,1029.2824074074072,29.408068783068774,0
2699,4,0,0,45,0.0,0.0,1.0,45,1300,1000,300,0.7692307692307693,16,10,6,366.01621919815096,0.8498316498316498,0.365424329824825,0.22172759255577534,132606.5394188312,707.2288398062154,133313.76825863743,2564,42,589.4,35,10,20,33.08108120762632,0.6485119047619048,42.505787037037024,1029.97685185185,29.427910052909997,0
2700,4,0,0,45,0.0,0.0,1.0,45,1200,700,500,0.5833333333333334,17,7,10,367.5747502355626,0.8493265993265994,0.36940046819823036,0.22199823700423862,132492.6128922769,768.4866974166366,133261.09958969353,2565,43,590.4,33,12,21,33.15565111296274,0.6518308080808082,42.616421568627445,1029.5343137254895,31.198009506833014,2
2701,4,0,0,45,0.0,0.0,1.0,45,1100,700,400,0.6363636363636364,15,7,8,370.2802890973442,0.8489478114478115,0.37699781875867555,0.22438398196562184,132618.81134960096,821.2263612552695,133440.03771085624,2566,44,591.4,33,12,21,32.95892821733094,0.6530934343434345,42.4938725490196,1030.0245098039204,31.212863933452134,0
2702,4,0,0,45,0.0,0.0,1.0,45,1150,800,350,0.6956521739130435,15,8,7,368.20115947977024,0.8473063973063973,0.36928051738076073,0.2243669134366873,132827.17013888873,781.4236111110911,133608.59374999983,2567,45,592.4,34,11,17,32.80281595257345,0.6528799019607844,42.29166666666666,1030.833333333332,30.31862745098035,0
2703,4,0,0,45,0.0,0.0,1.0,45,1100,700,400,0.6363636363636364,15,7,8,367.17258622994177,0.8477272727272728,0.36678081752536307,0.22447537858221484,132949.91673752829,763.1129535147331,133713.02969104302,2568,46,593.4,34,11,18,32.70590442110124,0.6541053921568627,42.172619047619044,1031.3095238095234,30.332633053221276,0
2704,4,0,0,45,0.0,0.0,1.0,45,1150,700,450,0.6086956521739131,16,7,9,365.3073619429648,0.8466329966329966,0.36680504132540515,0.22377900460464892,133024.10361207544,718.9368730709693,133743.04048514643,2569,47,594.4,35,10,19,32.679442948502185,0.6526785714285714,42.100694444444436,1031.597222222221,29.474206349206316,0
2705,4,0,0,45,0.0,0.0,1.0,45,1400,1000,400,0.7142857142857143,18,10,8,367.86584318708157,0.845496632996633,0.3752342850215191,0.22612276678803492,133152.40652392252,796.4444596623571,133948.85098358488,2570,48,595.4,36,9,19,32.484542644117106,0.6519097222222223,41.97635135135135,1032.0945945945941,28.669294294294282,0
2706,4,0,0,45,0.0,0.0,1.0,45,1450,1100,350,0.7586206896551724,18,11,7,361.88834205131053,0.8443181818181819,0.37155284168696046,0.2234934670001729,133326.80389426582,649.8832024592067,133976.687096725,2571,49,596.4,36,9,20,32.463744411732634,0.6536458333333335,41.80743243243243,1032.7702702702697,28.688063063063048,0
2707,4,0,0,45,0.0,0.0,1.0,45,700,300,400,0.42857142857142855,11,3,8,359.6514047866803,0.8436447811447811,0.37007168458781337,0.222983870967742,133472.2222222223,600.6944444444543,134072.91666666677,2572,50,597.4,36,9,21,32.37567204301075,0.6550925925925926,41.66666666666667,1033.3333333333342,28.703703703703727,0
2708,4,0,0,45,0.0,0.0,1.0,45,1100,700,400,0.6363636363636364,15,7,8,358.16819829162534,0.8416245791245792,0.3660845465877598,0.22293845617053643,133617.71981018182,571.5235928496069,134189.24340303143,2573,51,598.4,36,9,21,32.26818066296337,0.6565393518518519,41.5259009009009,1033.8963963963965,28.71934434434435,0
2709,4,0,0,45,0.0,0.0,1.0,45,800,700,100,0.875,9,7,2,361.56000958937256,0.8418771043771044,0.37163491199419285,0.22575993800668842,133734.1749477518,670.585915307195,134404.760863059,2574,52,599.4,36,9,18,32.06382689167119,0.6576967592592593,41.413288288288285,1034.3468468468468,28.731856856856854,0
2710,4,0,0,45,0.0,0.0,1.0,45,1200,900,300,0.75,15,9,6,362.7130157711815,0.8433080808080808,0.37387129155932897,0.2268376089782059,133792.42153893757,705.6505407434454,134498.07207968103,2575,53,600.4,36,9,19,31.975663074634443,0.658275462962963,41.35698198198198,1034.572072072072,28.73811311311311,0
2711,4,0,0,45,0.0,0.0,1.0,45,1450,700,750,0.4827586206896552,22,7,15,364.4775064452535,0.8431818181818183,0.37485399209199444,0.2283015546506772,133850.6808117239,757.1124756513309,134607.79328737524,2576,54,601.4,36,9,19,31.871667210795522,0.6588541666666666,41.30067567567568,1034.7972972972973,28.74436936936937,0
2712,4,0,1,44,0.0,0.022222222222222223,0.9777777777777777,45,900,600,300,0.6666666666666666,12,6,6,364.30623384085044,0.8427188552188553,0.37640301318267433,0.22866029570861882,133925.82333025546,758.0024622960902,134683.82579255154,2577,55,602.4,37,8,19,31.80084745762712,0.6576576576576576,41.228070175438596,1035.0877192982455,27.975343764817445,0
2713,4,0,0,44,0.0,0.0,1.0,44,1350,1100,250,0.8148148148148148,16,11,5,366.3562685501759,0.8420542635658915,0.3679142686659096,0.23101477388017114,134096.1221241152,1025.3909856879147,135121.5131098031,2578,56,603.9318181818181,37,7,20,31.577299033100438,0.6593468468468467,41.063596491228076,1035.7456140350885,27.99312470365104,0
2714,4,0,0,44,0.0,0.0,1.0,44,1150,900,250,0.782608695652174,14,9,5,369.05627722063724,0.8396538054968288,0.367233485938522,0.2338016040408487,134266.5291243459,1110.3810787934685,135376.91020313936,2579,57,604.9318181818181,37,7,20,31.336842290873193,0.661036036036036,40.89912280701754,1036.4035087719294,28.01090564248458,0
2715,4,0,0,44,0.0,0.0,1.0,44,700,400,300,0.5714285714285714,10,4,6,369.9925829718764,0.8393014446793516,0.36792026463065164,0.23475905230980665,134323.3555036165,1139.729051246536,135463.08455486305,2580,58,605.9318181818181,37,7,20,31.255729497214574,0.6615990990990991,40.844298245614034,1036.622807017544,28.01683262209578,0
2716,4,0,0,44,0.0,0.0,1.0,44,700,400,300,0.5714285714285714,10,4,6,368.02443929202343,0.8391472868217055,0.36387914042594116,0.23369181151820567,134351.77320185056,1088.947200100031,135440.7204019506,2581,59,606.9318181818181,37,7,20,31.278313943239915,0.6618806306306306,40.81688596491228,1036.732456140351,28.019796111901375,0
2717,4,0,0,44,0.0,0.0,1.0,44,1050,800,250,0.7619047619047619,13,8,5,388.36495886379083,0.8391472868217055,0.3967973739360169,0.2365072833320214,132803.95418645014,1521.3670492934107,134325.32123574356,2582,60,607.9318181818181,36,8,19,32.306575257656874,0.6484375,42.3141891891892,1030.7432432432447,28.631756756756797,5
2718,4,0,0,44,0.0,0.0,1.0,44,650,300,350,0.46153846153846156,10,3,7,388.78851123066795,0.8395877378435518,0.3976292140410109,0.23713249968799258,132861.9978720275,1531.0436703595603,134393.04154238707,2583,61,608.9318181818181,36,8,19,32.237165483342444,0.6490162037037037,42.25788288288289,1030.9684684684692,28.638013013013033,0
2719,4,0,0,44,0.0,0.0,1.0,44,1050,500,550,0.47619047619047616,16,5,11,384.4913784307723,0.8385526779422129,0.392699724517906,0.23496695348547209,132934.57031250012,1422.4392361111254,134357.00954861124,2584,62,609.9318181818181,37,7,19,32.27483164983166,0.647804054054054,42.18750000000001,1031.250000000001,27.871621621621646,0
2720,4,0,1,43,0.0,0.022727272727272728,0.9772727272727273,44,1150,1000,150,0.8695652173913043,13,10,3,385.86985049286784,0.8389711064129669,0.3951877911584485,0.235987764222101,132962.84072983995,1461.270294706066,134424.11102454603,2585,63,610.9318181818181,37,7,19,32.2108228790134,0.6480855855855856,42.16008771929825,1031.359649122807,27.874585111427216,0
2721,4,0,0,43,0.0,0.0,1.0,43,1550,1200,350,0.7741935483870968,19,12,7,391.2515012254345,0.8361941675895164,0.387805565119409,0.2402478226533042,133113.6670524692,1816.1844135802562,134929.85146604944,2586,64,611.5348837209302,38,5,19,31.92014356213548,0.6477521929824561,42.01388888888889,1031.944444444445,27.156432748538027,0
2722,4,0,1,42,0.0,0.023255813953488372,0.9767441860465116,43,1050,700,350,0.6666666666666666,14,7,7,390.40939457162017,0.8349944629014396,0.3866276060786238,0.24008562450390974,133168.79799702315,1798.0699603696385,134966.8679573928,2587,65,612.5348837209302,38,5,19,31.886364420522366,0.6483004385964912,41.960470085470085,1032.1581196581196,27.162055780476834,0
2723,4,0,0,42,0.0,0.0,1.0,42,1150,800,350,0.6956521739130435,15,8,7,394.2515964848772,0.83272841656988,0.3790371955816645,0.24202881764639134,133104.2379025277,2095.3116583948895,135199.5495609226,2588,66,623.0,37,5,19,31.852242942655753,0.6494932432432432,42.02302631578947,1031.907894736842,27.889402560455192,0
2724,4,0,0,42,0.0,0.0,1.0,42,1000,800,200,0.8,12,8,4,392.3225449017194,0.8330671699574138,0.3782231260718458,0.24121045820769985,133160.81781173055,2048.3981850184705,135209.21599674903,2589,67,624.0,37,5,20,31.84503257905734,0.6500563063063063,41.968201754385966,1032.1271929824563,27.89532954006639,0
2725,4,0,1,41,0.0,0.023809523809523808,0.9761904761904762,42,1200,800,400,0.6666666666666666,16,8,8,393.6005454300024,0.8328977932636469,0.37594570538495775,0.2425486083618392,133245.71021852875,2089.116843644192,135334.82706217293,2590,68,625.0,37,5,20,31.72658241291417,0.6509009009009009,41.8859649122807,1032.456140350877,27.90422000948316,0
2726,4,0,0,41,0.0,0.0,1.0,41,850,600,250,0.7058823529411765,11,6,5,394.00522913457587,0.8316565040650407,0.36299767053492626,0.2435185957966529,133355.88121905687,2308.582907231556,135664.46412628843,2591,69,620.0243902439024,36,5,20,31.605247855793,0.6539351851851851,41.77927927927928,1032.8828828828828,28.691191191191187,0
2727,4,0,0,41,0.0,0.0,1.0,41,1050,600,450,0.5714285714285714,15,6,9,393.79552549427694,0.8311991869918699,0.3625098347757669,0.2441532258064516,133472.22222222216,2312.2542305819275,135784.47645280408,2592,70,621.0243902439024,34,7,20,31.49361559139784,0.6593137254901962,41.666666666666664,1033.333333333333,30.39215686274509,0
2728,4,0,0,41,0.0,0.0,1.0,41,1450,900,550,0.6206896551724138,20,9,11,388.0250454359218,0.8297256097560975,0.35117234331086267,0.24197943788240162,133687.5868055556,2174.826388888895,135862.4131944445,2593,71,622.0243902439024,34,7,20,31.4262691377921,0.6614583333333333,41.458333333333336,1034.166666666667,30.416666666666675,0
2729,4,0,0,41,0.0,0.0,1.0,41,1100,600,500,0.5454545454545454,16,6,10,387.99865566781637,0.8290142276422764,0.3525580559672994,0.24216467819267154,133718.36734693882,2176.5093537415014,135894.87670068032,2594,72,623.0243902439024,34,7,17,31.396034760589313,0.661764705882353,41.42857142857143,1034.2857142857147,30.420168067226903,0
2730,4,0,0,41,0.0,0.0,1.0,41,700,300,400,0.42857142857142855,11,3,8,387.3137135660884,0.8291158536585366,0.3513890565306854,0.24193881072435225,133749.15143140577,2160.5761054421664,135909.72753684793,2595,73,624.0243902439024,34,7,17,31.382830782215063,0.6620710784313726,41.39880952380952,1034.404761904761,30.42366946778709,0
2731,4,1,1,41,0.023809523809523808,0.023809523809523808,0.9761904761904762,42,1100,800,300,0.7272727272727273,14,8,6,379.5010478980846,0.8277197057684863,0.3466229267436105,0.23933438179280897,134100.85419077936,1778.282937885805,135879.13712866517,2596,0,610.1428571428571,35,7,18,31.232190747569557,0.6633928571428571,41.05902777777778,1035.7638888888891,29.593253968253975,0
2732,4,0,0,41,0.0,0.0,1.0,41,1050,800,250,0.7619047619047619,13,8,5,390.3302296477641,0.8265243902439025,0.35680034457659926,0.24576246056710377,134040.92084887254,2264.0446834276345,136304.96553230018,2597,75,626.0243902439024,35,6,18,31.011908088372273,0.662797619047619,41.116898148148145,1035.532407407407,29.586640211640198,0
2733,4,0,0,41,0.0,0.0,1.0,41,1100,600,500,0.5454545454545454,16,6,10,387.26883336785346,0.826270325203252,0.3529267475041502,0.24423317757638602,134100.85419077918,2186.6162712191226,136287.4704619983,2598,76,627.0243902439024,35,6,18,31.031050955414017,0.6633928571428572,41.05902777777777,1035.7638888888878,29.593253968253936,0
2734,4,0,0,41,0.0,0.0,1.0,41,950,600,350,0.631578947368421,13,6,7,385.1550800234754,0.8250508130081301,0.34363661902401876,0.24394922239890204,134258.8508060426,2142.0956852122467,136400.94649125484,2599,77,628.0243902439024,36,5,18,30.92741497337824,0.6629050925925926,40.906531531531535,1036.3738738738746,28.788163163163183,0
2735,4,0,0,41,0.0,0.0,1.0,41,1050,800,250,0.7619047619047619,13,8,5,384.91011420873417,0.8252032520325203,0.3451407618573261,0.24437810423486941,134346.39665002844,2142.2573756188685,136488.65402564732,2600,78,629.0243902439024,36,5,18,30.8460514881599,0.6637731481481481,40.822072072072075,1036.7117117117118,28.797547547547552,0
2736,4,0,0,41,0.0,0.0,1.0,41,1300,800,500,0.6153846153846154,18,8,10,381.6698281035661,0.8255081300813009,0.353630307136404,0.22900189686213998,132244.89795918387,1901.0707385888595,134145.96869777274,2601,79,630.0243902439024,34,7,18,33.04277584876543,0.6470588235294116,42.85714285714287,1028.5714285714303,30.252100840336183,8
2737,4,0,0,41,0.0,0.0,1.0,41,1100,800,300,0.7272727272727273,14,8,6,381.5328240134011,0.8251524390243903,0.3532662380546505,0.22929114500165623,132306.12953514754,1895.8262471655544,134201.9557823131,2602,80,631.0243902439024,34,7,18,32.98450397284581,0.6476715686274509,42.79761904761906,1028.809523809525,30.25910364145662,0
2738,4,0,0,41,0.0,0.0,1.0,41,800,700,100,0.875,9,7,2,382.40259633824496,0.8270325203252032,0.3584477140317963,0.2303742470623088,132398.00347222236,1925.8680555555734,134323.87152777793,2603,81,632.0243902439024,34,7,18,32.86943319838058,0.6485906862745097,42.70833333333334,1029.1666666666679,30.26960784313729,0
2739,4,0,0,41,0.0,0.0,1.0,41,1300,1000,300,0.7692307692307693,16,10,6,384.0224091900786,0.8268292682926829,0.358178528802789,0.23154373401202272,132429.53619100855,1971.1819071991868,134400.71809820773,2604,82,633.0243902439024,33,8,18,32.79594296940111,0.6511994949494948,42.67769607843139,1029.2892156862767,31.190582293523537,0
2740,4,0,0,41,0.0,0.0,1.0,41,1350,1200,150,0.8888888888888888,15,12,3,383.19123742789805,0.8251524390243903,0.3574971772566704,0.231818284240938,132555.70461180806,1958.836895665142,134514.54150747322,2605,83,634.0243902439024,33,8,19,32.69008588202627,0.6524621212121211,42.555147058823536,1029.7794117647068,31.20543672014263,0
2741,4,0,0,41,0.0,0.0,1.0,41,750,700,50,0.9333333333333333,8,7,1,381.3195756698943,0.8243394308943089,0.3525472513825778,0.23126784654265028,132650.37035034611,1916.4365868896687,134566.8069372358,2606,84,635.0243902439024,33,8,16,32.6428543104132,0.6534090909090908,42.46323529411765,1030.1470588235302,31.216577540106975,0
2742,4,0,0,41,0.0,0.0,1.0,41,1400,1100,300,0.7857142857142857,17,11,6,397.73587372851057,0.8265243902439025,0.35414008544405373,0.23904490747618187,132308.68115837185,2324.7817804783895,134633.46293885025,2607,85,636.0243902439024,35,6,16,32.56517887276408,0.6455357142857143,42.795138888888886,1028.8194444444441,29.394841269841262,2
2743,4,0,0,41,0.0,0.0,1.0,41,1000,500,500,0.5,15,5,10,398.4104308390021,0.8256097560975609,0.35238095238095224,0.24042008757525996,132461.0726643599,2354.8348875566053,134815.90755191652,2608,86,637.0243902439024,33,8,16,32.3938492063492,0.6515151515151515,42.64705882352941,1029.4117647058827,31.19429590017826,0
2744,4,0,0,41,0.0,0.0,1.0,41,350,100,250,0.2857142857142857,6,1,5,398.3154054579788,0.8252540650406504,0.3518442182755559,0.2407659019178373,132524.15687475973,2357.282655709344,134881.43953046907,2609,87,638.0243902439024,33,8,16,32.332579544552885,0.6521464646464646,42.58578431372549,1029.6568627450981,31.201723113487823,0
2745,4,0,0,41,0.0,0.0,1.0,41,1100,900,200,0.8181818181818182,13,9,4,397.6183743362554,0.8242378048780488,0.34967242876312254,0.24090995621549594,132612.5,2345.833333333335,134958.33333333334,2610,88,639.0243902439024,34,7,16,32.261326860841415,0.650735294117647,42.5,1030.0,30.294117647058822,0
2746,4,1,1,41,0.023809523809523808,0.023809523809523808,0.9761904761904762,42,1000,600,400,0.6,14,6,8,392.0892768632856,0.8281310491676346,0.3317990804884645,0.23933129459734964,132891.02447041645,2021.0291372453614,134912.0536076618,2611,0,624.7857142857143,36,6,14,32.12283384301732,0.6493055555555556,42.22972972972973,1031.0810810810817,28.64114114114116,0
2747,4,0,0,41,0.0,0.0,1.0,41,1100,600,500,0.5454545454545454,16,6,10,401.10567329350914,0.8199186991869919,0.34152911963511845,0.2449246362831988,132904.7325772675,2461.768448859723,135366.50102612723,2612,90,641.0243902439024,35,6,14,31.876590152280468,0.6514880952380953,42.216435185185176,1031.134259259258,29.4609788359788,0
2748,4,0,0,41,0.0,0.0,1.0,41,1350,1100,250,0.8148148148148148,16,11,5,398.33327424101293,0.8191565040650407,0.33404124885054953,0.24381498214532318,132994.25582990394,2395.207475994506,135389.46330589845,2613,91,642.0243902439024,35,6,15,31.8577947336924,0.6523809523809524,42.129629629629626,1031.481481481481,29.470899470899457,0
2749,4,0,0,41,0.0,0.0,1.0,41,1700,1400,300,0.8235294117647058,20,14,6,395.7239474081307,0.818140243902439,0.3379857338535275,0.24397051380980875,133263.00643272034,2347.072589806239,135610.0790225266,2614,92,643.0243902439024,35,6,16,31.65435956357657,0.6550595238095238,41.86921296296296,1032.523148148148,29.500661375661373,0
2750,4,0,0,41,0.0,0.0,1.0,41,1450,1300,150,0.896551724137931,16,13,3,398.81173979544616,0.817530487804878,0.33719976823255493,0.24646786467690854,133352.6502486282,2436.5204903978,135789.17073902598,2615,93,644.0243902439024,35,6,16,31.484386672643073,0.655952380952381,41.782407407407405,1032.8703703703698,29.51058201058199,0
2751,4,0,0,41,0.0,0.0,1.0,41,1150,900,250,0.782608695652174,14,9,5,399.20968064166664,0.8167682926829268,0.3360208957752171,0.24731053567579184,133442.32420535415,2454.29352602024,135896.6177313744,2616,94,645.0243902439024,35,6,16,31.383840222545828,0.6568452380952381,41.695601851851855,1033.217592592593,29.52050264550266,0
2752,4,0,0,41,0.0,0.0,1.0,41,700,500,200,0.7142857142857143,9,5,4,396.78961484388816,0.8152439024390243,0.33579427017490593,0.24641827153609705,133533.73724489793,2396.9633829933655,135930.7006278913,2617,95,646.0243902439024,34,7,17,31.354382630730246,0.6599264705882353,41.607142857142854,1033.5714285714282,30.399159663865536,0
2753,4,0,0,41,0.0,0.0,1.0,41,1300,900,400,0.6923076923076923,17,9,8,396.3596129604111,0.8158536585365853,0.3245646353744509,0.24753779601867149,133741.45507812485,2401.9422743055397,136143.3973524304,2618,96,647.0243902439024,35,6,15,31.156638133601877,0.6598214285714286,41.40624999999999,1034.3749999999989,29.553571428571395,0
2754,4,0,0,41,0.0,0.0,1.0,41,1200,800,400,0.6666666666666666,16,8,8,430.6716496612895,0.816260162601626,0.3163918790025886,0.25747226521007954,132108.41912436092,3242.5467221867248,135350.96584654765,2619,97,648.0243902439024,36,5,15,31.9211669770329,0.6414930555555556,42.98986486486487,1028.0405405405413,28.556681681681702,8
2755,4,0,0,41,0.0,0.0,1.0,41,700,500,200,0.7142857142857143,9,5,4,432.4180285486297,0.8150406504065041,0.31486704485967354,0.2591103304925255,132195.26113951797,3232.722841084338,135427.9839806023,2620,98,649.0243902439024,36,5,15,31.78817163089502,0.642361111111111,42.90540540540541,1028.378378378379,28.566066066066085,0
2756,4,0,0,41,0.0,0.0,1.0,41,1000,500,500,0.5,15,5,10,382.4826768549712,0.8150406504065041,0.24912215156117612,0.2092159341703968,128658.13607103724,1642.0570063306527,130300.19307736789,2621,99,650.0243902439024,36,5,15,36.667267917267935,0.6067708333333335,46.36824324324324,1014.5270270270269,28.1813063063063,7
2757,4,1,0,42,0.023809523809523808,0.0,1.0,42,850,800,50,0.9411764705882353,9,8,1,375.3573483981696,0.8242111885404568,0.24836394667982709,0.20683730625890775,128950.6882526352,1280.5176833256105,130231.20593596081,2622,0,635.5238095238095,37,5,16,36.54897171542696,0.6078265765765767,46.08004385964911,1015.6798245614016,27.45080606922707,0
2758,4,3,3,42,0.06666666666666667,0.06666666666666667,0.9333333333333333,45,1000,500,500,0.5,15,5,10,354.9856916194402,0.842929292929293,0.2393004547044426,0.19876695893849972,129581.83235627144,200.42620473143228,129782.25856100286,2623,0,594.0888888888888,38,7,14,36.42357467646031,0.612390350877193,45.45940170940171,1018.162393162393,26.793747188484026,0
2759,4,0,1,41,0.0,0.023809523809523808,0.9761904761904762,42,1350,900,450,0.6666666666666666,18,9,9,369.57481003711416,0.8316153697251258,0.253649972278692,0.20552613536596345,129312.88954293626,1158.1573176361946,130471.04686057246,2624,1,634.4761904761905,37,5,18,36.32627210004313,0.6114864864864864,45.723684210526315,1017.1052631578945,27.48933143669985,0
2760,4,1,0,42,0.023809523809523808,0.0,1.0,42,1250,800,450,0.64,17,8,9,367.7107215789785,0.8365514905149052,0.260622888112928,0.20609109663874306,129619.76431450054,1132.5154133964215,130752.27972789697,2625,0,631.6190476190476,37,5,15,36.0610485983992,0.6145833333333334,45.422149122807014,1018.3114035087714,27.52192982456139,0
2761,4,0,1,41,0.0,0.023809523809523808,0.9761904761904762,42,1050,700,350,0.6666666666666666,14,7,7,377.061404056151,0.8365756871854433,0.2793020531475434,0.20850865708785224,129089.93632656186,1336.5565606724956,130426.49288723436,2626,1,632.6190476190476,37,5,18,36.36347288159976,0.6092342342342343,45.94298245614034,1016.2280701754372,27.46562351825506,5
2762,4,1,0,42,0.023809523809523808,0.0,1.0,42,1150,800,350,0.6956521739130435,15,8,7,353.92949883022595,0.8441976384049554,0.28214299807764975,0.18307669789460598,126402.72285997718,572.1654543627064,126974.88831433989,2627,0,623.1190476190476,34,8,18,39.70344501006274,0.5879289215686274,48.60119047619047,1005.5952380952369,29.57633053221285,7
2763,4,1,1,42,0.023255813953488372,0.023255813953488372,0.9767441860465116,43,1350,1000,350,0.7407407407407407,17,10,7,344.753733408861,0.8520210409745294,0.2697903411737459,0.179235841505235,126609.88004474064,129.84576637447546,126739.72581111512,2628,0,609.6046511627907,36,7,19,39.72110327850508,0.5859375,48.39527027027027,1006.4189189189185,27.95608108108107,0
2764,4,1,1,42,0.023255813953488372,0.023255813953488372,0.9767441860465116,43,850,500,350,0.5882352941176471,12,5,7,344.8760571223685,0.8486526393503138,0.275968645366399,0.1795484609561355,126666.55411746186,136.85235066145458,126803.40646812331,2629,0,610.5813953488372,36,7,19,39.659777380020145,0.5865162037037038,48.338963963963955,1006.6441441441425,27.962337337337292,0
2765,4,2,1,43,0.045454545454545456,0.022727272727272728,0.9772727272727273,44,1100,900,200,0.8181818181818182,13,9,4,337.110743683365,0.8631959126145173,0.2768534359146788,0.17698795355118052,127009.10526556234,-236.77321387351031,126772.33205168882,2630,0,597.6590909090909,37,7,21,39.50367580405384,0.5881193693693694,47.998903508771924,1008.0043859649111,27.243361782835436,0
2766,4,4,3,44,0.0851063829787234,0.06382978723404255,0.9361702127659575,47,900,600,300,0.6666666666666666,12,6,6,315.2357870750995,0.8705288313290163,0.263324725657742,0.16867026181647848,127775.65646701407,-1344.0810213238499,126431.57544569022,2631,0,560.4255319148937,39,8,17,39.27167044439865,0.5924145299145298,47.23958333333334,1011.0416666666681,25.924145299145337,0
2767,4,1,1,44,0.022222222222222223,0.022222222222222223,0.9777777777777777,45,1550,1000,550,0.6451612903225806,21,10,11,331.7187218171045,0.8619949494949496,0.273406655386351,0.1766178059404582,127577.25180802093,-536.0474194608901,127041.20438856004,2632,0,586.3111111111111,38,7,17,39.05787330795262,0.5921052631578947,47.43589743589743,1010.2564102564094,26.585695006747613,0
2768,4,0,0,44,0.0,0.0,1.0,44,750,600,150,0.8,9,6,3,342.41568564423005,0.8574920718816068,0.29020390639650184,0.18199601156774403,127506.96277941288,-67.92318309480186,127439.03959631808,2633,2,600.6363636363636,37,7,17,38.85967412152136,0.5931869369369369,47.50548245614035,1009.9780701754385,27.296704599336174,0
2769,4,1,0,45,0.022222222222222223,0.0,1.0,45,800,500,300,0.625,11,5,6,335.61398529740507,0.8596801346801347,0.29416446557492537,0.17977285630107168,127820.21747616692,-420.3494822485284,127399.8679939184,2634,0,588.2666666666667,38,7,18,38.711040676175394,0.5945723684210527,47.19551282051282,1011.217948717948,26.610998650472318,0
2770,4,3,2,46,0.0625,0.041666666666666664,0.9583333333333334,48,1000,800,200,0.8,12,8,4,327.031887804076,0.869920951536643,0.3143646239163247,0.1790099042348881,128685.9673483271,-1181.8842912192258,127504.08305710788,2635,0,552.4375,38,10,16,38.045347653644995,0.6033442982456141,46.340811965811966,1014.636752136752,26.700967161493473,0
2771,4,3,3,46,0.061224489795918366,0.061224489795918366,0.9387755102040817,49,1300,1100,200,0.8461538461538461,15,11,4,320.0626826669964,0.8668509070294785,0.30738226255985146,0.17644933884482225,128969.02394614647,-1544.3656429704524,127424.65830317601,2636,0,541.8979591836735,40,9,17,37.934383858595965,0.6028645833333333,46.0619918699187,1015.7520325203252,25.39380081300813,0
2772,4,3,1,48,0.061224489795918366,0.02040816326530612,0.9795918367346939,49,1000,700,300,0.7,13,7,6,325.2804265608534,0.8692247732426304,0.33531094327494837,0.18150533468026506,129445.89548405632,-1378.3385022680875,128067.55698178824,2637,0,542.795918367347,38,11,15,37.31758530183728,0.6110197368421053,45.59294871794871,1017.6282051282034,26.779689608636932,0
2773,4,0,0,48,0.0,0.0,1.0,48,1250,800,450,0.64,17,8,9,330.7957162906633,0.8652112884160756,0.3387718258245309,0.18422104776379192,129368.6579043552,-1041.0804285934119,128327.57747576179,2638,1,555.1041666666666,37,11,19,37.255694474383866,0.6120495495495495,45.66885964912281,1017.3245614035088,27.49525841631105,0
2774,4,1,0,49,0.02040816326530612,0.0,1.0,49,1350,1000,350,0.7407407407407407,17,10,7,325.9183074277773,0.8705357142857143,0.33533748912183814,0.18306462540702084,129704.91672092004,-1345.3586154513935,128359.55810546865,2639,0,544.7551020408164,39,10,17,37.03865851995776,0.6119123931623932,45.338541666666664,1018.6458333333325,26.11912393162391,0
2775,4,0,1,48,0.0,0.02040816326530612,0.9795918367346939,49,1250,700,550,0.56,18,7,11,325.7097744562574,0.8707128684807256,0.3367545157312495,0.1831953596294796,129757.97661675338,-1347.3117404513973,128410.66487630199,2640,1,545.7551020408164,39,10,17,36.99018931261288,0.6124465811965812,45.28645833333333,1018.8541666666658,26.12446581196579,0
2776,4,0,1,47,0.0,0.020833333333333332,0.9791666666666666,48,1650,1300,350,0.7878787878787878,20,13,7,331.5058066836455,0.8683510638297872,0.33397239263803646,0.1863291258256352,129731.44531250001,-998.6545138888873,128732.79079861112,2641,2,558.0416666666666,39,9,17,36.86946148602589,0.6121794871794872,45.3125,1018.7500000000001,26.121794871794876,0
2777,4,1,2,46,0.020833333333333332,0.041666666666666664,0.9583333333333334,48,1150,1000,150,0.8695652173913043,13,10,3,326.7054863948529,0.8715093085106382,0.3159168659492486,0.18503477773469232,130029.26911891083,-1103.7448773877893,128925.52424152305,2642,0,517.1666666666666,40,8,17,36.6899993357247,0.6135416666666667,45.020325203252035,1019.918699186993,25.497967479674823,0
2778,4,2,0,48,0.041666666666666664,0.0,1.0,48,950,500,450,0.5263157894736842,14,5,9,326.7110839510487,0.8704750295508275,0.31925630810093053,0.18553050242469032,130132.94004891258,-1096.8252197765964,129036.11482913599,2643,0,517.9791666666666,40,8,19,36.58491035856575,0.6145833333333334,44.918699186991866,1020.3252032520317,25.50813008130079,0
2779,4,1,1,48,0.02040816326530612,0.02040816326530612,0.9795918367346939,49,1550,1100,450,0.7096774193548387,20,11,9,323.1998439127939,0.8701459750566893,0.3101979497668792,0.18534765202605077,130514.55886667046,-1363.2847930094733,129151.27407366098,2644,0,508.38775510204084,37,12,14,36.288653110133396,0.6235923423423424,44.54495614035087,1021.820175438596,27.616761498340434,0
2780,4,1,1,48,0.02040816326530612,0.02040816326530612,0.9795918367346939,49,1000,600,400,0.6,14,6,8,320.1334705176434,0.8702876984126985,0.30684626072198107,0.18390805695076834,130581.79253472247,-1439.2795138888637,129142.5130208336,2645,0,509.3673469387755,39,10,14,36.299089550210624,0.6207264957264957,44.47916666666668,1022.0833333333353,26.207264957265007,0
2781,4,0,0,48,0.0,0.0,1.0,48,1300,700,600,0.5384615384615384,19,7,12,328.1824595967624,0.8652297576832151,0.31216021066938504,0.1882730952423534,130528.56445312513,-1032.5629340277637,129496.00151909736,2646,3,520.9791666666666,39,9,16,36.14721372748896,0.6201923076923077,44.53125000000001,1021.875000000001,26.2019230769231,0
2782,4,1,2,47,0.02040816326530612,0.04081632653061224,0.9591836734693877,49,1050,800,250,0.7619047619047619,13,8,5,319.2329669251204,0.8666737528344671,0.3054041164608965,0.18464663981484977,130845.55820302671,-1445.9568491748419,129399.60135385187,2647,0,511.3265306122449,41,8,17,36.05592860144154,0.6201727642276422,44.221230158730165,1023.1150793650804,24.954026325977573,0
2783,4,0,0,47,0.0,0.0,1.0,47,1500,1000,500,0.6666666666666666,20,10,10,331.991632919272,0.8631668208448966,0.3092065611870145,0.1909827599923647,130635.0314670142,-726.0525173610758,129908.97894965312,2648,1,533.9148936170212,39,8,17,35.94227633992257,0.6212606837606836,44.42708333333335,1022.2916666666691,26.212606837606902,0
2784,4,0,0,47,0.0,0.0,1.0,47,1400,1100,300,0.7857142857142857,17,11,6,333.17857045596526,0.8627813752698118,0.30730548474917097,0.19192962720632423,130688.28125000047,-691.4930555555106,129996.78819444496,2649,2,534.9148936170212,39,8,17,35.85812279271935,0.6217948717948716,44.37500000000002,1022.5000000000038,26.217948717948815,0
2785,4,0,0,47,0.0,0.0,1.0,47,1050,600,450,0.5714285714285714,15,6,9,335.2252301954093,0.8623188405797101,0.3126894665791251,0.19350832071068372,130768.17626953151,-632.641601562469,130135.53466796904,2650,3,535.9148936170212,39,8,18,35.72506110601895,0.6225961538461537,44.296875000000014,1022.812500000002,26.22596153846159,0
2786,4,1,1,47,0.020833333333333332,0.020833333333333332,0.9791666666666666,48,1100,700,400,0.6363636363636364,15,7,8,325.76653243211786,0.8661716903073285,0.3042129813418013,0.18951637302459745,131067.83743142351,-1060.497017317696,130007.34041410581,2651,0,525.7291666666666,40,8,20,35.664574235807855,0.6239583333333332,44.004065040650424,1023.9837398374017,25.599593495935043,0
2787,4,0,0,47,0.0,0.0,1.0,47,1250,800,450,0.64,17,8,9,332.94024747016186,0.8590810977489978,0.3121952909186949,0.19338869693479632,131008.00781250015,-676.432291666651,130331.57552083349,2652,1,537.6595744680851,39,8,20,35.541310541310544,0.625,44.06250000000001,1023.7500000000011,26.25000000000003,0
2788,4,0,0,47,0.0,0.0,1.0,47,1150,700,450,0.6086956521739131,16,7,9,334.2456882060998,0.8582331174838113,0.31705654645343206,0.1948214494446107,131141.34250217024,-633.3143446180447,130508.0281575522,2653,2,538.6595744680851,39,8,20,35.37333892674328,0.62633547008547,43.93229166666667,1024.2708333333342,26.263354700854723,0
2789,4,0,0,47,0.0,0.0,1.0,47,1250,700,550,0.56,18,7,11,334.9370586860426,0.8581174838112858,0.3187963810104706,0.19576802414109343,131248.05908203128,-608.0322265624982,130640.02685546878,2654,3,539.6595744680851,39,8,20,35.24797956694113,0.6274038461538463,43.828125,1024.6875000000002,26.274038461538467,0
2790,4,0,0,47,0.0,0.0,1.0,47,1500,1100,400,0.7333333333333333,19,11,8,336.7594453968315,0.8572309589885907,0.31697360105551464,0.19738588140394583,131355.50356353624,-552.9342799619169,130802.56928357432,2655,4,540.6595744680851,38,9,20,35.09293034566615,0.6302083333333335,43.72329059829059,1025.1068376068363,26.976495726495692,0
2791,4,1,1,47,0.020833333333333332,0.020833333333333332,0.9791666666666666,48,1250,600,650,0.48,19,6,13,333.2311412487668,0.8585623522458629,0.32137874175545433,0.19723681063102672,131728.82080078113,-820.7709418402914,130908.04985894084,2656,0,530.375,39,9,18,34.80731016404532,0.6322115384615385,43.35937499999999,1026.562499999999,26.322115384615362,0
2792,4,0,0,47,0.0,0.0,1.0,47,750,300,450,0.4,12,3,9,337.5310361107111,0.8591581868640148,0.31731131135563584,0.1999798555501808,131766.52444480962,-504.9416958872191,131261.5827489224,2657,1,537.2978723404256,38,9,18,34.658992369059995,0.6343201754385965,43.32264957264957,1026.709401709401,27.018668466036868,0
2793,4,1,1,47,0.020833333333333332,0.020833333333333332,0.9791666666666666,48,1300,900,400,0.6923076923076923,17,9,8,365.3477050088105,0.8651928191489362,0.3497788689232484,0.21066917062315296,130726.5185550444,-7.794922017654983,130718.72363302675,2658,0,527.0833333333334,38,10,19,34.99703997771278,0.6239035087719296,44.33760683760685,1022.6495726495742,26.911830859199323,5
2794,4,0,0,47,0.0,0.0,1.0,47,1450,1200,250,0.8275862068965517,17,12,5,366.04963727316874,0.8618563058896084,0.33559719318247083,0.20285842225171782,129175.56023407033,67.55152225487296,129243.1117563252,2659,1,539.1489361702128,40,7,20,36.55590822753173,0.6049479166666667,45.858739837398375,1016.5650406504066,25.414126016260163,4
2795,4,1,0,48,0.020833333333333332,0.0,1.0,48,1100,1000,100,0.9090909090909091,12,10,2,357.47864524624106,0.8643617021276595,0.33721629677512044,0.19964601595521106,129480.23069598335,-342.70618107864425,129137.52451490471,2660,0,528.8958333333334,37,11,18,36.46349565467212,0.6131756756756757,45.55921052631579,1017.7631578947365,27.50711237553342,0
2796,4,1,0,49,0.02040816326530612,0.0,1.0,49,1100,700,400,0.6363636363636364,15,7,8,349.5881952526064,0.8672760770975056,0.3378974481974697,0.19715968245226262,129864.12896050356,-720.206705729156,129143.9222547744,2661,0,519.0816326530612,39,10,19,36.27416538920116,0.6135149572649572,45.18229166666667,1019.270833333334,26.135149572649592,0
2797,4,1,0,50,0.02,0.0,1.0,50,1450,900,550,0.6206896551724138,20,9,11,343.6739557806888,0.8673809523809524,0.344218897143455,0.19608907435200282,130317.12420784951,-1041.4589803799909,129275.66522746952,2662,0,509.68,38,12,20,35.96556625161314,0.6197916666666665,44.73824786324787,1021.0470085470097,26.86965811965815,0
2798,4,0,0,50,0.0,0.0,1.0,50,2100,1400,700,0.6666666666666666,28,14,14,342.41747618879776,0.8665136054421768,0.3454459897521698,0.19619762281566666,130480.80490037639,-1064.2184189860263,129416.58648139036,2663,1,510.68,38,12,22,35.83189550001743,0.6214364035087718,44.57799145299146,1021.6880341880355,26.88652721547462,0
2799,4,0,0,50,0.0,0.0,1.0,50,1500,1100,400,0.7333333333333333,19,11,8,341.15056615968433,0.867517006802721,0.34468909276248727,0.19571269321792434,130528.56445312512,-1094.021267361095,129434.54318576402,2664,2,511.68,39,11,18,35.81591913013932,0.6201923076923077,44.53125000000001,1021.8750000000009,26.2019230769231,0
2800,4,0,0,50,0.0,0.0,1.0,50,1250,900,350,0.72,16,9,7,339.56519606609163,0.8681802721088435,0.33912379011716776,0.19547404101986476,130661.65500217034,-1126.3699001735881,129535.28510199675,2665,3,512.68,39,11,18,35.72179062659196,0.6215277777777777,44.40104166666668,1022.395833333335,26.21527777777782,0
2801,4,0,0,50,0.0,0.0,1.0,50,1850,1500,350,0.8108108108108109,22,15,7,340.7568410617174,0.8681632653061224,0.34024439918533567,0.19683718701329841,130794.81336805588,-1086.1545138888548,129708.65885416702,2666,4,513.68,39,11,19,35.55668703326545,0.6228632478632476,44.27083333333335,1022.9166666666692,26.228632478632544,0
2802,4,0,1,49,0.0,0.02,0.98,50,1000,600,400,0.6,14,6,8,339.69829380658234,0.8681972789115646,0.33760802622429686,0.19642405076110692,130833.7993774377,-1111.1963158503236,129722.60306158738,2667,5,514.68,40,10,19,35.5443528359988,0.6216145833333332,44.23272357723579,1023.0691056910595,25.576727642276488,0
2803,4,0,1,48,0.0,0.02040816326530612,0.9795918367346939,49,800,500,300,0.625,11,5,6,351.2474964039566,0.8657171201814059,0.301154153567432,0.2029689063408499,130808.47447083422,-582.5673980504511,130225.90707278377,2668,6,525.265306122449,38,11,17,35.2745865970409,0.6247258771929824,44.25747863247863,1022.9700854700852,26.920265407107507,3
2804,4,0,1,47,0.0,0.020833333333333332,0.9791666666666666,48,1500,1200,300,0.8,18,12,6,350.5684205575387,0.8669289302600472,0.2926578796971002,0.2029469293202821,130878.94833025528,-423.59475992615,130455.35357032913,2669,7,530.8333333333334,37,11,19,35.22065652236033,0.6272522522522523,44.18859649122806,1023.2456140350863,27.655286865813142,0
2805,4,0,0,47,0.0,0.0,1.0,47,1900,1600,300,0.8421052631578947,22,16,6,353.5176694613258,0.8665587419056429,0.28133957337440774,0.20555093383747544,131047.29940943344,-134.492824715319,130912.80658471813,2670,8,536.5744680851063,37,10,19,34.974923252659394,0.6289414414414415,44.024122807017534,1023.903508771928,27.673067804646703,0
2806,4,0,1,46,0.0,0.02127659574468085,0.9787234042553191,47,750,400,350,0.5333333333333333,11,4,7,353.5176694613258,0.8665587419056429,0.28133957337440774,0.20555093383747544,131047.29940943344,-134.492824715319,130912.80658471813,2671,9,537.5744680851063,37,10,19,34.974923252659394,0.6289414414414415,44.024122807017534,1023.903508771928,27.673067804646703,0
2807,4,0,0,46,0.0,0.0,1.0,46,850,600,250,0.7058823529411765,11,6,5,363.04814121821425,0.8642713365539453,0.28630042655750865,0.2110507480790285,131039.71370018674,314.74489692395696,131354.4585971107,2672,10,550.0217391304348,36,10,21,34.738643862736474,0.630787037037037,44.031531531531535,1023.8738738738743,28.440940940940955,0
2808,4,0,0,46,0.0,0.0,1.0,46,1150,800,350,0.6956521739130435,15,8,7,360.0138034342446,0.8634057971014493,0.2891414262092957,0.2102314238539637,131212.72243527306,247.678252576891,131460.40068784993,2673,11,551.0217391304348,36,10,21,34.641313109108225,0.6325231481481481,43.86261261261261,1024.549549549549,28.459709709709696,0
2809,4,1,0,47,0.02127659574468085,0.0,1.0,47,1200,800,400,0.6666666666666666,16,8,8,352.3193171398244,0.8647856922602528,0.29735852581918465,0.20760860149701146,131559.08230865988,-129.78806509212995,131429.29424356774,2674,0,540.2765957446809,36,11,19,34.488657153311394,0.6359953703703705,43.52477477477477,1025.9009009008998,28.497247247247216,0
2810,4,0,0,47,0.0,0.0,1.0,47,1150,900,250,0.782608695652174,14,9,5,354.41475251500646,0.863359543632439,0.3003842580271645,0.20947704633085404,131674.6370525931,-66.51321930038307,131608.12383329272,2675,1,541.2765957446809,36,11,19,34.31831065759638,0.6371527777777778,43.41216216216216,1026.3513513513512,28.509759759759756,0
2811,4,2,1,48,0.04081632653061224,0.02040816326530612,0.9795918367346939,49,800,400,400,0.5,12,4,8,338.22884296630605,0.8678075396825397,0.2936857076704267,0.20260892826234045,132183.68055555547,-858.3333333333387,131325.34722222213,2676,0,520.1428571428571,39,10,20,34.22136682874122,0.6367521367521367,42.916666666666664,1028.3333333333328,26.367521367521356,0
2812,4,1,1,48,0.02040816326530612,0.02040816326530612,0.9795918367346939,49,1900,1400,500,0.7368421052631579,24,14,10,340.0215161926303,0.8680201247165533,0.2974988740181239,0.2045513116291596,132344.40646701382,-800.0108506944484,131544.39561631938,2677,0,521.1224489795918,39,10,21,34.01371735169063,0.6383547008547009,42.760416666666664,1028.9583333333328,26.383547008546994,0
2813,4,0,0,48,0.0,0.0,1.0,48,1650,1300,350,0.7878787878787878,20,13,7,347.6714608747122,0.8620715130023641,0.3108516768767524,0.20914577387160227,132343.03232750748,-397.62092282124365,131945.41140468622,2678,2,532.9791666666666,38,10,22,33.81831239400546,0.6400767543859649,42.761752136752136,1028.9529914529915,27.07771030139451,0
2814,4,1,1,48,0.02040816326530612,0.02040816326530612,0.9795918367346939,49,850,500,350,0.5882352941176471,12,5,7,336.3496720044905,0.8645124716553289,0.2959429124809776,0.20372543709622998,132600.90115453306,-879.9118350118722,131720.98931952118,2679,0,523.0816326530612,36,13,22,33.85063597929877,0.646412037037037,42.51126126126127,1029.954954954956,28.609859859859892,0
2815,4,0,0,48,0.0,0.0,1.0,48,850,700,150,0.8235294117647058,10,7,3,341.5867740030293,0.8611665189125295,0.3035252204971206,0.20689752549878862,132600.90115453306,-541.057188945688,132059.84396558738,2680,4,534.9791666666666,36,12,23,33.71578650047378,0.646412037037037,42.51126126126127,1029.954954954956,28.609859859859892,0
2816,4,0,0,48,0.0,0.0,1.0,48,1300,800,500,0.6153846153846154,18,8,10,342.1586985545378,0.8609264184397163,0.3076082203760382,0.20756417601968924,132658.9004545086,-521.9206537618652,132136.97980074675,2681,5,535.9791666666666,36,12,17,33.6428272117767,0.6469907407407407,42.45495495495496,1030.1801801801805,28.616116116116125,0
2817,4,1,1,48,0.02040816326530612,0.02040816326530612,0.9795918367346939,49,1500,900,600,0.6,21,9,12,332.0092508394329,0.8611111111111112,0.30065047494651664,0.20304805028580653,132962.84072983987,-971.0213719606141,131991.81935787926,2682,0,526.0204081632653,37,12,17,33.599564108016146,0.6480855855855856,42.16008771929824,1031.3596491228063,27.874585111427198,0
2818,4,0,0,48,0.0,0.0,1.0,48,1050,600,450,0.5714285714285714,15,6,9,337.6102958445191,0.8602430555555556,0.30297289872026667,0.20600581517365438,132878.0384950178,-627.8012224915258,132250.23727252628,2683,7,537.9791666666666,37,11,17,33.54016005530151,0.6472409909909909,42.242324561403514,1031.0307017543867,27.86569464201045,0
2819,4,0,0,48,0.0,0.0,1.0,48,1350,800,550,0.5925925925925926,19,8,11,336.12257621294816,0.8598552009456265,0.29569871045452967,0.20603109573860776,133047.67001625494,-655.9348790012366,132391.7351372537,2684,8,538.9791666666666,37,11,18,33.40850515463918,0.6489301801801801,42.07785087719298,1031.6885964912276,27.88347558084399,0
2820,4,0,1,47,0.0,0.020833333333333332,0.9791666666666666,48,700,500,200,0.7142857142857143,9,5,4,337.1874020549953,0.8600398936170213,0.298155084475614,0.20699743253356562,133104.23790252768,-623.7855638273318,132480.45233870036,2685,9,539.9791666666666,37,11,18,33.324367761130596,0.6494932432432432,42.02302631578947,1031.9078947368419,27.889402560455185,0
2821,4,0,0,47,0.0,0.0,1.0,47,1050,700,350,0.6666666666666666,14,7,7,341.9945317301289,0.8591196423065063,0.2988537457346183,0.2096303940748393,133047.67001625494,-299.68487900123705,132747.9851372537,2686,10,548.0,37,10,19,33.257054415984705,0.6489301801801801,42.07785087719298,1031.6885964912276,27.88347558084399,0
2822,4,1,1,47,0.020833333333333332,0.020833333333333332,0.9791666666666666,48,1100,800,300,0.7272727272727273,14,8,6,334.96926999154476,0.861184988179669,0.3019120384734726,0.2072180340082053,133389.43591798167,-663.7276051939425,132725.70831278773,2687,0,537.5625,38,10,20,33.09610611231773,0.6504934210526315,41.746794871794876,1033.012820512821,27.184547908232133,0
2823,4,0,2,45,0.0,0.0425531914893617,0.9574468085106383,47,1100,900,200,0.8181818181818182,13,9,4,341.0442614304838,0.8586185630588961,0.3041875592898762,0.21080294899443297,133358.94217451528,-303.7396121883639,133055.20256232691,2688,1,549.1489361702128,37,10,20,32.96974522292992,0.652027027027027,41.776315789473685,1032.8947368421057,27.916073968705557,0
2824,4,0,0,45,0.0,0.0,1.0,45,1700,1300,400,0.7647058823529411,21,13,8,346.7655308334272,0.8590067340067341,0.2963850179789371,0.2155307877041267,133564.50007086174,263.20913695580583,133827.70920781756,2689,2,563.7333333333333,34,11,22,32.616175285039716,0.6602328431372548,41.577380952380956,1033.6904761904768,30.40266106442579,0
2825,4,0,0,45,0.0,0.0,1.0,45,1050,400,650,0.38095238095238093,17,4,13,351.209684086981,0.8562710437710438,0.30119536174075323,0.21975258203023434,133810.730229592,399.12485827666166,134209.85508786867,2690,3,564.7333333333333,34,11,16,32.25487093928585,0.6626838235294117,41.33928571428572,1034.6428571428585,30.430672268907603,0
2826,4,0,1,44,0.0,0.022222222222222223,0.9777777777777777,45,1350,1000,350,0.7407407407407407,17,10,7,348.7093245801513,0.8555134680134681,0.26174441585561414,0.21813244593575726,133801.3214404363,343.88716054193594,134145.20860097822,2691,4,565.7333333333333,35,10,18,32.32895644553828,0.6604166666666667,41.348379629629626,1034.6064814814808,29.560185185185166,3
2827,4,0,0,44,0.0,0.0,1.0,44,850,400,450,0.47058823529411764,13,4,9,355.88387883494426,0.8534399224806202,0.270035162259175,0.22193562494179198,133687.5868055556,715.4513888888944,134403.0381944445,2692,16,579.5,34,10,22,32.25725221595488,0.6614583333333333,41.458333333333336,1034.166666666667,30.416666666666675,0
2828,4,0,0,44,0.0,0.0,1.0,44,850,600,250,0.7058823529411765,11,6,5,355.5403041048127,0.8531756518675123,0.2718744768123216,0.22190618980334867,133718.36734693885,708.4537981859455,134426.8211451248,2693,17,580.5,34,10,18,32.235314993861266,0.6617647058823529,41.42857142857143,1034.285714285715,30.42016806722691,0
2829,4,0,0,44,0.0,0.0,1.0,44,1100,600,500,0.5454545454545454,16,6,10,353.20282694683647,0.8523828400281889,0.27115807092792155,0.22081529253007268,133779.93905895695,650.2905328798214,134430.22959183677,2694,18,581.5,34,10,18,32.23412926735711,0.6623774509803921,41.36904761904762,1034.5238095238096,30.427170868347343,0
2830,4,0,0,44,0.0,0.0,1.0,44,1250,1000,250,0.8,15,10,5,352.4507674723618,0.8522947498238196,0.2717232146592483,0.2207134056822598,133841.52494331062,634.5096371882098,134476.03458049882,2695,19,582.5,34,10,19,32.19195812241143,0.6629901960784313,41.30952380952381,1034.7619047619044,30.434173669467775,0
2831,4,0,0,44,0.0,0.0,1.0,44,1150,900,250,0.782608695652174,14,9,5,356.0181419790125,0.8511715997181114,0.27395040562013895,0.22369463602958764,133964.73922902497,738.7755102040812,134703.51473922905,2696,20,583.5,34,10,20,31.976387611162217,0.6642156862745099,41.19047619047619,1035.2380952380954,30.44817927170869,0
2832,4,0,0,44,0.0,0.0,1.0,44,1000,700,300,0.7,13,7,6,353.9699305673965,0.8509293516560958,0.27029958083769734,0.22259410601190507,133995.55165816325,686.0792233560076,134681.63088151926,2697,21,584.5,34,10,20,31.998581886474255,0.6645220588235294,41.160714285714285,1035.3571428571427,30.451680672268903,0
2833,4,0,0,44,0.0,0.0,1.0,44,900,600,300,0.6666666666666666,12,6,6,352.82115226570727,0.8509293516560958,0.2687488567770264,0.22196469958994478,134010.95920138876,656.3802083333243,134667.33940972207,2698,22,585.5,35,9,20,32.012910798122064,0.6625,41.14583333333333,1035.4166666666656,29.583333333333304,0
2834,4,0,0,44,0.0,0.0,1.0,44,1200,900,300,0.75,15,9,6,354.2646502835536,0.8499163143058492,0.2730385375494069,0.2238485427615862,134171.33349565792,706.432107783465,134877.7656034414,2699,23,586.5,36,8,21,31.81521739130433,0.662037037037037,40.990990990990994,1036.0360360360369,28.7787787787788,0
2835,4,0,0,44,0.0,0.0,1.0,44,1300,1000,300,0.7692307692307693,16,10,6,351.2673907720942,0.8489252995066949,0.27155657860939364,0.22230828953815746,134229.67519884743,630.101554256956,134859.77675310438,2700,24,587.5,36,8,21,31.834564949648644,0.6626157407407407,40.93468468468468,1036.2612612612606,28.78503503503502,0
2836,4,0,0,44,0.0,0.0,1.0,44,1300,1000,300,0.7692307692307693,16,10,6,358.82868214158805,0.8448731501057083,0.2688213697061814,0.2287315564848558,134492.36979800742,851.9439625436203,135344.31376055104,2701,25,588.5,36,8,22,31.37620779502769,0.6652199074074074,40.681306306306304,1037.2747747747744,28.813188188188178,0
2837,4,0,0,44,0.0,0.0,1.0,44,1000,700,300,0.7,13,7,6,357.33685190702505,0.8437059548978154,0.26426515672902484,0.22872706864357126,134643.43112244882,822.6373246522701,135466.06844710108,2702,26,589.5,34,10,23,31.26409918176952,0.6709558823529412,40.53571428571428,1037.8571428571415,30.525210084033574,0
2838,4,0,0,44,0.0,0.0,1.0,44,950,500,450,0.5263157894736842,14,5,9,353.27583805537165,0.842913143058492,0.26076195012211056,0.22686023931243648,134761.00508241166,721.5614015346343,135482.56648394628,2703,27,590.5,35,9,23,31.252206182885583,0.6699404761904761,40.4224537037037,1038.310185185185,29.666005291005284,0
2839,4,0,0,44,0.0,0.0,1.0,44,1450,1100,350,0.7586206896551724,18,11,7,350.4225737161093,0.8426268498942918,0.22940197904665482,0.2193193320893339,133820.6928374906,598.5407435997984,134419.2335810904,2704,28,591.5,33,11,18,32.2652641241265,0.6650883838383838,41.32965686274511,1034.6813725490213,31.353980986333976,4
2840,4,0,0,44,0.0,0.0,1.0,44,1200,800,400,0.6666666666666666,16,8,8,352.27461401931134,0.8425167371388302,0.22588960885195797,0.22104839450275676,133915.8091238948,635.0279940407752,134550.8371179356,2705,29,592.5,33,11,19,32.12220775120374,0.6660353535353534,41.23774509803923,1035.0490196078445,31.365121806298315,0
2841,4,0,1,43,0.0,0.022727272727272728,0.9772727272727273,44,900,300,600,0.3333333333333333,15,3,12,349.75907353424236,0.8417899929527837,0.22354887265201162,0.21994610719647942,133995.55165816352,573.232001133813,134568.78365929733,2706,30,593.5,34,10,19,32.10757540914491,0.6645220588235292,41.1607142857143,1035.3571428571447,30.451680672268964,0
2842,4,1,2,42,0.022727272727272728,0.045454545454545456,0.9545454545454546,44,1100,900,200,0.8181818181818182,13,9,4,342.1248822999183,0.842428646934461,0.21628221008386328,0.2166468314083077,134250.74615269218,386.1041452332154,134636.8502979254,2707,0,589.25,35,9,19,32.050387164023526,0.6648809523809522,40.91435185185186,1036.3425925925937,29.609788359788393,0
2843,4,0,0,42,0.0,0.0,1.0,42,850,700,150,0.8235294117647058,10,7,3,350.4952869269024,0.8397938443670151,0.21948609309225509,0.22077903700051604,134057.18714569177,997.2824546485507,135054.46960034032,2708,32,612.6190476190476,34,8,19,32.026909223282395,0.6651348039215685,41.10119047619049,1035.5952380952394,30.458683473389396,0
2844,4,0,0,42,0.0,0.0,1.0,42,850,700,150,0.8235294117647058,10,7,3,352.30545646716854,0.8394308943089431,0.21937602627257813,0.2221056138597369,134088.01020408186,1047.987528344695,135135.99773242656,2709,33,613.6190476190476,34,8,19,31.9492337164751,0.6654411764705881,41.071428571428584,1035.7142857142874,30.462184873949628,0
2845,4,0,0,42,0.0,0.0,1.0,42,750,400,350,0.5333333333333333,11,4,7,353.1344313351872,0.8396002710027101,0.2206068268015169,0.22281527824854738,134118.83680555574,1072.3958333333567,135191.23263888908,2710,34,614.6190476190476,34,8,19,31.89695628854921,0.6657475490196078,41.04166666666668,1035.8333333333348,30.46568627450985,0
2846,4,0,0,42,0.0,0.0,1.0,42,1050,600,450,0.5714285714285714,15,6,9,356.5032727008843,0.8385840108401084,0.22163990179835835,0.2264614881073672,134365.5771683675,1180.353599773261,135545.93076814077,2711,35,615.6190476190476,34,8,20,31.563133922761885,0.6681985294117645,40.80357142857144,1036.7857142857156,30.493697478991635,0
2847,4,0,0,42,0.0,0.0,1.0,42,950,600,350,0.631578947368421,13,6,7,356.68354618247554,0.837954897406117,0.2223761964893871,0.22695912131450313,134427.2976899094,1189.6010487528515,135616.89873866225,2712,36,616.6190476190476,34,8,20,31.496814372632315,0.6688112745098038,40.74404761904763,1037.0238095238105,30.500700280112074,0
2848,4,0,0,42,0.0,0.0,1.0,42,1600,1100,500,0.6875,21,11,10,353.44903723101197,0.8361401471157569,0.2203767132641743,0.22604660730320858,134612.54428854884,1115.7348356009197,135728.27912414976,2713,37,617.6190476190476,34,8,21,31.39578792397997,0.6706495098039215,40.5654761904762,1037.738095238096,30.521708683473413,0
2849,4,0,0,42,0.0,0.0,1.0,42,800,400,400,0.5,12,4,8,353.4686102186522,0.8360675571041425,0.22122264827013605,0.22625105314876756,134643.43112244923,1118.445294784608,135761.87641723384,2714,38,618.6190476190476,34,8,21,31.364466238433884,0.670955882352941,40.5357142857143,1037.8571428571447,30.525210084033667,0
2850,4,0,0,42,0.0,0.0,1.0,42,1250,900,350,0.72,16,9,7,350.84839310712874,0.8359223770809137,0.22029063832342555,0.22553062144977779,134797.91843820867,1058.7266156462679,135856.64505385494,2715,39,619.6190476190476,34,8,17,31.278421032519407,0.6724877450980392,40.386904761904766,1038.4523809523814,30.54271708683475,0
2851,4,0,0,42,0.0,0.0,1.0,42,1300,900,400,0.6923076923076923,17,9,8,353.340284562524,0.8356078203639179,0.22465547823713994,0.22751985112974332,134859.73816609973,1130.2756519274317,135990.01381802716,2716,40,620.6190476190476,34,8,17,31.152101241642796,0.6731004901960784,40.32738095238095,1038.690476190476,30.549719887955174,0
2852,4,0,0,42,0.0,0.0,1.0,42,1100,600,500,0.5454545454545454,16,6,10,357.00288419289245,0.8342770034843205,0.22623412334686388,0.23046754239908007,134952.49433106554,1235.6859410430598,136188.18027210858,2717,41,621.6190476190476,34,8,17,30.964520317751283,0.6740196078431373,40.23809523809523,1039.0476190476174,30.560224089635806,0
2853,4,0,0,42,0.0,0.0,1.0,42,850,800,50,0.9411764705882353,9,8,1,359.16833921861553,0.8343253968253969,0.22593271470577014,0.23206368860394463,134983.4201388887,1296.354166666643,136279.77430555536,2718,42,622.6190476190476,34,8,17,30.877439187383043,0.674325980392157,40.20833333333332,1039.1666666666652,30.563725490196035,0
2854,4,0,0,42,0.0,0.0,1.0,42,800,600,200,0.75,10,6,4,369.37516599229656,0.833454316686024,0.22739233844441098,0.23645036135969458,134646.15660142727,1548.5517889753905,136194.70839040267,2719,43,623.6190476190476,33,9,20,30.949024875034436,0.6732954545454546,40.533088235294116,1037.8676470588232,31.450534759358277,1
2855,4,0,0,42,0.0,0.0,1.0,42,1000,600,400,0.6,14,6,8,369.3808516577168,0.8329703832752613,0.22287883641595463,0.2372830899238691,134773.3763005814,1556.5409037389393,136329.91720432034,2720,44,624.6190476190476,33,9,20,30.821801605098532,0.6745580808080809,40.41053921568627,1038.3578431372543,31.465389185977404,0
2856,4,0,0,42,0.0,0.0,1.0,42,1200,800,400,0.6666666666666666,16,8,8,365.237851548594,0.831833139759969,0.22553908355795182,0.23606836746433488,134996.1553248748,1461.1411476354938,136457.2964725103,2721,45,625.6190476190476,33,9,18,30.70705581761007,0.6767676767676769,40.196078431372534,1039.2156862745078,31.491384432560842,0
2857,4,1,1,42,0.023255813953488372,0.023255813953488372,0.9767441860465116,43,1550,1200,350,0.7741935483870968,19,12,7,356.64165388099633,0.8339331856773717,0.22414985897504125,0.2326155264865603,135323.8378684807,1052.4234693877522,136376.26133786846,2722,0,612.046511627907,34,9,19,30.604023646071695,0.6776960784313726,39.88095238095238,1040.4761904761904,30.60224089635854,0
2858,4,0,0,42,0.0,0.0,1.0,42,800,600,200,0.75,10,6,4,369.70084061681365,0.8335027100271003,0.22670661101386802,0.24064576189842893,135250.98519800068,1600.4805843906086,136851.4657823913,2723,1,619.047619047619,33,9,19,30.33694627709708,0.6792929292929293,39.95098039215686,1040.196078431372,31.52109328579915,0
2859,4,0,0,42,0.0,0.0,1.0,42,1300,900,400,0.6923076923076923,17,9,8,372.1317094654637,0.8329945799457995,0.22793602189433093,0.2428724323652,135346.6083507545,1673.3529471837758,137019.96129793828,2724,2,620.047619047619,33,9,19,30.17839967809054,0.680239898989899,39.85906862745098,1040.563725490196,31.532234105763514,0
2860,4,0,0,42,0.0,0.0,1.0,42,1350,1100,250,0.8148148148148148,16,11,5,371.28027046342766,0.831276616337592,0.22684212001457493,0.2431785580251977,135474.15845167704,1659.7764381487696,137133.93488982582,2725,3,621.047619047619,33,9,19,30.07345006866785,0.6815025252525253,39.73651960784313,1041.053921568626,31.547088532382606,0
2861,4,0,0,42,0.0,0.0,1.0,42,1350,1100,250,0.8148148148148148,16,11,5,371.90149706981845,0.830381339527681,0.232642974817604,0.24423639274337844,135569.86045030755,1683.726811803146,137253.5872621107,2726,4,622.047619047619,33,9,21,29.961951831803557,0.682449494949495,39.64460784313725,1041.4215686274506,31.558229352346988,0
2862,4,0,0,42,0.0,0.0,1.0,42,1500,1400,100,0.9333333333333333,16,14,2,370.0763014247838,0.8283004258614015,0.2387476688899719,0.24412403343793138,135729.43887266915,1646.0497464917348,137375.4886191609,2727,5,623.047619047619,33,9,21,29.8506164490964,0.6840277777777778,39.49142156862745,1042.0343137254902,31.576797385620914,0
2863,4,0,0,42,0.0,0.0,1.0,42,1000,600,400,0.6,14,6,8,369.0433100377091,0.8277197057684863,0.24099583389329404,0.24366027240377916,135761.36582083805,1620.3647635524649,137381.73058439052,2728,6,624.047619047619,33,9,21,29.845758858576346,0.6843434343434345,39.46078431372548,1042.1568627450972,31.580510992275673,0
2864,4,0,0,42,0.0,0.0,1.0,42,1100,600,500,0.5454545454545454,16,6,10,367.80599396849885,0.826413085559427,0.24583396306683003,0.24349615491751128,135857.16919273834,1593.816230536329,137450.98542327466,2729,7,625.047619047619,33,9,21,29.782703459895767,0.685290404040404,39.368872549019606,1042.5245098039213,31.59165181224004,0
2865,4,0,0,42,0.0,0.0,1.0,42,700,500,200,0.7142857142857143,9,5,4,364.3777435532165,0.8264372822299652,0.24118593664203902,0.24160368325379433,135912.84190759636,1504.722930839001,137417.56483843536,2730,8,626.047619047619,34,8,19,29.816712333980288,0.6835171568627451,39.31547619047619,1042.7380952380952,30.668767507002798,0
2866,4,0,0,42,0.0,0.0,1.0,42,1250,1000,250,0.8,15,10,5,365.84777190306284,0.8259775454897406,0.24117436039591023,0.243001692922118,135974.91673752843,1549.224064625862,137524.1408021543,2731,9,627.047619047619,34,8,19,29.71668949511092,0.6841299019607843,39.25595238095239,1042.9761904761913,30.675770308123273,0
2867,4,0,0,42,0.0,0.0,1.0,42,650,400,250,0.6153846153846154,9,4,5,364.64495623756534,0.8253968253968254,0.24138413825532434,0.2425494457984635,136025.794177062,1520.2239529749763,137546.01813003697,2732,10,628.047619047619,35,7,19,29.697497133769744,0.6824404761904761,39.20717592592593,1043.171296296297,29.804894179894198,0
2868,4,1,0,43,0.023255813953488372,0.0,1.0,43,500,300,200,0.6,7,3,4,355.4717953024835,0.8294573643410852,0.23444813584348467,0.22484661751060678,134209.71476800545,943.3252614200517,135153.0400294255,2733,0,614.4186046511628,37,6,20,31.745590828924165,0.660472972972973,40.95394736842105,1036.184210526315,28.004978662873377,4
2869,4,0,1,42,0.0,0.023255813953488372,0.9767441860465116,43,950,800,150,0.8421052631578947,11,8,3,352.51788300561435,0.8282115171650055,0.23141687061109528,0.22384530448744702,134351.77320185056,872.2805334333641,135224.05373528393,2734,1,615.4186046511628,37,6,20,31.680217697867096,0.6618806306306306,40.81688596491228,1036.732456140351,28.019796111901375,0
2870,4,0,0,42,0.0,0.0,1.0,42,1150,800,350,0.6956521739130435,15,8,7,360.69391388575843,0.8247677119628339,0.24062860662143315,0.22809241935827232,134200.5027620526,1281.0609173362561,135481.56367938887,2735,2,630.7857142857143,36,6,20,31.61952505162482,0.6623263888888888,40.96283783783784,1036.1486486486488,28.78190690690691,0
2871,4,0,0,42,0.0,0.0,1.0,42,1100,900,200,0.8181818181818182,13,9,4,360.62205652220285,0.8239208284939993,0.23609558060584113,0.22881348472220842,134323.35550361648,1287.9929401354248,135611.3484437519,2736,3,631.7857142857143,37,5,20,31.498572033001903,0.6615990990990992,40.844298245614034,1036.6228070175437,28.016832622095773,0
2872,4,0,0,42,0.0,0.0,1.0,42,900,700,200,0.7777777777777778,11,7,4,359.54362711564505,0.8228803716608595,0.22984989702764924,0.22866200952472449,134408.6176155162,1265.152378616487,135673.7699941327,2737,4,632.7857142857143,37,5,21,31.441326530612255,0.6624436936936937,40.76206140350877,1036.951754385964,28.025723091512543,0
2873,4,0,0,42,0.0,0.0,1.0,42,900,400,500,0.4444444444444444,14,4,10,359.2763134514655,0.8223722415795587,0.2245886622273896,0.22920520576967746,134522.34251163833,1266.1382588873626,135788.4807705257,2738,5,633.7857142857143,37,5,21,31.334667758869756,0.6635698198198197,40.65241228070176,1037.390350877194,28.03757705073497,0
2874,4,0,0,42,0.0,0.0,1.0,42,1350,900,450,0.6666666666666666,18,9,9,357.4575552326472,0.8208720480061944,0.22241505941062245,0.2289372948465658,134664.56626077276,1227.373326408148,135891.9395871809,2739,6,634.7857142857143,37,5,21,31.239876047608995,0.6649774774774774,40.51535087719299,1037.9385964912296,28.052394499762965,0
2875,4,1,0,43,0.023255813953488372,0.0,1.0,43,800,500,300,0.625,11,5,6,349.3757009607139,0.8204134366925064,0.23102862345943032,0.22650066262816207,135105.57204918208,840.5207876762654,135946.09283685836,2740,0,621.0,38,5,17,31.010216490254514,0.6674890350877192,40.09081196581198,1039.6367521367542,27.358861898335636,0
2876,4,0,0,43,0.0,0.0,1.0,43,1100,1000,100,0.9090909090909091,12,10,2,351.19938038634706,0.8192137320044296,0.23702627598746995,0.22803359368247644,135161.1139076086,893.6998913361449,136054.81379894476,2741,1,622.0,38,5,17,30.907522517894456,0.6680372807017543,40.03739316239318,1039.8504273504298,27.364484930274468,0
2877,4,0,0,43,0.0,0.0,1.0,43,1100,700,400,0.6363636363636364,15,7,8,356.9868859413796,0.8179678848283499,0.24249386779271576,0.23250711093051613,135272.2318672841,1058.082561728413,136330.3144290125,2742,2,623.0,38,5,17,30.646417445482868,0.6691337719298245,39.930555555555564,1040.277777777779,27.37573099415208,0
2878,4,0,0,43,0.0,0.0,1.0,43,650,400,250,0.6153846153846154,9,4,5,355.49665765123564,0.8171834625322997,0.23619253206360402,0.23189430333994562,135327.80796853334,1021.7166840163878,136349.52465254974,2743,3,624.0,38,5,17,30.629855905808277,0.6696820175438596,39.877136752136764,1040.4914529914547,27.381354026090914,0
2879,4,0,0,43,0.0,0.0,1.0,43,1050,700,350,0.6666666666666666,14,7,7,357.1798146051092,0.8155223329641934,0.2419979802465244,0.23335268773094375,135383.39548405667,1071.2432199211198,136454.6387039778,2744,4,625.0,38,5,17,30.530746329945586,0.6702302631578946,39.823717948717956,1040.7051282051293,27.386977058029718,0
2880,4,0,1,42,0.0,0.023255813953488372,0.9767441860465116,43,1350,1100,250,0.8148148148148148,16,11,5,356.5846293676458,0.8143687707641196,0.23886439638237555,0.2333246503646056,135438.99441385438,1059.0927249981944,136498.08713885257,2745,5,626.0,38,5,17,30.49090800232646,0.6707785087719296,39.770299145299155,1040.9188034188048,27.39260008996855,0
2881,4,0,0,42,0.0,0.0,1.0,42,950,700,250,0.7368421052631579,12,7,5,356.8738403655259,0.8095238095238095,0.24389026806088432,0.23385211278610554,135490.94583189065,1270.634834756857,136761.58066664753,2746,6,639.1666666666666,37,5,17,30.431696506933477,0.6731418918918919,39.72039473684211,1041.1184210526321,28.138335704125193,0
2882,4,0,0,42,0.0,0.0,1.0,42,950,500,450,0.5263157894736842,14,5,9,356.8960738892834,0.8083139759969028,0.24112061921305017,0.2346128585380139,135605.1275993574,1279.387527893185,136884.51512725058,2747,7,640.1666666666666,37,5,19,30.31755535670421,0.6742680180180181,39.61074561403508,1041.5570175438588,28.150189663347536,0
2883,4,0,0,42,0.0,0.0,1.0,42,850,600,250,0.7058823529411765,11,6,5,355.6991778617321,0.8068863724351529,0.24232181208408798,0.23440732057915878,135693.9688893174,1253.2526464101795,136947.22153572756,2748,8,641.1666666666666,35,7,19,30.260405095164053,0.6791666666666667,39.525462962962955,1041.8981481481467,29.768518518518476,0
2884,4,0,0,42,0.0,0.0,1.0,42,700,400,300,0.5714285714285714,10,4,6,355.4552125854749,0.8063056523422377,0.24500563304295397,0.2344441962569252,135724.11807966811,1248.7690489969004,136972.88712866502,2749,9,642.1666666666666,35,7,20,30.236796067977348,0.6794642857142857,39.49652777777777,1042.0138888888882,29.771825396825378,0
2885,4,0,0,42,0.0,0.0,1.0,42,650,400,250,0.6153846153846154,9,4,5,357.1205136924188,0.8061362756484708,0.24254828541812112,0.23574143000634443,135754.27061899856,1296.1269718792773,137050.39759087784,2750,10,643.1666666666666,35,7,20,30.163445875907005,0.6797619047619048,39.46759259259259,1042.129629629629,29.77513227513226,0
2886,4,0,0,42,0.0,0.0,1.0,42,650,400,250,0.6153846153846154,9,4,5,353.3908773231794,0.8060394889663183,0.23934837092731898,0.23367387967493042,135814.5857445987,1199.1271219135779,137013.71286651227,2751,11,644.1666666666666,35,7,20,30.200699533644254,0.6803571428571429,39.40972222222222,1042.3611111111106,29.781746031746017,0
2887,4,0,0,42,0.0,0.0,1.0,42,1250,900,350,0.72,16,9,7,353.8142968535392,0.8051926054974835,0.2390412768881136,0.23474718811858508,135935.25618355614,1219.1674168381182,137154.42360039425,2752,12,645.1666666666666,35,7,17,30.06982981871993,0.6815476190476191,39.293981481481474,1042.8240740740732,29.79497354497352,0
2888,4,0,0,42,0.0,0.0,1.0,42,650,400,250,0.6153846153846154,9,4,5,354.13057778266375,0.8048054587688734,0.24059983514044792,0.2353558087741418,135995.61149691348,1232.0408950617204,137227.6523919752,2753,13,646.1666666666666,35,7,18,30.00166444740348,0.6821428571428572,39.23611111111111,1043.0555555555547,29.80158730158728,0
2889,4,0,0,42,0.0,0.0,1.0,42,1000,800,200,0.8,12,8,4,354.05771301851337,0.8041521486643438,0.23875287219713193,0.23590763361876554,136086.16958429787,1236.4715952932138,137322.64117959107,2754,14,647.1666666666666,35,7,18,29.91368552412646,0.6830357142857142,39.14930555555556,1043.4027777777778,29.811507936507937,0
2890,4,0,0,42,0.0,0.0,1.0,42,700,300,400,0.42857142857142855,11,3,8,354.2824344129149,0.8031358885017421,0.23840945938095803,0.23645926803118086,136146.55838745282,1246.8668284893652,137393.4252159422,2755,15,648.1666666666666,35,7,18,29.847903035007956,0.6836309523809524,39.09143518518518,1043.634259259259,29.818121693121682,0
2891,4,0,0,42,0.0,0.0,1.0,42,1050,600,450,0.5714285714285714,15,6,9,353.90297249811744,0.802918118466899,0.2388080980895353,0.23640718562874258,136176.75781250012,1238.671875000015,137415.42968750015,2756,16,649.1666666666666,35,7,18,29.82784431137725,0.6839285714285713,39.06250000000001,1043.750000000001,29.821428571428598,0
2892,4,0,0,42,0.0,0.0,1.0,42,1100,900,200,0.8181818181818182,13,9,4,356.9402313656277,0.8022648083623694,0.2449266180973504,0.23884279576542736,136237.16670953354,1325.705161179691,137562.87187071322,2757,17,650.1666666666666,35,7,18,29.688654841093864,0.6845238095238095,39.004629629629626,1043.9814814814808,29.82804232804231,0
2893,4,0,0,42,0.0,0.0,1.0,42,1000,700,300,0.7,13,7,6,359.39622000905393,0.8019260549748355,0.24632725430597802,0.24130889057750776,136358.02469135806,1401.3117283950708,137759.33641975315,2758,18,651.1666666666666,35,7,18,29.504654255319153,0.6857142857142857,38.88888888888889,1044.4444444444448,29.841269841269852,0
2894,4,0,0,42,0.0,0.0,1.0,42,1250,900,350,0.72,16,9,7,363.29253998145674,0.8011517615176151,0.2452581387007613,0.24476157096661136,136478.93625685878,1516.3558813443171,137995.2921382031,2759,19,652.1666666666666,35,7,18,29.282971496086258,0.6869047619047619,38.77314814814815,1044.907407407408,29.854497354497372,0
2895,4,0,0,42,0.0,0.0,1.0,42,900,800,100,0.8888888888888888,10,8,2,365.18360724495324,0.8005226480836237,0.24909033380794177,0.2464579950240603,136539.41213348767,1572.391010802472,138111.80314429014,2760,20,653.1666666666666,35,7,18,29.173588039867113,0.6875,38.71527777777778,1045.138888888889,29.86111111111111,0
2896,4,0,0,42,0.0,0.0,1.0,42,1350,1100,250,0.8148148148148148,16,11,5,362.7074908883304,0.8004500580720093,0.243828185541902,0.24541848428421628,136630.1510657793,1511.3558545524675,138141.50692033177,2761,21,654.1666666666666,35,7,18,29.148331119229496,0.6883928571428571,38.62847222222222,1045.4861111111109,29.87103174603174,0
2897,4,0,1,41,0.0,0.023809523809523808,0.9761904761904762,42,1250,900,350,0.72,16,9,7,361.740289836669,0.8000629113433991,0.2417947258584705,0.24539679121352445,136720.9201388891,1491.4930555555798,138212.4131944447,2762,22,655.1666666666666,36,6,19,29.083665338645424,0.6872106481481481,38.54166666666668,1045.833333333335,29.050925925925974,0
2898,4,0,0,41,0.0,0.0,1.0,41,950,800,150,0.8421052631578947,11,8,3,370.3314791408584,0.7979674796747968,0.24318960559250224,0.25057709745912937,136630.15106577944,1919.6891878858155,138549.84025366526,2763,23,669.0975609756098,35,6,20,28.949061773497174,0.688392857142857,38.62847222222223,1045.486111111112,29.871031746031772,0
2899,4,0,0,41,0.0,0.0,1.0,41,1000,800,200,0.8,12,8,4,372.53376930524917,0.7965955284552846,0.244291128170246,0.2527188543124798,136720.92013888885,1986.6620852623407,138707.58222415118,2764,24,670.0975609756098,34,7,21,28.801460823373176,0.6914828431372549,38.541666666666664,1045.833333333333,30.75980392156862,0
2900,4,0,0,41,0.0,0.0,1.0,41,750,700,50,0.9333333333333333,8,7,1,372.86745756875814,0.7954268292682927,0.24543446162727411,0.2536191344515669,136814.31405895686,2002.7210884353672,138817.03514739222,2765,25,671.0975609756098,34,7,21,28.70012137763617,0.6924019607843137,38.45238095238095,1046.190476190476,30.770308123249293,0
2901,4,0,0,41,0.0,0.0,1.0,41,1250,1100,150,0.88,14,11,3,372.8542027154853,0.7948170731707317,0.24555639116523142,0.25383544443581735,136845.45245181414,2004.6804138322068,138850.13286564636,2766,26,672.0975609756098,34,7,21,28.66959646527857,0.6927083333333333,38.42261904761905,1046.3095238095243,30.77380952380954,0
2902,4,0,0,41,0.0,0.0,1.0,41,900,800,100,0.8888888888888888,10,8,2,374.23225017119137,0.7932418699186992,0.2490778080398497,0.2559096740284182,137001.1975623583,2054.053287981863,139055.25085034018,2767,27,673.0975609756098,34,7,17,28.479171404745653,0.6942401960784312,38.273809523809526,1046.9047619047622,30.79131652661065,0
2903,4,0,0,41,0.0,0.0,1.0,41,1250,1000,250,0.8,15,10,5,373.362864139473,0.792479674796748,0.24653082952336858,0.2559994634321857,137094.6871456915,2037.2130102040678,139131.90015589556,2768,28,674.0975609756098,34,7,17,28.409306202872195,0.6951593137254902,38.1845238095238,1047.261904761904,30.80182072829129,0
2904,4,0,0,41,0.0,0.0,1.0,41,1050,800,250,0.7619047619047619,13,8,5,375.1328420305709,0.7901930894308943,0.24759935816606204,0.25813480396489874,137219.38952664396,2095.0999149659847,139314.48944160994,2769,29,675.0975609756098,34,7,18,28.239451956217096,0.6963848039215685,38.06547619047619,1047.7380952380952,30.81582633053221,0
2905,4,0,0,41,0.0,0.0,1.0,41,1000,700,300,0.7,13,7,6,377.47849267689685,0.7880589430894309,0.24133844695337392,0.26055222787210214,137326.81755829914,2167.584019204402,139494.40157750354,2770,30,676.0975609756098,35,6,19,28.07162838633687,0.6952380952380952,37.96296296296297,1048.148148148149,29.94708994708997,0
2906,4,0,0,41,0.0,0.0,1.0,41,1050,600,450,0.5714285714285714,15,6,9,375.79101966978186,0.7870934959349594,0.24310078331717766,0.25992677512077794,137398.9593478615,2126.659006979965,139525.61835484146,2771,31,677.0975609756098,36,5,19,28.04444146079485,0.6938657407407407,37.89414414414415,1048.4234234234243,29.122872872872897,0
2907,4,0,0,41,0.0,0.0,1.0,41,800,500,300,0.625,11,5,6,374.4672066018874,0.786839430894309,0.24117815015546795,0.25923153610930666,137428.4773582705,2092.4916047804627,139520.96896305095,2772,32,678.0975609756098,36,5,19,28.04993198009522,0.6941550925925926,37.865990990990994,1048.5360360360366,29.12600100100102,0
2908,4,0,0,41,0.0,0.0,1.0,41,1150,700,450,0.6086956521739131,16,7,9,368.6623222576103,0.786839430894309,0.1989080098638183,0.24017648328743332,135281.99440995054,1775.2106413846345,137057.2050513352,2773,33,679.0975609756098,36,5,17,30.333044670563616,0.6730324074074073,39.921171171171174,1040.3153153153157,28.89764764764766,5
2909,4,0,0,41,0.0,0.0,1.0,41,700,500,200,0.7142857142857143,9,5,4,367.81512256985167,0.7853150406504065,0.20504063281082963,0.2402105687397881,135369.87314595009,1758.2172966885864,137128.09044263867,2774,34,680.0975609756098,36,5,17,30.267512534718463,0.6739004629629629,39.836711711711715,1040.6531531531537,28.907032032032046,0
2910,4,0,0,41,0.0,0.0,1.0,41,1050,500,550,0.47619047619047616,16,5,11,365.39033038607806,0.7863821138211382,0.20411491359314748,0.23901647726528807,135428.4748219504,1696.8510317750288,137125.32585372543,2775,35,681.0975609756098,36,5,17,30.27223304122038,0.6744791666666665,39.78040540540541,1040.878378378379,28.913288288288307,0
2911,4,0,0,41,0.0,0.0,1.0,41,1450,1300,150,0.896551724137931,16,13,3,364.732966004463,0.7853150406504065,0.20692402251731767,0.2391717023884586,135516.4011139519,1685.4597841084433,137201.86089806035,2776,36,682.0975609756098,36,5,17,30.20179897613383,0.6753472222222221,39.69594594594595,1041.216216216217,28.922672672672693,0
2912,4,0,0,41,0.0,0.0,1.0,41,750,400,350,0.5333333333333333,11,4,7,366.3849791519498,0.7833841463414634,0.20638872478690184,0.24064831585207627,135575.0344939535,1734.5312373184147,137309.56573127193,2777,37,683.0975609756098,36,5,17,30.10042711937717,0.6759259259259258,39.63963963963965,1041.4414414414423,28.928928928928954,0
2913,4,0,0,41,0.0,0.0,1.0,41,1100,700,400,0.6363636363636364,15,7,8,365.7397360620219,0.7840955284552845,0.2039532652135858,0.24101310812292231,135692.3392987583,1725.6160721532437,137417.95537091154,2778,38,684.0975609756098,36,5,18,30.00049538838449,0.6770833333333334,39.52702702702703,1041.8918918918926,28.94144144144146,0
2914,4,0,0,41,0.0,0.0,1.0,41,1150,800,350,0.6956521739130435,15,8,7,365.7397360620219,0.7840955284552845,0.2039532652135858,0.24101310812292231,135692.3392987583,1725.6160721532437,137417.95537091154,2779,39,685.0975609756098,36,5,18,30.00049538838449,0.6770833333333334,39.52702702702703,1041.8918918918926,28.94144144144146,0
2915,4,0,1,40,0.0,0.024390243902439025,0.975609756097561,41,1400,1100,300,0.7857142857142857,17,11,6,363.6751960371986,0.7852642276422764,0.2001549423445832,0.2404412581800222,135809.69482996516,1678.123478207942,137487.8183081731,2780,40,686.0975609756098,36,5,18,29.9375630221838,0.6782407407407407,39.414414414414416,1042.3423423423428,28.953953953953967,0
2916,4,0,0,40,0.0,0.0,1.0,40,1100,700,400,0.6363636363636364,15,7,8,363.54935197952955,0.7832264957264957,0.17837005832793285,0.24075392708343957,135868.39161796926,1878.973145442734,137747.36476341198,2781,41,643.1,36,4,15,29.882489018506508,0.6788194444444444,39.358108108108105,1042.5675675675673,28.960210210210203,0
2917,4,0,0,40,0.0,0.0,1.0,40,1100,900,200,0.8181818181818182,13,9,4,362.64070101807346,0.780982905982906,0.1790965025906741,0.2413436389534076,136044.5580715852,1867.0587817547362,137911.61685333995,2782,42,644.1,36,4,15,29.731127662636734,0.6805555555555556,39.18918918918919,1043.2432432432438,28.978978978978994,0
2918,4,0,0,40,0.0,0.0,1.0,40,850,700,150,0.8235294117647058,10,7,3,364.6182869140173,0.7792735042735043,0.17836138987806183,0.24326261085904985,136132.68409879494,1927.2932138219526,138059.9773126169,2783,43,645.1,36,4,15,29.592011078738174,0.681423611111111,39.10472972972974,1043.5810810810826,28.988363363363405,0
2919,4,0,0,40,0.0,0.0,1.0,40,1200,900,300,0.75,15,9,6,364.578762559664,0.7784188034188034,0.1824371696688598,0.24404402221593147,136250.22985400967,1934.7880397289498,138185.0178937386,2784,44,646.1,36,4,16,29.4763240211412,0.6825810185185184,38.99211711711713,1044.0315315315336,29.000875875875934,0
2920,4,0,0,40,0.0,0.0,1.0,40,900,600,300,0.6666666666666666,12,6,6,362.9138719188927,0.7778846153846154,0.1786881268197993,0.24333335750570464,136309.02175401768,1893.6869724454396,138202.7087264631,2785,45,647.1,36,4,16,29.46142923900931,0.6831597222222221,38.93581081081082,1044.256756756758,29.007132132132167,0
2921,4,0,0,40,0.0,0.0,1.0,40,500,300,200,0.6,7,3,4,360.26021316322885,0.778258547008547,0.17414285714285693,0.2419560808898589,136367.8263356264,1825.5804368558006,138193.40677248218,2786,46,648.1,36,4,16,29.47237196765499,0.6837384259259258,38.87950450450452,1044.4819819819836,29.013388388388435,0
2922,4,0,0,40,0.0,0.0,1.0,40,800,500,300,0.625,11,5,6,360.26021316322885,0.778258547008547,0.17414285714285693,0.2419560808898589,136367.8263356264,1825.5804368558006,138193.40677248218,2787,47,649.1,36,4,16,29.47237196765499,0.6837384259259258,38.87950450450452,1044.4819819819836,29.013388388388435,0
2923,4,0,0,40,0.0,0.0,1.0,40,900,700,200,0.7777777777777778,11,7,4,363.12180878475726,0.7752403846153846,0.1730331932320297,0.24469188552750634,136485.47354364506,1912.170405202506,138397.64394884757,2788,48,650.1,36,4,17,29.280948018823864,0.6848958333333333,38.766891891891895,1044.9324324324327,29.025900900900908,0
2924,4,0,0,40,0.0,0.0,1.0,40,850,600,250,0.7058823529411765,11,6,5,363.12180878475726,0.7752403846153846,0.1730331932320297,0.24469188552750634,136485.47354364506,1912.170405202506,138397.64394884757,2789,49,651.1,36,4,17,29.280948018823864,0.6848958333333333,38.766891891891895,1044.9324324324327,29.025900900900908,0
2925,4,0,1,39,0.0,0.025,0.975,40,750,600,150,0.8,9,6,3,364.17990181938296,0.7750801282051282,0.17347537980821048,0.24581481227532304,136544.31617005513,1945.3391313610862,138489.6553014162,2790,50,652.1,36,4,17,29.19495025679704,0.6854745370370371,38.710585585585584,1045.1576576576572,29.032157157157144,0
2926,4,0,0,39,0.0,0.0,1.0,39,700,500,200,0.7142857142857143,9,5,4,366.4551163894438,0.7732793522267207,0.17412045319022074,0.24731612115072318,136539.41213348758,2207.1132330246774,138746.52536651227,2791,51,662.4615384615385,35,4,18,29.140365448504976,0.6875,38.71527777777777,1045.1388888888882,29.861111111111093,0
2927,4,0,0,39,0.0,0.0,1.0,39,1050,900,150,0.8571428571428571,12,9,3,367.681239623686,0.7724358974358975,0.16944929263689668,0.24921230307576886,136690.66043220574,2251.7182945387285,138942.37872674447,2792,52,663.4615384615385,35,4,18,28.95833333333333,0.6889880952380953,38.57060185185184,1045.717592592591,29.877645502645457,0
2928,4,0,0,39,0.0,0.0,1.0,39,900,600,300,0.6666666666666666,12,6,6,367.1370295709593,0.7717049032838507,0.1699867197875169,0.24905782276300184,136720.92013888876,2239.0624999999804,138959.98263888873,2793,53,664.4615384615385,35,4,18,28.942563081009286,0.6892857142857143,38.54166666666666,1045.8333333333321,29.880952380952348,0
2929,4,0,0,39,0.0,0.0,1.0,39,1150,700,450,0.6086956521739131,16,7,9,366.40318108200034,0.7710863697705803,0.16690069527772833,0.24920378884877334,136811.71935281617,2225.6498360339283,139037.3691888501,2794,54,665.4615384615385,35,4,19,28.87176402256887,0.6901785714285715,38.4548611111111,1046.180555555554,29.890873015872973,0
2930,4,0,0,39,0.0,0.0,1.0,39,1500,1300,200,0.8666666666666667,17,13,4,367.7645138937442,0.771761133603239,0.1701642665894787,0.24281594923543462,135761.36582083802,2192.936619262342,137954.30244010035,2795,55,666.4615384615385,33,6,18,29.879076513013484,0.6843434343434345,39.46078431372548,1042.156862745097,31.580510992275666,4
2931,4,0,0,39,0.0,0.0,1.0,39,950,600,350,0.631578947368421,13,6,7,367.12183496018395,0.7700179937022043,0.16746512398686364,0.24369787952505173,135953.0063557285,2182.2634323337115,138135.2697880622,2796,56,667.4615384615385,33,6,15,29.70524872698786,0.6862373737373737,39.27696078431372,1042.8921568627445,31.60279263220438,0
2932,4,0,0,39,0.0,0.0,1.0,39,950,700,250,0.7368421052631579,12,7,5,367.12183496018395,0.7693994601889339,0.16746512398686364,0.24369787952505173,135953.0063557285,2182.2634323337115,138135.2697880622,2797,57,668.4615384615385,33,6,15,29.70524872698786,0.6862373737373737,39.27696078431372,1042.8921568627445,31.60279263220438,0
2933,4,0,0,39,0.0,0.0,1.0,39,1000,700,300,0.7,13,7,6,368.0957931412722,0.7690058479532164,0.1702414725670538,0.24522438050115747,136080.8418036333,2218.1570790080787,138298.99888264138,2798,58,669.4615384615385,33,6,15,29.552795395818645,0.6875,39.154411764705884,1043.3823529411768,31.61764705882354,0
2934,4,0,0,39,0.0,0.0,1.0,39,1050,700,350,0.6666666666666666,14,7,7,365.81432326098616,0.7684997750787225,0.17111681179318539,0.2441437912923635,136144.7820549789,2160.7422625913127,138305.5243175702,2799,59,670.4615384615385,33,6,15,29.54879051197745,0.6881313131313131,39.09313725490196,1043.6274509803925,31.625074272133105,0
2935,4,0,0,39,0.0,0.0,1.0,39,850,500,350,0.5882352941176471,12,5,7,367.3201525479708,0.768387314439946,0.169944792626173,0.24559129194690857,136208.73732458672,2206.4428344867347,138415.18015907347,2800,60,671.4615384615385,33,6,15,29.445977146435,0.6887626262626263,39.03186274509804,1043.872549019608,31.632501485442667,0
2936,4,0,0,39,0.0,0.0,1.0,39,800,600,200,0.75,10,6,4,369.8222885998694,0.7679937022042286,0.17135944679660198,0.24793514721947205,136304.69838824018,2281.7031009707916,138586.40148921098,2801,61,672.4615384615385,33,6,15,29.285368501349613,0.689709595959596,38.93995098039216,1044.240196078432,31.64364230540703,0
2937,4,0,0,39,0.0,0.0,1.0,39,850,700,150,0.8235294117647058,10,7,3,372.50110745879255,0.7679374718848403,0.17366582730891045,0.25018336791735923,136368.69120350343,2359.497699202224,138728.18890270565,2802,62,673.4615384615385,33,6,16,29.151878251007076,0.6903409090909091,38.87867647058823,1044.4852941176468,31.65106951871657,0
2938,4,0,0,39,0.0,0.0,1.0,39,1200,900,300,0.75,15,9,6,372.01197655405946,0.7677125506072875,0.18093356547678163,0.250762539452685,136496.7218888168,2355.6830606016956,138852.4049494185,2803,63,674.4615384615385,33,6,17,29.03754251202065,0.6916035353535352,38.756127450980394,1044.9754901960785,31.66592394533571,0
2939,4,0,0,39,0.0,0.0,1.0,39,850,200,650,0.23529411764705882,15,2,13,371.7099568608152,0.7659131803868646,0.1838493706239046,0.251014586070142,136560.7597588668,2352.1988237697055,138912.9585826365,2804,64,675.4615384615385,33,6,18,28.981880447102043,0.6922348484848484,38.69485294117647,1045.2205882352941,31.67335115864528,0
2940,4,0,0,39,0.0,0.0,1.0,39,950,700,250,0.7368421052631579,12,7,5,372.3809369291176,0.7649010346378767,0.18109613121570778,0.2517226333467728,136596.444515306,2373.1823979591672,138969.62691326518,2805,65,676.4615384615385,34,5,18,28.92893747864708,0.6902573529411765,38.66071428571428,1045.357142857142,30.745798319327704,0
2941,4,0,0,39,0.0,0.0,1.0,39,950,700,250,0.7368421052631579,12,7,5,373.11377494166675,0.7628205128205129,0.18400853198744271,0.2533433626990552,136752.9634785899,2404.939576933709,139157.9030555236,2806,66,677.4615384615385,33,6,18,28.75451571958602,0.6941287878787878,38.5110294117647,1045.9558823529405,31.695632798573957,0
2942,4,0,0,39,0.0,0.0,1.0,39,1000,600,400,0.6,14,6,8,372.65796500014955,0.7611336032388665,0.18794208017588598,0.253496497785361,136817.06142168897,2397.193537341429,139214.2549590304,2807,67,678.4615384615385,33,6,18,28.702876693608232,0.694760101010101,38.449754901960794,1046.2009803921583,31.703060011883583,0
2943,4,0,0,39,0.0,0.0,1.0,39,1250,600,650,0.48,19,6,13,372.37850259695375,0.7596153846153847,0.1873055905842791,0.2540025888321075,136913.23649557866,2396.7091983852406,139309.9456939639,2808,68,679.4615384615385,33,6,18,28.614851678376265,0.6957070707070707,38.3578431372549,1046.5686274509808,31.714200831847904,0
2944,4,0,0,39,0.0,0.0,1.0,39,950,600,350,0.631578947368421,13,6,7,371.8275327042418,0.759952766531714,0.18572483475316548,0.2540920627487708,136977.3719843331,2386.3916522491504,139363.76363658224,2809,69,680.4615384615385,33,6,17,28.565714508702104,0.6963383838383839,38.29656862745099,1046.8137254901972,31.72162804515749,0
2945,4,0,0,39,0.0,0.0,1.0,39,600,300,300,0.5,9,3,6,370.11377441221657,0.7592780026990553,0.1833942723185389,0.25309335397986266,137001.1975623583,2341.206065759641,139342.40362811796,2810,70,681.4615384615385,34,5,17,28.586962701842165,0.6942401960784312,38.273809523809526,1046.9047619047622,30.79131652661065,0
2946,4,0,0,39,0.0,0.0,1.0,39,1200,900,300,0.75,15,9,6,367.1745733354028,0.7565227170490328,0.1812298284836691,0.2519001299554249,137114.60108292586,2268.9990301354305,139383.6001130613,2811,71,682.4615384615385,35,4,17,28.551612517036872,0.693154761904762,38.165509259259245,1047.337962962961,29.923941798941744,0
2947,4,0,1,38,0.0,0.02564102564102564,0.9743589743589743,39,950,700,250,0.7368421052631579,12,7,5,370.2701539938113,0.7546108861898336,0.1863679576737074,0.25502322597427185,137251.41685181798,2364.0206507182784,139615.43750253625,2812,72,683.4615384615385,36,3,17,28.335124485043885,0.6924189814814815,38.034909909909906,1047.86036036036,29.10723223223222,0
2948,4,0,0,38,0.0,0.0,1.0,38,900,800,100,0.8888888888888888,10,8,2,370.1093252725013,0.7522226173541963,0.17038580220010102,0.2556887993129705,137357.1475935571,2567.4322434413593,139924.57983699845,2813,73,664.3947368421053,35,3,17,28.234721762172907,0.6955357142857143,37.93402777777778,1048.263888888889,29.950396825396826,0
2949,4,0,0,38,0.0,0.0,1.0,38,900,500,400,0.5555555555555556,13,5,8,373.02779212862265,0.749407302038881,0.17286552152909973,0.25895383595808447,137524.8213392582,2660.116093413352,140184.93743267155,2814,74,665.3947368421053,37,1,17,27.992368806188583,0.6931306306306306,37.77412280701754,1048.9035087719294,28.348743480322415,0
2950,4,0,0,38,0.0,0.0,1.0,38,400,300,100,0.75,5,3,2,372.2558479036725,0.7481330014224751,0.17434863677115264,0.25906299698838103,137611.093377289,2645.306849222824,140256.40022651185,2815,75,666.3947368421053,37,1,17,27.92731302469781,0.6939752252252253,37.691885964912274,1049.2324561403498,28.35763394973918,0
2951,4,0,0,38,0.0,0.0,1.0,38,1250,1100,150,0.88,14,11,3,370.77777170459353,0.7465623518255097,0.17353245210812185,0.2586796523874907,137697.39246691298,2611.0264696829863,140308.41893659596,2816,76,667.3947368421053,37,1,17,27.880798161303794,0.6948198198198199,37.60964912280702,1049.5614035087726,28.36652441915602,0
2952,4,0,0,38,0.0,0.0,1.0,38,1200,1100,100,0.9166666666666666,13,11,2,371.9505815451247,0.7458214793741109,0.17936562867320238,0.2606017537577082,137843.75177154195,2654.3570019189583,140498.1087734609,2817,77,668.3947368421053,34,4,17,27.705428333900166,0.7025122549019607,37.470238095238095,1050.1190476190475,30.88585434173669,0
2953,4,0,0,38,0.0,0.0,1.0,38,450,300,150,0.6666666666666666,6,3,3,371.9505815451247,0.7458214793741109,0.17936562867320238,0.2606017537577082,137843.75177154195,2654.2127267573696,140497.96449829932,2818,78,669.3947368421053,34,4,17,27.705428333900166,0.7025122549019607,37.470238095238095,1050.1190476190475,30.88585434173669,0
2954,4,0,0,38,0.0,0.0,1.0,38,950,700,250,0.7368421052631579,12,7,5,373.6759655397292,0.7445175438596491,0.18266622146166345,0.26324323605899363,138031.33680555565,2715.7986111111218,140747.13541666677,2819,79,670.3947368421053,34,4,17,27.474887655300027,0.7043504901960784,37.29166666666667,1050.8333333333342,30.906862745098064,0
2955,4,0,0,38,0.0,0.0,1.0,38,1200,600,600,0.5,18,6,12,370.9733358145995,0.7446953532479849,0.1791982709167499,0.262221852856343,138146.90400216478,2649.7635620284614,140796.66756419325,2820,80,671.3947368421053,35,3,16,27.431855297442105,0.7032738095238095,37.18171296296296,1051.273148148148,30.036375661375658,0
2956,4,0,0,38,0.0,0.0,1.0,38,1100,900,200,0.8181818181818182,13,9,4,369.21850347757515,0.7448138928402086,0.1763978061250373,0.26136415215846254,138197.05843935156,2604.9822203960803,140802.04065974764,2821,81,672.3947368421053,36,2,16,27.428510228124672,0.7016782407407407,37.13400900900901,1051.4639639639643,29.207332332332342,0
2957,4,0,0,38,0.0,0.0,1.0,38,1200,900,300,0.75,15,9,6,367.347211904021,0.7432432432432432,0.1787062389435372,0.26116877120299586,138345.10819941573,2564.1379555231033,140909.24615493882,2822,82,673.3947368421053,36,2,17,27.331763362591882,0.703125,36.99324324324325,1052.0270270270278,29.222972972972993,0
2958,4,0,0,38,0.0,0.0,1.0,38,800,500,300,0.625,11,5,6,366.3099410533896,0.7424431009957326,0.17671425755399706,0.26111109070510513,138433.97610025576,2541.9483250142157,140975.92442526997,2823,83,674.3947368421053,36,2,17,27.27149099340111,0.7039930555555556,36.90878378378379,1052.3648648648657,29.23235735735738,0
2959,4,0,0,38,0.0,0.0,1.0,38,900,600,300,0.6666666666666666,12,6,6,365.5089773652955,0.740398293029872,0.1699322117874913,0.26122155354822507,138522.87253469697,2526.2706963720602,141049.14323106903,2824,84,675.3947368421053,36,2,17,27.205017115960644,0.704861111111111,36.82432432432433,1052.7027027027036,29.241741741741766,0
2960,4,0,0,38,0.0,0.0,1.0,38,450,300,150,0.6666666666666666,6,3,3,398.3339696295502,0.7407835467045993,0.1563320415051883,0.28423491731193334,138469.53125,3481.243278751725,141950.77452875173,2825,85,676.3947368421053,34,4,16,26.393837424122452,0.7086397058823529,36.875,1052.5,30.955882352941178,5
2961,4,0,0,38,0.0,0.0,1.0,38,850,600,250,0.7058823529411765,11,6,5,397.72433216508625,0.7405168326220958,0.15869813611368944,0.2845852745686102,138563.52040816328,3422.016723356007,141985.5371315193,2826,86,677.3947368421053,34,4,17,26.317041685511825,0.7095588235294118,36.785714285714285,1052.857142857143,30.96638655462185,0
2962,4,0,0,38,0.0,0.0,1.0,38,800,500,300,0.625,11,5,6,397.03263889471805,0.7403093883357041,0.16022975376725968,0.2848781635281079,138657.54145408163,3410.313917233556,142067.85537131518,2827,87,678.3947368421053,34,4,17,26.242417391959606,0.7104779411764706,36.69642857142857,1053.2142857142856,30.976890756302517,0
2963,4,0,0,38,0.0,0.0,1.0,38,750,600,150,0.8,9,6,3,398.97452331357124,0.7402204836415363,0.16330779480346425,0.286536248561565,138688.888888889,3466.666666666677,142155.55555555568,2828,88,679.3947368421053,34,4,17,26.160337552742615,0.7107843137254901,36.66666666666667,1053.3333333333342,30.98039215686277,0
2964,4,0,1,37,0.0,0.02631578947368421,0.9736842105263158,38,850,400,450,0.47058823529411764,13,4,9,398.71616556435663,0.7393018018018018,0.16451160107297325,0.28661570666766795,138720.23986678012,3462.0004251700775,142182.2402919502,2829,89,680.3947368421053,34,4,18,26.136192413455383,0.7110906862745098,36.636904761904766,1053.4523809523814,30.983893557422984,0
2965,4,0,0,37,0.0,0.0,1.0,37,700,600,100,0.8571428571428571,8,6,2,404.1510795290501,0.7376126126126126,0.16935762851518055,0.2899227360160815,138650.16610198,3807.1228613994617,142457.28896337945,2830,90,694.4324324324324,33,4,18,26.062272127841123,0.7127525252525253,36.70343137254902,1053.1862745098038,31.914735591206174,0
2966,4,0,0,37,0.0,0.0,1.0,37,1100,800,300,0.7272727272727273,14,8,6,419.5608230799788,0.7376126126126126,0.15977742448330678,0.27656764460170025,135703.69406867848,4015.740432144884,139719.43450082335,2831,91,695.4324324324324,30,7,18,28.587246302029573,0.6916666666666667,39.516129032258064,1041.9354838709678,34.73118279569893,7
2967,4,0,0,37,0.0,0.0,1.0,37,1050,700,350,0.6666666666666666,14,7,7,423.6966978314357,0.7388638638638638,0.15469008660498007,0.2801166148067167,135808.74821149855,4108.343630766575,139917.09184226513,2832,92,696.4324324324324,30,7,18,28.374435847840104,0.6927083333333333,39.41532258064517,1042.3387096774202,34.744623655914005,0
2968,4,0,0,37,0.0,0.0,1.0,37,1200,800,400,0.6666666666666666,16,8,8,422.56064204823764,0.7371121121121121,0.15662369419296884,0.2804660412020765,135948.88363177824,4089.3295106370697,140038.2131424153,2833,93,697.4324324324324,30,7,18,28.263951540146934,0.6940972222222221,39.280913978494624,1042.8763440860214,34.76254480286738,0
2969,4,0,0,37,0.0,0.0,1.0,37,950,500,450,0.5263157894736842,14,5,9,420.7799477976077,0.7342342342342342,0.15201648672258905,0.28027512233601287,136074.84817504897,4051.5135023329153,140126.36167738188,2834,94,698.4324324324324,31,6,18,28.18453866633387,0.692540322580645,39.16015625000001,1043.3593750000011,33.6567540322581,0
2970,4,0,0,37,0.0,0.0,1.0,37,1000,700,300,0.7,13,7,6,417.9310638045218,0.7323573573573573,0.15159267011118915,0.2799823893607737,136278.70559692383,3991.020880805122,140269.72647772895,2835,95,699.4324324324324,31,6,18,28.0553736958058,0.6945564516129032,38.96484375,1044.140625,33.68195564516129,0
2971,4,0,0,37,0.0,0.0,1.0,37,650,500,150,0.7692307692307693,8,5,3,405.62320910258404,0.7323573573573573,0.11118392670726074,0.25666535675442664,134223.48684126645,3488.8322938986157,137712.31913516507,2836,96,700.4324324324324,32,5,14,30.432608342471873,0.6715494791666665,40.94065656565658,1036.2373737373757,32.38241792929299,5
2972,4,0,0,37,0.0,0.0,1.0,37,800,500,300,0.625,11,5,6,409.1330876929861,0.7314814814814815,0.10878633536691762,0.2593493063221412,134288.9138385116,3588.4075923375462,137877.32143084914,2837,97,701.4324324324324,32,5,14,30.27596743411702,0.6722005208333333,40.87752525252527,1036.489898989901,32.3903093434344,0
2973,4,0,1,36,0.0,0.02702702702702703,0.972972972972973,37,950,700,250,0.7368421052631579,12,7,5,409.22563822204665,0.7324824824824825,0.10694510564471527,0.2596878975033983,134328.37017313085,3594.122603085389,137922.49277621624,2838,98,702.4324324324324,33,4,14,30.233947078062815,0.6701388888888887,40.839460784313744,1036.6421568627477,31.413398692810535,0
2974,4,0,0,36,0.0,0.0,1.0,36,800,600,200,0.75,10,6,4,407.32539857764226,0.731117724867725,0.10766801895834166,0.25938260708522143,134455.4396896629,3753.423112504839,138208.8628021677,2839,99,712.9722222222222,33,3,14,30.155653038717553,0.671401515151515,40.7169117647059,1037.1323529411786,31.428253119429655,0
2975,4,0,0,36,0.0,0.0,1.0,36,1250,900,350,0.72,16,9,7,408.278718986853,0.730654761904762,0.10974585171182527,0.2602161955952354,134487.21645520968,3781.6536908881376,138268.87014609782,2840,100,713.9722222222222,33,3,14,30.099046943919348,0.6717171717171716,40.68627450980393,1037.2549019607854,31.431966726084408,0
2976,4,0,0,36,0.0,0.0,1.0,36,850,700,150,0.8235294117647058,10,7,3,408.2538537300839,0.7307539682539683,0.10892236004462852,0.26042719456105223,134518.9969753221,3783.5797830161637,138302.57675833828,2841,101,714.9722222222222,33,3,14,30.06780370151605,0.6720328282828282,40.65563725490197,1037.3774509803932,31.43568033273919,0
2977,4,1,1,36,0.02702702702702703,0.02702702702702703,0.972972972972973,37,1100,600,500,0.5454545454545454,16,6,10,398.3646918435406,0.73755005005005,0.0952469051135405,0.25590174632223844,134773.3763005818,3337.794658304534,138111.17095888633,2842,0,696.6216216216217,33,4,16,30.06941166056887,0.6745580808080807,40.41053921568629,1038.357843137257,31.465389185977486,0
2978,4,0,0,36,0.0,0.0,1.0,36,700,600,100,0.8571428571428571,8,6,2,410.5833436820543,0.7293320105820106,0.1068030382894758,0.2630869577872308,134681.8106092492,3859.6216266197557,138541.43223586894,2843,103,716.9722222222222,32,4,17,29.844047763856803,0.6761067708333333,40.498737373737384,1038.0050505050517,32.437657828282866,0
2979,4,0,0,36,0.0,0.0,1.0,36,900,800,100,0.8888888888888888,10,8,2,396.32063835996865,0.7299272486772487,0.0908725819732985,0.25625413781154016,135009.66299676072,3501.4231647281076,138511.0861614888,2844,104,717.9722222222222,32,4,15,29.886000080994602,0.6793619791666665,40.18308080808082,1039.2676767676783,32.477114898989946,2
2980,4,0,0,36,0.0,0.0,1.0,36,700,500,200,0.7142857142857143,9,5,4,397.0832262687379,0.7289351851851852,0.09290187187065624,0.2572137058906784,135075.28130101535,3527.2256976329095,138602.50699864826,2845,105,718.9722222222222,32,4,15,29.80054860520669,0.6800130208333333,40.1199494949495,1039.520202020203,32.48500631313134,0
2981,4,0,0,36,0.0,0.0,1.0,36,600,300,300,0.5,9,3,6,395.85461329355905,0.7286044973544974,0.09236782150993772,0.25721456725950587,135187.25520232623,3502.8997260669184,138690.15492839314,2846,106,719.9722222222222,33,3,15,29.72052007227591,0.6786616161616161,40.012254901960794,1039.9509803921583,31.513666072489645,0
2982,4,0,0,36,0.0,0.0,1.0,36,700,400,300,0.5714285714285714,10,4,6,397.29870900516187,0.7293320105820106,0.09037595559744482,0.25860977316225586,135250.98519800094,3547.008362168416,138797.99356016936,2847,107,720.9722222222222,33,3,15,29.619266415331452,0.6792929292929293,39.95098039215687,1040.1960784313737,31.521093285799203,0
2983,4,0,0,36,0.0,0.0,1.0,36,1000,600,400,0.6,14,6,8,401.58934296706013,0.728670634920635,0.09127731972254938,0.2618658618886592,135314.73021193786,3668.1907199154334,138982.9209318533,2848,108,721.9722222222222,33,3,15,29.44395367098548,0.6799242424242424,39.88970588235295,1040.4411764705892,31.528520499108765,0
2984,4,0,0,36,0.0,0.0,1.0,36,1150,1000,150,0.8695652173913043,13,10,3,402.99198165283394,0.7276785714285715,0.0937459121471369,0.26371447551303334,135442.2652945983,3716.4293781238116,139158.6946727221,2849,109,722.9722222222222,33,3,16,29.27998194804177,0.6811868686868687,39.767156862745104,1040.9313725490201,31.543374925727882,0
2985,4,0,0,36,0.0,0.0,1.0,36,1000,900,100,0.9,11,9,2,401.3919478225713,0.7268187830687831,0.09308955848503886,0.2631347213503522,135506.05536332176,3678.207900807376,139184.26326412914,2850,110,723.9722222222222,33,3,16,29.257886064030142,0.6818181818181819,39.705882352941174,1041.176470588235,31.550802139037422,0
2986,4,0,0,36,0.0,0.0,1.0,36,650,400,250,0.6153846153846154,9,4,5,401.32252015944897,0.7258928571428572,0.09721731968466862,0.26379273772893713,135601.76862564884,3684.0087045847818,139285.77733023363,2851,111,724.9722222222222,33,3,17,29.16409283445111,0.6827651515151516,39.6139705882353,1041.5441176470592,31.561942959001794,0
2987,4,0,0,36,0.0,0.0,1.0,36,950,700,250,0.7368421052631579,12,7,5,399.0980079977088,0.7246693121693122,0.0931356708138098,0.2630476646962533,135699.4503111926,3631.479815681752,139330.93012687436,2852,112,725.9722222222222,32,4,18,29.12450517046373,0.6861979166666667,39.520202020202014,1041.919191919191,32.55997474747472,0
2988,4,0,0,36,0.0,0.0,1.0,36,1500,1100,400,0.7333333333333333,19,11,8,398.26550285329927,0.7234126984126985,0.09092274734174599,0.26342506743935934,135825.2309808726,3618.90078335254,139444.13176422517,2853,113,726.9722222222222,33,3,19,29.020691276745826,0.6849747474747476,39.39950980392156,1042.4019607843127,31.587938205585232,0
2989,4,0,0,36,0.0,0.0,1.0,36,1000,600,400,0.6,14,6,8,399.95322856620623,0.7224867724867725,0.08715979731494539,0.26501573743312123,135889.1111591693,3669.857747020343,139558.96890618964,2854,114,727.9722222222222,33,3,13,28.91298385832941,0.6856060606060608,39.33823529411763,1042.6470588235272,31.595365418894765,0
2990,4,0,1,35,0.0,0.027777777777777776,0.9722222222222222,36,1450,1200,250,0.8275862068965517,17,12,5,403.012656476899,0.7201719576719577,0.08245210290742655,0.2681548905624193,136037.00573979577,3764.927012471636,139801.9327522674,2855,115,728.9722222222222,34,2,14,28.685714557419445,0.6847426470588236,39.19642857142856,1043.2142857142844,30.68277310924366,0
2991,4,0,0,35,0.0,0.0,1.0,35,1000,700,300,0.7,13,7,6,408.4735780705587,0.7166666666666666,0.09280762710441914,0.27139099320519305,135984.95958585624,4109.252601162992,140094.21218701923,2856,116,745.1714285714286,33,2,15,28.595224807112352,0.6865530303030305,39.246323529411754,1043.0147058823518,31.606506238859144,0
2992,4,0,0,35,0.0,0.0,1.0,35,600,400,200,0.6666666666666666,8,4,4,408.4735780705587,0.7166666666666666,0.09280762710441914,0.27139099320519305,135984.95958585624,4109.252601162992,140094.21218701923,2857,117,746.1714285714286,33,2,15,28.595224807112352,0.6865530303030305,39.246323529411754,1043.0147058823518,31.606506238859144,0
2993,4,0,0,35,0.0,0.0,1.0,35,750,400,350,0.5333333333333333,11,4,7,410.0578258921148,0.7175770308123249,0.09202060713866222,0.2729337194542274,136048.8773098085,4157.58136894461,140206.45867875312,2858,118,747.1714285714286,33,2,15,28.49012784369004,0.6871843434343435,39.18504901960783,1043.259803921567,31.6139334521687,0
2994,4,0,0,35,0.0,0.0,1.0,35,650,500,150,0.7692307692307693,8,5,3,405.264592296473,0.7183473389355742,0.08536887382690317,0.2708353616810574,136192.29024943293,4038.7825963718597,140231.0728458048,2859,119,748.1714285714286,34,1,15,28.472143020072984,0.6862745098039217,39.04761904761904,1043.8095238095225,30.70028011204478,0
2995,4,0,0,35,0.0,0.0,1.0,35,1000,600,400,0.6,14,6,8,385.63738232252933,0.7184173669467787,0.09119616596638691,0.24393806509704172,134211.33786848065,3352.405753968248,137563.7436224489,2860,120,749.1714285714286,34,1,15,30.962536381740197,0.6666666666666667,40.95238095238095,1036.1904761904757,30.47619047619046,3
2996,4,0,0,35,0.0,0.0,1.0,35,1250,1000,250,0.8,15,10,5,389.56815816857426,0.7181372549019608,0.09308755760368692,0.24153225806451625,133472.22222222228,3399.305555555565,136871.52777777784,2861,121,750.1714285714286,35,0,17,31.60282258064516,0.657142857142857,41.66666666666667,1033.333333333334,29.52380952380954,1
2997,4,0,0,35,0.0,0.0,1.0,35,850,400,450,0.47058823529411764,13,4,9,387.9107193894654,0.7170868347338935,0.08729785498344467,0.24108772685228375,133561.9363667053,3362.021363811735,136923.95773051705,2862,122,751.1714285714286,35,0,17,31.55546691299967,0.6580357142857143,41.579861111111114,1033.6805555555559,29.53373015873017,0
2998,4,1,1,35,0.027777777777777776,0.027777777777777776,0.9722222222222222,36,500,300,200,0.6,7,3,4,380.0590831006862,0.7307870370370371,0.08023044819452019,0.2373108550836034,133734.17494775186,2965.377581973875,136699.55252972574,2863,0,731.2777777777778,36,0,17,31.585465432770825,0.6576967592592593,41.41328828828829,1034.3468468468473,28.73185685685687,0
2999,4,0,0,35,0.0,0.0,1.0,35,950,600,350,0.631578947368421,13,6,7,387.8470668438251,0.7183473389355742,0.08426572867535342,0.24182927719815636,133681.60211173288,3369.6034540037926,137051.20556573666,2864,124,753.1714285714286,35,0,17,31.43688211154635,0.6592261904761904,41.46412037037038,1034.14351851852,29.546957671957717,0
3000,4,0,0,35,0.0,0.0,1.0,35,1250,900,350,0.72,16,9,7,388.2698348950307,0.7184873949579832,0.09137231083975283,0.24268222267774736,133771.38658479086,3387.8788365912246,137159.2654213821,2865,125,754.1714285714286,35,0,17,31.335776087118656,0.6601190476190476,41.37731481481482,1034.4907407407413,29.556878306878325,0
3001,4,1,1,35,0.027777777777777776,0.027777777777777776,0.9722222222222222,36,500,200,300,0.4,8,2,6,381.51897400812123,0.7310846560846561,0.08719454716844299,0.2399237651867765,133996.38447569215,3024.4326251927823,137020.81710088492,2866,0,734.1944444444445,36,0,17,31.284669349575807,0.6603009259259258,41.15990990990992,1035.3603603603622,28.76001001001006,0
3002,4,0,0,35,0.0,0.0,1.0,35,600,200,400,0.3333333333333333,10,2,8,408.9770598919341,0.7175770308123249,0.13654379011609552,0.24532600367302607,132235.6216840117,3845.9769734787433,136081.59865749045,2867,127,756.1714285714286,32,3,18,32.349977494066614,0.6516927083333335,42.866161616161605,1028.5353535353524,32.141729797979764,5
3003,4,0,0,35,0.0,0.0,1.0,35,1100,600,500,0.5454545454545454,16,6,10,411.09428922157446,0.7185574229691877,0.13350630226320503,0.24723301570971273,132333.0388002498,3880.271305223936,136213.31010547373,2868,128,757.1714285714286,32,3,18,32.196946455597825,0.6526692708333335,42.771464646464636,1028.9141414141402,32.15356691919188,0
3004,4,0,0,35,0.0,0.0,1.0,35,900,700,200,0.7777777777777778,11,7,4,410.685836877564,0.7175770308123249,0.12956354075372456,0.2472001159935116,132365.5191434548,3872.1288006325885,136237.64794408737,2869,129,758.1714285714286,32,3,19,32.174591002044984,0.6529947916666667,42.73989898989899,1029.0404040404042,32.15751262626263,0
3005,4,0,0,35,0.0,0.0,1.0,35,700,500,200,0.7142857142857143,9,5,4,410.49427896463754,0.717296918767507,0.1339408383569325,0.24751104749406255,132430.49178655236,3872.391847770632,136302.883634323,2870,130,759.1714285714286,32,3,19,32.11379620543015,0.6536458333333334,42.676767676767675,1029.292929292929,32.165404040404034,0
3006,4,0,0,35,0.0,0.0,1.0,35,700,500,200,0.7142857142857143,9,5,4,407.3695598891745,0.7160364145658262,0.13922090660688013,0.2464767159092066,132560.48489949995,3800.2212784409635,136360.7061779409,2871,131,760.1714285714286,32,3,19,32.06279630537846,0.6549479166666667,42.550505050505045,1029.797979797979,32.181186868686844,0
3007,4,1,0,36,0.027777777777777776,0.0,1.0,36,750,700,50,0.9333333333333333,8,7,1,401.161115053301,0.7253637566137566,0.14698386287404608,0.24494699724662355,132902.97752066504,3463.1013312187492,136366.0788518838,2872,0,740.0277777777778,33,3,18,31.87693130496791,0.6559343434343434,42.218137254901954,1031.1274509803914,31.246286393345194,0
3008,4,0,0,36,0.0,0.0,1.0,36,800,500,300,0.625,11,5,6,405.59603664121073,0.7256283068783069,0.14288825532588922,0.24849399100769354,133029.3712153978,3591.237144367533,136620.60835976535,2873,1,741.0277777777778,33,3,19,31.63508751088935,0.6571969696969697,42.09558823529411,1031.6176470588225,31.261140819964318,0
3009,4,0,0,36,0.0,0.0,1.0,36,900,700,200,0.7777777777777778,11,7,4,405.9529945008949,0.7227182539682541,0.1426093036755589,0.24955738099901714,133155.82498317945,3611.0011774317486,136766.8261606112,2874,2,742.0277777777778,33,3,19,31.498357476450558,0.658459595959596,41.97303921568627,1032.1078431372543,31.275995246583467,0
3010,4,0,0,36,0.0,0.0,1.0,36,1200,800,400,0.6666666666666666,16,8,8,405.17440366471624,0.7224867724867725,0.14098557375319754,0.24992675880519022,133282.33882401,3600.518430411383,136882.85725442137,2875,3,743.0277777777778,33,3,19,31.39093282696416,0.6597222222222222,41.85049019607843,1032.5980392156864,31.29084967320262,0
3011,4,0,0,36,0.0,0.0,1.0,36,1150,900,250,0.782608695652174,14,9,5,402.2852836016359,0.7218253968253969,0.14342403628117895,0.24856747582071773,133345.61827181865,3528.5959727028217,136874.21424452146,2876,4,744.0277777777778,33,3,19,31.401775826609718,0.6603535353535352,41.78921568627452,1032.843137254903,31.298276886512213,0
3012,4,0,0,36,0.0,0.0,1.0,36,800,400,400,0.5,12,4,8,402.54198350516856,0.7204034391534392,0.14167556029882622,0.24978929704923386,133503.8825962371,3548.1835411860907,137052.0661374232,2877,5,745.0277777777778,33,3,19,31.235794893078783,0.6619318181818181,41.63602941176471,1033.4558823529417,31.31684491978611,0
3013,4,0,0,36,0.0,0.0,1.0,36,350,100,250,0.2857142857142857,6,1,5,402.54198350516856,0.7204034391534392,0.14167556029882622,0.24978929704923386,133503.8825962371,3548.1835411860907,137052.0661374232,2878,6,746.0277777777778,33,3,19,31.235794893078783,0.6619318181818181,41.63602941176471,1033.4558823529417,31.31684491978611,0
3014,4,0,0,36,0.0,0.0,1.0,36,950,700,250,0.7368421052631579,12,7,5,402.38261770042834,0.719675925925926,0.14174701016806268,0.250331840923364,133598.8862456749,3551.573913879297,137150.46015955418,2879,7,747.0277777777778,33,3,19,31.14430219693378,0.6628787878787878,41.54411764705883,1033.823529411766,31.327985739750485,0
3015,4,1,1,36,0.02702702702702703,0.02702702702702703,0.972972972972973,37,700,600,100,0.8571428571428571,8,6,2,396.2956506664905,0.7303553553553553,0.13017504905665067,0.24796295895914103,133810.73022959186,3205.7220804988683,137016.45231009074,2880,0,727.8108108108108,34,3,17,31.08867410731408,0.6626838235294117,41.339285714285715,1034.6428571428573,30.430672268907568,0
3016,4,0,0,36,0.0,0.0,1.0,36,500,300,200,0.6,7,3,4,404.9082302256878,0.7204365079365079,0.13938274531494899,0.2521188736836997,133630.56163795176,3621.6228433775505,137252.1844813293,2881,9,749.0277777777778,33,3,19,31.047148472995946,0.6631944444444444,41.513480392156865,1033.9460784313726,31.33169934640523,0
3017,4,0,0,36,0.0,0.0,1.0,36,1250,1000,250,0.8,15,10,5,404.9538420071425,0.7215277777777779,0.13878357030015742,0.2527966291819738,133725.61034217622,3630.539936562875,137356.1502787391,2882,10,750.0277777777778,33,3,18,30.950335703001578,0.6641414141414141,41.42156862745099,1034.3137254901972,31.342840166369612,0
3018,4,0,0,36,0.0,0.0,1.0,36,600,300,300,0.5,9,3,6,404.71877141407924,0.7197420634920635,0.13853352286188092,0.25308413839093774,133788.99491782018,3629.3835303729466,137418.37844819314,2883,11,751.0277777777778,33,3,18,30.892659717286573,0.6647727272727272,41.360294117647065,1034.5588235294126,31.35026737967917,0
3019,4,0,0,36,0.0,0.0,1.0,36,750,500,250,0.6666666666666666,10,5,5,406.5621559206106,0.7210317460317461,0.13860601276231832,0.25489364563842287,133884.09994052764,3686.4416630622795,137570.54160358993,2884,12,752.0277777777778,33,3,18,30.74933392539965,0.665719696969697,41.268382352941174,1034.926470588235,31.36140819964348,0
3020,4,0,0,36,0.0,0.0,1.0,36,850,500,350,0.5882352941176471,12,5,7,408.17255242960965,0.7214285714285715,0.138132538836931,0.25634450188646196,133947.52206182727,3734.7403943195,137682.26245614677,2885,13,753.0277777777778,33,3,19,30.643892308906512,0.6663510101010102,41.20710784313726,1035.1715686274515,31.368835412953075,0
3021,4,0,0,36,0.0,0.0,1.0,36,800,500,300,0.625,11,5,6,410.511676762018,0.7200066137566138,0.1386522024983563,0.25848164445894584,134042.6834030181,3805.2173442906615,137847.90074730877,2886,14,754.0277777777778,33,3,19,30.48767258382643,0.6672979797979798,41.115196078431374,1035.539215686275,31.37997623291742,0
3022,4,0,0,36,0.0,0.0,1.0,36,300,200,100,0.6666666666666666,4,2,2,411.27102144135864,0.7196428571428571,0.14232700929541564,0.25918354975398394,134074.41135921294,3828.1840217704903,137902.59538098343,2887,15,755.0277777777778,33,3,19,30.436117027570706,0.6676136363636362,41.08455882352942,1035.6617647058833,31.383689839572224,0
3023,4,0,0,36,0.0,0.0,1.0,36,1050,800,250,0.7619047619047619,13,8,5,411.14136665296576,0.7180224867724868,0.14028878636118658,0.25955025932169684,134137.87853529895,3829.9261401864665,137967.80467548541,2888,16,756.0277777777778,33,3,19,30.37568023187034,0.6682449494949495,41.02328431372549,1035.9068627450981,31.39111705288176,0
3024,4,0,0,36,0.0,0.0,1.0,36,650,500,150,0.7692307692307693,8,5,3,412.65196925662957,0.7177248677248678,0.1390202880269109,0.2611815158708129,134233.1074586698,3878.3112264513757,138111.41868512117,2889,17,757.0277777777778,33,3,19,30.2408546199937,0.6691919191919191,40.93137254901961,1036.274509803922,31.40225787284612,0
3025,4,0,0,36,0.0,0.0,1.0,36,1050,900,150,0.8571428571428571,12,9,3,410.1949668394162,0.7174933862433863,0.13373330180872456,0.2603030175914946,134328.3701731306,3820.1642697520265,138148.5344428826,2890,18,758.0277777777778,33,3,19,30.208825905347364,0.6701388888888888,40.83946078431373,1036.6421568627454,31.413398692810468,0
3026,4,0,0,36,0.0,0.0,1.0,36,1050,900,150,0.8571428571428571,12,9,3,410.55344036442034,0.7153439153439154,0.1310048971339295,0.2614382066067787,134455.43968966266,3840.228668060365,138295.668357723,2891,19,759.0277777777778,33,3,19,30.07195537437473,0.6714015151515151,40.716911764705884,1037.1323529411766,31.428253119429595,0
3027,4,0,0,36,0.0,0.0,1.0,36,1150,800,350,0.6956521739130435,15,8,7,411.3998240398337,0.7137235449735451,0.13073304200622005,0.26289224982228443,134582.56927924344,3873.4490640618833,138456.01834330533,2892,20,760.0277777777778,33,3,20,29.922419392937286,0.6726641414141415,40.59436274509803,1037.6225490196068,31.44310754604869,0
3028,4,0,0,36,0.0,0.0,1.0,36,800,600,200,0.75,10,6,4,411.52815200255407,0.7140211640211641,0.12969303423848877,0.2636644060107132,134677.95589436736,3884.754060938082,138562.70995530544,2893,21,761.0277777777778,33,3,20,29.82339630066903,0.6736111111111112,40.50245098039215,1037.99019607843,31.45424836601303,0
3029,4,1,1,36,0.02702702702702703,0.02702702702702703,0.972972972972973,37,1250,1000,250,0.8,15,10,5,404.8272389420257,0.7258508508508509,0.1287414118208028,0.261564542466687,134983.4201388888,3528.993055555546,138512.41319444432,2894,0,741.4324324324324,34,3,18,29.691259021651973,0.6743259803921569,40.20833333333333,1039.1666666666658,30.563725490196052,0
3030,4,0,0,36,0.0,0.0,1.0,36,750,700,50,0.9333333333333333,8,7,1,414.27393714200394,0.7137896825396826,0.13863329532198243,0.267057046779678,134900.6560727844,3977.1651828623476,138877.82125564673,2895,23,763.0277777777778,33,3,18,29.52879851362511,0.6758207070707072,40.287990196078425,1038.8480392156855,31.48024361259653,0
3031,4,0,0,36,0.0,0.0,1.0,36,600,300,300,0.5,9,3,6,417.32266820932745,0.7146825396825397,0.14093291404612174,0.2697329440865163,134996.1553248749,4067.3911476355092,139063.5464725104,2896,24,764.0277777777778,33,3,18,29.35387185534592,0.6767676767676768,40.19607843137254,1039.2156862745087,31.49138443256087,0
3032,4,0,0,36,0.0,0.0,1.0,36,900,500,400,0.5555555555555556,13,5,8,415.9833373373557,0.713425925925926,0.13979276376116778,0.2693412723126298,135059.8402657631,4036.528618800458,139096.36888456356,2897,25,765.0277777777778,33,3,18,29.324844769315405,0.6773989898989898,40.134803921568626,1039.460784313725,31.498811645870457,0
3033,4,0,0,36,0.0,0.0,1.0,36,1000,600,400,0.6,14,6,8,414.5992495256576,0.7130291005291006,0.07704440916676836,0.25818655926734696,133635.36126734526,3936.561631947212,137571.92289929246,2898,26,766.0277777777778,32,4,17,30.791814222330764,0.6656901041666666,41.50883838383839,1033.964646464647,32.31139520202022,6
3034,4,0,1,35,0.0,0.027777777777777776,0.9722222222222222,36,650,500,150,0.7692307692307693,8,5,3,413.43420743942266,0.7124007936507937,0.07358805338541674,0.2581442856207128,133733.2925211714,3857.9835603509964,137591.27608152237,2899,27,767.0277777777778,32,4,15,30.723317464192725,0.6666666666666666,41.41414141414142,1034.3434343434349,32.32323232323234,0
3035,4,0,0,35,0.0,0.0,1.0,35,700,500,200,0.7142857142857143,9,5,4,419.6527336894895,0.7086834733893557,0.08026611525667526,0.26232423046129005,133775.12825859923,4227.819654676661,138002.9479132759,2900,28,783.1428571428571,31,4,15,30.520374449339194,0.6696908602150538,41.37369791666667,1034.505208333334,33.37113575268819,0
3036,4,0,0,35,0.0,0.0,1.0,35,550,400,150,0.7272727272727273,7,4,3,419.3946655748731,0.7079831932773109,0.07322799259379065,0.2626421912784491,133842.4873352053,4226.565043131543,138069.05237833684,2901,29,784.1428571428571,31,4,15,30.459214168868748,0.6703629032258063,41.308593750000014,1034.7656250000018,33.37953629032264,0
3037,4,0,0,35,0.0,0.0,1.0,35,1100,800,300,0.7272727272727273,14,8,6,418.12266496183247,0.7080532212885153,0.06849379077332296,0.2623249458391167,133909.8633660212,4198.149787055144,138108.01315307635,2902,30,785.1428571428571,31,4,15,30.42429341216925,0.671034946236559,41.24348958333334,1035.0260416666679,33.38793682795703,0
3038,4,0,0,35,0.0,0.0,1.0,35,600,500,100,0.8333333333333334,7,5,2,418.03577288280036,0.7076330532212884,0.0663425853327062,0.2626417855836079,133961.93827479353,4200.176480716274,138162.1147555098,2903,31,786.1428571428571,32,3,15,30.37413099158435,0.6689453125,41.19318181818183,1035.2272727272739,32.35085227272731,0
3039,4,0,0,35,0.0,0.0,1.0,35,1000,800,200,0.8,12,8,4,414.36320431537797,0.7071428571428571,0.069783233220162,0.26172825953869744,134158.07578627198,4118.034033517014,138276.10981978898,2904,32,787.1428571428571,32,3,16,30.271937842778797,0.6708984375,41.00378787878789,1035.9848484848499,32.37452651515156,0
3040,4,0,0,35,0.0,0.0,1.0,35,900,700,200,0.7777777777777778,11,7,4,417.56705054546677,0.7052521008403361,0.06885964912280684,0.26445913201212906,134256.19834710754,4212.192952249782,138468.39129935732,2905,33,788.1428571428571,32,3,17,30.090308235867447,0.671875,40.909090909090914,1036.3636363636372,32.38636363636366,0
3041,4,0,0,35,0.0,0.0,1.0,35,900,700,200,0.7777777777777778,11,7,4,419.6447573306404,0.7062324929971988,0.07168603437478249,0.2667277668110853,134387.0842260995,4278.967069686784,138666.0512957863,2906,34,789.1428571428571,32,3,18,29.904915570709534,0.6731770833333333,40.78282828282829,1036.868686868688,32.4021464646465,0
3042,4,0,0,35,0.0,0.0,1.0,35,550,400,150,0.7272727272727273,7,4,3,422.0741974675599,0.705672268907563,0.07573828654909742,0.2687532913177162,134452.55107897165,4349.790518824624,138802.34159779627,2907,35,790.1428571428571,32,3,18,29.77614438763086,0.673828125,40.719696969696976,1037.1212121212131,32.41003787878791,0
3043,4,0,1,34,0.0,0.02857142857142857,0.9714285714285714,35,600,300,300,0.5,9,3,6,422.20235008234295,0.7052521008403361,0.07473918486576725,0.269317896605321,134518.0338740947,4358.7660060198195,138876.7998801145,2908,36,791.1428571428571,32,3,18,29.70702491074327,0.6744791666666665,40.65656565656567,1037.373737373739,32.417929292929344,0
3044,4,0,0,34,0.0,0.0,1.0,34,700,300,400,0.42857142857142855,11,3,8,432.64092078928155,0.7040626856803328,0.0762933421956351,0.2754584279845427,134449.48196411136,4833.669535319012,139283.15149943036,2909,37,804.0588235294117,31,3,18,29.505257376020086,0.6764112903225806,40.72265625,1037.1093750000002,33.45514112903226,0
3045,4,0,0,34,0.0,0.0,1.0,34,850,600,250,0.7058823529411765,11,6,5,450.100360392848,0.7040626856803328,0.061911744781912414,0.26387535822554525,131363.71768904332,5035.755788544095,136399.47347758742,2910,38,805.0588235294117,29,5,18,32.17989319423746,0.6512212643678161,43.715277777777786,1025.1388888888898,35.34961685823758,4
3046,4,1,1,34,0.02857142857142857,0.02857142857142857,0.9714285714285714,35,750,600,150,0.8,9,6,3,439.01123742534554,0.7182773109243697,0.056192596195215216,0.2597001409928244,131707.26249060576,4564.193656781122,136271.4561473869,2911,0,783.0285714285715,30,5,17,32.1144864912051,0.6517361111111111,43.38037634408602,1026.4784946236553,34.21594982078851,0
3047,4,1,0,35,0.02857142857142857,0.0,1.0,35,1150,700,450,0.6086956521739131,16,7,9,441.68048418220235,0.7156862745098038,0.05598377281947298,0.26234756470099463,131862.52170138876,4648.220486111093,136510.74218749985,2912,0,784.0,31,4,19,31.88810006761324,0.6505376344086022,43.22916666666666,1027.0833333333321,33.131720430107485,0
3048,4,0,0,35,0.0,0.0,1.0,35,600,300,300,0.5,9,3,6,442.46699906892576,0.7151960784313725,0.05621576064053935,0.2631514257620452,131911.15702479327,4673.266758494014,136584.4237832873,2913,1,785.0,32,3,19,31.818461160275316,0.6484375,43.18181818181817,1027.2727272727263,32.1022727272727,0
3049,4,1,0,36,0.027777777777777776,0.0,1.0,36,1150,700,450,0.6086956521739131,16,7,9,435.8464311767466,0.7222552910052911,0.061509591326104784,0.2614767045651491,132240.39619677537,4327.300947952723,136567.6971447281,2914,0,764.1666666666666,33,3,20,31.65423070812979,0.6493055555555556,42.86151960784314,1028.5539215686283,31.168300653594798,0
3050,4,0,0,36,0.0,0.0,1.0,36,850,700,150,0.8235294117647058,10,7,3,437.18270525609285,0.7217592592592593,0.05552908792546707,0.26293595940760434,132334.94929834688,4370.910226835842,136705.85952518272,2915,1,765.1666666666666,33,3,20,31.523939971414965,0.6502525252525253,42.76960784313726,1028.9215686274515,31.179441473559137,0
3051,4,0,1,35,0.0,0.027777777777777776,0.9722222222222222,36,650,300,350,0.46153846153846156,10,3,7,391.9561386704735,0.7225198412698414,-0.020579957135848703,0.22884494772035907,131206.12953514734,3085.409580498853,134291.53911564618,2916,2,766.1666666666666,34,2,18,33.829837710124714,0.6366421568627452,43.86904761904761,1024.523809523809,30.1330532212885,7
3052,4,1,0,36,0.027777777777777776,0.0,1.0,36,1200,900,300,0.75,15,9,6,385.2808933646163,0.7208664021164022,0.008570685928479316,0.22642919073136109,131457.5760764206,2929.7318487388625,134387.30792515946,2917,0,767.0277777777778,32,4,19,33.74604982352458,0.6438802083333335,43.62373737373736,1025.5050505050492,32.04703282828279,0
3053,4,0,0,36,0.0,0.0,1.0,36,700,400,300,0.5714285714285714,10,4,6,384.6656054844842,0.7200727513227514,0.0046583850931680715,0.22679017247296496,131579.47063629376,2922.819348327572,134502.28998462134,2918,1,768.0277777777778,33,3,16,33.638417741678616,0.6426767676767677,43.504901960784316,1025.980392156863,31.090314913844335,0
3054,4,0,0,36,0.0,0.0,1.0,36,950,700,250,0.7368421052631579,12,7,5,386.12526210045786,0.7197089947089947,0.005314067351325669,0.22802630076369781,131642.3445910227,2966.0869617454855,134608.4315527682,2919,2,769.0277777777778,33,3,16,33.537337791577116,0.6433080808080808,43.443627450980394,1026.2254901960785,31.097742127153893,0
3055,4,0,1,35,0.0,0.027777777777777776,0.9722222222222222,36,1000,800,200,0.8,12,8,4,389.0609030573078,0.7211309523809525,0.006409746262916016,0.23032955370396235,131736.6836823577,3050.7186238465947,134787.40230620428,2920,3,770.0277777777778,33,3,17,33.36653435995385,0.6442550505050505,43.35171568627451,1026.5931372549016,31.108882947118232,0
3056,4,1,0,36,0.027777777777777776,0.0,1.0,36,1100,800,300,0.7272727272727273,14,8,6,382.7820550900225,0.7273478835978836,-0.011446868253400355,0.22887802281897338,132114.37795859753,2914.202620386377,135028.5805789839,2921,0,744.5277777777778,33,3,18,33.14595998728494,0.6480429292929294,42.984068627450974,1028.063725490195,31.15344622697561,0
3057,4,1,1,36,0.02702702702702703,0.02702702702702703,0.972972972972973,37,350,200,150,0.5714285714285714,5,2,3,373.9877171283596,0.7384884884884885,-0.014273472732162729,0.22475673514765515,132306.1295351472,2496.1734693877333,134802.30300453492,2922,0,725.3783783783783,34,3,18,33.17856591838309,0.6476715686274511,42.79761904761904,1028.8095238095223,30.259103641456537,0
3058,4,0,0,36,0.0,0.0,1.0,36,1200,900,300,0.75,15,9,6,383.69135878793816,0.7272486772486773,-0.007922325470574254,0.23037948967567604,132271.9101427334,2950.317786428276,135222.22792916166,2923,2,746.5277777777778,33,3,18,32.96352553411166,0.6496212121212122,42.83088235294117,1028.676470588234,31.172014260249515,0
3059,4,0,1,35,0.0,0.027777777777777776,0.9722222222222222,36,950,700,250,0.7368421052631579,12,7,5,386.99245594512496,0.7275462962962963,-0.010637945867248977,0.232555595394368,132303.4278432572,3040.0856942041314,135343.51353746135,2924,3,747.5277777777778,33,3,18,32.84680861623982,0.6499368686868687,42.800245098039206,1028.7990196078417,31.175727866904296,0
3060,4,1,1,35,0.027777777777777776,0.027777777777777776,0.9722222222222222,36,850,500,350,0.5882352941176471,12,5,7,379.5895021653255,0.7407738095238096,-0.022931624948761664,0.22963935109396866,132555.7046118077,2863.350784553986,135419.05539636168,2925,0,720.9166666666666,33,3,18,32.78281070252688,0.6524621212121213,42.555147058823515,1029.779411764704,31.205436720142547,0
3061,4,0,0,35,0.0,0.0,1.0,35,700,500,200,0.7142857142857143,9,5,4,394.2315396645565,0.7261204481792717,-0.05270629991126896,0.23243003169518786,131579.47063629367,3374.5554594386685,134954.02609573235,2926,5,742.5142857142857,33,2,15,33.39305621914317,0.6426767676767677,43.50490196078431,1025.9803921568623,31.090314913844313,4
3062,4,0,1,34,0.0,0.02857142857142857,0.9714285714285714,35,950,800,150,0.8421052631578947,11,8,3,394.91535754065507,0.7254201680672269,-0.05379957356076748,0.2334097473114315,131673.78720023538,3400.000150182609,135073.787350418,2927,6,743.5142857142857,33,2,16,33.279975124378105,0.6436237373737375,43.412990196078425,1026.3480392156855,31.101455733808653,0
3063,4,2,1,35,0.05555555555555555,0.027777777777777776,0.9722222222222222,36,750,600,150,0.8,9,6,3,385.44908227763835,0.733101851851852,-0.04939630316136334,0.22977876230805072,132000.11337868482,2975.8645124716545,134975.97789115648,2928,0,723.6388888888889,34,2,17,33.19286762434352,0.6446078431372548,43.095238095238095,1027.6190476190477,30.224089635854344,0
3064,4,0,0,35,0.0,0.0,1.0,35,850,800,50,0.9411764705882353,9,8,1,397.40932383019657,0.7289915966386554,-0.036682115594329434,0.2366391882807079,131956.93963860045,3488.1836312956466,135445.1232698961,2929,1,745.3142857142857,33,2,17,32.929289917302796,0.6464646464646465,43.13725490196078,1027.4509803921562,31.134878193701702,0
3065,4,0,0,35,0.0,0.0,1.0,35,950,700,250,0.7368421052631579,12,7,5,396.9757780007553,0.7303921568627451,-0.04073455759599298,0.23677374639504492,132019.90370290267,3481.7407968089083,135501.64449971158,2930,2,746.3142857142857,33,2,17,32.87671913506638,0.6470959595959596,43.07598039215686,1027.696078431372,31.14230540701127,0
3066,4,0,0,35,0.0,0.0,1.0,35,500,100,400,0.2,9,1,8,396.0868541705284,0.7292717086834734,-0.042180926263434726,0.2364398893899091,132051.39136690216,3460.7640390715146,135512.15540597367,2931,3,747.3142857142857,33,2,17,32.86770696713168,0.6474116161616161,43.0453431372549,1027.8186274509806,31.146019013666077,0
3067,4,0,0,35,0.0,0.0,1.0,35,1200,1000,200,0.8333333333333334,14,10,4,398.22269514053056,0.7299719887955182,-0.04345145854264931,0.23811049105729962,132114.3779585978,3522.1887314975156,135636.5666900953,2932,4,748.3142857142857,33,2,17,32.749110938927956,0.6480429292929293,42.98406862745099,1028.0637254901972,31.15344622697567,0
3068,4,0,1,34,0.0,0.02857142857142857,0.9714285714285714,35,900,700,200,0.7777777777777778,11,7,4,403.35352338474195,0.7294817927170868,-0.04298139606134366,0.2419832824709179,132240.39619677534,3667.9259479527213,135908.32214472807,2933,5,749.3142857142857,33,2,17,32.489748401445645,0.6493055555555556,42.86151960784314,1028.553921568628,31.16830065359479,0
3069,4,0,0,34,0.0,0.0,1.0,34,900,700,200,0.7777777777777778,11,7,4,409.7017438561685,0.7169489007724302,-0.042499711082861436,0.24533904426210554,132170.69686766653,4030.1129986736005,136200.80986634013,2934,6,771.8823529411765,32,2,18,32.39706123117222,0.6510416666666667,42.92929292929293,1028.2828282828282,32.13383838383838,0
3070,4,0,0,34,0.0,0.0,1.0,34,650,600,50,0.9230769230769231,7,6,1,410.5085014131064,0.7165032679738562,-0.04413930520661857,0.24666838270752145,132300.56244260792,4062.1011248852183,136362.66356749315,2935,7,772.8823529411765,32,2,18,32.2448760432008,0.65234375,42.803030303030305,1028.787878787879,32.14962121212122,0
3071,4,0,0,34,0.0,0.0,1.0,34,850,600,250,0.7058823529411765,11,6,5,411.1497590914914,0.7174688057040999,-0.04601541303469392,0.24790627486049094,132430.49178655236,4089.7529588817424,136520.24474543412,2936,8,773.8823529411765,32,2,18,32.09692917893358,0.6536458333333334,42.676767676767675,1029.292929292929,32.165404040404034,0
3072,4,0,0,34,0.0,0.0,1.0,34,600,500,100,0.8333333333333334,7,5,2,409.40022799877784,0.7174688057040999,-0.0478531900924235,0.2470644011009647,132462.98408644515,4046.0751772778153,136509.05926372297,2937,9,774.8823529411765,32,2,18,32.10909072325114,0.6539713541666667,42.645202020202014,1029.419191919191,32.16934974747472,0
3073,4,0,0,34,0.0,0.0,1.0,34,550,400,150,0.7272727272727273,7,4,3,411.1130115808779,0.7171717171717172,-0.043196162585205755,0.2485268057407012,132527.98064291908,4096.795448168551,136624.77609108764,2938,10,775.8823529411765,32,2,18,31.999284692417728,0.6546223958333334,42.582070707070706,1029.671717171717,32.17724116161616,0
3074,4,0,0,34,0.0,0.0,1.0,34,800,600,200,0.75,10,6,4,410.4918178250907,0.7193627450980392,-0.04068320965752992,0.24858067988116295,132592.99314164367,4085.667757116613,136678.66089876028,2939,11,776.8823529411765,32,2,18,31.949552531567974,0.6552734375,42.51893939393939,1029.924242424242,32.185132575757564,0
3075,4,0,0,34,0.0,0.0,1.0,34,1000,700,300,0.7,13,7,6,409.9751297577857,0.7197712418300654,-0.037629757785467066,0.24891347163865538,132690.5417814507,4079.9644168962145,136770.50619834693,2940,12,777.8823529411765,32,2,15,31.864276960784302,0.65625,42.424242424242415,1030.3030303030291,32.19696969696966,0
3076,4,0,0,34,0.0,0.0,1.0,34,900,500,400,0.5555555555555556,13,5,8,409.4556071438241,0.7205882352941176,-0.03899104060200198,0.24881364183922167,132723.0659658453,4068.840711406999,136791.9066772523,2941,13,778.8823529411765,32,2,15,31.84480047379815,0.6565755208333334,42.39267676767677,1030.4292929292928,32.2009154040404,0
3077,4,0,0,34,0.0,0.0,1.0,34,600,400,200,0.6666666666666666,8,4,4,410.6746754826314,0.7199940582293524,-0.0407613982748557,0.24998787292801775,132788.12629132217,4106.54413452707,136894.67042584924,2942,14,779.8823529411765,32,2,15,31.74767242435379,0.6572265625,42.329545454545446,1030.681818181817,32.208806818181785,0
3078,4,0,0,34,0.0,0.0,1.0,34,850,600,250,0.7058823529411765,11,6,5,408.91142536681264,0.7193998811645871,-0.04348186304527879,0.2493474076265889,132853.2025590501,4065.038484593418,136918.24104364353,2943,15,780.8823529411765,32,2,16,31.72739334558074,0.6578776041666666,42.266414141414145,1030.9343434343436,32.21669823232324,0
3079,4,1,0,35,0.02857142857142857,0.0,1.0,35,1000,600,400,0.6,14,6,8,376.5411894175413,0.7270308123249299,-0.06341854397244162,0.22291770627213775,131736.68368235798,2920.857512735517,134657.5411950935,2944,0,759.5428571428571,33,2,14,33.68785066252835,0.6442550505050504,43.351715686274524,1026.593137254904,31.1088829471183,5
3080,4,0,1,34,0.0,0.02857142857142857,0.9714285714285714,35,900,700,200,0.7777777777777778,11,7,4,379.062548060218,0.726750700280112,-0.06172519604500515,0.2249677162000447,131831.056564783,2994.4432429834906,134825.4998077665,2945,1,760.5428571428571,33,2,14,33.52774463007158,0.6452020202020201,43.25980392156864,1026.9607843137273,31.120023767082646,0
3081,4,0,1,33,0.0,0.029411764705882353,0.9705882352941176,34,800,600,200,0.75,10,6,4,385.9615201318064,0.7259729649435532,-0.06811373996092873,0.22837461125702974,131716.66953627195,3367.5132001836737,135084.1827364556,2946,2,748.7647058823529,32,2,14,33.46632841328413,0.646484375,43.37121212121213,1026.5151515151526,32.07859848484852,0
3082,4,2,1,34,0.05714285714285714,0.02857142857142857,0.9714285714285714,35,650,400,250,0.6153846153846154,9,4,5,373.5833759109955,0.7398459383753501,-0.05427515624201762,0.22337782897486416,132114.3779585978,2871.14706483085,134985.52502342864,2947,0,727.8,33,2,16,33.3823806969444,0.6480429292929293,42.98406862745099,1028.0637254901972,31.15344622697567,0
3083,4,0,0,34,0.0,0.0,1.0,34,750,600,150,0.8,9,6,3,382.0351698016299,0.7241161616161617,-0.05210848163300674,0.2275989906182769,131976.0180721355,3283.8960947862524,135259.91416692178,2948,1,750.2058823529412,32,2,17,33.304917260588205,0.6490885416666666,43.11868686868687,1027.5252525252527,32.110164141414145,0
3084,4,0,0,34,0.0,0.0,1.0,34,950,800,150,0.8421052631578947,11,8,3,383.0898466033596,0.7224450386215092,-0.05270270270270305,0.22861813426329558,132040.89506172857,3316.705246913598,135357.60030864217,2949,2,751.2058823529412,32,2,17,33.21227477477477,0.6497395833333333,43.055555555555564,1027.7777777777792,32.1180555555556,0
3085,4,0,0,34,0.0,0.0,1.0,34,800,700,100,0.875,9,7,2,381.47404571074173,0.7225564468211527,-0.04995881919459044,0.228044176224439,132105.7879935721,3278.9858815426996,135384.7738751148,2950,3,752.2058823529412,32,2,17,33.188252272169,0.650390625,42.99242424242424,1028.0303030303032,32.125946969696976,0
3086,4,0,0,34,0.0,0.0,1.0,34,900,800,100,0.8888888888888888,10,8,2,379.1405092097988,0.7235591206179441,-0.046679666341674975,0.227233219095939,132203.1572830579,3224.71447428834,135427.87175734623,2951,4,753.2058823529412,32,2,17,33.14993861264578,0.6513671875,42.89772727272727,1028.4090909090912,32.1377840909091,0
3087,4,0,0,34,0.0,0.0,1.0,34,500,100,400,0.2,9,1,8,380.051203784926,0.7230392156862746,-0.047989516169791635,0.22817075587588742,132268.09007052862,3253.7293707274875,135521.8194412561,2952,5,754.2058823529412,32,2,17,33.06099382185672,0.6520182291666666,42.834595959595966,1028.6616161616168,32.14567550505053,0
3088,4,0,0,34,0.0,0.0,1.0,34,700,400,300,0.5714285714285714,10,4,6,378.551545033686,0.7232248960190137,-0.0485239985564776,0.22785783545232938,132365.51914345476,3221.434356188144,135586.9534996429,2953,6,755.2058823529412,32,2,17,33.001278118609406,0.6529947916666667,42.73989898989899,1029.040404040404,32.15751262626262,0
3089,4,0,0,34,0.0,0.0,1.0,34,900,700,200,0.7777777777777778,11,7,4,377.0531182135215,0.7221479500891266,-0.05512677173873837,0.22793685537666936,132527.9806429192,3194.017670390788,135721.99831330997,2954,7,756.2058823529412,32,2,17,32.87604741467401,0.6546223958333333,42.58207070707071,1029.671717171718,32.17724116161619,0
3090,4,0,0,34,0.0,0.0,1.0,34,1300,1000,300,0.7692307692307693,16,10,6,378.7484200107256,0.722519310754605,-0.05155259799715928,0.22975526831728682,132658.0215826191,3248.8032152331425,135906.82479785226,2955,8,757.2058823529412,32,2,16,32.70136250357479,0.6559244791666666,42.45580808080808,1030.1767676767677,32.19302398989899,0
3091,4,0,0,34,0.0,0.0,1.0,34,1000,700,300,0.7,13,7,6,382.2380842592381,0.7206253713606655,-0.04988434182934476,0.23267781370679785,132788.12629132226,3351.3358011937535,136139.462092516,2956,9,758.2058823529412,32,2,16,32.480399362979306,0.6572265625,42.32954545454545,1030.6818181818178,32.208806818181806,0
3092,4,0,0,34,0.0,0.0,1.0,34,500,200,300,0.4,8,2,6,380.48876340660655,0.7200311942959002,-0.04881308310219379,0.23201573959782984,132853.20255905003,3309.830151260069,136163.0327103101,2957,10,759.2058823529412,32,2,16,32.45994080424577,0.6578776041666667,42.26641414141414,1030.934343434343,32.21669823232322,0
3093,4,1,1,34,0.02857142857142857,0.02857142857142857,0.9714285714285714,35,850,700,150,0.8235294117647058,10,7,3,373.16976023957807,0.728641456582633,-0.053346077155051574,0.22927063440941867,133134.1429280043,2936.3272392289987,136070.4701672333,2958,0,738.4857142857143,34,1,16,32.36604568000922,0.6559436274509804,41.994047619047606,1032.0238095238076,30.353641456582576,0
3094,4,1,1,34,0.02857142857142857,0.02857142857142857,0.9714285714285714,35,1000,700,300,0.7,13,7,6,376.71772951117526,0.7300420168067226,-0.05303062754337107,0.23183246505261856,133195.5800028342,3035.427295918338,136231.00729875255,2959,0,739.4571428571429,34,1,16,32.212739783954184,0.6565563725490198,41.934523809523796,1032.2619047619028,30.360644257703022,0
3095,4,0,1,33,0.0,0.029411764705882353,0.9705882352941176,34,950,700,250,0.7368421052631579,12,7,5,387.62083938597607,0.7186200237670827,-0.04816041129668813,0.2380857103186945,133124.20590938564,3520.343287437502,136644.54919682315,2960,13,762.2058823529412,33,1,16,32.003201322091606,0.6581439393939394,42.003676470588225,1031.9852941176457,31.272281639928657,0
3096,4,0,0,33,0.0,0.0,1.0,33,950,600,350,0.631578947368421,13,6,7,395.8027326420156,0.7178819444444445,-0.0452931815399682,0.24219569460319287,132983.40292125795,3927.0388544536154,136910.44177571157,2961,14,779.4242424242424,32,1,16,31.933988248255606,0.6591796875,42.14015151515151,1031.4393939393933,32.23248106060604,0
3097,4,0,0,33,0.0,0.0,1.0,33,1150,1100,50,0.9565217391304348,12,11,1,398.1678130990346,0.7169349747474748,-0.04617957818300489,0.24406820711419458,133048.52701573828,3995.1282075808713,137043.65522331916,2962,15,780.4242424242424,32,1,16,31.807357320605394,0.6598307291666666,42.07702020202021,1031.6919191919199,32.240372474747495,0
3098,4,0,0,33,0.0,0.0,1.0,33,650,500,150,0.7692307692307693,8,5,3,399.49361359293215,0.7161458333333334,-0.047537508153946306,0.24595329704335936,133211.40699928574,4043.421270788693,137254.82827007445,2963,16,781.4242424242424,32,1,17,31.60902845727333,0.6614583333333334,41.91919191919192,1032.3232323232319,32.260101010100996,0
3099,4,0,0,33,0.0,0.0,1.0,33,550,400,150,0.7272727272727273,7,4,3,399.1415084941405,0.7153566919191919,-0.04932534344299022,0.24595177957472397,133243.9949526834,4036.6418286399357,137280.63678132332,2964,17,782.4242424242424,32,1,18,31.5852900411724,0.6617838541666666,41.88762626262626,1032.449494949495,32.264046717171716,0
3100,4,0,0,33,0.0,0.0,1.0,33,900,600,300,0.6666666666666666,12,6,6,397.88170382655517,0.7147253787878789,-0.04188055080257458,0.24625326026542158,133406.9945031119,4016.040455055605,137423.0349581675,2965,18,783.4242424242424,32,1,20,31.453699177055327,0.6634114583333334,41.72979797979798,1033.0808080808079,32.283775252525245,0
3101,4,0,0,33,0.0,0.0,1.0,33,750,600,150,0.8,9,6,3,397.37252861602514,0.7144097222222223,-0.045454545454545414,0.2463709677419355,133472.22222222216,4007.6388888888832,137479.86111111104,2966,19,784.4242424242424,32,1,20,31.401209677419352,0.6640625,41.666666666666664,1033.333333333333,32.29166666666666,0
3102,4,0,0,33,0.0,0.0,1.0,33,850,500,350,0.5882352941176471,12,5,7,401.628049554769,0.7144097222222223,-0.0657974163950259,0.21914921834401518,128560.35098459339,3744.0497143148623,132304.40069890826,2967,20,785.4242424242424,32,1,19,36.28195551128818,0.6145833333333334,46.464646464646464,1014.141414141414,31.691919191919187,8
3103,4,2,1,34,0.05714285714285714,0.02857142857142857,0.9714285714285714,35,700,400,300,0.5714285714285714,10,4,6,389.71276339174403,0.7403361344537814,-0.06009471376696385,0.21561748937623584,129110.63102324257,3063.2121598639383,132173.8431831065,2968,0,741.4857142857143,34,1,20,36.02089922299011,0.6155024509803921,45.922619047619044,1016.3095238095233,29.891456582633037,0
3104,4,0,0,34,0.0,0.0,1.0,34,850,500,350,0.5882352941176471,12,5,7,396.87837832156475,0.7268642305407012,-0.06138122840500326,0.21922176113684835,129045.69644187328,3443.089346645516,132488.78578851878,2969,1,764.2941176470588,33,1,20,35.905273790857564,0.6171085858585859,45.986519607843135,1016.0539215686272,30.789512774806884,0
3105,4,0,0,34,0.0,0.0,1.0,34,700,500,200,0.7142857142857143,9,5,4,395.3050526516264,0.7268642305407012,-0.061997716004284165,0.21869678463241737,129107.96215698282,3407.405955642055,132515.36811262488,2970,2,765.2941176470588,33,1,20,35.88154166164236,0.617739898989899,45.92524509803921,1016.2990196078426,30.796939988116442,0
3106,4,2,1,35,0.05555555555555555,0.027777777777777776,0.9722222222222222,36,850,700,150,0.8235294117647058,10,7,3,375.14538929670255,0.7523148148148149,-0.06170560541229586,0.21101628511047107,129760.92470689728,2535.8425229338177,132296.7672298311,2971,0,723.7222222222222,35,1,18,35.72799519103337,0.6199404761904761,45.28356481481482,1018.8657407407406,29.110449735449734,1
3107,4,1,0,36,0.027777777777777776,0.0,1.0,36,750,500,250,0.6666666666666666,10,5,5,373.89838813860086,0.7515542328042328,-0.046851347260066345,0.21110878222594845,129908.3719135803,2514.506172839515,132422.8780864198,2972,0,724.6944444444445,35,1,19,35.60967302452316,0.6214285714285714,45.13888888888889,1019.4444444444448,29.126984126984137,0
3108,4,0,0,36,0.0,0.0,1.0,36,800,500,300,0.625,11,5,6,374.15513326865243,0.7512566137566138,-0.04851414588615155,0.2114132500938782,129937.87140185623,2523.3843182013175,132461.25572005755,2973,1,725.6944444444445,35,1,19,35.573111779619346,0.6217261904761904,45.10995370370371,1019.5601851851859,29.130291005291024,0
3109,4,1,0,37,0.02702702702702703,0.0,1.0,37,850,500,350,0.5882352941176471,12,5,7,363.8895568342141,0.7554429429429429,-0.03945838624859155,0.20748570580245235,130291.3280679331,2082.330725996301,132373.65879392938,2974,0,707.0540540540541,36,1,20,35.47572431796455,0.6232638888888888,44.76351351351353,1020.9459459459484,28.359609609609677,0
3110,4,1,0,38,0.02631578947368421,0.0,1.0,38,600,300,300,0.5,9,3,6,356.9756304223687,0.7669511616880038,-0.0320420149085161,0.20486532484830558,130542.5707910129,1720.1033010157273,132262.67409202864,2975,0,689.421052631579,37,1,15,35.39744277539341,0.6238738738738737,44.51754385964914,1021.9298245614058,27.619724988146103,0
3111,4,1,2,37,0.02564102564102564,0.05128205128205128,0.9487179487179487,39,1050,600,450,0.5714285714285714,15,6,9,350.36977441643387,0.7738416554206028,-0.031799046724419355,0.20332482184638728,130972.46334876554,1377.7584876543347,132350.22183641986,2976,0,672.7179487179487,38,1,17,35.131162369968344,0.6263706140350876,44.09722222222223,1023.611111111112,26.937134502924,0
3112,4,0,0,37,0.0,0.0,1.0,37,750,600,150,0.8,9,6,3,364.9510896366613,0.7591341341341341,-0.038692513257586825,0.21057724244473705,130751.61944038642,2143.589197305426,132895.20863769186,2977,1,709.8918918918919,36,1,17,34.98174043896353,0.6278935185185185,44.31306306306307,1022.7477477477485,28.40965965965968,0
3113,4,0,1,36,0.0,0.02702702702702703,0.972972972972973,37,1100,700,400,0.6363636363636364,15,7,8,377.40100905123825,0.7591966966966966,-0.06712475896765913,0.22034688493181542,131206.1295351475,2506.0014561583257,133712.13099130584,2978,2,710.8918918918919,34,3,20,34.20263963126502,0.636642156862745,43.86904761904763,1024.5238095238105,30.133053221288545,2
3114,4,1,0,37,0.02702702702702703,0.0,1.0,37,700,300,400,0.42857142857142855,11,3,8,376.21626268577353,0.7591341341341341,-0.056200650255457396,0.2207067066927715,131389.14399092994,2486.146541950141,133875.29053288008,2979,0,711.8108108108108,34,3,21,34.04769507663727,0.6384803921568626,43.690476190476204,1025.238095238097,30.154061624649913,0
3115,4,0,0,37,0.0,0.0,1.0,37,600,500,100,0.8333333333333334,7,5,2,376.95504788102807,0.7594469469469469,-0.06032291869301376,0.2214932320905308,131450.17715419523,2510.161564625877,133960.33871882112,2980,1,712.8108108108108,34,3,21,33.96699171890722,0.6390931372549018,43.630952380952394,1025.4761904761924,30.161064425770366,0
3116,4,0,0,37,0.0,0.0,1.0,37,850,500,350,0.5882352941176471,12,5,7,376.3348404665122,0.7602602602602603,-0.05385334278348908,0.2218367753174011,131572.2859977325,2503.0470521542047,134075.3330498867,2981,2,713.8108108108108,34,3,15,33.85936412160594,0.6403186274509803,43.511904761904766,1025.9523809523816,30.175070028011223,0
3117,4,0,0,37,0.0,0.0,1.0,37,1150,1000,150,0.8695652173913043,13,10,3,376.2197990489066,0.7607607607607607,-0.04958403079488671,0.22248059721534133,131694.45153061242,2509.212018140611,134203.66354875304,2982,3,714.8108108108108,34,3,16,33.73878837083431,0.6415441176470587,43.39285714285715,1026.428571428573,30.189075630252145,0
3118,4,0,0,37,0.0,0.0,1.0,37,950,700,250,0.7368421052631579,12,7,5,380.0572398380838,0.7612612612612613,-0.05523868023867995,0.2251108266733267,131755.55555555568,2614.9305555555757,134370.48611111124,2983,4,715.8108108108108,34,3,16,33.57853084415586,0.642156862745098,43.33333333333334,1026.6666666666679,30.196078431372584,0
3119,4,0,1,36,0.0,0.02702702702702703,0.972972972972973,37,1150,800,350,0.6956521739130435,15,8,7,369.1476666012813,0.7609484484484484,-0.053601258038659116,0.21258477749385357,130676.44702717743,2277.12137774346,132953.5684049209,2984,5,716.8108108108108,35,2,15,34.95066410082257,0.6291666666666668,44.38657407407406,1022.4537037037021,29.212962962962916,6
3120,4,0,0,36,0.0,0.0,1.0,36,850,600,250,0.7058823529411765,11,6,5,376.28414644091765,0.7495039682539683,-0.05342676708854188,0.21625004560520203,130597.00255102031,2628.316326530598,133225.31887755092,2985,6,737.4722222222222,34,2,16,34.84888190076869,0.630514705882353,44.46428571428571,1022.1428571428564,30.063025210084014,0
3121,4,0,0,36,0.0,0.0,1.0,36,900,600,300,0.6666666666666666,12,6,6,376.8711728044614,0.7502314814814816,-0.050981990374165176,0.21692825952042327,130657.85147392288,2648.2355442176868,133306.08701814056,2986,7,738.4722222222222,34,2,17,34.77211419034313,0.6311274509803921,44.404761904761905,1022.3809523809522,30.070028011204474,0
3122,4,0,0,36,0.0,0.0,1.0,36,1100,1000,100,0.9090909090909091,12,10,2,374.77030541602215,0.7490740740740741,-0.045881421136003575,0.216484964657961,130794.81336805546,2603.6024305555443,133398.415798611,2987,8,739.4722222222222,35,1,17,34.68686354378818,0.6303571428571428,44.27083333333333,1022.9166666666658,29.226190476190453,0
3123,4,2,1,37,0.05263157894736842,0.02631578947368421,0.9736842105263158,38,550,500,50,0.9090909090909091,6,5,1,358.0854131830742,0.7687588904694168,-0.03645349328377123,0.20927505854883216,131243.84576263843,1799.3013475300029,133043.14711016844,2988,0,701.5,37,1,18,34.659242910647414,0.6309121621621622,43.83223684210526,1024.6710526315783,27.6938122332859,0
3124,4,0,1,36,0.0,0.02702702702702703,0.972972972972973,37,950,600,350,0.631578947368421,13,6,7,366.0561933782481,0.7579454454454454,-0.03264515477332852,0.21359930668132912,131183.87972009165,2204.134328585336,133388.01404867697,2989,1,721.4594594594595,36,1,19,34.515728628485576,0.6322337962962963,43.890765765765764,1024.4369369369365,28.45658158158157,0
3125,4,0,0,36,0.0,0.0,1.0,36,750,500,250,0.6666666666666666,10,5,5,373.7914392415972,0.7493386243386244,-0.041111111111110765,0.21792188651436994,131150.23389274697,2604.5669367284004,133754.80082947537,2990,2,742.2222222222222,35,1,20,34.35169491525424,0.6339285714285714,43.923611111111114,1024.3055555555559,29.265873015873026,0
3126,4,1,1,36,0.02702702702702703,0.02702702702702703,0.972972972972973,37,800,400,400,0.5,12,4,8,369.38703397986103,0.7580705705705706,-0.03290928769744794,0.21721974728576846,131480.69905045375,2313.6942161123943,133794.39326656616,2991,0,723.1351351351351,34,3,20,34.13015089959372,0.6393995098039214,43.60119047619049,1025.59523809524,30.164565826330584,0
3127,4,1,0,37,0.02702702702702703,0.0,1.0,37,750,300,450,0.4,12,3,9,367.3941247086309,0.7556931931931932,-0.017495453690349327,0.216913517464959,131633.3616780047,2272.264739229046,133905.62641723375,2992,0,724.1081081081081,34,3,15,34.02697215777263,0.6409313725490196,43.45238095238096,1026.1904761904775,30.18207282913169,0
3128,4,0,0,37,0.0,0.0,1.0,37,1150,1000,150,0.8695652173913043,13,10,3,367.3625828579321,0.7553178178178178,-0.020515585763236643,0.21706873384634934,131663.90483276662,2273.678429705237,133937.58326247186,2993,1,725.1081081081081,34,3,16,33.99692611066001,0.6412377450980391,43.42261904761906,1026.3095238095252,30.18557422969192,0
3129,4,0,0,37,0.0,0.0,1.0,37,650,400,250,0.6153846153846154,9,4,5,350.4421157233634,0.7566316316316316,-0.00731728322102998,0.20510441769764187,131299.26960321813,1802.558766536812,133101.82836975495,2994,2,726.1081081081081,36,1,17,34.79906054279749,0.6333912037037037,43.778153153153156,1024.8873873873877,28.469094094094103,3
3130,4,0,1,36,0.0,0.02702702702702703,0.972972972972973,37,850,600,250,0.7058823529411765,11,6,5,349.2406758541281,0.7573823823823824,-0.007272511391127612,0.20501846251784925,131414.7102127467,1779.0724423748225,133193.78265512153,2995,3,727.1081081081081,36,1,17,34.713298553908096,0.634548611111111,43.66554054054055,1025.337837837839,28.48160660660664,0
3131,4,2,2,36,0.05263157894736842,0.05263157894736842,0.9473684210526316,38,800,600,200,0.75,10,6,4,342.4599645253027,0.7684329065908013,-0.006509354913087018,0.20221342637175438,131637.38031173046,1416.1065183517953,133053.48683008226,2996,0,708.7368421052631,37,1,15,34.662601951775464,0.6348536036036037,43.4484649122807,1026.2061403508767,27.735301090564235,0
3132,4,0,0,36,0.0,0.0,1.0,36,950,700,250,0.7368421052631579,12,7,5,361.0303635286283,0.74619708994709,-0.005686023609699609,0.21162448244692666,131357.7852393047,2284.8297914523378,133642.61503075704,2997,5,749.1111111111111,35,1,18,34.468617101351114,0.6360119047619047,43.72106481481482,1025.1157407407409,29.289021164021168,0
3133,4,1,0,37,0.02702702702702703,0.0,1.0,37,1200,800,400,0.6666666666666666,16,8,8,353.59404533176826,0.7529404404404404,-0.0036941285295828408,0.20930930631457184,131732.43344696084,1915.9608087817874,133648.39425574263,2998,0,729.8378378378378,36,1,16,34.2810717419921,0.6377314814814813,43.35585585585587,1026.5765765765793,28.516016016016092,0
3134,4,0,0,37,0.0,0.0,1.0,37,550,400,150,0.7272727272727273,7,4,3,348.5531605878728,0.7517517517517518,-0.006063300142247652,0.20695343909904987,131848.064280497,1791.211904472067,133639.27618496906,2999,1,730.8378378378378,36,1,16,34.2939053362573,0.6388888888888888,43.243243243243256,1027.0270270270291,28.528528528528586,0
3135,4,1,1,37,0.02631578947368421,0.02631578947368421,0.9736842105263158,38,550,400,150,0.7272727272727273,7,4,3,343.3591758855024,0.7576161688003793,0.015580720646910073,0.20577416681342708,132200.59447378071,1478.457434018194,133679.05190779892,3000,0,712.578947368421,37,1,17,34.07246241603582,0.6404842342342341,42.90021929824563,1028.3991228070201,27.79457088667622,0
3136,4,0,0,37,0.0,0.0,1.0,37,1000,600,400,0.6,14,6,8,348.0389532872518,0.7532532532532532,0.023416320393981227,0.20854932555244032,132195.26113951823,1801.8200633065899,133997.08120282483,3001,1,731.3243243243244,36,1,17,33.95751204555411,0.6423611111111109,42.905405405405425,1028.378378378381,28.566066066066142,0
3137,4,1,1,37,0.02631578947368421,0.02631578947368421,0.9736842105263158,38,500,200,300,0.4,8,2,6,340.50970032604494,0.7652916073968705,0.021251717466281406,0.20498290811802047,132369.79316953337,1414.6397208757007,133784.43289040908,3002,0,713.0526315789474,37,1,17,33.97564819747825,0.6421734234234232,42.73574561403511,1029.0570175438631,27.812351825509815,0
3138,4,0,0,37,0.0,0.0,1.0,37,1250,1100,150,0.88,14,11,3,350.5081154371114,0.752565065065065,-0.008976442758893866,0.20954738610513376,132108.41912436092,1861.01460413117,133969.4337284921,3003,3,733.3243243243244,36,1,17,33.98145105341951,0.6414930555555556,42.98986486486487,1028.0405405405413,28.556681681681702,4
3139,4,0,0,37,0.0,0.0,1.0,37,950,700,250,0.7368421052631579,12,7,5,348.36727653729605,0.7533158158158159,-0.01491044263711827,0.20874606098022255,132195.261139518,1810.5006188621162,134005.7617583801,3004,4,734.3243243243244,36,1,18,33.949071032267476,0.6423611111111112,42.90540540540541,1028.3783783783792,28.56606606606609,0
3140,4,1,1,37,0.02631578947368421,0.02631578947368421,0.9736842105263158,38,850,400,450,0.47058823529411764,13,4,9,339.0536147962349,0.7648767188240873,-0.023164735103978984,0.20441209261992652,132426.21678064394,1379.9174986534238,133806.13427929737,3005,0,715.9736842105264,37,1,18,33.956424665317286,0.6427364864864864,42.680921052631575,1029.2763157894728,27.818278805120887,0
3141,4,0,1,36,0.0,0.02702702702702703,0.972972972972973,37,500,300,200,0.6,7,3,4,347.6858546931212,0.7536286286286287,-0.02186775216547554,0.2089774979260763,132311.0948786626,1800.5392216541056,134111.6341003167,3006,6,736.3243243243244,36,1,18,33.85006202568593,0.6435185185185185,42.7927927927928,1028.8288288288302,28.578578578578615,0
3142,4,0,1,35,0.0,0.027777777777777776,0.9722222222222222,36,600,400,200,0.6666666666666666,8,4,4,358.1854514601106,0.7455357142857143,-0.01292294995873644,0.21476625652324863,132219.3889853396,2271.812307098777,134491.20129243837,3007,9,757.6111111111111,35,1,18,33.672349763673196,0.6446428571428571,42.88194444444445,1028.472222222223,29.38492063492066,0
3143,4,0,0,35,0.0,0.0,1.0,35,700,600,100,0.8571428571428571,8,6,2,360.9932270233196,0.7427871148459383,-0.00132275132275117,0.2165959362139917,132244.89795918364,2547.902494331059,134792.8004535147,3008,10,777.6,34,1,18,33.574459876543195,0.6470588235294117,42.857142857142854,1028.5714285714282,30.252100840336123,0
3144,4,0,0,35,0.0,0.0,1.0,35,1450,1300,150,0.896551724137931,16,13,3,361.0942647806061,0.7432773109243697,-0.005320994794679068,0.21753727658734084,132398.00347222228,2561.631944444448,134959.63541666672,3009,11,778.6,34,1,18,33.41767881241566,0.6485906862745099,42.708333333333336,1029.166666666667,30.269607843137265,0
3145,4,0,0,35,0.0,0.0,1.0,35,1000,800,200,0.8,12,8,4,361.91855162584227,0.7447478991596638,-0.0038452009315692592,0.21874448308958136,132520.55165816325,2592.32922335601,135112.88088151926,3010,12,779.6,34,1,18,33.273114425559804,0.6498161764705883,42.589285714285715,1029.642857142857,30.28361344537815,0
3146,4,0,0,35,0.0,0.0,1.0,35,750,600,150,0.8,9,6,3,360.6268167997595,0.7442577030812324,-0.0016845582163496076,0.2181413961760782,132551.19756235817,2560.3032879818466,135111.50085034,3011,13,780.6,34,1,18,33.27552986512523,0.6501225490196079,42.5595238095238,1029.761904761904,30.28711484593835,0
3147,4,1,0,36,0.027777777777777776,0.0,1.0,36,550,300,250,0.5454545454545454,8,3,5,353.77754621457024,0.7471230158730159,0.008668861946814932,0.21585276586845129,132874.898191015,2201.631087105616,135076.5292781206,3012,0,759.8888888888889,35,1,16,33.12659033078881,0.6511904761904762,42.24537037037037,1031.0185185185178,29.457671957671938,0
3148,4,0,0,36,0.0,0.0,1.0,36,1050,600,450,0.5714285714285714,15,6,9,355.5190356323404,0.7473544973544974,0.01698829425184223,0.21778289791003744,133024.1036120754,2258.5202064043033,135282.6238184797,3013,1,760.8888888888889,35,1,16,32.93188320430831,0.6526785714285714,42.100694444444436,1031.5972222222208,29.47420634920631,0
3149,4,0,0,36,0.0,0.0,1.0,36,950,600,350,0.631578947368421,13,6,7,352.66796969109635,0.7463955026455027,0.020898758785703464,0.2165556210582515,133113.66705246898,2188.985339506152,135302.65239197513,3014,2,761.8888888888889,35,1,16,32.91554508748317,0.6535714285714287,42.01388888888888,1031.9444444444432,29.48412698412695,0
3150,4,0,0,36,0.0,0.0,1.0,36,850,700,150,0.8235294117647058,10,7,3,354.95035541874836,0.7452380952380953,0.02435811189595216,0.21848186473290668,133203.26063368062,2256.1089409722267,135459.36957465284,3015,3,762.8888888888889,35,1,17,32.766775983854686,0.6544642857142856,41.927083333333336,1032.2916666666672,29.494047619047635,0
3151,4,0,0,36,0.0,0.0,1.0,36,1000,500,500,0.5,15,5,10,355.33806246892516,0.7452380952380953,0.01956370112966921,0.21907193194784258,133263.00643272034,2270.68370091735,135533.6901336377,3016,4,763.8888888888889,35,1,17,32.696843590031,0.6550595238095238,41.86921296296296,1032.523148148148,29.500661375661373,0
3152,4,2,2,36,0.05263157894736842,0.05263157894736842,0.9473684210526316,38,750,500,250,0.6666666666666666,10,5,5,337.9162916777275,0.7550082977714557,0.016584081067809286,0.21079540099896313,133698.92659279768,1435.8090951061686,135134.73568790386,3017,0,724.6315789473684,37,1,17,32.71045377438506,0.6554054054054055,41.44736842105262,1034.2105263157885,27.95163584637266,0
3153,4,0,1,35,0.0,0.027777777777777776,0.9722222222222222,36,950,500,450,0.5263157894736842,14,5,9,356.0642791690724,0.7461640211640213,0.0068208114059644664,0.22129506452741707,133561.9363667052,2311.326919367275,135873.26328607247,3018,6,765.8888888888889,35,1,17,32.37844306348674,0.6580357142857143,41.57986111111111,1033.680555555555,29.53373015873014,0
3154,4,0,0,35,0.0,0.0,1.0,35,550,400,150,0.7272727272727273,7,4,3,361.3610941165652,0.7383053221288515,0.011676045677428304,0.2244160957882704,133533.737244898,2650.779478458058,136184.51672335604,3019,7,786.7428571428571,34,1,17,32.269830300238056,0.6599264705882353,41.60714285714286,1033.571428571429,30.399159663865557,0
3155,4,0,0,35,0.0,0.0,1.0,35,800,300,500,0.375,13,3,10,361.3610941165652,0.7383053221288515,0.011676045677428304,0.2244160957882704,133533.737244898,2650.779478458058,136184.51672335604,3020,8,787.7428571428571,34,1,17,32.269830300238056,0.6599264705882353,41.60714285714286,1033.571428571429,30.399159663865557,0
3156,4,0,0,35,0.0,0.0,1.0,35,950,700,250,0.7368421052631579,12,7,5,358.16687762601293,0.7362745098039215,0.001776461880088842,0.22298776574780813,133626.03635204086,2572.0840419501196,136198.12039399098,3021,9,788.7428571428571,34,1,17,32.259882939934755,0.660845588235294,41.517857142857146,1033.9285714285718,30.40966386554623,0
3157,4,0,0,35,0.0,0.0,1.0,35,1050,900,150,0.8571428571428571,12,9,3,357.37251405108685,0.7357843137254901,0.0010980160099940406,0.2236086767183584,133810.73022959195,2564.055413832216,136374.78564342417,3022,10,789.7428571428571,34,1,17,32.09546273923216,0.6626838235294117,41.33928571428572,1034.642857142858,30.43067226890759,0
3158,4,0,0,35,0.0,0.0,1.0,35,800,400,400,0.5,12,4,8,356.34218557712313,0.736344537815126,2.629675892440453e-05,0.22315030814382966,133841.5249433107,2538.676303854875,136380.2012471656,3023,11,790.7428571428571,34,1,17,32.0912908421537,0.6629901960784313,41.30952380952381,1034.761904761905,30.434173669467796,0
3159,4,0,0,35,0.0,0.0,1.0,35,450,200,250,0.4444444444444444,7,2,5,355.95121437840874,0.7357843137254901,-0.0035759478069385953,0.22309184618540084,133872.32320011352,2530.4032029478612,136402.7264030614,3024,12,791.7428571428571,34,1,17,32.07058361133479,0.6632965686274509,41.27976190476191,1034.8809523809537,30.43767507002805,0
3160,4,0,0,35,0.0,0.0,1.0,35,1200,900,300,0.75,15,9,6,356.5142539794919,0.7355042016806722,-0.0016057649594445333,0.22159006924151226,133564.5000708616,2523.529620181399,136088.029691043,3025,13,792.7428571428571,34,1,20,32.36424622826211,0.6602328431372548,41.57738095238095,1033.6904761904757,30.402661064425757,3
3161,4,0,0,35,0.0,0.0,1.0,35,550,300,250,0.5454545454545454,8,3,5,357.1632216829632,0.7358543417366946,-0.001210207840041777,0.2229191142228149,133718.3673469388,2551.856575963723,136270.2239229025,3026,14,793.7428571428571,34,1,14,32.19335098219767,0.6617647058823529,41.42857142857143,1034.2857142857144,30.420168067226896,0
3162,4,0,0,35,0.0,0.0,1.0,35,1150,1000,150,0.8695652173913043,13,10,3,360.88217336601195,0.7343837535014005,-0.0022746696469662098,0.22599336101566123,133841.52494331068,2660.2040816326544,136501.72902494334,3027,15,794.7428571428571,34,1,16,31.973845681853046,0.6629901960784313,41.30952380952381,1034.7619047619048,30.43417366946779,0
3163,4,0,0,35,0.0,0.0,1.0,35,900,700,200,0.7777777777777778,11,7,4,361.3853298793435,0.732422969187675,-0.006257188865884666,0.22668716146977008,133903.12500000015,2678.125000000014,136581.25000000015,3028,16,795.7428571428571,34,1,16,31.899154589371985,0.6636029411764706,41.25000000000001,1035.0000000000011,30.441176470588267,0
3164,4,0,0,35,0.0,0.0,1.0,35,900,700,200,0.7777777777777778,11,7,4,363.4698333317816,0.7328431372549019,-0.006328032592981758,0.22837671030731058,133964.73922902514,2738.4282879818866,136703.16751700704,3029,17,796.7428571428571,34,1,17,31.783530742103657,0.6642156862745097,41.190476190476204,1035.2380952380968,30.448179271708728,0
3165,4,0,0,35,0.0,0.0,1.0,35,550,400,150,0.7272727272727273,7,4,3,363.4698333317816,0.7328431372549019,-0.006328032592981758,0.22837671030731058,133964.73922902514,2738.4282879818866,136703.16751700704,3030,18,797.7428571428571,34,1,17,31.783530742103657,0.6642156862745097,41.190476190476204,1035.2380952380968,30.448179271708728,0
3166,4,0,0,35,0.0,0.0,1.0,35,750,600,150,0.8,9,6,3,366.2240718721098,0.7317226890756302,-0.01612479474548434,0.23088039313676506,134088.01020408183,2821.251417233585,136909.2616213154,3031,19,798.7428571428571,34,1,17,31.588840996168592,0.6654411764705881,41.071428571428584,1035.7142857142871,30.46218487394962,0
3167,4,0,0,35,0.0,0.0,1.0,35,750,400,350,0.5333333333333333,11,4,7,365.2637310094073,0.7293417366946778,-0.01649159663865518,0.2310505461268811,134211.33786848088,2804.50680272111,137015.844671202,3032,20,799.7428571428571,34,1,17,31.49031096813727,0.6666666666666665,40.95238095238096,1036.1904761904775,30.476190476190514,0
3168,4,0,0,35,0.0,0.0,1.0,35,1050,700,350,0.6666666666666666,14,7,7,365.31771944832894,0.7281512605042016,-0.016467114974577646,0.23225673988284298,134396.43565759656,2819.479875283464,137215.91553288003,3033,21,800.7428571428571,34,1,18,31.303817451205507,0.6685049019607842,40.77380952380953,1036.9047619047633,30.49719887955186,0
3169,4,0,0,35,0.0,0.0,1.0,35,650,500,150,0.7692307692307693,8,5,3,375.0590811337303,0.7281512605042016,0.02790997438985099,0.23076133238783106,133187.44781153867,3010.562205887233,136198.0100174259,3034,22,801.7428571428571,33,2,16,32.26371740076774,0.6587752525252526,41.9424019607843,1032.2303921568614,31.279708853238223,4
3170,4,0,0,35,0.0,0.0,1.0,35,850,700,150,0.8235294117647058,10,7,3,379.4484187015331,0.7282913165266106,0.027438879658201465,0.23405800702628923,133282.3388240096,3114.7545415224495,136397.09336553206,3035,23,802.7428571428571,33,2,16,32.055047867711075,0.6597222222222224,41.85049019607841,1032.5980392156832,31.290849673202523,0
3171,4,0,1,34,0.0,0.02857142857142857,0.9714285714285714,35,700,500,200,0.7142857142857143,9,5,4,379.500924551673,0.7272408963585434,0.02789341650281396,0.2344892809473239,133345.61827181844,3120.957083813904,136466.57535563235,3036,24,803.7428571428571,33,2,16,31.990092548647368,0.6603535353535355,41.7892156862745,1032.8431372549012,31.298276886512156,0
3172,4,0,0,34,0.0,0.0,1.0,34,750,600,150,0.8,9,6,3,387.41490122335955,0.7196226975638741,0.028080915624168146,0.2387258211984484,133243.99495268334,3524.141828639922,136768.13678132326,3037,25,827.2647058823529,32,2,18,31.887968285027082,0.6617838541666667,41.887626262626256,1032.4494949494945,32.2640467171717,0
3173,4,0,0,34,0.0,0.0,1.0,34,600,400,200,0.6666666666666666,8,4,4,388.9654695709124,0.7201426024955437,0.027376423120904825,0.24010177929211243,133309.18281616663,3570.5337784409594,136879.7165946076,3038,26,828.2647058823529,32,2,19,31.782359294127225,0.6624348958333335,41.82449494949494,1032.7020202020194,32.27193813131311,0
3174,4,0,0,34,0.0,0.0,1.0,34,1000,900,100,0.9,11,9,2,385.43482806960907,0.7188799762329174,0.030950104592735617,0.2387595153742322,133439.6063698855,3486.454347770611,136926.0607176561,3039,27,829.2647058823529,32,2,19,31.74238258177524,0.6637369791666667,41.69823232323231,1033.207070707069,32.28772095959591,0
3175,4,0,0,34,0.0,0.0,1.0,34,900,600,300,0.6666666666666666,12,6,6,386.6227339028265,0.7191027926322044,0.03143793244670512,0.24034019153093694,133570.0936926079,3528.2469582185468,137098.34065082643,3040,28,830.2647058823529,32,2,19,31.580554537681696,0.6650390625,41.571969696969695,1033.712121212121,32.30350378787878,0
3176,4,0,0,34,0.0,0.0,1.0,34,700,400,300,0.5714285714285714,10,4,6,387.462475022129,0.7189171122994653,0.034167648495646574,0.2410746767082973,133602.7254871952,3553.208537394147,137155.93402458934,3041,29,831.2647058823529,32,2,19,31.5260645660316,0.6653645833333334,41.54040404040404,1033.8383838383838,32.307449494949495,0
3177,4,0,0,34,0.0,0.0,1.0,34,1300,1100,200,0.8461538461538461,15,11,4,382.0933312292069,0.7188057040998218,0.03051026342430041,0.23878647313202847,133765.94424357213,3422.2150482093666,137188.15929178149,3042,30,832.2647058823529,32,2,17,31.500976443305255,0.6669921875,41.38257575757576,1034.4696969696972,32.32717803030304,0
3178,4,0,0,34,0.0,0.0,1.0,34,1300,1000,300,0.7692307692307693,16,10,6,380.4525437427845,0.7192513368983958,0.02319149394115505,0.23902914989632892,133961.93827479353,3393.2320362718297,137355.17031106536,3043,31,833.2647058823529,32,2,18,31.34681058665692,0.6689453125,41.19318181818183,1035.2272727272739,32.35085227272731,0
3179,4,1,0,35,0.02857142857142857,0.0,1.0,35,900,600,300,0.6666666666666666,12,6,6,367.8241886341319,0.7322128851540616,0.016998277201635048,0.2332126677261985,134296.61218041144,2879.5084823145044,137176.12066272594,3044,0,810.4285714285714,33,2,19,31.338673445258934,0.6698232323232323,40.87009803921569,1036.5196078431377,31.409685086155687,0
3180,4,0,0,35,0.0,0.0,1.0,35,850,700,150,0.8235294117647058,10,7,3,366.00136327414515,0.730532212885154,0.021118012422360444,0.23327074840002732,134487.21645520942,2844.500913110331,137331.71736831975,3045,1,811.4285714285714,33,2,19,31.19535680529301,0.6717171717171717,40.686274509803916,1037.2549019607834,31.431966726084344,0
3181,4,0,0,35,0.0,0.0,1.0,35,850,700,150,0.8235294117647058,10,7,3,367.89729197916165,0.730532212885154,0.016982214572576426,0.23488827103284932,134550.78125,2900.173611111111,137450.95486111112,3046,2,812.4285714285714,33,2,19,31.08266398929049,0.6723484848484849,40.625,1037.5,31.439393939393938,0
3182,4,0,0,35,0.0,0.0,1.0,35,1050,700,350,0.6666666666666666,14,7,7,369.955213831998,0.7296218487394958,0.01995614774835519,0.23702879433865548,134677.95589436768,2964.962394271444,137642.91828863914,3047,3,813.4285714285714,33,2,19,30.902203856749303,0.673611111111111,40.50245098039216,1037.9901960784323,31.4542483660131,0
3183,4,0,1,34,0.0,0.02857142857142857,0.9714285714285714,35,1050,900,150,0.8571428571428571,12,9,3,366.70165036882145,0.7296218487394958,0.024990727940928492,0.23576857247537145,134805.19061178403,2886.6571751249594,137691.847786909,3048,4,814.4285714285714,33,2,17,30.85959011879474,0.6748737373737373,40.379901960784316,1038.4803921568634,31.469102792632224,0
3184,4,0,0,34,0.0,0.0,1.0,34,1000,800,200,0.8,12,8,4,373.20099635952397,0.7308749257278669,0.027036212855170216,0.23913370156443076,134681.810609249,3252.6771821752823,137934.48779142427,3049,5,823.6764705882352,32,2,19,30.814124396869808,0.6761067708333334,40.49873737373737,1038.00505050505,32.43765782828281,0
3185,4,0,1,33,0.0,0.029411764705882353,0.9705882352941176,34,950,500,450,0.5263157894736842,14,5,9,376.36939964114663,0.7303550207961973,0.0007629013941241602,0.23555869838177915,133820.69283749035,3273.2027645617045,137093.89560205204,3050,6,824.6764705882352,33,1,19,31.59409668759131,0.6650883838383839,41.3296568627451,1034.6813725490192,31.353980986333916,5
3186,4,0,0,33,0.0,0.0,1.0,33,750,500,250,0.6666666666666666,10,5,5,384.8184455916448,0.71646148989899,0.014067943284443496,0.2407024689448805,133798.59995153546,3697.6338511376307,137496.2338026731,3051,39,850.4848484848485,32,1,19,31.397719876332275,0.6673177083333334,41.3510101010101,1034.595959595959,32.331123737373716,0
3187,4,0,0,33,0.0,0.0,1.0,33,1150,800,350,0.6956521739130435,15,8,7,401.8438740361529,0.71646148989899,0.05127174471315943,0.24022120575641398,132105.7879935722,4017.1803259871594,136122.96831955935,3052,40,851.4848484848485,32,1,17,32.664732252517815,0.650390625,42.99242424242425,1028.030303030304,32.125946969697,3
3188,4,0,0,33,0.0,0.0,1.0,33,900,600,300,0.6666666666666666,12,6,6,402.0843760467951,0.7170928030303031,0.046693301787827046,0.24119140848874743,132235.62168401177,4033.9754871951764,136269.59717120696,3053,41,852.4848484848485,32,1,17,32.52721171945332,0.6516927083333334,42.86616161616161,1028.535353535353,32.14172979797978,0
3189,4,0,0,33,0.0,0.0,1.0,33,900,500,400,0.5555555555555556,13,5,8,407.40682750573984,0.7168560606060607,0.05365309537088736,0.24522641389747274,132365.51914345482,4185.323245077048,136550.84238853186,3054,42,853.4848484848485,32,1,17,32.25894683026586,0.6529947916666666,42.739898989899,1029.0404040404046,32.157512626262644,0
3190,4,0,0,33,0.0,0.0,1.0,33,650,400,250,0.6153846153846154,9,4,5,409.2838761494204,0.7166982323232324,0.057416267942583366,0.2465685790461144,132398.0034722223,4237.673611111116,136635.67708333343,3055,43,854.4848484848485,32,1,17,32.17780026990552,0.6533203125,42.708333333333336,1029.1666666666672,32.16145833333335,0
3191,4,0,0,33,0.0,0.0,1.0,33,600,100,500,0.16666666666666666,11,1,10,408.2000985206496,0.7159090909090909,0.05700776162012677,0.2461277517115632,132430.49178655233,4211.627958881742,136642.1197454341,3056,44,855.4848484848485,32,1,17,32.17283079816815,0.6536458333333334,42.676767676767675,1029.2929292929289,32.16540404040403,0
3192,4,1,0,34,0.029411764705882353,0.0,1.0,34,650,500,150,0.7692307692307693,8,5,3,399.3594112572407,0.7271613190730838,0.061680432486869385,0.24323041332980816,132808.22167255386,3807.6426434544455,136615.86431600832,3057,0,831.2941176470588,33,1,17,32.01895830856418,0.6549873737373737,42.310049019607845,1030.7598039215688,31.235145573380873,0
3193,4,0,1,33,0.0,0.029411764705882353,0.9705882352941176,34,700,300,400,0.42857142857142855,11,3,8,398.88106771365045,0.7279411764705883,0.05925708371793803,0.24314402475414693,132839.80320069205,3797.456507112652,136637.2597078047,3058,1,832.2941176470588,33,1,17,31.999425423997458,0.6553030303030303,42.279411764705884,1030.8823529411766,31.238859180035654,0
3194,4,0,0,33,0.0,0.0,1.0,33,1050,900,150,0.8571428571428571,12,9,3,398.7444795376481,0.7235637626262627,0.08322713953505123,0.24429629030188638,133029.3712153978,4008.945477700867,137038.3166930987,3059,2,852.8787878787879,33,0,17,31.811792191336007,0.6571969696969697,42.09558823529411,1031.6176470588225,31.261140819964318,0
3195,4,0,0,33,0.0,0.0,1.0,33,1350,1100,250,0.8148148148148148,16,11,5,394.10246076916894,0.7246685606060607,0.08534909982809347,0.2430971694319923,133282.33882400987,3905.3795415224795,137187.71836553235,3060,3,853.8787878787879,33,0,18,31.676754490070415,0.6597222222222223,41.850490196078425,1032.5980392156855,31.29084967320259,0
3196,4,1,1,33,0.029411764705882353,0.029411764705882353,0.9705882352941176,34,700,400,300,0.5714285714285714,10,4,6,382.51084903566385,0.7377822341057636,0.07575654930865605,0.23774815334120727,133564.50007086148,3417.9740646258297,136982.4741354873,3061,0,829.7352941176471,34,0,18,31.692435410188484,0.660232843137255,41.57738095238094,1033.6904761904748,30.40266106442573,0
3197,4,0,0,33,0.0,0.0,1.0,33,600,300,300,0.5,9,3,6,413.6121196644183,0.7219854797979799,0.13473181930720957,0.23430285432322373,130037.12153096612,4172.890797924606,134210.01232889073,3062,5,855.8787878787879,32,1,19,34.46603944870843,0.6295572916666667,45.012626262626256,1019.9494949494941,31.87342171717169,8
3198,4,1,0,34,0.029411764705882353,0.0,1.0,34,950,600,350,0.631578947368421,13,6,7,408.8761496864163,0.7368909685086156,0.15151493123200832,0.23432194074096893,130488.24737271712,3870.9017255892295,134359.14909830634,3063,0,831.6764705882352,32,2,18,34.126812489701756,0.6341145833333334,44.57070707070707,1021.717171717172,31.928661616161627,0
3199,4,0,0,34,0.0,0.0,1.0,34,850,700,150,0.8235294117647058,10,7,3,409.0488146283269,0.738339275103981,0.15242887766595237,0.23500710819136314,130585.01882779812,3883.1294319457115,134468.14825974384,3064,1,832.6764705882352,32,2,19,34.023831583281854,0.6350911458333334,44.4760101010101,1022.0959595959591,31.940498737373723,0
3200,4,3,1,36,0.08108108108108109,0.02702702702702703,0.972972972972973,37,1050,700,350,0.6666666666666666,14,7,7,383.6716228254239,0.7666416416416416,0.13456009200690056,0.22509093945003458,131390.93888168,2686.411674392187,134077.35055607217,3065,0,766.081081081081,33,4,22,33.854789226233166,0.6407828282828283,43.68872549019607,1025.2450980392146,31.068033273915592,0
3201,4,0,0,36,0.0,0.0,1.0,36,400,300,100,0.75,5,3,2,391.7242726215118,0.7558862433862434,0.1454984960561816,0.22889143343199947,131236.6230867347,3081.7141439909324,134318.33723072565,3066,1,788.3611111111111,34,2,22,33.80484876650788,0.6369485294117647,43.839285714285715,1024.6428571428573,30.136554621848745,0
3202,4,2,2,36,0.05263157894736842,0.05263157894736842,0.9473684210526316,38,900,600,300,0.6666666666666666,12,6,6,375.6037894803748,0.7749525841631105,0.12941776201319888,0.22193833235848598,131663.90483276642,2290.756094104301,133954.6609268707,3067,0,747.8157894736842,34,4,16,33.78547538955263,0.6412377450980392,43.422619047619044,1026.3095238095236,30.18557422969187,0
3203,4,1,1,36,0.02702702702702703,0.02702702702702703,0.972972972972973,37,1300,1000,300,0.7692307692307693,16,10,6,382.69259149940996,0.7609484484484484,0.1389083889083893,0.22667176573426578,131755.55555555545,2684.3749999999905,134439.93055555545,3068,0,769.0,34,3,17,33.51089015151516,0.6421568627450981,43.33333333333333,1026.6666666666658,30.196078431372523,0
3204,4,0,0,36,0.0,0.0,1.0,36,650,400,250,0.6153846153846154,9,4,5,390.18243066265063,0.752744708994709,0.14650596494021828,0.23023238139100588,131610.90573637543,3070.452620386394,134681.35835676183,3069,4,791.3611111111111,33,3,17,33.465081213424114,0.6429924242424242,43.474264705882355,1026.1029411764707,31.094028520499112,0
3205,4,0,0,36,0.0,0.0,1.0,36,600,500,100,0.8333333333333334,7,5,2,388.76288013514835,0.7525132275132276,0.14752673619403978,0.22958394628009388,131642.34459102261,3035.5314061899167,134677.87599721254,3070,5,792.3611111111111,33,3,17,33.469668020062095,0.6433080808080809,43.44362745098039,1026.2254901960778,31.09774212715387,0
3206,4,0,2,34,0.0,0.05555555555555555,0.9444444444444444,36,850,600,250,0.7058823529411765,11,6,5,391.03769994779714,0.7529431216931217,0.1451759447163532,0.23149984540372415,131736.68368235772,3102.801957179931,134839.48563953766,3071,6,793.3611111111111,33,3,18,33.31580020691577,0.6442550505050505,43.35171568627451,1026.5931372549019,31.10888294711824,0
3207,4,0,0,34,0.0,0.0,1.0,34,1200,800,400,0.6666666666666666,16,8,8,406.9709529546245,0.7341428995840761,0.15863244522615205,0.24019266046929827,131619.47959710762,3913.061007805346,135532.54060491297,3072,9,840.6764705882352,32,2,18,33.02571674664697,0.6455078125,43.4659090909091,1026.136363636365,32.06676136363641,0
3208,4,1,0,35,0.02857142857142857,0.0,1.0,35,500,300,200,0.6,7,3,4,397.1974829402961,0.7439775910364145,0.16722378396796955,0.23670937416164772,131988.4197934689,3485.0936238466034,135473.5134173155,3073,0,817.6285714285714,33,2,19,32.902877161598084,0.646780303030303,43.106617647058826,1027.573529411765,31.13859180035652,0
3209,4,0,0,35,0.0,0.0,1.0,35,1050,800,250,0.7619047619047619,13,8,5,392.23097055561567,0.7436974789915966,0.16126439130730974,0.23433286189604752,132082.88278546726,3361.3994617454987,135444.28224721274,3074,1,818.6285714285714,33,2,19,32.934946749324446,0.6477272727272727,43.01470588235295,1027.9411764705892,31.149732620320886,0
3210,4,0,0,35,0.0,0.0,1.0,35,750,300,450,0.4,12,3,9,392.23097055561567,0.7435574229691876,0.16126439130730974,0.23433286189604752,132082.88278546726,3361.3994617454987,135444.28224721274,3075,2,819.6285714285714,33,2,19,32.934946749324446,0.6477272727272727,43.01470588235295,1027.9411764705892,31.149732620320886,0
3211,4,1,1,35,0.027777777777777776,0.027777777777777776,0.9722222222222222,36,1050,800,250,0.7619047619047619,13,8,5,381.4191348817387,0.7539682539682541,0.15125955915429623,0.22978177150192558,132398.00347222228,2900.201845444065,135298.20531766635,3076,0,797.8333333333334,33,3,19,32.89473684210527,0.6508838383838383,42.708333333333336,1029.166666666667,31.186868686868696,0
3212,4,0,0,35,0.0,0.0,1.0,35,750,500,250,0.6666666666666666,10,5,5,392.5693879585291,0.7436274509803921,0.16535012337275612,0.2359069443029244,132303.42784325755,3387.6551386486194,135691.08298190616,3077,4,821.6285714285714,33,2,20,32.70337006154458,0.6499368686868685,42.80024509803923,1028.7990196078445,31.175727866904378,0
3213,4,0,0,35,0.0,0.0,1.0,35,1200,1000,200,0.8333333333333334,14,10,4,389.4129880713074,0.7443277310924369,0.16265353682255412,0.2350025234452531,132462.9840864453,3316.595079478907,135779.5791659242,3078,5,822.6285714285714,32,3,20,32.623471932621925,0.6539713541666666,42.64520202020202,1029.4191919191921,32.169349747474755,0
3214,4,1,0,36,0.027777777777777776,0.0,1.0,36,850,700,150,0.8235294117647058,10,7,3,382.3653997719492,0.7526785714285715,0.16558673166091964,0.23288018663880297,132808.22167255403,2956.2537545655714,135764.4754271196,3079,0,800.75,33,3,18,32.456876907224654,0.6549873737373737,42.31004901960785,1030.7598039215702,31.235145573380915,0
3215,4,0,0,36,0.0,0.0,1.0,36,800,500,300,0.625,11,5,6,379.773854992745,0.7537698412698414,0.16514455142174178,0.23169234532661082,132871.38848339583,2892.2158845155736,135763.6043679114,3080,1,801.75,33,3,18,32.46005685645231,0.6556186868686869,42.24877450980392,1031.0049019607845,31.24257278669044,0
3216,4,0,0,36,0.0,0.0,1.0,36,650,400,250,0.6153846153846154,9,4,5,378.9179401176825,0.752910052910053,0.1619006125897755,0.23175678663011767,132966.16685890066,2876.6532103037584,135842.8200692044,3081,2,802.75,33,3,18,32.3867237008872,0.6565656565656565,42.15686274509805,1031.3725490196098,31.25371360665484,0
3217,4,0,0,36,0.0,0.0,1.0,36,800,700,100,0.875,9,7,2,376.9957040224894,0.7543981481481482,0.16090258806139568,0.23116728566389966,133060.9790254952,2832.6834931276685,135893.66251862288,3082,3,803.75,33,3,20,32.34091044066991,0.6575126262626261,42.06495098039217,1031.740196078433,31.26485442661918,0
3218,4,0,0,36,0.0,0.0,1.0,36,1100,800,300,0.7272727272727273,14,8,6,380.92487414078164,0.7522156084656085,0.16473082960676422,0.2343703590129882,133187.44781153902,2946.882358948502,136134.33017048752,3083,4,804.75,33,3,20,32.11234615536824,0.6587752525252524,41.94240196078432,1032.2303921568641,31.279708853238308,0
3219,4,0,0,36,0.0,0.0,1.0,36,1050,800,250,0.7619047619047619,13,8,5,383.41732743904925,0.7529431216931217,0.15982191112692945,0.2371111264111333,133377.26362757114,3027.8307922433673,136405.0944198145,3084,5,805.75,33,3,20,31.857154862182142,0.6606691919191918,41.75857843137255,1032.9656862745098,31.301990493166965,0
3220,4,0,0,36,0.0,0.0,1.0,36,800,500,300,0.625,11,5,6,383.7433106920576,0.7531084656084657,0.16352313167259802,0.23751513282922504,133408.91273788924,3038.9555699730854,136447.86830786234,3085,6,806.75,33,3,20,31.81692368525108,0.6609848484848485,41.72794117647059,1033.0882352941176,31.305704099821746,0
3221,4,0,0,36,0.0,0.0,1.0,36,850,500,350,0.5882352941176471,12,5,7,379.7628902909112,0.7539682539682541,0.15688950477310293,0.2358808938285799,133539.5050048827,2942.6997142587743,136482.20471914147,3086,7,807.75,31,5,21,31.788548752834473,0.6673387096774195,41.60156249999999,1033.593749999999,33.341733870967715,0
3222,4,0,0,36,0.0,0.0,1.0,36,450,300,150,0.6666666666666666,6,3,3,378.37179348895046,0.7523148148148149,0.15517772180240685,0.23544451726506777,133606.80474175332,2910.6092664930316,136517.41400824636,3087,8,808.75,31,5,21,31.756926952141043,0.6680107526881722,41.53645833333332,1033.8541666666654,33.35013440860211,0
3223,4,0,0,36,0.0,0.0,1.0,36,550,200,350,0.36363636363636365,9,2,7,377.1738939621151,0.7520171957671958,0.1535385971540113,0.23491277583946302,133640.46096801746,2881.1386108398297,136521.5995788573,3088,9,809.75,31,5,21,31.754108424631657,0.6683467741935485,41.50390624999999,1033.984374999999,33.354334677419324,0
3224,4,0,0,36,0.0,0.0,1.0,36,450,300,150,0.6666666666666666,6,3,3,377.1738939621151,0.7520171957671958,0.1535385971540113,0.23491277583946302,133640.46096801746,2881.1386108398297,136521.5995788573,3089,10,810.75,31,5,21,31.754108424631657,0.6683467741935485,41.50390624999999,1033.984374999999,33.354334677419324,0
3225,4,0,0,36,0.0,0.0,1.0,36,1000,600,400,0.6,14,6,8,380.0703467554034,0.7518849206349207,0.15235647856793233,0.23758134578848766,133775.12825859906,2968.791876898852,136743.9201354979,3090,11,811.75,31,5,20,31.544079085378645,0.6696908602150538,41.37369791666666,1034.5052083333323,33.37113575268814,0
3226,4,0,0,36,0.0,0.0,1.0,36,750,400,350,0.5333333333333333,11,4,7,380.52482044413193,0.7508267195767196,0.15408297339986876,0.2387365270489663,133909.863366021,2991.2053426106677,136901.06870863165,3091,12,812.75,31,5,20,31.39716211682812,0.6710349462365592,41.24348958333333,1035.026041666666,33.38793682795697,0
3227,4,0,0,36,0.0,0.0,1.0,36,1200,800,400,0.6666666666666666,16,8,8,382.1318251561684,0.7498346560846562,0.15699754080035788,0.24040445202862742,134010.95920138882,3041.970486111101,137052.9296874999,3092,13,813.75,31,5,20,31.2541918175721,0.6720430107526882,41.14583333333333,1035.416666666666,33.400537634408586,0
3228,4,0,0,36,0.0,0.0,1.0,36,900,700,200,0.7777777777777778,11,7,4,382.2239586160684,0.7483465608465609,0.1582010249535699,0.24156918496489718,134179.53703138558,3057.3267618815057,137236.86379326708,3093,14,814.75,31,5,20,31.082825394830547,0.67372311827957,40.983072916666664,1036.067708333333,33.42153897849462,0
3229,4,0,0,36,0.0,0.0,1.0,36,1400,1300,100,0.9285714285714286,15,13,2,382.11805254678984,0.7476190476190476,0.1527016789101292,0.24309338230571528,134419.81565975407,3072.8476367207363,137492.6632964748,3094,15,815.75,32,4,20,30.844900361215956,0.6735026041666667,40.75126262626262,1036.9949494949492,32.40609217171716,0
3230,4,0,0,36,0.0,0.0,1.0,36,800,500,300,0.625,11,5,6,382.73576232641415,0.7450066137566138,0.1549531459170015,0.24436206363917204,134550.78125,3099.5429356698287,137650.32418566983,3095,16,816.75,31,5,21,30.697791164658636,0.6774193548387097,40.625,1037.5,33.46774193548387,0
3231,4,0,0,36,0.0,0.0,1.0,36,1100,800,300,0.7272727272727273,14,8,6,383.9282361615254,0.7434854497354498,0.15771632035898953,0.24626386379049417,134719.69816419814,3144.539218478738,137864.2373826769,3096,17,817.75,31,5,22,30.497852125925,0.6790994623655914,40.462239583333336,1038.1510416666667,33.488743279569896,0
3232,4,0,0,36,0.0,0.0,1.0,36,800,600,200,0.75,10,6,4,383.43003704759184,0.7423611111111111,0.1582410309996516,0.2464024613581424,134787.29459974507,3136.2994723849924,137923.59407213007,3097,18,818.75,31,5,19,30.443181818181827,0.679771505376344,40.39713541666667,1038.411458333334,33.49714381720432,0
3233,4,0,0,36,0.0,0.0,1.0,36,1400,900,500,0.6428571428571429,19,9,10,387.7940465198084,0.741005291005291,0.1607769423558898,0.25037188440356556,134956.35986328125,3267.0545789930566,138223.4144422743,3098,19,819.75,31,5,20,30.160818713450293,0.6814516129032258,40.234375,1039.0625,33.51814516129032,0
3234,4,0,0,36,0.0,0.0,1.0,36,600,300,300,0.5,9,3,6,386.83387266032327,0.7403108465608466,0.16293210263264157,0.24998551722283746,134990.18563164613,3243.755255805131,138233.94088745126,3099,20,820.75,31,5,20,30.151949421542824,0.6817876344086021,40.20182291666667,1039.1927083333342,33.522345430107556,0
3235,4,0,0,36,0.0,0.0,1.0,36,1050,700,350,0.6666666666666666,14,7,7,385.39035076655546,0.7403439153439154,0.16250556837970298,0.2491868010337407,135009.66299676054,3206.284275839204,138215.94727259973,3100,21,821.75,32,4,20,30.16998744583486,0.6793619791666666,40.18308080808081,1039.267676767677,32.4771148989899,0
3236,4,0,0,36,0.0,0.0,1.0,36,700,200,500,0.2857142857142857,12,2,10,387.4435400079216,0.7394179894179894,0.1606239118992674,0.25096952516799526,135075.28130101532,3266.8090309662434,138342.09033198157,3101,22,822.75,32,4,20,30.051064820438075,0.6800130208333333,40.1199494949495,1039.5202020202028,32.485006313131336,0
3237,4,0,0,36,0.0,0.0,1.0,36,750,400,350,0.5333333333333333,11,4,7,386.5912478437808,0.7390542328042329,0.16470373967945595,0.25110138148591316,135173.73864911744,3251.3968600142857,138425.13550913174,3102,23,823.75,32,4,21,29.97485632183907,0.6809895833333334,40.025252525252526,1039.89898989899,32.49684343434344,0
3238,4,1,1,36,0.02702702702702703,0.02702702702702703,0.972972972972973,37,850,600,250,0.7058823529411765,11,6,5,376.7148976861961,0.7442442442442443,0.15835661420780323,0.2465189785012752,135442.26529459833,2804.6238225682546,138246.88911716657,3103,0,802.4594594594595,33,4,21,29.963797975041206,0.6811868686868687,39.767156862745104,1040.9313725490204,31.54337492572789,0
3239,4,0,0,36,0.0,0.0,1.0,36,500,100,400,0.2,9,1,8,385.3164176642474,0.7362764550264551,0.16850728155339834,0.25118728493302195,135305.07091113145,3227.053043056825,138532.12395418828,3104,25,825.75,32,4,21,29.876870954692556,0.6822916666666667,39.898989898989896,1040.40404040404,32.51262626262625,0
3240,4,0,0,36,0.0,0.0,1.0,36,1000,600,400,0.6,14,6,8,386.17997964856414,0.7357804232804234,0.1699118443932226,0.2524410445870829,135403.6119560505,3258.0328219059397,138661.64477795645,3105,26,826.75,32,4,21,29.756055643171983,0.6832682291666666,39.804292929292934,1040.782828282829,32.52446338383841,0
3241,4,0,0,36,0.0,0.0,1.0,36,850,400,450,0.47058823529411764,13,4,9,384.40652280975235,0.7353505291005291,0.16514652230198923,0.2522241099856731,135537.95602953192,3220.3348772106974,138758.29090674262,3106,27,827.75,33,3,21,29.668191714722848,0.6821338383838383,39.67524509803922,1041.2990196078433,31.55451574569222,0
3242,4,0,0,36,0.0,0.0,1.0,36,750,600,150,0.8,9,6,3,385.398488106122,0.7352843915343916,0.170752961435376,0.2537920414269203,135667.59109497073,3257.284480780191,138924.87557575092,3107,28,828.75,31,5,22,29.51310773653293,0.688508064516129,39.55078125,1041.7968750000002,33.60635080645162,0
3243,4,0,0,36,0.0,0.0,1.0,36,850,600,250,0.7058823529411765,11,6,5,386.6507525847269,0.7327380952380953,0.17811927369648495,0.25534262571684446,135769.34814453128,3299.064127604167,139068.41227213544,3108,29,829.75,31,5,22,29.37906046976512,0.689516129032258,39.453125,1042.1875000000002,33.61895161290323,0
3244,4,0,0,36,0.0,0.0,1.0,36,700,700,0,1.0,7,7,0,386.6507525847269,0.7327050264550266,0.17811927369648495,0.25534262571684446,135769.34814453128,3299.064127604167,139068.41227213544,3109,30,830.75,31,5,22,29.37906046976512,0.689516129032258,39.453125,1042.1875000000002,33.61895161290323,0
3245,4,0,0,36,0.0,0.0,1.0,36,600,500,100,0.8333333333333334,7,5,2,383.34450675478087,0.7317129629629631,0.17573003186543446,0.25401051896181276,135889.11115916952,3218.4688581314836,139107.580017301,3110,31,831.75,33,3,20,29.34590973201693,0.6856060606060606,39.338235294117645,1042.647058823529,31.59536541889482,0
3246,4,0,0,36,0.0,0.0,1.0,36,700,400,300,0.5714285714285714,10,4,6,384.69042663891776,0.7317129629629631,0.14807347670250892,0.2385080645161291,133472.22222222228,3069.0972222222335,136541.3194444445,3111,32,832.75,34,2,20,31.728830645161292,0.6593137254901961,41.66666666666667,1033.333333333334,30.392156862745114,5
3247,4,1,1,36,0.02702702702702703,0.02702702702702703,0.972972972972973,37,950,800,150,0.8421052631578947,11,8,3,376.02677263265787,0.7390515515515516,0.13962823057918583,0.23430190438215692,133656.8098072563,2651.7077664399158,136308.5175736962,3112,0,811.2162162162163,34,3,20,31.767355514621237,0.6611519607843137,41.48809523809524,1034.0476190476195,30.413165266106457,0
3248,4,0,0,36,0.0,0.0,1.0,36,1150,900,250,0.782608695652174,14,9,5,382.7105794069699,0.7324074074074075,0.14444246808174244,0.23748331980419263,133503.882596237,3018.6696522971883,136522.5522485342,3113,34,834.75,33,3,20,31.74816692359381,0.6619318181818181,41.6360294117647,1033.455882352941,31.316844919786092,0
3249,4,0,1,35,0.0,0.027777777777777776,0.9722222222222222,36,1000,700,300,0.7,13,7,6,381.0468473728045,0.731415343915344,0.1455155060206046,0.23665310093830874,133535.54672481734,2976.659818339094,136512.20654315644,3114,35,835.75,33,3,20,31.759347087186782,0.6622474747474747,41.60539215686274,1033.5784313725487,31.32055852644087,0
3250,4,0,0,35,0.0,0.0,1.0,35,1050,700,350,0.6666666666666666,14,7,7,387.5123564755023,0.7283613445378151,0.15491055065887105,0.24046919164154557,133504.8420601214,3346.955189521479,136851.79724964287,3115,36,856.5714285714286,32,3,20,31.623141926287936,0.6643880208333334,41.63510101010101,1033.4595959595958,32.29561237373737,0
3251,4,0,0,35,0.0,0.0,1.0,35,850,600,250,0.7058823529411765,11,6,5,385.322958584029,0.7276610644257703,0.15344186776946023,0.23953219908332912,133570.09369260792,3293.524735996325,136863.61842860424,3116,37,857.5714285714286,32,3,20,31.61414437522901,0.6650390625,41.571969696969695,1033.7121212121212,32.30350378787879,0
3252,4,0,0,35,0.0,0.0,1.0,35,550,400,150,0.7272727272727273,7,4,3,383.9149861127882,0.7284313725490196,0.15158555729984302,0.23928947764564196,133668.00103305787,3263.4297520661144,136931.430785124,3117,38,858.5714285714286,32,3,20,31.552197802197792,0.666015625,41.47727272727273,1034.0909090909092,32.315340909090914,0
3253,4,1,0,36,0.027777777777777776,0.0,1.0,36,650,500,150,0.7692307692307693,8,5,3,372.6272889604707,0.7376322751322751,0.150131492439185,0.234627465850669,134042.68340301808,2789.592344290663,136832.27574730874,3118,0,835.6944444444445,33,3,20,31.468441814595668,0.6672979797979798,41.115196078431374,1035.5392156862747,31.379976232917414,0
3254,4,0,0,36,0.0,0.0,1.0,36,900,600,300,0.6666666666666666,12,6,6,369.5537599862432,0.7376322751322751,0.13600901871583027,0.21451581356254978,130982.91710219637,2481.045901816621,133463.963004013,3119,1,836.6944444444445,33,3,19,34.62964902829322,0.6366792929292928,44.087009803921575,1023.6519607843145,31.01975638740347,7
3255,4,0,0,36,0.0,0.0,1.0,36,800,600,200,0.75,10,6,4,366.4407191213079,0.7368716931216932,0.13342974931843887,0.21305582520936167,131045.64838343424,2404.092326268739,133449.74070970298,3120,2,837.6944444444445,33,3,19,34.64579593058049,0.6373106060606061,44.025735294117645,1023.8970588235293,31.02718360071301,0
3256,4,0,0,36,0.0,0.0,1.0,36,900,300,600,0.3333333333333333,15,3,12,366.52588348872507,0.737367724867725,0.13202755172597236,0.21327926757881507,131077.01965590153,2408.6240868896525,133485.64374279117,3121,3,838.6944444444445,33,3,19,34.6118557523536,0.6376262626262627,43.995098039215684,1024.019607843137,31.030897207367786,0
3257,4,0,0,36,0.0,0.0,1.0,36,400,100,300,0.25,7,1,6,367.5941085961316,0.7370039682539683,0.13265991251512355,0.21407553766814444,131108.39468293454,2438.9346945886286,133547.32937752316,3122,4,839.6944444444445,33,3,19,34.55274520362172,0.6379419191919191,43.96446078431373,1024.1421568627457,31.034610814022596,0
3258,4,0,0,36,0.0,0.0,1.0,36,900,600,300,0.6666666666666666,12,6,6,352.47512080484825,0.7364748677248678,0.13956955788927816,0.20004713809917565,130110.72137188216,1972.1584467120317,132082.8798185942,3123,5,840.6944444444445,34,2,21,35.95026254375729,0.6256127450980391,44.9404761904762,1020.2380952380959,30.007002801120468,2
3259,4,1,1,36,0.02702702702702703,0.02702702702702703,0.972972972972973,37,800,400,400,0.5,12,4,8,344.57110510759657,0.7483108108108109,0.13442306844032204,0.19678634751084995,130353.74858276661,1583.315617913855,131937.06420068047,3124,0,818.9459459459459,34,3,21,35.90556267972334,0.628063725490196,44.70238095238096,1021.1904761904775,30.035014005602278,0
3260,4,1,0,37,0.02702702702702703,0.0,1.0,37,600,500,100,0.8333333333333334,7,5,2,345.3850636960472,0.7452452452452453,0.13972047087870898,0.1978701346221282,130475.34722222238,1612.847222222242,132088.1944444446,3125,0,819.918918918919,34,3,22,35.76162316476346,0.6292892156862744,44.58333333333334,1021.6666666666679,30.049019607843174,0
3261,4,0,1,36,0.0,0.02702702702702703,0.972972972972973,37,1100,800,300,0.7272727272727273,14,8,6,346.722911011167,0.7456831831831832,0.13493050417919394,0.19910476194186416,130566.58340419503,1654.0851757369646,132220.66857993198,3126,1,820.918918918919,34,3,19,35.635070860027184,0.6302083333333333,44.49404761904762,1022.0238095238096,30.059523809523814,0
3262,4,2,1,37,0.05263157894736842,0.02631578947368421,0.9736842105263158,38,700,400,300,0.5714285714285714,10,4,6,336.50675790571336,0.7556009957325747,0.12714083756286376,0.19445466849971393,130809.21292914546,1203.6368293969817,132012.84975854243,3127,0,800.2368421052631,36,2,20,35.650823792749165,0.6284722222222221,44.256756756756765,1022.9729729729738,28.41591591591594,0
3263,4,0,0,37,0.0,0.0,1.0,37,1000,700,300,0.7,13,7,6,341.93099730142035,0.7450575575575575,0.13428796002067456,0.19736409034308644,130765.21675936645,1542.536195773321,132307.75295513976,3128,1,822.8648648648649,35,2,20,35.5565850024518,0.6300595238095238,44.29976851851852,1022.8009259259262,29.222883597883605,0
3264,4,1,0,38,0.02631578947368421,0.0,1.0,38,800,500,300,0.625,11,5,6,334.15212392774345,0.7486071597913704,0.14041068142094848,0.19454413668366846,131097.3705969484,1161.292965262571,132258.66356221098,3129,0,802.1842105263158,36,2,21,35.42010299831389,0.6313657407407407,43.97522522522523,1024.0990990991,28.44719719719722,0
3265,4,0,0,38,0.0,0.0,1.0,38,800,400,400,0.5,12,4,8,336.0209751316748,0.748784969179706,0.1453733277785494,0.19592607626908418,131155.04017531042,1214.1688986283596,132369.20907393878,3130,1,803.1842105263158,36,2,21,35.314057461155095,0.6319444444444444,43.91891891891892,1024.3243243243242,28.45345345345345,0
3266,4,0,0,38,0.0,0.0,1.0,38,950,600,350,0.631578947368421,13,6,7,337.8806935574999,0.7482811759127549,0.1445040741618906,0.19775255254448906,131299.269603218,1272.6976554256864,132571.9672586437,3131,2,804.1842105263158,36,2,21,35.12091162143352,0.6333912037037038,43.77815315315315,1024.8873873873868,28.469094094094075,0
3267,4,1,0,39,0.02564102564102564,0.0,1.0,39,600,400,200,0.6666666666666666,8,4,4,331.12660629096433,0.7561853351327036,0.14849395556155875,0.19541616816860513,131616.85333982614,916.3715658225583,132533.2249056487,3132,0,784.5384615384615,36,3,17,34.974026924202505,0.6365740740740742,43.46846846846846,1026.1261261261247,28.503503503503467,0
3268,4,1,0,40,0.025,0.0,1.0,40,1250,1100,150,0.88,14,11,3,323.1029196723628,0.7629807692307692,0.14009444029452633,0.19248553466304533,131975.16453379847,528.3121970221198,132503.47673082058,3133,0,765.9,37,3,19,34.819634155017255,0.6382319819819822,43.11951754385963,1027.5219298245581,27.770862968231302,0
3269,4,0,0,40,0.0,0.0,1.0,40,900,500,400,0.5555555555555556,13,5,8,323.6173368888895,0.7610576923076923,0.14554933333333397,0.19336599957510078,132087.85545792902,549.1840037318856,132637.0394616609,3134,1,766.9,37,3,20,34.69322222222224,0.6393581081081082,43.009868421052616,1027.9605263157866,27.78271692745369,0
3270,4,1,0,41,0.024390243902439025,0.0,1.0,41,900,600,300,0.6666666666666666,12,6,6,316.51067875231524,0.7711382113821138,0.14634146341463428,0.1906783845166383,132398.0034722219,181.8037761618564,132579.80724838376,3135,0,749.170731707317,36,5,21,34.564777327935204,0.6443865740740742,42.708333333333314,1029.166666666664,28.58796296296289,0
3271,4,0,0,41,0.0,0.0,1.0,41,550,300,250,0.5454545454545454,8,3,5,314.12606806695106,0.7697154471544716,0.13633890275910643,0.18997147925953678,132542.91453615748,127.03691867539732,132669.9514548329,3136,1,750.170731707317,36,5,22,34.48094378827645,0.6458333333333335,42.56756756756755,1029.7297297297273,28.603603603603535,0
3272,4,0,0,41,0.0,0.0,1.0,41,1000,600,400,0.6,14,6,8,314.12606806695106,0.7697154471544716,0.13633890275910643,0.18997147925953678,132542.91453615748,127.03691867539732,132669.9514548329,3137,2,751.170731707317,36,5,22,34.48094378827645,0.6458333333333335,42.56756756756755,1029.7297297297273,28.603603603603535,0
3273,4,0,0,41,0.0,0.0,1.0,41,950,600,350,0.631578947368421,13,6,7,311.2398586990916,0.7692073170731707,0.1368117929023429,0.18848974808256358,132595.55975155783,53.80465624034261,132649.36440779816,3138,3,752.170731707317,37,4,22,34.50253291458176,0.6444256756756759,42.516447368421034,1029.934210526313,27.836059743954408,0
3274,4,0,0,41,0.0,0.0,1.0,41,1100,700,400,0.6363636363636364,15,7,8,312.2747399126676,0.7686991869918699,0.13910876309401754,0.189400980082602,132652.0314543894,84.77572426126136,132736.80717865066,3139,4,753.170731707317,37,4,15,34.41934983147064,0.644988738738739,42.46162280701752,1030.1535087719265,27.84198672356558,0
3275,4,0,1,40,0.0,0.024390243902439025,0.975609756097561,41,1000,800,200,0.8,12,8,4,325.5340009127761,0.7702235772357724,0.14657904713762182,0.19857162508269857,132865.71905361972,450.4618215355431,133316.18087515526,3140,5,754.170731707317,38,3,16,33.863773747841115,0.6452850877192982,42.254273504273506,1030.9829059829062,27.131129104813322,3
3276,4,0,1,39,0.0,0.025,0.975,40,1000,600,400,0.6,14,6,8,331.6203004778275,0.7585470085470085,0.1578972559029994,0.20219805869601368,132849.77709487517,811.1365997229708,133660.91369459813,3141,8,773.9,37,3,16,33.722878111040195,0.6469594594594594,42.26973684210525,1030.9210526315776,27.8627311522048,0
3277,4,0,0,39,0.0,0.0,1.0,39,750,600,150,0.8,9,6,3,336.32738000635743,0.7513495276653172,0.16286197776582423,0.20465878868471954,132774.93709926138,1131.169345020696,133906.10644428208,3142,10,794.5384615384615,36,3,16,33.67660984848486,0.6481481481481481,42.34234234234234,1030.6306306306303,28.62862862862862,0
3278,4,1,0,40,0.025,0.0,1.0,40,1050,800,250,0.7619047619047619,13,8,5,334.3175881005508,0.7581730769230769,0.1729604843849586,0.20570364538422123,133189.11227493064,905.4925554016514,134094.60483033228,3143,0,775.65,37,3,18,33.31341618865519,0.6503378378378379,41.940789473684205,1032.2368421052624,27.898293029871958,0
3279,4,0,1,39,0.0,0.025,0.975,40,1100,900,200,0.8181818181818182,13,9,4,335.7878325179692,0.7570245726495727,0.17930952128224176,0.20771222391016342,133387.2576778432,957.9636282317672,134345.221306075,3144,1,776.65,37,3,18,33.0771459151541,0.6523085585585585,41.74890350877193,1033.0043859649127,27.919037458511152,0
3280,4,0,0,39,0.0,0.0,1.0,39,700,600,100,0.8571428571428571,8,6,2,344.30935619443244,0.7535987404408457,0.1797807470035142,0.2126371114921984,133326.8038942662,1381.1332024592505,134707.93709672545,3145,2,797.1794871794872,36,3,19,32.91762076109477,0.6536458333333333,41.80743243243245,1032.7702702702727,28.68806306306313,0
3281,4,0,0,39,0.0,0.0,1.0,39,800,600,200,0.75,10,6,4,345.07575704005893,0.7537674313990104,0.18090438214715965,0.21344436408148795,133384.9617142483,1405.583328260718,134790.545042509,3146,3,798.1794871794872,36,3,19,32.83958356044915,0.654224537037037,41.75112612612614,1032.9954954954974,28.694319319319373,0
3282,4,0,1,38,0.0,0.02564102564102564,0.9743589743589743,39,1050,800,250,0.7619047619047619,13,8,5,345.0430817419369,0.7512370670265407,0.18991344966502877,0.21426288255937082,133530.41174620585,1414.748955036132,134945.16070124198,3147,4,799.1794871794872,36,3,20,32.69480460521537,0.6556712962962963,41.61036036036037,1033.55855855856,28.70995995996,0
3283,4,0,0,38,0.0,0.0,1.0,38,1050,700,350,0.6666666666666666,14,7,7,354.84180456743223,0.7466216216216216,0.19536658136490703,0.21964756917953537,133412.4295374657,1868.061449759947,135280.49098722567,3148,5,820.4473684210526,35,3,20,32.55984390171036,0.6565476190476189,41.72453703703704,1033.101851851852,29.51719576719577,0
3284,4,0,0,38,0.0,0.0,1.0,38,1100,800,300,0.7272727272727273,14,8,6,353.9129214641239,0.7459103840682788,0.19401889761922964,0.21960309074031717,133502.12358807016,1849.6253161436887,135351.74890421383,3149,6,821.4473684210526,35,3,21,32.49395695673274,0.6574404761904762,41.63773148148148,1033.4490740740741,29.527116402116405,0
3285,4,0,0,38,0.0,0.0,1.0,38,700,500,200,0.7142857142857143,9,5,4,353.95394516805965,0.7455547652916074,0.18890041065947072,0.2203394140896359,133621.7625412594,1859.1900023576811,135480.95254361708,3150,7,822.4473684210526,35,3,21,32.37305962909064,0.6586309523809524,41.52199074074074,1033.912037037037,29.540343915343914,0
3286,4,0,0,38,0.0,0.0,1.0,38,750,500,250,0.6666666666666666,10,5,5,381.17037299008194,0.7456436699857752,0.19528387353648924,0.2264921805890906,131876.9799148813,2453.5195245921823,134330.49943947347,3151,8,823.4473684210526,36,2,17,33.42721010123161,0.6391782407407407,43.2150900900901,1027.139639639641,28.531656656656693,4
3287,4,0,0,38,0.0,0.0,1.0,38,900,600,300,0.6666666666666666,12,6,6,381.5272207498767,0.7449324324324325,0.19254597475714696,0.22722286959020085,131963.7458404351,2469.552238048867,134433.29807848396,3152,9,824.4473684210526,36,2,18,33.33036497150372,0.6400462962962963,43.130630630630634,1027.477477477478,28.541041041041055,0
3288,4,0,0,38,0.0,0.0,1.0,38,600,400,200,0.6666666666666666,8,4,4,382.81503613016264,0.7456436699857752,0.19648315397303207,0.22833790978587368,132021.60564280508,2507.97114682251,134529.57678962758,3153,10,825.4473684210526,36,2,18,33.2388231426693,0.640625,43.07432432432433,1027.7027027027036,28.547297297297323,0
3289,4,1,0,39,0.02564102564102564,0.0,1.0,39,600,300,300,0.5,9,3,6,378.06444676215006,0.7573099415204678,0.19830663190288011,0.22708070675560119,132285.18029586022,2202.4647006771293,134487.64499653736,3154,0,805.2564102564103,37,2,19,33.09484473815106,0.6413288288288288,42.81798245614035,1028.7280701754382,27.803461356092924,0
3290,4,0,0,39,0.0,0.0,1.0,39,900,400,500,0.4444444444444444,14,4,10,379.20076159572915,0.755791722896986,0.19823231288335164,0.22827448028068764,132369.793169533,2238.945276431213,134608.7384459642,3155,1,806.2564102564103,37,2,19,32.98026549458356,0.6421734234234234,42.73574561403509,1029.05701754386,27.81235182550973,0
3291,4,0,0,39,0.0,0.0,1.0,39,950,800,150,0.8421052631578947,11,8,3,382.71143947664063,0.7546108861898336,0.20175784052436052,0.23075329362270683,132429.5361910083,2336.4717079070692,134766.00789891536,3156,2,807.2564102564103,33,6,19,32.82967714410445,0.651199494949495,42.677696078431374,1029.2892156862747,31.190582293523477,0
3292,4,0,0,39,0.0,0.0,1.0,39,900,600,300,0.6666666666666666,12,6,6,380.9281967322664,0.7548920377867746,0.20628427449236697,0.23042160151986738,132551.1975623582,2298.497732426291,134849.6952947845,3157,3,808.2564102564103,34,5,20,32.752890173410385,0.6501225490196079,42.5595238095238,1029.7619047619041,30.28711484593836,0
3293,4,0,0,39,0.0,0.0,1.0,39,800,700,100,0.875,9,7,2,382.16022702204447,0.7542735042735043,0.20826852715934208,0.23211205367549434,132704.4802295918,2342.8748582766425,135047.35508786846,3158,4,809.2564102564103,34,5,17,32.56667629501251,0.6516544117647058,42.410714285714285,1030.3571428571427,30.30462184873949,0
3294,4,1,1,39,0.025,0.025,0.975,40,1350,1200,150,0.8888888888888888,15,12,3,374.83601881069734,0.7574786324786325,0.2048698384201082,0.22943259612918487,132994.25582990394,1970.2074759945062,134964.46330589845,3159,0,790.0,35,5,17,32.46371932974267,0.6523809523809524,42.129629629629626,1031.481481481481,29.470899470899457,0
3295,4,0,0,39,0.0,0.0,1.0,39,700,300,400,0.42857142857142855,11,3,8,382.3390827133986,0.7542172739541161,0.2013060450184232,0.22998236989811227,132340.06123944905,2319.7555241052014,134659.81676355423,3160,6,811.2564102564103,36,3,18,32.929526467476556,0.6438078703703702,42.76463963963965,1028.9414414414425,28.581706706706736,1
3296,4,0,0,39,0.0,0.0,1.0,39,1000,500,500,0.5,15,5,10,382.26749267539844,0.7535987404408457,0.19591184028222797,0.23106557363012228,132524.15687475976,2331.973478288679,134856.13035304844,3161,7,812.2564102564103,33,6,18,32.74567563278583,0.6521464646464646,42.58578431372549,1029.6568627450984,31.20172311348783,0
3297,4,0,0,39,0.0,0.0,1.0,39,1100,800,300,0.7272727272727273,14,8,6,382.2416630958173,0.7542172739541161,0.19404900574707562,0.2314046625221774,132581.84700963716,2335.6611394557826,134917.50814909293,3162,8,813.2564102564103,34,5,18,32.68817670404192,0.6504289215686274,42.529761904761905,1029.8809523809523,30.290616246498598,0
3298,4,0,0,39,0.0,0.0,1.0,39,850,500,350,0.5882352941176471,12,5,7,380.2321741432662,0.7534300494826811,0.19421876944409933,0.23075240077390058,132673.81660997713,2289.3707482993036,134963.18735827642,3163,9,814.2564102564103,34,5,15,32.64723441953625,0.6513480392156863,42.44047619047618,1030.2380952380938,30.30112044817923,0
3299,4,0,0,39,0.0,0.0,1.0,39,1150,900,250,0.782608695652174,14,9,5,379.4999397808536,0.7527552856500225,0.1979951656476613,0.23068479485555257,132735.14739229018,2274.596088435371,135009.74348072556,3164,10,815.2564102564103,34,5,15,32.604311075169434,0.6519607843137255,42.38095238095238,1030.4761904761901,30.30812324929971,0
3300,4,0,0,39,0.0,0.0,1.0,39,1050,700,350,0.6666666666666666,14,7,7,377.26879976958645,0.7505623031938822,0.19165630366554165,0.230080831408776,132857.85147392287,2224.6244331065705,135082.47590702944,3165,11,816.2564102564103,34,5,15,32.538250577367194,0.6531862745098039,42.26190476190476,1030.9523809523807,30.32212885154061,0
3301,4,0,0,39,0.0,0.0,1.0,39,1000,700,300,0.7,13,7,6,381.2103493985264,0.7496626180836707,0.19141234309190036,0.23305753400419418,132949.91673752826,2336.3768424036207,135286.29357993187,3166,12,817.2564102564103,34,5,15,32.34397244988265,0.6541053921568627,42.172619047619044,1031.3095238095232,30.33263305322127,0
3302,4,0,0,39,0.0,0.0,1.0,39,1150,800,350,0.6956521739130435,15,8,7,377.3031448665935,0.750506072874494,0.1854760302146441,0.23131225813898293,133053.9547432269,2240.3351123113716,135294.28985553829,3167,13,818.2564102564103,35,4,15,32.34004562112035,0.6529761904761905,42.07175925925925,1031.712962962962,29.477513227513196,0
3303,4,0,0,39,0.0,0.0,1.0,39,850,400,450,0.47058823529411764,13,4,9,380.0568427802606,0.7503936122357175,0.19035787003485538,0.23337374726093674,133113.66705246898,2318.152006172819,135431.8190586418,3168,14,819.2564102564103,35,4,15,32.20895020188424,0.6535714285714287,42.01388888888888,1031.9444444444432,29.48412698412695,0
3304,4,0,0,39,0.0,0.0,1.0,39,650,600,50,0.9230769230769231,7,6,1,382.32080653225177,0.7491565452091768,0.19995342699681795,0.2353291424058765,133203.26063368045,2385.2756076388796,135588.53624131932,3169,15,820.2564102564103,35,4,15,32.06041876892029,0.6544642857142857,41.92708333333333,1032.2916666666658,29.494047619047596,0
3305,4,0,0,39,0.0,0.0,1.0,39,1400,1100,300,0.7857142857142857,17,11,6,383.51447684827383,0.7485942420152947,0.1988989644749395,0.23701407142617675,133352.6502486281,2428.5343792866747,135781.18462791477,3170,16,821.2564102564103,35,4,16,31.879388913790528,0.6559523809523811,41.7824074074074,1032.870370370369,29.510582010581974,0
3306,4,0,1,38,0.0,0.02564102564102564,0.9743589743589743,39,1150,800,350,0.6956521739130435,15,8,7,381.8381290323577,0.7501124606387765,0.19392908404656883,0.23713294966086731,133533.73724489778,2397.7080621342975,135931.4453070321,3171,17,822.2564102564103,34,5,18,31.740718344467485,0.6599264705882353,41.60714285714285,1033.571428571427,30.399159663865504,0
3307,4,0,0,38,0.0,0.0,1.0,38,1550,1100,450,0.7096774193548387,20,11,9,390.3622871205413,0.748162636320531,0.1926205984377729,0.24285370605817744,133598.88624567474,2830.3933583237267,136429.27960399847,3172,18,825.3157894736842,33,5,18,31.454974711553657,0.6628787878787878,41.544117647058826,1033.8235294117649,31.32798573975045,0
3308,4,0,0,38,0.0,0.0,1.0,38,500,100,400,0.2,9,1,8,392.81041121382214,0.7473921289710763,0.1927932535771757,0.24479573484654596,133662.24078479433,2900.7839532872003,136563.02473808153,3173,19,826.3157894736842,33,5,18,31.328020067946586,0.663510101010101,41.4828431372549,1034.0686274509806,31.33541295306002,0
3309,4,0,0,38,0.0,0.0,1.0,38,750,600,150,0.8,9,6,3,395.4310147043078,0.7479551920341394,0.1943240698595201,0.24706389305100385,133757.3007527153,2978.3570321510947,136735.6577848664,3174,20,827.3157894736842,33,5,15,31.16472673064014,0.6644570707070707,41.39093137254902,1034.4362745098038,31.346553773024358,0
3310,4,0,0,38,0.0,0.0,1.0,38,1200,1000,200,0.8333333333333334,14,10,4,394.71685275813843,0.7480737316263633,0.1939464957989474,0.24725438462089913,133852.39451172622,2966.759179161856,136819.15369088808,3175,21,828.3157894736842,33,5,15,31.087655929259437,0.6654040404040404,41.299019607843135,1034.8039215686272,31.357694592988704,0
3311,4,0,0,38,0.0,0.0,1.0,38,900,600,300,0.6666666666666666,12,6,6,394.7323636015777,0.7477477477477478,0.19899173697919914,0.24769015921091572,133915.8091238947,2972.1807718185405,136887.98989571322,3176,22,829.3157894736842,33,5,15,31.02356144920673,0.6660353535353535,41.23774509803922,1035.0490196078435,31.36512180629829,0
3312,4,0,0,38,0.0,0.0,1.0,38,1150,800,350,0.6956521739130435,15,8,7,395.1165518190935,0.7453176861071598,0.20145636778580345,0.24897907786459483,134070.88584533593,2994.725222908077,137065.611068244,3177,23,830.3157894736842,35,3,16,30.85791983310983,0.6630952380952382,41.087962962962955,1035.648148148147,29.589947089947053,0
3313,4,0,0,38,0.0,0.0,1.0,38,650,400,250,0.6153846153846154,9,4,5,395.68393429343564,0.7451102418207681,0.20467738235968724,0.24954020634192775,134100.85419077933,3012.310715663582,137113.16490644292,3178,24,831.3157894736842,35,3,16,30.81314951391217,0.6633928571428571,41.05902777777778,1035.763888888889,29.59325396825397,0
3314,4,1,0,39,0.02564102564102564,0.0,1.0,39,1350,1100,250,0.8148148148148148,16,11,5,390.4775729423718,0.7511808367071525,0.2082174853259191,0.24930491195551452,134550.78125000012,2710.0730613426076,137260.85431134273,3179,0,810.974358974359,33,6,17,30.496987951807228,0.6723484848484848,40.62500000000001,1037.500000000001,31.439393939393966,0
3315,4,0,0,39,0.0,0.0,1.0,39,1150,900,250,0.782608695652174,14,9,5,385.58054037473664,0.751293297345929,0.2024164063824121,0.2474726013677855,134741.5657439447,2590.745146097663,137332.31089004237,3180,1,811.974358974359,33,6,18,30.43309332703809,0.6742424242424241,40.44117647058824,1038.2352941176475,31.46167557932265,0
3316,4,0,0,39,0.0,0.0,1.0,39,1000,500,500,0.5,15,5,10,364.4459458488165,0.750787224471435,0.20519694782429365,0.23040396237560776,134190.77932098764,1981.0570987654303,136171.83641975306,3181,2,812.974358974359,38,1,15,31.532059874888294,0.6584429824561404,40.97222222222222,1036.111111111111,27.26608187134503,3
3317,4,0,0,39,0.0,0.0,1.0,39,1300,1100,200,0.8461538461538461,15,11,4,365.0690740046202,0.7501686909581646,0.20522331866999566,0.23202327198525463,134384.566588593,2011.9298570019696,136396.49644559497,3182,3,813.974358974359,38,1,15,31.32212776919113,0.6603618421052632,40.78525641025641,1036.8589743589741,27.2857624831309,0
3318,4,0,1,38,0.0,0.02564102564102564,0.9743589743589743,39,1050,700,350,0.6666666666666666,14,7,7,362.14868217715616,0.7493252361673415,0.20364927070046046,0.23086681255797822,134495.36494859002,1941.463835013509,136436.82878360353,3183,4,814.974358974359,38,1,15,31.287121914374982,0.6614583333333334,40.6784188034188,1037.2863247863243,27.297008547008534,0
3319,4,0,0,38,0.0,0.0,1.0,38,1150,1100,50,0.9565217391304348,12,11,1,363.70381122885124,0.7490516832622096,0.20281124497991954,0.23221089486149718,134550.78124999988,2187.33780316311,136738.11905316298,3184,5,824.0263157894736,36,2,15,31.19143239625167,0.6657986111111112,40.62499999999999,1037.499999999999,28.819444444444418,0
3320,4,0,0,38,0.0,0.0,1.0,38,1100,900,200,0.8181818181818182,13,9,4,365.13881918824757,0.7468883357041252,0.20897295321637444,0.2336888442804783,134638.42220598966,2232.34290033275,136870.76510632242,3185,6,825.0263157894736,36,2,15,31.066668475115737,0.6666666666666667,40.54054054054053,1037.8378378378368,28.8288288288288,0
3321,4,0,0,38,0.0,0.0,1.0,38,1250,800,450,0.64,17,8,9,384.9761904761904,0.747006875296349,0.24328320802005043,0.23231321839080468,132461.07266436,2634.5007848024015,135095.5734491624,3186,7,826.0263157894736,33,5,18,32.73958333333334,0.6515151515151514,42.64705882352942,1029.4117647058833,31.194295900178282,8
3322,4,0,0,38,0.0,0.0,1.0,38,1200,800,400,0.6666666666666666,16,8,8,387.0507935637727,0.7471550497866287,0.24018637741426363,0.2343497744315526,132587.25610342197,2663.6005382545445,135250.8566416765,3187,8,827.0263157894736,33,5,18,32.55890052356021,0.6527777777777777,42.52450980392158,1029.9019607843154,31.209150326797438,0
3323,4,1,0,39,0.02564102564102564,0.0,1.0,39,1200,1000,200,0.8333333333333334,14,10,4,381.93349157899365,0.7548920377867746,0.2354351849438261,0.22318529379200194,131239.16437596444,2224.92645640431,133464.09083236873,3188,0,806.7948717948718,35,4,20,34.05307522873601,0.6348214285714286,43.83680555555555,1024.6527777777771,29.275793650793634,3
3324,4,0,0,39,0.0,0.0,1.0,39,1150,1000,150,0.8695652173913043,13,10,3,381.50166468589975,0.7547795771479983,0.23686686436338134,0.22380737985524285,131389.14399092953,2225.0655716568876,133614.20956258642,3189,1,807.7948717948718,34,5,20,33.912225189657846,0.6384803921568627,43.69047619047618,1025.2380952380938,30.154061624649817,0
3325,4,1,1,39,0.025,0.025,0.975,40,750,500,250,0.6666666666666666,10,5,5,374.67033668542894,0.7671741452991453,0.23030115046244104,0.22116026664800345,131624.87809713642,1863.1874785665239,133488.06557570293,3190,0,788.575,35,5,17,33.84887961500865,0.6386904761904761,43.460648148148145,1026.157407407407,29.318783068783056,0
3326,4,0,0,39,0.0,0.0,1.0,39,950,500,450,0.5263157894736842,14,5,9,377.9453168318431,0.7542735042735043,0.23770004164435732,0.22314305692400602,131633.36167800447,2150.042517006797,133783.40419501127,3191,3,809.7948717948718,34,5,17,33.756283836040225,0.6409313725490196,43.45238095238095,1026.1904761904757,30.182072829131638,0
3327,4,0,0,39,0.0,0.0,1.0,39,950,600,350,0.631578947368421,13,6,7,373.1394417271039,0.7528115159694108,0.22760572760572728,0.22101336163836163,131755.55555555562,2032.638888888894,133788.19444444453,3192,4,810.7948717948718,34,5,17,33.756087662337656,0.642156862745098,43.333333333333336,1026.6666666666672,30.196078431372566,0
3328,4,0,0,39,0.0,0.0,1.0,39,700,400,300,0.5714285714285714,10,4,6,370.3817212871067,0.7516869095816464,0.21962909806228903,0.22026353363104348,131908.37762188195,1971.2903911564506,133879.6680130384,3193,5,811.7948717948718,34,5,18,33.672547997064164,0.6436887254901962,43.1845238095238,1027.2619047619037,30.213585434173638,0
3329,4,0,0,39,0.0,0.0,1.0,39,1100,800,300,0.7272727272727273,14,8,6,374.6191141475202,0.7503373819163293,0.22143226243295766,0.22368336317771,132061.28826530598,2094.536564625834,134155.8248299318,3194,6,812.7948717948718,34,5,18,33.4093409775307,0.6452205882352942,43.03571428571428,1027.8571428571418,30.23109243697476,0
3330,4,0,0,39,0.0,0.0,1.0,39,1200,800,400,0.6666666666666666,16,8,8,372.95863519062704,0.7495501574448943,0.21753898409757633,0.2230519926250866,132122.47732426287,2055.2437641723177,134177.72108843518,3195,7,813.7948717948718,34,5,18,33.390265555040905,0.6458333333333334,42.97619047619047,1028.095238095237,30.238095238095205,0
3331,4,0,0,39,0.0,0.0,1.0,39,950,600,350,0.631578947368421,13,6,7,370.93270359795025,0.749212775528565,0.21281635706271063,0.2221994933203254,132183.68055555547,2006.249999999996,134189.93055555547,3196,8,814.7948717948718,34,5,18,33.38060507833604,0.6464460784313726,42.916666666666664,1028.3333333333328,30.24509803921567,0
3332,4,0,0,39,0.0,0.0,1.0,39,1200,800,400,0.6666666666666666,16,8,8,369.80688286247306,0.7486504723346828,0.21026056361009515,0.2224245573124809,132336.75063775497,1987.808248299297,134324.55888605426,3197,9,815.7948717948718,34,5,18,33.255235450653686,0.6479779411764707,42.76785714285713,1028.9285714285702,30.26260504201677,0
3333,4,0,0,39,0.0,0.0,1.0,39,850,700,150,0.8235294117647058,10,7,3,371.7186672326048,0.748144399460189,0.20480205887236402,0.22448484875890823,132489.9092970521,2049.794501133775,134539.7037981859,3198,10,816.7948717948718,34,5,18,33.051717160037,0.6495098039215687,42.61904761904761,1029.523809523809,30.280112044817912,0
3334,4,0,0,39,0.0,0.0,1.0,39,1000,700,300,0.7,13,7,6,370.78385603938216,0.7463450292397661,0.20447613881898974,0.22446823922999956,132581.84700963716,2031.841695011338,134613.6887046485,3199,11,817.7948717948718,34,5,18,32.98318113512888,0.6504289215686274,42.529761904761905,1029.8809523809523,30.290616246498598,0
3335,4,0,0,39,0.0,0.0,1.0,39,1050,600,450,0.5714285714285714,15,6,9,372.6331953560359,0.74527665317139,0.20255106877103168,0.22651074009844446,132735.14739229032,2092.3044217687193,134827.45181405905,3200,12,818.7948717948718,34,5,17,32.78121149106593,0.6519607843137254,42.38095238095239,1030.4761904761913,30.308123249299744,0
3336,4,0,0,39,0.0,0.0,1.0,39,1150,800,350,0.6956521739130435,15,8,7,371.2737552984643,0.7449392712550608,0.20341031268604315,0.2258690723555028,132765.81809807252,2058.49277210884,134824.31087018136,3201,13,819.7948717948718,34,5,17,32.78536637018212,0.6522671568627452,42.351190476190474,1030.5952380952378,30.311624649859937,0
3337,4,0,0,39,0.0,0.0,1.0,39,1000,800,200,0.8,12,8,4,369.1963089472819,0.7437584345479082,0.21327609039997952,0.22154271422109995,132249.14969403698,1965.179585690988,134214.32927972797,3202,14,820.7948717948718,35,4,20,33.359237275421016,0.6449404761904762,42.853009259259245,1028.5879629629612,29.388227513227463,1
3338,4,0,0,39,0.0,0.0,1.0,39,900,600,300,0.6666666666666666,12,6,6,368.9619564326577,0.7422964462438147,0.2113567943527459,0.22227708107040567,132398.00347222204,1969.9652777777537,134367.9687499998,3203,15,821.7948717948718,35,4,20,33.215249662618085,0.6464285714285716,42.70833333333332,1029.1666666666652,29.404761904761862,0
3339,4,0,0,39,0.0,0.0,1.0,39,1000,500,500,0.5,15,5,10,366.2774651262299,0.7401596941070625,0.21225167280460622,0.22170999215599915,132576.73852237628,1911.9743441357718,134488.71286651207,3204,16,822.7948717948718,35,4,21,33.10434929197573,0.6482142857142859,42.53472222222221,1029.861111111109,29.424603174603117,0
3340,4,0,0,39,0.0,0.0,1.0,39,700,500,200,0.7142857142857143,9,5,4,383.20713899405087,0.7395411605937922,0.24761478831246264,0.22267441860465115,131023.24263038543,2244.8224718127904,133268.06510219822,3205,17,823.7948717948718,34,5,16,34.239341085271306,0.6348039215686274,44.047619047619044,1023.8095238095233,30.112044817927156,4
3341,4,1,0,40,0.025,0.0,1.0,40,700,400,300,0.5714285714285714,10,4,6,375.80177264100024,0.7498397435897436,0.2503640365729769,0.22062477825226084,131417.1157648532,1877.357011959859,133294.47277681305,3206,0,804.175,35,5,17,34.03001185235354,0.6366071428571429,43.663194444444436,1025.3472222222208,29.295634920634882,0
3342,4,0,0,40,0.0,0.0,1.0,40,1100,700,400,0.6363636363636364,15,7,8,376.21857446337117,0.7489049145299145,0.2534070397111916,0.221728819417774,131565.50068587105,1899.4770233196173,133464.97770919066,3207,1,805.175,35,5,15,33.86920878459688,0.638095238095238,43.51851851851852,1025.9259259259259,29.31216931216931,0
3343,4,0,0,40,0.0,0.0,1.0,40,700,500,200,0.7142857142857143,9,5,4,374.6244427838901,0.7483974358974359,0.25170050761421314,0.22096112343840235,131595.18771701396,1859.7547743055597,133454.94249131953,3208,2,806.175,35,5,15,33.88007614213198,0.6383928571428571,43.489583333333336,1026.0416666666672,29.315476190476204,0
3344,4,1,0,41,0.024390243902439025,0.0,1.0,41,1100,800,300,0.7272727272727273,14,8,6,366.03105315529035,0.7609756097560976,0.24935220517647538,0.21749636715501008,131876.97991488117,1454.2139690366112,133331.1938839178,3209,0,787.4878048780488,36,5,16,33.815964989219026,0.6391782407407407,43.215090090090094,1027.13963963964,28.53165665665667,0
3345,4,0,0,41,0.0,0.0,1.0,41,1250,900,350,0.72,16,9,7,366.3921336085568,0.7590955284552846,0.24862278650183733,0.21837545520431634,131992.6741564201,1472.2155009739627,133464.88965739406,3210,1,788.4878048780488,36,5,17,33.68995433789954,0.6403356481481481,43.102477477477485,1027.5900900900913,28.5441691691692,0
3346,4,0,0,41,0.0,0.0,1.0,41,1050,700,350,0.6666666666666666,14,7,7,365.0622600706046,0.7579776422764227,0.24705611947638184,0.2177489010068196,132021.60564280508,1439.2211468225091,133460.82678962758,3211,2,789.4878048780488,36,5,17,33.694937541091385,0.640625,43.07432432432433,1027.7027027027036,28.547297297297323,0
3347,4,0,0,41,0.0,0.0,1.0,41,750,600,150,0.8,9,6,3,363.97821749937077,0.758130081300813,0.24710317428511108,0.21760033710227644,132108.41912436104,1416.9173819089613,133525.33650627,3212,3,790.4878048780488,36,5,17,33.635255778288986,0.6414930555555554,42.98986486486488,1028.0405405405422,28.556681681681727,0
3348,4,1,1,41,0.023809523809523808,0.023809523809523808,0.9761904761904762,42,1000,700,300,0.7,13,7,6,358.4717008965889,0.7629452187379017,0.23568536726431444,0.21595734175965253,132398.00347222236,1092.187500000018,133490.1909722224,3213,0,772.6428571428571,37,5,17,33.48515519568153,0.6424549549549547,42.70833333333334,1029.1666666666679,27.81531531531535,0
3349,4,0,0,41,0.0,0.0,1.0,41,1000,700,300,0.7,13,7,6,364.1821271301061,0.7576727642276423,0.2400973114590479,0.2190695564736487,132341.58587257628,1439.2880501692982,133780.87392274558,3214,5,792.4878048780488,37,4,17,33.39505186132425,0.6418918918918918,42.76315789473685,1028.9473684210536,27.809388335704153,0
3350,4,0,0,41,0.0,0.0,1.0,41,1150,900,250,0.782608695652174,14,9,5,362.1868692096679,0.7579268292682927,0.23890156167748655,0.2188868470441039,132517.1467764062,1399.2181473691996,133916.3649237754,3215,6,793.4878048780488,35,6,19,33.26963429256594,0.6476190476190475,42.5925925925926,1029.6296296296312,29.41798941798946,0
3351,4,0,0,41,0.0,0.0,1.0,41,1100,800,300,0.7272727272727273,14,8,6,361.0394086452484,0.7583841463414634,0.23985658602371562,0.2185393644983281,132576.73852237666,1373.0854552469254,133949.8239776236,3216,7,794.4878048780488,35,6,19,33.23921105866487,0.6482142857142856,42.53472222222223,1029.861111111112,29.4246031746032,0
3352,4,1,0,42,0.023809523809523808,0.0,1.0,42,1100,700,400,0.6363636363636364,15,7,8,357.4692228545318,0.7662359659310879,0.24601614346044198,0.2181992136304064,132891.02447041657,1100.8902483564868,133991.91471877304,3217,0,776.547619047619,36,6,18,33.01523591087812,0.6493055555555556,42.22972972972974,1031.0810810810826,28.641141141141183,0
3353,4,0,0,42,0.0,0.0,1.0,42,950,600,350,0.631578947368421,13,6,7,358.1973074502773,0.7661149825783972,0.23650447078394699,0.2193240198024427,133007.16256797352,1128.5615006898959,134135.7240686634,3218,1,777.547619047619,36,6,19,32.87982168850071,0.6504629629629629,42.117117117117125,1031.5315315315327,28.653653653653684,0
3354,4,0,0,42,0.0,0.0,1.0,42,1000,800,200,0.8,12,8,4,359.13656087776144,0.7658246225319396,0.23923075723795995,0.22041314851459687,133094.29943034265,1159.8057939696616,134254.1052243123,3219,2,778.547619047619,36,6,19,32.76810724289717,0.6513310185185185,42.032657657657666,1031.8693693693704,28.663038038038067,0
3355,4,1,0,43,0.023255813953488372,0.0,1.0,43,1200,700,500,0.5833333333333334,17,7,10,353.8356242026158,0.7716869693613879,0.23764700223659818,0.21905188771058248,133417.02849916008,841.5395116517096,134258.56801081178,3220,0,761.4186046511628,38,5,20,32.58122199241642,0.650767543859649,41.72008547008548,1033.1196581196593,27.18735942420156,0
3356,4,0,0,43,0.0,0.0,1.0,43,900,800,100,0.8888888888888888,10,8,2,358.203234430026,0.7719176818014027,0.24537810016291006,0.2226098502933789,133559.5112637975,968.3126132656133,134527.8238770631,3221,1,762.4186046511628,36,7,21,32.325598285942554,0.6559606481481481,41.582207207207205,1033.6711711711705,28.71308808808807,0
3357,4,0,0,43,0.0,0.0,1.0,43,600,300,300,0.5,9,3,6,360.1171663404487,0.771640826873385,0.24292332749890422,0.22415157316418027,133617.7198101818,1023.6069261829389,134641.32673636472,3222,2,763.4186046511628,36,7,21,32.21780488690412,0.6565393518518519,41.5259009009009,1033.8963963963963,28.719344344344343,0
3358,4,0,0,43,0.0,0.0,1.0,43,650,500,150,0.7692307692307693,8,5,3,360.1580615887043,0.7703949796973052,0.2369945709423873,0.2247073123390396,133705.05640775923,1030.990788085396,134736.0471958446,3223,3,764.4186046511628,36,7,16,32.129246515679455,0.6574074074074073,41.44144144144145,1034.2342342342351,28.728728728728754,0
3359,4,0,0,43,0.0,0.0,1.0,43,1000,700,300,0.7,13,7,6,361.415400337406,0.770671834625323,0.23275558739472602,0.22602609141591232,133792.42153893766,1070.9283185212364,134863.3498574589,3224,4,765.4186046511628,36,7,16,32.0092249918363,0.6582754629629629,41.35698198198199,1034.5720720720728,28.738113113113133,0
3360,4,0,0,43,0.0,0.0,1.0,43,1100,800,300,0.7272727272727273,14,8,6,359.6654172136642,0.7710871170173496,0.2225994574711061,0.2255735463840382,133897.45071800935,1031.6564952677713,134929.1072132771,3225,5,766.4186046511628,37,6,16,31.949336970724296,0.6573761261261261,41.25548245614035,1034.9780701754382,27.972380275011844,0
3361,4,0,1,42,0.0,0.023255813953488372,0.9767441860465116,43,1000,800,200,0.8,12,8,4,358.9782428903725,0.7689184200812107,0.22480455953852907,0.22566395268780934,133982.57757194524,1019.3660549399845,135001.94362688522,3226,6,767.4186046511628,37,6,17,31.88192826378593,0.6582207207207207,41.17324561403509,1035.3070175438597,27.98127074442864,0
3362,4,0,0,42,0.0,0.0,1.0,42,1150,500,650,0.43478260869565216,18,5,13,364.40015621241383,0.7646873790166473,0.22357145379071075,0.22889566698612104,133954.19894823406,1362.58620440905,135316.7851526431,3227,10,786.547619047619,37,5,17,31.770005825654067,0.6579391891891893,41.20065789473684,1035.1973684210525,27.97830725462304,0
3363,4,0,0,42,0.0,0.0,1.0,42,800,500,300,0.625,11,5,6,363.57711507225616,0.7649051490514905,0.19566149476110084,0.21782755680492205,132189.63162562152,1234.4764197239865,133424.10804534552,3228,11,787.547619047619,35,7,20,33.563707559557294,0.6443452380952381,42.910879629629626,1028.356481481481,29.381613756613746,4
3364,4,0,2,40,0.0,0.047619047619047616,0.9523809523809523,42,1100,900,200,0.8181818181818182,13,9,4,364.9298458931413,0.7637921022067363,0.19406891821654937,0.21898254830873365,132249.1496940371,1252.332363468779,133501.48205750587,3229,12,788.547619047619,35,7,20,33.468948088968894,0.6449404761904762,42.85300925925925,1028.5879629629621,29.38822751322749,0
3365,4,0,0,40,0.0,0.0,1.0,40,1050,1000,50,0.9523809523809523,11,10,1,382.434016453424,0.7439102564102564,0.20341830822711504,0.22761417668917566,131938.95266439897,2091.588718820848,134030.54138321982,3230,24,828.175,34,6,20,33.33212630359213,0.6439950980392157,43.1547619047619,1027.3809523809514,30.217086834733863,0
3366,4,0,0,40,0.0,0.0,1.0,40,1450,1200,250,0.8275862068965517,17,12,5,375.91517224556964,0.743482905982906,0.199617878647522,0.22482018196071576,132122.47732426287,1933.3687641723175,134055.84608843518,3231,25,829.175,34,6,20,33.314275513354936,0.6458333333333334,42.97619047619047,1028.095238095237,30.238095238095205,0
3367,4,0,0,40,0.0,0.0,1.0,40,1150,900,250,0.782608695652174,14,9,5,376.6356134093701,0.7433760683760684,0.20085947447621266,0.2257984083444515,132214.2874858276,1959.3218537414914,134173.60933956908,3232,26,830.175,34,6,21,33.20310992784659,0.6467524509803921,42.88690476190476,1028.4523809523805,30.248599439775898,0
3368,4,0,1,39,0.0,0.025,0.975,40,1150,800,350,0.6956521739130435,15,8,7,373.89522136327093,0.7432959401709401,0.1998640203680131,0.2245190137456583,132275.51197562352,1891.4363662131454,134166.94834183666,3233,27,831.175,34,6,21,33.211819619642796,0.6473651960784315,42.82738095238095,1028.6904761904757,30.255602240896344,0
3369,4,0,0,39,0.0,0.0,1.0,39,800,500,300,0.625,11,5,6,377.3502439022303,0.7429712100764733,0.1994559106672955,0.22696159763722842,132336.75063775494,2187.4610260770755,134524.21166383201,3234,28,834.8205128205128,34,5,21,33.06119595819354,0.6479779411764707,42.76785714285713,1028.92857142857,30.262605042016762,0
3370,4,0,0,39,0.0,0.0,1.0,39,900,600,300,0.6666666666666666,12,6,6,379.031232875657,0.7437022042285201,0.19956090687199635,0.2285401339054998,132430.49178655245,2239.0868591085155,134669.57864566095,3235,29,835.8205128205128,32,7,21,32.923413477265285,0.6536458333333333,42.67676767676768,1029.2929292929298,32.165404040404056,0
3371,4,0,0,39,0.0,0.0,1.0,39,1000,800,200,0.8,12,8,4,377.2302167481724,0.7428025191183086,0.19652424364466214,0.2284036557313863,132587.2561034218,2203.1838715878494,134790.43997500965,3236,30,836.8205128205128,33,6,21,32.81175630652069,0.6527777777777778,42.52450980392157,1029.9019607843138,31.20915032679739,0
3372,4,1,2,38,0.025,0.05,0.95,40,1300,1100,200,0.8461538461538461,15,11,4,370.872577730122,0.7553685897435898,0.19494343107827317,0.22655135883627026,132919.22477324243,1859.2191043083692,134778.4438775508,3237,0,816.875,34,6,20,32.64137420149311,0.6537990196078433,42.20238095238094,1031.1904761904748,30.329131652661022,0
3373,4,0,0,38,0.0,0.0,1.0,38,550,400,150,0.7272727272727273,7,4,3,381.5643661919921,0.7450213371266002,0.176940210726531,0.232588365826597,132839.80320069205,2537.387062668209,135377.19026336027,3238,32,777.8684210526316,33,5,20,32.44571247424314,0.6553030303030303,42.279411764705884,1030.8823529411766,31.238859180035654,0
3374,4,0,0,38,0.0,0.0,1.0,38,800,700,100,0.875,9,7,2,379.10417304356696,0.7454065908013277,0.18272195640616706,0.2316747724155132,132934.5703125,2479.2100694444453,135413.78038194444,3239,33,778.8684210526316,33,5,20,32.41372053872054,0.65625,42.1875,1031.25,31.25,0
3375,4,0,0,38,0.0,0.0,1.0,38,800,600,200,0.75,10,6,4,378.5915204065405,0.74516951161688,0.18167150290174083,0.23155713922539578,132966.1668589005,2467.972654748188,135434.1395136487,3240,34,779.8684210526316,33,5,20,32.395140209125486,0.6565656565656566,42.156862745098046,1031.3725490196086,31.253713606654806,0
3376,4,0,0,38,0.0,0.0,1.0,38,1350,1200,150,0.8888888888888888,15,12,3,379.9313881190656,0.7456733048838312,0.1814973649827143,0.2329673966915088,133060.9790254951,2510.8084931276544,135571.78751862276,3241,35,780.8684210526316,33,5,20,32.265188858534266,0.6575126262626263,42.06495098039216,1031.740196078432,31.264854426619152,0
3377,4,0,0,38,0.0,0.0,1.0,38,1000,800,200,0.8,12,8,4,379.62136458365944,0.7449027975343765,0.18324824884245472,0.23356835309628654,133187.4478115389,2512.160136726265,135699.60794826518,3242,36,781.8684210526316,33,5,20,32.14598420990146,0.6587752525252526,41.942401960784316,1032.2303921568632,31.27970885323828,0
3378,4,0,0,38,0.0,0.0,1.0,38,1400,1100,300,0.7857142857142857,17,11,6,380.8140185033393,0.7451398767188241,0.17398267884683838,0.23550120043761158,133377.2636275711,2558.3863477989216,135935.64997537003,3243,37,782.8684210526316,33,5,21,31.924383082216153,0.6606691919191918,41.75857843137255,1032.9656862745096,31.301990493166958,0
3379,4,0,0,38,0.0,0.0,1.0,38,1150,700,450,0.6086956521739131,16,7,9,378.5298735072137,0.7451102418207681,0.17209983207336332,0.2344882706494725,133440.56560277304,2502.248083669753,135942.8136864428,3244,38,783.8684210526316,33,5,21,31.91977523425454,0.661300505050505,41.69730392156863,1033.210784313726,31.309417706476545,0
3380,4,0,1,37,0.0,0.02631578947368421,0.9736842105263158,38,1050,800,250,0.7619047619047619,13,8,5,380.6738583589629,0.7442804646752015,0.17406483012510487,0.23662372846410132,133567.21460796348,2569.1093870146296,136136.32399497813,3245,39,784.8684210526316,33,5,21,31.737181387077655,0.6625631313131313,41.574754901960794,1033.7009803921583,31.324272133095704,0
3381,4,0,0,37,0.0,0.0,1.0,37,1100,700,400,0.6363636363636364,15,7,8,390.86888657648296,0.7436811811811812,0.17676547515257224,0.2423387096774193,133472.22222222213,3034.0277777777724,136506.2499999999,3246,40,786.9459459459459,32,5,21,31.56922043010754,0.6640625,41.666666666666664,1033.3333333333328,32.29166666666665,0
3382,4,0,0,37,0.0,0.0,1.0,37,1000,800,200,0.8,12,8,4,389.2222845404214,0.7433683683683684,0.17582918205857045,0.24195617642615241,133570.09369260777,2997.691402662975,136567.78509527075,3247,41,787.9459459459459,32,5,21,31.513374862587032,0.6650390625,41.57196969696969,1033.71212121212,32.30350378787875,0
3383,4,0,0,37,0.0,0.0,1.0,37,950,700,250,0.7368421052631579,12,7,5,387.4624750221288,0.743556056056056,0.17638865049710217,0.24107467670829721,133602.72548719522,2953.208537394145,136555.93402458937,3248,42,788.9459459459459,32,5,21,31.52606456603159,0.6653645833333334,41.54040404040404,1033.838383838384,32.3074494949495,0
3384,4,0,0,37,0.0,0.0,1.0,37,1050,800,250,0.7619047619047619,13,8,5,383.5758566856384,0.7436186186186187,0.17644768792229737,0.23950102271103277,133733.29252117127,2859.3724492398683,136592.66497041113,3249,43,789.9459459459459,32,5,19,31.495412190755204,0.6666666666666667,41.41414141414141,1034.343434343434,32.32323232323231,0
3385,4,0,1,36,0.0,0.02702702702702703,0.972972972972973,37,1000,600,400,0.6,14,6,8,382.5477234424254,0.7449324324324325,0.17865412397997193,0.2392821409074224,133798.5999515355,2836.8699622487406,136635.46991378424,3250,44,790.9459459459459,32,5,19,31.456451875355942,0.6673177083333334,41.3510101010101,1034.5959595959591,32.33112373737372,0
3386,4,0,0,36,0.0,0.0,1.0,36,450,100,350,0.2222222222222222,8,1,7,381.25556726069493,0.7406415343915345,0.15913342279695875,0.2391087899644924,133896.5909888021,3009.764150341795,136906.3551391439,3251,45,773.4444444444445,32,4,19,31.391566020088653,0.6682942708333334,41.25631313131313,1034.974747474747,32.34296085858584,0
3387,4,0,0,36,0.0,0.0,1.0,36,700,500,200,0.7142857142857143,9,5,4,378.5085836148527,0.7402447089947091,0.15462251494084644,0.23780780667112475,133961.9382747934,2941.1487029384793,136903.0869777319,3252,46,774.4444444444445,32,4,19,31.397121600195153,0.6689453125,41.19318181818182,1035.227272727273,32.35085227272728,0
3388,4,0,0,36,0.0,0.0,1.0,36,1000,900,100,0.9,11,9,2,379.60981587462567,0.740707671957672,0.1568203064666911,0.23892402916253314,134027.3015030354,2975.615849148046,137002.91735218346,3253,47,775.4444444444445,32,4,20,31.30309311872535,0.6695963541666666,41.130050505050505,1035.4797979797981,32.35874368686869,0
3389,4,1,1,36,0.02702702702702703,0.02702702702702703,0.972972972972973,37,1050,800,250,0.7619047619047619,13,8,5,369.44011836881,0.7463088088088088,0.15085030644264474,0.2342372204770162,134296.61218041147,2522.9112600922817,136819.52344050375,3254,0,755.4594594594595,33,4,20,31.29679987388665,0.6698232323232323,40.87009803921569,1036.519607843138,31.409685086155694,0
3390,4,0,0,36,0.0,0.0,1.0,36,1100,800,300,0.7272727272727273,14,8,6,374.90386619612,0.7401455026455027,0.1537086684539768,0.2370154950697505,134190.77932098764,2861.728395061727,137052.50771604935,3255,49,777.4444444444445,32,4,20,31.261170688114387,0.6712239583333334,40.97222222222222,1036.111111111111,32.37847222222222,0
3391,4,0,0,36,0.0,0.0,1.0,36,1350,1000,350,0.7407407407407407,17,10,7,372.1084709645857,0.7397156084656085,0.1469925727505177,0.23672555166786557,134419.81565975418,2803.7504144985282,137223.5660742527,3256,50,778.4444444444445,32,4,20,31.104397499898532,0.6735026041666666,40.75126262626263,1036.99494949495,32.40609217171719,0
3392,4,0,0,36,0.0,0.0,1.0,36,900,600,300,0.6666666666666666,12,6,6,371.5456766619672,0.7372354497354497,0.15062074001947456,0.23700460244213692,134518.03387409454,2795.918783797582,137313.95265789214,3257,51,779.4444444444445,32,4,20,31.020772476468686,0.6744791666666666,40.65656565656566,1037.3737373737379,32.41792929292931,0
3393,4,0,0,36,0.0,0.0,1.0,36,500,400,100,0.8,6,4,2,371.5456766619672,0.7372354497354497,0.15062074001947456,0.23700460244213692,134518.03387409454,2795.918783797582,137313.95265789214,3258,52,780.4444444444445,32,4,20,31.020772476468686,0.6744791666666666,40.65656565656566,1037.3737373737379,32.41792929292931,0
3394,4,0,0,36,0.0,0.0,1.0,36,900,600,300,0.6666666666666666,12,6,6,373.1499371276578,0.7375992063492064,0.15000811128685565,0.23867076523363584,134616.28795849922,2846.411877614541,137462.69983611375,3259,53,781.4444444444445,32,4,20,30.880936448067484,0.6754557291666666,40.56186868686869,1037.752525252526,32.42976641414144,0
3395,4,0,0,36,0.0,0.0,1.0,36,1250,700,550,0.56,18,7,11,371.60121127404324,0.736739417989418,0.14280068101666044,0.23853838878270553,134747.3492022498,2814.4556359045037,137561.80483815432,3260,54,782.4444444444445,32,4,21,30.79016174145689,0.6767578125,40.43560606060606,1038.257575757576,32.44554924242425,0
3396,4,0,0,36,0.0,0.0,1.0,36,650,300,350,0.46153846153846156,10,3,7,367.7334351805312,0.736739417989418,0.1598086094611928,0.2270785773090575,133322.7656276792,2605.4477184070706,135928.21334608627,3261,55,783.4444444444445,35,1,21,32.31688240128507,0.6556547619047619,41.811342592592595,1032.75462962963,29.507275132275144,3
3397,4,0,0,36,0.0,0.0,1.0,36,850,700,150,0.8235294117647058,10,7,3,365.43746910528904,0.7369378306878307,0.15726423902894515,0.22602421425950842,133382.53821855722,2548.5954378858155,135931.13365644304,3262,56,784.4444444444445,35,1,22,32.31617647058824,0.65625,41.75347222222223,1032.986111111112,29.513888888888914,0
3398,4,0,1,35,0.0,0.027777777777777776,0.9722222222222222,36,1050,700,350,0.6666666666666666,14,7,7,364.1453967868013,0.7365079365079366,0.15150976207414457,0.2261562795655288,133535.5467248173,2525.331211086006,136060.87793590332,3263,57,785.4444444444445,33,3,22,32.19607145680184,0.6622474747474747,41.60539215686274,1033.5784313725485,31.320558526440863,0
3399,4,0,0,35,0.0,0.0,1.0,35,800,600,200,0.75,10,6,4,372.8671299996427,0.7357142857142857,0.15053501465117103,0.2307946472280241,133410.721371882,2948.894557823126,136359.61592970515,3264,58,803.0,34,1,22,32.09600906506876,0.6587009803921569,41.726190476190474,1033.0952380952376,30.385154061624636,0
3400,4,0,0,35,0.0,0.0,1.0,35,1000,800,200,0.8,12,8,4,373.09651745225517,0.7355042016806722,0.14824613451537516,0.23172747282732603,133537.46588358312,2964.5010387840243,136501.96692236714,3265,59,804.0,32,3,23,31.962853245378295,0.6647135416666667,41.60353535353534,1033.585858585857,32.29955808080803,0
3401,4,0,0,35,0.0,0.0,1.0,35,900,600,300,0.6666666666666666,12,6,6,374.9756704152249,0.7355042016806722,0.14754201680672274,0.22766379989495805,132690.54178145094,2951.1449724518006,135641.68675390273,3266,60,805.0,32,3,20,32.76577818627451,0.65625,42.42424242424243,1030.303030303031,32.19696969696972,1
3402,4,0,2,33,0.0,0.05714285714285714,0.9428571428571428,35,450,100,350,0.2222222222222222,8,1,7,373.26487120688813,0.7346638655462184,0.14561641973630568,0.22676380325921375,132713.49961553267,2907.4574682814527,135620.9570838141,3267,61,806.0,33,2,20,32.78673089121472,0.654040404040404,42.40196078431374,1030.3921568627466,31.224004753416562,0
3403,4,0,0,33,0.0,0.0,1.0,33,650,300,350,0.46153846153846156,10,3,7,383.82178778003487,0.735479797979798,0.12861356932153378,0.23246786687136875,132599.0888807509,3578.8838704427126,136177.97275119362,3268,62,751.8484848484849,31,2,23,32.63010956595028,0.6579301075268817,42.513020833333336,1029.947916666667,33.22412634408603,0
3404,4,0,0,33,0.0,0.0,1.0,33,850,500,350,0.5882352941176471,12,5,7,383.0790070757002,0.7355587121212122,0.1302268227581005,0.23264038242440643,132699.68880547423,3566.8930053710983,136266.58181084532,3269,63,752.8484848484849,31,2,22,32.547837945996044,0.6589381720430108,42.415364583333336,1030.338541666667,33.23672715053765,0
3405,4,0,0,33,0.0,0.0,1.0,33,1000,700,300,0.7,13,7,6,383.5124381008096,0.7343750000000001,0.13538543999693697,0.2333205955086787,132766.77661471904,3583.542039659297,136350.31865437835,3270,64,753.8484848484849,31,2,22,32.469072436302376,0.6596102150537634,42.35026041666667,1030.598958333334,33.24512768817206,0
3406,4,0,0,33,0.0,0.0,1.0,33,400,200,200,0.5,6,2,4,381.91562186178714,0.7350852272727273,0.13526880732540159,0.23255723558906988,132800.32687717018,3543.7038845486163,136344.0307617188,3271,65,754.8484848484849,31,2,22,32.476419066868786,0.6599462365591398,42.317708333333336,1030.729166666667,33.249327956989255,0
3407,4,1,1,33,0.029411764705882353,0.029411764705882353,0.9705882352941176,34,1050,900,150,0.8571428571428571,12,9,3,372.29732596765643,0.7424985145573382,0.11533840468855838,0.22867365295212524,133124.2059093859,3112.357176326421,136236.56308571232,3272,0,733.6176470588235,33,1,22,32.39854233463959,0.6581439393939392,42.00367647058824,1031.9852941176478,31.27228163992872,0
3408,4,0,0,33,0.0,0.0,1.0,33,550,300,250,0.5454545454545454,8,3,5,379.20744761336886,0.7364267676767677,0.12173138978524523,0.23224324190413978,133015.96297571683,3488.1287623711933,136504.09173808803,3273,67,756.8484848484849,32,1,22,32.329151366789056,0.6595052083333333,42.10858585858586,1031.565656565657,32.23642676767678,0
3409,4,0,0,33,0.0,0.0,1.0,33,800,600,200,0.75,10,6,4,377.34870802121026,0.7372159090909092,0.11127050319710885,0.23211630459543986,133178.82303145103,3450.9713613406984,136629.79439279172,3274,68,757.8484848484849,32,1,22,32.21330275229358,0.6611328125,41.950757575757585,1032.1969696969709,32.25615530303034,0
3410,4,0,0,33,0.0,0.0,1.0,33,500,400,100,0.8,6,4,2,377.64272849770913,0.7363478535353536,0.11022046316163991,0.2327041892182191,133243.9949526834,3463.7251619732683,136707.72011465667,3275,69,758.8484848484849,32,1,22,32.140200154906054,0.6617838541666666,41.88762626262626,1032.449494949495,32.264046717171716,0
3411,4,1,1,33,0.029411764705882353,0.029411764705882353,0.9705882352941176,34,750,400,350,0.5333333333333333,11,4,7,370.4963316547729,0.749368686868687,0.10327531941190848,0.23011251676221336,133537.46588358335,3095.2235422405943,136632.68942582395,3276,0,737.5,32,2,23,32.03004112712761,0.6647135416666666,41.60353535353536,1033.585858585859,32.29955808080809,0
3412,4,0,0,33,0.0,0.0,1.0,33,700,400,300,0.5714285714285714,10,4,6,378.68657917490725,0.7366635101010102,0.11297526721628381,0.23437319143790425,133406.99450311204,3503.887677277842,136910.8821803899,3277,71,760.8484848484849,32,1,23,31.949452049213715,0.6634114583333333,41.729797979797986,1033.080808080809,32.28377525252528,0
3413,4,0,0,33,0.0,0.0,1.0,33,500,300,200,0.6,7,3,4,376.65734102908476,0.7366635101010102,0.06687750368964807,0.227114895563304,132431.5071105957,3381.142181654924,135812.64929225063,3278,72,761.8484848484849,31,2,22,32.98347564832385,0.65625,42.67578125,1029.296875,33.203125,6
3414,4,0,0,33,0.0,0.0,1.0,33,700,600,100,0.8571428571428571,8,6,2,377.2639980112809,0.7359532828282829,0.0629821676995066,0.22788590009741783,132498.5271030003,3397.3848130967945,135895.91191609707,3279,73,762.8484848484849,31,2,22,32.9003045824375,0.6569220430107526,42.610677083333336,1029.5572916666672,33.21152553763442,0
3415,4,0,0,33,0.0,0.0,1.0,33,800,400,400,0.5,12,4,8,374.9858533723606,0.7353219696969697,0.06652700082462282,0.22727597264574437,132625.50536935008,3346.537661973268,135972.04303132335,3280,74,763.8484848484849,32,1,19,32.83101454604887,0.6555989583333334,42.48737373737374,1030.050505050505,32.189078282828284,0
3416,4,0,0,33,0.0,0.0,1.0,33,650,500,150,0.7692307692307693,8,5,3,384.04850496179307,0.7363478535353536,0.044092460832882985,0.23239782905453912,132565.564049615,3587.709817301581,136153.27386691657,3281,75,764.8484848484849,31,2,23,32.65807413495175,0.6575940860215053,42.54557291666668,1029.817708333335,33.21992607526887,3
3417,4,0,0,33,0.0,0.0,1.0,33,800,600,200,0.75,10,6,4,384.6456624487154,0.7362689393939394,0.04473450378404875,0.23338316574342327,132666.15125868074,3605.8919270833585,136272.0431857641,3282,76,765.8484848484849,31,2,19,32.541287495787,0.6586021505376343,42.44791666666668,1030.2083333333348,33.23252688172048,0
3418,4,0,0,33,0.0,0.0,1.0,33,650,200,450,0.3076923076923077,11,2,9,381.91562186178726,0.7357954545454546,0.0486930956865268,0.23255723558906993,132800.32687717018,3543.7038845486163,136344.0307617188,3283,77,766.8484848484849,31,2,20,32.476419066868786,0.6599462365591398,42.317708333333336,1030.729166666667,33.249327956989255,0
3419,4,0,0,33,0.0,0.0,1.0,33,850,400,450,0.47058823529411764,13,4,9,380.97942659417373,0.7343750000000001,0.05091582661676086,0.23240332047555246,132867.44011773012,3523.952229817719,136391.39234754784,3284,78,767.8484848484849,31,2,20,32.43295865959418,0.6606182795698924,42.25260416666667,1030.9895833333342,33.257728494623684,0
3420,4,0,0,33,0.0,0.0,1.0,33,950,800,150,0.8421052631578947,11,8,3,381.31262857124085,0.7336647727272728,0.04727821869979332,0.2329229796216399,132918.2947690287,3536.684872717074,136454.97964174577,3285,79,768.8484848484849,32,1,20,32.373168442104394,0.6585286458333333,42.20328282828283,1031.186868686869,32.22458964646466,0
3421,4,0,0,33,0.0,0.0,1.0,33,850,600,250,0.7058823529411765,11,6,5,381.20287809567844,0.7338226010101011,0.05019299458462956,0.23315431846317097,132966.16685890054,3537.4170991926317,136503.58395809316,3286,80,769.8484848484849,33,0,20,32.327808143219265,0.6565656565656566,42.156862745098046,1031.3725490196089,31.253713606654813,0
3422,4,2,0,35,0.05714285714285714,0.0,1.0,35,750,500,250,0.6666666666666666,10,5,5,362.12304684563446,0.745658263305322,0.04619303510363615,0.2253087771711289,133602.72548719533,2679.008710404542,136281.73419759987,3287,0,726.8,32,3,24,32.18098640286599,0.6653645833333333,41.54040404040405,1033.838383838385,32.30744949494953,0
3423,4,1,2,34,0.027777777777777776,0.05555555555555555,0.9444444444444444,36,950,600,350,0.631578947368421,13,6,7,354.54334872981417,0.7529761904761906,0.04789249348804203,0.22247200025052097,133915.8091238948,2295.7918829296646,136211.60100682447,3288,0,707.5833333333334,33,3,18,32.06350146025733,0.6660353535353534,41.23774509803923,1035.0490196078445,31.365121806298315,0
3424,4,0,0,34,0.0,0.0,1.0,34,750,300,450,0.4,12,3,9,372.05239789172396,0.7417186571598336,0.052714186175141675,0.23169103318139395,133635.36126734535,3143.87132052854,136779.23258787388,3289,1,750.1470588235294,32,2,23,31.891612732527385,0.6656901041666665,41.508838383838395,1033.9646464646478,32.31139520202024,0
3425,4,0,0,34,0.0,0.0,1.0,34,1050,800,250,0.7619047619047619,13,8,5,373.1834056454206,0.7406788472964944,0.06073773927623316,0.22902363524303512,133092.5905901577,3133.589244521348,136226.17983467903,3290,2,751.1470588235294,33,1,21,32.40746239113223,0.6578282828282829,42.0343137254902,1031.8627450980398,31.268568033273933,1
3426,4,0,0,34,0.0,0.0,1.0,34,850,600,250,0.7058823529411765,11,6,5,372.77793940876563,0.7396019013666073,0.057528056930951976,0.22935782203360364,133187.4478115389,3129.8684700595986,136317.3162815985,3291,3,752.1470588235294,33,1,21,32.322583996200876,0.6587752525252526,41.942401960784316,1032.2303921568632,31.27970885323828,0
3427,4,0,0,34,0.0,0.0,1.0,34,700,400,300,0.5714285714285714,10,4,6,372.97423147783115,0.7396019013666073,0.04032183646959453,0.20537125955194596,128921.2100664408,2817.16196895425,131738.37203539506,3292,4,753.1470588235294,33,1,17,36.63959112666426,0.6158459595959596,46.10906862745098,1015.5637254901962,30.774658348187764,7
3428,4,1,0,35,0.02857142857142857,0.0,1.0,35,1150,800,350,0.6956521739130435,15,8,7,366.0027806549579,0.7477591036414565,0.051734104046243345,0.2042531646880891,129450.6920415223,2476.1667687908316,131926.85881031313,3293,0,732.6,33,2,17,36.2766939627489,0.6212121212121213,45.58823529411764,1017.6470588235278,30.837789661319025,0
3429,4,0,1,34,0.0,0.02857142857142857,0.9714285714285714,35,1050,800,250,0.7619047619047619,13,8,5,374.623239144002,0.7479691876750699,0.04590004852013552,0.19950865526506142,127586.7755190311,2572.9106593617744,130159.68617839288,3294,1,733.6,33,2,17,37.96447921720846,0.6022727272727273,47.42647058823529,1010.2941176470586,30.614973262032077,6
3430,4,4,3,35,0.10526315789473684,0.07894736842105263,0.9210526315789473,38,1050,600,450,0.5714285714285714,15,6,9,349.79025987894573,0.7892662399241347,0.02564897462594007,0.18983189133840492,128344.14439777611,1378.7063245678062,129722.85072234391,3295,0,670.7631578947369,36,2,18,37.816968585611605,0.603587962962963,46.677927927927925,1013.288288288288,28.146896896896887,0
3431,4,1,0,36,0.027777777777777776,0.0,1.0,36,1150,700,450,0.6086956521739131,16,7,9,366.5686256956864,0.765707671957672,0.05272162148043691,0.19839477528110044,128234.94897959182,2201.381802721086,130436.3307823129,3296,0,709.0,34,2,19,37.50367301363422,0.6066176470588236,46.785714285714285,1012.8571428571427,29.78991596638655,0
3432,4,1,1,36,0.02702702702702703,0.02702702702702703,0.972972972972973,37,1200,1100,100,0.9166666666666666,13,11,2,355.58238687207404,0.7784034034034034,0.05354818411198203,0.19399831094477646,128555.01570001699,1742.3798653977851,130297.39556541477,3297,0,690.8108108108108,35,2,17,37.45482386061021,0.6077380952380953,46.4699074074074,1014.1203703703691,28.97486772486769,0
3433,4,1,1,36,0.02702702702702703,0.02702702702702703,0.972972972972973,37,1000,500,500,0.5,15,5,10,356.9648349126568,0.7792167167167167,0.044486801077010085,0.19489612762240552,128584.36113522362,1780.0190489968973,130364.38018422051,3298,0,691.7297297297297,35,2,17,37.389806573091406,0.6080357142857145,46.440972222222214,1014.23611111111,28.97817460317457,0
3434,4,1,0,37,0.02702702702702703,0.0,1.0,37,750,700,50,0.9333333333333333,8,7,1,355.6312936224626,0.774024024024024,0.05624876701519055,0.19488594890510944,128731.13854595326,1756.1642661179576,130487.30281207123,3299,0,692.7027027027027,35,2,18,37.27379866180048,0.6095238095238096,46.29629629629629,1014.8148148148141,28.994708994708976,0
3435,4,0,0,37,0.0,0.0,1.0,37,550,400,150,0.7272727272727273,7,4,3,355.6312936224626,0.774024024024024,0.05624876701519055,0.19488594890510944,128731.13854595326,1756.1642661179576,130487.30281207123,3300,1,693.7027027027027,35,2,18,37.27379866180048,0.6095238095238096,46.29629629629629,1014.8148148148141,28.994708994708976,0
3436,4,4,2,39,0.0975609756097561,0.04878048780487805,0.9512195121951219,41,800,500,300,0.625,11,5,6,334.9565195144983,0.8070121951219512,0.08186265465189946,0.18852385925723936,129784.51063368047,494.43359374999426,130278.94422743047,3301,0,626.9268292682926,39,2,17,36.72774824507599,0.6127136752136753,45.260416666666664,1018.9583333333327,26.127136752136735,0
3437,4,0,0,39,0.0,0.0,1.0,39,1100,1000,100,0.9090909090909091,12,10,2,354.9865389338552,0.7895299145299146,0.09781525319373952,0.19895956469998263,129619.76431450054,1402.6543022853107,131022.41861678586,3302,1,660.0769230769231,37,2,17,36.38497810559564,0.6145833333333333,45.422149122807014,1018.3114035087714,27.52192982456139,0
3438,4,0,0,39,0.0,0.0,1.0,39,850,700,150,0.8235294117647058,10,7,3,355.6186066490756,0.7904858299595142,0.10175833636875398,0.20002470296508548,129759.3730763312,1428.969490612499,131188.3425669437,3303,2,661.0769230769231,37,2,18,36.22695149949779,0.6159909909909909,45.28508771929825,1018.8596491228072,27.536747273589384,0
3439,4,0,0,39,0.0,0.0,1.0,39,1000,700,300,0.7,13,7,6,353.45015399947073,0.7903171390013496,0.10282881258254917,0.1998013970845641,129954.9515836604,1386.5195300477087,131341.4711137081,3304,3,662.0769230769231,37,2,19,36.08351704484353,0.6179617117117117,45.093201754385966,1019.6271929824564,27.557491702228553,0
3440,4,1,1,39,0.025,0.025,0.975,40,1100,900,200,0.8181818181818182,13,9,4,346.6844413445928,0.8000801282051282,0.10241783546158678,0.19739112947593776,130235.32238476136,1030.1119968587761,131265.43438162014,3305,0,646.5,38,2,20,35.971626194961985,0.6189692982456141,44.81837606837606,1020.7264957264947,26.86122357174986,0
3441,4,0,0,39,0.0,0.0,1.0,39,800,600,200,0.75,10,6,4,358.1551699303015,0.7956027890238417,0.10728070682943414,0.20362554468792385,130178.65022170269,1524.8313182902311,131703.4815399929,3306,1,663.9230769230769,37,2,20,35.73643046452492,0.620213963963964,44.873903508771924,1020.5043859649111,27.58119962067327,0
3442,4,0,0,39,0.0,0.0,1.0,39,1000,700,300,0.7,13,7,6,359.55898380623125,0.7959964012595592,0.11143353300864889,0.2050164620872511,130291.32806793271,1569.5105553668318,131860.83862329955,3307,2,664.9230769230769,36,3,21,35.5862563423781,0.623263888888889,44.76351351351351,1020.9459459459453,28.359609609609592,0
3443,4,0,0,39,0.0,0.0,1.0,39,1500,1100,400,0.7333333333333333,19,11,8,360.7586500128057,0.7940283400809717,0.11783623995681736,0.20676962928402925,130492.60567577701,1615.2672520493309,132107.87292782633,3308,3,665.9230769230769,36,3,17,35.35145486608618,0.6252893518518519,44.566441441441434,1021.7342342342333,28.381506506506483,0
3444,4,0,0,39,0.0,0.0,1.0,39,1350,1200,150,0.8888888888888888,15,12,3,363.66204893080817,0.7943094916779128,0.12114946814219807,0.2092093840427043,130636.47050766973,1701.5053059816457,132337.97581365137,3309,4,666.9230769230769,36,3,18,35.13140743188662,0.6267361111111112,44.42567567567567,1022.2972972972965,28.397147147147123,0
3445,4,0,0,39,0.0,0.0,1.0,39,950,700,250,0.7368421052631579,12,7,5,367.27472773571395,0.7932973459289249,0.12668055720246918,0.21191798458041597,130751.61944038606,1804.353086194271,132555.97252658033,3310,5,667.9230769230769,36,3,18,34.92232804815384,0.6278935185185187,44.31306306306305,1022.7477477477455,28.409659659659596,0
3446,4,0,1,38,0.0,0.02564102564102564,0.9743589743589743,39,850,600,250,0.7058823529411765,11,6,5,364.74148482699803,0.7928475033738192,0.12711852447680783,0.2109278414801574,130838.01442912492,1744.4103309390298,132582.42476006394,3311,6,668.9230769230769,36,3,18,34.89955971381398,0.6287615740740742,44.228603603603595,1023.0855855855843,28.41904404404401,0
3447,4,0,0,38,0.0,0.0,1.0,38,950,600,350,0.631578947368421,13,6,7,376.4500307321178,0.7831318160265529,0.1373918274241679,0.21728862975700336,130765.21675936626,2245.3139735510836,133010.53073291734,3312,7,687.1578947368421,35,3,19,34.6739325185772,0.6300595238095239,44.29976851851851,1022.8009259259246,29.22288359788356,0
3448,4,0,0,38,0.0,0.0,1.0,38,600,500,100,0.8333333333333334,7,5,2,377.96916431898524,0.7832503556187767,0.13622238494097494,0.2188359778483396,130883.62328800143,2293.9947434413452,133177.61803144278,3313,8,688.1578947368421,35,3,19,34.51497285374956,0.6312500000000001,44.18402777777777,1023.263888888888,29.236111111111086,0
3449,4,0,1,37,0.0,0.02631578947368421,0.9736842105263158,38,800,400,400,0.5,12,4,8,379.002742093354,0.783072546230441,0.13998095861473914,0.22011025960707245,131002.08340031283,2330.029765732155,133332.113166045,3314,9,689.1578947368421,35,3,19,34.36840493687581,0.6324404761904763,44.06828703703703,1023.726851851851,29.249338624338602,0
3450,4,1,0,38,0.02631578947368421,0.0,1.0,38,700,400,300,0.5714285714285714,10,4,6,377.1008330939387,0.7869547178757705,0.14735057983942923,0.219851276210893,131150.23389274685,2291.372492283943,133441.60638503078,3315,0,689.6578947368421,35,3,20,34.26694915254237,0.6339285714285714,43.92361111111111,1024.305555555555,29.265873015872998,0
3451,4,0,0,38,0.0,0.0,1.0,38,1150,900,250,0.782608695652174,14,9,5,374.8171591567835,0.786658368895211,0.14489436829027613,0.21919624353858366,131268.8145683297,2240.3608324759725,133509.17540080566,3316,1,690.6578947368421,35,3,20,34.20534974775996,0.6351190476190478,43.80787037037036,1024.7685185185169,29.279100529100482,0
3452,4,0,0,38,0.0,0.0,1.0,38,750,600,150,0.8,9,6,3,377.4208473792058,0.7864805595068753,0.15126230209670544,0.22106078203639176,131328.12499999985,2313.19444444443,133641.3194444443,3317,2,691.6578947368421,35,3,20,34.07859078590786,0.6357142857142858,43.74999999999999,1024.9999999999989,29.285714285714253,0
3453,4,0,0,38,0.0,0.0,1.0,38,900,500,400,0.5555555555555556,13,5,8,376.65714549787026,0.7871028923660502,0.14493136690049213,0.22147040253859523,131476.4596863212,2304.3096011231187,133780.76928744433,3318,3,692.6578947368421,35,3,20,33.94803539856299,0.637202380952381,43.605324074074076,1025.5787037037042,29.30224867724869,0
3454,4,1,0,39,0.02564102564102564,0.0,1.0,39,400,300,100,0.75,5,3,2,370.12400259632113,0.7976833108412056,0.16547364093675498,0.19945211138158972,128061.27997316448,1718.4584001570402,129779.73837332151,3319,0,675.8717948717949,37,2,20,37.59151680930199,0.5988175675675678,46.957236842105246,1012.1710526315762,27.355974395448005,7
3455,4,0,0,39,0.0,0.0,1.0,39,750,400,350,0.5333333333333333,11,4,7,370.7090721265398,0.7971772379667117,0.16482009074601778,0.2001828989483309,128144.53124999956,1700.9221587411066,129845.45340874066,3320,1,676.8717948717949,35,4,20,37.491426611797,0.6035714285714288,46.87499999999998,1012.4999999999965,28.928571428571328,0
3456,4,1,1,39,0.025,0.025,0.975,40,950,700,250,0.7368421052631579,12,7,5,363.2980246913586,0.8067307692307693,0.16334444444444496,0.19744457863660753,128401.20525931308,1329.5808477396017,129730.78610705269,3321,0,660.925,36,4,18,37.41643518518518,0.6041666666666669,46.62162162162161,1013.5135135135112,28.153153153153088,0
3457,4,6,5,40,0.13333333333333333,0.1111111111111111,0.8888888888888888,45,1050,600,450,0.5714285714285714,15,6,9,345.3221786879993,0.8357323232323233,0.18257459505541362,0.19343978777508258,129598.82948133671,-44.35878221444591,129554.47069912226,3322,0,588.3555555555556,39,6,14,36.65228047740835,0.6108440170940173,45.44270833333333,1018.2291666666658,26.10844017094015,0
3458,4,1,0,41,0.024390243902439025,0.0,1.0,41,1300,1000,300,0.7692307692307693,16,10,6,380.9459822628326,0.8133130081300813,0.2211115553778491,0.21125186289120707,129201.38888888882,1643.7499999999905,130845.1388888888,3323,0,646.7317073170732,35,6,20,36.15095628415301,0.6142857142857143,45.83333333333333,1016.6666666666661,29.04761904761903,0
3459,4,2,3,40,0.046511627906976744,0.06976744186046512,0.9302325581395349,43,950,600,350,0.631578947368421,13,6,7,369.3325592268375,0.8241048357327426,0.21028341459019528,0.2077383862188724,129759.37307633106,984.8722683902622,130744.24534472132,3324,0,617.6046511627907,37,6,16,35.877636676711155,0.615990990990991,45.28508771929824,1018.8596491228061,27.536747273589356,0
3460,4,1,0,41,0.024390243902439025,0.0,1.0,41,700,300,400,0.42857142857142855,11,3,8,383.12714386484737,0.8110772357723577,0.22273982630685762,0.21437572248315512,129554.6392746914,1727.1797839506246,131281.81905864202,3325,0,648.6829268292682,35,6,17,35.734993178717595,0.6178571428571428,45.486111111111114,1018.055555555556,29.0873015873016,0
3461,4,1,0,42,0.023809523809523808,0.0,1.0,42,1600,1400,200,0.875,18,14,4,375.1569927521213,0.8140243902439024,0.21729971122437708,0.21187125735402096,129917.93894823888,1347.924656075004,131265.8636043139,3326,0,634.2142857142857,36,6,18,35.56785964137119,0.6195023148148149,45.12950450450451,1019.4819819819827,28.318943943943964,0
3462,4,0,0,42,0.0,0.0,1.0,42,1150,900,250,0.782608695652174,14,9,5,377.7854274799591,0.8131049167634533,0.2229260340248742,0.21366939699131998,129975.34855379043,1420.5585230500924,131395.90707684052,3327,1,635.2142857142857,36,6,18,35.44243511871893,0.6200810185185185,45.073198198198206,1019.7072072072085,28.325200200200236,0
3463,4,0,0,42,0.0,0.0,1.0,42,800,500,300,0.625,11,5,6,376.0352603008712,0.8142179636082075,0.21823950956113913,0.21299257989649745,130032.77084094247,1379.3813661634813,131412.15220710594,3328,2,636.2142857142857,36,6,18,35.42862794891613,0.6206597222222221,45.0168918918919,1019.9324324324339,28.331456456456497,0
3464,4,0,0,42,0.0,0.0,1.0,42,1050,800,250,0.7619047619047619,13,8,5,376.0352603008712,0.8142179636082075,0.21823950956113913,0.21299257989649745,130032.77084094247,1379.3813661634813,131412.15220710594,3329,3,637.2142857142857,36,6,18,35.42862794891613,0.6206597222222221,45.0168918918919,1019.9324324324339,28.331456456456497,0
3465,4,1,0,43,0.023255813953488372,0.0,1.0,43,1400,1200,200,0.8571428571428571,16,12,4,363.1245228284649,0.8202750092284976,0.21628342814950785,0.20781719536763438,130435.08193582101,873.0382832156572,131308.12021903667,3330,0,623.3720930232558,36,7,19,35.34937346121339,0.6247106481481481,44.62274774774775,1021.5090090090094,28.37525025025026,0
3466,4,0,0,43,0.0,0.0,1.0,43,750,500,250,0.6666666666666666,10,5,5,360.5818057916048,0.8195367294204503,0.21115420516429828,0.20663599424146212,130486.549948061,810.2151623576603,131296.76511041867,3331,1,624.3720930232558,37,6,19,35.36211275667169,0.6233108108108107,44.57236842105264,1021.7105263157899,27.613798008534864,0
3467,4,2,1,44,0.044444444444444446,0.022222222222222223,0.9777777777777777,45,1300,900,400,0.6923076923076923,17,9,8,348.3600987218286,0.8295454545454546,0.2138281152832895,0.20220523863788617,130981.3490125869,125.73513454862098,131107.08414713552,3332,0,597.5777777777778,39,6,18,35.17360757776195,0.624732905982906,44.08854166666667,1023.6458333333342,26.24732905982908,0
3468,4,0,0,44,0.0,0.0,1.0,44,750,400,350,0.5333333333333333,11,4,7,360.20523794788176,0.8254492600422834,0.22508066046688135,0.20888415130391705,130945.12473518887,633.4239626707604,131578.54869785963,3333,1,612.1590909090909,38,6,18,34.907141614474604,0.6260964912280702,44.123931623931625,1023.5042735042739,26.934322986954577,0
3469,4,0,0,44,0.0,0.0,1.0,44,950,600,350,0.631578947368421,13,6,7,360.8287785786794,0.8244142001409444,0.22157371481695853,0.20969206701755497,131027.1491366242,655.6732367229059,131682.8223733471,3334,2,613.1590909090909,38,6,18,34.80816724059967,0.6269188596491229,44.043803418803414,1023.8247863247855,26.942757534862775,0
3470,4,0,0,44,0.0,0.0,1.0,44,800,600,200,0.75,10,6,4,360.0489429935314,0.8241939746300212,0.22250725489824208,0.20968585464981698,131109.19922017658,641.145719190568,131750.34493936715,3335,3,614.1590909090909,38,6,18,34.74511440294874,0.6277412280701755,43.9636752136752,1024.1452991452975,26.951192082770987,0
3471,4,0,1,43,0.0,0.022727272727272728,0.9772727272727273,44,550,200,350,0.36363636363636365,9,2,7,359.48604403815176,0.8241719520789289,0.2183837751735127,0.20965645926020654,131163.91354372108,630.319280078878,131794.23282379995,3336,4,615.1590909090909,38,6,18,34.70418752607426,0.6282894736842106,43.9102564102564,1024.3589743589732,26.956815114709823,0
3472,4,1,0,44,0.022727272727272728,0.0,1.0,44,1500,900,600,0.6,21,9,12,355.6084341331219,0.8235332980972516,0.21932742054693266,0.20828493999225717,131328.12500000012,540.2777777777926,131868.4027777779,3337,0,615.9090909090909,39,5,19,34.637533875338754,0.6282051282051282,43.75000000000001,1025.000000000001,26.282051282051306,0
3473,4,0,0,44,0.0,0.0,1.0,44,1450,1200,250,0.8275862068965517,17,12,5,352.2958360439089,0.8225643058491896,0.21832957461699976,0.20695167454036636,131440.53939673727,461.19094336716876,131901.73034010443,3338,1,616.9090909090909,37,7,19,34.60890718562874,0.632882882882883,43.64035087719297,1025.4385964912267,27.714556661925045,0
3474,4,0,0,44,0.0,0.0,1.0,44,750,500,250,0.6666666666666666,10,5,5,351.19865703397284,0.8231589147286822,0.21854193598553695,0.20645889624379285,131468.650510253,434.32270025390596,131902.9732105069,3339,2,617.9090909090909,37,7,19,34.60865943191131,0.6331644144144146,43.61293859649122,1025.548245614034,27.717520151730646,0
3475,4,0,0,44,0.0,0.0,1.0,44,1000,800,200,0.8,12,8,4,348.802586594056,0.8215072233967583,0.2134527280299876,0.20576781582612494,131602.03904594926,380.62632405581144,131982.66537000507,3340,3,618.9090909090909,38,6,15,34.53552339303069,0.6326754385964912,43.48290598290598,1026.0683760683758,27.001799370220414,0
3476,4,0,0,44,0.0,0.0,1.0,44,1050,800,250,0.7619047619047619,13,8,5,350.78306822114536,0.821485200845666,0.2110653216877849,0.207382949932341,131684.26890432084,438.52237654319595,132122.79128086404,3341,4,619.9090909090909,38,6,15,34.40178168696436,0.6334978070175439,43.40277777777777,1026.3888888888878,27.010233918128627,0
3477,4,0,1,43,0.0,0.022727272727272728,0.9772727272727273,44,1300,900,400,0.6923076923076923,17,9,8,348.27797442890045,0.822388125440451,0.21176438839213407,0.2067977208918018,131849.47472569224,384.053597395715,132233.52832308796,3342,5,620.9090909090909,40,4,16,34.29954977241241,0.6317708333333334,43.24186991869918,1027.0325203252023,25.675813008130056,0
3478,4,0,0,43,0.0,0.0,1.0,43,1000,600,400,0.6,14,6,8,355.45235078112944,0.8183370247323736,0.20666696551382469,0.2106851365994942,131782.29302300327,768.4651692708142,132550.75819227408,3343,11,636.2325581395348,39,4,16,34.18308900612088,0.6327457264957266,43.30729166666666,1026.7708333333317,26.32745726495722,0
3479,4,0,0,43,0.0,0.0,1.0,43,1150,900,250,0.782608695652174,14,9,5,353.22889266448686,0.8183831672203765,0.20000377223259602,0.21040155780449865,131969.53125,723.090277777778,132692.62152777778,3344,12,637.2325581395348,39,4,16,34.051432819681,0.6346153846153847,43.125,1027.5,26.346153846153847,0
3480,4,0,1,42,0.0,0.023255813953488372,0.9767441860465116,43,1350,1100,250,0.8148148148148148,16,11,5,357.58732228344957,0.8178294573643411,0.20419118357459487,0.213751016572705,132103.35422091998,847.6969401041481,132951.05116102414,3345,13,638.2325581395348,39,4,17,33.80461124058498,0.6359508547008548,42.99479166666666,1028.020833333332,26.35950854700851,0
3481,4,0,0,42,0.0,0.0,1.0,42,1000,400,600,0.4,16,4,12,361.18921208902304,0.8106126596980255,0.2017807018846629,0.21539237638464426,132013.44515897796,1136.3664484257372,133149.8116074037,3346,16,654.1190476190476,38,4,17,33.80267352808677,0.6367872807017544,43.082264957264954,1027.6709401709397,27.043972109761572,0
3482,4,0,0,42,0.0,0.0,1.0,42,950,600,350,0.631578947368421,13,6,7,361.04467843912954,0.8104674796747967,0.1995708791779891,0.21561830237510007,132068.3478180472,1136.5148339907807,133204.86265203796,3347,17,655.1190476190476,38,4,17,33.751039392994485,0.6373355263157896,43.028846153846146,1027.884615384614,27.049595141700372,0
3483,4,0,0,42,0.0,0.0,1.0,42,600,400,200,0.6666666666666666,8,4,4,360.2706139887189,0.8096689895470384,0.1973192019950123,0.21562465105891987,132150.72320841553,1122.0044378698235,133272.72764628535,3348,18,656.1190476190476,38,4,17,33.687915627597675,0.6381578947368421,42.94871794871795,1028.2051282051284,27.05802968960864,0
3484,4,0,1,41,0.0,0.023809523809523808,0.9761904761904762,42,1300,900,400,0.6923076923076923,17,9,8,363.11873097260076,0.8095238095238095,0.19861362266425608,0.21798160901850655,132264.0313042535,1205.5094401041772,133469.54074435768,3349,19,657.1190476190476,39,3,19,33.50052742616035,0.6375534188034189,42.83854166666667,1028.6458333333337,26.375534188034198,0
3485,4,0,0,41,0.0,0.0,1.0,41,1200,900,300,0.75,15,9,6,370.94694388031047,0.8067073170731708,0.2166153472165948,0.22331006021594685,132370.51647308053,1620.4877091094986,133991.00418219002,3350,20,669.390243902439,38,3,19,33.191877768549276,0.6403508771929824,42.73504273504273,1029.0598290598286,27.080521817363913,0
3486,4,1,1,41,0.023809523809523808,0.023809523809523808,0.9761904761904762,42,800,500,300,0.625,11,5,6,358.7338089431883,0.8104674796747967,0.2052706790921115,0.21790702020938205,132708.51518015156,1121.4119330912558,133829.92711324283,3351,0,654.4285714285714,37,5,16,33.166059203291844,0.6455518018018017,42.406798245614034,1030.3728070175437,27.847913703176857,0
3487,4,0,0,41,0.0,0.0,1.0,41,1650,1300,350,0.7878787878787878,20,13,7,364.6904452227534,0.8072662601626016,0.20854444802780403,0.22174632984939663,132745.92318247314,1482.2339653843205,134228.15714785745,3352,22,671.390243902439,36,5,16,32.97499362546899,0.6478587962962963,42.370495495495504,1030.5180180180191,28.625500500500532,0
3488,4,0,0,41,0.0,0.0,1.0,41,1000,500,500,0.5,15,5,10,366.1413066617994,0.8071138211382114,0.21281573681026855,0.22297347836829354,132803.95418645005,1525.0026631361172,134328.95684958616,3353,23,672.390243902439,36,5,16,32.87924724134163,0.6484375,42.31418918918919,1030.7432432432438,28.631756756756772,0
3489,4,0,0,41,0.0,0.0,1.0,41,1400,1000,400,0.7142857142857143,18,10,8,362.773980509544,0.8065040650406504,0.20912928093011507,0.22128754184052463,132865.7190536197,1440.0451548688768,134305.76420848857,3354,24,673.390243902439,38,3,16,32.90392918825562,0.6452850877192982,42.254273504273506,1030.982905982906,27.131129104813315,0
3490,4,0,0,41,0.0,0.0,1.0,41,1000,600,400,0.6,14,6,8,362.0501949389697,0.8063516260162602,0.20798763439638135,0.22198849095400824,133058.54752218936,1434.7746137409626,134493.32213593033,3355,25,674.390243902439,38,3,17,32.72884953919438,0.647203947368421,42.06730769230769,1031.7307692307693,27.15080971659919,0
3491,4,0,0,41,0.0,0.0,1.0,41,950,800,150,0.8421052631578947,11,8,3,362.0540912012986,0.8051321138211383,0.21088055824145857,0.22264828612958285,133168.79799702315,1442.8616270363057,134611.65962405945,3356,26,675.390243902439,38,3,18,32.61804333574854,0.6483004385964912,41.960470085470085,1032.1581196581196,27.162055780476834,0
3492,4,0,0,41,0.0,0.0,1.0,41,750,700,50,0.9333333333333333,8,7,1,365.5030163343183,0.8048780487804879,0.2090469761397049,0.22543628927065631,133279.09412895388,1542.782183687629,134821.8763126415,3357,27,676.390243902439,38,3,18,32.41830488015175,0.6493969298245614,41.85363247863248,1032.5854700854698,27.173301844354466,0
3493,4,0,1,40,0.0,0.024390243902439025,0.975609756097561,41,950,700,250,0.7368421052631579,12,7,5,368.1587411195253,0.8046239837398373,0.21072282712897494,0.22758048012426896,133361.84619037167,1619.6658813645827,134981.51207173624,3358,28,677.390243902439,38,3,19,32.26667011446697,0.6502192982456141,41.773504273504265,1032.9059829059815,27.18173639226267,0
3494,4,0,0,40,0.0,0.0,1.0,40,800,400,400,0.5,12,4,8,375.98840476672245,0.8055288461538461,0.21172613358819192,0.23187182761546976,133274.01369892652,2021.8967615035356,135295.91046043005,3359,29,677.775,37,3,19,32.15273353155641,0.6511824324324325,41.858552631578945,1032.5657894736837,27.90718349928875,0
3495,4,0,0,40,0.0,0.0,1.0,40,1350,900,450,0.6666666666666666,18,9,9,374.3291729878776,0.8049679487179487,0.21004990443830995,0.23102438736565073,133302.3201850569,1979.7894544475203,135282.1096395044,3360,30,678.775,37,3,19,32.167126778509235,0.651463963963964,41.83114035087719,1032.675438596491,27.91014698909435,0
3496,4,0,1,39,0.0,0.025,0.975,40,1100,800,300,0.7272727272727273,14,8,6,375.41902431795296,0.8048611111111111,0.21282636382933573,0.23240460230773669,133415.57618690358,2017.3490881809698,135432.92527508453,3361,31,679.775,37,3,19,32.025224651524795,0.6525900900900901,41.72149122807017,1033.1140350877188,27.922000948316725,0
3497,4,0,0,39,0.0,0.0,1.0,39,1100,800,300,0.7272727272727273,14,8,6,382.36941215800766,0.8058929374718848,0.21744841888726762,0.23669750250590843,133414.04537983937,2402.690021102189,135816.73540094157,3362,32,689.2564102564103,36,3,19,31.847249473148754,0.6545138888888888,41.722972972972975,1033.1081081081086,28.69744744744746,0
3498,4,0,0,39,0.0,0.0,1.0,39,1600,1500,100,0.9375,17,15,2,378.68417793207385,0.8054430949167791,0.21282302746833648,0.23496853961343084,133501.3153990139,2310.9671749452204,135812.28257395912,3363,33,690.2564102564103,36,3,19,31.854772801569144,0.6553819444444444,41.638513513513516,1033.4459459459463,28.706831831831842,0
3499,4,1,1,39,0.025,0.025,0.975,40,700,500,200,0.7142857142857143,9,5,4,370.54234954418473,0.8093482905982906,0.20911958019718058,0.2313253463435004,133727.27816491597,1910.3239698753307,135637.6021347913,3364,0,673.975,37,3,18,31.838470440651616,0.655686936936937,41.41995614035087,1034.3201754385952,27.95459933617825,0
3500,4,0,0,39,0.0,0.0,1.0,39,1150,900,250,0.782608695652174,14,9,5,382.2319379863784,0.8031938821412505,0.21560908603591544,0.23847949174367514,133705.0564077591,2421.2685658631594,136126.32497362228,3365,35,692.2564102564103,36,3,19,31.5585075493612,0.6574074074074074,41.44144144144144,1034.2342342342342,28.72872872872873,0
3501,4,0,0,39,0.0,0.0,1.0,39,1000,700,300,0.7,13,7,6,381.5284395609254,0.8028002699055331,0.21780498083970445,0.23860461363146476,133792.42153893743,2409.1227629656537,136201.54430190308,3366,36,693.2564102564103,36,3,19,31.489015275207723,0.658275462962963,41.356981981981974,1034.5720720720708,28.738113113113076,0
3502,4,1,0,40,0.025,0.0,1.0,40,700,600,100,0.8571428571428571,8,6,2,373.9539854823107,0.8066773504273504,0.2163480885311877,0.23525965922114955,134010.95920138867,2022.7864583333098,136033.745659722,3367,0,676.9,37,3,20,31.465878604963105,0.6585022522522523,41.14583333333332,1035.416666666665,27.984234234234187,0
3503,4,0,0,40,0.0,0.0,1.0,40,1300,800,500,0.6153846153846154,18,8,10,371.2113057902844,0.8063301282051282,0.2183728562354439,0.23407623461248483,134096.12212411495,1955.5993190212198,136051.72144313616,3368,1,677.9,37,3,20,31.451584444914964,0.6593468468468469,41.06359649122806,1035.7456140350864,27.993124703650984,0
3504,4,1,0,41,0.024390243902439025,0.0,1.0,41,850,500,350,0.5882352941176471,12,5,7,363.39094760142115,0.8129573170731708,0.21766203595925226,0.23081238682048127,134361.72010633664,1565.1665581597038,135926.88666449633,3369,0,662.3414634146342,39,2,21,31.3884632774038,0.6583867521367522,40.80729166666666,1036.770833333332,26.583867521367484,0
3505,4,0,0,41,0.0,0.0,1.0,41,1550,1100,450,0.7096774193548387,20,11,9,364.26504411875544,0.8109756097560976,0.2055619652309808,0.23205291390214003,134469.73876953128,1596.5250651041679,136066.26383463544,3370,1,663.3414634146342,39,2,21,31.25784623882695,0.6594551282051282,40.703125,1037.1875000000002,26.594551282051288,0
3506,4,0,0,41,0.0,0.0,1.0,41,750,400,350,0.5333333333333333,11,4,7,364.25063196851727,0.8096544715447155,0.20585438021768954,0.23274164283039028,134579.2229940944,1604.162233211184,136183.38522730558,3371,2,664.3414634146342,37,4,21,31.148838458557893,0.6641328828828829,40.59758771929825,1037.6096491228075,28.04350403034615,0
3507,4,0,0,41,0.0,0.0,1.0,41,1250,900,350,0.72,16,9,7,368.1392988259741,0.8078760162601626,0.2117118509588134,0.23614789168593003,134721.47680055417,1719.2540012311613,136440.73080178534,3372,3,665.3414634146342,37,4,23,30.905858329812695,0.6655405405405406,40.46052631578948,1038.1578947368432,28.05832147937414,0
3508,4,0,0,41,0.0,0.0,1.0,41,1200,1000,200,0.8333333333333334,14,10,4,371.34520236029897,0.8071138211382114,0.21799810481212845,0.23895256499706236,134835.3339489076,1814.0908741151325,136649.4248230227,3373,4,666.3414634146342,37,4,18,30.708931587837842,0.6666666666666665,40.350877192982466,1038.596491228072,28.07017543859654,0
3509,4,0,0,41,0.0,0.0,1.0,41,550,300,250,0.5454545454545454,8,3,5,369.6763458575493,0.8066565040650406,0.21712826374622196,0.23825263269757987,134892.2805574793,1773.2970721760637,136665.57762965537,3374,5,667.3414634146342,37,4,19,30.695412004785023,0.6672297297297296,40.29605263157895,1038.8157894736848,28.0761024182077,0
3510,4,0,0,41,0.0,0.0,1.0,41,1000,700,300,0.7,13,7,6,371.08123725120277,0.8061991869918699,0.213367655576292,0.23934613498673557,134920.7583703639,1813.3123893890402,136734.07075975294,3375,6,668.3414634146342,37,4,19,30.63049692172384,0.6675112612612613,40.26864035087719,1038.925438596491,28.07906590801327,0
3511,4,0,0,41,0.0,0.0,1.0,41,1450,900,550,0.6206896551724138,20,9,11,363.1708947657909,0.8050813008130081,0.1785518857148931,0.22623033621027747,133646.82883897403,1511.0848480784948,135157.91368705253,3376,7,669.3414634146342,36,5,20,32.10969832280549,0.6568287037037037,41.497747747747745,1034.0090090090084,28.722472472472457,4
3512,4,0,0,41,0.0,0.0,1.0,41,1200,900,300,0.75,15,9,6,362.5841676408579,0.8050813008130081,0.17315677078755165,0.22653106208767215,133755.63274276684,1499.5349530624676,135255.16769582932,3377,8,670.3414634146342,37,4,17,32.01584693661225,0.6559684684684686,41.392543859649116,1034.4298245614023,27.957562825983846,0
3513,4,0,0,41,0.0,0.0,1.0,41,1250,1100,150,0.88,14,11,3,363.65807239299056,0.8023373983739838,0.18132492765605646,0.22825347097006848,133925.82333025546,1540.6413511849787,135466.46468144044,3378,9,671.3414634146342,37,4,18,31.817620056497173,0.6576576576576576,41.228070175438596,1035.0877192982455,27.975343764817445,0
3514,4,0,0,41,0.0,0.0,1.0,41,950,600,350,0.631578947368421,13,6,7,361.9703054759462,0.8020833333333334,0.17705957864532196,0.2274638300948067,133969.47937212363,1498.5946745562173,135468.07404667986,3379,10,672.3414634146342,38,3,18,31.817595459236326,0.65625,41.18589743589744,1035.2564102564106,27.24358974358975,0
3515,4,0,0,41,0.0,0.0,1.0,41,1350,1000,350,0.7407407407407407,17,10,7,356.6917532342145,0.801880081300813,0.09428655388102913,0.21442753783897384,132317.61203342024,1240.5786277274462,133558.1906611477,3380,11,673.3414634146342,39,2,20,33.61186342006681,0.6380876068376069,42.786458333333336,1028.8541666666674,26.38087606837609,5
3516,4,1,1,41,0.023809523809523808,0.023809523809523808,0.9761904761904762,42,1300,1200,100,0.9230769230769231,14,12,2,347.89240765577387,0.8079510259388308,0.10107872627320869,0.21081274055369675,132618.00219382346,827.408044466587,133445.41023829003,3381,0,658.2857142857143,38,4,22,33.536242782560606,0.6428179824561404,42.49465811965812,1030.0213675213672,27.10582546108861,0
3517,4,1,1,41,0.023809523809523808,0.023809523809523808,0.9761904761904762,42,800,300,500,0.375,13,3,10,347.54618697210617,0.8062330623306233,0.12082956951828083,0.2115317391621396,132783.12108490412,829.6534854627971,133612.77457036692,3382,0,658.9761904761905,38,4,19,33.3793320894233,0.6444627192982455,42.33440170940172,1030.6623931623947,27.122694556905124,0
3518,4,0,0,41,0.0,0.0,1.0,41,600,600,0,1.0,6,6,0,353.1288343320665,0.8005589430894309,0.12148319802874363,0.21398586372064468,132618.00219382366,1166.2481052304915,133784.25029905414,3383,1,676.0243902439024,38,3,22,33.40140199840957,0.6428179824561402,42.494658119658126,1030.0213675213688,27.105825461088653,0
3519,4,0,0,41,0.0,0.0,1.0,41,800,600,200,0.75,10,6,4,354.1358552782669,0.8009146341463415,0.12669573398347,0.21506839976722983,132700.54879830536,1198.8044689166647,133899.35326722203,3384,2,677.0243902439024,38,3,19,33.29250483893267,0.6436403508771928,42.41452991452992,1030.3418803418815,27.114260008996883,0
3520,4,0,0,41,0.0,0.0,1.0,41,1300,1100,200,0.8461538461538461,15,11,4,356.4018169471957,0.8004065040650407,0.12722663033449666,0.21724075374121904,132838.18354381277,1268.7539949960044,134106.93753880876,3385,3,678.0243902439024,38,3,20,33.09583031056759,0.6450109649122806,42.28098290598292,1030.8760683760702,27.128317588843952,0
3521,4,0,0,41,0.0,0.0,1.0,41,1150,1000,150,0.8695652173913043,13,10,3,357.7955108790244,0.7992378048780487,0.13366884445724536,0.21889466806249083,132975.889628534,1315.6352728468262,134291.52490138082,3386,4,679.0243902439024,38,3,20,32.92158690698157,0.6463815789473684,42.147435897435905,1031.4102564102575,27.142375168690986,0
3522,4,1,0,42,0.023809523809523808,0.0,1.0,42,1550,1000,550,0.6451612903225806,21,10,11,354.1414404752358,0.8047570654277971,0.1392691432029738,0.21861508349137584,133310.81271701428,1042.1766493055943,134352.98936631987,3387,0,663.8333333333334,39,3,21,32.679796247730486,0.6479700854700854,41.822916666666686,1032.7083333333364,26.479700854700933,0
3523,4,0,0,42,0.0,0.0,1.0,42,1250,700,550,0.56,18,7,11,350.5152497402565,0.8028455284552846,0.14101123865213006,0.21716182149741461,133445.31385633696,954.9235026041858,134400.23735894114,3388,1,664.8333333333334,39,3,21,32.63864384850625,0.6493055555555554,41.69270833333334,1033.229166666668,26.493055555555593,0
3524,4,0,0,42,0.0,0.0,1.0,42,850,500,350,0.5882352941176471,12,5,7,348.29348569188346,0.8025551684088269,0.13997758615322375,0.21628129984303818,133530.41174620565,901.5626486125055,134431.97439481816,3389,2,665.8333333333334,36,6,21,32.6108175346844,0.6556712962962963,41.61036036036036,1033.5585585585584,28.709959959959956,0
3525,4,0,0,42,0.0,0.0,1.0,42,1250,900,350,0.72,16,9,7,348.5782036165211,0.8021438250096786,0.13700650646758428,0.21765403128604655,133734.17494775177,923.3636930849713,134657.53864083675,3390,3,666.8333333333334,36,6,18,32.39951914353112,0.6576967592592593,41.413288288288285,1034.3468468468466,28.73185685685685,0
3526,4,0,0,42,0.0,0.0,1.0,42,1150,800,350,0.6956521739130435,15,8,7,348.264373454608,0.8025067750677507,0.13528338748710933,0.21814596643997228,133850.68081172393,923.0846978735522,134773.7655095975,3391,4,667.8333333333334,36,6,18,32.291099865781554,0.6588541666666666,41.30067567567568,1034.7972972972975,28.744369369369377,0
3527,4,0,0,42,0.0,0.0,1.0,42,900,500,400,0.5555555555555556,13,5,8,351.04687661165684,0.8009581881533101,0.14084474211745013,0.22058605172187035,133967.2374020981,1005.75605165978,134972.9934537579,3392,5,668.8333333333334,36,6,18,32.1025508539106,0.6600115740740741,41.18806306306307,1035.2477477477482,28.756881881881895,0
3528,4,1,2,41,0.023255813953488372,0.046511627906976744,0.9534883720930233,43,1100,800,300,0.7272727272727273,14,8,6,345.11196542690334,0.8039867109634551,0.14203813867169224,0.21834578947655142,134218.45465565412,664.0789365548928,134882.53359220902,3393,0,654.2558139534884,38,5,18,32.005232498195696,0.6587171052631579,40.94551282051282,1036.2179487179483,27.268893387314428,0
3529,4,0,2,39,0.0,0.04878048780487805,0.9512195121951219,41,750,600,150,0.8,9,6,3,360.41726515369203,0.792479674796748,0.14361306324927736,0.22621934727731693,133925.82333025528,1453.8357956294083,135379.6591258847,3394,12,687.0243902439024,37,4,19,31.901483050847467,0.6576576576576577,41.22807017543859,1035.087719298244,27.97534376481741,0
3530,4,0,0,39,0.0,0.0,1.0,39,1050,600,450,0.5714285714285714,15,6,9,369.5254967985024,0.782838506522717,0.14410552257509912,0.231098076180248,133792.42153893766,2087.942207410126,135880.36374634778,3395,28,671.1282051282051,36,3,19,31.799463009324782,0.6582754629629629,41.35698198198199,1034.5720720720728,28.738113113113133,0
3531,4,0,0,39,0.0,0.0,1.0,39,1100,800,300,0.7272727272727273,14,8,6,367.8639654113272,0.7835132703553757,0.13773403851732824,0.23097032582383362,133938.09349890446,2054.199638828035,135992.2931377325,3396,29,672.1282051282051,36,3,19,31.696493327531204,0.6597222222222221,41.216216216216225,1035.1351351351364,28.753753753753788,0
3532,4,0,0,39,0.0,0.0,1.0,39,1000,600,400,0.6,14,6,8,366.63443322465037,0.7819950517318939,0.13020711346070213,0.23092946903656747,134054.68813408012,2029.8129210291504,136084.50105510926,3397,30,673.1282051282051,36,3,19,31.611570247933894,0.6608796296296295,41.10360360360361,1035.5855855855864,28.76626626626629,0
3533,4,0,0,39,0.0,0.0,1.0,39,800,600,200,0.75,10,6,4,368.662353657414,0.7807017543859649,0.1354330366715253,0.23264884802949812,134124.51577648878,2089.331933864251,136213.84771035303,3398,31,674.1282051282051,37,2,19,31.489163226421084,0.6596283783783785,41.03618421052631,1035.8552631578937,27.996088193456586,0
3534,4,0,0,39,0.0,0.0,1.0,39,1250,1100,150,0.88,14,11,3,366.79062736205594,0.7794646873594242,0.13978021978021982,0.23200611971696308,134209.71476800548,2045.3730955678575,136255.08786357334,3399,32,675.1282051282051,37,2,19,31.452380952380945,0.660472972972973,40.95394736842105,1036.1842105263152,28.004978662873384,0
3535,4,0,0,39,0.0,0.0,1.0,39,800,500,300,0.625,11,5,6,368.409760504061,0.7787336932073774,0.13346788632442474,0.2333920279010981,134266.5291243459,2093.019967682358,136359.54909202826,3400,33,676.1282051282051,37,2,19,31.353593595711672,0.661036036036036,40.89912280701754,1036.4035087719294,28.01090564248458,0
3536,4,0,0,39,0.0,0.0,1.0,39,1050,700,350,0.6666666666666666,14,7,7,367.34033629083734,0.7771030139451193,0.12579721462970195,0.23343885886869342,134380.1939058172,2072.6531240381687,136452.84702985536,3401,34,677.1282051282051,37,2,20,31.26762549351382,0.6621621621621622,40.78947368421053,1036.8421052631581,28.022759601706976,0
3537,4,0,1,38,0.0,0.02564102564102564,0.9743589743589743,39,1000,800,200,0.8,12,8,4,371.04744855024506,0.7756410256410257,0.12890721358846946,0.23634598086442887,134465.47405211217,2178.6142130270796,136644.08826513926,3402,35,678.1282051282051,37,2,20,31.08624502237727,0.6630067567567568,40.70723684210526,1037.1710526315787,28.03165007112375,0
3538,4,0,0,38,0.0,0.0,1.0,38,800,500,300,0.625,11,5,6,380.2886364541768,0.7699442863916548,0.1345114986880691,0.24163681682771598,134375.58493882386,2620.3015938235394,136995.8865326474,3403,36,676.4736842105264,36,2,20,30.936606205423406,0.6640625,40.79391891891891,1036.8243243243235,28.800675675675652,0
3539,4,0,0,38,0.0,0.0,1.0,38,950,600,350,0.631578947368421,13,6,7,381.7414854987635,0.7694701280227596,0.1372072293424913,0.24333708117156447,134492.36979800728,2668.263406988051,137160.63320499533,3404,37,677.4736842105264,36,2,20,30.782035971483378,0.6652199074074074,40.6813063063063,1037.2747747747733,28.813188188188146,0
3540,4,0,0,38,0.0,0.0,1.0,38,1050,900,150,0.8571428571428571,12,9,3,378.8648570184353,0.768640350877193,0.1332699217924329,0.24189063948100092,134550.78124999988,2595.337863201026,137146.1191132009,3405,38,678.4736842105264,34,4,20,30.79819277108434,0.6700367647058825,40.62499999999999,1037.499999999999,30.514705882352914,0
3541,4,0,0,38,0.0,0.0,1.0,38,750,300,450,0.4,12,3,9,381.517013445805,0.7669807965860598,0.13300957980454098,0.24441196474900592,134674.321499433,2676.1089852607547,137350.43048469373,3406,39,679.4736842105264,34,4,20,30.60581297549413,0.6712622549019609,40.50595238095237,1037.9761904761895,30.528711484593806,0
3542,4,1,1,38,0.02564102564102564,0.02564102564102564,0.9743589743589743,39,750,400,350,0.5333333333333333,11,4,7,370.72825874054365,0.7732793522267207,0.12843931890490157,0.23945311560953947,134971.3930148318,2207.541902434822,137178.9349172666,3407,0,663.025641025641,35,4,19,30.5891252691765,0.6720238095238096,40.2199074074074,1039.120370370369,29.6891534391534,0
3543,4,0,0,38,0.0,0.0,1.0,38,1100,700,400,0.6363636363636364,15,7,8,381.7672570594677,0.765647226173542,0.13944232717449,0.24645448369933673,134952.49433106568,2704.0887188208535,137656.58304988654,3408,41,681.4736842105264,34,4,19,30.321236251145734,0.6740196078431373,40.238095238095234,1039.0476190476184,30.560224089635835,0
3544,4,0,0,38,0.0,0.0,1.0,38,1500,1200,300,0.8,18,12,6,381.7672570594677,0.765647226173542,0.13944232717449,0.24645448369933673,134952.49433106568,2704.0887188208535,137656.58304988654,3409,42,682.4736842105264,34,4,19,30.321236251145734,0.6740196078431373,40.238095238095234,1039.0476190476184,30.560224089635835,0
3545,4,0,0,38,0.0,0.0,1.0,38,1250,900,350,0.72,16,9,7,378.9693893377889,0.7643729255571361,0.13705726012041408,0.24569708070429933,135107.15880102044,2640.2954931972818,137747.45429421772,3410,43,683.4736842105264,34,4,19,30.23946524676515,0.6755514705882353,40.089285714285715,1039.6428571428573,30.57773109243698,0
3546,4,0,0,38,0.0,0.0,1.0,38,1200,1000,200,0.8333333333333334,14,10,4,376.8401837639983,0.7642247510668564,0.13548328260547415,0.24470761300117866,135164.8671475529,2587.1106748640514,137751.97782241696,3411,44,684.4736842105264,36,2,20,30.23721211464876,0.671875,40.03378378378378,1039.8648648648646,28.885135135135126,0
3547,4,1,1,38,0.02564102564102564,0.02564102564102564,0.9743589743589743,39,1250,800,450,0.64,17,8,9,371.60934734364554,0.7695119208277104,0.1297633032230192,0.24350798847673621,135490.9458318904,2269.9403903123844,137760.88622220277,3412,0,667.8974358974359,37,2,20,30.048161312971732,0.6731418918918919,39.720394736842096,1041.11842105263,28.138335704125137,0
3548,4,0,0,38,0.0,0.0,1.0,38,900,700,200,0.7777777777777778,11,7,4,379.35757262678135,0.7633653390232338,0.13481395838910104,0.24774864513385764,135369.87314594997,2670.7172966885737,138040.59044263855,3413,46,686.4736842105264,36,2,20,29.96722035854705,0.673900462962963,39.83671171171171,1040.6531531531527,28.90703203203202,0
3549,4,0,0,38,0.0,0.0,1.0,38,800,400,400,0.5,12,4,8,378.6277010089287,0.7631578947368421,0.13616328204193695,0.2474736359776888,135399.1723987501,2653.1754727700704,138052.34787152015,3414,47,687.4736842105264,36,2,20,29.95698982904134,0.6741898148148149,39.80855855855856,1040.7657657657658,28.91016016016016,0
3550,4,0,0,38,0.0,0.0,1.0,38,850,600,250,0.7058823529411765,11,6,5,378.16217671447447,0.7629504504504505,0.13591500876084028,0.2472118031249165,135405.34106648175,2641.0357032932952,138046.37676977506,3415,48,688.4736842105264,37,1,20,29.96295125719905,0.6722972972972974,39.802631578947356,1040.7894736842086,28.12944523470834,0
3551,4,0,0,38,0.0,0.0,1.0,38,1200,700,500,0.5833333333333334,17,7,10,380.3162588601082,0.7619428639165481,0.13930681981972026,0.24901534907709397,135462.407904355,2703.7112380732333,138166.11914242824,3416,49,689.4736842105264,37,1,20,29.84999297802119,0.6728603603603605,39.74780701754385,1041.008771929823,28.135372214319542,0
3552,4,0,0,38,0.0,0.0,1.0,38,750,500,250,0.6666666666666666,10,5,5,385.15539461910225,0.7606981981981982,0.14334873823852123,0.25298796252366734,135576.57764889183,2843.6100530932463,138420.1877019851,3417,50,690.4736842105264,37,1,20,29.610181090755948,0.6739864864864865,39.638157894736835,1041.4473684210516,28.147226173541934,0
3553,4,0,0,38,0.0,0.0,1.0,38,800,600,200,0.75,10,6,4,383.9518676027526,0.7594238975817923,0.14505723784817892,0.25282531576227757,135665.596240028,2817.859900880487,138483.4561409085,3418,51,691.4736842105264,33,5,20,29.552773203152565,0.6833964646464645,39.55269607843138,1041.7892156862756,31.56937017231138,0
3554,4,0,0,38,0.0,0.0,1.0,38,1050,900,150,0.8571428571428571,12,9,3,380.49889742371244,0.7574679943100996,0.1410772791487569,0.251416441278838,135788.73476473926,2733.492772108846,138522.2275368481,3419,52,692.4736842105264,34,4,20,29.520036169807728,0.6822916666666666,39.43452380952381,1042.261904761905,30.654761904761912,0
3555,4,0,1,37,0.0,0.02631578947368421,0.9736842105263158,38,650,400,250,0.6153846153846154,9,4,5,380.4744683590715,0.7580310573731627,0.1411663581063205,0.25161891578187556,135819.7562358278,2735.18990929707,138554.94614512488,3420,53,693.4736842105264,34,4,20,29.489778437642748,0.6825980392156862,39.40476190476191,1042.3809523809537,30.658263305322166,0
3556,4,0,0,37,0.0,0.0,1.0,37,700,500,200,0.7142857142857143,9,5,4,379.11979057179894,0.7557557557557557,0.14177616758114597,0.25115969181753517,135881.80980725624,2903.096655328799,138784.90646258503,3421,54,705.4324324324324,34,3,18,29.463300220750547,0.6832107843137254,39.345238095238095,1042.6190476190475,30.665266106442573,0
3557,4,0,0,37,0.0,0.0,1.0,37,700,600,100,0.8571428571428571,8,6,2,380.025537251453,0.7554429429429429,0.1451973722780895,0.25197908257270846,135912.84190759648,2930.0701530612387,138842.91206065772,3422,55,706.4324324324324,34,3,18,29.40879856909084,0.683517156862745,39.3154761904762,1042.738095238096,30.668767507002826,0
3558,4,0,0,37,0.0,0.0,1.0,37,1200,900,300,0.75,15,9,6,380.45009886594505,0.7545045045045045,0.1364553323010298,0.252921378320441,136005.95946712026,2948.6961451247284,138954.655612245,3423,56,707.4324324324324,34,3,20,29.305048314692247,0.6844362745098038,39.22619047619048,1043.0952380952388,30.679271708683494,0
3559,4,0,0,37,0.0,0.0,1.0,37,850,500,350,0.5882352941176471,12,5,7,378.9500453218436,0.754004004004004,0.13563763375557603,0.2530278025389645,136161.22626133793,2919.6605725623663,139080.8868339003,3424,57,708.4324324324324,34,3,20,29.18971712102202,0.6859681372549019,39.077380952380956,1043.6904761904766,30.696778711484605,0
3560,4,0,0,37,0.0,0.0,1.0,37,1100,700,400,0.6363636363636364,15,7,8,379.46820364334224,0.7534409409409409,0.1357514869487504,0.25404092717191673,136254.42885487518,2940.844671201806,139195.27352607698,3425,58,709.4324324324324,34,3,20,29.083523375142533,0.6868872549019608,38.988095238095234,1044.0476190476184,30.707282913165244,0
3561,4,0,1,36,0.0,0.02702702702702703,0.972972972972973,37,900,700,200,0.7777777777777778,11,7,4,380.8563441433633,0.752565065065065,0.1330618205119516,0.2556429003190302,136347.66333616772,2985.774518140578,139333.43785430831,3426,59,710.4324324324324,34,3,20,28.954605038185342,0.6878063725490196,38.89880952380952,1044.4047619047612,30.71778711484592,0
3562,4,0,0,36,0.0,0.0,1.0,36,850,600,250,0.7058823529411765,11,6,5,392.0364125283784,0.743452380952381,0.1403625456442359,0.26259042725957416,136272.70761245672,3484.7726835832336,139757.48029603995,3427,60,728.1944444444445,33,3,20,28.737284820031302,0.6893939393939394,38.970588235294116,1044.1176470588234,31.639928698752225,0
3563,4,0,0,36,0.0,0.0,1.0,36,1050,900,150,0.8571428571428571,12,9,3,388.22967902333465,0.7419642857142857,0.13731301939058183,0.2608915006095008,136388.24755926352,3389.9931144975963,139778.24067376112,3428,61,729.1944444444445,35,1,20,28.721722068328713,0.6860119047619048,38.8599537037037,1044.560185185185,29.844576719576715,0
3564,4,0,0,36,0.0,0.0,1.0,36,750,500,250,0.6666666666666666,10,5,5,386.6665208760559,0.7405753968253969,0.13933200398803613,0.26028625532797584,136448.70334201382,3352.0290798611013,139800.7324218749,3429,62,730.1944444444445,35,1,20,28.702434363575925,0.6866071428571429,38.80208333333333,1044.791666666666,29.85119047619046,0
3565,4,0,0,36,0.0,0.0,1.0,36,1100,900,200,0.8181818181818182,13,9,4,385.8718280880298,0.7404100529100529,0.13790429774036372,0.2599739450730397,136478.93625685864,3332.675325788746,139811.61158264737,3430,63,731.1944444444445,35,1,20,28.693139861172646,0.6869047619047619,38.773148148148145,1044.907407407407,29.85449735449734,0
3566,4,0,0,36,0.0,0.0,1.0,36,1050,600,450,0.5714285714285714,15,6,9,384.9441232915375,0.7397156084656085,0.1431694896490645,0.26046443937771246,136630.15106577944,3318.9947434413716,139949.14580922082,3431,64,732.1944444444445,35,1,20,28.567128860843575,0.688392857142857,38.62847222222223,1045.486111111112,29.871031746031772,0
3567,4,0,0,36,0.0,0.0,1.0,36,1050,700,350,0.6666666666666666,14,7,7,382.6337222961858,0.7382275132275132,0.15022123893805284,0.26046753385222304,136841.9924554185,3272.0721879286803,140114.0646433472,3432,65,733.1944444444445,35,1,20,28.417219764011797,0.6904761904761905,38.42592592592593,1046.2962962962972,29.89417989417992,0
3568,4,0,0,36,0.0,0.0,1.0,36,450,200,250,0.4444444444444444,7,2,5,382.9928085968432,0.7372685185185186,0.14768830881539685,0.2609373008684293,136872.268907,3284.2189375428516,140156.48784454283,3433,66,734.1944444444445,35,1,20,28.377783615381784,0.6907738095238096,38.39699074074073,1046.4120370370358,29.897486772486737,0
3569,4,0,0,36,0.0,0.0,1.0,36,750,600,150,0.8,9,6,3,383.06409414018174,0.7377645502645503,0.14318885448916396,0.2616640232178099,136963.11835562414,3293.130572702328,140256.24892832647,3434,67,735.1944444444445,35,1,18,28.285787999410285,0.6916666666666667,38.31018518518518,1046.7592592592591,29.907407407407405,0
3570,4,0,0,36,0.0,0.0,1.0,36,1050,900,150,0.8571428571428571,12,9,3,379.8363256024795,0.7373346560846561,0.13473864515416079,0.2605867255782287,137114.60108292612,3216.2212523576823,140330.8223352838,3435,68,736.1944444444445,35,1,19,28.220084171363304,0.6931547619047619,38.16550925925926,1047.337962962963,29.9239417989418,0
3571,4,0,0,36,0.0,0.0,1.0,36,950,800,150,0.8421052631578947,11,8,3,381.3798113610698,0.7366402116402117,0.13861878453038723,0.2618730874671989,137144.90767532578,3260.859803669415,140405.7674789952,3436,69,737.1944444444445,35,1,19,28.149631675874765,0.6934523809523809,38.136574074074076,1047.4537037037037,29.927248677248677,0
3572,4,0,0,36,0.0,0.0,1.0,36,700,600,100,0.8571428571428571,8,6,2,379.94292823186885,0.7360119047619048,0.13832431238263565,0.26156831401392466,137235.8475464035,3228.357955032581,140464.20550143608,3437,70,738.1944444444445,35,1,19,28.097154718509508,0.6943452380952381,38.04976851851852,1047.8009259259263,29.937169312169324,0
3573,4,0,0,36,0.0,0.0,1.0,36,700,400,300,0.5714285714285714,10,4,6,379.5517155516207,0.7355820105820107,0.13690081731831216,0.2615267300307742,137266.16753472216,3219.92187499999,140486.08940972216,3438,71,739.1944444444445,35,1,19,28.077369118621597,0.6946428571428571,38.02083333333333,1047.916666666666,29.940476190476172,0
3574,4,0,0,36,0.0,0.0,1.0,36,1000,800,200,0.8,12,8,4,379.04207251280235,0.7349537037037037,0.1372944033557788,0.26231796294067805,137417.81771101247,3217.426885073725,140635.24459608618,3439,72,740.1944444444445,35,1,20,27.94056095227582,0.6961309523809524,37.876157407407405,1048.49537037037,29.95701058201057,0
3575,4,0,0,36,0.0,0.0,1.0,36,1150,900,250,0.782608695652174,14,9,5,378.14396119662354,0.7354166666666667,0.134449839973513,0.26215473851588406,137478.501224387,3197.3330064729103,140675.8342308599,3440,73,741.1944444444445,35,1,20,27.904043887723954,0.6967261904761904,37.81828703703704,1048.726851851852,29.963624338624342,0
3576,4,0,0,36,0.0,0.0,1.0,36,950,600,350,0.631578947368421,13,6,7,376.4151597466367,0.735383597883598,0.12908208296557833,0.26164317545579074,137569.55161179684,3156.652949245525,140726.20456104237,3441,74,742.1944444444445,35,1,20,27.85929685201529,0.6976190476190476,37.731481481481474,1049.074074074073,29.973544973544943,0
3577,4,0,0,36,0.0,0.0,1.0,36,650,400,250,0.6153846153846154,9,4,5,377.4451457161386,0.7362103174603175,0.12548251902503615,0.26305112499678923,137660.6321400248,3191.8674714934796,140852.4996115183,3442,75,743.1944444444445,35,1,20,27.74220157347156,0.6985119047619048,37.644675925925924,1049.4212962962958,29.983465608465597,0
3578,4,0,0,36,0.0,0.0,1.0,36,850,600,250,0.7058823529411765,11,6,5,376.03930461073315,0.7354497354497355,0.11375661375661394,0.26322751322751314,137812.5,3164.583333333333,140977.08333333334,3443,76,744.1944444444445,35,1,21,27.628968253968246,0.7,37.5,1050.0,30.0,0
3579,4,0,0,36,0.0,0.0,1.0,36,850,600,250,0.7058823529411765,11,6,5,374.96345878013784,0.7346891534391535,0.11303030303030304,0.2631704090046211,137903.66090374227,3141.766734182096,141045.42763792438,3444,77,745.1944444444445,35,1,22,27.56714876033057,0.7008928571428572,37.41319444444444,1050.3472222222222,30.009920634920633,0
3580,4,0,0,36,0.0,0.0,1.0,36,850,700,150,0.8235294117647058,10,7,3,375.7185274311554,0.7346560846560847,0.1072687224669604,0.264869893561715,138055.66272290796,3174.0140603566388,141229.6767832646,3445,78,746.1944444444445,35,1,18,27.397209985315712,0.7023809523809523,37.26851851851851,1050.925925925925,30.026455026455,0
3581,4,0,0,36,0.0,0.0,1.0,36,1250,900,350,0.72,16,9,7,375.51713430238226,0.7319113756613758,0.10264663805436336,0.2663797189231648,138268.60592689016,3184.4461323302144,141453.05205922038,3446,79,747.1944444444445,35,1,19,27.192348960052808,0.7044642857142858,37.06597222222221,1051.736111111109,30.049603174603117,0
3582,4,0,0,36,0.0,0.0,1.0,36,1150,900,250,0.782608695652174,14,9,5,371.79496104872584,0.7319113756613758,0.06640281442392304,0.26586847214616416,138542.6311728394,3101.890432098753,141644.52160493817,3447,80,748.1944444444445,35,1,19,27.020118733509232,0.7071428571428571,36.80555555555555,1052.777777777777,30.079365079365054,1
3583,4,0,0,36,0.0,0.0,1.0,36,400,200,200,0.5,6,2,4,371.8108009408412,0.7317129629629631,0.061167289514179046,0.2663570603905331,138603.56251071658,3106.8603180726836,141710.42282878928,3448,81,749.1944444444445,35,1,19,26.95967978310252,0.7077380952380953,36.747685185185176,1053.009259259258,30.0859788359788,0
3584,4,0,0,36,0.0,0.0,1.0,36,700,600,100,0.8571428571428571,8,6,2,371.2980558397013,0.730952380952381,0.059361608614437955,0.2667074669453134,138694.9846348808,3099.435629929691,141794.42026481047,3449,82,750.1944444444445,35,1,19,26.88314928762406,0.7086309523809524,36.660879629629626,1053.356481481481,30.095899470899457,0
3585,4,0,0,36,0.0,0.0,1.0,36,800,500,300,0.625,11,5,6,369.4546285686048,0.7288690476190477,0.05074692442882256,0.2661008653867544,138786.43689986275,3055.0582990397697,141841.49519890253,3450,83,751.1944444444445,35,1,19,26.8416813122437,0.7095238095238096,36.57407407407407,1053.703703703703,30.105820105820086,0
3586,4,0,0,36,0.0,0.0,1.0,36,800,500,300,0.625,11,5,6,368.3017188267575,0.7285714285714286,0.05241625480505241,0.2655096714107385,138816.92768614963,3025.302613811723,141842.23029996135,3451,84,752.1944444444445,35,1,19,26.842051070840196,0.7098214285714286,36.545138888888886,1053.8194444444441,30.109126984126974,0
3587,4,0,0,36,0.0,0.0,1.0,36,400,300,100,0.75,5,3,2,368.0781622252286,0.7277777777777779,0.05035141664836362,0.26558793543763304,138847.42182141618,3021.3407707475812,141868.76259216375,3452,85,753.1944444444445,35,1,20,26.817940552016978,0.7101190476190476,36.516203703703695,1053.935185185184,30.112433862433832,0
3588,4,0,0,36,0.0,0.0,1.0,36,900,600,300,0.6666666666666666,12,6,6,372.71740322271665,0.7251322751322752,0.05087815587266764,0.26990902570420866,138969.43185228037,3159.2651534636316,142128.697005744,3453,86,754.1944444444445,35,1,20,26.575649469447495,0.7113095238095238,36.400462962962955,1054.398148148147,30.12566137566134,0
3589,4,0,0,36,0.0,0.0,1.0,36,1050,900,150,0.8571428571428571,12,9,3,374.08537285669655,0.7242724867724868,0.0496488918147906,0.27188310113364683,139091.49546682095,3206.418788580245,142297.9142554012,3454,87,755.1944444444445,35,1,20,26.419519420671495,0.7125,36.28472222222222,1054.8611111111109,30.138888888888882,0
3590,4,0,0,36,0.0,0.0,1.0,36,750,200,550,0.26666666666666666,13,2,11,377.1790115904265,0.7213955026455027,0.05149155516560633,0.27512945821452073,139213.61266503774,3301.690564986283,142515.30323002403,3455,88,756.1944444444445,35,1,17,26.217829202310448,0.7136904761904761,36.16898148148148,1055.3240740740741,30.152116402116405,0
3591,4,0,0,36,0.0,0.0,1.0,36,700,600,100,0.8571428571428571,8,6,2,380.2285318559558,0.7202711640211641,0.045833333333333615,0.27785931174089074,139274.69135802463,3391.24228395061,142665.93364197525,3456,89,757.1944444444445,35,1,17,26.077302631578938,0.7142857142857142,36.11111111111111,1055.555555555555,30.15873015873014,0
3592,4,0,0,36,0.0,0.0,1.0,36,1100,900,200,0.8181818181818182,13,9,4,380.2285318559558,0.7202711640211641,0.045833333333333615,0.27785931174089074,139274.69135802463,3391.24228395061,142665.93364197525,3457,90,758.1944444444445,35,1,17,26.077302631578938,0.7142857142857142,36.11111111111111,1055.555555555555,30.15873015873014,0
3593,4,0,0,36,0.0,0.0,1.0,36,950,700,250,0.7368421052631579,12,7,5,380.37103572236117,0.7197089947089947,0.04644853666557047,0.2787248962967952,139366.3345148533,3402.1834008487544,142768.51791570208,3458,91,759.1944444444445,35,1,17,25.983434725419276,0.7151785714285714,36.02430555555555,1055.9027777777771,30.168650793650777,0
3594,4,0,0,36,0.0,0.0,1.0,36,800,600,200,0.75,10,6,4,377.5321276602665,0.7205026455026455,0.04653774515174769,0.2776579959029214,139488.57227634176,3332.28349515604,142820.8557714978,3459,92,760.1944444444445,35,1,19,25.938264672583173,0.7163690476190476,35.90856481481482,1056.365740740741,30.181878306878318,0
3595,4,0,0,36,0.0,0.0,1.0,36,750,500,250,0.6666666666666666,10,5,5,381.39548540122115,0.7177248677248678,0.04158909210382178,0.2815296828778136,139610.86362150655,3449.390619641653,143060.2542411482,3460,93,761.1944444444445,35,1,19,25.716081663198622,0.7175595238095238,35.79282407407408,1056.8287037037053,30.195105820105866,0
3596,4,0,0,36,0.0,0.0,1.0,36,750,500,250,0.6666666666666666,10,5,5,382.1759177243244,0.7164351851851852,0.04548938033720207,0.28288450830583306,139702.61729466746,3478.1951946159293,143180.8124892834,3461,94,762.1944444444445,35,1,19,25.605339026348446,0.7184523809523808,35.706018518518526,1057.1759259259268,30.20502645502648,0
3597,4,0,0,36,0.0,0.0,1.0,36,900,700,200,0.7777777777777778,11,7,4,372.9116355544666,0.71739417989418,-0.01949414623370882,0.25695144203273507,137266.16753472213,3037.630208333323,140303.79774305545,3462,95,763.1944444444445,35,1,17,28.251325381047053,0.6946428571428571,38.02083333333333,1047.9166666666658,29.940476190476165,5
3598,4,0,0,36,0.0,0.0,1.0,36,900,800,100,0.8888888888888888,10,8,2,373.36978236711667,0.7170634920634921,-0.019213780918727608,0.2577162156338879,137326.81755829902,3054.7367969821653,140381.5543552812,3463,96,764.1944444444445,35,1,17,28.1792918138987,0.6952380952380952,37.96296296296296,1048.1481481481478,29.94708994708994,0
3599,4,0,0,36,0.0,0.0,1.0,36,650,400,250,0.6153846153846154,9,4,5,363.6124026313613,0.7171626984126984,0.04968892345294984,0.2394202806206935,135663.8230479466,2665.8097297239306,138329.63277767051,3464,97,765.1944444444445,35,1,19,30.08427304373589,0.6788690476190476,39.554398148148145,1041.7824074074067,29.76521164021162,8
3600,4,0,0,36,0.0,0.0,1.0,36,900,500,400,0.5555555555555556,13,5,8,360.77918696619895,0.7142526455026456,0.042494726323970555,0.23876106811201697,135844.74833086837,2601.99157128771,138446.73990215609,3465,98,766.1944444444445,35,1,20,29.978188260982193,0.6806547619047619,39.38078703703703,1042.4768518518508,29.78505291005288,0
3601,4,0,0,36,0.0,0.0,1.0,36,850,600,250,0.7058823529411765,11,6,5,360.5193883722736,0.7120370370370371,0.047780244173141195,0.23919585340457913,135935.25618355622,2601.4590835047998,138536.71526706102,3466,99,767.1944444444445,35,1,17,29.89502404735479,0.6815476190476191,39.29398148148148,1042.824074074074,29.79497354497354,0
3602,4,0,0,36,0.0,0.0,1.0,36,400,300,100,0.75,5,3,2,360.83269355905423,0.7112433862433863,0.04383044829116778,0.23981004678128273,135995.61149691348,2614.3325617283863,138609.94405864188,3467,100,768.1944444444445,35,1,17,29.826897470039967,0.6821428571428572,39.23611111111111,1043.0555555555547,29.80158730158728,0
3603,4,0,0,36,0.0,0.0,1.0,36,800,400,400,0.5,12,4,8,362.35004886475963,0.7100198412698413,0.04866888519134771,0.24143279309059903,136086.16958429775,2662.1660397376427,138748.3356240354,3468,101,769.1944444444445,35,1,17,29.69737936772046,0.6830357142857142,39.14930555555555,1043.4027777777771,29.81150793650792,0
3604,4,0,0,36,0.0,0.0,1.0,36,900,500,400,0.5555555555555556,13,5,8,362.3057185529977,0.7095899470899472,0.04902395740905119,0.2416086063959929,136116.36231138537,2663.147290809321,138779.50960219468,3469,102,770.1944444444445,35,1,18,29.668552203490098,0.6833333333333333,39.12037037037037,1043.5185185185178,29.814814814814795,0
3605,4,0,0,36,0.0,0.0,1.0,36,900,700,200,0.7777777777777778,11,7,4,362.1897920725414,0.710383597883598,0.05217343091594584,0.24194278110445763,136176.75781250003,2664.366319444444,138841.12413194447,3470,103,771.1944444444445,35,1,18,29.611610113107123,0.6839285714285714,39.0625,1043.7500000000002,29.821428571428577,0
3606,4,0,0,36,0.0,0.0,1.0,36,650,400,250,0.6153846153846154,9,4,5,359.08122152401523,0.7096230158730159,0.04991131803569471,0.24048045281129476,136267.37618152003,2586.21117862654,138853.58736014657,3471,104,772.1944444444445,35,1,18,29.602801795809782,0.6848214285714286,38.97569444444444,1044.097222222222,29.8313492063492,0
3607,4,0,1,35,0.0,0.027777777777777776,0.9722222222222222,36,800,600,200,0.75,10,6,4,358.44131960162974,0.7078703703703704,0.050753546099290725,0.2406677431610942,136358.02469135798,2575.2700617283886,138933.29475308637,3472,105,773.1944444444445,35,1,18,29.529587765957448,0.6857142857142857,38.888888888888886,1044.4444444444441,29.84126984126983,0
3608,4,0,0,35,0.0,0.0,1.0,35,1050,800,250,0.7619047619047619,13,8,5,368.31922863394834,0.7106442577030812,0.04854210783515267,0.2465770713831852,136254.42885487518,3037.025226757361,139291.45408163255,3473,106,788.6857142857143,34,1,18,29.374524895477006,0.6868872549019608,38.988095238095234,1044.0476190476184,30.707282913165244,0
3609,4,0,0,35,0.0,0.0,1.0,35,1000,900,100,0.9,11,9,2,372.07060938952367,0.7081932773109243,0.05617245758572431,0.2499653542713382,136378.74858276622,3148.504818594077,139527.2534013603,3474,107,789.6857142857143,34,1,18,29.153132360762864,0.6881127450980393,38.869047619047606,1044.5238095238078,30.721288515406112,0
3610,4,0,0,35,0.0,0.0,1.0,35,550,300,250,0.5454545454545454,8,3,5,370.5976412529121,0.7081932773109243,0.05551485551485569,0.2491949656700615,136409.83737244885,3110.632794784567,139520.4701672334,3475,108,790.6857142857143,34,1,18,29.160731244064564,0.6884191176470589,38.83928571428571,1044.6428571428562,30.724789915966358,0
3611,4,0,0,35,0.0,0.0,1.0,35,650,400,250,0.6153846153846154,9,4,5,369.21582192076136,0.7082633053221288,0.05761812529500854,0.24870355095921087,136472.0255810655,3077.5262188208317,139549.55179988634,3476,109,791.6857142857143,34,1,19,29.135097413694886,0.6890318627450982,38.77976190476189,1044.8809523809502,30.731792717086773,0
3612,4,0,0,35,0.0,0.0,1.0,35,500,300,200,0.6,7,3,4,369.3873017423025,0.7078431372549019,0.062226416936520756,0.24925834911573191,136534.2279620181,3086.8020124716536,139621.02997448976,3477,110,792.6857142857143,34,1,19,29.068895470250997,0.6896446078431373,38.720238095238095,1045.1190476190473,30.738795518207272,0
3613,4,0,0,35,0.0,0.0,1.0,35,350,200,150,0.5714285714285714,5,2,3,369.4589588057349,0.707422969187675,0.06270745200130179,0.24952689679341147,136565.33446712003,3091.057256235811,139656.39172335583,3478,111,793.6857142857143,34,1,19,29.036161731207294,0.6899509803921569,38.69047619047618,1045.238095238094,30.742296918767472,0
3614,4,0,0,35,0.0,0.0,1.0,35,900,700,200,0.7777777777777778,11,7,4,369.65185085650035,0.7066526610644257,0.062353629976581226,0.25054181002496106,136689.7959183672,3105.527210884334,139795.3231292515,3479,112,794.6857142857143,34,1,19,28.90767304189435,0.6911764705882353,38.57142857142856,1045.7142857142844,30.756302521008365,0
3615,4,0,0,35,0.0,0.0,1.0,35,800,600,200,0.75,10,6,4,371.90270355347116,0.7047619047619047,0.056791768931944375,0.25318767324023705,136845.45245181414,3178.63874716554,140024.09119897967,3480,113,795.6857142857143,34,1,19,28.69448553115637,0.6927083333333333,38.42261904761905,1046.3095238095243,30.77380952380954,0
3616,4,0,0,35,0.0,0.0,1.0,35,1100,1000,100,0.9090909090909091,12,10,2,372.5145313282623,0.7041316526610644,0.060685844303591585,0.25382966902135085,136876.5943877551,3197.7040816326444,140074.29846938772,3481,114,796.6857142857143,34,1,19,28.64761092150171,0.6930147058823529,38.39285714285714,1046.428571428571,30.77731092436974,0
3617,4,0,0,35,0.0,0.0,1.0,35,900,800,100,0.8888888888888888,10,8,2,370.11377441221657,0.7025910364145658,0.05851392182981896,0.25309335397986243,137001.1975623582,3141.2060657596253,140142.4036281178,3482,115,797.6857142857143,34,1,17,28.586962701842165,0.6942401960784315,38.27380952380952,1046.9047619047612,30.791316526610625,0
3618,4,0,0,35,0.0,0.0,1.0,35,750,600,150,0.8,9,6,3,374.848310448535,0.7013305322128851,0.06248173286136449,0.2572476938631988,137125.85742630373,3280.279195011324,140406.13662131506,3483,116,798.6857142857143,34,1,17,28.339537394862454,0.6954656862745099,38.1547619047619,1047.3809523809516,30.805322128851518,0
3619,4,0,0,35,0.0,0.0,1.0,35,650,500,150,0.7692307692307693,8,5,3,373.792205178447,0.7007002801120448,0.06023411751335406,0.25675235077011355,137157.03125,3253.645833333333,140410.67708333334,3484,117,799.6857142857143,34,1,17,28.336316626889413,0.6957720588235294,38.125,1047.5,30.808823529411764,0
3620,4,0,0,35,0.0,0.0,1.0,35,1200,900,300,0.75,15,9,6,375.4491441065935,0.6999299719887955,0.06392130764361204,0.25835245639422405,137219.38952664382,3303.7804705215253,140523.16999716536,3485,118,800.6857142857143,34,1,17,28.23116691285081,0.6963848039215688,38.06547619047618,1047.738095238094,30.81582633053218,0
3621,4,0,0,35,0.0,0.0,1.0,35,350,100,250,0.2857142857142857,6,1,5,375.4491441065935,0.6999299719887955,0.06392130764361204,0.25835245639422405,137219.38952664382,3303.7804705215253,140523.16999716536,3486,119,801.6857142857143,34,1,17,28.23116691285081,0.6963848039215688,38.06547619047618,1047.738095238094,30.81582633053218,0
3622,4,0,0,35,0.0,0.0,1.0,35,650,400,250,0.6153846153846154,9,4,5,375.8027406130033,0.6988095238095238,0.061018159393713134,0.25905963395585474,137281.76197562346,3318.1724773242445,140599.9344529477,3487,120,802.6857142857143,34,1,17,28.160144268999186,0.6969975490196079,38.00595238095237,1047.9761904761895,30.822829131652632,0
3623,4,0,0,35,0.0,0.0,1.0,35,600,400,200,0.6666666666666666,8,4,4,375.63093814847304,0.6983893557422969,0.0672268907563025,0.25963940669823016,137375.34722222216,3320.486111111106,140695.83333333326,3488,121,803.6857142857143,34,1,17,28.072005829358776,0.6979166666666667,37.916666666666664,1048.333333333333,30.833333333333325,0
3624,4,0,0,35,0.0,0.0,1.0,35,600,400,200,0.6666666666666666,8,4,4,375.3757757191151,0.6983893557422969,0.06866354215656112,0.2601640604492276,137468.96435657577,3320.503826530591,140789.46818310636,3489,122,804.6857142857143,34,1,17,27.98605592764975,0.6988357843137256,37.82738095238094,1048.6904761904748,30.843837535013964,0
3625,4,0,0,35,0.0,0.0,1.0,35,800,600,200,0.75,10,6,4,375.7473592832167,0.697829131652661,0.06513105639396377,0.26136238968926495,137593.83680555545,3340.1041666666565,140933.9409722221,3490,123,805.6857142857143,34,1,17,27.852793222133972,0.7000612745098039,37.70833333333333,1049.1666666666658,30.85784313725488,0
3626,4,0,0,35,0.0,0.0,1.0,35,1000,700,300,0.7,13,7,6,376.5078411116,0.6974789915966386,0.06064338384247647,0.26236495015009903,137656.29428854864,3365.7348356008947,141022.02912414953,3491,124,806.6857142857143,34,1,18,27.771081489884665,0.7006740196078431,37.64880952380952,1049.404761904761,30.864845938375325,0
3627,4,0,0,35,0.0,0.0,1.0,35,550,400,150,0.7272727272727273,7,4,3,376.28508209000444,0.6964985994397759,0.05933343054812923,0.26268452642815276,137718.76594387757,3364.3034297052177,141083.06937358278,3492,125,807.6857142857143,34,1,18,27.715161997656043,0.7012867647058825,37.589285714285715,1049.6428571428573,30.871848739495803,0
3628,4,0,0,35,0.0,0.0,1.0,35,750,400,350,0.5333333333333333,11,4,7,370.6876334647195,0.6942577030812325,0.05991514719694302,0.2599528062341615,137875.00708616766,3221.712018140574,141096.71910430823,3493,126,808.6857142857143,34,1,19,27.70771933801859,0.7028186274509804,37.44047619047618,1050.2380952380943,30.88935574229689,0
3629,4,0,0,35,0.0,0.0,1.0,35,550,400,150,0.7272727272727273,7,4,3,371.30435918640666,0.694047619047619,0.06311426304625889,0.2606219857678334,137906.26594387757,3241.039540816325,141147.3054846939,3494,127,809.6857142857143,34,1,19,27.66065963957837,0.703125,37.410714285714285,1050.357142857143,30.892857142857142,0
3630,4,0,0,35,0.0,0.0,1.0,35,650,200,450,0.3076923076923077,11,2,9,373.7263710431794,0.692156862745098,0.06636237091709574,0.26303899129402725,138000.06377551018,3314.8526077097467,141314.9163832199,3495,128,810.6857142857143,34,1,20,27.5044376463479,0.7040441176470589,37.32142857142857,1050.7142857142856,30.90336134453781,0
3631,4,0,0,35,0.0,0.0,1.0,35,950,600,350,0.631578947368421,13,6,7,373.9307048935412,0.6906162464985994,0.06301378730014906,0.2636629602875544,138062.61337868476,3325.1700680272043,141387.78344671195,3496,129,811.6857142857143,34,1,18,27.437320646428034,0.7046568627450981,37.26190476190476,1050.9523809523805,30.91036414565825,0
3632,4,0,0,35,0.0,0.0,1.0,35,600,500,100,0.8333333333333334,7,5,2,374.1760827130385,0.6892857142857143,0.06507774703493396,0.26407678931042494,138093.89349489793,3334.286422902488,141428.17991780041,3497,130,812.6857142857143,34,1,18,27.39999811228149,0.7049632352941178,37.232142857142854,1051.0714285714282,30.913865546218478,0
3633,4,0,0,35,0.0,0.0,1.0,35,800,600,200,0.75,10,6,4,372.3434259149866,0.688375350140056,0.06515269151138758,0.26350457833983654,138187.75510204074,3290.6604308389938,141478.41553287974,3498,131,813.6857142857143,34,1,18,27.355544233091788,0.7058823529411765,37.14285714285714,1051.4285714285706,30.924369747899135,0
3634,4,0,0,35,0.0,0.0,1.0,35,900,600,300,0.6666666666666666,12,6,6,374.5120422977129,0.6865546218487395,0.062436375975568836,0.2672365589954866,138469.53124999997,3371.701388888889,141841.23263888885,3499,132,814.6857142857143,34,1,19,27.02065188704144,0.7086397058823529,36.875,1052.4999999999998,30.95588235294117,0
3635,4,0,0,35,0.0,0.0,1.0,35,600,400,200,0.6666666666666666,8,4,4,371.93238466306485,0.6867647058823529,0.0622607066121712,0.26588505073366897,138532.1871456917,3304.9213435374286,141837.10848922914,3500,133,815.6857142857143,34,1,19,27.026791435787253,0.7092524509803921,36.8154761904762,1052.738095238096,30.96288515406165,0
3636,4,0,0,35,0.0,0.0,1.0,35,800,700,100,0.875,9,7,2,376.2951345373692,0.6875350140056022,0.06007557895416826,0.2697493322623636,138626.19756235825,3432.8727324262995,142059.07029478456,3501,134,816.6857142857143,34,1,19,26.819325118697716,0.710171568627451,36.726190476190474,1053.0952380952378,30.973389355742288,0
3637,4,0,0,35,0.0,0.0,1.0,35,1100,800,300,0.7272727272727273,14,8,6,375.50322464348665,0.686344537815126,0.061482820976491714,0.2696795886075949,138688.88888888885,3415.624999999995,142104.51388888885,3502,135,817.6857142857143,34,1,19,26.77841508438819,0.7107843137254902,36.666666666666664,1053.333333333333,30.980392156862735,0
3638,4,0,0,35,0.0,0.0,1.0,35,1100,900,200,0.8181818181818182,13,9,4,379.14869663086137,0.6848039215686273,0.06432040793274285,0.2735618102096996,138845.6792091836,3528.631660997724,142374.31087018133,3503,136,818.6857142857143,34,1,19,26.527966037877935,0.7123161764705882,36.51785714285714,1053.9285714285709,30.99789915966385,0
3639,4,0,0,35,0.0,0.0,1.0,35,700,400,300,0.5714285714285714,10,4,6,378.84762034160525,0.6837535014005601,0.05920118724996781,0.2741073958942204,138939.7959183674,3527.4022108843583,142467.19812925174,3504,137,819.6857142857143,34,1,20,26.44323057813912,0.7132352941176471,36.42857142857143,1054.2857142857147,31.00840336134455,0
3640,4,0,0,35,0.0,0.0,1.0,35,650,500,150,0.7692307692307693,8,5,3,351.0930479566723,0.684313725490196,0.04975843864981644,0.21802927108853107,133532.0283028974,2376.4333633401516,135908.46166623756,3505,138,820.6857142857143,35,0,18,32.53686076894364,0.6577380952380953,41.608796296296276,1033.5648148148118,29.530423280423197,8
3641,4,0,0,35,0.0,0.0,1.0,35,700,600,100,0.8571428571428571,8,6,2,350.53989668186165,0.6847338935574229,0.04767983108594476,0.21786164351187895,133561.93636670496,2363.7574749228033,135925.69384162777,3506,139,821.6857142857143,35,0,18,32.52120423244877,0.6580357142857145,41.57986111111109,1033.6805555555532,29.53373015873009,0
3642,4,0,0,35,0.0,0.0,1.0,35,550,200,350,0.36363636363636365,9,2,7,350.53989668186165,0.6847338935574229,0.04767983108594476,0.21786164351187895,133561.93636670496,2363.7574749228033,135925.69384162777,3507,140,822.6857142857143,35,0,18,32.52120423244877,0.6580357142857145,41.57986111111109,1033.6805555555532,29.53373015873009,0
3643,4,0,0,35,0.0,0.0,1.0,35,900,700,200,0.7777777777777778,11,7,4,349.4757390327369,0.6839635854341736,0.046052000383767,0.21772777214215255,133651.68065200595,2341.6039737654064,135993.28462577134,3508,141,823.6857142857143,35,0,20,32.458865010073865,0.6589285714285715,41.49305555555554,1034.027777777776,29.543650793650745,0
3644,4,0,0,35,0.0,0.0,1.0,35,950,800,150,0.8421052631578947,11,8,3,349.62765542077545,0.6831932773109243,0.05225147460797053,0.21835236593259727,133741.45507812485,2351.9422743055406,136093.3973524304,3509,142,824.6857142857143,35,0,18,32.36509734810338,0.6598214285714286,41.40624999999999,1034.3749999999989,29.553571428571395,0
3645,4,0,0,35,0.0,0.0,1.0,35,1150,800,350,0.6956521739130435,15,8,7,347.0880825120655,0.6836134453781512,0.041865145924186775,0.21782517346704564,133921.09435281626,2296.4831693672777,136217.57752218354,3510,143,825.6857142857143,35,0,19,32.25113217041261,0.6616071428571428,41.232638888888886,1035.069444444444,29.57341269841268,0
3646,4,0,0,35,0.0,0.0,1.0,35,750,500,250,0.6666666666666666,10,5,5,348.88351680535334,0.6836834733893556,0.041616503536700655,0.21966649013775472,134040.9208488725,2352.933572316524,136393.85442118903,3511,144,826.6857142857143,35,0,19,32.08489344659291,0.662797619047619,41.116898148148145,1035.5324074074067,29.58664021164019,0
3647,4,0,0,35,0.0,0.0,1.0,35,700,500,200,0.7142857142857143,9,5,4,349.79434147807575,0.6834733893557422,0.043680950252251494,0.22041970193984656,134070.88584533604,2379.447445130313,136450.33329046637,3512,145,827.6857142857143,35,0,19,32.03136641335122,0.6630952380952382,41.08796296296296,1035.6481481481478,29.58994708994708,0
3648,4,0,0,35,0.0,0.0,1.0,35,850,600,250,0.7058823529411765,11,6,5,352.55778533753625,0.6834733893557422,0.04321149241819655,0.22252413108398808,134130.8258852024,2457.7733839163297,136588.5992691187,3513,146,828.6857142857143,35,0,19,31.89990689013035,0.663690476190476,41.030092592592595,1035.87962962963,29.59656084656086,0
3649,4,0,0,35,0.0,0.0,1.0,35,1150,900,250,0.782608695652174,14,9,5,353.50233916157214,0.682422969187675,0.04387162636381037,0.224218622488034,134310.72638031552,2495.8311899862824,136806.5575703018,3514,147,829.6857142857143,35,0,19,31.695697483995822,0.6654761904761904,40.85648148148148,1036.5740740740741,29.616402116402117,0
3650,4,0,0,35,0.0,0.0,1.0,35,1050,800,250,0.7619047619047619,13,8,5,371.0105180982922,0.6834733893557422,0.08446318079825899,0.22463778055461442,132587.2561034218,2937.061615072074,135524.31771849387,3515,148,830.6857142857143,33,2,21,32.97189830239567,0.6527777777777778,42.52450980392157,1029.9019607843138,31.20915032679739,6
3651,4,0,0,35,0.0,0.0,1.0,35,1050,800,250,0.7619047619047619,13,8,5,374.6792709531127,0.6833333333333332,0.08181617359683258,0.22743167010128665,132681.93310565656,2942.6339929354185,135624.56709859197,3516,149,831.6857142857143,33,2,16,32.78208140042028,0.6537247474747474,42.43259803921569,1030.269607843138,31.220291146761756,0
3652,4,0,0,35,0.0,0.0,1.0,35,800,700,100,0.875,9,7,2,346.1643642092656,0.6838235294117646,0.03226075219543123,0.19692548735010162,130201.83000283431,2014.246740362795,132216.0767431971,3517,150,832.6857142857143,34,1,19,36.018847933434415,0.6265318627450981,44.85119047619047,1020.5952380952368,30.017507002801082,6
3653,4,0,0,35,0.0,0.0,1.0,35,750,500,250,0.6666666666666666,10,5,5,348.991529061459,0.6812324929971988,0.03223443223443212,0.1996231546231544,130414.54081632638,2102.7140022675508,132517.25481859394,3518,151,833.6857142857143,34,1,19,35.73110916860916,0.6286764705882355,44.64285714285713,1021.4285714285702,30.042016806722653,0
3654,4,1,0,36,0.027777777777777776,0.0,1.0,36,600,400,200,0.6666666666666666,8,4,4,340.26766900821843,0.6873015873015873,0.030267873986040694,0.1961033826280237,130706.03358892715,1695.0074749228033,132401.04106384996,3519,0,811.5,35,1,17,35.658955857385415,0.6294642857142858,44.35763888888887,1022.5694444444418,29.216269841269767,0
3655,4,2,1,37,0.05263157894736842,0.02631578947368421,0.9736842105263158,38,850,600,250,0.7058823529411765,11,6,5,321.0753879128355,0.7140825035561877,0.03203857245854347,0.18750802654109575,131215.758694983,826.0301246537306,132041.78881963674,3520,0,769.7368421052631,37,1,18,35.63561287100456,0.6306306306306306,43.859649122807014,1024.5614035087713,27.690848743480306,0
3656,4,0,0,37,0.0,0.0,1.0,37,700,400,300,0.5714285714285714,10,4,6,327.4168664316674,0.7012012012012012,0.03231595711806823,0.19090921904246436,131155.0401753103,1188.4744541838993,132343.5146294942,3521,1,791.5405405405405,36,1,18,35.534392406918805,0.6319444444444444,43.91891891891891,1024.3243243243232,28.453453453453424,0
3657,4,0,0,37,0.0,0.0,1.0,37,1200,800,400,0.6666666666666666,16,8,8,325.6498351328434,0.7011386386386387,0.03915221671512237,0.19059415752694575,131299.26960321798,1151.5170998701308,132450.78670308812,3522,2,792.5405405405405,36,1,18,35.434292934842325,0.6333912037037037,43.77815315315315,1024.8873873873865,28.46909409409407,0
3658,4,0,0,37,0.0,0.0,1.0,37,950,700,250,0.7368421052631579,12,7,5,326.78208743498647,0.7001376376376376,0.03877287501669713,0.1918343588714089,131414.71021274655,1188.7946645970283,132603.50487734357,3523,3,793.5405405405405,36,1,20,35.28898956617242,0.6345486111111112,43.66554054054054,1025.337837837838,28.481606606606608,0
3659,4,0,0,37,0.0,0.0,1.0,37,900,500,400,0.5555555555555556,13,5,8,325.4767336767255,0.7001376376376376,0.03342246386058867,0.19135678590018976,131472.44953991155,1158.2446889457067,132630.69422885726,3524,4,794.5405405405405,36,1,20,35.26431133560264,0.6351273148148149,43.609234234234236,1025.5630630630633,28.48786286286287,0
3660,4,1,1,37,0.02631578947368421,0.02631578947368421,0.9736842105263158,38,900,700,200,0.7777777777777778,11,7,4,318.2085638849386,0.7173423423423424,0.03260099618839862,0.18831027655441168,131721.78578985823,783.0000577100491,132504.78584756827,3525,0,774.6052631578947,37,1,15,35.199921669159025,0.6356981981981983,43.36622807017543,1026.5350877192968,27.744191559980994,0
3661,4,0,0,37,0.0,0.0,1.0,37,700,600,100,0.8571428571428571,8,6,2,327.4991790774991,0.700950950950951,0.03256768621123318,0.1932754222638711,131616.85333982625,1220.8822843113328,132837.7356241376,3526,6,796.5405405405405,36,1,16,35.06708187006146,0.6365740740740742,43.468468468468465,1026.1261261261257,28.50350350350349,0
3662,4,0,0,37,0.0,0.0,1.0,37,600,500,100,0.8333333333333334,7,5,2,326.952515154443,0.7017017017017017,0.030333856296766548,0.19309904540521297,131645.7436110095,1208.381396599291,132854.1250076088,3527,7,797.5405405405405,36,1,16,35.052031895826495,0.636863425925926,43.44031531531531,1026.2387387387375,28.5066316316316,0
3663,4,0,0,37,0.0,0.0,1.0,37,700,700,0,1.0,7,7,0,327.05617658730756,0.7012637637637638,0.03248936889489862,0.19330674406074724,131674.6370525931,1213.000669588506,132887.63772218162,3528,8,798.5405405405405,36,1,17,35.02029844195742,0.6371527777777779,43.41216216216216,1026.3513513513512,28.509759759759756,0
3664,4,1,0,38,0.02631578947368421,0.0,1.0,38,700,500,200,0.7142857142857143,9,5,4,319.9954257414895,0.7101410621147464,0.03584329058316604,0.19035156468393732,131918.83710612866,842.68488861956,132761.5219947482,3529,0,778.5,37,1,18,34.95603853132671,0.637668918918919,43.17434210526315,1027.3026315789461,27.764935988620167,0
3665,4,1,1,38,0.02564102564102564,0.02564102564102564,0.9743589743589743,39,800,600,200,0.75,10,6,4,313.4676632535036,0.7208726945569051,0.04551302027151194,0.1880220058655124,132233.1242809005,490.1616946087825,132723.28597550926,3530,0,759.5128205128206,38,1,19,34.80835151137425,0.6389802631578949,42.86858974358973,1028.525641025639,27.06646423751682,0
3666,4,2,1,39,0.05,0.025,0.975,40,700,400,300,0.5714285714285714,10,4,6,307.0955205419883,0.728659188034188,0.045657151986367106,0.1854224979015258,132482.65241468514,137.17127815042838,132619.82369283558,3531,0,741.225,37,3,20,34.722259204033065,0.6432995495495497,42.62609649122806,1029.4956140350866,27.824205784732072,0
3667,4,0,0,39,0.0,0.0,1.0,39,750,500,250,0.6666666666666666,10,5,5,314.208907134054,0.7185672514619883,0.04829459221982657,0.18887838799631296,132315.55103550266,514.944937541066,132830.49597304373,3532,1,761.2307692307693,38,1,20,34.70664589823469,0.6398026315789475,42.788461538461526,1028.8461538461515,27.07489878542504,0
3668,4,0,0,39,0.0,0.0,1.0,39,600,500,100,0.8333333333333334,7,5,2,316.1828582668128,0.719017094017094,0.04235440672687618,0.1904808926631777,132398.00347222234,572.4471975673955,132970.45066978975,3533,2,762.2307692307693,36,3,20,34.57321187584345,0.6443865740740742,42.708333333333336,1029.1666666666674,28.587962962962983,0
3669,4,0,0,39,0.0,0.0,1.0,39,1100,800,300,0.7272727272727273,14,8,6,316.23887159129856,0.7196918578497526,0.03780655766215357,0.19080788945320531,132455.95838659615,577.5445631442352,133033.5029497404,3534,3,763.2307692307693,36,3,20,34.51368376909894,0.6449652777777778,42.65202702702703,1029.3918918918926,28.594219219219237,0
3670,4,0,0,39,0.0,0.0,1.0,39,850,600,250,0.7058823529411765,11,6,5,316.7457646643688,0.7199730094466937,0.036279920138187816,0.19155577196368975,132542.91453615788,596.4813631198857,133139.39589927776,3535,4,764.2307692307693,36,3,20,34.413504301545636,0.6458333333333334,42.56756756756757,1029.7297297297305,28.603603603603624,0
3671,4,0,0,39,0.0,0.0,1.0,39,950,700,250,0.7368421052631579,12,7,5,319.46090392041685,0.7209851551956815,0.0343394079045114,0.1936453868893342,132629.89921932074,674.0134982956021,133303.91271761633,3536,5,765.2307692307693,36,3,16,34.256450202252104,0.6467013888888888,42.48310810810811,1030.0675675675682,28.612987987988006,0
3672,4,0,0,39,0.0,0.0,1.0,39,1000,800,200,0.8,12,8,4,320.78258532652507,0.7219410706252812,0.03177805800756661,0.19489778590555823,132716.91243608494,714.6548575602868,133431.56729364523,3537,6,766.2307692307693,36,3,16,34.13524590163934,0.6475694444444444,42.39864864864866,1030.405405405407,28.622372372372418,0
3673,4,1,1,39,0.025,0.025,0.975,40,1000,800,200,0.8,12,8,4,313.15553855257,0.7309027777777778,0.03036302753268827,0.19166259929499194,132991.1141529125,329.3807950523287,133320.49494796482,3538,0,748.05,37,3,16,34.05741734878282,0.648367117117117,42.13267543859649,1031.4692982456145,27.877548601232824,0
3674,4,0,0,39,0.0,0.0,1.0,39,900,600,300,0.6666666666666666,12,6,6,320.56293886406786,0.7216599190283401,0.031012310828824496,0.19567161788262719,132891.02447041657,719.987470578709,133611.0119409953,3539,8,768.2307692307693,36,3,16,33.96657019076744,0.6493055555555556,42.22972972972974,1031.0810810810826,28.641141141141183,0
3675,4,0,1,38,0.0,0.02564102564102564,0.9743589743589743,39,1200,900,300,0.75,15,9,6,321.76890717095046,0.7226158344579398,0.031137672332272937,0.19723281091670847,133047.6700162551,762.1206765543341,133809.79069280945,3540,9,769.2307692307693,37,2,17,33.77871807135012,0.6489301801801801,42.077850877192986,1031.688596491229,27.883475580844028,0
3676,4,0,1,37,0.0,0.02631578947368421,0.9736842105263158,38,1150,900,250,0.782608695652174,14,9,5,327.83789952615075,0.7122451398767188,0.026809982703236646,0.20057897940948696,132978.12328798417,1119.0537243324636,134097.17701231662,3541,11,790.2368421052631,36,2,17,33.69181497252247,0.650173611111111,42.14527027027028,1031.4189189189208,28.650525525525577,0
3677,4,0,0,37,0.0,0.0,1.0,37,950,600,350,0.631578947368421,13,6,7,338.4252819168917,0.7018893893893894,0.02271872231459149,0.2064857815969637,132874.89819101503,1593.6449759945062,134468.54316700954,3542,12,812.2702702702703,35,2,17,33.52230205059123,0.6511904761904762,42.24537037037037,1031.018518518518,29.457671957671945,0
3678,4,0,0,37,0.0,0.0,1.0,37,700,500,200,0.7142857142857143,9,5,4,340.618805995588,0.7018268268268268,0.021018662024160584,0.20832218120979287,132964.41139671198,1658.0358099708267,134622.44720668282,3543,13,813.2702702702703,35,2,17,33.37600063591815,0.6520833333333333,42.1585648148148,1031.3657407407395,29.467592592592556,0
3679,4,0,0,37,0.0,0.0,1.0,37,400,300,100,0.75,5,3,2,341.87459105428235,0.7024524524524525,0.01921490610898169,0.20925730463432424,132994.25582990382,1693.4713648833822,134687.7271947872,3544,14,814.2702702702703,35,2,17,33.31369688809096,0.6523809523809525,42.12962962962962,1031.4814814814802,29.470899470899433,0
3680,4,0,0,37,0.0,0.0,1.0,37,700,400,300,0.5714285714285714,10,4,6,340.6906821419594,0.7008258258258259,0.01315123311758204,0.20903354654477396,133083.80922335802,1668.0827492712392,134751.89197262927,3545,15,815.2702702702703,35,2,17,33.25446345111235,0.6532738095238096,42.04282407407406,1031.8287037037023,29.480820105820065,0
3681,4,1,1,37,0.02631578947368421,0.02631578947368421,0.9736842105263158,38,1000,800,200,0.8,12,8,4,334.81166481199693,0.7137565196775724,0.009131335929250639,0.2071083843856741,133387.25767784286,1331.9219615650572,134719.17963940793,3546,0,794.7894736842105,37,1,17,33.10235555319674,0.6523085585585587,41.74890350877191,1033.0043859649097,27.919037458511074,0
3682,4,0,0,37,0.0,0.0,1.0,37,950,800,150,0.8421052631578947,11,8,3,341.4702772898681,0.6998248248248248,0.015915588434672445,0.21071887232490497,133297.7297398749,1703.4425472769888,135001.1722871519,3547,17,817.2702702702703,36,1,18,33.02003816793892,0.6533564814814816,41.83558558558558,1032.6576576576567,28.68493493493491,0
3683,4,0,0,37,0.0,0.0,1.0,37,1000,700,300,0.7,13,7,6,342.02924835350234,0.7000125125125125,0.015331223964317298,0.21172579786741064,133414.0453798391,1726.301132213271,135140.34651205238,3548,18,818.2702702702703,36,1,19,32.88914323086984,0.6545138888888891,41.72297297297296,1033.1081081081065,28.697447447447402,0
3684,4,0,0,37,0.0,0.0,1.0,37,1200,900,300,0.75,15,9,6,342.87806725122306,0.7003253253253253,0.015512187937255506,0.21241770877987648,133443.13221583064,1750.9446524226787,135194.07686825332,3549,19,819.2702702702703,36,1,19,32.83810172570389,0.6548032407407408,41.69481981981981,1033.2207207207202,28.700575575575563,0
3685,4,0,0,37,0.0,0.0,1.0,37,900,600,300,0.6666666666666666,12,6,6,334.6443985186088,0.698948948948949,0.017490680589948848,0.2044255341717748,132920.05423920558,1496.1903203879729,134416.24455959356,3550,20,820.2702702702703,36,1,18,33.574496742018866,0.6495949074074073,42.201576576576585,1031.193693693695,28.644269269269305,1
3686,4,0,0,37,0.0,0.0,1.0,37,950,900,50,0.9473684210526315,10,9,1,336.3264865780806,0.699512012012012,0.011410231449524133,0.2062532309255943,133065.2506391529,1550.673646619614,134615.9242857725,3551,21,821.2702702702703,36,1,19,33.3856326857309,0.6510416666666665,42.06081081081082,1031.7567567567585,28.659909909909956,0
3687,4,0,0,37,0.0,0.0,1.0,37,800,500,300,0.625,11,5,6,336.60885468177656,0.6978853853853854,0.01395590265079627,0.20674822683001332,133123.35139193243,1562.0997686876026,134685.45116062002,3552,22,822.2702702702703,36,1,19,33.320147679324904,0.6516203703703705,42.0045045045045,1031.9819819819816,28.666166166166153,0
3688,4,0,0,37,0.0,0.0,1.0,37,550,400,150,0.7272727272727273,7,4,3,335.2695282492962,0.698511011011011,0.011518556199407337,0.20608619895404437,133152.40652392263,1528.388904106816,134680.79542802944,3553,23,823.2702702702703,36,1,19,33.3256046553919,0.6519097222222222,41.976351351351354,1032.094594594595,28.669294294294307,0
3689,4,0,0,37,0.0,0.0,1.0,37,750,500,250,0.6666666666666666,10,5,5,337.3900017208351,0.6960085085085085,0.014899061365030164,0.20787577525380468,133239.59094229355,1590.74116346075,134830.3321057543,3554,24,824.2702702702703,36,1,19,33.18358238801629,0.6527777777777779,41.89189189189189,1032.4324324324316,28.678678678678654,0
3690,4,0,0,37,0.0,0.0,1.0,37,1100,800,300,0.7272727272727273,14,8,6,337.3741809625952,0.694944944944945,0.023255265732369912,0.20851724985100545,133355.8812190568,1598.1662405648754,134954.04745962168,3555,25,825.2702702702703,36,1,20,33.067578863206855,0.6539351851851853,41.77927927927927,1032.882882882882,28.69119119119117,0
3691,4,0,0,37,0.0,0.0,1.0,37,1200,900,300,0.75,15,9,6,332.6915467321428,0.6975725725725725,0.019541441637759283,0.20659289688143467,133530.41174620553,1484.887843924991,135015.2995901305,3556,26,826.2702702702703,36,1,20,33.0139554732331,0.6556712962962964,41.61036036036035,1033.5585585585575,28.70995995995993,0
3692,4,0,0,37,0.0,0.0,1.0,37,950,700,250,0.7368421052631579,12,7,5,334.45575369760866,0.6983858858858859,0.01964692063809781,0.2081788660812031,133617.7198101818,1537.8430372940502,135155.56284747584,3557,27,827.2702702702703,36,1,21,32.881085938350935,0.6565393518518519,41.5259009009009,1033.8963963963963,28.719344344344343,0
3693,4,1,1,37,0.02631578947368421,0.02631578947368421,0.9736842105263158,38,1250,1000,250,0.8,15,10,5,327.9637584055644,0.7099039829302988,0.01043100709520317,0.20632656699691826,134010.95920138876,1190.1475694444348,135201.1067708332,3558,0,806.4736842105264,37,1,16,32.656354795439306,0.6585022522522523,41.14583333333333,1035.4166666666656,27.984234234234204,0
3694,4,1,0,38,0.02631578947368421,0.0,1.0,38,850,500,350,0.5882352941176471,12,5,7,328.9671867103832,0.7106744902797535,0.014576569452410704,0.20824305971867557,134238.12044330928,1231.9873663049943,135470.10780961427,3559,0,807.4473684210526,37,1,18,32.40386819736889,0.6607545045045047,40.92653508771929,1036.2938596491213,28.007942152678954,0
3695,4,0,0,38,0.0,0.0,1.0,38,950,800,150,0.8421052631578947,11,8,3,331.1269637185836,0.7115931721194879,0.03000005565356756,0.21058962312620325,134408.61761551624,1301.2634897275982,135709.88110524384,3560,1,808.4473684210526,37,1,20,32.1779942546967,0.6624436936936937,40.76206140350877,1036.9517543859643,28.025723091512546,0
3696,4,0,0,38,0.0,0.0,1.0,38,1100,500,600,0.45454545454545453,17,5,12,330.8011161110304,0.712156235182551,0.01955189177763672,0.21120378951704263,134550.78125000012,1301.9097222222367,135852.69097222236,3561,2,809.4473684210526,37,1,20,32.044846050870156,0.6638513513513513,40.62500000000001,1037.500000000001,28.040540540540565,0
3697,4,0,0,38,0.0,0.0,1.0,38,800,400,400,0.5,12,4,8,331.89971482448226,0.7119784257942152,0.02243404368910462,0.21223641223641254,134607.66774392134,1335.2493074792424,135942.91705140058,3562,3,810.4473684210526,37,1,20,31.95970695970696,0.6644144144144144,40.5701754385965,1037.7192982456152,28.04646752015176,0
3698,4,0,0,38,0.0,0.0,1.0,38,650,600,50,0.9230769230769231,7,6,1,331.9956275730382,0.7123933143669986,0.018765220678994998,0.2126299465904183,134664.56626077276,1341.609437519259,136006.175698292,3563,4,811.4473684210526,37,1,20,31.900573984083394,0.6649774774774774,40.51535087719299,1037.9385964912296,28.052394499762965,0
3699,4,0,1,37,0.0,0.02631578947368421,0.9736842105263158,38,1450,1200,250,0.8275862068965517,17,12,5,334.1755087391959,0.7126600284495022,0.015723899549316744,0.21486600429524289,134806.8651532204,1409.8305488227327,136216.69570204313,3564,5,812.4473684210526,37,1,15,31.702367754197024,0.6663851351351351,40.37828947368422,1038.4868421052645,28.06721194879093,0
3700,4,0,0,37,0.0,0.0,1.0,37,750,500,250,0.6666666666666666,10,5,5,340.5938676585344,0.7126501501501501,0.013897603396409774,0.21833061697332218,134696.86536198377,1775.385267023799,136472.25062900758,3565,6,798.2702702702703,36,1,22,31.645286396181383,0.6672453703703702,40.48423423423424,1038.0630630630644,28.835085085085122,0
3701,4,0,0,37,0.0,0.0,1.0,37,1100,700,400,0.6363636363636364,15,7,8,340.51293754499517,0.7139014014014013,0.010775634636805753,0.218630172991982,134755.32119957817,1777.1860542975637,136532.50725387575,3566,7,799.2702702702703,36,1,22,31.589163051337668,0.667824074074074,40.42792792792794,1038.28828828829,28.84134134134139,0
3702,4,0,0,37,0.0,0.0,1.0,37,850,700,150,0.8235294117647058,10,7,3,340.39629992887075,0.7137137137137137,0.01372745549713672,0.21890757865718602,134813.78971877295,1778.023039931837,136591.8127587048,3567,8,800.2702702702703,36,1,15,31.533967685968328,0.6684027777777777,40.37162162162163,1038.5135135135145,28.847597597597623,0
3703,4,0,0,37,0.0,0.0,1.0,37,800,600,200,0.75,10,6,4,340.4855434917506,0.7142767767767768,0.015636584215137805,0.2191415329814666,134843.02873397054,1782.4203849119467,136625.44911888248,3568,9,801.2702702702703,36,1,16,31.502538942498823,0.6686921296296295,40.34346846846847,1038.6261261261268,28.850725725725745,0
3704,4,0,0,37,0.0,0.0,1.0,37,1150,1000,150,0.8695652173913043,13,10,3,340.69942206609477,0.7148398398398398,0.009438660425003187,0.2198106900686567,134930.7648019642,1794.1667173930766,136724.93151935728,3569,10,802.2702702702703,36,1,16,31.40964845725847,0.6695601851851851,40.25900900900901,1038.9639639639645,28.860110110110124,0
3705,4,0,0,37,0.0,0.0,1.0,37,1050,800,250,0.7619047619047619,13,8,5,339.8682710462401,0.7154654654654654,0.009095887522585944,0.219806886719394,135018.52940355905,1777.7028295187151,136796.23223307775,3570,11,803.2702702702703,36,1,17,31.343906887709032,0.6704282407407407,40.17454954954955,1039.3018018018024,28.86949449449451,0
3706,4,1,1,37,0.02631578947368421,0.02631578947368421,0.9736842105263158,38,800,400,400,0.5,12,4,8,336.8513418209636,0.7206614509246089,0.009984911689003173,0.2195086216481664,135291.24345952593,1514.6073791935924,136805.85083871952,3571,0,783.1052631578947,37,1,17,31.151190978077576,0.6711711711711712,39.91228070175438,1040.350877192982,28.117591275485996,0
3707,4,0,0,37,0.0,0.0,1.0,37,600,400,200,0.6666666666666666,8,4,4,345.9662521539514,0.7117117117117117,0.00014046094600494996,0.22502424682351363,135223.42443795144,1956.548271244219,137179.97270919566,3572,13,805.2702702702703,36,1,18,30.981575718204127,0.6724537037037037,39.97747747747748,1040.09009009009,28.891391391391387,0
3708,4,0,1,36,0.0,0.02702702702702703,0.972972972972973,37,850,500,350,0.5882352941176471,12,5,7,346.14918304981126,0.7106481481481481,0.003914077515116521,0.2256931758784196,135311.2841515502,1967.5780932960001,137278.8622448462,3573,14,806.2702702702703,36,1,20,30.88943608615651,0.6733217592592593,39.89301801801802,1040.427927927928,28.90077577577578,0
3709,4,0,0,36,0.0,0.0,1.0,36,1000,700,300,0.7,13,7,6,353.7782013654753,0.6976190476190477,0.016211688488310116,0.23022481503776424,135242.13291162965,2369.1437060613725,137611.27661769104,3574,44,829.2777777777778,35,1,21,30.759824375950444,0.674702380952381,39.95949074074073,1040.162037037036,29.718915343915317,0
3710,4,0,0,36,0.0,0.0,1.0,36,750,200,550,0.26666666666666666,13,2,11,353.7511089444339,0.6969907407407407,0.015974539611915084,0.23078537513863973,135332.43982553136,2374.8001328875,137707.23995841885,3575,45,830.2777777777778,35,1,21,30.67065257693735,0.6755952380952381,39.872685185185176,1040.5092592592578,29.728835978835935,0
3711,4,0,0,36,0.0,0.0,1.0,36,1250,1000,250,0.8,15,10,5,355.3716181550774,0.6974537037037037,0.01594535843090772,0.23301188607311052,135513.1440757887,2431.5050582990298,137944.64913408773,3576,46,831.2777777777778,35,1,21,30.44871794871794,0.6773809523809524,39.69907407407407,1041.2037037037032,29.748677248677236,0
3712,4,0,0,36,0.0,0.0,1.0,36,850,500,350,0.5882352941176471,12,5,7,353.9014505335281,0.6979497354497355,0.01934904227335088,0.23224298690373088,135543.27317226073,2393.792197145057,137937.06536940578,3577,47,832.2777777777778,35,1,21,30.45702734244749,0.6776785714285715,39.670138888888886,1041.319444444444,29.751984126984112,0
3713,4,0,0,36,0.0,0.0,1.0,36,1150,1100,50,0.9565217391304348,12,11,1,353.91999999999985,0.697718253968254,0.020444444444444265,0.23284210526315788,135633.68055555562,2400.7245852623514,138034.40514081798,3578,48,833.2777777777778,34,2,22,30.366666666666667,0.6807598039215685,39.583333333333336,1041.6666666666672,30.6372549019608,0
3714,4,0,0,36,0.0,0.0,1.0,36,1100,700,400,0.6363636363636364,15,7,8,353.0184274989774,0.6962962962962963,0.017692346750955323,0.23285382787479653,135726.70245181408,2382.805413832204,138109.50786564627,3579,49,834.2777777777778,34,2,22,30.297707452682882,0.6816789215686274,39.49404761904762,1042.0238095238096,30.64775910364146,0
3715,4,0,0,36,0.0,0.0,1.0,36,800,600,200,0.75,10,6,4,354.2979066483997,0.69619708994709,0.015516716167847333,0.23390074470588942,135757.71683673482,2419.7349773242804,138177.4518140591,3580,50,835.2777777777778,34,2,22,30.233559896428297,0.681985294117647,39.46428571428572,1042.1428571428582,30.651260504201712,0
3716,4,0,0,36,0.0,0.0,1.0,36,850,600,250,0.7058823529411765,11,6,5,356.15951683097967,0.6965608465608466,0.01276756372679655,0.23574368018812472,135850.78125000012,2476.909722222238,138327.69097222236,3581,51,836.2777777777778,34,2,22,30.092592592592595,0.6829044117647058,39.37500000000001,1042.500000000001,30.66176470588238,0
3717,4,0,0,36,0.0,0.0,1.0,36,800,600,200,0.75,10,6,4,356.04932735978406,0.6971891534391534,0.015581452706868948,0.23623007654724992,135935.25618355625,2479.9313057270233,138415.18748928327,3582,52,837.2777777777778,35,1,19,30.011561228264895,0.6815476190476191,39.29398148148148,1042.8240740740741,29.794973544973548,0
3718,4,0,0,36,0.0,0.0,1.0,36,950,500,450,0.5263157894736842,14,5,9,354.11539693352415,0.6951058201058201,0.012460396710923805,0.23554554041046907,136025.79417706202,2433.7656196416447,138459.55979670366,3583,53,838.2777777777778,35,1,19,29.97210048448537,0.6824404761904761,39.20717592592593,1043.1712962962972,29.804894179894205,0
3719,4,0,0,36,0.0,0.0,1.0,36,750,500,250,0.6666666666666666,10,5,5,354.72912018279476,0.6946097883597884,0.01408303133397415,0.23615423111726083,136055.98020619,2452.6036308299035,138508.5838370199,3584,54,839.2777777777778,35,1,19,29.926133422084163,0.6827380952380953,39.17824074074074,1043.2870370370372,29.808201058201064,0
3720,4,0,0,36,0.0,0.0,1.0,36,1150,800,350,0.6956521739130435,15,8,7,355.1778678172594,0.6940806878306879,0.013694832557108239,0.23725881570192947,136176.75781250015,2473.3940972222367,138650.1519097224,3585,55,840.2777777777778,35,1,19,29.79457751164338,0.6839285714285713,39.06250000000001,1043.7500000000011,29.821428571428605,0
3721,4,0,0,36,0.0,0.0,1.0,36,1300,1100,200,0.8461538461538461,15,11,4,357.4886621384157,0.6937830687830688,0.01922366330414249,0.23941389912031552,136267.37618152014,2542.808400848777,138810.1845823689,3586,56,841.2777777777778,35,1,20,29.644371466577994,0.6848214285714285,38.97569444444445,1044.0972222222229,29.831349206349223,0
3722,4,0,0,36,0.0,0.0,1.0,36,700,500,200,0.7142857142857143,9,5,4,358.7596197374376,0.6932870370370371,0.018099881796690198,0.2408814589665655,136358.0246913581,2583.950617283959,138941.97530864205,3587,57,842.2777777777778,35,1,21,29.521276595744688,0.6857142857142857,38.88888888888889,1044.444444444445,29.84126984126986,0
3723,4,0,0,36,0.0,0.0,1.0,36,1000,900,100,0.9,11,9,2,356.90920029190113,0.6930886243386244,0.017351109141492627,0.2400493622827647,136418.47377614892,2537.8016760974106,138956.27545224634,3588,58,843.2777777777778,35,1,21,29.509657286357932,0.6863095238095237,38.831018518518526,1044.6759259259268,29.847883597883623,0
3724,4,0,0,36,0.0,0.0,1.0,36,950,500,450,0.5263157894736842,14,5,9,356.77105512061325,0.6936507936507937,0.01645008060447206,0.24057399975235397,136509.17252068338,2540.504302769218,139049.6768234526,3589,59,844.2777777777778,35,1,21,29.42336268320598,0.6872023809523808,38.74421296296297,1045.023148148149,29.857804232804256,0
3725,4,0,0,36,0.0,0.0,1.0,36,850,600,250,0.7058823529411765,11,6,5,355.56461381079123,0.6947089947089947,0.05510149869651704,0.2325521870545778,135422.77688025116,2430.3094725222845,137853.08635277345,3590,60,845.2777777777778,35,1,19,30.533586307869076,0.6764880952380952,39.785879629629626,1040.856481481481,29.738756613756603,4
3726,4,0,0,36,0.0,0.0,1.0,36,900,800,100,0.8888888888888888,10,8,2,355.87221731794074,0.6949074074074074,0.05278549811623767,0.23314425307901485,135483.01832829634,2442.9284282835943,137925.94675657994,3591,61,846.2777777777778,35,1,19,30.465652214193074,0.6770833333333334,39.72800925925925,1041.087962962962,29.745370370370342,0
3727,4,0,0,36,0.0,0.0,1.0,36,700,500,200,0.7142857142857143,9,5,4,358.72000000000025,0.6932208994708995,0.05577777777777815,0.23600000000000007,135633.68055555545,2530.9027777777683,138164.58333333323,3592,62,847.2777777777778,35,1,20,30.241666666666667,0.6785714285714286,39.58333333333333,1041.6666666666658,29.761904761904738,0
3728,4,0,0,36,0.0,0.0,1.0,36,900,600,300,0.6666666666666666,12,6,6,359.67823965300187,0.692691798941799,0.053371341132336436,0.237429829166835,135754.27061899868,2565.571416323737,138319.84203532242,3593,63,848.2777777777778,35,1,20,30.096808825707093,0.6797619047619048,39.467592592592595,1042.12962962963,29.775132275132286,0
3729,4,0,0,36,0.0,0.0,1.0,36,1100,900,200,0.8181818181818182,13,9,4,359.55053937071904,0.6904761904761906,0.0525863025863027,0.2383510529205895,135905.08355034742,2572.9492187500246,138478.03276909745,3594,64,849.2777777777778,35,1,18,29.950258075258088,0.6812499999999999,39.32291666666668,1042.7083333333348,29.79166666666671,0
3730,4,0,0,36,0.0,0.0,1.0,36,1000,500,500,0.5,15,5,10,363.3686460188937,0.6912698412698414,0.05395601415239737,0.24170048756961562,136025.794177062,2685.501730752754,138711.29590781475,3595,65,850.2777777777778,35,1,18,29.730782388401938,0.6824404761904761,39.20717592592593,1043.171296296297,29.804894179894198,0
3731,4,0,0,36,0.0,0.0,1.0,36,1100,900,200,0.8181818181818182,13,9,4,362.0662757225663,0.6909060846560847,0.05535216823213296,0.24103880423657403,136055.98020618997,2652.2564086076814,138708.23661479764,3596,66,851.2777777777778,35,1,18,29.734764440499966,0.6827380952380953,39.17824074074074,1043.287037037037,29.808201058201057,0
3732,4,0,0,36,0.0,0.0,1.0,36,550,400,150,0.7272727272727273,7,4,3,357.78917421750737,0.6904761904761906,0.04955762571932065,0.23879977675198105,136146.55838745282,2542.352939600477,138688.9113270533,3597,67,852.2777777777778,35,1,18,29.756409190048437,0.6836309523809524,39.09143518518518,1043.634259259259,29.818121693121682,0
3733,4,0,0,36,0.0,0.0,1.0,36,900,600,300,0.6666666666666666,12,6,6,359.8074739062246,0.6898478835978836,0.04687115052968727,0.24076138090757754,136237.16670953357,2603.8301611796915,138840.99687071325,3598,68,853.2777777777778,35,1,18,29.61382113821137,0.6845238095238095,39.004629629629626,1043.981481481481,29.828042328042315,0
3734,4,0,0,36,0.0,0.0,1.0,36,650,500,150,0.7692307692307693,8,5,3,357.28401745098864,0.6903439153439154,0.043521494452448906,0.2396857761680497,136327.80517243216,2541.5491844564367,138869.3543568886,3599,69,854.2777777777778,35,1,19,29.58977520410803,0.6854166666666668,38.91782407407407,1044.3287037037028,29.837962962962937,0
3735,4,0,0,36,0.0,0.0,1.0,36,1100,800,300,0.7272727272727273,14,8,6,359.714520144862,0.6908399470899471,0.03981973995271848,0.24152260638297873,136358.02469135798,2609.9922839506107,138968.0169753086,3600,70,855.2777777777778,35,1,19,29.496343085106382,0.6857142857142857,38.888888888888886,1044.4444444444441,29.84126984126983,0
3736,4,0,0,36,0.0,0.0,1.0,36,650,400,250,0.6153846153846154,9,4,5,359.62898940267957,0.6912698412698414,0.04046194749086118,0.24208582306770945,136448.70334201367,2614.1818576388637,139062.88519965255,3601,71,856.2777777777778,35,1,19,29.408649052841483,0.686607142857143,38.80208333333332,1044.791666666665,29.851190476190425,0
3737,4,0,0,36,0.0,0.0,1.0,36,800,600,200,0.75,10,6,4,360.5864275510223,0.6914682539682541,0.03948696176517674,0.2431467404300357,136509.17252068315,2644.6709694358537,139153.843490119,3602,72,857.2777777777778,35,1,19,29.32368387049138,0.6872023809523811,38.744212962962955,1045.023148148147,29.8578042328042,0
3738,4,0,1,35,0.0,0.027777777777777776,0.9722222222222222,36,600,500,100,0.8333333333333334,7,5,2,360.9996854016153,0.6901785714285715,0.044779057179411996,0.24405308072959478,136599.90140603547,2662.5042866940807,139262.40569272955,3603,73,858.2777777777778,35,1,19,29.222948036610575,0.6880952380952381,38.6574074074074,1045.3703703703688,29.867724867724824,0
3739,4,0,0,35,0.0,0.0,1.0,35,1000,800,200,0.8,12,8,4,370.0230804539943,0.6914565826330532,0.04443070313898456,0.24968736535784897,136534.22796201814,3104.163123582766,139638.3910856009,3604,74,871.9428571428572,34,1,19,29.052283859209478,0.6896446078431373,38.720238095238095,1045.1190476190475,30.73879551820728,0
3740,4,0,0,35,0.0,0.0,1.0,35,1050,800,250,0.7619047619047619,13,8,5,373.7797091748205,0.6906862745098039,0.0437548790007809,0.25333958066293377,136689.7959183673,3218.374433106572,139908.17035147388,3605,75,872.9428571428572,34,1,19,28.79975903157256,0.6911764705882353,38.57142857142857,1045.7142857142853,30.756302521008394,0
3741,4,0,0,35,0.0,0.0,1.0,35,550,500,50,0.9090909090909091,6,5,1,374.70067941063525,0.6901960784313725,0.04786341953301587,0.2544208670461234,136752.96347858993,3248.2892084529835,140001.2526870429,3606,76,873.9428571428572,33,2,19,28.713019917984766,0.6941287878787878,38.5110294117647,1045.9558823529408,31.695632798573964,0
3742,4,0,0,35,0.0,0.0,1.0,35,1000,600,400,0.6,14,6,8,375.5130548255046,0.6894257703081232,0.04865543265449568,0.2554386413581937,136817.06142168873,3275.318537341399,140092.37995903014,3607,77,874.9428571428572,33,2,19,28.62820174924837,0.694760101010101,38.44975490196078,1046.2009803921565,31.70306001188353,0
3743,4,0,0,35,0.0,0.0,1.0,35,1050,700,350,0.6666666666666666,14,7,7,375.86560558111984,0.6892156862745098,0.05314151890264318,0.2563811718580482,136913.23649557852,3292.1953094963364,140205.43180507486,3608,78,875.9428571428572,33,2,19,28.523614363778304,0.6957070707070707,38.357843137254896,1046.5686274509796,31.71420083184787,0
3744,4,0,0,35,0.0,0.0,1.0,35,650,500,150,0.7692307692307693,8,5,3,377.3983939706164,0.6899859943977591,0.05625992876373309,0.25813566690880496,137009.44536055834,3341.428927575916,140350.87428813425,3609,79,876.9428571428572,33,2,18,28.3881296578095,0.6966540404040404,38.26593137254901,1046.936274509803,31.725341651812215,0
3745,4,0,0,35,0.0,0.0,1.0,35,1000,800,200,0.8,12,8,4,375.9594584267346,0.6893557422969188,0.05198208436392804,0.2583361294720037,137169.86856016912,3314.0618992695054,140483.93045943862,3610,80,877.9428571428572,33,2,18,28.266846045858674,0.6982323232323233,38.11274509803921,1047.5490196078429,31.743909685086148,0
3746,4,0,0,35,0.0,0.0,1.0,35,1300,1200,100,0.9230769230769231,14,12,2,373.2473369322196,0.6890756302521008,0.0526526794066553,0.257420260116479,137298.27470203757,3249.2430795847645,140547.51778162233,3611,81,878.9428571428572,33,2,18,28.21074992204554,0.6994949494949495,37.99019607843137,1048.0392156862738,31.758764111705265,0
3747,4,0,0,35,0.0,0.0,1.0,35,1050,700,350,0.6666666666666666,14,7,7,374.4329758864242,0.6888655462184874,0.05258745929698638,0.2589550613345479,137394.61873137724,3289.0151924740335,140683.63392385127,3612,82,879.9428571428572,33,2,18,28.084331774790574,0.7004419191919192,37.89828431372548,1048.406862745097,31.769904931669604,0
3748,4,0,0,35,0.0,0.0,1.0,35,1200,800,400,0.6666666666666666,16,8,8,374.58380987579295,0.6873949579831933,0.05138717323807307,0.2597802467517858,137490.99655180698,3300.380262399074,140791.37681420604,3613,83,880.9428571428572,33,2,18,27.98502375944535,0.7013888888888888,37.806372549019606,1048.7745098039215,31.781045751633986,0
3749,4,0,0,35,0.0,0.0,1.0,35,750,600,150,0.8,9,6,3,375.59691429473776,0.6845938375350139,0.05228417926385709,0.2614520959505319,137619.5528762975,3337.895881391764,140957.44875768927,3614,84,881.9428571428572,33,2,18,27.831308884217094,0.7026515151515151,37.68382352941176,1049.2647058823525,31.795900178253106,0
3750,4,0,0,35,0.0,0.0,1.0,35,1200,1000,200,0.8333333333333334,14,10,4,374.31163679859924,0.6837535014005601,0.05057716687796088,0.2610427408422804,137683.85356593612,3307.333717800835,140991.18728373694,3615,85,882.9428571428572,33,2,18,27.80145570605636,0.7032828282828283,37.62254901960784,1049.5098039215682,31.80332739156267,0
3751,4,0,0,35,0.0,0.0,1.0,35,700,600,100,0.8571428571428571,8,6,2,372.67427125980464,0.6850840336134453,0.051819485674260646,0.26038562867956655,137748.1692738369,3267.039720299872,141015.20899413677,3616,86,883.9428571428572,33,2,19,27.780858432562837,0.7039141414141414,37.561274509803916,1049.7549019607836,31.81075460487223,0
3752,4,0,0,35,0.0,0.0,1.0,35,950,700,250,0.7368421052631579,12,7,5,372.5749559082894,0.6842436974789915,0.04897959183673528,0.2608024691358025,137812.49999999997,3269.0972222222217,141081.5972222222,3617,87,884.9428571428572,33,2,20,27.71990740740741,0.7045454545454546,37.5,1049.9999999999998,31.818181818181813,0
3753,4,0,0,35,0.0,0.0,1.0,35,750,600,150,0.8,9,6,3,373.14075258266445,0.6838235294117646,0.047900238400880424,0.2614426090663001,137844.6709949298,3287.0928549115706,141131.76384984137,3618,88,885.9428571428572,33,2,20,27.673274788968,0.7048611111111112,37.46936274509804,1050.1225490196075,31.82189542483659,0
3754,4,0,0,35,0.0,0.0,1.0,35,800,500,300,0.625,11,5,6,372.0398947260399,0.684173669467787,0.04710235511775629,0.26115920865658354,137909.02424848606,3261.5317726355215,141170.5560211216,3619,89,886.9428571428572,33,2,20,27.638621514409063,0.7054924242424243,37.408088235294116,1050.367647058823,31.829322638146152,0
3755,4,0,0,35,0.0,0.0,1.0,35,500,200,300,0.4,8,2,6,371.5310733410919,0.6838935574229691,0.04539834363700024,0.26129088529558486,137973.39252030462,3252.2805231161033,141225.6730434207,3620,90,887.9428571428572,33,2,20,27.58843170418757,0.7061237373737373,37.34681372549019,1050.6127450980387,31.836749851455718,0
3756,4,0,0,35,0.0,0.0,1.0,35,900,600,300,0.6666666666666666,12,6,6,370.35575313007325,0.6847338935574229,0.048453144523115554,0.2609532114289548,138037.77581038547,3224.61688413111,141262.39269451657,3621,91,888.9428571428572,33,2,20,27.555758017492703,0.7067550505050505,37.28553921568628,1050.8578431372553,31.84417706476531,0
3757,4,0,0,35,0.0,0.0,1.0,35,650,400,250,0.6153846153846154,9,4,5,366.2421811773668,0.6825630252100839,0.050800841287817367,0.258713476783692,138125.17715419506,3117.4532312925244,141242.63038548757,3622,92,889.9428571428572,34,1,17,27.577623631559078,0.7052696078431373,37.202380952380956,1051.1904761904766,30.917366946778724,0
3758,4,0,0,35,0.0,0.0,1.0,35,950,700,250,0.7368421052631579,12,7,5,370.2975153498761,0.6806022408963585,0.05189161223565941,0.2630183959510857,138312.9535147393,3243.388605442181,141556.34212018148,3623,93,890.9428571428572,34,1,18,27.28586653085861,0.7071078431372548,37.023809523809526,1051.9047619047624,30.93837535014007,0
3759,4,0,0,35,0.0,0.0,1.0,35,950,700,250,0.7368421052631579,12,7,5,370.00473331001245,0.680252100840336,0.053160055604047685,0.26329322326842913,138375.57397959186,3239.9234693877575,141615.49744897962,3624,94,891.9428571428572,34,1,18,27.23183978275627,0.7077205882352942,36.964285714285715,1052.1428571428573,30.94537815126051,0
3760,4,0,0,35,0.0,0.0,1.0,35,800,600,200,0.75,10,6,4,369.0482893470648,0.6806722689075629,0.04628312863606965,0.2630957159538755,138438.20861678018,3218.0768140589726,141656.28543083914,3625,95,892.9428571428572,34,1,18,27.195277149321267,0.7083333333333333,36.90476190476191,1052.3809523809534,30.952380952380985,0
3761,4,0,0,35,0.0,0.0,1.0,35,650,600,50,0.9230769230769231,7,6,1,366.48895759330867,0.6796918767507002,0.047326073609720076,0.26175245258804813,138500.85742630388,3151.806972789115,141652.664399093,3626,96,893.9428571428572,34,1,18,27.200906657618944,0.7089460784313725,36.845238095238095,1052.6190476190477,30.959383753501402,0
3762,4,0,0,35,0.0,0.0,1.0,35,1050,800,250,0.7619047619047619,13,8,5,365.97959639942115,0.6796918767507002,0.04637727985008344,0.261629553028301,138532.1871456917,3139.990787981873,141672.17793367358,3627,97,894.9428571428572,34,1,18,27.183459610237854,0.7092524509803921,36.8154761904762,1052.738095238096,30.96288515406165,0
3763,4,0,0,35,0.0,0.0,1.0,35,750,500,250,0.6666666666666666,10,5,5,366.27618492098,0.6789915966386554,0.047827912535125305,0.26256719058435896,138626.19756235834,3155.0949546485385,141781.2925170069,3628,98,895.9428571428572,34,1,18,27.08309782199111,0.7101715686274509,36.72619047619048,1053.0952380952385,30.97338935574231,0
3764,4,0,0,35,0.0,0.0,1.0,35,800,500,300,0.625,11,5,6,362.7349745771013,0.6787815126050419,0.04724343347916604,0.2607507546736615,138720.23986678018,3063.7365362811897,141783.97640306136,3629,99,896.9428571428572,34,1,18,27.083804196331023,0.7110906862745097,36.636904761904766,1053.4523809523819,30.983893557422995,0
3765,4,0,0,35,0.0,0.0,1.0,35,550,400,150,0.7272727272727273,7,4,3,362.52000425681825,0.6781512605042016,0.04602546927707962,0.2610792968004149,138782.9524518141,3062.3193027210973,141845.2717545352,3630,100,897.9428571428572,34,1,18,27.027784054532457,0.711703431372549,36.577380952380956,1053.6904761904766,30.99089635854343,0
3766,4,0,0,35,0.0,0.0,1.0,35,850,700,150,0.8235294117647058,10,7,3,361.9726967538912,0.6778711484593837,0.04160185872406319,0.2614116033490178,138877.04790249452,3053.9399092970743,141930.9878117916,3631,101,898.9428571428572,34,1,20,26.949683758753107,0.7126225490196078,36.48809523809525,1054.0476190476206,31.001400560224138,0
3767,4,0,0,35,0.0,0.0,1.0,35,550,400,150,0.7272727272727273,7,4,3,362.6052586355043,0.6781512605042016,0.04359119141727841,0.26211180124223615,138908.42013888902,3073.7847222222426,141982.20486111127,3632,102,899.9428571428572,34,1,20,26.90217391304349,0.7129289215686274,36.45833333333334,1054.1666666666679,31.00490196078435,0
3768,4,0,0,35,0.0,0.0,1.0,35,300,200,100,0.6666666666666666,4,2,2,364.1542780349431,0.6778711484593837,0.042826497201567504,0.2637215405196642,138971.17524092976,3121.389597505673,142092.56483843544,3633,103,900.9428571428572,34,1,20,26.799659403108652,0.7135416666666665,36.398809523809526,1054.4047619047624,31.011904761904777,0
3769,4,0,0,35,0.0,0.0,1.0,35,1250,900,350,0.72,16,9,7,360.63241086578796,0.6764005602240896,0.04201870364398608,0.26190189838285916,139065.3344671202,3030.2933673469415,142095.62783446716,3634,104,901.9428571428572,34,1,20,26.799990594431904,0.7144607843137254,36.30952380952381,1054.7619047619048,31.022408963585434,0
3770,4,0,0,35,0.0,0.0,1.0,35,700,500,200,0.7142857142857143,9,5,4,358.65721295069216,0.676750700280112,0.04148047844730285,0.26095404114688314,139128.12500000015,2979.8611111111263,142107.98611111127,3635,105,902.9428571428572,34,1,21,26.790416008425485,0.7150735294117647,36.25000000000001,1055.0000000000011,31.029411764705916,0
3771,4,0,0,35,0.0,0.0,1.0,35,900,600,300,0.6666666666666666,12,6,6,357.8185461138139,0.6754201680672268,0.04167149945228421,0.2618098075030778,139316.58163265316,2970.0113378684914,142286.59297052165,3636,106,903.9428571428572,34,1,18,26.627574800781836,0.7169117647058822,36.07142857142858,1055.7142857142865,31.050420168067248,0
3772,4,0,0,35,0.0,0.0,1.0,35,700,300,400,0.42857142857142855,11,3,8,371.04157227889823,0.6743697478991596,0.07453416149068359,0.26821005081874655,138908.42013888893,3308.159722222228,142216.57986111115,3637,107,904.9428571428572,34,1,19,26.679841897233203,0.7129289215686274,36.458333333333336,1054.166666666667,31.004901960784323,2
3773,4,0,0,35,0.0,0.0,1.0,35,1200,1000,200,0.8333333333333334,14,10,4,375.39761678696243,0.672829131652661,0.07466572041484554,0.27186399770090985,138971.17524092973,3433.889597505673,142405.0648384354,3638,108,905.9428571428572,34,1,19,26.503283655112725,0.7135416666666666,36.398809523809526,1054.4047619047622,31.01190476190477,0
3774,4,0,0,35,0.0,0.0,1.0,35,600,500,100,0.8333333333333334,7,5,2,374.0938625056655,0.6728991596638655,0.07615177462790035,0.2714248589629559,139033.94451530615,3402.3490646258524,142436.293579932,3639,109,906.9428571428572,34,1,19,26.47590021447116,0.7141544117647058,36.339285714285715,1054.6428571428573,31.018907563025216,0
3775,4,0,0,35,0.0,0.0,1.0,35,500,300,200,0.6,7,3,4,376.8617929263335,0.6731092436974789,0.07249274427604036,0.2736881545350258,139065.3344671202,3481.6822562358293,142547.01672335604,3640,110,907.9428571428572,34,1,19,26.372037246049665,0.7144607843137254,36.30952380952381,1054.7619047619048,31.022408963585434,0
3776,4,0,0,35,0.0,0.0,1.0,35,500,300,200,0.6,7,3,4,376.91552819012344,0.6713585434173669,0.07411036616812794,0.27475158239122166,139190.92970521544,3492.644557823128,142683.57426303858,3641,111,908.9428571428572,34,1,17,26.247085589651025,0.7156862745098038,36.19047619047619,1055.2380952380954,31.036414565826334,0
3777,4,0,0,35,0.0,0.0,1.0,35,900,700,200,0.7777777777777778,11,7,4,377.66654730336217,0.6714985994397759,0.07198607843769156,0.27581479476042914,139253.7485827665,3518.296485260784,142772.04506802728,3642,112,909.9428571428572,34,1,17,26.16550116550118,0.7162990196078431,36.13095238095239,1055.476190476191,31.043417366946795,0
3778,4,0,0,35,0.0,0.0,1.0,35,1200,900,300,0.75,15,9,6,397.76940201459155,0.6724789915966386,0.1022401073105299,0.2664304485192074,136272.70761245664,3874.370189252154,140147.0778017088,3643,113,910.9428571428572,33,2,16,28.587636932707348,0.6893939393939394,38.97058823529411,1044.1176470588225,31.639928698752197,6
3779,4,0,0,35,0.0,0.0,1.0,35,950,600,350,0.631578947368421,13,6,7,396.3701593331222,0.6703081232492997,0.1066015466015462,0.2665247623102027,136409.8373724489,3813.757794784568,140223.59516723346,3644,114,911.9428571428572,34,1,16,28.48765432098764,0.6884191176470589,38.83928571428571,1044.6428571428567,30.724789915966372,0
3780,4,0,0,35,0.0,0.0,1.0,35,900,600,300,0.6666666666666666,12,6,6,379.29063639947634,0.6712184873949579,0.11733490373133115,0.24590535469017297,135107.15880102056,3249.330357142875,138356.48915816343,3645,115,912.9428571428572,34,1,15,30.231115691438607,0.6755514705882353,40.08928571428572,1039.6428571428582,30.577731092437006,4
3781,4,0,0,35,0.0,0.0,1.0,35,1050,800,250,0.7619047619047619,13,8,5,378.0421315370378,0.6724789915966386,0.11630667604113865,0.2459385035918912,135230.95415249432,3224.5996315192733,138455.55378401358,3646,116,913.9428571428572,34,1,15,30.14001754988365,0.6767769607843137,39.970238095238095,1040.1190476190475,30.591736694677866,0
3782,4,0,0,35,0.0,0.0,1.0,35,700,600,100,0.8571428571428571,8,6,2,379.1507207006477,0.6722689075630252,0.11988359546153071,0.2468717583816887,135261.91184807266,3256.930272108856,138518.8421201815,3647,117,914.9428571428572,34,1,15,30.080300602731363,0.6770833333333333,39.9404761904762,1040.238095238096,30.59523809523812,0
3783,4,0,0,35,0.0,0.0,1.0,35,700,500,200,0.7142857142857143,9,5,4,376.75338922153935,0.67093837535014,0.127777233062065,0.24615681080528382,135385.77806122456,3201.410147392301,138587.18820861686,3648,118,915.9428571428572,34,1,15,30.019112712575314,0.6783088235294117,39.82142857142858,1040.7142857142862,30.609243697479005,0
3784,4,0,0,35,0.0,0.0,1.0,35,950,700,250,0.7368421052631579,12,7,5,379.0140724355308,0.6719187675070027,0.12400117604782612,0.2484900357961884,135509.70096371887,3272.016723356017,138781.71768707488,3649,119,916.9428571428572,34,1,16,29.836734888329907,0.6795343137254901,39.702380952380956,1041.1904761904766,30.6232492997199,0
3785,4,0,0,35,0.0,0.0,1.0,35,950,700,250,0.7368421052631579,12,7,5,382.4221678973338,0.6720588235294117,0.12128573061037895,0.25181161710079525,135664.68431122453,3376.2365362811834,139040.9208475057,3650,120,917.9428571428572,34,1,17,29.59352264503104,0.6810661764705881,39.55357142857143,1041.7857142857147,30.64075630252102,0
3786,4,0,0,35,0.0,0.0,1.0,35,500,400,100,0.8,6,4,2,380.83564707278174,0.6719887955182072,0.12028597545050945,0.2509844565648334,135695.69160997748,3335.5513038548943,139031.24291383236,3651,121,918.9428571428572,34,1,17,29.60394766910421,0.6813725490196078,39.52380952380953,1041.904761904763,30.644257703081266,0
3787,4,0,0,35,0.0,0.0,1.0,35,800,600,200,0.75,10,6,4,380.5139322321088,0.6713585434173669,0.11714481543131305,0.2512080665731435,135757.71683673482,3331.5405328798356,139089.25736961464,3652,122,919.9428571428572,34,1,18,29.55053880130987,0.681985294117647,39.46428571428572,1042.1428571428582,30.651260504201712,0
3788,4,0,0,35,0.0,0.0,1.0,35,750,600,150,0.8,9,6,3,383.91102545150915,0.6708683473389355,0.11703259061103344,0.25433379431953984,135881.80980725624,3433.304988662131,139315.11479591837,3653,123,920.9428571428572,34,1,17,29.338414402070484,0.6832107843137254,39.345238095238095,1042.6190476190475,30.665266106442573,0
3789,4,0,0,35,0.0,0.0,1.0,35,450,300,150,0.6666666666666666,6,3,3,385.0719855716103,0.6704481792717086,0.12028701891715632,0.25554777224297764,135943.87755102038,3469.6357709750546,139413.51332199544,3654,124,921.9428571428572,34,1,17,29.246337519025875,0.6838235294117647,39.285714285714285,1042.8571428571427,30.67226890756302,0
3790,4,0,0,35,0.0,0.0,1.0,35,650,400,250,0.6153846153846154,9,4,5,386.1943324499805,0.6696078431372549,0.12034434408321659,0.2567401169140158,136005.95946712015,3504.9461451247125,139510.90561224485,3655,125,922.9428571428572,34,1,17,29.15525374724188,0.6844362745098038,39.226190476190474,1043.0952380952378,30.679271708683466,0
3791,4,0,0,35,0.0,0.0,1.0,35,1050,800,250,0.7619047619047619,13,8,5,385.46483730228556,0.6698179271708683,0.12254120408861957,0.2564789953895161,136037.0057397959,3487.4964569160957,139524.50219671198,3656,126,923.9428571428572,34,1,17,29.14336794857165,0.6847426470588236,39.19642857142857,1043.2142857142853,30.682773109243687,0
3792,4,0,0,35,0.0,0.0,1.0,35,1150,1000,150,0.8695652173913043,13,10,3,381.81888699377646,0.6704481792717086,0.11832032459385045,0.2549433497543365,136161.22626133793,3397.785572562366,139559.0118339003,3657,127,924.9428571428572,34,1,17,29.114862552754648,0.6859681372549019,39.077380952380956,1043.6904761904766,30.696778711484605,0
3793,4,0,0,35,0.0,0.0,1.0,35,950,800,150,0.8421052631578947,11,8,3,382.4910842150805,0.6691176470588235,0.12407995699134977,0.255840146261025,136223.35778061216,3420.843962585026,139644.2017431972,3658,128,925.9428571428572,34,1,17,29.035522864636793,0.6865808823529411,39.01785714285714,1043.9285714285706,30.70378151260502,0
3794,4,0,0,35,0.0,0.0,1.0,35,1000,800,200,0.8,12,8,4,382.33508293147185,0.669047619047619,0.123309985339632,0.2559602043747335,136254.42885487532,3418.9696712018194,139673.39852607716,3659,129,926.9428571428572,34,1,18,29.00869441277081,0.6868872549019607,38.98809523809524,1044.0476190476193,30.707282913165272,0
3795,4,0,0,35,0.0,0.0,1.0,35,550,400,150,0.7272727272727273,7,4,3,382.80672276400963,0.669047619047619,0.12573252764793086,0.25650097519962783,136285.50347222228,3434.201388888894,139719.70486111118,3660,130,927.9428571428572,34,1,18,28.965482841181167,0.6871936274509804,38.958333333333336,1044.166666666667,30.710784313725497,0
3796,4,0,0,35,0.0,0.0,1.0,35,600,400,200,0.6666666666666666,8,4,4,384.35791170875984,0.6696078431372549,0.12966406669814856,0.25799326391897104,136347.66333616784,3481.260629251705,139828.92396541956,3661,131,928.9428571428572,34,1,18,28.863178692199554,0.6878063725490196,38.898809523809526,1044.4047619047622,30.717787114845947,0
3797,4,0,0,35,0.0,0.0,1.0,35,450,300,150,0.6666666666666666,6,3,3,384.4824283196997,0.6699579831932773,0.129121755837051,0.25830389173637425,136378.74858276657,3487.0464852607893,139865.79506802736,3662,132,929.9428571428572,34,1,18,28.82902135096118,0.6881127450980391,38.86904761904763,1044.5238095238105,30.721288515406194,0
3798,4,0,0,35,0.0,0.0,1.0,35,900,600,300,0.6666666666666666,12,6,6,384.3851093019912,0.6701680672268907,0.12872118765464258,0.25869353675109474,136440.92970521544,3489.172335600909,139930.10204081636,3663,133,930.9428571428572,34,1,18,28.76975083561226,0.6887254901960784,38.80952380952381,1044.7619047619048,30.72829131652661,0
3799,4,0,0,35,0.0,0.0,1.0,35,1150,900,250,0.782608695652174,14,9,5,385.6676231443382,0.6718487394957983,0.1299707126586398,0.2604739793236377,136565.33446712018,3533.7655895691605,140099.10005668935,3664,134,931.9428571428572,34,1,18,28.612613895216402,0.6899509803921569,38.69047619047619,1045.2380952380952,30.742296918767504,0
3800,4,0,0,35,0.0,0.0,1.0,35,800,600,200,0.75,10,6,4,386.09772179702065,0.6711484593837534,0.13023638232271328,0.2616948924558201,136690.660432206,3555.190516760981,140245.85094896698,3665,135,932.9428571428572,35,0,18,28.476872348275236,0.6889880952380952,38.570601851851855,1045.717592592593,29.877645502645517,0
3801,4,0,0,35,0.0,0.0,1.0,35,450,200,250,0.4444444444444444,7,2,5,382.88335841513003,0.6711484593837534,0.10453622207176738,0.23901890125914918,133725.61034217608,3258.112220942148,136983.72256311824,3666,136,933.9428571428572,33,2,16,31.521030805687204,0.6641414141414141,41.42156862745098,1034.313725490196,31.342840166369577,5
3802,4,0,0,35,0.0,0.0,1.0,35,650,300,350,0.46153846153846156,10,3,7,382.12696416744205,0.6710084033613445,0.1036640885473965,0.23875156954384733,133757.3007527153,3222.454254373317,136979.75500708862,3667,137,934.9428571428572,33,2,16,31.508781542471272,0.6644570707070707,41.39093137254902,1034.4362745098038,31.346553773024358,0
3803,4,0,0,35,0.0,0.0,1.0,35,800,600,200,0.75,10,6,4,381.4222539175254,0.6705182072829131,0.10496041145022694,0.238926521667625,133852.3945117263,3210.8564013840933,137063.2509131104,3668,138,935.9428571428572,33,2,16,31.43158850465815,0.6654040404040404,41.29901960784314,1034.8039215686279,31.35769459298872,0
3804,4,0,0,35,0.0,0.0,1.0,35,500,300,200,0.6,7,3,4,382.39842494547736,0.6716386554621848,0.11435335497835486,0.240364724251443,133979.2387543253,3246.6899750096177,137225.92872933493,3669,139,936.9428571428572,33,2,16,31.279099589646474,0.6666666666666666,41.1764705882353,1035.2941176470592,31.372549019607856,0
3805,4,0,0,35,0.0,0.0,1.0,35,900,600,300,0.6666666666666666,12,6,6,380.9502798465049,0.6703781512605042,0.11270367115137603,0.2402829675569149,134106.14306997307,3217.554546328336,137323.69761630142,3670,140,937.9428571428572,33,2,17,31.18936346426881,0.6679292929292929,41.05392156862745,1035.7843137254902,31.387403446226976,0
3806,4,0,0,35,0.0,0.0,1.0,35,1450,1300,150,0.896551724137931,16,13,3,378.3780518040294,0.6684173669467787,0.10990674415461577,0.23948838368674186,134233.10745866972,3158.172337562472,137391.2797962322,3671,141,938.9428571428572,33,2,18,31.128784295175024,0.6691919191919191,40.931372549019606,1036.2745098039213,31.4022578728461,0
3807,4,1,0,36,0.027777777777777776,0.0,1.0,36,500,300,200,0.6,7,3,4,372.09077272947223,0.6805555555555556,0.10809906291834004,0.23756564720420142,134550.78124999997,2813.0208333333326,137363.8020833333,3672,0,913.8333333333334,34,2,19,30.973895582329327,0.6700367647058822,40.625,1037.4999999999998,30.514705882352935,0
3808,4,0,0,36,0.0,0.0,1.0,36,900,600,300,0.6666666666666666,12,6,6,372.811632017507,0.6795304232804233,0.10349770642201839,0.23903804641122497,134705.21541950098,2843.934240362793,137549.14965986376,3673,1,914.8333333333334,34,2,19,30.800840978593264,0.6715686274509804,40.47619047619047,1038.095238095237,30.532212885154028,0
3809,4,0,0,36,0.0,0.0,1.0,36,500,300,200,0.6,7,3,4,371.8319280697982,0.67880291005291,0.10565493253831759,0.23861267437061878,134736.11288265302,2819.8377267573646,137555.95060941039,3674,2,915.8333333333334,34,2,19,30.795398081259805,0.671875,40.44642857142857,1038.2142857142853,30.535714285714274,0
3810,4,0,0,36,0.0,0.0,1.0,36,500,300,200,0.6,7,3,4,371.8319280697982,0.6781084656084656,0.10565493253831759,0.23861267437061878,134736.11288265302,2819.8377267573646,137555.95060941039,3675,3,916.8333333333334,34,2,19,30.795398081259805,0.671875,40.44642857142857,1038.2142857142853,30.535714285714274,0
3811,4,0,0,36,0.0,0.0,1.0,36,800,500,300,0.625,11,5,6,372.057793107537,0.6791997354497354,0.10699729991339368,0.23936815538865422,134828.8265306122,2832.823129251693,137661.64965986388,3676,4,917.8333333333334,34,2,13,30.69692801467218,0.6727941176470589,40.357142857142854,1038.571428571428,30.546218487394942,0
3812,4,0,0,36,0.0,0.0,1.0,36,400,300,100,0.75,5,3,2,370.6593098497885,0.6793650793650794,0.10662897598492371,0.23887541637734533,134890.65334467127,2799.6952947845866,137690.34863945586,3677,5,918.8333333333334,34,2,13,30.671508518603392,0.673406862745098,40.29761904761905,1038.8095238095243,30.55322128851542,0
3813,4,0,1,35,0.0,0.027777777777777776,0.9722222222222222,36,1050,700,350,0.6666666666666666,14,7,7,351.68979565219786,0.6801256613756614,0.006542545237027131,0.2159549736938701,133113.66705246904,2162.9436728395,135276.61072530854,3678,6,919.8333333333334,35,1,20,32.940780619111706,0.6535714285714285,42.013888888888886,1031.944444444444,29.48412698412697,8
3814,4,0,0,35,0.0,0.0,1.0,35,750,500,250,0.6666666666666666,10,5,5,356.5433590927007,0.6672268907563025,0.01783036435245422,0.2190555903596471,133134.14292800447,2493.61890589568,135627.76183390015,3679,149,946.9428571428572,34,1,21,32.79501672626599,0.6559436274509804,41.99404761904761,1032.023809523809,30.353641456582615,0
3815,4,1,0,36,0.027777777777777776,0.0,1.0,36,800,600,200,0.75,10,6,4,349.24557752341303,0.6788690476190476,0.02486559139784905,0.21653225806451604,133472.2222222222,2123.34537981859,135595.56760204077,3680,0,921.6111111111111,34,2,22,32.64448924731182,0.6593137254901962,41.666666666666664,1033.3333333333333,30.392156862745097,0
3816,4,0,0,36,0.0,0.0,1.0,36,800,600,200,0.75,10,6,4,349.9849636077916,0.6787367724867726,0.021986741406229804,0.21735117697016074,133533.73724489796,2146.9600340136,135680.69727891157,3681,1,922.6111111111111,34,2,22,32.563781386777244,0.6599264705882353,41.607142857142854,1033.5714285714284,30.399159663865543,0
3817,4,1,1,36,0.02702702702702703,0.02702702702702703,0.972972972972973,37,1150,800,350,0.6956521739130435,15,8,7,343.7246962172276,0.685497997997998,0.012170838811387474,0.21530240174097492,133850.68081172375,1801.556920095761,135652.2377318195,3682,0,898.6486486486486,36,1,18,32.408541009177654,0.6588541666666667,41.30067567567567,1034.7972972972964,28.744369369369345,0
3818,4,0,0,36,0.0,0.0,1.0,36,600,300,300,0.5,9,3,6,351.85851602442625,0.67744708994709,0.019969163433801285,0.2195675767593764,133711.52692043877,2209.5078875171293,135921.0348079559,3683,3,924.6111111111111,35,1,18,32.33736198149808,0.6595238095238096,41.435185185185176,1034.2592592592578,29.550264550264508,0
3819,4,0,0,36,0.0,0.0,1.0,36,650,500,150,0.7692307692307693,8,5,3,351.27727253675033,0.6787698412698413,0.0008085783947853198,0.21849642049430723,133591.84777949244,2185.555984224962,135777.4037637174,3684,4,925.6111111111111,35,1,21,32.472197342887,0.6583333333333334,41.550925925925924,1033.796296296296,29.53703703703703,2
3820,4,0,0,36,0.0,0.0,1.0,36,850,500,350,0.5882352941176471,12,5,7,377.58165110036754,0.679728835978836,-0.014561890443698822,0.22784009330529528,132459.27047902506,2842.489930643056,135301.76040966812,3685,5,926.6111111111111,34,2,14,32.93170078254502,0.6492034313725489,42.64880952380953,1029.4047619047628,30.27661064425773,8
3821,4,0,0,36,0.0,0.0,1.0,36,900,700,200,0.7777777777777778,11,7,4,376.63364530197157,0.6795634920634921,-0.012505456693115757,0.22856855304651216,132673.81660997734,2793.884637188207,135467.70124716553,3686,6,927.6111111111111,34,2,12,32.739917957014086,0.6513480392156863,42.44047619047619,1030.2380952380954,30.301120448179276,0
3822,4,0,0,36,0.0,0.0,1.0,36,800,500,300,0.625,11,5,6,375.00940109433776,0.6796626984126984,-0.01575362969615335,0.2288071058183808,132874.89819101506,2765.8671982167293,135640.7653892318,3687,7,928.6111111111111,35,1,13,32.57932944170033,0.6511904761904762,42.24537037037037,1031.0185185185182,29.45767195767195,0
3823,4,0,0,36,0.0,0.0,1.0,36,950,700,250,0.7368421052631579,12,7,5,376.5738189980615,0.6786044973544973,-0.009595959595959602,0.23012844494325974,132934.5703125,2811.9357638888887,135746.50607638888,3688,8,929.6111111111111,35,1,13,32.47895622895623,0.6517857142857143,42.1875,1031.25,29.464285714285715,0
3824,4,0,0,36,0.0,0.0,1.0,36,850,600,250,0.7058823529411765,11,6,5,376.14142189015945,0.6796626984126984,-0.00860263315379961,0.23023161757452607,132994.2558299039,2804.929698216728,135799.18552812064,3689,9,930.6111111111111,35,1,14,32.43005685218433,0.6523809523809524,42.129629629629626,1031.4814814814808,29.470899470899454,0
3825,4,0,0,36,0.0,0.0,1.0,36,800,400,400,0.5,12,4,8,376.6507361822889,0.6798611111111111,-0.0017762321441925355,0.2309122876429794,133053.9547432269,2822.9740012002603,135876.92874442716,3690,10,931.6111111111111,35,1,14,32.35687308353902,0.6529761904761905,42.07175925925925,1031.712962962962,29.477513227513196,0
3826,4,0,0,36,0.0,0.0,1.0,36,850,500,350,0.5882352941176471,12,5,7,375.8180886116994,0.6807208994708995,-0.0039255271422165006,0.23077094201528306,133113.66705246898,2805.304783950596,135918.97183641957,3691,11,932.6111111111111,35,1,14,32.31830417227455,0.6535714285714287,42.01388888888888,1031.9444444444432,29.48412698412695,0
3827,4,0,0,36,0.0,0.0,1.0,36,1150,800,350,0.6956521739130435,15,8,7,377.6267369140743,0.6811177248677249,-0.00934230194319885,0.23262641528132197,133233.13185871052,2862.478566529486,136095.61042524,3692,12,933.6111111111111,35,1,15,32.15153213751868,0.6547619047619049,41.898148148148145,1032.4074074074072,29.49735449735449,0
3828,4,0,0,36,0.0,0.0,1.0,36,650,400,250,0.6153846153846154,9,4,5,378.7879311433027,0.6816137566137567,-0.013329970481634978,0.2335291730289844,133263.0064327203,2895.6837009173505,136158.69013363766,3693,13,934.6111111111111,35,1,15,32.09153028434779,0.6550595238095238,41.86921296296296,1032.5231481481478,29.500661375661366,0
3829,4,0,0,36,0.0,0.0,1.0,36,650,400,250,0.6153846153846154,9,4,5,380.26491869232956,0.6806547619047619,-0.015523425240977273,0.2346281884213669,133292.88435570992,2937.3215663580277,136230.20592206795,3694,14,935.6111111111111,35,1,15,32.023369199731,0.6553571428571429,41.84027777777778,1032.6388888888891,29.50396825396826,0
3830,4,0,0,36,0.0,0.0,1.0,36,1000,700,300,0.7,13,7,6,379.60879269154907,0.6803902116402117,-0.013857761840728955,0.23460033697918162,133352.6502486282,2924.3677126200228,136277.01796124823,3695,15,936.6111111111111,35,1,15,31.980240549828192,0.655952380952381,41.782407407407405,1032.8703703703698,29.51058201058199,0
3831,4,0,0,36,0.0,0.0,1.0,36,1000,700,300,0.7,13,7,6,374.9349635796043,0.6796957671957672,-0.013216845878136096,0.23245967741935486,133472.2222222223,2808.680555555565,136280.90277777787,3696,16,937.6111111111111,36,0,16,31.98084677419354,0.6550925925925926,41.66666666666667,1033.3333333333342,28.703703703703727,0
3832,4,0,0,36,0.0,0.0,1.0,36,1200,900,300,0.75,15,9,6,369.220399649422,0.6809854497354498,-0.009170118287995965,0.2298429149873369,133621.7625412593,2667.1761134687786,136288.93865472806,3697,17,938.6111111111111,35,1,16,31.978455352811668,0.6586309523809524,41.52199074074073,1033.912037037036,29.540343915343886,0
3833,4,0,0,36,0.0,0.0,1.0,36,900,600,300,0.6666666666666666,12,6,6,367.17050041930463,0.6810846560846562,-0.012978687374506803,0.2294440963844714,133763.29665814454,2622.787314341359,136386.08397248588,3698,18,939.6111111111111,36,0,14,31.889560200304814,0.6579861111111112,41.38513513513513,1034.4594594594587,28.734984984984962,0
3834,4,0,0,36,0.0,0.0,1.0,36,700,400,300,0.5714285714285714,10,4,6,366.7473450639438,0.679133597883598,-0.01241520658758688,0.2297233370001757,133850.6808117238,2617.876364540205,136468.557176264,3699,19,940.6111111111111,36,0,14,31.81294663909747,0.6588541666666667,41.30067567567567,1034.7972972972966,28.744369369369352,0
3835,4,0,0,36,0.0,0.0,1.0,36,500,400,100,0.8,6,4,2,365.949981404251,0.6795304232804233,-0.011068204068312326,0.22995066158915087,133967.237402098,2605.061607215321,136572.2990093133,3700,20,941.6111111111111,36,0,15,31.716840712136054,0.6600115740740742,41.18806306306306,1035.2477477477473,28.75688188188187,0
3836,4,0,1,35,0.0,0.027777777777777776,0.9722222222222222,36,900,800,100,0.8888888888888888,10,8,2,369.63923762445575,0.6815476190476191,-0.011434700407213283,0.22774546576216492,133239.59094229384,2650.116163460779,135889.7071057546,3701,21,942.6111111111111,36,0,18,32.35120346131472,0.6527777777777777,41.8918918918919,1032.4324324324339,28.67867867867872,7
3837,4,0,0,35,0.0,0.0,1.0,35,900,800,100,0.8888888888888888,10,8,2,368.8681612605554,0.678641456582633,-0.00023051802522866538,0.22796256724994446,133352.65024862837,2837.909379286703,136190.55962791506,3702,22,961.0,35,0,18,32.257582548931715,0.6559523809523808,41.78240740740741,1032.8703703703711,29.51058201058203,0
3838,4,0,0,35,0.0,0.0,1.0,35,400,300,100,0.75,5,3,2,366.5536068741372,0.6775910364145658,-0.0006913991229469119,0.22689719105121695,133412.4295374657,2780.5614497599477,136192.99098722567,3703,23,962.0,35,0,18,32.25735678542087,0.6565476190476189,41.72453703703704,1033.101851851852,29.51719576719577,0
3839,4,0,0,35,0.0,0.0,1.0,35,450,200,250,0.4444444444444444,7,2,5,358.54638422206006,0.6775910364145658,0.016911196911197468,0.21397122929381,132040.8950617284,2468.5570987654355,134509.45216049382,3704,24,963.0,35,0,18,33.84290540540541,0.6428571428571428,43.05555555555556,1027.7777777777778,29.365079365079367,4
3840,4,0,0,35,0.0,0.0,1.0,35,1050,600,450,0.5714285714285714,15,6,9,359.3087310532349,0.6787815126050419,0.027552054023635364,0.21527026806527244,132189.63162562152,2499.377759559322,134689.00938518083,3705,25,964.0,35,0,18,33.67344306884261,0.6443452380952381,42.910879629629626,1028.356481481481,29.381613756613746,0
3841,4,0,0,35,0.0,0.0,1.0,35,600,300,300,0.5,9,3,6,357.8809726157133,0.6789915966386554,0.021756461360421975,0.21492203274381497,132278.91375171475,2468.021262002749,134746.9350137175,3706,26,965.0,35,0,18,33.62023702370238,0.6452380952380952,42.824074074074076,1028.7037037037042,29.391534391534403,0
3842,4,0,0,35,0.0,0.0,1.0,35,750,600,150,0.8,9,6,3,359.18460125568214,0.6799719887955181,0.03440071379002707,0.21656276586168954,132428.63520408166,2513.318889798722,134941.95409388037,3707,27,966.0,34,1,18,33.43598195697433,0.6488970588235294,42.67857142857143,1029.2857142857144,30.273109243697483,0
3843,4,0,0,35,0.0,0.0,1.0,35,1050,800,250,0.7619047619047619,13,8,5,359.31705035250127,0.6809523809523809,0.040132122213047294,0.21734912486357552,132551.19756235802,2525.5810657596094,135076.77862811764,3708,28,967.0,34,1,18,33.309248554913296,0.6501225490196079,42.559523809523796,1029.7619047619028,30.287114845938316,0
3844,4,0,0,35,0.0,0.0,1.0,35,950,600,350,0.631578947368421,13,6,7,355.36961123978017,0.6810224089635853,0.03592063125226996,0.21566399829376243,132673.81660997708,2429.648526077067,135103.46513605415,3709,29,968.0,34,1,15,33.28759340574686,0.6513480392156864,42.440476190476176,1030.2380952380931,30.30112044817921,0
3845,4,0,0,35,0.0,0.0,1.0,35,650,400,250,0.6153846153846154,9,4,5,354.3598384840813,0.6799719887955181,0.03446397623174091,0.21522697558454187,132704.4802295917,2405.027636054406,135109.5078656461,3710,30,969.0,34,1,15,33.28278451761987,0.651654411764706,42.41071428571428,1030.3571428571418,30.304621848739462,0
3846,4,0,0,35,0.0,0.0,1.0,35,750,500,250,0.6666666666666666,10,5,5,352.6397547042315,0.6806722689075629,0.03963761778247199,0.21453284304107717,132765.81809807237,2363.701105442158,135129.51920351453,3711,31,970.0,34,1,15,33.26546917715915,0.6522671568627452,42.35119047619047,1030.5952380952367,30.311624649859905,0
3847,4,0,0,35,0.0,0.0,1.0,35,600,300,300,0.5,9,3,6,361.5002540695626,0.6803221288515405,0.03034951424282939,0.2206450810779759,132888.5363520406,2607.847930838981,135496.3842828796,3712,32,971.0,34,1,16,32.91382827233191,0.6534926470588236,42.23214285714285,1031.0714285714268,30.32563025210079,3
3848,4,0,0,35,0.0,0.0,1.0,35,750,600,150,0.8,9,6,3,361.6227728842225,0.6792717086834733,0.027440180735806008,0.2210824334153857,132949.91673752814,2615.5435090702726,135565.4602465984,3713,33,972.0,34,1,16,32.84899380507137,0.6541053921568629,42.17261904761904,1031.3095238095223,30.332633053221244,0
3849,4,0,0,35,0.0,0.0,1.0,35,900,800,100,0.8888888888888888,10,8,2,359.2876101690938,0.6800420168067226,0.027925225017309208,0.22019706009373138,133042.01388888867,2560.0694444444202,135602.08333333308,3714,34,973.0,34,1,17,32.8167070543888,0.6550245098039217,42.08333333333332,1031.666666666665,30.343137254901908,0
3850,4,0,0,35,0.0,0.0,1.0,35,700,600,100,0.8571428571428571,8,6,2,357.67451698774363,0.6787114845938375,0.029494150601416802,0.21993177746693163,133164.85969387746,2525.9353741496475,135690.7950680271,3715,35,974.0,34,1,18,32.73500576701269,0.65625,41.96428571428571,1032.1428571428564,30.357142857142836,0
3851,4,0,0,35,0.0,0.0,1.0,35,850,500,350,0.5882352941176471,12,5,7,357.817994917448,0.6777310924369747,0.028040924592648953,0.22020154960462665,133195.58000283432,2531.9550736961314,135727.53507653045,3716,36,975.0,34,1,18,32.70047668473456,0.6565563725490197,41.9345238095238,1032.2619047619037,30.36064425770305,0
3852,4,0,0,35,0.0,0.0,1.0,35,850,700,150,0.8235294117647058,10,7,3,360.5743756695931,0.6778711484593837,0.03006998764923874,0.22263222127642102,133318.4966695009,2614.2467403627807,135932.74340986367,3717,37,976.0,34,1,18,32.50600384245917,0.6577818627450982,41.815476190476176,1032.7380952380931,30.374649859943915,0
3853,4,0,0,35,0.0,0.0,1.0,35,650,500,150,0.7692307692307693,8,5,3,360.5743756695931,0.6778711484593837,0.03006998764923874,0.22263222127642102,133318.4966695009,2614.2467403627807,135932.74340986367,3718,38,977.0,34,1,18,32.50600384245917,0.6577818627450982,41.815476190476176,1032.7380952380931,30.374649859943915,0
3854,4,0,0,35,0.0,0.0,1.0,35,1200,800,400,0.6666666666666666,16,8,8,360.75430086113727,0.6792016806722688,0.02831788471986707,0.22311226433158127,133379.97626133775,2623.480017006786,136003.45627834453,3719,39,978.0,34,1,18,32.43968729591639,0.6583946078431373,41.75595238095237,1032.9761904761895,30.381652661064397,0
3855,4,0,0,35,0.0,0.0,1.0,35,900,600,300,0.6666666666666666,12,6,6,361.2773152965662,0.6798319327731092,0.02880184331797242,0.22399193548387097,133472.22222222216,2644.12910997732,136116.35133219947,3720,40,979.0,33,2,18,32.33366935483871,0.6616161616161617,41.666666666666664,1033.333333333333,31.313131313131304,0
3856,4,0,0,35,0.0,0.0,1.0,35,1050,800,250,0.7619047619047619,13,8,5,359.824149971638,0.6794817927170868,0.02441238230711895,0.22385520126554126,133598.8862456748,2614.421136101504,136213.3073817763,3721,41,980.0,33,2,19,32.244250829777144,0.6628787878787878,41.544117647058826,1033.8235294117653,31.327985739750464,0
3857,4,0,0,35,0.0,0.0,1.0,35,850,600,250,0.7058823529411765,11,6,5,362.85312827025564,0.6778011204481792,0.026245492864761077,0.22632058754417503,133693.9236862024,2702.2516880526746,136396.17537425508,3722,42,981.0,33,2,20,32.07071829205673,0.6638257575757576,41.45220588235294,1034.191176470588,31.33912655971479,0
3858,4,0,0,35,0.0,0.0,1.0,35,800,400,400,0.5,12,4,8,362.65762191837,0.6789915966386554,0.02416775263594384,0.2265871936797158,133757.3007527153,2701.6209210399843,136458.92167375528,3723,43,982.0,33,2,16,32.01227638905343,0.6644570707070707,41.39093137254902,1034.4362745098038,31.346553773024358,0
3859,4,0,0,35,0.0,0.0,1.0,35,800,500,300,0.625,11,5,6,364.0446573267538,0.6782212885154061,0.02784386050997445,0.22784499939286776,133820.6928374906,2743.3416534506227,136564.03449094124,3724,44,983.0,33,2,16,31.912901219945528,0.6650883838383838,41.32965686274511,1034.6813725490213,31.353980986333976,0
3860,4,0,0,35,0.0,0.0,1.0,35,800,600,200,0.75,10,6,4,365.5629173236847,0.6806022408963585,0.03473495483914624,0.22938665673966127,133915.8091238946,2790.9307718185246,136706.73989571314,3725,45,984.0,33,2,16,31.77835661851765,0.6660353535353536,41.23774509803921,1035.0490196078429,31.36512180629827,0
3861,4,0,0,35,0.0,0.0,1.0,35,650,500,150,0.7692307692307693,8,5,3,363.6092369002525,0.6809523809523809,0.0347267316017319,0.22855437748015872,133979.2387543253,2743.217752787396,136722.4565071127,3726,46,985.0,33,2,16,31.76540798611112,0.6666666666666665,41.1764705882353,1035.2941176470592,31.372549019607856,0
3862,4,0,0,35,0.0,0.0,1.0,35,750,500,250,0.6666666666666666,10,5,5,361.3687409168976,0.6775910364145658,0.03730706075533674,0.2278194236215227,134088.01020408186,2691.043083900251,136779.05328798213,3727,47,986.0,34,1,17,31.714559386973185,0.6654411764705881,41.071428571428584,1035.7142857142874,30.462184873949628,0
3863,4,0,0,35,0.0,0.0,1.0,35,500,400,100,0.8,6,4,2,360.90117530253065,0.6782212885154061,0.03976554419032308,0.2277158177162671,134118.83680555574,2680.72916666669,136799.56597222242,3728,48,987.0,34,1,17,31.695829981228215,0.6657475490196078,41.04166666666668,1035.8333333333348,30.46568627450985,0
3864,4,0,0,35,0.0,0.0,1.0,35,1050,700,350,0.6666666666666666,14,7,7,362.02981810256233,0.6771708683473389,0.04024422268907535,0.22900490819510944,134211.33786848094,2717.7012471655553,136929.0391156465,3729,49,988.0,34,1,18,31.5740847120098,0.6666666666666665,40.95238095238096,1036.190476190478,30.476190476190528,0
3865,4,0,0,35,0.0,0.0,1.0,35,850,800,50,0.9411764705882353,9,8,1,363.18379669358234,0.6777310924369747,0.032384014699126995,0.23051053218715142,134334.7222222224,2757.6388888889082,137092.3611111113,3730,50,989.0,34,1,19,31.420819935691316,0.667892156862745,40.83333333333334,1036.666666666668,30.490196078431413,0
3866,4,0,0,35,0.0,0.0,1.0,35,750,500,250,0.6666666666666666,10,5,5,364.8293183104101,0.6771008403361344,0.036927718745900506,0.23233867113452453,134458.16326530627,2810.8560090703113,137269.0192743766,3731,51,990.0,34,1,19,31.254782675237223,0.6691176470588235,40.71428571428572,1037.1428571428582,30.504201680672303,0
3867,4,0,0,35,0.0,0.0,1.0,35,1100,700,400,0.6363636363636364,15,7,8,364.248321728875,0.6773109243697478,0.03731698119394666,0.23216500564913597,134489.03238378686,2797.4808673469406,137286.51325113382,3732,52,991.0,34,1,19,31.2390011094533,0.6694240196078431,40.68452380952381,1037.2619047619048,30.507703081232496,0
3868,4,0,0,35,0.0,0.0,1.0,35,700,400,300,0.5714285714285714,10,4,6,363.05866034418773,0.6774509803921568,0.039013195639701514,0.23179899083513544,134550.78125000015,2769.965277777792,137320.74652777793,3733,53,992.0,34,1,19,31.20816599732262,0.6700367647058822,40.62500000000001,1037.5000000000011,30.514705882352974,0
3869,4,0,0,35,0.0,0.0,1.0,35,850,700,150,0.8235294117647058,10,7,3,363.7998014595015,0.6772408963585433,0.03870474336467744,0.2326903165911007,134616.28795849922,2794.6757665034283,137410.96372500266,3734,54,993.0,32,3,19,31.123514620594552,0.6754557291666666,40.56186868686869,1037.752525252526,32.42976641414144,0
3870,4,0,0,35,0.0,0.0,1.0,35,1050,900,150,0.8571428571428571,12,9,3,366.6066461104495,0.6761904761904761,0.04087986934009802,0.23512011266147573,134714.5779129683,2877.4519181716423,137592.02983113992,3735,55,994.0,32,3,19,30.952525743939034,0.6764322916666665,40.46717171717173,1038.1313131313148,32.441603535353586,0
3871,4,0,0,35,0.0,0.0,1.0,35,950,800,150,0.8421052631578947,11,8,3,362.68570890114165,0.6769607843137254,0.0035281510180531495,0.2220969376415822,133011.31129535128,2648.260345804965,135659.57164115625,3736,56,995.0,34,1,20,32.75990575110599,0.654718137254902,42.11309523809523,1031.5476190476174,30.33963585434169,6
3872,4,0,0,35,0.0,0.0,1.0,35,750,600,150,0.8,9,6,3,363.05696845352577,0.676470588235294,0.002010911668232529,0.22269035708327717,133072.72002551012,2662.595663265296,135735.31568877542,3737,57,996.0,34,1,20,32.688646590515745,0.6553308823529412,42.05357142857142,1031.7857142857138,30.34663865546217,0
3873,4,0,0,35,0.0,0.0,1.0,35,750,600,150,0.8,9,6,3,362.5127759868468,0.6782212885154061,0.004447812335266255,0.2232749143009895,133226.30385487515,2659.247448979579,135885.55130385474,3738,58,997.0,34,1,20,32.54847978167283,0.6568627450980392,41.9047619047619,1032.3809523809514,30.364145658263276,0
3874,4,1,0,36,0.027777777777777776,0.0,1.0,36,600,400,200,0.6666666666666666,8,4,4,354.2012907795759,0.693154761904762,0.003097477235408874,0.22031517613114007,133591.8477794924,2263.680984224962,135855.52876371736,3739,0,970.2777777777778,35,1,22,32.396626362143614,0.6583333333333334,41.550925925925924,1033.7962962962958,29.537037037037024,0
3875,4,0,0,36,0.0,0.0,1.0,36,650,400,250,0.6153846153846154,9,4,5,353.43175185830387,0.6914682539682541,-0.0010166013803392104,0.22037073990606737,133681.60211173273,2249.4645651148912,135931.06667684764,3740,1,971.2777777777778,35,1,22,32.32664148479762,0.6592261904761905,41.464120370370374,1034.143518518519,29.546957671957685,0
3876,4,0,0,36,0.0,0.0,1.0,36,850,700,150,0.8235294117647058,10,7,3,356.1701170307943,0.690873015873016,-0.0012771749263524868,0.22279948748343398,133801.32144043644,2331.20646326304,136132.5279036995,3741,2,972.2777777777778,35,1,17,32.135981839877694,0.6604166666666667,41.34837962962963,1034.606481481482,29.5601851851852,0
3877,4,0,0,36,0.0,0.0,1.0,36,450,400,50,0.8888888888888888,5,4,1,350.853698001256,0.690873015873016,0.021146811479427763,0.20282510376933302,130824.41332572432,1980.0458408350282,132804.45916655936,3742,3,973.2777777777778,35,1,14,35.26853056529773,0.630654761904762,44.24189814814814,1023.0324074074064,29.229497354497326,6
3878,4,0,0,36,0.0,0.0,1.0,36,1200,900,300,0.75,15,9,6,355.6341491270524,0.6898148148148149,0.015671529269855933,0.20622116594954232,130942.8466461975,2113.549570258896,133056.3962164564,3743,4,974.2777777777778,35,1,14,35.02640977797881,0.6318452380952382,44.1261574074074,1023.4953703703687,29.24272486772482,0
3879,4,1,0,37,0.02702702702702703,0.0,1.0,37,700,500,200,0.7142857142857143,9,5,4,347.7748776047009,0.6996371371371372,0.01960632868524681,0.2030844567681366,131212.72243527308,1726.4976970213365,132939.22013229443,3744,0,948.918918918919,36,1,15,34.95479775774893,0.6325231481481481,43.86261261261261,1024.5495495495493,28.459709709709703,0
3880,4,1,1,37,0.02631578947368421,0.02631578947368421,0.9736842105263158,38,650,500,150,0.7692307692307693,8,5,3,338.4190495397841,0.7152382645803699,0.023598413457480483,0.19923915723377472,131524.88175448205,1302.105094836858,132826.9868493189,3745,0,924.921052631579,37,1,16,34.87963210404416,0.6337274774774776,43.55811403508771,1025.7675438596484,27.72344713134185,0
3881,4,1,1,37,0.02631578947368421,0.02631578947368421,0.9736842105263158,38,1100,900,200,0.8181818181818182,13,9,4,337.8193587782017,0.7141714082503556,0.017479174049261692,0.19917931569550296,131581.1250216412,1290.130256425043,132871.25527806624,3746,0,925.7368421052631,37,1,15,34.83833404581238,0.6342905405405406,43.503289473684205,1025.9868421052627,27.729374110953046,0
3882,4,0,0,37,0.0,0.0,1.0,37,750,500,250,0.6666666666666666,10,5,5,346.11100372415416,0.7053928928928929,0.024777248146455655,0.20333463225239645,131443.57829112888,1698.8137630874057,133142.3920542163,3747,2,951.7567567567568,36,1,16,34.76439527051762,0.634837962962963,43.637387387387385,1025.4504504504498,28.484734734734715,0
3883,4,0,0,37,0.0,0.0,1.0,37,950,700,250,0.7368421052631579,12,7,5,346.05100967441473,0.7042667667667668,0.03350639333076222,0.2039149222596324,131559.08230865994,1705.2306529502366,133264.31296161018,3748,3,952.7567567567568,36,1,15,34.649423710208566,0.6359953703703705,43.52477477477477,1025.9009009009003,28.49724724724723,0
3884,4,0,0,37,0.0,0.0,1.0,37,650,500,150,0.7692307692307693,8,5,3,348.48156737406,0.7052677677677678,0.034108499546287696,0.205970233790349,131674.63705259308,1777.2367806996167,133451.8738332927,3749,4,953.7567567567568,36,1,15,34.47054897227709,0.6371527777777779,43.41216216216216,1026.351351351351,28.50975975975975,0
3885,4,0,0,37,0.0,0.0,1.0,37,1100,1000,100,0.9090909090909091,12,10,2,345.59047014466,0.7065815815815816,0.023607159791370513,0.20519434164839181,131848.0642804967,1713.0869044720375,133561.15118496874,3750,5,954.7567567567568,36,1,16,34.36997441520469,0.6388888888888888,43.24324324324324,1027.0270270270269,28.528528528528525,0
3886,4,0,1,36,0.0,0.02702702702702703,0.972972972972973,37,850,400,450,0.47058823529411764,13,4,9,346.28411424034465,0.7075825825825826,0.02682849497891704,0.20576269745838344,131876.9799148812,1733.3806357032774,133610.36055058448,3751,6,955.7567567567568,36,1,16,34.323036582246104,0.6391782407407407,43.215090090090094,1027.1396396396403,28.531656656656676,0
3887,4,0,0,36,0.0,0.0,1.0,36,1200,900,300,0.75,15,9,6,360.17983733386217,0.6987433862433863,0.02072300469483568,0.21410556305010242,131892.2422223295,2300.985269847407,134193.22749217693,3752,7,983.1111111111111,35,1,16,33.95082159624414,0.6413690476190474,43.20023148148149,1027.199074074075,29.348544973545,0
3888,4,0,0,36,0.0,0.0,1.0,36,1050,700,350,0.6666666666666666,14,7,7,354.4112933864658,0.6976521164021164,0.019684005103955737,0.21183587536060514,132100.37964034645,2163.573281035676,134263.95292138212,3753,8,984.1111111111111,35,1,16,33.889232905501764,0.6434523809523809,42.99768518518519,1028.00925925926,29.371693121693145,0
3889,4,1,0,37,0.02702702702702703,0.0,1.0,37,1200,900,300,0.75,15,9,6,359.1410043837232,0.7093968968968969,0.030116594755169146,0.20831095014956322,130953.252133045,2006.1364996753287,132959.38863272034,3754,0,958.4864864864865,36,1,17,34.92614699086808,0.6299189814814816,44.11599099099098,1023.5360360360344,28.43155655655651,3
3890,4,0,0,37,0.0,0.0,1.0,37,1050,700,350,0.6666666666666666,14,7,7,358.4110821791576,0.7097097097097097,0.03826946171864809,0.2083550869036379,131039.71370018648,1993.21711914615,133032.93081933263,3755,1,959.4864864864865,36,1,18,34.85733795277899,0.6307870370370372,44.03153153153152,1023.8738738738723,28.440940940940898,0
3891,4,0,0,37,0.0,0.0,1.0,37,500,300,200,0.6,7,3,4,372.34485630987064,0.7097722722722722,0.05670159955874232,0.21214997626957763,130262.58680555565,2300.520833333342,132563.107638889,3756,2,960.4864864864865,36,1,18,35.2891156462585,0.622974537037037,44.79166666666667,1020.8333333333342,28.356481481481506,2
3892,4,2,1,38,0.05128205128205128,0.02564102564102564,0.9743589743589743,39,850,600,250,0.7058823529411765,11,6,5,358.539521435422,0.7291385515069726,0.07661667829846608,0.200276897078699,129487.77113261937,1489.6369765035588,130977.40810912293,3757,0,912.1794871794872,36,3,15,36.428828280593045,0.615162037037037,45.551801801801815,1017.7927927927949,28.27202202202208,2
3893,4,0,0,38,0.0,0.0,1.0,38,1000,800,200,0.8,12,8,4,365.0465556022622,0.7185277382645804,0.07686318664207192,0.20303981839447366,129319.08543381358,1841.4973422496773,131160.58277606327,3758,1,937.1842105263158,35,3,18,36.435100895160076,0.6154761904761903,45.7175925925926,1017.1296296296308,29.060846560846596,0
3894,4,1,1,38,0.02564102564102564,0.02564102564102564,0.9743589743589743,39,1000,600,400,0.6,14,6,8,355.8759912459161,0.7313877642825012,0.07024977382238773,0.19922444810243553,129573.74762854092,1422.437175351055,130996.18480389197,3759,0,914.1282051282051,36,3,15,36.409136157504705,0.6160300925925926,45.467342342342356,1018.1306306306325,28.281406406406457,0
3895,4,0,0,38,0.0,0.0,1.0,38,1250,800,450,0.64,17,8,9,360.7214985618619,0.7167792792792793,0.07788839496718403,0.20199026243467222,129584.09857521013,1748.7540455675698,131332.8526207777,3760,3,939.1842105263158,35,3,15,36.275269031109104,0.6181547619047618,45.45717592592593,1018.1712962962969,29.090608465608483,0
3896,4,0,0,38,0.0,0.0,1.0,38,1200,700,500,0.5833333333333334,17,7,10,360.7214985618619,0.7167792792792793,0.07788839496718403,0.20199026243467222,129584.09857521013,1748.7540455675698,131332.8526207777,3761,4,940.1842105263158,35,3,15,36.275269031109104,0.6181547619047618,45.45717592592593,1018.1712962962969,29.090608465608483,0
3897,4,2,1,39,0.05,0.025,0.975,40,1100,1000,100,0.9090909090909091,12,10,2,344.1927560281015,0.7388087606837607,0.0743605588393339,0.19540656466390993,130122.707527797,957.4586651662058,131080.1661929632,3762,0,894.125,37,3,16,36.14935966326349,0.6196509009009008,44.92872807017544,1020.2850877192982,27.575272641062114,0
3898,4,1,1,39,0.025,0.025,0.975,40,700,400,300,0.5714285714285714,10,4,6,344.4853870138379,0.7373130341880342,0.07620876759428397,0.19585372614158758,130178.65022170273,968.9285405124558,131147.57876221518,3763,0,895.1,37,3,16,36.08518230006088,0.620213963963964,44.873903508771924,1020.5043859649114,27.58119962067328,0
3899,4,0,0,39,0.0,0.0,1.0,39,1250,800,450,0.64,17,8,9,350.2854765693632,0.7294759334233019,0.08166176945156889,0.1985535573695426,130061.4867401185,1311.7299732164622,131373.21671333496,3764,2,919.0512820512821,36,3,16,36.05606462059321,0.6209490740740742,44.98873873873874,1020.0450450450451,28.334584584584587,0
3900,4,2,0,41,0.04878048780487805,0.0,1.0,41,850,500,350,0.5882352941176471,12,5,7,335.9405290864847,0.7519817073170731,0.10666367660437714,0.19357536447241078,130699.20562358458,581.4320576740449,131280.63768125864,3765,0,875.170731707317,38,3,15,35.776477553721314,0.6236293859649124,44.36431623931624,1022.5427350427346,26.909019343229858,0
3901,4,0,0,41,0.0,0.0,1.0,41,500,300,200,0.6,7,3,4,335.9405290864847,0.7519817073170731,0.10666367660437714,0.19357536447241078,130699.20562358458,581.4320576740449,131280.63768125864,3766,1,876.170731707317,38,3,15,35.776477553721314,0.6236293859649124,44.36431623931624,1022.5427350427346,26.909019343229858,0
3902,4,1,0,42,0.023809523809523808,0.0,1.0,42,1300,1200,100,0.9230769230769231,14,12,2,328.83773679342625,0.7616144018583043,0.10265798752373168,0.19153629313702422,131114.670138889,223.09027777778383,131337.76041666677,3767,0,856.2857142857143,39,3,17,35.53871711418497,0.6260683760683761,43.958333333333336,1024.1666666666674,26.26068376068378,0
3903,4,2,2,42,0.045454545454545456,0.045454545454545456,0.9545454545454546,44,950,600,350,0.631578947368421,13,6,7,319.52958413807477,0.7766913319238901,0.1170490563319404,0.1884328669075937,131588.6707647565,-390.53173953994747,131198.13902521654,3768,0,818.3181818181819,40,4,15,35.299871236133136,0.6291666666666667,43.4959349593496,1026.0162601626023,25.650406504065057,0
3904,4,1,0,43,0.023255813953488372,0.0,1.0,43,900,700,200,0.7777777777777778,11,7,4,328.86300672426034,0.7672572905131044,0.11523325456275257,0.19410602032598478,131621.90890842007,57.11534288194014,131679.024251302,3769,0,838.1860465116279,39,4,16,35.027006564477375,0.6311431623931625,43.463541666666664,1026.1458333333328,26.31143162393161,0
3905,4,0,0,43,0.0,0.0,1.0,43,800,600,200,0.75,10,6,4,329.3512520468831,0.7674880029531193,0.11405591401909754,0.1948035556824718,131702.08875868036,75.24956597220324,131777.33832465255,3770,1,839.1860465116279,39,4,16,34.93378323523442,0.6319444444444446,43.38541666666666,1026.4583333333317,26.3194444444444,0
3906,4,0,1,42,0.0,0.023255813953488372,0.9767441860465116,43,1000,800,200,0.8,12,8,4,330.5435116736406,0.7674880029531193,0.11744197840716897,0.19619677794042287,131835.7760959202,115.49207899306037,131951.26817491328,3771,2,840.1860465116279,39,4,16,34.7686758291916,0.6332799145299146,43.255208333333336,1026.9791666666672,26.33279914529916,0
3907,4,0,0,42,0.0,0.0,1.0,42,800,500,300,0.625,11,5,6,341.2962929208283,0.7591221447928765,0.11188171803220182,0.2020650695425903,131739.10307774495,592.413502629856,132331.5165803748,3772,3,861.0952380952381,38,4,16,34.58996773857842,0.634046052631579,43.34935897435898,1026.6025641025647,27.01585695006749,0
3908,4,0,0,42,0.0,0.0,1.0,42,750,300,450,0.4,12,3,9,341.6624300522884,0.7586382113821138,0.1132853724155356,0.202573572808917,131793.94866544308,605.8081534443692,132399.75681888746,3773,4,862.0952380952381,38,4,16,34.52532688239169,0.6345942982456141,43.29594017094017,1026.8162393162395,27.0214799820063,0
3909,4,0,0,42,0.0,0.0,1.0,42,1000,700,300,0.7,13,7,6,343.9351052981276,0.7579607046070461,0.11802243518312117,0.20451057745463808,131903.67408366204,673.2608070348406,132576.9348906969,3774,5,863.0952380952381,38,4,16,34.35647425897035,0.6356907894736842,43.18910256410256,1027.2435897435896,27.032726045883937,0
3910,4,0,0,42,0.0,0.0,1.0,42,1000,800,200,0.8,12,8,4,340.3669585528381,0.757767131242741,0.11404212339957831,0.20282833998520428,131985.99810979614,584.7345496383919,132570.73265943452,3775,6,864.0952380952381,38,4,16,34.36525265127885,0.6365131578947368,43.10897435897436,1027.5641025641023,27.041160593792167,0
3911,4,0,0,42,0.0,0.0,1.0,42,1100,800,300,0.7272727272727273,14,8,6,342.1410537980183,0.7579849012775842,0.11397544573269447,0.20462544193277363,132123.26189139072,640.9584109503862,132764.2203023411,3776,7,865.0952380952381,38,4,16,34.181561536596355,0.6378837719298246,42.975427350427346,1028.0982905982894,27.055218173639194,0
3912,4,2,1,43,0.045454545454545456,0.022727272727272728,0.9772727272727273,44,1200,800,400,0.6666666666666666,16,8,8,330.03669129583244,0.7693137773079634,0.1307707899276911,0.2002859543213164,132673.0304099096,-42.03569015265998,132630.99471975694,3777,0,826.7272727272727,38,6,17,33.94085519720694,0.6433662280701753,42.441239316239326,1030.2350427350443,27.11144849302748,0
3913,4,0,0,43,0.0,0.0,1.0,43,900,600,300,0.6666666666666666,12,6,6,337.1329479506554,0.7623661867847914,0.13341258637343012,0.2037116075454734,132510.87474030483,334.7563673438089,132845.63110764863,3778,1,846.953488372093,37,6,17,33.92083777067803,0.6435810810810809,42.59868421052632,1029.6052631578957,27.82716927453772,0
3914,4,0,0,43,0.0,0.0,1.0,43,1050,900,150,0.8571428571428571,12,9,3,338.08108765461805,0.7624584717607973,0.12948286576594636,0.20474504554093034,132595.55975155832,365.610211795955,132961.16996335427,3779,2,847.953488372093,37,6,18,33.811415415735134,0.6444256756756757,42.51644736842106,1029.934210526317,27.836059743954515,0
3915,4,0,0,43,0.0,0.0,1.0,43,1400,1000,400,0.7142857142857143,18,10,8,341.07292262539306,0.7625968992248062,0.13728775388483672,0.2071792019334728,132708.51518015185,452.6562259541664,133161.171406106,3780,3,848.953488372093,37,6,17,33.620991628533915,0.6455518018018016,42.40679824561405,1030.372807017546,27.847913703176918,0
3916,4,0,0,43,0.0,0.0,1.0,43,1100,900,200,0.8181818181818182,13,9,4,342.2844580115993,0.7619970468807677,0.1341816679571446,0.20854285092463046,132821.5187004656,492.5483081332791,133314.06700859888,3781,4,849.953488372093,37,6,17,33.47638105875261,0.6466779279279278,42.29714912280702,1030.8114035087724,27.859767662399253,0
3917,4,0,0,43,0.0,0.0,1.0,43,1050,600,450,0.5714285714285714,15,6,9,341.5299302644148,0.7623200442967885,0.13319351320335615,0.20839752980378295,132878.03849501783,476.3654441751421,133354.40393919297,3782,5,850.953488372093,37,6,17,33.43912846963734,0.6472409909909909,42.242324561403514,1031.0307017543869,27.865694642010457,0
3918,4,0,0,43,0.0,0.0,1.0,43,900,600,300,0.6666666666666666,12,6,6,347.9632092479819,0.7628276116648209,0.14783734321296227,0.20837796783700974,132172.40521121878,598.2268582640692,132770.63206948285,3783,6,851.953488372093,37,6,17,33.98245894647045,0.6402027027027027,42.92763157894736,1028.28947368421,27.79160739687054,1
3919,4,1,0,44,0.022727272727272728,0.0,1.0,44,950,700,250,0.7368421052631579,12,7,5,343.4360667906355,0.7740045806906273,0.15349176040019463,0.20721776148734022,132455.9583865963,298.41540801959513,132754.37379461588,3784,0,833.5681818181819,36,8,18,33.81376946358897,0.6449652777777777,42.65202702702704,1029.3918918918937,28.59421921921927,0
3920,4,1,1,44,0.022222222222222223,0.022222222222222223,0.9777777777777777,45,950,600,350,0.631578947368421,13,6,7,334.8589070691323,0.7818602693602694,0.15369917113026577,0.20340459920676376,132708.5151801516,-112.2743296014186,132596.24085055018,3785,0,816.0222222222222,37,8,16,33.78106044482282,0.6455518018018018,42.406798245614034,1030.372807017544,27.84791370317686,0
3921,4,0,0,44,0.0,0.0,1.0,44,800,500,300,0.625,11,5,6,340.468504361868,0.7747753699788584,0.15057656941199848,0.20606118281861588,132571.90626014542,227.31172895870674,132799.21798910413,3786,2,835.5681818181819,36,8,19,33.77369236376891,0.6461226851851851,42.53941441441442,1029.8423423423435,28.606731731731763,0
3922,4,0,0,44,0.0,0.0,1.0,44,1250,900,350,0.72,16,9,7,342.3764693153453,0.7740266032417196,0.15632831777057454,0.20765829110507872,132652.0314543899,283.3868353724302,132935.4182897623,3787,3,836.5681818181819,37,7,16,33.64411477736386,0.6449887387387387,42.46162280701755,1030.1535087719303,27.841986723565686,0
3923,4,0,0,44,0.0,0.0,1.0,44,1300,1000,300,0.7692307692307693,16,10,6,346.9272508532003,0.7732117688513037,0.16684318447803936,0.2110530246452578,132765.01092884364,411.9600502077739,133176.9709790514,3788,4,837.5681818181819,37,7,16,33.41346153846155,0.6461148648648647,42.351973684210535,1030.592105263159,27.853840682788082,0
3924,4,0,0,44,0.0,0.0,1.0,44,750,500,250,0.6666666666666666,10,5,5,349.369199104207,0.7731016560958421,0.16945027215685515,0.21318095906404022,132878.0384950178,484.6987775084756,133362.73727252628,3789,5,838.5681818181819,37,7,16,33.23706529830906,0.6472409909909909,42.242324561403514,1031.0307017543867,27.86569464201045,0
3925,4,0,0,44,0.0,0.0,1.0,44,1200,900,300,0.75,15,9,6,348.330644673807,0.7721106412966878,0.16956778072023648,0.2130297817816534,132962.84072983998,463.0064058171765,133425.84713565715,3790,6,839.5681818181819,37,7,16,33.17873343256077,0.6480855855855856,42.16008771929825,1031.3596491228072,27.874585111427223,0
3926,4,0,0,44,0.0,0.0,1.0,44,850,600,250,0.7058823529411765,11,6,5,346.2809478690115,0.7712297392529951,0.1573036421601779,0.21241875615693592,133075.95245652503,416.3333910433937,133492.28584756842,3791,7,840.5681818181819,37,7,16,33.118136733970964,0.6492117117117117,42.050438596491226,1031.7982456140346,27.886439070649583,0
3927,4,1,1,44,0.022222222222222223,0.022222222222222223,0.9777777777777777,45,500,200,300,0.4,8,2,6,338.7994451475703,0.774452861952862,0.15324021382997044,0.2089659628175665,133279.0941289539,30.976628132073188,133310.07075708598,3792,0,822.8666666666667,38,7,16,33.10764787032245,0.6493969298245614,41.85363247863248,1032.58547008547,27.173301844354473,0
3928,4,0,0,44,0.0,0.0,1.0,44,1100,900,200,0.8181818181818182,13,9,4,346.79987339407944,0.7711856941508105,0.15686099245403717,0.21342550170277677,133196.36774965297,438.49669442617795,133634.86444407914,3793,9,842.5681818181819,38,6,16,32.984026771544876,0.6485745614035088,41.93376068376068,1032.264957264957,27.16486729644624,0
3929,4,0,0,44,0.0,0.0,1.0,44,1050,800,250,0.7619047619047619,13,8,5,350.1973108980116,0.7696220930232558,0.1669214127827685,0.21599598020608052,133279.09412895388,534.7960725765173,133813.8902015304,3794,10,843.5681818181819,38,6,16,32.81341610622521,0.6493969298245614,41.85363247863248,1032.5854700854698,27.173301844354466,0
3930,4,0,0,44,0.0,0.0,1.0,44,800,500,300,0.625,11,5,6,348.95711815133774,0.7688953488372093,0.16615733253093623,0.2157108323713,133361.8461903718,507.5131035868191,133869.35929395864,3795,11,844.5681818181819,38,6,17,32.76250689560061,0.6502192982456141,41.77350427350427,1032.9059829059827,27.181736392262703,0
3931,4,0,0,44,0.0,0.0,1.0,44,1250,900,350,0.72,16,9,7,347.29448491155006,0.7677281536293165,0.15982404692082053,0.21532258064516122,133472.22222222234,470.8333333333433,133943.05555555568,3796,12,845.5681818181819,39,5,17,32.69489247311827,0.6495726495726495,41.66666666666667,1033.3333333333344,26.495726495726522,0
3932,4,0,0,44,0.0,0.0,1.0,44,1300,800,500,0.6153846153846154,18,8,10,347.29305290194344,0.765834214235377,0.15260291140460835,0.2163126478774982,133642.23246575848,482.60378193288005,134124.83624769136,3797,13,846.5681818181819,37,7,18,32.524743725698144,0.6548423423423424,41.50219298245613,1033.9912280701737,27.945708866761453,0
3933,4,0,0,44,0.0,0.0,1.0,44,1300,1000,300,0.7692307692307693,16,10,6,346.5099814113189,0.7656139887244539,0.14845353374765136,0.21665484921244468,133783.99032635032,471.4976002231337,134255.48792657346,3798,14,847.5681818181819,37,7,15,32.40317523405759,0.65625,41.36513157894736,1034.5394736842097,27.96052631578945,0
3934,4,0,0,44,0.0,0.0,1.0,44,1400,1100,300,0.7857142857142857,17,11,6,343.9055626685296,0.7673317477096547,0.14779946863809634,0.21652294225610597,134039.34383656492,419.37519236685915,134458.71902893178,3799,15,848.5681818181819,37,7,16,32.21533954539036,0.6587837837837839,41.11842105263157,1035.5263157894722,27.98719772403979,0
3935,4,0,0,44,0.0,0.0,1.0,44,800,700,100,0.875,9,7,2,341.9567475002454,0.7666050035236082,0.14502700270027047,0.21586019685952965,134135.4372123601,373.7035667323907,134509.14077909247,3800,16,849.5681818181819,38,6,17,32.169838077557756,0.6578947368421053,41.025641025641015,1035.8974358974342,27.260458839406162,0
3936,4,0,0,44,0.0,0.0,1.0,44,1250,900,350,0.72,16,9,7,340.72240635503215,0.7655699436222693,0.1428398468553258,0.21577639852490213,134253.74484592007,348.65180121526777,134602.39664713535,3801,17,850.5681818181819,39,5,17,32.08373119576507,0.6573183760683762,40.91145833333333,1036.354166666666,26.573183760683744,0
3937,4,0,0,44,0.0,0.0,1.0,44,900,600,300,0.6666666666666666,12,6,6,339.7271533586295,0.7658121916842847,0.14421952645425318,0.2156227442745586,134334.72222222216,327.4305555555458,134662.1527777777,3802,18,851.5681818181819,39,5,18,32.02873794212219,0.6581196581196582,40.83333333333333,1036.666666666666,26.581196581196565,0
3938,4,0,0,44,0.0,0.0,1.0,44,1000,600,400,0.6,14,6,8,341.313757558277,0.7641384778012685,0.15350040982146052,0.21713002382323301,134419.017284685,375.811975345359,134794.82926003035,3803,19,852.5681818181819,40,4,19,31.90354272834183,0.6572916666666667,40.7520325203252,1036.9918699186987,25.92479674796747,0
3939,4,0,0,44,0.0,0.0,1.0,44,650,400,250,0.6153846153846154,9,4,5,341.0981301736738,0.7644247709654687,0.15553204757026373,0.21714949584668378,134445.36491382445,371.8125165245552,134817.177430349,3804,20,853.5681818181819,40,4,19,31.882859709292834,0.6575520833333333,40.72662601626016,1037.0934959349595,25.927337398373986,0
3940,4,1,1,44,0.022222222222222223,0.022222222222222223,0.9777777777777777,45,600,400,200,0.6666666666666666,8,4,4,334.5916615683034,0.7703703703703704,0.1533889289268675,0.21394923033659835,134606.20896568408,7.746957213865755,134613.95592289796,3805,0,835.5777777777778,38,7,19,31.891322626033826,0.6625548245614036,40.57158119658119,1037.7136752136748,27.30825461088618,0
3941,4,0,0,44,0.0,0.0,1.0,44,800,600,200,0.75,10,6,4,342.984457761323,0.763411733615222,0.15888607865488713,0.2188240840517241,134524.42329301342,427.95727576177813,134952.3805687752,3806,22,855.5681818181819,40,4,19,31.75511853448275,0.6583333333333334,40.65040650406504,1037.3983739837397,25.93495934959349,0
3942,4,0,0,44,0.0,0.0,1.0,44,950,700,250,0.7368421052631579,12,7,5,343.381558361962,0.7625968992248062,0.16182913472070104,0.21923591803109876,134550.78125,440.45913477427484,134991.24038477428,3807,23,856.5681818181819,37,7,19,31.7185408299866,0.6638513513513513,40.625,1037.5,28.04054054054054,0
3943,4,0,0,44,0.0,0.0,1.0,44,650,500,150,0.7692307692307693,8,5,3,341.3409969076647,0.7625968992248062,0.11095986631286103,0.2087472026178377,132961.42713758693,346.48166232640654,133307.90879991333,3808,24,857.5681818181819,39,5,14,33.360371847961495,0.6444978632478632,42.16145833333334,1031.3541666666679,26.444978632478662,7
3944,4,0,0,44,0.0,0.0,1.0,44,1250,900,350,0.72,16,9,7,339.9093331523823,0.7626629668780832,0.10816566309296505,0.20832067051616318,133042.01388888902,244.44444444446208,133286.4583333335,3809,25,858.5681818181819,39,5,14,33.31650511577815,0.6452991452991452,42.08333333333334,1031.6666666666679,26.452991452991483,0
3945,4,1,0,45,0.022222222222222223,0.0,1.0,45,450,200,250,0.4444444444444444,7,2,5,333.654238455695,0.7715909090909091,0.11285617441885876,0.20598993749615893,133314.74837233144,-103.79383138341933,133210.954540948,3810,0,840.4666666666667,40,5,15,33.20479072361084,0.6463541666666666,41.81910569105692,1032.7235772357735,25.81808943089434,0
3946,4,0,0,45,0.0,0.0,1.0,45,550,400,150,0.7272727272727273,7,4,3,336.71139741321014,0.7705808080808081,0.1156359979889392,0.2084657774727586,133419.7206110782,-15.211886112746782,133404.50872496545,3811,1,841.4666666666667,40,5,15,33.02081284018625,0.6473958333333333,41.717479674796756,1033.1300813008143,25.828252032520357,0
3947,4,0,0,45,0.0,0.0,1.0,45,1350,1100,250,0.8148148148148148,16,11,5,336.8605803018285,0.7712121212121212,0.11369562470565264,0.20900913362794027,133499.82336410627,-5.813750580743516,133494.00961352553,3812,2,842.4666666666667,38,7,15,32.9368258727041,0.6515899122807017,41.63995726495727,1033.4401709401714,27.195793972109772,0
3948,4,1,1,45,0.021739130434782608,0.021739130434782608,0.9782608695652174,46,1250,1200,50,0.96,13,12,1,327.8692117584006,0.7757447665056361,0.11304048771526554,0.20458154310639157,133708.60727947994,-432.2128651926621,133276.39441428726,3813,0,825.1304347826087,40,6,14,32.960556483574074,0.6502604166666666,41.43800813008131,1034.247967479676,25.856199186991898,0
3949,4,0,0,45,0.0,0.0,1.0,45,1100,800,300,0.7272727272727273,14,8,6,333.0188427610335,0.7704124579124579,0.11073051693644054,0.2073742178949826,133633.72938368077,-99.49001736108602,133534.23936631967,3814,4,844.4666666666667,39,6,16,32.90222647592183,0.6511752136752136,41.51041666666668,1033.958333333335,26.511752136752182,0
3950,4,0,0,45,0.0,0.0,1.0,45,900,600,300,0.6666666666666666,12,6,6,328.3572211179381,0.7704124579124579,0.09008680719169804,0.19651429629342604,132148.8072099785,-321.59697809625845,131827.21023188223,3815,5,845.4666666666667,42,3,18,34.51017811704834,0.6316964285714286,42.95058139534884,1028.1976744186056,24.4808970099668,6
3951,4,0,0,45,0.0,0.0,1.0,45,1250,900,350,0.72,16,9,7,327.94018100672986,0.7702861952861954,0.08642719584693959,0.19691249782621303,132273.37599903863,-324.44902650080354,131948.92697253783,3816,6,846.4666666666667,42,3,18,34.395801934187396,0.6329365079365079,42.82945736434109,1028.6821705426364,24.492432631967535,0
3952,4,0,0,45,0.0,0.0,1.0,45,650,300,350,0.46153846153846156,10,3,7,327.13868230003465,0.7705387205387206,0.0851935551370584,0.1969508393438983,132373.0732828555,-339.1294468481524,132033.94383600735,3817,7,847.4666666666667,42,3,18,34.31634494664157,0.6339285714285714,42.73255813953488,1029.0697674418598,24.501661129568088,0
3953,4,0,0,45,0.0,0.0,1.0,45,1400,1000,400,0.7142857142857143,18,10,8,326.73710070268135,0.7703282828282829,0.08389664710247602,0.197119415698651,132451.61132812526,-344.6218641551432,132106.98946397012,3818,8,848.4666666666667,39,6,18,34.24787492410442,0.6394230769230769,42.656250000000014,1029.375000000002,26.394230769230823,0
3954,4,0,0,45,0.0,0.0,1.0,45,1450,1100,350,0.7586206896551724,18,11,7,329.383537981379,0.7703282828282829,0.08165081934048146,0.1992830879121125,132558.85959201408,-267.45876736109,132291.40082465298,3819,9,849.4666666666667,39,6,18,34.07217276957314,0.6404914529914529,42.55208333333334,1029.7916666666683,26.404914529914574,0
3955,4,0,0,45,0.0,0.0,1.0,45,1150,1000,150,0.8695652173913043,13,10,3,329.3456289733036,0.769486531986532,0.07720244516361041,0.1995447046132371,132612.50000000015,-264.9305555555395,132347.5694444446,3820,10,850.4666666666667,39,6,18,34.01935005393742,0.641025641025641,42.50000000000001,1030.0000000000011,26.41025641025644,0
3956,4,0,1,44,0.0,0.022222222222222223,0.9777777777777777,45,750,600,150,0.8,9,6,3,330.5342764492077,0.7679713804713805,0.07646457497837544,0.20069456896004395,132692.9809570314,-228.0843098958169,132464.89664713558,3821,11,851.4666666666667,39,6,15,33.90803508239814,0.641826923076923,42.42187500000001,1030.3125000000011,26.41826923076926,0
3957,4,0,0,44,0.0,0.0,1.0,44,1200,900,300,0.75,15,9,6,331.73296618146003,0.7619802677942213,0.10409077350013995,0.1905333204390031,130574.00238160166,-136.8597767532463,130437.14260484841,3822,12,870.2954545454545,40,4,16,36.01057306685227,0.6190104166666666,44.486788617886184,1022.0528455284561,25.551321138211403,6
3958,4,0,0,44,0.0,0.0,1.0,44,1450,1000,450,0.6896551724137931,19,10,9,335.5416476543636,0.76092318534179,0.10713718815862538,0.19357016483877076,130744.07837498421,-25.983304201313672,130718.09507078289,3823,13,871.2954545454545,41,3,16,35.74132230736896,0.6191565040650406,44.320436507936506,1022.7182539682536,24.944347657762282,0
3959,4,0,0,44,0.0,0.0,1.0,44,1200,600,600,0.5,18,6,12,342.4279750677189,0.7614957716701903,0.039168186572389185,0.19289314481988237,129817.83626472291,101.04726654262724,129918.88353126553,3824,14,872.2954545454545,42,2,13,36.50359735032171,0.6083829365079364,45.227713178294586,1019.0891472868236,24.264027316352944,7
3960,4,0,0,44,0.0,0.0,1.0,44,1000,600,400,0.6,14,6,8,343.0565246824375,0.7614517265680056,0.049951616526412,0.19385825739573637,129941.30179226019,115.44228111292315,130056.7440733731,3825,15,873.2954545454545,42,2,15,36.362304378128364,0.6096230158730158,45.106589147286826,1019.5736434108536,24.27556293835366,0
3961,4,0,0,44,0.0,0.0,1.0,44,1300,900,400,0.6923076923076923,17,9,8,349.67188884927157,0.7612975687103595,0.06180117251918915,0.19847414111557898,130114.25212014036,299.4592610119882,130413.71138115234,3826,16,874.2954545454545,42,2,15,36.01817994744673,0.6113591269841269,44.93701550387598,1020.2519379844989,24.291712809154735,0
3962,4,0,0,44,0.0,0.0,1.0,44,1200,1000,200,0.8333333333333334,14,10,4,354.352353186172,0.7635218463706837,0.06799628942486091,0.20189843379212155,130262.5868055558,431.77083333335844,130694.35763888915,3827,17,875.2954545454545,43,1,16,35.7482993197279,0.6114341085271316,44.79166666666668,1020.8333333333353,23.740310077519425,0
3963,4,1,1,44,0.022222222222222223,0.022222222222222223,0.9777777777777777,45,1000,800,200,0.8,12,8,4,344.5196989391656,0.768476430976431,0.06525459450345594,0.19742476660948743,130485.24728081273,-9.052378162345292,130476.19490265039,3828,0,856.8222222222222,42,3,16,35.7737022635306,0.6150793650793649,44.573643410852725,1021.7054263565914,24.326319675156938,0
3964,4,1,0,45,0.022222222222222223,0.0,1.0,45,600,400,200,0.6666666666666666,8,4,4,345.73621157052065,0.7696548821548822,0.07116419671164165,0.19875592892956015,130609.02970261728,31.254225256918744,130640.2839278742,3829,0,857.8,42,3,13,35.61731759724462,0.6163194444444444,44.45251937984497,1022.1899224806222,24.33785529715767,0
3965,4,0,0,45,0.0,0.0,1.0,45,1150,1000,150,0.8695652173913043,13,10,3,341.7728164769366,0.7713383838383839,0.0750763270376682,0.19710766694522364,130732.87080854528,-63.81170752958826,130669.0591010157,3830,1,858.8,42,3,13,35.593337439201555,0.6175595238095237,44.33139534883721,1022.6744186046521,24.349390919158385,0
3966,4,0,0,45,0.0,0.0,1.0,45,1000,600,400,0.6,14,6,8,343.58971705006684,0.771885521885522,0.0806136944786433,0.19879253820995385,130856.77059859695,-7.79184318850605,130848.97875540845,3831,2,859.8,42,3,14,35.421599267607384,0.6187996031746031,44.21027131782946,1023.158914728683,24.36092654115912,0
3967,4,2,0,47,0.0425531914893617,0.0,1.0,47,950,600,350,0.631578947368421,13,6,7,350.6047029651449,0.7837650323774282,0.15738204223811203,0.18982628795284381,128250.02170138908,-242.01973382757518,128008.0019675615,3832,0,824.1702127659574,39,8,17,37.89249965720555,0.5972222222222222,46.77083333333334,1012.9166666666682,25.97222222222226,7
3968,4,2,2,47,0.04081632653061224,0.04081632653061224,0.9591836734693877,49,950,600,350,0.631578947368421,13,6,7,337.35437599349,0.7995323129251701,0.1670368352679883,0.18459728214475224,128672.41753472218,-1118.3593750000039,127554.05815972218,3833,0,791.4897959183673,41,8,16,37.797313483915126,0.5983231707317074,46.354166666666664,1014.5833333333329,24.745934959349583,0
3969,4,4,4,47,0.0784313725490196,0.0784313725490196,0.9215686274509804,51,1050,600,450,0.5714285714285714,15,6,9,323.88065288278085,0.8029738562091504,0.166812300423679,0.17885970830814032,129036.70374657038,-1841.5016289437792,127195.2021176266,3834,0,761.3725490196078,44,7,16,37.768651842401056,0.5977746212121213,45.99537037037036,1016.0185185185163,23.091329966329916,0
3970,4,0,0,47,0.0,0.0,1.0,47,1150,800,350,0.6956521739130435,15,8,7,343.0181126964744,0.7814523589269194,0.16583798318768106,0.18722232600619632,128571.784110056,-579.5098537100093,127992.27425634599,3835,3,827.1702127659574,41,6,16,37.75626446900779,0.5973069105691058,46.45337301587301,1014.1865079365075,24.736256291134328,0
3971,4,2,2,47,0.04081632653061224,0.04081632653061224,0.9591836734693877,49,1300,800,500,0.6153846153846154,18,8,10,329.8807976790775,0.7990717120181406,0.15693693392040986,0.18195687437592573,128989.67013888899,-1289.7569444444339,127699.91319444455,3836,0,794.3673469387755,44,5,16,37.66406890894176,0.5973011363636365,46.04166666666667,1015.8333333333342,23.087121212121232,0
3972,4,1,0,48,0.020833333333333332,0.0,1.0,48,1450,1100,350,0.7586206896551724,18,11,7,336.93062539030984,0.789598108747045,0.16156026716371552,0.18616197788043384,129057.01636392334,-903.3477530991709,128153.66861082417,3837,0,811.8958333333334,43,5,18,37.41651133892515,0.5993217054263567,45.97537878787879,1016.0984848484849,23.63019732205779,0
3973,4,2,1,49,0.04,0.02,0.98,50,800,500,300,0.625,11,5,6,328.56587420425757,0.8018707482993197,0.1717871429900455,0.1836585845981053,129514.4728983729,-1489.0313827192426,128025.44151565366,3838,0,780.38,43,7,15,37.16440676652092,0.6039244186046512,45.52556818181818,1017.897727272727,23.672040169133187,0
3974,4,0,0,49,0.0,0.0,1.0,49,1450,1000,450,0.6896551724137931,19,10,9,333.53454946064704,0.7945719954648526,0.16798519160209935,0.18670471556649015,129571.08126201856,-1156.713557628747,128414.36770438982,3839,1,797.3061224489796,42,7,15,36.98050506011864,0.6059027777777777,45.46996124031008,1018.1201550387601,24.24095607235143,0
3975,4,0,0,49,0.0,0.0,1.0,49,1000,800,200,0.8,12,8,4,331.5014336250262,0.793827947845805,0.16857364199604308,0.18603371963868925,129669.75509472091,-1202.8580576587938,128466.89703706211,3840,2,798.3061224489796,42,7,15,36.93214251736276,0.6068948412698413,45.373062015503876,1018.5077519379848,24.25018456995202,0
3976,4,2,1,50,0.0392156862745098,0.0196078431372549,0.9803921568627451,51,600,200,400,0.3333333333333333,10,2,8,321.4550979478118,0.8035947712418301,0.1812585094417798,0.18228737729548145,130077.71886814768,-1837.1708280823161,128240.54804006536,3841,0,767.9607843137255,45,6,16,36.77484756999942,0.6069444444444443,44.97282608695653,1020.1086956521758,22.669082125603907,0
3977,4,0,1,49,0.0,0.02,0.98,50,1200,800,400,0.6666666666666666,16,8,8,330.1332254508795,0.7978061224489795,0.18007986930477426,0.1873021564375794,130097.22650891641,-1410.1165980795486,128687.10991083687,3842,1,784.32,44,6,16,36.53377806014403,0.6084280303030303,44.95370370370371,1020.1851851851859,23.186026936026952,0
3978,4,0,0,49,0.0,0.0,1.0,49,1450,1100,350,0.7586206896551724,18,11,7,340.1780028309929,0.7947845804988662,0.18623363323824127,0.18927852978032192,129333.80126953141,-1000.2770610960933,128333.52420843532,3843,2,799.8163265306123,39,10,18,37.05250469363373,0.6081730769230769,45.70312500000001,1017.1875000000013,26.081730769230802,1
3979,4,0,0,49,0.0,0.0,1.0,49,950,600,350,0.631578947368421,13,6,7,328.9060305980743,0.7941113945578232,0.16299914829495155,0.17818126701095682,128273.18395135175,-1352.0661713560207,126921.11777999572,3844,3,800.8163265306123,40,9,16,38.41835540395934,0.5958333333333332,46.7479674796748,1013.0081300813011,25.32520325203253,8
3980,4,2,2,49,0.0392156862745098,0.0392156862745098,0.9607843137254902,51,950,600,350,0.631578947368421,13,6,7,314.7688077729703,0.8073856209150327,0.16124875929359317,0.17218544500433633,128660.12878583011,-2100.360930833495,126559.76785499661,3845,0,770.3725490196078,42,9,14,38.382680674944275,0.5967261904761905,46.36627906976744,1014.5348837209297,24.155592469545944,0
3981,4,1,0,50,0.02,0.0,1.0,50,1700,1100,600,0.6470588235294118,23,11,12,322.2425825556869,0.7979591836734694,0.16707668799541553,0.17638275389130145,128684.70687045553,-1706.4615445285742,126978.24532592695,3846,0,786.76,42,8,15,38.168115111578004,0.5969742063492063,46.34205426356589,1014.6317829457366,24.15789959394611,0
3982,4,1,0,51,0.0196078431372549,0.0,1.0,51,1100,1000,100,0.9090909090909091,12,10,2,322.62906917689673,0.8044444444444445,0.19959301029895848,0.17869455255649186,129153.25574638447,-1866.2810634756472,127286.97468290883,3847,0,772.3137254901961,43,8,17,37.68205390969505,0.6002906976744184,45.88068181818183,1016.4772727272741,23.639006342494746,0
3983,4,0,0,51,0.0,0.0,1.0,51,1050,700,350,0.6666666666666666,14,7,7,324.1124145189491,0.8059150326797386,0.1908621285579506,0.1800719846678863,129275.28511094592,-1820.046073497082,127455.23903744883,3848,1,773.3137254901961,42,9,18,37.52044624424329,0.6029265873015872,45.76065891472869,1016.9573643410857,24.21327057954966,0
3984,4,0,0,51,0.0,0.0,1.0,51,1350,900,450,0.6666666666666666,18,9,9,326.1220962345301,0.8058496732026145,0.19778135042227518,0.1818697893021139,129423.14093391344,-1758.4507954750122,127664.69013843843,3849,2,774.3137254901961,42,9,18,37.31926324477034,0.6044146825396824,45.61531007751939,1017.5387596899242,24.227113325950576,0
3985,4,1,1,51,0.019230769230769232,0.019230769230769232,0.9807692307692307,52,1200,800,400,0.6666666666666666,16,8,8,320.2980917610747,0.8128142282554046,0.20233600755073122,0.18002961709329401,129731.44531250029,-2089.45312499997,127641.99218750032,3850,0,760.4038461538462,43,9,12,37.154907975460134,0.6061046511627906,45.312500000000014,1018.7500000000023,23.69186046511633,0
3986,4,0,0,51,0.0,0.0,1.0,51,1100,800,300,0.7272727272727273,14,8,6,323.1053914055665,0.8079738562091504,0.1960529027011153,0.1810501445432029,129610.88266363951,-1824.4050053087417,127786.47765833077,3851,4,776.3137254901961,43,8,12,37.20560541244304,0.6048934108527131,45.430871212121225,1018.2765151515174,23.68084918957017,0
3987,4,0,1,50,0.0,0.0196078431372549,0.9803921568627451,51,1100,700,400,0.6363636363636364,15,7,8,324.64735426834085,0.8080065359477125,0.20145154176189872,0.18247420257151595,129731.44531250016,-1776.6059027777626,127954.8394097224,3852,5,777.3137254901961,43,8,12,37.04413769597819,0.6061046511627907,45.31250000000001,1018.7500000000013,23.691860465116307,0
3988,4,0,2,48,0.0,0.04,0.96,50,1300,900,400,0.6923076923076923,17,9,8,333.35752719718164,0.8057312925170068,0.20441084165477896,0.18754705181799708,129768.46648526231,-1348.14098086052,128420.32550440179,3853,6,791.96,42,8,13,36.784751941670656,0.6078869047619047,45.276162790697676,1018.8953488372093,24.259413067552604,0
3989,4,1,2,47,0.02040816326530612,0.04081632653061224,0.9591836734693877,49,950,400,550,0.42105263157894735,15,4,11,332.1162745681534,0.8031816893424036,0.22244632573445489,0.18759516327391104,129924.46212838634,-1169.9943325298245,128754.46779585652,3854,0,807.0612244897959,43,6,14,36.65822961174067,0.6080426356589147,45.12310606060607,1019.5075757575773,23.70947850599017,0
3990,4,1,1,47,0.020833333333333332,0.020833333333333332,0.9791666666666666,48,700,400,300,0.5714285714285714,10,4,6,333.4862737288228,0.8064420803782506,0.21927034973692328,0.18883528748998038,130021.0243414258,-927.9546171946529,129093.06972423114,3855,0,813.25,43,5,15,36.52545651501084,0.6090116279069766,45.0284090909091,1019.8863636363651,23.718287526427094,0
3991,4,0,0,47,0.0,0.0,1.0,47,1500,1100,400,0.7333333333333333,19,11,8,334.12393865682185,0.7992599444958371,0.21880209526668803,0.18943068774796265,130069.31889921968,-708.1453741964885,129361.17352502319,3856,2,831.5531914893617,43,4,16,36.46026735982176,0.6094961240310077,44.981060606060616,1020.0757575757593,23.722692036645565,0
3992,4,0,0,47,0.0,0.0,1.0,47,1150,900,250,0.782608695652174,14,9,5,332.63723890258495,0.7993370336108541,0.21977917831587956,0.1890558484395705,130165.93491735541,-740.3925619834647,129425.54235537194,3857,3,832.5531914893617,43,4,16,36.40033407572383,0.6104651162790697,44.88636363636364,1020.4545454545457,23.731501057082458,0
3993,4,1,1,47,0.020833333333333332,0.020833333333333332,0.9791666666666666,48,1200,900,300,0.75,15,9,6,324.9267362390047,0.8062389184397163,0.21810396773894558,0.1859408330933764,130431.81392224813,-1123.807410037864,129308.00651221027,3858,0,816.1875,43,5,18,36.328161212570706,0.6131298449612403,44.625946969696976,1021.4962121212127,23.755725863284017,0
3994,4,0,0,47,0.0,0.0,1.0,47,1050,500,550,0.47619047619047616,16,5,11,329.9411386517163,0.7984119642306505,0.21787815524767518,0.1883488471891542,130336.78583769004,-799.306494501531,129537.4793431885,3859,5,834.5531914893617,42,5,18,36.29622161067881,0.6135912698412698,44.718992248062015,1021.1240310077519,24.312476928756,0
3995,4,0,0,47,0.0,0.0,1.0,47,1400,1000,400,0.7142857142857143,18,10,8,330.78033640462706,0.798450508788159,0.21830057707795536,0.18918912241134966,130411.00599610904,-772.5207131482431,129638.4852829608,3860,6,835.5531914893617,42,5,18,36.19972014040413,0.6143353174603174,44.64631782945737,1021.4147286821708,24.319398301956447,0
3996,4,1,0,48,0.020833333333333332,0.0,1.0,48,1200,800,400,0.6666666666666666,16,8,8,324.6150726395555,0.8061835106382979,0.22185049700561876,0.1870434127194194,130697.96419450185,-1114.6941718319526,129583.2700226699,3861,0,819.125,43,5,15,36.06725010804471,0.615794573643411,44.365530303030305,1022.537878787879,23.779950669485558,0
3997,4,1,1,48,0.02040816326530612,0.02040816326530612,0.9795918367346939,49,900,400,500,0.4444444444444444,14,4,10,325.40516855711576,0.8114725056689343,0.22795115332428773,0.18883748757999552,130972.4633487654,-1276.176697530865,129696.28665123454,3862,0,803.3877551020408,44,5,15,35.77001356852103,0.6171875,44.09722222222222,1023.611111111111,23.263888888888886,0
3998,4,0,0,48,0.0,0.0,1.0,48,1500,1200,300,0.8,18,12,6,328.01164238492225,0.8075687056737588,0.22219716594196193,0.19031013647550332,130964.3857341168,-1008.431348283967,129955.95438583284,3863,2,821.125,43,5,15,35.7114634409597,0.6184593023255813,44.10511363636364,1023.579545454546,23.804175475687114,0
3999,4,1,0,49,0.02040816326530612,0.0,1.0,49,650,300,350,0.46153846153846156,10,3,7,325.5777920316372,0.8101969954648526,0.23946635298802854,0.19057750290841854,131304.39921982176,-1250.040723593954,130054.35849622781,3864,0,805.3469387755102,44,5,17,35.43097087963381,0.6205018939393939,43.77314814814815,1024.907407407408,23.293350168350184,0
4000,4,0,0,49,0.0,0.0,1.0,49,1500,1100,400,0.7333333333333333,19,11,8,330.3596674941773,0.8095592403628118,0.24106747962342845,0.19401122291021652,131429.83119173572,-1116.170503695334,130313.66068804039,3865,1,806.3469387755102,41,8,17,35.182049793601635,0.6260162601626017,43.65079365079364,1025.3968253968235,25.00967866821521,0
4001,4,0,0,49,0.0,0.0,1.0,49,850,700,150,0.8235294117647058,10,7,3,330.1977442526518,0.809311224489796,0.24447375322010867,0.1941562736205593,131477.14981070848,-1117.3083423472194,130359.84146836126,3866,2,807.3469387755102,42,7,17,35.13853458049884,0.625,43.604651162790695,1025.581395348837,24.418604651162788,0
4002,4,0,0,49,0.0,0.0,1.0,49,1600,1200,400,0.75,20,12,8,332.4861653875255,0.8099135487528345,0.24539134758634784,0.19613905321941535,131601.40170550143,-1048.8709174629007,130552.53078803852,3867,3,808.3469387755102,42,7,14,34.95470928951426,0.6262400793650793,43.48352713178294,1026.0658914728679,24.43014027316352,0
4003,4,0,0,49,0.0,0.0,1.0,49,750,300,450,0.4,12,3,9,333.1037119161931,0.8100198412698413,0.24617346938775597,0.19688808686474976,131675.98101075648,-1027.6483910221777,130648.33261973431,3868,4,809.3469387755102,42,7,14,34.8637729733132,0.626984126984127,43.41085271317829,1026.3565891472863,24.437061646363958,0
4004,4,0,0,49,0.0,0.0,1.0,49,1050,700,350,0.6666666666666666,14,7,7,335.73086028067,0.8094883786848073,0.2522238677484767,0.19909009101254968,131800.32680014736,-950.1125796226096,130850.21422052475,3869,5,810.3469387755102,42,7,16,34.671172658928604,0.6282242063492063,43.28972868217055,1026.841085271319,24.448597268364736,0
4005,4,1,0,50,0.02,0.0,1.0,50,1000,700,300,0.7,13,7,6,329.9249072983961,0.8142176870748299,0.2574500230308612,0.19710153377677986,132081.45127589817,-1284.6078863923335,130796.84338950584,3870,0,795.12,43,7,17,34.53755949639182,0.6296027131782946,43.016098484848484,1027.935606060606,23.905479210711768,0
4006,4,0,0,50,0.0,0.0,1.0,50,1000,700,300,0.7,13,7,6,328.8833692661083,0.8143537414965987,0.25104153236946347,0.1969853561423425,132178.81159786787,-1305.7174192206141,130873.09417864725,3871,1,796.12,43,7,18,34.46651395156092,0.6305717054263567,42.921401515151516,1028.3143939393938,23.914288231148692,0
4007,4,0,1,49,0.0,0.02,0.98,50,1450,1200,250,0.8275862068965517,17,12,5,360.64383394585093,0.8139115646258503,0.2827333401786629,0.1972100111621923,128645.99745008687,-680.5735130064805,127965.42393708038,3872,2,797.12,39,11,16,37.233566930211865,0.6012286324786325,46.380208333333336,1014.4791666666672,26.012286324786338,8
4008,4,0,0,49,0.0,0.0,1.0,49,950,700,250,0.7368421052631579,12,7,5,403.85674306058934,0.8075396825396826,0.28924771690980666,0.2107837021090319,126769.03558514136,449.39982497637567,127218.43541011775,3873,3,814.1632653061224,38,11,15,38.06956821557395,0.5838815789473684,48.23717948717949,1007.0512820512822,26.501349527665322,4
4009,4,4,3,50,0.07547169811320754,0.05660377358490566,0.9433962264150944,53,900,400,500,0.4444444444444444,14,4,10,378.82277936093516,0.8330309627479439,0.30334586257337004,0.20252907249149688,127743.06047650544,-921.1928433711801,126821.86763313427,3874,0,753.6415094339623,41,12,14,37.69790644422636,0.5889227642276422,47.2718253968254,1010.9126984126987,24.656407278358504,0
4010,4,4,2,52,0.07407407407407407,0.037037037037037035,0.962962962962963,54,1200,800,400,0.6666666666666666,16,8,8,369.4271267448139,0.839593524341952,0.3175585556560203,0.19937129793179253,128120.56220048512,-1333.757765868904,126786.80443461622,3875,0,740.2407407407408,43,11,16,37.548424687431805,0.5898740310077519,46.89867424242425,1012.4053030303043,23.544309372797773,0
4011,4,2,0,54,0.037037037037037035,0.0,1.0,54,800,300,500,0.375,13,3,10,367.17706824486555,0.8397682273468438,0.32193062627845204,0.1990240032333636,128295.245181406,-1378.5811171489847,126916.66406425701,3876,0,741.2037037037037,41,13,18,37.42655699177439,0.5945121951219512,46.72619047619048,1013.095238095239,24.709639953542414,0
4012,4,1,1,54,0.01818181818181818,0.01818181818181818,0.9818181818181818,55,1350,800,550,0.5925925925925926,19,8,11,359.52136240965245,0.8413860830527498,0.3223677354361345,0.196423257917758,128610.97965867443,-1752.32107445465,126858.65858421978,3877,0,728.709090909091,42,13,14,37.297796459049806,0.5962301587301586,46.41472868217055,1014.3410852713185,24.150978220745678,0
4013,4,2,4,52,0.03571428571428571,0.07142857142857142,0.9285714285714286,56,1200,900,300,0.75,15,9,6,355.0854920705865,0.8470373376623377,0.32458159553346544,0.19512411893842954,128840.6089033088,-2050.1137977789112,126790.4951055299,3878,0,716.6428571428571,43,13,15,37.175966949600486,0.597141472868217,46.188446969696976,1015.2462121212133,23.610377026074726,0
4014,4,2,3,51,0.037037037037037035,0.05555555555555555,0.9444444444444444,54,950,500,450,0.5263157894736842,14,5,9,375.3842393577092,0.8376863498718845,0.3497811661725252,0.20592794385355143,128773.0903269877,-1132.1222875723938,127640.96803941531,3879,0,744.0370370370371,41,13,17,36.72977144625813,0.5993394308943087,46.25496031746034,1014.9801587301621,24.75561362756493,0
4015,4,0,0,51,0.0,0.0,1.0,51,1450,1000,450,0.6896551724137931,19,10,9,391.9191653824225,0.8255882352941177,0.3530031351070029,0.2140897903418137,128604.6791675799,-119.47229527356342,128485.20687230634,3880,1,787.5294117647059,38,13,17,36.482690822273725,0.6025219298245613,46.42094017094018,1014.3162393162402,26.692532613585268,0
4016,4,0,0,51,0.0,0.0,1.0,51,900,700,200,0.7777777777777778,11,7,4,392.4470100252313,0.8259803921568628,0.3484682340550751,0.2145241427858131,128631.77237426047,-103.76910749505828,128528.00326676542,3881,2,788.5294117647059,38,13,17,36.441548183254326,0.602796052631579,46.394230769230774,1014.4230769230778,26.69534412955468,0
4017,4,1,1,51,0.019230769230769232,0.019230769230769232,0.9807692307692307,52,1100,500,600,0.45454545454545453,17,5,12,385.43625132291527,0.8280700100553041,0.3397987620865919,0.21207483608031802,128891.61544054486,-464.09978352830365,128427.51565701656,3882,0,774.3461538461538,40,12,17,36.35345776621296,0.6020833333333333,46.13821138211383,1015.4471544715465,25.38617886178866,0
4018,4,2,1,52,0.03773584905660377,0.018867924528301886,0.9811320754716981,53,1650,1100,550,0.6666666666666666,22,11,11,380.4807874180029,0.8311562651185292,0.34754090356077705,0.21129214506075195,129257.13320444745,-762.5416258015821,128494.59157864588,3883,0,760.6981132075472,37,16,18,36.105869455826344,0.6109234234234234,45.77850877192982,1016.8859649122801,27.48340445708865,0
4019,4,0,1,51,0.0,0.019230769230769232,0.9807692307692307,52,1300,800,500,0.6153846153846154,18,8,10,385.58782648787997,0.8280071644042232,0.3459029108495304,0.21397701466320213,129229.25954380185,-434.1541387734754,128795.10540502837,3884,1,776.3269230769231,37,15,18,36.00450681189116,0.6106418918918919,45.805921052631575,1016.7763157894728,27.48044096728305,0
4020,4,1,1,51,0.019230769230769232,0.019230769230769232,0.9807692307692307,52,1000,800,200,0.8,12,8,4,381.94556389112824,0.8325006284565107,0.3502665051483955,0.21312428213608625,129445.89548405634,-511.7428911900246,128934.15259286632,3885,0,775.8846153846154,38,14,15,35.875984251968504,0.6110197368421053,45.59294871794871,1017.6282051282035,26.779689608636932,0
4021,4,0,0,51,0.0,0.0,1.0,51,1550,1300,250,0.8387096774193549,18,13,5,388.1216126199673,0.8259150326797386,0.3483784356964468,0.21627162767583047,129391.54071015022,-156.06931203888774,129235.47139811133,3886,3,792.0980392156863,38,13,18,35.77435332003221,0.6104714912280702,45.64636752136751,1017.4145299145277,26.7740665766981,0
4022,4,1,0,52,0.019230769230769232,0.0,1.0,52,1350,700,650,0.5185185185185185,20,7,13,387.46075193668975,0.8302067621920562,0.35843307173301087,0.21807486049739316,129784.51063368034,-342.7191840277969,129441.79144965255,3887,0,777.8461538461538,39,13,16,35.390257616029444,0.6127136752136754,45.26041666666666,1018.9583333333317,26.12713675213671,0
4023,4,0,1,51,0.0,0.019230769230769232,0.9807692307692307,52,1500,1300,200,0.8666666666666667,17,13,4,389.61561788349684,0.8288241578682755,0.36255988655091875,0.2205184842335526,130003.35784131454,-269.73228154538805,129733.62555976916,3888,1,778.8461538461538,40,12,17,35.11231523002824,0.61328125,45.04573170731707,1019.8170731707305,25.49542682926826,0
4024,4,1,0,52,0.019230769230769232,0.0,1.0,52,1550,1100,450,0.7096774193548387,20,11,9,384.2384615021781,0.8303795877325288,0.36420167864356645,0.21954186811113688,130371.67302441735,-380.463198188006,129991.20982622934,3889,0,777.4615384615385,38,14,18,34.874638211807365,0.6203399122807018,44.684829059829056,1021.2606837606832,26.875281151596926,0
4025,4,0,0,52,0.0,0.0,1.0,52,1500,1200,300,0.8,18,12,6,386.2429531067725,0.8296254399195575,0.3686058295531318,0.221464484623092,130508.09500328744,-318.43359631819663,130189.66140696924,3890,1,778.4615384615385,38,14,15,34.68475533249686,0.6217105263157894,44.55128205128206,1021.7948717948727,26.88933873144402,0
4026,4,1,0,53,0.018867924528301886,0.0,1.0,53,1800,1300,500,0.7222222222222222,23,13,10,378.5301296868219,0.8361453797774552,0.36829420519468026,0.2194134822520961,130928.0395507814,-687.9584418402649,130240.08110894113,3891,0,764.7547169811321,39,14,16,34.45557675996608,0.6241987179487178,44.14062500000001,1023.4375000000011,26.241987179487207,0
4027,4,1,1,53,0.018518518518518517,0.018518518518518517,0.9814814814814815,54,1300,900,400,0.6923076923076923,17,9,8,368.72393447721913,0.8420830421616585,0.36545879344927124,0.21538092163379646,131223.97898902782,-1122.9156338819334,130101.06335514589,3892,0,751.574074074074,40,14,18,34.40682238973749,0.6255208333333333,43.85162601626017,1024.5934959349604,25.61483739837401,0
4028,4,1,2,52,0.018518518518518517,0.037037037037037035,0.962962962962963,54,1050,700,350,0.6666666666666666,14,7,7,366.04999849815255,0.8453150477521547,0.355871690651433,0.21456233975072023,131356.98356718212,-1183.1900269473288,130173.7935402348,3893,0,750.2037037037037,36,18,18,34.34078508916475,0.6339699074074073,43.72184684684685,1025.1126126126132,28.475350350350368,0
4029,4,0,0,52,0.0,0.0,1.0,52,1300,1100,200,0.8461538461538461,15,11,4,378.9183918807805,0.8384081196581196,0.36524017397165753,0.2206750731816017,131109.19922017682,-464.0626141427372,130645.13660603408,3894,2,779.9423076923077,38,14,18,34.26198796856527,0.6277412280701754,43.96367521367522,1024.1452991452995,26.95119208277104,0
4030,4,0,0,52,0.0,0.0,1.0,52,1200,800,400,0.6666666666666666,16,8,8,379.68119057832433,0.838172448466566,0.36915489432267945,0.22145817486045344,131168.01757812515,-439.59418402776566,130728.42339409738,3895,3,780.9423076923077,39,13,19,34.18285201003322,0.6266025641025641,43.90625000000001,1024.3750000000011,26.26602564102567,0
4031,4,0,0,52,0.0,0.0,1.0,52,1550,1100,450,0.7096774193548387,20,11,9,379.30968785192186,0.8376853946706887,0.36033355747728524,0.2218578305045907,131274.74500868082,-441.2434895832996,130833.50151909752,3896,4,781.9423076923077,39,13,19,34.08424815341873,0.62767094017094,43.80208333333335,1024.791666666669,26.27670940170946,0
4032,4,0,0,52,0.0,0.0,1.0,52,1800,1200,600,0.6666666666666666,24,12,12,373.5059491617095,0.8378739316239315,0.3779293381037572,0.21703724072910116,131023.24263038527,-612.3861784297249,130410.85645195555,3897,5,782.9423076923077,41,11,17,34.487645348837205,0.6219512195121952,44.04761904761904,1023.809523809522,24.970963995354197,1
4033,4,0,0,52,0.0,0.0,1.0,52,850,600,250,0.7058823529411765,11,6,5,398.8034140735123,0.8378110859728506,0.3691605696197011,0.22739786137960277,130292.1264815888,39.311989424124874,130331.43847101292,3898,6,783.9423076923077,35,17,18,34.58378207308318,0.6252976190476189,44.76273148148149,1020.9490740740753,29.16997354497358,3
4034,4,0,0,52,0.0,0.0,1.0,52,1700,1100,600,0.6470588235294118,23,11,12,400.33902675843575,0.8378110859728506,0.3646525126810647,0.22914346628858315,130439.87509645053,44.03452932097622,130483.90962577151,3899,7,784.9423076923077,35,17,18,34.39411964649898,0.6267857142857143,44.61805555555555,1021.527777777777,29.186507936507915,0
4035,4,1,1,52,0.018867924528301886,0.018867924528301886,0.9811320754716981,53,1300,1000,300,0.7692307692307693,16,10,6,394.24033159080244,0.8430696661828737,0.3580253067803232,0.22781674123224235,130809.21292914537,-285.9465039363646,130523.266425209,3900,0,771.1132075471698,36,17,16,34.17432665492443,0.6284722222222222,44.25675675675676,1022.9729729729731,28.41591591591592,0
4036,4,1,1,52,0.018867924528301886,0.018867924528301886,0.9811320754716981,53,1300,1000,300,0.7692307692307693,16,10,6,390.89024544690636,0.8432510885341074,0.36216490825959036,0.22700062617407657,130999.8048159108,-358.69082840234387,130641.11398750846,3901,0,772.0943396226415,38,15,16,34.066478814443755,0.6266447368421051,44.07051282051283,1023.7179487179504,26.939946018893433,0
4037,4,0,0,52,0.0,0.0,1.0,52,1350,800,550,0.5925925925925926,19,8,11,403.7415552689329,0.8360042735042734,0.3681124425178419,0.23406979359504493,130935.05333371821,172.78441443522775,131107.83774815346,3902,10,787.9423076923077,37,15,16,33.80338904363975,0.6278153153153152,44.13377192982457,1023.464912280703,27.661213845424403,0
4038,4,0,0,52,0.0,0.0,1.0,52,1100,600,500,0.5454545454545454,16,6,10,399.9163097622922,0.8357528908999496,0.36127075991940805,0.23240739820812928,131027.1491366245,79.97879227849216,131107.127928903,3903,11,788.9423076923077,38,14,16,33.80769765904901,0.6269188596491228,44.04380341880343,1023.824786324788,26.942757534862842,0
4039,4,0,0,52,0.0,0.0,1.0,52,1600,1200,400,0.75,20,12,8,402.4238237324626,0.8356900452488687,0.3605343857810035,0.23456037099948518,131141.34250217053,154.88009982642978,131296.22260199697,3904,12,789.9423076923077,39,13,16,33.627517034475744,0.62633547008547,43.932291666666686,1024.2708333333364,26.26335470085478,0
4040,4,0,1,51,0.0,0.019230769230769232,0.9807692307692307,52,1400,1300,100,0.9285714285714286,15,13,2,401.79927490825935,0.8359257164404222,0.35759464697175436,0.2347010596538282,131223.97898902785,145.13992167361977,131369.11891070148,3905,13,790.9423076923077,40,12,16,33.55960292270052,0.6255208333333333,43.85162601626017,1024.5934959349606,25.614837398374014,0
4041,4,0,0,51,0.0,0.0,1.0,51,1050,600,450,0.5714285714285714,15,6,9,405.3116081367608,0.8391503267973857,0.3544881148880854,0.23673663762667363,131221.3758680558,437.1093750000242,131658.48524305582,3906,14,782.3921568627451,39,12,16,33.47227870408027,0.6271367521367521,43.85416666666668,1024.5833333333353,26.271367521367573,0
4042,4,0,1,50,0.0,0.0196078431372549,0.9803921568627451,51,1900,1200,700,0.631578947368421,26,12,14,407.8260294798069,0.8379084967320263,0.35341941654710674,0.23886953155245846,131328.12500000012,511.8055555555719,131839.93055555568,3907,15,783.3921568627451,39,12,17,33.299457994579946,0.6282051282051282,43.75000000000001,1025.000000000001,26.282051282051306,0
4043,4,3,3,50,0.05660377358490566,0.05660377358490566,0.9433962264150944,53,1350,900,450,0.6666666666666666,18,9,9,388.82238438942636,0.8483309143686502,0.3208392903888362,0.23146542196498854,131946.99931709736,-339.2106224992581,131607.7886945981,3908,0,740.0566037735849,37,16,14,33.15990750622553,0.6379504504504505,43.14692982456139,1027.4122807017527,27.76789947842575,0
4044,4,0,0,50,0.0,0.0,1.0,50,1350,1000,350,0.7407407407407407,17,10,7,409.5379517522713,0.8358503401360544,0.345938628158845,0.24136598433059375,131565.50068587094,776.2131344307131,132341.71382030167,3909,17,785.46,35,15,14,33.01462845968714,0.6380952380952382,43.51851851851851,1025.925925925925,29.312169312169285,0
4045,4,0,2,48,0.0,0.04,0.96,50,1250,1000,250,0.8,15,10,5,418.8738585277765,0.8350340136054422,0.35641118124436444,0.24841235781139245,131803.0907064471,1041.7738340191927,132844.8645404663,3910,18,786.46,35,15,15,32.534002103997594,0.6404761904761905,43.28703703703703,1026.851851851851,29.338624338624317,0
4046,4,0,0,48,0.0,0.0,1.0,48,1700,1600,100,0.9411764705882353,18,16,2,428.0120619322554,0.8339612884160756,0.3491087545126357,0.25225391735156316,131565.50068587094,1662.3242455418253,133227.82493141276,3911,19,816.1041666666666,35,13,15,32.540801744885684,0.6380952380952382,43.51851851851851,1025.925925925925,29.312169312169285,0
4047,4,0,0,48,0.0,0.0,1.0,48,1300,1000,300,0.7692307692307693,16,10,6,424.5108154017923,0.8335549645390071,0.3464484741658651,0.251032580099569,131693.64762474992,1581.0755472837761,133274.7231720337,3912,20,817.1041666666666,37,11,15,32.500422853683716,0.6354166666666667,43.39364035087719,1026.4254385964912,27.74122807017544,0
4048,4,0,0,48,0.0,0.0,1.0,48,1150,600,550,0.5217391304347826,17,6,11,427.5008890967458,0.8324468085106382,0.3476879538658699,0.2533619193355646,131778.07113727275,1667.0485149276465,133445.1196522004,3913,21,818.1041666666666,37,11,15,32.337943186672355,0.6362612612612613,43.31140350877192,1026.7543859649104,27.750118539592172,0
4049,4,1,0,49,0.02040816326530612,0.0,1.0,49,1150,900,250,0.782608695652174,14,9,5,423.9287187179035,0.8370535714285714,0.35021334303575524,0.25394564995043345,132183.68055555562,1407.2916666666777,133590.9722222223,3914,0,802.3877551020408,39,10,16,32.0181658562939,0.6367521367521367,42.91666666666667,1028.333333333334,26.367521367521384,0
4050,4,0,0,49,0.0,0.0,1.0,49,950,700,250,0.7368421052631579,12,7,5,422.9013276167609,0.8368055555555556,0.3505178499103163,0.254049483670507,132290.82031250015,1389.1927083333476,133680.0130208335,3915,1,803.3877551020408,39,10,18,31.93600648035643,0.6378205128205128,42.81250000000001,1028.7500000000011,26.378205128205156,0
4051,4,0,0,49,0.0,0.0,1.0,49,1400,1200,200,0.8571428571428571,16,12,4,423.3801570260124,0.8364512471655329,0.35445757250268484,0.2550607287449393,132398.0034722223,1411.0677083333367,133809.07118055565,3916,2,804.3877551020408,36,13,18,31.815114709851542,0.6443865740740742,42.708333333333336,1029.1666666666672,28.587962962962976,0
4052,4,0,0,49,0.0,0.0,1.0,49,850,400,450,0.47058823529411764,13,4,9,423.88089002101975,0.8363095238095238,0.35571383914616184,0.25555879517098434,132426.9793442092,1426.6531734437267,133853.6325176529,3917,3,805.3877551020408,36,13,18,31.77288475565281,0.6446759259259258,42.68018018018019,1029.2792792792802,28.591091091091116,0
4053,4,0,0,49,0.0,0.0,1.0,49,1500,1000,500,0.6666666666666666,20,10,10,422.3528161268136,0.8349277210884354,0.35949831380593134,0.2555887660478758,132567.32840874116,1398.0368959679931,133965.36530470915,3918,4,806.3877551020408,37,12,18,31.670127058489506,0.6441441441441441,42.54385964912281,1029.8245614035088,27.833096254148888,0
4054,4,0,0,49,0.0,0.0,1.0,49,1550,1000,550,0.6451612903225806,21,10,11,420.5316913820091,0.8348922902494331,0.35658842549877723,0.25539090879647963,132700.54879830522,1360.9572466944269,134061.50604499964,3919,5,807.3877551020408,38,11,15,31.582244573482658,0.643640350877193,42.414529914529915,1030.3418803418804,27.11426000899685,0
4055,4,0,0,49,0.0,0.0,1.0,49,1100,700,400,0.6363636363636364,15,7,8,417.0128059949009,0.8346088435374149,0.3600619352218495,0.2539987091059852,132810.65088757407,1276.7484385272965,134087.39932610135,3920,6,808.3877551020408,38,11,16,31.56159307628525,0.644736842105263,42.307692307692314,1030.7692307692316,27.125506072874515,0
4056,4,0,0,49,0.0,0.0,1.0,49,950,400,550,0.42105263157894735,15,4,11,417.8523462453465,0.8337230725623583,0.3679050240357167,0.25563666353945363,132975.88962853403,1312.8574950690472,134288.74712360307,3921,7,809.3877551020408,38,11,16,31.37300600787238,0.6463815789473684,42.147435897435905,1031.4102564102577,27.142375168690993,0
4057,4,0,0,49,0.0,0.0,1.0,49,1700,1200,500,0.7058823529411765,22,12,10,418.15540514001134,0.8331207482993197,0.3706690504720058,0.25638899983727576,133058.5475221895,1327.8301692965315,134386.37769148604,3922,8,810.3877551020408,38,11,17,31.281712747229992,0.647203947368421,42.0673076923077,1031.7307692307704,27.150809716599223,0
4058,4,0,0,49,0.0,0.0,1.0,49,1600,1100,500,0.6875,21,11,10,411.745785950393,0.8323412698412699,0.3560163434230388,0.25395807410405574,133279.09412895414,1175.4210725765465,134454.51520153068,3923,9,811.3877551020408,38,11,17,31.224564580100022,0.6493969298245613,41.85363247863249,1032.585470085472,27.173301844354526,0
4059,4,0,1,48,0.0,0.02040816326530612,0.9795918367346939,49,800,700,100,0.875,9,7,2,410.2537149083356,0.8320578231292517,0.3599706925932935,0.2536206880942059,133364.6050347225,1142.6649305555895,134507.2699652781,3924,10,812.3877551020408,39,10,17,31.17688584106497,0.6485042735042733,41.77083333333335,1032.916666666669,26.485042735042796,0
4060,4,0,1,47,0.0,0.020833333333333332,0.9791666666666666,48,700,600,100,0.8571428571428571,8,6,2,415.3436126012924,0.8297318262411347,0.35187771570453097,0.25636726432976353,133306.67529585818,1473.6152202498565,134780.29051610804,3925,11,828.3958333333334,38,10,18,31.103869232360857,0.6496710526315788,41.82692307692309,1032.6923076923092,27.176113360323928,0
4061,4,0,0,47,0.0,0.0,1.0,47,1300,800,500,0.6153846153846154,18,8,10,424.7966408175158,0.8297486894850447,0.352290543685021,0.2621713475242049,133302.32018505703,1925.275565558645,135227.59575061567,3926,12,833.7446808510638,37,10,18,30.864213916613583,0.6514639639639639,41.8311403508772,1032.675438596492,27.91014698909438,0
4062,4,0,0,47,0.0,0.0,1.0,47,1250,900,350,0.72,16,9,7,425.98888393038214,0.8295174221399938,0.3443284997967202,0.26330808967350416,133358.94217451537,1961.88538781165,135320.82756232703,3927,13,834.7446808510638,37,10,18,30.77627388535032,0.6520270270270269,41.77631578947369,1032.8947368421063,27.916073968705575,0
4063,4,0,0,47,0.0,0.0,1.0,47,1600,1100,500,0.6875,21,11,10,426.9063604756609,0.8271662041319765,0.34421343777471214,0.2653236399031405,133561.93636670534,2003.78421391946,135565.7205806248,3928,14,835.7446808510638,35,12,18,30.547741014444075,0.6580357142857143,41.579861111111114,1033.680555555556,29.533730158730176,0
4064,4,0,0,47,0.0,0.0,1.0,47,950,500,450,0.5263157894736842,14,5,9,425.19953119190245,0.8269734813444342,0.3465800340166003,0.26486988435577025,133646.82883897427,1965.3137935232758,135612.14263249753,3929,15,836.7446808510638,36,11,18,30.50624410077689,0.6568287037037036,41.49774774774776,1034.0090090090105,28.722472472472514,0
4065,4,0,0,47,0.0,0.0,1.0,47,1600,1100,500,0.6875,21,11,10,426.549332518757,0.8263953129818069,0.33690954319941024,0.2665498073821298,133763.29665814486,2011.3289810080541,135774.62563915292,3930,16,837.7446808510638,36,11,16,30.353935336381436,0.657986111111111,41.385135135135144,1034.4594594594612,28.734984984985033,0
4066,4,0,0,47,0.0,0.0,1.0,47,1250,1100,150,0.88,14,11,3,427.59378745995195,0.8266265803268578,0.33753523132826446,0.26741348709289187,133792.42153893766,2041.7616518545701,135834.18319079225,3931,17,838.7446808510638,36,11,16,30.297567214542305,0.6582754629629629,41.35698198198199,1034.5720720720728,28.738113113113133,0
4067,4,0,0,47,0.0,0.0,1.0,47,1300,700,600,0.5384615384615384,19,7,12,421.62922551722966,0.8255473327166204,0.33215657315088487,0.2645183762272263,133908.95276611095,1891.985608919752,135800.9383750307,3932,18,839.7446808510638,36,11,16,30.334475755267828,0.6594328703703702,41.24436936936938,1035.0225225225245,28.75062562562568,0
4068,4,0,0,47,0.0,0.0,1.0,47,1550,1100,450,0.7096774193548387,20,11,9,422.95264130234676,0.8260098674067221,0.3327824380127029,0.26555878953901474,133938.09349890446,1929.8940832724797,135867.98758217695,3933,19,840.7446808510638,36,11,16,30.270887728459538,0.6597222222222221,41.216216216216225,1035.1351351351364,28.753753753753788,0
4069,4,0,0,47,0.0,0.0,1.0,47,1200,800,400,0.6666666666666666,16,8,8,422.92511758774515,0.824313906876349,0.328318367082576,0.26680831492263946,134113.0044740688,1943.9516374482762,136056.95611151707,3934,20,841.7446808510638,36,11,17,30.095537073276816,0.6614583333333333,41.047297297297305,1035.8108108108117,28.77252252252255,0
4070,4,0,1,46,0.0,0.02127659574468085,0.9787234042553191,47,850,300,550,0.35294117647058826,14,3,11,423.6971437892246,0.8228877582485352,0.3275698622408636,0.26814725702534015,134229.6751988476,1974.545998701415,136204.22119754902,3935,21,842.7446808510638,36,11,18,29.958161269289295,0.6626157407407407,40.93468468468469,1036.261261261262,28.785035035035055,0
4071,4,0,0,46,0.0,0.0,1.0,46,1100,900,200,0.8181818181818182,13,9,4,426.5052326863199,0.8205314009661836,0.3300686601081857,0.2700797633290882,134250.74615269198,2251.729145233187,136502.47529792518,3936,22,858.6304347826087,35,11,18,29.86421338694065,0.6648809523809525,40.91435185185185,1036.3425925925922,29.609788359788347,0
4072,4,0,0,46,0.0,0.0,1.0,46,950,700,250,0.7368421052631579,12,7,5,425.40477434462986,0.8202093397745572,0.33332928824189034,0.27004610657723915,134340.72151759663,2229.836864497572,136570.5583820942,3937,23,859.6304347826087,35,11,18,29.802226377879492,0.6657738095238097,40.82754629629628,1036.689814814813,29.61970899470894,0
4073,4,0,0,46,0.0,0.0,1.0,46,1250,1100,150,0.88,14,11,3,431.67076260021963,0.8179549114331723,0.33460506720866956,0.27537829503101513,134520.76266985998,2413.736041452299,136934.49871131228,3938,24,860.6304347826087,35,11,18,29.45872382758748,0.667559523809524,40.65393518518517,1037.384259259257,29.639550264550202,0
4074,4,0,0,46,0.0,0.0,1.0,46,1050,700,350,0.6666666666666666,14,7,7,430.181223307609,0.817049114331723,0.33736667048973534,0.2755878094062482,134674.32149943296,2386.876223129409,137061.19772256236,3939,25,861.6304347826087,34,12,18,29.343005696371904,0.6712622549019609,40.50595238095237,1037.9761904761892,30.5287114845938,0
4075,4,0,0,46,0.0,0.0,1.0,46,1100,600,500,0.5454545454545454,16,6,10,427.03037932666086,0.8171497584541063,0.33543107500981395,0.2742225864666765,134761.00508241155,2309.4086237568404,137070.4137061684,3940,26,862.6304347826087,35,11,18,29.33770389774458,0.6699404761904763,40.422453703703695,1038.310185185184,29.66600529100526,0
4076,4,1,0,47,0.02127659574468085,0.0,1.0,47,1400,1200,200,0.8571428571428571,16,12,4,417.3396336114496,0.8184551341350601,0.33264247987956597,0.26991082540995537,135018.5294035588,1869.7167184075752,136888.24612196637,3941,0,845.2553191489362,36,11,18,29.331003720157458,0.6704282407407409,40.17454954954954,1039.3018018018004,28.869494494494454,0
4077,4,0,1,46,0.0,0.02127659574468085,0.9787234042553191,47,1600,1200,400,0.75,20,12,8,416.0410773757584,0.81668208448967,0.3327472456567677,0.26994429145540233,135135.5932579538,1844.391562170267,136979.98482012405,3942,1,846.2553191489362,36,11,18,29.247445756164478,0.6715856481481483,40.06193693693693,1039.7522522522515,28.882007007006987,0
4078,4,0,0,46,0.0,0.0,1.0,46,750,400,350,0.5333333333333333,11,4,7,416.0410773757584,0.8170088566827698,0.3236806539868804,0.26994429145540233,135135.5932579538,2044.391562170267,137179.98482012405,3943,2,837.2391304347826,36,10,18,29.247445756164478,0.6715856481481483,40.06193693693693,1039.7522522522515,28.882007007006987,0
4079,4,0,0,46,0.0,0.0,1.0,46,1400,1000,400,0.7142857142857143,18,10,8,414.7311526663453,0.8165257648953301,0.3230641014775264,0.26931276116181657,135164.8671475529,2011.4162304196059,137176.2833779725,3944,3,838.2391304347826,36,10,18,29.252174933217816,0.671875,40.03378378378378,1039.8648648648646,28.885135135135126,0
4080,4,0,0,46,0.0,0.0,1.0,46,1050,700,350,0.6666666666666666,14,7,7,411.2668699449009,0.813707729468599,0.31683138828941604,0.2682138370382925,135319.76335266588,1930.50710314709,137250.27045581298,3945,4,839.2391304347826,37,9,18,29.18719482207468,0.6714527027027029,39.884868421052616,1040.4605263157869,28.120554765291537,0
4081,4,0,1,45,0.0,0.021739130434782608,0.9782608695652174,46,1300,1000,300,0.7692307692307693,16,10,6,414.7036944101268,0.8127818035426732,0.32437384341963105,0.27109968783339655,135405.34106648175,2030.6190366266292,137435.96010310837,3946,5,840.2391304347826,37,9,18,29.012150582947047,0.6722972972972974,39.802631578947356,1040.7894736842086,28.12944523470834,0
4082,4,0,0,45,0.0,0.0,1.0,45,1150,900,250,0.782608695652174,14,9,5,412.21897004121524,0.8112794612794613,0.3140222783862219,0.27033365604360304,135519.48676515822,2172.7406509694965,137692.22741612772,3947,6,846.1111111111111,37,8,19,28.962633389497327,0.6734234234234235,39.692982456140335,1041.2280701754362,28.141299193930706,0
4083,4,0,0,45,0.0,0.0,1.0,45,1250,800,450,0.64,17,8,9,414.4000000000002,0.8110269360269361,0.3121777777777779,0.27263157894736845,135633.68055555547,2241.463719606024,137875.1442751615,3948,7,847.1111111111111,34,11,19,28.791666666666668,0.6807598039215688,39.58333333333333,1041.666666666666,30.637254901960766,0
4084,4,0,0,45,0.0,0.0,1.0,45,800,500,300,0.625,11,5,6,414.7360995545925,0.8092592592592593,0.31554387701994235,0.27356330666174433,135726.702451814,2258.1526360544103,137984.8550878684,3949,8,848.1111111111111,34,11,19,28.68992535892454,0.6816789215686274,39.49404761904761,1042.023809523809,30.64775910364144,0
4085,4,0,0,45,0.0,0.0,1.0,45,1000,700,300,0.7,13,7,6,414.3479973061869,0.8078703703703705,0.31340033500837494,0.2740204731429739,135819.75623582778,2255.3287981859567,138075.08503401373,3950,9,849.1111111111111,34,11,19,28.607050403532813,0.6825980392156862,39.40476190476191,1042.3809523809534,30.65826330532216,0
4086,4,0,0,45,0.0,0.0,1.0,45,1350,800,550,0.5925925925925926,19,8,11,412.01960341247525,0.8063973063973064,0.3117353023267617,0.2729551956646337,135881.80980725627,2197.193877551021,138079.0036848073,3951,10,850.1111111111111,34,11,17,28.60575093248077,0.6832107843137254,39.345238095238095,1042.6190476190477,30.66526610644258,0
4087,4,0,0,45,0.0,0.0,1.0,45,650,600,50,0.9230769230769231,7,6,1,413.1677300306498,0.8057659932659933,0.3113140537798076,0.27419312992943135,135943.8775510205,2233.524659863959,138177.40221088447,3952,11,851.1111111111111,34,11,18,28.51384132420091,0.6838235294117647,39.28571428571429,1042.8571428571436,30.672268907563048,0
4088,4,0,1,44,0.0,0.022222222222222223,0.9777777777777777,45,450,300,150,0.6666666666666666,6,3,3,411.9460916930657,0.8057659932659933,0.31361152319728136,0.2740989826504428,136037.00573979592,2207.9825680272074,138244.98830782314,3953,12,852.1111111111111,34,11,18,28.45272737646924,0.6847426470588236,39.19642857142857,1043.2142857142856,30.682773109243694,0
4089,4,0,0,44,0.0,0.0,1.0,44,1200,1000,200,0.8333333333333334,14,10,4,416.8949107244989,0.7999691684284708,0.3153042048390884,0.2777342151728002,136080.84180363338,2546.2820790080923,138627.12388264146,3954,13,870.7272727272727,33,11,18,28.279891942682642,0.6875,39.15441176470589,1043.3823529411777,31.617647058823568,0
4090,4,0,0,44,0.0,0.0,1.0,44,450,400,50,0.8888888888888888,5,4,1,417.45971057491624,0.7993965821000705,0.31779751483837915,0.27861182564702125,136144.78205497898,2566.9922625913277,138711.7743175703,3955,14,871.7272727272727,33,11,18,28.201326914044163,0.688131313131313,39.09313725490197,1043.6274509803932,31.625074272133126,0
4091,4,0,0,44,0.0,0.0,1.0,44,1000,700,300,0.7,13,7,6,416.2423681368335,0.7981412966878083,0.3173388817755016,0.27880385035580374,136272.7076124568,2544.4949058054713,138817.2025182623,3956,15,872.7272727272727,33,11,18,28.105438184663544,0.6893939393939393,38.97058823529412,1044.117647058824,31.639928698752247,0
4092,4,0,0,44,0.0,0.0,1.0,44,1450,1000,450,0.6896551724137931,19,10,9,417.1501023342855,0.7971282593375617,0.3239983011519021,0.28074457807405573,136440.92970521533,2583.269557823116,139024.19926303843,3957,16,873.7272727272727,34,10,18,27.91396042236401,0.6887254901960784,38.8095238095238,1044.761904761904,30.728291316526587,0
4093,4,0,0,44,0.0,0.0,1.0,44,1300,1300,0,1.0,13,13,0,415.1224101244624,0.7967098308668077,0.3195782132181999,0.2808839498617429,136630.1510657792,2543.647521219119,139173.79858699834,3958,17,874.7272727272727,35,9,18,27.778354367319817,0.6883928571428573,38.628472222222214,1045.4861111111102,29.87103174603172,0
4094,4,0,0,44,0.0,0.0,1.0,44,1150,900,250,0.782608695652174,14,9,5,411.90061012906057,0.7953003875968992,0.32140714071407195,0.27992039143109443,136783.1792091835,2468.2451351489462,139251.42434433245,3959,18,875.7272727272727,34,10,18,27.71020636546413,0.6920955882352942,38.48214285714285,1046.071428571427,30.766806722689033,0
4095,4,0,0,44,0.0,0.0,1.0,44,700,400,300,0.5714285714285714,10,4,6,398.76134287376647,0.7960711768851304,0.3187264013941331,0.2655580857861463,136068.05555555542,2055.594529478438,138123.65008503385,3960,19,876.7272727272727,34,10,15,28.765641640042585,0.6850490196078433,39.16666666666666,1043.3333333333321,30.686274509803887,2
4096,4,0,0,44,0.0,0.0,1.0,44,1550,1100,450,0.7096774193548387,20,11,9,393.2599057350073,0.7943754404510219,0.315131532548135,0.2638203813715218,136327.80517243218,1922.451962234215,138250.2571346664,3961,20,877.7272727272727,35,9,17,28.650508884702056,0.6854166666666668,38.91782407407407,1044.328703703703,29.837962962962944,0
4097,4,0,0,44,0.0,0.0,1.0,44,950,800,150,0.8421052631578947,11,8,3,389.70562971573895,0.7943313953488372,0.3086249473281919,0.2621681745375572,136426.64359883545,1833.2462107377826,138259.88980957324,3962,21,878.7272727272727,36,8,18,28.64499119686681,0.6843171296296295,38.823198198198206,1044.7072072072083,29.019644644644675,0
4098,4,0,0,44,0.0,0.0,1.0,44,1050,700,350,0.6666666666666666,14,7,7,390.36187388525514,0.7934504933051445,0.30724431818181763,0.2632673102947073,136514.89327165022,1858.0419101534128,138372.93518180362,3963,22,879.7272727272727,36,8,18,28.540095186781606,0.6851851851851851,38.738738738738746,1045.0450450450464,29.02902902902907,0
4099,4,0,0,44,0.0,0.0,1.0,44,1500,1100,400,0.7333333333333333,19,11,8,388.34805784376624,0.7915785764622975,0.3082414656228365,0.26368740443091043,136752.96347858993,1822.0156030770613,138574.979081667,3964,23,880.7272727272727,33,11,19,28.356156024214023,0.6941287878787878,38.5110294117647,1045.9558823529408,31.695632798573964,0
4100,4,0,0,44,0.0,0.0,1.0,44,600,200,400,0.3333333333333333,10,2,8,392.49829708755584,0.7915785764622975,0.3139158344540778,0.2647488513475934,136520.31304103186,1916.798077293009,138437.11111832486,3965,24,881.7272727272727,37,7,18,28.47888906375686,0.683277027027027,38.733552631578945,1045.0657894736842,28.245021337126598,1
4101,4,0,0,44,0.0,0.0,1.0,44,1000,500,500,0.5,15,5,10,391.16686967713844,0.7918648696264976,0.31435737992599067,0.26406534006816457,136548.96218067096,1882.6860187750053,138431.64819944598,3966,25,882.7272727272727,37,7,18,28.4851902363967,0.6835585585585586,38.70614035087719,1045.1754385964912,28.247984826932193,0
4102,4,0,0,44,0.0,0.0,1.0,44,500,300,200,0.6,7,3,4,390.30096113207543,0.7917988019732206,0.31097154025837836,0.26412488746588625,136634.9276339834,1865.7487159510508,138500.67634993445,3967,26,883.7272727272727,37,7,19,28.422369341024293,0.6844031531531531,38.623903508771924,1045.5043859649113,28.256875296348955,0
4103,4,0,0,44,0.0,0.0,1.0,44,1050,700,350,0.6666666666666666,14,7,7,388.8346474043488,0.7907417195207893,0.30859475535474323,0.2635619070572333,136692.25296485447,1830.1367968990385,138522.38976175353,3968,27,884.7272727272727,37,7,19,28.40373894655903,0.6849662162162162,38.56907894736842,1045.7236842105256,28.26280227596015,0
4104,4,0,0,44,0.0,0.0,1.0,44,750,300,450,0.4,12,3,9,389.11832705177557,0.7904554263565892,0.3024560644622616,0.2641970189005929,136751.18319455144,1842.4843368680004,138593.66753141943,3969,28,885.7272727272727,35,9,19,28.337782634355058,0.6895833333333334,38.512731481481474,1045.9490740740728,29.88425925925922,0
4105,4,0,0,44,0.0,0.0,1.0,44,650,400,250,0.6153846153846154,9,4,5,388.34286161798104,0.7896405919661734,0.30082461786001646,0.26435387567970997,136841.99245541837,1828.3221879286666,138670.31464334702,3970,29,886.7272727272727,35,9,19,28.267883480825958,0.6904761904761905,38.425925925925924,1046.296296296296,29.89417989417989,0
4106,4,0,0,44,0.0,0.0,1.0,44,850,600,250,0.7058823529411765,11,6,5,392.43828989402334,0.7886715997181114,0.319030633655057,0.26492363875848635,136548.96218067082,1917.408240997213,138466.37042166802,3971,30,887.7272727272727,37,7,17,28.451968806826127,0.6835585585585586,38.706140350877185,1045.17543859649,28.247984826932164,1
4107,4,0,0,44,0.0,0.0,1.0,44,1000,500,500,0.5,15,5,10,392.8422017082211,0.7870199083861875,0.31756447537779486,0.2658445985300132,136634.92763398343,1935.1931603954945,138570.12079437892,3972,31,888.7272727272727,37,7,17,28.35594738682048,0.6844031531531531,38.623903508771924,1045.5043859649115,28.25687529634896,0
4108,4,0,0,44,0.0,0.0,1.0,44,1400,1000,400,0.7142857142857143,18,10,8,384.5847308271718,0.7870199083861875,0.2344618406894441,0.2447574834960211,134433.97102761548,1582.8207022027782,136016.79172981827,3973,32,889.7272727272727,36,8,19,30.76677706591379,0.6646412037037037,40.737612612612615,1037.0495495495497,28.80693193193194,5
4109,4,0,0,44,0.0,0.0,1.0,44,950,800,150,0.8421052631578947,11,8,3,384.0004942804562,0.7860729386892178,0.23054697446728678,0.24477706247870482,134492.36979800757,1529.0272958769676,136021.39709388453,3974,33,890.7272727272727,36,8,19,30.723455650852248,0.6652199074074073,40.68130630630631,1037.2747747747756,28.81318818818821,0
4110,4,1,0,45,0.022222222222222223,0.0,1.0,45,1350,600,750,0.4444444444444444,21,6,15,377.420104799697,0.7917508417508418,0.23241523892141958,0.24271744814942858,134813.78971877284,1176.2996104212323,135990.08932919407,3975,0,871.9111111111112,36,9,15,30.572724643967323,0.6684027777777778,40.37162162162162,1038.5135135135135,28.8475975975976,0
4111,4,0,0,45,0.0,0.0,1.0,45,900,600,300,0.6666666666666666,12,6,6,373.21569261321577,0.7911195286195286,0.2277203105575496,0.24053370556582357,134892.2805574792,1068.783183287162,135961.06374076635,3976,1,872.9111111111112,37,8,15,30.603493772429808,0.6672297297297298,40.296052631578945,1038.815789473684,28.076102418207675,0
4112,4,0,0,45,0.0,0.0,1.0,45,1050,700,350,0.6666666666666666,14,7,7,372.3468227818346,0.7903619528619529,0.2239666127406159,0.24073009456522707,135006.2098434134,1053.8266582025276,136060.03650161595,3977,2,873.9111111111112,37,8,16,30.512326791868887,0.6683558558558558,40.18640350877193,1039.2543859649127,28.08795637743007,0
4113,4,0,0,45,0.0,0.0,1.0,45,750,400,350,0.5333333333333333,11,4,7,372.5687848643178,0.7897306397306397,0.22703184146069932,0.24144392681466836,135091.68836805562,1066.1892361111218,136157.87760416674,3978,3,874.9111111111112,37,8,17,30.421259185036742,0.6692004504504505,40.10416666666667,1039.583333333334,28.096846846846862,0
4114,4,0,0,45,0.0,0.0,1.0,45,1500,1100,400,0.7333333333333333,19,11,8,372.6253422319384,0.7895622895622896,0.22716257704656773,0.24167123769105608,135120.187221068,1069.8412011388102,136190.0284222068,3979,4,875.9111111111112,37,8,18,30.39135555086831,0.6694819819819819,40.07675438596491,1039.6929824561403,28.09981033665244,0
4115,4,0,0,45,0.0,0.0,1.0,45,1150,1000,150,0.8695652173913043,13,10,3,370.5315087294316,0.7883417508417508,0.21802466533150633,0.24126509425642528,135262.72657211832,1023.8204303247085,136286.54700244303,3980,5,876.9111111111112,37,8,19,30.303639190471163,0.6708896396396395,39.93969298245614,1040.241228070175,28.11462778568041,0
4116,4,0,0,45,0.0,0.0,1.0,45,800,500,300,0.625,11,5,6,373.74448668985303,0.7876262626262627,0.21958028855162093,0.24354997868910178,135291.24345952584,1112.871268082467,136404.1147276083,3981,6,877.9111111111112,37,8,19,30.19164558740865,0.6711711711711712,39.912280701754376,1040.350877192981,28.11759127548597,0
4117,4,0,0,45,0.0,0.0,1.0,45,1550,1300,250,0.8387096774193549,18,13,5,374.63624079647246,0.7856902356902358,0.21992789249426448,0.24490683179339656,135405.341066482,1145.5495921822137,136550.89065866423,3982,7,878.9111111111112,37,8,19,30.054695181907558,0.6722972972972973,39.80263157894737,1040.7894736842109,28.129445234708403,0
4118,4,0,0,45,0.0,0.0,1.0,45,700,400,300,0.5714285714285714,10,4,6,349.5945400995899,0.7856902356902358,0.21043160410515904,0.22709278207565164,135177.19394429072,549.5969913819798,135726.7909356727,3983,8,879.9111111111112,37,8,17,30.933238436665267,0.670045045045045,40.02192982456141,1039.9122807017557,28.105737316263667,5
4119,4,0,0,45,0.0,0.0,1.0,45,1550,1100,450,0.7096774193548387,20,11,9,357.96818009319253,0.7845538720538721,0.21419675047993647,0.23401060368075652,135405.341066482,694.1607032933238,136099.50176977532,3984,9,880.9111111111112,37,8,17,30.488393735075135,0.6722972972972973,39.80263157894737,1040.7894736842109,28.129445234708403,0
4120,4,0,0,45,0.0,0.0,1.0,45,1300,1000,300,0.7692307692307693,16,10,6,358.3431837826811,0.7843013468013469,0.2183473143565804,0.2351890267024272,135548.03070415897,714.5425756001832,136262.57327975915,3985,10,881.9111111111112,37,8,19,30.336663332280374,0.673704954954955,39.665570175438596,1041.3377192982455,28.144262683736365,0
4121,4,0,1,44,0.0,0.022222222222222223,0.9777777777777777,45,1300,800,500,0.6153846153846154,18,8,10,361.28000000000026,0.7835016835016836,0.22506666666666697,0.23768421052631583,135633.68055555545,800.3472222222125,136434.02777777766,3986,11,882.9111111111112,37,8,19,30.175000000000008,0.6745495495495495,39.58333333333333,1041.6666666666658,28.15315315315313,0
4122,4,0,0,44,0.0,0.0,1.0,44,1550,1000,550,0.6451612903225806,21,10,11,371.2000000000003,0.7768014446793516,0.23490909090909118,0.24421052631578954,135633.68055555545,1269.444444444435,136903.12499999988,3987,46,903.7272727272727,36,8,19,29.916666666666668,0.6765046296296298,39.58333333333333,1041.6666666666658,28.935185185185162,0
4123,4,0,1,43,0.0,0.022727272727272728,0.9772727272727273,44,650,300,350,0.46153846153846156,10,3,7,371.81710772529726,0.7769556025369979,0.23683331368156302,0.2450179402189776,135692.33929875807,1290.5466277087698,136982.88592646684,3988,47,904.7272727272727,36,8,20,29.842196281884988,0.6770833333333335,39.52702702702702,1041.8918918918907,28.94144144144141,0
4124,4,0,0,43,0.0,0.0,1.0,43,650,500,150,0.7692307692307693,8,5,3,377.3693453631376,0.7721022517534145,0.24973452562118426,0.2484785279892901,135663.82304794638,1639.0736186127915,137302.8966665592,3989,48,924.5348837209302,35,8,20,29.725979520793974,0.6788690476190478,39.55439814814813,1041.7824074074051,29.765211640211575,0
4125,4,0,0,43,0.0,0.0,1.0,43,1400,900,500,0.6428571428571429,19,9,10,387.3209998454108,0.7717331118493909,0.2592630839770331,0.25654320342701903,135874.9142661179,1925.4415294924486,137800.35579561035,3990,49,925.5348837209302,35,8,13,29.256401716992304,0.680952380952381,39.35185185185185,1042.5925925925922,29.788359788359777,0
4126,4,0,0,43,0.0,0.0,1.0,43,1100,800,300,0.7272727272727273,14,8,6,388.2930985558151,0.7708564045773347,0.2607407483876294,0.25784149676392415,135965.43216574503,1958.8877904235292,137924.31995616856,3991,50,926.5348837209302,35,8,13,29.140887988754482,0.681845238095238,39.2650462962963,1042.939814814815,29.798280423280428,0
4127,4,0,0,43,0.0,0.0,1.0,43,950,800,150,0.8421052631578947,11,8,3,387.93761772832295,0.7700719822812846,0.2558423362636393,0.25804293347493557,136025.79417706202,1953.9045085305338,137979.69868559256,3992,51,927.5348837209302,35,8,14,29.09004123673213,0.6824404761904761,39.20717592592593,1043.1712962962972,29.804894179894205,0
4128,4,0,1,42,0.0,0.023255813953488372,0.9767441860465116,43,800,400,400,0.5,12,4,8,387.6876984553844,0.7690568475452196,0.26078076405328865,0.2589753825681969,136176.75781250015,1958.8107638889053,138135.56857638905,3993,52,928.5348837209302,35,8,15,28.946274118429805,0.6839285714285713,39.06250000000001,1043.7500000000011,29.821428571428605,0
4129,4,0,0,42,0.0,0.0,1.0,42,900,700,200,0.7777777777777778,11,7,4,388.4961279224102,0.7701074332171893,0.25470192636498323,0.26077096635526464,136347.66333616799,2194.1078514739424,138541.77118764192,3994,53,916.0238095238095,34,8,16,28.75512937421634,0.6878063725490196,38.89880952380953,1044.4047619047633,30.71778711484598,0
4130,4,0,0,42,0.0,0.0,1.0,42,1050,900,150,0.8571428571428571,12,9,3,385.97564294433556,0.7699380565234224,0.2566469158310547,0.25976397565026776,136440.92970521556,2132.575113378702,138573.50481859426,3995,54,917.0238095238095,34,8,17,28.728207611668186,0.6887254901960783,38.80952380952382,1044.7619047619057,30.72829131652664,0
4131,4,0,0,42,0.0,0.0,1.0,42,1400,900,500,0.6428571428571429,19,9,10,384.16343149034094,0.7695509097948122,0.25697846644639366,0.25877225158792994,136472.02558106591,2085.5123299319885,138557.5379109979,3996,55,918.0238095238095,34,8,17,28.744635600622825,0.689031862745098,38.77976190476191,1044.8809523809537,30.731792717086872,0
4132,4,0,1,41,0.0,0.023809523809523808,0.9761904761904762,42,1050,400,650,0.38095238095238093,17,4,13,382.8072706139963,0.7683410762679055,0.2555049354593777,0.25854214123006847,136565.3344671203,2055.6405895691755,138620.97505668947,3997,56,919.0238095238095,34,8,17,28.687357630979506,0.6899509803921567,38.6904761904762,1045.238095238096,30.742296918767533,0
4133,4,0,0,41,0.0,0.0,1.0,41,1000,800,200,0.8,12,8,4,391.0988281841252,0.7642784552845528,0.27000869445842657,0.2638679435723277,136528.73894655917,2479.2459630911367,139007.98490965032,3998,84,941.0731707317074,33,8,17,28.50707473420889,0.6919191919191918,38.72549019607844,1045.0980392156875,31.669637551990533,0
4134,4,0,0,41,0.0,0.0,1.0,41,800,500,300,0.625,11,5,6,392.0396806526579,0.7631605691056911,0.2751722757555828,0.2649840313761629,136592.7843257402,2509.958309304129,139102.74263504433,3999,85,942.0731707317074,33,8,18,28.418815943728024,0.692550505050505,38.66421568627452,1045.343137254903,31.67706476530009,0
4135,4,0,0,41,0.0,0.0,1.0,41,700,500,200,0.7142857142857143,9,5,4,392.58329753456155,0.7607215447154472,0.278248292854427,0.2660773056284684,136688.8805537535,2532.3542928200804,139221.23484657358,4000,86,943.0731707317074,33,8,20,28.309089222235244,0.6934974747474747,38.57230392156863,1045.7107843137264,31.688205585264438,0
4136,4,0,0,41,0.0,0.0,1.0,41,950,600,350,0.631578947368421,13,6,7,390.18383137649977,0.7607215447154472,0.2787962603149927,0.2651758904960035,136785.01057285667,2474.259900038454,139259.27047289512,4001,87,944.0731707317074,33,8,21,28.27631990003125,0.6944444444444444,38.48039215686275,1046.0784313725496,31.699346405228777,0
4137,4,0,0,41,0.0,0.0,1.0,41,1050,500,550,0.47619047619047616,16,5,11,363.2282833151004,0.7603658536585366,0.21100228178509917,0.23549165539649378,135107.1588010204,1614.9482709750594,136722.10707199547,4002,88,945.0731707317074,34,7,17,30.64859345776557,0.6755514705882353,40.089285714285715,1039.642857142857,30.577731092436974,6
4138,4,0,0,41,0.0,0.0,1.0,41,1200,900,300,0.75,15,9,6,364.0825320512821,0.7602642276422764,0.20735616010006286,0.23665364583333331,135200.0,1644.7916666666667,136844.79166666666,4003,89,946.0731707317074,34,7,17,30.53385416666668,0.6764705882352942,40.0,1040.0,30.58823529411765,0
4139,4,0,0,41,0.0,0.0,1.0,41,850,700,150,0.8235294117647058,10,7,3,365.6737807272268,0.7592987804878049,0.2073366121621849,0.2380966837551792,135261.91184807243,1692.346938775494,136954.25878684793,4004,90,947.0731707317074,34,7,17,30.430781261921112,0.6770833333333334,39.94047619047618,1040.2380952380943,30.595238095238066,0
4140,4,0,0,41,0.0,0.0,1.0,41,1150,900,250,0.782608695652174,14,9,5,362.8566272968158,0.7584857723577236,0.20799093701954097,0.2368730230919689,135354.80619331048,1622.877692743746,136977.68388605423,4005,91,948.0731707317074,34,7,18,30.411518514281358,0.6780024509803922,39.85119047619047,1040.5952380952367,30.605742296918727,0
4141,4,0,0,41,0.0,0.0,1.0,41,1100,600,500,0.5454545454545454,16,6,10,360.18566654764976,0.7586890243902439,0.2052373606202036,0.23553502487854144,135416.75347222207,1555.0347222222024,136971.78819444426,4006,92,949.0731707317074,34,7,18,30.419335468374694,0.6786151960784315,39.79166666666666,1040.8333333333321,30.61274509803918,0
4142,4,0,0,41,0.0,0.0,1.0,41,950,500,450,0.5263157894736842,14,5,9,367.16323986519166,0.7599085365853658,0.20686808743230367,0.24072036700606922,135509.70096371864,1750.8361678004317,137260.5371315191,4007,93,950.0731707317074,34,7,18,30.145209238509043,0.6795343137254903,39.70238095238094,1041.1904761904748,30.623249299719845,0
4143,4,0,0,41,0.0,0.0,1.0,41,950,700,250,0.7368421052631579,12,7,5,367.3600000000003,0.7574186991869919,0.2089756097560982,0.24168421052631583,135633.68055555542,1765.277777777768,137398.9583333332,4008,94,951.0731707317074,34,7,19,30.01666666666668,0.6807598039215688,39.58333333333333,1041.6666666666656,30.637254901960752,0
4144,4,0,0,41,0.0,0.0,1.0,41,800,600,200,0.75,10,6,4,366.76899692069486,0.7555386178861788,0.21138397148852128,0.24192381537655164,135726.70245181397,1756.0693027210773,137482.77175453503,4009,95,952.0731707317074,34,7,20,29.939496934384405,0.6816789215686274,39.49404761904761,1042.0238095238087,30.647759103641434,0
4145,4,0,0,41,0.0,0.0,1.0,41,1050,700,350,0.6666666666666666,14,7,7,367.40591944025454,0.754979674796748,0.2116663044629079,0.24255440563951627,135757.71683673456,1775.6377551020282,137533.3545918366,4010,96,953.0731707317074,34,7,20,29.89204934886909,0.6819852941176472,39.46428571428571,1042.1428571428562,30.65126050420165,0
4146,4,0,0,41,0.0,0.0,1.0,41,1500,1300,200,0.8666666666666667,17,13,4,367.3938788669672,0.7553861788617886,0.2142886991405606,0.2427572384513431,135788.7347647391,1777.5899943310533,137566.32475907018,4011,97,954.0731707317074,34,7,20,29.861507709880073,0.6822916666666667,39.4345238095238,1042.261904761904,30.65476190476188,0
4147,4,0,0,41,0.0,0.0,1.0,41,650,300,350,0.46153846153846156,10,3,7,365.59652634432126,0.7541158536585366,0.2186212273081629,0.24262314930123133,135943.87755102033,1740.121882086151,137683.99943310648,4012,98,955.0731707317074,34,7,16,29.754090563165896,0.6838235294117647,39.28571428571428,1042.8571428571422,30.672268907563005,0
4148,4,0,0,41,0.0,0.0,1.0,41,1050,800,250,0.7619047619047619,13,8,5,363.35473466096425,0.7542682926829268,0.22227850074027855,0.24197879138059933,136068.05555555545,1688.1944444444248,137756.24999999988,4013,99,956.0731707317074,34,7,16,29.689164004259844,0.6850490196078433,39.16666666666666,1043.3333333333323,30.686274509803894,0
4149,4,0,0,41,0.0,0.0,1.0,41,1350,1000,350,0.7407407407407407,17,10,7,358.4902107818751,0.7555386178861788,0.15557652688243429,0.22208964780038506,133443.13221583064,1369.1738190893445,134812.30603491998,4014,100,957.0731707317074,36,5,19,32.4348319709355,0.6548032407407408,41.69481981981981,1033.2207207207202,28.700575575575563,6
4150,4,0,0,41,0.0,0.0,1.0,41,1200,800,400,0.6666666666666666,16,8,8,359.46610879271276,0.7536077235772358,0.15195809989187947,0.22379664192578536,133626.03635204068,1406.8126049725731,135032.84895701325,4015,101,958.0731707317074,34,7,20,32.22630013433122,0.6608455882352942,41.51785714285713,1033.9285714285702,30.409663865546182,0
4151,4,0,0,41,0.0,0.0,1.0,41,800,500,300,0.625,11,5,6,361.07841081086025,0.7532520325203252,0.1583695289007685,0.22517502905340556,133687.58680555545,1454.340277777768,135141.92708333323,4016,102,959.0731707317074,34,7,20,32.12295192049424,0.6614583333333334,41.45833333333333,1034.1666666666658,30.416666666666643,0
4152,4,0,0,41,0.0,0.0,1.0,41,900,700,200,0.7777777777777778,11,7,4,358.4199869006355,0.7528455284552845,0.1584465341185073,0.22402502398027097,133771.38658479063,1389.2677254800844,135160.6543102707,4017,103,960.0731707317074,35,6,17,32.107760871186684,0.6601190476190477,41.3773148148148,1034.4907407407393,29.556878306878264,0
4153,4,0,0,41,0.0,0.0,1.0,41,1150,700,450,0.6086956521739131,16,7,9,358.1072162159518,0.7517276422764227,0.16301617561630088,0.22474054979784233,133921.0943528162,1391.6220582561523,135312.71641107235,4018,104,961.0731707317074,35,6,18,31.96599295538408,0.6616071428571428,41.23263888888888,1035.0694444444432,29.573412698412664,0
4154,4,0,0,41,0.0,0.0,1.0,41,700,500,200,0.7142857142857143,9,5,4,357.0315251670995,0.7511178861788618,0.16175099376748348,0.2246135038076559,134010.95920138867,1369.227430555531,135380.1866319442,4019,105,962.0731707317074,35,6,18,31.903923541247483,0.6625000000000001,41.14583333333332,1035.416666666665,29.583333333333282,0
4155,4,0,0,41,0.0,0.0,1.0,41,950,600,350,0.631578947368421,13,6,7,357.55217970231996,0.7509146341463414,0.16020449832678385,0.2255668689233152,134113.00447406853,1390.479415226025,135503.48388929456,4020,106,963.0731707317074,36,5,18,31.788386968181488,0.6614583333333335,41.04729729729729,1035.8108108108097,28.772522522522493,0
4156,4,0,0,41,0.0,0.0,1.0,41,1100,700,400,0.6363636363636364,15,7,8,359.2929323782649,0.7509654471544716,0.1542710091884143,0.2275686756143957,134258.85080604244,1447.6512407677862,135706.50204681023,4021,107,964.0731707317074,36,5,18,31.59748632692239,0.6629050925925927,40.90653153153153,1036.3738738738732,28.788163163163144,0
4157,4,0,0,41,0.0,0.0,1.0,41,950,500,450,0.5263157894736842,14,5,9,358.00191176360073,0.75,0.1472156657050443,0.22747574890320726,134375.58493882397,1421.3432604902207,135796.9281993142,4022,108,965.0731707317074,36,5,19,31.51429166214112,0.6640625,40.79391891891892,1036.8243243243244,28.800675675675677,0
4158,4,0,0,41,0.0,0.0,1.0,41,750,500,250,0.6666666666666666,10,5,5,357.4648495541234,0.7492378048780488,0.14320031570388436,0.22749784378327045,134433.9710276155,1411.0838456699998,135845.0548732855,4023,109,966.0731707317074,36,5,19,31.469893582365078,0.6646412037037037,40.737612612612615,1037.04954954955,28.806931931931942,0
4159,4,0,0,41,0.0,0.0,1.0,41,1400,900,500,0.6428571428571429,19,9,10,354.4957029938296,0.7484756097560976,0.1430583650169981,0.2261505828240414,134521.57393880372,1337.4639842545291,135859.03792305823,4024,110,967.0731707317074,36,5,19,31.45941887393256,0.6655092592592593,40.653153153153156,1037.3873873873877,28.816316316316325,0
4160,4,0,0,41,0.0,0.0,1.0,41,750,700,50,0.9333333333333333,8,7,1,354.8712465646484,0.7479674796747967,0.13982361550137923,0.22694547765325546,134610.82845721897,1353.9056695428128,135964.7341267618,4025,111,968.0731707317074,35,6,19,31.360603018811812,0.6684523809523808,40.56712962962964,1037.731481481483,29.64947089947094,0
4161,4,0,0,41,0.0,0.0,1.0,41,1350,1100,250,0.8148148148148148,16,11,5,361.7170468275437,0.7464430894308943,0.1488367541649338,0.23266573915294286,134821.09917534736,1553.417968750019,136374.5171440974,4026,112,969.0731707317074,35,6,15,30.973127716482786,0.6705357142857142,40.36458333333334,1038.5416666666679,29.672619047619083,0
4162,4,0,1,40,0.0,0.024390243902439025,0.975609756097561,41,550,400,150,0.7272727272727273,7,4,3,361.48323239875725,0.7449186991869918,0.15129672328813415,0.23284366869037296,134872.2709195684,1550.812890593313,136423.0838101617,4027,113,970.0731707317074,36,5,15,30.92814939288811,0.6689814814814814,40.315315315315324,1038.7387387387403,28.853853853853895,0
4163,4,0,0,40,0.0,0.0,1.0,40,1050,800,250,0.7619047619047619,13,8,5,368.505024014401,0.7423344017094017,0.1619749303621172,0.23742516802076458,134881.2066642019,1940.8804601766237,136822.0871243785,4028,114,991.875,35,5,16,30.736884865366775,0.6711309523809523,40.30671296296297,1038.7731481481487,29.67923280423282,0
4164,4,0,0,40,0.0,0.0,1.0,40,900,600,300,0.6666666666666666,12,6,6,365.55616072205004,0.743883547008547,0.1634062813230872,0.23630876653155425,135001.46182966832,1870.1232156635929,136871.5850453319,4029,115,992.875,35,5,17,30.69349315068493,0.6723214285714285,40.19097222222223,1039.236111111112,29.69246031746034,0
4165,4,0,0,40,0.0,0.0,1.0,40,900,800,100,0.8888888888888888,10,8,2,371.1428165141962,0.7441239316239316,0.15981063658340067,0.23145137451965725,133687.58680555565,1926.3913001543403,135613.97810570998,4030,116,993.875,34,6,20,31.86274509803923,0.6614583333333333,41.45833333333334,1034.1666666666677,30.416666666666696,2
4166,4,0,0,40,0.0,0.0,1.0,40,800,500,300,0.625,11,5,6,371.1428165141962,0.7439636752136752,0.15981063658340067,0.23145137451965725,133687.58680555565,1923.4375000000193,135611.02430555568,4031,117,994.875,34,6,20,31.86274509803923,0.6614583333333333,41.45833333333334,1034.1666666666677,30.416666666666696,0
4167,4,0,0,40,0.0,0.0,1.0,40,650,400,250,0.6153846153846154,9,4,5,372.29304975365807,0.7443376068376069,0.1581319756069497,0.23294448491065833,133810.73022959198,1963.3609693877718,135774.09119897976,4032,118,995.875,34,6,17,31.7095270969969,0.6626838235294117,41.33928571428572,1034.6428571428582,30.430672268907596,0
4168,4,0,1,39,0.0,0.025,0.975,40,1350,900,450,0.6666666666666666,18,9,9,369.7242029774973,0.7427083333333333,0.1457921361232466,0.2326961734803385,134026.36763038574,1910.5583900227025,135936.92602040843,4033,119,996.875,34,6,18,31.559937150302744,0.6648284313725489,41.130952380952394,1035.4761904761924,30.45518207282919,0
4169,4,0,0,39,0.0,0.0,1.0,39,650,500,150,0.7692307692307693,8,5,3,378.6501706415555,0.7385852451641925,0.1547748026621265,0.23821409469475086,134010.95920138893,2348.6545138888937,136359.61371527784,4034,120,1019.3589743589744,33,6,18,31.34431589537223,0.6669823232323232,41.145833333333336,1035.416666666667,31.376262626262637,0
4170,4,0,0,39,0.0,0.0,1.0,39,1100,700,400,0.6363636363636364,15,7,8,375.63951904037776,0.7398223121907332,0.15725525164843845,0.23734353467618483,134169.61775519027,2279.8821366782,136449.49989186847,4035,121,1020.3589743589744,33,6,19,31.263307310149045,0.6685606060606061,40.99264705882353,1036.0294117647056,31.394830659536535,0
4171,4,0,0,39,0.0,0.0,1.0,39,700,500,200,0.7142857142857143,9,5,4,375.529239033502,0.7401034637876743,0.1596492664247191,0.23789144378324542,134264.85794225775,2284.0759863994576,136548.9339286572,4036,122,1021.3589743589744,33,6,19,31.170800323203654,0.6695075757575758,40.900735294117645,1036.397058823529,31.40597147950088,0
4172,4,0,0,39,0.0,0.0,1.0,39,900,600,300,0.6666666666666666,12,6,6,376.62312984479877,0.7388101664417455,0.1591562102200399,0.23920658246899382,134360.13192041515,2320.6266820453598,136680.7586024605,4037,123,1022.3589743589744,33,6,19,31.04708431836091,0.6704545454545454,40.80882352941176,1036.7647058823525,31.417112299465227,0
4173,4,0,0,39,0.0,0.0,1.0,39,1150,800,350,0.6956521739130435,15,8,7,376.0059283664652,0.7384727845254161,0.15891134700208442,0.2396471519347712,134487.21645520956,2313.5981353325665,136800.81459054214,4038,124,1023.3589743589744,33,6,20,30.93592470069313,0.6717171717171717,40.68627450980392,1037.2549019607845,31.43196672608438,0
4174,4,0,0,39,0.0,0.0,1.0,39,850,600,250,0.7058823529411765,11,6,5,376.2842534797827,0.7387539361223572,0.16373185047883854,0.2402430233755535,134550.78125,2325.8830738177626,136876.66432381776,4039,125,1024.3589743589744,32,7,20,30.865127175368137,0.6748046875,40.625,1037.5,32.421875,0
4175,4,0,0,39,0.0,0.0,1.0,39,1350,900,450,0.6666666666666666,18,9,9,373.6946771602742,0.7384165542060279,0.15140741849571837,0.23966596221620695,134714.57791296803,2268.424140393836,136983.00205336185,4040,126,1025.3589743589744,32,7,20,30.768568069407287,0.6764322916666667,40.467171717171716,1038.131313131313,32.44160353535353,0
4176,4,0,0,39,0.0,0.0,1.0,39,800,500,300,0.625,11,5,6,373.50416200885047,0.7383040935672515,0.14628322032577357,0.24019325508387773,134812.90373750127,2270.636127691052,137083.53986519232,4041,127,1026.3589743589744,32,7,17,30.675278622087134,0.6774088541666667,40.37247474747475,1038.5101010101012,32.45344065656566,0
4177,4,0,0,39,0.0,0.0,1.0,39,700,500,200,0.7142857142857143,9,5,4,374.3996563772556,0.736617183985605,0.14238919380526283,0.24120485301610647,134878.47421500352,2299.690879757164,137178.16509476068,4042,128,1027.3589743589744,32,7,17,30.586534176086875,0.6780598958333334,40.30934343434343,1038.7626262626259,32.46133207070706,0
4178,4,0,0,39,0.0,0.0,1.0,39,1000,700,300,0.7,13,7,6,374.7012161003,0.7370107962213226,0.13973891640963365,0.24205580914485622,134976.85982297722,2315.1987042138535,137292.05852719108,4043,129,1028.3589743589744,32,7,19,30.48045767517213,0.6790364583333334,40.214646464646464,1039.1414141414139,32.47316919191918,0
4179,4,0,0,39,0.0,0.0,1.0,39,800,600,200,0.75,10,6,4,375.23327074422065,0.7361673414304993,0.13482950103865932,0.24306022958592982,135075.2813010152,2336.9479198551167,137412.22922087033,4044,130,1029.3589743589744,32,7,19,30.36838535973117,0.6800130208333334,40.119949494949495,1039.5202020202019,32.48500631313131,0
4180,4,0,0,39,0.0,0.0,1.0,39,1000,700,300,0.7,13,7,6,378.5640270589727,0.7356612685560054,0.1354715383370071,0.24588748634524427,135173.7386491173,2434.382971125382,137608.1216202427,4045,131,1030.3589743589744,32,7,19,30.18354379148455,0.6809895833333334,40.02525252525252,1039.898989898989,32.496843434343404,0
4181,4,0,0,39,0.0,0.0,1.0,39,1000,700,300,0.7,13,7,6,378.5640270589727,0.7341430499325237,0.1354715383370071,0.24588748634524427,135173.7386491173,2434.382971125382,137608.1216202427,4046,132,1031.3589743589744,32,7,19,30.18354379148455,0.6809895833333334,40.02525252525252,1039.898989898989,32.496843434343404,0
4182,4,0,0,39,0.0,0.0,1.0,39,900,700,200,0.7777777777777778,11,7,4,376.0246646250735,0.7335807467386415,0.1338450333352008,0.24468334811859035,135239.39680899907,2370.669765840218,137610.0665748393,4047,133,1032.3589743589744,32,7,20,30.184055596018446,0.681640625,39.96212121212121,1040.151515151515,32.504734848484844,0
4183,4,0,0,39,0.0,0.0,1.0,39,600,200,400,0.3333333333333333,10,2,8,364.70267406457657,0.7334120557804769,0.08490056407743785,0.22219646500471657,132820.66243240482,1888.0101520252927,134708.6725844301,4048,134,1033.3589743589744,32,7,18,32.89951821002777,0.6575520833333335,42.29797979797979,1030.8080808080804,32.21275252525251,8
4184,4,0,0,39,0.0,0.0,1.0,39,800,500,300,0.625,11,5,6,360.99240125727977,0.7327372919478183,0.08001316487173415,0.22042017882284096,132902.9775206649,1795.3929978854014,134698.3705185503,4049,135,1034.3589743589744,33,6,18,32.912407891609234,0.6559343434343435,42.21813725490195,1031.1274509803902,31.24628639334516,0
4185,4,0,0,39,0.0,0.0,1.0,39,900,600,300,0.6666666666666666,12,6,6,359.4677173152561,0.7336932073774179,0.08933690364128788,0.22004652921036422,132997.76715986626,1761.6807537965997,134759.44791366285,4050,136,1035.3589743589744,33,6,18,32.856495782345256,0.6568813131313131,42.12622549019607,1031.4950980392146,31.257427213309533,0
4186,4,0,0,39,0.0,0.0,1.0,39,1300,1000,300,0.7692307692307693,16,10,6,362.09567763666433,0.7318376068376069,0.09326999208234388,0.22221906747089726,133092.5905901575,1838.4503556324296,134931.04094578992,4051,137,1036.3589743589744,33,6,18,32.69348772763262,0.6578282828282829,42.034313725490186,1031.862745098038,31.26856803327388,0
4187,4,0,0,39,0.0,0.0,1.0,39,650,400,250,0.6153846153846154,9,4,5,362.0854928083267,0.7315002249212775,0.09212312661384092,0.2224606050429043,133134.1429280043,1841.1883503401104,134975.3312783444,4052,138,1037.3589743589744,34,5,18,32.652026377513735,0.6559436274509804,41.994047619047606,1032.0238095238076,30.353641456582576,0
4188,4,0,0,39,0.0,0.0,1.0,39,900,600,300,0.6666666666666666,12,6,6,361.77251057693064,0.7306005398110662,0.0903259372247156,0.22318739379404645,133287.76218820846,1843.9696712017994,135131.73185941027,4053,139,1038.3589743589744,34,5,19,32.50590846207056,0.6574754901960785,41.84523809523809,1032.6190476190463,30.371148459383715,0
4189,4,0,0,39,0.0,0.0,1.0,39,1150,800,350,0.6956521739130435,15,8,7,358.6189883388183,0.7292510121457491,0.08522191792153788,0.22215947179104925,133441.47002550995,1770.9289965986072,135212.39902210856,4054,140,1039.3589743589744,34,5,19,32.43317202442676,0.6590073529411766,41.696428571428555,1033.2142857142837,30.388655462184815,0
4190,4,0,0,39,0.0,0.0,1.0,39,1100,1000,100,0.9090909090909091,12,10,2,355.6946714937997,0.7304880791722898,0.0880197977660635,0.22090786887913882,133535.5467248173,1699.5800280896615,135235.12675290697,4055,141,1040.3589743589744,33,6,19,32.414433641609364,0.6622474747474747,41.60539215686274,1033.5784313725485,31.320558526440863,0
4191,4,0,0,39,0.0,0.0,1.0,39,700,400,300,0.5714285714285714,10,4,6,354.8181931409848,0.728744939271255,0.08953391555904,0.2211193437018929,133662.24078479424,1685.1589532871872,135347.3997380814,4056,142,1041.3589743589744,33,6,19,32.31018408785652,0.663510101010101,41.482843137254896,1034.0686274509799,31.335412953059997,0
4192,4,0,0,39,0.0,0.0,1.0,39,1000,600,400,0.6,14,6,8,351.39557968829865,0.7289136302294197,0.0948320107386793,0.21992830832530055,133820.69283749035,1604.7999867839285,135425.4928242743,4057,143,1042.3589743589744,33,6,18,32.240095345256435,0.6650883838383839,41.3296568627451,1034.6813725490192,31.353980986333916,0
4193,4,0,0,39,0.0,0.0,1.0,39,700,500,200,0.7142857142857143,9,5,4,352.5632466781456,0.7292510121457491,0.09159591395498556,0.22084896550076122,133852.39451172622,1638.286956939636,135490.68146866586,4058,144,1043.3589743589744,33,6,18,32.17817385125534,0.6654040404040404,41.299019607843135,1034.8039215686272,31.357694592988704,0
4194,4,0,0,39,0.0,0.0,1.0,39,1300,1100,200,0.8461538461538461,15,11,4,354.0598389033135,0.7302069275753487,0.09180015359724147,0.2223601084919175,133947.52206182727,1685.087616541724,135632.609678369,4059,145,1044.3589743589744,33,6,19,32.044290872499126,0.6663510101010102,41.20710784313726,1035.1715686274515,31.368835412953075,0
4195,4,0,0,39,0.0,0.0,1.0,39,850,600,250,0.7058823529411765,11,6,5,354.5712775796012,0.7276203328834908,0.09549071618037175,0.2235340663001833,134088.01020408157,1708.7514172335575,135796.76162131512,4060,146,1045.3589743589744,34,5,19,31.89056513409962,0.6654411764705883,41.07142857142857,1035.714285714285,30.46218487394956,0
4196,4,0,0,39,0.0,0.0,1.0,39,750,300,450,0.4,12,3,9,354.43922687810715,0.727676563202879,0.09393754585067948,0.22401485777198,134180.50063775506,1711.7665816326473,135892.2672193877,4061,147,1046.3589743589744,34,5,19,31.80153395380902,0.666360294117647,40.982142857142854,1036.0714285714282,30.472689075630242,0
4197,4,0,0,39,0.0,0.0,1.0,39,1050,800,250,0.7619047619047619,13,8,5,359.34158468476903,0.7271142600089969,0.08903086197125032,0.22829658975930228,134370.72000385812,1856.9974922839579,136227.71749614208,4062,148,1047.3589743589744,35,4,19,31.484427327528465,0.6660714285714285,40.798611111111114,1036.805555555556,29.623015873015888,0
4198,4,0,0,39,0.0,0.0,1.0,39,1150,500,650,0.43478260869565216,18,5,13,360.69340684853375,0.7271704903283851,0.09100907417771342,0.22955256279669342,134433.97102761577,1897.8894012255848,136331.86042884135,4063,149,1048.3589743589744,36,3,19,31.386189235168498,0.6646412037037035,40.73761261261263,1037.049549549552,28.806931931932,0
4199,4,0,0,39,0.0,0.0,1.0,39,750,500,250,0.6666666666666666,10,5,5,361.9831246145363,0.7260458839406209,0.09516321271006123,0.23132016470313047,134583.53261146814,1943.596436880622,136527.12904834875,4064,150,1049.3589743589744,32,7,19,31.203354425245397,0.6751302083333334,40.59343434343434,1037.6262626262621,32.42582070707069,0
4200,4,0,0,39,0.0,0.0,1.0,39,900,700,200,0.7777777777777778,11,7,4,360.85937981328055,0.7272829509671616,0.0864911659386931,0.2314034675547541,134709.75894187338,1922.2560133121972,136632.0149551856,4065,151,1050.3589743589744,33,6,19,31.106495691181692,0.6739267676767677,40.4718137254902,1038.1127450980398,31.457961972667874,0
4201,4,0,0,39,0.0,0.0,1.0,39,850,500,350,0.5882352941176471,12,5,7,359.39761614043545,0.7256522717049033,0.08322314098156425,0.2316176956012881,134890.65334467124,1895.8758503401432,136786.5291950114,4066,152,1051.3589743589744,34,5,17,30.963977385590947,0.673406862745098,40.29761904761905,1038.809523809524,30.553221288515413,0
4202,4,0,0,39,0.0,0.0,1.0,39,1250,800,450,0.64,17,8,9,357.96772988899255,0.7255398110661269,0.08530165221274322,0.23109041024194749,134952.49433106594,1861.7276077097715,136814.2219387757,4067,153,1052.3589743589744,34,5,17,30.939457302169266,0.6740196078431371,40.23809523809525,1039.0476190476204,30.560224089635895,0
4203,4,0,0,39,0.0,0.0,1.0,39,1150,900,250,0.782608695652174,14,9,5,358.10866664304837,0.7249212775528565,0.0810056686345344,0.23157693776250474,135014.349489796,1869.9617346938828,136884.31122448988,4068,154,1053.3589743589744,34,5,18,30.874140893470795,0.6746323529411764,40.17857142857143,1039.285714285715,30.56722689075632,0
4204,4,0,0,39,0.0,0.0,1.0,39,950,800,150,0.8421052631578947,11,8,3,355.19132356284797,0.7244152046783626,0.07918711582000748,0.22999086351246847,135061.60950628007,1794.5423686128327,136856.1518748929,4069,155,1054.3589743589744,35,4,18,30.902855101510596,0.6729166666666666,40.133101851851855,1039.467592592593,29.699074074074087,0
4205,4,0,0,39,0.0,0.0,1.0,39,750,600,150,0.8,9,6,3,355.720217077568,0.7240215924426451,0.08092779238276337,0.23071730758179018,135121.77057881086,1813.109112439986,136934.87969125086,4070,156,1055.3589743589744,35,4,18,30.829181973357077,0.6735119047619047,40.07523148148148,1039.699074074074,29.705687830687825,0
4206,4,0,0,39,0.0,0.0,1.0,39,650,400,250,0.6153846153846154,9,4,5,345.3306521114624,0.7239091318038686,0.09442850934376401,0.20132913512427136,131150.2338927467,1268.414298268153,132418.64819101486,4071,157,1056.3589743589744,35,4,18,35.08050847457628,0.6339285714285714,43.9236111111111,1024.3055555555538,29.265873015872966,8
4207,4,0,0,39,0.0,0.0,1.0,39,1050,800,250,0.7619047619047619,13,8,5,347.04336272750584,0.7257085020242915,0.09964495259277273,0.20295389257525343,131268.81456832998,1311.1941658093347,132580.00873413932,4072,158,1057.3589743589744,35,4,18,34.91689255327159,0.6351190476190476,43.807870370370374,1024.7685185185192,29.279100529100546,0
4208,4,1,0,40,0.025,0.0,1.0,40,850,400,450,0.47058823529411764,13,4,9,339.5275601296754,0.7413194444444444,0.09928071758998058,0.19994902095875833,131535.81700370798,932.0203993055528,132467.83740301355,4073,0,1031.9,35,5,19,34.84018297040129,0.6377976190476191,43.5474537037037,1025.810185185185,29.30886243386243,0
4209,4,0,1,39,0.0,0.025,0.975,40,950,700,250,0.7368421052631579,12,7,5,339.4808773355165,0.7427884615384616,0.1022742236365628,0.20049833021118366,131645.74361100973,938.2425077104158,132583.98611872015,4074,1,1032.9,36,4,14,34.730604630747266,0.6368634259259258,43.44031531531532,1026.2387387387394,28.50663163163165,0
4210,4,0,0,39,0.0,0.0,1.0,39,1000,500,500,0.5,15,5,10,347.6965009403956,0.7249212775528565,0.10193913511449071,0.20460068999560324,131506.1366705246,1344.8447145061657,132850.98138503078,4075,161,1060.3589743589744,35,4,18,34.66062965470548,0.6375,43.576388888888886,1025.694444444444,29.30555555555554,0
4211,4,0,0,39,0.0,0.0,1.0,39,900,500,400,0.5555555555555556,13,5,8,349.32207263894736,0.7237966711650923,0.10610358777720919,0.2063583489733209,131654.5718262389,1397.9695805469942,133052.5414067859,4076,162,1061.3589743589744,35,4,14,34.46921638284277,0.6389880952380952,43.43171296296297,1026.2731481481487,29.322089947089964,0
4212,4,0,0,39,0.0,0.0,1.0,39,1200,700,500,0.5833333333333334,17,7,10,350.0371685886656,0.7248650472334683,0.10610278960713049,0.2071033788000586,131713.96933138304,1420.9569776663432,133134.9263090494,4077,163,1062.3589743589744,35,4,14,34.39097324012477,0.6395833333333332,43.3738425925926,1026.504629629631,29.32870370370374,0
4213,4,0,0,39,0.0,0.0,1.0,39,950,800,150,0.8421052631578947,11,8,3,349.39647288053584,0.7240215924426451,0.10859932537308281,0.20704716839834572,131773.38023244607,1408.2308545524816,133181.61108699854,4078,164,1063.3589743589744,35,4,15,34.347522827189735,0.6401785714285714,43.31597222222223,1026.7361111111118,29.33531746031748,0
4214,4,0,0,39,0.0,0.0,1.0,39,950,700,250,0.7368421052631579,12,7,5,350.92276319816483,0.7239653621232569,0.10568401104678715,0.2087661156934927,131921.9660922497,1458.8841735253795,133380.85026577508,4079,165,1064.3589743589744,35,4,15,34.15859245906564,0.6416666666666666,43.1712962962963,1027.3148148148152,29.351851851851865,0
4215,4,0,1,38,0.0,0.02564102564102564,0.9743589743589743,39,950,600,350,0.631578947368421,13,6,7,350.54155125112493,0.7241902834008097,0.10713945286436011,0.20870270626802376,131951.69331114963,1450.9102527006085,133402.60356385025,4080,166,1065.3589743589744,35,4,15,34.13843359242988,0.6419642857142858,43.14236111111111,1027.430555555555,29.355158730158713,0
4216,4,1,1,38,0.02564102564102564,0.02564102564102564,0.9743589743589743,39,700,400,300,0.5714285714285714,10,4,6,343.9257200881418,0.7322874493927126,0.08849572841921227,0.20637865458631424,132249.14969403707,1296.7768079132227,133545.9265019503,4081,0,1030.3333333333333,35,4,17,34.00906286335845,0.6449404761904762,42.85300925925925,1028.587962962962,29.388227513227484,0
4217,4,1,0,39,0.02564102564102564,0.0,1.0,39,950,700,250,0.7368421052631579,12,7,5,351.83738154438,0.7282950967161493,0.05962416578854968,0.20547303082191778,131215.758694983,1433.3217913203982,132649.0804863034,4082,0,1031.3076923076924,37,2,17,34.847674086758,0.6306306306306306,43.859649122807014,1024.5614035087713,27.690848743480306,5
4218,4,0,0,39,0.0,0.0,1.0,39,750,400,350,0.5333333333333333,11,4,7,353.4555664625824,0.7289136302294197,0.05659958019508604,0.206569247566781,131243.84576263832,1477.7735697522105,132721.61933239052,4083,1,1032.3076923076924,37,2,17,34.77784465846264,0.6309121621621623,43.83223684210525,1024.6710526315774,27.693812233285875,0
4219,4,0,1,38,0.0,0.02564102564102564,0.9743589743589743,39,650,500,150,0.7692307692307693,8,5,3,358.99131573555155,0.7289136302294197,0.07111579942092061,0.2081257727376172,130935.05333371807,1600.9094144352116,132535.96274815328,4084,2,1033.3076923076924,37,2,15,34.94839654310407,0.6278153153153152,44.13377192982456,1023.4649122807017,27.66121384542437,3
4220,4,0,0,38,0.0,0.0,1.0,38,1050,700,350,0.6666666666666666,14,7,7,360.116141432174,0.7182906590801328,0.09142742794653946,0.20923487321420117,131019.23338190616,1836.4281557787226,132855.66153768488,4085,171,1061.4473684210527,37,1,16,34.83441772874942,0.6286599099099097,44.05153508771931,1023.7938596491243,27.670104314841197,0
4221,4,0,0,38,0.0,0.0,1.0,38,650,300,350,0.46153846153846156,10,3,7,359.83346192492223,0.7176386913229018,0.09712416680283309,0.20968211901688727,131131.5155264121,1837.1014398661273,132968.61696627823,4086,172,1062.4473684210527,37,1,17,34.72805820219105,0.6297860360360359,43.94188596491229,1024.232456140352,27.681958274063568,0
4222,4,0,0,38,0.0,0.0,1.0,38,1350,1200,150,0.8888888888888888,15,12,3,363.2166539950929,0.7159791370317686,0.09950726482595118,0.21243744787322766,131273.37643363295,1936.1353093724983,133209.51174300545,4087,173,1063.4473684210527,38,0,17,34.49793230469836,0.6293859649122806,43.80341880341881,1024.7863247863256,26.968061178587515,0
4223,4,0,0,38,0.0,0.0,1.0,38,500,200,300,0.4,8,2,6,363.8707118778502,0.7164532954006638,0.09542148053059463,0.21312427409988385,131328.12500000015,1957.2916666666815,133285.41666666683,4088,174,1064.4473684210527,38,0,18,34.42581300813007,0.6299342105263157,43.75000000000001,1025.0000000000011,26.973684210526347,0
4224,4,1,1,38,0.02564102564102564,0.02564102564102564,0.9743589743589743,39,950,800,150,0.8421052631578947,11,8,3,354.1604841465376,0.7286887089518669,0.09105605515094739,0.20896808389932536,131609.2511638197,1522.1592220683349,133131.410385888,4089,0,1038.128205128205,37,2,14,34.39080644012254,0.634572072072072,43.47587719298246,1026.0964912280706,27.732337600758665,0
4225,4,0,0,38,0.0,0.0,1.0,38,600,300,300,0.5,9,3,6,361.2819011369735,0.7162162162162162,0.09498301088690075,0.212568188343382,131501.32395909424,1901.809664394123,133403.13362348836,4090,176,1066.4473684210527,36,2,19,34.317129629629605,0.6354166666666666,43.58108108108108,1025.6756756756758,28.490990990990994,0
4226,4,0,0,38,0.0,0.0,1.0,38,750,700,50,0.9333333333333333,8,7,1,361.2819011369735,0.7162162162162162,0.09498301088690075,0.212568188343382,131501.32395909424,1901.809664394123,133403.13362348836,4091,177,1067.4473684210527,36,2,19,34.317129629629605,0.6354166666666666,43.58108108108108,1025.6756756756758,28.490990990990994,0
4227,4,1,1,38,0.02564102564102564,0.02564102564102564,0.9743589743589743,39,1350,900,450,0.6666666666666666,18,9,9,355.262940101336,0.72953216374269,0.09268658596012869,0.2108613876418953,131834.3685076175,1567.1730724838194,133401.54158010133,4092,0,1041.051282051282,37,2,15,34.13543668588511,0.6368243243243243,43.25657894736841,1026.9736842105247,27.75604551920337,0
4228,4,0,0,38,0.0,0.0,1.0,38,850,700,150,0.8235294117647058,10,7,3,362.1604415691585,0.7184091986723565,0.10052308260779186,0.2143801678795097,131732.4334469605,1941.6552532262017,133674.0887001867,4093,179,1069.4473684210527,36,2,15,34.061220198917646,0.6377314814814815,43.35585585585586,1026.5765765765768,28.516016016016025,0
4229,4,0,0,38,0.0,0.0,1.0,38,750,500,250,0.6666666666666666,10,5,5,361.5181585782244,0.7171052631578947,0.10005394652550681,0.2145740857568851,131834.36850761762,1932.1036280393892,133766.472135657,4094,180,1070.4473684210527,37,1,15,33.974838066766324,0.6368243243243243,43.25657894736842,1026.9736842105256,27.756045519203393,0
4230,4,0,0,38,0.0,0.0,1.0,38,1150,800,350,0.6956521739130435,15,8,7,359.98358639479517,0.715119724988146,0.09807468134827069,0.21436298144636162,131958.55391418273,1900.582698699673,133859.1366128824,4095,181,1071.4473684210527,38,0,17,33.8889899830162,0.6362390350877194,43.135683760683754,1027.4572649572635,27.038349077822726,0
4231,4,0,0,38,0.0,0.0,1.0,38,1050,900,150,0.8571428571428571,12,9,3,364.002427259749,0.7164829302987198,0.10038074606535075,0.2173846897992577,132068.3478180472,2014.63983399078,134082.98765203796,4096,182,1072.4473684210527,38,0,17,33.675033780272315,0.6373355263157896,43.028846153846146,1027.884615384614,27.049595141700372,0
4232,4,1,0,39,0.02564102564102564,0.0,1.0,39,950,500,450,0.5263157894736842,14,5,9,354.5378550705633,0.7259334233018444,0.1058860168171909,0.21358743951811995,132398.0034722223,1588.842661078243,133986.84613330054,4097,0,1045.923076923077,37,2,19,33.5863697705803,0.642454954954955,42.708333333333336,1029.1666666666672,27.81531531531533,0
4233,4,0,0,39,0.0,0.0,1.0,39,1300,900,400,0.6923076923076923,17,9,8,356.2371745472868,0.7271142600089969,0.10417537161599366,0.21509394416877647,132482.65241468526,1639.0491545475493,134121.7015692328,4098,1,1046.923076923077,37,2,19,33.457481272410966,0.6432995495495495,42.62609649122807,1029.4956140350876,27.824205784732097,0
4234,4,0,0,39,0.0,0.0,1.0,39,850,600,250,0.7058823529411765,11,6,5,351.90273066923777,0.7270580296896086,0.10849026492180003,0.21308682937509124,132590.49236613343,1531.791264884217,134122.28363101764,4099,2,1047.923076923077,38,1,19,33.46062413554634,0.6425438596491228,42.52136752136752,1029.9145299145302,27.103013945119216,0
4235,4,0,0,39,0.0,0.0,1.0,39,750,500,250,0.6666666666666666,10,5,5,351.40093763710325,0.7271142600089969,0.11089304804301703,0.21309483274823596,132645.51487508227,1522.3516600920536,134167.8665351743,4100,3,1048.923076923077,38,1,16,33.41824828873678,0.6430921052631577,42.46794871794872,1030.1282051282058,27.108636977058048,0
4236,4,0,0,39,0.0,0.0,1.0,39,1000,700,300,0.7,13,7,6,355.57404210291816,0.7294759334233019,0.10690139048347991,0.2165769165535956,132810.65088757395,1644.8039940828362,134455.4548816568,4101,4,1049.923076923077,38,1,17,33.14482276119403,0.6447368421052632,42.30769230769231,1030.7692307692307,27.125506072874494,0
4237,4,0,0,39,0.0,0.0,1.0,39,1200,900,300,0.75,15,9,6,355.2320313297745,0.7299257759784076,0.11310846293678023,0.2173984903725234,132988.2866753473,1648.3398437500095,134636.6265190973,4102,5,1050.923076923077,39,0,17,32.975240692116074,0.6447649572649572,42.13541666666667,1031.4583333333342,26.447649572649595,0
4238,4,0,0,39,0.0,0.0,1.0,39,800,600,200,0.75,10,6,4,364.7594936708863,0.7299257759784076,0.1387601428107763,0.21896656534954406,132264.03130425338,1848.9122178819403,134112.94352213532,4103,6,1051.923076923077,39,0,19,33.45833333333334,0.6375534188034189,42.838541666666664,1028.6458333333328,26.375534188034173,1
4239,4,0,0,39,0.0,0.0,1.0,39,1150,900,250,0.782608695652174,14,9,5,366.585729171864,0.7291947818263608,0.1360183988246355,0.22053190211691037,132344.4064670137,1903.114149305536,134247.52061631923,4104,7,1052.923076923077,39,0,19,33.330380643855044,0.6383547008547009,42.76041666666666,1028.9583333333317,26.383547008546966,0
4240,4,0,0,39,0.0,0.0,1.0,39,1200,800,400,0.6666666666666666,16,8,8,371.1972381286147,0.7264957264957265,0.1401272493924255,0.22429485624373807,132510.87474030466,2037.5558465104632,134548.4305868151,4105,8,1053.923076923077,37,2,20,33.04401845935393,0.643581081081081,42.598684210526315,1029.6052631578943,27.827169274537685,0
4241,4,0,0,39,0.0,0.0,1.0,39,1300,1000,300,0.7692307692307693,16,10,6,369.5049654562104,0.7259896536212326,0.14519814264304887,0.22377563768731026,132595.55975155806,1998.94354512926,134594.50329668733,4106,9,1054.923076923077,37,2,20,33.002302246353665,0.6444256756756757,42.51644736842105,1029.934210526315,27.836059743954458,0
4242,4,0,0,39,0.0,0.0,1.0,39,950,500,450,0.5263157894736842,14,5,9,373.62347790360707,0.7270017993702205,0.14756961500256538,0.22678076216939858,132680.27181440438,2114.4929208987337,134794.76473530312,4107,10,1055.923076923077,37,2,19,32.810947921101175,0.6452702702702702,42.43421052631579,1030.2631578947364,27.844950213371256,0
4243,4,0,0,39,0.0,0.0,1.0,39,700,600,100,0.8571428571428571,8,6,2,377.9029543521416,0.7279014844804319,0.14930762957568633,0.2302440488570631,132821.51870046556,2238.728863688833,135060.2475641544,4108,11,1056.923076923077,37,2,19,32.55848225366097,0.6466779279279278,42.29714912280702,1030.8114035087722,27.859767662399246,0
4244,4,0,0,39,0.0,0.0,1.0,39,900,600,300,0.6666666666666666,12,6,6,378.5584371066663,0.7264957264957265,0.14904360807188888,0.2314265100310738,132948.3427044527,2265.743366023834,135214.08607047654,4109,12,1057.923076923077,38,1,19,32.413930039020684,0.6461074561403508,42.17414529914531,1031.3034188034205,27.13956365272159,0
4245,4,0,0,39,0.0,0.0,1.0,39,750,500,250,0.6666666666666666,10,5,5,378.4762820679576,0.7263270355375618,0.15013876163539552,0.23171772373913332,133003.43940618387,2267.7294497406783,135271.16885592454,4110,13,1058.923076923077,38,1,19,32.36060762989816,0.6466557017543859,42.1207264957265,1031.5170940170947,27.145186684660388,0
4246,4,0,0,39,0.0,0.0,1.0,39,600,400,200,0.6666666666666666,8,4,4,377.60669602683595,0.7260458839406209,0.15296454443099017,0.2313559807636503,133030.99203740235,2246.6786744831684,135277.67071188553,4111,14,1059.923076923077,38,1,19,32.3553144849489,0.6469298245614035,42.0940170940171,1031.623931623932,27.147998200629793,0
4247,4,0,0,39,0.0,0.0,1.0,39,750,500,250,0.6666666666666666,10,5,5,369.58166586216555,0.7260458839406209,0.1465943038976747,0.22249221676126352,132371.20361328125,1984.3939887152783,134355.59760199653,4112,15,1060.923076923077,39,0,19,33.22630917434289,0.6386217948717949,42.734375,1029.0625,26.38621794871795,1
4248,4,0,0,39,0.0,0.0,1.0,39,750,600,150,0.8,9,6,3,369.6175974036614,0.7261583445793972,0.14782518426243096,0.22267206477732795,132398.00347222234,1987.3318142361168,134385.33528645846,4113,16,1061.923076923077,37,2,20,33.1983805668016,0.642454954954955,42.708333333333336,1029.1666666666674,27.815315315315335,0
4249,4,0,0,39,0.0,0.0,1.0,39,1100,800,300,0.7272727272727273,14,8,6,370.81429369794307,0.727676563202879,0.137718486488847,0.22456857902674274,132595.55975155823,2033.6657673514976,134629.22551890972,4114,17,1062.923076923077,37,2,20,32.968589197629434,0.6444256756756757,42.516447368421055,1029.9342105263163,27.836059743954493,0
4250,4,0,0,39,0.0,0.0,1.0,39,1200,900,300,0.75,15,9,6,376.3283077621769,0.7272829509671616,0.1361713808731504,0.2293548155296253,132832.97444403882,2212.071990098365,135045.04643413718,4115,18,1063.923076923077,36,3,16,32.58753004151189,0.6487268518518519,42.286036036036045,1030.8558558558573,28.634884884884926,2
4251,4,0,0,39,0.0,0.0,1.0,39,900,600,300,0.6666666666666666,12,6,6,376.40344206893053,0.728182636077373,0.137795297055344,0.23019835995450982,132962.84072983998,2209.5341835949553,135172.37491343493,4116,19,1064.923076923077,37,2,16,32.454904670777516,0.6480855855855856,42.16008771929825,1031.3596491228072,27.874585111427223,0
4252,4,0,0,39,0.0,0.0,1.0,39,900,500,400,0.5555555555555556,13,5,8,371.6880204474602,0.7278452541610436,0.14183662905062677,0.2282348753656719,133113.6670524692,2095.3510802469227,135209.0181327161,4117,20,1065.923076923077,38,1,16,32.42485419470615,0.6477521929824561,42.01388888888889,1031.944444444445,27.156432748538027,0
4253,4,0,0,39,0.0,0.0,1.0,39,850,600,250,0.7058823529411765,11,6,5,370.9131852645069,0.7282388663967612,0.13383118640829217,0.22826517172137994,133196.367749653,2080.857805537289,135277.2255551903,4118,21,1066.923076923077,38,1,16,32.361743600358785,0.6485745614035088,41.93376068376068,1032.2649572649573,27.164867296446243,0
4254,4,0,1,38,0.0,0.02564102564102564,0.9743589743589743,39,950,700,250,0.7368421052631579,12,7,5,371.331455446033,0.7285762483130904,0.133325904228222,0.22886142764224893,133251.51581561842,2096.095861640736,135347.61167725915,4119,22,1067.923076923077,38,1,16,32.29554704746136,0.6491228070175439,41.88034188034188,1032.4786324786328,27.170490328385075,0
4255,4,0,0,38,0.0,0.0,1.0,38,500,300,200,0.6,7,3,4,378.27362204451026,0.7220839260312945,0.14183010922269013,0.2322200298148002,133104.2379025277,2469.964436172668,135574.20233870036,4120,206,1096.4473684210527,37,1,16,32.26443789182872,0.6494932432432432,42.02302631578947,1031.907894736842,27.889402560455192,0
4256,4,0,0,38,0.0,0.0,1.0,38,1250,900,350,0.72,16,9,7,372.2882605109063,0.7189722617354196,0.13982567884679797,0.23011518464650516,133358.94217451528,2329.593721144971,135688.53589566026,4121,207,1097.4473684210527,37,1,16,32.16295116772823,0.652027027027027,41.776315789473685,1032.8947368421057,27.916073968705557,0
4257,4,0,0,38,0.0,0.0,1.0,38,700,500,200,0.7142857142857143,9,5,4,375.34396460781255,0.7197131341868184,0.14425230538938894,0.23253558044046133,133443.8977016966,2417.4723232148294,135861.37002491145,4122,208,1098.4473684210527,37,1,16,31.99872209841169,0.6528716216216216,41.69407894736842,1033.2236842105258,27.92496443812232,0
4258,4,0,0,38,0.0,0.0,1.0,38,1200,900,300,0.75,15,9,6,374.73442670662337,0.7195353247984827,0.13647464156524625,0.23324995061650905,133617.7198101818,2414.2349319154723,136031.95474209727,4123,209,1099.4473684210527,36,2,18,31.83998656645972,0.6565393518518519,41.5259009009009,1033.8963963963963,28.719344344344343,0
4259,4,0,0,38,0.0,0.0,1.0,38,900,700,200,0.7777777777777778,11,7,4,376.3888530575823,0.7196242294926506,0.13512630662020908,0.23483391484244814,133705.0564077591,2465.01856586316,136170.07497362228,4124,210,1100.4473684210527,36,2,15,31.709585511033684,0.6574074074074074,41.44144144144144,1034.2342342342342,28.72872872872873,0
4260,4,0,1,37,0.0,0.02631578947368421,0.9736842105263158,38,950,600,350,0.631578947368421,13,6,7,355.4984866283972,0.7196242294926506,0.1346599332839138,0.2060440208213566,130924.43795146485,1770.827753429087,132695.26570489394,4125,211,1101.4473684210527,36,2,15,35.048507188967136,0.6296296296296298,44.144144144144136,1023.4234234234224,28.4284284284284,7
4261,4,0,0,37,0.0,0.0,1.0,37,1050,700,350,0.6666666666666666,14,7,7,350.92862428897877,0.7198448448448448,0.08263576005511486,0.20714601750639705,131624.87809713633,1862.7390571721428,133487.61715430848,4126,212,1109.5945945945946,35,2,19,34.457947966012476,0.6386904761904763,43.46064814814814,1026.1574074074063,29.318783068783034,8
4262,4,0,0,37,0.0,0.0,1.0,37,1350,800,550,0.5925925925925926,19,8,11,353.67242847072225,0.7214089089089089,0.0756708015499723,0.20974477175081843,131803.09070644696,1923.023834019178,133726.11454046614,4127,213,1110.5945945945946,35,2,19,34.20780733393448,0.6404761904761906,43.287037037037024,1026.85185185185,29.33862433862428,0
4263,4,1,0,38,0.02631578947368421,0.0,1.0,38,950,800,150,0.8421052631578947,11,8,3,341.3935040213552,0.7335526315789473,0.03978344017669544,0.1905951162450649,129466.28146701372,1260.79429762515,130727.07576463887,4128,0,1082.342105263158,35,3,15,36.886941316956666,0.6169642857142857,45.57291666666666,1017.7083333333319,29.07738095238091,8
4264,4,0,0,38,0.0,0.0,1.0,38,1100,900,200,0.8181818181818182,13,9,4,342.69500373670905,0.7332562825983878,0.04049204155974584,0.1921844064932634,129643.02722318668,1285.603539737643,130928.63076292432,4129,1,1083.342105263158,35,3,15,36.674266962154775,0.6187500000000001,45.39930555555555,1018.4027777777774,29.09722222222221,0
4265,4,0,0,38,0.0,0.0,1.0,38,1300,800,500,0.6153846153846154,18,8,10,340.7061696797859,0.7335822664770033,0.04159939726617168,0.1915003643372587,129731.44531249985,1240.0607638888741,130971.50607638873,4130,2,1084.342105263158,35,3,16,36.63513974096796,0.6196428571428572,45.31249999999999,1018.7499999999989,29.107142857142826,0
4266,4,0,0,38,0.0,0.0,1.0,38,650,400,250,0.6153846153846154,9,4,5,338.9817134043327,0.7348269321953532,0.04429010191260607,0.1907404566469156,129774.4704163623,1198.2344675756758,130972.70488393797,4131,3,1085.342105263158,36,2,16,36.635398246389606,0.6180555555555556,45.27027027027027,1018.9189189189187,28.3033033033033,0
4267,4,0,0,38,0.0,0.0,1.0,38,650,400,250,0.6153846153846154,9,4,5,338.40784203762837,0.7353010905642484,0.04271228225224988,0.19097679464617295,129889.23890106326,1191.1074080837607,131080.34630914702,4132,4,1086.342105263158,36,2,16,36.533592944468985,0.619212962962963,45.15765765765766,1019.3693693693697,28.315815815815824,0
4268,4,0,1,37,0.0,0.02631578947368421,0.9736842105263158,38,1000,600,400,0.6,14,6,8,337.7529409983771,0.7339971550497867,0.04158058874468695,0.19092793910905204,129954.95158366024,1178.5334189365824,131133.48500259683,4133,5,1087.342105263158,37,1,16,36.48364967559237,0.6179617117117118,45.09320175438596,1019.6271929824552,27.557491702228518,0
4269,4,0,0,37,0.0,0.0,1.0,37,750,500,250,0.6666666666666666,10,5,5,342.02672183445924,0.7324824824824825,0.038355935440740785,0.19358712455830374,130004.05811216607,1492.9723642561291,131497.0304764222,4134,6,1077.972972972973,36,1,17,36.3249042991755,0.6203703703703705,45.045045045045036,1019.8198198198186,28.328328328328293,0
4270,4,1,1,37,0.02631578947368421,0.02631578947368421,0.9736842105263158,38,750,600,150,0.8,9,6,3,334.4831068310601,0.7402797534376482,0.035437390079906095,0.19016702964426815,130178.65022170248,1108.511873845758,131287.16209554824,4135,0,1050.578947368421,37,1,17,36.340366569965255,0.6202139639639641,44.87390350877191,1020.5043859649095,27.581199620673228,0
4271,4,0,0,37,0.0,0.0,1.0,37,1000,700,300,0.7,13,7,6,343.7483362863976,0.7336086086086085,0.034695770707248386,0.19527922727843555,130147.65346004782,1547.6078696940049,131695.26132974183,4136,8,1079.972972972973,36,1,17,36.13540632012655,0.6218171296296298,44.90427927927927,1020.3828828828823,28.34396896896895,0
4272,4,0,0,37,0.0,0.0,1.0,37,800,600,200,0.75,10,6,4,344.5710959812023,0.7327327327327328,0.03543961041478427,0.19603564613167807,130205.11379200126,1572.9837523333913,131778.09754433465,4137,9,1080.972972972973,36,1,17,36.05617161352018,0.6223958333333335,44.84797297297296,1020.6081081081064,28.350225225225177,0
4273,4,2,2,37,0.05128205128205128,0.05128205128205128,0.9487179487179487,39,950,700,250,0.7368421052631579,12,7,5,329.6695480937217,0.7514057579847054,0.026383957198102825,0.18951301380916474,130607.69120049098,811.5010703270787,131419.19227081805,4138,0,1026.4871794871794,36,3,16,36.02924975212075,0.6264467592592593,44.453828828828826,1022.1846846846843,28.39401901901901,0
4274,4,1,1,37,0.02631578947368421,0.02631578947368421,0.9736842105263158,38,650,300,350,0.46153846153846156,10,3,7,337.62697221777995,0.7403093883357041,0.03106145517849912,0.19354356563237393,130498.9979852536,1211.9963134430557,131710.99429869666,4139,0,1054.4736842105262,35,3,16,35.93584805920557,0.6273809523809524,44.560185185185176,1021.7592592592579,29.193121693121654,0
4275,4,1,1,37,0.02631578947368421,0.02631578947368421,0.9736842105263158,38,950,600,350,0.631578947368421,13,6,7,335.53931047181794,0.7412280701754386,0.03911414720140982,0.19274397353431788,130578.91506371248,1162.8718245272444,131741.78688823973,4140,0,1055.4473684210527,36,2,16,35.90834802409284,0.6261574074074073,44.48198198198199,1022.0720720720731,28.39089089089092,0
4276,4,0,0,37,0.0,0.0,1.0,37,900,600,300,0.6666666666666666,12,6,6,344.351028356303,0.7294169169169169,0.04529299942143972,0.1975487478465105,130528.56445312487,1589.5290798610972,132118.09353298598,4141,13,1084.972972972973,35,2,16,35.734157322460085,0.6276785714285715,44.53124999999999,1021.874999999999,29.19642857142854,0
4277,4,0,0,37,0.0,0.0,1.0,37,700,400,300,0.5714285714285714,10,4,6,345.7963738136884,0.7278528528528528,0.04222226982956245,0.1986810525145531,130587.70743580669,1631.3511391889506,132219.05857499564,4142,14,1085.972972972973,35,2,16,35.63736175593553,0.6282738095238096,44.473379629629626,1022.106481481481,29.20304232804231,0
4278,4,2,2,37,0.05128205128205128,0.05128205128205128,0.9487179487179487,39,550,300,250,0.5454545454545454,8,3,5,330.68778018430635,0.7494376968061179,0.030256355344695063,0.19241702050724227,131075.368442694,869.0045254309131,131944.3729681249,4143,0,1031.2307692307693,37,2,16,35.5309945747225,0.6292229729729729,43.996710526315795,1024.0131578947373,27.67603129445236,0
4279,4,0,0,37,0.0,0.0,1.0,37,1250,1100,150,0.88,14,11,3,341.15198797232983,0.7287287287287287,0.032221785854546825,0.197138973202331,130809.21292914536,1525.1646071747455,132334.3775363201,4144,16,1087.972972972973,36,1,16,35.53202517246441,0.6284722222222222,44.25675675675676,1022.972972972973,28.415915915915917,0
4280,4,0,0,37,0.0,0.0,1.0,37,850,500,350,0.5882352941176471,12,5,7,340.5805306641789,0.7256631631631631,0.03898815188427873,0.19739769532372806,130924.43795146493,1518.0629108838543,132442.5008623488,4145,17,1088.972972972973,36,1,17,35.43019182805165,0.6296296296296295,44.14414414414414,1023.4234234234231,28.42842842842842,0
4281,4,0,0,37,0.0,0.0,1.0,37,750,400,350,0.5333333333333333,11,4,7,337.920392699336,0.724974974974975,0.048749739838849004,0.19614919346340745,130982.06948502547,1452.3024713902964,132434.37195641577,4146,18,1089.972972972973,36,1,18,35.440044004400434,0.6302083333333335,44.08783783783783,1023.6486486486478,28.43468468468466,2
4282,4,1,0,38,0.02631578947368421,0.0,1.0,38,900,700,200,0.7777777777777778,11,7,4,329.22641927517014,0.7365753911806543,0.052594978405680504,0.19269125491327557,131300.02891514672,1045.4876740919976,132345.51658923872,4147,0,1062.2631578947369,37,1,19,35.341887771477474,0.6314752252252254,43.77741228070174,1024.890350877191,27.699739212897054,0
4283,4,0,0,38,0.0,0.0,1.0,38,800,500,300,0.625,11,5,6,329.22641927517014,0.7356567093409199,0.052594978405680504,0.19269125491327557,131300.02891514672,1045.4876740919976,132345.51658923872,4148,1,1063.2631578947369,37,1,19,35.341887771477474,0.6314752252252254,43.77741228070174,1024.890350877191,27.699739212897054,0
4284,4,0,0,38,0.0,0.0,1.0,38,1200,1000,200,0.8333333333333334,14,10,4,328.61036008580714,0.7345009483167378,0.05928421977412213,0.1930532863833132,131443.57829112877,1038.74732437548,132482.32561550426,4149,2,1064.2631578947369,36,2,19,35.21304634307051,0.6348379629629631,43.63738738738738,1025.450450450449,28.48473473473469,0
4285,4,0,0,38,0.0,0.0,1.0,38,1000,800,200,0.8,12,8,4,325.94455530815276,0.7333451872925557,0.061724124353847776,0.1921778956533321,131581.12502164097,977.6302564250282,132558.755278066,4150,3,1065.2631578947369,37,1,17,35.14291884863384,0.6342905405405406,43.5032894736842,1025.9868421052608,27.729374110952996,0
4286,4,1,0,39,0.02564102564102564,0.0,1.0,39,650,500,150,0.7692307692307693,8,5,3,319.77233514286974,0.7437584345479082,0.06522295848138593,0.1897315855181022,131821.37573964457,630.5658284023318,132451.9415680469,4151,0,1038.923076923077,38,1,18,35.05969101123596,0.6348684210526319,43.26923076923075,1026.923076923074,27.02429149797563,0
4287,4,0,0,39,0.0,0.0,1.0,39,950,600,350,0.631578947368421,13,6,7,320.9257021300422,0.7440958164642375,0.06848098328385466,0.19055335235182783,131848.8056674152,662.7341067645309,132511.53977417972,4152,1,1039.923076923077,38,1,18,35.002513956794616,0.6351425438596492,43.242521367521356,1027.0299145299127,27.027103013945073,0
4288,4,0,0,39,0.0,0.0,1.0,39,1050,700,350,0.6666666666666666,14,7,7,325.35268974025365,0.7440395861448493,0.06680688061288964,0.19402154510920624,132013.44515897782,790.1858928701665,132803.63105184797,4153,2,1040.923076923077,38,1,18,34.72337734345219,0.6367872807017545,43.08226495726495,1027.6709401709386,27.04397210976154,0
4289,4,1,1,39,0.025,0.025,0.975,40,800,600,200,0.75,10,6,4,318.31345330905145,0.7575320512820513,0.06903665080490029,0.19135617640496058,132317.6120334202,423.6952039930599,132741.30723741328,4154,0,1015.875,39,1,18,34.59900526475649,0.6380876068376069,42.786458333333336,1028.8541666666672,26.380876068376082,0
4290,4,0,0,39,0.0,0.0,1.0,39,1050,800,250,0.7619047619047619,13,8,5,324.00586400729486,0.7444331983805669,0.06346872902751599,0.19448431787171058,132260.59701219967,770.641801811686,133031.23881401136,4155,4,1042.923076923077,38,1,18,34.50980646724832,0.6392543859649122,42.84188034188035,1028.6324786324794,27.069275753486302,0
4291,4,0,1,38,0.0,0.02564102564102564,0.9743589743589743,39,1150,600,550,0.5217391304347826,17,6,11,323.7306252896775,0.744489428699955,0.06720286255121666,0.19474388833009892,132343.03232750748,768.6985216232005,133111.7308491307,4156,5,1043.923076923077,38,1,19,34.43416225383311,0.6400767543859649,42.761752136752136,1028.9529914529915,27.07771030139451,0
4292,4,0,0,38,0.0,0.0,1.0,38,1050,800,250,0.7619047619047619,13,8,5,327.0009342883834,0.7397463252726411,0.07702961858086499,0.19699812382739232,132398.0034722224,1058.8655809409206,133456.8690531633,4157,6,1064.8684210526317,36,2,19,34.294871794871796,0.6443865740740741,42.70833333333334,1029.166666666668,28.587962962963005,0
4293,4,1,1,38,0.02564102564102564,0.02564102564102564,0.9743589743589743,39,950,900,50,0.9473684210526315,10,9,1,318.8332880029853,0.7498313090418354,0.07631459030841836,0.1936700974378831,132708.51518015156,662.3784481763606,133370.89362832793,4158,0,1038.5384615384614,37,2,17,34.19386949735732,0.6455518018018017,42.406798245614034,1030.3728070175437,27.847913703176857,0
4294,4,0,0,38,0.0,0.0,1.0,38,950,600,350,0.631578947368421,13,6,7,325.3513555048523,0.7412280701754386,0.0789243525343366,0.19721596082192763,132629.89921932088,1030.2634982956167,133660.1627176165,4159,8,1066.8684210526317,36,2,17,34.10476112386576,0.6467013888888888,42.48310810810812,1030.0675675675693,28.612987987988035,0
4295,4,0,0,38,0.0,0.0,1.0,38,1100,900,200,0.8181818181818182,13,9,4,325.36104392487084,0.7396277856804173,0.08902502157031966,0.19767951871929418,132716.9124360849,1036.1826353380638,133753.09507142298,4160,9,1067.8684210526317,36,2,17,34.017304189435336,0.6475694444444444,42.39864864864866,1030.4054054054068,28.62237237237241,0
4296,4,0,0,38,0.0,0.0,1.0,38,650,200,450,0.3076923076923077,11,2,9,330.4478301015694,0.7396277856804173,0.09341528162511503,0.19620339912280713,131848.06428049688,1113.7813489164969,132961.84562941338,4161,10,1068.8684210526317,36,2,17,34.75877192982454,0.6388888888888888,43.24324324324325,1027.0270270270282,28.52852852852856,1
4297,4,0,0,38,0.0,0.0,1.0,38,1000,700,300,0.7,13,7,6,331.8579937369869,0.7397463252726411,0.09253492047014289,0.19794353273488524,132021.60564280508,1162.4850357113983,133184.09067851648,4162,11,1069.8684210526317,36,2,17,34.54804039739937,0.640625,43.07432432432433,1027.7027027027036,28.547297297297323,0
4298,4,0,0,38,0.0,0.0,1.0,38,1150,800,350,0.6956521739130435,15,8,7,337.9242649978211,0.740961356092935,0.09923107516903085,0.20233353860295783,132166.3106307322,1332.4406754727859,133498.75130620497,4163,12,1070.8684210526317,36,2,17,34.246659730588114,0.6420717592592592,42.933558558558566,1028.2657657657667,28.562937937937964,0
4299,4,1,1,38,0.02564102564102564,0.02564102564102564,0.9743589743589743,39,1050,700,350,0.6666666666666666,14,7,7,332.0868149042673,0.7543859649122807,0.09299378366272304,0.20036189063761317,132454.43309479833,997.2741612803877,133451.70725607872,4164,0,1044.3846153846155,37,2,17,34.107371112057955,0.6430180180180181,42.65350877192982,1029.38596491228,27.82124229492649,0
4300,4,0,0,38,0.0,0.0,1.0,38,900,700,200,0.7777777777777778,11,7,4,339.3757967995334,0.7418504030346136,0.09770856494415403,0.20413934531648048,132340.06123944905,1382.6027463274231,133722.66398577648,4165,14,1072.8684210526317,36,2,17,34.03469410090841,0.6438078703703705,42.76463963963965,1028.9414414414425,28.581706706706736,0
4301,4,1,0,39,0.02564102564102564,0.0,1.0,39,750,400,350,0.5333333333333333,11,4,7,332.4059711468393,0.7515182186234818,0.10660291886345563,0.20176269411470948,132680.2718144045,1020.7429208987487,133701.01473530324,4166,0,1046.3333333333333,37,2,15,33.872569887895565,0.6452702702702702,42.434210526315795,1030.2631578947373,27.84495021337128,0
4302,4,1,0,40,0.025,0.0,1.0,40,1200,900,300,0.75,15,9,6,328.0150774033547,0.7588141025641025,0.11074979287489639,0.2009716743278423,133030.99203740235,727.2342300387231,133758.22626744106,4167,0,1021.15,38,2,17,33.63431199944766,0.6469298245614035,42.0940170940171,1031.623931623932,27.147998200629793,0
4303,4,0,0,40,0.0,0.0,1.0,40,800,500,300,0.625,11,5,6,326.77751629952525,0.7577457264957265,0.10745341614906812,0.20080603100848707,133141.23109796204,701.5121630506419,133842.74326101269,4168,1,1022.15,38,2,18,33.55590062111801,0.6480263157894736,41.987179487179496,1032.0512820512834,27.159244264507457,0
4304,4,0,0,40,0.0,0.0,1.0,40,1400,1000,400,0.7142857142857143,18,10,8,328.11169939753034,0.7575053418803419,0.11086945277749027,0.2026744918898358,133334.25931633092,749.7060824384857,134083.96539876942,4169,2,1023.15,38,2,18,33.3283766077032,0.6499451754385963,41.80021367521369,1032.7991452991475,27.178924876293355,0
4305,4,0,0,40,0.0,0.0,1.0,40,1100,800,300,0.7272727272727273,14,8,6,349.41004379785215,0.7568108974358975,0.13077156743620866,0.2099010701063012,132290.82031250015,1244.7482638889041,133535.56857638905,4170,3,1024.15,39,1,17,33.826110436073996,0.6378205128205128,42.81250000000001,1028.7500000000011,26.378205128205156,8
4306,4,0,1,39,0.0,0.025,0.975,40,1500,1400,100,0.9333333333333333,16,14,2,341.37457306666744,0.7569978632478632,0.07129467222100416,0.2029999253920562,131905.89871966562,1044.188624857968,132950.08734452358,4171,4,1025.15,36,4,15,34.4199919608273,0.6394675925925926,43.18693693693694,1027.2522522522524,28.53478478478479,5
4307,4,0,0,39,0.0,0.0,1.0,39,950,600,350,0.631578947368421,13,6,7,351.6574847047307,0.7487067026540711,0.07499869974515039,0.20887607224027965,131862.5217013888,1474.0885416666613,133336.61024305545,4172,6,1052.3333333333333,35,4,16,34.199628127112916,0.6410714285714285,43.229166666666664,1027.0833333333326,29.345238095238074,0
4308,4,0,0,39,0.0,0.0,1.0,39,1300,900,400,0.6923076923076923,17,9,8,348.4437989842801,0.7491565452091768,0.024721433488212208,0.19591745678738756,129745.0507706917,1251.537302989616,130996.58807368131,4173,7,1053.3333333333333,38,1,17,36.424251957494405,0.6140350877192983,45.299145299145295,1018.803418803418,26.810616284300476,6
4309,4,2,1,40,0.04878048780487805,0.024390243902439025,0.975609756097561,41,750,500,250,0.6666666666666666,10,5,5,343.1979079975869,0.7696138211382114,0.032073377202251674,0.19502264822884902,130158.86423631733,760.8992092179604,130919.76344553528,4174,0,1002.9024390243902,40,1,17,36.138083856189624,0.6148437500000001,44.89329268292681,1020.4268292682899,25.510670731707247,5
4310,4,0,0,40,0.0,0.0,1.0,40,1150,700,450,0.6086956521739131,16,7,9,353.4177219611899,0.7598290598290598,0.033696951583980894,0.2004297792681595,130081.0994199881,1194.5931654438482,131275.69258543194,4175,1,1028.975,40,0,17,35.95628279205685,0.6140625000000001,44.96951219512195,1020.1219512195121,25.503048780487802,0
4311,4,0,0,40,0.0,0.0,1.0,40,1400,1100,300,0.7857142857142857,17,11,6,358.1629008523464,0.7597222222222222,0.0327939009182634,0.20422462497857433,130292.12648158854,1333.7937764131352,131625.9202580017,4176,2,1029.975,35,5,17,35.6210794316593,0.6252976190476192,44.762731481481474,1020.9490740740731,29.169973544973516,0
4312,4,0,0,40,0.0,0.0,1.0,40,900,800,100,0.8888888888888888,10,8,2,359.314399441453,0.7607371794871794,0.024994334277620656,0.2055054812100337,130410.31867551846,1371.6610671724668,131781.97974269092,4177,3,1030.975,35,5,18,35.47178942398489,0.6264880952380953,44.646990740740726,1021.4120370370351,29.183201058201004,0
4313,4,1,2,39,0.024390243902439025,0.04878048780487805,0.9512195121951219,41,1050,700,350,0.6666666666666666,14,7,7,351.9371635815631,0.7708333333333334,0.020671293995804918,0.20285327488020108,130710.70545744832,1000.3909856878888,131711.0964431362,4178,0,1006.8048780487804,37,4,15,35.35590463935949,0.6255630630630631,44.35307017543859,1022.5877192982446,27.637505926979582,0
4314,4,2,1,40,0.04878048780487805,0.024390243902439025,0.975609756097561,41,900,700,200,0.7777777777777778,11,7,4,345.59927369101626,0.7731707317073171,0.011876534182900578,0.20124047483005533,131103.44048168653,861.850761772838,131965.29124345936,4179,0,965.2682926829268,37,4,17,35.120895788722336,0.6295045045045047,43.96929824561403,1024.1228070175428,27.678994784257913,0
4315,4,0,1,39,0.0,0.025,0.975,40,1100,900,200,0.8181818181818182,13,9,4,341.01285228246076,0.763301282051282,-0.018510617185949485,0.1986547702487076,131119.8742894441,942.7124644722041,132062.5867539163,4180,1,990.4,40,0,18,35.22172884831647,0.6244791666666667,43.953252032520325,1024.1869918699185,25.604674796747965,1
4316,4,0,0,39,0.0,0.0,1.0,39,1050,700,350,0.6666666666666666,14,7,7,348.9080005289351,0.7521929824561404,-0.008969404942558823,0.20350897255050684,131168.01757812497,1353.1141493055545,132521.13172743053,4181,2,1016.4358974358975,39,0,18,34.9709341739543,0.6266025641025641,43.90625,1024.3749999999998,26.266025641025635,0
4317,4,0,0,39,0.0,0.0,1.0,39,1150,1000,150,0.8695652173913043,13,10,3,346.4363342468368,0.7517431399010347,-0.006465000364960005,0.2023484432097322,131221.37586805568,1291.9704861111195,132513.3463541668,4182,3,1017.4358974358975,39,0,18,34.980344313406526,0.6271367521367521,43.85416666666667,1024.5833333333344,26.271367521367548,0
4318,4,1,0,40,0.025,0.0,1.0,40,950,600,350,0.631578947368421,13,6,7,392.79992993072875,0.7606570512820513,0.06536952814098917,0.21962335560971155,129525.18332315258,2259.046933942062,131784.23025709463,4183,0,992.975,35,5,17,35.51887909797233,0.6175595238095237,45.515046296296305,1017.939814814816,29.083994708994744,8
4319,4,1,0,41,0.024390243902439025,0.0,1.0,41,800,600,200,0.75,10,6,4,349.56857443985444,0.7699186991869919,0.06059326506914364,0.18825827775262893,128036.38100162544,751.4990366352574,128787.8800382607,4184,0,969.7317073170732,38,3,19,38.13711777332067,0.596765350877193,46.98183760683761,1012.07264957265,26.633490778227632,5
4320,4,3,2,42,0.06818181818181818,0.045454545454545456,0.9545454545454546,44,1150,800,350,0.6956521739130435,15,8,7,330.74135792303287,0.8000352360817478,0.06562849087717448,0.18411628035519936,129352.72285997702,-238.2190526879457,129114.50380728907,4185,0,904.5454545454545,41,3,18,37.27325921591573,0.6051829268292683,45.684523809523796,1017.2619047619023,24.811265969802495,5
4321,4,1,2,41,0.023255813953488372,0.046511627906976744,0.9534883720930233,43,1000,700,300,0.7,13,7,6,351.2989043479938,0.7930047988187523,0.0997906689989394,0.19121034323907582,128461.13281249996,432.0285926870737,128893.16140518703,4186,0,926.5581395348837,39,4,13,37.659268392930535,0.5993589743589745,46.5625,1013.7499999999997,25.993589743589734,2
4322,4,1,1,41,0.023809523809523808,0.023809523809523808,0.9761904761904762,42,1150,500,650,0.43478260869565216,18,5,13,352.3180258939692,0.7884001161440186,0.10507655480782252,0.19180411633435865,128469.25593770537,652.4069280078807,129121.66286571325,4187,0,949.4285714285714,38,4,14,37.6251449046264,0.6011513157894737,46.554487179487175,1013.7820512820506,26.678475033738174,0
4323,4,3,1,43,0.06818181818181818,0.022727272727272728,0.9772727272727273,44,1200,900,300,0.75,15,9,6,339.27475155756383,0.7983394996476392,0.11134522543163405,0.1875294771047034,129072.27143441417,-41.80743522372697,129030.46399919044,4188,0,907.2045454545455,40,4,16,37.341442477581104,0.6039062499999999,45.960365853658544,1016.158536585367,25.403963414634173,0
4324,4,0,0,43,0.0,0.0,1.0,43,900,400,500,0.4444444444444444,14,4,10,347.5797817035573,0.7912052417866371,0.11561134746360913,0.19171934565458676,128989.67013888899,366.8402777777874,129356.51041666677,4189,1,929.3023255813954,39,4,16,37.21458846048673,0.6047008547008547,46.04166666666667,1015.8333333333342,26.04700854700857,0
4325,4,0,0,43,0.0,0.0,1.0,43,1350,800,550,0.5925925925925926,19,8,11,345.47258499207607,0.7911590992986341,0.11987926241351188,0.19081198154092383,129042.5835503474,316.13498263890716,129358.7185329863,4190,2,930.3023255813954,39,4,16,37.21421980725857,0.6052350427350428,45.98958333333334,1016.0416666666681,26.052350427350465,0
4326,4,0,1,42,0.0,0.023255813953488372,0.9767441860465116,43,1150,1000,150,0.8695652173913043,13,10,3,346.56636856251197,0.7926356589147286,0.11632420721095715,0.1924584731765712,129257.13320444761,359.43036559326833,129616.56357004089,4191,3,931.3023255813954,37,6,17,36.96804686938394,0.6109234234234234,45.77850877192983,1016.8859649122815,27.48340445708869,0
4327,4,1,0,43,0.023255813953488372,0.0,1.0,43,1050,600,450,0.5714285714285714,15,6,9,349.47579055343454,0.7900978220745662,0.122246533181954,0.19476191354626535,129396.54659366344,444.192083140971,129840.73867680441,4192,0,931.3488372093024,37,6,18,36.75223174192622,0.612331081081081,45.641447368421055,1017.4342105263158,27.498221906116644,0
4328,4,4,4,43,0.0851063829787234,0.0851063829787234,0.9148936170212766,47,1000,600,400,0.6,14,6,8,323.26274526890194,0.8174144310823311,0.11311105042329728,0.18346766403672143,130110.72137188225,-988.0102040816188,129122.71116780063,4193,0,853.0,41,6,14,36.695352003111616,0.6128048780487805,44.9404761904762,1020.2380952380965,24.88385598141699,0
4329,4,1,0,44,0.022727272727272728,0.0,1.0,44,1100,800,300,0.7272727272727273,14,8,6,348.37229539970747,0.798603770260747,0.13311892510005752,0.19642267719345197,129853.92011834309,247.50164365547812,130101.42176199856,4194,0,912.1136363636364,38,6,15,36.31551362683439,0.6151315789473685,45.192307692307686,1019.2307692307683,26.82186234817811,0
4330,4,0,1,43,0.0,0.022727272727272728,0.9772727272727273,44,850,600,250,0.7058823529411765,11,6,5,349.4961176856618,0.7984496124031009,0.1307532576392596,0.19760609876729573,129962.83512309137,284.30126378842806,130247.13638687979,4195,1,913.1136363636364,38,6,15,36.17630623079073,0.6162280701754387,45.08547008547008,1019.6581196581184,26.833108412055747,0
4331,4,0,0,43,0.0,0.0,1.0,43,900,600,300,0.6666666666666666,12,6,6,353.0163618434921,0.7954503506829088,0.12720282361652036,0.19927098458159942,129899.0569814749,571.2985005001367,130470.35548197504,4196,2,935.1860465116279,37,6,16,36.15133465992614,0.6173986486486487,45.148026315789465,1019.4078947368408,27.55156472261732,0
4332,4,1,1,43,0.022727272727272728,0.022727272727272728,0.9772727272727273,44,1200,900,300,0.75,15,9,6,352.68319794682935,0.8029862579281184,0.13087807106019378,0.20080663129821244,130235.32238476136,386.3619968587759,130621.68438162013,4197,0,914.9090909090909,38,6,16,35.818548949829044,0.6189692982456141,44.81837606837606,1020.7264957264947,26.86122357174986,0
4333,4,0,0,43,0.0,0.0,1.0,43,800,600,200,0.75,10,6,4,364.33793106010074,0.7948043558508674,0.1319492963369595,0.2072972159271678,130208.06081753617,887.9470971217954,131096.00791465797,4198,4,937.1860465116279,38,5,16,35.548824104120854,0.6186951754385963,44.84508547008548,1020.6196581196597,26.85841205578052,0
4334,4,0,0,43,0.0,0.0,1.0,43,1000,700,300,0.7,13,7,6,368.0133277800915,0.7945275009228497,0.13383958234456572,0.20968201233981984,130262.58680555575,987.6736111111363,131250.2604166669,4199,5,938.1860465116279,38,5,16,35.39965986394559,0.6192434210526314,44.79166666666668,1020.833333333335,26.86403508771934,0
4335,4,1,1,43,0.022727272727272728,0.022727272727272728,0.9772727272727273,44,1100,500,600,0.45454545454545453,17,5,12,365.44094399422914,0.7998370331219169,0.13306597228821793,0.20983241718180068,130562.68376981535,742.5900814522813,131305.27385126764,4200,0,917.8409090909091,38,6,14,35.1607690431389,0.6222587719298245,44.49786324786326,1022.0085470085484,26.894961763382852,0
4336,4,0,0,43,0.0,0.0,1.0,43,1500,1100,400,0.7333333333333333,19,11,8,395.19252643047787,0.7933277962347729,0.19272551701939267,0.2154917738460535,128533.39489073589,1561.3246092612812,130094.71949999717,4201,7,940.1860465116279,37,6,14,36.47275086505191,0.6036036036036034,46.49122807017545,1014.0350877193005,27.406353722143255,5
4337,4,3,4,42,0.06521739130434782,0.08695652173913043,0.9130434782608696,46,1350,1200,150,0.8888888888888888,15,12,3,378.0241752089487,0.8141304347826087,0.19295271380506462,0.20935757477518896,129149.73416121384,564.3443469495935,129714.07850816344,4202,0,879.804347826087,40,6,14,36.27795274278477,0.6046874999999998,45.88414634146343,1016.4634146341486,25.411585365853718,0
4338,4,0,0,42,0.0,0.0,1.0,42,1150,900,250,0.782608695652174,14,9,5,410.7605455896317,0.7828106852497096,0.21333417914234976,0.22452251181258515,128629.57552146744,2167.190924032143,130796.76644549958,4203,9,964.2619047619048,36,6,14,35.97936093842509,0.6064814814814814,46.3963963963964,1014.4144144144146,28.178178178178186,0
4339,4,0,0,42,0.0,0.0,1.0,42,1200,800,400,0.6666666666666666,16,8,8,416.32021435554736,0.783778552071235,0.20931681610324304,0.22920486526607628,128915.32368517175,2334.0110380651035,131249.33472323685,4204,10,965.2619047619048,36,6,16,35.54511347675021,0.609375,46.11486486486487,1015.5405405405413,28.20945945945948,0
4340,4,1,0,43,0.023255813953488372,0.0,1.0,43,1500,1100,400,0.7333333333333333,19,11,8,414.5195327293335,0.791297526762643,0.20558374923288647,0.2304151106577856,129294.84941188485,2120.3162725567518,131415.1656844416,4205,0,943.7906976744187,33,10,17,35.20190685624774,0.6196338383838383,45.74142156862745,1017.0343137254902,30.819221628045156,0
4341,4,1,0,44,0.022727272727272728,0.0,1.0,44,700,500,200,0.7142857142857143,9,5,4,409.97713785309764,0.7950801620859761,0.20762466676310765,0.22974387635869772,129613.5612247085,1827.7193715706449,131441.28059627913,4206,0,923.3181818181819,35,9,16,34.99138061680685,0.618452380952381,45.42824074074074,1018.287037037037,29.09391534391534,0
4342,4,1,0,45,0.022222222222222223,0.0,1.0,45,1200,600,600,0.5,18,6,12,406.9323564818719,0.8015993265993266,0.2253944366811187,0.23069419331815083,130066.7768568214,1585.6760012696318,131652.452858091,4207,0,903.7777777777778,37,8,17,34.60610824465227,0.6190878378378377,44.98355263157895,1020.0657894736847,27.56934566145094,0
4343,4,0,0,45,0.0,0.0,1.0,45,1250,800,450,0.64,17,8,9,409.6449699452216,0.8005050505050505,0.2290813062041206,0.2327495007701851,130153.54624379064,1663.3491078603242,131816.89535165095,4208,1,904.7777777777778,38,7,17,34.448399818518126,0.6181469298245614,44.89850427350427,1020.4059829059829,26.852789023841655,0
4344,4,3,2,46,0.0625,0.041666666666666664,0.9583333333333334,48,1300,800,500,0.6153846153846154,18,8,10,372.53956440510433,0.8217531028368794,0.2243250558815315,0.21063492906885734,129962.83512309138,99.08834191685128,130061.92346500824,4209,0,849.1666666666666,38,10,15,35.588895291981004,0.6162280701754387,45.08547008547008,1019.6581196581185,26.83310841205575,2
4345,4,1,1,46,0.02127659574468085,0.02127659574468085,0.9787234042553191,47,1100,500,600,0.45454545454545453,17,5,12,380.4147730443164,0.8150246685168053,0.23836103616128756,0.21473686369113582,129899.05698147492,483.1040560556912,130382.1610375306,4210,0,868.2127659574468,37,10,16,35.45308074289198,0.6173986486486487,45.148026315789465,1019.407894736841,27.55156472261732,0
4346,4,0,0,46,0.0,0.0,1.0,46,950,600,350,0.631578947368421,13,6,7,387.47663507564727,0.8116344605475041,0.2401299350324837,0.21802789764704325,129774.47041636225,856.9150231312309,130631.38543949349,4211,1,888.0,36,10,16,35.40008841732979,0.6180555555555556,45.27027027027027,1018.9189189189184,28.303303303303288,0
4347,4,2,2,46,0.041666666666666664,0.041666666666666664,0.9583333333333334,48,1250,1000,250,0.8,15,10,5,371.4150149380575,0.8236554373522459,0.23822883349876878,0.21193328763016775,130320.07250071004,82.3988261910402,130402.47132690108,4212,0,851.9583333333334,36,12,17,35.2544483658689,0.6235532407407408,44.73536036036035,1021.0585585585575,28.362737737737707,0
4348,4,0,0,46,0.0,0.0,1.0,46,900,600,300,0.6666666666666666,12,6,6,390.26408679673733,0.8143719806763285,0.25040915352016,0.221377730888644,130090.20580969492,953.9070743040439,131044.11288399897,4213,1,889.8478260869565,36,10,17,35.00731316922398,0.6212384259259258,44.96058558558559,1020.1576576576583,28.33771271271273,0
4349,4,0,0,46,0.0,0.0,1.0,46,900,500,400,0.5555555555555556,13,5,8,391.57225813557665,0.8144323671497585,0.24726671751843377,0.22277585533476035,130205.1137920015,996.9420856667527,131202.05587766826,4214,2,890.8478260869565,36,10,17,34.8569274338887,0.6223958333333334,44.847972972972975,1020.6081081081085,28.350225225225234,0
4350,4,0,0,46,0.0,0.0,1.0,46,1600,1400,200,0.875,18,14,4,395.7974322248042,0.8142713365539452,0.25290843560381426,0.2258652412636155,130323.35778061206,1116.355436897162,131439.7132175092,4215,3,891.8478260869565,34,12,18,34.62870661847576,0.6277573529411765,44.73214285714285,1021.071428571427,30.031512605041968,0
4351,4,2,0,48,0.041666666666666664,0.0,1.0,48,1550,1000,550,0.6451612903225806,21,10,11,405.69491920560085,0.8245973699763594,0.2750221680336955,0.2240011971280866,129029.71172185714,889.5813327461694,129919.2930546033,4216,0,855.6458333333334,36,12,17,35.69769267715953,0.6105324074074073,46.00225225225226,1015.9909909909923,28.221971971972007,5
4352,4,1,0,49,0.02040816326530612,0.0,1.0,49,1550,1000,550,0.6451612903225806,21,10,11,394.27638951211577,0.8317035147392291,0.2777911462462608,0.21953592745674644,129361.89746263159,401.4390464239783,129763.33650905557,4217,0,839.1632653061224,32,17,18,35.64809068718713,0.6227213541666665,45.675505050505066,1017.2979797979817,31.79056186868693,0
4353,4,0,1,48,0.0,0.02040816326530612,0.9795918367346939,49,1300,1000,300,0.7692307692307693,16,10,6,418.69777881644296,0.83156179138322,0.29568648370687045,0.2240705882475141,127783.17920918363,903.6313421527107,128686.81055133634,4218,1,840.1632653061224,34,15,17,36.64880882295223,0.6020220588235294,47.232142857142854,1011.0714285714282,29.737394957983184,3
4354,4,4,3,49,0.07692307692307693,0.057692307692307696,0.9423076923076923,52,1400,1000,400,0.7142857142857143,18,10,8,401.06614105046094,0.8478978129713423,0.3154591702482239,0.22010951545760604,128789.87295310364,-68.32812150064694,128721.544831603,4219,0,792.4615384615385,35,17,15,36.06090839984798,0.6101190476190477,46.23842592592593,1015.0462962962969,29.001322751322768,0
4355,4,1,0,50,0.02,0.0,1.0,50,1050,700,350,0.6666666666666666,14,7,7,424.99104369332565,0.8400850340136055,0.3313967803030302,0.21999536379419185,126432.65306122435,771.9744906707358,127204.62755189509,4220,0,825.0,34,16,15,37.885939472853536,0.5882352941176471,48.57142857142856,1005.7142857142845,29.579831932773075,8
4356,4,5,3,52,0.09090909090909091,0.05454545454545454,0.9454545454545454,55,1350,900,450,0.6666666666666666,18,9,9,392.309669287397,0.8659652076318743,0.34181049394580043,0.20943845775726716,127685.20801373354,-979.856801640241,126705.3512120933,4221,0,750.9090909090909,38,17,14,37.41653453136011,0.593201754385965,47.32905982905982,1010.6837606837597,26.596941070625256,0
4357,4,3,3,52,0.05454545454545454,0.05454545454545454,0.9454545454545454,55,1150,800,350,0.6956521739130435,15,8,7,392.8532047230723,0.8647306397306398,0.35923632908111935,0.21128408301716156,127982.32299884927,-944.3468523997542,127037.97614644951,4222,0,751.8545454545455,38,17,17,37.09745539013832,0.596217105263158,47.0352564102564,1011.858974358973,26.627867746288764,0
4358,4,2,2,52,0.037037037037037035,0.037037037037037035,0.962962962962963,54,1500,900,600,0.6,21,9,12,397.5123770519312,0.8593349638947123,0.36646128420199653,0.21450799399885923,128116.77781865574,-614.3990218144055,127502.37879684134,4223,0,766.6111111111111,37,17,18,36.841469908660955,0.5993806306306306,46.90241228070175,1012.390350877193,27.36190137505927,0
4359,4,3,2,53,0.05454545454545454,0.03636363636363636,0.9636363636363636,55,750,500,250,0.6666666666666666,10,5,5,390.0538713637223,0.8664421997755332,0.3644037845970536,0.2124413190494612,128486.82032962017,-976.6376507782604,127510.18267884191,4224,0,753.4909090909091,36,19,17,36.65074604761376,0.6050347222222223,46.53716216216216,1013.8513513513514,28.16253753753754,0
4360,4,2,2,53,0.03636363636363636,0.03636363636363636,0.9636363636363636,55,1350,900,450,0.6666666666666666,18,9,9,392.72187530222004,0.8698933782267115,0.3576484363959376,0.21435473993768467,128572.46393352826,-901.3561703595337,127671.10776316872,4225,0,754.4545454545455,36,19,17,36.495345695462284,0.6059027777777777,46.45270270270271,1014.1891891891903,28.171921921921953,0
4361,4,0,1,52,0.0,0.018867924528301886,0.9811320754716981,53,950,600,350,0.631578947368421,13,6,7,408.64345671988826,0.8598209966134495,0.3725251091945101,0.22150037048957014,128295.24518140602,-114.59750566892058,128180.6476757371,4226,2,783.9245283018868,34,19,19,36.376321974148055,0.6072303921568627,46.72619047619048,1013.0952380952391,29.796918767507034,0
4362,4,0,0,52,0.0,0.0,1.0,52,1350,1100,250,0.8148148148148148,16,11,5,417.78011530358606,0.8552193313222725,0.3841361276033428,0.22630212536693606,128268.64216887743,317.6176230296144,128586.25979190704,4227,3,799.8653846153846,33,19,19,36.17227195741593,0.6092171717171717,46.75245098039216,1012.990196078432,30.696672608437332,0
4363,4,1,1,52,0.018867924528301886,0.018867924528301886,0.9811320754716981,53,1750,1400,350,0.8,21,14,7,411.5485904536972,0.8629958877600387,0.3795816329467929,0.22493941881051688,128627.12762188222,-12.73738662129719,128614.39023526091,4228,0,785.7547169811321,34,19,18,35.96188827602395,0.6106004901960783,46.39880952380953,1014.404761904763,29.835434173669498,0
4364,4,3,3,52,0.05454545454545454,0.05454545454545454,0.9454545454545454,55,1300,900,400,0.6923076923076923,17,9,8,393.2586310841727,0.8619248035914703,0.3729992143907499,0.21776395117581257,129144.1504849445,-842.5896335524537,128301.56085139205,4229,0,758.1272727272727,36,19,19,35.89653039367753,0.6116898148148147,45.88963963963965,1016.4414414414423,28.234484484484508,0
4365,4,3,3,52,0.05454545454545454,0.05454545454545454,0.9454545454545454,55,1100,700,400,0.6363636363636364,15,7,8,391.34343024019626,0.8629629629629629,0.3888143126261996,0.2182585954536849,129426.12879106749,-869.9362328367456,128556.19255823074,4230,0,758.9454545454546,32,23,17,35.657081110146,0.6233723958333333,45.61237373737375,1017.5505050505071,31.798453282828348,0
4366,4,1,0,53,0.018867924528301886,0.0,1.0,53,1350,1000,350,0.7407407407407407,17,10,7,401.29059791642305,0.8609095307208514,0.39504037605408904,0.22309472315481746,129300.69181654214,-222.56961398651123,129078.12220255562,4231,0,775.1509433962265,31,22,21,35.53228886612897,0.6246639784946235,45.73567708333335,1017.0572916666687,32.80829973118286,0
4367,4,1,0,54,0.018518518518518517,0.0,1.0,54,1900,1400,500,0.7368421052631579,24,14,10,391.2939164685076,0.8651875145585838,0.3952161979110962,0.21975912389771876,129700.23548635154,-649.8173779315497,129050.41810841998,4232,0,761.7777777777778,33,21,20,35.378569136990706,0.6237373737373737,45.34313725490197,1018.6274509803932,30.86749851455737,0
4368,4,0,0,54,0.0,0.0,1.0,54,2450,1900,550,0.7755102040816326,30,19,11,388.38625352845355,0.863964593524342,0.3981924818664282,0.2192321350668523,129898.25857426306,-709.8604024943266,129188.39817176874,4233,1,762.7777777777778,34,20,20,35.250739616178144,0.6234681372549019,45.148809523809526,1019.404761904762,29.982492997198882,0
4369,4,2,1,55,0.03571428571428571,0.017857142857142856,0.9821428571428571,56,1450,800,650,0.5517241379310345,21,8,13,370.5421009820815,0.8727002164502164,0.3878276654564836,0.21161851812412094,130353.7485827665,-1538.6692176870656,128815.07936507942,4234,0,736.5,34,22,21,35.24252933861818,0.6280637254901961,44.702380952380956,1021.1904761904766,30.035014005602253,0
4370,4,0,0,55,0.0,0.0,1.0,55,1550,1200,350,0.7741935483870968,19,12,7,381.3150005899428,0.8668350168350168,0.400850943128634,0.21778601096065786,130356.43029423797,-1058.6275410899457,129297.80275314803,4235,1,750.8909090909091,33,22,21,34.96477359094363,0.6303661616161615,44.699754901960794,1021.2009803921584,30.94548425430783,0
4371,4,0,0,55,0.0,0.0,1.0,55,1300,700,600,0.5384615384615384,19,7,12,382.86174527797925,0.8661054994388327,0.4054091781539,0.2191988673514587,130450.30757401012,-1011.1135140330468,129439.19405997708,4236,2,751.8909090909091,33,22,21,34.8298544465771,0.6313131313131313,44.60784313725491,1021.5686274509815,30.956625074272164,0
4372,4,1,2,54,0.017857142857142856,0.03571428571428571,0.9642857142857143,56,1150,600,550,0.5217391304347826,17,6,11,374.4702684472834,0.8684388528138528,0.40074581615328664,0.21581505686443245,130706.03358892753,-1410.8953028549308,129295.1382860726,4237,0,739.4464285714286,35,21,17,34.784592529711375,0.6294642857142856,44.35763888888889,1022.5694444444449,29.216269841269856,0
4373,4,0,0,54,0.0,0.0,1.0,54,900,500,400,0.5555555555555556,13,5,8,382.82685117389866,0.8646488469601677,0.40790923405640966,0.21347289088629143,129419.51600646382,-878.589106019592,128540.92690044423,4238,4,767.0185185185185,33,21,18,35.880479947007096,0.6208964646464646,45.618872549019606,1017.5245098039213,30.834076054664283,3
4374,4,2,2,54,0.03571428571428571,0.03571428571428571,0.9642857142857143,56,1900,1400,500,0.7368421052631579,24,14,10,369.8891520465667,0.8735660173160174,0.39898793304787894,0.20884510584783067,129908.37191358017,-1589.6604938271676,128318.711419753,4239,0,740.5892857142857,35,21,18,35.71185286103541,0.6214285714285714,45.138888888888886,1019.4444444444438,29.12698412698411,0
4375,4,2,1,55,0.03571428571428571,0.017857142857142856,0.9821428571428571,56,1500,1100,400,0.7333333333333333,19,11,8,370.2992672475407,0.8707251082251082,0.3965963811469435,0.20955085701464862,129996.88042534713,-1572.450086805566,128424.43033854157,4240,0,741.5535714285714,35,21,19,35.61138066053796,0.6223214285714285,45.05208333333333,1019.7916666666658,29.136904761904738,0
4376,4,0,0,55,0.0,0.0,1.0,55,2050,1500,550,0.7317073170731707,26,15,11,381.9878966495498,0.8673400673400673,0.41237278949798295,0.2165235524312656,130061.48674011863,-1063.617249005746,128997.86949111288,4241,1,756.0363636363636,36,19,19,35.24761720762495,0.6209490740740741,44.988738738738746,1020.0450450450461,28.334584584584615,0
4377,4,0,0,55,0.0,0.0,1.0,55,1350,700,650,0.5185185185185185,20,7,13,382.1276999335507,0.866638608305275,0.414510952419161,0.21756315780136343,130233.84871357857,-1046.8077875172332,129187.04092606134,4242,2,757.0363636363636,36,19,19,35.06867828773169,0.6226851851851851,44.81981981981983,1020.7207207207217,28.35335335335338,0
4378,4,1,0,56,0.017857142857142856,0.0,1.0,56,1150,600,550,0.5217391304347826,17,6,11,374.95478123559224,0.8688311688311688,0.4154645436091975,0.2154860610233464,130597.00255102043,-1406.3963844912187,129190.6061665292,4243,0,744.5,34,22,17,34.88285192949762,0.630514705882353,44.464285714285715,1022.1428571428573,30.06302521008404,0
4379,4,0,1,55,0.0,0.017857142857142856,0.9821428571428571,56,1400,900,500,0.6428571428571429,19,9,10,374.21368059633704,0.86875,0.41082241000731967,0.21539859845585396,130657.85147392288,-1421.2089002267558,129236.64257369612,4244,1,745.5,34,22,17,34.8400384257103,0.6311274509803921,44.404761904761905,1022.3809523809522,30.070028011204474,0
4380,4,0,0,55,0.0,0.0,1.0,55,1800,1600,200,0.8888888888888888,20,16,4,376.3716127340389,0.8634680134680135,0.4102854739709023,0.21668217324111191,130665.2529852486,-1164.261601128174,129500.99138412043,4245,2,759.6909090909091,36,19,17,34.77737085582114,0.627025462962963,44.397522522522515,1022.4099099099086,28.400275275275238,0
4381,4,2,4,53,0.03508771929824561,0.07017543859649122,0.9298245614035088,57,1400,1100,300,0.7857142857142857,17,11,6,357.50061481733286,0.8682383040935672,0.3980084755066644,0.20849853375113053,131163.91354372117,-2021.7640532544433,129142.14949046672,4246,0,734.0,38,19,19,34.755032332081775,0.6282894736842106,43.91025641025641,1024.358974358974,26.95681511470984,0
4382,4,1,2,52,0.018518518518518517,0.037037037037037035,0.962962962962963,54,900,500,400,0.5555555555555556,13,5,8,374.3643510608077,0.8629891684136968,0.40328496953708903,0.21741645995619446,131002.08340031283,-991.4980120456235,130010.58538826721,4247,0,751.6481481481482,35,19,19,34.48711607311098,0.6324404761904763,44.06828703703703,1023.726851851851,29.249338624338602,0
4383,4,0,0,52,0.0,0.0,1.0,52,1600,1000,600,0.625,22,10,12,389.5420901829392,0.8550936400201106,0.41096405093168853,0.22428914136620154,130669.48596993939,-219.74706242791666,130449.73890751146,4248,5,781.4230769230769,33,19,19,34.436428742658514,0.6335227272727273,44.393382352941174,1022.4264705882348,30.9826203208556,0
4384,4,0,0,52,0.0,0.0,1.0,52,1850,1300,550,0.7027027027027027,24,13,11,393.76466965037014,0.8550150829562594,0.41361591918745044,0.22727247115504765,130763.47588667824,-101.99262302959852,130661.48326364864,4249,6,782.4230769230769,33,19,19,34.2329658918444,0.6344696969696969,44.3014705882353,1022.7941176470591,30.993761140819974,0
4385,4,0,0,52,0.0,0.0,1.0,52,1500,1100,400,0.7333333333333333,19,11,8,393.0978937539502,0.8546851432880844,0.4103700563930559,0.22725631697077417,130826.15460399863,-114.50283544788567,130711.65176855074,4250,7,783.4230769230769,33,19,19,34.18633205558216,0.63510101010101,44.24019607843138,1023.0392156862758,31.00118835412957,0
4386,4,1,1,52,0.018867924528301886,0.018867924528301886,0.9811320754716981,53,850,500,350,0.5882352941176471,12,5,7,382.7042604653291,0.8585208030962748,0.4022700300316111,0.22255844112659195,131053.71492346934,-569.0369897959281,130484.6779336734,4251,0,769.622641509434,34,19,19,34.221311475409834,0.635110294117647,44.01785714285714,1023.928571428571,30.11554621848738,0
4387,4,1,1,52,0.018867924528301886,0.018867924528301886,0.9811320754716981,53,1300,700,600,0.5384615384615384,19,7,12,381.73398448721616,0.8571298984034833,0.4019955228653658,0.22255242178602538,131150.233892747,-587.0997299382663,130563.13416280872,4252,0,770.6037735849056,35,18,20,34.14830508474576,0.6339285714285714,43.923611111111114,1024.305555555556,29.26587301587303,0
4388,4,0,0,52,0.0,0.0,1.0,52,1150,600,550,0.5217391304347826,17,6,11,391.39812799383407,0.854056686777275,0.40745806959196074,0.2281564697329912,131145.15306122453,-134.00651927437235,131011.14654195015,4253,10,786.4230769230769,34,18,20,33.90598365101503,0.6360294117647058,43.92857142857143,1024.2857142857147,30.126050420168077,0
4389,4,1,1,52,0.018867924528301886,0.018867924528301886,0.9811320754716981,53,1650,1300,350,0.7878787878787878,20,13,7,383.039196245621,0.8573113207547169,0.39975456358337147,0.22435152922957802,131328.125,-538.9810090702938,130789.1439909297,4254,0,772.566037735849,33,20,20,33.93462059620595,0.6401515151515151,43.75,1025.0,31.060606060606062,0
4390,4,2,2,52,0.037037037037037035,0.037037037037037035,0.962962962962963,54,1050,600,450,0.5714285714285714,15,6,9,374.34180584717717,0.8578208711856511,0.39320321597847974,0.22083860537965924,131602.8220663266,-947.112386621309,130655.7096797053,4255,0,759.2222222222222,34,20,16,33.879607069652316,0.640625,43.48214285714286,1026.0714285714291,30.178571428571445,0
4391,4,0,0,52,0.0,0.0,1.0,52,1900,1500,400,0.7894736842105263,23,15,8,393.9119493088409,0.8535696329813977,0.40697236065392883,0.2310986934023677,131390.9388816801,-48.707828719726194,131342.2310529604,4256,13,789.4230769230769,33,19,21,33.59231811299705,0.6407828282828283,43.68872549019608,1025.2450980392155,31.06803327391562,0
4392,4,0,0,52,0.0,0.0,1.0,52,850,700,150,0.8235294117647058,10,7,3,394.5407273867789,0.853789592760181,0.4076752994823991,0.2316577028803634,131422.35145436844,-29.705972462517707,131392.64548190593,4257,14,790.4230769230769,33,19,21,33.54435580255766,0.6410984848484849,43.658088235294116,1025.3676470588232,31.0717468805704,0
4393,4,0,0,52,0.0,0.0,1.0,52,1500,1000,500,0.6666666666666666,20,10,10,390.08763670674284,0.8530511563599799,0.3774774633288307,0.2216530446159661,130156.27170138898,-245.52951388888317,129910.7421875001,4258,15,791.4230769230769,39,13,18,34.944535184429014,0.6164529914529915,44.895833333333336,1020.4166666666674,26.164529914529933,4
4394,4,0,0,52,0.0,0.0,1.0,52,1950,1500,450,0.7692307692307693,24,15,9,392.8295779498589,0.8528783308195073,0.3780598368087038,0.22450312149155166,130380.7656035666,-156.34216392317012,130224.42343964343,4259,16,792.4230769230769,35,17,19,34.64604110003022,0.6261904761904761,44.67592592592593,1021.2962962962969,29.179894179894195,0
4395,4,2,1,53,0.037037037037037035,0.018518518518518517,0.9814814814814815,54,1550,1200,350,0.7741935483870968,19,12,7,375.88315012116414,0.8596698113207547,0.372508758497482,0.21766679636399724,130890.45606874157,-960.0966104170958,129930.35945832447,4260,0,764.0370370370371,38,16,17,34.5614080879794,0.6255482456140349,44.17735042735044,1023.2905982906002,26.928699955015794,0
4396,4,0,1,52,0.0,0.018867924528301886,0.9811320754716981,53,1450,900,550,0.6206896551724138,20,9,11,384.2369059229924,0.8564042089985486,0.3782240287973464,0.22211464264321698,130822.8553497231,-546.6061672822331,130276.24918244086,4261,1,779.4528301886793,37,16,17,34.41630939621293,0.6266891891891891,44.24342105263158,1023.0263157894746,27.649359886202014,0
4397,4,0,0,52,0.0,0.0,1.0,52,1200,800,400,0.6666666666666666,16,8,8,388.93149722895487,0.8562719959778783,0.3782855739592854,0.22474896442925138,130809.21292914564,-224.83539282522685,130584.3775363204,4262,2,788.0961538461538,36,16,19,34.310096506678406,0.6284722222222221,44.25675675675677,1022.9729729729752,28.415915915915978,0
4398,4,0,0,52,0.0,0.0,1.0,52,1800,1300,500,0.7222222222222222,23,13,10,387.54541784995666,0.8549993715434892,0.37964031148283883,0.2248437834449566,130963.11034404837,-249.16933575713762,130713.94100829124,4263,3,789.0961538461538,37,15,19,34.189318871630064,0.6280968468468467,44.106359649122815,1023.5745614035104,27.66417733523001,0
4399,4,1,1,52,0.018867924528301886,0.018867924528301886,0.9811320754716981,53,1450,1100,350,0.7586206896551724,18,11,7,381.0476078528608,0.8591860183841316,0.3761043882303843,0.22336813172313802,131359.53006355732,-586.6132161306494,130772.91684742668,4264,0,775.188679245283,33,20,19,33.953850368599305,0.6404671717171717,43.71936274509804,1025.122549019608,31.064319667260847,0
4400,4,0,0,52,0.0,0.0,1.0,52,1300,700,600,0.5384615384615384,19,7,12,381.7172318064647,0.855187908496732,0.3724202626641655,0.2235772357723577,131328.12499999985,-373.9583333333472,130954.16666666651,4265,5,791.0961538461538,34,18,19,33.96849593495936,0.6378676470588236,43.74999999999999,1024.9999999999989,30.147058823529377,0
4401,4,1,1,52,0.018867924528301886,0.018867924528301886,0.9811320754716981,53,1350,1000,350,0.7407407407407407,17,10,7,368.5074248767975,0.8587324625060474,0.3690766833257064,0.21759375327583255,131637.38031173046,-898.1295927593153,130739.25071897115,4266,0,777.1509433962265,37,16,17,33.994350357944214,0.6348536036036037,43.4484649122807,1026.2061403508767,27.735301090564235,0
4402,4,1,2,51,0.018867924528301886,0.03773584905660377,0.9622641509433962,53,1300,800,500,0.6153846153846154,18,8,10,365.61494613831024,0.8571601354620222,0.35764802001685103,0.21615155615696888,131684.26890432087,-970.852623456803,130713.41628086407,4267,0,778.1320754716982,38,15,17,34.02119981957599,0.6334978070175439,43.40277777777777,1026.388888888888,27.01023391812863,0
4403,4,1,1,51,0.019230769230769232,0.019230769230769232,0.9807692307692307,52,1450,1100,350,0.7586206896551724,18,11,7,372.2471233599162,0.859775641025641,0.35556587185512645,0.22028935328037522,131721.78578985852,-593.388831178812,131128.39695867972,4268,0,786.6923076923077,37,15,17,33.81310973438725,0.6356981981981982,43.366228070175445,1026.535087719299,27.744191559981058,0
4404,4,0,1,50,0.0,0.0196078431372549,0.9803921568627451,51,1300,1000,300,0.7692307692307693,16,10,6,377.480448472042,0.8567973856209151,0.36376661625407913,0.22316644113667122,131684.26890432098,-258.35262345678944,131425.91628086418,4269,9,803.1176470588235,38,13,18,33.716734325665314,0.6334978070175439,43.40277777777778,1026.388888888889,27.010233918128655,0
4405,4,0,0,50,0.0,0.0,1.0,50,1300,1000,300,0.7692307692307693,16,10,6,382.0257270845352,0.853265306122449,0.37391815364889425,0.2255759482513669,131637.38031173058,57.773185018474805,131695.15349674906,4270,10,819.44,37,13,18,33.64753623962674,0.6348536036036035,43.448464912280706,1026.2061403508776,27.73530109056426,0
4406,4,0,0,50,0.0,0.0,1.0,50,1450,1100,350,0.7586206896551724,18,11,7,385.1220978475988,0.8524999999999999,0.3778515750133473,0.2284147211110048,131806.21831957917,152.29746171899717,131958.51578129816,4271,11,820.44,37,13,18,33.39729044313934,0.6365427927927928,43.28399122807018,1026.86403508772,27.753082029397834,0
4407,4,0,0,50,0.0,0.0,1.0,50,1250,800,450,0.64,17,8,9,389.10650662053973,0.8518027210884354,0.39634095120444757,0.22354983471208423,130585.01882779809,168.92373884783404,130753.94256664593,4272,12,821.44,32,18,19,34.5334053942763,0.6350911458333334,44.4760101010101,1022.0959595959589,31.940498737373716,4
4408,4,2,1,51,0.038461538461538464,0.019230769230769232,0.9807692307692307,52,1400,1000,400,0.7142857142857143,18,10,8,374.2937575454964,0.8587858220211161,0.3619612927279814,0.21532564835221912,130636.47050766987,-618.608553573486,130017.86195409638,4273,0,790.8076923076923,36,16,19,34.85968825732541,0.6267361111111112,44.42567567567568,1022.2972972972976,28.397147147147155,3
4409,4,0,0,51,0.0,0.0,1.0,51,1150,800,350,0.6956521739130435,15,8,7,380.59522362190484,0.8561437908496733,0.3678919070176494,0.21834147039361912,130528.56445312501,-264.2903645833332,130264.27408854169,4274,1,807.3137254901961,35,16,19,34.808231396534154,0.6276785714285715,44.53125,1021.8750000000001,29.196428571428573,0
4410,4,1,0,52,0.019230769230769232,0.0,1.0,52,1800,1500,300,0.8333333333333334,21,15,6,366.99785895987867,0.8621166415284062,0.35444563470808776,0.21292262357927066,130963.11034404807,-787.3637802016117,130175.74656384645,4275,0,792.7692307692307,37,15,20,34.71511783610069,0.6280968468468469,44.1063596491228,1023.5745614035079,27.664177335229944,0
4411,4,0,1,51,0.0,0.019230769230769232,0.9807692307692307,52,1800,1500,300,0.8333333333333334,21,15,6,372.741087707052,0.8619438159879336,0.35795917863055693,0.21688654318356104,131075.36844269375,-628.5649190135601,130446.8035236802,4276,1,793.7692307692307,37,15,21,34.454416068815355,0.629222972972973,43.99671052631578,1024.0131578947355,27.67603129445231,0
4412,4,0,0,51,0.0,0.0,1.0,51,1400,900,500,0.6428571428571429,19,9,10,378.4801318776879,0.8623202614379086,0.35589483466436755,0.22151870962183737,131300.02891514672,-261.10954813022374,131038.9193670165,4277,2,785.156862745098,37,14,21,34.0798964016975,0.6314752252252254,43.77741228070174,1024.890350877191,27.699739212897054,0
4413,4,0,0,51,0.0,0.0,1.0,51,1150,900,250,0.782608695652174,14,9,5,379.07330292815146,0.8618300653594773,0.35581061692969906,0.22202864885791698,131328.12499999977,-243.39676631274145,131084.72823368703,4278,3,786.156862745098,35,16,21,34.03624661246612,0.6357142857142859,43.749999999999986,1024.9999999999982,29.285714285714235,0
4414,4,0,0,51,0.0,0.0,1.0,51,800,400,400,0.5,12,4,8,379.53368673195166,0.861045751633987,0.35824992749724927,0.22247054026372537,131357.7852393045,-229.0590974365808,131128.72614186793,4279,4,787.156862745098,35,16,21,33.9944159045576,0.6360119047619048,43.7210648148148,1025.115740740739,29.289021164021115,0
4415,4,0,1,50,0.0,0.0196078431372549,0.9803921568627451,51,2000,1500,500,0.75,25,15,10,381.18716528491865,0.8613725490196079,0.361262337892267,0.22396009843662965,131446.7860510972,-178.83444787382928,131267.95160322337,4280,5,788.156862745098,35,16,21,33.86192626034611,0.6369047619047621,43.634259259259245,1025.4629629629615,29.298941798941755,0
4416,4,0,0,50,0.0,0.0,1.0,50,800,700,100,0.875,9,7,2,372.56816399468437,0.8616156462585034,0.2742647058823535,0.2031550931971012,128533.39489073545,-350.0646803955025,128183.33021033995,4281,6,803.0,37,13,16,37.04629829873126,0.6036036036036037,46.49122807017543,1014.0350877192969,27.40635372214316,8
4417,4,1,1,50,0.0196078431372549,0.0196078431372549,0.9803921568627451,51,1050,700,350,0.6666666666666666,14,7,7,377.19345096705325,0.867124183006536,0.22813113697622067,0.2058790436005626,128572.4639335281,-280.93065481630606,128291.5332787118,4282,0,788.2352941176471,36,15,17,36.889064697609,0.6059027777777779,46.4527027027027,1014.189189189189,28.171921921921918,7
4418,4,0,0,50,0.0,0.0,1.0,50,950,400,550,0.42105263157894735,15,4,11,375.1676716755552,0.8641836734693877,0.24220841194096132,0.2055097805147981,128715.26668137732,-342.03861800990006,128373.22806336742,4283,1,804.56,36,14,18,36.79438094181185,0.6073495370370371,46.31193693693694,1014.7522522522523,28.187562562562565,0
4419,4,0,0,50,0.0,0.0,1.0,50,1200,900,300,0.75,15,9,6,379.63798541518815,0.8644727891156462,0.2416152651431107,0.20840784412500027,128800.9863748883,-220.45060262966928,128580.53577225863,4284,2,805.56,36,14,18,36.59330855705939,0.6082175925925927,46.22747747747747,1015.0900900900892,28.196946946946923,0
4420,4,1,1,50,0.0196078431372549,0.0196078431372549,0.9803921568627451,51,1400,900,500,0.6428571428571429,19,9,10,382.7565467453188,0.8683986928104576,0.2710667083485303,0.2128729759977661,129315.90374157952,-300.07685049913493,129015.82689108039,4285,0,790.7450980392157,36,15,19,35.98801483613819,0.6134259259259258,45.72072072072073,1017.1171171171179,28.253253253253277,0
4421,4,0,0,50,0.0,0.0,1.0,50,1300,800,500,0.6153846153846154,18,8,10,391.41321667893874,0.8629081632653061,0.2751785136446987,0.2169032834327818,129173.52123970827,112.04469163587476,129285.56593134414,4286,1,807.36,37,13,19,35.91339930967533,0.6100788288288288,45.86074561403508,1016.5570175438587,27.474513987671855,0
4422,4,1,2,49,0.0196078431372549,0.0392156862745098,0.9607843137254902,51,1200,900,300,0.75,15,9,6,385.01939219428095,0.8657516339869282,0.2778681731599475,0.21506831067069923,129487.77113261925,-228.9334009202782,129258.83773169898,4287,0,792.5098039215686,36,15,16,35.75505274028176,0.615162037037037,45.55180180180181,1017.792792792794,28.272022022022057,0
4423,4,1,1,49,0.02,0.02,0.98,50,1100,600,500,0.5454545454545454,16,6,10,389.78021316926004,0.8628741496598639,0.27777335104028333,0.21741074112329833,129430.46932067198,89.88718448177448,129520.35650515376,4288,0,809.06,36,14,16,35.69241552309282,0.6145833333333335,45.608108108108105,1017.5675675675672,28.265765765765753,0
4424,4,3,2,50,0.057692307692307696,0.038461538461538464,0.9615384615384616,52,900,500,400,0.5555555555555556,13,5,8,376.6825798691801,0.8698780794369029,0.28830433871305816,0.21268077971075242,129908.37191358021,-613.155864197536,129295.21604938267,4289,0,778.8846153846154,38,14,17,35.53871480472298,0.6156798245614036,45.138888888888886,1019.4444444444441,26.82748538011695,0
4425,4,1,0,51,0.0196078431372549,0.0,1.0,51,1300,800,500,0.6153846153846154,18,8,10,353.31230437528626,0.8638235294117648,0.24091445558518454,0.19802120523435626,129619.76431450054,-1032.0679199369122,128587.69639456362,4290,0,795.1372549019608,37,14,16,36.427600409174126,0.6145833333333333,45.422149122807014,1018.3114035087714,27.52192982456139,4
4426,4,1,1,51,0.019230769230769232,0.019230769230769232,0.9807692307692307,52,1350,1000,350,0.7407407407407407,17,10,7,345.9451031635844,0.8676313474107591,0.2418256130790195,0.19532592747851613,129908.37191358031,-1411.7669753086327,128496.60493827167,4291,0,780.8269230769231,38,14,16,36.322093551316996,0.6156798245614035,45.13888888888889,1019.4444444444449,26.827485380116972,0
4427,4,0,0,51,0.0,0.0,1.0,51,1350,900,450,0.6666666666666666,18,9,9,354.11015108980564,0.8637581699346406,0.24634177428572568,0.199380320017389,129799.4797373805,-1007.3373237635951,128792.14241361691,4292,2,797.1372549019608,38,13,16,36.224619067589295,0.6145833333333333,45.2457264957265,1019.017094017095,26.816239316239344,0
4428,4,0,0,51,0.0,0.0,1.0,51,1700,1400,300,0.8235294117647058,20,14,6,352.8357476450007,0.8633333333333334,0.2460389855858518,0.19949433504288444,129962.83512309169,-1028.8931806559854,128933.9419424357,4293,3,798.1372549019608,38,13,16,36.091174210673366,0.6162280701754386,45.08547008547009,1019.6581196581209,26.83310841205581,0
4429,4,0,0,51,0.0,0.0,1.0,51,1400,1000,400,0.7142857142857143,18,10,8,352.9892349096498,0.862843137254902,0.24317570165320967,0.20002723311546844,130050.00000000017,-1018.7499999999832,129031.25000000019,4294,4,799.1372549019608,39,12,16,35.99877450980392,0.6153846153846153,45.00000000000001,1020.0000000000014,26.15384615384619,0
4430,4,0,0,51,0.0,0.0,1.0,51,1050,700,350,0.6666666666666666,14,7,7,352.1554932695204,0.8621895424836602,0.24311163681559123,0.20023606312022646,130182.84640842055,-1031.079101562459,129151.76730685809,4295,5,800.1372549019608,39,12,16,35.885241230308594,0.6167200854700854,44.869791666666686,1020.5208333333367,26.16720085470094,0
4431,4,2,3,50,0.03773584905660377,0.05660377358490566,0.9433962264150944,53,1350,700,650,0.5185185185185185,20,7,13,340.5171284493555,0.8728531688437349,0.24572666846755498,0.19593556236511633,130644.58832137127,-1702.5827452841845,128942.00557608707,4296,0,770.9056603773585,38,15,14,35.714721148152016,0.6230811403508771,44.417735042735046,1022.3290598290606,26.90339631129107,0
4432,4,0,0,50,0.0,0.0,1.0,50,900,500,400,0.5555555555555556,13,5,8,353.4710625260974,0.856938775510204,0.26476347998676797,0.2019930098329666,130377.57087746548,-783.0602984741286,129594.51057899135,4297,7,816.86,36,14,18,35.654197449185865,0.6241319444444444,44.67905405405406,1021.2837837837852,28.368993993994035,0
4433,4,0,1,49,0.0,0.02,0.98,50,1200,1000,200,0.8333333333333334,14,10,4,354.3095536492476,0.8567176870748299,0.26823814773980126,0.20262217223194698,130406.32482144318,-759.1586518951219,129647.16616954806,4298,8,817.86,36,14,18,35.60363836824696,0.6244212962962963,44.65090090090091,1021.3963963963973,28.37212212212215,0
4434,4,1,0,50,0.02,0.0,1.0,50,1300,1000,300,0.7692307692307693,16,10,6,353.49839732883026,0.8569217687074829,0.27276413171725844,0.203310645175613,130626.62459843421,-764.7395111957443,129861.88508723846,4299,0,816.36,37,13,16,35.401136079230575,0.6247184684684683,44.43530701754386,1022.2587719298251,27.62861545756284,0
4435,4,0,0,50,0.0,0.0,1.0,50,1550,1000,550,0.6451612903225806,21,10,11,352.74622896100857,0.8569727891156462,0.2769166492584083,0.20369073558942696,130781.15297866911,-773.48829352033,130007.66468514877,4300,1,817.36,38,12,16,35.263909198523784,0.6244517543859648,44.28418803418804,1022.8632478632487,26.917453891138123,0
4436,4,0,0,50,0.0,0.0,1.0,50,1250,900,350,0.72,16,9,7,357.5535758648192,0.8559353741496598,0.2860501043841335,0.20734644411531306,130945.12473518895,-636.0204817736708,130309.10425341528,4301,2,818.36,38,12,18,34.97499130132221,0.62609649122807,44.12393162393163,1023.5042735042745,26.93432298695459,0
4437,4,0,0,50,0.0,0.0,1.0,50,1150,700,450,0.6086956521739131,16,7,9,357.42698524040634,0.8548469387755102,0.2912085159674387,0.20756759833779245,130999.80481591068,-635.4269395134697,130364.37787639721,4302,3,819.36,38,12,18,34.92290231684408,0.6266447368421052,44.070512820512825,1023.7179487179495,26.93994601889341,0
4438,4,0,0,50,0.0,0.0,1.0,50,1000,500,500,0.5,15,5,10,358.8412769930713,0.8547789115646258,0.29435667327559134,0.20853705017735644,131027.1491366245,-596.4100966103986,130430.7390400141,4303,4,820.36,38,12,18,34.859038575254786,0.6269188596491228,44.04380341880343,1023.824786324788,26.942757534862842,0
4439,4,0,0,50,0.0,0.0,1.0,50,1150,600,550,0.5217391304347826,17,6,11,362.6972866970047,0.8529931972789115,0.3008679324014185,0.21122820111041854,131109.19922017682,-489.4098363649583,130619.78938381186,4304,5,821.36,38,12,18,34.67730718408791,0.6277412280701754,43.96367521367522,1024.1452991452995,26.95119208277104,0
4440,4,1,0,51,0.0196078431372549,0.0,1.0,51,1100,700,400,0.6363636363636364,15,7,8,353.38626955340027,0.8549019607843138,0.30412399643373056,0.20811046558483648,131535.81700370813,-902.6791497291406,130633.13785397899,4305,0,806.2352941176471,35,16,19,34.48477283839181,0.6377976190476189,43.54745370370371,1025.8101851851861,29.308862433862462,0
4441,4,0,0,51,0.0,0.0,1.0,51,1350,1000,350,0.7407407407407407,17,10,7,350.37311703714926,0.8547712418300655,0.30125977092407696,0.206885930747677,131637.38031173055,-975.5601483148578,130661.82016341569,4306,1,807.2352941176471,37,14,15,34.45958880934574,0.6348536036036035,43.448464912280706,1026.2061403508774,27.735301090564253,0
4442,4,1,0,52,0.019230769230769232,0.0,1.0,52,1250,800,450,0.64,17,8,9,347.35961590637874,0.8550150829562594,0.3113080762831173,0.20669616748488506,131931.1125721384,-1234.491882168145,130696.62068997025,4307,0,792.6923076923077,38,14,16,34.240891916250696,0.6359649122807016,43.16239316239317,1027.3504273504288,27.035537561853392,0
4443,4,0,0,52,0.0,0.0,1.0,52,1150,600,550,0.5217391304347826,17,6,11,350.1995994301907,0.854260935143288,0.31736465903912103,0.20914154848652192,132068.34781804745,-1149.9434993425243,130918.40431870492,4308,1,793.6923076923077,38,14,18,34.02972663964244,0.6373355263157894,43.02884615384616,1027.8846153846164,27.049595141700433,0
4444,4,0,0,52,0.0,0.0,1.0,52,1450,1300,150,0.896551724137931,16,13,3,350.1445505144205,0.8531454248366013,0.31743656343656346,0.2097163222589483,132178.18737900877,-1143.7055984732156,131034.48178053556,4309,2,794.6923076923077,38,14,18,33.92056277056276,0.6384320175438596,42.92200854700855,1028.3119658119665,27.060841205578065,0
4445,4,0,0,52,0.0,0.0,1.0,52,1650,1300,350,0.7878787878787878,20,13,7,354.2246274185717,0.8525483911513322,0.32266243930488114,0.21324322570598,132370.51647308053,-1022.2206242238349,131348.29584885668,4310,3,795.6923076923077,38,14,19,33.6220843715393,0.6403508771929824,42.73504273504273,1029.0598290598286,27.080521817363913,0
4446,4,0,0,52,0.0,0.0,1.0,52,1600,1100,500,0.6875,21,11,10,357.20015332597035,0.8511657868275514,0.32147965236120135,0.21585465973954712,132513.9259825705,-933.1953571027834,131580.73062546772,4311,4,796.6923076923077,36,16,19,33.40123591818879,0.6455439814814814,42.59572072072073,1029.617117117118,28.6004754754755,0
4447,4,0,0,52,0.0,0.0,1.0,52,1100,600,500,0.5454545454545454,16,6,10,356.8816081618714,0.8510872297637002,0.31569321583532317,0.2164955538106633,132658.9004545087,-931.2956537618525,131727.60480074683,4312,5,797.6923076923077,36,16,17,33.263645969975215,0.6469907407407407,42.454954954954964,1030.1801801801814,28.61611611611615,0
4448,4,1,0,53,0.018867924528301886,0.0,1.0,53,1450,1000,450,0.6896551724137931,19,10,9,350.2884064582344,0.8519895984518626,0.3210478792640459,0.2143019186278703,132975.88962853386,-1284.0175049309648,131691.8721236029,4313,0,783.622641509434,38,15,18,33.115159519370216,0.6463815789473684,42.1474358974359,1031.4102564102564,27.142375168690958,0
4449,4,0,0,53,0.0,0.0,1.0,53,1350,900,450,0.6666666666666666,18,9,9,350.82030761762104,0.8504475084663764,0.3212372076487471,0.21542106492553095,133113.66705246916,-1260.2044753086327,131853.46257716054,4314,1,784.622641509434,38,15,19,32.96321220278153,0.6477521929824561,42.01388888888889,1031.9444444444448,27.15643274853802,0
4450,4,0,1,52,0.0,0.018867924528301886,0.9811320754716981,53,1150,700,450,0.6086956521739131,16,7,9,336.69113819317437,0.8509010643444606,0.28298340856627213,0.20568697431984828,132922.0796902227,-1649.2627396190355,131272.81695060365,4315,2,785.622641509434,42,11,18,33.519701810436636,0.6393849206349207,42.199612403100765,1031.201550387595,24.55241786637131,3
4451,4,0,0,52,0.0,0.0,1.0,52,1150,900,250,0.782608695652174,14,9,5,342.5634206972999,0.8477564102564101,0.29031911901836915,0.20920118652924347,132908.99490583228,-1294.048012723651,131614.94689310863,4316,3,801.0961538461538,41,11,18,33.38143800910782,0.6407520325203253,42.21230158730157,1031.1507936507903,25.150019357336348,0
4452,4,1,1,52,0.018867924528301886,0.018867924528301886,0.9811320754716981,53,1050,600,450,0.5714285714285714,15,6,9,338.51534424583997,0.8490868408321238,0.28836792366303876,0.2086395024484109,133252.14256377678,-1578.4210177054897,131673.7215460713,4317,0,786.9622641509434,43,10,19,33.14196780702557,0.6412306201550388,41.87973484848484,1032.481060606059,24.011187455954857,0
4453,4,0,1,51,0.0,0.019230769230769232,0.9807692307692307,52,1550,1100,450,0.7096774193548387,20,11,9,335.14972420614674,0.8482905982905982,0.2792755087314185,0.2072329501181858,133372.1118021753,-1460.0747025419212,131912.03709963337,4318,1,783.5576923076923,42,10,19,33.108778924327716,0.6438492063492064,41.763565891472865,1032.945736434108,24.593946105574002,0
4454,4,0,0,51,0.0,0.0,1.0,51,900,700,200,0.7777777777777778,11,7,4,342.3030984967678,0.8465359477124184,0.28083916821604205,0.21120527280692716,133292.88435571003,-1074.6865354938093,132218.1978202162,4319,2,797.7450980392157,41,10,19,33.003390495404645,0.6445630081300813,41.840277777777786,1032.63888888889,25.18631436314366,0
4455,4,0,0,51,0.0,0.0,1.0,51,850,500,350,0.5882352941176471,12,5,7,344.422306929087,0.8468300653594772,0.27993236856870607,0.21324696220924588,133420.97052941556,-1009.3683075081874,132411.60222190738,4320,3,798.7450980392157,41,10,19,32.82040202291784,0.6458333333333333,41.71626984126984,1033.1349206349212,25.19841269841271,0
4456,4,0,0,51,0.0,0.0,1.0,51,1400,1000,400,0.7142857142857143,18,10,8,342.1320445818849,0.8453921568627452,0.2802803040184023,0.212430171861168,133526.04709201405,-1063.272416894979,132462.7746751191,4321,4,799.7450980392157,39,12,19,32.77439024390245,0.6501068376068375,41.61458333333334,1033.541666666668,26.501068376068414,0
4457,4,0,0,51,0.0,0.0,1.0,51,1600,1100,500,0.6875,21,11,10,340.4889919029669,0.8456535947712419,0.27901372114431067,0.2120259556856245,133633.7293836808,-1099.8372395833087,132533.89214409748,4322,5,800.7450980392157,39,12,19,32.709130902008184,0.6511752136752136,41.51041666666668,1033.9583333333353,26.511752136752186,0
4458,4,0,0,51,0.0,0.0,1.0,51,950,600,350,0.631578947368421,13,6,7,340.4889919029669,0.8456209150326798,0.27901372114431067,0.2120259556856245,133633.7293836808,-1099.8372395833087,132533.89214409748,4323,6,801.7450980392157,39,12,19,32.709130902008184,0.6511752136752136,41.51041666666668,1033.9583333333353,26.511752136752186,0
4459,4,0,0,51,0.0,0.0,1.0,51,1600,1100,500,0.6875,21,11,10,337.2859543435935,0.8448039215686275,0.2729108149449597,0.21060714376129444,133734.88519565092,-1178.6203235507783,132556.26487210015,4324,7,802.7450980392157,40,11,17,32.69081188183664,0.6505208333333332,41.41260162601627,1034.3495934959365,25.85873983739841,0
4460,4,0,0,51,0.0,0.0,1.0,51,1200,800,400,0.6666666666666666,16,8,8,336.24452177210355,0.844248366013072,0.2692718022192182,0.21055607138275292,133840.02267995256,-1199.4051160023628,132640.6175639502,4325,8,803.7450980392157,40,11,17,32.61269888037715,0.6515624999999999,41.310975609756106,1034.7560975609767,25.868902439024417,0
4461,4,0,0,51,0.0,0.0,1.0,51,1100,800,300,0.7272727272727273,14,8,6,333.71619624592313,0.8434967320261438,0.262883798204415,0.20936025709162484,133908.2589777811,-1262.5290336041653,132645.72994417694,4326,9,804.7450980392157,41,10,17,32.60996757084891,0.650660569105691,41.24503968253969,1035.0198412698428,25.24438637243519,0
4462,4,0,2,49,0.0,0.0392156862745098,0.9607843137254902,51,1150,900,250,0.782608695652174,14,9,5,336.2225667890642,0.8437908496732027,0.26969661103878173,0.21152229834704425,134010.95920138896,-1188.4982638888832,132822.4609375001,4327,10,805.7450980392157,41,10,17,32.44257209926223,0.6516768292682926,41.145833333333336,1035.4166666666672,25.25406504065042,0
4463,4,0,0,49,0.0,0.0,1.0,49,1550,1200,350,0.7741935483870968,19,12,7,340.11082423889854,0.8372661564625851,0.2767962308598353,0.21389191835468505,133997.80636525876,-685.179126181509,133312.62723907724,4328,11,835.3877551020408,40,9,17,32.35505823845047,0.653125,41.15853658536585,1035.3658536585363,25.884146341463406,0
4464,4,0,0,49,0.0,0.0,1.0,49,1150,700,450,0.6086956521739131,16,7,9,341.76942698453274,0.8354946145124716,0.28283459394944344,0.21539716947429632,134076.73306439613,-635.3343537246416,133441.3987106715,4329,12,836.3877551020408,40,9,17,32.233302260164194,0.6539062500000001,41.08231707317073,1035.6707317073165,25.89176829268291,0
4465,4,0,2,47,0.0,0.04081632653061224,0.9591836734693877,49,1300,1100,200,0.8461538461538461,15,11,4,339.0217385305855,0.8358489229024944,0.2782709268126966,0.2143796244889147,134199.14598168668,-700.7144439937609,133498.43153769293,4330,13,837.3877551020408,42,7,17,32.182268773964275,0.6520337301587302,40.9641472868217,1036.1434108527121,24.67008121077886,0
4466,4,0,0,47,0.0,0.0,1.0,47,1050,800,250,0.7619047619047619,13,8,5,346.1895037570639,0.8347209374036385,0.2810965630114568,0.21833932068638567,134103.04712803208,-114.98653248729369,133988.06059554478,4331,18,864.0425531914893,40,7,18,32.09257260596546,0.6541666666666668,41.05691056910568,1035.7723577235759,25.894308943089396,0
4467,4,0,1,46,0.0,0.02127659574468085,0.9787234042553191,47,1500,1100,400,0.7333333333333333,19,11,8,345.5091508116814,0.8343740363860622,0.28572442040733725,0.21869378093275682,134234.65617563936,-124.13958705137054,134110.51658858798,4332,19,865.0425531914893,40,7,18,31.97876826517603,0.6554687500000002,40.92987804878048,1036.280487804877,25.90701219512193,0
4468,4,0,1,45,0.0,0.021739130434782608,0.9782608695652174,46,1100,800,300,0.7272727272727273,14,8,6,343.0400991764683,0.8336755233494364,0.27958142399713437,0.21788628634992888,134361.72010633664,18.29155815970455,134380.01166449636,4333,20,862.7391304347826,39,7,18,31.91594242941827,0.6583867521367522,40.80729166666666,1036.770833333332,26.583867521367484,0
4469,4,0,0,45,0.0,0.0,1.0,45,950,700,250,0.7368421052631579,12,7,5,345.69750205980694,0.8314814814814815,0.27717723751479073,0.219736458205831,134388.72070312474,291.56901041663855,134680.28971354137,4334,21,879.5777777777778,39,6,18,31.820122563793444,0.6586538461538464,40.781249999999986,1036.874999999998,26.58653846153841,0
4470,4,0,0,45,0.0,0.0,1.0,45,1000,700,300,0.7,13,7,6,347.80378163009686,0.8297979797979799,0.2753127336435566,0.22156636300005572,134469.7387695311,353.81673177081984,134823.55550130192,4335,22,880.5777777777778,39,6,19,31.684681631013362,0.6594551282051283,40.70312499999999,1037.1874999999989,26.594551282051253,0
4471,4,0,0,45,0.0,0.0,1.0,45,1150,700,450,0.6086956521739131,16,7,9,347.0863530665267,0.8280723905723906,0.27227527006172814,0.22213526596257724,134638.42220598992,346.30503140916926,134984.72723739909,4336,23,881.5777777777778,36,9,19,31.535056785300934,0.6666666666666665,40.54054054054055,1037.8378378378388,28.828828828828858,0
4472,4,0,0,45,0.0,0.0,1.0,45,1150,900,250,0.782608695652174,14,9,5,345.6663106234207,0.8270202020202021,0.272137864545674,0.22193895431392358,134755.32119957815,316.0749431864537,135071.3961427646,4337,24,882.5777777777778,36,9,22,31.455395878524957,0.667824074074074,40.42792792792794,1038.2882882882898,28.841341341341383,0
4473,4,0,0,45,0.0,0.0,1.0,45,1300,800,500,0.6153846153846154,18,8,10,341.5505422473975,0.8261784511784512,0.26621157207032886,0.21995297666278696,134863.80575032695,212.56119671436852,135076.36694704133,4338,25,883.5777777777778,37,8,18,31.45419877546713,0.6669481981981982,40.3234649122807,1038.7061403508767,28.073138928402074,0
4474,4,0,0,45,0.0,0.0,1.0,45,1400,1100,300,0.7857142857142857,17,11,6,338.81365467779375,0.8254208754208755,0.25971181691346334,0.21887777814461146,134977.723013331,146.4591268467231,135124.18214017773,4339,26,884.5777777777778,37,8,18,31.41190513875699,0.6680743243243243,40.213815789473685,1039.1447368421052,28.084992887624466,0
4475,4,0,0,45,0.0,0.0,1.0,45,1450,900,550,0.6206896551724138,20,9,11,339.0198599268527,0.8240319865319866,0.2622898391812867,0.2192809306760919,135022.28066330627,155.0469354956533,135177.32759880193,4340,27,885.5777777777778,38,7,18,31.362219024122812,0.6666666666666666,40.17094017094017,1039.316239316239,27.350427350427342,0
4476,4,0,0,45,0.0,0.0,1.0,45,1550,900,650,0.5806451612903226,22,9,13,340.92357805877634,0.8236952861952862,0.26249300775140694,0.22136152002975792,135161.11390760835,215.9221135583382,135377.03602116668,4341,28,886.5777777777778,38,7,19,31.17465495393677,0.6680372807017543,40.037393162393165,1039.850427350428,27.36448493027442,0
4477,4,0,0,45,0.0,0.0,1.0,45,950,500,450,0.5263157894736842,14,5,9,341.51328009322856,0.8231481481481482,0.26535652332694215,0.22225757319436326,135244.4480970123,237.55501680181996,135482.0031138141,4342,29,887.5777777777778,38,7,19,31.076460216379065,0.6688596491228069,39.95726495726496,1040.1709401709409,27.372919478182656,0
4478,4,0,0,45,0.0,0.0,1.0,45,1300,900,400,0.6923076923076923,17,9,8,339.20975100841963,0.8226010101010102,0.2569181655376469,0.2213171915625804,135335.4505750869,181.42089843751015,135516.8714735244,4343,30,888.5777777777778,39,6,20,31.04592134681482,0.6680021367521367,39.86979166666667,1040.5208333333342,26.680021367521388,0
4479,4,0,0,45,0.0,0.0,1.0,45,1350,900,450,0.6666666666666666,18,9,9,335.5129290508183,0.821422558922559,0.24787949530320685,0.21989847382707747,135498.08078342027,92.27159288195529,135590.35237630224,4344,31,889.5777777777778,39,6,21,30.980594463898612,0.6696047008547008,39.71354166666667,1041.1458333333344,26.696047008547037,0
4480,4,0,0,45,0.0,0.0,1.0,45,1500,1100,400,0.7333333333333333,19,11,8,340.43976228732436,0.8213383838383839,0.2547442821897712,0.22363447722395996,135579.43250868065,231.3259548611218,135810.75846354177,4345,32,890.5777777777778,39,6,21,30.771570980862844,0.670405982905983,39.63541666666667,1041.4583333333342,26.70405982905985,0
4481,4,0,0,45,0.0,0.0,1.0,45,1200,800,400,0.6666666666666666,16,8,8,340.47025076425683,0.8211700336700337,0.2528511464215977,0.22453079757201466,135719.3574585448,241.70243488379208,135961.0598934286,4346,33,891.5777777777778,37,8,22,30.631883791083506,0.6753941441441442,39.50109649122806,1041.9956140350866,28.16204362256991,0
4482,4,0,0,45,0.0,0.0,1.0,45,750,400,350,0.5333333333333333,11,4,7,338.31266303043185,0.8211700336700337,0.2531561539450464,0.22382313760823333,135833.63540945284,190.8477848953421,136024.48319434817,4347,34,892.5777777777778,37,8,22,30.574730023491462,0.6765202702702704,39.39144736842105,1042.4342105263152,28.1738975817923,0
4483,4,0,0,45,0.0,0.0,1.0,45,1200,700,500,0.5833333333333334,17,7,10,337.6625192083247,0.8207491582491583,0.25171007583458915,0.22375142126494496,135890.79241930207,177.04546110341175,136067.83788040548,4348,35,893.5777777777778,37,8,19,30.534997546184304,0.6770833333333334,39.33662280701754,1042.6535087719296,28.179824561403503,0
4484,4,0,0,45,0.0,0.0,1.0,45,1300,700,600,0.5384615384615384,19,7,12,335.94122706755616,0.8195707070707071,0.24810960440099494,0.22332696667321172,136005.14250779076,137.94689231300723,136143.08940010378,4349,36,894.5777777777778,37,8,19,30.466532639545893,0.6782094594594594,39.22697368421052,1043.0921052631572,28.19167852062587,0
4485,4,0,0,45,0.0,0.0,1.0,45,1000,600,400,0.6,14,6,8,303.74457680296274,0.8205387205387206,0.1672454070552325,0.19438420685869123,134636.1154994807,-819.1234322099048,133816.99206727077,4350,37,895.5777777777778,37,8,23,32.66189029758758,0.6646959459459458,40.54276315789474,1037.8289473684217,28.049431009957345,5
4486,4,1,1,45,0.021739130434782608,0.021739130434782608,0.9782608695652174,46,1250,500,750,0.4,20,5,15,298.0866441316702,0.8226650563607085,0.16637299535790628,0.1919204208111324,134855.77493790642,-1160.2589213967306,133695.51601650967,4351,0,877.0869565217391,38,8,16,32.59081636151683,0.6650219298245613,40.331196581196586,1038.6752136752143,27.333558254610903,0
4487,4,0,0,45,0.0,0.0,1.0,45,1350,1200,150,0.8888888888888888,15,12,3,303.55330713409,0.8188131313131314,0.17197013867453226,0.19499237224297547,134772.56059838185,-817.8687038863354,133954.6918944955,4352,39,897.5777777777778,38,7,24,32.53142470075797,0.6641995614035088,40.41132478632478,1038.3547008547002,27.325123706702637,0
4488,4,0,0,45,0.0,0.0,1.0,45,1600,1200,400,0.75,20,12,8,306.1327915431851,0.818392255892256,0.17509885940250092,0.197100860886281,134855.77493790627,-743.2450325078557,134112.5299053984,4353,40,898.5777777777778,38,7,19,32.3818830144689,0.6650219298245614,40.33119658119658,1038.6752136752132,27.333558254610875,0
4489,4,0,0,45,0.0,0.0,1.0,45,950,500,450,0.5263157894736842,14,5,9,307.5178574326958,0.8157407407407408,0.1817068713450296,0.19890516736072228,135022.28066330616,-695.6475089488051,134326.63315435735,4354,41,899.5777777777778,38,7,20,32.18073259320175,0.6666666666666667,40.17094017094016,1039.3162393162381,27.35042735042732,0
4490,4,0,0,45,0.0,0.0,1.0,45,1050,800,250,0.7619047619047619,13,8,5,307.9343432993504,0.8144781144781145,0.1883921944758451,0.19963418352071796,135105.5720491817,-679.2708789904441,134426.30117019126,4355,42,900.5777777777778,38,7,20,32.08731545233446,0.6674890350877194,40.09081196581196,1039.636752136751,27.358861898335554,0
4491,4,0,0,45,0.0,0.0,1.0,45,1250,900,350,0.72,16,9,7,308.6985211054538,0.8139309764309764,0.19109467050280915,0.20028360049321814,135133.3415516106,-656.9074621959436,134476.43408941466,4356,43,901.5777777777778,38,7,20,32.03991985203454,0.667763157894737,40.064102564102555,1039.7435897435882,27.361673414304953,0
4492,4,1,0,46,0.021739130434782608,0.0,1.0,46,1250,900,350,0.72,16,9,7,304.22416395886927,0.817049114331723,0.18660145507710513,0.19894030407572116,135416.75347222207,-960.5902777777958,134456.16319444426,4357,0,882.9565217391304,39,7,22,31.875500400320234,0.6688034188034189,39.79166666666666,1040.8333333333321,26.688034188034155,0
4493,4,0,0,46,0.0,0.0,1.0,46,700,400,300,0.5714285714285714,10,4,6,304.6254263304038,0.8165861513687601,0.18862551612215528,0.1993531031643564,135443.8598632811,-948.0712890625132,134495.7885742186,4358,1,883.9565217391304,39,7,22,31.838224256979895,0.669070512820513,39.76562499999999,1040.9374999999989,26.6907051282051,0
4494,4,0,0,46,0.0,0.0,1.0,46,1250,1000,250,0.8,15,10,5,305.9200000000002,0.8143719806763285,0.18608695652173957,0.2012631578947368,135633.68055555542,-901.2559678819531,134732.42458767345,4359,2,884.9565217391304,38,8,22,31.616666666666674,0.6726973684210527,39.58333333333333,1041.6666666666656,27.41228070175436,0
4495,4,0,0,46,0.0,0.0,1.0,46,1000,700,300,0.7,13,7,6,303.2392687031994,0.8127818035426732,0.1856972251805844,0.20059020642285497,135828.506522116,-962.2926026371796,134866.21391947882,4360,3,885.9565217391304,38,8,22,31.49384202794575,0.6746162280701755,39.39636752136751,1042.4145299145275,27.4319613135402,0
4496,4,0,0,46,0.0,0.0,1.0,46,1200,800,400,0.6666666666666666,16,8,8,305.2365926369783,0.8117351046698873,0.1882697284997139,0.2026544274191925,135959.39670138873,-900.0434027777872,135059.35329861095,4361,4,886.9565217391304,39,7,15,31.31242508989214,0.6741452991452992,39.27083333333333,1042.9166666666654,26.74145299145296,0
4497,4,0,0,46,0.0,0.0,1.0,46,1650,1100,550,0.6666666666666666,22,11,11,307.48366256768963,0.8103462157809984,0.18527954030571014,0.20508464258342946,136122.40125868036,-828.9171006944673,135293.4841579859,4362,5,887.9565217391304,39,7,15,31.09278299061688,0.6757478632478634,39.11458333333332,1043.5416666666652,26.757478632478595,0
4498,4,0,1,45,0.0,0.021739130434782608,0.9782608695652174,46,1450,1000,450,0.6896551724137931,19,10,9,309.7711078333714,0.8090378421900162,0.1898822590301339,0.2072447291526065,136231.1252170137,-759.9066840277974,135471.2185329859,4363,6,888.9565217391304,39,7,16,30.925713430453005,0.6768162393162395,39.01041666666666,1043.9583333333317,26.76816239316235,0
4499,4,0,0,45,0.0,0.0,1.0,45,1150,800,350,0.6956521739130435,15,8,7,315.888085433433,0.8066498316498317,0.18486378314458562,0.21142865553804807,136246.46157498693,-392.273221199536,135854.18835378738,4364,7,904.4888888888889,38,7,17,30.750912471005584,0.6787280701754387,38.99572649572648,1044.0170940170917,27.47413405308136,0
4500,4,0,1,44,0.0,0.022222222222222223,0.9777777777777777,45,1600,1200,400,0.75,20,12,8,315.3712562056212,0.8063973063973064,0.1870002954478307,0.2120839163121433,136413.82337095466,-395.80023193806664,136018.0231390166,4365,8,905.4888888888889,38,7,18,30.599091497920497,0.6803728070175439,38.83547008547008,1044.6581196581187,27.49100314889786,0
4501,4,0,0,44,0.0,0.0,1.0,44,1250,900,350,0.72,16,9,7,320.7594970027128,0.8019732205778718,0.18569481781903807,0.21485829775239948,136274.34807372687,-57.74173149976633,136216.6063422271,4366,53,926.8863636363636,38,6,18,30.59620041611242,0.6790021929824562,38.96901709401708,1044.12393162393,27.47694556905079,0
4502,4,0,0,44,0.0,0.0,1.0,44,600,200,400,0.3333333333333333,10,2,8,320.66970348574034,0.8002774841437632,0.1904013539651841,0.21530680091185397,136358.02469135786,-54.82253086421943,136303.20216049365,4367,54,927.8863636363636,38,6,18,30.51584663120567,0.6798245614035088,38.88888888888888,1044.444444444443,27.485380116959025,0
4503,4,0,0,44,0.0,0.0,1.0,44,1000,600,400,0.6,14,6,8,324.08799488410017,0.7981633192389007,0.1870540028246488,0.2189832142227924,136581.28789539033,52.87114654100719,136634.15904193133,4368,55,928.8863636363636,38,6,19,30.205991073862098,0.6820175438596492,38.67521367521367,1045.2991452991444,27.507872244714324,0
4504,4,0,0,44,0.0,0.0,1.0,44,1250,800,450,0.64,17,8,9,327.11641157037224,0.7951021846370684,0.19682860470351038,0.22228122509708773,136779.8134917013,148.7270313619657,136928.54052306325,4369,56,929.8863636363636,36,8,21,29.93078731115657,0.6877893518518519,38.48536036036037,1046.0585585585595,29.05718218218221,0
4505,4,0,0,44,0.0,0.0,1.0,44,1150,800,350,0.6956521739130435,15,8,7,324.60696864494565,0.7938468992248062,0.19285687079234815,0.22183412524361448,136979.0599631616,92.87148449521331,137071.9314476568,4370,57,930.8863636363636,37,7,14,29.799828043713557,0.6877815315315315,38.29495614035087,1046.8201754385952,28.292437174016086,0
4506,4,0,0,44,0.0,0.0,1.0,44,1100,700,400,0.6363636363636364,15,7,8,321.5570548850401,0.7933183579985906,0.19176179833631601,0.2205894897857278,137112.2699453029,17.883542442844316,137130.15348774573,4371,58,931.8863636363636,38,6,15,29.748333843381285,0.6872258771929824,38.167735042735046,1047.3290598290605,27.56129104813317,0
4507,4,0,0,44,0.0,0.0,1.0,44,1000,700,300,0.7,13,7,6,337.7413597856524,0.7928779069767442,0.20321263077437557,0.22488516713509343,136062.3355864305,392.55912766375036,136454.89471409426,4372,59,932.8863636363636,37,7,17,30.362913820283765,0.6787725225225225,39.17214912280702,1043.3114035087724,28.197605500237092,2
4508,4,0,0,44,0.0,0.0,1.0,44,1100,800,300,0.7272727272727273,14,8,6,334.0437455643355,0.7902572233967583,0.20339023505375153,0.22368245747282695,136262.60604224366,303.53426054169665,136566.14030278535,4373,60,933.8863636363636,37,7,17,30.26106210179935,0.6807432432432432,38.98026315789473,1044.0789473684201,28.21834992887622,0
4509,4,0,0,44,0.0,0.0,1.0,44,1850,1500,350,0.8108108108108109,22,15,7,333.46944130072023,0.7899489076814659,0.20077149155033047,0.22420348392886133,136405.74653980086,297.42961776702106,136703.17615756788,4374,61,934.8863636363636,37,7,17,30.13442059410097,0.6821509009009008,38.84320175438597,1044.6271929824575,28.233167377904255,0
4510,4,0,0,44,0.0,0.0,1.0,44,800,600,200,0.75,10,6,4,331.8655660527003,0.7905435165609584,0.1985440042744835,0.2233061520727489,136434.38365650957,255.57479224375675,136689.9584487533,4375,62,935.8863636363636,37,7,17,30.14798488664988,0.6824324324324325,38.815789473684205,1044.7368421052622,28.23613086770979,0
4511,4,0,0,44,0.0,0.0,1.0,44,1150,800,350,0.6956521739130435,15,8,7,332.48015312817296,0.791204193093728,0.20175492992682664,0.22390129888044943,136463.02377895123,274.24940847184365,136737.27318742307,4376,63,936.8863636363636,37,7,17,30.10360915800889,0.6827139639639639,38.78837719298246,1044.8464912280704,28.239094357515416,0
4512,4,0,0,44,0.0,0.0,1.0,44,1300,900,400,0.6923076923076923,17,9,8,332.0458295920063,0.7901471106412967,0.19344409262579654,0.2241544509682014,136548.96218067093,268.1026854416721,136817.0648661126,4377,64,937.8863636363636,37,7,17,30.02998671142818,0.6835585585585585,38.70614035087719,1045.175438596491,28.24798482693219,0
4513,4,0,0,44,0.0,0.0,1.0,44,1450,900,550,0.6206896551724138,20,9,11,330.3122172663926,0.7883412614517266,0.19784498370155723,0.22407666630774206,136720.92013888896,232.1180555555658,136953.03819444453,4378,65,938.8863636363636,37,7,18,29.905378486055774,0.6852477477477477,38.54166666666667,1045.833333333334,28.26576576576578,0
4514,4,0,0,44,0.0,0.0,1.0,44,1150,1000,150,0.8695652173913043,13,10,3,330.28303940734014,0.7874163143058492,0.1920777315128015,0.22460659151713697,136806.93969538703,237.0023709218233,137043.94206630887,4379,66,939.8863636363636,37,7,18,29.821188379974156,0.6860923423423423,38.459429824561404,1046.1622807017543,28.274656235182547,0
4515,4,0,0,44,0.0,0.0,1.0,44,1150,900,250,0.782608695652174,14,9,5,330.1504438825344,0.7877026074700494,0.19166460242754524,0.22470010952404734,136835.6188923515,235.26806325023352,137070.88695560172,4380,67,940.8863636363636,37,7,19,29.796338992524273,0.6863738738738738,38.43201754385965,1046.2719298245615,28.27761972498815,0
4516,4,0,0,44,0.0,0.0,1.0,44,1350,1000,350,0.7407407407407407,17,10,7,329.3008340410555,0.7874163143058492,0.1925737107169725,0.2254117322048772,137036.45743161344,225.24394525237295,137261.70137686582,4381,68,941.8863636363636,37,7,17,29.62035727999442,0.6883445945945945,38.24013157894736,1047.0394736842095,28.298364153627283,0
4517,4,0,0,44,0.0,0.0,1.0,44,650,300,350,0.46153846153846156,10,3,7,328.990008669815,0.786293164200141,0.18898469620831504,0.22575521284583847,137122.57617728523,222.39150507848032,137344.9676823637,4382,69,942.8863636363636,37,7,18,29.543551088777235,0.6891891891891893,38.1578947368421,1047.3684210526308,28.307254623044074,0
4518,4,0,0,44,0.0,0.0,1.0,44,950,700,250,0.7368421052631579,12,7,5,329.2352709710864,0.7869978858350952,0.1924480281623142,0.22648257841099562,137208.72197454984,234.79015177747164,137443.51212632732,4383,70,943.8863636363636,37,7,19,29.452184720041863,0.6900337837837838,38.07565789473684,1047.6973684210525,28.31614509246088,0
4519,4,0,0,44,0.0,0.0,1.0,44,1100,700,400,0.6363636363636364,15,7,8,328.8100755395809,0.7854122621564482,0.18899133610400498,0.2269383041215058,137323.6251178248,230.6783096722156,137554.303427497,4384,71,944.8863636363636,37,7,19,29.350067126965865,0.6911599099099099,37.96600877192983,1048.1359649122812,28.327999051683275,0
4520,4,0,0,44,0.0,0.0,1.0,44,1100,800,300,0.7272727272727273,14,8,6,331.05304612837784,0.7836284355179705,0.19134529488909613,0.2298151987854906,137524.82133925817,305.60220452446254,137830.42354378264,4385,72,945.8863636363636,37,7,19,29.093055265175284,0.6931306306306306,37.77412280701754,1048.9035087719292,28.348743480322412,0
4521,4,0,0,44,0.0,0.0,1.0,44,850,500,350,0.5882352941176471,12,5,7,332.8306308730401,0.7829457364341086,0.19299774841106232,0.23162591322357232,137611.0933772892,360.2374047783927,137971.33078206758,4386,73,946.8863636363636,37,7,19,28.961468457170728,0.6939752252252251,37.69188596491228,1049.232456140351,28.357633949739213,0
4522,4,0,0,44,0.0,0.0,1.0,44,650,400,250,0.6153846153846154,9,4,5,332.6380798990789,0.7815583157152924,0.1912206055540786,0.23207082367303092,137697.39246691292,360.6792474607648,138058.07171437368,4387,74,947.8863636363636,37,7,20,28.881546872823513,0.6948198198198197,37.60964912280702,1049.5614035087722,28.366524419156004,0
4523,4,0,0,44,0.0,0.0,1.0,44,1000,800,200,0.8,12,8,4,332.02393893467394,0.7804351656095843,0.1829808842233147,0.2328056579148104,137870.07180093892,355.23286011082314,138225.30466104974,4388,75,948.8863636363636,37,7,20,28.727726734878548,0.6965090090090089,37.4451754385965,1050.2192982456154,28.384305357989604,0
4524,4,0,0,44,0.0,0.0,1.0,44,1000,600,400,0.6,14,6,8,332.23186031838725,0.7805893234672304,0.1849944492413964,0.2335373040139742,137956.45204534085,366.7057411895928,138323.15778653044,4389,76,949.8863636363636,37,7,20,28.637298646627006,0.6973536036036035,37.362938596491226,1050.5482456140348,28.39319582740635,0
4525,4,0,0,44,0.0,0.0,1.0,44,900,600,300,0.6666666666666666,12,6,6,330.92275712273204,0.7791578576462298,0.18443353725043843,0.23339916313623157,138071.6677847992,338.2113967759352,138409.87918157515,4390,77,950.8863636363636,37,7,18,28.55840288645452,0.6984797297297296,37.25328947368421,1050.9868421052636,28.405049786628744,0
4526,4,0,0,44,0.0,0.0,1.0,44,1000,500,500,0.5,15,5,10,329.90384381147715,0.7782989781536294,0.18415325677764383,0.23307208184381947,138129.29368892347,313.8769861880511,138443.17067511153,4391,78,951.8863636363636,37,7,18,28.52854125378115,0.6990427927927927,37.1984649122807,1051.206140350877,28.410976766239916,0
4527,4,0,0,44,0.0,0.0,1.0,44,900,600,300,0.6666666666666666,12,6,6,329.47999465920856,0.7774400986610289,0.18153139487480918,0.23316484640495577,138186.93161597798,305.96589816097014,138492.89751413895,4392,79,952.8863636363636,37,7,19,28.483049153543984,0.6996058558558559,37.14364035087719,1051.4254385964912,28.416903745851112,0
4528,4,0,0,44,0.0,0.0,1.0,44,1200,900,300,0.75,15,9,6,330.4698158188908,0.7756342494714588,0.18164288286239527,0.23485388244195815,138331.07903393332,342.8492420744624,138673.9282760078,4393,80,953.8863636363636,37,7,19,28.3154402056841,0.7010135135135136,37.00657894736841,1051.9736842105249,28.43172119487905,0
4529,4,0,0,44,0.0,0.0,1.0,44,1300,1100,200,0.8461538461538461,15,11,4,330.690459092122,0.7746872797744891,0.1824249499358621,0.2358893347224109,138458.28682016587,357.36688673387596,138815.65370689976,4394,81,954.8863636363636,38,6,19,28.184744357594823,0.7003837719298245,36.88568376068376,1052.4572649572654,27.69624381466488,0
4530,4,0,0,44,0.0,0.0,1.0,44,1000,900,100,0.9,11,9,2,380.5552279855932,0.7746872797744891,0.24319690867530186,0.23799597545974438,133792.4215389376,1409.0257416346717,135201.44728057226,4395,82,955.8863636363636,36,8,16,31.514186713109098,0.658275462962963,41.35698198198198,1034.5720720720722,28.738113113113116,7
4531,4,0,0,44,0.0,0.0,1.0,44,1000,600,400,0.6,14,6,8,376.9004511551837,0.7746212121212122,0.2412760506819911,0.23645679498752847,133908.95276611068,1294.068942253058,135203.02170836375,4396,83,956.8863636363636,36,8,16,31.491857977006486,0.6594328703703705,41.244369369369366,1035.0225225225222,28.750625625625617,0
4532,4,0,0,44,0.0,0.0,1.0,44,950,700,250,0.7368421052631579,12,7,5,347.7292863888178,0.7749075052854123,0.21086816572400813,0.21023266030296422,132532.04345703125,418.5890526559068,132950.63250968716,4397,84,957.8863636363636,39,5,18,33.62681251053785,0.640224358974359,42.578125,1029.6875,26.40224358974359,4
4533,4,0,0,44,0.0,0.0,1.0,44,1250,1000,250,0.8,15,10,5,317.5020959278299,0.7757003171247357,0.11622729537527698,0.1797029629236195,130003.35784131472,-538.0862311981518,129465.27161011657,4398,85,958.8863636363636,40,4,17,36.95088025244975,0.61328125,45.045731707317074,1019.817073170732,25.4954268292683,8
4534,4,1,0,45,0.022222222222222223,0.0,1.0,45,1000,700,300,0.7,13,7,6,309.1584893549823,0.7808080808080808,0.11716558023753754,0.1760365149656967,130237.85848957412,-947.1720825070477,129290.68640706707,4399,0,938.5555555555555,42,3,18,36.92665812290359,0.6125992063492063,44.81589147286822,1020.7364341085286,24.303248431155442,0
4535,4,0,0,45,0.0,0.0,1.0,45,1500,1200,300,0.8,18,12,6,306.17063934061065,0.7815235690235691,0.11120840243228369,0.17502929040802825,130392.29811124325,-1015.5366497079516,129376.7614615353,4400,1,939.5555555555555,40,5,18,36.847014925373145,0.6171875,44.66463414634146,1021.3414634146336,25.53353658536584,0
4536,4,0,0,45,0.0,0.0,1.0,45,1150,900,250,0.782608695652174,14,9,5,306.5712988324267,0.7816498316498317,0.10725743154357237,0.17537553355519173,130418.24811826614,-1003.5016565866998,129414.74646167945,4401,2,940.5555555555555,40,5,18,36.810599277020536,0.6174479166666667,44.63922764227642,1021.4430894308935,25.536077235772336,0
4537,4,1,0,46,0.021739130434782608,0.0,1.0,46,1150,700,450,0.6086956521739131,16,7,9,305.6522664223636,0.7887882447665057,0.11436452902768623,0.17621160862873161,130718.71456916085,-1209.105725623599,129509.60884353725,4402,0,921.0869565217391,41,5,16,36.531092355452074,0.6189024390243902,44.34523809523809,1022.6190476190463,24.941927990708447,0
4538,4,1,2,45,0.02127659574468085,0.0425531914893617,0.9574468085106383,47,1250,800,450,0.64,17,8,9,301.65390813167164,0.7951742213999383,0.12763138821331377,0.1755439703268447,131079.93810468094,-1491.84487861309,129588.09322606785,4403,0,902.468085106383,42,5,18,36.26967417360584,0.6210317460317462,43.99224806201549,1024.031007751936,24.38169066076038,0
4539,4,0,0,45,0.0,0.0,1.0,45,1250,700,550,0.56,18,7,11,313.9122527262492,0.7860269360269361,0.13486437892275327,0.18225003583351612,130989.80150910484,-776.1392648225446,130213.6622442823,4404,1,941.4888888888889,40,5,18,36.04665111353787,0.6231770833333334,44.08028455284552,1023.6788617886164,25.59197154471541,0
4540,4,0,0,45,0.0,0.0,1.0,45,1700,1500,200,0.8823529411764706,19,15,4,312.628135990273,0.784006734006734,0.13322754471222198,0.18273794175014052,131250.0116188281,-793.5107037808152,130456.50091504729,4405,2,942.4888888888889,40,5,18,35.81750636384674,0.62578125,43.826219512195124,1024.6951219512198,25.617378048780495,0
4541,4,0,0,45,0.0,0.0,1.0,45,1100,700,400,0.6363636363636364,15,7,8,314.189970279889,0.7838804713804715,0.1318525863493636,0.18390051365482765,131302.08462431424,-749.2403868398476,130552.84423747439,4406,3,943.4888888888889,40,5,18,35.72508676251857,0.6263020833333334,43.77540650406504,1024.89837398374,25.6224593495935,0
4542,4,0,0,45,0.0,0.0,1.0,45,1200,500,700,0.4166666666666667,19,5,14,319.2063087079514,0.7837542087542088,0.14126636796221037,0.18736531771683237,131410.26925131492,-610.597441270358,130799.67181004457,4407,4,944.4888888888889,38,7,18,35.4876523913723,0.6307565789473684,43.669871794871796,1025.320512820513,26.982118758434552,0
4543,4,0,0,45,0.0,0.0,1.0,45,750,200,550,0.26666666666666666,13,2,11,317.4296875,0.7829545454545455,0.14233333333333342,0.18672334558823536,131492.4391847469,-652.0792241946049,130840.3599605523,4408,5,945.4888888888889,38,7,18,35.450520833333336,0.631578947368421,43.58974358974359,1025.6410256410259,26.990553306342786,0
4544,4,1,1,45,0.021739130434782608,0.021739130434782608,0.9782608695652174,46,1200,800,400,0.6666666666666666,16,8,8,309.4912620845788,0.7938003220611917,0.14340081320052445,0.18364117459569415,131823.38271077088,-1040.3629825170083,130783.01972825387,4409,0,925.9130434782609,40,6,15,35.32162295893121,0.6315104166666666,43.26727642276423,1026.9308943089443,25.673272357723608,0
4545,4,0,0,45,0.0,0.0,1.0,45,1500,1100,400,0.7333333333333333,19,11,8,317.4800157777054,0.782996632996633,0.14539798471630494,0.18831034870858127,131809.033203125,-630.6532118055557,131178.37999131944,4410,7,947.4888888888889,39,6,16,35.13094271995673,0.6330128205128205,43.28125,1026.875,26.330128205128204,0
4546,4,0,0,45,0.0,0.0,1.0,45,650,300,350,0.46153846153846156,10,3,7,316.60282494476394,0.7821127946127947,0.14613477574937983,0.18805444903345636,131862.52170138902,-650.39062499999,131212.13107638902,4411,8,948.4888888888889,39,6,17,35.0997295469912,0.6335470085470085,43.22916666666667,1027.0833333333344,26.335470085470114,0
4547,4,0,0,45,0.0,0.0,1.0,45,1000,800,200,0.8,12,8,4,314.8354974630068,0.782449494949495,0.14596220802487903,0.18713639785911457,131889.27001953125,-695.3152126736113,131193.95480685763,4412,9,949.4888888888889,39,6,17,35.11824781124294,0.6338141025641025,43.203125,1027.1875,26.338141025641026,0
4548,4,0,0,45,0.0,0.0,1.0,45,850,500,350,0.5882352941176471,12,5,7,313.60775435433584,0.782449494949495,0.15464323928591517,0.18693296052601363,131996.29041883687,-720.9879557291606,131275.3024631077,4413,10,950.4888888888889,39,6,17,35.04234245649602,0.6348824786324787,43.098958333333336,1027.6041666666672,26.3488247863248,0
4549,4,0,0,45,0.0,0.0,1.0,45,1000,600,400,0.6,14,6,8,311.6293156876392,0.782449494949495,0.15123362949449914,0.18601611965456363,132049.81689453125,-769.8811848958337,131279.9357096354,4414,11,951.4888888888889,39,6,17,35.039462349244964,0.6354166666666666,43.046875,1027.8125,26.354166666666668,0
4550,4,0,0,45,0.0,0.0,1.0,45,1400,1000,400,0.7142857142857143,18,10,8,306.3064423706701,0.7827441077441077,0.08556636302815113,0.17616292197077185,130625.35085406638,-997.7226992940601,129627.62815477232,4415,12,952.4888888888889,43,2,14,36.60848000617572,0.6150678294573644,44.43655303030304,1022.253787878789,23.773343904157883,4
4551,4,1,1,45,0.021739130434782608,0.021739130434782608,0.9782608695652174,46,1400,900,500,0.6428571428571429,19,9,10,300.54378642350684,0.7907809983896941,0.09162066781286748,0.17398163351315754,130877.70168895766,-1333.1039951988832,129544.59769375878,4416,0,932.7608695652174,44,2,14,36.50159864868943,0.6162405303030303,44.189814814814824,1023.2407407407422,23.255471380471416,0
4552,4,1,1,45,0.021739130434782608,0.021739130434782608,0.9782608695652174,46,1600,1100,500,0.6875,21,11,10,304.11547730773157,0.7834339774557166,0.09304976806352716,0.17702721994860574,131090.96364883397,-1226.6418038408792,129864.3218449931,4417,0,933.7391304347826,44,2,16,36.19556208559374,0.6183712121212122,43.98148148148148,1024.0740740740737,23.274410774410764,0
4553,4,0,0,45,0.0,0.0,1.0,45,1000,700,300,0.7,13,7,6,310.82833396633947,0.7818602693602694,0.08405109076523165,0.18079541555556894,131061.33355034713,-852.4848090277833,130208.84874131935,4418,15,955.4888888888889,43,2,17,36.05353509664293,0.6194282945736435,44.010416666666664,1023.9583333333326,23.812984496124013,0
4554,4,0,0,45,0.0,0.0,1.0,45,950,500,450,0.5263157894736842,14,5,9,310.4241472953925,0.780892255892256,0.08584429858350573,0.1810166038433563,131158.31723664195,-857.058242223374,130301.25899441857,4419,16,956.4888888888889,43,2,17,35.96624526208746,0.6203972868217055,43.915719696969695,1024.3371212121208,23.82179351656095,0
4555,4,0,0,45,0.0,0.0,1.0,45,800,500,300,0.625,11,5,6,320.97585371387663,0.7803451178451178,0.030013509622837997,0.18154857475563926,129977.4491456806,-569.3349183185791,129408.11422736202,4420,17,957.4888888888889,40,5,20,36.88853730649128,0.6130208333333333,45.07113821138212,1019.7154471544725,25.492886178861813,7
4556,4,1,1,45,0.021739130434782608,0.021739130434782608,0.9782608695652174,46,1400,1100,300,0.7857142857142857,17,11,6,316.2034446218731,0.7893719806763285,0.036934759367327485,0.18004522643688173,130237.26974875596,-963.7053374590593,129273.5644112969,4421,0,937.6521739130435,41,5,20,36.74747707908121,0.6140752032520325,44.81646825396825,1020.7341269841269,24.895954316686023,0
4557,4,1,1,45,0.021739130434782608,0.021739130434782608,0.9782608695652174,46,900,600,300,0.6666666666666666,12,6,6,314.14382948530294,0.7878623188405798,0.030416605354499193,0.1791083377417343,130288.5239027697,-1014.130372164358,129274.39353060533,4422,0,938.6304347826087,40,6,20,36.74824971796402,0.6161458333333333,44.76626016260163,1020.9349593495949,25.523373983739873,0
4558,4,2,2,45,0.0425531914893617,0.0425531914893617,0.9574468085106383,47,1200,900,300,0.75,15,9,6,309.12492504013767,0.7925917360468702,0.02711872807135296,0.17763045748402317,130591.93244716852,-1326.1557342844696,129265.77671288405,4423,0,919.6170212765958,41,6,15,36.5701535151574,0.6176321138211383,44.469246031746025,1022.1230158730147,24.92982965543938,0
4559,4,0,1,44,0.0,0.022222222222222223,0.9777777777777777,45,1100,700,400,0.6363636363636364,15,7,8,323.22018264885287,0.7801346801346801,0.018584622358207348,0.184791480517318,130395.5417209202,-570.7058376736072,129824.83588324659,4424,21,961.4888888888889,39,6,21,36.40840132585416,0.6188568376068376,44.661458333333336,1021.3541666666672,26.18856837606839,0
4560,4,2,1,45,0.043478260869565216,0.021739130434782608,0.9782608695652174,46,800,500,300,0.625,11,5,6,311.29308627456413,0.7911835748792271,0.04617667892198196,0.1799357794654318,130820.18455530348,-1055.3162005543102,129764.86835474917,4425,0,938.6304347826087,41,5,17,36.284587535557264,0.6199186991869919,44.24603174603174,1023.0158730158721,24.95160665892371,0
4561,4,0,0,45,0.0,0.0,1.0,45,1450,1100,350,0.7586206896551724,18,11,7,314.94313292461413,0.787962962962963,0.04081912016338274,0.1818647523170534,130781.8193225759,-762.2328185934201,130019.58650398249,4426,1,960.4888888888889,40,5,18,36.229922172545145,0.62109375,44.28353658536586,1022.865853658537,25.571646341463428,0
4562,4,0,0,45,0.0,0.0,1.0,45,1650,1300,350,0.7878787878787878,20,13,7,315.4812887753569,0.7867424242424242,0.04500071741553824,0.18242103010347607,130833.79937743742,-744.876871405907,130088.92250603151,4427,2,961.4888888888889,40,5,18,36.1637445779941,0.6216145833333333,44.232723577235774,1023.0691056910573,25.57672764227643,0
4563,4,1,0,46,0.021739130434782608,0.0,1.0,46,1100,500,600,0.45454545454545453,17,5,12,309.2923336475941,0.7943035426731079,0.057560365414502934,0.1800803587278125,131099.4300063777,-1090.3902706915976,130009.03973568609,4428,0,941.5652173913044,41,5,20,36.05450208272789,0.6227134146341463,43.97321428571429,1024.1071428571438,24.9782229965157,0
4564,4,0,0,46,0.0,0.0,1.0,46,1100,800,300,0.7272727272727273,14,8,6,309.3258397977774,0.7935587761674718,0.06046037786683689,0.18069667836150743,131226.4581758632,-1081.6531242126212,130144.80505165058,4429,1,942.5652173913044,41,5,20,35.925800413116455,0.6239837398373982,43.84920634920636,1024.6031746031767,24.9903213317848,0
4565,4,0,0,46,0.0,0.0,1.0,46,900,600,300,0.6666666666666666,12,6,6,309.83742622581997,0.792975040257649,0.056655596105519956,0.18111549380229192,131251.87119118503,-1066.651608560066,130185.21958262497,4430,2,943.5652173913044,41,5,20,35.88712605286088,0.6242378048780486,43.82440476190477,1024.7023809523826,24.9927409988386,0
4566,4,0,0,46,0.0,0.0,1.0,46,750,300,450,0.4,12,3,9,353.0397121980884,0.792975040257649,0.11314195338843902,0.18980769766517158,127968.81028163587,-164.38560956789388,127804.42467206798,4431,3,944.5652173913044,41,5,15,38.1184225577671,0.5912093495934958,47.048611111111114,1011.8055555555561,24.67818428184283,6
4567,4,3,2,47,0.061224489795918366,0.04081632653061224,0.9591836734693877,49,1150,900,250,0.782608695652174,14,9,5,340.1583300190353,0.8151927437641724,0.11451104908713794,0.1816022318828896,127686.38170158569,-1107.375126534467,126579.00657505123,4432,0,887.6734693877551,45,4,14,38.73304654358606,0.5828703703703706,47.32789855072463,1010.6884057971006,22.45974235104668,6
4568,4,1,0,48,0.020833333333333332,0.0,1.0,48,800,600,200,0.75,10,6,4,342.2051164595691,0.8069776891252954,0.12237221764220974,0.18286114813456286,127723.0034722223,-858.506944444435,126864.49652777787,4433,0,907.1458333333334,44,4,15,38.643858202802974,0.5845170454545454,47.29166666666667,1010.833333333334,22.973484848484865,0
4569,4,0,0,48,0.0,0.0,1.0,48,1250,1000,250,0.8,15,10,5,341.34453002632574,0.8075317671394799,0.1174160993670128,0.1828584612866556,127823.7404169293,-873.6130802352372,126950.12733669406,4434,1,908.1458333333334,45,3,15,38.56256718022215,0.5842592592592593,47.19202898550725,1011.2318840579717,22.471819645732705,0
4570,4,0,0,48,0.0,0.0,1.0,48,900,500,400,0.5555555555555556,13,5,8,339.96830633415647,0.8070700354609929,0.12014007044565811,0.1824327763975746,127892.44746540915,-904.1242484509472,126988.3232169582,4435,2,909.1458333333334,45,3,15,38.52711486224291,0.5849537037037036,47.124094202898554,1011.5036231884066,22.477858293075702,0
4571,4,1,2,47,0.02040816326530612,0.04081632653061224,0.9591836734693877,49,1300,700,600,0.5384615384615384,19,7,12,334.480496414182,0.8156533446712019,0.12537694863276272,0.18082649661076192,128190.39133060286,-1224.3146627546673,126966.07666784819,4436,0,891.5714285714286,45,4,15,38.36165772212285,0.5879629629629629,46.82971014492754,1012.6811594202902,22.50402576489534,0
4572,4,3,3,47,0.06,0.06,0.94,50,1600,1200,400,0.75,20,12,8,326.34775830901356,0.8251360544217687,0.12785109114249038,0.17827833360639653,128606.3724093966,-1605.9197319878558,127000.45267740874,4437,0,835.42,47,3,12,38.14372058194267,0.5897606382978723,46.41927083333333,1014.3229166666658,21.581338652482252,0
4573,4,1,0,48,0.020833333333333332,0.0,1.0,48,1300,700,600,0.5384615384615384,19,7,12,338.99239270774933,0.8114103132387707,0.13549112461281854,0.18453321299538583,128465.72411258149,-890.2193604284716,127575.50475215302,4438,0,871.2083333333334,45,3,13,37.96647903264236,0.5907407407407407,46.55797101449276,1013.7681159420298,22.528180354267327,0
4574,4,1,0,49,0.02040816326530612,0.0,1.0,49,750,400,350,0.5333333333333333,11,4,7,334.08219421083174,0.8184169501133787,0.14482591358808494,0.18275509706256027,128661.17461395304,-1203.3184950455166,127457.85611890753,4439,0,854.4081632653061,46,3,14,37.89176278690434,0.5914855072463767,46.36524822695036,1014.5390070921989,22.05519580635215,0
4575,4,2,2,49,0.0392156862745098,0.0392156862745098,0.9607843137254902,51,1000,800,200,0.8,12,8,4,327.66874615821604,0.8285947712418301,0.16831705908601746,0.18131003954087965,129114.95210329037,-1738.6131068073412,127376.33899648303,4440,0,821.8627450980392,48,3,16,37.59290634761269,0.59375,45.91836734693878,1016.3265306122456,21.173469387755116,0
4576,4,2,1,50,0.0392156862745098,0.0196078431372549,0.9803921568627451,51,1200,700,500,0.5833333333333334,17,7,10,325.5908263407801,0.8301960784313727,0.18105696847952557,0.181694559823326,129449.36532524774,-1770.408065490971,127678.95725975676,4441,0,819.6274509803922,46,5,13,37.30616778465024,0.599411231884058,45.5895390070922,1017.6418439716313,22.122648781991984,0
4577,4,2,3,49,0.038461538461538464,0.057692307692307696,0.9423076923076923,52,1550,1300,250,0.8387096774193549,18,13,5,326.06237719649965,0.8355329311211663,0.19020225322943207,0.1833729813682474,129753.55454433136,-1938.449511115913,127815.10503321544,4442,0,804.8269230769231,47,5,13,36.9856898412428,0.6012854609929077,45.29079861111112,1018.8368055555575,21.677378841607606,0
4578,4,1,0,50,0.02,0.0,1.0,50,1550,1400,150,0.9032258064516129,17,14,3,333.7458398222626,0.8245578231292516,0.18346714395295227,0.18727115918864756,129665.12891981387,-1344.9605305989203,128320.16838921494,4443,0,837.96,47,3,14,36.879687633171386,0.6003989361702127,45.377604166666686,1018.4895833333374,21.669991134751857,0
4579,4,0,3,47,0.0,0.06,0.94,50,1350,1200,150,0.8888888888888888,15,12,3,324.77714064022115,0.8250510204081632,0.13402170887837506,0.1849325303201767,130238.42047068704,-1507.6877394326712,128730.73273125436,4444,1,838.96,43,7,16,36.52752651761142,0.6111918604651162,44.815340909090914,1020.7386363636367,23.738107822410157,5
4580,4,0,0,47,0.0,0.0,1.0,47,950,600,350,0.631578947368421,13,6,7,344.9030105429743,0.8119025593586185,0.15913257444901086,0.19573099620355694,130107.01844346964,-425.13952921539857,129681.87891425424,4445,2,893.2127659574468,40,7,16,36.14715111066842,0.6143229166666666,44.94410569105692,1020.2235772357735,25.50558943089434,0
4581,4,0,1,46,0.0,0.02127659574468085,0.9787234042553191,47,1350,900,450,0.6666666666666666,18,9,9,346.4607316488914,0.8124807277212457,0.16055641592217285,0.19713910073370067,130210.72035701304,-377.419711316014,129833.30064569702,4446,3,894.2127659574468,40,7,16,36.002273557038066,0.6153645833333332,44.84247967479675,1020.6300813008131,25.51575203252033,0
4582,4,1,2,45,0.02127659574468085,0.0425531914893617,0.9574468085106383,47,1350,900,450,0.6666666666666666,18,9,9,338.58772432909836,0.8201125501079247,0.1627782518767089,0.1937986546646316,130439.87509645049,-566.9319058642093,129872.94319058627,4447,0,890.1489361702128,41,6,16,35.971136415137096,0.6161077235772358,44.61805555555555,1021.5277777777767,24.915311653116504,0
4583,4,0,0,45,0.0,0.0,1.0,45,1100,700,400,0.6363636363636364,15,7,8,344.7817906568001,0.8077861952861953,0.1535378267473757,0.19671426728858885,130315.76063368072,-13.89973958331558,130301.86089409741,4448,5,899.9555555555555,39,6,16,35.93866897911992,0.6180555555555554,44.73958333333334,1021.041666666668,26.18055555555559,0
4584,4,1,0,46,0.021739130434782608,0.0,1.0,46,950,800,150,0.8421052631578947,11,8,3,358.85537344863,0.8108695652173913,0.19919763002884694,0.2076411436713111,130859.79327781103,191.94799722389496,131051.74127503492,4449,0,881.3695652173913,40,6,16,35.02805919745729,0.621875,44.20731707317074,1023.1707317073186,25.579268292682965,0
4585,4,1,1,46,0.02127659574468085,0.02127659574468085,0.9787234042553191,47,900,500,400,0.5555555555555556,13,5,8,351.33072855573477,0.8149475794017884,0.19992748487894962,0.20523437582147191,131226.45817586276,-179.22256865710995,131047.23560720566,4450,0,863.5957446808511,41,6,16,34.84984185386006,0.6239837398373984,43.84920634920634,1024.603174603173,24.99032133178471,0
4586,4,0,0,46,0.0,0.0,1.0,46,1650,1200,450,0.7272727272727273,21,12,9,361.5699305995283,0.8106481481481481,0.20222371706143294,0.21134548465130717,131250.01161882828,291.2115184414224,131541.2231372697,4451,2,883.3695652173913,40,6,16,34.56374590895566,0.62578125,43.82621951219513,1024.6951219512212,25.61737804878053,0
4587,4,0,0,46,0.0,0.0,1.0,46,1300,900,400,0.6923076923076923,17,9,8,359.2822452546755,0.8108091787439614,0.19773750458375083,0.210583476804721,131354.81906467033,238.71410137145426,131593.53316604177,4452,3,884.3695652173913,39,7,16,34.51641516783524,0.6284722222222222,43.72395833333334,1025.1041666666683,26.284722222222264,0
4588,4,1,0,47,0.02127659574468085,0.0,1.0,47,1200,900,300,0.75,15,9,6,353.13259845484373,0.814677767499229,0.201589478185223,0.20896264657248836,131719.04047070196,-97.1425945204607,131621.8978761815,4453,0,866.531914893617,40,7,16,34.30642180642179,0.63046875,43.36890243902439,1026.5243902439024,25.663109756097562,0
4589,4,0,0,47,0.0,0.0,1.0,47,800,500,300,0.625,11,5,6,323.35150070413215,0.8143308664816528,0.17641676765893233,0.1926302985093604,131974.50949462163,-863.4234538709057,131111.08604075073,4454,1,867.531914893617,42,5,13,34.813906701873506,0.6299603174603174,43.120155038759684,1027.5193798449604,24.464747139165723,5
4590,4,0,0,47,0.0,0.0,1.0,47,1100,800,300,0.7272727272727273,14,8,6,322.6341694569086,0.8151017576318224,0.16939435820182913,0.19258191533086289,132049.1944312993,-879.2835654407713,131169.91086585852,4455,2,868.531914893617,42,5,13,34.75731435215737,0.6307043650793651,43.04748062015504,1027.8100775193807,24.471668512366207,0
4591,4,0,1,46,0.0,0.02127659574468085,0.9787234042553191,47,1100,800,300,0.7272727272727273,14,8,6,324.0875184772284,0.8148704902867715,0.17078623748538768,0.1939589767942397,132148.8072099783,-834.444200318496,131314.36300965978,4456,3,869.531914893617,42,5,14,34.619930575189265,0.6316964285714286,42.950581395348834,1028.197674418604,24.480897009966764,0
4592,4,0,0,46,0.0,0.0,1.0,46,850,500,350,0.5882352941176471,12,5,7,329.5732096563191,0.8091787439613527,0.17571502292856245,0.1970783134257609,132117.37769471225,-491.5303563554968,131625.84733835675,4457,4,888.7608695652174,41,5,14,34.5104980861398,0.6328760162601625,42.9811507936508,1028.0753968253975,25.075009678668234,0
4593,4,1,0,47,0.02127659574468085,0.0,1.0,47,1400,1000,400,0.7142857142857143,18,10,8,324.18774227641416,0.8124421831637372,0.17008053852626537,0.19517425300314736,132373.07328285565,-817.2544468481389,131555.8188360075,4458,0,870.8297872340426,42,5,15,34.39226302573762,0.6339285714285714,42.73255813953489,1029.069767441861,24.501661129568117,0
4594,4,0,0,47,0.0,0.0,1.0,47,1500,900,600,0.6,21,9,12,322.7690638935284,0.8112473018809744,0.17109119802242478,0.19544558894055328,132590.4923661331,-840.7687901004876,131749.72357603261,4459,1,871.8297872340426,38,9,17,34.21075380359613,0.6425438596491229,42.52136752136751,1029.9145299145277,27.10301394511915,0
4595,4,1,1,47,0.020833333333333332,0.020833333333333332,0.9791666666666666,48,1350,1100,250,0.8148148148148148,16,11,5,315.6059058702942,0.8155104905437353,0.1687943611987377,0.19239821569400628,132842.88452640624,-1214.8002181241372,131628.0843082821,4460,0,854.6458333333334,40,8,13,34.14251445846477,0.6416666666666667,42.27642276422764,1030.8943089430893,25.772357723577233,0
4596,4,0,1,46,0.0,0.02127659574468085,0.9787234042553191,47,1100,800,300,0.7272727272727273,14,8,6,325.24495444451503,0.810013876040703,0.16787259853223313,0.19762426838852246,132719.8133680557,-766.7100694444244,131953.10329861127,4461,3,873.8297872340426,39,8,14,34.0173877881116,0.642094017094017,42.39583333333334,1030.416666666668,26.42094017094021,0
4597,4,0,0,46,0.0,0.0,1.0,46,850,600,250,0.7058823529411765,11,6,5,333.8195109632357,0.8062399355877617,0.17208434990056043,0.202284972042524,132618.00219382363,-345.90467254728725,132272.09752127633,4462,9,893.7608695652174,38,8,17,33.89862738996646,0.6428179824561402,42.494658119658126,1030.0213675213686,27.105825461088646,0
4598,4,0,0,46,0.0,0.0,1.0,46,1250,900,350,0.72,16,9,7,329.69928037541865,0.8035426731078905,0.16875849268503829,0.2008492372881608,132816.69439693657,-442.08628709760615,132374.60810983897,4463,10,894.7608695652174,40,6,15,33.8055391238621,0.64140625,42.30182926829269,1030.792682926831,25.769817073170778,0
4599,4,0,0,46,0.0,0.0,1.0,46,950,300,650,0.3157894736842105,16,3,13,331.1338163782044,0.8037842190016103,0.17110624022220144,0.20222120372708918,132908.99490583278,-397.8674571680505,132511.12744866472,4464,11,895.7608695652174,41,5,16,33.67607914822654,0.6407520325203251,42.21230158730159,1031.1507936507942,25.150019357336443,0
4600,4,0,0,46,0.0,0.0,1.0,46,1000,700,300,0.7,13,7,6,335.555452705351,0.8031400966183575,0.17600792794601006,0.2054832507202731,133011.31129535136,-273.46584467121,132737.84545068015,4465,12,896.7608695652174,41,5,16,33.45955953067899,0.6417682926829269,42.113095238095234,1031.5476190476181,25.159698025551663,0
4601,4,0,0,46,0.0,0.0,1.0,46,1250,700,550,0.56,18,7,11,333.78830872874306,0.8024154589371981,0.17782458251842947,0.20524430047363124,133164.85969387754,-310.22534013605184,132854.63435374148,4466,13,897.7608695652174,41,5,16,33.35135524798155,0.6432926829268293,41.964285714285715,1032.142857142857,25.174216027874564,0
4602,4,0,0,46,0.0,0.0,1.0,46,1300,1100,200,0.8461538461538461,15,11,4,335.6018341002985,0.8018921095008051,0.16833205226748604,0.20692795552819387,133267.27450239376,-255.05165028972556,133012.22285210402,4467,14,898.7608695652174,41,5,16,33.20202408403791,0.6443089430894309,41.865079365079374,1032.5396825396842,25.183894696089858,0
4603,4,0,0,46,0.0,0.0,1.0,46,1350,900,450,0.6666666666666666,18,9,9,335.1295688827254,0.8014694041867955,0.1765910371746433,0.2076367911905762,133446.59514558152,-255.62001999872734,133190.9751255828,4468,15,899.7608695652174,41,5,17,33.0347855656905,0.6460873983739837,41.69146825396826,1033.2341269841281,25.20083236546654,0
4604,4,0,0,46,0.0,0.0,1.0,46,950,800,150,0.8421052631578947,11,8,3,315.3033135700406,0.8022745571658615,0.14275938064358118,0.19879903911394528,134091.8633355036,-739.5263548851059,133352.3369806185,4469,16,900.7608695652174,39,7,18,32.90348737805491,0.655715811965812,41.06770833333334,1035.7291666666679,26.55715811965815,3
4605,4,0,0,46,0.0,0.0,1.0,46,1300,800,500,0.6153846153846154,18,8,10,316.22621508552464,0.8016103059581321,0.14624247642942345,0.19996835101434943,134199.7734917537,-712.5027126735873,133487.2707790801,4470,17,901.7608695652174,39,7,20,32.77212978787574,0.6567841880341879,40.96354166666668,1036.145833333335,26.567841880341923,0
4606,4,0,0,46,0.0,0.0,1.0,46,850,500,350,0.5882352941176471,12,5,7,319.1737582384281,0.8005434782608696,0.14129342363993835,0.20227891047594673,134280.7345920141,-628.2226562499759,133652.51193576414,4471,18,902.7608695652174,39,7,20,32.615159128978235,0.65758547008547,40.88541666666668,1036.458333333335,26.575854700854745,0
4607,4,0,0,46,0.0,0.0,1.0,46,1300,700,600,0.5384615384615384,19,7,12,318.454192797018,0.8003623188405797,0.13938961530621152,0.20232004674295645,134370.72000385798,-641.8161651234651,133728.90383873452,4472,19,903.7608695652174,41,5,20,32.544234204063414,0.6552337398373984,40.79861111111111,1036.805555555555,25.28794037940378,0
4608,4,0,0,46,0.0,0.0,1.0,46,1450,1200,250,0.8275862068965517,17,12,5,316.8463326121994,0.8003220611916264,0.136766265360863,0.20186644774287305,134473.5973816611,-678.5067672902416,133795.09061437086,4473,20,904.7608695652174,41,5,20,32.48356049736969,0.65625,40.699404761904766,1037.2023809523816,25.297619047619065,0
4609,4,0,0,46,0.0,0.0,1.0,46,1500,1000,500,0.6666666666666666,20,10,10,318.45733655378757,0.7985305958132045,0.14101592599372492,0.20391252528049097,134656.2388975643,-623.5244177918545,134032.71447977243,4474,21,905.7608695652174,40,6,21,32.26015046182968,0.6596354166666667,40.52337398373984,1037.9065040650407,25.947662601626018,0
4610,4,0,0,46,0.0,0.0,1.0,46,750,500,250,0.6666666666666666,10,5,5,318.45733655378757,0.7985305958132045,0.14101592599372492,0.20391252528049097,134656.2388975643,-623.5465620662313,134032.69233549805,4475,22,906.7608695652174,40,6,21,32.26015046182968,0.6596354166666667,40.52337398373984,1037.9065040650407,25.947662601626018,0
4611,4,0,0,46,0.0,0.0,1.0,46,1400,1100,300,0.7857142857142857,17,11,6,318.89349277165127,0.7959339774557166,0.14282553379798668,0.20493419554344214,134788.1190511599,-603.3891863308991,134184.72986482902,4476,23,907.7608695652174,40,6,14,32.11774972271156,0.6609375000000001,40.39634146341463,1038.4146341463406,25.960365853658516,0
4612,4,0,0,46,0.0,0.0,1.0,46,1000,700,300,0.7,13,7,6,323.37058281330053,0.7958735909822866,0.14105018227604726,0.20826532620886834,134867.27812685884,-477.577933934841,134389.700192924,4477,24,908.7608695652174,40,6,15,31.922838600267426,0.6617187500000001,40.320121951219505,1038.7195121951206,25.967987804878014,0
4613,4,0,0,46,0.0,0.0,1.0,46,1350,900,450,0.6666666666666666,18,9,9,334.6339588008545,0.7956119162640902,0.15457100347164832,0.21465544186493823,134721.476800554,-177.00948693727196,134544.4673136167,4478,25,909.7608695652174,37,9,20,31.775454161385742,0.6655405405405406,40.46052631578947,1038.1578947368419,28.058321479374104,1
4614,4,0,0,46,0.0,0.0,1.0,46,1300,1000,300,0.7692307692307693,16,10,6,338.36102340471234,0.7953904991948471,0.16344401445143708,0.21755717940706248,134806.8651532202,-77.32222895507351,134729.54292426512,4479,26,910.7608695652174,37,9,16,31.593702706507564,0.6663851351351353,40.378289473684205,1038.486842105263,28.067211948790888,0
4615,4,0,0,46,0.0,0.0,1.0,46,1100,700,400,0.6363636363636364,15,7,8,342.93543808103885,0.7956723027375201,0.1652904464714351,0.21247308671112536,133446.59514558123,-33.79395332439384,133412.80119225683,4480,27,911.7608695652174,41,5,19,32.833153304528715,0.6460873983739838,41.691468253968246,1033.2341269841259,25.200832365466486,4
4616,4,0,0,46,0.0,0.0,1.0,46,950,600,350,0.631578947368421,13,6,7,338.5650329850679,0.7956119162640902,0.1655626237667136,0.2105212648711662,133579.8828125,-154.89959293902666,133424.98321956096,4481,28,912.7608695652174,39,7,19,32.812709928792145,0.6506410256410258,41.5625,1033.75,26.506410256410255,0
4617,4,1,1,46,0.02127659574468085,0.02127659574468085,0.9787234042553191,47,1100,600,500,0.5454545454545454,16,6,10,329.1101751694103,0.7987588652482269,0.1648883929504299,0.20608854880534666,133840.02267995244,-590.3773382245977,133249.64534172785,4482,0,894.3191489361702,40,7,14,32.79725659660839,0.6515625,41.3109756097561,1034.7560975609758,25.868902439024396,0
4618,4,0,0,46,0.0,0.0,1.0,46,1300,900,400,0.6923076923076923,17,9,8,331.7050575308812,0.7947665056360709,0.15769788014479613,0.20761350576271215,133822.27783203113,-322.09472656251336,133500.18310546863,4483,30,914.7608695652174,39,7,14,32.747848082150405,0.6530448717948719,41.32812499999999,1034.687499999999,26.530448717948694,0
4619,4,0,1,45,0.0,0.021739130434782608,0.9782608695652174,46,1100,700,400,0.6363636363636364,15,7,8,334.56939532175403,0.7955716586151369,0.16669146054928663,0.21001996723387656,133930.07948133658,-238.218858506968,133691.8606228296,4484,31,915.7608695652174,39,7,16,32.56610395491597,0.654113247863248,41.22395833333332,1035.104166666665,26.541132478632434,0
4620,4,0,0,45,0.0,0.0,1.0,45,1500,1100,400,0.7333333333333333,19,11,8,341.08378880195096,0.7880050505050505,0.16855579642820295,0.21385622408572796,133886.53897518068,133.30559664693163,134019.84457182762,4485,32,935.9777777777778,38,7,16,32.44102921441108,0.6554276315789473,41.266025641025635,1034.9358974358965,27.23515519568149,0
4621,4,0,0,45,0.0,0.0,1.0,45,950,700,250,0.7368421052631579,12,7,5,346.04425466565885,0.7859848484848485,0.1779474480671348,0.21778317637789354,134024.78723792807,275.7015212944513,134300.48875922253,4486,33,936.9777777777778,38,7,17,32.1745167836016,0.6567982456140352,41.13247863247862,1035.470085470084,27.24921277552853,0
4622,4,0,0,45,0.0,0.0,1.0,45,900,700,200,0.7777777777777778,11,7,4,347.13393601117554,0.7856481481481482,0.17680143014301453,0.2191282971070544,134135.43721236012,312.59245562128035,134448.0296679814,4487,34,937.9777777777778,38,7,17,32.03576216996698,0.6578947368421054,41.025641025641015,1035.8974358974344,27.26045883940617,0
4623,4,0,0,45,0.0,0.0,1.0,45,1450,1200,250,0.8275862068965517,17,12,5,346.74568232293234,0.7849326599326599,0.1787648365881711,0.2199149958441999,134307.72705078113,314.12489149304196,134621.85194227417,4488,35,938.9777777777778,39,6,17,31.873785716678377,0.6578525641025642,40.85937499999999,1036.562499999999,26.578525641025617,0
4624,4,0,0,45,0.0,0.0,1.0,45,1300,800,500,0.6153846153846154,18,8,10,347.6575377717276,0.7833333333333333,0.17574351770176522,0.22100622167507386,134392.6722375074,344.5251049309211,134737.1973424383,4489,36,939.9777777777778,40,5,18,31.765371296024043,0.6570312500000001,40.77743902439024,1036.8902439024384,25.92225609756096,0
4625,4,0,0,45,0.0,0.0,1.0,45,1400,1000,400,0.7142857142857143,18,10,8,343.2245359310534,0.7839225589225589,0.16894723664587485,0.21881904049020987,134498.06791798855,232.60738895497974,134730.67530694354,4490,37,940.9777777777778,40,5,18,31.775170634531847,0.6580729166666668,40.67581300813008,1037.2967479674792,25.93241869918698,0
4626,4,0,0,45,0.0,0.0,1.0,45,1300,800,500,0.6153846153846154,18,8,10,338.5596416871916,0.7832491582491583,0.16709041438065952,0.2168000173374791,134658.87586805547,118.02248062494982,134776.89834868044,4491,38,941.9777777777778,39,6,20,31.735915964137554,0.6613247863247864,40.52083333333333,1037.916666666666,26.613247863247846,0
4627,4,0,0,45,0.0,0.0,1.0,45,1000,700,300,0.7,13,7,6,339.7324085548877,0.7821127946127947,0.1676475833779203,0.2181992685873144,134767.01388888885,156.94444444443866,134923.95833333328,4492,39,942.9777777777778,39,6,20,31.597779561262698,0.6623931623931625,40.416666666666664,1038.333333333333,26.623931623931615,0
4628,4,0,0,45,0.0,0.0,1.0,45,1400,1000,400,0.7142857142857143,18,10,8,333.25365295366726,0.7812710437710438,0.11459918684386206,0.20326030598206699,132861.99787202754,32.25894813733902,132894.25682016488,4493,40,943.9777777777778,36,9,16,33.668532677953756,0.6490162037037037,42.25788288288289,1030.9684684684694,28.638013013013037,8
4629,4,0,0,45,0.0,0.0,1.0,45,1400,1200,200,0.8571428571428571,16,12,4,333.3149623461827,0.7792929292929294,0.1183925154156924,0.20384658880547432,132962.84072983998,-136.29914973837816,132826.5415801016,4494,41,944.9777777777778,37,8,16,33.565897653979725,0.6480855855855856,42.16008771929825,1031.3596491228072,27.874585111427223,0
4630,4,0,0,45,0.0,0.0,1.0,45,1800,1500,300,0.8333333333333334,21,15,6,336.39231628025374,0.7797558922558923,0.12208994708994747,0.20604029372165536,133019.39058171737,-50.65981840567031,132968.7307633117,4495,42,945.9777777777778,37,8,16,33.429882369614525,0.6486486486486487,42.10526315789473,1031.5789473684204,27.880512091038387,0
4631,4,0,0,45,0.0,0.0,1.0,45,1550,1100,450,0.7096774193548387,20,11,9,338.26171021240805,0.7805976430976431,0.1327076792142523,0.20801695622928554,133168.79799702315,9.18107148075174,133177.97906850392,4496,43,946.9777777777778,38,7,16,33.23198081634062,0.6483004385964912,41.960470085470085,1032.1581196581196,27.162055780476834,0
4632,4,0,0,45,0.0,0.0,1.0,45,900,600,300,0.6666666666666666,12,6,6,336.4302161353607,0.7802188552188553,0.13417503190865543,0.2071972707785844,133223.94035585131,-35.88819033531365,133188.052165516,4497,44,947.9777777777778,38,7,17,33.22402463003207,0.6488486842105263,41.90705128205128,1032.371794871794,27.16767881241563,0
4633,4,0,0,45,0.0,0.0,1.0,45,1100,600,500,0.5454545454545454,16,6,10,332.9790118765587,0.779882154882155,0.12831237531661221,0.20555130284833123,133310.81271701382,-122.05946180555941,133188.75325520826,4498,45,948.9777777777778,39,6,17,33.22616165691615,0.6479700854700855,41.822916666666664,1032.7083333333328,26.47970085470084,0
4634,4,0,0,45,0.0,0.0,1.0,45,1100,800,300,0.7272727272727273,14,8,6,331.60017420883963,0.7792508417508418,0.12876954853939226,0.20544661615973633,133445.9701256693,-149.85861177208716,133296.1115138972,4499,46,949.9777777777778,40,5,17,33.12657781712074,0.64765625,41.69207317073171,1033.2317073170736,25.83079268292684,0
4635,4,0,0,45,0.0,0.0,1.0,45,1100,700,400,0.6363636363636364,15,7,8,331.18529590427744,0.7778198653198654,0.12447839309710718,0.20564905133028427,133528.8802804707,-155.4319086237225,133373.448371847,4500,47,950.9777777777778,37,8,18,33.05440625221018,0.6537162162162163,41.61184210526314,1033.5526315789457,27.93385490753907,0
4636,4,0,0,45,0.0,0.0,1.0,45,1350,1000,350,0.7407407407407407,17,10,7,330.09656122430573,0.7773989898989899,0.12083763863057118,0.2055775109091909,133637.8718770544,-177.31960881000862,133460.55226824438,4501,48,951.9777777777778,38,7,18,32.97362574912171,0.6529605263157896,41.50641025641025,1033.9743589743578,27.209851551956785,0
4637,4,0,0,45,0.0,0.0,1.0,45,1200,700,500,0.5833333333333334,17,7,10,332.29133822800804,0.7770622895622896,0.10821774794929206,0.2080311319158535,133831.25964506154,-105.80632716051093,133725.45331790103,4502,49,952.9777777777778,38,7,17,32.72371364653243,0.6548793859649124,41.319444444444436,1034.7222222222208,27.229532163742654,0
4638,4,0,0,45,0.0,0.0,1.0,45,1550,1300,250,0.8387096774193549,18,13,5,331.2037042088047,0.7759680134680135,0.10815671162492024,0.20781745378075747,133914.182920593,-129.42531412084253,133784.75760647218,4503,50,953.9777777777778,38,7,17,32.669066542802106,0.655701754385965,41.23931623931623,1035.0427350427337,27.237966711650888,0
4639,4,0,0,45,0.0,0.0,1.0,45,1100,600,500,0.5454545454545454,16,6,10,332.1645946956265,0.7744107744107744,0.11199174406604762,0.2087337822698196,133969.4793721235,-100.01643655490818,133869.4629355686,4504,51,954.9777777777778,38,7,18,32.58900928792569,0.65625,41.18589743589743,1035.2564102564095,27.243589743589723,0
4640,4,0,0,45,0.0,0.0,1.0,45,1400,1000,400,0.7142857142857143,18,10,8,331.6602296909923,0.7742845117845119,0.1082745732007937,0.20857360713403006,133997.1318782415,-111.69609266565826,133885.43578557583,4505,52,955.9777777777778,38,7,18,32.574467719189634,0.6565241228070176,41.15918803418803,1035.3632478632467,27.24640125955912,0
4641,4,0,0,45,0.0,0.0,1.0,45,1100,700,400,0.6363636363636364,15,7,8,328.08668204050497,0.7726010101010101,0.10608742290158202,0.207011038465151,134118.8368055555,-199.4791666666705,133919.35763888885,4506,53,956.9777777777778,39,6,19,32.54558862965943,0.6559829059829061,41.041666666666664,1035.833333333333,26.559829059829053,0
4642,4,0,0,45,0.0,0.0,1.0,45,850,200,650,0.23529411764705882,15,2,13,328.05785870687413,0.7722222222222223,0.10024800589851868,0.20729755163269203,134172.79188368062,-196.71223958332837,133976.0796440973,4507,54,957.9777777777778,39,6,20,32.49254306588913,0.656517094017094,40.989583333333336,1036.0416666666672,26.565170940170955,0
4643,4,0,0,45,0.0,0.0,1.0,45,1450,1100,350,0.7586206896551724,18,11,7,332.31688870249,0.7713383838383839,0.10382282976513557,0.2104532607066248,134253.7448459202,-77.04264322916208,134176.70220269106,4508,55,958.9777777777778,39,6,20,32.301508526820115,0.6573183760683761,40.911458333333336,1036.3541666666672,26.573183760683776,0
4644,4,0,0,45,0.0,0.0,1.0,45,1450,900,550,0.6206896551724138,20,9,11,332.353504878767,0.7695707070707071,0.10838397699797397,0.21112518410791903,134366.32977229156,-68.5758724965402,134297.75389979503,4509,56,959.9777777777778,40,5,20,32.18833725413317,0.6567708333333333,40.80284552845528,1036.7886178861784,25.91971544715446,0
4645,4,0,0,45,0.0,0.0,1.0,45,1000,700,300,0.7,13,7,6,331.19156314662234,0.7694023569023569,0.1104274174233022,0.21099507449902782,134471.71512492554,-92.82049375372864,134378.8946311718,4510,57,960.9777777777778,40,5,20,32.11346266901822,0.6578125000000001,40.70121951219512,1037.1951219512187,25.929878048780466,0
4646,4,0,0,45,0.0,0.0,1.0,45,800,400,400,0.5,12,4,8,331.19156314662234,0.7694023569023569,0.1104274174233022,0.21099507449902782,134471.71512492554,-92.82049375372864,134378.8946311718,4511,58,961.9777777777778,40,5,20,32.11346266901822,0.6578125000000001,40.70121951219512,1037.1951219512187,25.929878048780466,0
4647,4,0,0,45,0.0,0.0,1.0,45,900,700,200,0.7777777777777778,11,7,4,330.8011161110307,0.7677188552188553,0.10655957161981289,0.21120378951704255,134550.78124999997,-98.04380246546344,134452.7374475345,4512,59,962.9777777777778,38,7,21,32.04484605087017,0.6620065789473684,40.625,1037.4999999999998,27.302631578947363,0
4648,4,0,0,45,0.0,0.0,1.0,45,1500,1000,500,0.6666666666666666,20,10,10,330.4637332251751,0.7683922558922559,0.09677347425691796,0.21193060265907945,134712.939453125,-96.45182291666677,134616.48763020834,4513,60,963.9777777777778,39,6,21,31.892183423640372,0.6618589743589745,40.46875,1038.125,26.618589743589745,0
4649,4,0,0,45,0.0,0.0,1.0,45,800,600,200,0.75,10,6,4,329.90256036961074,0.766456228956229,0.0956106040851803,0.21236013101648754,134848.14588758693,-102.6502821180448,134745.4956054689,4514,61,964.9777777777778,39,6,16,31.772243673319277,0.6631944444444444,40.33854166666667,1038.6458333333344,26.63194444444447,0
4650,4,0,0,45,0.0,0.0,1.0,45,1150,700,450,0.6086956521739131,16,7,9,328.86466381841893,0.7660774410774411,0.09359540045460668,0.21185002762256286,134875.19531249997,-128.8628472222224,134746.33246527775,4515,62,965.9777777777778,39,6,16,31.77229576146544,0.6634615384615385,40.3125,1038.7499999999998,26.63461538461538,0
4651,4,0,0,45,0.0,0.0,1.0,45,1150,900,250,0.782608695652174,14,9,5,328.05843336436317,0.765909090909091,0.09706770015480015,0.21212177509243388,135010.48312717027,-141.73448350693502,134868.74864366333,4516,63,966.9777777777778,39,6,16,31.658752631051396,0.6647970085470085,40.18229166666667,1039.2708333333344,26.647970085470114,0
4652,4,0,0,45,0.0,0.0,1.0,45,1250,900,350,0.72,16,9,7,330.56092144208253,0.7651094276094277,0.10082386996214643,0.2142206490903886,135091.6883680555,-68.79340277778243,135022.89496527772,4517,64,967.9777777777778,39,6,17,31.513026052104202,0.6655982905982907,40.104166666666664,1039.583333333333,26.6559829059829,0
4653,4,0,0,45,0.0,0.0,1.0,45,1000,700,300,0.7,13,7,6,329.93830891196217,0.7643939393939394,0.10249560319686557,0.2141381144056702,135145.8387586806,-82.04210069443926,135063.79665798615,4518,65,968.9777777777778,39,6,18,31.475405730314566,0.6661324786324787,40.052083333333336,1039.791666666667,26.661324786324794,0
4654,4,0,1,44,0.0,0.022222222222222223,0.9777777777777777,45,1250,800,450,0.64,17,8,9,327.02295480279065,0.7630892255892257,0.10051056161777949,0.21336592394024012,135335.45057508678,-148.4402126736157,135187.01036241316,4519,66,969.9777777777778,39,6,18,31.362936730403423,0.6680021367521367,39.869791666666664,1040.5208333333333,26.680021367521366,0
4655,4,1,1,44,0.022222222222222223,0.022222222222222223,0.9777777777777777,45,1200,900,300,0.75,15,9,6,323.1169410841258,0.7699494949494949,0.10044346637324542,0.21209455417058481,135552.31255425353,-240.1502821180497,135312.16227213547,4520,0,964.8222222222222,39,6,18,31.249479010369782,0.670138888888889,39.661458333333336,1041.354166666667,26.701388888888896,0
4656,4,0,0,44,0.0,0.0,1.0,44,1500,1100,400,0.7333333333333333,19,11,8,328.72828707200387,0.7607910500352361,0.10451280376883276,0.21543087811141065,135494.60475792602,108.18186591423586,135602.78662384025,4521,68,987.75,38,6,20,31.160637933983246,0.6713267543859649,39.71688034188034,1041.1324786324783,27.398223121907325,0
4657,4,0,0,44,0.0,0.0,1.0,44,750,400,350,0.5333333333333333,11,4,7,327.44642295171553,0.7613416138125441,0.10564707199223955,0.21475725693724232,135522.41421031492,75.26595258967981,135597.6801629046,4522,69,988.75,38,6,20,31.166418701689587,0.6716008771929824,39.690170940170944,1041.2393162393168,27.40103463787676,0
4658,4,0,0,44,0.0,0.0,1.0,44,850,500,350,0.5882352941176471,12,5,7,326.99438467409425,0.7612315010570825,0.10742603066067735,0.2148022245710639,135579.43250868053,66.74262152777357,135646.1751302083,4523,70,989.75,39,5,20,31.121640994865633,0.670405982905983,39.635416666666664,1041.4583333333333,26.704059829059826,0
4659,4,0,1,43,0.0,0.022727272727272728,0.9772727272727273,44,1050,800,250,0.7619047619047619,13,8,5,328.86567177738857,0.7622004933051445,0.10699436945335217,0.21669581291710088,135689.33084958722,124.7234392692092,135814.05428885642,4524,71,990.75,38,6,20,30.963947566311187,0.6732456140350876,39.52991452991453,1041.8803418803416,27.417903733693198,0
4660,4,0,0,43,0.0,0.0,1.0,43,1050,800,250,0.7619047619047619,13,8,5,328.02187683326054,0.755860095976375,0.1229232474699915,0.2166454575835111,135772.82769239912,307.2915525239365,136080.11924492306,4525,72,1012.5581395348837,38,5,20,30.90316931488126,0.6740679824561402,39.44978632478633,1042.2008547008556,27.426338281601463,0
4661,4,0,0,43,0.0,0.0,1.0,43,1050,800,250,0.7619047619047619,13,8,5,328.70081930662167,0.7557216685123661,0.11902458090439771,0.2176026183713714,135856.3502173278,331.2187248885959,136187.5689422164,4526,73,1013.5581395348837,38,5,20,30.802717428434775,0.674890350877193,39.36965811965812,1042.5213675213677,27.434772829509676,0
4662,4,0,0,43,0.0,0.0,1.0,43,1000,700,300,0.7,13,7,6,329.16794005883355,0.7557678110003692,0.11519275024656594,0.21859438305131515,135967.7535338593,351.2450690335271,136318.99860289283,4527,74,1014.5581395348837,38,5,17,30.680188485965996,0.6759868421052632,39.26282051282051,1042.9487179487178,27.44601889338731,0
4663,4,0,0,43,0.0,0.0,1.0,43,1250,1000,250,0.8,15,10,5,329.0964488766853,0.7561369509043927,0.11390147856452892,0.21916423084766493,136068.05555555553,355.90277777777396,136423.9583333333,4528,75,1015.5581395348837,39,4,17,30.582734291799774,0.6752136752136753,39.166666666666664,1043.3333333333333,26.75213675213675,0
4664,4,0,0,43,0.0,0.0,1.0,43,1350,1100,250,0.8148148148148148,16,11,5,334.7848250579643,0.755906238464378,0.0958481979639525,0.21879587705287887,135395.5991493985,465.67839496992696,135861.27754436844,4529,76,1016.5581395348837,40,3,17,31.10129219151776,0.6669270833333333,39.8119918699187,1040.7520325203252,26.01880081300813,2
4665,4,0,0,43,0.0,0.0,1.0,43,1050,700,350,0.6666666666666666,14,7,7,337.50535025120274,0.7552141011443336,0.09084862723733633,0.22122471614354275,135501.38728807258,546.4886352369638,136047.87592330953,4530,77,1017.5581395348837,40,3,18,30.9254514397267,0.66796875,39.71036585365854,1041.158536585366,26.02896341463415,0
4666,4,0,0,43,0.0,0.0,1.0,43,1000,500,500,0.5,15,5,10,335.29264165483664,0.7553986710963455,0.08455050634548589,0.22042426454909708,135607.2167381355,493.62038551789567,136100.8371236534,4531,78,1018.5581395348837,40,3,18,30.87801248902332,0.6690104166666666,39.60873983739838,1041.5650406504076,26.03912601626019,0
4667,4,0,0,43,0.0,0.0,1.0,43,850,400,450,0.47058823529411764,13,4,9,333.75999999999976,0.7556293835363602,0.08520930232558133,0.21957894736842123,135633.68055555574,453.82202640625945,136087.502581962,4532,79,1019.5581395348837,39,4,18,30.891666666666673,0.6709401709401709,39.58333333333334,1041.666666666668,26.709401709401746,0
4668,4,0,0,43,0.0,0.0,1.0,43,1450,1000,450,0.6896551724137931,19,10,9,329.27093057219315,0.7533222591362126,0.0805817208000521,0.21728406262824698,135742.2092013891,339.19270833335815,136081.40190972248,4533,80,1020.5581395348837,39,4,18,30.90097294415567,0.6720085470085468,39.47916666666668,1042.083333333335,26.720085470085515,0
4669,4,0,0,43,0.0,0.0,1.0,43,1300,1100,200,0.8461538461538461,15,11,4,325.74686274824955,0.751984126984127,0.08903229703140458,0.21610681530634396,135932.23876953142,255.90006510418146,136188.1388346356,4534,81,1021.5581395348837,39,4,17,30.804552492258505,0.6738782051282051,39.29687500000001,1042.8125000000014,26.738782051282087,0
4670,4,0,0,43,0.0,0.0,1.0,43,900,600,300,0.6666666666666666,12,6,6,327.1825781624798,0.752953119232189,0.09402630210268192,0.21788967439331136,136068.05555555577,303.8194444444693,136371.87500000023,4535,82,1022.5581395348837,39,4,17,30.63265441959532,0.6752136752136751,39.16666666666668,1043.333333333335,26.752136752136796,0
4671,4,0,0,43,0.0,0.0,1.0,43,950,700,250,0.7368421052631579,12,7,5,328.3908293575472,0.751984126984127,0.09687175761402167,0.21919704992226977,136149.5781792537,342.0545789930798,136491.6327582468,4536,83,1023.5581395348837,39,4,19,30.520448647569612,0.6760149572649572,39.08854166666668,1043.645833333335,26.760149572649617,0
4672,4,0,0,43,0.0,0.0,1.0,43,1050,600,450,0.5714285714285714,15,6,9,330.479888965887,0.7520764119601329,0.0943320044738778,0.221099429053146,136231.12521701428,404.3294270833721,136635.45464409766,4537,84,1024.5581395348838,39,4,19,30.38523581454134,0.6768162393162391,39.010416666666686,1043.9583333333364,26.768162393162473,0
4673,4,0,0,43,0.0,0.0,1.0,43,1200,1000,200,0.8333333333333334,14,10,4,329.3543278076902,0.7523532668881506,0.09503258783866819,0.22051559302715332,136258.31298828154,375.45301649308436,136633.76600477463,4538,85,1025.5581395348838,39,4,19,30.387712428082068,0.6770833333333333,38.984375000000014,1044.0625000000023,26.770833333333393,0
4674,4,0,0,43,0.0,0.0,1.0,43,400,100,300,0.25,7,1,6,331.40574353395397,0.7522609819121446,0.09777464318194418,0.22205957040002403,136285.50347222242,433.15972222224093,136718.66319444467,4539,86,1026.5581395348838,39,4,19,30.30726256983239,0.6773504273504273,38.95833333333334,1044.1666666666683,26.773504273504315,0
4675,4,0,1,42,0.0,0.023255813953488372,0.9767441860465116,43,700,400,300,0.5714285714285714,10,4,6,332.2982030085032,0.7516611295681063,0.09936026795448094,0.2230001193683573,136339.89257812526,461.1002604166957,136800.99283854195,4540,87,1027.5581395348838,39,4,19,30.23015160582487,0.6778846153846152,38.906250000000014,1044.375000000002,26.778846153846207,0
4676,4,0,0,42,0.0,0.0,1.0,42,1050,900,150,0.8571428571428571,12,9,3,332.61907962076475,0.7485240030971738,0.07127545551982872,0.21111129339195484,134334.7222222223,536.9900173611175,134871.71223958343,4541,88,1036.1666666666667,39,3,19,32.212955519828505,0.6581196581196581,40.833333333333336,1036.6666666666672,26.581196581196593,3
4677,4,0,0,42,0.0,0.0,1.0,42,1350,1100,250,0.8148148148148148,16,11,5,332.15570051640793,0.7476287262872628,0.07377615360561562,0.211151689244169,134392.67223750753,527.858438264269,134920.5306757718,4542,89,1037.1666666666667,40,2,20,32.16721389133916,0.65703125,40.77743902439025,1036.8902439024396,25.92225609756099,0
4678,4,0,0,42,0.0,0.0,1.0,42,600,300,300,0.5,9,3,6,332.1598584733561,0.7463463027487418,0.0707846924778146,0.21161195478021677,134471.71512492563,533.2211729129529,135004.93629783858,4543,90,1038.1666666666667,40,2,20,32.08835488928083,0.6578125,40.701219512195124,1037.1951219512193,25.929878048780484,0
4679,4,1,0,43,0.023255813953488372,0.0,1.0,43,950,400,550,0.42105263157894735,15,4,11,327.49372549156976,0.7523532668881506,0.09224335710509246,0.21069268732650887,134828.03397116295,231.136742152488,135059.17071331543,4544,0,1015.0,38,5,17,31.85479031649694,0.6647478070175439,40.35790598290598,1038.568376068376,27.330746738641473,0
4680,4,0,0,43,0.0,0.0,1.0,43,900,600,300,0.6666666666666666,12,6,6,326.001863588002,0.7504152823920266,0.08909667005440358,0.21037611966777153,134939.01495954773,198.07406950836145,135137.08902905608,4545,1,1016.0,38,5,17,31.78320479862897,0.6658442982456141,40.251068376068375,1038.9957264957259,27.3419928025191,0
4681,4,0,0,43,0.0,0.0,1.0,43,950,800,150,0.8421052631578947,11,8,3,327.44769574532535,0.7490771502399409,0.09484967870256988,0.21179595639697646,135022.28066330633,242.54693549565238,135264.827598802,4546,2,1017.0,38,5,17,31.66289747807018,0.6666666666666666,40.17094017094017,1039.3162393162395,27.350427350427356,0
4682,4,0,0,43,0.0,0.0,1.0,43,650,100,550,0.15384615384615385,12,1,11,325.2818883668982,0.7476005906238464,0.0935155688007403,0.2108806166354621,135105.5720491818,189.47912100956995,135295.05117019135,4547,3,1018.0,38,5,17,31.636436817045194,0.6674890350877192,40.090811965811966,1039.6367521367517,27.358861898335572,0
4683,4,0,0,43,0.0,0.0,1.0,43,1400,1100,300,0.7857142857142857,17,11,6,321.3719761640355,0.7458010335917312,0.0964386624025837,0.20931096534509774,135272.23186728384,94.54089506171732,135366.77276234556,4548,4,1019.0,38,5,19,31.572652425456162,0.6691337719298246,39.93055555555555,1040.277777777777,27.375730994152025,0
4684,4,0,0,43,0.0,0.0,1.0,43,1250,900,350,0.72,16,9,7,321.55129886283595,0.7461701734957549,0.0993887588940352,0.20991351547748158,135355.60029951064,104.75381693331008,135460.35411644395,4549,5,1020.0,38,5,20,31.48528405201916,0.6699561403508771,39.85042735042735,1040.5982905982912,27.384165542060295,0
4685,4,0,0,43,0.0,0.0,1.0,43,1300,1000,300,0.7692307692307693,16,10,6,321.85235778695017,0.7457548911037283,0.09980077084923744,0.21046785072036675,135416.75347222216,116.84027777777351,135533.59374999994,4550,6,1021.0,39,4,20,31.416800106752063,0.6688034188034189,39.791666666666664,1040.833333333333,26.68803418803418,0
4686,4,0,0,43,0.0,0.0,1.0,43,1050,800,250,0.7619047619047619,13,8,5,323.3930627072759,0.7448781838316721,0.09706208064621213,0.2121152923111502,135525.1953125,165.58159722222248,135690.77690972222,4551,7,1022.0,39,4,20,31.26917433640124,0.6698717948717949,39.6875,1041.25,26.69871794871795,0
4687,4,0,0,43,0.0,0.0,1.0,43,1100,800,300,0.7272727272727273,14,8,6,323.84,0.7446936138796604,0.09339534883720879,0.21305263157894735,135633.68055555562,184.76562500000549,135818.44618055562,4552,8,1023.0,38,5,21,31.150000000000002,0.6726973684210527,39.583333333333336,1041.6666666666672,27.4122807017544,0
4688,4,0,0,43,0.0,0.0,1.0,43,1000,700,300,0.7,13,7,6,323.04945377524314,0.7436784791435954,0.09076277066805893,0.2130291631284617,135717.16027695604,168.67089907955955,135885.8311760356,4553,9,1024.0,38,5,21,31.087870398851635,0.6735197368421052,39.50320512820513,1041.9871794871801,27.420715249662635,0
4689,4,0,0,43,0.0,0.0,1.0,43,900,600,300,0.6666666666666666,12,6,6,321.508830098535,0.7434477667035806,0.09628144020116136,0.21264632272280534,135823.63416883704,133.69954427085847,135957.33371310792,4554,10,1025.0,39,4,22,31.02255504480197,0.672809829059829,39.40104166666668,1042.3958333333353,26.728098290598343,0
4690,4,0,0,43,0.0,0.0,1.0,43,950,400,550,0.42105263157894735,15,4,11,321.27670250966855,0.7433093392395718,0.09893768017970928,0.2131412239114841,135932.2387695314,134.3722873264041,136066.6110568578,4555,11,1026.0,39,4,18,30.9210909666034,0.6738782051282051,39.29687500000001,1042.8125000000011,26.73878205128208,0
4691,4,0,0,43,0.0,0.0,1.0,43,900,600,300,0.6666666666666666,12,6,6,321.0027629081274,0.74312476928756,0.09270287023687618,0.2139377695309857,136095.2270507814,137.3887803819602,136232.61583116336,4556,12,1027.0,39,4,20,30.766966989451273,0.6754807692307692,39.14062500000001,1043.4375000000011,26.754807692307722,0
4692,4,0,0,43,0.0,0.0,1.0,43,1350,1000,350,0.7407407407407407,17,10,7,319.78356802283247,0.7433554817275747,0.08567442788933577,0.21345180333249583,136149.57817925373,107.67957899308072,136257.25775824682,4557,13,1028.0,39,4,20,30.745021958279263,0.6760149572649572,39.08854166666668,1043.6458333333353,26.760149572649624,0
4693,4,0,0,43,0.0,0.0,1.0,43,1100,700,400,0.6363636363636364,15,7,8,318.6669630556257,0.7422019195275009,0.09614135377419775,0.21352390626133658,136285.5034722224,85.93750000001955,136371.44097222242,4558,14,1029.0,39,4,21,30.63979781856878,0.6773504273504274,38.95833333333334,1044.166666666668,26.77350427350431,0
4694,4,0,0,43,0.0,0.0,1.0,43,850,700,150,0.8235294117647058,10,7,3,318.8376096988263,0.7404485049833887,0.09452602480496441,0.21429648458846076,136394.29253472248,97.52604166669258,136491.81857638917,4559,15,1030.0,39,4,21,30.527855338385844,0.6784188034188033,38.85416666666668,1044.5833333333353,26.784188034188084,0
4695,4,1,0,44,0.022727272727272728,0.0,1.0,44,800,400,400,0.5,12,4,8,308.58930150263916,0.7474894291754757,0.09369891941084463,0.20902405024099138,136667.7833651433,-365.1568386872714,136302.626526456,4560,0,1007.5681818181819,40,4,22,30.525723264327603,0.6794270833333333,38.592479674796756,1045.6300813008145,26.14075203252036,0
4696,4,0,0,44,0.0,0.0,1.0,44,1550,1300,250,0.8387096774193549,18,13,5,308.14650601201225,0.7461020084566596,0.09309083842702193,0.20919814247200755,136747.4923987046,-372.34760228698445,136375.14479641762,4561,1,1008.5681818181819,40,4,22,30.4587300816168,0.6802083333333333,38.51626016260163,1045.9349593495945,26.148373983739862,0
4697,4,0,0,44,0.0,0.0,1.0,44,750,600,150,0.8,9,6,3,308.86949901759465,0.7456615574348133,0.09636681562075022,0.21000677826202901,136800.64466422106,-349.29068345560813,136451.35398076545,4562,2,1009.5681818181819,40,4,22,30.38744252315265,0.6807291666666666,38.46544715447155,1046.1382113821142,26.153455284552855,0
4698,4,0,0,44,0.0,0.0,1.0,44,1250,800,450,0.64,17,8,9,309.9019103539577,0.7448467230443975,0.08328919842173588,0.21150959408452039,136933.57051234393,-312.80498132724176,136620.7655310167,4563,3,1010.5681818181819,40,4,22,30.229472117034,0.6820312499999999,38.338414634146346,1046.6463414634154,26.166158536585385,0
4699,4,0,0,44,0.0,0.0,1.0,44,900,600,300,0.6666666666666666,12,6,6,308.9435385050426,0.7438997533474278,0.0828464254192407,0.21101581210888223,136960.16342785393,-337.408495273962,136622.75493257996,4564,4,1011.5681818181819,40,4,17,30.228357605177997,0.6822916666666666,38.31300813008131,1046.747967479676,26.168699186991898,0
4700,4,0,0,44,0.0,0.0,1.0,44,750,500,250,0.6666666666666666,10,5,5,306.6873716046789,0.7433271670190276,0.08377014172005448,0.20979371197021288,137013.35700475928,-395.9467330953575,136617.41027166392,4565,5,1012.5681818181819,40,4,17,30.23502717918852,0.6828124999999999,38.26219512195123,1046.9512195121968,26.17378048780492,0
4701,4,0,0,44,0.0,0.0,1.0,44,850,700,150,0.8235294117647058,10,7,3,308.15423141020796,0.7422921071176886,0.08406995721406219,0.21127939818244804,137093.16673483048,-350.83211464736246,136742.3346201831,4566,6,1013.5681818181819,40,4,17,30.118065663917186,0.68359375,38.1859756097561,1047.2560975609758,26.181402439024396,0
4702,4,0,0,44,0.0,0.0,1.0,44,1150,900,250,0.782608695652174,14,9,5,306.70050078836874,0.742049859055673,0.08599675450664979,0.2107645841417669,137172.99970255798,-385.794459316544,136787.20524324145,4567,7,1014.5681818181819,40,4,17,30.07756920191437,0.684375,38.109756097560975,1047.560975609756,26.1890243902439,0
4703,4,0,1,43,0.0,0.022727272727272728,0.9772727272727273,44,1250,800,450,0.64,17,8,9,305.3557016040298,0.7400898520084567,0.08832018684175735,0.21096745224685634,137359.36699591836,-411.3068238151924,136948.06017210317,4568,8,1015.5681818181819,40,4,17,29.92951203748587,0.6861979166666667,37.93191056910569,1048.2723577235768,26.20680894308942,0
4704,4,0,0,43,0.0,0.0,1.0,43,1000,900,100,0.9,11,9,2,321.23230686783086,0.7330195644149132,0.03360666756284436,0.2169074675041604,136557.55750868094,173.33984375003996,136730.89735243097,4569,25,1040.0,39,4,21,30.30404956481297,0.6800213675213673,38.697916666666686,1045.2083333333364,26.800213675213755,3
4705,4,0,0,43,0.0,0.0,1.0,43,950,600,350,0.631578947368421,13,6,7,321.23230686783086,0.7331118493909191,0.03360666756284436,0.2169074675041604,136557.55750868094,173.33984375003996,136730.89735243097,4570,26,1041.0,39,4,21,30.30404956481297,0.6800213675213673,38.697916666666686,1045.2083333333364,26.800213675213755,0
4706,4,0,0,43,0.0,0.0,1.0,43,950,800,150,0.8421052631578947,11,8,3,317.4000871877054,0.7320505721668512,0.03412183517982492,0.2065760343987019,135246.43255739775,-14.55410289117944,135231.87845450657,4571,27,1042.0,41,2,18,31.70153791130185,0.6638719512195121,39.95535714285713,1040.1785714285697,25.370209059233407,5
4707,4,1,1,43,0.022727272727272728,0.022727272727272728,0.9772727272727273,44,850,600,250,0.7058823529411765,11,6,5,310.2519531239171,0.7378875968992248,0.038926589047586946,0.20325286490020517,135482.31776936477,-393.26925965988073,135089.04850970488,4572,0,1019.2954545454545,42,2,18,31.653713700670142,0.6646825396825398,39.72868217054263,1041.0852713178292,24.78774455518641,0
4708,4,0,0,43,0.0,0.0,1.0,43,1000,700,300,0.7,13,7,6,316.3429200638681,0.7321428571428571,0.03605105681034626,0.206479208995016,135349.6445597913,-36.61964206981119,135313.0249177215,4573,29,1044.0,41,2,19,31.62668430419168,0.664888211382114,39.856150793650784,1040.5753968253953,25.379887727448665,0
4709,4,0,0,43,0.0,0.0,1.0,43,850,600,250,0.7058823529411765,11,6,5,317.0502205043762,0.7317737172388334,0.03990131075805836,0.20723824693529033,135401.26532383775,-14.199794501145504,135387.0655293366,4574,30,1045.0,41,2,19,31.557108473930025,0.6653963414634148,39.80654761904761,1040.7738095238085,25.384727061556305,0
4710,4,0,1,42,0.0,0.023255813953488372,0.9767441860465116,43,1100,700,400,0.6363636363636364,15,7,8,319.01005061281757,0.7310354374307863,0.03810452374885043,0.2091199551019059,135504.5363776295,45.46180161877254,135549.99817924827,4575,31,1046.0,41,2,20,31.403743846275997,0.6664126016260163,39.70734126984126,1041.170634920633,25.394405729771535,0
4711,4,0,0,42,0.0,0.0,1.0,42,1100,800,300,0.7272727272727273,14,8,6,319.3501163587348,0.7300619434765776,0.04163297175204295,0.20947895596745159,135527.84077764547,256.16634443782544,135784.0071220833,4576,32,1062.6190476190477,40,2,20,31.371795497429897,0.6682291666666667,39.68495934959349,1041.260162601625,26.03150406504063,0
4712,4,0,0,42,0.0,0.0,1.0,42,750,500,250,0.6666666666666666,10,5,5,316.9701321359861,0.7296747967479674,0.04081632653061207,0.20822499449548618,135580.755502677,195.009997356069,135775.76550003307,4577,33,1063.6190476190477,40,2,20,31.381326437678894,0.6687500000000001,39.63414634146341,1041.4634146341464,26.03658536585366,0
4713,4,0,0,42,0.0,0.0,1.0,42,800,500,300,0.625,11,5,6,318.09227836340466,0.7293602400309718,0.03851757681374712,0.2094299457480191,135660.80864800353,230.54146934024646,135891.35011734377,4578,34,1064.6190476190477,39,3,20,31.272810218978115,0.6712072649572649,39.55729166666667,1041.770833333334,26.712072649572665,0
4714,4,0,0,42,0.0,0.0,1.0,42,1350,900,450,0.6666666666666666,18,9,9,319.01840184355575,0.7291182733255904,0.030877418433640003,0.21067848913826911,135769.34814453142,262.58409288195907,136031.9322374134,4579,35,1065.6190476190477,39,3,21,31.14120023321674,0.672275641025641,39.45312500000001,1042.1875000000014,26.722756410256444,0
4715,4,0,0,42,0.0,0.0,1.0,42,1050,700,350,0.6666666666666666,14,7,7,319.43081893131836,0.7277874564459931,0.031849103277675095,0.21175513228493378,135905.08355034745,282.4544270833583,136187.53797743082,4580,36,1066.6190476190477,39,3,19,30.996087246087264,0.6736111111111109,39.32291666666668,1042.708333333335,26.736111111111157,0
4716,4,0,0,42,0.0,0.0,1.0,42,1350,900,450,0.6666666666666666,18,9,9,318.3039751228776,0.7263114595431669,0.03282568143219078,0.2112830137587952,135951.44775761804,254.77724899202275,136206.22500661007,4581,37,1067.6190476190477,40,2,20,30.979584876242455,0.6723958333333333,39.278455284552855,1042.8861788617903,26.072154471544756,0
4717,4,0,0,42,0.0,0.0,1.0,42,1000,600,400,0.6,14,6,8,319.2282851866038,0.7259001161440186,0.035747924815449084,0.21205436186861598,135977.9451405416,281.60125008264686,136259.54639062422,4582,38,1068.6190476190477,40,2,20,30.929268569943822,0.6726562499999998,39.253048780487816,1042.9878048780506,26.074695121951265,0
4718,4,0,1,41,0.0,0.023809523809523808,0.9761904761904762,42,1050,800,250,0.7619047619047619,13,8,5,323.14557613542945,0.7258517228029423,0.07158174890382374,0.20449441421089423,134226.7578125003,279.0051133171682,134505.76292581746,4583,39,1069.6190476190477,39,3,21,32.566009918241534,0.6570512820512819,40.937500000000014,1036.2500000000023,26.570512820512878,6
4719,4,0,0,41,0.0,0.0,1.0,41,1050,600,450,0.5714285714285714,15,6,9,325.5110058829003,0.7230691056910569,0.0810132538624424,0.20659984250935112,134334.72222222236,545.48611111113,134880.2083333335,4584,40,1089.9268292682927,39,2,22,32.39717309753484,0.658119658119658,40.83333333333334,1036.6666666666679,26.58119658119661,0
4720,4,0,1,40,0.0,0.024390243902439025,0.975609756097561,41,700,600,100,0.8571428571428571,8,6,2,324.8871220870612,0.7230182926829268,0.0752895989339526,0.20696743919519336,134469.7387695315,537.4972873264178,135007.23605685792,4585,41,1090.9268292682927,39,2,22,32.27890345150815,0.6594551282051281,40.703125000000014,1037.187500000002,26.594551282051334,0
4721,4,0,0,40,0.0,0.0,1.0,40,1150,700,450,0.6086956521739131,16,7,9,332.1467697305188,0.724465811965812,0.0771631644004942,0.21158010764723648,134467.66107823828,932.5998520710333,135400.2609303093,4586,42,1101.85,38,2,22,32.09273279769262,0.6611842105263157,40.70512820512822,1037.1794871794893,27.294197031039193,0
4722,4,0,0,40,0.0,0.0,1.0,40,850,700,150,0.8235294117647058,10,7,3,333.750347067954,0.724332264957265,0.07958852610979505,0.21276310700477802,134495.36494859032,977.5749461246486,135472.93989471497,4587,43,1102.85,38,2,22,32.02355203076184,0.6614583333333333,40.678418803418815,1037.2863247863265,27.29700854700859,0
4723,4,0,0,40,0.0,0.0,1.0,40,850,600,250,0.7058823529411765,11,6,5,333.23079435419004,0.7237446581196582,0.0800900803125677,0.21292569619830176,134579.99173159667,969.2623383285443,135549.25406992523,4588,44,1103.85,36,4,22,31.95273496852615,0.6660879629629628,40.59684684684686,1037.6126126126144,28.82257257257262,0
4724,4,0,0,40,0.0,0.0,1.0,40,800,500,300,0.625,11,5,6,329.8566269535299,0.7236912393162394,0.07867142102482827,0.2110948596426749,134636.11549948066,882.1229849569154,135518.23848443758,4589,45,1104.85,37,3,22,31.984394259552737,0.6646959459459458,40.54276315789474,1037.8289473684215,28.04943100995734,0
4725,4,0,0,40,0.0,0.0,1.0,40,900,600,300,0.6666666666666666,12,6,6,329.80145783569264,0.7231837606837607,0.07772496831432196,0.21155556929460284,134721.47680055402,886.2678901200348,135607.74469067407,4590,46,1105.85,37,3,22,31.90087663709337,0.6655405405405406,40.46052631578947,1038.157894736842,28.05832147937411,0
4726,4,0,0,40,0.0,0.0,1.0,40,1100,800,300,0.7272727272727273,14,8,6,330.786471649014,0.7232104700854701,0.07372255067567579,0.21285390349588706,134835.3339489073,920.3408741151038,135755.6748230224,4591,47,1106.85,37,3,18,31.762035472972954,0.6666666666666667,40.35087719298245,1038.5964912280697,28.07017543859648,0
4727,4,0,0,40,0.0,0.0,1.0,40,1100,800,300,0.7272727272727273,14,8,6,332.76101734467505,0.7237179487179487,0.06994649856976332,0.20869975034660387,133897.4507180094,915.8833727685414,134813.33409077796,4592,48,1107.85,37,3,18,32.64547356711515,0.6573761261261262,41.25548245614035,1034.9780701754387,27.972380275011858,2
4728,4,1,1,40,0.024390243902439025,0.024390243902439025,0.975609756097561,41,800,500,300,0.625,11,5,6,324.57750546945255,0.7348577235772358,0.06793652550323581,0.20504417397636995,134163.10683988954,509.26530882459235,134672.37214871414,4593,0,1081.8048780487804,38,3,18,32.59233955518889,0.6581688596491229,40.99893162393162,1036.0042735042725,27.263270355375592,0
4729,4,0,0,40,0.0,0.0,1.0,40,800,500,300,0.625,11,5,6,331.34294812602366,0.7228899572649573,0.07239544732662795,0.20877479286526293,134067.73147747378,884.4794792628455,134952.2109567366,4594,50,1109.85,37,3,18,32.51224192694549,0.6590653153153154,41.09100877192982,1035.63596491228,27.990161213845408,0
4730,4,0,0,40,0.0,0.0,1.0,40,400,300,100,0.75,5,3,2,331.7236695707383,0.7235576923076923,0.07491530806690694,0.20917635398966553,134096.12212411495,896.5715412434423,134992.69366535838,4595,51,1110.85,37,3,18,32.47406309549016,0.659346846846847,41.06359649122806,1035.7456140350864,27.993124703650984,0
4731,4,0,0,40,0.0,0.0,1.0,40,1050,700,350,0.6666666666666666,14,7,7,330.8542309389451,0.7236378205128206,0.07380350696235216,0.2086943245903102,134107.77043839925,874.0246502666206,134981.79508866588,4596,52,1111.85,38,2,18,32.4849578820698,0.6576206140350878,41.05235042735042,1035.7905982905968,27.257647323436757,0
4732,4,0,0,40,0.0,0.0,1.0,40,600,300,300,0.5,9,3,6,332.58663745820013,0.7221153846153846,0.06947013874924557,0.2101592564268907,134172.79188368065,924.8155381944505,135097.6074218751,4597,53,1112.85,39,1,18,32.37524297875192,0.656517094017094,40.989583333333336,1036.0416666666674,26.565170940170958,0
4733,4,1,0,41,0.024390243902439025,0.0,1.0,41,1100,800,300,0.7272727272727273,14,8,6,325.69660166002484,0.7283536585365854,0.0755301525376324,0.20704563406462526,134392.67223750753,554.2473271531585,134946.9195646607,4598,0,1086.6829268292684,40,1,19,32.334648306053786,0.65703125,40.77743902439025,1036.8902439024396,25.92225609756099,0
4734,4,0,0,41,0.0,0.0,1.0,41,900,500,400,0.5555555555555556,13,5,8,324.31105502317627,0.7271341463414634,0.07542930892317279,0.20646252754282685,134445.36491382445,520.4236276356683,134965.78854146012,4599,1,1087.6829268292684,40,1,19,32.31810387065165,0.6575520833333334,40.72662601626016,1037.0934959349595,25.927337398373986,0
4735,4,0,0,41,0.0,0.0,1.0,41,1050,800,250,0.7619047619047619,13,8,5,325.23933223435284,0.7268292682926829,0.07645366618242955,0.20750269396551718,134524.42329301345,550.5267202062242,135074.95001321967,4600,2,1088.6829268292684,40,1,19,32.21533764367815,0.6583333333333334,40.65040650406504,1037.39837398374,25.9349593495935,0
4736,4,0,0,41,0.0,0.0,1.0,41,1050,800,250,0.7619047619047619,13,8,5,326.20815362395706,0.7283028455284553,0.07700517033997722,0.2085885316754106,134606.20896568376,581.9337425268117,135188.14270821057,4601,3,1089.6829268292684,38,3,19,32.108814647036624,0.6625548245614037,40.57158119658118,1037.7136752136723,27.308254610886113,0
4737,4,0,0,41,0.0,0.0,1.0,41,1000,700,300,0.7,13,7,6,326.94208958650836,0.7279979674796748,0.07616903063160119,0.2095162651273024,134685.9063042533,606.8983289930377,135292.80463324633,4602,4,1090.6829268292684,39,2,19,32.01047415955845,0.6615918803418804,40.49479166666666,1038.020833333332,26.615918803418765,0
4738,4,0,0,41,0.0,0.0,1.0,41,900,800,100,0.8888888888888888,10,8,2,326.5280357819181,0.7269817073170731,0.07638100458051156,0.20971852195065432,134767.01388888873,601.0416666666484,135368.0555555554,4603,5,1091.6829268292684,39,2,19,31.940543071161052,0.6623931623931625,40.41666666666666,1038.333333333332,26.623931623931586,0
4739,4,0,0,41,0.0,0.0,1.0,41,950,700,250,0.7368421052631579,12,7,5,325.13790116588495,0.7266260162601627,0.07202094087139499,0.2091370886854111,134821.09917534713,567.0898437499911,135388.18901909713,4604,6,1092.6829268292684,39,2,17,31.92285188900034,0.6629273504273505,40.36458333333333,1038.5416666666658,26.62927350427348,0
4740,4,0,0,41,0.0,0.0,1.0,41,850,600,250,0.7058823529411765,11,6,5,325.15701843441474,0.7261178861788617,0.07621767815833369,0.20977465083213764,134929.30230034702,574.6419270833148,135503.94422743033,4605,7,1093.6829268292684,39,2,17,31.814801818060303,0.6639957264957266,40.26041666666666,1038.9583333333317,26.63995726495722,0
4741,4,0,0,41,0.0,0.0,1.0,41,1500,1000,500,0.6666666666666666,20,10,10,328.12859304368817,0.7241869918699188,0.07735268453997324,0.21248508955113338,135064.61724175353,663.7125651041722,135728.3298068577,4606,8,1094.6829268292684,39,2,18,31.60313742191938,0.6653311965811965,40.130208333333336,1039.479166666667,26.653311965811973,0
4742,4,0,0,41,0.0,0.0,1.0,41,1000,700,300,0.7,13,7,6,326.72675773314455,0.7233739837398374,0.07717305784558603,0.2120537383414984,135145.83875868045,631.1523437499909,135776.99110243045,4607,9,1095.6829268292684,39,2,18,31.558889334134772,0.6661324786324787,40.05208333333333,1039.7916666666658,26.661324786324766,0
4743,4,0,1,40,0.0,0.024390243902439025,0.975609756097561,41,1100,900,200,0.8181818181818182,13,9,4,321.6396358229092,0.7224593495934959,0.09419314770727683,0.19779506821674897,133168.79799702315,368.23055064741766,133537.02854767058,4608,10,1096.6829268292684,38,3,15,33.66089604250768,0.6483004385964912,41.960470085470085,1032.1581196581196,27.162055780476834,8
4744,4,0,0,40,0.0,0.0,1.0,40,1400,1000,400,0.7142857142857143,18,10,8,330.3934586036981,0.7139155982905983,0.10730107298417124,0.20313478940800833,133160.8178117304,799.0926294629003,133959.9104411933,4609,65,1124.85,37,3,15,33.442999929175976,0.6500563063063063,41.96820175438596,1032.1271929824552,27.895329540066356,0
4745,4,0,0,40,0.0,0.0,1.0,40,1050,700,350,0.6666666666666666,14,7,7,328.1155437621265,0.7135416666666666,0.11460390782627194,0.20234866244976693,133274.0136989264,745.8550948368543,134019.86879376325,4610,66,1125.85,37,3,15,33.38853049449576,0.6511824324324325,41.85855263157894,1032.5657894736828,27.907183499288724,0
4746,4,0,0,40,0.0,0.0,1.0,40,750,300,450,0.4,12,3,9,326.0261554582451,0.7135950854700854,0.11080830060503133,0.201673828665274,133387.25767784295,697.5469615650716,134084.80463940802,4611,67,1126.85,37,3,15,33.329242295580784,0.6523085585585586,41.74890350877192,1033.0043859649106,27.9190374585111,0
4747,4,0,0,40,0.0,0.0,1.0,40,1050,700,350,0.6666666666666666,14,7,7,325.64503847767116,0.7136217948717949,0.11157397580131634,0.20159182342553308,133415.57618690346,689.224088180956,134104.80027508442,4612,68,1127.85,37,3,15,33.310779735371106,0.6525900900900903,41.721491228070164,1033.1140350877176,27.922000948316693,0
4748,4,0,0,40,0.0,0.0,1.0,40,1200,900,300,0.75,15,9,6,326.63393480764717,0.7130608974358974,0.11491409481387227,0.20328919942582852,133613.88991083778,728.5661213065325,134342.4560321443,4613,69,1128.85,37,3,17,33.08708505673983,0.6545608108108109,41.52960526315788,1033.881578947367,27.942745376955862,0
4749,4,0,0,40,0.0,0.0,1.0,40,850,500,350,0.5882352941176471,12,5,7,332.40631082419526,0.7142361111111111,0.13384036463854176,0.20767689644473195,133755.63274276673,892.2432863957856,134647.87602916252,4614,70,1129.85,37,3,14,32.79626881492475,0.6559684684684686,41.39254385964911,1034.4298245614013,27.95756282598382,1
4750,4,0,0,40,0.0,0.0,1.0,40,1000,800,200,0.8,12,8,4,333.61547492045116,0.7127136752136752,0.12923818605636805,0.20907455858560517,133869.08111149567,932.1594144351909,134801.24052593086,4615,71,1130.85,37,3,15,32.65169174260084,0.6570945945945947,41.282894736842096,1034.86842105263,27.969416785206217,0
4751,4,0,0,40,0.0,0.0,1.0,40,500,300,200,0.6,7,3,4,334.05761492872307,0.7125267094017094,0.1316108697955296,0.2095129453363597,133897.45071800923,945.8926063788676,134843.3433243881,4616,72,1131.85,37,3,15,32.61192481548186,0.6573761261261262,41.25548245614034,1034.9780701754373,27.97238027501182,0
4752,4,0,0,40,0.0,0.0,1.0,40,1150,700,450,0.6086956521739131,16,7,9,335.4630494110887,0.7121260683760684,0.1345868644067798,0.21055659484313005,133925.82333025534,985.4330178516311,134911.25634810698,4617,73,1132.85,37,3,15,32.547228107344644,0.6576576576576577,41.22807017543859,1035.0877192982446,27.97534376481742,0
4753,4,0,0,40,0.0,0.0,1.0,40,1350,1200,150,0.8888888888888888,15,12,3,336.9500886155822,0.711698717948718,0.13993327684812562,0.21181642721094027,133982.57757194497,1029.0882771621773,135011.66584910714,4618,74,1133.85,37,3,15,32.45207583139167,0.6582207207207208,41.173245614035075,1035.3070175438577,27.981270744428585,0
4754,4,0,0,40,0.0,0.0,1.0,40,1200,600,600,0.5,18,6,12,336.017245965438,0.7122596153846154,0.14328958509737544,0.21221196122202243,134152.9124345951,1015.5384349030331,135168.45086949813,4619,75,1134.85,37,3,15,32.30622001128987,0.6599099099099099,41.008771929824555,1035.9649122807007,27.99905168326218,0
4755,4,0,0,40,0.0,0.0,1.0,40,1400,1000,400,0.7142857142857143,18,10,8,338.3410656645362,0.7116452991452992,0.14045541098064152,0.2145095971647793,134294.9408111149,1087.498677477682,135382.4394885926,4620,76,1135.85,37,3,16,32.10433636588032,0.6613175675675675,40.87171052631579,1036.5131578947364,28.013869132290175,0
4756,4,0,0,40,0.0,0.0,1.0,40,700,600,100,0.8571428571428571,8,6,2,335.3648280324439,0.7120726495726496,0.13329103214890048,0.2131189391044885,134380.19390581717,1013.278124038168,135393.47202985533,4621,77,1136.85,37,3,16,32.09646432600113,0.6621621621621622,40.78947368421053,1036.842105263158,28.02275960170697,0
4757,4,0,0,40,0.0,0.0,1.0,40,1300,1100,200,0.8461538461538461,15,11,4,335.4755083158642,0.7130876068376069,0.13854122621564513,0.21385433346819926,134493.906779009,1023.8823484149079,135517.78912742392,4622,78,1137.85,37,3,16,31.980267794221284,0.6632882882882882,40.679824561403514,1037.2807017543867,28.03461356092937,0
4758,4,0,0,40,0.0,0.0,1.0,40,1050,800,250,0.7619047619047619,13,8,5,335.22497768775645,0.7121260683760684,0.14122107154179453,0.21419540606747067,134579.2229940944,1022.8634050861826,135602.08639918058,4623,79,1138.85,37,3,16,31.901770932403387,0.6641328828828829,40.59758771929825,1037.6096491228075,28.04350403034615,0
4759,4,0,0,40,0.0,0.0,1.0,40,1150,900,250,0.782608695652174,14,9,5,333.2848391001071,0.7117521367521368,0.14108916120853587,0.21345563510971688,134664.56626077276,976.3316597414826,135640.89792051425,4624,80,1139.85,37,3,16,31.86712092400874,0.6649774774774774,40.51535087719299,1037.9385964912296,28.052394499762965,0
4760,4,0,0,40,0.0,0.0,1.0,40,650,400,250,0.6153846153846154,9,4,5,339.51315450835403,0.7117521367521368,0.10753588516746437,0.20173544298166324,131876.2384487543,970.3252615380027,132846.5637102923,4625,81,1140.85,38,2,17,34.49765099507664,0.6354166666666667,43.21581196581196,1027.1367521367508,27.029914529914496,7
4761,4,1,0,41,0.024390243902439025,0.0,1.0,41,1100,800,300,0.7272727272727273,14,8,6,337.11005376268406,0.7194613821138212,0.11301422311367104,0.2022250711332166,132237.24500868062,715.7009548611156,132952.94596354174,4626,0,1114.0,39,2,18,34.19628991965431,0.6372863247863249,42.864583333333336,1028.5416666666672,26.37286324786326,0
4762,4,0,0,41,0.0,0.0,1.0,41,900,700,200,0.7777777777777778,11,7,4,335.95743468900895,0.7204268292682927,0.11212476084452616,0.20169401861934455,132267.29811124335,687.2364333399443,132954.5345445833,4627,1,1115.0,40,1,18,34.19572877560428,0.6359375,42.83536585365854,1028.6585365853662,25.716463414634156,0
4763,4,0,0,41,0.0,0.0,1.0,41,1050,800,250,0.7619047619047619,13,8,5,337.5143479643414,0.7205792682926829,0.11119676981044813,0.20290945717286185,132319.57250974953,731.9508477097049,133051.52335745923,4628,2,1116.0,40,1,18,34.10316245225867,0.6364583333333333,42.78455284552846,1028.8617886178865,25.721544715447163,0
4764,4,0,0,41,0.0,0.0,1.0,41,400,100,300,0.25,7,1,6,336.41415420296397,0.7205284552845529,0.11224425892293666,0.20252852113312805,132371.85723610286,706.35327847181,133078.21051457466,4629,3,1117.0,40,1,18,34.07893870564223,0.6369791666666667,42.733739837398375,1029.0650406504067,25.726626016260166,0
4765,4,1,1,41,0.023809523809523808,0.023809523809523808,0.9761904761904762,42,1300,700,600,0.5384615384615384,19,7,12,331.8914531024282,0.7278358497870693,0.10253262073282299,0.2013746301339272,132666.15125868047,406.1575076735852,133072.30876635405,4630,0,1091.3809523809523,39,3,16,33.89998314796091,0.6415598290598291,42.447916666666664,1030.2083333333328,26.415598290598275,0
4766,4,0,0,41,0.0,0.0,1.0,41,1200,800,400,0.6666666666666666,16,8,8,338.07410763772396,0.7182926829268292,0.1067392563771088,0.20486313461566916,132618.0021938235,766.94254967492,133384.9447434984,4631,5,1119.0,38,3,19,33.78906925284376,0.6428179824561404,42.49465811965812,1030.0213675213674,27.105825461088617,0
4767,4,0,0,41,0.0,0.0,1.0,41,1100,900,200,0.8181818181818182,13,9,4,339.1794596086921,0.718140243902439,0.11044638748274282,0.20628783527020467,132755.59413580253,805.5941358024751,133561.188271605,4632,6,1120.0,38,3,16,33.622529200359395,0.644188596491228,42.361111111111114,1030.5555555555559,27.11988304093568,0
4768,4,0,0,41,0.0,0.0,1.0,41,950,600,350,0.631578947368421,13,6,7,338.75398608072976,0.7184959349593496,0.11498786033843134,0.20627511952423527,132800.3268771702,797.3280164930597,133597.65489366328,4633,7,1121.0,39,2,16,33.588617988883264,0.6428952991452992,42.317708333333336,1030.7291666666672,26.428952991453006,0
4769,4,0,0,41,0.0,0.0,1.0,41,1300,900,400,0.6923076923076923,17,9,8,335.18653245525013,0.720020325203252,0.11799378046316278,0.20454231185216207,132880.86480034734,707.975260416671,133588.840060764,4634,8,1122.0,39,2,16,33.59980130666126,0.6436965811965811,42.239583333333336,1031.0416666666674,26.43696581196583,0
4770,4,0,0,41,0.0,0.0,1.0,41,800,400,400,0.5,12,4,8,334.9454137332923,0.719969512195122,0.11736881005173672,0.20468886394812327,132934.57031250015,705.1649305555707,133639.7352430557,4635,9,1123.0,39,2,16,33.552188552188554,0.6442307692307692,42.18750000000001,1031.2500000000011,26.442307692307722,0
4771,4,0,0,41,0.0,0.0,1.0,41,800,600,200,0.75,10,6,4,334.5213388611324,0.7201727642276423,0.10992973304467935,0.20487104630437822,133015.14892578128,699.2811414930563,133714.43006727434,4636,10,1124.0,39,2,16,33.48238328452657,0.6450320512820513,42.109375,1031.5625000000002,26.450320512820518,0
4772,4,0,0,41,0.0,0.0,1.0,41,600,300,300,0.5,9,3,6,339.38225680518497,0.7181910569105691,0.10632048785411619,0.20844761426962016,133122.62505425367,835.8913845486311,133958.5164388023,4637,11,1125.0,39,2,16,33.249322869351644,0.6461004273504274,42.00520833333334,1031.9791666666683,26.461004273504315,0
4773,4,0,0,41,0.0,0.0,1.0,41,650,300,350,0.46153846153846156,10,3,7,355.44805757114267,0.717530487804878,0.09514594162335088,0.215959477209559,132716.9124360849,1257.6534469700086,133974.56588305492,4638,12,1126.0,36,5,14,33.24225865209472,0.6475694444444444,42.39864864864866,1030.4054054054068,28.62237237237241,2
4774,4,0,1,40,0.0,0.024390243902439025,0.975609756097561,41,450,200,250,0.4444444444444444,7,2,5,355.2085679237766,0.7177845528455284,0.09562596117710687,0.21598097043657705,132745.9231824732,1230.4978542732097,133976.4210367464,4639,13,1127.0,36,5,14,33.219274760499765,0.6478587962962963,42.370495495495504,1030.5180180180196,28.625500500500543,0
4775,4,0,0,40,0.0,0.0,1.0,40,850,700,150,0.8235294117647058,10,7,3,357.4276500860087,0.7150373931623931,0.10498907700710003,0.21800467265405815,132861.99787202754,1497.7103370262278,134359.70820905376,4640,14,1145.725,36,4,15,33.04546695794648,0.6490162037037037,42.25788288288289,1030.9684684684694,28.638013013013037,0
4776,4,0,0,40,0.0,0.0,1.0,40,750,400,350,0.5333333333333333,11,4,7,342.8246325938387,0.7160523504273504,0.045241175861711946,0.2108229647033153,133168.79799702356,1130.7088492585722,134299.50684628214,4641,15,1146.725,38,2,18,33.114239381706525,0.648300438596491,41.96047008547011,1032.1581196581228,27.162055780476916,2
4777,4,0,0,40,0.0,0.0,1.0,40,1050,600,450,0.5714285714285714,15,6,9,347.8328005219544,0.7151442307692307,0.0415942253958399,0.21421978020673402,133223.94035585184,1267.9312541091876,134491.87160996103,4642,16,1147.725,38,2,18,32.929731967297954,0.6488486842105261,41.907051282051306,1032.3717948717983,27.167678812415744,0
4778,4,0,0,40,0.0,0.0,1.0,40,900,500,400,0.5555555555555556,13,5,8,345.03866517524466,0.7154113247863247,0.04338212475431913,0.21313027324275402,133334.25931633104,1201.0949713273897,134535.35428765844,4643,17,1148.725,38,2,18,32.89132271300991,0.6499451754385963,41.8002136752137,1032.7991452991484,27.17892487629338,0
4779,4,0,0,40,0.0,0.0,1.0,40,900,800,100,0.8888888888888888,10,8,2,343.5951085346477,0.7147435897435898,0.04479933447615192,0.212565981992396,133391.5052625872,1166.5337456597615,134558.03900824694,4644,18,1149.725,39,1,19,32.871269032973686,0.6487713675213673,41.744791666666686,1033.0208333333364,26.487713675213755,0
4780,4,1,1,40,0.024390243902439025,0.024390243902439025,0.975609756097561,41,900,600,300,0.6666666666666666,12,6,6,335.0881631033809,0.7230182926829268,0.030301765106061085,0.20942482994208209,133768.39328342045,764.8654513889228,134533.25873480938,4645,0,1122.658536585366,39,2,16,32.71416524015709,0.6525106837606836,41.38020833333335,1034.4791666666692,26.525106837606902,0
4781,4,0,1,39,0.0,0.025,0.975,40,1100,1000,100,0.9090909090909091,12,10,2,342.49580521646396,0.7150641025641026,0.03220483421134168,0.21377832948424183,133720.73522764642,1159.758177186076,134880.4934048325,4646,20,1151.725,38,2,16,32.57024067761596,0.653782894736842,41.42628205128206,1034.2948717948727,27.21828609986507,0
4782,4,0,0,39,0.0,0.0,1.0,39,600,300,300,0.5,9,3,6,348.79670309855123,0.713225371120108,0.03119979776398729,0.21774978824147145,133727.2781649161,1528.7267476531229,135256.00491256922,4647,21,1125.1538461538462,37,2,16,32.40076946181844,0.6556869369369369,41.41995614035088,1034.3201754385964,27.95459933617828,0
4783,4,0,0,39,0.0,0.0,1.0,39,700,400,300,0.5714285714285714,10,4,6,349.27995119480204,0.713225371120108,0.02777732478813677,0.2182190105676662,133755.6327427669,1543.6321752846898,135299.2649180516,4648,22,1126.1538461538462,37,2,16,32.35990389371776,0.6559684684684686,41.392543859649116,1034.4298245614027,27.957562825983857,0
4784,4,0,0,39,0.0,0.0,1.0,39,750,400,350,0.5333333333333333,11,4,7,350.0272954495004,0.7127755285650023,0.03114310012688737,0.21919094805288214,133840.7145107148,1569.580664242837,135410.29517495766,4649,23,1127.1538461538462,37,2,17,32.25546165801278,0.6568130630630631,41.310307017543856,1034.7587719298242,27.966453295400655,0
4785,4,0,0,39,0.0,0.0,1.0,39,950,600,350,0.631578947368421,13,6,7,350.87965675993485,0.7121569950517319,0.03385853714173992,0.22057295067425442,133982.57757194512,1602.3521660510814,135584.9297379962,4650,24,1128.1538461538462,37,2,17,32.091541340111554,0.6582207207207207,41.17324561403508,1035.3070175438588,27.981270744428617,0
4786,4,0,0,39,0.0,0.0,1.0,39,1200,1000,200,0.8333333333333334,14,10,4,360.31798356675245,0.7121007647323437,0.06431278091068626,0.22844305155308595,134294.94081111494,1877.7764552554586,136172.7172663704,4651,25,1129.1538461538462,37,2,16,31.534852251489824,0.6613175675675675,40.87171052631579,1036.5131578947367,28.01386913229018,1
4787,4,0,0,39,0.0,0.0,1.0,39,1150,1000,150,0.8695652173913043,13,10,3,359.10458523088164,0.7123256860098965,0.0594685294970736,0.2287387388349435,134465.4740521123,1857.4336574715371,136322.90770958381,4652,26,1130.1538461538462,37,2,18,31.395914825386747,0.6630067567567567,40.70723684210527,1037.1710526315796,28.031650071123774,0
4788,4,0,0,39,0.0,0.0,1.0,39,600,300,300,0.5,9,3,6,361.76835857486145,0.7121007647323437,0.05313561940067957,0.23097518278241178,134550.78125000015,1935.2430555555702,136486.0243055557,4653,27,1131.1538461538462,37,2,18,31.24163319946452,0.6638513513513513,40.62500000000001,1037.5000000000011,28.040540540540572,0
4789,4,0,0,39,0.0,0.0,1.0,39,450,100,350,0.2222222222222222,8,1,7,362.559895456573,0.7123819163292848,0.05478766025641013,0.23203833309220684,134638.42220598992,1962.8984558883349,136601.32066187824,4654,28,1132.1538461538462,36,3,18,31.133581090856488,0.6666666666666665,40.54054054054055,1037.8378378378388,28.828828828828858,0
4790,4,0,0,39,0.0,0.0,1.0,39,550,300,250,0.5454545454545454,8,3,5,362.3758754669883,0.7121007647323437,0.05348533785118348,0.23210691064483904,134667.64219878672,1960.060947772105,136627.70314655884,4655,29,1133.1538461538462,36,3,19,31.10918230805396,0.6669560185185185,40.51238738738739,1037.9504504504512,28.831956956956976,0
4791,4,0,0,39,0.0,0.0,1.0,39,1200,900,300,0.75,15,9,6,361.96669059274325,0.7119320737741791,0.053973497044414565,0.23277941566571003,134813.78971877295,1959.6202621540594,136773.409980927,4656,30,1134.1538461538462,36,3,14,30.973939131063403,0.6684027777777777,40.37162162162163,1038.5135135135145,28.847597597597623,0
4792,4,0,0,39,0.0,0.0,1.0,39,950,300,650,0.3157894736842105,16,3,13,361.97820587440333,0.7110886189833558,0.05404984813243141,0.23372798499671943,134960.01649876233,1970.5169274003765,136930.5334261627,4657,31,1135.1538461538462,36,3,14,30.827778981973182,0.669849537037037,40.23085585585586,1039.076576576577,28.863238238238253,0
4793,4,1,0,40,0.025,0.0,1.0,40,950,500,450,0.5263157894736842,14,5,9,333.5720756000633,0.7213942307692308,0.07128859548809663,0.19892311191549925,132013.4451589777,818.6132222265361,132832.05838120423,4658,0,1107.75,38,2,19,34.51220674359772,0.6367872807017545,43.08226495726494,1027.6709401709377,27.04397210976152,7
4794,4,0,0,40,0.0,0.0,1.0,40,900,400,500,0.4444444444444444,14,4,10,334.6372570532157,0.7200587606837607,0.0754155265024834,0.19974989808494092,132049.81689453096,837.7577039930272,132887.574598524,4659,1,1108.75,39,1,19,34.4482661058748,0.6354166666666669,43.046874999999986,1027.8124999999977,26.354166666666607,0
4795,4,2,1,41,0.047619047619047616,0.023809523809523808,0.9761904761904762,42,700,200,500,0.2857142857142857,12,2,10,324.13107397499925,0.7342479674796748,0.08928752040919563,0.19624518851137868,132585.67843966998,195.94455295136953,132781.62299262136,4660,0,1056.904761904762,39,3,21,34.18051060314891,0.6407585470085471,42.52604166666666,1029.895833333332,26.407585470085433,0
4796,4,0,0,41,0.0,0.0,1.0,41,950,600,350,0.631578947368421,13,6,7,331.4412017429967,0.7277439024390244,0.08598054244388131,0.20099094762301734,132645.51487508227,592.8377712031668,133238.35264628544,4661,1,1063.7073170731708,38,3,16,33.93227546152251,0.6430921052631577,42.46794871794872,1030.1282051282058,27.108636977058048,0
4797,4,0,1,40,0.0,0.024390243902439025,0.975609756097561,41,900,600,300,0.6666666666666666,12,6,6,333.5302509702092,0.7275406504065041,0.09311994820487368,0.20255451765470409,132700.54879830533,651.9294689166652,133352.478267222,4662,2,1064.7073170731708,38,3,16,33.82327526614131,0.6436403508771928,42.41452991452992,1030.3418803418813,27.114260008996876,0
4798,4,1,2,39,0.024390243902439025,0.04878048780487805,0.9512195121951219,41,1050,700,350,0.6666666666666666,14,7,7,331.79995150862396,0.7242378048780488,0.0944062148786402,0.2021854876926938,132827.17013888914,614.4097222222481,133441.5798611114,4663,0,1065.6341463414635,39,2,17,33.740905416329824,0.6431623931623931,42.29166666666668,1030.8333333333353,26.43162393162398,0
4799,4,0,0,39,0.0,0.0,1.0,39,1000,700,300,0.7,13,7,6,336.1468356442482,0.719017094017094,0.07743887524061721,0.20414358204994545,132700.54879830536,1121.3739133611095,133821.92271166647,4664,4,1071.974358974359,38,1,17,33.75587584681322,0.6436403508771928,42.41452991452992,1030.3418803418815,27.114260008996883,0
4800,4,0,0,39,0.0,0.0,1.0,39,1000,800,200,0.8,12,8,4,335.45200839988496,0.718229869545659,0.07770184965167881,0.20417069558572173,132783.12108490395,1108.4729299072278,133891.59401481118,4665,5,1072.974358974359,38,1,17,33.6909574651878,0.6444627192982456,42.33440170940171,1030.6623931623933,27.12269455690509,0
4801,4,0,0,39,0.0,0.0,1.0,39,1250,700,550,0.56,18,7,11,337.23089480665243,0.7153621232568601,0.07376327376327407,0.2060855468262876,132934.5703125,1165.9288194444455,134100.49913194444,4666,6,1073.974358974359,39,0,17,33.493265993265986,0.6442307692307692,42.1875,1031.25,26.442307692307693,0
4802,4,0,0,39,0.0,0.0,1.0,39,1050,700,350,0.6666666666666666,14,7,7,335.7916640063359,0.7160368870895187,0.07541325792007503,0.20535350619683346,132961.4271375869,1129.4677734375064,134090.8949110244,4667,7,1074.974358974359,39,0,17,33.50345503821163,0.6444978632478633,42.161458333333336,1031.3541666666674,26.44497863247865,0
4803,4,1,0,40,0.025,0.0,1.0,40,750,500,250,0.6666666666666666,10,5,5,325.4090263074811,0.7293002136752137,0.07012255143222745,0.20047485131944828,133236.04630387016,671.2424193601763,133907.28872323033,4668,0,1049.075,40,0,18,33.496366112150135,0.6455729166666667,41.895325203252035,1032.4186991869926,25.810467479674816,0
4804,4,0,0,40,0.0,0.0,1.0,40,1350,1100,250,0.8148148148148148,16,11,5,327.69722132953694,0.7289797008547009,0.06603472017310885,0.20302849782190135,133445.97012566915,745.9747215612329,134191.9448472304,4669,1,1050.075,40,0,18,33.22739418379726,0.64765625,41.6920731707317,1033.2317073170725,25.830792682926813,0
4805,4,0,0,40,0.0,0.0,1.0,40,900,700,200,0.7777777777777778,11,7,4,328.73270854064293,0.7287660256410257,0.06943812674454719,0.20396609940433832,133499.82336410598,777.1568687595666,134276.98023286555,4670,2,1051.075,38,2,18,33.14681760226059,0.6515899122807018,41.63995726495725,1033.440170940169,27.195793972109712,0
4806,4,0,0,40,0.0,0.0,1.0,40,800,500,300,0.625,11,5,6,330.5517536260839,0.7297008547008547,0.07049400578751608,0.20555390540398366,133582.64391116946,831.1954397691502,134413.83935093862,4671,3,1052.075,38,2,18,33.01704388865924,0.6524122807017544,41.559829059829056,1033.760683760683,27.20422852001797,0
4807,4,0,1,39,0.0,0.025,0.975,40,1050,700,350,0.6666666666666666,14,7,7,330.16185003181914,0.7299946581196581,0.06365819646730686,0.20607974662527656,133720.7352276462,829.8970660749363,134550.63229372114,4672,4,1053.075,38,2,15,32.8891643425266,0.6537828947368423,41.426282051282044,1034.294871794871,27.218286099865026,0
4808,4,0,0,39,0.0,0.0,1.0,39,650,300,350,0.46153846153846156,10,3,7,338.08616081935867,0.7310503823661718,0.0643077901638276,0.21106331932554656,133727.27816491603,1242.2684143197755,134969.54657923582,4673,5,1006.5128205128206,37,2,15,32.677722711049846,0.655686936936937,41.41995614035087,1034.3201754385957,27.954599336178262,0
4809,4,0,0,39,0.0,0.0,1.0,39,750,500,250,0.6666666666666666,10,5,5,340.8431310094989,0.7313315339631129,0.06696998853030278,0.21294795350619916,133755.6327427667,1317.9377308402313,135073.57047360693,4674,6,1007.5128205128206,37,2,15,32.57808635432126,0.6559684684684686,41.39254385964911,1034.4298245614011,27.957562825983814,0
4810,4,0,0,39,0.0,0.0,1.0,39,1000,700,300,0.7,13,7,6,341.9201253076556,0.730825461088619,0.06029186806976394,0.21411414880745488,133840.71451071478,1352.566775353948,135193.28128606873,4675,7,1008.5128205128206,37,2,15,32.465185793507814,0.6568130630630631,41.310307017543856,1034.758771929824,27.966453295400648,0
4811,4,0,1,38,0.0,0.02564102564102564,0.9743589743589743,39,800,400,400,0.5,12,4,8,338.80320239262727,0.7313877642825012,0.05566011857718278,0.2128171013831533,133954.1989482341,1276.822315520162,135231.02126375426,4676,8,1009.5128205128206,37,2,15,32.43245330650002,0.6579391891891893,41.20065789473684,1035.1973684210527,27.978307254623047,0
4812,4,1,1,38,0.02564102564102564,0.02564102564102564,0.9743589743589743,39,600,400,200,0.6666666666666666,8,4,4,337.87338340820855,0.7377980206927576,0.061738247637041166,0.21305420425059657,134096.12212411506,1261.5020967990122,135357.62422091406,4677,0,1007.1025641025641,37,2,15,32.31482461712189,0.6593468468468469,41.06359649122807,1035.7456140350873,27.99312470365101,0
4813,4,0,1,37,0.0,0.02631578947368421,0.9736842105263158,38,1200,700,500,0.5833333333333334,17,7,10,345.91320507185725,0.7239212897107634,0.07177033492822948,0.2178779338247123,134054.68813408006,1674.2573654735804,135728.94549955364,4678,10,1034.6052631578948,36,2,15,32.14803537770045,0.6608796296296295,41.1036036036036,1035.5855855855857,28.76626626626627,0
4814,4,1,1,37,0.02631578947368421,0.02631578947368421,0.9736842105263158,38,750,500,250,0.6666666666666666,10,5,5,348.66212441409067,0.7182610241820768,0.06931114960647511,0.22036845575844397,134181.31209843387,1756.7882665819996,135938.10036501588,4679,0,1035.3157894736842,37,1,15,31.950360708364197,0.6601914414414416,40.981359649122794,1036.0745614035068,28.00201517306775,0
4815,4,0,0,37,0.0,0.0,1.0,37,550,300,250,0.5454545454545454,8,3,5,356.2702376025941,0.70995995995996,0.07694636029962831,0.2245796693098735,134083.84471887417,2154.0166433325153,136237.8613622067,4680,20,1064.2972972972973,36,1,15,31.850739371534203,0.6611689814814815,41.07545045045045,1035.6981981981974,28.76939439439437,0
4816,4,0,0,37,0.0,0.0,1.0,37,600,400,200,0.6666666666666666,8,4,4,355.58899435145406,0.7093343343343343,0.07916254116928112,0.2245067370651356,134142.16739966316,2139.895681154125,136282.0630808173,4681,21,1065.2972972972973,36,1,15,31.810069935137864,0.6617476851851851,41.01914414414414,1035.9234234234234,28.77565065065065,0
4817,4,0,0,37,0.0,0.0,1.0,37,1050,900,150,0.8571428571428571,12,9,3,356.52906427221177,0.7094594594594594,0.07613983548766146,0.2252793537983755,134171.33349565775,2167.195996672341,136338.5294923301,4682,22,1066.2972972972973,36,1,15,31.756567028985504,0.6620370370370371,40.99099099099099,1036.0360360360355,28.778778778778765,0
4818,4,0,0,37,0.0,0.0,1.0,37,550,200,350,0.36363636363636365,9,2,7,353.7313293296322,0.7083958958958959,0.07622420334284752,0.22422473520316358,134288.02958363772,2100.37664353543,136388.40622717314,4683,23,1067.2972972972973,36,1,15,31.712434810951752,0.6631944444444444,40.87837837837838,1036.4864864864867,28.791291291291298,0
4819,4,0,0,37,0.0,0.0,1.0,37,800,600,200,0.75,10,6,4,357.44948851944565,0.7087712712712713,0.07974235369412463,0.22694344767655278,134346.39665002836,2204.4101533966327,136550.806803425,4684,24,1068.2972972972973,36,1,15,31.557770294735306,0.6637731481481481,40.82207207207207,1036.7117117117111,28.79754754754753,0
4820,4,0,0,37,0.0,0.0,1.0,37,1000,900,100,0.9,11,9,2,353.6652334977175,0.7074574574574575,0.08201709471929863,0.22544017063996372,134492.36979800745,2113.055073654733,136605.4248716622,4685,25,1069.2972972972973,36,1,15,31.510105670755983,0.6652199074074074,40.681306306306304,1037.2747747747746,28.813188188188185,0
4821,4,0,0,37,0.0,0.0,1.0,37,1250,1100,150,0.88,14,11,3,353.3453374987869,0.7073948948948949,0.0841825431989367,0.2261561485618574,134640.85708429784,2114.9564991159486,136755.81358341378,4686,26,1070.2972972972973,35,2,16,31.3702325192372,0.66875,40.53819444444444,1037.8472222222222,29.652777777777775,0
4822,4,0,0,37,0.0,0.0,1.0,37,1100,900,200,0.8181818181818182,13,9,4,354.5619296185781,0.7051426426426426,0.08267538846588907,0.22801744176726135,134813.78971877287,2159.967484376268,136973.75720314914,4687,27,1071.2972972972973,36,1,16,31.166187739463595,0.6684027777777778,40.37162162162162,1038.5135135135138,28.847597597597606,0
4823,4,0,0,37,0.0,0.0,1.0,37,900,400,500,0.4444444444444444,14,4,10,352.2794349882277,0.7030780780780781,0.08102249225162739,0.22728182288121587,134930.76480196408,2106.6667173930628,137037.43151935714,4688,28,1072.2972972972973,36,1,16,31.10886805405014,0.6695601851851851,40.259009009009006,1038.9639639639636,28.8601101101101,0
4824,4,0,0,37,0.0,0.0,1.0,37,750,400,350,0.5333333333333333,11,4,7,353.2950786015881,0.7025775775775776,0.0814765128193109,0.22812132192140344,134960.01649876233,2136.141927400377,137096.1584261627,4689,29,1073.2972972972973,36,1,16,31.053339835988584,0.6698495370370371,40.23085585585586,1039.076576576577,28.863238238238253,0
4825,4,0,0,37,0.0,0.0,1.0,37,700,400,300,0.5714285714285714,10,4,6,353.3932992068591,0.7013263263263263,0.07612075781089889,0.2287391410714801,135047.79061155737,2144.99685496306,137192.78746652044,4690,30,1074.2972972972973,36,1,16,30.963344167569524,0.6707175925925927,40.14639639639639,1039.4144144144134,28.872622622622593,0
4826,4,0,0,37,0.0,0.0,1.0,37,700,400,300,0.5714285714285714,10,4,6,354.0565800065478,0.7013263263263263,0.0809288491264224,0.22954005243121137,135106.32253875508,2167.056499066641,137273.37903782172,4691,31,1075.2972972972973,36,1,16,30.88780870883882,0.6712962962962963,40.090090090090094,1039.6396396396403,28.878878878878897,0
4827,4,0,0,37,0.0,0.0,1.0,37,550,400,150,0.7272727272727273,7,4,3,355.9680398771122,0.7012637637637638,0.08595144852454806,0.2311539296923526,135164.86714755293,2222.874563752939,137387.74171130586,4692,32,1076.2972972972973,36,1,16,30.779817341708174,0.671875,40.03378378378378,1039.8648648648648,28.885135135135133,0
4828,4,0,0,37,0.0,0.0,1.0,37,1200,1000,200,0.8333333333333334,14,10,4,345.9683941437571,0.7020770770770771,0.0934727456702491,0.22124210631746882,134609.20538359327,1914.9177471390508,136524.12313073233,4693,33,1077.2972972972973,36,1,19,31.593190450352676,0.6663773148148147,40.5686936936937,1037.725225225227,28.82570070070075,3
4829,4,0,0,37,0.0,0.0,1.0,37,700,400,300,0.5714285714285714,10,4,6,347.1620607050284,0.7004504504504504,0.095460901839034,0.2227200443729756,134726.0916955808,1954.357524754499,136680.44922033531,4694,34,1078.2972972972973,36,1,19,31.445700907546016,0.6675347222222221,40.45608108108109,1038.1756756756765,28.838213213213237,0
4830,4,0,0,37,0.0,0.0,1.0,37,900,500,400,0.5555555555555556,13,5,8,345.3136882818759,0.6995745745745746,0.09007446132025931,0.22224899839663267,134843.0287339707,1912.6287182452968,136755.65745221602,4695,35,1079.2972972972973,36,1,16,31.377173009505213,0.6686921296296295,40.34346846846848,1038.6261261261282,28.85072572572578,0
4831,4,0,0,37,0.0,0.0,1.0,37,700,300,400,0.42857142857142855,11,3,8,345.89834055437507,0.6981356356356356,0.0916288565578689,0.22334527559798614,134960.01649876244,1936.4891496226141,136896.50564838506,4696,36,1080.2972972972973,36,1,16,31.24548426718689,0.669849537037037,40.230855855855864,1039.076576576578,28.863238238238278,0
4832,4,0,0,37,0.0,0.0,1.0,37,550,300,250,0.5454545454545454,8,3,5,346.9655335127689,0.6986986986986987,0.08520980351966223,0.2245786728136648,135047.7906115577,1971.385743851978,137019.17635540967,4697,37,1081.2972972972973,36,1,17,31.130371975442408,0.6707175925925926,40.146396396396405,1039.414414414416,28.872622622622664,0
4833,4,0,0,37,0.0,0.0,1.0,37,700,500,200,0.7142857142857143,9,5,4,350.52284045547236,0.69751001001001,0.08707082298936708,0.2272490774638288,135106.32253875508,2071.5703879555313,137177.8929267106,4698,38,1082.2972972972973,36,1,17,30.97965410167533,0.6712962962962963,40.090090090090094,1039.6396396396403,28.878878878878897,0
4834,4,0,0,37,0.0,0.0,1.0,37,750,500,250,0.6666666666666666,10,5,5,350.16792181764185,0.6961336336336337,0.09191823117107356,0.2275721856429222,135194.1442075522,2068.130503814634,137262.27471136683,4699,39,1083.2972972972973,36,1,18,30.90146182999459,0.6721643518518519,40.005630630630634,1039.977477477478,28.88826326326328,0
4835,4,0,0,37,0.0,0.0,1.0,37,600,400,200,0.6666666666666666,8,4,4,351.1017857889769,0.6971346346346347,0.0879753725141339,0.2283645136300697,135223.42443795147,2095.437160133109,137318.8615980846,4700,40,1084.2972972972973,36,1,18,30.848040277176263,0.6724537037037037,39.97747747747748,1040.0900900900901,28.891391391391394,0
4836,4,0,0,37,0.0,0.0,1.0,37,650,300,350,0.46153846153846156,10,3,7,352.9890338348054,0.6976351351351351,0.0909620240571849,0.22977869665483439,135252.70783875103,2148.544532708396,137401.2523714594,4701,41,1085.2972972972973,36,1,18,30.769820648839815,0.6727430555555556,39.94932432432433,1040.2027027027036,28.894519519519545,0
4837,4,0,0,37,0.0,0.0,1.0,37,1050,700,350,0.6666666666666666,14,7,7,365.43744853125366,0.6972597597597597,0.13158071222587364,0.21571028087071228,131624.87809713665,2220.6677206329427,133845.5458177696,4702,42,1086.2972972972973,35,2,12,34.08573952928793,0.6386904761904761,43.46064814814816,1026.1574074074088,29.31878306878311,8
4838,4,1,1,37,0.02631578947368421,0.02631578947368421,0.9736842105263158,38,900,500,400,0.5555555555555556,13,5,8,357.16866077279013,0.707948079658606,0.1258669036107043,0.21239195068900887,131905.89871966583,1822.5306387468854,133728.42935841272,4703,0,1058.6842105263158,36,2,12,34.01437915661773,0.6394675925925924,43.18693693693695,1027.252252252254,28.534784784784833,0
4839,4,0,0,37,0.0,0.0,1.0,37,1250,1000,250,0.8,15,10,5,344.77117311299696,0.6971346346346347,0.07904165212119008,0.19733789713977362,130439.87509645052,1594.3817515432,132034.2568479937,4704,44,1088.2972972972973,35,2,18,35.813222297756624,0.6267857142857143,44.61805555555555,1021.5277777777769,29.186507936507912,7
4840,4,0,1,36,0.0,0.02702702702702703,0.972972972972973,37,650,200,450,0.3076923076923077,11,2,9,353.13325689616033,0.6971346346346347,0.043752043752043335,0.1931619618322715,128658.1360710374,1686.6933233909713,130344.82939442837,4705,45,1089.2972972972973,36,1,19,37.411662411662405,0.6067708333333334,46.36824324324325,1014.5270270270282,28.18130630630634,8
4841,4,1,0,37,0.02702702702702703,0.0,1.0,37,900,600,300,0.6666666666666666,12,6,6,361.803744745754,0.7120245245245245,0.05937470032697223,0.19381234321542923,127822.46823827583,1850.4740486975547,129672.94228697338,4706,0,1077.4054054054054,35,2,21,38.04664549235053,0.600297619047619,47.19328703703703,1011.2268518518514,28.892195767195755,2
4842,4,1,0,38,0.02631578947368421,0.0,1.0,38,950,600,350,0.631578947368421,13,6,7,351.2475866815426,0.7269144144144144,0.057488392245492514,0.1894039926023029,128087.52745566523,1398.0869805616535,129485.61443622688,4707,0,1050.0263157894738,36,2,22,38.04232951385025,0.6009837962962963,46.93130630630631,1012.2747747747757,28.118743743743767,0
4843,4,3,1,40,0.07317073170731707,0.024390243902439025,0.975609756097561,41,1000,700,300,0.7,13,7,6,331.3123460898236,0.7669715447154472,-0.01896018960189627,0.17296709346650851,126779.94030770629,264.3818227010724,127044.32213040737,4708,0,974.1219512195122,36,5,17,39.88477952961346,0.5876736111111112,48.22635135135135,1007.0945945945941,27.974849849849836,8
4844,4,5,5,40,0.1111111111111111,0.1111111111111111,0.8888888888888888,45,700,500,200,0.7142857142857143,9,5,4,299.40164263602117,0.7920454545454546,-0.00299959929017124,0.16009327502934362,127749.32861328126,-1349.9446150912306,126399.38399819004,4709,0,888.4,39,6,12,39.69871629744117,0.5921474358974359,47.265625,1010.9375000000001,25.92147435897436,0
4845,4,2,2,40,0.047619047619047616,0.047619047619047616,0.9523809523809523,42,850,500,350,0.5882352941176471,12,5,7,319.3100286989798,0.7733739837398373,-0.014997874149659696,0.16869209063342303,127262.39753266763,-272.7680383085987,126989.62949435903,4710,0,952.7380952380952,36,6,18,39.693080357142875,0.5925925925925927,47.74774774774774,1009.0090090090075,28.028028028027986,0
4846,4,2,2,40,0.047619047619047616,0.047619047619047616,0.9523809523809523,42,1000,700,300,0.7,13,7,6,321.6953789140418,0.7748499806426635,-0.010521228344114952,0.1706698678901357,127432.8953108512,-201.085291372475,127231.81001947873,4711,0,953.6904761904761,36,6,13,39.458556398245236,0.5943287037037038,47.57882882882882,1009.6846846846831,28.046796796796755,0
4847,4,4,4,40,0.09090909090909091,0.09090909090909091,0.9090909090909091,44,650,400,250,0.6153846153846154,9,4,5,313.97484997642437,0.7866675475687104,0.021249388213391285,0.1690894686655296,128036.38100162527,-759.9592966980903,127276.42170492718,4712,0,911.25,38,6,16,39.03770364896724,0.5967653508771931,46.9818376068376,1012.0726495726485,26.633490778227593,0
4848,4,4,1,43,0.09090909090909091,0.022727272727272728,0.9772727272727273,44,1100,900,200,0.8181818181818182,13,9,4,313.86979722998785,0.773916490486258,0.02944287555717362,0.17007877164855487,128283.34349270951,-747.1009408947264,127536.24255181478,4713,0,911.9772727272727,37,7,21,38.78880741061443,0.6010698198198197,46.73793859649124,1013.0482456140368,27.379682313892886,0
4849,4,2,2,43,0.044444444444444446,0.044444444444444446,0.9555555555555556,45,850,500,350,0.5882352941176471,12,5,7,306.8132576924071,0.7844276094276095,0.04915499868770934,0.16755135671065483,128593.16541883715,-1109.1824001735731,127483.98301866357,4714,0,892.6666666666666,39,6,14,38.65249820273184,0.6006944444444443,46.432291666666686,1014.2708333333361,26.006944444444514,0
4850,4,0,0,43,0.0,0.0,1.0,43,1200,1000,200,0.8333333333333334,14,10,4,317.6305377236053,0.7721945367294204,0.03882425446815985,0.17283662867891306,128450.01737313412,-440.0703822329869,128009.94699090114,4715,1,935.1627906976744,37,6,16,38.523864250946446,0.6027590090090089,46.573464912280706,1013.7061403508778,27.39746325272643,0
4851,4,0,0,43,0.0,0.0,1.0,43,1050,600,450,0.5714285714285714,15,6,9,318.3742831949138,0.7717792543373938,0.029866208037575337,0.17372529470618056,128561.19340806788,-413.8844404047384,128147.30896766314,4716,2,936.1627906976744,37,6,16,38.39187569827367,0.6038851351351351,46.463815789473685,1014.1447368421054,27.409317211948796,0
4852,4,1,0,44,0.022727272727272728,0.0,1.0,44,1400,1100,300,0.7857142857142857,17,11,6,313.83082535180245,0.7801048273431994,0.053545129391962876,0.1728433271027946,128929.9859832713,-707.5592172547256,128222.42676601658,4717,0,915.8636363636364,38,6,17,38.13227610631881,0.6058114035087719,46.10042735042735,1015.5982905982911,26.72627080521819,1
4853,4,0,0,44,0.0,0.0,1.0,44,1350,700,650,0.5185185185185185,20,7,13,312.2244577194157,0.7800828047921071,0.05331864539623954,0.1725489144316886,129065.65176647306,-740.5093734020033,128325.14239307106,4718,1,916.8636363636364,38,6,17,38.03534503907756,0.6071820175438596,45.96688034188034,1016.1324786324785,26.740328385065226,0
4854,4,0,2,42,0.0,0.045454545454545456,0.9545454545454546,44,1050,800,250,0.7619047619047619,13,8,5,309.72856758935745,0.7790036997885835,0.04657228017883752,0.1717585692995529,129201.38888888896,-796.5277777777728,128404.8611111112,4719,2,917.8636363636364,38,6,17,37.96106557377048,0.6085526315789473,45.833333333333336,1016.6666666666673,26.7543859649123,0
4855,4,1,2,41,0.023255813953488372,0.046511627906976744,0.9534883720930233,43,1250,800,450,0.64,17,8,9,316.82040095174204,0.7779162052417866,0.04317037624199482,0.17556736026441122,129173.52123970828,-415.03864169745805,128758.48259801081,4720,0,939.9069767441861,37,6,17,37.80909556682128,0.6100788288288288,45.86074561403508,1016.5570175438588,27.47451398767186,0
4856,4,0,0,41,0.0,0.0,1.0,41,950,600,350,0.631578947368421,13,6,7,334.12174904520566,0.7571646341463415,0.04744616855787842,0.1839136904719344,128907.38195516118,414.151984739365,129321.53393990055,4721,4,986.4634146341464,35,6,17,37.64009193830255,0.6113095238095239,46.12268518518518,1015.5092592592592,29.014550264550262,0
4857,4,0,0,41,0.0,0.0,1.0,41,1450,1100,350,0.7586206896551724,18,11,7,334.3281639570744,0.7595528455284553,0.042265970703594835,0.18473013002968064,129058.31665702879,429.5660102670387,129487.88266729582,4722,5,987.4634146341464,36,5,18,37.4812977945251,0.6108217592592592,45.97409909909911,1016.1036036036047,28.225100100100132,0
4858,4,0,0,41,0.0,0.0,1.0,41,1000,600,400,0.6,14,6,8,334.35272631939836,0.7572154471544715,0.04647845082638247,0.1852794389493685,129172.76810171679,437.85343620650013,129610.62153792329,4723,6,988.4634146341464,36,5,18,37.364296000886235,0.6119791666666665,45.8614864864865,1016.5540540540558,28.23761261261266,0
4859,4,0,0,41,0.0,0.0,1.0,41,1400,1100,300,0.7857142857142857,17,11,6,336.91368383174967,0.7571138211382114,0.053085442824309714,0.18724107561135583,129287.27027280674,511.7301000324829,129799.00037283922,4724,7,989.4634146341464,36,5,18,37.1828055217215,0.613136574074074,45.74887387387388,1017.0045045045057,28.25012512512516,0
4860,4,1,0,42,0.023809523809523808,0.0,1.0,42,1300,1000,300,0.7692307692307693,16,10,6,333.0949602920695,0.7631145954316686,0.06169052488070914,0.1872223397503704,129731.44531250026,242.57812500002902,129974.02343750029,4725,0,966.8809523809524,37,5,17,36.82898773006136,0.6157094594594593,45.312500000000014,1018.750000000002,27.53378378378384,0
4861,4,0,0,42,0.0,0.0,1.0,42,1100,600,500,0.5454545454545454,16,6,10,332.15553429067717,0.7630903987611305,0.06535259612182709,0.18722775568416297,129843.17440222012,225.62579351341208,130068.80019573352,4726,1,967.8809523809524,37,5,17,36.73962255693026,0.6168355855855854,45.20285087719299,1019.1885964912296,27.545637743006207,0
4862,4,0,0,42,0.0,0.0,1.0,42,1150,800,350,0.6956521739130435,15,8,7,332.0253210063607,0.7629694154084398,0.06337768490919693,0.18755598023797965,129927.0027797016,227.81096106495792,130154.81374076655,4727,2,968.8809523809524,37,5,17,36.657973040797316,0.6176801801801801,45.120614035087726,1019.5175438596503,27.554528212422984,0
4863,4,0,0,42,0.0,0.0,1.0,42,1200,800,400,0.6666666666666666,16,8,8,335.12128569776826,0.7617837785520712,0.06491551459293388,0.18957590979253341,129982.903393352,312.0075407817987,130294.91093413379,4728,3,969.8809523809524,37,5,17,36.522401433691755,0.6182432432432431,45.06578947368422,1019.7368421052647,27.56045519203418,0
4864,4,0,0,42,0.0,0.0,1.0,42,1050,700,350,0.6666666666666666,14,7,7,341.4513837577554,0.7604287650019357,0.07106022469150952,0.19426830562452263,130206.62607725461,491.84652970145316,130698.47260695606,4729,4,970.8809523809524,37,5,18,36.13423936398797,0.6204954954954953,44.84649122807018,1020.6140350877199,27.584163110478915,0
4865,4,2,2,42,0.045454545454545456,0.045454545454545456,0.9545454545454546,44,1200,1100,100,0.9166666666666666,13,11,2,328.9107180143785,0.7778144820295984,0.06959572123682367,0.1891693167210396,130626.62459843414,-207.07657644660506,130419.54802198753,4730,0,927.7045454545455,37,7,15,36.02951035074543,0.6247184684684686,44.435307017543856,1022.2587719298245,27.628615457562827,0
4866,4,0,0,42,0.0,0.0,1.0,42,700,500,200,0.7142857142857143,9,5,4,346.30916166026515,0.76011420828494,0.07630814738046698,0.19761574541829574,130321.66950660116,626.3176225994109,130947.98712920057,4731,6,972.8809523809524,35,7,18,35.89369379581349,0.6255952380952383,44.733796296296276,1021.064814814812,29.173280423280346,0
4867,4,0,0,42,0.0,0.0,1.0,42,1400,700,700,0.5,21,7,14,344.00481506151294,0.7586140147115756,0.08061243760960513,0.1967493514528739,130410.3186755183,572.3555116168972,130982.6741871352,4732,7,973.8809523809524,35,7,19,35.86272426817753,0.6264880952380953,44.64699074074072,1021.4120370370338,29.183201058200964,0
4868,4,1,1,42,0.023255813953488372,0.023255813953488372,0.9767441860465116,43,1350,900,450,0.6666666666666666,18,9,9,336.73548414817157,0.7620893318567736,0.07725990074924582,0.1942968022257744,130751.61944038607,205.74197508315982,130957.36141546923,4733,0,952.2093023255813,36,7,15,35.7031766130808,0.6278935185185188,44.31306306306305,1022.7477477477457,28.409659659659603,0
4869,4,0,0,42,0.0,0.0,1.0,42,1000,800,200,0.8,12,8,4,346.87022253460214,0.7562185443283004,0.08360153752432709,0.19960291046567663,130646.86381440732,663.5013449502459,131310.36515935758,4734,9,975.8809523809524,35,7,15,35.5500443412959,0.6288690476190478,44.415509259259245,1022.3379629629609,29.209656084656025,0
4870,4,0,0,42,0.0,0.0,1.0,42,800,300,500,0.375,13,3,10,346.9627395457792,0.7564363143631436,0.08353653100927638,0.2000488024009661,130722.82745160679,671.1900667559187,131394.0175183627,4735,10,976.8809523809524,36,6,15,35.47080901515985,0.6276041666666669,44.3412162162162,1022.6351351351333,28.40653153153148,0
4871,4,0,0,42,0.0,0.0,1.0,42,1500,1100,400,0.7333333333333333,19,11,8,346.53982317271533,0.7580332946186604,0.08954445649724652,0.2007015534206794,130895.62694028465,672.1094827935772,131567.73642307823,4736,11,977.8809523809524,36,6,17,35.30684861156964,0.6293402777777779,44.172297297297284,1023.310810810809,28.42530030030025,0
4872,4,0,1,41,0.0,0.023809523809523808,0.9761904761904762,42,1000,700,300,0.7,13,7,6,347.86132078554397,0.7573799845141308,0.09680968096809695,0.20191950229505695,130982.06948502548,712.7191380569632,131694.78862308245,4737,12,978.8809523809524,36,6,17,35.18564356435642,0.6302083333333335,44.08783783783783,1023.648648648648,28.434684684684665,0
4873,4,2,1,42,0.046511627906976744,0.023255813953488372,0.9767441860465116,43,850,500,350,0.5882352941176471,12,5,7,340.28421206706753,0.7586747877445551,0.0992062207995541,0.19858059920940704,131187.67463305994,328.21889908430904,131515.89353214426,4738,0,956.7906976744187,37,6,18,35.17194245245995,0.6303490990990992,43.88706140350876,1024.451754385963,27.68788525367468,0
4874,4,0,0,42,0.0,0.0,1.0,42,900,500,400,0.5555555555555556,13,5,8,350.6483544746809,0.7517663569492837,0.10070682478598902,0.20430152363531218,131126.20380092927,795.8375182614964,131922.04131919076,4739,1,980.5714285714286,36,6,18,34.968618288436865,0.6316550925925927,43.94707207207207,1024.2117117117114,28.450325325325316,0
4875,4,1,0,43,0.023255813953488372,0.0,1.0,43,1550,1400,150,0.9032258064516129,17,14,3,345.0164670853005,0.7585363602805463,0.12779811761290705,0.19419975945631093,129787.30384589467,355.9067586937503,130143.21060458841,4740,0,958.7441860465116,37,6,14,36.46864575486926,0.6162725225225226,45.25767543859648,1018.9692982456123,27.53971076339493,3
4876,4,0,0,43,0.0,0.0,1.0,43,1450,1200,250,0.8275862068965517,17,12,5,343.73732139886823,0.7598744924326319,0.12998604212695564,0.19475728233798176,130044.55133912252,340.2331479655061,130384.78448708804,4741,1,959.7441860465116,38,5,17,36.24022380503474,0.6170504385964912,45.005341880341874,1019.9786324786314,26.841542959963984,0
4877,4,0,0,43,0.0,0.0,1.0,43,1200,900,300,0.75,15,9,6,344.24407225679136,0.7608896271686969,0.12995981979788174,0.19545367955126955,130126.29323727069,359.04101833587856,130485.33425560656,4742,2,960.7441860465116,38,5,17,36.14441535776613,0.6178728070175439,44.92521367521367,1020.2991452991445,26.84997750787222,0
4878,4,0,0,43,0.0,0.0,1.0,43,800,500,300,0.625,11,5,6,344.24407225679136,0.7608896271686969,0.12995981979788174,0.19545367955126955,130126.29323727069,359.04101833587856,130485.33425560656,4743,3,961.7441860465116,38,5,17,36.14441535776613,0.6178728070175439,44.92521367521367,1020.2991452991445,26.84997750787222,0
4879,4,0,0,43,0.0,0.0,1.0,43,700,400,300,0.5714285714285714,10,4,6,340.9813672634532,0.7607050572166851,0.12456176229987159,0.19387226310122027,130180.80210387884,277.845578566713,130458.64768244556,4744,4,962.7441860465116,38,5,17,36.17239845058626,0.618421052631579,44.87179487179486,1020.5128205128191,26.85560053981103,0
4880,4,2,3,42,0.044444444444444446,0.06666666666666667,0.9333333333333333,45,700,500,200,0.7142857142857143,9,5,4,331.74440396855266,0.7819444444444444,0.08958567617031576,0.19325549729451336,131119.87428944441,-300.31740896629196,130819.55688047812,4745,0,920.9111111111112,40,5,18,35.459044453264525,0.6244791666666666,43.95325203252034,1024.1869918699213,25.604674796748032,4
4881,4,0,0,42,0.0,0.0,1.0,42,750,500,250,0.6666666666666666,10,5,5,350.7283837015743,0.7589285714285714,0.11669984178022719,0.2027444745932894,130822.85534972312,776.6577216066568,131599.51307132977,4746,6,987.5238095238095,37,5,19,35.2733118971061,0.6266891891891891,44.24342105263158,1023.0263157894747,27.649359886202017,0
4882,4,1,1,42,0.023255813953488372,0.023255813953488372,0.9767441860465116,43,850,700,150,0.8235294117647058,10,7,3,343.68720404904093,0.7691952750092285,0.1118385293318318,0.1998724613838599,131054.49631090672,408.35068303018573,131462.8469939369,4747,0,965.5348837209302,38,5,19,35.219289092932655,0.6271929824561402,44.017094017094024,1023.9316239316252,26.94556905083224,0
4883,4,1,0,43,0.023255813953488372,0.0,1.0,43,1200,800,400,0.6666666666666666,16,8,8,342.3730939498038,0.7707179771133259,0.11948701908038784,0.20010361633592733,131246.00643080214,387.02025805391224,131633.02668885604,4748,0,966.5116279069767,38,5,20,35.05956104681472,0.6291118421052632,43.830128205128204,1024.6794871794873,26.96524966261809,0
4884,4,0,0,43,0.0,0.0,1.0,43,850,600,250,0.7058823529411765,11,6,5,342.3887897415559,0.7703949796973052,0.11514463981849121,0.20054200542005426,131328.12500000003,393.1069197896137,131721.23191978963,4749,1,967.5116279069767,36,7,21,34.976287262872624,0.6336805555555556,43.75,1025.0000000000002,28.47222222222223,0
4885,4,0,0,43,0.0,0.0,1.0,43,1050,700,350,0.6666666666666666,14,7,7,343.77355132335276,0.7702565522332964,0.11760738954510175,0.20165685639483258,131385.84530476414,433.3957268078795,131819.24103157202,4750,2,968.5116279069767,36,7,21,34.88256077914468,0.6342592592592593,43.69369369369369,1025.2252252252247,28.478478478478465,0
4886,4,0,0,43,0.0,0.0,1.0,43,1050,800,250,0.7619047619047619,13,8,5,342.944908169355,0.7682262827611664,0.12007546842249006,0.20193181438362345,131530.20154867703,421.52257832156005,131951.7241269986,4751,3,969.5116279069767,36,7,21,34.75820616972226,0.6357060185185186,43.552927927927925,1025.7882882882882,28.494119119119116,0
4887,4,1,1,43,0.022727272727272728,0.022727272727272728,0.9772727272727273,44,600,300,300,0.5,9,3,6,335.93806594953827,0.7767794221282593,0.12307289037318969,0.19909645883237176,131778.07113727287,53.854070483216105,131831.92520775608,4752,0,948.4545454545455,37,7,19,34.688256443115485,0.6362612612612613,43.311403508771924,1026.7543859649113,27.750118539592197,0
4888,4,1,0,44,0.022727272727272728,0.0,1.0,44,1100,700,400,0.6363636363636364,15,7,8,342.01403599255843,0.7711196264975335,0.15394069449863435,0.19627899109917757,130542.57079101262,129.47830101569807,130672.04909202832,4753,0,949.4318181818181,37,7,16,35.77968526466381,0.6238738738738738,44.51754385964912,1021.9298245614035,27.61972498814604,5
4889,4,0,0,44,0.0,0.0,1.0,44,1500,900,600,0.6,21,9,12,339.1813928081132,0.7713398520084567,0.144886668291494,0.19535926423320918,130682.67549871112,65.0263783087074,130747.70187701983,4754,1,950.4318181818181,37,7,16,35.71034405719392,0.6252815315315315,44.38048245614035,1022.4780701754385,27.634542437174012,0
4890,4,0,0,44,0.0,0.0,1.0,44,750,500,250,0.6666666666666666,10,5,5,337.79070589819275,0.7715160324171952,0.14191961402575726,0.19477907450948806,130726.51855504427,31.6405964643225,130758.15915150859,4755,2,951.4318181818181,38,6,16,35.70156881181224,0.6239035087719298,44.33760683760684,1022.6495726495732,26.911830859199295,0
4891,4,0,1,43,0.0,0.022727272727272728,0.9772727272727273,44,1500,1200,300,0.8,18,12,6,340.73395297856877,0.7723528893587034,0.14839404696368574,0.1973125635809391,130890.45606874132,119.76450069398518,131010.2205694353,4756,3,952.4318181818181,38,6,16,35.46060416231642,0.6255482456140351,44.177350427350426,1023.2905982905983,26.928699955015745,0
4892,4,0,0,43,0.0,0.0,1.0,43,1000,600,400,0.6,14,6,8,353.80398447132353,0.7619509043927648,0.14751029950178607,0.20467110843781267,130850.90033712289,659.1139821868221,131510.0143193097,4757,4,975.3953488372093,37,6,16,35.166269245882916,0.6269707207207207,44.21600877192982,1023.1359649122801,27.65232337600757,0
4893,4,0,0,43,0.0,0.0,1.0,43,1200,800,400,0.6666666666666666,16,8,8,357.2754484306993,0.7622277593207826,0.14803412381470493,0.20046538257150415,129663.42872242302,665.9805850751976,130329.40930749822,4758,5,976.3953488372093,38,5,17,36.28230008042239,0.6132127192982457,45.3792735042735,1018.4829059829052,26.802181736392242,2
4894,4,1,1,43,0.022727272727272728,0.022727272727272728,0.9772727272727273,44,950,500,450,0.5263157894736842,14,5,9,348.2800413477513,0.7716922128259338,0.14649938379005367,0.1967311584910268,129925.63950029723,250.101419459294,130175.74091975653,4759,0,955.1818181818181,40,4,17,36.24505748272194,0.6125000000000002,45.121951219512184,1019.5121951219495,25.48780487804874,0
4895,4,0,0,43,0.0,0.0,1.0,43,700,600,100,0.8571428571428571,8,6,2,354.8104260317623,0.7618586194167589,0.14750001783238997,0.19956301190435102,129757.97661675338,607.8965928819351,130365.87320963532,4760,7,978.3953488372093,39,4,17,36.24895630985243,0.6124465811965812,45.28645833333333,1018.8541666666658,26.12446581196579,0
4896,4,0,0,43,0.0,0.0,1.0,43,900,600,300,0.6666666666666666,12,6,6,353.0153000928317,0.7612587670727206,0.1452882132821085,0.19868789790034963,129784.51063368046,563.1835937499957,130347.69422743046,4761,8,979.3953488372093,39,4,17,36.26771962107273,0.6127136752136753,45.260416666666664,1018.9583333333326,26.12713675213673,0
4897,4,1,0,44,0.022727272727272728,0.0,1.0,44,1000,800,200,0.8,12,8,4,347.2155378447486,0.771494009866103,0.14492231734384275,0.1965204693892864,130003.35784131452,227.8371628990559,130231.19500421357,4762,0,958.1136363636364,40,4,18,36.193323368211274,0.61328125,45.04573170731707,1019.8170731707303,25.495426829268258,0
4898,4,1,0,45,0.022222222222222223,0.0,1.0,45,1150,800,350,0.6956521739130435,15,8,7,340.1981122468052,0.7795033670033671,0.14144123713566814,0.19370771316587576,130237.26974875582,-138.70533745907352,130098.56441129674,4763,0,937.8,41,4,19,36.13517267632098,0.6140752032520326,44.816468253968246,1020.7341269841257,24.895954316685994,0
4899,4,1,0,46,0.021739130434782608,0.0,1.0,46,850,500,350,0.5882352941176471,12,5,7,334.5973886247237,0.7890901771336554,0.1482021585071942,0.19201602786759223,130541.23682169632,-464.24614984882226,130076.9906718475,4764,0,918.3913043478261,41,5,13,35.97051661650972,0.6171239837398375,44.51884920634921,1021.9246031746036,24.924990321331794,0
4900,4,0,1,45,0.0,0.021739130434782608,0.9782608695652174,46,1300,500,800,0.38461538461538464,21,5,16,331.86745641699775,0.7874396135265701,0.14681242380653048,0.1911994339457797,130693.35322381284,-525.42585900099,130167.92736481185,4765,1,919.3913043478261,41,5,14,35.88651321108632,0.6186483739837398,44.37003968253969,1022.5198412698426,24.939508323654696,0
4901,4,0,1,44,0.0,0.022222222222222223,0.9777777777777777,45,950,600,350,0.631578947368421,13,6,7,340.040386631885,0.7799242424242425,0.1435530370812208,0.19556696678845814,130625.9411250744,-116.38089513516738,130509.56022993923,4766,2,940.7777777777778,40,5,14,35.74576664347018,0.61953125,44.4359756097561,1022.256097560976,25.5564024390244,0
4902,4,0,0,44,0.0,0.0,1.0,44,1650,1100,550,0.6666666666666666,22,11,11,341.0886797383449,0.7809857293868923,0.13853915941492279,0.19702887264885602,130794.81336805575,122.5260416666857,130917.33940972244,4767,3,952.3181818181819,39,5,14,35.54820095044127,0.6228632478632479,44.27083333333334,1022.9166666666682,26.22863247863252,0
4903,4,2,2,44,0.043478260869565216,0.043478260869565216,0.9565217391304348,46,1400,1100,300,0.7857142857142857,17,11,6,336.88186009363875,0.7938204508856683,0.16855365420737933,0.19812422681031486,131484.42147531235,-339.9716345677092,131144.44984074464,4768,0,911.8695652173913,40,6,18,34.95982791650153,0.628125,43.59756097560976,1025.6097560975613,25.640243902439032,0
4904,4,0,0,44,0.0,0.0,1.0,44,950,700,250,0.7368421052631579,12,7,5,354.0112560648646,0.7877906976744187,0.19998516590263127,0.19404229205771145,128740.17373666778,321.419928503611,129061.5936651714,4769,1,915.7954545454545,38,6,18,37.305681299785945,0.6038925438596492,46.287393162393144,1014.8504273504245,26.706590193432223,4
4905,4,1,0,45,0.022222222222222223,0.0,1.0,45,1150,700,450,0.6086956521739131,16,7,9,347.03490161673983,0.7922138047138048,0.1994098681887062,0.19154676827776235,129016.12548828109,-45.38031684029073,128970.7451714408,4770,0,896.4222222222222,39,6,19,37.2014807409686,0.6049679487179489,46.01562499999999,1015.9374999999987,26.049679487179453,0
4906,4,1,0,46,0.021739130434782608,0.0,1.0,46,1250,900,350,0.72,16,9,7,342.2827219122946,0.797644927536232,0.19691724515893316,0.1903347846147803,129310.02995105535,-347.6163535446142,128962.41359751073,4771,0,877.9130434782609,38,8,21,37.02315301120447,0.6096491228070177,45.72649572649571,1017.0940170940152,26.765632028789874,0
4907,4,0,0,46,0.0,0.0,1.0,46,1000,600,400,0.6,14,6,8,340.4335315225659,0.7975442834138486,0.19177181673757815,0.18982956406445614,129418.716670319,-388.3058477610045,129030.410822558,4772,1,878.9130434782609,38,8,21,36.95969830603386,0.6107456140350878,45.619658119658105,1017.5213675213656,26.776878092667516,0
4908,4,0,1,45,0.0,0.021739130434782608,0.9782608695652174,46,1300,900,400,0.6923076923076923,17,9,8,341.92283934645025,0.7973631239935588,0.18610794288060561,0.19145268266578525,129581.83235627123,-338.6023906056221,129243.22996566561,4773,2,879.9130434782609,38,8,15,36.75607729975514,0.6123903508771931,45.459401709401696,1018.1623931623914,26.793747188483984,0
4909,4,0,0,45,0.0,0.0,1.0,45,650,500,150,0.7692307692307693,8,5,3,350.0297265160524,0.7914983164983166,0.18848659003831458,0.19520888594164454,129424.43828870416,60.48014773775827,129484.91843644192,4774,4,900.4222222222222,37,8,20,36.709770114942515,0.6126126126126126,45.614035087719294,1017.5438596491223,27.501185395922224,0
4910,4,3,3,45,0.0625,0.0625,0.9375,48,950,700,250,0.7368421052631579,12,7,5,329.2763681943857,0.8070700354609929,0.18305004377006195,0.1865173741821751,130034.82187145684,-1036.5212230725679,128998.30064838426,4775,0,845.0833333333334,41,7,16,36.61882355801964,0.6120426829268293,45.01488095238095,1019.9404761904756,24.876596980255503,0
4911,4,0,0,45,0.0,0.0,1.0,45,1250,900,350,0.72,16,9,7,346.8986897380731,0.7914141414141415,0.1897222513607706,0.19464303762643048,129663.42872242327,-3.9852938490573706,129659.44342857422,4776,1,902.3111111111111,38,7,16,36.546513864121145,0.6132127192982455,45.37927350427351,1018.4829059829071,26.802181736392292,0
4912,4,0,0,45,0.0,0.0,1.0,45,600,400,200,0.6666666666666666,8,4,4,348.9415668105444,0.7920454545454546,0.18441997319815884,0.1960611573092836,129717.84056770045,52.78930619476594,129770.62987389522,4777,2,903.3111111111111,38,7,16,36.43921517217268,0.6137609649122806,45.325854700854705,1018.6965811965821,26.807804768331106,0
4913,4,0,1,44,0.0,0.022222222222222223,0.9777777777777777,45,650,400,250,0.6153846153846154,9,4,5,348.4256350677455,0.7909511784511785,0.18128654970760194,0.19617967575420067,129799.4797373805,45.09323179196133,129844.57296917247,4778,3,904.3111111111111,38,7,16,36.36943454253162,0.6145833333333333,45.2457264957265,1019.017094017095,26.816239316239344,0
4914,4,0,0,44,0.0,0.0,1.0,44,900,400,500,0.4444444444444444,14,4,10,357.27488972338705,0.7820428118393234,0.176291116569941,0.2005272779843228,129675.59880203521,465.96705236226194,130141.56585439747,4779,4,925.6363636363636,37,7,17,36.26993845767396,0.6151463963963963,45.36732456140351,1018.5307017543857,27.527856804172586,0
4915,4,0,0,44,0.0,0.0,1.0,44,1100,800,300,0.7272727272727273,14,8,6,325.018066939813,0.7835403453136012,0.14723936194524456,0.173499982593475,127681.9159912254,-500.2140962720687,127181.70189495332,4780,5,926.6363636363636,40,4,18,39.120160884866756,0.58984375,47.33231707317073,1010.6707317073165,25.26676829268291,6
4916,4,5,3,46,0.10204081632653061,0.061224489795918366,0.9387755102040817,49,1050,800,250,0.7619047619047619,13,8,5,296.9465826463092,0.8181689342403629,0.16294956527162463,0.16253673114947745,128684.70687045553,-2154.9935443302797,126529.71332612525,4781,0,832.9795918367347,42,7,14,38.80976824881418,0.5969742063492064,46.34205426356589,1014.6317829457366,24.15789959394611,0
4917,4,2,2,46,0.041666666666666664,0.041666666666666664,0.9583333333333334,48,1100,500,600,0.45454545454545453,17,5,12,303.28584258482357,0.8167479314420804,0.15858145106091737,0.16595528689753825,128672.41753472216,-1795.0954861111165,126877.32204861105,4782,0,851.2916666666666,41,7,14,38.6614476386037,0.5983231707317074,46.354166666666664,1014.5833333333328,24.74593495934958,0
4918,4,1,1,46,0.02127659574468085,0.02127659574468085,0.9787234042553191,47,1250,700,550,0.56,18,7,11,308.3556813805622,0.8074699352451433,0.16532311351922813,0.16856552089489465,128633.7549160555,-1467.010170863878,127166.74474519162,4783,0,870.3829787234042,40,7,15,38.57213818206105,0.5994791666666666,46.39227642276424,1014.4308943089451,25.360772357723626,0
4919,4,2,1,47,0.041666666666666664,0.020833333333333332,0.9791666666666666,48,850,600,250,0.7058823529411765,11,6,5,301.3462973660132,0.8183547576832151,0.16645277207392217,0.16489398518791964,128672.41753472232,-1845.0086805555468,126827.40885416677,4784,0,853.0416666666666,43,5,15,38.71064339493499,0.5954457364341085,46.35416666666667,1014.5833333333342,23.5949612403101,3
4920,4,2,3,46,0.04081632653061224,0.061224489795918366,0.9387755102040817,49,1100,900,200,0.8181818181818182,13,9,4,296.6060893542822,0.8211805555555556,0.17570513440520164,0.16370030243436579,129013.18587105656,-2146.7806927297365,126866.40517832682,4785,0,836.5918367346939,44,5,16,38.48527311945559,0.5975378787878787,46.01851851851853,1015.9259259259285,23.08922558922565,0
4921,4,0,0,46,0.0,0.0,1.0,46,1400,1000,400,0.7142857142857143,18,10,8,314.08256247200114,0.8012077294685991,0.17499277346074638,0.17197197264259265,128697.5820420763,-1115.6667296548026,127581.91531242151,4786,1,892.0217391304348,41,5,17,38.36201277538783,0.5985772357723576,46.32936507936509,1014.6825396825415,24.74835462640345,0
4922,4,1,0,47,0.02127659574468085,0.0,1.0,47,1000,700,300,0.7,13,7,6,306.77353974263406,0.8077782917052112,0.1801450898291057,0.16969624919940668,129102.8934559223,-1478.9296767021028,127623.9637792202,4787,0,874.0212765957447,42,5,18,38.1360443681668,0.601190476190476,45.930232558139544,1016.2790697674433,24.19712070874865,0
4923,4,1,1,47,0.020833333333333332,0.020833333333333332,0.9791666666666666,48,1250,700,550,0.56,18,7,11,300.66279164579686,0.8136635638297872,0.18036120591581373,0.16747946378748754,129377.95380015427,-1820.0975309267953,127557.85626922747,4788,0,856.7916666666666,41,7,18,38.01265642775881,0.6054369918699187,45.65972222222222,1017.3611111111107,24.81368563685636,0
4924,4,4,2,49,0.0784313725490196,0.0392156862745098,0.9607843137254902,51,1600,1400,200,0.875,18,14,4,288.74162962141014,0.8313725490196079,0.20041041741194987,0.16371932751101792,130073.6121827847,-2688.4666495198853,127385.1455332648,4789,0,807.3137254901961,44,7,17,37.613271913103986,0.6081912878787878,44.976851851851855,1020.0925925925931,23.18392255892257,0
4925,4,0,0,49,0.0,0.0,1.0,49,800,600,200,0.75,10,6,4,299.98339304136994,0.8191609977324263,0.20499357757934922,0.16909031768537658,129842.52467550019,-2009.8797773571353,127832.64489814304,4790,1,841.265306122449,42,7,17,37.5600161627686,0.6086309523809523,45.20348837209302,1019.1860465116273,24.26633444075303,0
4926,4,2,1,50,0.0392156862745098,0.0196078431372549,0.9803921568627451,51,1500,1200,300,0.8,18,12,6,293.4445992055821,0.8267647058823531,0.21986678377184132,0.16750731144699826,130335.09926143564,-2550.095418493394,127785.00384294224,4791,0,809.2352941176471,43,8,22,37.22960910692757,0.6121608527131782,44.72064393939395,1021.1174242424263,23.746916842847124,0
4927,4,0,0,50,0.0,0.0,1.0,50,1450,1000,450,0.6896551724137931,19,10,9,296.8237629856797,0.8234863945578231,0.21668279722933814,0.1695515251006008,130361.52354313171,-2261.120406676252,128100.40313645545,4792,1,826.28,42,8,22,37.11670145807636,0.6138392857142856,44.69476744186048,1021.2209302325605,24.314784053156203,0
4928,4,0,0,50,0.0,0.0,1.0,50,650,300,350,0.46153846153846156,10,3,7,296.500360746403,0.8239625850340135,0.21371976093349798,0.16958276194399546,130411.00599610919,-2266.617935370453,128144.38806073874,4793,2,827.28,42,8,23,37.07507194130854,0.6143353174603173,44.646317829457374,1021.4147286821719,24.319398301956475,0
4929,4,1,0,51,0.0196078431372549,0.0,1.0,51,1400,900,500,0.6428571428571429,19,9,10,301.765796558003,0.8271568627450981,0.2415239008026835,0.17431412483527026,130794.81336805578,-2306.1197916666465,128488.69357638914,4794,0,812.0392156862745,43,8,14,36.55380176510523,0.6167635658914727,44.27083333333334,1022.9166666666684,23.78875968992252,0
4930,4,0,2,49,0.0,0.0392156862745098,0.9607843137254902,51,1000,700,300,0.7,13,7,6,299.9273103699168,0.8259150326797386,0.24036123149741306,0.1734697356122366,130843.25140610654,-2351.307105142328,128491.94430096421,4795,1,813.0392156862745,43,8,14,36.55204862396645,0.6172480620155039,44.22348484848485,1023.1060606060607,23.793164200140946,0
4931,4,1,0,50,0.02,0.0,1.0,50,1050,700,350,0.6666666666666666,14,7,7,308.0997901553555,0.820017006802721,0.249817217539539,0.17825894160276168,130856.77059859695,-1936.6112876329507,128920.159310964,4796,0,830.12,42,8,15,36.32939514474222,0.6187996031746031,44.21027131782946,1023.158914728683,24.36092654115912,0
4932,4,0,0,50,0.0,0.0,1.0,50,950,700,250,0.7368421052631579,12,7,5,312.76012756445107,0.8187074829931973,0.2558757811020642,0.1813047457374168,130931.13864100722,-1809.9920752959442,129121.14656571127,4797,1,831.12,42,8,15,36.13524111595027,0.6195436507936507,44.13759689922481,1023.4496124031012,24.367847914359555,0
4933,4,0,1,49,0.0,0.02,0.98,50,900,500,400,0.5555555555555556,13,5,8,315.6876425185713,0.8183163265306123,0.2591632749645052,0.18335568681741124,131005.5278097021,-1728.6347537707907,129276.8930559313,4798,2,832.12,42,8,15,35.985368354630076,0.6202876984126984,44.06492248062016,1023.7403100775206,24.374769287560014,0
4934,4,0,0,49,0.0,0.0,1.0,49,1550,1200,350,0.7741935483870968,19,12,7,318.9983228056091,0.8115433673469388,0.2551435771051973,0.18511949913994813,130972.46334876557,-1444.0007716049233,129528.46257716064,4799,3,849.9183673469388,41,8,16,35.933966530981465,0.6214430894308942,44.09722222222223,1023.6111111111122,24.96612466124664,0
4935,4,0,0,49,0.0,0.0,1.0,49,1250,800,450,0.64,17,8,9,318.42960622951045,0.8116496598639455,0.25362199913392347,0.18515560371238188,131048.63596190794,-1454.046890747034,129594.58907116091,4800,4,850.9183673469388,41,8,17,35.87174611633239,0.6222052845528455,44.02281746031746,1023.9087301587305,24.97338366240806,0
4936,4,2,1,50,0.0392156862745098,0.0196078431372549,0.9803921568627451,51,1450,900,550,0.6206896551724138,20,9,11,307.8593395697294,0.8210784313725491,0.26253402210742616,0.18172967703698098,131626.25912655512,-2095.2276415863053,129531.03148496881,4801,0,818.5098039215686,42,9,16,35.561457349700966,0.6264880952380951,43.459302325581405,1026.1627906976762,24.43244739756372,0
4937,4,0,0,50,0.0,0.0,1.0,50,1500,900,600,0.6,21,9,12,311.9061589892388,0.815969387755102,0.2607192575406032,0.1841528144169342,131633.3616780046,-1788.5487528344588,129844.81292517016,4802,1,835.88,41,9,17,35.45050270688324,0.6280487804878048,43.452380952380956,1026.1904761904768,25.029036004645775,0
4938,4,0,1,49,0.0,0.02,0.98,50,1800,1300,500,0.7222222222222222,23,13,10,305.8191890806777,0.8166836734693877,0.20453277677639692,0.1749126463428876,130411.00599610875,-2008.592850336482,128402.41314577227,4803,2,836.88,42,8,15,36.837112228441306,0.6143353174603176,44.64631782945735,1021.4147286821685,24.319398301956394,5
4939,4,0,2,47,0.0,0.04081632653061224,0.9591836734693877,49,1100,800,300,0.7272727272727273,14,8,6,312.07603006122736,0.8127834467120182,0.20882338365166442,0.1783910455014063,130389.20899667699,-1661.7306586986986,128727.47833797829,4804,3,854.8163265306123,41,8,16,36.69934838918571,0.6155995934959351,44.66765873015871,1021.329365079362,24.91047231900883,0
4940,4,0,0,47,0.0,0.0,1.0,47,1450,1100,350,0.7586206896551724,18,11,7,322.2369544141838,0.8084335491828554,0.2132487944956578,0.18384524026117557,130314.46358194515,-1001.5728278471946,129312.89075409796,4805,4,878.936170212766,40,7,17,36.51546066819283,0.61640625,44.74085365853658,1021.0365853658527,25.525914634146318,0
4941,4,0,0,47,0.0,0.0,1.0,47,1200,700,500,0.5833333333333334,17,7,10,322.6497494246374,0.8080481036077706,0.21868776336480478,0.1848203949268308,130470.1558781976,-980.7673797012247,129489.38849849638,4806,5,879.936170212766,40,7,18,36.34756623230214,0.61796875,44.588414634146346,1021.6463414634155,25.54115853658539,0
4942,4,0,0,47,0.0,0.0,1.0,47,1300,1000,300,0.7692307692307693,16,10,6,323.385675156604,0.807277212457601,0.22368039611921686,0.18549018617796081,130522.07396597594,-958.2061975345331,129563.86776844141,4807,6,880.936170212766,40,7,16,36.27631360848666,0.6184895833333333,44.53760162601626,1021.849593495935,25.546239837398375,0
4943,4,0,0,47,0.0,0.0,1.0,47,1450,1200,250,0.8275862068965517,17,12,5,321.7609709175942,0.8074699352451433,0.22502797881860603,0.18480583006957438,130574.00238160166,-997.2764434199119,129576.72593818176,4808,7,881.936170212766,40,7,16,36.265370720228034,0.6190104166666666,44.486788617886184,1022.0528455284561,25.551321138211403,0
4944,4,0,0,47,0.0,0.0,1.0,47,1200,900,300,0.75,15,9,6,325.36318948932836,0.8062750539623804,0.22553360653311172,0.18750311641704595,130703.86860499703,-894.7544864168157,129809.11411858021,4809,8,882.936170212766,40,7,16,36.042163585768236,0.6203125,44.359756097560975,1022.5609756097562,25.564024390243905,0
4945,4,1,1,47,0.020833333333333332,0.020833333333333332,0.9791666666666666,48,1550,1100,450,0.7096774193548387,20,11,9,321.38155622340315,0.811040927895981,0.22636788795192442,0.18637962425839497,130947.07739866766,-1183.2048965419651,129763.8725021257,4810,0,865.5208333333334,41,7,16,35.898577590384804,0.621189024390244,44.1220238095238,1023.5119047619037,24.963704994192774,0
4946,4,1,1,47,0.020833333333333332,0.020833333333333332,0.9791666666666666,48,1300,1100,200,0.8461538461538461,15,11,4,318.26455236779947,0.8140329491725768,0.22359845915301868,0.18481552706152615,130997.85175933783,-1261.6054697342095,129736.24628960363,4811,0,866.5,41,7,16,35.92715298640046,0.6216971544715447,44.072420634920626,1023.7103174603162,24.968544328300396,0
4947,4,1,2,46,0.020833333333333332,0.041666666666666664,0.9583333333333334,48,1450,1200,250,0.8275862068965517,17,12,5,316.016480150996,0.8133126477541371,0.21842908351094747,0.18387385051401234,131074.03175390518,-1315.6891691862065,129758.34258471896,4812,0,867.4791666666666,41,7,17,35.907931279467796,0.622459349593496,43.998015873015866,1024.0079365079357,24.975803329461847,0
4948,4,1,0,47,0.02127659574468085,0.0,1.0,47,850,700,150,0.8235294117647058,10,7,3,320.4784344293272,0.8103222325007708,0.23364994934143857,0.18694575341710779,131171.9214753125,-992.4455929010294,130179.47588241147,4813,0,883.6808510638298,40,7,18,35.695064484126995,0.625,43.902439024390254,1024.3902439024405,25.60975609756101,0
4949,4,1,2,46,0.020833333333333332,0.041666666666666664,0.9583333333333334,48,800,300,500,0.375,13,3,10,320.35171697428746,0.817043439716312,0.1833167698992333,0.18680563463670413,131158.31723664177,-1196.6415755567223,129961.67566108504,4814,0,866.25,43,5,16,35.71201580844967,0.6203972868217056,43.91571969696969,1024.3371212121194,23.821793516560916,3
4950,4,0,1,45,0.0,0.021739130434782608,0.9782608695652174,46,1000,600,400,0.6,14,6,8,328.1233098972423,0.8046900161030596,0.18715874620829176,0.1906662476429917,131023.24263038523,-601.6439909297293,130421.5986394555,4815,2,904.2826086956521,41,5,17,35.64922480620155,0.6219512195121952,44.04761904761904,1023.8095238095217,24.970963995354186,0
4951,4,1,1,45,0.021739130434782608,0.021739130434782608,0.9782608695652174,46,1350,900,450,0.6666666666666666,18,9,9,329.9782927164421,0.8037037037037037,0.1970584123485828,0.19277295398804728,131228.82207349304,-539.4674673998123,130689.35460609323,4816,0,905.2173913043479,42,4,17,35.394402938024086,0.6225198412698414,43.846899224806194,1024.612403100774,24.395533407161285,0
4952,4,1,1,45,0.021739130434782608,0.021739130434782608,0.9782608695652174,46,800,500,300,0.625,11,5,6,332.7301660368812,0.8051731078904992,0.19600161152404194,0.1946324245578568,131278.46884201645,-463.93865302568156,130814.53018899076,4817,0,906.195652173913,42,4,17,35.27385117246595,0.6230158730158731,43.79844961240309,1024.8062015503856,24.40014765596156,0
4953,4,0,0,45,0.0,0.0,1.0,45,1200,800,400,0.6666666666666666,16,8,8,349.5545045523789,0.8006734006734008,0.21271477663230254,0.1994516878916515,130318.5595567867,110.72546180952418,130429.28501859622,4818,17,927.3333333333334,37,8,17,35.81400343642613,0.6216216216216216,44.73684210526316,1021.0526315789473,27.59601706970128,1
4954,4,0,0,45,0.0,0.0,1.0,45,1200,1000,200,0.8333333333333334,14,10,4,349.1806503435227,0.8000420875420876,0.21474166308859322,0.19981369401721477,130430.54112803935,108.76423514927018,130539.30536318861,4819,18,928.3333333333334,37,8,19,35.710068699012446,0.6227477477477478,44.62719298245614,1021.491228070175,27.607871028923647,0
4955,4,0,0,45,0.0,0.0,1.0,45,1150,1000,150,0.8695652173913043,13,10,3,350.27050465254734,0.7999579124579125,0.21104194987002467,0.2007269718543932,130486.54994806081,141.1179401354094,130627.66788819623,4820,19,929.3333333333334,37,8,19,35.62549187951634,0.6233108108108109,44.57236842105262,1021.7105263157885,27.613798008534822,0
4956,4,0,0,45,0.0,0.0,1.0,45,1150,600,550,0.5217391304347826,17,6,11,348.8444619350267,0.7998737373737375,0.20440820608184573,0.20034376030168707,130570.5857210872,109.76514408278558,130680.35086517,4821,20,930.3333333333334,37,8,13,35.5768113221042,0.6241554054054055,44.49013157894736,1022.0394736842102,27.622688477951627,0
4957,4,1,0,46,0.021739130434782608,0.0,1.0,46,800,600,200,0.75,10,6,4,354.615992949176,0.8089371980676329,0.20782683674330116,0.1974866256051891,129368.65790435496,43.3970067712894,129412.05491112625,4822,0,911.0869565217391,37,9,19,36.64987066178056,0.6120495495495497,45.668859649122794,1017.3245614035069,27.495258416310996,8
4958,4,2,1,47,0.041666666666666664,0.020833333333333332,0.9791666666666666,48,550,400,150,0.7272727272727273,7,4,3,341.51608142631926,0.8197584219858156,0.2093619033016454,0.19234610389140375,129811.04736328128,-733.4879557291662,129077.55940755211,4823,0,874.0833333333334,39,9,14,36.53371920678728,0.6129807692307693,45.234375,1019.0625000000002,26.129807692307697,0
4959,4,1,1,47,0.020833333333333332,0.020833333333333332,0.9791666666666666,48,1050,600,450,0.5714285714285714,15,6,9,340.41005621673094,0.8167479314420804,0.21000664214183518,0.19211377221089562,129890.67382812503,-756.7816840277766,129133.89214409725,4824,0,875.0625,39,9,15,36.48111247360175,0.6137820512820513,45.15625,1019.3750000000002,26.137820512820518,0
4960,4,1,0,48,0.020833333333333332,0.0,1.0,48,1150,900,250,0.782608695652174,14,9,5,341.1802014988345,0.8209404550827423,0.2086971878936441,0.19320389548149747,130023.43885633688,-727.7153862847113,129295.72347005218,4825,0,876.0416666666666,39,9,17,36.326835018554455,0.6151175213675213,45.02604166666667,1019.895833333334,26.15117521367523,0
4961,4,1,1,48,0.02040816326530612,0.02040816326530612,0.9795918367346939,49,850,300,550,0.35294117647058826,14,3,11,333.3610995418575,0.8262825963718821,0.2024156601416076,0.1899383009017562,130262.58680555563,-1115.1041666666558,129147.48263888898,4826,0,859.1428571428571,40,9,18,36.28401360544219,0.6158854166666666,44.79166666666667,1020.833333333334,25.52083333333335,0
4962,4,0,0,48,0.0,0.0,1.0,48,1250,700,550,0.56,18,7,11,344.9640873713907,0.8219377955082742,0.20956432629179855,0.1964150547444661,130236.00396050367,-614.6511501735922,129621.35281033008,4827,2,878.0416666666666,39,9,18,36.01483569752015,0.6172542735042734,44.81770833333334,1020.7291666666682,26.172542735042775,0
4963,4,1,2,47,0.02040816326530612,0.04081632653061224,0.9591836734693877,49,1200,700,500,0.5833333333333334,17,7,10,345.18547299005473,0.8262117346938775,0.21413589905782815,0.19775578966626517,130475.3472222223,-792.3583984374953,129682.9888237848,4828,0,861.1020408163265,39,10,18,35.76672104404566,0.6196581196581197,44.583333333333336,1021.6666666666673,26.196581196581214,0
4964,4,0,1,46,0.0,0.02127659574468085,0.9787234042553191,47,1150,800,350,0.6956521739130435,15,8,7,347.07439786668664,0.8211532531606537,0.1970449048971994,0.19886593569797,130480.80490037598,-342.6906412082942,130138.11425916769,4829,4,825.1489361702128,38,9,18,35.712947471156184,0.621436403508772,44.57799145299144,1021.6880341880324,26.886527215474537,0
4965,4,0,0,46,0.0,0.0,1.0,46,900,700,200,0.7777777777777778,11,7,4,354.72060159004934,0.8192632850241546,0.20317465502517562,0.20313041456757755,130458.54403518376,55.26664454445455,130513.81067972821,4830,5,843.0434782608696,37,9,18,35.540208758183944,0.6230292792792793,44.599780701754376,1021.6008771929813,27.610834518729224,0
4966,4,0,1,45,0.0,0.021739130434782608,0.9782608695652174,46,1000,600,400,0.6,14,6,8,353.1657729561503,0.8188405797101449,0.20840505077361504,0.20282551877537128,130570.58572108719,22.612366305004798,130593.1980873922,4831,6,844.0434782608696,37,9,13,35.46639756106281,0.6241554054054055,44.49013157894736,1022.0394736842101,27.622688477951623,0
4967,4,1,3,43,0.021739130434782608,0.06521739130434782,0.9347826086956522,46,1150,900,250,0.782608695652174,14,9,5,345.11460386808056,0.8208132045088568,0.1543446524912726,0.19473105737202218,129883.08930342953,-203.20200073336798,129679.88730269617,4832,0,844.0652173913044,41,5,15,36.36891727493917,0.6105182926829269,45.16369047619047,1019.3452380952367,24.8620789779326,7
4968,4,2,0,45,0.044444444444444446,0.0,1.0,45,950,800,150,0.8421052631578947,11,8,3,336.32704917031424,0.8171717171717172,0.1202762084118012,0.19203189581659916,130344.3971893494,-216.342537384751,130128.05465196465,4833,0,863.4222222222222,38,7,20,36.125496965892424,0.6200657894736841,44.711538461538474,1021.1538461538485,26.872469635627592,3
4969,4,0,0,45,0.0,0.0,1.0,45,900,700,200,0.7777777777777778,11,7,4,334.829952680381,0.8176767676767677,0.11901275883706308,0.19171521003172498,130453.5176510339,-264.0509715829993,130189.4666794509,4834,1,864.4222222222222,38,7,20,36.05330126193961,0.6211622807017543,44.604700854700866,1021.5811965811984,26.88371569950522,0
4970,4,0,0,45,0.0,0.0,1.0,45,1550,1200,350,0.7741935483870968,19,12,7,336.97867438563316,0.8156144781144782,0.12518115942029007,0.19376273777173922,130617.28395061739,-196.9521604938157,130420.33179012357,4835,2,865.4222222222222,38,7,15,35.83276721014492,0.6228070175438596,44.44444444444445,1022.2222222222231,26.90058479532166,0
4971,4,1,2,44,0.021739130434782608,0.043478260869565216,0.9565217391304348,46,1050,600,450,0.5714285714285714,15,6,9,326.3031968508948,0.8185587761674719,0.12972666761081975,0.18900958760985817,130901.38888888911,-657.2916666666438,130244.09722222247,4836,0,847.5869565217391,39,7,16,35.81874321389793,0.6239316239316238,44.16666666666668,1023.3333333333351,26.239316239316285,0
4972,4,0,0,44,0.0,0.0,1.0,44,950,900,50,0.9473684210526315,10,9,1,338.5171459580675,0.8088222339675828,0.12672922252010688,0.19497667609999875,130682.67549871115,47.66526719759605,130730.34076590874,4837,4,887.0454545454545,37,7,16,35.72732350312779,0.6252815315315315,44.38048245614035,1022.4780701754387,27.63454243717402,0
4973,4,0,0,44,0.0,0.0,1.0,44,900,700,200,0.7777777777777778,11,7,4,338.0191719795422,0.8082496476391826,0.13659507498611378,0.19525578051994721,130794.81336805547,42.23090277776788,130837.04427083324,4838,5,888.0454545454545,37,7,16,35.62669721656483,0.6264076576576577,44.27083333333333,1022.916666666666,27.646396396396376,0
4974,4,1,1,44,0.022222222222222223,0.022222222222222223,0.9777777777777777,45,1050,600,450,0.5714285714285714,15,6,9,331.23630715034517,0.8141835016835017,0.14169775064993773,0.19266585202886943,131061.33355034732,-317.5455729166567,130743.78797743066,4839,0,869.2888888888889,39,6,16,35.53111224143778,0.625534188034188,44.01041666666667,1023.9583333333342,26.255341880341902,0
4975,4,0,0,44,0.0,0.0,1.0,44,700,500,200,0.7142857142857143,9,5,4,335.98500875858605,0.8074348132487668,0.1508329143464282,0.19525435651507136,131027.14913662418,4.631570056238957,131031.78070668042,4840,7,890.0454545454545,38,6,16,35.44405892378866,0.6269188596491229,44.043803418803414,1023.8247863247854,26.94275753486277,0
4976,4,0,0,44,0.0,0.0,1.0,44,1150,900,250,0.782608695652174,14,9,5,337.64632260914385,0.8077651515151516,0.15630333371259497,0.19691927866036923,131163.9135437212,57.40261341222623,131221.31615713343,4841,8,891.0454545454545,38,6,17,35.26348039215685,0.6282894736842106,43.91025641025641,1024.3589743589741,26.956815114709844,0
4977,4,0,0,44,0.0,0.0,1.0,44,1250,900,350,0.72,16,9,7,336.4357095605806,0.8077871740662439,0.1531721510349533,0.1967738613478712,131273.37643363277,33.01030937248328,131306.38674300525,4842,9,892.0454545454545,38,6,17,35.18405094523215,0.6293859649122808,43.8034188034188,1024.7863247863243,26.96806117858748,0
4978,4,2,1,45,0.043478260869565216,0.021739130434782608,0.9782608695652174,46,1250,1000,250,0.8,15,10,5,315.96127408304267,0.8180152979066023,0.1259438528557597,0.18481766485151932,131277.28666698167,-899.4954005599548,130377.79126642171,4843,0,854.2173913043479,41,5,18,35.70466279444981,0.6244918699186992,43.79960317460318,1024.801587301588,24.99516066589239,4
4979,4,0,0,45,0.0,0.0,1.0,45,1050,700,350,0.6666666666666666,14,7,7,319.3024508622306,0.8139309764309764,0.12624408954138144,0.18638610348246382,131197.9489411892,-621.6346709960887,130576.31427019312,4844,1,874.2,40,5,18,35.69896339648845,0.6252604166666667,43.87703252032521,1024.4918699187,25.612296747967502,0
4980,4,0,0,45,0.0,0.0,1.0,45,750,700,50,0.9333333333333333,8,7,1,318.81776343814295,0.8138047138047139,0.12244808020712816,0.18660923646393934,131302.08462431436,-627.7126090620541,130674.3720152523,4845,2,875.2,40,5,18,35.6065113204429,0.6263020833333333,43.775406504065046,1024.8983739837408,25.62245934959352,0
4981,4,0,0,45,0.0,0.0,1.0,45,600,400,200,0.6666666666666666,8,4,4,319.3009476631079,0.8130892255892256,0.12731768451715597,0.187149531027555,131354.81906467033,-611.6537765451283,130743.16528812521,4846,3,876.2,39,6,18,35.54104003658165,0.6284722222222222,43.72395833333334,1025.1041666666683,26.284722222222264,0
4982,4,0,0,45,0.0,0.0,1.0,45,400,200,200,0.5,6,2,4,319.3389923729285,0.8133417508417509,0.1263609474135794,0.18730240541921137,131381.5158420141,-608.9518229166412,130772.56401909747,4847,4,877.2,39,6,19,35.51319176319177,0.6287393162393162,43.69791666666668,1025.208333333335,26.287393162393208,0
4983,4,0,0,45,0.0,0.0,1.0,45,1050,500,550,0.47619047619047616,16,5,11,322.04220460111895,0.8128787878787879,0.13259311916771033,0.189548690299296,131515.040418837,-529.32128906248,130985.7191297745,4848,5,878.2,39,6,20,35.309506279408275,0.6300747863247863,43.56770833333334,1025.7291666666683,26.300747863247906,0
4984,4,0,0,45,0.0,0.0,1.0,45,1200,800,400,0.6666666666666666,16,8,8,321.69892190705673,0.8127946127946128,0.13127538586515008,0.1894791257739654,131541.75347222245,-536.6319444444198,131005.12152777803,4849,6,879.2,39,6,20,35.29142973192527,0.6303418803418803,43.54166666666668,1025.8333333333353,26.303418803418854,0
4985,4,0,0,45,0.0,0.0,1.0,45,1350,1000,350,0.7407407407407407,17,10,7,321.67720600150477,0.812415824915825,0.12869439649823433,0.18959897079047422,131568.46923828142,-535.4844835069291,131032.9847547745,4850,7,880.2,39,6,16,35.26510728669576,0.6306089743589742,43.51562500000001,1025.9375000000014,26.30608974358978,0
4986,4,0,0,45,0.0,0.0,1.0,45,750,400,350,0.5333333333333333,11,4,7,319.1985621087098,0.8125420875420876,0.12559288203254493,0.1886660727328807,131675.35942925367,-593.8829210069248,131081.47650824673,4851,8,881.2,39,6,16,35.221188977976254,0.6316773504273503,43.41145833333334,1026.3541666666683,26.31677350427355,0
4987,4,0,0,45,0.0,0.0,1.0,45,1400,1000,400,0.7142857142857143,18,10,8,327.6585766528694,0.8121212121212121,0.07429074412621017,0.19271961443991337,131488.33007812488,-358.98980034723616,131129.34027777764,4852,9,882.2,39,6,20,35.19237930801002,0.6298076923076924,43.59374999999999,1025.624999999999,26.2980769230769,6
4988,4,0,0,45,0.0,0.0,1.0,45,1050,800,250,0.7619047619047619,13,8,5,327.77550256052217,0.8109006734006734,0.07892674766684249,0.19329564683709272,131588.6707647562,-373.69146176220005,131214.979302994,4853,10,883.2,40,5,17,35.08836007659798,0.6291666666666668,43.49593495934958,1026.0162601626,25.650406504065,0
4989,4,1,1,45,0.021739130434782608,0.021739130434782608,0.9782608695652174,46,1000,600,400,0.6,14,6,8,322.60984410550975,0.8167874396135266,0.08400211658876433,0.19162247366748927,131862.5217013887,-691.9704861111313,131170.55121527758,4854,0,864.9782608695652,41,5,18,34.94548681541582,0.6303353658536586,43.22916666666666,1027.0833333333317,25.050813008130042,0
4990,4,0,0,45,0.0,0.0,1.0,45,1200,700,500,0.5833333333333334,17,7,10,329.3797837390239,0.8111111111111111,0.08410655755735941,0.1950407136771171,131745.12215777635,-321.16403100007904,131423.95812677627,4855,12,885.2,40,5,18,34.88974955454365,0.6307291666666668,43.34349593495934,1026.6260162601616,25.66565040650404,0
4991,4,0,0,45,0.0,0.0,1.0,45,1300,1000,300,0.7692307692307693,16,10,6,342.62997397500106,0.8111111111111111,0.14777264645162802,0.19535993188495024,130290.57167830499,-37.9678865948257,130252.60379171016,4856,13,886.2,37,8,20,36.01911269824222,0.6213400900900901,44.76425438596492,1020.9429824561414,27.593053579895713,3
4992,4,2,2,45,0.0425531914893617,0.0425531914893617,0.9574468085106383,47,1800,1300,500,0.7222222222222222,23,13,10,327.5542555110611,0.8247378970089423,0.14277409603534474,0.18914707869872793,130781.81932257577,-832.3717074823239,129949.44761509345,4857,0,849.4468085106383,40,7,18,35.907435005795676,0.62109375,44.28353658536585,1022.865853658536,25.5716463414634,0
4993,4,0,1,44,0.0,0.022222222222222223,0.9777777777777777,45,1050,900,150,0.8571428571428571,12,9,3,339.17907999571094,0.8095959595959596,0.1491578971821501,0.19475312600474032,130562.68376981532,-143.17380743660777,130419.50996237871,4858,15,888.2,38,7,18,35.831765279810455,0.6222587719298245,44.49786324786326,1022.0085470085481,26.894961763382845,0
4994,4,1,1,44,0.022222222222222223,0.022222222222222223,0.9777777777777777,45,900,500,400,0.5555555555555556,13,5,8,339.45076608557935,0.8161195286195286,0.14979337883642097,0.1957363092151305,130726.51855504427,-124.95662575789973,130601.56192928637,4859,0,879.8888888888889,38,7,18,35.659127315782136,0.6239035087719298,44.33760683760684,1022.6495726495732,26.911830859199295,0
4995,4,0,0,44,0.0,0.0,1.0,44,1100,700,400,0.6363636363636364,15,7,8,342.39198292385146,0.8089543692741368,0.14808495467046967,0.19737299450167073,130714.91021050364,151.14746093751904,130866.05767144116,4860,17,900.8863636363636,39,5,18,35.59567162405353,0.6220619658119657,44.34895833333334,1022.604166666668,26.22061965811969,0
4996,4,1,1,44,0.022222222222222223,0.022222222222222223,0.9777777777777777,45,1700,1000,700,0.5882352941176471,24,10,14,335.4934184456248,0.8154882154882155,0.14133583142207962,0.19482029178055138,130997.85175933783,-210.21658084532095,130787.63517849252,4861,0,881.8444444444444,41,4,18,35.48621878735017,0.6216971544715448,44.072420634920626,1023.7103174603162,24.968544328300396,0
4997,4,0,0,44,0.0,0.0,1.0,44,1200,900,300,0.75,15,9,6,343.9341408814004,0.8078972868217055,0.15484054361362265,0.1998150251003014,131015.81090124916,212.16207284022477,131227.97297408938,4862,19,902.8863636363636,40,4,19,35.252051485672666,0.6234375000000001,44.05487804878048,1023.7804878048773,25.594512195121933,0
4998,4,1,2,43,0.022222222222222223,0.044444444444444446,0.9555555555555556,45,950,700,250,0.7368421052631579,12,7,5,336.95344175746635,0.8131734006734007,0.15434859779907728,0.19696616298318417,131251.87119118462,-154.8460530045558,131097.02513818006,4863,0,883.8,41,4,19,35.19247991093038,0.6242378048780488,43.82440476190475,1024.7023809523794,24.99274099883852,0
4999,4,0,0,43,0.0,0.0,1.0,43,850,600,250,0.7058823529411765,11,6,5,346.5917389123139,0.8056016980435585,0.16305082982154917,0.20215795732287647,131168.01757812517,492.3502604166817,131660.36783854186,4864,21,922.4418604651163,39,4,19,35.030252186292444,0.6266025641025641,43.90625000000001,1024.3750000000014,26.266025641025674,0
5000,4,0,0,43,0.0,0.0,1.0,43,300,100,200,0.3333333333333333,5,1,4,347.83407480325155,0.8052325581395349,0.16301528874136806,0.20330622660960107,131248.05908203125,530.5094401041661,131778.5685221354,4865,22,923.4418604651163,39,4,19,34.91759428687608,0.6274038461538461,43.828125,1024.6875,26.27403846153846,0
