period,mktsize,entries,exits,surviv,entryrate,exitrate,survivrate,firms,totresinv,totinninv,totimiinv,costshareinn,firmsres,firmsinn,firmsimi,hindex,div,gini,pcm,cs,totprofits,ts,maxage,minage,avgage,actfirms,inactfirms,profitablefirms,wmc,avgproxopt,price,totoutput,avgoutput,magtechshock
1,4,40,23,17,1.0,0.575,0.42500000000000004,40,0,0,0,0,0,0,0,406.56616424674036,0.999465811965812,-0.08937703685134124,0.1788084265909862,119486.20272251038,3115.8094242598772,122602.01214677026,0,0,0.0,33,7,17,45.63852678198378,0.5183080808080809,55.57598039215685,977.6960784313709,29.627153891859724,0
2,4,35,35,17,0.6730769230769231,0.6730769230769231,0.32692307692307687,52,450,300,150,0.6666666666666666,6,3,3,312.06991986296,0.9948152337858219,-0.21997137451558257,0.14768968903250485,122678.45290019148,-1343.1490069050776,121335.3038932864,1,0,0.3269230769230769,45,7,14,44.60346758708969,0.531712962962963,52.332427536231876,990.6702898550709,22.014895330112687,0
3,4,32,28,21,0.6530612244897959,0.5714285714285714,0.4285714285714286,49,650,400,250,0.6153846153846154,9,4,5,327.9896987803471,0.996952947845805,-0.28170652322522804,0.15657398460631278,123048.3525151959,-128.2815846245854,122920.07093057132,2,0,0.5918367346938775,41,8,20,43.82384678198847,0.5409044715447153,51.9593253968254,992.1626984126984,24.199090205187765,0
4,4,16,17,20,0.43243243243243246,0.4594594594594595,0.5405405405405406,37,750,500,250,0.6666666666666666,10,5,5,318.43505335301023,0.9858608608608609,-0.1257214942816003,0.1555195712182116,124015.1056094179,498.15135426280716,124513.2569636807,3,0,1.2972972972972974,37,0,17,43.05739028328197,0.5574324324324327,50.986842105263136,996.0526315789441,26.920341394025517,0
5,4,16,16,20,0.4444444444444444,0.4444444444444444,0.5555555555555556,36,550,200,350,0.36363636363636365,9,2,7,332.74482570906395,0.982175925925926,-0.11244401791426706,0.16381995115648615,124353.31604831207,1075.5844949679686,125428.90054328005,4,0,1.6944444444444444,36,0,17,42.350447856685854,0.5627893518518517,50.647522522522536,997.4099099099119,27.705830830830887,0
6,4,17,13,24,0.4594594594594595,0.35135135135135137,0.6486486486486487,37,600,300,300,0.5,9,3,6,332.7630909012928,0.9782282282282282,-0.11073795689180299,0.1670404822643125,125164.52778739623,930.0270275469497,126094.55481494319,5,0,1.9189189189189189,37,0,22,41.51097596610417,0.5692567567567566,49.83552631578948,1000.657894736843,27.04480796586062,0
7,4,9,9,24,0.2727272727272727,0.2727272727272727,0.7272727272727273,33,600,500,100,0.8333333333333334,7,5,2,333.0554739132307,0.9762468434343435,-0.049865558543143784,0.1692583781091958,125674.92821270661,1771.3445549788437,127446.27276768546,6,0,2.727272727272727,33,0,18,40.97714495233439,0.5827020202020202,49.32598039215686,1002.6960784313721,30.38472964943552,0
8,4,6,6,24,0.2,0.2,0.8,30,700,600,100,0.8571428571428571,8,6,2,364.1144915929983,0.9750478927203066,-0.0488879902951882,0.1790169259859809,124295.35070889685,3051.5476861486695,127346.89839504551,7,0,3.7333333333333334,30,0,17,41.628476434380175,0.5760416666666668,50.70564516129031,997.1774193548375,33.23924731182792,8
9,4,15,14,25,0.38461538461538464,0.358974358974359,0.641025641025641,39,700,400,300,0.5714285714285714,10,4,6,299.75427731973105,0.9784637876743141,-0.09110186966366218,0.1534111508513144,125965.39849175364,-248.2666015624811,125717.13189019116,8,0,3.41025641025641,39,0,17,41.51371882674413,0.5739850427350426,49.03645833333334,1003.8541666666681,25.739850427350465,0
10,4,6,6,25,0.1935483870967742,0.1935483870967742,0.8064516129032258,31,500,300,200,0.6,7,3,4,344.16974276603526,0.9705197132616488,-0.05207594968563989,0.17357439289269327,125358.32934909376,2428.9087931314857,127787.23814222525,9,0,4.516129032258065,31,0,18,41.02535972782039,0.5843413978494625,49.64192708333332,1001.4322916666649,32.30426747311822,0
11,4,7,7,25,0.21875,0.21875,0.78125,32,750,600,150,0.8,9,6,3,335.54598070562446,0.9682879704301076,-0.06473691659328207,0.17152765277356963,125917.0799695183,2050.194017192107,127967.2739867104,10,0,5.0,32,0,19,40.6652304273074,0.5875651041666667,49.08459595959595,1003.6616161616151,31.364425505050473,0
12,4,7,9,23,0.21875,0.28125,0.71875,32,900,700,200,0.7777777777777778,11,7,4,337.95883402558695,0.970640120967742,-0.08238064536419709,0.17276107856394793,125917.07996951832,2110.9579060809956,128028.03787559932,11,0,5.6875,32,0,20,40.604688220740535,0.5875651041666667,49.08459595959595,1003.6616161616154,31.36442550505048,0
13,4,7,3,27,0.23333333333333334,0.1,0.9,30,650,200,450,0.3076923076923077,11,2,9,354.8607865695816,0.969396551724138,-0.05022091310751098,0.18166245475587434,125976.36151939536,2940.814147589327,128917.17566698468,12,0,6.133333333333334,30,0,24,40.11943812201545,0.5934027777777777,49.02553763440861,1003.897849462366,33.46326164874554,0
14,4,5,3,29,0.15625,0.09375,0.90625,32,1100,800,300,0.7272727272727273,14,8,6,330.3029072171382,0.9651377688172044,-0.05171765295887565,0.17241465889816088,126773.92612998685,1974.759272013087,128748.68540199994,13,0,6.59375,32,0,22,39.916363674356454,0.5963541666666665,48.232323232323246,1007.0707070707081,31.470959595959627,0
15,4,3,2,30,0.09375,0.0625,0.9375,32,950,500,450,0.5263157894736842,14,5,9,328.4321610760098,0.9586273521505377,-0.01509523958463621,0.17373648335410632,127314.9124611009,1962.8623673604766,129277.77482846138,14,0,7.5,32,0,18,39.409222653154835,0.6018880208333334,47.69570707070707,1009.2171717171717,31.538036616161616,0
16,4,6,9,27,0.16666666666666666,0.25,0.75,36,1000,700,300,0.7,13,7,6,293.6285532087059,0.9600859788359789,-0.027314454452228132,0.1587854226702283,128201.54772593555,328.72699557667636,128530.27472151224,15,0,7.5,36,0,19,39.38456762667262,0.6021412037037036,46.8186936936937,1012.7252252252266,28.131256256256293,0
17,4,1,1,27,0.03571428571428571,0.03571428571428571,0.9642857142857143,28,800,600,200,0.75,10,6,4,368.8933833238519,0.9532076719576719,0.012852252582675971,0.1928643930263626,126838.60824167635,3757.9846660720987,130596.59290774845,16,0,10.0,28,0,25,38.87819141349309,0.6082589285714288,48.16810344827584,1007.3275862068947,35.97598522167481,0
18,4,2,1,28,0.06896551724137931,0.034482758620689655,0.9655172413793104,29,850,600,250,0.7058823529411765,11,6,5,357.9941517504572,0.95309934318555,0.0005697275278100378,0.18882436631543698,127197.07031249977,3307.161458333306,130504.23177083307,17,0,10.206896551724139,29,0,26,38.78433498554316,0.6088362068965518,47.812499999999986,1008.7499999999982,34.784482758620626,0
19,4,4,3,29,0.125,0.09375,0.90625,32,850,400,450,0.47058823529411764,13,4,9,341.17479191438736,0.9557711693548387,0.020560344827585952,0.1779508806747707,126742.13927469155,2248.2445987654555,128990.383873457,18,0,10.125,32,0,18,39.675287356321846,0.5960286458333333,48.2638888888889,1006.944444444446,31.46701388888894,7
20,4,3,4,28,0.09375,0.125,0.875,32,600,400,200,0.6666666666666666,8,4,4,341.4453917847169,0.9534190188172044,0.0009047186364203874,0.1786487069541154,126869.31060924931,2263.7882932864295,129133.09890253574,19,0,10.53125,32,0,19,39.53790157496762,0.5973307291666665,48.13762626262628,1007.449494949497,31.48279671717178,0
21,4,6,6,28,0.17647058823529413,0.17647058823529413,0.8235294117647058,34,900,600,300,0.6666666666666666,12,6,6,328.55303945504716,0.9534685086155675,-0.002790391348053589,0.17478197741542806,127542.56129535157,1580.8992346938908,129123.46053004546,20,0,9.941176470588236,34,0,16,39.17329601257121,0.5995710784313724,47.4702380952381,1010.1190476190484,29.709383753501424,0
22,4,2,1,29,0.06666666666666667,0.03333333333333333,0.9666666666666667,30,700,500,200,0.7142857142857143,9,5,4,364.02694742069485,0.946360153256705,0.012682319459267122,0.19055488811910126,126888.80217366177,3238.18866342931,130126.99083709107,21,0,11.566666666666666,30,0,22,38.949106189968,0.6027777777777776,48.11827956989248,1007.5268817204307,33.584229390681024,0
23,4,1,2,28,0.03333333333333333,0.06666666666666667,0.9333333333333333,30,850,500,350,0.5882352941176471,12,5,7,362.8758488780619,0.9458333333333334,0.014740256854641531,0.19074504151607172,127058.13397863919,3221.265644872245,130279.39962351143,22,0,12.533333333333333,30,0,22,38.803992800959875,0.6045138888888888,47.950268817204304,1008.1989247311831,33.60663082437277,0
24,4,3,3,28,0.0967741935483871,0.0967741935483871,0.9032258064516129,31,850,600,250,0.7058823529411765,11,6,5,407.41456470854126,0.9434587813620071,0.027259581912634,0.2085547077700665,125974.11265432111,4205.875719415235,130179.98837373636,23,0,12.709677419354838,29,2,21,38.802803910717586,0.5962643678160919,49.027777777777786,1003.8888888888898,34.61685823754792,8
25,4,3,2,29,0.0967741935483871,0.06451612903225806,0.935483870967742,31,500,400,100,0.8,6,4,2,405.4400437170059,0.9499103942652329,0.05579580729781353,0.21020774779114376,126497.5139853397,4057.4315200617557,130554.94550540145,24,0,13.290322580645162,29,2,18,38.31040890054766,0.6016522988505746,48.50694444444446,1005.9722222222238,34.68869731800772,0
26,4,2,2,29,0.06451612903225806,0.06451612903225806,0.935483870967742,31,1000,800,200,0.8,12,8,4,398.3235071111361,0.9506272401433692,0.05385090930115699,0.2082941886861624,126847.05102237665,3905.2324459876677,130752.28346836432,25,0,13.935483870967742,29,2,19,38.128331954593506,0.6052442528735631,48.15972222222223,1007.361111111112,34.736590038314205,0
27,4,4,4,29,0.12121212121212122,0.12121212121212122,0.8787878787878788,33,800,300,500,0.375,13,3,10,375.4542403643089,0.9476799242424243,0.040199708019777125,0.1995164895401287,127498.9250924964,2974.2387175861877,130473.1638100826,26,0,13.969696969696969,30,3,16,38.03372593381243,0.6090277777777777,47.51344086021506,1009.9462365591411,33.66487455197137,0
28,4,6,7,28,0.17142857142857143,0.2,0.8,35,700,300,400,0.42857142857142855,11,3,8,360.74132911491404,0.9495798319327731,0.057142857142857384,0.19620808876250218,128432.33471074395,2266.1702249770638,130698.50493572101,27,0,13.714285714285714,32,3,16,37.44939586447434,0.61328125,46.5909090909091,1013.6363636363648,31.6761363636364,0
29,4,2,3,27,0.06666666666666667,0.1,0.9,30,750,500,250,0.6666666666666666,10,5,5,399.66169119999,0.9423850574712644,0.06807805247702903,0.2140653715879397,127817.42345422103,4216.745524507838,132034.16897872888,28,0,15.6,28,2,18,37.09475940134505,0.6183035714285715,47.198275862068954,1011.206896551723,36.11453201970439,0
30,4,4,4,27,0.12903225806451613,0.12903225806451613,0.8709677419354839,31,1150,600,550,0.5217391304347826,17,6,11,389.27191390274845,0.931899641577061,0.07453273504575497,0.21281751939713128,128637.19135802472,3814.969135802476,132452.1604938272,29,0,15.129032258064516,29,2,18,36.516520627966415,0.6235632183908046,46.38888888888889,1014.4444444444447,34.9808429118774,0
31,4,1,1,27,0.03571428571428571,0.03571428571428571,0.9642857142857143,28,800,500,300,0.625,11,5,6,411.46938564256476,0.9332010582010581,0.07396123917192754,0.2236646437040311,128408.33875868062,4967.220052083338,133375.55881076396,30,0,16.392857142857142,27,1,19,36.18854916067146,0.6277006172839507,46.614583333333336,1013.5416666666672,37.5385802469136,0
32,4,0,0,27,0.0,0.0,1.0,27,950,600,350,0.631578947368421,13,6,7,427.6430636265855,0.931980056980057,0.09062397761758101,0.23205821122083967,128339.91817177262,5576.735158512426,133916.65333028504,31,2,18.0,26,1,21,35.849134429891365,0.6306089743589742,46.6820987654321,1013.2716049382718,38.971984805318144,0
33,4,2,0,29,0.06896551724137931,0.0,1.0,29,700,500,200,0.7142857142857143,9,5,4,399.3558596453881,0.93123973727422,0.07143309974202561,0.22044069348575648,129018.86240338894,4504.887741115093,133523.75014450404,32,0,17.689655172413794,28,1,21,35.869808607929116,0.6305803571428571,46.01293103448277,1015.9482758620699,36.28386699507392,0
34,4,0,1,28,0.0,0.034482758620689655,0.9655172413793104,29,600,400,200,0.6666666666666666,8,4,4,399.7581295350715,0.9289819376026273,0.07263990955342026,0.2216840536512668,129201.38888888879,4529.861111111104,133731.24999999988,33,1,18.689655172413794,28,1,22,35.6728142076503,0.6324404761904763,45.83333333333333,1016.6666666666658,36.30952380952378,0
35,4,1,1,28,0.034482758620689655,0.034482758620689655,0.9655172413793104,29,1050,700,350,0.6666666666666666,14,7,7,396.7671292130003,0.9313423645320197,0.058784846875898245,0.2206374318695071,129310.96671043058,4461.268207491067,133772.23491792165,34,0,18.79310344827586,28,1,23,35.63680133728871,0.6335565476190477,45.72557471264367,1017.0977011494243,36.324917898193725,0
36,4,3,3,28,0.0967741935483871,0.0967741935483871,0.9032258064516129,31,1100,800,300,0.7272727272727273,14,8,6,364.27237100227245,0.9281362007168459,0.011593964221750408,0.20666719962366453,130096.48852878157,3278.111267089849,133374.5997958714,35,0,17.419354838709676,31,0,19,35.66382152733459,0.632728494623656,44.954427083333336,1020.1822916666675,32.909106182795725,0
37,4,0,2,26,0.0,0.07142857142857142,0.9285714285714286,28,1000,500,500,0.5,15,5,10,399.1176287121804,0.9221230158730158,0.04691185067225723,0.22360052448088716,129603.40131209533,4745.400440943313,134348.80175303866,36,1,20.25,28,0,19,35.27820892714359,0.6365327380952381,45.43821839080459,1018.2471264367812,36.36596880131361,0
38,4,1,2,25,0.037037037037037035,0.07407407407407407,0.9259259259259259,27,1100,600,500,0.5454545454545454,16,6,10,411.92845661913094,0.9214150047483382,0.05609703270522015,0.23019531399304366,129504.14540816323,5269.288548752832,134773.43395691607,37,0,21.666666666666668,27,0,19,35.05360623781678,0.6388888888888888,45.535714285714285,1017.8571428571425,37.69841269841269,0
39,4,3,2,26,0.10714285714285714,0.07142857142857142,0.9285714285714286,28,1000,800,200,0.8,12,8,4,397.0898421648,0.9164462081128747,0.032657657657657824,0.22603575630919379,130225.92152199756,4742.278124587124,134968.1996465847,38,0,20.642857142857142,28,0,20,34.694948855105125,0.6428571428571428,44.82758620689655,1020.6896551724133,36.45320197044333,0
40,4,2,3,25,0.07142857142857142,0.10714285714285714,0.8928571428571429,28,950,500,450,0.5263157894736842,14,5,9,397.4545436043067,0.9196979717813051,0.03104082494120508,0.22688429248159092,130335.93285523185,4760.521741643546,135096.45459687538,39,0,21.571428571428573,28,0,21,34.573601144411626,0.6439732142857142,44.7198275862069,1021.1206896551722,36.468596059113295,0
41,4,1,1,25,0.038461538461538464,0.038461538461538464,0.9615384615384616,26,600,400,200,0.6666666666666666,8,4,4,456.99041952679676,0.9148717948717948,0.07417582417582413,0.25142115054233444,128887.7934003962,6580.097355586024,135467.89075598223,40,0,22.884615384615383,26,0,21,34.54090678824721,0.6362179487179487,46.14197530864197,1015.4320987654314,39.05508072174736,4
42,4,0,1,24,0.0,0.04,0.96,25,1050,900,150,0.8571428571428571,12,9,3,464.58020280826776,0.9080555555555555,0.06627129337539439,0.2565712966728585,129038.51290269551,6989.747698882303,136028.26060157781,41,1,23.92,25,0,21,34.19295478443743,0.6416666666666667,45.99358974358974,1016.0256410256403,40.641025641025614,0
43,4,2,2,24,0.07692307692307693,0.07692307692307693,0.9230769230769231,26,750,400,350,0.5333333333333333,11,4,7,454.77660869121326,0.9122435897435898,0.04520528765940557,0.2534524244379684,129397.5795658054,6569.398481557671,135966.97804736308,42,0,23.692307692307693,26,0,21,34.07275393093685,0.6414262820512822,45.64043209876542,1017.4382716049373,39.13224121557451,0
44,4,0,0,24,0.0,0.0,1.0,24,650,400,250,0.6153846153846154,9,4,5,476.8097890785908,0.9020229468599034,0.09019350606756316,0.26384628800374293,129116.68055555552,7512.819444444441,136629.49999999997,43,3,26.666666666666668,24,0,21,33.801724609161475,0.646701388888889,45.916666666666664,1016.333333333333,42.34722222222221,0
45,4,2,3,23,0.07692307692307693,0.11538461538461539,0.8846153846153846,26,600,400,200,0.6666666666666666,8,4,4,451.11983471074365,0.9047435897435897,0.054755244755244625,0.2531794990723561,129672.4965706447,6499.56704389574,136172.06361454044,44,0,25.53846153846154,26,0,19,33.88352272727273,0.6442307692307692,45.37037037037037,1018.5185185185184,39.17378917378917,0
46,4,0,0,23,0.0,0.0,1.0,23,850,700,150,0.8235294117647058,10,7,3,483.0690674549854,0.897562582345191,0.07982893799002144,0.26788375558867356,129201.38888888883,7882.638888888879,137084.02777777772,45,5,28.217391304347824,23,0,22,33.55532786885245,0.6521739130434783,45.83333333333333,1016.6666666666662,44.20289855072462,0
47,4,0,0,23,0.0,0.0,1.0,23,700,500,200,0.7142857142857143,9,5,4,483.0690674549854,0.897562582345191,0.07982893799002144,0.26788375558867356,129201.38888888883,7882.638888888879,137084.02777777772,46,6,29.217391304347824,23,0,22,33.55532786885245,0.6521739130434783,45.83333333333333,1016.6666666666662,44.20289855072462,0
48,4,3,2,24,0.11538461538461539,0.07692307692307693,0.9230769230769231,26,750,600,150,0.8,9,6,3,438.8984226007161,0.9029487179487179,0.02889850621248069,0.24931240294123153,130144.46159122082,6224.039780521256,136368.50137174208,47,0,26.73076923076923,26,0,20,33.71143375680581,0.6490384615384615,44.907407407407405,1020.3703703703701,39.24501424501423,0
49,4,1,1,24,0.04,0.04,0.96,25,500,400,100,0.8,6,4,2,451.7989124073494,0.9013888888888889,0.04772591544868754,0.25553746485759693,129976.45270894974,6744.643994493759,136721.0967034435,48,0,28.76,25,0,20,33.55450128346168,0.65125,45.07211538461539,1019.7115384615388,40.788461538461554,0
50,4,1,1,24,0.04,0.04,0.96,25,950,900,50,0.9473684210526315,10,9,1,456.7766281183319,0.89875,0.044776869893148774,0.25862335065347564,130017.30974687722,6877.773668639074,136895.0834155163,49,0,29.72,25,0,20,33.38571129268803,0.6516666666666666,45.03205128205129,1019.8717948717962,40.794871794871845,0
51,4,1,1,24,0.04,0.04,0.96,25,800,600,200,0.75,10,6,4,456.04809806241934,0.8975,0.03558066541117433,0.2603887527646717,130344.39718934915,6888.662886259054,137233.0600756082,50,0,30.68,25,0,21,33.06915672734883,0.655,44.71153846153847,1021.1538461538464,40.846153846153854,0
52,4,3,2,25,0.1111111111111111,0.07407407407407407,0.9259259259259259,27,600,400,200,0.6666666666666666,8,4,4,427.2452186874116,0.9024216524216525,0.01176052470033273,0.24777340759966396,130947.07739866771,5789.302543934229,136736.37994260192,51,0,29.296296296296298,27,0,20,33.1897596200446,0.6535493827160493,44.1220238095238,1023.511904761904,37.907848324514966,0
53,4,1,1,25,0.038461538461538464,0.038461538461538464,0.9615384615384616,26,400,200,200,0.5,6,2,4,440.30417724394107,0.8991025641025641,0.02319533771390092,0.25369178073203064,130696.17102956856,6309.214010821509,137005.38504039007,52,0,31.384615384615383,26,0,20,33.11166867894155,0.6546474358974359,44.36728395061728,1022.53086419753,39.32811016144346,0
54,4,0,0,25,0.0,0.0,1.0,25,600,500,100,0.8333333333333334,7,5,2,456.6961425294667,0.8945833333333333,0.04045169385194458,0.2618610256086223,130508.09500328732,6920.508711374096,137428.6037146614,53,2,33.64,25,0,20,32.88503764115432,0.6566666666666667,44.55128205128205,1021.7948717948718,40.871794871794876,0
55,4,0,0,25,0.0,0.0,1.0,25,650,500,150,0.7692307692307693,8,5,3,453.4762826623166,0.8934722222222222,0.042056426332288455,0.26111720969183955,130671.89554569373,6851.321088099953,137523.21663379367,54,3,34.64,25,0,20,32.799764890282134,0.6583333333333332,44.39102564102565,1022.4358974358983,40.89743589743593,0
56,4,0,0,25,0.0,0.0,1.0,25,600,200,400,0.3333333333333333,10,2,8,453.2834384861607,0.8925,0.04041366342839248,0.2615601179402061,130753.83434007241,6853.709524983583,137607.54386505598,55,4,35.64,25,0,20,32.72093387652774,0.6591666666666666,44.310897435897445,1022.7564102564111,40.910256410256444,0
57,4,0,0,25,0.0,0.0,1.0,25,900,600,300,0.6666666666666666,12,6,6,452.7293008219023,0.8905555555555555,0.045281127642913255,0.2620740331593697,130876.79068560991,6850.351588182139,137727.14227379207,56,5,36.64,25,0,21,32.60946880709998,0.6604166666666667,44.19070512820514,1023.2371794871805,40.92948717948722,0
58,4,1,3,23,0.038461538461538464,0.11538461538461539,0.8846153846153846,26,950,800,150,0.8421052631578947,11,8,3,441.8229461574164,0.8923717948717949,0.02361917341582953,0.25798263320484505,131209.51753257884,6394.275120027435,137603.79265260627,57,0,36.19230769230769,26,0,21,32.5491414369634,0.6598557692307692,43.86574074074074,1024.537037037037,39.405270655270655,0
59,4,0,0,23,0.0,0.0,1.0,23,700,500,200,0.7142857142857143,9,5,4,481.0632622395135,0.880764163372859,0.05057130138002641,0.26796869930832223,129377.9538001544,7847.796103395073,137225.74990354947,58,7,39.0,23,0,21,33.42434584755404,0.6539855072463767,45.65972222222223,1017.3611111111118,44.23309178743964,4
60,4,1,1,23,0.041666666666666664,0.041666666666666664,0.9583333333333334,24,1000,700,300,0.7,13,7,6,465.57186437728933,0.8860205314009661,0.03373405299313048,0.2621092429836784,129795.12500000001,7285.791666666668,137080.9166666667,59,0,38.333333333333336,24,0,19,33.38955675498855,0.6536458333333334,45.25,1019.0000000000001,42.458333333333336,0
61,4,2,2,23,0.08,0.08,0.92,25,450,400,50,0.8888888888888888,5,4,1,452.4369281798423,0.8877777777777778,0.01372721558768042,0.2561662465246013,130017.30974687719,6764.926446416851,136782.23619329403,60,0,37.72,25,0,19,33.496359731824846,0.6516666666666666,45.03205128205129,1019.8717948717959,40.79487179487184,0
62,4,2,2,23,0.08,0.08,0.92,25,700,400,300,0.5714285714285714,10,4,6,454.0053293252354,0.8852777777777778,0.016336789192585632,0.25759339808239295,130099.04308431956,6813.131780078903,136912.17486439846,61,0,38.64,25,0,19,33.37260446120012,0.6525000000000001,44.95192307692308,1020.1923076923081,40.80769230769232,0
63,4,1,1,23,0.041666666666666664,0.041666666666666664,0.9583333333333334,24,850,500,350,0.5882352941176471,12,5,7,470.00225513651935,0.882397342995169,0.04355874986387942,0.26691593747177833,130135.01388888883,7432.749999999995,137567.76388888882,62,0,41.208333333333336,24,0,19,32.927692475225975,0.6571180555555556,44.916666666666664,1020.3333333333328,42.513888888888864,0
64,4,0,0,23,0.0,0.0,1.0,23,750,600,150,0.8,9,6,3,485.4182819506444,0.8733530961791832,0.06573930810858841,0.2743851366598783,129952.62240186152,8016.275740258494,137968.89814212002,63,12,44.0,23,0,19,32.721954991770254,0.6598731884057971,45.095486111111114,1019.6180555555558,44.33121980676329,0
65,4,0,0,23,0.0,0.0,1.0,23,250,100,150,0.4,4,1,3,485.4182819506444,0.8733530961791832,0.06573930810858841,0.2743851366598783,129952.62240186152,8016.275740258494,137968.89814212002,64,13,45.0,23,0,19,32.721954991770254,0.6598731884057971,45.095486111111114,1019.6180555555558,44.33121980676329,0
66,4,0,0,23,0.0,0.0,1.0,23,800,500,300,0.625,11,5,6,485.11998131569584,0.871870882740448,0.06464024624855758,0.2751510627616823,130085.41907793209,8021.407214506173,138106.82629243826,65,14,46.0,23,0,20,32.59303380984798,0.661231884057971,44.96527777777778,1020.1388888888888,44.35386473429951,0
67,4,3,3,23,0.11538461538461539,0.11538461538461539,0.8846153846153846,26,600,400,200,0.6666666666666666,8,4,4,441.6059104448074,0.885,0.006576505521017184,0.25600790192919276,130932.97515622631,6364.155140222544,137297.13029644886,66,0,41.57692307692308,26,0,18,32.83668827905106,0.6570512820512819,44.13580246913581,1023.4567901234577,39.36372269705607,0
68,4,1,1,23,0.041666666666666664,0.041666666666666664,0.9583333333333334,24,700,600,100,0.8571428571428571,8,6,2,469.5304828232239,0.8740942028985507,0.04248232735182156,0.26899269716881896,130475.34722222232,7452.430555555574,137927.7777777779,67,0,46.0,24,0,20,32.590742251223496,0.6605902777777778,44.58333333333334,1021.6666666666674,42.56944444444448,0
69,4,0,0,23,0.0,0.0,1.0,23,700,400,300,0.5714285714285714,10,4,6,480.36923995474217,0.8690711462450593,0.05675897390417495,0.27463675788666153,130395.5417209201,7927.601453993046,138323.14317491313,68,17,49.0,23,0,20,32.39578021417644,0.6644021739130435,44.66145833333333,1021.3541666666663,44.406702898550705,0
70,4,0,0,23,0.0,0.0,1.0,23,800,600,200,0.75,10,6,4,483.13996033502144,0.8664361001317523,0.049275854683495934,0.27748731185290454,130572.92043426882,8016.999119888102,138589.91955415692,69,18,50.0,23,0,18,32.14303408640507,0.666213768115942,44.487847222222214,1022.0486111111104,44.43689613526567,0
71,4,3,2,24,0.11538461538461539,0.07692307692307693,0.9230769230769231,26,350,100,250,0.2857142857142857,6,1,5,440.4265621862924,0.8737179487179487,0.005000115743419853,0.25903317984868146,131486.3516422802,6382.016365645492,137868.3680079257,70,0,45.11538461538461,26,0,19,32.30295165011536,0.6626602564102564,43.595679012345684,1025.6172839506178,39.4468186134853,0
72,4,0,0,24,0.0,0.0,1.0,24,800,600,200,0.75,10,6,4,467.600991133529,0.8641304347826086,0.045083523158693906,0.27266372784693277,131157.34722222228,7465.861111111123,138623.2083333334,71,1,49.875,24,0,19,31.942184618722198,0.6675347222222222,43.91666666666667,1024.333333333334,42.68055555555558,0
73,4,0,0,24,0.0,0.0,1.0,24,650,400,250,0.6153846153846154,9,4,5,473.5575769942995,0.8641304347826086,0.06135426835882418,0.2761370842701104,131157.34722222216,7622.111111111108,138779.45833333326,72,2,50.875,24,0,20,31.78964638247098,0.6675347222222222,43.916666666666664,1024.333333333333,42.68055555555554,1
74,4,1,0,25,0.04,0.0,1.0,25,850,700,150,0.8235294117647058,10,7,3,441.17411868004336,0.8701388888888889,0.0526498971681697,0.2389598632542035,128266.25485392014,6317.550388313612,134583.80524223374,73,0,49.8,25,0,21,35.582285239677276,0.63375,46.75480769230769,1012.9807692307693,40.519230769230774,8
75,4,2,2,25,0.07407407407407407,0.07407407407407407,0.9259259259259259,27,1050,700,350,0.6666666666666666,14,7,7,414.95687171592965,0.8753561253561254,0.023112848919300655,0.22749243288606433,128747.91843820861,5284.96669501134,134032.88513321994,74,0,47.03703703703704,27,0,21,35.75146627565982,0.6311728395061726,46.279761904761905,1014.8809523809523,37.58818342151675,0
76,4,3,3,25,0.10714285714285714,0.10714285714285714,0.8928571428571429,28,650,400,250,0.6153846153846154,9,4,5,405.043198209496,0.8875661375661376,0.0008787168713637605,0.22378636701074675,129055.35737878193,4854.59893975427,133909.9563185362,75,0,46.25,28,0,21,35.687983125942694,0.6309523809523809,45.97701149425288,1016.091954022989,36.28899835796389,0
77,4,4,3,26,0.13793103448275862,0.10344827586206896,0.896551724137931,29,850,600,250,0.7058823529411765,11,6,5,391.19004888690466,0.891215106732348,0.0,0.2182977523377268,129448.61352237663,4327.801890432116,133776.41541280874,76,0,45.51724137931034,29,0,19,35.638022610436295,0.6318247126436781,45.590277777777786,1017.6388888888896,35.0909961685824,0
78,4,0,0,26,0.0,0.0,1.0,26,1050,800,250,0.7619047619047619,13,8,5,439.5387815748177,0.8707692307692307,0.03630984400215209,0.2413427466777252,128809.45406569105,6123.350099070243,134932.8041647613,77,1,51.76923076923077,26,0,19,35.064482618830446,0.6354166666666667,46.219135802469125,1015.1234567901222,39.04320987654316,1
79,4,0,0,26,0.0,0.0,1.0,26,750,600,150,0.8,9,6,3,440.471176211477,0.8691666666666666,0.027606071582981784,0.24305295498743926,129005.34705551727,6164.62739102268,135169.97444653994,78,2,52.76923076923077,26,0,20,34.839422249227816,0.6374198717948719,46.02623456790122,1015.8950617283936,39.072886989553595,0
80,4,3,3,26,0.10344827586206896,0.10344827586206896,0.896551724137931,29,700,500,200,0.7142857142857143,9,5,4,405.0250709891645,0.8806444991789819,-0.008744094210563214,0.2276520226594269,129731.4453125,4708.897569444444,134440.34288194444,79,0,48.206896551724135,29,0,18,34.99701772324471,0.634698275862069,45.3125,1018.75,35.12931034482759,0
81,4,0,0,26,0.0,0.0,1.0,26,750,500,250,0.6666666666666666,10,5,5,440.6724033136205,0.8696153846153846,0.028066528066528207,0.24388810489273138,129122.95429431481,6180.184518366088,135303.1388126809,80,4,54.76923076923077,26,0,21,34.71347049296487,0.6386217948717949,45.91049382716049,1016.3580246913573,39.090693257359895,0
82,4,1,2,25,0.037037037037037035,0.07407407407407407,0.9259259259259259,27,550,300,250,0.5454545454545454,8,3,5,428.0154577476832,0.8746438746438747,0.020316222655404115,0.23918510874135235,129504.14540816325,5685.9552154195,135190.10062358275,81,0,53.7037037037037,27,0,18,34.64424951267056,0.638888888888889,45.535714285714285,1017.8571428571428,37.698412698412696,0
83,4,1,1,25,0.038461538461538464,0.038461538461538464,0.9615384615384616,26,900,600,300,0.6666666666666666,12,6,6,436.02793029503255,0.8726923076923077,0.004095873786407633,0.24276149632642335,129358.3295229385,6080.768937661927,135439.09846060042,82,0,54.0,26,0,21,34.5899069579288,0.641025641025641,45.679012345679006,1017.2839506172834,39.12630579297244,0
84,4,1,1,25,0.038461538461538464,0.038461538461538464,0.9615384615384616,26,650,400,250,0.6153846153846154,9,4,5,435.0545051173579,0.8727564102564103,0.00928743834610124,0.24343126126032297,129554.63927469122,6072.6658950617075,135627.30516975292,83,0,54.96153846153846,26,0,18,34.41336971350614,0.6430288461538463,45.4861111111111,1018.0555555555543,39.15598290598286,0
85,4,0,0,25,0.0,0.0,1.0,25,1050,700,350,0.6666666666666666,14,7,7,476.51528016849096,0.86625,0.026632943408156917,0.25941787111410275,128469.25593770549,7243.512697238664,135712.76863494416,84,8,58.16,25,0,16,34.47742122457582,0.6358333333333333,46.55448717948718,1013.7820512820515,40.55128205128206,4
86,4,0,0,25,0.0,0.0,1.0,25,800,600,200,0.75,10,6,4,478.0135683837262,0.8645833333333334,0.03745379876796706,0.26156472786839874,128672.41753472236,7301.432291666691,135973.84982638905,85,9,59.16,25,0,16,34.22955167693361,0.6379166666666667,46.35416666666668,1014.5833333333345,40.58333333333338,0
87,4,2,2,25,0.07407407407407407,0.07407407407407407,0.9259259259259259,27,550,400,150,0.7272727272727273,7,4,3,453.20102334425496,0.8739316239316239,-0.0027438875006124963,0.24449853781213055,128106.86660732,6211.632608772674,134318.49921609266,86,0,55.7037037037037,27,0,16,35.442237493262766,0.6246141975308641,46.91220238095238,1012.3511904761904,37.494488536155195,2
88,4,4,3,26,0.13793103448275862,0.10344827586206896,0.896551724137931,29,700,400,300,0.5714285714285714,10,4,6,427.20436747157936,0.8778735632183908,-0.012455121461023566,0.23459329240043378,128813.37046682092,5205.926890432087,134019.297357253,87,0,52.724137931034484,29,0,16,35.37348360468828,0.6253591954022989,46.21527777777777,1015.1388888888883,35.004789272030635,0
89,4,2,2,26,0.07142857142857142,0.07142857142857142,0.9285714285714286,28,1150,900,250,0.782608695652174,14,9,5,429.3224553815251,0.8757716049382716,-0.024904021014346744,0.23676363178996732,128982.3725888492,5475.005780155889,134457.3783690051,88,0,52.857142857142854,28,0,16,35.14615747289014,0.6302083333333334,46.04885057471264,1015.8045977011491,36.278735632183896,0
90,4,2,0,28,0.07142857142857142,0.0,1.0,28,800,600,200,0.75,10,6,4,424.90409615867156,0.8734016754850088,0.0188524259710936,0.23804706161869615,129603.40131209543,5413.803218721106,135017.20453081653,89,0,53.785714285714285,28,0,15,34.62178401768496,0.6365327380952381,45.4382183908046,1018.247126436782,36.36596880131364,0
91,4,0,0,28,0.0,0.0,1.0,28,1000,700,300,0.7,13,7,6,422.76203681698803,0.8715277777777777,0.02060032646151999,0.23728900071224282,129676.56157104635,5364.465459439818,135041.02703048618,90,1,54.785714285714285,28,0,15,34.60143649786054,0.6372767857142857,45.366379310344826,1018.5344827586205,36.37623152709359,0
92,4,1,1,28,0.034482758620689655,0.034482758620689655,0.9655172413793104,29,1150,800,350,0.6956521739130435,15,8,7,410.9459765662971,0.8731527093596059,0.02675265062446308,0.23350503401644132,130156.27170138902,4897.439236111132,135053.71093750015,91,0,53.86206896551724,29,0,17,34.412430243636855,0.639008620689655,44.89583333333334,1020.4166666666678,35.18678160919544,0
93,4,0,0,28,0.0,0.0,1.0,28,950,600,350,0.631578947368421,13,6,7,420.01467962705823,0.8637566137566137,0.03501006036217302,0.2381872384466543,130079.31199630059,5327.044110846858,135406.35610714744,92,1,56.642857142857146,28,0,19,34.25968309859155,0.6413690476190477,44.97126436781608,1020.1149425287347,36.43267651888338,0
94,4,1,2,27,0.034482758620689655,0.06896551724137931,0.9310344827586207,29,800,600,200,0.75,10,6,4,442.03138391852474,0.8706896551724138,0.012450011318192011,0.24338354512140467,128919.13580246917,5597.260802469141,134516.39660493832,93,0,55.6551724137931,29,0,18,34.8884254194019,0.6264367816091954,46.111111111111114,1015.5555555555559,35.01915708812262,5
95,4,2,2,27,0.06896551724137931,0.06896551724137931,0.9310344827586207,29,550,400,150,0.7272727272727273,7,4,3,434.6847724324339,0.8832101806239737,-0.012438103942973067,0.24083708171332197,129166.09037422841,5429.306520061731,134595.39689429014,94,0,53.6551724137931,29,0,18,34.82132691169103,0.6289511494252873,45.86805555555556,1016.5277777777778,35.05268199233716,0
96,4,0,0,27,0.0,0.0,1.0,27,550,300,250,0.5454545454545454,8,3,5,455.522955189735,0.8709639126305794,0.019150911133909654,0.2504458600531478,128861.21131395272,6339.847957412141,135201.05927136485,95,2,58.629629629629626,27,0,18,34.60553153549271,0.6323302469135802,46.168154761904766,1015.3273809523814,37.60471781305117,0
97,4,2,1,28,0.06896551724137931,0.034482758620689655,0.9655172413793104,29,600,500,100,0.8333333333333334,7,5,2,435.7053233456591,0.8772577996715928,0.05074448741019855,0.2457833488112061,129872.97694830243,5517.269483024684,135390.2464313271,96,0,55.51724137931034,29,0,18,34.07068969432711,0.6361350574712643,45.17361111111111,1019.3055555555552,35.14846743295018,0
98,4,3,1,30,0.0967741935483871,0.03225806451612903,0.967741935483871,31,750,500,250,0.6666666666666666,10,5,5,413.61105556308263,0.8870071684587814,0.03474198483328128,0.2364697609210508,130395.54172091997,4586.6075303819225,134982.1492513019,97,0,52.61290322580645,31,0,20,34.100373958864516,0.6357526881720431,44.66145833333332,1021.3541666666653,32.94690860215049,0
99,4,1,3,28,0.03225806451612903,0.0967741935483871,0.9032258064516129,31,800,600,200,0.75,10,6,4,412.70620022903034,0.8790322580645161,0.06151748047797656,0.23778296334545662,130694.93823581262,4587.722269694002,135282.66050550662,98,0,53.58064516129032,31,0,17,33.81841865104631,0.6387768817204302,44.36848958333333,1022.5260416666658,32.98471102150535,0
100,4,0,1,27,0.0,0.03571428571428571,0.9642857142857143,28,900,700,200,0.7777777777777778,11,7,4,443.17331537800175,0.8678902116402116,0.07596890649826005,0.2520304290736545,130189.26139929311,5939.281320187598,136128.5427194807,99,1,59.464285714285715,28,0,21,33.556537143929795,0.6424851190476191,44.86350574712643,1020.5459770114937,36.44807060755335,0
101,4,1,0,28,0.03571428571428571,0.0,1.0,28,600,400,200,0.6666666666666666,8,4,4,441.2748054060372,0.8689373897707231,0.07343837929093966,0.252136761802742,130372.61362135017,5906.029941207548,136278.64356255773,100,0,59.392857142857146,28,0,22,33.41745216657287,0.6443452380952381,44.683908045977006,1021.2643678160914,36.473727422003265,0
102,4,1,2,27,0.034482758620689655,0.06896551724137931,0.9310344827586207,29,1000,600,400,0.6,14,6,8,430.9340014352021,0.8709975369458128,0.056183720766907586,0.24892775847609916,130794.81336805562,5472.786458333342,136267.59982638896,101,0,58.310344827586206,29,0,18,33.25059402579769,0.6454741379310345,44.270833333333336,1022.9166666666672,35.27298850574714,0
103,4,1,1,27,0.03571428571428571,0.03571428571428571,0.9642857142857143,28,850,800,50,0.9411764705882353,9,8,1,441.58397269138925,0.8693783068783069,0.06722393930879456,0.2547159414600736,130739.70512947551,5946.511675914918,136686.21680539043,102,0,61.32142857142857,28,0,19,33.03450173269644,0.648065476190476,44.32471264367816,1022.7011494252876,36.52504105090313,0
104,4,2,2,27,0.06896551724137931,0.06896551724137931,0.9310344827586207,29,800,500,300,0.625,11,5,6,431.31938532833937,0.8740763546798029,0.0575414368517817,0.2505323238183759,131008.0078125,5501.2586805555575,136509.26649305556,103,0,60.13793103448276,29,0,19,33.02341948175281,0.6476293103448276,44.0625,1023.75,35.30172413793103,0
105,4,0,0,27,0.0,0.0,1.0,27,700,500,200,0.7142857142857143,9,5,4,454.5215561674021,0.8638414055080722,0.08516145732220282,0.26100786352489275,130566.58340419503,6469.065334467125,137035.64873866216,104,6,65.5925925925926,27,0,19,32.88075131042516,0.6496913580246912,44.49404761904762,1022.0238095238096,37.852733686067026,0
106,4,1,1,27,0.03571428571428571,0.03571428571428571,0.9642857142857143,28,950,800,150,0.8421052631578947,11,8,3,442.07554290401896,0.8677799823633157,0.07461331674925242,0.2557286710820082,130849.93321855602,5969.111053309562,136819.04427186557,105,0,64.21428571428571,28,0,19,32.90941113139541,0.6491815476190477,44.21695402298851,1023.1321839080465,36.54043513957309,0
107,4,0,0,27,0.0,0.0,1.0,27,800,500,300,0.625,11,5,6,455.6033057627495,0.862298195631529,0.08295089737788985,0.26369767091116714,130870.93431122448,6525.0460600907,137395.98037131518,106,8,67.5925925925926,27,0,20,32.5419332945511,0.6527777777777777,44.19642857142857,1023.2142857142856,37.89682539682539,0
108,4,1,0,28,0.03571428571428571,0.0,1.0,28,1450,1200,250,0.8275862068965517,17,12,5,444.1157993888753,0.8625992063492063,0.07742500570101796,0.2609038340655361,131442.54723373722,6075.939581561785,137518.486815299,107,0,66.14285714285714,27,1,21,32.25296884825618,0.6585648148148147,43.638392857142854,1025.4464285714282,37.97949735449734,0
109,4,1,1,28,0.034482758620689655,0.034482758620689655,0.9655172413793104,29,850,600,250,0.7058823529411765,11,6,5,433.21551176096625,0.8666871921182265,0.05932963588135998,0.2576947511722887,131917.8660490158,5629.773170167803,137547.63921918362,108,0,64.82758620689656,28,1,21,32.04924242424243,0.659970238095238,43.175287356321846,1027.2988505747135,36.689244663382624,0
110,4,0,0,28,0.0,0.0,1.0,28,650,400,250,0.6153846153846154,9,4,5,446.5925757393955,0.8629298941798942,0.06507671919325775,0.26446713991640275,131747.91677738816,6167.528300382668,137915.44507777083,109,1,68.10714285714286,27,1,21,31.878563318355308,0.6616512345679012,43.34077380952382,1026.6369047619057,38.02358906525577,0
111,4,0,0,28,0.0,0.0,1.0,28,900,700,200,0.7777777777777778,11,7,4,448.09894301149177,0.8608906525573192,0.06787887568820627,0.266159974583934,131862.5217013888,6217.491319444425,138080.01302083323,110,2,69.10714285714286,27,1,21,31.723292765382013,0.6628086419753088,43.22916666666666,1027.0833333333323,38.040123456790084,0
112,4,0,0,28,0.0,0.0,1.0,28,350,300,50,0.8571428571428571,4,3,1,445.4054527188746,0.8596230158730158,0.06561020436702125,0.2652035297579243,131954.76873183373,6154.674701083354,138109.4434329171,111,3,70.10714285714286,28,0,21,31.698655199738948,0.6603422619047619,43.13936781609195,1027.4425287356316,36.69437602627256,0
113,4,0,0,28,0.0,0.0,1.0,28,750,500,250,0.6666666666666666,10,5,5,446.04155286832776,0.8584656084656084,0.06225288549862196,0.2663590374974972,132065.5077454089,6181.340831021267,138246.84857643014,112,4,71.10714285714286,28,0,21,31.56975118814649,0.6614583333333334,43.0316091954023,1027.8735632183907,36.70977011494252,0
114,4,0,0,28,0.0,0.0,1.0,28,600,300,300,0.5,9,3,6,444.9830199520639,0.8575837742504409,0.06223548670446366,0.2662456932087767,132139.3595587264,6159.954254194742,138299.31381292114,113,5,72.10714285714286,28,0,21,31.521916340599958,0.6622023809523809,42.95977011494253,1028.1609195402302,36.72003284072251,0
115,4,1,1,28,0.034482758620689655,0.034482758620689655,0.9655172413793104,29,650,600,50,0.9230769230769231,7,6,1,436.40962031495127,0.8622742200328407,0.0538734949848334,0.2634094548676237,132469.48302469132,5762.191358024685,138231.674382716,114,0,70.58620689655173,29,0,21,31.40740241050549,0.6623563218390804,42.638888888888886,1029.4444444444443,35.49808429118774,0
116,4,0,0,28,0.0,0.0,1.0,28,650,500,150,0.7692307692307693,8,5,3,445.3536094379079,0.8560405643738976,0.0627793296089385,0.2675110607026357,132287.125115603,6182.909730479571,138470.03484608256,115,7,74.10714285714286,28,0,21,31.36231378026071,0.6636904761904763,42.81609195402298,1028.735632183907,36.740558292282394,0
117,4,0,0,28,0.0,0.0,1.0,28,650,500,150,0.7692307692307693,8,5,3,443.049386156141,0.8559854497354497,0.060294968189705145,0.2669102399526019,132398.00347222216,6131.770833333325,138529.77430555547,116,8,75.10714285714286,28,0,21,31.309041835357636,0.6648065476190477,42.70833333333333,1029.166666666666,36.75595238095236,0
118,4,0,0,28,0.0,0.0,1.0,28,750,600,150,0.8,9,6,3,441.95389132901835,0.8549382716049382,0.06041425780471266,0.2670355468181908,132508.92827652255,6112.567297529379,138621.49557405192,117,9,76.10714285714286,28,0,21,31.224706949483668,0.6659226190476191,42.60057471264367,1029.5977011494244,36.7713464696223,0
119,4,0,0,28,0.0,0.0,1.0,28,700,400,300,0.5714285714285714,10,4,6,435.15596295186236,0.8549382716049382,0.07422812350023955,0.25734720193113475,131696.5583300305,5861.7085315101185,137558.26686154061,118,10,77.10714285714286,28,0,19,32.22430244494215,0.6577380952380952,43.390804597701155,1026.4367816091963,36.658456486042724,3
120,4,1,1,28,0.034482758620689655,0.034482758620689655,0.9655172413793104,29,800,600,200,0.75,10,6,4,419.70235893370807,0.85621921182266,0.061797726626617644,0.2502318899073737,132005.21074459888,5280.579668209893,137285.79041280877,119,0,75.41379310344827,29,0,19,32.30771613281075,0.6576867816091954,43.090277777777786,1027.6388888888898,35.435823754789304,0
121,4,2,2,28,0.06666666666666667,0.06666666666666667,0.9333333333333333,30,850,600,250,0.7058823529411765,11,6,5,411.5510462304002,0.8613505747126438,0.04577289951652941,0.2470274632785299,132259.7107505204,4886.324466701369,137146.03521722177,120,0,73.83333333333333,30,0,19,32.25940807526459,0.6572916666666666,42.84274193548388,1028.6290322580655,34.28763440860219,0
122,4,0,0,28,0.0,0.0,1.0,28,800,500,300,0.625,11,5,6,428.96864943521064,0.8486552028218695,0.0735658357302651,0.2556653150633855,131991.67657550535,5724.058247456735,137715.73482296208,121,13,80.10714285714286,28,0,19,32.08339159209546,0.6607142857142857,43.10344827586207,1027.5862068965519,36.69950738916257,0
123,4,1,0,29,0.034482758620689655,0.0,1.0,29,1000,800,200,0.8,12,8,4,386.61019140392546,0.8550903119868637,0.011537957257112819,0.2194499575666885,130115.9566364446,4285.401803408627,134401.3584398532,122,0,78.3103448275862,28,1,24,35.0742853119279,0.6417410714285715,44.9353448275862,1020.2586206896542,36.43780788177337,7
124,4,0,0,29,0.0,0.0,1.0,29,500,300,200,0.6,7,3,4,398.89722665195706,0.854679802955665,0.0327518136025049,0.22452215328695865,129786.34066587398,4554.282269784652,134340.62293565864,123,1,79.3103448275862,28,1,22,35.097057717616096,0.6383928571428572,45.258620689655174,1018.9655172413795,36.39162561576355,5
125,4,0,0,29,0.0,0.0,1.0,29,950,600,350,0.631578947368421,13,6,7,402.04740845152753,0.8532430213464696,0.0310519768300741,0.22714398171751907,129932.7850442595,4647.827899986789,134580.61294424627,124,2,80.3103448275862,28,1,22,34.86735484780157,0.6398809523809523,45.11494252873563,1019.5402298850576,36.412151067323485,0
126,4,2,0,31,0.06451612903225806,0.0,1.0,31,1000,600,400,0.6,14,6,8,379.9695185652574,0.8580645161290322,0.03900304817300393,0.2191954561609585,130743.26014929471,3735.6907229159415,134478.95087221067,125,0,76.06451612903226,30,1,22,34.606222893941386,0.6420138888888889,44.321236559139784,1022.7150537634408,34.090501792114694,0
127,4,0,1,30,0.0,0.03225806451612903,0.967741935483871,31,750,400,350,0.5333333333333333,11,4,7,416.1167774877832,0.8577060931899642,0.06266145591839467,0.2276953602657869,128672.41753472215,4518.956174485485,133191.37370920763,126,1,77.06451612903226,29,2,18,35.79953798767968,0.6239224137931034,46.354166666666664,1014.5833333333327,34.985632183908024,6
128,4,2,1,31,0.0625,0.03125,0.96875,32,550,400,150,0.7272727272727273,7,4,3,401.44381857123574,0.8620211693548387,0.05836998941658966,0.2216591544616488,129030.63441221525,3959.7101182217566,132990.344530437,127,0,75.46875,30,2,20,35.8047250518146,0.6246527777777777,46.001344086021504,1015.9946236559138,33.866487455197124,0
129,4,1,1,31,0.03125,0.03125,0.96875,32,800,600,200,0.75,10,6,4,400.02536530070205,0.8656334005376345,0.060602421214450475,0.22146085117285666,129135.2081298828,3931.471761067709,133066.6798909505,128,0,76.4375,31,1,20,35.733730463745836,0.622983870967742,45.8984375,1016.4062499999999,32.78729838709677,0
130,4,0,0,31,0.0,0.0,1.0,31,950,700,250,0.7368421052631579,12,7,5,412.1661214005471,0.8559139784946237,0.07374003268043583,0.2279727903372009,129098.9226536305,4442.040445427223,133540.96309905773,129,2,79.90322580645162,30,1,20,35.462405766433015,0.6253472222222222,45.93413978494624,1016.2634408602153,33.875448028673844,0
131,4,1,0,32,0.03125,0.0,1.0,32,950,500,450,0.5263157894736842,14,5,9,398.5777090039312,0.85731686827957,0.07534823078954345,0.22295624578993917,129543.23657359235,3926.649937854093,133469.88651144644,130,0,78.375,30,2,17,35.35340198926151,0.6298611111111111,45.49731182795699,1018.0107526881723,33.93369175627241,0
132,4,2,2,32,0.058823529411764705,0.058823529411764705,0.9411764705882353,34,650,300,350,0.46153846153846156,10,3,7,377.8682751601244,0.86798128342246,0.048553448125163934,0.21370197410316272,129972.73875114779,3022.51492194673,132995.25367309453,131,0,74.70588235294117,32,2,17,35.44297919762257,0.62890625,45.07575757575757,1019.6969696969692,31.865530303030287,0
133,4,1,2,31,0.030303030303030304,0.06060606060606061,0.9393939393939394,33,1250,900,350,0.72,16,9,7,386.5933911862816,0.8625315656565657,0.05644234452815722,0.21858576508157207,129963.68620130759,3448.620435926659,133412.30663723426,132,0,77.93939393939394,31,2,17,35.22977589069084,0.6313844086021505,45.08463541666667,1019.661458333334,32.8923051075269,0
134,4,3,2,32,0.08823529411764706,0.058823529411764705,0.9411764705882353,34,750,300,450,0.4,12,3,9,376.9970310914957,0.8676470588235294,0.05367909529951698,0.21553678658029835,130395.54172092018,3032.0897420247447,133427.63146294493,133,0,76.41176470588235,31,3,20,35.03527112017679,0.635752688172043,44.661458333333336,1021.3541666666671,32.94690860215055,0
135,4,0,1,31,0.0,0.03125,0.96875,32,1100,700,400,0.6363636363636364,15,7,8,399.75482509155773,0.855384744623656,0.07099953923117464,0.22796829214680733,130296.89125910518,4017.362195051465,134314.25345415666,134,1,82.1875,30,2,20,34.55464498859049,0.6375,44.75806451612904,1020.9677419354845,34.03225806451615,0
136,4,0,0,31,0.0,0.0,1.0,31,1150,700,450,0.6086956521739131,16,7,9,402.6892091643264,0.8508064516129032,0.05032444797161695,0.2306586796426561,130468.48127312408,4307.649908949018,134776.1311820731,135,2,81.64516129032258,30,1,20,34.30497083717054,0.6392361111111111,44.590053763440864,1021.6397849462368,34.05465949820789,0
137,4,1,1,31,0.03125,0.03125,0.96875,32,450,400,50,0.8888888888888888,5,4,1,390.492285068297,0.8561827956989247,0.043122930990577846,0.22517815028828247,130728.22570800794,3809.672715928833,134537.89842393677,136,0,80.0625,31,1,18,34.35245310245309,0.6391129032258064,44.33593750000001,1022.656250000001,32.98891129032261,0
138,4,0,0,31,0.0,0.0,1.0,31,700,500,200,0.7142857142857143,9,5,4,404.010037054351,0.8509856630824373,0.05806112322190482,0.23244329363353966,130640.18419759508,4355.9891316915255,134996.1733292866,137,4,83.64516129032258,30,1,18,34.09643702340257,0.6409722222222223,44.42204301075269,1022.3118279569892,34.07706093189964,0
139,4,0,0,31,0.0,0.0,1.0,31,600,200,400,0.3333333333333333,10,2,8,406.58506293115573,0.8493727598566309,0.05079542756351563,0.23434084536213867,130708.89698231003,4428.85702104289,135137.75400335292,138,5,84.64516129032258,30,1,18,33.9606883105503,0.6416666666666666,44.354838709677416,1022.5806451612898,34.08602150537633,0
140,4,0,0,31,0.0,0.0,1.0,31,650,200,450,0.3076923076923077,11,2,9,406.58506293115573,0.8493727598566309,0.05079542756351563,0.23434084536213867,130708.89698231003,4428.85702104289,135137.75400335292,139,6,85.64516129032258,30,1,18,33.9606883105503,0.6416666666666666,44.354838709677416,1022.5806451612898,34.08602150537633,0
141,4,1,0,32,0.03125,0.0,1.0,32,800,500,300,0.625,11,5,6,398.14798780798293,0.8513104838709679,0.05825813421453985,0.2323908284920778,131194.6953667534,4046.980794270825,135241.67616102422,140,0,83.9375,31,1,19,33.68285036434502,0.6438172043010754,43.88020833333333,1024.479166666666,33.04771505376342,0
142,4,0,0,32,0.0,0.0,1.0,32,1450,800,650,0.5517241379310345,21,8,13,399.7593469916083,0.8480342741935485,0.05411505439769315,0.23477783357959794,131431.47193678448,4108.259695959237,135539.73163274373,141,1,84.9375,30,2,19,33.40133044960022,0.6489583333333334,43.64919354838709,1025.4032258064506,34.180107526881685,0
143,4,0,0,32,0.0,0.0,1.0,32,1050,800,250,0.7619047619047619,13,8,5,401.1839399446337,0.8460601478494625,0.0630812811108199,0.23667992252993295,131603.8071597872,4159.46677361544,135763.27393340264,142,2,85.9375,30,2,18,33.190059820103045,0.6506944444444445,43.48118279569892,1026.0752688172038,34.20250896057346,0
144,4,1,1,32,0.030303030303030304,0.030303030303030304,0.9696969696969697,33,850,700,150,0.8235294117647058,10,7,3,392.2547163601087,0.8486426767676768,0.05543714934159749,0.23360618617340503,131962.841881646,3752.6094224717835,135715.45130411777,143,0,84.3030303030303,31,2,18,33.05572276433067,0.6515456989247312,43.131510416666664,1027.473958333333,33.14432123655913,0
145,4,0,0,32,0.0,0.0,1.0,32,850,500,350,0.5882352941176471,12,5,7,400.86764928064184,0.8445060483870969,0.06374738254155243,0.23799764632116419,131845.26616155042,4170.500382992247,136015.76654454265,144,4,87.9375,30,2,19,32.95352920647386,0.653125,43.24596774193548,1027.0161290322576,34.23387096774192,0
146,4,0,0,32,0.0,0.0,1.0,32,1050,800,250,0.7619047619047619,13,8,5,394.0695311794196,0.8448420698924732,0.02704416130628373,0.2243421190179174,130230.36552392608,3863.9638174675965,134094.3293413937,145,5,88.9375,32,0,18,34.76749340260596,0.6315104166666667,44.82323232323232,1020.7070707070703,31.897095959595948,7
147,4,0,0,32,0.0,0.0,1.0,32,800,600,200,0.75,10,6,4,397.6723143601041,0.8442120295698925,0.030484889058914,0.2269684344404612,130329.05578613278,3965.6554341304063,134294.71122026318,146,6,89.9375,31,1,18,34.57504463147158,0.6350806451612903,44.7265625,1021.0937499999998,32.93850806451612,0
148,4,0,0,32,0.0,0.0,1.0,32,950,700,250,0.7368421052631579,12,7,5,398.5847903149849,0.8461861559139786,0.018092105263157743,0.2288046306957084,130552.7576905418,4007.2687098255287,134560.02640036732,147,7,90.9375,32,0,15,34.32403632320238,0.634765625,44.50757575757576,1021.969696969697,31.93655303030303,0
149,4,1,1,32,0.030303030303030304,0.030303030303030304,0.9696969696969697,33,800,500,300,0.625,11,5,6,387.21650969302067,0.850931186868687,0.013077729758367074,0.22440285027386625,130920.20083922037,3538.892643454426,134459.0934826748,148,0,89.15151515151516,33,0,17,34.24128347902447,0.6360479797979799,44.14828431372548,1023.406862745097,31.01232917409385,0
150,4,0,0,32,0.0,0.0,1.0,32,850,600,250,0.7058823529411765,11,6,5,397.06721536351165,0.8448420698924732,0.02113425925925938,0.22907723963279522,130746.38429752068,3983.0205463728225,134729.4048438935,149,9,92.9375,32,0,17,34.16589506172839,0.63671875,44.31818181818182,1022.7272727272729,31.960227272727277,0
151,4,1,0,33,0.030303030303030304,0.0,1.0,33,600,400,200,0.6666666666666666,8,4,4,387.7878532518205,0.8464330808080809,0.020712086764497872,0.22583575537459674,131108.39468293442,3568.448583477501,134676.84326641192,150,0,91.0909090909091,33,0,18,34.035713573451396,0.6379419191919192,43.96446078431372,1024.1421568627447,31.034610814022567,0
152,4,1,0,34,0.029411764705882353,0.0,1.0,34,700,400,300,0.5714285714285714,10,4,6,381.29183742857253,0.8484105763517529,0.020329546732651416,0.22406250671364428,131453.7677816225,3224.6337045847854,134678.4014862073,151,0,89.38235294117646,33,1,19,33.85217495219885,0.6414141414141414,43.62745098039216,1025.4901960784318,31.075460487225207,0
153,4,1,1,34,0.02857142857142857,0.02857142857142857,0.9714285714285714,35,550,200,350,0.36363636363636365,9,2,7,376.1042123460954,0.8549719887955182,0.01790352504638215,0.22276941808191814,131755.5555555556,2910.763888888894,134666.3194444445,152,0,87.8,34,1,15,33.67999188311688,0.642156862745098,43.333333333333336,1026.666666666667,30.19607843137256,0
154,4,0,0,34,0.0,0.0,1.0,34,850,600,250,0.7058823529411765,11,6,5,382.49853730275834,0.8520499108734403,0.024396240464181762,0.2258845381786528,131642.34459102261,3270.60085063436,134912.94544165698,153,1,91.3529411764706,33,1,16,33.63038372741023,0.6433080808080809,43.44362745098039,1026.2254901960778,31.09774212715387,0
155,4,0,1,33,0.0,0.029411764705882353,0.9705882352941176,34,950,500,450,0.5263157894736842,14,5,9,391.9573919815273,0.8509729649435532,0.030146115148895092,0.2226286816881157,130141.08737244883,3401.952239229008,133543.03961167784,154,2,92.3529411764706,34,0,16,34.91230117061408,0.6259191176470589,44.91071428571428,1020.3571428571416,30.010504201680636,4
156,4,1,0,34,0.029411764705882353,0.0,1.0,34,1600,1300,300,0.8125,19,13,6,386.9692804689984,0.8537953060011884,0.05313170357272634,0.22186755739915875,130505.75573979568,3300.343679138297,133806.09941893397,155,0,93.20588235294117,34,0,16,34.668579362305344,0.6295955882352943,44.553571428571416,1021.7857142857124,30.052521008403307,0
157,4,0,1,33,0.0,0.029411764705882353,0.9705882352941176,34,600,400,200,0.6666666666666666,8,4,4,388.91311589150894,0.8538324420677362,0.06210520546443643,0.22350789913283065,130597.00255102015,3358.1774376416965,133955.17998866184,156,1,94.20588235294117,34,0,16,34.52616662784378,0.630514705882353,44.4642857142857,1022.1428571428551,30.06302521008397,0
158,4,0,1,32,0.0,0.030303030303030304,0.9696969696969697,33,900,700,200,0.7777777777777778,11,7,4,391.73520405865156,0.8533775252525253,0.05235480403265602,0.22573470598517864,130700.81218762012,3640.021866589766,134340.83405420987,157,2,94.03030303030303,33,0,16,34.348533876637894,0.6338383838383839,44.36274509803921,1022.549019607843,30.986333927510394,0
159,4,1,0,33,0.030303030303030304,0.0,1.0,33,950,700,250,0.7368421052631579,12,7,5,385.8911584690128,0.8532986111111112,0.03872577825175383,0.22418183156120525,131014.28086553245,3511.4505238369816,134525.73138936944,158,0,90.81818181818181,33,0,18,34.17973425903758,0.6369949494949495,44.056372549019606,1023.7745098039213,31.02346999405822,0
160,4,0,1,32,0.0,0.030303030303030304,0.9696969696969697,33,1050,700,350,0.6666666666666666,14,7,7,383.96785787871175,0.8529829545454546,0.030564013339133167,0.22416000641522546,131202.54229142627,3475.5118223759973,134678.05411380227,159,1,91.81818181818181,33,0,19,34.03807814992025,0.638888888888889,43.87254901960784,1024.509803921568,31.045751633986907,0
161,4,0,0,32,0.0,0.0,1.0,32,1000,600,400,0.6,14,6,8,399.5211602587016,0.8444640456989247,0.03546391593738418,0.23302050130689078,131166.40082963498,4080.7505292827564,135247.15135891773,160,2,95.46875,32,0,19,33.67640412506676,0.6409505208333333,43.9078282828283,1024.3686868686889,32.01152146464653,2
162,4,0,0,32,0.0,0.0,1.0,32,750,400,350,0.5333333333333333,11,4,7,395.9283495273976,0.8424059139784947,0.03836382113821135,0.23190089043747592,131328.12500000012,3999.305555555569,135327.43055555568,161,3,96.46875,32,0,19,33.60433604336042,0.642578125,43.75000000000001,1025.000000000001,32.03125000000003,0
163,4,0,0,32,0.0,0.0,1.0,32,900,600,300,0.6666666666666666,12,6,6,398.68812526304976,0.8395077284946237,0.03973670441954935,0.23450714275972193,131489.94880943303,4084.696236353475,135574.6450457865,162,4,97.46875,32,0,19,33.36949608108663,0.6442057291666665,43.59217171717174,1025.6313131313157,32.050978535353615,0
164,4,0,0,32,0.0,0.0,1.0,32,1000,600,400,0.6,14,6,8,399.0141378925182,0.8382476478494625,0.044781799729364025,0.23589715832205696,131684.2689043211,4108.777006172855,135793.04591049397,163,5,98.46875,32,0,17,33.16418583671629,0.6461588541666665,43.402777777777786,1026.3888888888898,32.07465277777781,0
165,4,0,0,32,0.0,0.0,1.0,32,750,500,250,0.6666666666666666,10,5,5,402.55419038275875,0.837827620967742,0.04654639650719461,0.2383953475602488,131749.07415378554,4207.228375931055,135956.3025297166,164,6,99.46875,32,0,17,33.00767638256876,0.6468098958333333,43.33964646464648,1026.641414141416,32.08254419191925,0
166,4,0,0,32,0.0,0.0,1.0,32,700,300,400,0.42857142857142855,11,3,8,404.7324988934653,0.8374075940860216,0.05312845813353029,0.24009404912476703,131813.8953455006,4269.873450413247,136083.76879591387,165,7,100.46875,32,0,17,32.886081396778565,0.6474609375,43.27651515151516,1026.8939393939406,32.090435606060645,0
167,4,0,1,31,0.0,0.03125,0.96875,32,1050,800,250,0.7619047619047619,13,8,5,400.12294675268896,0.8355174731182796,0.04181770705333032,0.23837485656466947,131976.01807213566,4161.3266503418245,136137.3447224775,166,8,101.46875,32,0,17,32.84027607110675,0.6490885416666665,43.11868686868688,1027.5252525252538,32.11016414141418,0
168,4,1,2,30,0.03125,0.0625,0.9375,32,900,900,0,1.0,9,9,0,392.6257618273822,0.8422379032258065,0.037988089390962765,0.235113544435456,132170.69686766661,3978.724109784726,136149.42097745134,167,0,101.3125,32,0,18,32.83603470857892,0.6510416666666666,42.929292929292934,1028.2828282828289,32.1338383838384,0
169,4,0,0,30,0.0,0.0,1.0,30,300,200,100,0.6666666666666666,4,2,2,412.92928968805177,0.8270114942528736,0.05249192633324573,0.24449255152227434,131741.75663371483,4880.0059978032095,136621.76263151804,168,10,108.66666666666667,30,0,18,32.74881077070786,0.6520833333333333,43.346774193548384,1026.6129032258061,34.22043010752687,0
170,4,0,0,30,0.0,0.0,1.0,30,700,400,300,0.5714285714285714,10,4,6,409.5070036457332,0.8255747126436782,0.05166666666666653,0.2429063282494878,131810.75846918725,4795.485749797666,136606.2442189849,169,11,109.66666666666667,30,0,18,32.76668848167538,0.6527777777777778,43.27956989247312,1026.8817204301079,34.22939068100359,0
171,4,0,0,30,0.0,0.0,1.0,30,750,500,250,0.6666666666666666,10,5,5,410.8784647020349,0.8235153256704981,0.05691918531117812,0.2443847553087666,131914.29509553115,4840.14860822059,136754.44370375175,170,12,110.66666666666667,30,0,18,32.62653190283048,0.6538194444444445,43.17876344086021,1027.2849462365582,34.24283154121861,0
172,4,1,0,31,0.03225806451612903,0.0,1.0,31,1000,800,200,0.8,12,8,4,413.4444987256676,0.828494623655914,0.08571381475925954,0.23317316541963465,129864.12896050354,4538.321940104176,134402.4509006077,171,0,108.06451612903226,31,0,18,34.64699369783681,0.6303763440860215,45.18229166666667,1019.2708333333339,32.879704301075286,4
173,4,1,1,31,0.03125,0.03125,0.96875,32,700,600,100,0.8571428571428571,8,6,2,406.57717380648927,0.8370295698924732,0.07734374999999982,0.23069828401379475,130101.52025303559,4179.261682481406,134280.781935517,172,0,105.65625,32,0,18,34.57972359735975,0.6302083333333333,44.94949494949496,1020.2020202020218,31.88131313131318,0
174,4,1,0,32,0.03125,0.0,1.0,32,700,200,500,0.2857142857142857,12,2,10,411.36079410053065,0.831989247311828,0.059751472282679075,0.2286931788412272,129300.69181654177,4237.946691747553,133538.63850828932,173,0,106.625,31,1,20,35.27623970468998,0.6246639784946237,45.73567708333333,1017.0572916666657,32.808299731182764,2
175,4,0,1,31,0.0,0.03125,0.96875,32,750,500,250,0.6666666666666666,10,5,5,410.7732840761681,0.831023185483871,0.06238002303557666,0.22894311282248075,129400.0328911676,4230.815294053823,133630.84818522143,174,1,107.625,31,1,20,35.189510280692765,0.6256720430107526,45.638020833333336,1017.4479166666672,32.82090053763442,0
176,4,1,1,31,0.03125,0.03125,0.96875,32,1300,1100,200,0.8461538461538461,15,11,4,409.77164962053706,0.8389196908602151,0.06718570241595279,0.23012516977612818,129698.2849968806,4229.336039225281,133927.62103610588,175,0,106.53125,31,1,19,34.910014274148864,0.6286962365591398,45.34505208333334,1018.6197916666681,32.85870295698929,0
177,4,2,2,31,0.06060606060606061,0.06060606060606061,0.9393939393939394,33,900,500,400,0.5555555555555556,13,5,8,402.59386529575426,0.8426452020202021,0.05731951181994499,0.2278732060261955,130004.9281482758,3867.8373061422403,133872.76545441803,176,0,104.24242424242425,32,1,19,34.77982749370641,0.6292317708333333,45.044191919191924,1019.8232323232331,31.869476010101035,0
178,4,2,1,32,0.06060606060606061,0.030303030303030304,0.9696969696969697,33,700,600,100,0.8571428571428571,8,6,2,402.87991155507643,0.8366477272727273,0.06911085861710742,0.22878935806581702,130133.7255924142,3885.6527714008953,134019.37836381508,177,0,105.18181818181819,32,1,20,34.64118508435425,0.6305338541666665,44.9179292929293,1020.328282828284,31.885258838383876,0
179,4,0,0,32,0.0,0.0,1.0,32,450,300,150,0.6666666666666666,6,3,3,413.577883249986,0.8273689516129032,0.07964121552604664,0.2340420506946453,129996.88042534729,4352.7669270833385,134349.64735243062,178,1,109.46875,31,1,20,34.50800136193395,0.6317204301075269,45.052083333333336,1019.7916666666672,32.8965053763441,0
180,4,0,0,32,0.0,0.0,1.0,32,850,600,250,0.7058823529411765,11,6,5,415.3162160368055,0.8269069220430109,0.08148931078493904,0.23562654255238036,130096.48852878153,4406.236267089849,134502.72479587139,179,2,110.46875,31,1,20,34.36197085726441,0.632728494623656,44.954427083333336,1020.1822916666672,32.90910618279572,0
181,4,1,1,32,0.030303030303030304,0.030303030303030304,0.9696969696969697,33,600,400,200,0.6666666666666666,8,4,4,402.32479224376743,0.8289930555555556,0.07486443381180208,0.2302461160431198,130434.15423748402,3895.5907286433153,134329.74496612733,180,0,108.0909090909091,30,3,20,34.34923245614034,0.638888888888889,44.62365591397849,1021.5053763440853,34.05017921146951,0
182,4,0,0,32,0.0,0.0,1.0,32,1000,800,200,0.8,12,8,4,412.30747922437695,0.8222866263440861,0.0999013157894737,0.23595909955611927,130434.154237484,4355.795467684114,134789.9497051681,181,4,112.46875,30,2,20,34.094298245614034,0.638888888888889,44.62365591397849,1021.5053763440852,34.050179211469505,0
183,4,1,1,32,0.030303030303030304,0.030303030303030304,0.9696969696969697,33,1200,900,300,0.75,15,9,6,406.0966470529227,0.8300189393939394,0.08803080460834489,0.23417643656047377,130728.2257080077,4017.6588270399166,134745.8845350476,182,0,110.03030303030303,31,2,19,33.953505644682124,0.6391129032258065,44.33593749999999,1022.6562499999991,32.98891129032255,0
184,4,0,1,31,0.0,0.03125,0.96875,32,950,900,50,0.9473684210526315,10,9,1,414.49434901337787,0.8208165322580646,0.10372174398738343,0.23911201680385077,130743.2601492947,4438.468500693721,135181.72864998842,183,6,114.46875,30,2,20,33.72349629824332,0.6420138888888889,44.321236559139784,1022.7150537634407,34.09050179211469,0
185,4,0,0,31,0.0,0.0,1.0,31,550,500,50,0.9090909090909091,6,5,1,424.03857514177685,0.8203405017921147,0.09659887798036437,0.24382218070652176,130617.28395061736,4877.353395061739,135494.6373456791,184,7,113.25806451612904,29,2,20,33.60790307971015,0.6436781609195401,44.44444444444445,1022.2222222222229,35.24904214559389,0
186,4,0,1,30,0.0,0.03225806451612903,0.967741935483871,31,600,300,300,0.5,9,3,6,421.97047764747737,0.817921146953405,0.0952977616942603,0.2433021634235221,130723.78713348776,4832.315779321005,135556.10291280877,185,8,114.25806451612904,29,2,20,33.55219226764453,0.6447557471264367,44.340277777777786,1022.6388888888897,35.26340996168585,0
187,4,1,0,31,0.03225806451612903,0.0,1.0,31,1300,1100,200,0.8461538461538461,15,11,4,411.4521117931125,0.8241039426523298,0.08414190161713675,0.23969916604461153,131121.55306971906,4590.047982425717,135711.60105214478,186,0,110.12903225806451,30,1,21,33.416447944007004,0.6458333333333334,43.95161290322581,1024.1935483870968,34.13978494623656,0
188,4,0,0,31,0.0,0.0,1.0,31,750,600,150,0.8,9,6,3,411.2518174521954,0.8230286738351255,0.08552957911609038,0.2402479993712937,131228.04641723633,4593.5545179579,135821.60093519423,187,1,111.12903225806451,31,0,21,33.313344558817306,0.6441532258064516,43.84765625,1024.609375,33.05191532258065,0
189,4,0,0,31,0.0,0.0,1.0,31,1250,900,350,0.72,16,9,7,410.54334702701044,0.821505376344086,0.08703375529210744,0.2406774871464267,131362.56946251015,4586.043935214077,135948.61339772423,188,2,112.12903225806451,30,1,21,33.19484506796032,0.6482638888888889,43.71639784946237,1025.1344086021509,34.17114695340503,0
190,4,1,1,31,0.03125,0.03125,0.96875,32,1050,500,550,0.47619047619047616,16,5,11,400.4228143847198,0.8235467069892474,0.07948671191170864,0.2367991782291634,131695.4061720107,4146.769036187074,135842.17520819776,189,0,109.59375,31,1,20,33.116754408220224,0.6488575268817204,43.391927083333336,1026.4322916666672,33.110719086021525,0
191,4,0,0,31,0.0,0.0,1.0,31,800,500,300,0.625,11,5,6,413.05669677227536,0.8192652329749104,0.08206073001090197,0.2436842985440147,131603.8071597873,4671.966773615453,136275.77393340276,190,4,114.12903225806451,30,1,21,32.88550126626495,0.6506944444444445,43.48118279569893,1026.0752688172047,34.20250896057349,0
192,4,0,0,31,0.0,0.0,1.0,31,1200,700,500,0.5833333333333334,17,7,10,413.63667701242014,0.817921146953405,0.08169058108444904,0.24468964386861752,131707.26249060588,4695.790879003359,136403.05336960923,191,5,115.12903225806451,30,1,21,32.765647505565006,0.6517361111111111,43.380376344086024,1026.4784946236562,34.21594982078854,0
193,4,0,0,31,0.0,0.0,1.0,31,750,500,250,0.6666666666666666,10,5,5,416.0926235574681,0.8173835125448029,0.08995946630636698,0.24681270527787713,131810.75846918725,4769.0968609087795,136579.85533009603,192,6,116.12903225806451,30,1,21,32.59762216404885,0.6527777777777778,43.27956989247312,1026.8817204301079,34.22939068100359,0
194,4,0,0,31,0.0,0.0,1.0,31,700,500,200,0.7142857142857143,9,5,4,417.32738994535237,0.818100358422939,0.09253982125291849,0.24776989794657647,131845.26616155053,4804.528160770039,136649.79432232058,193,7,117.12903225806451,30,1,21,32.530918727915186,0.653125,43.24596774193549,1027.0161290322585,34.23387096774195,0
195,4,1,0,32,0.03125,0.0,1.0,32,1250,900,350,0.72,16,9,7,435.7599083755922,0.8262348790322581,0.1090938815873419,0.24764687468741972,130162.91512383362,4945.1121966816045,135108.02732051522,194,0,114.4375,31,1,21,33.772622389519796,0.6334005376344085,44.88932291666667,1020.4427083333339,32.917506720430126,3
196,4,0,0,32,0.0,0.0,1.0,32,950,800,150,0.8421052631578947,11,8,3,439.9833402748853,0.8249327956989247,0.11237244897959142,0.2506881822496441,130262.58680555562,5062.673611111121,135325.26041666674,195,1,115.4375,31,1,22,33.56292517006803,0.6344086021505376,44.79166666666667,1020.8333333333339,32.93010752688174,0
197,4,1,1,32,0.030303030303030304,0.030303030303030304,0.9696969696969697,33,700,400,300,0.5714285714285714,10,4,6,430.1643068684326,0.82583648989899,0.11619378498359367,0.24720276785631026,130595.10125054259,4635.47024197049,135230.5714925131,196,0,112.9090909090909,31,2,18,33.47399150743099,0.637768817204301,44.466145833333336,1022.1354166666671,32.972110215053775,0
198,4,0,0,32,0.0,0.0,1.0,32,1050,800,250,0.7619047619047619,13,8,5,442.61950478837286,0.8224966397849462,0.1257646014206788,0.25375516405740656,130502.81282518216,5152.618077234373,135655.43090241653,197,3,117.4375,30,2,18,33.25002192405508,0.6395833333333333,44.55645161290323,1021.7741935483876,34.059139784946254,0
199,4,0,0,32,0.0,0.0,1.0,32,1400,1100,300,0.7857142857142857,17,11,6,439.5711908202922,0.8208585349462366,0.12256431482424857,0.25304347436370517,130661.65500217032,5087.019856770857,135748.67485894117,198,4,118.4375,31,1,18,33.165647817965706,0.6384408602150536,44.40104166666668,1022.3958333333347,32.98051075268822,0
200,4,0,1,31,0.0,0.03125,0.96875,32,1250,1000,250,0.8,15,10,5,437.32189596027854,0.8180023521505377,0.1203538696537676,0.2526177069605847,130794.81336805571,5039.887152777796,135834.7005208335,199,5,119.4375,31,1,20,33.08723693143246,0.639784946236559,44.27083333333334,1022.9166666666679,32.99731182795703,0
201,4,0,1,30,0.0,0.03225806451612903,0.967741935483871,31,1050,700,350,0.6666666666666666,14,7,7,438.5525319037351,0.814426523297491,0.1137322498563571,0.2542052286698642,130928.03955078135,5283.764648437515,136211.80419921887,200,6,118.80645161290323,31,0,21,32.91984732824427,0.6411290322580644,44.14062500000001,1023.4375000000008,33.01411290322583,0
202,4,1,0,31,0.03225806451612903,0.0,1.0,31,1300,1000,300,0.7692307692307693,16,10,6,401.74203421377536,0.8185483870967742,0.05471287431768346,0.2274939220607558,130022.58209041513,4271.589203886477,134294.1712943016,201,0,113.58064516129032,30,1,18,34.783539799683716,0.6347222222222222,45.02688172043011,1019.89247311828,33.99641577060933,6
203,4,0,0,31,0.0,0.0,1.0,31,750,500,250,0.6666666666666666,10,5,5,403.2399418555895,0.817652329749104,0.04449064980549733,0.2249763890780152,129440.63484579136,4239.126813793494,133679.76165958485,202,1,114.58064516129032,30,1,17,35.339618280280014,0.6288194444444445,45.59811827956989,1017.6075268817199,33.92025089605733,1
204,4,3,4,30,0.08823529411764706,0.11764705882352941,0.8823529411764706,34,550,200,350,0.36363636363636365,9,2,7,378.45096743816805,0.8391636957813429,0.020422873618453075,0.21459304175444888,130075.00120146097,3045.402008842755,133120.40321030372,203,0,105.38235294117646,33,1,17,35.324062950504576,0.6275252525252526,44.97549019607843,1020.0980392156862,30.912061794414733,0
205,4,1,1,30,0.03225806451612903,0.03225806451612903,0.967741935483871,31,750,400,350,0.5333333333333333,11,4,7,405.2049044529481,0.8162186379928316,0.04013844955233803,0.22725666625018426,129645.878949156,4306.629198462253,133952.50814761827,204,0,116.48387096774194,30,1,17,35.079846905107566,0.6309027777777778,45.39650537634409,1018.413978494624,33.947132616487465,0
206,4,1,1,30,0.03225806451612903,0.03225806451612903,0.967741935483871,31,600,300,300,0.5,9,3,6,405.2049044529481,0.8169354838709677,0.04013844955233803,0.22725666625018426,129645.878949156,4306.629198462253,133952.50814761827,205,0,117.45161290322581,30,1,17,35.079846905107566,0.6309027777777778,45.39650537634409,1018.413978494624,33.947132616487465,0
207,4,2,3,29,0.0625,0.09375,0.90625,32,800,400,400,0.5,12,4,8,396.8841065855904,0.8272849462365592,0.041719867211440054,0.22459511002733704,129996.88042534728,3918.7391493055607,133915.61957465284,206,0,114.71875,31,1,18,34.93360572012257,0.6317204301075269,45.052083333333336,1019.7916666666671,32.8965053763441,0
208,4,1,1,29,0.03333333333333333,0.03333333333333333,0.9666666666666667,30,550,400,150,0.7272727272727273,7,4,3,420.23920923270805,0.8190613026819924,0.06298518316516644,0.23599037982486065,129696.07445987652,4900.675154320985,134596.7496141975,207,0,122.93333333333334,29,1,19,34.645714025997634,0.63433908045977,45.34722222222222,1018.611111111111,35.12452107279693,0
209,4,1,1,29,0.03333333333333333,0.03333333333333333,0.9666666666666667,30,650,300,350,0.46153846153846156,10,3,7,418.055992386178,0.8094348659003832,0.0634637226841126,0.23540113707884777,129802.20148533951,4852.917631172842,134655.11911651236,208,0,123.9,29,1,19,34.59278883285631,0.6354166666666666,45.24305555555556,1019.0277777777777,35.138888888888886,0
210,4,0,0,29,0.0,0.0,1.0,29,650,500,150,0.7692307692307693,8,5,3,430.70203542438435,0.8029556650246306,0.07068770919280798,0.24152025530759794,129639.97886114418,5367.240553573794,135007.21941471798,209,23,129.17241379310346,28,1,19,34.43672404063206,0.6369047619047619,45.40229885057472,1018.3908045977014,36.37110016420362,0
211,4,0,0,29,0.0,0.0,1.0,29,550,400,150,0.7272727272727273,7,4,3,433.77167773058983,0.8032635467980296,0.06824174119836623,0.24425040671598885,129802.20148533944,5460.903742283937,135263.10522762337,210,24,130.17241379310346,29,0,19,34.19242083503703,0.6354166666666667,45.24305555555555,1019.0277777777771,35.138888888888864,0
212,4,0,0,29,0.0,0.0,1.0,29,1050,700,350,0.6666666666666666,14,7,7,433.4191789712873,0.7997742200328407,0.06818598054915026,0.24538142106292696,130014.58574459876,5470.163001543209,135484.74874614197,211,25,131.17241379310346,29,0,19,33.98403808615916,0.6375718390804597,45.03472222222222,1019.8611111111111,35.167624521072796,0
213,4,1,1,29,0.03333333333333333,0.03333333333333333,0.9666666666666667,30,950,800,150,0.8421052631578947,11,8,3,422.65722615576846,0.8117337164750958,0.05945578231292514,0.24081632653061236,130262.58680555562,5011.757330246922,135274.34413580253,212,0,127.76666666666667,28,2,19,34.005102040816325,0.6432291666666666,44.79166666666667,1020.8333333333339,36.45833333333336,0
214,4,2,3,28,0.06451612903225806,0.0967741935483871,0.9032258064516129,31,650,400,250,0.6153846153846154,9,4,5,409.5270747617376,0.8195340501792114,0.048209565640492835,0.2352622750329138,130581.79253472219,4495.355902777773,135077.14843749997,213,0,124.58064516129032,29,2,17,34.014896725098524,0.6433189655172413,44.479166666666664,1022.083333333333,35.244252873563205,0
215,4,0,0,28,0.0,0.0,1.0,28,700,600,100,0.8571428571428571,8,6,2,441.70283673874246,0.7944223985890652,0.07877263581488947,0.2504864329748458,130079.31199630057,5891.280221957968,135970.59221825853,214,28,134.75,28,0,19,33.706572769953056,0.6413690476190477,44.97126436781608,1020.1149425287346,36.432676518883376,0
216,4,0,0,28,0.0,0.0,1.0,28,1150,900,250,0.782608695652174,14,9,5,441.1730223901802,0.7941468253968254,0.07917680658072057,0.2508928725410288,130189.2613992931,5887.197986854265,136076.45938614735,215,29,135.75,28,0,19,33.60757191796895,0.6424851190476191,44.86350574712643,1020.5459770114936,36.44807060755334,0
217,4,0,0,28,0.0,0.0,1.0,28,700,400,300,0.5714285714285714,10,4,6,443.98294632922403,0.7937610229276896,0.08115607186042473,0.2532233769753576,130301.97378448411,5970.41213349757,136272.38591798168,216,30,136.75,26,2,19,33.42055874647319,0.6506410256410255,44.75308641975309,1020.987654320988,39.26875593542262,0
218,4,2,2,28,0.06666666666666667,0.06666666666666667,0.9333333333333333,30,800,500,300,0.625,11,5,6,418.94754837004666,0.8058429118773947,0.05714221075969417,0.2424498498697671,130865.85889274697,4965.186149691367,135831.04504243835,217,0,128.56666666666666,29,1,18,33.48476878874259,0.646192528735632,44.20138888888889,1023.1944444444449,35.28256704980844,0
219,4,1,1,28,0.034482758620689655,0.034482758620689655,0.9655172413793104,29,850,400,450,0.47058823529411764,13,4,9,428.0953737855598,0.8019293924466337,0.06913413708793503,0.24660705334970986,130688.28125,5389.409722222224,136077.69097222222,218,0,133.9655172413793,29,0,18,33.431812007606624,0.6443965517241379,44.375,1022.5,35.258620689655174,0
220,4,0,0,28,0.0,0.0,1.0,28,800,700,100,0.875,9,7,2,442.4091747508523,0.7931547619047619,0.08052158020525835,0.25398357223590096,130556.09486474434,5951.842837561107,136507.93770230544,219,33,139.75,28,0,18,33.20094662355313,0.6462053571428571,44.50431034482759,1021.9827586206897,36.4993842364532,0
221,4,0,0,28,0.0,0.0,1.0,28,750,500,250,0.6666666666666666,10,5,5,431.2502456986362,0.7936507936507936,0.061823236757389655,0.23960684382963243,129277.04480229587,5552.427403221987,134829.47220551787,220,34,140.75,27,1,19,34.79477611940298,0.6365740740740742,45.75892857142857,1016.9642857142853,37.665343915343904,2
222,4,1,1,28,0.034482758620689655,0.034482758620689655,0.9655172413793104,29,350,100,250,0.2857142857142857,6,1,5,419.88075834442014,0.8022372742200328,0.053570646594298,0.23523280113730477,129603.40131209533,5083.594885387757,134686.9961974831,221,0,136.86206896551724,28,1,18,34.749659000047025,0.6365327380952381,45.43821839080459,1018.2471264367812,36.36596880131361,0
223,4,2,2,28,0.06666666666666667,0.06666666666666667,0.9333333333333333,30,1200,900,300,0.75,15,9,6,406.1936511334948,0.8147030651340996,0.040444081187849035,0.22955100792694264,129943.77170138885,4556.467013888885,134500.23871527772,222,0,133.23333333333332,29,1,18,34.75045974662852,0.6368534482758621,45.104166666666664,1019.5833333333329,35.15804597701148,0
224,4,2,0,30,0.06666666666666667,0.0,1.0,30,1000,600,400,0.6,14,6,8,404.6159062796044,0.8104885057471265,0.0497348021215831,0.23116866813317238,130368.94531249988,4549.869791666654,134918.81510416654,223,0,134.16666666666666,29,1,20,34.357150142798865,0.6411637931034484,44.68749999999999,1021.2499999999991,35.21551724137928,0
225,4,2,2,30,0.0625,0.0625,0.9375,32,950,800,150,0.8421052631578947,11,8,3,383.56338223413314,0.8187584005376345,0.05066354100445025,0.22329578099714698,131094.66764661993,3656.622823079419,134751.29046969934,224,0,126.71875,31,1,18,34.15779296461114,0.6428091397849462,43.97786458333333,1024.088541666666,33.03511424731181,0
226,4,0,0,30,0.0,0.0,1.0,30,900,600,300,0.6666666666666666,12,6,6,405.81332427930283,0.8059865900383142,0.06178067318132485,0.23506545387499228,130901.38888888883,4624.305555555551,135525.69444444438,225,1,136.13333333333333,29,1,19,33.78460912052117,0.646551724137931,44.166666666666664,1023.3333333333328,35.28735632183906,0
227,4,1,1,30,0.03225806451612903,0.03225806451612903,0.967741935483871,31,800,400,400,0.5,12,4,8,395.0794227980564,0.8163978494623656,0.050308025589818506,0.2309881533291705,131259.24962423404,4171.565715689681,135430.81533992372,226,0,132.70967741935485,30,1,20,33.695949195522914,0.6472222222222221,43.81720430107527,1024.7311827956992,34.15770609318997,0
228,4,0,0,30,0.0,0.0,1.0,30,850,700,150,0.8235294117647058,10,7,3,408.73312266590057,0.8045977011494253,0.06275706214689247,0.2382930260601595,131150.23389274697,4721.088927469143,135871.3228202161,227,3,138.13333333333333,29,1,20,33.45692090395481,0.649066091954023,43.923611111111114,1024.3055555555559,35.32088122605365,0
229,4,0,0,30,0.0,0.0,1.0,30,750,500,250,0.6666666666666666,10,5,5,409.7934056716406,0.8049808429118774,0.0682255659482176,0.23935439062863745,131221.37586805547,4754.730902777771,135976.10677083326,228,4,139.13333333333333,29,1,20,33.357479327639965,0.6497844827586207,43.854166666666664,1024.5833333333328,35.33045977011493,0
230,4,0,0,30,0.0,0.0,1.0,30,800,500,300,0.625,11,5,6,409.76238011415757,0.8046455938697318,0.07131761943466097,0.24045038871245702,131399.3152006172,4768.4992283950505,136167.81442901224,229,5,140.13333333333333,29,1,20,33.177548993046145,0.6515804597701149,43.68055555555555,1025.277777777777,35.35440613026817,0
231,4,1,1,30,0.03225806451612903,0.03225806451612903,0.967741935483871,31,850,600,250,0.7058823529411765,11,6,5,399.1933882539524,0.8159498207885305,0.055406975515981616,0.23571860164879554,131638.28775364198,4309.826822465021,135948.114576107,230,0,136.58064516129033,30,1,18,33.206177690460585,0.6510416666666666,43.44758064516129,1026.2096774193544,34.20698924731182,0
232,4,0,0,30,0.0,0.0,1.0,30,800,700,100,0.875,9,7,2,409.53277799811406,0.803639846743295,0.0673436230706741,0.24121284675391305,131541.75347222216,4774.131944444441,136315.8854166666,231,7,142.13333333333333,29,1,20,33.038857297590035,0.6530172413793103,43.541666666666664,1025.833333333333,35.37356321839079,0
233,4,1,0,31,0.03225806451612903,0.0,1.0,31,350,300,50,0.8571428571428571,4,3,1,398.8924804008763,0.8111111111111111,0.05972871309700212,0.23682497612611467,131845.26616155045,4318.417049658915,136163.68321120937,232,0,138.51612903225808,30,1,20,33.00424246390088,0.653125,43.24596774193548,1027.0161290322578,34.23387096774193,0
234,4,0,0,31,0.0,0.0,1.0,31,650,500,150,0.7692307692307693,8,5,3,398.80401705721226,0.8103046594982078,0.0614515706916785,0.23698758152031243,131879.77837033191,4318.837076540653,136198.61544687257,233,1,139.51612903225808,30,1,20,32.97157157812091,0.6534722222222221,43.212365591397855,1027.1505376344094,34.238351254480314,0
235,4,1,1,31,0.03125,0.03125,0.96875,32,600,400,200,0.6666666666666666,8,4,4,388.57883575717597,0.815314180107527,0.04855878814739745,0.2326464796038226,132163.59668307845,3871.195305718327,136034.79198879676,234,0,136.125,31,1,20,32.94724262378118,0.6535618279569892,42.93619791666667,1028.2552083333342,33.16952284946239,0
236,4,0,0,31,0.0,0.0,1.0,31,850,600,250,0.7058823529411765,11,6,5,395.382136112023,0.8092293906810036,0.05238243905731865,0.23581059381533004,132017.87236963824,4239.501676494408,136257.37404613264,235,3,141.51612903225808,30,1,20,32.91971837126166,0.654861111111111,43.07795698924732,1027.6881720430117,34.256272401433726,0
237,4,1,0,32,0.03125,0.0,1.0,32,1050,900,150,0.8571428571428571,12,9,3,381.21927850976374,0.8160282258064516,0.04644454236845563,0.23008340851901346,132467.17693158166,3700.354809804601,136167.53174138625,236,0,138.0625,30,2,21,32.83011272141708,0.6593749999999999,42.641129032258064,1029.4354838709676,34.31451612903225,0
238,4,1,1,32,0.030303030303030304,0.030303030303030304,0.9696969696969697,33,650,300,350,0.46153846153846156,10,3,7,371.232189064543,0.8241003787878789,0.03731960658148714,0.22524456134038837,132666.15125868065,3249.989149305565,135916.1404079862,237,0,134.84848484848484,31,2,19,32.886754297269974,0.6586021505376343,42.44791666666667,1030.2083333333342,33.23252688172046,0
239,4,0,0,32,0.0,0.0,1.0,32,700,500,200,0.7142857142857143,9,5,4,379.6921499525669,0.8165742607526882,0.04722167841294689,0.22979472772010817,132570.97099375664,3667.2313995837794,136238.2023933404,238,2,140.0625,30,2,23,32.76478073610023,0.6604166666666667,42.54032258064517,1029.8387096774204,34.32795698924735,0
240,4,1,1,32,0.030303030303030304,0.030303030303030304,0.9696969696969697,33,850,700,150,0.8235294117647058,10,7,3,369.2288767756357,0.820864898989899,0.05019764509599067,0.22543743062345883,132901.00309583882,3214.1776190863775,136115.1807149252,239,0,136.78787878787878,31,2,21,32.70207202087805,0.6609543010752688,42.220052083333336,1031.1197916666672,33.26192876344088,0
241,4,1,0,33,0.030303030303030304,0.0,1.0,33,950,700,250,0.7368421052631579,12,7,5,366.50807609187837,0.8192077020202021,0.04910284062227488,0.22478405533684553,133068.88156467024,3154.163953993067,136223.0455186633,240,0,137.54545454545453,31,2,22,32.6034830893488,0.6626344086021505,42.05729166666667,1031.7708333333342,33.28293010752691,0
242,4,0,0,33,0.0,0.0,1.0,33,1150,1000,150,0.8695652173913043,13,10,3,366.4632008622495,0.8186553030303031,0.05192293728048525,0.22577208388786146,133236.86599731445,3165.2816772460947,136402.14767456055,241,1,138.54545454545453,31,2,23,32.43591562618236,0.6643145161290323,41.89453125,1032.421875,33.303931451612904,0
243,4,0,0,33,0.0,0.0,1.0,33,1000,600,400,0.6,14,6,8,366.6289124525171,0.8167613636363638,0.051927315509818994,0.22669268608619014,133371.3298373753,3179.557122124576,136550.88695949985,242,2,139.54545454545453,31,2,23,32.29665637211648,0.6656586021505376,41.76432291666667,1032.942708333334,33.32073252688174,0
244,4,0,0,33,0.0,0.0,1.0,33,800,500,300,0.625,11,5,6,367.92687481321235,0.8165246212121213,0.048022113538051636,0.2283217830643053,133505.86149427618,3224.0788777669172,136729.9403720431,243,3,140.54545454545453,31,2,23,32.12813930536308,0.667002688172043,41.63411458333333,1033.463541666666,33.337533602150515,0
245,4,0,0,33,0.0,0.0,1.0,33,900,600,300,0.6666666666666666,12,6,6,369.2758662259136,0.815814393939394,0.04814899625982805,0.22978451236941644,133606.80474175338,3267.553710937491,136874.35845269088,244,4,141.54545454545453,31,2,23,31.99202350965576,0.668010752688172,41.53645833333333,1033.8541666666658,33.35013440860212,0
246,4,0,0,33,0.0,0.0,1.0,33,1050,700,350,0.6666666666666666,14,7,7,369.2758662259136,0.815814393939394,0.04814899625982805,0.22978451236941644,133606.80474175338,3267.553710937491,136874.35845269088,245,5,142.54545454545453,31,2,23,31.99202350965576,0.668010752688172,41.53645833333333,1033.8541666666658,33.35013440860212,0
247,4,0,0,33,0.0,0.0,1.0,33,1500,1300,200,0.8666666666666667,17,13,4,385.77854518960356,0.8149463383838385,0.0393872220707534,0.2349909184320151,132813.31521346405,3712.4774884786316,136525.7927019427,246,6,143.54545454545453,30,3,18,32.36379145477464,0.6628472222222221,42.30510752688173,1030.7795698924738,34.359318996415794,6
248,4,0,1,32,0.0,0.030303030303030304,0.9696969696969697,33,850,700,150,0.8235294117647058,10,7,3,386.04257431296514,0.814709595959596,0.03523369286081168,0.23536935969637876,132847.9538819518,3656.9932217597593,136504.94710371157,247,7,144.54545454545453,30,3,18,32.32208822251196,0.6631944444444444,42.271505376344095,1030.9139784946246,34.36379928315416,0
249,4,0,0,32,0.0,0.0,1.0,32,600,400,200,0.6666666666666666,8,4,4,402.34624430846446,0.807501680107527,0.041109512525389524,0.23675912463888532,131506.13667052472,4182.200038580255,135688.33670910497,248,9,149.84375,29,3,21,33.25928120063191,0.6526580459770115,43.57638888888889,1025.6944444444448,35.368773946360164,2
250,4,0,0,32,0.0,0.0,1.0,32,1200,800,400,0.6666666666666666,16,8,8,406.6842110205781,0.8078797043010754,0.038919801109457586,0.24065676570481118,131719.90981867278,4313.6815200617175,136033.5913387345,249,10,150.84375,29,3,20,32.931239570648984,0.6548132183908046,43.36805555555555,1026.5277777777771,35.39750957854404,0
251,4,0,0,32,0.0,0.0,1.0,32,950,700,250,0.7368421052631579,12,7,5,407.7068746269995,0.806577620967742,0.0430094346002976,0.24171426817300792,131791.20611496922,4346.436149691366,136137.6422646606,250,11,151.84375,29,3,20,32.83271901348121,0.6555316091954022,43.298611111111114,1026.805555555556,35.40708812260538,0
252,4,1,0,33,0.030303030303030304,0.0,1.0,33,1200,800,400,0.6666666666666666,16,8,8,399.28950649653,0.8157354797979799,0.04288837142992907,0.23944853477362443,132225.14886114,3959.222887038962,136184.37174817896,251,0,148.21212121212122,30,3,21,32.6096663181739,0.6569444444444444,42.876344086021504,1028.494623655914,34.2831541218638,0
253,4,0,0,33,0.0,0.0,1.0,33,700,600,100,0.8571428571428571,8,6,2,399.6150106593073,0.8146306818181819,0.043409932110128224,0.2403026635190098,132328.84807853494,3976.118807087509,136304.96688562245,252,1,149.21212121212122,30,3,21,32.49646200740256,0.6579861111111112,42.77553763440859,1028.8978494623643,34.29659498207881,0
254,4,0,0,33,0.0,0.0,1.0,33,950,500,450,0.5263157894736842,14,5,9,400.49713390564966,0.814709595959596,0.048101806785536105,0.24149661822436733,132432.58794369287,4007.774381431375,136440.36232512424,253,2,150.21212121212122,30,3,22,32.36892791851659,0.6590277777777778,42.674731182795696,1029.301075268817,34.3100358422939,0
255,4,0,0,33,0.0,0.0,1.0,33,850,500,350,0.5882352941176471,12,5,7,400.49713390564966,0.814709595959596,0.048101806785536105,0.24149661822436733,132432.58794369287,4007.774381431375,136440.36232512424,254,3,151.21212121212122,30,3,22,32.36892791851659,0.6590277777777778,42.674731182795696,1029.301075268817,34.3100358422939,0
256,4,0,0,33,0.0,0.0,1.0,33,550,500,50,0.9090909090909091,6,5,1,401.62746572579243,0.8134469696969697,0.04348101215759792,0.2430702719108231,132570.97099375646,4048.828621805987,136619.79961556246,255,4,152.21212121212122,30,3,22,32.20003480379362,0.6604166666666667,42.54032258064516,1029.838709677419,34.327956989247305,0
257,4,0,0,33,0.0,0.0,1.0,33,1150,900,250,0.782608695652174,14,9,5,399.23747095896505,0.8117897727272728,0.04296629764037552,0.2431049092393204,132800.32687717007,4003.7733289930475,136804.10020616313,256,5,153.21212121212122,31,2,19,32.030065689742294,0.6599462365591398,42.31770833333333,1030.729166666666,33.24932795698923,0
258,4,0,0,33,0.0,0.0,1.0,33,450,200,250,0.4444444444444444,7,2,5,397.3063973063974,0.8090277777777779,0.04591368227731896,0.24279835390946503,132934.5703125,3963.151041666669,136897.72135416666,257,6,154.21212121212122,31,2,19,31.944444444444443,0.6612903225806452,42.1875,1031.25,33.266129032258064,0
259,4,0,0,33,0.0,0.0,1.0,33,550,300,250,0.5454545454545454,8,3,5,394.3211523156125,0.8078440656565657,0.04542776923488878,0.24140743188904806,133001.7174614801,3889.0780978732705,136890.79555935337,258,7,155.21212121212122,31,2,19,31.95373643019439,0.6619623655913978,42.122395833333336,1031.510416666667,33.274529569892486,0
260,4,0,1,32,0.0,0.030303030303030304,0.9696969696969697,33,1050,900,150,0.8571428571428571,12,9,3,394.4982634915263,0.8070549242424243,0.052163273109645525,0.242168763607308,133102.46997409404,3901.7386542426275,137004.20862833667,259,8,156.21212121212122,31,2,19,31.8476603575184,0.6629704301075269,42.024739583333336,1031.9010416666672,33.2871303763441,0
261,4,0,0,32,0.0,0.0,1.0,32,700,700,0,1.0,7,7,0,404.91320127657013,0.7954469086021506,0.05939985008473481,0.24710335457379234,132882.5970668574,4361.183554457157,137243.78062131454,260,21,161.84375,30,2,19,31.800775648546477,0.6635416666666667,42.23790322580645,1031.048387096774,34.368279569892465,0
262,4,0,0,32,0.0,0.0,1.0,32,900,600,300,0.6666666666666666,12,6,6,403.70546475672774,0.7938088037634409,0.053616792600312824,0.24751143350420468,133055.88073765754,4343.077234362356,137398.9579720199,261,22,162.84375,30,2,19,31.657113079729033,0.6652777777777779,42.06989247311828,1031.720430107527,34.39068100358423,0
263,4,0,0,32,0.0,0.0,1.0,32,1250,1100,150,0.88,14,11,3,404.0600434756029,0.7914986559139786,0.05362724667882279,0.2481898411044544,133125.22582090422,4358.116906578805,137483.34272748302,262,23,163.84375,30,2,19,31.578047668663714,0.6659722222222222,42.002688172043015,1031.9892473118284,34.39964157706095,0
264,4,0,0,32,0.0,0.0,1.0,32,1300,800,500,0.6153846153846154,18,8,10,404.75489724969896,0.7901125672043011,0.0526446375113887,0.24977766068830834,133298.6675663372,4390.657698866924,137689.3252652041,263,24,164.84375,30,2,20,31.38530955789838,0.6677083333333333,41.83467741935484,1032.661290322581,34.422043010752695,0
265,4,0,0,32,0.0,0.0,1.0,32,1100,1000,100,0.9090909090909091,12,10,2,405.36612387497286,0.7904065860215055,0.05190443663804256,0.2508570070936427,133402.78681061402,4415.394120707597,137818.1809313216,264,25,165.84375,30,2,20,31.2646370023419,0.66875,41.733870967741936,1033.0645161290329,34.435483870967765,0
266,4,0,0,32,0.0,0.0,1.0,32,850,600,250,0.7058823529411765,11,6,5,406.52904080787516,0.789944556451613,0.0554485303680583,0.2522842449371874,133506.94670265348,4454.890196843565,137961.83689949705,265,26,166.84375,30,2,21,31.129698270256213,0.6697916666666666,41.63306451612903,1033.467741935484,34.4489247311828,0
267,4,1,0,33,0.030303030303030304,0.0,1.0,33,500,200,300,0.4,8,2,6,396.66122871035697,0.798532196969697,0.05645684125422412,0.2481787498687003,133808.80567762576,4015.3530544704763,137824.15873209623,266,0,162.75757575757575,31,2,19,31.081151942277035,0.6700268817204302,41.34114583333333,1034.6354166666658,33.37533602150535,0
268,4,0,0,33,0.0,0.0,1.0,33,850,600,250,0.7058823529411765,11,6,5,395.07347730241736,0.7982165404040404,0.057311506915131094,0.24741126273619468,133842.48733520508,3975.5233764648447,137818.01071166992,267,1,163.75757575757575,31,2,19,31.088382408456035,0.6703629032258065,41.30859375,1034.765625,33.379536290322584,0
269,4,0,0,33,0.0,0.0,1.0,33,400,100,300,0.25,7,1,6,395.1050580985116,0.7981376262626263,0.05853275555199833,0.24833836497559403,133977.25635104705,3987.018330891923,137964.274681939,268,2,164.75757575757575,31,2,19,30.952212509956823,0.6717069892473118,41.178385416666664,1035.286458333333,33.396337365591386,0
270,4,0,0,33,0.0,0.0,1.0,33,900,700,200,0.7777777777777778,11,7,4,392.1056257033388,0.7972695707070708,0.05402275203633011,0.2471321827927381,134078.37761772997,3914.5772298177035,137992.9548475477,269,3,165.75757575757575,31,2,19,30.928358896991025,0.6727150537634409,41.080729166666664,1035.677083333333,33.408938172043,0
271,4,0,0,33,0.0,0.0,1.0,33,1150,800,350,0.6956521739130435,15,8,7,390.46434752197234,0.796243686868687,0.05341770513274491,0.24723196037608414,134246.99783325195,3883.733283148871,138130.73111640083,270,4,166.75757575757575,31,2,20,30.801739121330147,0.6743951612903225,40.91796875,1036.328125,33.42993951612903,0
272,4,0,1,32,0.0,0.030303030303030304,0.9696969696969697,33,700,500,200,0.7142857142857143,9,5,4,393.48446588814977,0.7950599747474748,0.05268867547475753,0.24960397075183752,134314.4755893284,3970.131937662766,138284.60752699117,271,5,167.75757575757575,31,2,20,30.65582736674622,0.6750672043010753,40.852864583333336,1036.588541666667,33.43834005376345,0
273,4,0,1,31,0.0,0.03125,0.96875,32,500,200,300,0.4,8,2,6,400.2624314271726,0.7926327284946237,0.06485084306095956,0.2533680908295157,134237.20408428725,4346.021938952485,138583.22602323972,272,6,170.9375,30,2,20,30.557717250324252,0.6770833333333333,40.92741935483871,1036.2903225806456,34.54301075268818,0
274,4,0,0,31,0.0,0.0,1.0,31,850,600,250,0.7058823529411765,11,6,5,410.11167196886623,0.7919354838709678,0.06897804065009039,0.25952868401693896,134226.7578125,4809.59201388889,139036.34982638888,273,7,172.70967741935485,29,2,21,30.313044498056563,0.6799568965517242,40.9375,1036.25,35.73275862068966,0
275,4,0,0,31,0.0,0.0,1.0,31,950,800,150,0.8421052631578947,11,8,3,410.11167196886623,0.7919354838709678,0.06897804065009039,0.25952868401693896,134226.7578125,4809.59201388889,139036.34982638888,274,8,173.70967741935485,29,2,21,30.313044498056563,0.6799568965517242,40.9375,1036.25,35.73275862068966,0
276,4,0,0,31,0.0,0.0,1.0,31,550,100,450,0.18181818181818182,10,1,9,409.2570382853776,0.7909498207885305,0.07172492480033221,0.2597529365443928,134334.72222222234,4795.486111111131,139130.20833333346,275,9,174.70967741935485,29,2,22,30.22675509110396,0.6810344827586206,40.83333333333334,1036.6666666666677,35.74712643678164,0
277,4,0,0,31,0.0,0.0,1.0,31,650,400,250,0.6153846153846154,9,4,5,409.9240424794921,0.7899641577060932,0.06940711872315797,0.2606893442207743,134406.72260802484,4819.309413580271,139226.03202160512,276,10,175.70967741935485,29,2,22,30.13717742655595,0.6817528735632183,40.7638888888889,1036.9444444444457,35.756704980842954,0
278,4,0,1,30,0.0,0.03225806451612903,0.967741935483871,31,550,300,250,0.5454545454545454,8,3,5,402.81337912229384,0.7899641577060932,0.05335020936099388,0.25022847808248,133543.9911265432,4558.661265432099,138102.6523919753,277,11,176.70967741935485,29,2,21,31.188412613096837,0.673132183908046,41.59722222222222,1033.611111111111,35.64176245210728,3
279,4,0,0,30,0.0,0.0,1.0,30,800,500,300,0.625,11,5,6,413.986618881199,0.7794540229885057,0.06735224268494844,0.25642351855597334,133436.3450038581,5048.172260802479,138484.51726466056,278,39,183.23333333333332,29,1,21,31.00817202132903,0.6720545977011494,41.70138888888889,1033.194444444445,35.627394636015346,0
280,4,1,0,31,0.03225806451612903,0.0,1.0,31,1050,700,350,0.6666666666666666,14,7,7,399.1147206858192,0.785573476702509,0.057347670250896154,0.2503537793392866,133903.125,4488.5464891975325,138391.67148919753,279,0,178.29032258064515,29,2,20,30.92290660225443,0.6767241379310345,41.25,1035.0,35.689655172413794,0
281,4,0,0,31,0.0,0.0,1.0,31,450,400,50,0.8888888888888888,5,4,1,397.64752176837544,0.7861111111111111,0.057227442510701554,0.24967708338160935,133939.06491126557,4452.107445987672,138391.17235725324,280,1,179.29032258064515,29,2,20,30.92476743145936,0.6770833333333333,41.215277777777786,1035.1388888888898,35.69444444444448,0
282,4,0,0,31,0.0,0.0,1.0,31,1100,700,400,0.6363636363636364,15,7,8,397.27542621625605,0.7847670250896057,0.05844341214024329,0.2506666775567543,134118.8368055555,4456.423611111105,138575.2604166666,281,2,180.29032258064515,29,2,20,30.753888441941537,0.6788793103448276,41.041666666666664,1035.833333333333,35.71839080459769,0
283,4,0,0,31,0.0,0.0,1.0,31,900,600,300,0.6666666666666666,12,6,6,395.6561333468613,0.7828853046594982,0.059139064546385844,0.25087355337023176,134298.72926311733,4427.223186728399,138725.95244984573,282,3,181.29032258064515,29,2,20,30.615341239001296,0.6806752873563218,40.86805555555556,1036.527777777778,35.742337164750964,0
284,4,0,0,31,0.0,0.0,1.0,31,750,300,450,0.4,12,3,9,395.06966809227964,0.782347670250896,0.051778816657017,0.2512427718890088,134406.72260802487,4420.003858024716,138826.7264660496,283,4,182.29032258064515,29,2,20,30.52225645146888,0.6817528735632183,40.7638888888889,1036.944444444446,35.75670498084296,0
285,4,0,0,31,0.0,0.0,1.0,31,300,300,0,1.0,3,3,0,394.09884003879836,0.782437275985663,0.04803068987415604,0.25087263755922473,134442.73003472216,4396.744791666662,138839.47482638882,284,5,183.29032258064515,29,2,20,30.51133319941075,0.6821120689655171,40.729166666666664,1037.083333333333,35.761494252873554,0
286,4,0,0,31,0.0,0.0,1.0,31,1100,800,300,0.7272727272727273,14,8,6,394.0613302332464,0.782078853046595,0.05375336336427128,0.2513444983357914,134514.75935570995,4401.413001543225,138916.17235725318,285,6,184.29032258064515,29,2,20,30.440124737805164,0.6828304597701148,40.65972222222223,1037.3611111111118,35.77107279693489,0
287,4,0,0,31,0.0,0.0,1.0,31,1100,800,300,0.7272727272727273,14,8,6,395.2931175266493,0.7788530465949821,0.049670946164634966,0.2536322792713912,134730.96305941377,4451.644483024717,139182.6075424385,286,7,185.29032258064515,29,2,20,30.191610925306566,0.6849856321839078,40.4513888888889,1038.194444444446,35.799808429118826,0
288,4,0,0,31,0.0,0.0,1.0,31,700,400,300,0.5714285714285714,10,4,6,394.8174825331223,0.7770609318996415,0.0574770648137366,0.25433591316668597,134875.19531250012,4450.217013888904,139325.41232638902,287,8,186.29032258064515,29,2,20,30.059583500467983,0.6864224137931034,40.31250000000001,1038.750000000001,35.81896551724141,0
289,4,0,0,31,0.0,0.0,1.0,31,1000,700,300,0.7,13,7,6,394.9927078269325,0.7768817204301075,0.05658099016732776,0.2547021943573669,134911.26543209888,4457.79320987656,139369.05864197545,288,9,187.29032258064515,29,2,20,30.018939393939394,0.6867816091954022,40.277777777777786,1038.8888888888898,35.823754789272066,0
290,4,0,0,31,0.0,0.0,1.0,31,1300,800,500,0.6153846153846154,18,8,10,394.61772858170815,0.774641577060932,0.06256788676057279,0.2554774291267737,135055.59413580244,4459.066358024685,139514.66049382713,289,10,188.29032258064515,29,2,20,29.88430874755032,0.6882183908045978,40.138888888888886,1039.4444444444443,35.842911877394634,0
291,4,0,0,31,0.0,0.0,1.0,31,1000,700,300,0.7,13,7,6,400.3688247555268,0.7742831541218638,0.11963163483801331,0.24165584113094177,132469.4830246913,4407.330246913574,136876.81327160486,290,11,189.29032258064515,29,2,23,32.334952329555676,0.6623563218390804,42.638888888888886,1029.4444444444441,35.49808429118773,7
292,4,0,0,31,0.0,0.0,1.0,31,750,400,350,0.5333333333333333,11,4,7,401.242220024394,0.7729390681003584,0.11441301112977187,0.2426435415384061,132540.98186728402,4436.207561728407,136977.18942901242,291,12,190.29032258064515,29,2,23,32.24024368312203,0.6630747126436781,42.56944444444445,1029.7222222222229,35.507662835249064,0
293,4,0,2,29,0.0,0.06451612903225806,0.935483870967742,31,650,400,250,0.6153846153846154,9,4,5,403.46220983235963,0.7735663082437276,0.1127183346747005,0.24421814578832193,132576.73852237643,4497.940779320972,137074.6793016974,292,13,191.29032258064515,29,2,23,32.14697122948977,0.663433908045977,42.534722222222214,1029.8611111111102,35.512452107279664,0
294,4,0,0,29,0.0,0.0,1.0,29,650,400,250,0.6153846153846154,9,4,5,412.64057553836966,0.7687807881773399,0.11036214835236224,0.24956919872434535,132545.91353299632,5138.764409102907,137684.67794209922,293,14,191.79310344827587,28,1,23,31.94182828705641,0.6662946428571429,42.56465517241379,1029.741379310344,36.776477832512285,0
295,4,0,0,29,0.0,0.0,1.0,29,750,400,350,0.5333333333333333,11,4,7,411.10430295143465,0.7692939244663383,0.1105564372625405,0.24937545280556547,132656.9002675386,5107.1645032368815,137764.06477077547,294,15,192.79310344827587,28,1,21,31.869188749418875,0.6674107142857143,42.456896551724135,1030.172413793103,36.79187192118225,0
296,4,0,0,29,0.0,0.0,1.0,29,550,300,250,0.5454545454545454,8,3,5,410.77313155741933,0.7687807881773399,0.11353879730983518,0.24991311897042995,132767.93344976223,5107.499958713174,137875.4334084754,295,16,193.79310344827587,28,1,21,31.76553278498071,0.6685267857142858,42.349137931034484,1030.6034482758623,36.80726600985223,0
297,4,0,0,29,0.0,0.0,1.0,29,1000,800,200,0.8,12,8,4,411.6440407701132,0.7666256157635468,0.1165186637450506,0.2511868738576811,132879.01307966694,5139.770775531756,138018.7838551987,296,17,194.79310344827587,28,1,21,31.63089929394277,0.6696428571428572,42.24137931034482,1031.0344827586198,36.822660098522135,0
298,4,0,0,29,0.0,0.0,1.0,29,600,500,100,0.8333333333333334,7,5,2,412.4085740860814,0.7678571428571428,0.12311771402221994,0.25240248536777316,132990.1391572533,5169.254731470476,138159.39388872377,297,18,195.79310344827587,28,1,21,31.49899011004318,0.6707589285714286,42.133620689655174,1031.4655172413795,36.83805418719213,0
299,4,0,0,29,0.0,0.0,1.0,29,600,400,200,0.6666666666666666,8,4,4,412.7485820252793,0.7671387520525451,0.12327346076265489,0.25286133267418975,133027.19150482223,5181.356932884126,138208.54843770637,298,19,196.79310344827587,28,1,21,31.452820334261848,0.6711309523809523,42.09770114942528,1031.6091954022984,36.84318555008208,0
300,4,0,0,29,0.0,0.0,1.0,29,550,300,250,0.5454545454545454,8,3,5,413.40292829328564,0.7667282430213465,0.1220366004158484,0.2535137854888202,133064.2490132448,5201.830038644466,138266.07905188925,299,20,197.79310344827587,28,1,21,31.398540129044235,0.6715029761904763,42.0617816091954,1031.7528735632181,36.848316912972074,0
301,4,0,0,29,0.0,0.0,1.0,29,800,500,300,0.625,11,5,6,417.77658275962773,0.7644704433497537,0.12176874010838779,0.25850375473680937,133397.99882745414,5346.112019421329,138744.11084687547,300,21,198.79310344827587,28,1,22,30.94894529439035,0.6748511904761905,41.73850574712644,1033.0459770114946,36.89449917898195,0
302,4,0,0,29,0.0,0.0,1.0,29,1050,600,450,0.5714285714285714,15,6,9,415.9448816311186,0.7625205254515599,0.11961117022806333,0.25840306376979855,133546.4662604043,5309.593820187609,138856.0600805919,301,22,199.79310344827587,28,1,22,30.84659670095449,0.6763392857142857,41.5948275862069,1033.6206896551726,36.91502463054188,0
303,4,0,0,29,0.0,0.0,1.0,29,900,600,300,0.6666666666666666,12,6,6,416.2602223890055,0.7622126436781609,0.1196450135132543,0.2591183875701803,133620.7309420003,5324.199035539708,138944.92997753998,302,23,200.79310344827587,28,1,22,30.763618677042803,0.6770833333333333,41.52298850574713,1033.9080459770119,36.92528735632185,0
304,4,0,1,28,0.0,0.034482758620689655,0.9655172413793104,29,400,100,300,0.25,7,1,6,414.58098522474,0.7599548440065681,0.11384388383746424,0.25859219511678344,133695.01626701024,5285.48231272296,138980.4985797332,303,24,201.79310344827587,28,1,22,30.73220570528851,0.6778273809523809,41.45114942528736,1034.1954022988511,36.93555008210183,0
305,4,0,0,28,0.0,0.0,1.0,28,550,400,150,0.7272727272727273,7,4,3,415.5738694576633,0.7576058201058201,0.10790306342585909,0.260079668257348,133818.42857585757,5522.288433602629,139340.7170094602,304,25,200.60714285714286,27,1,20,30.58227264010739,0.6824845679012345,41.33184523809525,1034.6726190476202,38.32120811287482,0
306,4,0,0,28,0.0,0.0,1.0,28,500,400,100,0.8,6,4,2,418.75340137197054,0.7570546737213404,0.11110711718188337,0.262617665152575,133895.42421786432,5613.832863874727,139509.25708173905,305,26,201.60714285714286,27,1,20,30.42250778816199,0.6832561728395061,41.25744047619048,1034.9702380952388,38.3322310405644,0
307,4,0,0,28,0.0,0.0,1.0,28,750,400,350,0.5333333333333333,11,4,7,418.75340137197054,0.7570546737213404,0.11110711718188337,0.262617665152575,133895.42421786432,5613.832863874727,139509.25708173905,306,27,202.60714285714286,27,1,20,30.42250778816199,0.6832561728395061,41.25744047619048,1034.9702380952388,38.3322310405644,0
308,4,0,0,28,0.0,0.0,1.0,28,700,600,100,0.8571428571428571,8,6,2,419.93746716027994,0.7552910052910052,0.11718413109098758,0.26391192041861483,133972.4420041454,5652.009592899661,139624.4515970451,307,28,203.60714285714286,27,1,20,30.314341670260177,0.6840277777777778,41.183035714285715,1035.267857142857,38.34325396825397,0
309,4,0,0,28,0.0,0.0,1.0,28,800,600,200,0.75,10,6,4,419.7770692344325,0.7548500881834215,0.11406092829429526,0.26436458143008257,134049.4819347008,5654.179731788527,139703.66166648932,308,29,204.60714285714286,27,1,21,30.240964937491015,0.6847993827160495,41.10863095238094,1035.565476190475,38.35427689594352,0
310,4,0,0,28,0.0,0.0,1.0,28,350,200,150,0.5714285714285714,5,2,3,418.0605099748976,0.7542438271604938,0.1123563218390804,0.26355988672330494,134088.01020408163,5611.380385487524,139699.39058956914,309,30,205.60714285714286,27,1,21,30.246647509578537,0.6851851851851852,41.07142857142857,1035.7142857142856,38.359788359788354,0
311,4,0,0,28,0.0,0.0,1.0,28,650,400,250,0.6153846153846154,9,4,5,416.98014143734014,0.7542989417989417,0.10950294497916957,0.2631549197230573,134126.54400953077,5585.621058319142,139712.1650678499,310,31,206.60714285714286,27,1,21,30.235867691423653,0.685570987654321,41.03422619047618,1035.8630952380943,38.36529982363312,0
312,4,0,0,28,0.0,0.0,1.0,28,650,500,150,0.7692307692307693,8,5,3,418.01942435147197,0.7549603174603174,0.11327732299296267,0.26436596292091713,134203.62822863512,5619.944683602597,139823.57291223772,311,32,207.60714285714286,27,1,21,30.13143879553832,0.6863425925925926,40.95982142857142,1036.1607142857138,38.37632275132273,0
313,4,0,0,28,0.0,0.0,1.0,28,1400,1300,100,0.9285714285714286,15,13,2,419.0096209691675,0.7525903880070546,0.11762383345297889,0.2655506833530709,134280.7345920138,5652.983940972202,139933.71853298598,312,33,208.60714285714286,27,1,21,30.028266331658287,0.6871141975308642,40.88541666666666,1036.4583333333323,38.387345679012306,0
314,4,0,0,28,0.0,0.0,1.0,28,600,400,200,0.6666666666666666,8,4,4,418.0125836313083,0.7506062610229276,0.11967130759293854,0.2654780009261003,134357.86309966675,5632.655497094642,139990.5185967614,313,34,209.60714285714286,27,1,21,29.976586048514427,0.6878858024691359,40.81101190476189,1036.7559523809507,38.39836860670188,0
315,4,0,0,28,0.0,0.0,1.0,28,1150,800,350,0.6956521739130435,15,8,7,415.44533183147627,0.7491181657848324,0.12324347576713524,0.26580878387089124,134627.98726261331,5586.1137684240275,140214.10103103734,314,35,210.60714285714286,27,1,21,29.77189083261638,0.6905864197530864,40.550595238095234,1037.7976190476186,38.436948853615505,0
316,4,0,0,28,0.0,0.0,1.0,28,900,700,200,0.7777777777777778,11,7,4,414.2725600115205,0.7506613756613756,0.12216967612496421,0.2661872857974577,134782.46572066325,5567.335423752836,140349.8011444161,315,36,211.60714285714286,27,1,18,29.647344033629505,0.6921296296296295,40.401785714285715,1038.392857142857,38.45899470899471,0
317,4,0,0,28,0.0,0.0,1.0,28,450,400,50,0.8888888888888888,5,4,1,415.8435564590658,0.7489528218694885,0.11649477152270427,0.26805206534078846,134898.38269292092,5619.324643920064,140517.70733684098,316,37,212.60714285714286,27,1,18,29.49031299240796,0.6932870370370371,40.29017857142857,1038.8392857142856,38.475529100529094,0
318,4,0,0,28,0.0,0.0,1.0,28,850,600,250,0.7058823529411765,11,6,5,438.2312115804084,0.7489528218694885,0.13704994192799047,0.25667828106852497,131328.125,5910.416666666668,137238.54166666666,317,38,213.60714285714286,27,1,19,32.52032520325203,0.6574074074074074,43.75,1025.0,37.96296296296296,7
319,4,0,0,28,0.0,0.0,1.0,28,1050,800,250,0.7619047619047619,13,8,5,442.95191077385584,0.7485670194003526,0.1412097476066143,0.2610008951175183,131557.01929209186,6054.686614229027,137611.7059063209,318,39,214.60714285714286,27,1,17,32.16625568126873,0.6597222222222222,43.526785714285715,1025.8928571428573,37.996031746031754,0
320,4,0,0,28,0.0,0.0,1.0,28,850,600,250,0.7058823529411765,11,6,5,444.3141994282974,0.7476851851851851,0.14356148491879317,0.26232797253917295,131633.3616780046,6097.314342403637,137730.67602040825,319,40,215.60714285714286,27,1,18,32.05360595514307,0.6604938271604939,43.452380952380956,1026.1904761904768,38.00705467372136,0
321,4,0,0,28,0.0,0.0,1.0,28,750,600,150,0.8,9,6,3,446.6245796676543,0.7466380070546736,0.1415470494417861,0.26395627471875,131671.54117506376,6161.549346301016,137833.09052136476,320,41,216.60714285714286,27,1,18,31.955469769464983,0.6608796296296295,43.41517857142857,1026.3392857142856,38.01256613756613,0
322,4,0,0,28,0.0,0.0,1.0,28,1050,800,250,0.7619047619047619,13,8,5,445.7948808676442,0.7465828924162257,0.14394378441031597,0.26479141719005833,131862.5217013888,6156.7274305555375,138019.24913194432,321,42,217.60714285714286,27,1,19,31.782454361054764,0.6628086419753088,43.22916666666666,1027.0833333333323,38.040123456790084,0
323,4,1,0,29,0.034482758620689655,0.0,1.0,29,900,400,500,0.4444444444444444,14,4,10,430.5893230548362,0.7509236453201971,0.136910036601811,0.2586425799557571,132287.125115603,5592.284730479571,137879.40984608256,322,0,211.06896551724137,28,1,20,31.742027467411546,0.6636904761904763,42.81609195402298,1028.735632183907,36.740558292282394,0
324,4,1,0,30,0.03333333333333333,0.0,1.0,30,650,500,150,0.7692307692307693,8,5,3,422.0964207450697,0.764176245210728,0.11522522522522527,0.25189625108979946,132040.89506172828,5146.797839506163,137187.69290123443,323,0,205.0,29,1,19,32.21002252252253,0.6580459770114944,43.05555555555555,1027.777777777777,35.440613026819896,2
325,4,0,0,30,0.0,0.0,1.0,30,750,500,250,0.6666666666666666,10,5,5,423.8899043694493,0.7630268199233716,0.11552733495451672,0.253443705342703,132112.27816358022,5200.212191358016,137312.49035493823,324,1,206.0,29,1,19,32.091551832837965,0.6587643678160919,42.98611111111111,1028.0555555555552,35.450191570881216,0
326,4,0,1,29,0.0,0.03333333333333333,0.9666666666666667,30,850,700,150,0.8235294117647058,10,7,3,416.5054660412483,0.7611111111111112,0.10694932037087024,0.24997078456251884,132255.10223765424,5016.994598765416,137272.09683641966,325,2,207.0,29,1,19,32.136668467008725,0.6602011494252873,42.847222222222214,1028.6111111111104,35.469348659003806,0
327,4,0,0,29,0.0,0.0,1.0,29,700,400,300,0.5714285714285714,10,4,6,417.8191505804693,0.7573891625615763,0.08110838774861073,0.24291504558984392,131043.55709876552,5150.501543209893,136194.05864197543,326,3,215.0344827586207,29,0,18,33.33276813166938,0.6479885057471264,44.027777777777786,1023.8888888888896,35.30651340996171,5
328,4,0,0,29,0.0,0.0,1.0,29,800,700,100,0.875,9,7,2,417.2887256105997,0.7586206896551724,0.08080581352936211,0.24305585013053424,131114.67013888893,5142.534722222228,136257.20486111115,327,4,216.0344827586207,29,0,18,33.27400325467859,0.6487068965517242,43.958333333333336,1024.166666666667,35.316091954023,0
329,4,0,0,29,0.0,0.0,1.0,29,400,300,100,0.75,5,3,2,416.71323069249627,0.75933908045977,0.08835739397112707,0.2431706320876467,131185.80246913584,5133.371913580254,136319.1743827161,328,5,217.0344827586207,29,0,19,33.21640003615329,0.6494252873563218,43.88888888888889,1024.4444444444448,35.32567049808431,0
330,4,0,0,29,0.0,0.0,1.0,29,650,400,250,0.6153846153846154,9,4,5,417.07012491646253,0.7597495894909688,0.0875040316360729,0.24360461690488858,131221.3758680555,5145.7031249999945,136367.0789930555,329,6,218.0344827586207,29,0,19,33.171089196150184,0.6497844827586207,43.854166666666664,1024.583333333333,35.330459770114935,0
331,4,0,0,29,0.0,0.0,1.0,29,900,800,100,0.8888888888888888,10,8,2,418.07125388327074,0.7579022988505747,0.09251471825063096,0.2448703058459156,131328.12499999997,5180.902777777777,136509.02777777775,330,7,219.0344827586207,29,0,20,33.036924119241206,0.6508620689655172,43.75,1024.9999999999998,35.34482758620689,0
332,4,0,0,29,0.0,0.0,1.0,29,800,500,300,0.625,11,5,6,437.9456723487038,0.7560550082101806,0.11160809578328457,0.25023455297866454,130372.61362135028,5623.564663429783,135996.17828478006,331,8,220.0344827586207,28,1,18,33.5024502907522,0.644345238095238,44.68390804597701,1021.2643678160922,36.47372742200329,4
333,4,0,0,29,0.0,0.0,1.0,29,700,500,200,0.7142857142857143,9,5,4,439.94505080846875,0.7552339901477833,0.1090725728249482,0.25232977430240583,130519.3882943587,5684.271782930389,136203.6600772891,332,9,221.0344827586207,28,1,17,33.30140373078364,0.6458333333333333,44.54022988505748,1021.8390804597711,36.494252873563255,0
334,4,0,0,29,0.0,0.0,1.0,29,750,700,50,0.9333333333333333,8,7,1,439.98796994857605,0.7534893267651888,0.10836746068286973,0.25307311286856254,130629.5234880764,5695.083770973717,136324.60725905013,333,10,222.0344827586207,28,1,17,33.187807449051306,0.6469494047619048,44.43247126436782,1022.2701149425291,36.509646962233184,0
335,4,2,2,29,0.06451612903225806,0.06451612903225806,0.935483870967742,31,350,100,250,0.2857142857142857,6,1,5,418.0947681566389,0.7805555555555556,0.07498369735516053,0.2431332781539905,131052.7318909701,4758.4923112498645,135811.22420221995,334,0,208.6451612903226,30,1,17,33.316377876958086,0.6451388888888889,44.01881720430108,1023.9247311827961,34.13082437275987,0
336,4,0,0,29,0.0,0.0,1.0,29,450,400,50,0.8888888888888888,5,4,1,439.0927537907909,0.7528735632183908,0.10485355972941002,0.25279806116304754,130666.24554102254,5674.920316422244,136341.16585744478,335,12,224.0344827586207,28,1,17,33.1731895259509,0.6473214285714286,44.39655172413793,1022.4137931034479,36.51477832512314,0
337,4,0,0,29,0.0,0.0,1.0,29,750,600,150,0.8,9,6,3,435.27638023536304,0.7535919540229885,0.10513414267859034,0.2510775749202037,130739.70512947548,5581.581120359362,136321.28624983484,336,13,225.0344827586207,28,1,17,33.19577128406856,0.648065476190476,44.32471264367816,1022.7011494252873,36.52504105090312,0
338,4,0,1,28,0.0,0.034482758620689655,0.9655172413793104,29,850,700,150,0.8235294117647058,10,7,3,434.7781672949982,0.7541050903119868,0.10358870557699684,0.25150733788039664,130849.933218556,5578.138831087338,136428.07204964335,337,14,226.0344827586207,28,1,17,33.09606562748678,0.6491815476190477,44.21695402298851,1023.1321839080464,36.540435139573084,0
339,4,0,0,28,0.0,0.0,1.0,28,700,500,200,0.7142857142857143,9,5,4,443.9957075575618,0.7490630511463844,0.08620044876589383,0.25697933376816445,130870.93431122445,6021.226615646254,136892.1609268707,338,15,223.5,27,1,17,32.8388598022106,0.6527777777777778,44.19642857142857,1023.2142857142853,37.896825396825385,0
340,4,0,0,28,0.0,0.0,1.0,28,700,500,200,0.7142857142857143,9,5,4,441.7968884232813,0.7472442680776014,0.08839335846635099,0.2562997583980013,130960.20775531766,5971.562458713159,136931.7702140308,339,16,224.5,28,0,17,32.804019277559426,0.6502976190476191,44.109195402298845,1023.563218390804,36.555829228243,0
341,4,0,0,28,0.0,0.0,1.0,28,800,600,200,0.75,10,6,4,441.44180265426417,0.7474647266313933,0.09243815404354283,0.2565835469587508,131033.74991742629,5968.754954419336,137002.50487184562,340,17,225.5,28,0,18,32.738095238095234,0.6510416666666667,44.03735632183908,1023.8505747126433,36.56609195402297,0
342,4,1,0,29,0.034482758620689655,0.0,1.0,29,1000,700,300,0.7,13,7,6,417.60420230718165,0.7569786535303776,0.10460113786542391,0.2396826615114074,130546.305941358,5103.337191358018,135649.643132716,341,0,218.68965517241378,29,0,18,33.84468152577693,0.6429597701149425,44.513888888888886,1021.9444444444442,35.23946360153256,2
343,4,0,0,29,0.0,0.0,1.0,29,650,300,350,0.46153846153846156,10,3,7,417.72507088846874,0.756876026272578,0.10232383808095924,0.2401919157608695,130617.28395061727,5112.422839506169,135729.70679012345,342,1,219.68965517241378,29,0,19,33.7692481884058,0.6436781609195403,44.44444444444444,1022.2222222222222,35.24904214559387,0
344,4,0,0,29,0.0,0.0,1.0,29,950,800,150,0.8421052631578947,11,8,3,417.1357708818628,0.7563628899835796,0.10285810639912296,0.2402937046347632,130688.28125,5102.951388888889,135791.23263888888,343,2,220.68965517241378,29,0,19,33.71196685683237,0.6443965517241379,44.375,1022.5,35.258620689655174,0
345,4,1,1,29,0.03333333333333333,0.03333333333333333,0.9666666666666667,30,600,300,300,0.5,9,3,6,405.1499965795141,0.7692528735632184,0.07950805322128818,0.2351846321607911,130983.92877789341,4613.627659266966,135597.55643716038,344,0,214.3,30,0,19,33.717666754201666,0.6444444444444444,44.086021505376344,1023.6559139784947,34.121863799283155,0
346,4,0,0,29,0.0,0.0,1.0,29,900,500,400,0.5555555555555556,13,5,8,417.28925574334465,0.7548234811165846,0.09043123341274928,0.24149017651698496,130865.85889274685,5121.783371913573,135987.64226466042,345,4,222.68965517241378,29,0,20,33.527187683815214,0.6461925287356323,44.201388888888886,1023.194444444444,35.282567049808414,0
347,4,0,0,29,0.0,0.0,1.0,29,550,400,150,0.7272727272727273,7,4,3,416.20977109916475,0.7540024630541872,0.08872209301781453,0.24130997665064877,130936.9237075617,5099.4454089506135,136036.3691165123,346,5,223.68965517241378,29,0,20,33.48246596100782,0.64691091954023,44.13194444444444,1023.4722222222221,35.292145593869726,0
348,4,1,1,29,0.03333333333333333,0.03333333333333333,0.9666666666666667,30,550,300,250,0.5454545454545454,8,3,5,405.6606876831214,0.7629310344827587,0.08593039524309187,0.23717462292148128,131259.24962423395,4649.343493467444,135908.5931177014,347,0,217.2,30,0,20,33.42487539349422,0.6472222222222221,43.817204301075265,1024.7311827956985,34.15770609318995,0
349,4,0,0,29,0.0,0.0,1.0,29,750,500,250,0.6666666666666666,10,5,5,383.6532153165849,0.752155172413793,0.08829076346364273,0.23003660400156378,132219.38898533958,4345.278742283964,136564.66772762354,348,7,225.68965517241378,29,0,22,33.017527571460725,0.6598419540229885,42.88194444444445,1028.4722222222229,35.4645593869732,5
350,4,1,1,29,0.03333333333333333,0.03333333333333333,0.9666666666666667,30,750,500,250,0.6666666666666666,10,5,5,375.4088302686545,0.7633620689655173,0.07458991428447126,0.2269934529351352,132536.36845661353,3951.064610070538,136487.43306668408,349,0,219.13333333333333,30,0,22,32.90992255145109,0.6600694444444444,42.5739247311828,1029.704301075269,34.32347670250897,0
351,4,0,0,29,0.0,0.0,1.0,29,800,700,100,0.875,9,7,2,387.59072451173097,0.7510262725779967,0.08709083127081896,0.23394319626066365,132469.4830246913,4468.788580246908,136938.2716049382,350,9,227.68965517241378,29,0,22,32.66381093721893,0.6623563218390804,42.638888888888886,1029.4444444444441,35.49808429118773,0
352,4,0,0,29,0.0,0.0,1.0,29,750,500,250,0.6666666666666666,10,5,5,386.1787449418198,0.7508210180623973,0.08316046994037407,0.23353419371930256,132540.98186728382,4436.9020061728215,136977.88387345662,351,10,228.68965517241378,29,0,22,32.62802355903246,0.6630747126436782,42.569444444444436,1029.7222222222213,35.50766283524901,0
353,4,0,0,29,0.0,0.0,1.0,29,600,400,200,0.6666666666666666,8,4,4,387.90542168075706,0.7486658456486043,0.08284788440349056,0.23524893807082367,132648.26630015412,4490.996334876515,137139.26263503064,352,11,229.68965517241378,29,0,19,32.475366275673,0.6641522988505748,42.465277777777764,1030.1388888888873,35.52203065134094,0
354,4,0,0,29,0.0,0.0,1.0,29,600,400,200,0.6666666666666666,8,4,4,386.912329901701,0.7492816091954023,0.07640115252346869,0.23531881048119818,132755.59413580233,4472.955246913558,137228.5493827159,353,12,230.68965517241378,29,0,19,32.39274483378257,0.6652298850574714,42.3611111111111,1030.5555555555543,35.5363984674329,0
355,4,0,0,29,0.0,0.0,1.0,29,1050,800,250,0.7619047619047619,13,8,5,386.9570846648336,0.7459975369458128,0.08165502378121303,0.23624748326905612,132898.76543209865,4485.2237654320825,137383.98919753073,354,13,231.68965517241378,29,0,20,32.24732848419541,0.6666666666666667,42.222222222222214,1031.1111111111102,35.55555555555552,0
356,4,0,0,29,0.0,0.0,1.0,29,700,400,300,0.5714285714285714,10,4,6,387.1033568003266,0.7451765188834154,0.0824799721351448,0.23656316248908837,132934.57031249988,4491.883680555541,137426.45399305542,355,14,232.68965517241378,29,0,20,32.207491582491585,0.6670258620689656,42.18749999999999,1031.249999999999,35.56034482758618,0
357,4,1,0,30,0.03333333333333333,0.0,1.0,30,500,300,200,0.6,7,3,4,375.6951226128473,0.7584291187739464,0.07561631944444436,0.23119699853098288,133194.588969823,4008.1114868770856,137202.70045670008,356,0,225.9,30,0,21,32.24012586805556,0.6666666666666667,41.93548387096774,1032.2580645161283,34.40860215053761,0
358,4,0,0,30,0.0,0.0,1.0,30,600,500,100,0.8333333333333334,7,5,2,377.1446513029539,0.7578065134099617,0.07412663281690768,0.23230537824041592,133229.27731890956,4049.3418675569233,137278.61918646647,357,1,226.9,30,0,21,32.16784923838043,0.6670138888888889,41.9018817204301,1032.3924731182783,34.413082437275946,0
359,4,0,0,30,0.0,0.0,1.0,30,850,600,250,0.7058823529411765,11,6,5,376.6434456259798,0.7568486590038315,0.07892864888310558,0.23286443118549097,133368.0758794368,4046.4423271476303,137414.51820658444,358,2,227.9,30,0,21,32.04131424853611,0.6684027777777779,41.76747311827956,1032.9301075268806,34.43100358422935,0
360,4,0,0,30,0.0,0.0,1.0,30,550,400,150,0.7272727272727273,7,4,3,359.7855733121348,0.756896551724138,0.01974694589877779,0.21341318168514825,131810.7584691872,3484.721860908766,135295.48033009595,359,3,228.9,30,0,22,34.043139179755656,0.6527777777777779,43.27956989247311,1026.8817204301074,34.22939068100358,4
361,4,1,1,30,0.03225806451612903,0.03225806451612903,0.967741935483871,31,600,500,100,0.8333333333333334,7,5,2,349.3218665985361,0.7669354838709678,0.015951296247114666,0.20877336387550652,132096.66146172408,3028.8504706488625,135125.51193237296,360,0,222.48387096774192,31,0,22,34.02377559636901,0.6528897849462366,43.00130208333333,1027.9947916666658,33.16112231182793,0
362,4,0,0,30,0.0,0.0,1.0,30,1150,800,350,0.6956521739130435,15,8,7,359.45088899787265,0.7554597701149426,0.023521716378859248,0.21399085634733167,131948.81633714875,3485.823866921023,135434.64020406976,361,5,230.9,30,0,22,33.91249127856271,0.6541666666666666,43.14516129032258,1027.419354838709,34.24731182795697,0
363,4,0,0,30,0.0,0.0,1.0,30,1050,700,350,0.6666666666666666,14,7,7,358.8892867208122,0.753735632183908,0.023785857528990872,0.2140458257618822,132017.87236963812,3475.9600098277274,135493.83237946584,362,6,231.9,30,0,22,33.857300113349034,0.6548611111111111,43.07795698924731,1027.6881720430108,34.25627240143369,0
364,4,0,0,30,0.0,0.0,1.0,30,700,500,200,0.7142857142857143,9,5,4,359.92741833126195,0.7539272030651342,0.027562761506276345,0.21505663245292891,132086.9464677997,3508.342727482942,135595.28919528262,363,7,232.9,30,0,22,33.76100505578802,0.6555555555555556,43.01075268817204,1027.9569892473114,34.26523297491038,0
365,4,0,0,30,0.0,0.0,1.0,30,750,600,150,0.8,9,6,3,360.0871512067902,0.7523467432950192,0.0263364266109003,0.21574211385146055,132190.5914881778,3520.0267010637017,135710.6181892415,364,8,233.9,30,0,22,33.65246373023135,0.6565972222222223,42.909946236559136,1028.360215053763,34.27867383512544,0
366,4,0,0,30,0.0,0.0,1.0,30,750,600,150,0.8,9,6,3,360.1482022751851,0.749808429118774,0.022140928490549605,0.2163716122617164,132294.2771563187,3529.109217828658,135823.38637414738,365,9,234.9,30,0,23,33.54645719014022,0.6576388888888889,42.80913978494624,1028.7634408602155,34.292114695340516,0
367,4,0,0,30,0.0,0.0,1.0,30,750,400,350,0.5333333333333333,11,4,7,360.3527983324763,0.7501915708812261,0.01862591431556937,0.2168915899397358,132363.42351716972,3539.5060122557693,135902.92952942548,366,10,235.9,30,0,23,33.4715691396726,0.6583333333333332,42.741935483870975,1029.032258064517,34.301075268817236,0
368,4,0,0,30,0.0,0.0,1.0,30,700,300,400,0.42857142857142855,11,3,8,361.35815467942354,0.7483716475095785,0.00863134081614847,0.2186987504860779,132570.97099375664,3581.1202884726677,136152.09128222932,367,11,236.9,30,0,24,33.23680718698338,0.6604166666666667,42.54032258064517,1029.8387096774204,34.32795698924735,0
369,4,0,0,30,0.0,0.0,1.0,30,800,600,200,0.75,10,6,4,362.0416032879913,0.7472222222222222,0.010516701461377842,0.21951636452525056,132640.18961729683,3604.25338189387,136244.4429991907,368,12,237.9,30,0,19,33.14957376478775,0.6611111111111111,42.473118279569896,1030.1075268817208,34.336917562724025,0
370,4,0,0,30,0.0,0.0,1.0,30,600,400,200,0.6666666666666666,8,4,4,362.6218370133082,0.7475095785440613,0.008355068683706834,0.2206812893823848,132778.6810613944,3629.689848537399,136408.3709099318,369,13,238.9,30,0,20,32.99534863501999,0.6624999999999999,42.33870967741935,1030.6451612903227,34.35483870967742,0
371,4,1,0,31,0.03225806451612903,0.0,1.0,31,800,600,200,0.75,10,6,4,352.6284511552043,0.7568100358422939,0.01692866764060752,0.2168569225994806,133169.65950859926,3191.88215467666,136361.54166327592,370,0,232.16129032258064,31,0,21,32.860398006812154,0.6636424731182795,41.95963541666667,1032.1614583333342,33.295530913978524,0
372,4,0,0,31,0.0,0.0,1.0,31,600,300,300,0.5,9,3,6,352.5472949787236,0.7558243727598566,0.019270206047979688,0.21700271386578582,133203.26063368065,3192.0898437500055,136395.35047743065,371,1,233.16129032258064,31,0,21,32.82879246552302,0.663978494623656,41.927083333333336,1032.2916666666674,33.299731182795725,0
373,4,0,0,31,0.0,0.0,1.0,31,700,300,400,0.42857142857142855,11,3,8,352.3535856779606,0.7550179211469534,0.01874466094455496,0.21727557810468354,133270.47559950096,3191.6659884982746,136462.14158799924,372,2,234.16129032258064,31,0,21,32.76639344262295,0.6646505376344085,41.86197916666667,1032.5520833333342,33.30813172043013,0
374,4,0,0,31,0.0,0.0,1.0,31,700,400,300,0.5714285714285714,10,4,6,352.7690869109569,0.7543010752688172,0.01847965773591631,0.21792557611975957,133337.70751953137,3207.48426649307,136545.19178602443,373,3,235.16129032258064,31,0,22,32.688266935619424,0.6653225806451613,41.79687500000001,1032.812500000001,33.31653225806455,0
375,4,0,0,31,0.0,0.0,1.0,31,500,400,100,0.8,6,4,2,354.597767993695,0.7527777777777778,0.011184854926091115,0.22005023335152119,133505.86149427618,3268.1760999891385,136774.0375942653,374,4,236.16129032258064,31,0,23,32.472517953886864,0.667002688172043,41.63411458333333,1033.463541666666,33.337533602150515,0
376,4,0,0,31,0.0,0.0,1.0,31,950,800,150,0.8421052631578947,11,8,3,355.63197533135815,0.7519713261648745,0.009880555781262679,0.22129450502593895,133606.8047417533,3302.9703776041415,136909.77511935742,375,5,237.16129032258064,31,0,23,32.34466834592781,0.6680107526881722,41.53645833333332,1033.8541666666652,33.3501344086021,0
377,4,0,0,31,0.0,0.0,1.0,31,750,600,150,0.8,9,6,3,377.3170336705458,0.7525089605734767,-0.0237992105069591,0.22530564779086895,132063.20020887582,3765.9389919704813,135829.1392008463,376,6,238.16129032258064,31,0,19,33.33808377670805,0.6525537634408602,43.033854166666664,1027.864583333333,33.156922043010745,5
378,4,0,0,31,0.0,0.0,1.0,31,800,600,200,0.75,10,6,4,381.68239561625785,0.7517921146953405,-0.02614304329533068,0.2285175040319626,132163.5966830783,3888.903639051645,136052.50032212996,377,7,239.16129032258064,31,0,19,33.12452513612764,0.6535618279569892,42.936197916666664,1028.255208333333,33.16952284946235,0
379,4,1,0,32,0.03125,0.0,1.0,32,550,400,150,0.7272727272727273,7,4,3,372.70234485325864,0.7652469758064516,-0.028206641726971515,0.2249180027822811,132462.98408644527,3473.8529550556077,135936.83704150087,378,0,232.65625,32,0,20,33.053528353571274,0.6539713541666666,42.64520202020202,1029.419191919192,32.16934974747475,0
380,4,0,0,32,0.0,0.0,1.0,32,750,700,50,0.9333333333333333,8,7,1,372.70234485325864,0.7652469758064516,-0.028206641726971515,0.2249180027822811,132462.98408644527,3473.8529550556077,135936.83704150087,379,1,233.65625,32,0,20,33.053528353571274,0.6539713541666666,42.64520202020202,1029.419191919192,32.16934974747475,0
381,4,0,0,32,0.0,0.0,1.0,32,1000,700,300,0.7,13,7,6,372.70234485325864,0.7652469758064516,-0.028206641726971515,0.2249180027822811,132462.98408644527,3473.8529550556077,135936.83704150087,380,2,234.65625,32,0,20,33.053528353571274,0.6539713541666666,42.64520202020202,1029.419191919192,32.16934974747475,0
382,4,0,1,31,0.0,0.03125,0.96875,32,950,800,150,0.8421052631578947,11,8,3,369.09520663873064,0.7664650537634409,-0.027557305712184066,0.2237056980504284,132625.50536935017,3390.2876619732833,136015.79303132344,381,3,235.65625,32,0,15,32.982706137125106,0.6555989583333333,42.487373737373744,1030.0505050505058,32.189078282828305,0
383,4,0,0,31,0.0,0.0,1.0,31,800,600,200,0.75,10,6,4,379.0249477488844,0.7580645161290323,-0.025845611630525456,0.2291536151986377,132532.04345703137,3846.5901692708485,136378.6336263022,382,4,243.90322580645162,31,0,21,32.821193727870515,0.657258064516129,42.57812500000001,1029.687500000001,33.215725806451644,0
384,4,0,0,31,0.0,0.0,1.0,31,500,200,300,0.4,8,2,6,381.94842410081645,0.7589605734767025,-0.025835810488457955,0.23153976881697796,132632.61795043954,3931.76388210722,136564.38183254676,383,5,244.90322580645162,31,0,17,32.644550836388156,0.658266129032258,42.48046875000001,1030.0781250000007,33.228326612903246,0
385,4,0,0,31,0.0,0.0,1.0,31,850,700,150,0.8235294117647058,10,7,3,381.26196717887467,0.7586917562724015,-0.02686270354855047,0.23215921016830565,132800.3268771702,3926.342773437506,136726.6696506077,384,6,245.90322580645162,31,0,19,32.49326259053394,0.6599462365591398,42.317708333333336,1030.7291666666672,33.24932795698926,0
386,4,0,0,31,0.0,0.0,1.0,31,850,600,250,0.7058823529411765,11,6,5,378.3661285437667,0.7573476702508961,-0.025291495897465266,0.2308091683982703,132867.44011773015,3854.507785373275,136721.94790310343,385,7,246.90322580645162,31,0,19,32.50031573629705,0.6606182795698924,42.25260416666667,1030.9895833333344,33.25772849462369,0
387,4,0,0,31,0.0,0.0,1.0,31,600,400,200,0.6666666666666666,8,4,4,386.9438765581226,0.7568996415770609,-0.036159820511035834,0.22802773398664522,131561.7900424533,3981.405809190534,135543.19585164383,386,8,247.90322580645162,31,0,21,33.59788149934425,0.6475134408602151,43.522135416666664,1025.911458333333,33.09391801075268,4
388,4,2,3,30,0.06060606060606061,0.09090909090909091,0.9090909090909091,33,650,400,250,0.6153846153846154,9,4,5,369.9039479378128,0.7742266414141414,-0.043497587683633765,0.22044382398426138,131988.41979346873,3164.6075127354757,135153.0273062042,387,0,233.8181818181818,33,0,21,33.604030013913736,0.6467803030303031,43.10661764705882,1027.5735294117637,31.138591800356476,0
389,4,0,0,30,0.0,0.0,1.0,30,550,300,250,0.5454545454545454,8,3,5,390.6303783200632,0.7512452107279693,-0.010287311151864653,0.23045381051741617,131603.80715978742,4281.68899583769,135885.49615562512,388,10,254.6,30,0,21,33.460778534625796,0.6506944444444444,43.481182795698935,1026.0752688172056,34.20250896057352,0
390,4,2,1,31,0.0625,0.03125,0.96875,32,650,300,350,0.46153846153846156,10,3,7,371.917829126095,0.7712953629032259,-0.01076197053407002,0.22290439427756042,132203.15728305798,3433.7422520661316,135636.8995351241,389,0,239.625,32,0,22,33.33563535911602,0.6513671875,42.89772727272728,1028.409090909092,32.13778409090912,0
391,4,1,1,31,0.03125,0.03125,0.96875,32,550,500,50,0.9090909090909091,6,5,1,370.8130079537394,0.7721774193548387,-0.009112665684830379,0.22281595787662759,132300.56244260803,3411.7539026630093,135712.31634527104,390,0,240.59375,32,0,22,33.26583210603828,0.65234375,42.80303030303031,1028.78787878788,32.14962121212125,0
392,4,0,0,31,0.0,0.0,1.0,31,550,500,50,0.9090909090909091,6,5,1,381.47247049449345,0.7620071684587814,-0.00967047686722311,0.22879658651754034,132230.5488586427,3888.462829589858,136119.01168823254,391,2,249.3548387096774,31,0,22,33.06233383972654,0.6542338709677418,42.87109375000001,1028.515625000001,33.177923387096804,0
393,4,1,0,32,0.03125,0.0,1.0,32,750,400,350,0.5333333333333333,11,4,7,369.38899406641593,0.7695732526881721,-0.015172878862187433,0.223496783056802,132560.48489950015,3393.276833996548,135953.7617334967,392,0,242.53125,32,0,23,33.040604054274965,0.6549479166666665,42.55050505050506,1029.7979797979808,32.1811868686869,0
394,4,0,0,32,0.0,0.0,1.0,32,900,700,200,0.7777777777777778,11,7,4,372.20486127828207,0.7672631048387097,-0.016304847407770495,0.22578583369290012,132658.0215826193,3475.1921041220467,136133.21368674134,393,1,243.53125,32,0,19,32.869888058177054,0.6559244791666665,42.45580808080809,1030.176767676769,32.19302398989903,0
395,4,0,1,31,0.0,0.03125,0.96875,32,1000,900,100,0.9,11,9,2,373.08607788849037,0.766591061827957,-0.02286613377434743,0.22710676016433634,132788.1262913225,3508.280245638227,136296.4065369607,394,2,244.53125,32,0,19,32.71621952713464,0.6572265624999998,42.32954545454547,1030.6818181818198,32.20880681818187,0
396,4,0,0,31,0.0,0.0,1.0,31,400,200,200,0.5,6,2,4,383.0662865835377,0.7578853046594982,-0.019055465598603716,0.2318034629371999,132565.56404961488,3956.2796698676298,136521.8437194825,395,6,253.3548387096774,31,0,23,32.68336178193619,0.6575940860215054,42.54557291666667,1029.8177083333342,33.219926075268845,0
397,4,1,1,31,0.03125,0.03125,0.96875,32,900,700,200,0.7777777777777778,11,7,4,373.85243853285954,0.7673051075268817,-0.02703178588926969,0.22777099314793034,132820.66243240496,3531.0657075808745,136351.72813998585,396,0,246.40625,32,0,20,32.66372693124288,0.6575520833333333,42.29797979797981,1030.8080808080815,32.21275252525255,0
398,4,0,0,31,0.0,0.0,1.0,31,1000,900,100,0.9,11,9,2,383.1375561228109,0.7576164874551972,-0.02113037736310508,0.23288407213179152,132733.2305908203,3971.017116970485,136704.2477077908,397,8,255.3548387096774,31,0,22,32.51253053660181,0.6592741935483871,42.3828125,1030.46875,33.24092741935484,0
399,4,1,1,31,0.03125,0.03125,0.96875,32,1000,600,400,0.6,14,6,8,372.4488224777149,0.7657510080645162,-0.01526749663526239,0.22870204553796883,133113.66705246916,3515.6057098765523,136629.2727623457,398,0,248.34375,32,0,22,32.40522655899507,0.6604817708333333,42.01388888888889,1031.9444444444448,32.2482638888889,0
400,4,0,0,31,0.0,0.0,1.0,31,700,300,400,0.42857142857142855,11,3,8,392.18819945194684,0.7562724014336918,0.0010506937669136907,0.21498268367557194,128742.88435570986,3913.7201003086425,132656.6044560185,399,10,257.35483870967744,29,2,22,36.3343084257105,0.6246408045977011,46.28472222222222,1014.861111111111,34.995210727969344,8
401,4,1,1,31,0.03125,0.03125,0.96875,32,800,600,200,0.75,10,6,4,382.0982951914387,0.7621807795698925,-0.006450119079121519,0.21079554124502867,128996.49706613476,3457.8683229275,132454.36538906227,400,0,250.28125,30,2,22,36.33098482843785,0.6243055555555556,46.034946236559136,1015.860215053763,33.86200716845877,0
402,4,0,0,31,0.0,0.0,1.0,31,1300,900,400,0.6923076923076923,17,9,8,391.6346697957137,0.7558243727598566,0.0022143509349241697,0.2158270037841789,128954.40055941361,3900.602816358032,132855.00337577163,401,12,259.35483870967744,29,2,23,36.13185992980538,0.6267959770114943,46.07638888888889,1015.6944444444447,35.02394636015327,0
403,4,0,0,31,0.0,0.0,1.0,31,1100,800,300,0.7272727272727273,14,8,6,395.034057891649,0.7558243727598566,0.004169439681959153,0.218868604822784,129166.0903742283,4005.0009645061614,133171.09133873446,402,13,260.35483870967744,29,2,23,35.828978230177164,0.6289511494252874,45.86805555555555,1016.5277777777769,35.052681992337135,0
404,4,1,0,32,0.03125,0.0,1.0,32,500,0,500,0.0,10,0,10,382.1143019531489,0.7633988575268817,0.005228187208809798,0.21327940116108365,129457.14272443515,3493.494790061061,132950.63751449622,403,0,253.1875,28,4,22,35.86021695138595,0.6350446428571428,45.581896551724135,1017.672413793103,36.34544334975368,0
405,4,1,0,33,0.030303030303030304,0.0,1.0,33,800,500,300,0.625,11,5,6,369.39178153261753,0.7732796717171718,0.009316385440670372,0.20818716535225387,129837.58680555546,2992.187499999992,132829.77430555545,404,0,246.4848484848485,29,4,24,35.796538566366856,0.6357758620689656,45.20833333333333,1019.1666666666658,35.143678160919514,0
406,4,0,0,33,0.0,0.0,1.0,33,1400,1100,300,0.7857142857142857,17,11,6,369.74294074928457,0.7738320707070707,0.007130124777183777,0.20952099975792784,130049.99999999999,3017.0138888888887,133067.01388888888,405,1,247.4848484848485,29,4,24,35.571555010893256,0.6379310344827587,45.0,1019.9999999999999,35.172413793103445,0
407,4,1,1,33,0.029411764705882353,0.029411764705882353,0.9705882352941176,34,600,500,100,0.8333333333333334,7,5,2,360.1151183752655,0.7844994058229353,0.00555245795000503,0.20536294588427287,130296.89125910508,2584.376083940341,132881.26734304542,406,0,241.1764705882353,30,4,24,35.56641653501843,0.6375,44.75806451612903,1020.9677419354837,34.03225806451612,0
408,4,0,0,33,0.0,0.0,1.0,33,900,400,500,0.4444444444444444,14,4,10,370.63547967162594,0.7699652777777778,0.014499925768298061,0.2107917573240795,130191.70524691357,3050.7330246913502,133242.43827160491,407,3,249.4848484848485,29,4,24,35.40475866448918,0.639367816091954,44.86111111111111,1020.5555555555554,35.19157088122605,0
409,4,0,0,33,0.0,0.0,1.0,33,1000,700,300,0.7,13,7,6,373.32117499730754,0.7688604797979799,0.008555567919092955,0.21328909089007006,130368.9453125,3133.897569444444,133502.84288194444,408,4,250.4848484848485,29,4,24,35.15614375084999,0.6411637931034482,44.6875,1021.25,35.21551724137931,0
410,4,1,0,34,0.029411764705882353,0.0,1.0,34,850,500,350,0.5882352941176471,12,5,7,362.1246916326248,0.7726530005941771,0.012716615501202844,0.2085300930544569,130674.53833174355,2664.095379523648,133338.6337112672,409,0,244.08823529411765,30,4,20,35.132115157092166,0.6413194444444444,44.388440860215056,1022.4462365591397,34.08154121863799,0
411,4,0,0,34,0.0,0.0,1.0,34,800,600,200,0.75,10,6,4,361.9945163658686,0.7721330956625074,0.015514556127949941,0.2091050676889901,130794.81336805559,2669.4010416666715,133464.21440972225,410,1,245.08823529411765,31,3,20,35.013577732518655,0.6397849462365591,44.270833333333336,1022.916666666667,32.997311827957,0
412,4,1,1,34,0.02857142857142857,0.02857142857142857,0.9714285714285714,35,500,300,200,0.6,7,3,4,352.2176219320054,0.7782913165266105,0.02732459847844515,0.2052578555396859,131134.06795224984,2237.5459136822883,133371.61386593213,411,0,239.05714285714285,32,3,21,34.92048816568048,0.640625,43.939393939393945,1024.2424242424247,32.00757575757577,0
413,4,0,0,34,0.0,0.0,1.0,34,700,500,200,0.7142857142857143,9,5,4,351.51573440562197,0.7835710041592395,0.02147341559251248,0.20519414884656234,131198.73769258245,2423.6841266197393,133622.4218192022,412,1,237.6764705882353,32,2,21,34.873110262098415,0.6412760416666666,43.87626262626263,1024.49494949495,32.01546717171719,0
414,4,0,0,34,0.0,0.0,1.0,34,1000,500,500,0.5,15,5,10,355.93526401309157,0.7843508615567439,0.07621910298885992,0.2023121463096936,130168.77710796315,2466.331609236816,132635.10871719997,413,2,238.6764705882353,33,1,21,35.80308534486209,0.6284722222222223,44.88357843137254,1020.4656862745087,30.92320261437905,2
415,4,0,0,34,0.0,0.0,1.0,34,650,500,150,0.7692307692307693,8,5,3,356.3340270353959,0.7837566844919787,0.07318511508337289,0.2028643958426393,130231.31315179255,2481.1696522971893,132712.48280408973,414,3,239.6764705882353,33,1,22,35.72945431624445,0.6291035353535354,44.822303921568626,1020.7107843137252,30.93062982768864,0
416,4,0,0,34,0.0,0.0,1.0,34,1150,900,250,0.782608695652174,14,9,5,358.3177708634277,0.7851307189542485,0.08264515309363452,0.20481620729600897,130387.71896626316,2544.0473615917144,132931.7663278549,415,4,240.6764705882353,33,1,22,35.520158387329,0.6306818181818181,44.66911764705883,1021.3235294117662,30.949197860962613,0
417,4,0,0,34,0.0,0.0,1.0,34,450,200,250,0.4444444444444444,7,2,5,359.12131950171215,0.7833481877599525,0.08689486828552462,0.20593903452581003,130512.91120001936,2573.9937764321558,133086.9049764515,416,5,241.6764705882353,33,1,17,35.37269129287599,0.6319444444444444,44.54656862745099,1021.8137254901972,30.964052287581733,0
418,4,2,2,34,0.05555555555555555,0.05555555555555555,0.9444444444444444,36,900,600,300,0.6666666666666666,12,6,6,343.098864833644,0.8042328042328043,0.07271482067908219,0.19879948642589002,130913.2332926098,1783.2363468792928,132696.4696394891,417,0,229.19444444444446,35,1,17,35.377082862097566,0.631547619047619,44.155092592592595,1023.3796296296302,29.23941798941801,0
419,4,0,0,34,0.0,0.0,1.0,34,900,700,200,0.7777777777777778,11,7,4,359.90901306649397,0.7834967320261439,0.08172284010656772,0.20773171667032914,130763.47588667825,2612.5907103037352,133376.06659698198,418,7,243.6764705882353,33,1,20,35.09865005192108,0.6344696969696969,44.3014705882353,1022.7941176470592,30.993761140819977,0
420,4,0,1,33,0.0,0.029411764705882353,0.9705882352941176,34,850,600,250,0.7058823529411765,11,6,5,360.74257291728117,0.7827168746286394,0.08604411940845313,0.208720702791849,130857.49959450695,2641.174217848907,133498.67381235585,419,8,244.6764705882353,33,1,20,34.98210863576477,0.6354166666666666,44.20955882352941,1023.1617647058827,31.004901960784323,0
421,4,0,1,32,0.0,0.030303030303030304,0.9696969696969697,33,1000,700,300,0.7,13,7,6,367.52263374485614,0.7765151515151516,0.09028058361391733,0.21203228869895566,130746.38429752075,3010.451101928394,133756.83539944913,420,9,252.6060606060606,32,1,20,34.92129629629632,0.63671875,44.31818181818183,1022.7272727272734,31.960227272727295,0
422,4,0,0,32,0.0,0.0,1.0,32,500,300,200,0.6,7,3,4,368.9117844512621,0.7725974462365592,0.09747421695951108,0.212733711826741,130728.22570800783,3245.4366048177085,133973.66231282553,421,10,255.34375,31,1,20,34.9041889483066,0.6391129032258065,44.3359375,1022.6562500000001,32.988911290322584,0
423,4,1,1,32,0.030303030303030304,0.030303030303030304,0.9696969696969697,33,450,200,250,0.4444444444444444,7,2,5,359.0508661785745,0.7813289141414143,0.09041562927573321,0.2081878627498946,130940.15438475678,2802.835169880647,133742.98955463743,422,0,248.57575757575756,32,1,20,34.94170984455961,0.638671875,44.12878787878789,1023.4848484848494,31.983901515151544,0
424,4,0,0,32,0.0,0.0,1.0,32,600,500,100,0.8333333333333334,7,5,2,368.9117844512621,0.7725974462365592,0.09747421695951108,0.212733711826741,130728.22570800783,3245.4366048177085,133973.66231282553,423,12,257.34375,31,1,20,34.9041889483066,0.6391129032258065,44.3359375,1022.6562500000001,32.988911290322584,0
425,4,0,1,31,0.0,0.03125,0.96875,32,650,400,250,0.6153846153846154,9,4,5,367.3139550967757,0.772387432795699,0.09570685376097732,0.212360981986414,130828.11355590822,3210.99836561415,134039.11192152236,424,13,258.34375,31,1,21,34.84379640235884,0.6401209677419355,44.23828125,1023.0468750000001,33.0015120967742,0
426,4,0,0,31,0.0,0.0,1.0,31,950,600,350,0.631578947368421,13,6,7,365.9538099955324,0.7682795698924731,0.10979233357957807,0.21212366862572896,130928.03955078126,3382.722981770833,134310.7625325521,425,14,261.7096774193548,31,0,21,34.77735368956743,0.6411290322580645,44.140625,1023.4375000000001,33.01411290322581,0
427,4,0,0,31,0.0,0.0,1.0,31,900,600,300,0.6666666666666666,12,6,6,368.4094510027539,0.7673835125448029,0.11918747743904445,0.21428786410396847,131061.33355034709,3456.8467881944243,134518.1803385415,426,15,262.7096774193548,31,0,21,34.57951848084096,0.64247311827957,44.01041666666666,1023.9583333333322,33.03091397849459,0
428,4,0,0,31,0.0,0.0,1.0,31,700,600,100,0.8571428571428571,8,6,2,368.9166939231002,0.7672043010752688,0.11989882716580813,0.21551636707356148,131228.0464172362,3482.4434068467745,134710.489824083,427,16,263.7096774193548,31,0,21,34.39776867030966,0.6441532258064517,43.84765624999999,1024.609374999999,33.05191532258062,0
429,4,0,0,31,0.0,0.0,1.0,31,650,500,150,0.7692307692307693,8,5,3,377.4514619126454,0.7674731182795699,0.12782973606289372,0.21377999285334442,130030.07888793954,3616.008673773886,133646.08756171342,428,17,264.7096774193548,31,0,20,35.39525618111409,0.6320564516129031,45.01953125000001,1019.9218750000007,32.90070564516131,3
430,4,3,2,32,0.08823529411764706,0.058823529411764705,0.9411764705882353,34,700,500,200,0.7142857142857143,9,5,4,348.3035245739049,0.7987596553773025,0.10290523750522018,0.20127586998409994,130810.03578514747,2312.3193027211,133122.35508786858,429,0,242.26470588235293,34,0,17,35.3482970635013,0.6326593137254901,44.25595238095239,1022.976190476191,30.08753501400562,0
431,4,0,0,32,0.0,0.0,1.0,32,1200,700,500,0.5833333333333334,17,7,10,367.27996344605697,0.7737735215053764,0.12097894541862186,0.21153863043998367,130681.82615294363,3199.3632665034256,133881.18941944707,430,1,258.40625,32,0,18,34.99295093438709,0.6360677083333333,44.381313131313135,1022.4747474747479,31.952335858585872,0
432,4,0,0,32,0.0,0.0,1.0,32,750,400,350,0.5333333333333333,11,4,7,367.5226337448559,0.7734375000000001,0.12476851851851856,0.2120322886989554,130746.3842975207,3210.4511019283796,133956.83539944908,431,2,259.40625,32,0,18,34.921296296296305,0.63671875,44.31818181818182,1022.727272727273,31.96022727272728,0
433,4,0,0,32,0.0,0.0,1.0,32,650,400,250,0.6153846153846154,9,4,5,370.04616710868777,0.7717573924731184,0.12855622068625028,0.21384550969433586,130810.95838434853,3281.218753188451,134092.177137537,432,3,260.40625,32,0,19,34.7913066732494,0.6373697916666666,44.255050505050505,1022.979797979798,31.96811868686869,0
434,4,0,0,32,0.0,0.0,1.0,32,1050,900,150,0.8571428571428571,12,9,3,373.63556123407767,0.7710013440860216,0.13205495928941513,0.21664448207177647,130940.15438475674,3384.779614325077,134324.9339990818,433,4,261.40625,32,0,19,34.56852948433259,0.638671875,44.12878787878788,1023.4848484848491,31.983901515151533,0
435,4,2,1,33,0.058823529411764705,0.029411764705882353,0.9705882352941176,34,1350,1100,250,0.8148148148148148,16,11,5,356.5128376487042,0.7899212715389187,0.11172373766686028,0.20964901681526196,131480.6990504536,2574.911422902506,134055.61047335612,434,0,246.97058823529412,34,0,20,34.46024376088218,0.6393995098039215,43.60119047619048,1025.5952380952388,30.164565826330552,0
436,4,1,1,33,0.029411764705882353,0.029411764705882353,0.9705882352941176,34,850,500,350,0.5882352941176471,12,5,7,362.08821061956917,0.7904411764705883,0.12478080200877528,0.21395219079858166,131663.90483276648,2734.7895408163345,134398.6943735828,435,0,247.94117647058823,34,0,16,34.13225457216875,0.6412377450980392,43.42261904761905,1026.309523809524,30.185574229691884,0
437,4,1,0,34,0.029411764705882353,0.0,1.0,34,800,700,100,0.875,9,7,2,360.95094029347257,0.7855763517528224,0.12461802902979358,0.21379401848151855,131755.55555555562,2711.4583333333394,134467.01388888896,436,0,248.88235294117646,34,0,17,34.068925865800864,0.642156862745098,43.333333333333336,1026.6666666666672,30.196078431372566,0
438,4,0,0,34,0.0,0.0,1.0,34,1200,900,300,0.75,15,9,6,359.63061043289537,0.7850564468211527,0.1214581799340042,0.21369785859607582,131877.806122449,2685.459183673473,134563.26530612246,437,1,249.88235294117646,34,0,17,33.979485396383865,0.6433823529411764,43.214285714285715,1027.1428571428573,30.21008403361345,0
439,4,0,0,34,0.0,0.0,1.0,34,850,500,350,0.5882352941176471,12,5,7,358.15796514639123,0.7866161616161617,0.11567764269748682,0.21350963778616372,132000.11337868485,2655.378401360545,134655.49178004538,438,2,250.88235294117646,34,0,19,33.89398941921531,0.6446078431372548,43.095238095238095,1027.619047619048,30.22408963585435,0
440,4,0,1,33,0.0,0.029411764705882353,0.9705882352941176,34,850,600,250,0.7058823529411765,11,6,5,355.7216040481082,0.7863562091503269,0.11027282945604422,0.2125713530072951,132091.8810232426,2597.587159863944,134689.46818310654,439,3,251.88235294117646,34,0,19,33.86411889596604,0.6455269607843137,43.00595238095238,1027.9761904761904,30.234593837535012,0
441,4,1,0,34,0.029411764705882353,0.0,1.0,34,900,600,300,0.6666666666666666,12,6,6,355.8285109367492,0.7869132501485443,0.11893412146057791,0.21315164198832437,132183.68055555547,2606.9444444444407,134790.6249999999,440,0,252.55882352941177,34,0,20,33.76890869800108,0.6464460784313726,42.916666666666664,1028.3333333333328,30.24509803921567,0
442,4,0,0,34,0.0,0.0,1.0,34,500,300,200,0.6,7,3,4,357.71122685185173,0.7859477124183007,0.12414896514161189,0.21462673611111102,132244.89795918367,2661.096938775505,134905.99489795917,441,1,253.55882352941177,34,0,20,33.65885416666665,0.6470588235294117,42.857142857142854,1028.5714285714284,30.25210084033613,0
443,4,0,0,34,0.0,0.0,1.0,34,1000,500,500,0.5,15,5,10,355.37610522119843,0.7838309566250743,0.12231931995290313,0.21374500190861648,132336.7506377551,2605.863803854868,134942.61444160997,442,2,254.55882352941177,34,0,20,33.62644143622969,0.6479779411764706,42.76785714285714,1028.928571428571,30.262605042016798,0
444,4,0,0,34,0.0,0.0,1.0,34,1350,800,550,0.5925925925925926,19,8,11,352.3906753691076,0.7847593582887701,0.11665396963595764,0.21281246931508677,132489.90929705213,2537.6417233559982,135027.55102040814,443,3,255.55882352941177,34,0,20,33.549182855380806,0.6495098039215687,42.61904761904761,1029.5238095238092,30.280112044817916,0
445,4,1,1,34,0.02857142857142857,0.02857142857142857,0.9714285714285714,35,650,300,350,0.46153846153846156,10,3,7,345.4193256122578,0.788375350140056,0.07438617362281508,0.20826328376872946,132428.63520408166,2164.586876417238,134593.2220804989,444,0,249.22857142857143,34,1,19,33.79019199629887,0.6488970588235294,42.67857142857143,1029.2857142857144,30.273109243697483,4
446,4,0,0,34,0.0,0.0,1.0,34,750,400,350,0.5333333333333333,11,4,7,353.7728266460904,0.7859477124183007,0.08125680827886694,0.21226369598765418,132244.89795918367,2556.930272108837,134801.82823129251,445,5,257.55882352941177,34,0,19,33.7601273148148,0.6470588235294117,42.857142857142854,1028.5714285714284,30.25210084033613,0
447,4,2,2,34,0.05555555555555555,0.05555555555555555,0.9444444444444444,36,950,800,150,0.8421052631578947,11,8,3,338.96624241786066,0.8097222222222222,0.06811032468262068,0.20566724770016193,132666.15125868045,1793.9579347363892,134460.10919341684,446,0,244.19444444444446,35,1,17,33.71777047522752,0.6491071428571429,42.447916666666664,1030.2083333333326,29.43452380952379,0
448,4,0,0,34,0.0,0.0,1.0,34,900,700,200,0.7777777777777778,11,7,4,357.4752724929509,0.785650623885918,0.0908616572000871,0.2155373161283771,132429.53619100817,2668.0569071991436,135097.59309820732,447,7,259.55882352941177,33,1,20,33.479060007143694,0.651199494949495,42.67769607843137,1029.2892156862738,31.19058229352345,0
449,4,0,0,34,0.0,0.0,1.0,34,1350,1000,350,0.7407407407407407,17,10,7,337.0605011168785,0.7845365418894831,0.047312796985089056,0.19836839328026146,131511.22448979606,2065.4478458049994,133576.67233560106,448,8,260.55882352941177,34,0,21,34.928234292788595,0.6397058823529411,43.57142857142858,1025.7142857142867,30.168067226890784,6
450,4,1,0,35,0.02857142857142857,0.0,1.0,35,850,700,150,0.8235294117647058,10,7,3,329.86654443445013,0.7905462184873949,0.05655056975471573,0.1962396413136851,131921.9660922498,1703.3286179698396,133625.29471021963,449,0,254.0857142857143,35,0,18,34.69937659606429,0.6416666666666666,43.171296296296305,1027.314814814816,29.351851851851883,0
451,4,0,1,34,0.0,0.02857142857142857,0.9714285714285714,35,950,700,250,0.7368421052631579,12,7,5,359.65035643989665,0.7903361344537815,0.036932124479294615,0.1937857281002399,128056.65569540886,2211.1243730709775,130267.78006847984,450,1,255.0857142857143,35,0,17,37.86127787307032,0.6026785714285714,46.96180555555555,1012.152777777777,28.918650793650773,8
452,4,2,1,35,0.05555555555555555,0.027777777777777776,0.9722222222222222,36,600,300,300,0.5,9,3,6,351.09776693563526,0.8006944444444445,0.05692541856925448,0.19126967900224895,128496.33487654311,1822.9853877314688,130319.32026427459,451,0,248.91666666666666,35,1,17,37.62842465753424,0.6071428571428572,46.52777777777777,1013.8888888888881,28.968253968253947,0
453,4,3,3,35,0.07894736842105263,0.07894736842105263,0.9210526315789473,38,750,400,350,0.5333333333333333,11,4,7,335.94467431936636,0.8200272641062115,0.042650682466292,0.1848960121253954,128902.8613873366,1060.8459575206462,129963.70734485725,452,0,236.73684210526315,38,0,17,37.59841311590392,0.6055372807017543,46.12713675213676,1015.4914529914533,26.723459289248773,0
454,4,0,0,35,0.0,0.0,1.0,35,1100,800,300,0.7272727272727273,14,8,6,357.6081084298728,0.7988795518207282,0.053060292822904476,0.19510350224548836,128555.01570001707,2194.463198731133,130749.4788987482,453,2,258.0285714285714,35,0,18,37.40346572319867,0.6077380952380952,46.469907407407405,1014.1203703703698,28.974867724867707,0
455,4,2,2,35,0.05405405405405406,0.05405405405405406,0.9459459459459459,37,1250,900,350,0.72,16,9,7,341.0857319443142,0.8118743743743744,0.039006637193948146,0.1886147114355551,129089.93632656202,1406.1470837180632,130496.08341028009,454,0,245.02702702702703,37,0,18,37.27746007768667,0.6092342342342343,45.94298245614035,1016.2280701754386,27.465623518255097,0
456,4,1,1,35,0.027777777777777776,0.027777777777777776,0.9722222222222222,36,1100,700,400,0.6363636363636364,15,7,8,346.1559838383192,0.799404761904762,0.04237789108106149,0.1911272512967757,129029.71172185702,1732.8813610908262,130762.59308294785,455,0,252.80555555555554,36,0,18,37.20996822581836,0.6105324074074074,46.002252252252255,1015.9909909909912,28.22197197197198,0
457,4,0,1,34,0.0,0.02857142857142857,0.9714285714285714,35,950,700,250,0.7368421052631579,12,7,5,356.00707875065973,0.7929971988795518,0.050643133934677564,0.195960232682452,128907.381955161,2178.388095850462,131085.77005101147,456,5,261.0285714285714,35,0,18,37.084473064356814,0.6113095238095239,46.122685185185176,1015.5092592592578,29.014550264550223,0
458,4,1,1,34,0.02857142857142857,0.02857142857142857,0.9714285714285714,35,850,500,350,0.5882352941176471,12,5,7,357.38087701911047,0.7969187675070027,0.05576309794988599,0.19759471663902953,129083.74592764053,2226.4124657064367,131310.15839334697,457,0,261.4,35,0,18,36.86977980258162,0.6130952380952381,45.94907407407407,1016.2037037037031,29.034391534391517,0
459,4,1,0,35,0.02857142857142857,0.0,1.0,35,400,200,200,0.5,6,2,4,359.44638538027425,0.7957282913165266,0.06299765807962565,0.19932935916542457,129201.3888888887,2288.19444444442,131489.5833333331,458,0,262.37142857142857,35,0,20,36.69740437158469,0.6142857142857144,45.83333333333332,1016.6666666666652,29.047619047619005,0
460,4,2,3,34,0.05405405405405406,0.08108108108108109,0.9189189189189189,37,800,500,300,0.625,11,5,6,345.4736305050584,0.8136261261261262,0.0638921129718677,0.1941800061114635,129731.44531249974,1563.7586805555252,131295.20399305527,459,0,249.13513513513513,37,0,15,36.51371847307429,0.6157094594594597,45.312499999999986,1018.749999999998,27.53378378378373,0
461,4,1,0,35,0.02857142857142857,0.0,1.0,35,500,300,200,0.6,7,3,4,378.18994686382075,0.7933473389355742,0.11399582013078957,0.19984650808090665,127272.13718820854,2627.693629535139,129899.83081774367,460,0,264.3142857142857,34,1,18,38.197803602328136,0.5968137254901962,47.738095238095234,1009.0476190476185,29.677871148459367,3
462,4,1,0,36,0.027777777777777776,0.0,1.0,36,1000,600,400,0.6,14,6,8,368.2922289168719,0.805952380952381,0.11340838163174305,0.1962184012970412,127603.5072234396,2199.0760185861463,129802.58324202575,461,0,257.94444444444446,36,0,15,38.107213181750616,0.5960648148148149,47.409909909909906,1010.36036036036,28.065565565565556,0
463,4,2,0,38,0.05263157894736842,0.0,1.0,38,750,400,350,0.5333333333333333,11,4,7,350.6734706664535,0.8212719298245614,0.11449243160672173,0.18910820344704865,128090.45041867548,1383.5845615092346,129474.03498018472,462,0,245.31578947368422,38,0,17,38.0538698328936,0.5973135964912281,46.9284188034188,1012.2863247863239,26.639113810166418,0
464,4,1,1,38,0.02564102564102564,0.02564102564102564,0.9743589743589743,39,950,700,250,0.7368421052631579,12,7,5,344.20176421795713,0.8286662168241116,0.11106424855897656,0.18675111738232864,128333.90404704504,1034.5626506684177,129368.46669771346,463,0,240.0,38,1,17,37.96899163503444,0.5997807017543859,46.68803418803419,1013.2478632478629,26.66441745389113,0
465,4,2,3,37,0.05,0.075,0.925,40,1250,900,350,0.72,16,9,7,333.0987567440771,0.834642094017094,0.11235632183908062,0.18275418275418281,128778.12499999997,579.1666666666661,129357.29166666664,464,0,234.95,39,1,13,37.79761904761906,0.6025641025641025,46.25,1014.9999999999998,26.02564102564102,0
466,4,1,0,38,0.02631578947368421,0.0,1.0,38,1200,900,300,0.75,15,9,6,346.8898173849529,0.8165303461356093,0.1254566145092464,0.18941740323558506,128588.99493113252,1321.2425938750275,129910.23752500754,465,0,248.18421052631578,37,1,15,37.64054054054055,0.6041666666666667,46.436403508771924,1014.2543859649112,27.412280701754355,0
467,4,1,2,37,0.02564102564102564,0.05128205128205128,0.9487179487179487,39,950,800,150,0.8421052631578947,11,8,3,343.4405755853876,0.8228182636077374,0.13985278654048416,0.18967014365952575,129038.51290269548,1063.4122287968316,130101.92513149232,466,0,242.7948717948718,38,1,17,37.26997896950578,0.6069078947368423,45.99358974358974,1016.0256410256401,26.737516869095792,0
468,4,1,0,38,0.02631578947368421,0.0,1.0,38,550,200,350,0.36363636363636365,9,2,7,349.1515778296251,0.8262209577999052,0.1454511886840688,0.19266762171479876,129006.37846500824,1408.556118228662,130414.9345832369,467,0,248.52631578947367,37,1,18,37.15764975715057,0.6083896396396398,46.0252192982456,1015.8991228070157,27.456733048838263,0
469,4,1,0,39,0.02564102564102564,0.0,1.0,39,850,500,350,0.5882352941176471,12,5,7,342.6517681564281,0.8324898785425101,0.14379771660713025,0.19027768549083302,129255.70371283498,1057.9390843012454,130313.64279713623,468,0,243.12820512820514,38,1,19,37.06901835119422,0.6091008771929824,45.77991452991452,1016.8803418803407,26.76000899685107,0
470,4,0,0,39,0.0,0.0,1.0,39,1250,800,450,0.64,17,8,9,342.50210963406005,0.8317026540710751,0.14274213308131212,0.19085123405764498,129391.54071015041,1063.3751324055715,130454.91584255599,469,1,244.12820512820514,38,1,20,36.93470194966571,0.6104714912280702,45.646367521367516,1017.4145299145293,26.77406657669814,0
471,4,0,0,39,0.0,0.0,1.0,39,1000,600,400,0.6,14,6,8,342.6418096418135,0.8323211875843455,0.14290713135978805,0.19132508081171806,129473.07715136216,1072.5778910073557,130545.65504236952,470,2,245.12820512820514,38,1,13,36.848274896773745,0.6112938596491229,45.566239316239304,1017.7350427350408,26.782501124606338,0
472,4,2,3,38,0.04878048780487805,0.07317073170731707,0.926829268292683,41,800,600,200,0.75,10,6,4,331.6614680109555,0.8470528455284553,0.14824717910324403,0.18759251240258876,129977.44914568032,421.70231839511956,130399.15146407545,471,0,234.1219512195122,40,1,15,36.61613015746463,0.6130208333333333,45.071138211382106,1019.7154471544703,25.49288617886176,0
473,4,0,1,37,0.0,0.02631578947368421,0.9736842105263158,38,400,300,100,0.75,5,3,2,349.80706476895216,0.8272581792318634,0.1577019887072273,0.1956390836936716,129536.03512619255,1462.5240458602507,130998.5591720528,472,1,252.60526315789474,37,1,15,36.60194959069365,0.6137387387387387,45.504385964912274,1017.9824561403499,27.513039355144592,0
474,4,1,2,36,0.02631578947368421,0.05263157894736842,0.9473684210526316,38,900,600,300,0.6666666666666666,12,6,6,350.37362072022114,0.8201458036984353,0.15652937510622666,0.1967938897515628,129703.52055440105,1488.938423361004,131192.45897776206,473,0,253.44736842105263,37,1,15,36.4172945819878,0.615427927927928,45.33991228070174,1018.6403508771906,27.530820293978124,0
475,4,0,1,35,0.0,0.027777777777777776,0.9722222222222222,36,1250,900,350,0.72,16,9,7,360.1157024793391,0.8162367724867725,0.14260101010101067,0.20210575139146555,129672.49657064452,2139.4204389574543,131811.91700960198,474,3,255.38888888888889,35,1,16,36.20075757575757,0.6190476190476191,45.37037037037036,1018.5185185185169,29.100529100529055,0
476,4,2,2,35,0.05405405405405406,0.05405405405405406,0.9459459459459459,37,700,400,300,0.5714285714285714,10,4,6,352.0938039143585,0.8200075075075075,0.13361273798649553,0.1989923408639576,129946.64216581438,1750.6815092119061,131697.32367502627,475,0,249.1891891891892,36,1,17,36.126527869818126,0.6197916666666667,45.10135135135135,1019.594594594594,28.322072072072057,0
477,4,0,0,35,0.0,0.0,1.0,35,950,800,150,0.8421052631578947,11,8,3,366.96646670877305,0.8031512605042016,0.14752166146346335,0.20618069964720767,129716.28578514744,2520.305413832207,132236.59119897964,476,1,264.1142857142857,34,1,17,35.981749834443534,0.6216299019607843,45.327380952380956,1018.6904761904766,29.961484593837547,0
478,4,2,0,37,0.05405405405405406,0.0,1.0,37,1050,700,350,0.6666666666666666,14,7,7,351.80030949864033,0.8156281281281281,0.14681186040409355,0.20029635711656246,130233.84871357844,1763.2616569271963,131997.11037050563,477,0,250.78378378378378,36,1,20,35.84257318328919,0.6226851851851851,44.81981981981982,1020.7207207207207,28.353353353353352,0
479,4,1,0,38,0.02631578947368421,0.0,1.0,38,700,500,200,0.7142857142857143,9,5,4,346.18519361433505,0.8205310573731627,0.15257850129023853,0.19881652431788172,130570.58572108741,1440.3206996383678,132010.90642072578,478,0,245.1578947368421,37,1,15,35.64475825197583,0.6241554054054053,44.49013157894738,1022.0394736842118,27.62268847795167,0
480,4,1,2,37,0.02564102564102564,0.05128205128205128,0.9487179487179487,39,1050,900,150,0.8571428571428571,12,9,3,339.60241729381676,0.8266981556455241,0.14829332026784225,0.19651796679292388,130863.12601587073,1088.2867859230357,131951.41280179378,479,0,239.84615384615384,38,1,15,35.51716786746023,0.6252741228070173,44.204059829059844,1023.1837606837632,26.9258884390464,0
481,4,0,0,37,0.0,0.0,1.0,37,700,400,300,0.5714285714285714,10,4,6,354.36838710166955,0.8163788788788788,0.15900528627801291,0.203408799047923,130550.14209733426,1852.5686581852608,132402.7107555195,480,2,253.75675675675674,36,1,16,35.456382001836545,0.6258680555555554,44.51013513513516,1021.959459459463,28.38776276276286,0
482,4,0,0,37,0.0,0.0,1.0,37,750,400,350,0.5333333333333333,11,4,7,352.59922121740783,0.8170045045045045,0.1601374427197937,0.20269430848577707,130607.69120049148,1810.434040459431,132418.1252409509,481,3,254.75675675675674,36,1,16,35.443290734824295,0.6264467592592591,44.453828828828854,1022.1846846846882,28.39401901901912,0
483,4,0,1,36,0.0,0.02702702702702703,0.972972972972973,37,600,500,100,0.8333333333333334,7,5,2,383.61258898181643,0.8163788788788788,0.149004475511205,0.21354850637456815,129352.72285997731,2557.321173386572,131910.04403336387,482,4,255.75675675675674,34,3,17,35.92866198556662,0.617953431372549,45.68452380952381,1017.2619047619046,29.91946778711484,7
484,4,0,0,36,0.0,0.0,1.0,36,1700,1100,600,0.6470588235294118,23,11,12,387.3086096584128,0.8103174603174603,0.1613090938277546,0.2164862255600793,129513.05537533651,2832.3042820069295,132345.35965734345,483,5,263.6666666666667,33,3,16,35.67100088289588,0.6218434343434343,45.52696078431373,1017.8921568627459,30.84521687462866,0
485,4,0,0,36,0.0,0.0,1.0,36,1300,1100,200,0.8461538461538461,15,11,4,390.01814048978713,0.8095238095238095,0.16088645511560418,0.21852061559876215,129606.62853529898,2909.7872512975823,132516.41578659657,484,6,264.6666666666667,33,3,17,35.5065541380832,0.622790404040404,45.435049019607845,1018.2598039215691,30.856357694593,0
486,4,0,0,36,0.0,0.0,1.0,36,650,400,250,0.6153846153846154,9,4,5,390.9592773091028,0.8100529100529101,0.16932680996684835,0.2195711833103554,129700.23548635133,2941.502066512867,132641.7375528642,485,7,265.6666666666667,33,3,17,35.38709095283926,0.6237373737373737,45.343137254901954,1018.6274509803916,30.867498514557322,0
487,4,1,1,36,0.02702702702702703,0.02702702702702703,0.972972972972973,37,750,400,350,0.5333333333333333,11,4,7,384.5476261170699,0.8190065065065065,0.1683944498288572,0.21777851422516856,130026.38996056252,2600.2679183813543,132626.65787894386,486,0,259.4594594594595,35,2,18,35.21807383870478,0.6226190476190476,45.02314814814815,1019.9074074074083,29.140211640211664,0
488,4,0,0,36,0.0,0.0,1.0,36,1050,800,250,0.7619047619047619,13,8,5,392.08805020837764,0.8174933862433863,0.16384252234024643,0.22201046438434696,130019.6446286847,2995.8297902494196,133015.4744189341,487,1,265.3888888888889,34,2,18,35.03268355316915,0.6246936274509804,45.0297619047619,1019.8809523809516,29.996498599439754,0
489,4,0,0,36,0.0,0.0,1.0,36,1000,600,400,0.6,14,6,8,397.46651086385896,0.8174933862433863,0.16746684956561508,0.21463191586648372,128144.5312499999,2993.1831065759493,131137.71435657586,488,2,266.3888888888889,33,3,20,36.814128943758575,0.6079545454545455,46.87499999999999,1012.4999999999992,30.68181818181816,3
490,4,2,2,36,0.05263157894736842,0.05263157894736842,0.9473684210526316,38,800,500,300,0.625,11,5,6,389.4932452031493,0.8302809388335705,0.1815465476276188,0.21407485882970068,128848.62075617276,2437.1334876543083,131285.75424382708,489,0,253.31578947368422,35,3,17,36.294459644322835,0.6107142857142858,46.18055555555555,1015.2777777777771,29.00793650793649,0
491,4,0,0,36,0.0,0.0,1.0,36,650,400,250,0.6153846153846154,9,4,5,411.1757787828764,0.8183862433862434,0.2028949028767808,0.22464039082414933,128610.25694744784,3376.284511966519,131986.54145941435,490,1,268.0833333333333,33,3,17,35.9886583303129,0.612689393939394,46.41544117647057,1014.3382352941155,30.737522281639865,0
492,4,0,0,36,0.0,0.0,1.0,36,1050,700,350,0.6666666666666666,14,7,7,412.57499926213,0.8181216931216931,0.20345653661875462,0.22575733105691784,128672.41753472194,3417.404513888853,132089.8220486108,491,2,269.0833333333333,33,3,18,35.88937371663244,0.6133207070707073,46.35416666666665,1014.5833333333311,30.744949494949427,0
493,4,3,1,38,0.07692307692307693,0.02564102564102564,0.9743589743589743,39,850,500,350,0.5882352941176471,12,5,7,389.73627733450877,0.8412055780476834,0.2052331774186078,0.21767046289597125,129481.87183114652,2296.0117502883295,131777.88358143484,492,0,249.30769230769232,33,6,16,35.64105458559099,0.6215277777777779,45.55759803921568,1017.7696078431361,30.84150326797382,0
494,4,4,3,39,0.09523809523809523,0.07142857142857142,0.9285714285714286,42,1050,700,350,0.6666666666666666,14,7,7,370.82472482848704,0.8499080526519551,0.19778507728437944,0.21082869358452816,130178.65022170272,1254.6924294013434,131433.34265110406,493,0,232.4047619047619,37,5,17,35.41319705597937,0.620213963963964,44.873903508771924,1020.5043859649113,27.581199620673278,0
495,4,1,0,40,0.025,0.0,1.0,40,1200,1000,200,0.8333333333333334,14,10,4,389.38659550570827,0.8437767094017093,0.2216986860991499,0.2205549965913193,130032.77084094222,2126.6035883856744,132159.3744293279,494,0,245.0,36,4,18,35.08819145412389,0.6206597222222223,45.01689189189189,1019.9324324324318,28.33145645645644,0
496,4,0,0,40,0.0,0.0,1.0,40,650,400,250,0.6153846153846154,9,4,5,391.5225453074672,0.8434294871794872,0.22186534216335563,0.22225527947905083,130118.92804967119,2188.8987805372844,132307.82683020848,495,1,246.0,36,4,18,34.9459621044886,0.6215277777777779,44.93243243243243,1020.2702702702694,28.340840840840816,0
497,4,0,0,40,0.0,0.0,1.0,40,800,400,400,0.5,12,4,8,390.90557498445105,0.8427617521367521,0.22550204126668882,0.22239656158719875,130205.11379200128,2179.580974555613,132384.6947665569,496,2,247.0,36,4,18,34.873937989628146,0.6223958333333335,44.84797297297296,1020.6081081081066,28.350225225225184,0
498,4,0,0,40,0.0,0.0,1.0,40,450,300,150,0.6666666666666666,6,3,3,391.6365943009255,0.8430021367521368,0.22800612024481026,0.2236811336744081,130356.43029423783,2210.507725933821,132566.93802017166,497,3,248.0,33,7,19,34.70126305052202,0.6303661616161615,44.69975490196079,1021.2009803921571,30.945484254307793,0
499,4,1,1,40,0.024390243902439025,0.024390243902439025,0.975609756097561,41,1350,1000,350,0.7407407407407407,17,10,7,386.78099193041135,0.8466463414634147,0.21829964020911619,0.2228076418303355,130688.28124999999,1909.5486111111115,132597.8298611111,498,0,242.9268292682927,34,7,14,34.48791089377886,0.6314338235294117,44.375,1022.4999999999999,30.073529411764703,0
500,4,0,0,40,0.0,0.0,1.0,40,1150,1000,150,0.8695652173913043,13,10,3,395.6437690321126,0.8412126068376068,0.22274634380244573,0.22761795319075062,130638.16350682438,2337.2350778546825,132975.39858467906,499,5,250.0,33,7,15,34.31231519220012,0.6332070707070707,44.42401960784314,1022.3039215686281,30.97890671420085,0
501,4,0,0,40,0.0,0.0,1.0,40,950,500,450,0.5263157894736842,14,5,9,396.08273327518117,0.8403044871794871,0.22758349819620638,0.22888627619594035,130810.03578514748,2362.3193027211005,133172.35508786858,500,6,251.0,34,6,16,34.12637224097133,0.6326593137254901,44.25595238095239,1022.9761904761912,30.087535014005624,0
502,4,0,1,39,0.0,0.025,0.975,40,700,300,400,0.42857142857142855,11,3,8,399.90726900913285,0.8397435897435898,0.23460218680935263,0.23182756518351408,130931.84700963712,2472.119472789111,133403.9664824262,501,7,252.0,34,6,16,33.90475359621573,0.6338848039215685,44.13690476190476,1023.4523809523804,30.10154061624648,0
503,4,2,2,39,0.04878048780487805,0.04878048780487805,0.9512195121951219,41,1200,700,500,0.5833333333333334,17,7,10,394.4704204542667,0.8484756097560976,0.2348129071352827,0.23086818064259934,131298.46810967493,2158.672384044906,133457.14049371984,502,0,246.58536585365854,35,6,17,33.6717720685112,0.6354166666666667,43.778935185185176,1024.884259259258,29.282407407407373,0
504,4,0,0,39,0.0,0.0,1.0,39,750,700,50,0.9333333333333333,8,7,1,414.2876468902002,0.8329397210976158,0.25417553036372653,0.24048260698219887,130982.91710219625,3052.920901816607,134035.83800401285,503,1,260.02564102564105,33,6,17,33.48485075222475,0.6366792929292929,44.08700980392157,1023.6519607843136,31.019756387403444,0
505,4,0,0,39,0.0,0.0,1.0,39,1000,800,200,0.8,12,8,4,419.8992177043091,0.8313652721547459,0.2582511820276565,0.24453642943239803,131108.39468293454,3210.462472366406,134318.85715530094,504,2,261.02564102564105,33,6,17,33.213548522196966,0.6379419191919191,43.96446078431373,1024.1421568627457,31.034610814022596,0
506,4,0,0,39,0.0,0.0,1.0,39,1000,800,200,0.8,12,8,4,417.3249002900562,0.8317588843904634,0.2589430712614913,0.24346310284718198,131175.639526644,3148.572137188212,134324.21166383222,505,3,262.02564102564105,34,5,18,33.21106914584544,0.6363357843137254,43.898809523809526,1024.404761904762,30.12955182072829,0
507,4,1,0,40,0.025,0.0,1.0,40,1150,800,350,0.6956521739130435,15,8,7,405.9357465146188,0.8342948717948718,0.25519115890083643,0.2389368634548073,131516.61169982704,2677.6359440835236,134194.24764391058,506,0,256.45,33,7,19,33.15661091198726,0.6420454545454545,43.56617647058824,1025.7352941176475,31.082887700534773,0
508,4,2,1,41,0.047619047619047616,0.023809523809523808,0.9761904761904762,42,1250,900,350,0.72,16,9,7,390.20477009101825,0.8401809910956253,0.25714285714285734,0.23345803086048478,132137.36329234645,1912.125892784682,134049.48918513113,507,0,245.1904761904762,36,6,15,32.931955093099674,0.6417824074074074,42.961711711711715,1028.1531531531534,28.559809809809817,0
509,4,1,0,42,0.023809523809523808,0.0,1.0,42,1150,1000,150,0.8695652173913043,13,10,3,390.3203437824751,0.8407617111885405,0.27898395073967586,0.23533540392909907,132428.6352040817,1938.4316887212685,134367.06689280295,508,0,246.16666666666666,34,8,16,32.634792582311675,0.6488970588235294,42.67857142857143,1029.2857142857147,30.27310924369749,0
510,4,0,1,41,0.0,0.023809523809523808,0.9761904761904762,42,1150,800,350,0.6956521739130435,15,8,7,387.0157808357533,0.8401084010840109,0.2755163188871057,0.2346349079998774,132636.34366426594,1866.4716220850253,134502.81528635096,509,1,247.16666666666666,35,7,15,32.51029962546816,0.648809523809524,42.47685185185184,1030.0925925925912,29.43121693121689,0
511,4,0,0,41,0.0,0.0,1.0,41,1150,800,350,0.6956521739130435,15,8,7,392.39000648866,0.8372459349593496,0.2826291053339389,0.23754835172382044,132581.84700963704,2204.7583616779916,134786.60537131503,510,2,254.02439024390245,34,7,18,32.42688706507918,0.6504289215686274,42.5297619047619,1029.8809523809514,30.29061624649857,0
512,4,0,0,41,0.0,0.0,1.0,41,1100,900,200,0.8181818181818182,13,9,4,394.256463045832,0.8369918699186992,0.27753055821551254,0.24044091337865534,132857.85147392287,2276.0133219954596,135133.86479591834,511,3,255.02439024390245,34,7,16,32.100413779830625,0.6531862745098038,42.26190476190476,1030.9523809523807,30.32212885154061,0
513,4,0,0,41,0.0,0.0,1.0,41,1250,1000,250,0.8,15,10,5,394.99029230953147,0.8346036585365854,0.280241509858838,0.24187921433654344,133011.3112953515,2307.6353458049953,135318.9466411565,512,4,256.0243902439024,34,7,17,31.926812848624742,0.6547181372549019,42.11309523809524,1031.5476190476193,30.339635854341743,0
514,4,0,1,40,0.0,0.024390243902439025,0.975609756097561,41,1050,700,350,0.6666666666666666,14,7,7,397.8971202441322,0.834349593495935,0.2800520129637516,0.2400988415039088,132459.27047902497,2341.829648526081,134801.10012755106,513,5,257.0243902439024,34,7,19,32.408879765622,0.649203431372549,42.648809523809526,1029.4047619047622,30.276610644257712,1
515,4,0,0,40,0.0,0.0,1.0,40,1300,1100,200,0.8461538461538461,15,11,4,405.422606763581,0.8330662393162394,0.2892182227221598,0.2438570347854015,132338.45191400888,2730.6000300068563,135069.05194401575,514,6,264.275,35,5,19,32.337364079490065,0.6458333333333334,42.7662037037037,1028.935185185185,29.39814814814814,0
516,4,0,0,40,0.0,0.0,1.0,40,1100,900,200,0.8181818181818182,13,9,4,407.97259420741193,0.831650641025641,0.2952429149797575,0.24577861163227024,132398.00347222228,2802.978180727029,135200.9816529493,515,7,265.275,33,7,19,32.21153846153847,0.6508838383838383,42.708333333333336,1029.166666666667,31.186868686868696,0
517,4,0,0,40,0.0,0.0,1.0,40,950,600,350,0.631578947368421,13,6,7,405.7243427167833,0.8309561965811966,0.29112306268794796,0.24462291960455435,132428.6352040817,2745.904195011343,135174.53939909302,516,8,266.275,34,6,19,32.23841468116279,0.6488970588235294,42.67857142857143,1029.2857142857147,30.27310924369749,0
518,4,1,1,40,0.024390243902439025,0.024390243902439025,0.975609756097561,41,1250,1000,250,0.8,15,10,5,394.6498499720285,0.8354166666666667,0.27775951613963556,0.2400247448190535,132755.59413580256,2278.395061728401,135033.98919753096,517,0,260.7560975609756,35,6,17,32.1933962264151,0.6499999999999999,42.361111111111114,1030.555555555556,29.44444444444446,0
519,4,0,0,40,0.0,0.0,1.0,40,1200,800,400,0.6666666666666666,16,8,8,406.4195988114004,0.8281784188034188,0.2876684636118596,0.24718306747381913,132755.59413580256,2790.895061728401,135546.48919753096,518,10,268.275,35,5,17,31.890161725067394,0.6499999999999999,42.361111111111114,1030.555555555556,29.44444444444446,0
520,4,0,0,40,0.0,0.0,1.0,40,700,500,200,0.7142857142857143,9,5,4,366.7557058326289,0.8285256410256411,0.2478296703296703,0.214490804824995,131270.4173768363,1628.8349159970733,132899.25229283338,519,11,269.275,36,4,18,34.410256410256395,0.6331018518518519,43.806306306306304,1024.7747747747746,28.465965965965964,8
521,4,1,1,40,0.024390243902439025,0.024390243902439025,0.975609756097561,41,1200,1000,200,0.8333333333333334,14,10,4,359.7014159239305,0.8327235772357724,0.24031524477246724,0.21211906799242275,131587.96623904313,1266.4882365473575,132854.4544755905,520,0,263.6829268292683,36,5,18,34.27015878242416,0.6362847222222222,43.49662162162162,1026.0135135135138,28.500375375375384,0
522,4,0,0,40,0.0,0.0,1.0,40,1250,900,350,0.72,16,9,7,365.515753909107,0.8266559829059829,0.24445664105378695,0.21538476831254622,131559.08230866006,1617.3834307280292,133176.46573938808,521,13,271.275,36,4,18,34.150201244054145,0.6359953703703705,43.52477477477478,1025.9009009009012,28.497247247247255,0
523,4,0,0,40,0.0,0.0,1.0,40,1400,600,800,0.42857142857142855,22,6,16,366.2811227968998,0.8270032051282051,0.2441244239631335,0.21649067141186426,131674.6370525931,1645.9867806996176,133320.62383329272,522,14,272.275,36,4,19,34.013834028234946,0.6371527777777778,43.41216216216216,1026.3513513513512,28.509759759759756,0
524,4,1,0,41,0.024390243902439025,0.0,1.0,41,950,600,350,0.631578947368421,13,6,7,356.7789994605328,0.8342987804878049,0.2502718989212509,0.2130220599326773,132059.6782182979,1223.2239727608455,133282.90219105873,523,0,266.609756097561,37,4,20,33.869390512765804,0.6390765765765766,43.03728070175438,1027.8508771929821,27.779753437648164,0
525,4,1,0,42,0.023809523809523808,0.0,1.0,42,1050,800,250,0.7619047619047619,13,8,5,354.2494094602517,0.8387049941927991,0.2626497048879719,0.21374216844067095,132455.95838659626,985.3546585582233,133441.3130451545,524,0,261.23809523809524,36,6,21,33.535490281880186,0.6449652777777777,42.65202702702704,1029.3918918918935,28.594219219219262,0
526,4,0,0,42,0.0,0.0,1.0,42,1400,1000,400,0.7142857142857143,18,10,8,353.74897910289627,0.8380032907471932,0.2582750072907549,0.21393390640984705,132542.91453615797,977.3841408976778,133520.29867705566,525,1,262.23809523809524,36,6,21,33.46092155147274,0.6458333333333333,42.56756756756758,1029.7297297297314,28.60360360360365,0
527,4,1,2,41,0.023255813953488372,0.046511627906976744,0.9534883720930233,43,1100,900,200,0.8181818181818182,13,9,4,348.8887365251011,0.8427925433739387,0.25267408457604335,0.2122462935015809,132765.01092884352,664.0433835410922,133429.0543123846,526,0,257.1162790697674,37,6,18,33.36292424726035,0.6461148648648647,42.35197368421053,1030.5921052631581,27.853840682788057,0
528,4,0,0,41,0.0,0.0,1.0,41,1100,800,300,0.7272727272727273,14,8,6,362.31488683977466,0.8364329268292683,0.25692300098175225,0.218617951394366,132457.5684263545,1398.2697830932614,133855.83820944777,527,3,266.5121951219512,35,6,21,33.3263061239787,0.6470238095238096,42.650462962962955,1029.3981481481474,29.41137566137564,0
529,4,0,0,41,0.0,0.0,1.0,41,1300,1000,300,0.7692307692307693,16,10,6,364.43681353364485,0.8348577235772358,0.2629980816662101,0.22094602455377646,132636.34366426614,1467.5132887517202,134103.85695301785,528,4,267.5121951219512,35,6,20,33.09176029962548,0.6488095238095237,42.476851851851855,1030.0925925925928,29.431216931216937,0
530,4,1,0,42,0.023809523809523808,0.0,1.0,42,1150,900,250,0.782608695652174,14,9,5,359.8289029576092,0.8366240805265196,0.27769286754002875,0.22032304485907112,133007.16256797354,1171.964278467673,134179.1268464412,529,0,262.1190476190476,36,6,22,32.83774563318776,0.6504629629629629,42.117117117117125,1031.531531531533,28.65365365365369,0
531,4,0,0,42,0.0,0.0,1.0,42,1350,1000,350,0.7407407407407407,17,10,7,357.0600663524737,0.8348093302361596,0.2754901655185309,0.21965185021387762,133181.46482631285,1110.7565335605896,134292.22135987342,530,1,263.1190476190476,36,6,22,32.734198850825514,0.6521990740740742,41.9481981981982,1032.2072072072076,28.672422422422432,0
532,4,0,0,42,0.0,0.0,1.0,42,1200,900,300,0.75,15,9,6,359.5409920384738,0.8340834301200155,0.27892046871104537,0.22152364348176923,133239.59094229355,1181.0189412385275,134420.60988353207,531,2,264.1190476190476,36,6,22,32.61184736765562,0.6527777777777779,41.89189189189189,1032.4324324324316,28.678678678678654,0
533,4,0,0,42,0.0,0.0,1.0,42,1150,900,250,0.782608695652174,14,9,5,360.02992071486244,0.8332123499806426,0.27466375863322456,0.22217189589201128,133297.72973987498,1198.2342139436698,134495.96395381866,532,3,265.1190476190476,36,6,22,32.54089422028353,0.6533564814814815,41.835585585585584,1032.6576576576574,28.68493493493493,0
534,4,0,0,42,0.0,0.0,1.0,42,1700,1300,400,0.7647058823529411,21,13,8,360.0571617589058,0.8328493999225707,0.2763375327845248,0.22306499903051705,133443.89770169646,1209.4862121037036,134653.38391380018,533,4,266.1190476190476,37,5,22,32.39358926739538,0.6528716216216217,41.69407894736841,1033.2236842105247,27.924964438122288,0
535,4,0,0,42,0.0,0.0,1.0,42,750,300,450,0.4,12,3,9,357.0530802492868,0.832171893147503,0.27672995123975497,0.2220695986916295,133588.61395178956,1139.6482252763906,134728.26217706595,534,5,267.1190476190476,36,6,22,32.32616194625998,0.65625,41.55405405405405,1033.7837837837833,28.716216216216203,0
536,4,0,0,42,0.0,0.0,1.0,42,700,300,400,0.42857142857142855,11,3,8,361.1147839420023,0.832171893147503,0.22098393124623716,0.20778757471683815,130644.58832137108,1038.9910227141609,131683.57934408524,535,6,268.1190476190476,38,4,18,35.18828160379001,0.6230811403508772,44.41773504273504,1022.3290598290591,26.90339631129103,8
537,4,1,1,42,0.023255813953488372,0.023255813953488372,0.9767441860465116,43,1200,700,500,0.5833333333333334,17,7,10,348.8266135926179,0.8360095976375046,0.20768143783364468,0.20238373572032506,130963.7946989225,536.7314016127879,131500.5261005353,536,0,262.86046511627904,40,3,18,35.17941653428646,0.6229166666666668,44.105691056910565,1023.577235772357,25.589430894308926,0
538,4,0,0,42,0.0,0.0,1.0,42,1150,900,250,0.782608695652174,14,9,5,355.48122526498963,0.8297038327526133,0.21075694121296729,0.20591082293651275,130901.38888888886,906.5972222222174,131807.98611111107,537,8,270.1190476190476,39,3,18,35.07227198697068,0.6239316239316239,44.166666666666664,1023.333333333333,26.23931623931623,0
539,4,0,1,41,0.0,0.023809523809523808,0.9761904761904762,42,1250,800,450,0.64,17,8,9,354.1661548435138,0.8292682926829268,0.2050197241526368,0.20543309548361086,130954.69292534726,875.9440104166704,131830.63693576393,538,9,271.1190476190476,39,3,18,35.051987923196954,0.624465811965812,44.114583333333336,1023.541666666667,26.244658119658126,0
540,4,0,0,41,0.0,0.0,1.0,41,850,700,150,0.8235294117647058,10,7,3,358.1842258365336,0.8256605691056911,0.20281290393007678,0.2084848504558297,131088.00048828137,1190.7307942708476,132278.7312825522,539,10,271.0731707317073,39,2,18,34.81429915573187,0.6258012820512819,43.98437500000001,1024.062500000001,26.258012820512842,0
541,4,1,0,42,0.023809523809523808,0.0,1.0,42,1200,800,400,0.6666666666666666,16,8,8,352.2884721353207,0.8298248161053039,0.20943414035584462,0.20690283375118704,131432.3123223613,860.417699451414,132292.73002181272,540,0,265.5952380952381,40,2,19,34.61740171787248,0.6276041666666665,43.64837398373985,1025.406504065043,25.635162601626075,0
542,4,0,0,42,0.0,0.0,1.0,42,1000,700,300,0.7,13,7,6,352.76810238251034,0.8291715060007743,0.2090864484107331,0.20760865640505413,131510.47992473072,878.5404892920983,132389.02041402282,541,1,266.5952380952381,40,2,19,34.52619802503386,0.6283854166666667,43.57215447154472,1025.7113821138216,25.64278455284554,0
543,4,1,1,42,0.023255813953488372,0.023255813953488372,0.9767441860465116,43,900,700,200,0.7777777777777778,11,7,4,345.3389871662136,0.8343946105574013,0.207342616481333,0.20443751940480434,131735.18597253726,498.6591395817692,132233.84511211904,542,0,261.3720930232558,41,2,15,34.49015912897822,0.6290650406504064,43.35317460317461,1026.5873015873024,25.038714672861033,0
544,4,0,0,42,0.0,0.0,1.0,42,1050,600,450,0.5714285714285714,15,6,9,348.89534336134153,0.8286633759194735,0.20399607654509633,0.20603188171127632,131640.81090124924,785.773183951352,132426.5840852006,543,3,268.5952380952381,40,2,16,34.49404172443389,0.6296875,43.44512195121951,1026.2195121951218,25.655487804878042,0
545,4,0,0,42,0.0,0.0,1.0,42,1050,700,350,0.6666666666666666,14,7,7,345.8520360193772,0.827864885791715,0.20785134485391876,0.20479468158662065,131745.12215777647,712.8637467777123,132457.98590455417,544,4,269.5952380952381,40,2,17,34.46697848610836,0.6307291666666668,43.34349593495935,1026.6260162601627,25.665650406504067,0
546,4,0,0,42,0.0,0.0,1.0,42,1350,900,450,0.6666666666666666,18,9,9,352.4016208642741,0.8278164924506388,0.21237303785780282,0.2095338578644755,131901.66650142116,896.472213959953,132798.13871538112,545,5,270.5952380952381,40,2,17,34.141068130853455,0.6322916666666667,43.19105691056911,1027.235772357724,25.680894308943103,0
547,4,0,1,41,0.0,0.023809523809523808,0.9761904761904762,42,600,300,300,0.5,9,3,6,356.38171611109163,0.8260985288424313,0.21955578789719832,0.2123379806481585,131979.97352972772,1007.0498917641662,132987.02342149187,546,6,271.5952380952381,40,2,17,33.95991988922954,0.6330729166666667,43.114837398373986,1027.5406504065045,25.68851626016261,0
548,4,0,1,40,0.0,0.024390243902439025,0.975609756097561,41,1200,800,400,0.6666666666666666,16,8,8,360.41372382165315,0.8251524390243903,0.1997291071410916,0.21528829459274046,132076.5842013888,1320.4427083333242,133397.0269097221,547,7,266.5609756097561,39,2,17,33.75895149304149,0.6356837606837608,43.02083333333333,1027.9166666666658,26.356837606837587,0
549,4,0,0,40,0.0,0.0,1.0,40,950,600,350,0.631578947368421,13,6,7,367.0033067287671,0.8183760683760684,0.2055832813474736,0.21870122702089706,131985.99810979603,1687.8595496383791,133673.8576594344,548,8,273.625,38,2,17,33.68098877105426,0.636513157894737,43.10897435897435,1027.5641025641014,27.041160593792142,0
550,4,0,0,40,0.0,0.0,1.0,40,1000,700,300,0.7,13,7,6,366.21621621621654,0.8169871794871795,0.21236486486486505,0.21854838709677413,132040.89506172817,1671.1033950617025,133711.99845678988,549,9,274.625,38,2,18,33.64583333333333,0.637061403508772,43.05555555555554,1027.777777777776,27.04678362573095,0
551,4,0,0,40,0.0,0.0,1.0,40,700,500,200,0.7142857142857143,9,5,4,365.57773654916537,0.8177083333333334,0.21249090909090906,0.21895990754733752,132178.1873790085,1664.2805126378676,133842.46789164637,550,10,275.625,38,2,19,33.523809523809526,0.6384320175438598,42.92200854700854,1028.3119658119645,27.06084120557801,0
552,4,0,0,40,0.0,0.0,1.0,40,1100,800,300,0.7272727272727273,14,8,6,360.1266214638913,0.8155982905982906,0.20258513289036584,0.21679622612126234,132370.5164730804,1534.0293757761528,133904.54584885656,551,11,276.625,38,2,20,33.4702467469546,0.6403508771929826,42.735042735042725,1029.0598290598277,27.080521817363888,0
553,4,0,1,39,0.0,0.025,0.975,40,1300,1100,200,0.8461538461538461,15,11,4,365.51137299558263,0.8149038461538461,0.20788787136620246,0.22102493907285972,132539.10007165637,1688.9125421265483,134228.01261378292,552,12,277.625,37,3,20,33.16195914528094,0.6438626126126128,42.57127192982455,1029.7149122806995,27.83013276434323,0
554,4,0,0,39,0.0,0.0,1.0,39,750,700,50,0.9333333333333333,8,7,1,373.58235544532306,0.813034188034188,0.22140875570478502,0.22540701723601955,132455.95838659603,2096.6417853664434,134552.60017196246,553,13,284.61538461538464,36,3,20,33.03796083579477,0.6449652777777779,42.652027027027025,1029.3918918918916,28.594219219219212,0
555,4,0,0,39,0.0,0.0,1.0,39,1450,1200,250,0.8275862068965517,17,12,5,371.16597893935267,0.8130904183535763,0.22228949942954523,0.22498709140876477,132629.89921932074,2045.5412760733805,134675.4404953941,554,14,285.61538461538464,36,3,16,32.924957180860766,0.6467013888888888,42.48310810810811,1030.0675675675682,28.612987987988006,0
556,4,0,0,39,0.0,0.0,1.0,39,1200,700,500,0.5833333333333334,17,7,10,370.3899460533565,0.8106725146198831,0.2165354220418132,0.2255608234348886,132803.95418645017,2037.849885358354,134841.80407180852,555,15,286.61538461538464,36,3,16,32.76976583269602,0.6484375,42.3141891891892,1030.743243243245,28.631756756756804,0
557,4,0,0,39,0.0,0.0,1.0,39,1200,900,300,0.75,15,9,6,368.298337392125,0.8100539811066128,0.21447410418801516,0.22515862308658768,132949.08717839472,1992.9855531207,134942.07273151542,556,16,287.61538461538464,36,3,17,32.677713474557756,0.6498842592592593,42.17342342342343,1031.306306306307,28.64739739739742,0
558,4,0,1,38,0.0,0.02564102564102564,0.9743589743589743,39,1150,600,550,0.5217391304347826,17,6,11,365.0064591629911,0.8089293747188484,0.21096550508315204,0.22401568555328116,133094.29943034254,1916.0557939696475,135010.3552243122,557,17,288.61538461538464,36,3,17,32.616683036851114,0.6513310185185186,42.03265765765766,1031.8693693693695,28.66303803803804,0
559,4,0,0,38,0.0,0.0,1.0,38,1100,900,200,0.8181818181818182,13,9,4,373.5306157312353,0.8027797534376482,0.22545591987149183,0.22863357468384388,132994.25582990394,2335.4852537722836,135329.74108367623,558,18,296.3421052631579,35,3,17,32.497381807301025,0.6523809523809524,42.129629629629626,1031.481481481481,29.470899470899457,0
560,4,1,1,38,0.02564102564102564,0.02564102564102564,0.9743589743589743,39,1150,1100,50,0.9565217391304348,12,11,1,366.6292889374202,0.8100539811066128,0.21578283569776668,0.2260675151491058,133268.65875588416,1972.0387194626928,135240.69747534685,559,0,289.71794871794873,36,3,17,32.399707347220705,0.6530671296296298,41.86373873873873,1032.5450450450442,28.681806806806783,0
561,4,0,0,38,0.0,0.0,1.0,38,1100,800,300,0.7272727272727273,14,8,6,371.6898138636337,0.8025426742532006,0.22149762160503306,0.2286020524162677,133173.39275763018,2299.838713134418,135473.2314707646,560,20,298.3421052631579,35,3,17,32.36478657397025,0.6541666666666668,41.95601851851851,1032.175925925925,29.490740740740712,0
562,4,0,0,38,0.0,0.0,1.0,38,700,400,300,0.5714285714285714,10,4,6,371.6226934927985,0.8019796111901375,0.22238774270054695,0.22911168269863527,133263.00643272023,2304.711478695113,135567.71791141533,561,21,299.3421052631579,35,3,17,32.27648712775099,0.6550595238095238,41.869212962962955,1032.5231481481471,29.50066137566135,0
563,4,0,0,38,0.0,0.0,1.0,38,1100,1000,100,0.9090909090909091,12,10,2,371.294682578914,0.8020981507823614,0.21854931446262693,0.22964691905868362,133382.53821855696,2304.845437885787,135687.38365644275,562,22,300.3421052631579,35,3,18,32.16491596638655,0.65625,41.753472222222214,1032.9861111111102,29.51388888888886,0
564,4,0,0,38,0.0,0.0,1.0,38,450,100,350,0.2222222222222222,8,1,7,373.06016371119574,0.8021870554765291,0.21955375779803576,0.23092475875770654,133412.42953746548,2354.172560871029,135766.6020983365,563,23,301.3421052631579,35,3,18,32.08930838748227,0.6565476190476192,41.724537037037024,1033.10185185185,29.517195767195712,0
565,4,0,0,38,0.0,0.0,1.0,38,750,400,350,0.5333333333333333,11,4,7,371.03277835587954,0.8014758179231863,0.21710526315789513,0.23004032258064513,133472.22222222204,2304.51388888887,135776.73611111092,564,24,302.3421052631579,35,3,18,32.08165322580646,0.6571428571428573,41.66666666666666,1033.333333333332,29.523809523809483,0
566,4,0,0,38,0.0,0.0,1.0,38,1250,900,350,0.72,16,9,7,368.8955814689675,0.8022166903745851,0.21300382378761173,0.2296407128405773,133621.7625412593,2258.495557913223,135880.25809917253,565,25,303.3421052631579,35,3,18,31.986851188477182,0.6586309523809524,41.52199074074073,1033.912037037036,29.540343915343886,0
567,4,0,0,38,0.0,0.0,1.0,38,750,400,350,0.5333333333333333,11,4,7,368.96046720048207,0.8019499762920815,0.21125092785691546,0.22986700236883587,133651.6806520061,2262.437307098755,135914.11795910486,566,26,304.3421052631579,35,3,18,31.955171255876415,0.6589285714285715,41.49305555555555,1034.0277777777771,29.543650793650777,0
568,4,0,0,38,0.0,0.0,1.0,38,700,500,200,0.7142857142857143,9,5,4,369.06232242169347,0.8013572783309626,0.21113885878528027,0.23030313639387218,133711.5269204388,2269.5773319615732,135981.10425240037,567,27,305.3421052631579,35,3,16,31.892532079976124,0.6595238095238096,41.435185185185176,1034.259259259258,29.550264550264515,0
569,4,0,0,38,0.0,0.0,1.0,38,900,600,300,0.6666666666666666,12,6,6,374.97997107630823,0.798660502607871,0.20762457474484708,0.2351382118768828,133891.14610125174,2441.2996184842295,136332.44571973596,568,28,306.3421052631579,35,3,17,31.55940132707075,0.6613095238095238,41.261574074074076,1034.953703703704,29.570105820105827,0
570,4,0,0,38,0.0,0.0,1.0,38,700,300,400,0.42857142857142855,11,3,8,373.3106972903951,0.7978603603603603,0.20433574992938475,0.2344726739161022,133951.04595336076,2401.071673525375,136352.11762688615,569,29,307.3421052631579,35,3,17,31.542561121049477,0.6619047619047618,41.2037037037037,1035.1851851851852,29.57671957671958,0
571,4,0,0,38,0.0,0.0,1.0,38,550,300,250,0.5454545454545454,8,3,5,372.57751741839365,0.7969713134186819,0.20083659853860003,0.2343937039961287,134010.95920138893,2385.8940972222276,136396.85329861115,570,30,308.3421052631579,35,3,18,31.501509054325954,0.6624999999999999,41.145833333333336,1035.416666666667,29.583333333333343,0
572,4,0,0,38,0.0,0.0,1.0,38,900,700,200,0.7777777777777778,11,7,4,374.0740970179061,0.7967935040303461,0.20771474954709035,0.23571936761381887,134070.8858453362,2430.4891117969955,136501.37495713317,571,31,309.3421052631579,35,3,18,31.402734316793307,0.663095238095238,41.08796296296297,1035.6481481481492,29.58994708994712,0
573,4,0,0,38,0.0,0.0,1.0,38,1200,1000,200,0.8333333333333334,14,10,4,358.68388171595166,0.7967935040303461,0.19301825993555322,0.20436639772187956,130262.58680555562,1745.4753943758674,132008.06219993148,572,32,310.3421052631579,34,4,20,35.63775510204083,0.6271446078431373,44.79166666666667,1020.8333333333339,30.024509803921585,8
574,4,1,1,38,0.02564102564102564,0.02564102564102564,0.9743589743589743,39,600,300,300,0.5,9,3,6,352.15323724007555,0.8067363922627081,0.19411928651059096,0.20248811141304357,130617.28395061736,1399.459876543222,132016.7438271606,573,0,303.35897435897436,35,4,18,35.444972826086975,0.6285714285714286,44.44444444444445,1022.2222222222229,29.206349206349223,0
575,4,1,0,39,0.02564102564102564,0.0,1.0,39,1200,900,300,0.75,15,9,6,343.56412185702237,0.8131466486729645,0.1732067081979054,0.19912696042325392,130924.4379514652,1196.187910883883,132120.6258623491,574,0,289.64102564102564,36,3,19,35.35385490023476,0.6296296296296295,44.14414414414416,1023.4234234234251,28.428428428428475,0
576,4,0,1,38,0.0,0.02564102564102564,0.9743589743589743,39,1500,1200,300,0.8,18,12,6,344.49990506198657,0.813259109311741,0.16644669306349935,0.200268103377467,131039.71370018683,1228.6337858128613,132268.3474859997,575,1,290.64102564102564,36,3,20,35.21342022290659,0.630787037037037,44.03153153153154,1023.873873873875,28.440940940940973,0
577,4,0,1,37,0.0,0.02631578947368421,0.9736842105263158,38,1000,800,200,0.8,12,8,4,350.1784549625307,0.8122925557136084,0.16336020945523777,0.20337021891947366,131002.08340031294,1574.8214323988354,132576.90483271176,576,2,295.7368421052632,35,3,20,35.10610985490861,0.632440476190476,44.06828703703704,1023.726851851852,29.249338624338627,0
578,4,0,0,37,0.0,0.0,1.0,37,1350,1200,150,0.8888888888888888,15,12,3,359.687669010276,0.8086836836836837,0.16832181018227566,0.20900769956002527,131023.2426303855,2025.4889455782393,133048.73157596373,577,3,303.4594594594595,34,3,20,34.84132751937985,0.6348039215686274,44.04761904761905,1023.8095238095239,30.11204481792717,0
579,4,2,2,37,0.05128205128205128,0.05128205128205128,0.9487179487179487,39,1150,900,250,0.782608695652174,14,9,5,343.63379081022845,0.8202316689158795,0.15172324472862497,0.20203182265388972,131472.44953991158,1235.6752445012621,132708.12478441285,578,0,288.84615384615387,36,3,20,34.79878115735148,0.6351273148148149,43.609234234234236,1025.5630630630635,28.487862862862876,0
580,4,0,0,37,0.0,0.0,1.0,37,950,800,150,0.8421052631578947,11,8,3,358.74896137076576,0.8088088088088088,0.16668969155028623,0.20979015349725233,131267.12018140606,2018.3886054421923,133285.50878684825,579,5,305.4594594594595,34,3,21,34.61871708488227,0.6372549019607842,43.80952380952382,1024.761904761906,30.140056022409,0
581,4,0,0,37,0.0,0.0,1.0,37,1150,800,350,0.6956521739130435,15,8,7,358.7949142892906,0.8055555555555556,0.16914639273589804,0.21082260516288903,131450.1771541952,2032.731009070321,133482.90816326553,580,6,306.4594594594595,34,3,21,34.432561334262054,0.6390931372549018,43.630952380952394,1025.4761904761922,30.16106442577036,0
582,4,0,0,37,0.0,0.0,1.0,37,1100,800,300,0.7272727272727273,14,8,6,358.51251455908067,0.8043668668668669,0.17318502346357545,0.2109934306995249,131511.2244897962,2029.683956916139,133540.90844671236,581,7,307.4594594594595,34,3,21,34.37814337666359,0.6397058823529409,43.57142857142859,1025.714285714288,30.168067226890827,0
583,4,0,0,37,0.0,0.0,1.0,37,1100,800,300,0.7272727272727273,14,8,6,361.7585623546711,0.80248998998999,0.17756766161823534,0.21375740685809622,131663.90483276665,2126.108985260793,133790.01381802745,582,8,308.4594594594595,34,3,16,34.14071260101303,0.6412377450980391,43.42261904761906,1026.3095238095254,30.185574229691923,0
584,4,0,0,37,0.0,0.0,1.0,37,1100,700,400,0.6363636363636364,15,7,8,365.8922246584582,0.8025525525525525,0.18427518427518375,0.21672077922077934,131755.5555555557,2241.6666666666874,133997.2222222224,583,9,309.4594594594595,34,3,16,33.942099567099575,0.642156862745098,43.33333333333334,1026.666666666668,30.19607843137259,0
585,4,1,1,37,0.02631578947368421,0.02631578947368421,0.9736842105263158,38,750,500,250,0.6666666666666666,10,5,5,361.39103727606397,0.8095661450924609,0.17452373264449417,0.2158885725298376,132079.4781267757,1946.4679206233573,134025.94604739908,584,0,302.2894736842105,36,2,17,33.73091951504527,0.6412037037037035,43.01801801801803,1027.92792792793,28.553553553553613,0
586,4,1,1,37,0.02631578947368421,0.02631578947368421,0.9736842105263158,38,1100,700,400,0.6363636363636364,15,7,8,359.70956570533224,0.8084103840682788,0.178265928584183,0.21637039511847433,132340.06123944916,1920.7971907718822,134260.85843022104,585,0,303.2631578947368,36,2,18,33.51163766371166,0.6438078703703702,42.764639639639654,1028.9414414414434,28.58170670670676,0
587,4,0,0,37,0.0,0.0,1.0,37,1250,900,350,0.72,16,9,7,371.03712030396423,0.8002377377377378,0.17273077558209948,0.21432850125793704,130794.8133680556,2310.7810407535985,133105.5944088092,586,1,312.13513513513516,33,4,19,34.782331975560076,0.6347853535353535,44.270833333333336,1022.9166666666671,30.99747474747476,3
588,4,2,2,37,0.05128205128205128,0.05128205128205128,0.9487179487179487,39,850,700,150,0.8235294117647058,10,7,3,353.95597858417585,0.8133715699505174,0.14675839066082963,0.20731707317073172,131328.12500000015,1497.9600694444598,132826.0850694446,587,0,297.0769230769231,34,5,20,34.67987804878048,0.6378676470588235,43.75000000000001,1025.0000000000011,30.147058823529445,0
589,4,1,0,38,0.02631578947368421,0.0,1.0,38,550,400,150,0.7272727272727273,7,4,3,366.5571593516254,0.8050023707918444,0.1621314906816631,0.21191268464455465,130826.1546039985,1991.0527201076525,132817.20732410616,588,0,305.86842105263156,33,5,19,34.86513735824946,0.6351010101010102,44.240196078431374,1023.0392156862748,31.00118835412954,1
590,4,2,0,40,0.05,0.0,1.0,40,750,600,150,0.8,9,6,3,349.3803875572246,0.8147702991452992,0.15838977311208913,0.20511337663150783,131417.1157648534,1182.9125675154264,132600.02833236882,589,0,291.525,35,5,21,34.707289197426334,0.6366071428571429,43.66319444444444,1025.3472222222224,29.295634920634924,0
591,4,0,0,40,0.0,0.0,1.0,40,1250,1000,250,0.8,15,10,5,350.4165461054592,0.8142094017094017,0.1605635789236146,0.20636158459353388,131535.817003708,1218.465336719817,132754.28234042783,590,1,292.525,35,5,22,34.56093215239383,0.637797619047619,43.5474537037037,1025.8101851851852,29.308862433862434,0
592,4,1,2,39,0.024390243902439025,0.04878048780487805,0.9512195121951219,41,1250,1100,150,0.88,14,11,3,345.59047014466,0.8183943089430894,0.1572368421052628,0.20519434164839184,131848.0642804967,913.086904472036,132761.15118496874,591,0,286.3658536585366,36,5,16,34.36997441520468,0.6388888888888888,43.24324324324324,1027.0270270270269,28.528528528528525,0
593,4,0,0,39,0.0,0.0,1.0,39,1350,1100,250,0.8148148148148148,16,11,5,359.4527042696279,0.8087044534412956,0.1650917610308471,0.21201252317699623,131595.18771701396,1660.4492187500036,133255.63693576396,592,3,302.0,35,4,16,34.269247038917094,0.6383928571428571,43.489583333333336,1026.0416666666672,29.315476190476204,0
594,4,1,0,40,0.025,0.0,1.0,40,1350,1200,150,0.8888888888888888,15,12,3,356.8542691345476,0.8097222222222222,0.16884522635098098,0.21236669910727216,131934.82069485047,1416.3008024917067,133351.12149734216,593,0,295.425,36,4,18,33.99329533413716,0.6397569444444443,43.1587837837838,1027.3648648648666,28.53791291291296,0
595,4,1,1,40,0.024390243902439025,0.024390243902439025,0.975609756097561,41,850,400,450,0.47058823529411764,13,4,9,368.0423512688253,0.8117886178861788,0.16835256252606356,0.21919180241362696,131963.74584043512,1522.5551142358656,133486.300954671,594,0,289.1951219512195,36,5,18,33.67674996346631,0.6400462962962963,43.130630630630634,1027.4774774774783,28.541041041041062,2
596,4,0,0,40,0.0,0.0,1.0,40,1000,500,500,0.5,15,5,10,379.1584001290139,0.8045405982905983,0.1716542750929373,0.22574038349733408,131951.6933111495,2006.1185860339294,133957.81189718342,595,1,297.275,35,5,18,33.403387968908426,0.6419642857142858,43.1423611111111,1027.4305555555538,29.35515873015868,0
597,4,0,0,40,0.0,0.0,1.0,40,1000,400,600,0.4,16,4,12,381.31444489117706,0.8037660256410256,0.1784125464579347,0.2273801851033417,132011.15779588887,2067.5522708761714,134078.71006676505,596,2,298.275,35,5,18,33.287931261027886,0.6425595238095239,43.084490740740726,1027.6620370370354,29.361772486772438,0
598,4,0,0,40,0.0,0.0,1.0,40,1500,1000,500,0.6666666666666666,20,10,10,377.62441629737776,0.8026442307692307,0.17611448834853105,0.2258880599306131,132130.12695312488,1979.1124131944307,134109.23936631932,597,3,299.275,35,5,18,33.26262242485646,0.64375,42.96874999999999,1028.124999999999,29.374999999999975,0
599,4,0,0,40,0.0,0.0,1.0,40,750,400,350,0.5333333333333333,11,4,7,378.68062775494695,0.8026976495726496,0.17841024198086686,0.22687642465291305,132189.6316256214,2011.5305373370857,134201.1621629585,598,4,300.275,35,5,19,33.175412680547716,0.6443452380952381,42.91087962962962,1028.3564814814802,29.381613756613717,0
600,4,0,0,40,0.0,0.0,1.0,40,850,600,250,0.7058823529411765,11,6,5,381.5052972443961,0.8026709401709402,0.1766876687668768,0.229109397426229,132278.91375171448,2093.02126200272,134371.93501371722,599,5,301.275,35,5,20,33.01267626762676,0.6452380952380954,42.82407407407406,1028.703703703702,29.391534391534346,0
601,4,0,0,40,0.0,0.0,1.0,40,1050,800,250,0.7619047619047619,13,8,5,381.9465585280264,0.8021100427350427,0.17921774828478232,0.22991786404012723,132368.22601862554,2111.5176772547884,134479.74369588034,600,6,302.275,35,5,20,32.91120702583137,0.6461309523809524,42.73726851851851,1029.050925925925,29.401455026455,0
602,4,1,1,40,0.024390243902439025,0.024390243902439025,0.975609756097561,41,800,500,300,0.625,11,5,6,375.88991288978696,0.8043191056910569,0.17203617429432772,0.2278896610844073,132636.3436642659,1771.3360821759036,134407.6797464418,601,0,295.8780487804878,35,6,14,32.796816479400746,0.648809523809524,42.47685185185184,1030.092592592591,29.431216931216888,0
603,4,0,0,40,0.0,0.0,1.0,40,1200,700,500,0.5833333333333334,17,7,10,382.24166309581733,0.8000801282051282,0.1755664085076869,0.2314046625221772,132581.847009637,2135.6611394557544,134717.50814909273,602,8,304.275,34,6,21,32.68817670404191,0.6504289215686276,42.52976190476189,1029.8809523809507,30.29061624649855,0
604,4,2,2,40,0.047619047619047616,0.047619047619047616,0.9523809523809523,42,1200,1100,100,0.9166666666666666,13,11,2,364.051501887417,0.8132017034456059,0.16662508705730739,0.22325568007312654,133065.25063915248,1288.520868841793,134353.77150799427,603,0,290.73809523809524,36,6,15,32.67049588881612,0.6510416666666667,42.0608108108108,1031.7567567567553,28.65990990990987,0
605,4,1,1,40,0.024390243902439025,0.024390243902439025,0.975609756097561,41,550,300,250,0.5454545454545454,8,3,5,372.28193600323584,0.8047764227642277,0.17674510265470733,0.2276873254443947,132964.41139671195,1700.0496988597145,134664.46109557166,604,0,298.8048780487805,35,6,15,32.55959394755545,0.6520833333333333,42.1585648148148,1031.3657407407393,29.467592592592553,0
606,4,0,1,39,0.0,0.025,0.975,40,700,500,200,0.7142857142857143,9,5,4,382.2518950521152,0.7996527777777778,0.18716653193209432,0.23292886412781597,132827.17013888885,2154.687499999995,134981.85763888885,605,11,307.275,34,6,16,32.44071678792778,0.6528799019607843,42.291666666666664,1030.833333333333,30.318627450980383,0
607,4,0,0,39,0.0,0.0,1.0,39,1100,900,200,0.8181818181818182,13,9,4,385.96061626364644,0.7992577597840756,0.1787101787101788,0.23586482105000628,132934.57031250012,2461.501736111126,135396.07204861124,606,12,304.2307692307692,33,6,16,32.23695286195286,0.65625,42.18750000000001,1031.250000000001,31.25000000000003,0
608,4,0,1,38,0.0,0.02564102564102564,0.9743589743589743,39,1350,1000,350,0.7407407407407407,17,10,7,389.0718088727985,0.7981893837156996,0.1783456165505315,0.23938289599237256,133187.4478115388,2563.8962478373614,135751.34405937616,607,13,305.2307692307692,33,6,17,31.902108314535596,0.6587752525252526,41.94240196078431,1032.2303921568623,31.27970885323825,0
609,4,0,1,37,0.0,0.02631578947368421,0.9736842105263158,38,700,500,200,0.7142857142857143,9,5,4,394.21862238313435,0.7960822664770033,0.1765238910622553,0.24234373997888733,133155.82498317948,2898.50117743175,136054.32616061124,608,14,308.5263157894737,33,5,17,31.801135913876347,0.658459595959596,41.97303921568627,1032.1078431372546,31.275995246583474,0
610,4,0,0,37,0.0,0.0,1.0,37,1200,900,300,0.75,15,9,6,405.2676773486935,0.7936686686686687,0.18115949221347694,0.24798738998213307,132983.40292125804,3378.77496556474,136362.17788682278,609,16,317.4864864864865,32,5,17,31.68992532745746,0.6591796875,42.140151515151516,1031.439393939394,32.23248106060606,0
611,4,0,0,37,0.0,0.0,1.0,37,900,600,300,0.6666666666666666,12,6,6,405.0183837425225,0.7938563563563563,0.18319237117425868,0.24826745788148186,133048.52701573828,3377.419874247538,136425.94688998582,610,17,318.4864864864865,32,5,18,31.630665361236904,0.6598307291666666,42.07702020202021,1031.6919191919199,32.240372474747495,0
612,4,0,0,37,0.0,0.0,1.0,37,850,500,350,0.5882352941176471,12,5,7,409.6126588670984,0.7929179179179179,0.19423754029258578,0.2519626400480462,133178.82303145112,3510.346361340713,136689.16939279184,611,18,319.4864864864865,32,5,18,31.380733944954137,0.6611328124999998,41.95075757575759,1032.1969696969718,32.25615530303037,0
613,4,0,0,37,0.0,0.0,1.0,37,650,400,250,0.6153846153846154,9,4,5,409.2681769179805,0.7913538538538538,0.19677897075157347,0.2519711306085399,133211.40699928586,3503.837937455371,136715.24493674122,612,19,320.4864864864865,32,5,19,31.35676573711677,0.6614583333333333,41.919191919191924,1032.3232323232328,32.260101010101025,0
614,4,0,0,37,0.0,0.0,1.0,37,1000,700,300,0.7,13,7,6,411.0451874390993,0.7901026026026026,0.19516288905041956,0.25395389979243466,133341.78272625254,3561.899614835237,136903.68234108778,613,20,321.4864864864865,32,5,20,31.179451915240435,0.6627604166666665,41.7929292929293,1032.8282828282838,32.27588383838387,0
615,4,0,0,37,0.0,0.0,1.0,37,750,600,150,0.8,9,6,3,412.43153956746676,0.788475975975976,0.1992925346218759,0.2554827621711267,133439.60636988585,3606.940458881766,137046.5468287676,614,21,322.4864864864865,32,5,20,31.045052751639577,0.6637369791666665,41.69823232323233,1033.2070707070718,32.287720959595994,0
616,4,0,0,37,0.0,0.0,1.0,37,850,600,250,0.7058823529411765,11,6,5,412.74483775561794,0.7875375375375375,0.20283274171440668,0.25638189033446707,133541.67569950284,3623.735425166329,137165.41112466916,615,22,323.4864864864865,30,7,20,30.934113567403557,0.6701388888888888,41.5994623655914,1033.6021505376345,34.45340501792115,0
617,4,0,0,37,0.0,0.0,1.0,37,1450,1000,450,0.6896551724137931,19,10,9,410.70805394004555,0.7859109109109109,0.19619266710679484,0.2560316612552466,133674.12143283425,3580.2076551649407,137254.32908799918,616,23,324.4864864864865,31,6,20,30.85337446487032,0.6686827956989246,41.47135416666667,1034.1145833333337,33.358534946236574,0
618,4,0,0,37,0.0,0.0,1.0,37,1050,700,350,0.6666666666666666,14,7,7,413.8818628997833,0.7847222222222222,0.20485037699080766,0.259189847475538,133842.48733520508,3678.995598687067,137521.48293389214,617,24,325.4864864864865,31,6,18,30.601825636508543,0.6703629032258064,41.30859375,1034.765625,33.379536290322584,0
619,4,0,0,37,0.0,0.0,1.0,37,600,500,100,0.8333333333333334,7,5,2,413.2523202527551,0.7837212212212212,0.2040560943429588,0.2590322903287774,133876.17323133687,3664.927842881955,137541.10107421884,618,25,326.4864864864865,31,6,18,30.58421405804395,0.6706989247311828,41.27604166666667,1034.895833333334,33.383736559139805,0
620,4,0,0,37,0.0,0.0,1.0,37,1350,900,450,0.6666666666666666,18,9,9,412.4994807647113,0.7822822822822822,0.20734085858551565,0.2599858058639077,134078.3776177301,3661.4522298177185,137739.8298475478,619,26,327.4864864864865,31,6,19,30.400322688793896,0.6727150537634409,41.08072916666667,1035.677083333334,33.40893817204303,0
621,4,0,0,37,0.0,0.0,1.0,37,1250,900,350,0.72,16,9,7,413.35186663906404,0.7810935935935935,0.20662291250526565,0.2610021786492376,134145.81298828122,3689.8844401041674,137835.69742838538,620,27,328.4864864864865,31,6,19,30.31045751633988,0.6733870967741935,41.015625,1035.9374999999998,33.41733870967741,0
622,4,0,0,37,0.0,0.0,1.0,37,700,300,400,0.42857142857142855,11,3,8,418.3664741320509,0.779029029029029,0.20808875701477159,0.26538768928806805,134314.47558932827,3838.534715440527,138153.0103047688,621,28,329.4864864864865,31,6,20,30.01101725076414,0.6750672043010753,40.85286458333333,1036.588541666666,33.43834005376342,0
623,4,0,0,37,0.0,0.0,1.0,37,950,700,250,0.7368421052631579,12,7,5,417.9151396160146,0.7787787787787788,0.20729546426607448,0.2653461197466274,134348.2208251953,3829.2310926649297,138177.45191786025,622,29,330.4864864864865,31,6,21,29.98880097128025,0.6754032258064517,40.8203125,1036.71875,33.44254032258065,0
624,4,0,0,37,0.0,0.0,1.0,37,650,400,250,0.6153846153846154,9,4,5,418.4225520364349,0.7790915915915916,0.208457358526428,0.26591370964613975,134381.97029961474,3845.6893920898387,138227.65969170458,623,30,331.4864864864865,31,6,21,29.941735736112857,0.675739247311828,40.787760416666664,1036.848958333333,33.44674059139784,0
625,4,0,0,37,0.0,0.0,1.0,37,1100,1000,100,0.9090909090909091,12,10,2,415.0312760074098,0.7789039039039038,0.20760397703402877,0.26523521943519884,134585.64573939177,3771.5564205131204,138357.20215990487,624,31,332.4864864864865,30,7,22,29.825129533678755,0.6805555555555556,40.59139784946236,1037.63440860215,34.587813620071664,0
626,4,0,0,37,0.0,0.0,1.0,37,1300,1000,300,0.7692307692307693,16,10,6,417.6528074607088,0.7779029029029029,0.2107086371716098,0.26793607016831517,134725.14886113998,3853.667331483401,138578.81619262337,625,32,333.4864864864865,30,7,24,29.61710253754531,0.6819444444444445,40.456989247311824,1038.1720430107523,34.605734767025076,0
627,4,0,0,37,0.0,0.0,1.0,37,1000,700,300,0.7,13,7,6,422.93291404966624,0.7747747747747747,0.21214590188584226,0.2726312337522826,134899.62938273203,4010.6986718117546,138910.3280545438,626,33,334.4864864864865,30,7,18,29.304944581015217,0.6836805555555556,40.28897849462365,1038.8440860215046,34.62813620071682,0
628,4,0,0,37,0.0,0.0,1.0,37,650,500,150,0.7692307692307693,8,5,3,421.2346732142047,0.7751501501501501,0.21204987416292131,0.2717082827466562,134922.53833346887,3966.810268825944,138889.3486022948,627,34,335.4864864864865,31,6,18,29.32606947403602,0.6811155913978495,40.26692708333333,1038.9322916666658,33.51394489247309,0
629,4,0,0,37,0.0,0.0,1.0,37,900,500,400,0.5555555555555556,13,5,8,421.7174830623128,0.7728978978978979,0.2161965148236562,0.27267530267760365,135009.66299676042,3987.1870536169654,138996.8500503774,628,35,336.4864864864865,32,5,18,29.226147086218766,0.6793619791666667,40.1830808080808,1039.267676767676,32.477114898989875,0
630,4,0,0,37,0.0,0.0,1.0,37,1050,700,350,0.6666666666666666,14,7,7,424.39567067438526,0.7726476476476476,0.2153889587388924,0.2749055512716139,135075.2813010152,4065.072919855116,139140.35422087033,629,36,337.4864864864865,32,5,18,29.090752662051095,0.6800130208333334,40.119949494949495,1039.5202020202019,32.48500631313131,0
631,4,0,0,37,0.0,0.0,1.0,37,1050,700,350,0.6666666666666666,14,7,7,427.67343174043907,0.7730855855855856,0.21176586422488097,0.2775327588953912,135140.9155475206,4159.235824150593,139300.15137167118,630,37,338.4864864864865,32,5,18,28.939738919247112,0.6806640625,40.05681818181818,1039.7727272727268,32.49289772727271,0
632,4,0,0,37,0.0,0.0,1.0,37,1100,800,300,0.7272727272727273,14,8,6,426.3432497893921,0.7705830830830831,0.20025777506665765,0.2781864387580666,135337.91394054174,4140.081209825528,139477.99515036726,631,38,339.4864864864865,32,5,20,28.776847469967237,0.6826171875,39.86742424242424,1040.5303030303028,32.51657196969696,0
633,4,0,0,37,0.0,0.0,1.0,37,1050,800,250,0.7619047619047619,13,8,5,426.3432497893921,0.7693943943943944,0.20025777506665765,0.2781864387580666,135337.91394054174,4140.081209825528,139477.99515036726,632,39,340.4864864864865,32,5,20,28.776847469967237,0.6826171875,39.86742424242424,1040.5303030303028,32.51657196969696,0
634,4,0,0,37,0.0,0.0,1.0,37,600,300,300,0.5,9,3,6,424.0041388699601,0.7682057057057057,0.1951270693233571,0.27716622654282974,135403.6119560505,4082.338377461495,139485.950333512,633,40,341.4864864864865,32,5,20,28.771887257875367,0.6832682291666666,39.804292929292934,1040.782828282829,32.52446338383841,0
635,4,0,0,37,0.0,0.0,1.0,37,1450,1200,250,0.8275862068965517,17,12,5,421.8660261946359,0.76758008008008,0.19273554417866823,0.27652680858513295,135502.18887103378,4032.753991939626,139534.9428629734,634,41,342.4864864864865,32,5,21,28.72882811868382,0.6842447916666666,39.70959595959597,1041.1616161616178,32.536300505050555,0
636,4,0,0,37,0.0,0.0,1.0,37,1050,800,250,0.7619047619047619,13,8,5,428.73348567078096,0.7669544544544544,0.19638462619398456,0.28234678454930023,135669.8519483026,4233.43301225641,139903.284960559,635,42,343.4864864864865,29,8,21,28.382187930498155,0.6943247126436782,39.548611111111114,1041.8055555555563,35.924329501915736,0
637,4,0,0,37,0.0,0.0,1.0,37,750,600,150,0.8,9,6,3,431.9842494805898,0.7649524524524525,0.19634933440903635,0.28535297606534754,135778.39506172843,4330.825617283962,140109.2206790124,636,43,344.4864864864865,29,8,21,28.188854832977977,0.6954022988505747,39.44444444444445,1042.2222222222226,35.93869731800768,0
638,4,0,0,37,0.0,0.0,1.0,37,900,600,300,0.6666666666666666,12,6,6,433.93400026505924,0.7649524524524525,0.20040080160320684,0.28121177419774623,135091.6883680555,4324.175347222218,139415.86371527772,637,44,345.4864864864865,29,8,20,28.826402805611217,0.6885775862068966,40.104166666666664,1039.583333333333,35.847701149425276,1
639,4,0,0,37,0.0,0.0,1.0,37,1050,900,150,0.8571428571428571,12,9,3,432.9793492673024,0.7632632632632632,0.20093688104545038,0.2812729828111769,135179.03307101972,4305.945954734643,139484.97902575435,638,45,346.4864864864865,30,7,20,28.763571151609153,0.6864583333333334,40.02016129032258,1039.919354838709,34.663978494623635,0
640,4,0,0,37,0.0,0.0,1.0,37,750,200,550,0.26666666666666666,13,2,11,433.7828285766983,0.7636386386386387,0.201281146745091,0.28206819559046165,135213.97885593717,4330.70044224767,139544.67929818484,639,46,347.4864864864865,30,7,20,28.707622555354526,0.6868055555555556,39.98655913978495,1040.0537634408608,34.66845878136203,0
641,4,0,0,37,0.0,0.0,1.0,37,1000,700,300,0.7,13,7,6,433.7828285766983,0.7633258258258259,0.201281146745091,0.28206819559046165,135213.97885593717,4330.70044224767,139544.67929818484,640,47,348.4864864864865,30,7,20,28.707622555354526,0.6868055555555556,39.98655913978495,1040.0537634408608,34.66845878136203,0
642,4,0,0,37,0.0,0.0,1.0,37,850,400,450,0.47058823529411764,13,4,9,435.99810374643613,0.7647022022022022,0.19763949996508168,0.2840593706226782,135283.88397502602,4396.7033761128505,139680.58735113888,641,48,349.4864864864865,30,7,20,28.579888027562447,0.6875,39.91935483870968,1040.3225806451615,34.67741935483871,0
643,4,0,0,37,0.0,0.0,1.0,37,900,700,200,0.7777777777777778,11,7,4,437.72958323372745,0.7638888888888888,0.19187653562653595,0.2862988084934109,135423.74841022084,4455.796190311027,139879.54460053187,642,49,350.4864864864865,30,7,22,28.394563533057863,0.6888888888888889,39.78494623655914,1040.8602150537636,34.69534050179212,0
644,4,0,0,37,0.0,0.0,1.0,37,1200,800,400,0.6666666666666666,16,8,8,443.76899169476053,0.7639514514514515,0.19866329933444016,0.29138323285178025,135563.6851081051,4631.791970169974,140195.4770782751,643,50,351.4864864864865,30,7,22,28.09703579418344,0.6902777777777778,39.65053763440861,1041.3978494623664,34.713261648745544,0
645,4,0,0,37,0.0,0.0,1.0,37,900,700,200,0.7777777777777778,11,7,4,443.76899169476053,0.7639514514514515,0.19866329933444016,0.29138323285178025,135563.6851081051,4631.791970169974,140195.4770782751,644,51,352.4864864864865,30,7,22,28.09703579418344,0.6902777777777778,39.65053763440861,1041.3978494623664,34.713261648745544,0
646,4,0,0,37,0.0,0.0,1.0,37,800,600,200,0.75,10,6,4,441.24918078756326,0.7638888888888888,0.19770990502697816,0.2900118661512153,135598.68057362124,4566.561343796971,140165.2419174182,645,52,353.4864864864865,30,7,22,28.127554093001248,0.690625,39.61693548387097,1041.5322580645163,34.71774193548388,0
647,4,0,0,37,0.0,0.0,1.0,37,1000,600,400,0.6,14,6,8,440.0782669738979,0.761011011011011,0.1982342198255831,0.2904052099476832,135742.209201389,4547.443752529205,140289.6529539182,646,53,354.4864864864865,29,8,22,28.014210982273738,0.6950431034482758,39.47916666666667,1042.0833333333342,35.93390804597704,0
648,4,0,0,37,0.0,0.0,1.0,37,750,600,150,0.8,9,6,3,440.18178420693096,0.7606356356356356,0.1974899616471899,0.29106293308132314,135814.58574459888,4556.621334876557,140371.20707947543,647,54,355.4864864864865,29,8,22,27.939012880302023,0.6957614942528736,39.40972222222223,1042.361111111112,35.94348659003835,0
649,4,0,0,37,0.0,0.0,1.0,37,1000,500,500,0.5,15,5,10,439.7752679507332,0.7586336336336337,0.1920546012181601,0.291681334962377,135923.18672839523,4555.131172839524,140478.31790123475,648,55,356.4864864864865,29,8,18,27.84085863967324,0.69683908045977,39.305555555555564,1042.777777777779,35.95785440613031,0
650,4,0,0,37,0.0,0.0,1.0,37,1000,600,400,0.6,14,6,8,418.80032929552056,0.7580705705705706,0.1899649588776322,0.26859409574631576,134714.57791296794,3896.7420416283885,138611.31995459634,649,56,357.4864864864865,32,5,21,29.59792832238709,0.6764322916666667,40.46717171717171,1038.1313131313123,32.44160353535351,3
651,4,0,0,37,0.0,0.0,1.0,37,1400,900,500,0.6428571428571429,19,9,10,418.6285227059313,0.7571946946946947,0.18736503741976196,0.26872617815853794,134747.3492022497,3881.8167470155995,138629.1659492653,650,57,358.4864864864865,32,5,21,29.569500182415176,0.6767578125,40.435606060606055,1038.257575757575,32.44554924242422,0
652,4,0,0,37,0.0,0.0,1.0,37,1100,1000,100,0.9090909090909091,12,10,2,413.7161649549313,0.7571946946946947,0.20099807302732375,0.26131956377638266,134158.07578627174,3700.67292240587,137858.74870867762,651,58,359.4864864864865,32,5,19,30.288695917123697,0.6708984375,41.003787878787875,1035.984848484848,32.3745265151515,1
653,4,0,1,36,0.0,0.02702702702702703,0.972972972972973,37,1000,800,200,0.8,12,8,4,413.687651756096,0.7563813813813813,0.1979611190137509,0.26200217944552745,134256.19834710742,3708.0262855830993,137964.22463269052,652,59,360.4864864864865,32,5,19,30.190819931773866,0.671875,40.90909090909091,1036.363636363636,32.386363636363626,0
654,4,0,0,36,0.0,0.0,1.0,36,1050,900,150,0.8571428571428571,12,9,3,411.2475796649388,0.7523148148148149,0.18688098717324286,0.2613904894898202,134387.08422609937,3853.2726252423254,138240.3568513417,653,60,362.3611111111111,32,4,19,30.12258483520053,0.6731770833333334,40.782828282828284,1036.8686868686868,32.402146464646464,0
655,4,0,0,36,0.0,0.0,1.0,36,1000,800,200,0.8,12,8,4,407.2514959436138,0.7538359788359789,0.18016510486389992,0.2600144166409227,134550.78125000003,3759.3010279563323,138310.08227795636,654,61,363.3611111111111,31,5,20,30.06191432396251,0.6774193548387097,40.625,1037.5000000000002,33.46774193548388,0
656,4,0,0,36,0.0,0.0,1.0,36,1100,1000,100,0.9090909090909091,12,10,2,410.17195047515804,0.75244708994709,0.17720138279039288,0.26260888491867357,134652.11868286136,3846.1044311523447,138498.2231140137,655,62,364.3611111111111,31,5,20,29.88450319909672,0.6784274193548387,40.52734375,1037.8906250000002,33.480342741935495,0
657,4,0,0,36,0.0,0.0,1.0,36,700,300,400,0.42857142857142855,11,3,8,400.11363451435426,0.7521494708994709,0.16040390457692166,0.24727244282590696,133352.65024862823,3471.242712620022,136823.89296124826,656,63,365.3611111111111,35,1,19,31.450769460630504,0.655952380952381,41.782407407407405,1032.87037037037,29.510582010582,7
658,4,0,0,36,0.0,0.0,1.0,36,550,300,250,0.5454545454545454,8,3,5,397.9775439587599,0.7523809523809525,0.16045751633986938,0.2461503520327049,133382.53821855708,3416.650993441356,136799.18921199843,657,64,366.3611111111111,35,1,19,31.47584033613445,0.65625,41.75347222222222,1032.986111111111,29.51388888888889,0
659,4,0,0,36,0.0,0.0,1.0,36,450,300,150,0.6666666666666666,6,3,3,396.15844048275244,0.7521494708994709,0.16051111609032276,0.24522262411574536,133412.4295374657,3370.492005315503,136782.9215427812,658,65,367.3611111111111,35,1,19,31.492736574800205,0.6565476190476189,41.72453703703704,1033.101851851852,29.51719576719577,0
660,4,1,2,35,0.02702702702702703,0.05405405405405406,0.9459459459459459,37,950,700,250,0.7368421052631579,12,7,5,384.9288427643278,0.7643268268268268,0.14813462591635362,0.24008976379069946,133693.92368620256,2892.5696535876677,136586.49333979024,659,0,358.4054054054054,33,4,19,31.49995556345539,0.6638257575757576,41.45220588235295,1034.1911764705892,31.339126559714824,0
661,4,0,0,35,0.0,0.0,1.0,35,1000,700,300,0.7,13,7,6,392.19074340088855,0.7442577030812324,0.15266232973472627,0.2446636998626566,133700.64478433336,3487.231054229179,137187.87583856253,660,67,363.7142857142857,32,3,15,31.30544703536404,0.6663411458333333,41.44570707070708,1034.2171717171727,32.31928661616165,0
662,4,0,0,35,0.0,0.0,1.0,35,750,600,150,0.8,9,6,3,392.01408624649025,0.7434873949579831,0.15478515625,0.24476977092463814,133733.2925211716,3485.0668936843567,137218.35941485595,661,68,364.7142857142857,32,3,16,31.27721150716146,0.6666666666666665,41.41414141414143,1034.3434343434367,32.323232323232396,0
663,4,1,0,36,0.027777777777777776,0.0,1.0,36,950,800,150,0.8421052631578947,11,8,3,386.0207396586813,0.7534060846560847,0.1544031607041898,0.24327078828154522,134074.4113592131,3151.100688437172,137225.51204765026,662,0,355.55555555555554,33,3,17,31.0898858123299,0.6676136363636362,41.08455882352943,1035.6617647058847,31.383689839572263,0
664,4,0,0,36,0.0,0.0,1.0,36,700,400,300,0.5714285714285714,10,4,6,385.02078267229854,0.7515873015873017,0.15151933338590484,0.24327097882747517,134169.61775519056,3131.6182477893403,137301.2360029799,663,1,356.55555555555554,33,3,17,31.02032568409431,0.668560606060606,40.99264705882354,1036.029411764708,31.394830659536602,0
665,4,0,0,36,0.0,0.0,1.0,36,950,800,150,0.8421052631578947,11,8,3,380.70143714317436,0.7534060846560847,0.15221118599976302,0.24116794411384496,134264.857942258,3022.964875288376,137287.82281754637,664,2,357.55555555555554,33,3,17,31.036789050490718,0.6695075757575757,40.90073529411766,1036.3970588235313,31.40597147950095,0
666,4,1,0,37,0.02702702702702703,0.0,1.0,37,1150,800,350,0.6956521739130435,15,8,7,370.9220263475923,0.759009009009009,0.1496665496665497,0.23764822716823836,134677.95589436777,2591.308180747815,137269.26407511559,665,0,348.86486486486484,33,4,19,30.87711530893349,0.6736111111111109,40.50245098039217,1037.990196078433,31.454248366013122,0
667,4,0,0,37,0.0,0.0,1.0,37,1150,900,250,0.782608695652174,14,9,5,370.76308024835,0.7588838838838838,0.14374856442845085,0.23796248605030476,134741.56574394472,2591.4395905421075,137333.00533448684,666,1,349.86486486486484,33,4,20,30.817693578847962,0.6742424242424241,40.44117647058824,1038.2352941176478,31.46167557932266,0
668,4,0,0,37,0.0,0.0,1.0,37,1000,700,300,0.7,13,7,6,371.6849615356195,0.7566941941941941,0.14670487106017194,0.23933219847957807,134859.73816609994,2625.067318594126,137484.80548469405,667,2,350.86486486486484,34,3,14,30.67574021012417,0.6731004901960783,40.32738095238096,1038.6904761904775,30.54971988795522,0
669,4,0,0,37,0.0,0.0,1.0,37,650,400,250,0.6153846153846154,9,4,5,369.3029758236052,0.7567567567567568,0.1441813074676599,0.23820451367425025,134921.5720663267,2565.3876133787057,137486.9596797054,668,3,351.86486486486484,34,3,14,30.67587181543867,0.6737132352941175,40.26785714285715,1038.928571428573,30.556722689075674,0
670,4,0,0,37,0.0,0.0,1.0,37,1450,1000,450,0.6896551724137931,19,10,9,367.2945716179622,0.7559434434434434,0.14183615329353172,0.23711146605632982,134952.49433106606,2513.4637188208967,137465.95804988695,669,4,352.86486486486484,34,3,14,30.69718148487626,0.6740196078431371,40.238095238095255,1039.0476190476213,30.56022408963592,0
671,4,0,0,37,0.0,0.0,1.0,37,1000,700,300,0.7,13,7,6,370.74317032312916,0.7538163163163163,0.14654393284718492,0.24015796463364758,135076.21882086195,2615.7171201814385,137691.9359410434,670,5,353.86486486486484,34,3,14,30.484138799816765,0.6752450980392155,40.119047619047635,1039.5238095238117,30.574229691876813,0
672,4,0,0,37,0.0,0.0,1.0,37,1150,900,250,0.782608695652174,14,9,5,368.6417960346752,0.7521896896896897,0.14636581829993767,0.23969719096726444,135212.03730495553,2568.961655521272,137780.9989604768,671,6,354.86486486486484,35,2,15,30.403312560278938,0.6744047619047618,39.98842592592593,1040.0462962962972,29.715608465608494,0
673,4,0,1,36,0.0,0.02702702702702703,0.972972972972973,37,900,700,200,0.7777777777777778,11,7,4,367.25711231889653,0.7522522522522522,0.14260839230239464,0.23899635542432493,135242.13291162992,2533.727039394733,137775.85995102464,672,7,355.86486486486484,35,2,15,30.40931808909166,0.6747023809523809,39.95949074074075,1040.162037037038,29.718915343915373,0
674,4,0,0,36,0.0,0.0,1.0,36,900,700,200,0.7777777777777778,11,7,4,373.5081892891009,0.7423280423280424,0.1480368207437941,0.24215642294444856,135107.15880102056,2892.726048752852,137999.8848497734,673,8,366.47222222222223,34,2,15,30.381407687316315,0.6755514705882353,40.08928571428572,1039.6428571428582,30.577731092437006,0
675,4,0,0,36,0.0,0.0,1.0,36,500,300,200,0.6,7,3,4,374.99743178829686,0.7409060846560847,0.15393518518518512,0.24374833066239315,135200.00000000015,2939.93055555557,138139.9305555557,674,9,367.47222222222223,34,2,15,30.25006677350428,0.676470588235294,40.00000000000001,1040.0000000000011,30.58823529411768,0
676,4,0,0,36,0.0,0.0,1.0,36,1300,1200,100,0.9230769230769231,14,12,2,374.795661250818,0.741931216931217,0.15448945340809384,0.24424603159365396,135292.87308673473,2941.4363662131495,138234.30945294787,675,10,368.47222222222223,34,2,17,30.162680703360408,0.677389705882353,39.910714285714285,1040.3571428571431,30.598739495798327,0
677,4,0,0,36,0.0,0.0,1.0,36,700,500,200,0.7142857142857143,9,5,4,374.6087342251702,0.7408730158730159,0.15485721910861994,0.24496665395143327,135416.7534722222,2945.6597222222176,138362.4131944444,676,11,369.47222222222223,34,2,17,30.04403522818254,0.6786151960784315,39.791666666666664,1040.8333333333333,30.612745098039213,0
678,4,0,0,36,0.0,0.0,1.0,36,1150,800,350,0.6956521739130435,15,8,7,373.36328125898376,0.7383928571428572,0.15481633897271796,0.24520885769171086,135571.68367346932,2923.4977324262954,138495.18140589562,677,12,370.47222222222223,34,2,17,29.922077427221456,0.6801470588235294,39.64285714285714,1041.4285714285709,30.63025210084032,0
679,4,0,0,36,0.0,0.0,1.0,36,800,500,300,0.625,11,5,6,373.4400000000001,0.7383928571428572,0.16000000000000014,0.24568421052631564,135633.68055555536,2930.2225056689094,138563.90306122426,678,13,371.47222222222223,33,3,17,29.85833333333333,0.6830808080808082,39.58333333333332,1041.6666666666652,31.56565656565652,0
680,4,0,0,36,0.0,0.0,1.0,36,600,400,200,0.6666666666666666,8,4,4,372.3794824647511,0.7383928571428572,0.15564311665229114,0.24542405890816382,135697.51567906578,2906.1941320645924,138603.70981113036,679,14,372.47222222222223,33,3,17,29.822394730651613,0.6837121212121212,39.52205882352941,1041.9117647058824,31.573083778966133,0
681,4,0,0,36,0.0,0.0,1.0,36,950,700,250,0.7368421052631579,12,7,5,374.23336650806647,0.7376322751322751,0.15846367948567197,0.24686627737921546,135729.43887266915,2958.896968713958,138688.33584138312,680,15,373.47222222222223,33,3,17,29.742321337567134,0.6840277777777778,39.49142156862745,1042.0343137254902,31.576797385620914,0
682,4,0,0,36,0.0,0.0,1.0,36,800,600,200,0.75,10,6,4,372.701605798626,0.7359457671957672,0.16359040677169068,0.2465163187343011,135825.23098087273,2924.45633890811,138749.68731978085,681,16,374.47222222222223,33,3,17,29.686887687122816,0.6849747474747475,39.39950980392157,1042.4019607843136,31.58793820558526,0
683,4,0,0,36,0.0,0.0,1.0,36,1300,1100,200,0.8461538461538461,15,11,4,369.9973321649769,0.734457671957672,0.15639703737523636,0.24575789439707088,135974.91673752843,2862.071286848084,138836.9880243765,682,17,375.47222222222223,34,2,15,29.608492181257844,0.6841299019607843,39.25595238095239,1042.9761904761913,30.675770308123273,0
684,4,0,0,36,0.0,0.0,1.0,36,650,200,450,0.3076923076923077,11,2,9,364.88878946206563,0.73369708994709,0.10280904612400121,0.23120246004779782,134273.0229591836,2598.944160997724,136871.96712018133,683,18,376.47222222222223,34,2,18,31.43832797304541,0.6672794117647058,40.89285714285714,1036.4285714285709,30.483193277310907,5
685,4,0,0,36,0.0,0.0,1.0,36,1200,800,400,0.6666666666666666,16,8,8,364.1095965907168,0.7337962962962964,0.10480682151558085,0.23168434593876805,134427.29768990932,2589.2538265306157,137016.55151643994,684,19,377.47222222222223,34,2,19,31.304289595530552,0.6688112745098038,40.74404761904762,1037.0238095238096,30.50070028011205,0
686,4,0,0,36,0.0,0.0,1.0,36,900,700,200,0.7777777777777778,11,7,4,364.24832172887506,0.733399470899471,0.10645332007090302,0.2321650056491359,134489.03238378678,2597.4808673469256,137086.5132511337,685,20,378.47222222222223,34,2,19,31.239001109453284,0.6694240196078431,40.6845238095238,1037.2619047619041,30.507703081232474,0
687,4,0,0,36,0.0,0.0,1.0,36,750,300,450,0.4,12,3,9,366.6425268863518,0.732638888888889,0.1114871755647342,0.23428564987840475,134581.66099773243,2668.6720521541947,137250.33304988663,686,21,379.47222222222223,34,2,20,31.08435635612667,0.670343137254902,40.595238095238095,1037.6190476190475,30.51820728291316,0
688,4,0,0,36,0.0,0.0,1.0,36,650,400,250,0.6153846153846154,9,4,5,369.26393044617237,0.7321097883597885,0.10889347709719366,0.23636144975254997,134643.431122449,2743.792517006801,137387.2236394558,687,22,380.47222222222223,34,2,20,30.954634090387707,0.6709558823529411,40.535714285714285,1037.857142857143,30.525210084033613,0
689,4,0,0,36,0.0,0.0,1.0,36,1450,1000,450,0.6896551724137931,19,10,9,371.4139726591267,0.7307208994708995,0.11270951143715946,0.2389539452417567,134828.82653061222,2815.462018140584,137644.2885487528,688,23,381.47222222222223,34,2,17,30.713644352743387,0.6727941176470589,40.357142857142854,1038.5714285714282,30.54621848739495,0
690,4,0,0,36,0.0,0.0,1.0,36,750,400,350,0.5333333333333333,11,4,7,380.2073531735717,0.7305555555555556,0.11392360712966187,0.24398736769880192,134736.11288265302,3045.5321712018103,137781.64505385482,689,24,382.47222222222223,34,2,18,30.578010931468118,0.671875,40.44642857142857,1038.2142857142853,30.535714285714274,1
691,4,0,0,36,0.0,0.0,1.0,36,1000,700,300,0.7,13,7,6,384.0127487804723,0.7292658730158731,0.10843300597398953,0.24684916784171404,134797.91843820858,3152.8238378684764,137950.74227607704,690,25,383.47222222222223,34,2,16,30.417430929726006,0.6724877450980392,40.38690476190476,1038.4523809523807,30.542717086834728,0
692,4,0,1,35,0.0,0.027777777777777776,0.9722222222222222,36,1200,800,400,0.6666666666666666,16,8,8,385.13863033324253,0.7298280423280423,0.1103407441362978,0.24820677166084754,134890.65334467127,3190.3202947845884,138080.97363945586,691,26,384.47222222222223,34,2,16,30.29547711819085,0.673406862745098,40.29761904761905,1038.8095238095243,30.55322128851542,0
693,4,0,0,35,0.0,0.0,1.0,35,850,600,250,0.7058823529411765,11,6,5,389.31566150968735,0.7291316526610644,0.10712600283152418,0.25074768593891417,134868.8304978855,3501.3095924644413,138370.14009034995,692,27,381.77142857142854,33,2,16,30.208824917413857,0.6755050505050504,40.318627450980394,1038.725490196079,31.476530005941786,0
694,4,0,0,35,0.0,0.0,1.0,35,750,600,150,0.8,9,6,3,389.03127203606664,0.7294817927170868,0.10583358608836324,0.2510051083958732,134932.48540224918,3498.5912870049997,138431.07668925417,693,28,382.77142857142854,33,2,18,30.152551702445535,0.6761363636363636,40.25735294117647,1038.9705882352944,31.483957219251344,0
695,4,0,0,35,0.0,0.0,1.0,35,450,200,250,0.4444444444444444,7,2,5,388.3866589533641,0.7296918767507002,0.10568733153638821,0.25103040151863776,134996.15532487506,3486.1411476355233,138482.29647251058,694,29,383.77142857142854,33,2,18,30.105640723270433,0.6767676767676767,40.19607843137255,1039.2156862745098,31.491384432560903,0
696,4,0,0,35,0.0,0.0,1.0,35,1200,1000,200,0.8333333333333334,14,10,4,391.158129755186,0.7296918767507002,0.10333400687007477,0.25371449333662066,135123.54022491348,3570.9342560553578,138694.47448096884,695,30,384.77142857142854,33,2,18,29.906294200848663,0.678030303030303,40.0735294117647,1039.705882352941,31.50623885918003,0
697,4,0,0,35,0.0,0.0,1.0,35,800,500,300,0.625,11,5,6,396.65689811240964,0.7298319327731092,0.1039585296889729,0.2581920054584459,135250.98519800082,3729.6472510572894,138980.63244905812,696,31,385.77142857142854,33,2,18,29.635956644674838,0.6792929292929293,39.950980392156865,1040.1960784313728,31.521093285799175,0
698,4,0,0,35,0.0,0.0,1.0,35,1100,900,200,0.8181818181818182,13,9,4,394.89989892933374,0.7293417366946778,0.10122314383296604,0.25773213234504033,135346.60835075463,3689.672391628235,139036.28074238286,697,32,386.77142857142854,33,2,18,29.58610587681075,0.680239898989899,39.85906862745099,1040.563725490197,31.532234105763543,0
699,4,0,0,35,0.0,0.0,1.0,35,650,500,150,0.7692307692307693,8,5,3,394.98067556544424,0.7290616246498599,0.10466547815264571,0.2584719459362778,135442.26529459833,3699.415489234922,139141.68078383326,698,33,387.77142857142854,33,2,19,29.488462444078174,0.6811868686868687,39.767156862745104,1040.9313725490204,31.54337492572789,0
700,4,0,0,35,0.0,0.0,1.0,35,1050,900,150,0.8571428571428571,12,9,3,398.4964668974889,0.7301120448179271,0.10490425192084585,0.26146907175505496,135537.95602953187,3802.279321655126,139340.235351187,699,34,388.77142857142854,33,2,19,29.3013955906006,0.6821338383838385,39.67524509803921,1041.2990196078429,31.554515745692207,0
701,4,1,0,36,0.027777777777777776,0.0,1.0,36,700,500,200,0.7142857142857143,9,5,4,387.40782975470603,0.7339947089947091,0.10750810759893992,0.2565217682666083,135863.9444476328,3327.0187542541935,139190.96320188697,700,0,378.94444444444446,32,4,18,29.265068023091516,0.6878255208333334,39.36237373737373,1042.5505050505042,32.579703282828255,0
702,4,0,0,36,0.0,0.0,1.0,36,650,400,250,0.6153846153846154,9,4,5,387.1189958315989,0.7327050264550266,0.1086292709174066,0.2570420342097272,135962.68875624926,3326.7479083766816,139289.43666462594,701,1,379.94444444444446,32,4,18,29.174233252623072,0.6888020833333334,39.26767676767676,1042.9292929292922,32.59154040404038,0
703,4,0,0,36,0.0,0.0,1.0,36,1000,600,400,0.6,14,6,8,385.637959592759,0.7317129629629631,0.11430193406937605,0.2569109223765845,136080.8418036333,3295.587634563632,139376.4294381969,702,2,380.94444444444446,33,3,18,29.0952157231227,0.6875,39.154411764705884,1043.3823529411768,31.61764705882354,0
704,4,0,0,36,0.0,0.0,1.0,36,600,500,100,0.8333333333333334,7,5,2,386.9705698383672,0.730952380952381,0.11571301840762938,0.25849634065202926,136176.7578125,3339.2795138888887,139516.03732638888,703,3,381.94444444444446,33,3,18,28.964986693280107,0.6884469696969697,39.0625,1043.75,31.62878787878788,0
705,4,0,0,36,0.0,0.0,1.0,36,950,700,250,0.7368421052631579,12,7,5,386.3803711247726,0.7294312169312169,0.12210030121660265,0.25903596714037624,136304.69838823992,3333.091989859649,139637.79037809957,704,4,382.94444444444446,33,3,18,28.853103117787427,0.689709595959596,38.93995098039215,1044.24019607843,31.64364230540697,0
706,4,0,0,36,0.0,0.0,1.0,36,1050,600,450,0.5714285714285714,15,6,9,387.50773205354324,0.7294642857142858,0.11685958600552704,0.2604981000019244,136400.69324298337,3371.2646578239064,139771.95790080726,705,5,383.94444444444446,33,3,19,28.72819881119975,0.6906565656565657,38.84803921568627,1044.6078431372543,31.654783125371345,0
707,4,0,1,35,0.0,0.027777777777777776,0.9722222222222222,36,850,500,350,0.5882352941176471,12,5,7,388.7459314835178,0.7294642857142858,0.12808513725645376,0.23918239451319714,133187.4478115388,3155.5911488369766,136343.03896037576,706,6,384.94444444444446,33,3,16,31.910517828168903,0.6587752525252526,41.94240196078431,1032.2303921568623,31.27970885323825,4
708,4,0,0,35,0.0,0.0,1.0,35,800,500,300,0.625,11,5,6,387.3375705447205,0.7289915966386554,0.1395560057988232,0.23909690486681268,133309.1828161667,3327.1310006631957,136636.31381682988,707,7,390.65714285714284,32,3,16,31.824387659453073,0.6624348958333334,41.82449494949495,1032.7020202020199,32.27193813131312,0
709,4,0,0,35,0.0,0.0,1.0,35,750,500,250,0.6666666666666666,10,5,5,386.9581721773543,0.7285714285714285,0.13721969961578773,0.23907234504612984,133341.78272625245,3319.538503724113,136661.32122997657,708,8,391.65714285714284,32,3,17,31.80139568052161,0.6627604166666666,41.792929292929294,1032.828282828283,32.27588383838384,0
710,4,0,0,35,0.0,0.0,1.0,35,850,600,250,0.7058823529411765,11,6,5,388.19589085176693,0.7289915966386554,0.13741945623133733,0.24004766311854178,133374.3866219009,3355.0777662993655,136729.46438820026,709,9,392.65714285714284,32,3,17,31.7366458868109,0.6630859375,41.76136363636364,1032.954545454546,32.27982954545456,0
711,4,0,0,35,0.0,0.0,1.0,35,800,600,200,0.75,10,6,4,388.19589085176693,0.7289915966386554,0.13741945623133733,0.24004766311854178,133374.3866219009,3355.0777662993655,136729.46438820026,710,10,393.65714285714284,32,3,17,31.7366458868109,0.6630859375,41.76136363636364,1032.954545454546,32.27982954545456,0
712,4,0,0,35,0.0,0.0,1.0,35,450,300,150,0.6666666666666666,6,3,3,386.8201065696734,0.7281512605042016,0.13531445332960845,0.23940711890719116,133406.99450311193,3320.9015661667163,136727.89606927865,711,11,394.65714285714284,32,3,17,31.739387272875415,0.6634114583333334,41.72979797979798,1033.080808080808,32.28377525252525,0
713,4,0,0,35,0.0,0.0,1.0,35,600,300,300,0.5,9,3,6,390.9379928871049,0.7289915966386554,0.13503028653100135,0.23512287881662858,132334.94929834697,3346.9518935025208,135681.9011918495,712,12,395.65714285714284,33,2,18,32.71349452120059,0.6502525252525252,42.769607843137265,1028.9215686274522,31.17944147355916,4
714,4,1,0,36,0.027777777777777776,0.0,1.0,36,800,500,300,0.625,11,5,6,387.05196540503175,0.7397156084656085,0.1511655679755426,0.2311804879209365,132073.33953486895,3023.879165439839,135097.2187003088,713,0,385.6388888888889,32,4,18,33.07768292183597,0.6500651041666666,43.0239898989899,1027.9040404040409,32.12200126262628,1
715,4,0,0,36,0.0,0.0,1.0,36,850,600,250,0.7058823529411765,11,6,5,385.54014230108265,0.7403769841269842,0.1468272884969346,0.23091130150238295,132177.37956855536,2991.93714556901,135169.31671412438,714,1,386.6388888888889,33,3,19,33.01143586382235,0.6486742424242424,42.92279411764706,1028.3088235294117,31.160873440285204,0
716,4,1,0,37,0.02702702702702703,0.0,1.0,37,1000,600,400,0.6,14,6,8,380.8945314522276,0.7496246246246246,0.1607733581089119,0.23120435566201272,132681.93310565644,2707.748522202994,135389.68162785945,715,0,377.1621621621622,33,4,17,32.62199655049363,0.6537247474747474,42.432598039215684,1030.269607843137,31.220291146761728,0
717,4,0,0,37,0.0,0.0,1.0,37,850,500,350,0.5882352941176471,12,5,7,380.4597768787101,0.7491866866866866,0.16105639416771678,0.23113481242747067,132713.49961553246,2698.4296905036463,135411.9293060361,716,1,378.1621621621622,33,4,17,32.601391531874405,0.6540404040404041,42.40196078431372,1030.3921568627447,31.22400475341651,0
718,4,0,0,37,0.0,0.0,1.0,37,850,600,250,0.7058823529411765,11,6,5,381.38497603241353,0.748561061061061,0.15403895156599923,0.23228305817586034,132808.2216725539,2730.2120878988903,135538.43376045278,717,2,379.1621621621622,33,4,17,32.48214144176277,0.6549873737373737,42.310049019607845,1030.759803921569,31.23514557338088,0
719,4,0,0,37,0.0,0.0,1.0,37,950,800,150,0.8421052631578947,11,8,3,383.52474749633063,0.7488738738738738,0.15716286900309728,0.23378334608254597,132839.80320069208,2789.4703960015418,135629.27359669362,718,3,380.1621621621622,33,4,17,32.39518941195118,0.6553030303030303,42.279411764705884,1030.8823529411768,31.23885918003566,0
720,4,0,0,37,0.0,0.0,1.0,37,550,500,50,0.9090909090909091,6,5,1,381.8931954275671,0.7484359359359359,0.15423457686352848,0.2331821006043214,132902.97752066504,2750.9485534409714,135653.926074106,719,4,381.1621621621622,33,4,17,32.37362332620237,0.6559343434343434,42.218137254901954,1031.1274509803914,31.246286393345194,0
721,4,0,0,37,0.0,0.0,1.0,37,700,400,300,0.5714285714285714,10,4,6,375.20071930247695,0.7484359359359359,0.1231491803226028,0.22890236776589848,132871.3884833958,2570.688106737796,135442.0765901336,720,5,382.1621621621622,33,4,20,32.57792998930228,0.6556186868686869,42.24877450980392,1031.0049019607843,31.242572786690435,1
722,4,0,0,37,0.0,0.0,1.0,37,1100,800,300,0.7272727272727273,14,8,6,378.18980822696017,0.7472472472472472,0.12851482986907103,0.23170318818446495,133029.3712153979,2662.070477700881,135691.44169309878,721,6,383.1621621621622,33,4,20,32.341906232676,0.6571969696969697,42.095588235294116,1031.6176470588234,31.261140819964346,0
723,4,0,1,36,0.0,0.02702702702702703,0.972972972972973,37,1050,800,250,0.7619047619047619,13,8,5,374.57955137038516,0.7469344344344344,0.12653693950452083,0.23007544873012487,133124.20590938575,2573.121065215296,135697.32697460105,722,7,384.1621621621622,33,4,20,32.33966175830266,0.6581439393939394,42.00367647058823,1031.9852941176466,31.272281639928686,0
724,4,1,0,37,0.02702702702702703,0.0,1.0,37,1250,1000,250,0.8,15,10,5,371.98211489482975,0.755005005005005,0.13278593428006458,0.23082598785195724,133503.88259623697,2532.211318963854,136036.09391520082,723,0,367.5945945945946,33,4,21,32.02535179256097,0.6619318181818181,41.6360294117647,1033.4558823529408,31.316844919786085,0
725,4,0,0,37,0.0,0.0,1.0,37,950,700,250,0.7368421052631579,12,7,5,371.84448055152563,0.7536911911911912,0.13728807043174074,0.23133333613072787,133598.88624567474,2535.601691657059,136134.4879373318,724,1,368.5945945945946,33,4,21,31.933578315157263,0.6628787878787878,41.544117647058826,1033.8235294117649,31.32798573975045,0
726,4,1,0,38,0.02631578947368421,0.0,1.0,38,1450,1100,350,0.7586206896551724,18,11,7,363.95825075967787,0.7649359886201992,0.1296128251663644,0.22945194069631852,134088.01020408157,2160.4875283446677,136248.49773242624,725,0,359.86842105263156,34,4,21,31.647509578544064,0.6654411764705883,41.07142857142857,1035.714285714285,30.46218487394956,0
727,4,0,0,38,0.0,0.0,1.0,38,950,700,250,0.7368421052631579,12,7,5,364.14319524269524,0.7658843053579896,0.1378804646915468,0.23014801947691885,134180.50063775489,2172.183248299299,136352.68388605418,726,1,360.86842105263156,34,4,22,31.55018384465128,0.6663602941176471,40.98214285714285,1036.0714285714268,30.4726890756302,0
728,4,0,0,38,0.0,0.0,1.0,38,1000,500,500,0.5,15,5,10,363.27257583920823,0.7659139402560455,0.13556289068639904,0.2301783875732273,134273.0229591835,2155.541383219932,136428.56434240344,727,2,361.86842105263156,34,4,22,31.480205222451943,0.667279411764706,40.89285714285713,1036.42857142857,30.483193277310882,0
729,4,0,0,38,0.0,0.0,1.0,38,800,600,200,0.75,10,6,4,364.1530794760188,0.7656768610715979,0.13817904890844468,0.23112573003477918,134334.72222222213,2183.6805555555457,136518.40277777766,728,3,362.86842105263156,34,4,22,31.395699356913177,0.6678921568627452,40.83333333333333,1036.6666666666658,30.49019607843135,0
730,4,0,0,38,0.0,0.0,1.0,38,1450,1100,350,0.7586206896551724,18,11,7,370.0573456035552,0.7637209577999051,0.14059149365437063,0.23586756783056134,134489.03238378672,2353.7308673469256,136842.76325113364,729,4,363.86842105263156,34,4,22,31.088364130226875,0.6694240196078433,40.6845238095238,1037.2619047619037,30.50770308123246,0
731,4,1,1,38,0.02564102564102564,0.02564102564102564,0.9743589743589743,39,800,500,300,0.625,11,5,6,362.5579216747811,0.7688371569950517,0.13466760190164484,0.2331539410301076,134812.90373750127,1975.539755808966,136788.44349331025,730,0,355.5128205128205,32,7,18,30.959473150962513,0.6774088541666667,40.37247474747475,1038.5101010101012,32.45344065656566,0
732,4,0,0,38,0.0,0.0,1.0,38,900,700,200,0.7777777777777778,11,7,4,374.34365475102834,0.7631282598387862,0.1405818911462251,0.24033947689087767,134753.4942626953,2488.8231065538193,137242.31736924913,731,6,365.86842105263156,31,7,22,30.712837555388354,0.6794354838709677,40.4296875,1038.28125,33.492943548387096,0
733,4,0,0,38,0.0,0.0,1.0,38,1300,1100,200,0.8461538461538461,15,11,4,377.6927573090387,0.7618243243243243,0.1401309190730089,0.24294172841103956,134821.09917534713,2584.190538194434,137405.28971354157,732,7,366.86842105263156,31,7,18,30.558341691741894,0.6801075268817205,40.36458333333333,1038.5416666666658,33.501344086021476,0
734,4,0,0,38,0.0,0.0,1.0,38,700,300,400,0.42857142857142855,11,3,8,378.1010715039183,0.7604018492176386,0.1466466994761908,0.2436583480176298,134888.7210422091,2600.3139919704654,137489.03503417957,733,8,367.86842105263156,31,7,18,30.48017464694576,0.6807795698924732,40.29947916666666,1038.8020833333323,33.509744623655884,0
735,4,0,0,38,0.0,0.0,1.0,38,1250,1000,250,0.8,15,10,5,375.8691071545434,0.7606092935040304,0.16619234805499716,0.22378202979281553,131951.69331114966,2319.3130304783876,134271.00634162806,734,9,368.86842105263156,35,3,19,33.48787597161201,0.6419642857142858,43.14236111111111,1027.4305555555552,29.35515873015872,8
736,4,0,0,38,0.0,0.0,1.0,38,1250,800,450,0.64,17,8,9,374.5578874148006,0.7599276908487435,0.16089048767623382,0.2237019904593706,132070.6356765474,2293.6196577074693,134364.25533425485,735,10,369.86842105263156,35,3,19,33.40147975077883,0.643154761904762,43.02662037037037,1027.8935185185178,29.368386243386222,0
737,4,1,1,38,0.02564102564102564,0.02564102564102564,0.9743589743589743,39,850,600,250,0.7058823529411765,11,6,5,366.58679287808786,0.7661381016644175,0.15539011750967058,0.22000024744733626,132253.17166829004,1896.4532099667395,134149.6248782568,736,0,361.35897435897436,36,3,19,33.42228669440187,0.6429398148148149,42.84909909909911,1028.6036036036048,28.572322322322357,0
738,4,0,0,38,0.0,0.0,1.0,38,950,700,250,0.7368421052631579,12,7,5,377.55298831336944,0.7602536747273589,0.15155122783325647,0.2263789375271659,132219.38898533935,2383.9650848765255,134603.35407021586,737,12,371.86842105263156,35,3,19,33.17437542201215,0.6446428571428573,42.881944444444436,1028.472222222221,29.3849206349206,0
739,4,0,0,38,0.0,0.0,1.0,38,500,300,200,0.6,7,3,4,375.92733170706833,0.7613205310573732,0.15135724098725634,0.22575960298732564,132278.9137517146,2345.451817558289,134624.3655692729,738,13,372.86842105263156,35,3,19,33.15612811281128,0.6452380952380953,42.82407407407407,1028.703703703703,29.39153439153437,0
740,4,0,0,38,0.0,0.0,1.0,38,900,400,500,0.4444444444444444,14,4,10,375.38867389313396,0.7597498814604078,0.14477975954395084,0.22597025725009123,132368.22601862543,2337.906566143662,134706.1325847691,739,14,373.86842105263156,35,3,20,33.07991695722266,0.6461309523809524,42.737268518518505,1029.0509259259238,29.401455026454965,0
741,4,0,0,38,0.0,0.0,1.0,38,1150,900,250,0.782608695652174,14,9,5,376.7471693708534,0.7589201043148411,0.15052406041887267,0.22753795613835637,132492.61289227687,2383.250071902236,134875.8629641791,740,15,374.86842105263156,33,5,20,32.9195681069714,0.6518308080808082,42.616421568627445,1029.5343137254893,31.198009506833007,0
742,4,0,0,38,0.0,0.0,1.0,38,1300,900,400,0.6923076923076923,17,9,8,374.5730358744926,0.7585348506401138,0.1453002153337677,0.22755853219889666,132713.49961553232,2342.179690503632,135055.67930603595,741,16,375.86842105263156,33,5,19,32.75303282588011,0.6540404040404042,42.401960784313715,1030.3921568627436,31.224004753416473,0
743,4,0,0,38,0.0,0.0,1.0,38,1200,1100,100,0.9166666666666666,13,11,2,375.1347167840588,0.7571716453295401,0.14319582740635406,0.2284048085735848,132796.4923469385,2363.31490929702,135159.8072562355,742,17,376.86842105263156,34,4,19,32.65501078001078,0.6525735294117648,42.321428571428555,1030.7142857142835,30.315126050420105,0
744,4,0,0,38,0.0,0.0,1.0,38,550,300,250,0.5454545454545454,8,3,5,375.38990791213286,0.756608582266477,0.1464281155597158,0.22874744634842742,132827.17013888864,2372.3958333333003,135199.56597222196,743,18,377.86842105263156,34,4,19,32.617555914847756,0.6528799019607845,42.29166666666665,1030.8333333333312,30.31862745098033,0
745,4,0,0,38,0.0,0.0,1.0,38,600,400,200,0.6666666666666666,8,4,4,373.91144920219847,0.7574383594120436,0.14799859017130634,0.22822037079212365,132888.53635204054,2337.7090419500782,135226.24539399063,744,19,378.86842105263156,34,4,19,32.59390755493975,0.6534926470588237,42.23214285714284,1031.0714285714264,30.325630252100776,0
746,4,0,0,38,0.0,0.0,1.0,38,1050,800,250,0.7619047619047619,13,8,5,374.75913906387296,0.7579717875770507,0.151349955963191,0.22949031378010298,133011.31129535133,2369.440901360521,135380.75219671187,745,20,379.86842105263156,34,4,19,32.448547797653376,0.654718137254902,42.11309523809523,1031.547619047618,30.339635854341704,0
747,4,0,0,38,0.0,0.0,1.0,38,900,700,200,0.7777777777777778,11,7,4,376.1033021482026,0.7582681365576103,0.1520680378689887,0.23069266240045808,133072.72002551024,2409.8178854875323,135482.53791099778,746,21,380.86842105263156,34,4,20,32.35212107226645,0.6553308823529411,42.05357142857143,1031.7857142857147,30.346638655462197,0
748,4,0,0,38,0.0,0.0,1.0,38,1200,800,400,0.6666666666666666,16,8,8,375.6008136343621,0.758357041251778,0.1521884295513869,0.23095454285176734,133164.85969387757,2403.3659297052172,135568.22562358278,747,22,381.86842105263156,34,4,20,32.27244329104192,0.65625,41.964285714285715,1032.1428571428573,30.35714285714286,0
749,4,0,0,38,0.0,0.0,1.0,38,1200,900,300,0.75,15,9,6,374.07574013618876,0.7558973447131342,0.15212673099153062,0.231180879845938,133352.6502486281,2376.7982681755625,135729.44851680368,748,23,382.86842105263156,35,3,20,32.12311370088152,0.6559523809523811,41.7824074074074,1032.870370370369,29.510582010581974,0
750,4,0,0,38,0.0,0.0,1.0,38,1000,600,400,0.6,14,6,8,373.3854915530485,0.7558380749170223,0.1515088977204384,0.23112613714303107,133412.42953746562,2362.853116426599,135775.2826538922,749,24,383.86842105263156,35,3,20,32.08090596758532,0.656547619047619,41.72453703703703,1033.101851851851,29.517195767195744,0
751,4,0,0,38,0.0,0.0,1.0,38,1100,700,400,0.6363636363636364,15,7,8,369.0561700278824,0.7571716453295401,0.14741897433016904,0.2290103518649841,133503.8825962371,2254.1131108020036,135757.99570703908,750,25,384.86842105263156,33,5,20,32.100947665915655,0.6619318181818181,41.63602941176471,1033.4558823529417,31.31684491978611,0
752,4,0,0,38,0.0,0.0,1.0,38,400,200,200,0.5,6,2,4,366.0510708303567,0.7562529634898056,0.1451439802826564,0.22753432442550195,133567.21460796348,2178.484387014631,135745.69899497813,751,26,385.86842105263156,33,5,20,32.1150711321873,0.6625631313131313,41.574754901960794,1033.7009803921583,31.324272133095704,0
753,4,0,0,38,0.0,0.0,1.0,38,1200,900,300,0.75,15,9,6,362.3565579330434,0.7546823138928402,0.14368881457788052,0.22616047236510645,133718.36734693885,2090.7454648526127,135809.11281179145,752,27,386.86842105263156,34,4,17,32.05906614487415,0.661764705882353,41.42857142857143,1034.285714285715,30.42016806722691,0
754,4,0,0,38,0.0,0.0,1.0,38,1000,600,400,0.6,14,6,8,359.10305439550217,0.75358582266477,0.1395728724562777,0.22499932791521965,133861.20119866685,2013.9932430984234,135875.19444176528,753,28,387.86842105263156,35,3,17,32.000172426648774,0.6610119047619047,41.29050925925926,1034.837962962963,29.566798941798943,0
755,4,0,0,38,0.0,0.0,1.0,38,700,500,200,0.7142857142857143,9,5,4,358.7554005514741,0.7540007112375533,0.14277264782217136,0.22514733664083053,133921.09435281644,2008.9831693672925,135930.07752218374,754,29,388.86842105263156,35,3,18,31.94922006038242,0.6616071428571428,41.23263888888889,1035.0694444444453,29.57341269841272,0
756,4,0,0,38,0.0,0.0,1.0,38,650,400,250,0.6153846153846154,9,4,5,359.342869489061,0.7533487434803224,0.14575917154540896,0.2258834833155063,133981.00090288508,2029.0234642918545,136010.02436717693,755,30,389.86842105263156,35,3,18,31.874068380845927,0.6622023809523809,41.174768518518526,1035.300925925927,29.580026455026484,0
757,4,0,0,38,0.0,0.0,1.0,38,800,500,300,0.625,11,5,6,356.59267302922797,0.7545045045045045,0.1460014587205607,0.22470360832855885,134070.8858453362,1961.7391117969944,136032.62495713317,756,31,390.86842105263156,35,3,19,31.855349426314987,0.663095238095238,41.08796296296297,1035.6481481481492,29.58994708994712,0
758,4,0,0,38,0.0,0.0,1.0,38,750,300,450,0.4,12,3,9,359.11061103994234,0.75358582266477,0.147705418423699,0.22647504286091935,134100.85419077938,2031.4079378858046,136132.2621286652,757,32,391.86842105263156,35,3,19,31.760182701977858,0.6633928571428571,41.05902777777778,1035.7638888888894,29.593253968253983,0
759,4,0,0,38,0.0,0.0,1.0,38,1200,800,400,0.6666666666666666,16,8,8,359.70101829541323,0.7532894736842105,0.14668708518755813,0.22759033334267426,134220.76106235015,2055.868886102555,136276.6299484527,758,33,392.86842105263156,35,3,19,31.624990692132975,0.6645833333333332,40.943287037037045,1036.2268518518533,29.606481481481524,0
760,4,1,0,39,0.02564102564102564,0.0,1.0,39,850,600,250,0.7058823529411765,11,6,5,355.4240374609783,0.7586032388663968,0.11683209263854466,0.2203629032258064,133472.22222222207,1695.650345078857,135167.87256730092,759,0,383.7692307692308,34,5,19,32.484879032258064,0.6593137254901962,41.66666666666666,1033.3333333333321,30.39215686274506,2
761,4,0,0,39,0.0,0.0,1.0,39,900,700,200,0.7777777777777778,11,7,4,354.5354158113014,0.758659469185785,0.11584238536553726,0.22017714449740444,133533.73724489778,1668.4878117913636,135202.22505668915,760,1,384.7692307692308,34,5,19,32.446200952161576,0.6599264705882353,41.60714285714285,1033.571428571427,30.399159663865504,0
762,4,0,0,39,0.0,0.0,1.0,39,550,300,250,0.5454545454545454,8,3,5,353.9145944738747,0.7589968511021142,0.11421079208710183,0.21997426083154262,133564.5000708615,1654.085175736941,135218.58524659846,761,2,385.7692307692308,34,5,19,32.431427310069466,0.660232843137255,41.57738095238094,1033.690476190475,30.402661064425736,0
763,4,0,0,39,0.0,0.0,1.0,39,850,400,450,0.47058823529411764,13,4,9,352.31263810150267,0.7584907782276203,0.10913448624971633,0.21970853461505746,133687.58680555547,1619.9652777777687,135307.55208333326,762,3,386.7692307692308,34,5,20,32.349583669084076,0.6614583333333334,41.45833333333333,1034.166666666666,30.41666666666665,0
764,4,0,0,39,0.0,0.0,1.0,39,1000,800,200,0.8,12,8,4,351.9698854328826,0.7589968511021142,0.11081007697029799,0.21967775608052315,133718.3673469387,1612.9676870748206,135331.33503401352,763,4,387.7692307692308,34,5,17,32.32763581952117,0.661764705882353,41.42857142857142,1034.2857142857138,30.420168067226875,0
765,4,0,1,38,0.0,0.02564102564102564,0.9743589743589743,39,800,600,200,0.75,10,6,4,349.30961741933174,0.7592217723796671,0.10672449912956239,0.21838133635784113,133779.93905895686,1546.1238662131414,135326.06292517,764,5,388.7692307692308,34,5,17,32.33481971614882,0.6623774509803921,41.36904761904761,1034.523809523809,30.42717086834732,0
766,4,0,0,38,0.0,0.0,1.0,38,1400,1300,100,0.9285714285714286,15,13,2,348.4032276059537,0.7533191085822665,0.10621383455282896,0.21829525283986173,133861.2011986666,1727.5349097650608,135588.73610843165,765,6,386.10526315789474,35,3,18,32.2769871006226,0.6610119047619047,41.290509259259245,1034.837962962961,29.566798941798886,0
767,4,1,1,38,0.02564102564102564,0.02564102564102564,0.9743589743589743,39,1150,800,350,0.6956521739130435,15,8,7,339.7077032136105,0.763888888888889,0.10323299888517257,0.21465047181079783,134171.33349565775,1315.8071077834516,135487.1406034412,766,0,377.1794871794872,36,3,20,32.1922554347826,0.6620370370370371,40.99099099099099,1036.0360360360355,28.778778778778765,0
768,4,0,0,38,0.0,0.0,1.0,38,900,700,200,0.7777777777777778,11,7,4,344.8171826957418,0.7525782361308677,0.07103625782062428,0.21129566626593255,133036.20501836302,1575.1696798149626,134611.37469817797,767,8,388.10526315789474,36,2,19,33.19574828075538,0.6507523148148149,42.08896396396397,1031.6441441441448,28.6567817817818,3
769,4,0,0,38,0.0,0.0,1.0,38,750,600,150,0.8,9,6,3,343.82854954413665,0.7520448079658606,0.0676535805788212,0.21085389363610305,133065.2506391527,1550.3264243973763,134615.5770635501,768,9,389.10526315789474,36,2,19,33.192125081859864,0.6510416666666666,42.060810810810814,1031.756756756757,28.65990990990992,0
770,4,0,0,38,0.0,0.0,1.0,38,850,600,250,0.7058823529411765,11,6,5,341.0913569387078,0.7509186818397344,0.06963951445272576,0.20982841461075138,133181.46482631282,1485.4093113383678,134666.87413765118,769,10,390.10526315789474,36,2,19,33.14627427449269,0.6521990740740742,41.9481981981982,1032.2072072072074,28.67242242242243,0
771,4,0,0,38,0.0,0.0,1.0,38,1000,800,200,0.8,12,8,4,340.574984387222,0.7516002844950214,0.06480934039756403,0.2100021541255171,133268.65875588427,1477.594275018263,134746.25303090253,770,11,391.10526315789474,36,2,19,33.072263423855745,0.6530671296296295,41.86373873873874,1032.545045045045,28.681806806806808,0
772,4,0,0,38,0.0,0.0,1.0,38,550,200,350,0.36363636363636365,9,2,7,339.9779073153298,0.7529338549075392,0.05700989280877744,0.2101265071358631,133355.88121905702,1467.6106850093497,134823.49190406638,771,12,392.10526315789474,36,2,19,33.000345253670595,0.6539351851851851,41.77927927927929,1032.882882882884,28.69119119119122,0
773,4,0,0,38,0.0,0.0,1.0,38,1000,900,100,0.9,11,9,2,340.14047866805385,0.7533487434803224,0.06196943972835278,0.21088709677419357,133472.2222222223,1479.8611111111209,134952.08333333343,772,13,393.10526315789474,36,2,19,32.879704301075265,0.6550925925925926,41.66666666666667,1033.3333333333342,28.703703703703727,0
774,4,0,0,38,0.0,0.0,1.0,38,850,500,350,0.5882352941176471,12,5,7,331.11212070094996,0.754771218587008,0.08853134871767465,0.19259361813552284,131061.33355034713,1096.5603298611059,132157.89388020823,773,14,394.10526315789474,35,3,16,35.53429128518143,0.6330357142857144,44.010416666666664,1023.9583333333326,29.25595238095236,8
775,4,0,0,38,0.0,0.0,1.0,38,1200,700,500,0.5833333333333334,17,7,10,330.2309650209058,0.7564011379800853,0.08934997115344534,0.19237747264450275,131120.59709630063,1060.0162626457497,132180.61335894637,774,15,395.10526315789474,35,3,17,35.49706652352432,0.6336309523809524,43.9525462962963,1024.1898148148152,29.26256613756615,0
776,4,2,0,40,0.05,0.0,1.0,40,1000,600,400,0.6,14,6,8,328.1637708467106,0.7765491452991453,0.09878932674755769,0.18738131194944296,130346.55044100106,555.0031019159745,130901.55354291704,775,0,376.3,37,3,18,36.33171820752354,0.6219031531531531,44.709429824561404,1021.1622807017542,27.59898055950687,2
777,4,2,1,41,0.047619047619047616,0.023809523809523808,0.9761904761904762,42,1050,800,250,0.7619047619047619,13,8,5,315.50099180414435,0.7919570267131243,0.10884803885923722,0.18262617810796186,130874.7409396703,-141.77788628470302,130732.9630533856,776,0,359.3333333333333,39,3,18,36.121962910176784,0.6236645299145298,44.19270833333334,1023.229166666668,26.236645299145334,0
778,4,0,0,41,0.0,0.0,1.0,41,600,300,300,0.5,9,3,6,321.854128099281,0.7836890243902439,0.10564349270738838,0.18558962133532045,130726.51855504427,214.97392979765556,130941.49248484192,777,1,369.0975609756098,38,3,18,36.10900717370107,0.6239035087719298,44.33760683760684,1022.6495726495732,26.911830859199295,0
779,4,0,0,41,0.0,0.0,1.0,41,1400,1000,400,0.7142857142857143,18,10,8,321.3296692803105,0.7833841463414634,0.10312226900770649,0.18612869522463293,130901.38888888911,212.50000000002467,131113.88888888914,778,2,370.0975609756098,39,2,18,35.945982627578715,0.6239316239316238,44.16666666666668,1023.3333333333351,26.239316239316285,0
780,4,0,0,41,0.0,0.0,1.0,41,1200,800,400,0.6666666666666666,16,8,8,328.17567849389644,0.782469512195122,0.10073627180535394,0.191150667710426,131114.670138889,405.72916666667237,131520.39930555568,779,3,371.0975609756098,39,2,18,35.555668565229176,0.6260683760683761,43.958333333333336,1024.1666666666674,26.26068376068378,0
781,4,0,0,41,0.0,0.0,1.0,41,1050,800,250,0.7619047619047619,13,8,5,326.834042845745,0.7816565040650406,0.10725755452775698,0.19076633895477152,131194.69536675338,375.7785373263796,131570.47390407976,780,4,372.0975609756098,39,2,18,35.509341637010664,0.6268696581196582,43.88020833333333,1024.4791666666658,26.26869658119656,0
782,4,0,1,40,0.0,0.024390243902439025,0.975609756097561,41,1200,900,300,0.75,15,9,6,328.508163130412,0.7810975609756098,0.11540749553836993,0.19241192411924096,131328.12499999974,428.6078559027492,131756.7328559025,781,5,373.0975609756098,37,4,18,35.3319783197832,0.6317567567567569,43.749999999999986,1024.999999999998,27.70270270270265,0
783,4,0,0,40,0.0,0.0,1.0,40,850,600,250,0.7058823529411765,11,6,5,336.43994976535146,0.777991452991453,0.10752032520325217,0.1970576848625628,131328.12499999985,836.8055555555409,132164.9305555554,782,6,382.875,36,4,18,35.12872628726288,0.6336805555555556,43.74999999999999,1024.9999999999989,28.47222222222219,0
784,4,1,1,40,0.024390243902439025,0.024390243902439025,0.975609756097561,41,1150,800,350,0.6956521739130435,15,8,7,325.3865571422154,0.7871951219512195,0.09954693674383619,0.19195408444679574,131602.03904594918,364.3068796113522,131966.34592556054,783,0,374.5121951219512,38,3,16,35.13618457587117,0.6326754385964912,43.482905982905976,1026.068376068375,27.001799370220397,0
785,4,1,1,40,0.024390243902439025,0.024390243902439025,0.975609756097561,41,1000,600,400,0.6,14,6,8,332.9425141170293,0.7840447154471545,0.10287445571084941,0.19754589170943715,131821.37573964478,577.7880506245697,132399.16379026935,784,0,375.4878048780488,38,3,17,34.72157199334164,0.6348684210526316,43.26923076923076,1026.9230769230755,27.02429149797567,0
786,4,0,0,40,0.0,0.0,1.0,40,850,600,250,0.7058823529411765,11,6,5,338.90233000826055,0.7762820512820513,0.11174711661683068,0.2008532543162882,131778.07113727301,931.9790704832308,132710.05020775626,785,9,385.875,37,3,17,34.61216716502919,0.6362612612612613,43.31140350877193,1026.7543859649124,27.75011853959223,0
787,4,0,0,40,0.0,0.0,1.0,40,750,200,550,0.26666666666666666,13,2,11,337.1557287208691,0.777190170940171,0.11199551569506738,0.20011410362481993,131834.36850761765,889.7425169282803,132724.11102454594,786,10,386.875,37,3,18,34.600327425439545,0.6368243243243243,43.25657894736842,1026.9736842105258,27.7560455192034,0
788,4,0,0,40,0.0,0.0,1.0,40,1100,700,400,0.6363636363636364,15,7,8,334.8760605442789,0.7762820512820513,0.10478655282817506,0.19935125078144172,131946.99931709756,837.1782663896608,132784.17758348724,787,11,387.875,37,3,18,34.54553539665599,0.6379504504504505,43.146929824561404,1027.4122807017545,27.767899478425797,0
789,4,0,0,40,0.0,0.0,1.0,40,1300,1100,200,0.8461538461538461,15,11,4,337.08953600000007,0.7757745726495726,0.11108533333333348,0.20141583173996164,132087.85545792922,905.0867815096778,132992.9422394389,788,12,388.875,37,3,18,34.347,0.6393581081081081,43.00986842105262,1027.9605263157882,27.782716927453738,0
790,4,0,0,40,0.0,0.0,1.0,40,1100,800,300,0.7272727272727273,14,8,6,333.66746786400626,0.7754273504273504,0.10815149625935239,0.19970246957233773,132150.7232084152,818.879437869794,132969.602646285,789,13,389.875,38,2,18,34.37175290939317,0.6381578947368423,42.948717948717935,1028.205128205126,27.058029689608578,0
791,4,0,0,40,0.0,0.0,1.0,40,950,600,350,0.631578947368421,13,6,7,333.06953617810774,0.7754273504273504,0.1104077922077924,0.19948937683349618,132178.1873790085,804.9055126378664,132983.09289164637,790,14,390.875,38,2,18,34.359523809523814,0.6384320175438598,42.92200854700854,1028.3119658119645,27.06084120557801,0
792,4,1,0,41,0.024390243902439025,0.0,1.0,41,650,500,150,0.7692307692307693,8,5,3,328.4034504627319,0.7829776422764227,0.1225509173859245,0.19871191833083932,132562.98539201176,507.01098966322706,133069.99638167498,791,0,382.3170731707317,38,3,19,34.0932669364042,0.6422697368421053,42.54807692307692,1029.8076923076917,27.100202429149782,0
793,4,0,0,41,0.0,0.0,1.0,41,1150,700,450,0.6086956521739131,16,7,9,329.1507402469521,0.7826727642276423,0.12280115956106741,0.19960197719881176,132645.51487508195,532.0738823142472,133177.5887573962,792,1,383.3170731707317,38,3,14,33.99126218626842,0.643092105263158,42.46794871794871,1030.1282051282033,27.10863697705798,0
794,4,2,1,42,0.046511627906976744,0.023255813953488372,0.9767441860465116,43,750,400,350,0.5333333333333333,11,4,7,315.30364631008456,0.7906053894425987,0.12779363985428782,0.19397571990136442,133183.59116803802,-201.34561520921642,132982.2455528288,793,0,366.4418604651163,40,3,17,33.80960585474714,0.6450520833333334,41.946138211382106,1032.2154471544702,25.805386178861756,0
795,4,0,0,42,0.0,0.0,1.0,42,1300,700,600,0.5384615384615384,19,7,12,323.54341410496113,0.7827380952380952,0.12867908568352604,0.19886278827245385,133149.50086805568,215.92881944445384,133365.42968750015,794,1,376.1666666666667,39,3,18,33.631072533979264,0.6463675213675213,41.97916666666667,1032.0833333333344,26.46367521367524,0
796,4,0,0,42,0.0,0.0,1.0,42,1400,1000,400,0.7142857142857143,18,10,8,322.0527893240987,0.7828832752613241,0.1325761943195356,0.19851910744903414,133257.03125000015,183.15972222223655,133440.1909722224,795,2,377.1666666666667,39,3,18,33.56201237557169,0.6474358974358974,41.87500000000001,1032.5000000000011,26.474358974359003,0
797,4,0,0,42,0.0,0.0,1.0,42,1050,900,150,0.8571428571428571,12,9,3,322.2350096649214,0.7828832752613241,0.1387503962650216,0.1989189219064781,133310.81271701425,191.4822048611502,133502.2949218754,796,3,378.1666666666667,39,3,18,33.50354717234889,0.6479700854700854,41.822916666666686,1032.7083333333362,26.47970085470093,0
798,4,0,0,42,0.0,0.0,1.0,42,1000,600,400,0.6,14,6,8,326.80801248699254,0.7817702284165698,0.13805683563748072,0.20262096774193566,133472.22222222245,323.958333333358,133796.18055555582,797,4,379.1666666666667,39,3,19,33.22412634408603,0.6495726495726495,41.66666666666668,1033.333333333335,26.49572649572654,0
799,4,0,0,42,0.0,0.0,1.0,42,1200,800,400,0.6666666666666666,16,8,8,326.4224339902148,0.7808749516066589,0.14122291463618786,0.202683608884553,133527.4273595586,317.26956863173467,133844.69692819036,798,5,380.1666666666667,38,4,19,33.17892460891737,0.6518640350877194,41.61324786324786,1033.5470085470074,27.198605488079142,0
800,4,0,0,42,0.0,0.0,1.0,42,800,700,100,0.875,9,7,2,326.26780848629926,0.7809475416182733,0.13867688234744113,0.20304138795639326,133610.2564673277,318.54511377747394,133928.8015811052,799,6,381.1666666666667,38,4,20,33.10017739657607,0.652686403508772,41.53311965811965,1033.8675213675208,27.20704003598739,0
801,4,0,0,42,0.0,0.0,1.0,42,1250,1000,250,0.8,15,10,5,326.2669168156156,0.7788424312814557,0.1450042055867904,0.20364861519612976,133720.73522764613,325.73039940826965,134046.4656270544,800,7,382.1666666666667,38,4,15,32.98987707881419,0.6537828947368423,41.426282051282044,1034.2948717948707,27.21828609986502,0
802,4,0,1,41,0.0,0.023809523809523808,0.9761904761904762,42,900,600,300,0.6666666666666666,12,6,6,325.2845685751535,0.777269647696477,0.14092464743022415,0.20349197429468885,133803.62426035493,304.8508382642867,134108.4750986192,801,8,383.1666666666667,38,4,15,32.93254337050806,0.6546052631578948,41.34615384615384,1034.6153846153836,27.226720647773252,0
803,4,0,0,41,0.0,0.0,1.0,41,1150,900,250,0.782608695652174,14,9,5,326.66617968648285,0.7738313008130081,0.14097399850959724,0.2049703334716735,133914.1829205929,549.0469081013653,134463.22982869425,802,9,386.3414634146341,38,3,15,32.786479837599785,0.6557017543859651,41.239316239316224,1035.0427350427328,27.237966711650863,0
804,4,1,0,42,0.023809523809523808,0.0,1.0,42,1200,1000,200,0.8333333333333334,14,10,4,322.04775993372124,0.7811895083236546,0.14618669424138475,0.2036496546764603,134199.77349175327,243.7472873263699,134443.52077907964,803,0,378.1190476190476,39,3,17,32.621330551925205,0.6567841880341883,40.96354166666666,1036.1458333333317,26.567841880341838,0
805,4,0,0,42,0.0,0.0,1.0,42,1100,700,400,0.6363636363636364,15,7,8,320.5697870323303,0.7817944250871081,0.14248149264730525,0.20331357238742612,134307.7270507811,210.99989149304108,134518.72694227414,804,1,379.1190476190476,39,3,18,32.5521095032325,0.6578525641025642,40.85937499999999,1036.5624999999989,26.57852564102561,0
806,4,0,1,41,0.0,0.023809523809523808,0.9761904761904762,42,1200,1000,200,0.8333333333333334,14,10,4,317.1124547830909,0.7820605884630275,0.12778861181417156,0.18536811236301914,131251.87119118488,-75.67938633785877,131176.191804847,805,2,380.1190476190476,41,1,18,35.70075757575759,0.6242378048780487,43.824404761904766,1024.7023809523814,24.99274099883857,7
807,4,1,1,41,0.023809523809523808,0.023809523809523808,0.9761904761904762,42,1000,700,300,0.7,13,7,6,316.6961379348679,0.7827622919086333,0.1309886685826538,0.18575228781614825,131381.51584201373,-78.35197881237701,131303.16386320136,806,0,381.04761904761904,39,3,18,35.58092867303393,0.6287393162393163,43.69791666666666,1025.208333333332,26.287393162393126,0
808,4,1,0,42,0.023809523809523808,0.0,1.0,42,650,300,350,0.46153846153846156,10,3,7,318.7461887679239,0.7855691056910569,0.1403470589942255,0.18747759704952072,131488.33007812488,-17.71918402779147,131470.6108940971,807,0,382.0238095238095,39,3,19,35.42089850362245,0.6298076923076924,43.59374999999999,1025.624999999999,26.2980769230769,0
809,4,0,0,42,0.0,0.0,1.0,42,1000,700,300,0.7,13,7,6,320.6575794274528,0.7843592721641502,0.14292965917331446,0.18913036870421573,131595.18771701353,39.398871527738834,131634.58658854128,808,1,383.0238095238095,39,3,18,35.264382402707284,0.6308760683760686,43.489583333333314,1026.0416666666638,26.30876068376061,0
810,4,0,0,42,0.0,0.0,1.0,42,1200,1000,200,0.8333333333333334,14,10,4,317.8925595529852,0.7840689121176926,0.13908533710513948,0.18798096320170646,131692.96136558906,-27.157487276113443,131665.80387831293,809,2,384.0238095238095,40,2,18,35.23700495049504,0.6302083333333335,43.39430894308942,1026.4227642276405,25.660569105691014,0
811,4,0,0,42,0.0,0.0,1.0,42,1250,1000,250,0.8,15,10,5,319.368745931206,0.7831010452961672,0.14407530454042128,0.18950212434731842,131823.38271077056,20.053684149627912,131843.4363949202,810,3,385.0238095238095,40,2,19,35.068035625927756,0.6315104166666667,43.26727642276422,1026.9308943089418,25.673272357723544,0
812,4,0,0,42,0.0,0.0,1.0,42,1200,900,300,0.75,15,9,6,318.83810759899166,0.7824477351916377,0.13574820509921426,0.18957738774180022,131901.6665014209,11.055547293256637,131912.72204871415,811,4,386.0238095238095,40,2,19,35.003009167655975,0.6322916666666668,43.191056910569095,1027.235772357722,25.68089430894305,0
813,4,0,0,42,0.0,0.0,1.0,42,1100,800,300,0.7272727272727273,14,8,6,317.1096341792557,0.7831010452961672,0.13477617775767992,0.18867929911230671,131927.76626222802,-32.886860499720456,131894.8794017283,812,5,387.0238095238095,40,2,19,35.02118574207801,0.6325520833333333,43.16565040650406,1027.3373983739823,25.683434959349558,0
814,4,0,0,42,0.0,0.0,1.0,42,1200,700,500,0.5833333333333334,17,7,10,315.64105486674896,0.7824477351916377,0.12836336590785002,0.18871305620756654,132110.53688280762,-60.09815585962798,132050.438726948,813,6,388.0238095238095,40,2,20,34.87544483985764,0.6343750000000001,42.98780487804877,1028.048780487803,25.701219512195074,0
815,4,0,0,42,0.0,0.0,1.0,42,1050,800,250,0.7619047619047619,13,8,5,316.81288935997077,0.7815524583817267,0.13278415427837342,0.1898063722577584,132188.90587819729,-24.17015747903858,132164.73572071825,814,7,389.0238095238095,40,2,20,34.766693019731854,0.6351562500000001,42.91158536585365,1028.3536585365835,25.708841463414586,0
816,4,0,0,42,0.0,0.0,1.0,42,1400,1100,300,0.7857142857142857,17,11,6,316.30739216582856,0.782326751838947,0.13795414462081146,0.19029188031366662,132345.71358194496,-27.614494513879407,132318.0990874311,815,8,390.0238095238095,40,2,20,34.62242798353908,0.6367187500000002,42.7591463414634,1028.9634146341439,25.724085365853597,0
817,4,0,0,42,0.0,0.0,1.0,42,950,600,350,0.631578947368421,13,6,7,315.61734091972346,0.7820605884630275,0.12985501799627097,0.19054649849172997,132478.4193250864,-37.492384826469845,132440.92694025993,816,9,391.0238095238095,39,3,21,34.507171405443685,0.6396901709401712,42.630208333333314,1029.4791666666636,26.39690170940163,0
818,4,0,0,42,0.0,0.0,1.0,42,1300,1000,300,0.7692307692307693,16,10,6,311.67195567704584,0.7825687185443283,0.1283325627985823,0.18883653785138624,132612.49999999974,-133.68055555558504,132478.81944444415,817,10,392.0238095238095,39,3,21,34.47444714131606,0.6410256410256412,42.499999999999986,1029.999999999998,26.41025641025636,0
819,4,2,2,42,0.045454545454545456,0.045454545454545456,0.9545454545454546,44,650,500,150,0.7692307692307693,8,5,3,298.35623544720534,0.7953664552501762,0.1267507737501974,0.18270365937456018,133011.31129535104,-863.0491780045734,132148.26211734646,818,0,375.15909090909093,41,3,17,34.41887863050589,0.641768292682927,42.11309523809522,1031.5476190476156,25.159698025551602,0
820,4,0,0,42,0.0,0.0,1.0,42,1250,800,450,0.64,17,8,9,312.8477965505776,0.7812137049941928,0.13028833198598844,0.19063681001628763,132827.17013888876,-89.06250000000568,132738.10763888876,819,12,394.0238095238095,39,3,17,34.2293182430612,0.6431623931623932,42.291666666666664,1030.8333333333323,26.431623931623907,0
821,4,0,0,42,0.0,0.0,1.0,42,850,600,250,0.7058823529411765,11,6,5,312.41710029588813,0.7804878048780488,0.1218374218374223,0.19092156129193166,132934.5703125,-93.79340277777797,132840.77690972222,820,13,395.0238095238095,39,3,18,34.13299663299664,0.6442307692307692,42.1875,1031.25,26.442307692307693,0
822,4,0,0,42,0.0,0.0,1.0,42,1350,1100,250,0.8148148148148148,16,11,5,313.1581763279664,0.7809717382888115,0.1216632048619124,0.19192565460100147,133042.01388888905,-67.36111111109204,132974.65277777796,821,14,396.0238095238095,39,3,18,34.0064620355412,0.6452991452991452,42.08333333333334,1031.666666666668,26.45299145299149,0
823,4,0,0,42,0.0,0.0,1.0,42,1200,1000,200,0.8333333333333334,14,10,4,323.12711429499063,0.7815282617111885,0.1402758514408995,0.19577701630814134,132612.50000000003,170.13888888888977,132782.6388888889,822,15,397.0238095238095,39,3,20,34.17947680690398,0.641025641025641,42.5,1030.0000000000002,26.410256410256416,1
824,4,0,0,42,0.0,0.0,1.0,42,1900,1600,300,0.8421052631578947,22,16,6,325.14322125281836,0.7835123886953155,0.0671381423856674,0.19226853247385645,131692.96136558946,197.84251272392956,131890.8038783134,823,16,398.0238095238095,40,2,14,35.050948844884495,0.6302083333333333,43.39430894308944,1026.4227642276437,25.660569105691092,6
825,4,0,0,42,0.0,0.0,1.0,42,600,400,200,0.6666666666666666,8,4,4,325.14322125281836,0.7835123886953155,0.0671381423856674,0.19226853247385645,131692.96136558946,163.81473494615173,131856.77610053562,824,17,399.0238095238095,40,2,14,35.050948844884495,0.6302083333333333,43.39430894308944,1026.4227642276437,25.660569105691092,0
826,4,1,1,42,0.023255813953488372,0.023255813953488372,0.9767441860465116,43,800,500,300,0.625,11,5,6,317.6771365960552,0.7865909929863418,0.06882463859208032,0.1895815170008719,132040.89506172857,-210.72530864195755,131830.1697530866,825,0,390.72093023255815,41,2,15,34.893018018018026,0.6321138211382114,43.055555555555564,1027.7777777777792,25.067750677506808,0
827,4,0,0,42,0.0,0.0,1.0,42,1050,600,450,0.5714285714285714,15,6,9,317.306387513289,0.7872386759581882,0.061832283812912614,0.18997077093842948,132162.7802977725,-12.78112400026319,132149.99917377223,826,1,393.0952380952381,40,2,17,34.78021842261317,0.6348958333333332,42.9369918699187,1028.2520325203252,25.70630081300813,0
828,4,0,0,42,0.0,0.0,1.0,42,1100,700,400,0.6363636363636364,15,7,8,314.6529222307996,0.7872386759581882,-0.010114928756153274,0.17716408336702258,129799.47973738023,-180.19987251106215,129619.27986486917,827,2,394.0952380952381,38,4,15,37.22980883483608,0.6145833333333335,45.24572649572649,1019.0170940170929,26.816239316239287,6
829,4,1,0,43,0.023255813953488372,0.0,1.0,43,1400,800,600,0.5714285714285714,20,8,12,306.2865308502714,0.7913898117386489,0.003822548286382732,0.17391748230019757,130129.69970703124,-628.6051432291667,129501.09456380206,828,0,385.90697674418607,39,4,17,37.109175599795805,0.6161858974358976,44.921875,1020.3124999999999,26.16185897435897,0
830,4,2,1,44,0.044444444444444446,0.022222222222222223,0.9777777777777777,45,950,700,250,0.7368421052631579,12,7,5,293.0369794060444,0.8054713804713806,0.020947265098318235,0.16816567826527368,130541.2368216962,-1349.3180547682125,129191.91876692799,829,0,369.7111111111111,41,4,12,37.03230673397403,0.6171239837398375,44.5188492063492,1021.9246031746027,24.924990321331773,0
831,4,1,0,45,0.022222222222222223,0.0,1.0,45,750,400,350,0.5333333333333333,11,4,7,294.6726718988716,0.806523569023569,0.03218955833683679,0.16977033142882414,130693.3532238124,-1297.6480812232578,129395.70514258914,830,0,370.68888888888887,41,4,14,36.83732334012484,0.61864837398374,44.37003968253967,1022.519841269839,24.93950832365461,0
832,4,0,1,44,0.0,0.022222222222222223,0.9777777777777777,45,1200,900,300,0.75,15,9,6,295.0272469409026,0.8070286195286196,0.03339800801966075,0.1700861779343857,130718.7145691607,-1286.8835034013914,129431.83106575931,831,1,371.68888888888887,41,4,15,36.80272603802871,0.6189024390243905,44.34523809523808,1022.6190476190452,24.941927990708418,0
833,4,2,2,44,0.043478260869565216,0.043478260869565216,0.9565217391304348,46,1450,1100,350,0.7586206896551724,18,11,7,288.78542001172866,0.8077294685990338,0.04800630346320123,0.16794691982740398,131055.13232565629,-1630.637713328549,129424.49461232775,832,0,364.5,42,4,17,36.62404182833349,0.6207837301587302,44.01647286821704,1023.9341085271301,24.37938353636024,0
834,4,1,0,45,0.022222222222222223,0.0,1.0,45,850,600,250,0.7058823529411765,11,6,5,298.2200265701044,0.8051767676767677,0.0758357272737058,0.1740937373877593,131201.04762101578,-1174.644018487039,130026.40360252874,833,0,373.02222222222224,41,4,19,36.23581792066107,0.623729674796748,43.87400793650793,1024.5039682539666,24.98790166473089,0
835,4,0,0,45,0.0,0.0,1.0,45,1500,1100,400,0.7333333333333333,19,11,8,297.08819504152285,0.8051346801346801,0.07215767277734764,0.1735479003613599,131226.45817586276,-1202.8336797682223,130023.62449609453,834,1,374.02222222222224,41,4,19,36.23926865478957,0.6239837398373984,43.84920634920634,1024.603174603173,24.99032133178471,0
836,4,0,0,45,0.0,0.0,1.0,45,1150,1000,150,0.8695652173913043,13,10,3,295.9608350679903,0.8055976430976431,0.07016207960937448,0.17323350635056126,131302.70460325322,-1227.9083797871133,130074.79622346611,835,2,375.02222222222224,41,4,19,36.19153921853322,0.6247459349593496,43.77480158730158,1024.9007936507926,24.99758033294616,0
837,4,0,0,45,0.0,0.0,1.0,45,1150,800,350,0.6956521739130435,15,8,7,295.32540290958985,0.8037878787878788,0.07038505595206623,0.17321178282278746,131380.213497257,-1240.0146424399952,130140.198854817,836,3,376.02222222222224,40,5,19,36.12997290510176,0.6270833333333332,43.69918699186992,1025.2032520325208,25.63008130081302,0
838,4,0,0,45,0.0,0.0,1.0,45,1350,900,450,0.6666666666666666,18,9,9,295.9496767668487,0.8036616161616162,0.07059497071387755,0.17405152318945427,131484.4214753123,-1217.445592901045,130266.97588241125,837,4,377.02222222222224,40,5,19,36.009339080459796,0.628125,43.59756097560976,1025.6097560975609,25.64024390243902,0
839,4,3,2,46,0.0625,0.041666666666666664,0.9583333333333334,48,1400,1000,400,0.7142857142857143,18,10,8,281.50316243747716,0.8176159869976359,0.09662508439207063,0.1689330027843026,132251.85537907478,-2154.136894513314,130097.71848456147,838,0,354.3958333333333,43,5,15,35.61153562879765,0.6312984496124032,42.85037878787879,1028.5984848484845,23.920894996476385,0
840,4,1,2,45,0.02127659574468085,0.0425531914893617,0.9574468085106383,47,1200,1000,200,0.8333333333333334,14,10,4,285.9886333755089,0.8095127967930927,0.09670414283050288,0.17115766433996196,132148.80720997832,-1841.3886447629425,130307.41856521537,839,0,362.9148936170213,42,5,15,35.5992602016775,0.6316964285714286,42.950581395348834,1028.1976744186043,24.480897009966768,0
841,4,0,0,45,0.0,0.0,1.0,45,1250,1000,250,0.8,15,10,5,298.2695786506684,0.7978114478114479,0.09064292779426286,0.17759160424960282,131953.8686049969,-1128.4350419723855,130825.43356302452,840,2,379.8222222222222,40,5,15,35.4788987800857,0.6328125,43.14024390243902,1027.439024390243,25.685975609756078,0
842,4,0,0,45,0.0,0.0,1.0,45,1050,700,350,0.6666666666666666,14,7,7,296.3619801272387,0.7962962962962964,0.09373310704632587,0.17678375484980263,132024.2971050416,-1174.6035770086128,130849.69352803298,841,3,380.8222222222222,42,3,15,35.45732761330063,0.6304563492063493,43.07170542635658,1027.7131782945723,24.469361387966007,0
843,4,1,0,46,0.021739130434782608,0.0,1.0,46,1100,800,300,0.7272727272727273,14,8,6,292.4188436218269,0.802194041867955,0.10917580966556995,0.17593705176050792,132349.2784736571,-1459.7154069100052,130889.56306674708,842,0,373.5217391304348,43,3,17,35.23337321308055,0.632267441860465,42.75568181818182,1028.9772727272732,23.92970401691333,0
844,4,0,0,46,0.0,0.0,1.0,46,1600,1400,200,0.875,18,14,4,292.22935381473064,0.8011070853462158,0.10870821935597408,0.17664813414345304,132525.65906281493,-1454.4045226083192,131071.2545402066,843,1,374.5217391304348,41,5,18,35.06188377171854,0.6369410569105691,42.5843253968254,1029.6626984126983,25.11372435152923,0
845,4,0,1,45,0.0,0.021739130434782608,0.9782608695652174,46,1700,1300,400,0.7647058823529411,21,13,8,290.16196646532245,0.8004227053140097,0.09402707658302578,0.1762352154215694,132704.48022959166,-1498.8414115646442,131205.63881802702,844,2,375.5217391304348,41,5,13,34.9364529173888,0.6387195121951219,42.41071428571428,1030.3571428571415,25.13066202090589,0
846,4,0,0,45,0.0,0.0,1.0,45,1100,800,300,0.7272727272727273,14,8,6,288.6676590821303,0.7999579124579125,0.09135279649235462,0.17580638791695963,132806.7178839126,-1332.5991276140228,131474.1187562986,845,3,374.5111111111111,41,4,14,34.87287455887071,0.6397357723577237,42.31150793650793,1030.7539682539666,25.140340689121135,0
847,4,0,1,44,0.0,0.022222222222222223,0.9777777777777777,45,1250,1000,250,0.8,15,10,5,283.1045008746552,0.7999579124579125,0.0966434113313166,0.1631249946875414,130697.96419450188,-1599.7636162763959,129098.20057822549,846,4,375.5111111111111,43,2,14,37.12840340803854,0.615794573643411,44.365530303030305,1022.5378787878792,23.77995066948556,5
848,4,0,0,44,0.0,0.0,1.0,44,800,500,300,0.625,11,5,6,287.8502420734802,0.7972383720930233,0.1016868840030325,0.16579671148249786,130683.32732407896,-1276.554518959213,129406.77280511975,847,5,384.5681818181818,42,2,15,37.02181261056354,0.6170634920634921,44.3798449612403,1022.4806201550377,24.34477667035804,0
849,4,0,0,44,0.0,0.0,1.0,44,1000,700,300,0.7,13,7,6,296.94972898288904,0.7972383720930233,0.12656982193064703,0.15826441599637472,127617.7300347221,-1164.3944878237587,126453.33554689835,848,6,385.5681818181818,41,3,14,39.89475945017184,0.5876524390243902,47.39583333333333,1010.4166666666656,24.644308943089406,8
850,4,2,0,46,0.043478260869565216,0.0,1.0,46,1000,700,300,0.7,13,7,6,313.9446367341323,0.8095813204508857,0.21705910619894286,0.16506285726218503,127067.58838298464,-1194.435688773227,125873.15269421141,849,0,369.7608695652174,42,4,18,40.027630946660246,0.5806051587301587,47.94089147286821,1008.2364341085258,24.00562938353633,4
851,4,3,2,47,0.061224489795918366,0.04081632653061224,0.9591836734693877,49,1000,600,400,0.6,14,6,8,298.5861183727402,0.825077947845805,0.22143866707547777,0.15946017945972776,127699.60562414286,-2174.131740426535,125525.47388371633,850,0,348.0612244897959,44,5,14,39.76998595334067,0.584280303030303,47.314814814814824,1010.7407407407424,22.97138047138051,0
852,4,1,0,48,0.020833333333333332,0.0,1.0,48,700,400,300,0.5714285714285714,10,4,6,306.387493558348,0.8196106678486997,0.23876764081428714,0.16387739885916466,127761.29548324172,-1771.1073806244053,125990.1881026173,851,0,356.2916666666667,43,5,16,39.50996003496941,0.5862403100775193,47.25378787878789,1010.9848484848501,23.511275546159304,0
853,4,2,0,50,0.04,0.0,1.0,50,2000,1500,500,0.75,25,15,10,296.8596820309414,0.8286394557823129,0.2553719599427755,0.16085652537955664,128282.13610586012,-2383.641173072883,125898.49493278723,852,0,343.0,45,5,18,39.22083631378159,0.5888888888888888,46.73913043478261,1013.0434782608696,22.51207729468599,0
854,4,1,2,49,0.0196078431372549,0.0392156862745098,0.9607843137254902,51,1800,1500,300,0.8333333333333334,21,15,6,296.6372668829975,0.833888888888889,0.2583287072256386,0.16227136148226656,128661.1746139527,-2566.860161712214,126094.31445224048,853,0,337.2549019607843,46,5,14,38.84149627169988,0.5914855072463769,46.36524822695034,1014.539007092196,22.05519580635209,0
855,4,0,0,49,0.0,0.0,1.0,49,1150,800,350,0.6956521739130435,15,8,7,308.87596171889646,0.8210742630385488,0.2538440033547662,0.1682682478020854,128496.33487654325,-1862.1141975308628,126634.22067901239,854,2,352.0,44,5,15,38.698630136986296,0.5923295454545454,46.52777777777778,1013.8888888888891,23.042929292929298,0
856,4,2,1,50,0.0392156862745098,0.0196078431372549,0.9803921568627451,51,1350,1100,250,0.8148148148148148,16,11,5,299.6513507031985,0.8355555555555556,0.26094843977566584,0.16513254088535573,128953.65019522404,-2471.7729081786683,126481.87728704537,855,0,339.15686274509807,46,5,17,38.46829449245002,0.5944293478260869,46.077127659574465,1015.6914893617018,22.080249768732646,0
857,4,1,1,50,0.0196078431372549,0.0196078431372549,0.9803921568627451,51,1400,900,500,0.6428571428571429,19,9,10,304.0092680409451,0.8313398692810459,0.26185869968680264,0.16810700624955835,129088.7509195334,-2351.164664126577,126737.58625540682,856,0,340.1372549019608,46,5,17,38.220615603826815,0.595788043478261,45.9441489361702,1016.2234042553165,22.09181313598514,0
858,4,0,0,50,0.0,0.0,1.0,50,1500,1100,400,0.7333333333333333,19,11,8,309.530747088742,0.8293537414965986,0.2634658584417906,0.17105004536165044,129063.29175199526,-2010.1885764545361,127053.10317554073,857,2,347.94,45,5,18,38.1061686575147,0.5967592592592593,45.96920289855072,1016.1231884057961,22.58051529790658,0
859,4,1,0,51,0.0196078431372549,0.0,1.0,51,1050,700,350,0.6666666666666666,14,7,7,300.2713790789548,0.834607843137255,0.2668822512166784,0.1672114364896337,129366.17905521253,-2430.8601174732607,126935.31893773927,858,0,342.0980392156863,44,7,19,38.03453323624888,0.6010890151515152,45.67129629629629,1017.3148148148141,23.120791245791228,0
860,4,0,0,51,0.0,0.0,1.0,51,1600,1200,400,0.75,20,12,8,304.9118830990998,0.8344117647058824,0.27323960245548484,0.1702024635420116,129460.39201817571,-2305.197616598067,127155.19440157764,859,1,343.0980392156863,44,7,15,37.821096048281944,0.6020359848484849,45.57870370370371,1017.6851851851861,23.129208754208776,0
861,4,0,1,50,0.0,0.0196078431372549,0.9803921568627451,51,1200,500,700,0.4166666666666667,19,5,14,305.698080279716,0.8343790849673204,0.27587759011425605,0.17101745765374426,129546.9547905506,-2279.548922889121,127267.40586766148,860,2,344.0980392156863,45,6,15,37.71344944686657,0.6016203703703704,45.493659420289845,1018.0253623188388,22.622785829307528,0
862,4,1,0,51,0.0196078431372549,0.0,1.0,51,1400,1200,200,0.8571428571428571,16,12,4,305.10315411035134,0.8313398692810459,0.27141272731077537,0.17118662000083792,129662.24598298677,-2287.9279563116993,127374.31802667507,861,0,345.03921568627453,45,6,16,37.611911538005444,0.6027777777777779,45.380434782608695,1018.4782608695652,22.632850241545896,0
863,4,0,0,51,0.0,0.0,1.0,51,1300,1000,300,0.7692307692307693,16,10,6,307.6685025572827,0.8304248366013073,0.2738682385019451,0.1729309169546106,129731.44531250001,-2217.1440972222217,127514.3012152778,862,1,346.03921568627453,45,6,16,37.4765678254942,0.6034722222222222,45.3125,1018.7500000000001,22.638888888888893,0
864,4,0,0,51,0.0,0.0,1.0,51,1350,800,550,0.5925925925925926,19,8,11,307.9116104303521,0.8284967320261438,0.26819514796054333,0.17368066928184228,129869.89935314277,-2202.3100287492125,127667.58932439356,863,2,347.03921568627453,45,6,17,37.33032302497111,0.6048611111111111,45.17663043478261,1019.29347826087,22.650966183574887,0
865,4,0,1,50,0.0,0.0196078431372549,0.9803921568627451,51,2000,1700,300,0.85,23,17,6,312.13918001532636,0.8271568627450981,0.26902699256998974,0.17658607480465033,129985.33412754665,-2085.296878281881,127900.03724926477,864,3,348.03921568627453,45,6,17,37.10583585006218,0.6060185185185185,45.063405797101446,1019.7463768115936,22.66103059581319,0
866,4,0,0,50,0.0,0.0,1.0,50,1150,600,550,0.5217391304347826,17,6,11,316.56727812303717,0.8197108843537415,0.270181620050854,0.17895476728392623,129955.57270233185,-1772.0636145404762,128183.50908779138,865,4,355.82,44,6,18,37.02305817895629,0.6070075757575758,45.09259259259259,1019.6296296296287,23.17340067340065,0
867,4,1,1,50,0.0196078431372549,0.0196078431372549,0.9803921568627451,51,1200,700,500,0.5833333333333334,17,7,10,309.0168734403135,0.8242156862745099,0.2670063410525729,0.1758586934305784,130216.35751417775,-2152.189666036543,128064.16784814121,866,0,349.8235294117647,45,6,18,36.951987930422426,0.6083333333333334,44.83695652173913,1020.652173913044,22.681159420289866,0
868,4,1,1,50,0.0196078431372549,0.0196078431372549,0.9803921568627451,51,1200,900,300,0.75,15,9,6,311.2792002686236,0.8241830065359478,0.2703951264009732,0.1775724646333218,130309.85189471871,-2087.442498333951,128222.40939638476,867,0,350.80392156862746,44,7,18,36.79982467277289,0.6105587121212122,44.74537037037037,1021.0185185185179,23.204966329966314,0
869,4,0,1,49,0.0,0.02,0.98,50,1100,800,300,0.7272727272727273,14,8,6,314.7370047354132,0.8189115646258504,0.27355587808418025,0.17921801344024751,130238.9574759944,-1801.796124828542,128437.16135116585,868,7,358.82,44,6,19,36.783192731011134,0.6098484848484849,44.81481481481481,1020.7407407407397,23.198653198653176,0
870,4,2,1,50,0.0392156862745098,0.0196078431372549,0.9803921568627451,51,1550,1000,550,0.6451612903225806,21,10,11,315.2862681412707,0.8264705882352942,0.30207747285949527,0.18201495602511347,130771.65051984841,-1953.8988657845337,128817.75165406388,869,0,350.94117647058823,45,6,15,36.23140276301806,0.6138888888888892,44.29347826086955,1022.8260869565189,22.729468599033755,0
871,4,1,0,51,0.0196078431372549,0.0,1.0,51,650,400,250,0.6153846153846154,9,4,5,319.20785912540066,0.8266339869281046,0.31698970609915866,0.1857254167479489,131072.92753787254,-1832.0982822674032,129240.82925560515,870,0,350.078431372549,45,6,16,35.82734409553296,0.6168981481481483,43.99909420289854,1024.0036231884037,22.755636070853416,0
872,4,0,1,50,0.0,0.0196078431372549,0.9803921568627451,51,1100,800,300,0.7272727272727273,14,8,6,317.95468633537666,0.82640522875817,0.3159384397664957,0.1851079136821711,131096.117051302,-1863.4750446335079,129232.64200666848,871,1,351.078431372549,45,6,16,35.83606049885016,0.6171296296296297,43.976449275362306,1024.0942028985487,22.757648953301082,0
873,4,0,0,50,0.0,0.0,1.0,50,1000,800,200,0.8,12,8,4,320.88248607655174,0.8229081632653061,0.31018721172108177,0.18644233570932364,131019.85703875154,-1591.604509602213,129428.25252914932,872,2,358.9,44,6,16,35.837968406137875,0.6176609848484849,44.05092592592592,1023.7962962962949,23.26809764309761,0
874,4,1,1,50,0.0196078431372549,0.0196078431372549,0.9803921568627451,51,1250,800,450,0.64,17,8,9,320.6777553595799,0.8234313725490197,0.28017816896142844,0.18149767715983645,130002.78206447208,-1800.4693930040987,128202.31267146798,873,0,352.84313725490193,44,7,16,36.87049815386477,0.6074810606060606,45.046296296296305,1019.8148148148164,23.177609427609465,5
875,4,0,1,49,0.0,0.02,0.98,50,1300,800,500,0.6153846153846154,18,8,10,322.80424060438156,0.8196598639455782,0.2864883936861651,0.1827866283548471,130021.0243414257,-1605.7323949724475,128415.29194645325,874,1,360.44,43,7,16,36.79781801299907,0.6090116279069768,45.02840909090909,1019.8863636363643,23.718287526427076,0
876,4,0,0,49,0.0,0.0,1.0,49,1600,1100,500,0.6875,21,11,10,323.5230630926148,0.812889739229025,0.28206927840488283,0.1832833025894974,130040.11646685892,-1385.8046391442858,128654.31182771463,875,2,368.6938775510204,42,7,17,36.760165304959145,0.6106150793650793,45.00968992248062,1019.9612403100772,24.28479143595422,0
877,4,1,1,49,0.02,0.02,0.98,50,1150,600,550,0.5217391304347826,17,6,11,320.00373395340335,0.8176190476190476,0.28674698795180764,0.18256532316232954,130313.22830057937,-1659.475798937858,128653.75250164152,876,0,362.3,41,9,17,36.57371421168546,0.6148373983739838,44.74206349206349,1021.0317460317451,24.90321331784744,0
878,4,0,1,48,0.0,0.02040816326530612,0.9795918367346939,49,1650,1200,450,0.7272727272727273,21,12,9,327.80208453021356,0.8121456916099773,0.28721351172362297,0.1868955585238663,130288.52390276948,-1258.2300548615258,129030.29384790795,877,4,370.6938775510204,40,9,17,36.3996449664875,0.6161458333333334,44.766260162601625,1020.9349593495931,25.523373983739827,0
879,4,0,0,48,0.0,0.0,1.0,48,950,700,250,0.7368421052631579,12,7,5,332.86640825029815,0.8127770390070922,0.2827190041144265,0.1895330644431276,130237.26974875583,-929.6775596812959,129307.59218907454,878,5,371.0833333333333,41,7,18,36.32226568827548,0.6140752032520326,44.816468253968246,1020.7341269841259,24.895954316685998,0
880,4,0,0,48,0.0,0.0,1.0,48,1000,700,300,0.7,13,7,6,330.19104268218473,0.813386524822695,0.2842462260301917,0.18864760970024147,130368.94531250023,-990.6634818278878,129378.28183067235,879,6,372.0833333333333,39,9,19,36.25730994152048,0.6185897435897435,44.687500000000014,1021.2500000000018,26.185897435897484,0
881,4,0,0,48,0.0,0.0,1.0,48,1800,1300,500,0.7222222222222222,23,13,10,310.00253994651706,0.8127031619385343,0.23991331153348305,0.17495299053729066,129890.67382812525,-1543.196614583304,128347.47721354195,880,7,373.0833333333333,39,9,17,37.256029021050495,0.6137820512820511,45.156250000000014,1019.3750000000019,26.13782051282056,4
882,4,1,0,49,0.02040816326530612,0.0,1.0,49,1200,600,600,0.5,18,6,12,309.92030129160094,0.8143069727891157,0.25435024666975514,0.17646482461297294,130236.65229030355,-1727.4034965959213,128509.24879370764,881,0,366.44897959183675,40,9,18,36.90843621399178,0.6156249999999999,44.81707317073172,1020.7317073170744,25.518292682926862,0
883,4,0,0,49,0.0,0.0,1.0,49,1050,600,450,0.5714285714285714,15,6,9,311.5702657715299,0.8128543083900227,0.2647961785428088,0.17813098868162414,130395.54172092032,-1674.5227001562405,128721.01902076407,882,1,367.44897959183675,39,10,18,36.705868604453514,0.6188568376068375,44.66145833333334,1021.3541666666681,26.188568376068414,0
884,4,1,1,49,0.02,0.02,0.98,50,1150,900,250,0.782608695652174,14,9,5,305.18962665406434,0.8199829931972789,0.2636956521739131,0.17548403532608695,130617.28395061725,-2027.3919753086464,128589.8919753086,883,0,361.08,41,9,15,36.645153985507264,0.6178861788617886,44.44444444444444,1022.222222222222,24.932249322493217,0
885,4,0,0,49,0.0,0.0,1.0,49,1250,1000,250,0.8,15,10,5,312.12990191551137,0.8114016439909297,0.2691467281812816,0.17951484753391236,130625.94112507424,-1645.54756180185,128980.39356327239,884,3,369.44897959183675,40,9,15,36.45905822315008,0.6195312500000001,44.43597560975609,1022.2560975609747,25.556402439024367,0
886,4,0,0,49,0.0,0.0,1.0,49,1300,800,500,0.6153846153846154,18,8,10,320.8690744378321,0.8119331065759637,0.18166419060577854,0.18270182107863053,130237.26974875596,-1428.3563181914283,128808.91343056454,885,4,370.44897959183675,41,8,16,36.62841788965561,0.6140752032520325,44.81646825396825,1020.7341269841269,24.895954316686023,7
887,4,0,0,49,0.0,0.0,1.0,49,1650,1500,150,0.9090909090909091,18,15,3,318.00534384318354,0.8128188775510204,0.1807784131919381,0.18142522166485844,130313.22830057953,-1511.9394053917829,128801.28889518775,886,5,371.44897959183675,41,8,17,36.62472470527271,0.6148373983739838,44.742063492063494,1021.0317460317464,24.903213317847474,0
888,4,0,0,49,0.0,0.0,1.0,49,1500,1100,400,0.7333333333333333,19,11,8,319.7320615424388,0.8132794784580499,0.18622077291334205,0.18276743884394267,130389.20899667732,-1462.0778809208932,128927.13111575643,887,6,372.44897959183675,41,8,17,36.50386514489234,0.6155995934959348,44.66765873015873,1021.3293650793647,24.910472319008896,0
889,4,1,0,50,0.02,0.0,1.0,50,1350,1000,350,0.7407407407407407,17,10,7,309.9547810851148,0.8154591836734694,0.1765779251539552,0.17887220964206596,130757.64607182564,-1894.2084873204717,128863.43758450517,888,0,365.98,42,8,14,36.38184904468655,0.6178075396825395,44.30717054263566,1022.7713178294576,24.351698043558514,0
890,4,0,0,50,0.0,0.0,1.0,50,1300,1100,200,0.8461538461538461,15,11,4,311.3949516218354,0.8150340136054421,0.1769047168024247,0.1800497206584522,130831.98594585655,-1851.9160131602753,128980.06993269628,889,1,366.98,42,8,15,36.270087453431834,0.6185515873015873,44.234496124031004,1023.0620155038754,24.358619416758938,0
891,4,0,0,50,0.0,0.0,1.0,50,1300,800,500,0.6153846153846154,18,8,10,313.41279758190956,0.8147789115646258,0.17820884218498523,0.1818000758296382,130955.93268320721,-1791.3469555615584,129164.58572764565,890,2,367.98,42,8,15,36.093557701410575,0.6197916666666666,44.11337209302326,1023.5465116279075,24.3701550387597,0
892,4,0,0,50,0.0,0.0,1.0,50,1050,700,350,0.6666666666666666,14,7,7,314.2862442036754,0.8145068027210884,0.173489164379673,0.18277725605394823,131055.13232565654,-1762.2349355507413,129292.89739010579,891,3,368.98,42,8,16,35.97126273619128,0.6207837301587301,44.01647286821706,1023.934108527132,24.379383536360287,0
893,4,0,0,50,0.0,0.0,1.0,50,1250,900,350,0.72,16,9,7,310.43924858079,0.8140646258503401,0.2001276842716191,0.18255523047942002,131480.69905045338,-1836.3620856220787,129644.3369648313,892,4,369.98,41,9,16,35.64156509963242,0.6265243902439025,43.60119047619047,1025.595238095237,25.014518002322852,1
894,4,1,2,49,0.0196078431372549,0.0392156862745098,0.9607843137254902,51,900,300,600,0.3333333333333333,15,3,12,304.18294628216364,0.8226143790849674,0.198066425664007,0.17991121998698817,131700.84547390474,-2187.7697591791416,129513.07571472561,893,0,363.70588235294116,42,9,14,35.58088674911105,0.6272321428571429,43.38662790697674,1026.4534883720926,24.43936877076411,0
895,4,0,0,49,0.0,0.0,1.0,49,850,500,350,0.5882352941176471,12,5,7,318.9353302929724,0.8106221655328798,0.19901701017374163,0.18731417244796816,131432.3123223611,-1416.3184116597263,130015.99391070138,894,13,379.44897959183675,40,9,17,35.472414932276145,0.6276041666666667,43.64837398373984,1025.4065040650412,25.63516260162603,0
896,4,0,0,49,0.0,0.0,1.0,49,950,600,350,0.631578947368421,13,6,7,318.6699184286535,0.810515873015873,0.1982489953666533,0.18728585596176717,131458.3656078558,-1421.6346709960958,130036.73093685972,895,14,380.44897959183675,40,9,17,35.45300267565158,0.6278645833333333,43.6229674796748,1025.508130081301,25.637703252032527,0
897,4,0,0,49,0.0,0.0,1.0,49,1000,700,300,0.7,13,7,6,321.4856584095468,0.809984410430839,0.20495901183653142,0.18945695981578387,131562.60456945281,-1340.901889582916,130221.7026798699,896,15,381.44897959183675,40,9,15,35.275920422651474,0.62890625,43.521341463414636,1025.9146341463422,25.647865853658555,0
898,4,0,1,48,0.0,0.02040816326530612,0.9795918367346939,49,1550,1200,350,0.7741935483870968,19,12,7,319.8258774164186,0.810763888888889,0.2060452769506136,0.1893834122896049,131745.12215777638,-1372.9001421111925,130372.22201566519,897,16,382.44897959183675,40,9,15,35.13495677423613,0.6307291666666668,43.34349593495934,1026.6260162601618,25.665650406504046,0
899,4,0,0,48,0.0,0.0,1.0,48,1200,900,300,0.75,15,9,6,321.6140456774654,0.8088984929078014,0.20626360577874503,0.19096542571189576,131849.4747256924,-1119.0714026042683,130730.40332308812,898,17,382.9166666666667,40,8,17,34.98416782109637,0.6317708333333334,43.24186991869919,1027.0325203252034,25.675813008130085,0
900,4,0,1,47,0.0,0.020833333333333332,0.9791666666666666,48,1100,800,300,0.7272727272727273,14,8,6,320.3067932797667,0.8102467494089834,0.20202702702702768,0.1911508282476025,132040.89506172822,-1141.2808641975435,130899.61419753068,899,18,383.9166666666667,41,7,17,34.825450450450454,0.6321138211382114,43.05555555555555,1027.7777777777765,25.067750677506744,0
901,4,1,1,47,0.020833333333333332,0.020833333333333332,0.9791666666666666,48,1100,800,300,0.7272727272727273,14,8,6,320.79965109650755,0.8095264479905437,0.2139946962391519,0.19273999894963967,132295.92328829665,-1111.90279352483,131184.02049477183,900,0,383.8958333333333,41,7,18,34.556814529090325,0.6346544715447155,42.80753968253968,1028.76984126984,25.09194734804488,0
902,4,0,0,47,0.0,0.0,1.0,47,800,600,200,0.75,10,6,4,325.8313284069429,0.8046561825470243,0.21194600958708287,0.19534437461364107,132215.03404058423,-784.0399646374567,131430.99407594677,901,20,393.06382978723406,40,7,20,34.50860507246377,0.6354166666666667,42.886178861788615,1028.455284552845,25.711382113821124,0
903,4,0,0,47,0.0,0.0,1.0,47,750,500,250,0.6666666666666666,10,5,5,324.37548225308706,0.804309281529448,0.21239657210401974,0.19462528935185192,132244.8979591834,-820.5994897959388,131424.29846938746,902,21,394.06382978723406,41,6,20,34.51605902777779,0.6341463414634148,42.85714285714285,1028.5714285714264,25.08710801393723,0
904,4,0,0,47,0.0,0.0,1.0,47,1400,1100,300,0.7857142857142857,17,11,6,327.4665645248814,0.8029987665741597,0.21591136755218998,0.19714823782620386,132373.0732828554,-730.448891292611,131642.62439156277,903,22,395.06382978723406,42,5,20,34.30790960451977,0.6339285714285715,42.73255813953487,1029.0697674418589,24.501661129568067,0
905,4,0,1,46,0.0,0.02127659574468085,0.9787234042553191,47,1700,1200,500,0.7058823529411765,22,12,10,326.76999454270407,0.8003006475485661,0.21702773383269314,0.1975609416547173,132532.0434570311,-738.4939344676873,131793.5495225634,904,23,396.06382978723406,39,8,20,34.166350531107746,0.6402243589743591,42.57812499999999,1029.6874999999989,26.40224358974356,0
906,4,0,0,46,0.0,0.0,1.0,46,1450,1100,350,0.7586206896551724,18,11,7,328.7349281532772,0.7970008051529791,0.22089903454949322,0.19874891527799043,132532.0434570311,-486.4176432291806,132045.62581380192,905,24,404.9130434782609,39,7,20,34.11576884167932,0.6402243589743591,42.57812499999999,1029.6874999999989,26.40224358974356,0
907,4,0,1,45,0.0,0.021739130434782608,0.9782608695652174,46,800,400,400,0.5,12,4,8,331.30937045066577,0.7973429951690821,0.22551709582102153,0.20073450092010894,132612.49999999974,-412.84722222225116,132199.6527777775,906,25,405.9130434782609,39,7,20,33.96878371089535,0.6410256410256412,42.499999999999986,1029.999999999998,26.41025641025636,0
908,4,0,0,45,0.0,0.0,1.0,45,1200,700,500,0.5833333333333334,17,7,10,331.2583437716037,0.7957491582491583,0.17523758232634368,0.20287268882932538,133015.14892578125,-153.4966362847216,132861.65228949653,907,26,398.5777777777778,39,6,16,33.566532868827636,0.6450320512820513,42.109375,1031.5625,26.450320512820515,5
909,4,0,0,45,0.0,0.0,1.0,45,1400,1100,300,0.7857142857142857,17,11,6,330.94621394970267,0.7951599326599327,0.18245982518897752,0.20359907299134672,133183.59116803834,-184.67894854252086,132998.91221949583,908,27,399.5777777777778,40,5,17,33.40594335597781,0.6450520833333333,41.94613821138212,1032.2154471544725,25.805386178861813,0
910,4,0,0,45,0.0,0.0,1.0,45,800,500,300,0.625,11,5,6,336.9604051708101,0.7944444444444445,0.18669291338582683,0.2077377255179269,133262.2777447289,-19.17777943020974,133243.0999652987,909,28,400.5777777777778,40,5,17,33.17195702099739,0.6458333333333333,41.869918699187004,1032.5203252032538,25.813008130081347,0
911,4,0,0,45,0.0,0.0,1.0,45,1150,800,350,0.6956521739130435,15,8,7,338.07668343629484,0.7936447811447812,0.17615280162497604,0.20675091060548223,132961.42713758687,-9.603092118711402,132951.82404546815,910,29,401.5777777777778,39,6,15,33.44453843046157,0.6444978632478633,42.161458333333336,1031.3541666666672,26.444978632478644,1
912,4,0,0,45,0.0,0.0,1.0,45,1150,800,350,0.6956521739130435,15,8,7,336.97323057409267,0.7933922558922559,0.17756237659307117,0.20652121754986488,133042.01388888896,-33.680555555550654,133008.3333333334,911,30,402.5777777777778,39,6,15,33.39223209477651,0.6452991452991453,42.083333333333336,1031.6666666666672,26.452991452991466,0
913,4,0,0,45,0.0,0.0,1.0,45,1050,600,450,0.5714285714285714,15,6,9,334.870545301253,0.7929292929292929,0.176073550846507,0.20612218036865956,133203.26063368062,-78.83029513888323,133124.43033854174,912,31,403.5777777777778,39,6,17,33.28498150016818,0.6469017094017094,41.927083333333336,1032.2916666666672,26.469017094017108,0
914,4,0,0,45,0.0,0.0,1.0,45,1100,700,400,0.6363636363636364,15,7,8,333.6301635257487,0.7921717171717172,0.17944545311904614,0.20595326532965572,133310.81271701382,-104.69835069445003,133206.11436631938,913,32,404.5777777777778,39,6,17,33.209350413556585,0.6479700854700855,41.822916666666664,1032.7083333333328,26.47970085470084,0
915,4,0,0,45,0.0,0.0,1.0,45,1300,600,700,0.46153846153846156,20,6,14,331.3256370450838,0.7906144781144782,0.18495592073573763,0.20527289155841272,133445.31385633684,-157.22927517360586,133288.08458116325,914,33,405.5777777777778,39,6,18,33.13432553684847,0.6493055555555556,41.692708333333336,1033.229166666667,26.493055555555564,0
916,4,0,0,45,0.0,0.0,1.0,45,1100,600,500,0.5454545454545454,16,6,10,338.8899530019439,0.7880050505050505,0.19565587352769942,0.21072330160346453,133579.88281250015,53.77604166668232,133633.65885416683,915,34,406.5777777777778,39,6,18,32.804312777106,0.6506410256410255,41.56250000000001,1033.7500000000011,26.506410256410284,0
917,4,0,1,44,0.0,0.022222222222222223,0.9777777777777777,45,1200,700,500,0.5833333333333334,17,7,10,339.48955612091964,0.7869949494949495,0.19311641650716904,0.2115576160459744,133660.6567382814,75.27940538196083,133735.93614366336,916,35,407.5777777777778,39,6,18,32.70803952184279,0.6514423076923077,41.48437500000001,1034.0625000000011,26.514423076923105,0
918,4,0,0,44,0.0,0.0,1.0,44,1050,700,350,0.6666666666666666,14,7,7,339.2395717378375,0.7826814658210007,0.16740196975799093,0.2121742711901891,133795.33420138896,277.7343750000115,134073.06857638896,897,36,397.02272727272725,39,5,14,32.57987649348906,0.6527777777777778,41.35416666666667,1034.583333333334,26.527777777777793,0
919,4,1,0,45,0.022222222222222223,0.0,1.0,45,950,400,550,0.42105263157894735,15,4,11,333.87130259394894,0.7890151515151516,0.16663722314914775,0.21011826449226365,134024.11268300962,-50.63898390506796,133973.47369910456,898,0,389.1777777777778,40,5,15,32.490308175483364,0.6533854166666666,41.13313008130082,1035.467479674798,25.886686991869947,0
920,4,0,1,44,0.0,0.022222222222222223,0.9777777777777777,45,1000,800,200,0.8,12,8,4,342.3490868367477,0.788425925925926,0.14840267250575434,0.20846425933843812,132800.32687717024,93.84691232226305,132894.17378949252,899,1,390.1777777777778,39,6,17,33.49597860872493,0.6428952991452992,42.317708333333336,1030.7291666666674,26.42895299145301,2
921,4,0,0,44,0.0,0.0,1.0,44,1150,800,350,0.6956521739130435,15,8,7,346.27101493422185,0.7871960887949261,0.14657310854885308,0.2108524118630232,132800.32687717024,396.9807942708385,133197.30767144109,900,2,389.6136363636364,39,5,18,33.39491746673403,0.6428952991452992,42.317708333333336,1030.7291666666674,26.42895299145301,0
922,4,0,0,44,0.0,0.0,1.0,44,1200,800,400,0.6666666666666666,16,8,8,345.4221504636074,0.7869978858350952,0.143608715221325,0.21063727807383406,132854.0161132814,378.143988715293,133232.16010199668,901,3,390.6136363636364,39,5,18,33.362908793910606,0.6434294871794872,42.26562500000001,1030.9375000000011,26.4342948717949,0
923,4,0,1,43,0.0,0.022727272727272728,0.9772727272727273,44,950,600,350,0.631578947368421,13,6,7,371.10902903157904,0.7869978858350952,0.166180361571296,0.2205850593900179,131889.2700195311,1001.2613932291526,132890.53141276026,902,4,391.6136363636364,39,5,19,33.673161106040624,0.6338141025641026,43.20312499999999,1027.1874999999989,26.338141025640997,3
924,4,1,0,44,0.022727272727272728,0.0,1.0,44,1000,700,300,0.7,13,7,6,366.2385745807693,0.7913363284002819,0.1745763625581771,0.2192663844738593,132162.78029777238,880.6216537774999,133043.40195154987,903,0,391.0,40,4,20,33.52235290241813,0.6348958333333334,42.93699186991869,1028.2520325203243,25.706300813008106,0
925,4,0,0,44,0.0,0.0,1.0,44,1000,600,400,0.6,14,6,8,365.07872748720547,0.7910059901338972,0.17377525626858614,0.21872301026897736,132188.90587819729,851.871509187629,133040.7773873849,904,1,392.0,40,4,20,33.52583423921994,0.6351562500000001,42.91158536585365,1028.3536585365835,25.708841463414586,0
926,4,0,0,44,0.0,0.0,1.0,44,850,600,250,0.7058823529411765,11,6,5,365.07872748720547,0.7910059901338972,0.17377525626858614,0.21872301026897736,132188.90587819729,851.871509187629,133040.7773873849,905,2,393.0,40,4,20,33.52583423921994,0.6351562500000001,42.91158536585365,1028.3536585365835,25.708841463414586,0
927,4,0,0,44,0.0,0.0,1.0,44,650,400,250,0.6153846153846154,9,4,5,369.75631147071556,0.7911601479915433,0.17671229185752013,0.22198537275839728,132267.29811124317,981.3336555621518,133248.63176680534,906,3,394.0,40,4,20,33.326541197391805,0.6359375,42.83536585365853,1028.6585365853648,25.71646341463412,0
928,4,0,0,44,0.0,0.0,1.0,44,850,200,650,0.23529411764705882,15,2,13,369.6597981161612,0.7914023960535589,0.1782398261556697,0.22223490475819538,132319.57250974933,982.6452921541203,133302.21780190343,907,4,395.0,40,4,21,33.27633181878045,0.6364583333333333,42.784552845528445,1028.8617886178847,25.721544715447116,0
929,4,0,0,44,0.0,0.0,1.0,44,800,700,100,0.875,9,7,2,367.9784949761513,0.790719696969697,0.17749355907250686,0.22168460551002273,132398.00347222213,943.9933240795727,133341.9967963017,908,5,396.0,37,7,21,33.24055330634279,0.642454954954955,42.70833333333333,1029.1666666666658,27.815315315315292,0
930,4,0,0,44,0.0,0.0,1.0,44,750,500,250,0.6666666666666666,10,5,5,367.47634389530657,0.7900149753347429,0.1756207150327307,0.22171387638104978,132454.4330947982,934.7741612803741,133389.20725607857,909,6,397.0,37,7,22,33.19663400085216,0.6430180180180181,42.653508771929815,1029.3859649122792,27.821242294926464,0
931,4,0,0,44,0.0,0.0,1.0,44,1000,700,300,0.7,13,7,6,367.34931900432133,0.7892441860465117,0.16709578751742282,0.22230314459333664,132567.32840874107,939.7035626346452,133507.03197137572,910,7,398.0,37,7,22,33.08622586598523,0.6441441441441442,42.5438596491228,1029.8245614035081,27.83309625414887,0
932,4,0,0,44,0.0,0.0,1.0,44,1000,700,300,0.7,13,7,6,365.11827809665493,0.7888257575757576,0.1703432795386819,0.22161830368192284,132680.2718144043,888.7984764542753,133569.07029085857,911,8,399.0,37,7,16,33.030012771392066,0.6452702702702704,42.43421052631578,1030.2631578947357,27.844950213371238,0
933,4,0,0,44,0.0,0.0,1.0,44,1600,800,800,0.5,24,8,16,366.6853079131705,0.7867336152219874,0.1723908864767072,0.22334468754711287,132810.65088757395,939.9428829717268,133750.59377054567,912,9,400.0,38,6,16,32.85849398839138,0.6447368421052632,42.30769230769231,1030.7692307692307,27.125506072874494,0
934,4,0,0,44,0.0,0.0,1.0,44,1750,1200,550,0.6857142857142857,23,12,11,367.501912487176,0.7872841789992953,0.17699296351767524,0.22433655644615685,132893.2574169956,967.7052514793054,133860.9626684749,913,10,401.0,38,6,16,32.754377784685516,0.6455592105263157,42.22756410256411,1031.089743589745,27.133940620782763,0
935,4,0,0,44,0.0,0.0,1.0,44,1050,700,350,0.6666666666666666,14,7,7,365.4969165958008,0.786777660324172,0.17507643855992439,0.22351976350926683,132961.42713758702,919.3983289930761,133880.82546658008,914,11,402.0,39,5,16,32.737539137460864,0.6444978632478632,42.16145833333334,1031.3541666666686,26.44497863247868,0
936,4,0,0,44,0.0,0.0,1.0,44,1150,700,450,0.6086956521739131,16,7,9,369.2703589352773,0.7851700140944328,0.17106036128653157,0.2263152001791456,133042.0138888891,1025.6944444444648,134067.70833333358,915,12,403.0,39,5,18,32.5592353257943,0.6452991452991452,42.08333333333334,1031.6666666666686,26.4529914529915,0
937,4,0,1,43,0.0,0.022727272727272728,0.9772727272727273,44,1000,700,300,0.7,13,7,6,366.95880097874567,0.7840909090909092,0.16924086412275385,0.2252226692995948,133095.75195312526,968.1315104166979,134063.88346354195,916,13,404.0,39,5,18,32.56485968100144,0.6458333333333333,42.031250000000014,1031.875000000002,26.458333333333385,0
938,4,1,1,43,0.022727272727272728,0.022727272727272728,0.9772727272727273,44,950,700,250,0.7368421052631579,12,7,5,365.3718501668595,0.7808756166314306,0.1610352923912246,0.22522175241628836,133257.03125000026,937.6736111111412,134194.70486111142,917,0,404.6818181818182,39,5,19,32.44383911756793,0.6474358974358974,41.875000000000014,1032.500000000002,26.474358974359028,0
939,4,0,0,43,0.0,0.0,1.0,43,1600,1400,200,0.875,18,14,4,373.84023800078285,0.7750553709856035,0.16825271693225985,0.23044181834973654,133257.03125000012,1363.3680555555702,134620.39930555568,918,20,415.09302325581393,39,4,19,32.225248856604786,0.6474358974358974,41.87500000000001,1032.500000000001,26.474358974359,0
940,4,0,0,43,0.0,0.0,1.0,43,950,700,250,0.7368421052631579,12,7,5,375.0461881107923,0.7742248062015503,0.17443619603841976,0.23168741153386346,133337.7075195314,1401.5597873264032,134739.2673068578,919,21,416.09302325581393,39,4,19,32.11306522104556,0.6482371794871794,41.79687500000001,1032.8125000000011,26.482371794871824,0
941,4,0,0,43,0.0,0.0,1.0,43,800,500,300,0.625,11,5,6,374.5490192394736,0.773578811369509,0.17630148613983487,0.23188371865275295,133418.40820312512,1394.3467881944584,134812.75499131958,920,22,417.09302325581393,39,4,20,32.04485111245548,0.6490384615384615,41.71875000000001,1033.125000000001,26.490384615384638,0
942,4,0,0,43,0.0,0.0,1.0,43,1050,900,150,0.8571428571428571,12,9,3,373.8671207142811,0.7729328165374677,0.17022515575843578,0.23197482638130978,133500.54974848012,1382.3149310364552,134882.86467951658,921,23,418.09302325581393,37,6,20,31.979995579133515,0.6534346846846848,41.639254385964904,1033.442982456139,27.930891417733484,0
943,4,0,0,43,0.0,0.0,1.0,43,650,400,250,0.6153846153846154,9,4,5,373.2128582226209,0.7725175341454411,0.1696480547799235,0.23210097805559796,133585.55036164954,1371.1690135426024,134956.71937519213,922,24,419.09302325581393,37,6,20,31.911593126856165,0.6542792792792793,41.55701754385964,1033.7719298245597,27.939781887150264,0
944,4,1,1,43,0.022727272727272728,0.022727272727272728,0.9772727272727273,44,800,500,300,0.625,11,5,6,365.89872419341737,0.7796643763213531,0.1681955437617242,0.2293503990448959,133876.17323133672,997.0241970486052,134873.19742838532,923,0,410.54545454545456,39,5,17,31.809365039422918,0.6535790598290598,41.276041666666664,1034.8958333333328,26.535790598290586,0
945,4,0,0,43,0.0,0.0,1.0,43,1200,800,400,0.6666666666666666,16,8,8,366.84731457716555,0.7721022517534145,0.16430330997987963,0.22983719851192908,133858.89788333693,1221.1554441522317,135080.05332748918,924,26,421.09302325581393,38,5,17,31.802128501617457,0.6551535087719298,41.29273504273504,1034.8290598290594,27.232343679712088,0
946,4,0,0,43,0.0,0.0,1.0,43,850,500,350,0.5882352941176471,12,5,7,369.9254685301588,0.7712255444813584,0.16556296159394357,0.232288260828821,133941.82971957407,1309.698822960035,135251.5285425341,925,27,422.09302325581393,38,5,17,31.639402071077154,0.6559758771929824,41.212606837606835,1035.1495726495723,27.240778227620325,0
947,4,0,0,43,0.0,0.0,1.0,43,950,700,250,0.7368421052631579,12,7,5,368.12583270231687,0.7707641196013288,0.1654834761321906,0.23133199214561906,133969.4793721234,1263.5252301117437,135233.00460223516,926,28,423.09302325581393,38,5,17,31.65828173374611,0.6562500000000002,41.185897435897424,1035.2564102564086,27.2435897435897,0
948,4,0,0,43,0.0,0.0,1.0,43,1050,500,550,0.47619047619047616,16,5,11,369.8685622436554,0.7697028423772609,0.16679817061618207,0.23365572951639896,134163.10683988954,1324.5430866023685,135487.64992649193,927,29,424.09302325581393,38,5,19,31.419296345948915,0.6581688596491229,40.99893162393162,1036.0042735042725,27.263270355375592,0
949,4,0,0,43,0.0,0.0,1.0,43,1100,700,400,0.6363636363636364,15,7,8,371.13209257391645,0.7682724252491694,0.16266125900677397,0.23534140929098907,134301.4977810649,1368.7191814595467,135670.21696252446,928,30,425.09302325581393,38,5,19,31.24806740878169,0.6595394736842106,40.865384615384606,1036.53846153846,27.277327935222633,0
950,4,0,0,43,0.0,0.0,1.0,43,950,600,350,0.631578947368421,13,6,7,371.5285624532679,0.7676264304171281,0.16747061572193678,0.23612866395605536,134384.56658859298,1385.5409681130795,135770.10755670606,929,31,426.09302325581393,38,5,20,31.154688304997432,0.6603618421052632,40.78525641025641,1036.858974358974,27.285762483130892,0
951,4,0,1,42,0.0,0.023255813953488372,0.9767441860465116,43,850,500,350,0.5882352941176471,12,5,7,372.24012324672475,0.7668420081210778,0.16887622206907826,0.23678277488314034,134415.72401258684,1406.985134548615,135822.70914713547,930,32,427.09302325581393,39,4,20,31.105077013226197,0.6589209401709402,40.755208333333336,1036.979166666667,26.58920940170941,0
952,4,0,0,42,0.0,0.0,1.0,42,900,600,300,0.6666666666666666,12,6,6,375.3985982786363,0.7648809523809523,0.16924186238154126,0.23913186299796588,134467.661078238,1695.7942965154475,136163.45537475342,931,33,432.6190476190476,38,4,20,30.97123506386485,0.6611842105263158,40.705128205128204,1037.1794871794868,27.29419703103913,0
953,4,0,1,41,0.0,0.023809523809523808,0.9761904761904762,42,1250,800,450,0.64,17,8,9,376.38383637925097,0.7649535423925667,0.16943935410193056,0.24050471084390515,134580.80317911968,1730.8848470626938,136311.68802618238,932,34,433.6190476190476,35,7,20,30.832519985127337,0.6681547619047619,40.596064814814824,1037.6157407407422,29.646164021164065,0
954,4,0,0,41,0.0,0.0,1.0,41,500,100,400,0.2,9,1,8,375.33790477948725,0.7620934959349593,0.16026631274341252,0.2404307378616033,134670.8890603569,1909.4178669410435,136580.30692729793,933,35,426.1463414634146,35,6,21,30.76958816532858,0.6690476190476189,40.509259259259274,1037.9629629629649,29.656084656084712,0
955,4,0,0,41,0.0,0.0,1.0,41,1550,1300,250,0.8387096774193549,18,13,5,374.5326054086687,0.7628048780487805,0.1647313429995294,0.24051052277173723,134761.00508241178,1894.4780682013147,136655.4831506131,934,36,427.1463414634146,35,6,21,30.700428231709587,0.6699404761904761,40.42245370370371,1038.310185185186,29.666005291005312,0
956,4,0,0,41,0.0,0.0,1.0,41,1050,600,450,0.5714285714285714,15,6,9,380.39645559123153,0.7605182926829268,0.159763297532719,0.2454938160921988,134941.32754897553,2066.240542481144,137007.56809145666,935,37,428.1463414634146,35,6,15,30.3680006312428,0.6717261904761904,40.248842592592595,1039.00462962963,29.68584656084657,0
957,4,0,0,41,0.0,0.0,1.0,41,900,700,200,0.7777777777777778,11,7,4,379.66279929167,0.7602134146341464,0.15816176870009202,0.24563198397976932,135031.53399348425,2053.29003772291,137084.82403120716,936,38,429.1463414634146,35,6,16,30.296956198960643,0.6726190476190477,40.16203703703704,1039.3518518518522,29.695767195767207,0
958,4,0,1,40,0.0,0.024390243902439025,0.975609756097561,41,700,400,300,0.5714285714285714,10,4,6,377.95028935626766,0.760060975609756,0.15885429395376116,0.2449314212841267,135091.6883680555,2011.588541666662,137103.27690972216,937,39,430.1463414634146,35,6,16,30.281396125584497,0.6732142857142858,40.104166666666664,1039.583333333333,29.702380952380945,0
959,4,1,0,41,0.024390243902439025,0.0,1.0,41,1000,600,400,0.6,14,6,8,371.4308445073802,0.7609756097560976,0.18176024996659557,0.24281140331019654,135405.341066482,1858.7440366266583,137264.08510310866,938,0,428.4878048780488,37,4,17,30.1380987498244,0.6722972972972973,39.80263157894737,1040.7894736842109,28.129445234708403,0
960,4,0,1,40,0.0,0.024390243902439025,0.975609756097561,41,1000,900,100,0.9,11,9,2,371.0245256403331,0.7609756097560976,0.18295508845124253,0.2429315066502982,135462.40790435523,1851.9751269621495,137314.38303131738,939,1,429.4878048780488,37,4,17,30.09181237272664,0.6728603603603602,39.74780701754386,1041.0087719298251,28.1353722143196,0
961,4,0,0,40,0.0,0.0,1.0,40,1050,800,250,0.7619047619047619,13,8,5,374.578872403183,0.7571047008547008,0.17608719169190845,0.2452271314798176,135457.78041555072,2147.924529258995,137605.70494480972,940,2,437.025,36,4,18,30.003921462570307,0.6747685185185186,39.752252252252255,1040.9909909909913,28.916416416416425,0
962,4,0,0,40,0.0,0.0,1.0,40,750,400,350,0.5333333333333333,11,4,7,375.30210490494414,0.7564636752136752,0.18192731992212874,0.24610235900362518,135516.40111395187,2171.9181174417768,137688.31923139366,941,3,438.025,36,4,18,29.926680005768258,0.6753472222222222,39.69594594594595,1041.2162162162167,28.922672672672686,0
963,4,0,0,40,0.0,0.0,1.0,40,700,500,200,0.7142857142857143,9,5,4,374.07999999999987,0.7550213675213675,0.18120000000000003,0.24610526315789485,135633.6805555557,2147.569444444465,137781.25000000017,942,4,439.025,36,4,18,29.841666666666672,0.6765046296296295,39.58333333333334,1041.6666666666679,28.93518518518522,0
964,4,0,0,40,0.0,0.0,1.0,40,750,600,150,0.8,9,6,3,374.44373334211855,0.7538194444444445,0.18596766822803623,0.2469861339821825,135726.70245181397,2164.40263605441,137891.10508786837,943,5,440.025,34,6,18,29.73956548231083,0.6816789215686274,39.49404761904761,1042.0238095238087,30.647759103641434,0
965,4,0,0,40,0.0,0.0,1.0,40,1200,600,600,0.5,18,6,12,375.8214525710716,0.753258547008547,0.18876554174067506,0.24892644446766282,135874.914266118,2212.941529492461,138087.85579561046,944,6,441.025,35,5,16,29.556135287152177,0.680952380952381,39.351851851851855,1042.5925925925928,29.788359788359795,0
966,4,0,0,40,0.0,0.0,1.0,40,850,600,250,0.7058823529411765,11,6,5,376.1646019159869,0.7529380341880342,0.19140399556048848,0.24957607240523125,135935.2561835561,2226.8063057270065,138162.06248928313,945,7,442.025,35,5,17,29.48714391416943,0.6815476190476191,39.293981481481474,1042.824074074073,29.794973544973516,0
967,4,0,0,40,0.0,0.0,1.0,40,1350,900,450,0.6666666666666666,18,9,9,376.06429661047457,0.7520833333333333,0.1936023294509155,0.250570556832478,136086.16958429772,2235.429928626532,138321.59951292427,946,8,443.025,35,5,17,29.339642262895175,0.6830357142857142,39.14930555555555,1043.402777777777,29.811507936507912,0
968,4,0,0,40,0.0,0.0,1.0,40,1050,900,150,0.8571428571428571,12,9,3,374.501924484365,0.750801282051282,0.1947852595230386,0.24985668352747387,136132.68409879482,2196.3904360441593,138329.074534839,947,9,444.025,36,4,17,29.33415164922125,0.6814236111111112,39.10472972972973,1043.5810810810817,28.98836336336338,0
969,4,1,0,41,0.024390243902439025,0.0,1.0,41,1200,700,500,0.5833333333333334,17,7,10,388.7623928812488,0.7575711382113821,0.21812279615899266,0.255153866288405,135548.03070415897,2339.1953533779615,137887.22605753693,948,0,434.1707317073171,37,4,18,29.544746586641395,0.673704954954955,39.665570175438596,1041.3377192982455,28.144262683736365,1
970,4,0,1,40,0.0,0.024390243902439025,0.975609756097561,41,1200,800,400,0.6666666666666666,16,8,8,390.4327675534178,0.7566565040650407,0.2145717287174016,0.2575326310772468,135726.70245181397,2398.511568610582,138125.21402042455,949,1,435.1707317073171,34,7,18,29.323041623824217,0.6816789215686274,39.49404761904761,1042.0238095238087,30.647759103641434,0
971,4,0,0,40,0.0,0.0,1.0,40,1450,1100,350,0.7586206896551724,18,11,7,395.808392960395,0.7522970085470085,0.21212522045855398,0.26156568625704424,135793.29652357264,2749.6252943579393,138542.9218179306,950,2,443.775,33,7,18,29.11657358416617,0.6846590909090908,39.43014705882353,1042.2794117647059,31.58422459893048,0
972,4,0,0,40,0.0,0.0,1.0,40,1250,900,350,0.72,16,9,7,393.36388129129625,0.7521100427350428,0.21337428000470204,0.26041607300739744,135857.16919273837,2688.260674980774,138545.42986771913,951,3,444.775,33,7,19,29.116585361075185,0.6852904040404041,39.368872549019606,1042.5245098039215,31.59165181224005,0
973,4,0,1,39,0.0,0.025,0.975,40,1200,900,300,0.75,15,9,6,356.07541573189144,0.7517094017094017,0.17288108791903856,0.23166881986506999,135234.21269044312,1630.7157009849093,136864.92839142802,952,4,445.775,37,3,15,30.707973153419072,0.6706081081081081,39.96710526315789,1040.1315789473679,28.111664295874807,3
974,4,0,1,38,0.0,0.02564102564102564,0.9743589743589743,39,1250,800,450,0.64,17,8,9,362.97770731997383,0.7443207377417904,0.1774272356775608,0.23608888062023078,135223.42443795144,2016.6177156886633,137240.0421536401,953,15,458.1025641025641,36,3,16,30.539239569799335,0.6724537037037037,39.97747747747748,1040.09009009009,28.891391391391387,0
975,4,0,0,38,0.0,0.0,1.0,38,1150,900,250,0.782608695652174,14,9,5,367.22102546272566,0.7372569938359412,0.17621333645571147,0.2395730782953483,135332.43982553136,2339.383466220832,137671.8232917522,954,16,457.8157894736842,35,3,16,30.32026325546904,0.6755952380952381,39.872685185185176,1040.5092592592578,29.728835978835935,0
976,4,0,0,38,0.0,0.0,1.0,38,1050,800,250,0.7619047619047619,13,8,5,367.4044414785157,0.7372273589378853,0.17309414677835733,0.23989348825950133,135362.54882812497,2346.560329861111,137709.1091579861,955,17,458.8157894736842,35,3,16,30.285493827160497,0.6758928571428571,39.84375,1040.6249999999998,29.73214285714285,0
977,4,0,0,38,0.0,0.0,1.0,38,650,400,250,0.6153846153846154,9,4,5,364.2134186809936,0.7366939307728781,0.17121915117702313,0.23863593591111185,135487.0891795513,2269.243187444217,137756.3323669955,956,18,459.8157894736842,36,2,17,30.24450153235984,0.6750578703703705,39.72409909909911,1041.1036036036046,28.91954454454457,0
978,4,0,0,38,0.0,0.0,1.0,38,1050,700,350,0.6666666666666666,14,7,7,362.0413152330003,0.736219772403983,0.17254244619876702,0.2376008546458165,135545.71621875258,2214.6298748072454,137760.34609355984,957,19,460.8157894736842,36,2,18,30.242691323312066,0.6756365740740742,39.667792792792795,1041.3288288288293,28.925800800800815,0
979,4,0,0,38,0.0,0.0,1.0,38,1150,800,350,0.6956521739130435,15,8,7,363.8238717657832,0.736190137505927,0.17636245674740425,0.23896613395525335,135575.03449395354,2265.086792873971,137840.12128682752,958,20,461.8157894736842,36,2,18,30.167108203575545,0.6759259259259258,39.63963963963965,1041.4414414414425,28.928928928928958,0
980,4,0,0,38,0.0,0.0,1.0,38,1000,800,200,0.8,12,8,4,365.1200000000003,0.7355974395448079,0.178105263157895,0.24021052631578943,135633.68055555545,2304.5265704893995,137938.20712604484,959,21,462.8157894736842,35,3,19,30.075000000000003,0.6785714285714286,39.58333333333333,1041.6666666666658,29.761904761904738,0
981,4,0,0,38,0.0,0.0,1.0,38,850,700,150,0.8235294117647058,10,7,3,364.08945546419545,0.7348565670934092,0.17417878251109298,0.2401390012852858,135724.11807966826,2283.1440489969154,138007.26212866517,960,22,463.8157894736842,35,3,20,30.011871042985682,0.6794642857142856,39.49652777777778,1042.0138888888891,29.771825396825403,0
982,4,0,0,38,0.0,0.0,1.0,38,850,400,450,0.47058823529411764,13,4,9,377.10700841479905,0.7348862019914651,0.20479782846265016,0.23958330364395558,134370.7200038582,2534.4280478395276,136905.14805169773,961,23,464.8157894736842,35,3,20,31.02394507702613,0.6660714285714284,40.79861111111112,1036.805555555557,29.623015873015916,4
983,4,0,0,38,0.0,0.0,1.0,38,950,500,450,0.5263157894736842,14,5,9,377.48190477946815,0.735567804646752,0.20756868281029361,0.24023710166649115,134433.97102761568,2549.2782901144587,136983.24931773014,962,24,465.8157894736842,36,2,20,30.95092662974626,0.6646412037037036,40.73761261261262,1037.0495495495513,28.80693193193198,0
984,4,0,0,38,0.0,0.0,1.0,38,800,500,300,0.625,11,5,6,375.93260577440844,0.7347972972972973,0.2029695615654048,0.23963427209606097,134492.36979800765,2512.013406988094,137004.38320499574,963,25,466.8157894736842,36,2,21,30.932671081677714,0.6652199074074073,40.68130630630632,1037.2747747747765,28.813188188188235,0
985,4,0,0,38,0.0,0.0,1.0,38,1550,1200,350,0.7741935483870968,19,12,7,376.0336882417308,0.7351825509720247,0.20705577015934362,0.24110395304910945,134705.21541950095,2530.7651591193885,137235.98057862034,964,26,467.8157894736842,34,4,22,30.717220948012237,0.6715686274509804,40.47619047619047,1038.0952380952367,30.53221288515402,0
986,4,0,0,38,0.0,0.0,1.0,38,650,300,350,0.46153846153846156,10,3,7,378.49599759163874,0.7351232811759127,0.21598011535027406,0.2435102568576294,134828.8265306122,2606.4342403628066,137435.260770975,965,27,468.8157894736842,34,4,18,30.529764633959964,0.6727941176470589,40.357142857142854,1038.571428571428,30.546218487394942,0
987,4,0,0,38,0.0,0.0,1.0,38,750,100,650,0.13333333333333333,14,1,13,381.59924088173176,0.7354788999525842,0.21801150825723492,0.2459257737026579,134890.65334467104,2694.834183673447,137585.4875283445,966,28,469.8157894736842,34,4,18,30.387395904958346,0.6734068627450982,40.29761904761904,1038.8095238095225,30.553221288515367,0
988,4,0,1,37,0.0,0.02631578947368421,0.9736842105263158,38,600,300,300,0.5,9,3,6,380.0685397962328,0.7353899952584163,0.21768032752289712,0.24556760058336885,134983.4201388887,2660.5902777777537,137644.01041666645,967,29,470.8157894736842,34,4,19,30.33446939321037,0.674325980392157,40.20833333333332,1039.1666666666652,30.563725490196035,0
989,4,0,0,37,0.0,0.0,1.0,37,850,600,250,0.7058823529411765,11,6,5,378.2520457957692,0.7344844844844844,0.2163400372082085,0.2448123507667055,135045.28238378663,2816.230867346913,137861.51325113355,968,30,475.8378378378378,34,3,20,30.319885083801026,0.6749387254901962,40.14880952380951,1039.40476190476,30.570728291316474,0
990,4,0,0,37,0.0,0.0,1.0,37,1000,600,400,0.6,14,6,8,378.2520457957692,0.7344844844844844,0.2163400372082085,0.2448123507667055,135045.28238378663,2816.230867346913,137861.51325113355,969,31,476.8378378378378,34,3,20,30.319885083801026,0.6749387254901962,40.14880952380951,1039.40476190476,30.570728291316474,0
991,4,0,0,37,0.0,0.0,1.0,37,1200,1000,200,0.8333333333333334,14,10,4,379.6468964390452,0.7332957957957957,0.2164946221258457,0.24698249696112698,135230.9541524942,2868.002409297037,138098.95656179124,970,32,477.8378378378378,34,3,21,30.098288886345433,0.6767769607843138,39.97023809523809,1040.1190476190466,30.59173669467784,0
992,4,0,0,37,0.0,0.0,1.0,37,800,600,200,0.75,10,6,4,376.72049779782344,0.7337962962962963,0.2155358241866996,0.24550040494072906,135292.8730867346,2793.5196995464685,138086.39278628107,971,33,478.8378378378378,34,3,21,30.11261776709767,0.677389705882353,39.91071428571428,1040.357142857142,30.598739495798295,0
993,4,0,0,37,0.0,0.0,1.0,37,550,200,350,0.36363636363636365,9,2,7,375.24414957401495,0.7337337337337337,0.2140825035561884,0.2447487960654393,135323.83786848056,2755.89569160996,138079.73356009054,972,34,479.8378378378378,34,3,21,30.120137299771173,0.6776960784313726,39.88095238095237,1040.4761904761892,30.602240896358506,0
994,4,0,0,37,0.0,0.0,1.0,37,1150,700,450,0.6086956521739131,16,7,9,374.60873422517045,0.7338588588588588,0.21145565100729247,0.24496665395143333,135416.75347222216,2745.659722222218,138162.41319444438,973,35,480.8378378378378,34,3,21,30.044035228182544,0.6786151960784315,39.791666666666664,1040.833333333333,30.612745098039206,0
995,4,0,0,37,0.0,0.0,1.0,37,1150,800,350,0.6956521739130435,15,8,7,372.67032604845207,0.7319819819819819,0.20781179029721386,0.24454218619248383,135540.6905470521,2702.398667800446,138243.08921485255,974,36,481.8378378378378,34,3,22,29.97099005373271,0.6798406862745099,39.672619047619044,1041.3095238095234,30.6267507002801,0
996,4,0,0,37,0.0,0.0,1.0,37,750,500,250,0.6666666666666666,10,5,5,372.8243618069423,0.7296046046046046,0.21195415504637327,0.24549179760515824,135664.6843112245,2715.8198696145164,138380.50418083902,975,37,482.8378378378378,34,3,22,29.843494076867415,0.6810661764705882,39.55357142857143,1041.7857142857144,30.640756302521012,0
997,4,0,0,37,0.0,0.0,1.0,37,1050,800,250,0.7619047619047619,13,8,5,374.7584255486968,0.7297297297297297,0.21569123968575554,0.24697934792185192,135695.69160997725,2770.6207482993095,138466.31235827657,976,38,483.8378378378378,34,3,22,29.762244820231565,0.6813725490196079,39.52380952380952,1041.9047619047612,30.644257703081212,0
998,4,0,0,37,0.0,0.0,1.0,37,650,300,350,0.46153846153846156,10,3,7,375.7228560790222,0.7286661661661662,0.21769833354432921,0.24782985374978772,135726.7024518141,2799.1248582766475,138525.82731009077,977,39,484.8378378378378,34,3,22,29.70624357363189,0.6816789215686274,39.49404761904762,1042.0238095238099,30.647759103641466,0
999,4,0,0,37,0.0,0.0,1.0,37,850,600,250,0.7058823529411765,11,6,5,374.4394872797859,0.728541041041041,0.2173276772317212,0.24719783345756013,135757.7168367347,2766.609977324266,138524.32681405896,978,40,485.8378378378378,34,3,22,29.70879978676415,0.6819852941176471,39.464285714285715,1042.1428571428573,30.651260504201687,0
1000,4,0,0,37,0.0,0.0,1.0,37,1050,800,250,0.7619047619047619,13,8,5,374.27736813781513,0.7269144144144144,0.2156916592354432,0.2481677113943318,135912.84190759636,2773.8201530612246,138686.66206065757,979,41,486.8378378378378,34,3,18,29.558644441907376,0.6835171568627451,39.31547619047619,1042.7380952380952,30.668767507002798,0
1001,4,0,0,37,0.0,0.0,1.0,37,950,800,150,0.8421052631578947,11,8,3,375.7428771430117,0.7252877877877878,0.2164630102080165,0.24957417336239013,135974.9167375283,2818.321286848071,138793.2380243764,980,42,487.8378378378378,34,3,18,29.458680515922858,0.6841299019607843,39.25595238095238,1042.9761904761904,30.675770308123248,0
1002,4,0,0,37,0.0,0.0,1.0,37,1000,700,300,0.7,13,7,6,372.38175059728496,0.7240990990990991,0.21223893297815333,0.24842453772722956,136130.16581632633,2738.4778911564417,138868.64370748278,981,43,488.8378378378378,34,3,18,29.39196897102441,0.6856617647058825,39.10714285714285,1043.571428571427,30.693277310924326,0
1003,4,0,0,37,0.0,0.0,1.0,37,500,200,300,0.4,8,2,6,372.38175059728496,0.7240990990990991,0.21223893297815333,0.24842453772722956,136130.16581632633,2738.4778911564417,138868.64370748278,982,44,489.8378378378378,34,3,18,29.39196897102441,0.6856617647058825,39.10714285714285,1043.571428571427,30.693277310924326,0
1004,4,0,0,37,0.0,0.0,1.0,37,900,600,300,0.6666666666666666,12,6,6,373.0771568144281,0.7242867867867868,0.21214736634444709,0.2493247340662276,136192.29024943314,2762.0464852607784,138954.3367346939,983,45,490.8378378378378,34,3,19,29.31208181265207,0.6862745098039216,39.04761904761905,1043.809523809524,30.700280112044826,0
1005,4,0,0,37,0.0,0.0,1.0,37,850,600,250,0.7058823529411765,11,6,5,372.35760699442517,0.7232232232232232,0.2131606223825251,0.24958471993341022,136297.58900248614,2750.2888160150756,139047.8778185012,984,46,491.8378378378378,35,2,19,29.22624325722309,0.6851190476190476,38.94675925925925,1044.212962962962,29.834656084656054,0
1006,4,0,0,37,0.0,0.0,1.0,37,1200,900,300,0.75,15,9,6,372.88418139715594,0.7235985985985985,0.21371809579722734,0.2501512244421216,136327.80517243218,2766.89640667866,139094.70157911084,985,47,492.8378378378378,35,2,19,29.18248272932136,0.6854166666666668,38.91782407407407,1044.328703703703,29.837962962962944,0
1007,4,0,0,37,0.0,0.0,1.0,37,850,700,150,0.8235294117647058,10,7,3,373.40142598460864,0.7237862862862863,0.21362852213916073,0.2507123860182369,136358.02469135786,2783.2561728394844,139141.28086419735,986,48,493.8378378378378,35,2,19,29.138962765957448,0.6857142857142857,38.88888888888888,1044.444444444443,29.8412698412698,0
1008,4,0,0,37,0.0,0.0,1.0,37,1150,800,350,0.6956521739130435,15,8,7,361.01345387425897,0.7240365365365365,0.17989405285352045,0.23851255701670562,135784.42650730853,2404.0009591477706,138188.42746645628,987,49,494.8378378378378,35,2,20,30.032042383860812,0.680059523809524,39.43865740740739,1042.2453703703682,29.77843915343909,4
1009,4,0,0,37,0.0,0.0,1.0,37,900,700,200,0.7777777777777778,11,7,4,358.91181745327634,0.7239114114114114,0.1767421767421773,0.23792763527862845,135905.08355034693,2355.588107638855,138260.67165798577,988,50,495.8378378378378,35,2,15,29.966908091908092,0.6812500000000001,39.32291666666665,1042.708333333331,29.7916666666666,0
1010,4,0,0,37,0.0,0.0,1.0,37,1000,700,300,0.7,13,7,6,357.32206148570697,0.7240990990990991,0.17734912009212955,0.23747687449182778,135995.61149691328,2318.846450617247,138314.45794753052,989,51,496.8378378378378,35,2,15,29.91844207723036,0.6821428571428573,39.23611111111109,1043.0555555555532,29.801587301587233,0
1011,4,0,0,37,0.0,0.0,1.0,37,950,500,450,0.5263157894736842,14,5,9,358.8417529298093,0.7229104104104104,0.18184107568466978,0.23909522562174637,136086.16958429775,2366.679928626533,138452.8495129243,990,52,497.8378378378378,35,2,15,29.788893510815296,0.6830357142857144,39.14930555555555,1043.4027777777771,29.81150793650792,0
1012,4,0,0,37,0.0,0.0,1.0,37,900,700,200,0.7777777777777778,11,7,4,357.72765845554426,0.7217217217217217,0.17856179532826255,0.23896207584830328,136176.75781249985,2342.838541666653,138519.5963541665,991,53,498.8378378378378,35,2,15,29.728043912175657,0.6839285714285714,39.06249999999999,1043.7499999999989,29.821428571428537,0
1013,4,0,0,37,0.0,0.0,1.0,37,1050,700,350,0.6666666666666666,14,7,7,358.8517263926922,0.7215965965965966,0.18033199496614105,0.24012185252686083,136237.16670953357,2377.7884945130254,138614.9552040466,992,54,499.8378378378378,35,2,16,29.638765705838868,0.6845238095238095,39.004629629629626,1043.981481481481,29.828042328042315,0
1014,4,0,0,37,0.0,0.0,1.0,37,1400,1100,300,0.7857142857142857,17,11,6,362.3779485354511,0.7221596596596597,0.18223099526435438,0.24310306540039975,136327.80517243233,2480.4380733453413,138808.24324577767,993,55,500.8378378378378,35,2,17,29.456781742953186,0.6854166666666666,38.917824074074076,1044.3287037037042,29.837962962962976,0
1015,4,0,0,37,0.0,0.0,1.0,37,1050,800,250,0.7619047619047619,13,8,5,358.99281219154096,0.7208458458458459,0.179946646546846,0.24165757760276227,136448.70334201393,2396.8207465277833,138845.52408854172,994,56,501.8378378378378,35,2,19,29.42526586905948,0.6866071428571427,38.802083333333336,1044.791666666667,29.851190476190485,0
1016,4,0,0,37,0.0,0.0,1.0,37,900,600,300,0.6666666666666666,12,6,6,362.3227116698492,0.7187187187187187,0.1829217922241182,0.24452721123906856,136539.41213348767,2494.266010802471,139033.67814429014,995,57,502.8378378378378,35,2,19,29.248338870431894,0.6875,38.71527777777778,1045.138888888889,29.86111111111111,0
1017,4,0,0,37,0.0,0.0,1.0,37,850,700,150,0.8235294117647058,10,7,3,360.80149382519795,0.7178428428428428,0.18029387740447134,0.24412883099048807,136630.15106577947,2459.272521219149,139089.42358699863,996,58,503.8378378378378,35,2,20,29.198148455662558,0.688392857142857,38.62847222222223,1045.4861111111122,29.87103174603178,0
1018,4,0,0,37,0.0,0.0,1.0,37,650,500,150,0.7692307692307693,8,5,3,359.64152642252907,0.7172797797797797,0.1782694804612006,0.2435533395578059,136660.40407450285,2429.7512645747775,139090.15533907764,997,59,504.8378378378378,35,2,20,29.19849088628147,0.6886904761904761,38.599537037037045,1045.6018518518529,29.87433862433865,0
1019,4,0,0,37,0.0,0.0,1.0,37,1200,1100,100,0.9166666666666666,13,11,2,356.9902603363473,0.7154654654654654,0.1740120830929368,0.2432214727732418,136872.2689070003,2372.413381987326,139244.68228898765,998,60,505.8378378378378,35,2,20,29.058018102717263,0.6907738095238094,38.39699074074075,1046.412037037038,29.897486772486804,0
1020,4,0,0,37,0.0,0.0,1.0,37,650,300,350,0.46153846153846156,10,3,7,356.9902603363473,0.7154654654654654,0.1740120830929368,0.2432214727732418,136872.2689070003,2372.413381987326,139244.68228898765,999,61,506.8378378378378,35,2,20,29.058018102717263,0.6907738095238094,38.39699074074075,1046.412037037038,29.897486772486804,0
1021,4,0,0,37,0.0,0.0,1.0,37,850,700,150,0.8235294117647058,10,7,3,360.5162195971993,0.7154654654654654,0.17694004555318443,0.24583617327284135,136902.54870756177,2471.117862654325,139373.6665702161,1000,62,507.8378378378378,35,2,20,28.935799601857997,0.6910714285714286,38.36805555555556,1046.527777777778,29.90079365079366,0
1022,4,0,0,37,0.0,0.0,1.0,37,550,300,250,0.5454545454545454,8,3,5,360.5162195971993,0.7154654654654654,0.17694004555318443,0.24583617327284135,136902.54870756177,2471.117862654325,139373.6665702161,1001,63,508.8378378378378,35,2,20,28.935799601857997,0.6910714285714286,38.36805555555556,1046.527777777778,29.90079365079366,0
1023,4,0,0,37,0.0,0.0,1.0,37,900,700,200,0.7777777777777778,11,7,4,361.210290842066,0.714964964964965,0.18133145305376108,0.24716401595743792,137023.70139960566,2498.874206961595,139522.57560656726,1002,64,509.8378378378378,35,2,17,28.797719065516986,0.6922619047619047,38.25231481481482,1046.990740740741,29.914021164021175,0
1024,4,0,0,37,0.0,0.0,1.0,37,750,500,250,0.6666666666666666,10,5,5,359.4996818932027,0.7127127127127127,0.18004282041404984,0.24706390438993014,137175.21761670534,2462.8894193672927,139638.10703607264,1003,65,510.8378378378378,35,2,17,28.692616837918454,0.6937499999999999,38.10763888888889,1047.5694444444453,29.93055555555558,0
1025,4,0,0,37,0.0,0.0,1.0,37,750,600,150,0.8,9,6,3,360.0182871931972,0.7122122122122122,0.18116138893781675,0.24785137292471598,137235.84754640356,2481.482955032595,139717.33050143614,1004,66,511.8378378378378,35,2,18,28.61908115173608,0.694345238095238,38.049768518518526,1047.8009259259268,29.937169312169335,0
1026,4,0,0,37,0.0,0.0,1.0,37,800,700,100,0.875,9,7,2,361.35970607698937,0.7108983983983984,0.1884251742908991,0.2494263337068,137326.81755829905,2524.875685871054,139851.6932441701,1005,67,512.8378378378378,35,2,19,28.494000294464065,0.6952380952380952,37.96296296296296,1048.148148148148,29.947089947089943,0
1027,4,0,0,37,0.0,0.0,1.0,37,950,700,250,0.7368421052631579,12,7,5,362.841673705924,0.7106481481481481,0.19220611800936416,0.25066796634283406,137357.14759355714,2567.7794656635824,139924.92705922073,1006,68,513.8378378378378,35,2,19,28.425182179529646,0.6955357142857143,37.93402777777778,1048.2638888888891,29.950396825396833,0
1028,4,0,0,37,0.0,0.0,1.0,37,700,400,300,0.5714285714285714,10,4,6,365.6506293583616,0.7096471471471472,0.1910864506890999,0.25327176620693853,137448.15779320983,2651.601080246912,140099.75887345674,1007,69,514.8378378378378,35,2,19,28.26158940397351,0.6964285714285714,37.84722222222222,1048.6111111111109,29.96031746031745,0
1029,4,0,0,37,0.0,0.0,1.0,37,850,400,450,0.47058823529411764,13,4,9,364.7417715661661,0.7091466466466466,0.19073972472030754,0.25352909643218763,137569.55161179684,2635.47239368997,140205.0240054868,1008,70,515.8378378378378,35,2,20,28.165453074433657,0.6976190476190476,37.731481481481474,1049.074074074073,29.973544973544943,0
1030,4,0,0,37,0.0,0.0,1.0,37,1250,700,550,0.56,18,7,11,363.04479801615537,0.7061436436436437,0.18949011849463893,0.2539074296688158,137782.11973004526,2604.2163655263867,140386.33609557163,1009,71,516.8378378378378,35,2,20,28.000059714107223,0.699702380952381,37.528935185185176,1049.8842592592578,29.996693121693077,0
1031,4,0,0,37,0.0,0.0,1.0,37,800,700,100,0.875,9,7,2,362.0594221706166,0.7035785785785785,0.18807236989055154,0.25411363156986433,137903.66090374227,2585.863956404317,140489.5248601466,1010,72,517.8378378378378,35,2,20,27.90599173553718,0.7008928571428572,37.41319444444444,1050.3472222222222,30.009920634920633,0
1032,4,0,0,37,0.0,0.0,1.0,37,950,600,350,0.631578947368421,13,6,7,363.76209944841594,0.7022022022022022,0.19394325485304686,0.25621381698154916,138025.25566111537,2641.6713552383376,140666.9270163537,1011,73,518.8378378378378,35,2,21,27.741330726585165,0.7020833333333333,37.2974537037037,1050.810185185185,30.02314814814814,0
1033,4,0,0,37,0.0,0.0,1.0,37,800,500,300,0.625,11,5,6,359.993445415309,0.7010135135135135,0.18704059708243803,0.2542348733485099,138116.48689343283,2544.205997085057,140660.69289051788,1012,74,519.8378378378378,35,2,16,27.75040372898775,0.7029761904761904,37.21064814814815,1051.1574074074078,30.033068783068796,0
1034,4,0,0,37,0.0,0.0,1.0,37,750,600,150,0.8,9,6,3,359.993445415309,0.7010135135135135,0.18704059708243803,0.2542348733485099,138116.48689343283,2544.205997085057,140660.69289051788,1013,75,520.8378378378378,35,2,16,27.75040372898775,0.7029761904761904,37.21064814814815,1051.1574074074078,30.033068783068796,0
1035,4,0,0,37,0.0,0.0,1.0,37,800,600,200,0.75,10,6,4,360.29126910377875,0.7014514514514515,0.18759726367344953,0.2546712527058074,138146.9040021649,2554.6246731395877,140701.5286753045,1014,76,521.8378378378378,35,2,16,27.71259954493743,0.7032738095238095,37.18171296296297,1051.2731481481492,30.03637566137569,0
1036,4,0,0,37,0.0,0.0,1.0,37,750,400,350,0.5333333333333333,11,4,7,363.0578808531542,0.700513013013013,0.1867824896993855,0.2570834643453553,138207.74826656815,2635.4824406292933,140843.23070719745,1015,77,522.8378378378378,35,2,16,27.579916529077227,0.7038690476190477,37.123842592592595,1051.5046296296302,30.042989417989435,0
1037,4,0,0,37,0.0,0.0,1.0,37,1100,900,200,0.8181818181818182,13,9,4,366.5130869522595,0.6991991991991992,0.19127642493979136,0.26068888578998745,138359.91753472216,2742.1440972222176,141102.06163194438,1016,78,523.8378378378378,35,2,17,27.33910891089109,0.7053571428571428,36.979166666666664,1052.083333333333,30.0595238095238,0
1038,4,0,0,37,0.0,0.0,1.0,37,1100,900,200,0.8181818181818182,13,9,4,366.21794737127993,0.6980730730730731,0.18716506014427536,0.2611780231723174,138451.25928337185,2740.6671971450537,141191.9264805169,1017,79,524.8378378378378,35,2,17,27.25688716595183,0.70625,36.89236111111111,1052.430555555555,30.06944444444443,0
1039,4,0,0,37,0.0,0.0,1.0,37,900,700,200,0.7777777777777778,11,7,4,368.17007937412205,0.6968843843843844,0.1884908547910198,0.263040602663601,138512.17052737056,2799.207363468793,141311.37789083936,1018,80,525.8378378378378,35,2,17,27.145524097489453,0.7068452380952381,36.83449074074074,1052.6620370370372,30.076058201058206,0
1040,4,0,0,37,0.0,0.0,1.0,37,1350,1000,350,0.7407407407407407,17,10,7,372.4168578674072,0.6938188188188188,0.1936204336204339,0.26727077339064714,138664.50724451308,2928.2000171467807,141592.70726165985,1019,81,526.8378378378378,35,2,17,26.88369963369964,0.7083333333333333,36.68981481481482,1053.240740740741,30.092592592592602,0
1041,4,0,0,37,0.0,0.0,1.0,37,450,300,150,0.6666666666666666,6,3,3,370.17080427534313,0.6931306306306306,0.19130930535017554,0.2661370189979599,138725.46537422834,2870.423418209873,141595.8887924382,1020,82,527.8378378378378,35,2,17,26.882827949901117,0.7089285714285714,36.63194444444444,1053.472222222222,30.09920634920634,0
1042,4,0,0,37,0.0,0.0,1.0,37,1400,1000,400,0.7142857142857143,18,10,8,369.64112886906,0.6921296296296297,0.1886133882619716,0.26671569884957674,138847.4218214163,2864.7435485253745,141712.16536994168,1021,83,528.8378378378378,35,2,17,26.776758913536863,0.7101190476190476,36.5162037037037,1053.935185185185,30.112433862433857,0
1043,4,0,0,37,0.0,0.0,1.0,37,1250,1000,250,0.8,15,10,5,367.60174230016906,0.6921296296296297,0.18530115481334986,0.2659706723701223,138939.79591836728,2814.9156068034104,141754.7115251707,1022,84,529.8378378378378,34,3,18,26.739639792231255,0.7132352941176472,36.42857142857142,1054.2857142857138,31.008403361344524,0
1044,4,0,0,37,0.0,0.0,1.0,37,550,300,250,0.5454545454545454,8,3,5,371.2842968175037,0.6904404404404404,0.18933867833292162,0.2693863706393337,139033.94451530604,2924.224064625838,141958.16857993187,1023,85,530.8378378378378,34,3,18,26.549977424088496,0.714154411764706,36.33928571428571,1054.6428571428564,31.018907563025188,0
1045,4,0,1,36,0.0,0.02702702702702703,0.972972972972973,37,650,500,150,0.7692307692307693,8,5,3,371.24392990537547,0.6895645645645646,0.18918918918918926,0.26960829663619873,139065.3344671201,2925.4322562358143,141990.76672335592,1024,86,531.8378378378378,34,3,18,26.520174943566584,0.7144607843137256,36.3095238095238,1054.761904761904,31.02240896358541,0
1046,4,0,0,36,0.0,0.0,1.0,36,900,700,200,0.7777777777777778,11,7,4,378.46616738193046,0.6894179894179895,0.19001446523822452,0.2738388930182294,138940.71878904742,3316.8722666762674,142257.5910557237,1025,87,538.4722222222222,33,3,18,26.45237610910922,0.7155934343434345,36.42769607843137,1054.289215686274,31.948158051099213,0
1047,4,0,0,36,0.0,0.0,1.0,36,1000,800,200,0.8,12,8,4,369.6982759106369,0.6885912698412698,0.15112287090778054,0.25124042926734474,136783.17920918373,2913.7011054421855,139696.88031462592,1026,88,539.4722222222222,34,2,21,28.813872766587007,0.692095588235294,38.48214285714286,1046.0714285714291,30.766806722689093,4
1048,4,0,0,36,0.0,0.0,1.0,36,950,800,150,0.8421052631578947,11,8,3,367.4410237095883,0.6876984126984127,0.14723170269245367,0.2503726045276963,136876.59438775515,2858.8151927437707,139735.4095804989,1027,89,540.4722222222222,34,2,22,28.780337504740253,0.6930147058823528,38.392857142857146,1046.4285714285718,30.777310924369758,0
1049,4,0,0,36,0.0,0.0,1.0,36,700,400,300,0.5714285714285714,10,4,6,365.7856302486915,0.6878968253968254,0.14662951167728222,0.24968845195236777,136938.88888888896,2818.0555555555616,139756.94444444453,1028,90,541.4722222222222,34,2,22,28.761942675159233,0.6936274509803921,38.333333333333336,1046.6666666666672,30.78431372549021,0
1050,4,0,0,36,0.0,0.0,1.0,36,950,600,350,0.631578947368421,13,6,7,370.7270508973996,0.6878968253968254,0.13131117266851344,0.24912968237893007,136388.24755926352,2912.5625589420406,139300.81011820555,1029,91,542.4722222222222,35,1,21,29.17878578024007,0.6860119047619047,38.8599537037037,1044.560185185185,29.844576719576715,1
1051,4,0,0,36,0.0,0.0,1.0,36,1250,900,350,0.72,16,9,7,357.88841545368757,0.688425925925926,0.12277183600712993,0.2307763230684122,134911.26543209868,2456.6358024691244,137367.9012345678,1030,92,543.4722222222222,35,1,19,30.982620320855606,0.6714285714285715,40.27777777777777,1038.8888888888882,29.682539682539662,3
1052,4,0,0,36,0.0,0.0,1.0,36,1050,800,250,0.7619047619047619,13,8,5,358.4486188064548,0.6864748677248678,0.12587230883444778,0.23190695942953596,135031.53399348396,2480.3733710562155,137511.90736454018,1031,93,544.4722222222222,35,1,20,30.848181143281362,0.6726190476190477,40.162037037037024,1039.3518518518497,29.695767195767132,0
1053,4,0,0,36,0.0,0.0,1.0,36,700,600,100,0.8571428571428571,8,6,2,358.03069063979683,0.6852843915343916,0.12541750167000698,0.2320224865315045,135091.68836805542,2473.3940972222035,137565.0824652776,1032,94,545.4722222222222,35,1,20,30.799098196392777,0.6732142857142858,40.10416666666666,1039.5833333333321,29.702380952380917,0
1054,4,0,0,36,0.0,0.0,1.0,36,850,700,150,0.8235294117647058,10,7,3,357.2440719655277,0.6848544973544974,0.15145426712590893,0.22712378589925156,134396.43565759633,2412.2316113945476,136808.6672689909,1033,95,546.4722222222222,34,2,19,31.51310753922694,0.6685049019607843,40.77380952380952,1036.9047619047615,30.497198879551807,6
1055,4,0,0,36,0.0,0.0,1.0,36,1100,900,200,0.8181818181818182,13,9,4,357.2051106203092,0.6859126984126984,0.1450603116313467,0.22786861888326318,134519.90504535148,2410.2395124716577,136930.14455782314,1034,96,547.4722222222222,34,2,20,31.390817458495903,0.6697303921568627,40.654761904761905,1037.3809523809525,30.51120448179272,0
1056,4,1,1,36,0.02702702702702703,0.02702702702702703,0.972972972972973,37,1000,600,400,0.6,14,6,8,349.5873794537384,0.7011386386386387,0.1319248622619409,0.2245288014429681,134767.01388888896,2022.572987528356,136789.5868764173,1035,0,533.6486486486486,34,3,20,31.341960941680046,0.6721813725490196,40.41666666666667,1038.333333333334,30.539215686274527,0
1057,4,0,0,36,0.0,0.0,1.0,36,700,500,200,0.7142857142857143,9,5,4,358.0930227765864,0.6854828042328043,0.13615342228519722,0.22922825471616862,134646.1566014273,2443.169844530947,137089.32644595826,1036,98,549.4722222222222,33,3,21,31.241759160861168,0.6732954545454546,40.533088235294116,1037.8676470588234,31.450534759358284,0
1058,4,0,0,36,0.0,0.0,1.0,36,950,600,350,0.631578947368421,13,6,7,359.0754862583126,0.6852843915343916,0.12626709679111436,0.23066312320444896,134773.3763005814,2478.7631259611617,137252.13942654256,1037,99,550.4722222222222,33,3,22,31.089318029820195,0.6745580808080809,40.41053921568627,1038.3578431372543,31.465389185977404,0
1059,4,0,0,36,0.0,0.0,1.0,36,600,400,200,0.6666666666666666,8,4,4,360.26231704926545,0.6845238095238095,0.1295924789552354,0.2316284426916144,134805.19061178403,2513.046064013847,137318.23667579787,1038,100,551.4722222222222,33,3,18,31.026768153567776,0.6748737373737373,40.379901960784316,1038.4803921568634,31.469102792632224,0
1060,4,0,0,36,0.0,0.0,1.0,36,850,700,150,0.8235294117647058,10,7,3,366.5514903681843,0.6845238095238095,0.15265108136213468,0.22902006885254222,133757.3007527154,2619.3040236928246,136376.60477640823,1039,101,552.4722222222222,33,3,19,31.911577419737004,0.6644570707070706,41.390931372549026,1034.4362745098047,31.346553773024382,5
1061,4,0,0,36,0.0,0.0,1.0,36,950,700,250,0.7368421052631579,12,7,5,368.47986195147405,0.6831679894179895,0.15745125897860923,0.23121700698678688,133915.8091238947,2669.0557718185382,136584.86489571322,1040,102,553.4722222222222,33,3,19,31.70287710158656,0.6660353535353535,41.23774509803922,1035.0490196078435,31.36512180629829,0
1062,4,0,0,36,0.0,0.0,1.0,36,1100,600,500,0.5454545454545454,16,6,10,368.4986395209238,0.6821428571428572,0.17915433593399754,0.22714916137633054,133257.03124999988,2621.0069444444307,135878.03819444432,1041,103,554.4722222222222,34,2,19,32.36312886736616,0.6571691176470589,41.87499999999999,1032.499999999999,30.367647058823504,1
1063,4,0,0,36,0.0,0.0,1.0,36,950,600,350,0.631578947368421,13,6,7,370.26447394133135,0.6825727513227514,0.18354843665975307,0.2291836736706755,133410.72137188193,2679.450113378668,136090.1714852606,1042,104,555.4722222222222,34,2,19,32.16322885457478,0.6587009803921569,41.72619047619047,1033.095238095237,30.385154061624615,0
1064,4,0,0,36,0.0,0.0,1.0,36,500,400,100,0.8,6,4,2,371.07721188234643,0.6814814814814816,0.1808515404011315,0.23025884748753764,133502.97796201822,2707.9825680272197,136210.96053004544,1043,105,556.4722222222222,34,2,20,32.049639058480196,0.6596200980392157,41.636904761904766,1033.4523809523816,30.395658263305343,0
1065,4,0,0,36,0.0,0.0,1.0,36,400,200,200,0.5,6,2,4,372.11221101319484,0.6804232804232805,0.18502629659487901,0.23128491970132944,133564.50007086172,2740.1962868480805,136304.6963577098,1044,106,557.4722222222222,34,2,21,31.961159737417937,0.6602328431372548,41.577380952380956,1033.6904761904766,30.402661064425782,0
1066,4,0,0,36,0.0,0.0,1.0,36,350,300,50,0.8571428571428571,4,3,1,371.47792782079216,0.680191798941799,0.18129126362659242,0.23108268805127247,133595.26643990952,2725.5385487528565,136320.8049886624,1045,107,558.4722222222222,34,2,21,31.946683555965002,0.6605392156862744,41.54761904761906,1033.8095238095254,30.406162464986043,0
1067,4,0,0,36,0.0,0.0,1.0,36,750,600,150,0.8,9,6,3,368.52364473001427,0.6786044973544973,0.17620728463269897,0.23000958515907788,133718.36734693882,2655.6760204081684,136374.04336734698,1046,108,559.4722222222222,34,2,14,31.89960290055248,0.6617647058823529,41.42857142857143,1034.2857142857147,30.420168067226903,0
1068,4,0,1,35,0.0,0.027777777777777776,0.9722222222222222,36,1200,900,300,0.75,15,9,6,367.4779285476869,0.6780753968253969,0.17500958956655133,0.22973979849492113,133779.93905895707,2632.2349773242804,136412.17403628136,1047,109,560.4722222222222,34,2,15,31.86493095512082,0.6623774509803921,41.36904761904763,1034.5238095238108,30.427170868347375,0
1069,4,0,0,35,0.0,0.0,1.0,35,900,500,400,0.5555555555555556,13,5,8,367.7357843626713,0.6778711484593837,0.17707381460046712,0.22995744382145725,133788.99491782015,2839.8001970396135,136628.79511485976,1048,110,567.7142857142857,33,2,15,31.849186606649294,0.6647727272727272,41.360294117647065,1034.5588235294124,31.350267379679163,0
1070,4,0,0,35,0.0,0.0,1.0,35,550,500,50,0.9090909090909091,6,5,1,371.5505301780301,0.676750700280112,0.185252473991373,0.23294314976640415,133884.09994052764,2948.941663062279,136833.04160358993,1049,111,568.7142857142857,33,2,15,31.655195381882766,0.665719696969697,41.268382352941174,1034.926470588235,31.36140819964348,0
1071,4,0,0,35,0.0,0.0,1.0,35,700,500,200,0.7142857142857143,9,5,4,372.20541948698167,0.6772408963585433,0.1863315801045171,0.2337560727439803,133947.52206182727,2971.198727652834,136918.7207894801,1050,112,569.7142857142857,33,2,15,31.57469614458783,0.6663510101010102,41.20710784313726,1035.1715686274515,31.368835412953075,0
1072,4,0,0,35,0.0,0.0,1.0,35,1000,800,200,0.8,12,8,4,372.63874141427215,0.6754201680672268,0.19062510265085564,0.23453051901746294,134026.36763038547,2988.683390022674,137015.05102040814,1051,113,570.7142857142857,34,1,15,31.484488771365072,0.664828431372549,41.13095238095238,1035.4761904761904,30.45518207282913,0
1073,4,0,0,35,0.0,0.0,1.0,35,700,300,400,0.42857142857142855,11,3,8,386.9712972894736,0.6749999999999999,0.20617659556386525,0.2344984681844286,132618.81134960108,3264.958645835782,135883.76999543686,1052,114,571.7142857142857,33,2,16,32.52912452905016,0.6530934343434345,42.493872549019606,1030.0245098039213,31.212863933452162,2
1074,4,0,0,35,0.0,0.0,1.0,35,1000,900,100,0.9,11,9,2,386.287094730094,0.674579831932773,0.20007812898075672,0.23526870049057336,132808.22167255374,3260.4204212322084,136068.64209378595,1053,115,572.7142857142857,33,2,15,32.355818769072236,0.6549873737373737,42.31004901960784,1030.759803921568,31.235145573380848,0
1075,4,0,0,35,0.0,0.0,1.0,35,1000,800,200,0.8,12,8,4,383.8142357848169,0.6775910364145658,0.1922324823465511,0.2347514977009462,132966.16685890043,3206.8615436370615,136173.0284025375,1054,116,573.7142857142857,33,2,15,32.26047607731306,0.6565656565656566,42.15686274509804,1031.3725490196077,31.25371360665478,0
1076,4,0,0,35,0.0,0.0,1.0,35,850,600,250,0.7058823529411765,11,6,5,386.3464238264395,0.6782913165266106,0.19043546142619583,0.23670045092947362,133029.37121539787,3279.0843665897696,136308.45558198763,1055,117,574.7142857142857,33,2,15,32.13154351785857,0.6571969696969697,42.095588235294116,1031.6176470588232,31.26114081996434,0
1077,4,0,0,35,0.0,0.0,1.0,35,1050,800,250,0.7619047619047619,13,8,5,387.0476172000588,0.6755602240896358,0.1882281100519052,0.2379354037999191,133155.82498317937,3307.528955209513,136463.35393838887,1056,118,575.7142857142857,33,2,15,31.98616718119211,0.658459595959596,41.97303921568626,1032.1078431372534,31.275995246583438,0
1078,4,1,1,35,0.027777777777777776,0.027777777777777776,0.9722222222222222,36,450,400,50,0.8888888888888888,5,4,1,379.3024997938317,0.689484126984127,0.1809413135620357,0.2345835916401336,133379.97626133772,2918.271683673452,136298.2479450112,1057,0,560.6944444444445,34,2,15,31.960691099074175,0.6583946078431373,41.75595238095237,1032.9761904761892,30.38165266106439,0
1079,4,0,0,35,0.0,0.0,1.0,35,800,600,200,0.75,10,6,4,385.96132628714906,0.6740196078431372,0.18925095791936575,0.23807541253993506,133282.33882400976,3288.365652633576,136570.70447664332,1058,120,577.7142857142857,33,2,15,31.886917477648556,0.6597222222222223,41.85049019607842,1032.5980392156844,31.29084967320256,0
1080,4,0,0,35,0.0,0.0,1.0,35,650,400,250,0.6153846153846154,9,4,5,386.33623226666214,0.6722689075630252,0.19091463828056177,0.2387127394093421,133345.6182718184,3303.24875048057,136648.86702229897,1059,121,578.7142857142857,33,2,16,31.813597532036074,0.6603535353535355,41.7892156862745,1032.843137254901,31.298276886512152,0
1081,4,0,0,35,0.0,0.0,1.0,35,850,600,250,0.7058823529411765,11,6,5,387.9726841239487,0.6720588235294117,0.19349940688018985,0.2401328727727523,133408.91273788924,3351.802792195307,136760.71553008456,1060,122,579.7142857142857,33,2,16,31.70769078687228,0.6609848484848485,41.72794117647059,1033.0882352941176,31.305704099821746,0
1082,4,0,0,35,0.0,0.0,1.0,35,850,700,150,0.8235294117647058,10,7,3,387.31187315407095,0.6725490196078431,0.18972160563905294,0.23992846455267985,133440.565602773,3336.623083669739,136777.18868644274,1061,123,580.7142857142857,33,2,16,31.692933815680217,0.661300505050505,41.697303921568626,1033.2107843137255,31.30941770647653,0
1083,4,0,0,35,0.0,0.0,1.0,35,750,500,250,0.6666666666666666,10,5,5,407.14065866420447,0.6725490196078431,0.21370091896407706,0.2275197798417614,129504.14540816334,3545.280612244911,133049.42602040825,1062,124,581.7142857142857,34,1,16,35.17543859649124,0.619485294117647,45.53571428571429,1017.8571428571435,29.936974789915983,8
1084,4,4,4,35,0.10256410256410256,0.10256410256410256,0.8974358974358975,39,550,400,150,0.7272727272727273,7,4,3,378.0046263300854,0.728969860548808,0.17998910263120438,0.2150731504068678,130208.06081753616,2043.8498748995728,132251.91069243572,1063,0,522.9487179487179,38,1,17,35.200111657768936,0.6186951754385963,44.84508547008548,1020.6196581196596,26.858412055780516,0
1085,4,0,0,35,0.0,0.0,1.0,35,550,200,350,0.36363636363636365,9,2,7,405.25547493879753,0.6832633053221288,0.21836329344215777,0.22804612820520506,129776.92920918371,3518.5622165532945,133295.491425737,1064,1,574.9142857142857,34,1,18,34.944697589282235,0.6222426470588235,45.267857142857146,1018.9285714285717,29.96848739495799,0
1086,4,1,0,36,0.027777777777777776,0.0,1.0,36,800,800,0,1.0,8,8,0,397.4450851793848,0.6981812169312169,0.21160343936356663,0.22525296049427135,130055.90284475747,3138.0158768432907,133193.91872160076,1065,0,559.9166666666666,35,1,19,34.85913328794585,0.6229166666666666,44.99421296296297,1020.0231481481488,29.143518518518537,0
1087,4,0,0,36,0.0,0.0,1.0,36,900,600,300,0.6666666666666666,12,6,6,397.02603087605075,0.6992063492063493,0.20936680782415795,0.22552715774505586,130144.46159122096,3134.147805212629,133278.60939643357,1066,1,560.9166666666666,35,1,19,34.77956745311553,0.6238095238095237,44.90740740740741,1020.3703703703712,29.153439153439177,0
1088,4,0,0,36,0.0,0.0,1.0,36,600,300,300,0.5,9,3,6,397.3344439816743,0.6994708994708995,0.21099773242630393,0.22638822971048894,130262.5868055556,3151.5625000000086,133414.14930555562,1067,2,561.9166666666666,35,1,19,34.65136054421769,0.625,44.79166666666667,1020.8333333333338,29.166666666666682,0
1089,4,0,0,36,0.0,0.0,1.0,36,550,300,250,0.5454545454545454,8,3,5,396.8123884178317,0.6994708994708995,0.2172456639253968,0.20318480856766635,125985.73200660138,2798.5398448216574,128784.27185142304,1068,3,562.9166666666666,35,1,20,39.05685573745292,0.5815476190476192,49.016203703703695,1003.9351851851841,28.6838624338624,6
1090,4,6,3,39,0.14285714285714285,0.07142857142857142,0.9285714285714286,42,550,300,250,0.5454545454545454,8,3,5,350.84658719585263,0.7668408826945412,0.21169362335006503,0.1860047104796464,127404.47108848728,544.7742854372287,127949.24537392451,1069,0,483.35714285714283,36,6,15,38.75185908161368,0.5940393518518519,47.60698198198199,1009.5720720720732,28.0436686686687,0
1091,4,4,5,38,0.09302325581395349,0.11627906976744186,0.8837209302325582,43,1050,700,350,0.6666666666666666,14,7,7,343.39927809226964,0.7897748246585455,0.21137612456921917,0.1833982934794059,127700.83703639598,170.47505001540213,127871.31208641139,1070,0,473.0232558139535,37,6,15,38.63636363636363,0.5951576576576576,47.313596491228076,1010.7456140350891,27.317449027975382,0
1092,4,5,3,40,0.11627906976744186,0.06976744186046512,0.9302325581395349,43,900,600,300,0.6666666666666666,12,6,6,345.7156927456797,0.7930047988187523,0.22641908851725323,0.18591284456043886,127978.05574792244,248.80443982764368,128226.86018775008,1071,0,473.7906976744186,37,6,17,38.294231324953046,0.5979729729729729,47.03947368421053,1011.8421052631579,27.347083926031296,0
1093,4,3,1,42,0.06976744186046512,0.023255813953488372,0.9767441860465116,43,1150,800,350,0.6956521739130435,15,8,7,346.99608747639877,0.7859449981543004,0.2451556851854726,0.18777874914336523,128230.06071950331,299.1740796769294,128529.23479918024,1072,0,474.72093023255815,36,7,19,38.00427136609592,0.6024305555555556,46.79054054054054,1012.837837837838,28.13438438438439,0
1094,4,0,0,42,0.0,0.0,1.0,42,1000,800,200,0.8,12,8,4,353.4987940371671,0.78034262485482,0.2508871832961954,0.19062505061630403,128089.02739304399,655.8633425669399,128744.89073561093,1073,1,487.0238095238095,37,5,19,37.983824378971676,0.5990990990990992,46.92982456140351,1012.2807017543857,27.35893788525367,0
1095,4,2,2,42,0.045454545454545456,0.045454545454545456,0.9545454545454546,44,900,600,300,0.6666666666666666,12,6,6,339.0489733255979,0.7991983791402396,0.22715099074802336,0.18164941683470837,127828.32031250045,-131.9758242920463,127696.3444882084,1074,0,465.84090909090907,39,5,18,38.61591814311222,0.5929487179487177,47.18750000000002,1011.2500000000036,25.92948717948727,3
1096,4,0,0,42,0.0,0.0,1.0,42,950,600,350,0.631578947368421,13,6,7,354.3853759765621,0.781237901664731,0.24537037037037024,0.18900553385416663,127645.429362881,647.1346952908672,128292.56405817186,1075,1,488.9761904761905,37,5,18,38.41552734375,0.5945945945945945,47.36842105263158,1010.5263157894746,27.31152204836418,0
1097,4,1,1,42,0.023255813953488372,0.023255813953488372,0.9767441860465116,43,1050,800,250,0.7619047619047619,13,8,5,346.90954394807386,0.7906515319306017,0.23538253345678783,0.18632367961680746,127928.27641034793,275.90800551539905,128204.18441586333,1076,0,478.5813953488372,38,5,18,38.314939979582505,0.5956688596491228,47.088675213675224,1011.6452991453008,26.62224471435002,0
1098,4,3,2,43,0.06666666666666667,0.044444444444444446,0.9555555555555556,45,950,700,250,0.7368421052631579,12,7,5,334.65941077125177,0.8013888888888889,0.2471841704718416,0.18231445512165195,128496.33487654311,-399.1332000146216,128097.2016765285,1077,0,458.24444444444447,38,7,18,38.045091324200904,0.6014254385964912,46.52777777777777,1013.8888888888881,26.681286549707583,0
1099,4,4,3,44,0.0851063829787234,0.06382978723404255,0.9361702127659575,47,1200,800,400,0.6666666666666666,16,8,8,322.75497428554195,0.8186478569226024,0.2482347556757103,0.17793358896767741,128969.0239461465,-1074.9211985260063,127894.10274762049,1078,0,439.6595744680851,40,7,20,37.86601634150408,0.6028645833333334,46.0619918699187,1015.7520325203254,25.393800813008134,0
1100,4,2,3,43,0.043478260869565216,0.06521739130434782,0.9347826086956522,46,800,500,300,0.625,11,5,6,316.16568789006203,0.8140096618357489,0.22993016973342195,0.1739931172711115,128898.98667800448,-1049.3126417233582,127849.67403628113,1079,0,450.17391304347825,41,5,16,38.104484173505284,0.600609756097561,46.13095238095238,1015.47619047619,24.767711962833904,3
1101,4,1,0,44,0.022727272727272728,0.0,1.0,44,700,500,200,0.7142857142857143,9,5,4,328.96312630178073,0.8018190627202255,0.24617401690897944,0.1802451505304805,128725.26584201376,-330.82682291667584,128394.43901909709,1080,0,471.3863636363636,39,5,18,37.95635735304183,0.6020299145299146,46.30208333333333,1014.7916666666656,26.020299145299116,0
1102,4,2,2,44,0.043478260869565216,0.043478260869565216,0.9565217391304348,46,1450,900,550,0.6206896551724138,20,9,11,316.2773907934219,0.8153381642512078,0.24709727778319834,0.17550227277973884,129226.60506621604,-1025.709305713055,128200.89576050299,1081,0,451.8478260869565,41,5,20,37.76903031190034,0.6039126016260163,45.80853174603173,1016.765873015871,24.79916763453344,0
1103,4,2,0,46,0.043478260869565216,0.0,1.0,46,1150,900,250,0.782608695652174,14,9,5,313.4107560950042,0.8194645732689211,0.24500667754859795,0.1745805162278253,129377.95380015414,-1090.311535493844,128287.64226466029,1082,0,452.4130434782609,41,5,22,37.68842434584754,0.6054369918699187,45.659722222222214,1017.3611111111097,24.813685636856334,0
1104,4,1,3,44,0.02127659574468085,0.06382978723404255,0.9361702127659575,47,1650,1300,350,0.7878787878787878,20,13,7,308.5058618669501,0.8251618871415356,0.24521539819711902,0.17280275034637013,129595.74619914645,-1403.790524908379,128191.95567423807,1083,0,443.7659574468085,42,5,16,37.59258818677835,0.6061507936507937,45.44573643410852,1018.217054263564,24.243263196751524,0
1105,4,0,0,44,0.0,0.0,1.0,44,1000,700,300,0.7,13,7,6,327.0450497447118,0.8034046863988725,0.24394436266746178,0.1811183652331949,129148.44292534704,-352.528211805575,128795.91471354147,1084,3,474.97727272727275,39,5,21,37.574725011956,0.6063034188034189,45.88541666666666,1016.4583333333319,26.063034188034152,0
1106,4,1,0,45,0.022222222222222223,0.0,1.0,45,950,700,250,0.7368421052631579,12,7,5,321.259643329776,0.8058501683501684,0.24523001131748923,0.179325198902139,129459.81744497319,-681.9570444180055,128777.86040055519,1085,0,465.4,40,5,17,37.40575694028361,0.6078125,45.579268292682926,1017.6829268292679,25.442073170731696,0
1107,4,0,0,45,0.0,0.0,1.0,45,1250,900,350,0.72,16,9,7,317.2890865914437,0.8064814814814816,0.23734158267637895,0.17792691307962277,129640.8710609591,-773.2732872298286,128867.59777372929,1086,1,466.4,40,5,17,37.323287762365666,0.6096354166666667,45.40142276422764,1018.3943089430896,25.45985772357724,0
1108,4,0,0,45,0.0,0.0,1.0,45,950,800,150,0.8421052631578947,11,8,3,318.9378475808226,0.8072811447811449,0.24799893631166126,0.17968026604160053,129822.05119307291,-718.966884790793,129103.08430828212,1087,2,467.4,40,5,19,37.09779284669594,0.6114583333333332,45.22357723577236,1019.1056910569106,25.477642276422763,0
1109,4,2,4,43,0.0425531914893617,0.0851063829787234,0.9148936170212766,47,900,600,300,0.6666666666666666,12,6,6,311.271112424926,0.8218470551958063,0.239619756348336,0.1771268842340218,130213.13252095717,-1293.6826775734744,128919.44984338369,1088,0,448.468085106383,42,5,19,36.897726193866895,0.6123511904761905,44.84011627906976,1020.6395348837201,24.30094130675524,0
1110,4,0,0,43,0.0,0.0,1.0,43,1150,700,450,0.6086956521739131,16,7,9,339.1998042564475,0.7910668143226283,0.25896823518792744,0.19032323331234322,129663.428722423,196.3619283731353,129859.79065079615,1089,4,490.6744186046512,38,5,19,36.742543445575016,0.6132127192982457,45.3792735042735,1018.4829059829051,26.80218173639224,0
1111,4,0,0,43,0.0,0.0,1.0,43,1650,1200,450,0.7272727272727273,21,12,9,338.2382873768277,0.792220376522702,0.2610737616772869,0.19031141868512108,129772.26382725165,178.7896531886779,129951.05348044033,1090,5,491.6744186046512,38,5,19,36.65657439446367,0.6143092105263158,45.27243589743589,1018.9102564102551,26.81342780026987,0
1112,4,0,0,43,0.0,0.0,1.0,43,1000,700,300,0.7,13,7,6,338.34500217554694,0.7926356589147286,0.263317244405441,0.19076899058834024,129853.9201183432,187.08497698882513,130041.00509533203,1091,6,492.6744186046512,38,5,19,36.57101677148848,0.6151315789473684,45.19230769230769,1019.2307692307693,26.82186234817814,0
1113,4,1,1,43,0.022727272727272728,0.022727272727272728,0.9772727272727273,44,950,500,450,0.5263157894736842,14,5,9,313.9581117206711,0.8034267089499648,0.20907276356378257,0.17594296864883202,129614.99851278971,-652.9429573322526,128962.05555545745,1092,0,482.45454545454544,40,4,16,37.43429807052563,0.6093750000000002,45.42682926829267,1018.2926829268268,25.45731707317067,3
1114,4,2,1,44,0.044444444444444446,0.022222222222222223,0.9777777777777777,45,1050,600,450,0.5714285714285714,15,6,9,315.3529955033386,0.8066919191919192,0.22890618244703864,0.1785148014192906,130009.52695893153,-800.2212459057889,129209.30571302574,1093,0,472.68888888888887,41,4,17,36.99943255512322,0.6117886178861789,45.03968253968253,1019.8412698412683,24.874177313201667,0
1115,4,1,1,44,0.022222222222222223,0.022222222222222223,0.9777777777777777,45,900,500,400,0.5555555555555556,13,5,8,317.8239811219737,0.8026515151515152,0.23130821932611556,0.18014697761279644,130060.11924445679,-732.7550233056435,129327.36422115115,1094,0,473.6666666666667,41,4,17,36.885252544900474,0.6122967479674798,44.99007936507935,1020.0396825396804,24.879016647309278,0
1116,4,2,2,44,0.043478260869565216,0.043478260869565216,0.9565217391304348,46,1150,900,250,0.782608695652174,14,9,5,310.8976574459809,0.8155797101449276,0.23456242727308152,0.17785044706827277,130418.24811826613,-1090.339493573345,129327.90862469279,1095,0,464.32608695652175,40,6,18,36.700121049315165,0.6174479166666667,44.63922764227642,1021.4430894308933,25.536077235772332,0
1117,4,0,0,44,0.0,0.0,1.0,44,800,400,400,0.5,12,4,8,323.91725709942773,0.7997709654686399,0.24589533326092483,0.18443451985865367,130236.6522903033,-362.82016326261555,129873.83212704069,1096,1,485.90909090909093,40,4,18,36.55125779901765,0.6156250000000001,44.8170731707317,1020.7317073170725,25.518292682926813,0
1118,4,0,1,43,0.0,0.022727272727272728,0.9772727272727273,44,700,400,300,0.5714285714285714,10,4,6,320.83966826269386,0.7997709654686399,0.2456182244767371,0.18317945649267278,130342.35161675357,-436.19804737847284,129906.15356937509,1097,2,486.90909090909093,39,5,18,36.5229394063042,0.6183226495726495,44.71354166666667,1021.1458333333342,26.18322649572652,0
1119,4,0,0,43,0.0,0.0,1.0,43,1400,1000,400,0.7142857142857143,18,10,8,322.9475586911994,0.7987726098191215,0.2426778242677825,0.1846518337971212,130398.9517130543,-177.59537767550415,130221.35633537879,1098,3,492.6279069767442,38,5,18,36.4119159693166,0.6206140350877192,44.65811965811966,1021.3675213675215,26.878092667566353,0
1120,4,0,0,43,0.0,0.0,1.0,43,1150,700,450,0.6086956521739131,16,7,9,324.1224267399508,0.7976651901070505,0.2483651865596328,0.18571496506375965,130480.80490037623,-141.64897454159927,130339.15592583462,1099,4,493.6279069767442,38,5,19,36.29919132768656,0.6214364035087719,44.577991452991455,1021.6880341880343,26.886527215474587,0
1121,4,0,0,43,0.0,0.0,1.0,43,850,400,450,0.47058823529411764,13,4,9,325.63692609703503,0.7979420450350683,0.24577006771295573,0.1868456627545374,130535.3879597669,-98.57150357952139,130436.81645618739,1100,5,494.6279069767442,38,5,16,36.205349364000696,0.621984649122807,44.52457264957265,1021.9017094017088,26.89215024741339,0
1122,4,0,0,43,0.0,0.0,1.0,43,950,600,350,0.631578947368421,13,6,7,324.45629531036315,0.7968807678110004,0.2446928759471152,0.18643083346752207,130589.9824334318,-125.8516190006718,130464.13081443112,1101,6,495.6279069767442,38,5,17,36.180359569353,0.6225328947368423,44.47115384615384,1022.1153846153834,26.897773279352194,0
1123,4,0,0,43,0.0,0.0,1.0,43,1050,600,450,0.5714285714285714,15,6,9,323.32143513188487,0.7969269102990033,0.24007600479160662,0.18630400094203903,130699.20562358458,-148.4290534370689,130550.77657014751,1102,7,496.6279069767442,38,5,17,36.09906662487376,0.6236293859649124,44.36431623931624,1022.5427350427346,26.909019343229858,0
1124,4,0,0,43,0.0,0.0,1.0,43,1100,800,300,0.7272727272727273,14,8,6,324.345806523755,0.7958194905869325,0.24783699318376673,0.18768941323734128,130863.12601587028,-111.01876963256461,130752.10724623772,1103,8,497.6279069767442,38,5,17,35.90742577703527,0.6252741228070176,44.20405982905982,1023.1837606837596,26.925888439046304,0
1125,4,0,0,43,0.0,0.0,1.0,43,750,200,550,0.26666666666666666,13,2,11,324.9484146978657,0.7954964931709118,0.24808629341801436,0.18830495247373577,130917.78897518062,-91.69440335307945,130826.09457182755,1104,9,498.6279069767442,38,5,17,35.836856665622705,0.6258223684210528,44.150641025641015,1023.3974358974344,26.931511470985118,0
1126,4,0,0,43,0.0,0.0,1.0,43,700,500,200,0.7142857142857143,9,5,4,323.9637250339064,0.7950350682908822,0.24126632785309665,0.18813457050150834,130999.80481591041,-112.16305062460998,130887.64176528579,1105,10,499.6279069767442,38,5,18,35.77932581924442,0.6266447368421054,44.07051282051281,1023.7179487179474,26.93994601889335,0
1127,4,0,0,43,0.0,0.0,1.0,43,1050,600,450,0.5714285714285714,15,6,9,325.68147848154484,0.7945275009228497,0.250785341584171,0.18980597776307384,131136.55495516444,-58.25057984515837,131078.30437531928,1106,11,500.6279069767442,38,5,18,35.5974670560829,0.6280153508771932,43.9369658119658,1024.2521367521344,26.954003598740382,0
1128,4,1,0,44,0.022727272727272728,0.0,1.0,44,1200,1000,200,0.8333333333333334,14,10,4,319.0382616754902,0.8013345665961945,0.25376363451645423,0.18725662550219707,131408.21533203096,-415.15028211808726,130993.06504991287,1107,0,490.22727272727275,39,5,19,35.49402705814623,0.6290064102564104,43.671874999999986,1025.3124999999977,26.290064102564045,0
1129,4,0,0,44,0.0,0.0,1.0,44,1000,600,400,0.6,14,6,8,318.4161003277407,0.8011804087385483,0.24958451055343223,0.18728344825728382,131488.33007812474,-426.3997395833638,131061.93033854138,1108,1,491.22727272727275,39,5,19,35.42936217753401,0.6298076923076925,43.593749999999986,1025.624999999998,26.29807692307687,0
1130,4,0,0,44,0.0,0.0,1.0,44,1400,1000,400,0.7142857142857143,18,10,8,322.88012812936364,0.8007619802677942,0.2598733990329607,0.19070833467209175,131648.6328125,-298.6545138888885,131349.97829861112,1109,2,492.22727272727275,39,5,17,35.15360671268101,0.6314102564102565,43.4375,1026.25,26.314102564102566,0
1131,4,1,1,44,0.022222222222222223,0.022222222222222223,0.9777777777777777,45,1400,1000,400,0.7142857142857143,18,10,8,317.247517054807,0.8034511784511785,0.2570489785602037,0.18902119298415748,131979.97352972758,-625.9362193469599,131354.0373103806,1110,0,482.26666666666665,40,5,17,34.96521939801535,0.6330729166666667,43.11483739837398,1027.5406504065033,25.688516260162583,0
1132,4,0,0,44,0.0,0.0,1.0,44,950,600,350,0.631578947368421,13,6,7,341.35730314747326,0.799506694855532,0.2743076863134719,0.19775839294074285,130906.99932912049,139.19499748206346,131046.19432660255,1111,4,494.22727272727275,37,7,18,35.42793939069253,0.6275337837837838,44.161184210526315,1023.3552631578946,27.658250355618772,2
1133,4,0,0,44,0.0,0.0,1.0,44,750,400,350,0.5333333333333333,11,4,7,342.41715294541024,0.7986918604651163,0.27758244540974397,0.19851687612375502,130935.05333371794,166.8816366574182,131101.93497037535,1112,5,495.22727272727275,37,7,18,35.37247339475753,0.6278153153153154,44.133771929824555,1023.4649122807007,27.661213845424342,0
1134,4,1,0,45,0.022222222222222223,0.0,1.0,45,1600,1200,400,0.75,20,12,8,338.0182133948041,0.8033249158249158,0.2769886791578313,0.1972767284383919,131191.27498584636,-130.99192325954516,131060.28306258682,1113,0,485.2,38,7,19,35.22634442242848,0.628563596491228,43.88354700854701,1024.4658119658125,26.959626630679274,0
1135,4,0,0,45,0.0,0.0,1.0,45,1050,500,550,0.47619047619047616,16,5,11,338.35473585410784,0.8042087542087543,0.27656433843191786,0.19832466617555183,131356.22409058546,-110.92855979343182,131245.29553079203,1114,1,486.2,37,8,19,35.05132010553714,0.6320382882882883,43.72258771929824,1025.109649122806,27.70566619250827,0
1136,4,0,0,45,0.0,0.0,1.0,45,1200,800,400,0.6666666666666666,16,8,8,340.59012268008803,0.8036616161616162,0.2768865121806301,0.19978153369252344,131384.3261869037,-50.3592451523526,131333.96694175134,1115,2,487.2,37,8,19,34.96568627450981,0.6323198198198199,43.69517543859649,1025.2192982456143,27.708629682313898,0
1137,4,1,0,46,0.021739130434782608,0.0,1.0,46,1700,1200,500,0.7058823529411765,22,12,10,333.5606270629866,0.8116545893719807,0.281682218251605,0.19743183061295697,131728.82080078125,-412.0903862847231,131316.73041449653,1116,0,477.5869565217391,39,7,16,34.79885421951632,0.6322115384615385,43.359375,1026.5625,26.322115384615383,0
1138,4,0,0,46,0.0,0.0,1.0,46,1000,700,300,0.7,13,7,6,331.86038571384654,0.8121980676328503,0.2800244314398228,0.1969784191904163,131835.7760959202,-449.7856987847176,131385.9903971355,1117,1,478.5869565217391,39,7,16,34.7348657740812,0.6332799145299146,43.255208333333336,1026.9791666666672,26.33279914529916,0
1139,4,0,1,45,0.0,0.021739130434782608,0.9782608695652174,46,950,400,550,0.42105263157894735,15,4,11,334.5354053917782,0.8118357487922706,0.22336835037063874,0.1962155816368225,131381.51584201396,-398.35611979165543,130983.1597222223,1118,2,479.5869565217391,39,7,18,35.12370453159927,0.6287393162393162,43.69791666666667,1025.208333333334,26.28739316239318,4
1140,4,0,0,45,0.0,0.0,1.0,45,1050,900,150,0.8571428571428571,12,9,3,336.5343303681289,0.8086279461279462,0.23331240430477074,0.19724705348188962,131354.1679576477,-158.96260906204628,131195.20534858564,1119,3,491.1333333333333,40,5,18,35.10004626416841,0.6268229166666666,43.72459349593497,1025.1016260162614,25.627540650406537,0
1141,4,1,0,46,0.021739130434782608,0.0,1.0,46,1350,1100,250,0.8148148148148148,16,11,5,330.1988357786813,0.8159420289855073,0.239054813109437,0.19560548090861882,131760.6481973576,-498.5574727576279,131262.09072459998,1120,0,481.4347826086956,41,5,17,34.85310577511513,0.6293191056910569,43.32837301587301,1026.6865079365075,25.041134339914816,0
1142,4,0,0,46,0.0,0.0,1.0,46,1350,1200,150,0.8888888888888888,15,12,3,329.52203053705233,0.8144927536231884,0.24054149395890279,0.19572814584911657,131862.52170138882,-509.6788194444482,131352.84288194438,1121,1,482.4347826086956,41,5,18,34.76800202839757,0.6303353658536586,43.229166666666664,1027.0833333333328,25.050813008130067,0
1143,4,0,0,46,0.0,0.0,1.0,46,1150,600,550,0.5217391304347826,17,6,11,327.40230449593355,0.813707729468599,0.2392059980437511,0.19499170026822207,131964.43457301898,-558.9080018581525,131405.52657116082,1122,2,483.4347826086956,41,5,18,34.71997602265778,0.6313516260162602,43.129960317460316,1027.4801587301583,25.060491676345325,0
1144,4,0,0,46,0.0,0.0,1.0,46,1250,800,450,0.64,17,8,9,332.3877345462248,0.8126409017713366,0.24932753679139585,0.198493908797316,132066.3868122479,-420.55057555430966,131645.83623669358,1123,3,484.4347826086956,41,5,18,34.489411414599616,0.6323678861788619,43.03075396825396,1027.876984126983,25.07017034456056,0
1145,4,0,0,46,0.0,0.0,1.0,46,900,400,500,0.4444444444444444,14,4,10,331.439276860301,0.811352657004831,0.25083482959407943,0.19832775204273456,132142.87682665666,-440.53209246661135,131702.34473419006,1124,4,485.4347826086956,41,5,18,34.436913032291265,0.6331300813008129,42.95634920634921,1028.1746031746038,25.077429345722045,0
1146,4,0,0,46,0.0,0.0,1.0,46,900,700,200,0.7777777777777778,11,7,4,332.6398327891578,0.8109299516908213,0.25433209589127226,0.19918035048293606,132168.37841907606,-407.10654053287556,131761.2718785432,1125,5,486.4347826086956,41,5,18,34.38042691751084,0.6333841463414633,42.93154761904762,1028.27380952381,25.079849012775856,0
1147,4,0,0,46,0.0,0.0,1.0,46,1700,1400,300,0.8235294117647058,20,14,6,327.529031619427,0.8121980676328503,0.24519248908955937,0.19691614996667126,132321.4396435658,-532.1774022108845,131789.2622413549,1126,6,487.4347826086956,41,5,18,34.35812602449135,0.6349085365853657,42.782738095238095,1028.869047619048,25.09436701509873,0
1148,4,1,0,47,0.02127659574468085,0.0,1.0,47,1700,1200,500,0.7058823529411765,22,12,10,322.9290593518264,0.8169133518347209,0.2531490956712261,0.1960392098029234,132685.782479014,-830.3367263894272,131855.44575262457,1127,0,478.0425531914894,40,7,16,34.111141250739784,0.6401041666666667,42.428861788617894,1030.2845528455298,25.757113821138244,0
1149,4,1,0,48,0.020833333333333332,0.0,1.0,48,1200,800,400,0.6666666666666666,16,8,8,316.38681879747486,0.820238622931442,0.25767121969988516,0.19347984518932626,132960.14817964216,-1186.6323381204356,131773.51584152173,1128,0,469.0625,41,7,17,34.005066051045276,0.641260162601626,42.16269841269841,1031.3492063492058,25.154858691444044,0
1150,4,0,0,48,0.0,0.0,1.0,48,1100,700,400,0.6363636363636364,15,7,8,314.01906376642415,0.8201647458628841,0.25542171571456107,0.19229506625696566,133011.3112953514,-1246.3825113378778,131764.92878401352,1129,1,470.0625,41,7,17,34.014954798999824,0.6417682926829269,42.113095238095234,1031.5476190476184,25.159698025551666,0
1151,4,0,0,48,0.0,0.0,1.0,48,1200,800,400,0.6666666666666666,16,8,8,312.9260355029587,0.8197584219858156,0.24930288461538463,0.1918886066763424,133062.4842529603,-1272.25686570926,131790.22738725104,1130,2,471.0625,41,7,17,33.991987179487175,0.6422764227642277,42.063492063492056,1031.7460317460307,25.164537359659285,0
1152,4,0,1,47,0.0,0.020833333333333332,0.9791666666666666,48,1400,1000,400,0.7142857142857143,18,10,8,311.55308870006684,0.8199431146572104,0.2499808833425088,0.19139264716196908,133129.95455262865,-1304.5902921257969,131825.36426050286,1131,3,472.0625,43,5,17,33.95997736587752,0.6400193798449612,41.99810606060606,1032.0075757575764,24.000176180408754,0
1153,4,0,0,47,0.0,0.0,1.0,47,1300,900,400,0.6923076923076923,17,9,8,320.05835569136195,0.8178384212149244,0.2529850582223745,0.19618084703776215,133047.012320849,-883.4384013881427,132163.57391946085,1132,4,482.1276595744681,42,5,18,33.82349488118719,0.640625,42.07848837209302,1031.6860465116272,24.563953488372075,0
1154,4,0,0,47,0.0,0.0,1.0,47,1350,1000,350,0.7407407407407407,17,10,7,320.2103441424604,0.8173373419673141,0.26096787337908833,0.19693305922664447,133172.00363559855,-871.3893771408189,132300.61425845773,1133,5,483.1276595744681,42,5,18,33.69457222430842,0.6418650793650794,41.95736434108526,1032.1705426356568,24.575489110372782,0
1155,4,0,0,47,0.0,0.0,1.0,47,1350,900,450,0.6666666666666666,18,9,9,347.24517906336075,0.8171060746222633,0.25029013539651834,0.20103668261562996,130881.55759870201,-310.06399855777903,130571.49360014424,1134,6,484.1276595744681,42,5,15,35.30303030303031,0.6190476190476191,44.18604651162791,1023.2558139534885,24.36323366555925,5
1156,4,0,0,47,0.0,0.0,1.0,47,1050,700,350,0.6666666666666666,14,7,7,347.8568308190489,0.8160653715695343,0.2503121802669841,0.20190986597650729,130980.72907277211,-287.4917372754025,130693.23733549671,1135,7,485.1276595744681,42,5,16,35.18711346712102,0.6200396825396826,44.08914728682171,1023.6434108527136,24.37246216315985,0
1157,4,0,0,47,0.0,0.0,1.0,47,1450,1100,350,0.7586206896551724,18,11,7,351.1035348446932,0.8136756090040086,0.25463481987050085,0.20471679353796196,131154.36952594487,-190.24744982273464,130964.12207612213,1136,8,486.1276595744681,42,5,16,34.9284993535774,0.6217757936507937,43.91957364341085,1024.321705426356,24.388612033960857,0
1158,4,0,0,47,0.0,0.0,1.0,47,1300,700,600,0.5384615384615384,19,7,12,345.742948320284,0.8133287079864323,0.24773401740355183,0.20211341506285221,131253.64428407222,-323.9956094886324,130929.64867458359,1137,9,487.1276595744681,42,5,16,34.96552403467298,0.6227678571428572,43.82267441860464,1024.7093023255795,24.397840531561418,0
1159,4,0,0,47,0.0,0.0,1.0,47,1300,800,500,0.6153846153846154,18,8,10,348.61145763247447,0.8132130743139068,0.24475291230353036,0.2044580478532343,131378.97317491804,-239.93580556234232,131139.0373693557,1138,10,488.1276595744681,41,6,16,34.765499000064516,0.6255081300813008,43.70039682539682,1025.198412698412,25.00483933410761,0
1160,4,0,1,46,0.0,0.02127659574468085,0.9787234042553191,47,1250,1100,150,0.88,14,11,3,348.7317299760267,0.8125192722787542,0.24835455230239156,0.20507330059682388,131480.69905045352,-229.70167233560494,131250.99737811793,1139,11,489.1276595744681,41,6,16,34.659750435287265,0.6265243902439025,43.601190476190474,1025.595238095238,25.01451800232288,0
1161,4,0,0,46,0.0,0.0,1.0,46,1050,500,550,0.47619047619047616,16,5,11,354.93030515253685,0.8132850241545894,0.2498815012711677,0.2084544108841151,131432.31232236105,129.86214389582682,131562.17446625687,1140,12,486.2826086956522,40,6,17,34.54967789890981,0.6276041666666667,43.64837398373984,1025.4065040650407,25.635162601626018,0
1162,4,0,0,46,0.0,0.0,1.0,46,650,300,350,0.46153846153846156,10,3,7,353.9974322064812,0.8131038647342995,0.2494323396224789,0.20804822879415263,131458.36560785578,107.1847734483477,131565.55038130414,1141,13,487.2826086956522,40,6,17,34.54728636078354,0.6278645833333333,43.6229674796748,1025.5081300813008,25.63770325203252,0
1163,4,1,0,47,0.02127659574468085,0.0,1.0,47,1300,900,400,0.6923076923076923,17,9,8,349.2914927772696,0.8177227875423989,0.25679897398796414,0.2073317392907277,131837.04963466854,-190.08802595113866,131646.9616087174,1142,0,477.8936170212766,41,6,15,34.286047784647074,0.6300813008130082,43.253968253968246,1026.9841269841259,25.048393341076242,0
1164,4,0,0,47,0.0,0.0,1.0,47,950,500,450,0.5263157894736842,14,5,9,348.83299385447043,0.8162580943570767,0.2586474692438552,0.20761577496303998,131938.95266439905,-195.068027210884,131743.88463718817,1143,1,478.8936170212766,41,6,15,34.19515256855931,0.6310975609756098,43.154761904761905,1027.380952380952,25.058072009291514,0
1165,4,1,1,47,0.020833333333333332,0.020833333333333332,0.9791666666666666,48,800,400,400,0.5,12,4,8,344.3466488427418,0.8204602541371159,0.26020472243155024,0.20676380226892221,132273.37599903843,-490.42124872304106,131782.95475031537,1144,0,469.8958333333333,42,6,17,33.97387591057524,0.6329365079365079,42.82945736434108,1028.6821705426348,24.492432631967496,0
1166,4,0,0,47,0.0,0.0,1.0,47,1050,600,450,0.5714285714285714,15,6,9,349.9199229109817,0.8168748072772124,0.26093488942984644,0.20966878155463775,132193.88247197014,-148.54536722097657,132045.33710474917,1145,1,480.5531914893617,41,6,17,33.91054087079556,0.633638211382114,42.906746031746025,1028.3730158730148,25.082268679829628,0
1167,4,0,0,47,0.0,0.0,1.0,47,1250,1000,250,0.8,15,10,5,347.36569383678443,0.8177613320999074,0.2529313782606202,0.20898358332222292,132346.95845930948,-205.44138951878972,132141.5170697907,1146,2,481.5531914893617,41,6,17,33.82222972104384,0.6351626016260163,42.7579365079365,1028.9682539682526,25.0967866821525,0
1168,4,0,0,47,0.0,0.0,1.0,47,1150,800,350,0.6956521739130435,15,8,7,342.69585847176774,0.8177998766574159,0.24879189006987246,0.2070275338209584,132502.61423631743,-318.37073100664213,132184.2435053108,1147,3,482.5531914893617,40,7,18,33.78594577698811,0.6382812500000001,42.60670731707316,1029.5731707317054,25.739329268292636,0
1169,4,0,0,47,0.0,0.0,1.0,47,1150,800,350,0.6956521739130435,15,8,7,341.84302558076234,0.8181467776749922,0.24501887473808392,0.20694368107738612,132581.099419988,-335.6151678894968,132245.48425209848,1148,4,483.5531914893617,40,7,18,33.729072100519694,0.6390625000000001,42.53048780487804,1029.8780487804868,25.74695121951217,0
1170,4,0,0,47,0.0,0.0,1.0,47,1600,1100,500,0.6875,21,11,10,368.3053697314094,0.8171831637372803,0.3169966611334478,0.21974467280789028,132032.1911250742,328.6177415889836,132360.8088666632,1149,5,484.5531914893617,40,7,18,33.60093444081875,0.6335937500000002,43.064024390243894,1027.743902439023,25.693597560975576,2
1171,4,0,0,47,0.0,0.0,1.0,47,700,500,200,0.7142857142857143,9,5,4,362.2977273001672,0.8171060746222633,0.31046838791620623,0.2169070062025494,132162.78029777223,176.45498711081848,132339.23528488306,1150,6,485.5531914893617,40,7,18,33.623657508071425,0.6348958333333334,42.936991869918685,1028.2520325203232,25.706300813008077,0
1172,4,0,0,47,0.0,0.0,1.0,47,1750,1300,450,0.7428571428571429,22,13,9,361.7874429769401,0.8177998766574159,0.31315517371823454,0.2175021420842361,132319.57250974933,174.31195882078777,132493.88446857012,1151,7,486.5531914893617,40,7,18,33.478820953509796,0.6364583333333333,42.784552845528445,1028.8617886178847,25.721544715447116,0
1173,4,0,0,47,0.0,0.0,1.0,47,1100,700,400,0.6363636363636364,15,7,8,364.7488860765086,0.8179925994449583,0.3200489176538477,0.2200518005011022,132451.61132812485,262.3387758505864,132713.95010397545,1152,8,487.5531914893617,39,8,19,33.269665384874855,0.639423076923077,42.65624999999999,1029.3749999999989,26.39423076923074,0
1174,4,0,1,46,0.0,0.02127659574468085,0.9787234042553191,47,1250,800,450,0.64,17,8,9,360.72760764109495,0.8164508171446191,0.31712863852593576,0.21871461140176493,132639.3242730034,169.3332248263789,132808.6574978298,1153,9,488.5531914893617,39,8,15,33.18428304176357,0.6412927350427351,42.47395833333333,1030.104166666666,26.412927350427335,0
1175,4,0,0,46,0.0,0.0,1.0,46,1150,900,250,0.782608695652174,14,9,5,362.639755468894,0.8140700483091787,0.3104791445007482,0.2202328590517643,132700.54879830536,424.4989133611107,133125.04771166647,1154,10,487.5652173913044,38,8,15,33.073456726116426,0.6436403508771928,42.41452991452992,1030.3418803418815,27.114260008996883,0
1176,4,0,0,46,0.0,0.0,1.0,46,1350,900,450,0.6666666666666666,18,9,9,364.2565360861426,0.8126811594202898,0.3108181714355993,0.2222818245487449,132880.86480034734,480.5447048611179,133361.40950520846,1155,11,488.5652173913044,39,7,15,32.85049168182123,0.6436965811965811,42.239583333333336,1031.0416666666674,26.43696581196583,0
1177,4,1,1,46,0.02127659574468085,0.02127659574468085,0.9787234042553191,47,1200,700,500,0.5833333333333334,17,7,10,358.1116319803641,0.8161424606845513,0.3038609666455727,0.21984676609000112,133104.92782900398,133.2845858946439,133238.21241489862,1156,0,479.1489361702128,40,7,15,32.78387827457159,0.6442708333333333,42.02235772357724,1031.9105691056916,25.79776422764229,0
1178,4,0,0,46,0.0,0.0,1.0,46,1200,900,300,0.75,15,9,6,363.56199515793946,0.8104267310789051,0.3076208790485093,0.22265642783234854,133015.14892578128,471.8505859375008,133486.99951171878,1157,13,490.5652173913044,39,7,15,32.73345198424719,0.6450320512820513,42.109375,1031.5625000000002,26.450320512820518,0
1179,4,1,1,46,0.02127659574468085,0.02127659574468085,0.9787234042553191,47,1050,600,450,0.5714285714285714,15,6,9,358.8438492908018,0.8132130743139068,0.3000705521279736,0.2216978747928521,133340.9875590752,169.7186487870895,133510.7062078623,1158,0,481.1063829787234,40,7,15,32.528124897504014,0.6466145833333334,41.793699186991866,1032.825203252032,25.8206300813008,0
1180,4,0,0,46,0.0,0.0,1.0,46,1150,900,250,0.782608695652174,14,9,5,366.02326461562296,0.8082125603864735,0.3117696599642066,0.22562329594963038,133257.03125000003,555.0347222222229,133812.06597222225,1159,15,492.5652173913044,39,7,15,32.42702448210922,0.6474358974358975,41.875,1032.5000000000002,26.47435897435898,0
1181,4,0,0,46,0.0,0.0,1.0,46,1150,800,350,0.6956521739130435,15,8,7,361.81632547624355,0.8069847020933978,0.3040168178490166,0.2238385838894516,133391.50526258687,452.64485677084394,133844.1501193577,1160,16,493.5652173913044,39,7,15,32.40069661523982,0.6487713675213675,41.74479166666667,1033.020833333334,26.48771367521369,0
1182,4,0,0,46,0.0,0.0,1.0,46,1400,1000,400,0.7142857142857143,18,10,8,364.33979644404417,0.8057971014492754,0.3072122436553839,0.2262362925745429,133528.8802804709,530.0258402825864,134058.9061207535,1161,17,494.5652173913044,37,9,17,32.197733220171145,0.6537162162162162,41.61184210526316,1033.5526315789475,27.93385490753912,0
1183,4,0,0,46,0.0,0.0,1.0,46,1050,600,450,0.5714285714285714,15,6,9,362.2496847337329,0.8062399355877617,0.3003719776813387,0.2256018306855256,133637.87187705457,482.05539119000656,134119.9272682446,1162,18,495.5652173913044,38,8,18,32.142488117379614,0.6529605263157894,41.506410256410255,1033.9743589743591,27.20985155195682,0
1184,4,0,0,46,0.0,0.0,1.0,46,1000,800,200,0.8,12,8,4,360.9967379934315,0.8058574879227053,0.29610891796122374,0.22532620377268925,133720.7352276463,454.54984385273,134175.28507149903,1163,19,496.5652173913044,38,8,14,32.09185518024997,0.6537828947368421,41.42628205128205,1034.2948717948718,27.218286099865047,0
1185,4,0,0,46,0.0,0.0,1.0,46,1350,1000,350,0.7407407407407407,17,10,7,353.21771665114727,0.8059178743961353,0.2645317742274991,0.21190969236670193,132241.1647849329,144.5526662272456,132385.71745116013,1164,20,497.5652173913044,40,6,17,33.77815927279914,0.6356770833333334,42.860772357723576,1028.5569105691056,25.71392276422764,5
1186,4,1,1,46,0.02127659574468085,0.02127659574468085,0.9787234042553191,47,1150,1000,150,0.8695652173913043,13,10,3,346.2708854845032,0.8111702127659574,0.26149543135550135,0.2088899248713487,132449.05832703426,-227.3494583018691,132221.70886873238,1165,0,487.9574468085106,41,6,17,33.747751220765856,0.6361788617886179,42.658730158730144,1029.3650793650772,25.10646535036774,0
1187,4,0,0,46,0.0,0.0,1.0,46,1300,700,600,0.5384615384615384,19,7,12,347.9814453605207,0.8055555555555556,0.2665903890160184,0.20963760244889898,132398.00347222213,14.409722222212054,132412.41319444435,1166,22,499.5652173913044,40,6,17,33.755060728744944,0.6372395833333334,42.70833333333333,1029.1666666666658,25.729166666666647,0
1188,4,0,0,46,0.0,0.0,1.0,46,1350,1000,350,0.7407407407407407,17,10,7,354.17064089020073,0.8055354267310789,0.2950132182868752,0.20914708372568716,131640.8109012494,124.66207284025631,131765.47297408967,1167,23,500.5652173913044,40,6,16,34.35870139301513,0.6296875,43.44512195121952,1026.2195121951231,25.655487804878078,1
1189,4,0,1,45,0.0,0.021739130434782608,0.9782608695652174,46,1350,1000,350,0.7407407407407407,17,10,7,348.67194800953143,0.8049718196457327,0.29342985607641414,0.20688960861047087,131823.38271077088,-7.376871405896793,131816.00583936498,1168,24,501.5652173913044,40,6,16,34.31572653801748,0.6315104166666666,43.26727642276423,1026.9308943089443,25.673272357723608,0
1190,4,0,0,45,0.0,0.0,1.0,45,800,700,100,0.875,9,7,2,353.3721140869857,0.8005892255892256,0.3001284912423072,0.20959941640610755,131809.03320312515,315.52734375001387,132124.56054687515,1169,25,511.68888888888887,39,6,16,34.20952525867316,0.6330128205128205,43.28125000000001,1026.8750000000011,26.330128205128233,0
1191,4,0,0,45,0.0,0.0,1.0,45,800,500,300,0.625,11,5,6,352.609212076535,0.8012626262626263,0.2596107531081169,0.19479091424422204,129050.14349489815,100.85388321997499,129150.99737811812,1170,26,512.6888888888889,41,4,16,37.0252392110916,0.6021341463414633,45.98214285714287,1016.07142857143,24.78222996515683,8
1192,4,1,1,45,0.021739130434782608,0.021739130434782608,0.9782608695652174,46,1550,1300,250,0.8387096774193549,18,13,5,346.790386448446,0.8098832528180354,0.2533648664297228,0.19256926919850587,129254.34570312512,-234.9013694019149,129019.44433372321,1171,0,502.5217391304348,39,7,16,36.96518814450592,0.6073717948717948,45.78125000000001,1016.8750000000009,26.073717948717974,0
1193,4,0,0,45,0.0,0.0,1.0,45,1500,1100,400,0.7333333333333333,19,11,8,353.3996237570548,0.8011363636363636,0.25318761384335176,0.1959761549925484,129201.38888888877,131.94444444443462,129333.33333333321,1172,28,514.6888888888889,38,7,18,36.85109289617489,0.6085526315789473,45.83333333333333,1016.6666666666657,26.754385964912256,0
1194,4,1,1,45,0.021739130434782608,0.021739130434782608,0.9782608695652174,46,950,700,250,0.7368421052631579,12,7,5,345.9054319005179,0.8057971014492754,0.2447566143218316,0.19285412436097363,129413.28125000001,-247.04861111111143,129166.2326388889,1173,0,504.4782608695652,39,7,18,36.826030576030576,0.608974358974359,45.625,1017.5000000000001,26.08974358974359,0
1195,4,0,0,45,0.0,0.0,1.0,45,900,700,200,0.7777777777777778,11,7,4,354.03043570369346,0.8006313131313132,0.2471848739495801,0.19686739181653967,129310.02995105548,155.93724888595278,129465.96719994143,1174,30,516.6888888888889,38,7,18,36.72443977591036,0.6096491228070176,45.72649572649572,1017.0940170940162,26.7656320287899,0
1196,4,1,0,46,0.021739130434782608,0.0,1.0,46,1200,800,400,0.6666666666666666,16,8,8,351.591146821226,0.8067230273752013,0.26262821207849907,0.1976837491241051,129744.38707325344,-76.6044310595471,129667.7826421939,1175,0,506.4347826086956,40,6,17,36.344763092269325,0.6106770833333333,45.299796747967484,1018.8008130081308,25.470020325203272,0
1197,4,2,0,48,0.041666666666666664,0.0,1.0,48,1550,1200,350,0.7741935483870968,19,12,7,339.22310933377736,0.8185763888888888,0.2751588368003717,0.19353631910712424,130314.46358194518,-756.7989250776793,129557.6646568675,1176,0,486.2916666666667,40,8,19,36.081873527752876,0.61640625,44.74085365853658,1021.0365853658529,25.525914634146325,0
1198,4,0,0,48,0.0,0.0,1.0,48,850,500,350,0.5882352941176471,12,5,7,341.18216774086045,0.8186687352245863,0.2807452823931289,0.19517484165983992,130418.24811826625,-700.723878808906,129717.52423945734,1177,1,487.2916666666667,40,8,19,35.92677345537758,0.6174479166666667,44.639227642276424,1021.4430894308942,25.536077235772357,0
1199,4,1,2,47,0.02040816326530612,0.04081632653061224,0.9591836734693877,49,1300,1000,300,0.7692307692307693,16,10,6,332.87567249181836,0.8250425170068028,0.27515690593956577,0.1922846531688032,130794.81336805545,-1092.3177083333428,129702.4956597221,1178,0,478.3265306122449,41,8,14,35.758231500339434,0.6196646341463414,44.27083333333333,1022.9166666666657,24.949186991869894,0
1200,4,0,0,47,0.0,0.0,1.0,47,1200,800,400,0.6666666666666666,16,8,8,345.7267314464227,0.8102065988282454,0.2788422339991843,0.19861069607449083,130581.79253472235,-370.87673611110114,130210.91579861126,1179,3,499.63829787234044,39,8,14,35.64512841418671,0.6207264957264957,44.47916666666667,1022.0833333333344,26.207264957264986,0
1201,4,2,0,49,0.04081632653061224,0.0,1.0,49,950,800,150,0.8421052631578947,11,8,3,341.73906104407484,0.8177083333333334,0.31284086058900673,0.19963127955108628,131226.45817586296,-830.9586797682072,130395.49949609475,1180,0,480.2040816326531,41,8,17,35.09553317841465,0.6239837398373984,43.84920634920635,1024.6031746031747,24.99032133178475,0
1202,4,0,1,48,0.0,0.02040816326530612,0.9795918367346939,49,1000,700,300,0.7,13,7,6,341.3973164121882,0.8172831632653061,0.312095569935291,0.199961285327139,131328.12500000015,-832.9073759133141,130495.21762408683,1181,1,481.2040816326531,40,9,19,35.00169376693766,0.6265624999999999,43.75000000000001,1025.0000000000011,25.62500000000003,0
1203,4,0,0,48,0.0,0.0,1.0,48,1500,1000,500,0.6666666666666666,20,10,10,341.497960115436,0.8149564125295508,0.3067133157235262,0.20043914260084886,131408.21533203122,-624.8725043402782,130783.34282769094,1182,2,491.1041666666667,39,9,21,34.91832181922855,0.6290064102564104,43.671875,1025.3124999999998,26.290064102564095,0
1204,4,0,0,48,0.0,0.0,1.0,48,1150,900,250,0.782608695652174,14,9,5,339.5667886004847,0.8150302895981087,0.3075006605237949,0.19983951004925338,131510.47992473078,-668.6817329301239,130841.79819180066,1183,3,492.1041666666667,40,8,21,34.86471647016083,0.6283854166666667,43.57215447154472,1025.711382113822,25.64278455284555,0
1205,4,0,0,48,0.0,0.0,1.0,48,850,500,350,0.5882352941176471,12,5,7,337.68209485157485,0.8152519208037825,0.3034626621768841,0.19927388145624503,131614.739542022,-711.2118076211137,130903.52773440088,1184,4,493.1041666666667,40,8,15,34.807987521045874,0.6294270833333333,43.47052845528456,1026.1178861788624,25.65294715447156,0
1206,4,1,1,48,0.02040816326530612,0.02040816326530612,0.9795918367346939,49,1050,500,550,0.47619047619047616,16,5,11,333.1174360793823,0.8201176303854876,0.30280715724574514,0.19799643703593145,131887.99622858415,-1013.1617693373585,130874.83445924679,1185,0,484.0204081632653,41,8,16,34.65005472925117,0.630589430894309,43.20436507936508,1027.1825396825404,25.053232675183914,0
1207,4,0,0,48,0.0,0.0,1.0,48,1000,700,300,0.7,13,7,6,339.83703294133767,0.81392213356974,0.3065906241752452,0.201509001222962,131797.2932778107,-642.0797805539108,131155.2134972568,1186,6,495.1041666666667,40,8,17,34.56881762998155,0.6312500000000001,43.292682926829265,1026.829268292682,25.67073170731705,0
1208,4,2,1,49,0.04,0.02,0.98,50,1450,1100,350,0.7586206896551724,18,11,7,325.83258300265715,0.8221428571428571,0.29842472206519743,0.1953890980785426,132223.54144131968,-1383.4523916831783,130840.0890496365,1187,0,476.26,42,8,18,34.50003140506253,0.632440476190476,42.87790697674419,1028.4883720930238,24.487818383167234,0
1209,4,0,0,49,0.0,0.0,1.0,49,1300,700,600,0.5384615384615384,19,7,12,331.404634257653,0.8149447278911565,0.2980060356350509,0.19870860863788828,132219.38898533946,-1036.3763503086445,131183.0126350308,1188,1,486.9795918367347,41,8,18,34.36093292820168,0.6338922764227642,42.88194444444444,1028.472222222222,25.08468834688346,0
1210,4,0,0,49,0.0,0.0,1.0,49,1600,1200,400,0.75,20,12,8,332.10718898343123,0.8148030045351474,0.298743704251881,0.19939892545276178,132270.4093935027,-1014.4092301272448,131256.00016337546,1189,2,487.9795918367347,41,8,19,34.29161844600895,0.6344004065040652,42.832341269841265,1028.6706349206343,25.08952768099108,0
1211,4,0,1,48,0.0,0.02040816326530612,0.9795918367346939,49,1100,900,200,0.8181818181818182,13,9,4,331.9541478320467,0.8141652494331066,0.29828587172573995,0.19944174467081824,132295.92328829665,-1016.7639046359415,131279.1593836607,1190,3,488.9795918367347,41,8,19,34.269929283188695,0.6346544715447155,42.80753968253968,1028.76984126984,25.09194734804488,0
1212,4,0,0,48,0.0,0.0,1.0,48,1250,800,450,0.64,17,8,9,327.49483484551916,0.8125369385342789,0.2799408464145854,0.19756969518464942,132450.30369034642,-924.6025659393349,131525.7011244071,1191,4,486.2083333333333,40,8,19,34.229687037219875,0.6377604166666666,42.65752032520326,1029.3699186991876,25.73424796747969,0
1213,4,0,1,47,0.0,0.020833333333333332,0.9791666666666666,48,1100,600,500,0.5454545454545454,16,6,10,329.97477123524914,0.8124445921985816,0.2826358731412024,0.19948116838636912,132528.77338224615,-853.7696642210232,131675.0037180251,1192,5,487.2083333333333,40,8,20,34.08713317541781,0.6385416666666666,42.581300813008134,1029.6747967479685,25.741869918699212,0
1214,4,0,0,47,0.0,0.0,1.0,47,1050,700,350,0.6666666666666666,14,7,7,337.5526886609219,0.8112087573234659,0.28312269065977524,0.20437130635581954,132585.67843967007,-449.0695529513931,132136.60888671866,1193,6,490.70212765957444,39,8,21,33.834938977108,0.6407585470085471,42.526041666666664,1029.8958333333328,26.407585470085458,0
1215,4,0,0,47,0.0,0.0,1.0,47,1150,700,450,0.6086956521739131,16,7,9,339.7432424004804,0.8106691335183471,0.28578189875868665,0.20613869124789871,132666.15125868045,-385.5143229166714,132280.6369357638,1194,7,491.70212765957444,39,8,16,33.697758678800156,0.6415598290598291,42.447916666666664,1030.2083333333326,26.415598290598272,0
1216,4,0,1,46,0.0,0.02127659574468085,0.9787234042553191,47,1600,900,700,0.5625,23,9,14,342.9098354495482,0.8117869256860931,0.2888594575070087,0.2089554021926558,132827.170138889,-290.4513888888777,132536.71875000012,1195,8,492.70212765957444,39,8,17,33.454594448935595,0.6431623931623931,42.29166666666667,1030.8333333333342,26.431623931623953,0
1217,4,0,0,46,0.0,0.0,1.0,46,850,600,250,0.7058823529411765,11,6,5,349.1129498438745,0.806682769726248,0.2848265602812903,0.21217356025483103,132728.0700402695,67.41761176856988,132795.48765203805,1196,9,503.2608695652174,38,8,17,33.39424572317263,0.6439144736842106,42.38782051282051,1030.4487179487173,27.117071524966246,0
1218,4,0,0,46,0.0,0.0,1.0,46,1100,500,600,0.45454545454545453,17,5,12,349.11830000477096,0.8051529790660226,0.2849284735158699,0.21273858970734058,132827.1701388888,74.4791666666614,132901.64930555545,1197,10,504.2608695652174,39,7,18,33.29459714362707,0.6431623931623932,42.291666666666664,1030.8333333333326,26.43162393162391,0
1219,4,0,0,46,0.0,0.0,1.0,46,1100,800,300,0.7272727272727273,14,8,6,349.11235665288575,0.804549114331723,0.2899963544846418,0.21319328923546707,132907.71620008704,79.94520399307999,132987.66140408014,1198,11,505.2608695652174,39,7,18,33.21389786847156,0.6439636752136751,42.21354166666668,1031.1458333333353,26.439636752136803,0
1220,4,0,0,46,0.0,0.0,1.0,46,1050,600,450,0.5714285714285714,15,6,9,349.63779206203435,0.8044082125603865,0.2936758893280633,0.2136675395934656,132934.57031250012,95.78993055556936,133030.36024305568,1199,12,506.2608695652174,39,7,18,33.17340067340068,0.6442307692307692,42.18750000000001,1031.250000000001,26.442307692307715,0
1221,4,0,0,46,0.0,0.0,1.0,46,1200,700,500,0.5833333333333334,17,7,10,347.3510110925583,0.8032206119162641,0.2829426826866255,0.21324075977229973,133104.92782900398,46.826252561308536,133151.75408156528,1200,13,507.2608695652174,40,6,19,33.06147823517825,0.6442708333333333,42.02235772357724,1031.9105691056916,25.79776422764229,0
1222,4,0,0,46,0.0,0.0,1.0,46,1450,900,550,0.6206896551724138,20,9,11,346.1013951606359,0.8018719806763285,0.27718140339162933,0.21307260436616615,133209.81744497328,20.82073335977475,133230.63817833306,1201,14,508.2608695652174,40,6,19,32.988572225503695,0.6453125,41.920731707317074,1032.317073170732,25.807926829268304,0
1223,4,1,2,45,0.02127659574468085,0.0425531914893617,0.9574468085106383,47,1350,900,450,0.6666666666666666,18,9,9,338.21723344705094,0.8059666975023126,0.2809679019672391,0.2100242062636693,133530.41174620565,-366.25173073293604,133164.1600154727,1202,0,498.4255319148936,36,11,20,32.871177453330446,0.6556712962962963,41.61036036036036,1033.5585585585584,28.709959959959956,0
1224,4,0,0,45,0.0,0.0,1.0,45,900,500,400,0.5555555555555556,13,5,8,340.25833217615605,0.8008838383838385,0.29334129739550274,0.2111304133426612,133502.12358807,85.04198281034144,133587.16557088034,1203,1,512.0,35,10,20,32.84674002314555,0.6574404761904762,41.637731481481474,1033.449074074073,29.52711640211637,0
1225,4,0,0,45,0.0,0.0,1.0,45,950,800,150,0.8421052631578947,11,8,3,338.60652681784006,0.8002946127946129,0.28806289495944704,0.21061514606803244,133591.8477794924,47.01431755829532,133638.8620970507,1204,2,513.0,35,10,20,32.79967159277504,0.6583333333333334,41.550925925925924,1033.7962962962958,29.537037037037024,0
1226,4,0,0,45,0.0,0.0,1.0,45,1250,1000,250,0.8,15,10,5,336.72954975456935,0.7997053872053872,0.2874196710597976,0.20959416924045426,133617.71981018176,-1.3930738170605537,133616.3267363647,1205,3,514.0,36,9,20,32.82231419961515,0.6565393518518519,41.5259009009009,1033.896396396396,28.719344344344336,0
1227,4,0,0,45,0.0,0.0,1.0,45,950,600,350,0.631578947368421,13,6,7,336.6177688284016,0.7998737373737375,0.2848459146169071,0.2099853700786695,133698.92659279777,1.086872883960723,133700.01346568172,1206,4,515.0,37,8,21,32.744027424370934,0.6554054054054055,41.44736842105263,1034.2105263157891,27.951635846372678,0
1228,4,0,0,45,0.0,0.0,1.0,45,900,700,200,0.7777777777777778,11,7,4,336.9209512296849,0.7992003367003367,0.28649616127360944,0.21082135913815034,133812.3509156664,16.836911357346537,133829.18782702376,1207,5,516.0,37,8,17,32.62284513211813,0.6565315315315314,41.33771929824562,1034.6491228070179,27.963489805595078,0
1229,4,0,0,45,0.0,0.0,1.0,45,1450,900,550,0.6206896551724138,20,9,11,337.94821909786344,0.7983585858585859,0.29239235107992845,0.21268793113613577,134024.78723792822,58.687632405577574,134083.4748703338,1208,6,517.0,38,7,17,32.384096849635434,0.6567982456140351,41.13247863247863,1035.4700854700852,27.24921277552856,0
1230,4,0,0,45,0.0,0.0,1.0,45,950,600,350,0.631578947368421,13,6,7,336.8707923081648,0.7986111111111112,0.29156783885050386,0.21281016762294927,134163.10683988954,39.1264199357029,134202.23325982524,1209,7,518.0,38,7,17,32.273942112680906,0.6581688596491229,40.99893162393162,1036.0042735042725,27.263270355375592,0
1231,4,0,0,45,0.0,0.0,1.0,45,800,400,400,0.5,12,4,8,339.08971538348214,0.7973484848484849,0.29366044737655894,0.21486017824527506,134273.8138856929,106.17386679085521,134379.98775248378,1210,8,519.0,38,7,17,32.10601140775864,0.659265350877193,40.89209401709402,1036.431623931624,27.274516419253263,0
1232,4,0,0,45,0.0,0.0,1.0,45,900,700,200,0.7777777777777778,11,7,4,339.3130206972055,0.7970538720538721,0.2937370895164082,0.2152010114058569,134307.7270507814,114.47211371529269,134422.19916449668,1211,9,520.0,39,6,17,32.066396174588824,0.6578525641025641,40.85937500000001,1036.5625000000011,26.57852564102567,0
1233,4,0,0,45,0.0,0.0,1.0,45,1200,900,300,0.75,15,9,6,335.00068716759887,0.7963383838383838,0.2830560028627662,0.21013679467785745,133903.125,-28.252495659721347,133874.87250434028,1212,10,521.0,39,6,17,32.581857219538385,0.653846153846154,41.25,1035.0,26.53846153846154,2
1234,4,0,0,45,0.0,0.0,1.0,45,900,700,200,0.7777777777777778,11,7,4,340.3846109486925,0.7949915824915825,0.28543329086479363,0.21445524727832077,134064.892578125,126.72526041666609,134191.61783854166,1213,11,522.0,39,6,17,32.280979682156506,0.6554487179487181,41.09375,1035.625,26.55448717948718,0
1235,4,0,0,45,0.0,0.0,1.0,45,1000,900,100,0.9,11,9,2,341.32071076432914,0.7943602693602694,0.28451415421051496,0.2156782585299882,134172.79188368045,159.19053819443508,134331.98242187488,1214,12,523.0,39,6,17,32.14902138213018,0.6565170940170941,40.98958333333333,1036.0416666666658,26.56517094017092,0
1236,4,0,0,45,0.0,0.0,1.0,45,1450,900,550,0.6206896551724138,20,9,11,342.44589783086315,0.7946127946127947,0.2877051926298162,0.21702781423038753,134280.73459201373,196.77734374998104,134477.5119357637,1215,13,524.0,39,6,17,32.01214405360133,0.6575854700854702,40.88541666666666,1036.458333333332,26.575854700854663,0
1237,4,0,1,44,0.0,0.022222222222222223,0.9777777777777777,45,1250,1000,250,0.8,15,10,5,344.0091871967038,0.7945286195286195,0.2853187760250959,0.21850181494376472,134361.72010633675,244.33322482638516,134606.05333116313,1216,14,525.0,39,6,17,31.890824374560435,0.6583867521367521,40.807291666666664,1036.770833333333,26.583867521367512,0
1238,4,0,0,44,0.0,0.0,1.0,44,900,600,300,0.6666666666666666,12,6,6,346.1417460611344,0.7936486962649754,0.27686365462580853,0.220344451648635,134442.73003472204,507.2482638888699,134949.97829861092,1217,15,510.3863636363636,39,5,17,31.754720771394133,0.6591880341880343,40.72916666666666,1037.083333333332,26.591880341880305,0
1239,4,0,0,44,0.0,0.0,1.0,44,1500,1100,400,0.7333333333333333,19,11,8,350.09124225754334,0.7932963354474982,0.2855365858290442,0.20215763289346925,130781.15297866901,362.31899814632186,131143.47197681532,1218,16,511.3863636363636,38,6,19,35.33180140658728,0.6244517543859649,44.284188034188034,1022.8632478632479,26.917453891138102,6
1240,4,0,0,44,0.0,0.0,1.0,44,1100,800,300,0.7272727272727273,14,8,6,348.88904993646406,0.7948599365750529,0.28024291152097347,0.20189186895719127,130863.12601587031,331.34234147854613,131194.46835734884,1219,17,512.3863636363636,38,6,19,35.27961957467543,0.6252741228070176,44.20405982905982,1023.1837606837598,26.92588843904631,0
1241,4,0,0,44,0.0,0.0,1.0,44,1550,1400,150,0.9032258064516129,17,14,3,350.14446434805086,0.7943754404510219,0.27881302849984335,0.20290585747065795,130917.78897518064,368.0278188691434,131285.81679404978,1220,18,513.3863636363636,38,6,19,35.1922173504541,0.6258223684210527,44.150641025641015,1023.3974358974345,26.931511470985118,0
1242,4,0,0,44,0.0,0.0,1.0,44,1550,1400,150,0.9032258064516129,17,14,3,364.5244525026892,0.7949260042283298,0.28311933246970944,0.20610316200744455,129962.83512309144,674.9262637884274,130637.76138687987,1221,19,514.3863636363636,38,6,18,35.793212140262625,0.6162280701754387,45.08547008547008,1019.658119658119,26.83310841205576,2
1243,4,0,0,44,0.0,0.0,1.0,44,1050,800,250,0.7619047619047619,13,8,5,361.20949250401435,0.7932302677942213,0.27934624282409426,0.2049429259608335,130099.0430843193,598.6018655489586,130697.64494986826,1222,20,515.3863636363636,38,6,18,35.73934443397216,0.6175986842105264,44.951923076923066,1020.1923076923059,26.847165991902788,0
1244,4,0,0,44,0.0,0.0,1.0,44,1400,1100,300,0.7857142857142857,17,11,6,363.34860474802207,0.794727801268499,0.28246753246753276,0.20702420503084937,130262.58680555526,666.2485618014134,130928.83536735667,1223,21,516.3863636363636,37,7,20,35.51870748299319,0.6210585585585587,44.79166666666665,1020.833333333331,27.590090090090026,0
1245,4,0,0,44,0.0,0.0,1.0,44,1400,900,500,0.6428571428571429,19,9,10,362.7936776115392,0.796181289640592,0.27542389426315106,0.20715496747984433,130346.55044100087,657.7808796937239,131004.33132069459,1224,22,517.3863636363636,37,7,21,35.44764934321198,0.6219031531531533,44.70942982456139,1021.1622807017527,27.59898055950683,0
1246,4,0,0,44,0.0,0.0,1.0,44,1600,1300,300,0.8125,19,13,6,356.59033438293733,0.795278365045807,0.2722833616265681,0.20434863073679016,130486.54994806081,506.0484956909633,130992.59844375178,1225,23,518.3863636363636,37,7,21,35.46406596551477,0.6233108108108109,44.57236842105262,1021.7105263157885,27.613798008534822,0
1247,4,0,0,44,0.0,0.0,1.0,44,650,300,350,0.46153846153846156,10,3,7,356.22675785044646,0.7960711768851304,0.273451979280521,0.20439765679901126,130535.38795976681,500.03960753157554,131035.4275672984,1226,24,519.3863636363636,38,6,17,35.42385433002263,0.6219846491228072,44.52457264957264,1021.9017094017081,26.892150247413372,0
1248,4,1,1,44,0.022222222222222223,0.022222222222222223,0.9777777777777777,45,900,400,500,0.4444444444444444,14,4,10,346.51004341634825,0.7996632996632997,0.26275588145432316,0.20002246421546874,130768.17626953124,62.497287326388914,130830.67355685763,1227,0,508.8222222222222,39,6,17,35.43650490545541,0.622596153846154,44.296875,1022.8124999999999,26.225961538461537,0
1249,4,1,0,45,0.022222222222222223,0.0,1.0,45,1050,600,450,0.5714285714285714,15,6,9,345.6141482791435,0.7998316498316499,0.2627928814671514,0.19978084462916224,130821.4531792534,42.749023437495055,130864.2022026909,1228,0,509.8,39,6,18,35.40552981705869,0.623130341880342,44.244791666666664,1023.0208333333327,26.231303418803403,0
1250,4,0,0,45,0.0,0.0,1.0,45,1100,600,500,0.5454545454545454,16,6,10,344.63234774536585,0.798526936026936,0.25671510056377467,0.19981533529899717,130937.790470702,25.07962770176823,130962.87009840377,1229,1,510.8,40,5,18,35.31302750471651,0.62265625,44.13109756097561,1023.4756097560979,25.58689024390245,0
1251,4,1,2,44,0.021739130434782608,0.043478260869565216,0.9565217391304348,46,650,300,350,0.46153846153846156,10,3,7,342.7192808513451,0.8006642512077294,0.26776246023329775,0.20073557878435913,131328.12499999988,-195.9401232731983,131132.18487672668,1230,0,500.67391304347825,37,9,19,34.96781842818427,0.6317567567567568,43.74999999999999,1024.999999999999,27.702702702702677,0
1252,4,1,0,45,0.022222222222222223,0.0,1.0,45,800,600,200,0.75,10,6,4,349.3839729731684,0.8050505050505051,0.2758414360508601,0.20630186770068648,131637.38031173046,198.39818501845957,131835.7784967489,1231,0,501.6666666666667,37,8,18,34.48496545214944,0.6348536036036037,43.4484649122807,1026.2061403508767,27.735301090564235,0
1253,4,0,0,45,0.0,0.0,1.0,45,1050,800,250,0.7619047619047619,13,8,5,352.4979362444025,0.8042929292929293,0.2808755680438477,0.20869702214248065,131739.10307774472,287.5523915187142,132026.65546926344,1232,1,502.6666666666667,38,7,18,34.302476844624834,0.634046052631579,43.349358974358964,1026.6025641025626,27.015856950067437,0
1254,4,0,0,45,0.0,0.0,1.0,45,1000,800,200,0.8,12,8,4,354.34405495003915,0.8029040404040404,0.28252184769038724,0.21024413927035634,131821.37573964478,342.0241617356803,132163.39990138044,1233,2,503.6666666666667,38,7,18,34.17212858926341,0.6348684210526316,43.26923076923076,1026.9230769230755,27.02429149797567,0
1255,4,0,0,45,0.0,0.0,1.0,45,900,500,400,0.5555555555555556,13,5,8,358.45336780809833,0.8026515151515152,0.28977611423026284,0.2136062262440081,131985.99810979626,462.16510519396263,132448.16321499023,1234,3,504.6666666666667,38,7,18,33.90062902890414,0.6365131578947367,43.108974358974365,1027.5641025641032,27.04116059379219,0
1256,4,0,0,45,0.0,0.0,1.0,45,1400,1100,300,0.7857142857142857,17,11,6,357.838064322991,0.8021464646464647,0.2876417469225623,0.21385825185812538,132095.8034279348,453.7813207684944,132549.5847487033,1235,4,505.6666666666667,38,7,19,33.80577496016074,0.637609649122807,43.00213675213675,1027.9914529914524,27.052406657669803,0
1257,4,0,1,44,0.0,0.022222222222222223,0.9777777777777777,45,800,500,300,0.625,11,5,6,353.75657277787167,0.8018518518518519,0.28135988455988503,0.21187971456048615,132178.18737900862,351.78051263787955,132529.9678916465,1236,5,506.6666666666667,38,7,19,33.82770562770562,0.6384320175438596,42.922008547008545,1028.3119658119654,27.060841205578036,0
1258,4,1,0,45,0.022222222222222223,0.0,1.0,45,1350,1000,350,0.7407407407407407,17,10,7,352.5761618546792,0.8051346801346801,0.28193074162541487,0.21178763958195276,132288.07259706684,328.3241790853891,132616.39677615222,1237,0,507.46666666666664,38,7,20,33.747446948454325,0.6395285087719298,42.81517094017094,1028.7393162393153,27.072087269455665,0
1259,4,1,1,45,0.021739130434782608,0.021739130434782608,0.9782608695652174,46,1350,1000,350,0.7407407407407407,17,10,7,345.42890019721256,0.8128220611916265,0.2817967766816867,0.20901375825492366,132562.98539201193,-41.73709273868795,132521.24829927325,1238,0,497.4130434782609,38,8,20,33.65494345886502,0.6422697368421052,42.54807692307693,1029.807692307693,27.100202429149817,0
1260,4,0,0,45,0.0,0.0,1.0,45,800,600,200,0.75,10,6,4,346.60224011343723,0.8055555555555556,0.279542790832608,0.2002846378446687,130808.47447083423,73.91712780334097,130882.39159863758,1239,2,509.46666666666664,38,7,20,35.39338555265448,0.6247258771929824,44.25747863247863,1022.9700854700853,26.920265407107507,5
1261,4,0,0,45,0.0,0.0,1.0,45,1300,1100,200,0.8461538461538461,15,11,4,347.6696854284179,0.8037878787878788,0.27810467496917646,0.2012468662323719,130874.74093967021,100.2360026041718,130974.97694227438,1240,3,510.46666666666664,39,6,20,35.299064270928774,0.62366452991453,44.192708333333336,1023.2291666666673,26.236645299145316,0
1262,4,0,1,44,0.0,0.022222222222222223,0.9777777777777777,45,1350,1000,350,0.7407407407407407,17,10,7,331.80770626610314,0.8045454545454546,0.15013986568364301,0.19048363991671985,130555.177137587,-333.80533854164713,130221.37179904536,1241,4,511.46666666666664,39,6,13,36.02769425474807,0.6204594017094017,44.50520833333334,1021.9791666666682,26.204594017094056,7
1263,4,1,0,45,0.022222222222222223,0.0,1.0,45,700,500,200,0.7142857142857143,9,5,4,343.85567537425334,0.8026094276094277,0.16844232712574003,0.18593975513797456,128200.04712988617,-149.02660854781715,128051.02052133835,1242,0,512.3555555555556,37,8,18,38.11444348202686,0.6002252252252251,46.82017543859649,1012.7192982456144,27.370791844476063,5
1264,4,0,0,45,0.0,0.0,1.0,45,1450,1100,350,0.7586206896551724,18,11,7,341.0888375545007,0.8028198653198654,0.160290492851904,0.18508525824081878,128338.88942992088,-245.00747826252723,128093.88195165835,1243,1,513.3555555555556,37,8,19,38.04275781841792,0.6016328828828827,46.683114035087726,1013.2675438596502,27.38560929350406,0
1265,4,0,0,45,0.0,0.0,1.0,45,850,400,450,0.47058823529411764,13,4,9,341.5424164482293,0.8021464646464647,0.16028465986271856,0.18558945063086343,128394.44739006252,-229.5700359725875,128164.87735408993,1244,2,514.3555555555556,37,8,15,37.97457084640629,0.6021959459459458,46.62828947368422,1013.4868421052647,27.391536273115264,0
1266,4,1,1,45,0.021739130434782608,0.021739130434782608,0.9782608695652174,46,1300,900,400,0.6923076923076923,17,9,8,332.6720373102957,0.8081521739130435,0.15699392143386293,0.18227733337890373,128725.26584201421,-635.3407118055209,128089.92513020869,1245,0,504.1521739130435,39,7,16,37.862263053445574,0.6020299145299144,46.30208333333335,1014.7916666666692,26.020299145299212,0
1267,4,2,0,47,0.0425531914893617,0.0,1.0,47,1200,1000,200,0.8333333333333334,14,10,4,329.884439666756,0.8113243909959913,0.1782350889431461,0.18293591654247413,129201.3888888892,-875.6944444444091,128325.69444444479,1246,0,494.3829787234043,40,7,18,37.448770491803295,0.6052083333333332,45.83333333333335,1016.6666666666691,25.41666666666673,0
1268,4,2,1,48,0.04081632653061224,0.02040816326530612,0.9795918367346939,49,700,500,200,0.7142857142857143,9,5,4,317.6329401002525,0.82546768707483,0.18060709867732316,0.1780269102673899,129620.41348364008,-1565.6573936361779,128054.7560900039,1247,0,475.16326530612247,42,7,14,37.33526025311637,0.6063988095238094,45.42151162790699,1018.3139534883743,24.245570321151767,0
1269,4,0,0,48,0.0,0.0,1.0,48,1100,800,300,0.7272727272727273,14,8,6,322.8045385152322,0.8186133274231678,0.18881527669524556,0.18085511917687463,129605.14298311916,-1232.5743260267063,128372.56865709246,1248,1,486.0625,41,7,15,37.21908287866979,0.6077235772357723,45.43650793650794,1018.2539682539682,24.835462640340687,0
1270,4,1,1,48,0.02040816326530612,0.02040816326530612,0.9795918367346939,49,1300,900,400,0.6923076923076923,17,9,8,315.0282279633941,0.8239087301587302,0.1944284938309928,0.1777949011896409,129891.90853915027,-1616.0764452256458,128275.83209392463,1249,0,477.1224489795918,42,7,16,37.12670310519646,0.6091269841269842,45.15503875968992,1019.3798449612401,24.270948689553336,0
1271,4,1,0,49,0.02040816326530612,0.0,1.0,49,1000,800,200,0.8,12,8,4,312.31156104580776,0.8283730158730159,0.18895140922738252,0.17726837877365537,130114.25212013996,-1672.7629612102628,128441.4891589297,1246,0,452.61224489795916,42,7,17,36.97110361857728,0.611359126984127,44.93701550387597,1020.2519379844957,24.29171280915466,0
1272,4,1,2,48,0.02,0.04,0.96,50,1400,1100,300,0.7857142857142857,17,11,6,309.71801407074565,0.8343537414965986,0.20328227571115964,0.17753163702778077,130496.11363110569,-1916.3470530309846,128579.7665780747,1247,0,444.54,40,10,11,36.65166434586565,0.6182291666666667,44.56300813008129,1021.7479674796738,25.543699186991844,0
1273,4,1,0,49,0.02040816326530612,0.0,1.0,49,950,500,450,0.5263157894736842,14,5,9,315.5780576802036,0.8279478458049887,0.2076945809937274,0.18054599962730877,130422.14084201372,-1568.3268229166856,128853.81401909703,1248,0,454.40816326530614,39,10,20,36.57667074580189,0.6191239316239316,44.63541666666666,1021.4583333333319,26.19123931623928,0
1274,4,1,1,49,0.02,0.02,0.98,50,1500,1300,200,0.8666666666666667,17,13,4,306.9963996797626,0.8320918367346939,0.2067934044616877,0.17721908626530514,130769.44464128223,-1970.8502614008755,128798.59437988135,1249,0,446.3,41,9,13,36.445602974458446,0.6194105691056911,44.29563492063491,1022.8174603174587,24.946767324816065,0
1275,4,0,0,49,0.0,0.0,1.0,49,950,600,350,0.631578947368421,13,6,7,311.12509831666085,0.8284084467120182,0.20327423215807205,0.17905712180009184,130651.91436975337,-1670.1820592901133,128981.73231046325,1250,2,456.40816326530614,40,9,13,36.45854042412195,0.6197916666666667,44.41056910569105,1022.3577235772351,25.558943089430876,0
1276,4,0,1,48,0.0,0.02040816326530612,0.9795918367346939,49,900,500,400,0.5555555555555556,13,5,8,310.776660739433,0.829046201814059,0.20154607912144096,0.17897675922721418,130677.89019639416,-1677.672330458078,129000.21786593608,1251,3,457.40816326530614,40,9,13,36.44125004141405,0.6200520833333334,44.38516260162601,1022.4593495934945,25.561483739837364,0
1277,4,1,1,48,0.02040816326530612,0.02040816326530612,0.9795918367346939,49,1150,900,250,0.782608695652174,14,9,5,310.23932686036505,0.8276998299319728,0.19324296378595118,0.1792691770480155,130807.80805902547,-1683.6547359376334,129124.15332308784,1252,0,458.2857142857143,40,9,14,36.32401152394195,0.6213541666666668,44.2581300813008,1022.9674796747948,25.574186991869873,0
1278,4,1,2,47,0.02040816326530612,0.04081632653061224,0.9591836734693877,49,1300,900,400,0.6923076923076923,17,9,8,313.47357305973395,0.8284438775510204,0.2085438286127681,0.18174970375846733,130937.79047070185,-1590.8925945204678,129346.89787618138,1253,0,459.265306122449,40,9,15,36.11028365273227,0.6226562500000001,44.131097560975604,1023.4756097560967,25.586890243902417,0
1279,4,0,0,47,0.0,0.0,1.0,47,1250,900,350,0.72,16,9,7,325.11276422205,0.816759173604687,0.21446008137130712,0.18720392019284093,130671.89554569361,-903.3797666009184,129768.51577909269,1254,1,479.4255319148936,38,9,15,36.080851619644754,0.6233552631578947,44.39102564102564,1022.4358974358973,26.906207827260456,0
1280,4,1,2,46,0.020833333333333332,0.041666666666666664,0.9583333333333334,48,1400,800,600,0.5714285714285714,20,8,12,316.7066130029093,0.8217161643026004,0.2105463980463984,0.18395937308466884,131008.00781250012,-1301.7795138888741,129706.22829861124,1255,0,470.4166666666667,39,9,17,35.95679012345679,0.625,44.06250000000001,1023.7500000000009,26.250000000000025,0
1281,4,0,0,46,0.0,0.0,1.0,46,1550,1200,350,0.7741935483870968,19,12,7,333.32390206745015,0.8114734299516908,0.20970387073929841,0.192963936358154,130878.94833025539,-474.9836488150242,130403.96468144037,1256,3,491.5869565217391,37,9,19,35.6617909701386,0.6272522522522522,44.18859649122807,1023.2456140350871,27.655286865813164,0
1282,4,0,1,45,0.0,0.021739130434782608,0.9782608695652174,46,1100,600,500,0.5454545454545454,16,6,10,352.47139838697234,0.8114734299516908,0.182713529022291,0.1876672040060364,127577.25180802093,-197.7688145055215,127379.48299351541,1257,4,492.5869565217391,38,8,18,38.53373519458546,0.5921052631578947,47.43589743589743,1010.2564102564094,26.585695006747613,7
1283,4,1,0,46,0.021739130434782608,0.0,1.0,46,1250,800,450,0.64,17,8,9,355.0398858353446,0.8150966183574879,0.1949913263760772,0.19133378147918387,128063.41428336606,-106.4760026298652,127956.9382807362,1256,0,466.2391304347826,38,8,19,37.97102596580114,0.5970394736842106,46.9551282051282,1012.179487179486,26.636302294197,0
1284,4,4,2,48,0.08,0.04,0.96,50,1000,700,300,0.7,13,7,6,334.1694359815794,0.8435204081632652,0.19800495899294268,0.18462069050067667,129053.65982362848,-1374.842257075886,127678.81756655259,1257,0,429.86,42,8,20,37.4900661199059,0.6006944444444444,45.97868217054264,1016.0852713178302,24.19250645994834,0
1285,4,3,3,48,0.058823529411764705,0.058823529411764705,0.9411764705882353,51,1350,1000,350,0.7407407407407407,17,10,7,327.7810744805472,0.8474509803921569,0.197612364626375,0.18250341923472185,129360.29188368046,-1719.2908856983618,127641.0009979821,1258,0,422.37254901960785,39,12,20,37.34085944433067,0.608440170940171,45.67708333333333,1017.2916666666658,26.08440170940169,0
1286,4,0,0,48,0.0,0.0,1.0,48,1350,900,450,0.6666666666666666,18,9,9,348.3596844583035,0.8314864066193853,0.20317970391117357,0.19229993183487895,129020.64252635659,-610.8819361821734,128409.76059017441,1259,2,449.7708333333333,40,8,20,37.163232303024245,0.6033854166666668,46.011178861788615,1015.9552845528449,25.398882113821124,0
1287,4,1,0,49,0.02040816326530612,0.0,1.0,49,1900,1500,400,0.7894736842105263,23,15,8,343.3064503450737,0.8345734126984127,0.19919352887215092,0.19105302578591732,129340.77222077918,-918.7896562868716,128421.98256449231,1260,0,441.57142857142856,37,12,22,36.965860910495486,0.6117680180180182,45.69627192982455,1017.2149122806994,27.49229492650539,0
1288,4,1,2,48,0.02,0.04,0.96,50,1600,1200,400,0.75,20,12,8,339.2006557349627,0.8369727891156462,0.207157464212679,0.1906541616717201,129731.44531249975,-1199.001736111141,128532.44357638861,1261,0,433.72,39,11,17,36.67348329925014,0.6121794871794874,45.312499999999986,1018.7499999999981,26.121794871794823,0
1289,4,2,2,48,0.04,0.04,0.96,50,1400,700,700,0.5,21,7,14,340.71011526820763,0.8414115646258503,0.1994930498773515,0.19202233685392484,129837.58680555514,-1152.604166666706,128684.98263888844,1262,0,434.66,39,11,17,36.527323521395495,0.6132478632478635,45.208333333333314,1019.1666666666633,26.13247863247855,0
1290,4,1,0,49,0.02040816326530612,0.0,1.0,49,1750,1400,350,0.8,21,14,7,342.38085077807506,0.832624716553288,0.2007198352462649,0.19344822137212347,129935.60209155134,-902.5076019066674,129033.09448964467,1263,0,444.51020408163265,38,11,18,36.385308603164624,0.6159539473684212,45.112179487179475,1019.5512820512798,26.83029689608631,0
1291,4,1,1,49,0.02,0.02,0.98,50,1450,1200,250,0.8275862068965517,17,12,5,331.081845738668,0.8363775510204081,0.19245587184981083,0.1887686544551879,130289.17236328102,-1372.7240668403072,128916.4482964407,1264,0,436.6,39,11,19,36.315278202904445,0.6177884615384617,44.765624999999986,1020.9374999999982,26.177884615384567,0
1292,4,0,0,49,0.0,0.0,1.0,49,1700,1300,400,0.7647058823529411,21,13,8,339.6318871861409,0.8301445578231292,0.19790024388161198,0.19337901583596698,130236.00396050341,-953.5400390625105,129282.4639214409,1265,2,446.51020408163265,39,10,19,36.15090400380991,0.6172542735042736,44.81770833333333,1020.7291666666661,26.172542735042718,0
1293,4,2,2,49,0.0392156862745098,0.0392156862745098,0.9607843137254902,51,1200,700,500,0.5833333333333334,17,7,10,324.7560735729186,0.8400326797385622,0.19180170328395763,0.18677652053001623,130625.94112507413,-1715.6837380171423,128910.25738705698,1266,0,429.96078431372547,40,11,16,36.136378699009164,0.6195312500000001,44.435975609756085,1022.2560975609738,25.556402439024346,0
1294,4,0,0,49,0.0,0.0,1.0,49,1100,600,500,0.5454545454545454,16,6,10,336.18365080007163,0.8307823129251701,0.19602161550054542,0.19207135853402685,130368.94531249997,-1034.4184027777792,129334.52690972219,1267,4,448.51020408163265,39,10,22,36.10431116551068,0.6185897435897436,44.6875,1021.2499999999998,26.18589743589743,0
1295,4,3,3,49,0.057692307692307696,0.057692307692307696,0.9423076923076923,52,1750,1400,350,0.8,21,14,7,321.0474567338669,0.8446769733534438,0.19109871382168286,0.18610884950730505,130931.13864100698,-1992.978186407088,128938.1604545999,1268,0,423.5769230769231,42,10,17,35.92319952029285,0.6195436507936509,44.137596899224796,1023.4496124030994,24.36784791435951,0
1296,4,1,0,50,0.02,0.0,1.0,50,1050,900,150,0.8571428571428571,12,9,3,334.46114377475,0.8285714285714285,0.20198291277568003,0.19326554955434214,130807.808059026,-1249.9741803820186,129557.83387864399,1269,0,441.5,40,10,18,35.70455824889064,0.6213541666666667,44.25813008130083,1022.9674796747992,25.57418699186998,0
1297,4,0,1,49,0.0,0.02,0.98,50,900,500,400,0.5555555555555556,13,5,8,332.2560881746738,0.8286054421768707,0.2065488482922957,0.1927697765031865,130963.79469892275,-1297.2963761649607,129666.49832275779,1270,1,442.5,40,10,19,35.60344684935136,0.6229166666666666,44.10569105691058,1023.577235772359,25.589430894308975,0
1298,4,0,0,49,0.0,0.0,1.0,49,950,600,350,0.631578947368421,13,6,7,338.9549395457726,0.826140873015873,0.21082759683134267,0.19612634088200254,130859.79327781104,-928.8853361094378,129930.9079417016,1271,2,452.38775510204084,40,9,19,35.53709773539929,0.6218749999999998,44.20731707317074,1023.1707317073187,25.57926829268297,0
1299,4,1,2,48,0.02,0.04,0.96,50,1250,700,550,0.56,18,7,11,336.1664254567391,0.8290816326530612,0.24715731370745142,0.1893331111251168,129811.04736328126,-1270.7037333747473,128540.34362990652,1272,0,444.32,39,11,17,36.67001005144979,0.6129807692307692,45.234375,1019.0625000000001,26.129807692307697,2
1300,4,0,0,48,0.0,0.0,1.0,48,1250,800,450,0.64,17,8,9,337.5925279718463,0.8299719267139479,0.2464237057220715,0.19060993502410403,129908.37191358031,-828.7808641975219,129079.59104938278,1273,1,449.8125,38,10,17,36.53496821071753,0.6156798245614035,45.13888888888889,1019.4444444444449,26.827485380116972,0
1301,4,0,0,48,0.0,0.0,1.0,48,1150,1000,150,0.8695652173913043,13,10,3,339.57107039770005,0.8295286643026004,0.2543019905709798,0.19212838571108756,129990.07100820007,-771.8264893344904,129218.24451886558,1274,2,450.8125,38,10,18,36.401693731447544,0.6165021929824561,45.05876068376069,1019.7649572649577,26.835919928025202,0
1302,4,1,1,48,0.02040816326530612,0.02040816326530612,0.9795918367346939,49,1450,700,750,0.4827586206896552,22,7,15,334.3011053600402,0.8342545351473923,0.25340367342668824,0.19100922092866873,130371.67302441761,-1083.03576320401,129288.6372612136,1275,0,442.59183673469386,38,11,18,36.14961467378037,0.6203399122807016,44.68482905982907,1021.2606837606853,26.875281151596983,0
1303,4,2,2,48,0.04,0.04,0.96,50,1550,1100,450,0.7096774193548387,20,11,9,327.6724537161531,0.8442006802721088,0.2536091298145502,0.18849809265945655,130635.03146701395,-1438.8997395833287,129196.13172743062,1276,0,434.7,39,11,17,36.05266286257727,0.6212606837606838,44.427083333333336,1022.2916666666672,26.212606837606852,0
1304,4,1,1,48,0.02040816326530612,0.02040816326530612,0.9795918367346939,49,1250,1100,150,0.88,14,11,3,335.98180529300566,0.8334041950113379,0.26086956521739113,0.19318953804347838,130617.28395061736,-1022.9938271604839,129594.29012345689,1277,0,444.55102040816325,38,11,17,35.85824275362321,0.6228070175438596,44.44444444444445,1022.2222222222229,26.900584795321652,0
1305,4,1,1,48,0.02040816326530612,0.02040816326530612,0.9795918367346939,49,1100,700,400,0.6363636363636364,15,7,8,341.6230288080082,0.8357780612244898,0.27264180507677804,0.19712822512230663,130753.8343400725,-866.2958168967604,129887.53852317574,1278,0,445.53061224489795,38,11,17,35.57596887078241,0.6241776315789472,44.310897435897445,1022.7564102564118,26.91464237516873,0
1306,4,0,0,48,0.0,0.0,1.0,48,1150,700,450,0.6086956521739131,16,7,9,349.68090332756555,0.8292885638297872,0.276062897804477,0.2009695055992335,130598.60365689447,-466.4324599876829,130132.17119690678,1279,7,455.8125,37,11,17,35.52706858327971,0.6244369369369369,44.46271929824562,1022.1491228070179,27.62565196775724,0
1307,4,1,0,49,0.02040816326530612,0.0,1.0,49,1550,1200,350,0.7741935483870968,19,12,7,345.4994865529413,0.8383290816326531,0.2883851098360446,0.20064097455456262,130999.80481591064,-747.9269395134675,130251.87787639718,1280,0,447.48979591836735,38,11,19,35.22816217908581,0.6266447368421052,44.070512820512825,1023.7179487179492,26.939946018893398,0
1308,4,0,0,49,0.0,0.0,1.0,49,1200,800,400,0.6666666666666666,16,8,8,347.46931040203134,0.8375850340136055,0.29037243939929347,0.2023597089619608,131109.19922017684,-688.7153919205145,130420.48382825633,1281,1,448.48979591836735,38,11,19,35.06719869253772,0.6277412280701754,43.96367521367522,1024.1452991452998,26.951192082771048,0
1309,4,0,1,48,0.0,0.02040816326530612,0.9795918367346939,49,1450,1100,350,0.7586206896551724,18,11,7,348.6049607912203,0.8369472789115646,0.2867571473265502,0.20345544546725575,131191.27498584634,-653.2141454817672,130538.06084036457,1282,2,449.48979591836735,38,11,20,34.955200403239836,0.628563596491228,43.88354700854701,1024.4658119658122,26.95962663067927,0
1310,4,1,1,48,0.02040816326530612,0.02040816326530612,0.9795918367346939,49,1250,1000,250,0.8,15,10,5,349.5290733828236,0.8435374149659864,0.28902335404116575,0.20487850321982265,131356.98356718215,-617.2403718520665,130739.74319533008,1283,0,448.7142857142857,36,13,20,34.76418030685854,0.6339699074074073,43.72184684684685,1025.1126126126135,28.475350350350375,0
1311,4,0,0,48,0.0,0.0,1.0,48,1500,900,600,0.6,21,9,12,358.91334523101324,0.8351802600472813,0.2999661246612466,0.21022067363530772,131328.12500000003,-172.91666666666583,131155.20833333337,1284,4,459.0625,35,13,20,34.55284552845527,0.6357142857142857,43.75,1025.0000000000002,29.285714285714292,0
1312,4,0,0,48,0.0,0.0,1.0,48,1700,1100,600,0.6470588235294118,23,11,12,356.7529006517234,0.8331117021276595,0.30098758465011377,0.2096041578099647,131446.78605109724,-221.19555898492536,131225.5904921123,1285,5,460.0625,35,13,20,34.48833709556059,0.6369047619047619,43.63425925925925,1025.4629629629617,29.29894179894176,0
1313,4,0,0,48,0.0,0.0,1.0,48,1050,700,350,0.6666666666666666,14,7,7,356.7529006517234,0.8332040484633569,0.30098758465011377,0.2096041578099647,131446.78605109724,-221.19555898492536,131225.5904921123,1286,6,461.0625,35,13,20,34.48833709556059,0.6369047619047619,43.63425925925925,1025.4629629629617,29.29894179894176,0
1314,4,0,0,48,0.0,0.0,1.0,48,1000,700,300,0.7,13,7,6,355.3408963129992,0.8326315011820331,0.3004044063826674,0.20907266690043905,131501.3239590942,-254.4403356058748,131246.88362348833,1287,7,462.0625,36,12,20,34.46946823305518,0.6354166666666667,43.58108108108108,1025.6756756756756,28.49099099099099,0
1315,4,1,1,48,0.02040816326530612,0.02040816326530612,0.9795918367346939,49,1000,700,300,0.7,13,7,6,348.32809143555244,0.8371598639455783,0.29468576921316436,0.20628690196781002,131749.92696069943,-621.5598790012306,131128.3670816982,1288,0,453.61224489795916,37,12,20,34.398585745309546,0.6359797297297298,43.338815789473685,1026.6447368421052,27.747155049786628,0
1316,4,0,0,48,0.0,0.0,1.0,48,1500,1000,500,0.6666666666666666,20,10,10,359.9827679122706,0.8322621158392435,0.295103092783505,0.21341501156203413,131790.2425229284,-111.55674255335515,131678.68578037503,1289,9,464.0625,36,12,20,34.05877568180157,0.6383101851851851,43.29954954954955,1026.8018018018024,28.52227227227229,0
1317,4,0,0,48,0.0,0.0,1.0,48,1200,900,300,0.75,15,9,6,361.84738060332387,0.8326869089834515,0.29596857427574963,0.21476949092083192,131834.36850761762,-59.21581640505349,131775.15269121257,1290,10,465.0625,37,11,20,33.96638550786534,0.6368243243243243,43.25657894736842,1026.9736842105256,27.756045519203393,0
1318,4,0,1,47,0.0,0.020833333333333332,0.9791666666666666,48,800,500,300,0.625,11,5,6,365.23499376668923,0.8321513002364066,0.29872379986477404,0.21694078545419,131862.52170138882,32.16145833332956,131894.68315972216,1291,11,466.0625,37,11,20,33.85099729546991,0.6371058558558559,43.229166666666664,1027.0833333333328,27.759009009008995,0
1319,4,0,0,47,0.0,0.0,1.0,47,1200,900,300,0.75,15,9,6,373.4286108794269,0.8314831945729263,0.2959680185951423,0.2212182355677541,131761.33639974435,440.6905638746856,132202.02696361905,1292,12,475.5531914893617,36,11,20,33.742824759606584,0.6380208333333334,43.3277027027027,1026.6891891891894,28.51914414414415,0
1320,4,0,0,47,0.0,0.0,1.0,47,950,600,350,0.631578947368421,13,6,7,371.97561799728015,0.8307508479802651,0.2991318626467694,0.22119697440490163,131905.89871966562,413.15563874685705,132319.05435841248,1293,13,476.5531914893617,36,11,20,33.6341171526712,0.6394675925925926,43.18693693693694,1027.2522522522524,28.53478478478479,0
1321,4,0,0,47,0.0,0.0,1.0,47,1350,1000,350,0.7407407407407407,17,10,7,369.7438064441913,0.8309435707678076,0.29521106292150145,0.22010797118056338,131946.99931709736,357.31715527851895,132304.31647237588,1294,14,477.5531914893617,37,10,20,33.64994663820703,0.6379504504504505,43.14692982456139,1027.4122807017527,27.76789947842575,0
1322,4,0,0,47,0.0,0.0,1.0,47,1000,800,200,0.8,12,8,4,368.61077143726874,0.8299799568300955,0.28367281162473,0.220086456780443,132059.67821829786,335.72397276084394,132395.4021910587,1295,15,478.5531914893617,37,10,20,33.565358082639946,0.6390765765765766,43.03728070175438,1027.850877192982,27.77975343764816,0
1323,4,1,1,47,0.020833333333333332,0.020833333333333332,0.9791666666666666,48,1250,1000,250,0.8,15,10,5,362.36815503015197,0.8294917257683215,0.28347800047238314,0.21814960411595788,132371.2036132811,-6.578233506957247,132364.62537977414,1296,0,469.5625,39,9,21,33.41188801160711,0.6386217948717949,42.73437499999999,1029.0624999999989,26.38621794871792,0
1324,4,0,0,47,0.0,0.0,1.0,47,1300,1100,200,0.8461538461538461,15,11,4,363.0966898263013,0.8284381745297563,0.27507582158476995,0.21908031958430513,132455.95838659615,218.86943293590159,132674.82781953205,1297,1,477.8723404255319,36,11,21,33.30780731502754,0.6449652777777778,42.65202702702703,1029.3918918918926,28.594219219219237,0
1325,4,0,0,47,0.0,0.0,1.0,47,800,400,400,0.5,12,4,8,364.555227567245,0.8289777983348751,0.2805885966381858,0.22046911381447687,132542.9145361579,263.8424742309983,132806.75701038892,1298,2,478.8723404255319,36,11,21,33.18273366870807,0.6458333333333334,42.56756756756757,1029.7297297297307,28.60360360360363,0
1326,4,0,0,47,0.0,0.0,1.0,47,550,200,350,0.36363636363636365,9,2,7,364.555227567245,0.8289777983348751,0.2805885966381858,0.22046911381447687,132542.9145361579,263.8424742309983,132806.75701038892,1299,3,479.8723404255319,36,11,21,33.18273366870807,0.6458333333333334,42.56756756756757,1029.7297297297307,28.60360360360363,0
1327,4,0,1,46,0.0,0.02127659574468085,0.9787234042553191,47,950,500,450,0.5263157894736842,14,5,9,362.98479618319203,0.8277443724946038,0.27387656457529386,0.22002796094682947,132629.89921932062,228.52738718447804,132858.4266065051,1300,4,480.8723404255319,36,11,18,33.135636456397364,0.646701388888889,42.483108108108105,1030.0675675675673,28.612987987987978,0
1328,4,0,0,46,0.0,0.0,1.0,46,1250,800,450,0.64,17,8,9,365.48766983232906,0.8276771336553945,0.2547584778571057,0.22257542528112506,132803.95418645005,507.6415520250066,133311.59573847507,1298,5,464.0652173913044,36,10,19,32.89609053497941,0.6484375,42.31418918918919,1030.7432432432438,28.631756756756772,0
1329,4,0,0,46,0.0,0.0,1.0,46,1250,1000,250,0.8,15,10,5,369.61586584264194,0.8253421900161031,0.2588069705730167,0.22613972713779268,132978.12328798388,630.1648354435458,133608.28812342742,1299,6,465.0652173913044,36,10,19,32.61455035120284,0.6501736111111112,42.14527027027027,1031.4189189189185,28.650525525525513,0
1330,4,0,1,45,0.0,0.021739130434782608,0.9782608695652174,46,1300,800,500,0.6153846153846154,18,8,10,369.4924095235911,0.8235104669887279,0.2629945120937194,0.22700147248277003,133132.52635426272,638.2915897198991,133770.81794398263,1300,7,466.0652173913044,37,9,20,32.46254781130471,0.6497747747747749,41.99561403508771,1032.0175438596482,27.89236605026076,0
1331,4,1,0,46,0.021739130434782608,0.0,1.0,46,1100,700,400,0.6363636363636364,15,7,8,369.7708210548778,0.8260668276972625,0.2727201381258826,0.22821111354487805,133302.32018505692,658.2616766697427,133960.58186172665,1301,0,466.89130434782606,37,9,21,32.28480923055142,0.6514639639639639,41.83114035087719,1032.6754385964912,27.910146989094358,0
1332,4,0,0,46,0.0,0.0,1.0,46,1100,600,500,0.5454545454545454,16,6,10,369.2379411090289,0.8251811594202899,0.2670392144195357,0.2285781787864173,133415.57618690372,652.4185326254282,134067.99471952915,1302,1,467.89130434782606,37,9,21,32.184868746904414,0.6525900900900901,41.72149122807018,1033.11403508772,27.922000948316754,0
1333,4,0,0,46,0.0,0.0,1.0,46,600,300,300,0.5,9,3,6,368.54283855837576,0.8247584541062802,0.2591433872043707,0.2286809593806628,133502.12358807013,640.2743620039523,134142.39795007408,1303,2,468.89130434782606,35,11,21,32.11597509986187,0.6574404761904762,41.63773148148148,1033.449074074074,29.5271164021164,0
1334,4,0,0,46,0.0,0.0,1.0,46,1400,1000,400,0.7142857142857143,18,10,8,370.6876445763957,0.8242954911433172,0.2655065648230637,0.23038353192148858,133561.9363667053,701.9519193672897,134263.88828607262,1304,3,469.89130434782606,35,11,21,32.00054585152839,0.6580357142857143,41.579861111111114,1033.6805555555559,29.53373015873017,0
1335,4,0,0,46,0.0,0.0,1.0,46,900,600,300,0.6666666666666666,12,6,6,369.60995813940696,0.8231280193236715,0.266286098052384,0.23027164337639205,133651.68065200618,679.7984182098793,134331.47907021607,1305,4,470.89130434782606,35,11,21,31.93838146406985,0.6589285714285713,41.49305555555556,1034.0277777777778,29.543650793650794,0
1336,4,0,0,46,0.0,0.0,1.0,46,1350,1000,350,0.7407407407407407,17,10,7,371.4247105986216,0.8231280193236715,0.2596148234607527,0.23253059613107005,133831.25964506192,741.6473765432359,134572.90702160515,1306,5,471.89130434782606,35,11,18,31.711409395973163,0.6607142857142856,41.31944444444446,1034.7222222222238,29.563492063492106,0
1337,4,1,0,47,0.02127659574468085,0.0,1.0,47,1400,900,500,0.6428571428571429,19,9,10,364.7886387528717,0.8272432932469934,0.2615335887233807,0.23104954180610343,134258.85080604273,395.2206852122586,134654.071491255,1307,0,462.82978723404256,36,11,19,31.455096164294247,0.6629050925925926,40.90653153153154,1036.3738738738755,28.78816316316321,0
1338,4,0,0,47,0.0,0.0,1.0,47,700,500,200,0.7142857142857143,9,5,4,363.26467984188264,0.8264724020968238,0.25925737608682553,0.23063549259478455,134346.39665002862,360.6601533966619,134707.05680342528,1308,1,463.82978723404256,36,11,19,31.407053370989924,0.6637731481481481,40.82207207207208,1036.7117117117134,28.797547547547595,0
1339,4,0,0,47,0.0,0.0,1.0,47,850,700,150,0.8235294117647058,10,7,3,363.26467984188264,0.8264724020968238,0.25925737608682553,0.23063549259478455,134346.39665002862,360.6601533966619,134707.05680342528,1309,2,464.82978723404256,36,11,19,31.407053370989924,0.6637731481481481,40.82207207207208,1036.7117117117134,28.797547547547595,0
1340,4,0,0,47,0.0,0.0,1.0,47,1350,1000,350,0.7407407407407407,17,10,7,362.95339695462127,0.8259327782917052,0.25869235230105625,0.2309908661060891,134433.9710276155,358.65329011444436,134792.62431772996,1310,3,465.82978723404256,36,11,19,31.327596192130883,0.6646412037037037,40.737612612612615,1037.04954954955,28.806931931931942,0
1341,4,0,1,46,0.0,0.02127659574468085,0.9787234042553191,47,1450,1100,350,0.7586206896551724,18,11,7,361.0819687801407,0.8240440949737896,0.25968978452908886,0.2311079239151692,134640.85708429784,323.3278772508397,134964.1849615487,1311,4,466.82978723404256,35,12,20,31.169496487119435,0.66875,40.53819444444444,1037.8472222222222,29.652777777777775,0
1342,4,0,0,46,0.0,0.0,1.0,46,600,400,200,0.6666666666666666,8,4,4,362.44639479373967,0.8220410628019323,0.25136717992475655,0.23217280489359,134670.88906035668,562.1956447187946,135233.08470507548,1312,5,472.5217391304348,35,11,20,31.10411091287541,0.669047619047619,40.50925925925926,1037.962962962963,29.65608465608466,0
1343,4,0,0,46,0.0,0.0,1.0,46,1050,800,250,0.7619047619047619,13,8,5,361.7368929849048,0.820450885668277,0.2590624121859284,0.23287136855427076,134851.15124528456,556.1272933813402,135407.2785386659,1313,6,473.5217391304348,35,11,16,30.94263056236536,0.6708333333333334,40.335648148148145,1038.657407407407,29.675925925925913,0
1344,4,0,0,46,0.0,0.0,1.0,46,1150,700,450,0.6086956521739131,16,7,9,365.2346621457418,0.8200080515297907,0.2567222068885373,0.23610093818622158,135001.4618296683,661.4426601080363,135662.90448977632,1314,7,474.5217391304348,35,11,16,30.7018459739392,0.6723214285714285,40.19097222222223,1039.2361111111118,29.692460317460338,0
1345,4,0,0,46,0.0,0.0,1.0,46,1650,1100,550,0.6666666666666666,22,11,11,370.9975561540887,0.818719806763285,0.26345271956811955,0.24163232135601095,135272.231867284,837.1334876543251,136109.36535493832,1315,8,475.5217391304348,35,11,18,30.2820427236315,0.6749999999999999,39.93055555555556,1040.277777777778,29.72222222222223,0
1346,4,0,0,46,0.0,0.0,1.0,46,1400,900,500,0.6428571428571429,19,9,10,370.93149205261284,0.8174919484702093,0.25971623797710697,0.24219644481082392,135362.54882812515,842.0464409722381,136204.5952690974,1316,9,476.5217391304348,35,11,18,30.19373540206873,0.6758928571428571,39.84375000000001,1040.6250000000011,29.73214285714289,0
1347,4,0,0,46,0.0,0.0,1.0,46,1400,1000,400,0.7142857142857143,18,10,8,371.7460201871809,0.8168478260869565,0.26050208881324455,0.24293170156418104,135392.66117969825,866.336591220854,136258.99777091912,1317,10,477.5217391304348,35,11,18,30.142534104389078,0.6761904761904761,39.81481481481482,1040.740740740741,29.735449735449745,0
1348,4,0,0,46,0.0,0.0,1.0,46,1400,800,600,0.5714285714285714,20,8,12,399.08590632220154,0.8168478260869565,0.3385129174543162,0.2365715424074904,131786.11288265296,1346.7131554267703,133132.82603807974,1318,11,478.5217391304348,34,12,19,33.059178743961354,0.6424632352941178,43.30357142857142,1026.7857142857135,30.199579831932752,6
1349,4,0,0,46,0.0,0.0,1.0,46,1300,900,400,0.6923076923076923,17,9,8,398.06787931651627,0.8151972624798712,0.34072669547579126,0.23644272831691884,131862.52170138896,1298.0468750000105,133160.56857638896,1319,12,479.5217391304348,35,11,19,33.0079445571332,0.6410714285714285,43.22916666666667,1027.083333333334,29.345238095238113,0
1350,4,0,0,46,0.0,0.0,1.0,46,1600,1100,500,0.6875,21,11,10,394.6712704072054,0.8142914653784219,0.33705539011316166,0.2352302640408722,131992.67415642014,1218.7432787517405,133211.41743517187,1320,13,480.5217391304348,36,10,20,32.963470319634695,0.6403356481481481,43.102477477477485,1027.5900900900915,28.54416916916921,0
1351,4,0,0,46,0.0,0.0,1.0,46,1350,1000,350,0.7407407407407407,17,10,7,394.60193677042736,0.8142914653784219,0.33584255648649974,0.2361316120674091,132144.21895438991,1228.8729464835499,133373.09190087346,1321,14,481.5217391304348,37,9,20,32.81200010664393,0.6399211711711711,42.95504385964913,1028.1798245614045,27.788643907064987,0
1352,4,0,1,45,0.0,0.021739130434782608,0.9782608695652174,46,1400,1100,300,0.7857142857142857,17,11,6,392.89285187431324,0.8147544283413849,0.33664847738074233,0.23669398637306224,132398.0034722224,1203.6458333333508,133601.64930555574,1322,15,482.5217391304348,37,9,21,32.59952766531714,0.6424549549549547,42.70833333333334,1029.166666666668,27.815315315315353,0
1353,4,0,0,45,0.0,0.0,1.0,45,1150,800,350,0.6956521739130435,15,8,7,399.8249388696011,0.8146043771043772,0.33469555606960166,0.24106599870757148,132428.6352040818,1589.6541950113565,134018.28939909316,1323,16,471.8,34,11,21,32.390218983730435,0.6488970588235292,42.67857142857144,1029.2857142857156,30.27310924369752,0
1354,4,0,0,45,0.0,0.0,1.0,45,1450,900,550,0.6206896551724138,20,9,11,396.0689113618079,0.8138047138047139,0.3272345845508351,0.23974293695900473,132576.7385223767,1501.9048996913698,134078.64342206807,1324,17,472.8,35,10,22,32.33732299393122,0.6482142857142856,42.53472222222223,1029.8611111111122,29.424603174603206,0
1355,4,0,0,45,0.0,0.0,1.0,45,1550,1200,350,0.7741935483870968,19,12,7,383.9573799603849,0.8152356902356903,0.3275176002448723,0.22039299324101813,130550.14209733398,1031.1662662099234,131581.3083635439,1325,18,473.8,36,9,15,34.700413223140494,0.6258680555555556,44.510135135135144,1021.9594594594608,28.3877627627628,8
1356,4,1,0,46,0.021739130434782608,0.0,1.0,46,1400,800,600,0.5714285714285714,20,8,12,376.7016095661486,0.8208333333333333,0.3319997167540001,0.21820263044680735,130901.38888888927,662.1527777778172,131563.5416666671,1326,0,464.4782608695652,39,7,17,34.52938382193268,0.6239316239316237,44.166666666666686,1023.3333333333363,26.239316239316317,0
1357,4,0,0,46,0.0,0.0,1.0,46,1350,1000,350,0.7407407407407407,17,10,7,370.9759709569282,0.8213365539452496,0.3265734884338085,0.21578069789979973,131061.3335503476,524.1210937500385,131585.45464409763,1327,1,465.4782608695652,39,7,18,34.513818243472386,0.6255341880341878,44.010416666666686,1023.9583333333363,26.255341880341955,0
1358,4,0,0,46,0.0,0.0,1.0,46,1100,900,200,0.8181818181818182,13,9,4,366.6799468545634,0.8215982286634461,0.3212098567821744,0.21372637329110442,131141.34250217053,417.380099826428,131558.72260199697,1328,2,466.4782608695652,39,7,18,34.54280229838299,0.62633547008547,43.932291666666686,1024.2708333333364,26.26335470085478,0
1359,4,0,1,45,0.0,0.021739130434782608,0.9782608695652174,46,1550,1100,450,0.7096774193548387,20,11,9,365.146983106539,0.8238325281803542,0.3196838667768458,0.21372285346729586,131301.43364800373,388.8644748264116,131690.29812283014,1329,3,467.4782608695652,39,7,18,34.420101128163424,0.6279380341880341,43.77604166666668,1024.8958333333355,26.279380341880398,0
1360,4,0,0,45,0.0,0.0,1.0,45,1100,800,300,0.7272727272727273,14,8,6,361.84661491405836,0.8233164983164983,0.3092214348571172,0.21224206092391792,131382.88498064116,508.09043757759554,131890.97541821876,1330,4,472.8888888888889,38,7,18,34.42232874808949,0.630482456140351,43.696581196581185,1025.2136752136732,26.979307242465087,0
1361,4,0,0,45,0.0,0.0,1.0,45,1000,300,700,0.3,17,3,14,364.08224068699485,0.8226430976430977,0.3118473756106599,0.21385932350757472,131437.65637555678,570.8232887719755,132008.47966432874,1331,5,473.8888888888889,38,7,18,34.30966520802943,0.6310307017543861,43.64316239316238,1025.4273504273483,26.984930274403904,0
1362,4,0,0,45,0.0,0.0,1.0,45,950,700,250,0.7368421052631579,12,7,5,360.6018455291235,0.8226010101010102,0.3082919603282066,0.21227089631668358,131519.8348696944,485.25903553945477,132005.09390523387,1332,6,474.8888888888889,38,7,18,34.315869874665815,0.6318530701754387,43.56303418803417,1025.7478632478612,26.993364822312138,0
1363,4,0,0,45,0.0,0.0,1.0,45,1100,800,300,0.7272727272727273,14,8,6,359.68609324068626,0.8219276094276095,0.3043778055439865,0.21218828252355937,131602.0390459491,467.08465738911775,132069.1237033382,1333,7,475.8888888888889,38,7,16,34.25634284325973,0.6326754385964914,43.48290598290597,1026.0683760683742,27.001799370220372,0
1364,4,0,0,45,0.0,0.0,1.0,45,850,600,250,0.7058823529411765,11,6,5,351.88211115173635,0.8226010101010102,0.2324490427554493,0.20143046590531066,130444.20070725103,193.39104748908073,130637.59175474012,1334,8,476.8888888888889,40,5,16,35.627238360525276,0.6177083333333333,44.613821138211385,1021.544715447155,25.538617886178876,5
1365,4,1,0,46,0.021739130434782608,0.0,1.0,46,1100,700,400,0.6363636363636364,15,7,8,344.8320257602513,0.8283212560386474,0.23490408462823287,0.19879913431413146,130718.71456916099,-184.80017006802956,130533.91439909296,1335,0,467.5,41,5,16,35.52944315095072,0.6189024390243902,44.345238095238095,1022.6190476190476,24.94192799070848,0
1366,4,0,0,46,0.0,0.0,1.0,46,1100,800,300,0.7272727272727273,14,8,6,345.43805551608466,0.8289452495974236,0.23061437864409173,0.19980385117988675,130845.55820302657,-160.19296028596568,130685.3652427406,1336,1,468.5,41,5,16,35.385658069103734,0.6201727642276422,44.22123015873016,1023.1150793650792,24.95402632597754,0
1367,4,0,0,46,0.0,0.0,1.0,46,1000,800,200,0.8,12,8,4,347.29533932088793,0.8292471819645733,0.23147664244651667,0.2012752090131615,130921.69390904499,-106.30117787857091,130815.39273116642,1337,2,469.5,41,5,16,35.261163887811804,0.6209349593495934,44.14682539682539,1023.4126984126975,24.961285327138963,0
1368,4,1,0,47,0.02127659574468085,0.0,1.0,47,1600,1200,400,0.75,20,12,8,337.5853402622157,0.8335260561208757,0.228380330718865,0.19721698275871066,131228.822073493,-539.8146896220351,130689.00738387098,1338,0,460.48936170212767,42,5,17,35.199546056364674,0.6225198412698414,43.846899224806194,1024.6124031007737,24.395533407161277,0
1369,4,0,0,47,0.0,0.0,1.0,47,1100,700,400,0.6363636363636364,15,7,8,337.6894078105656,0.8342969472710453,0.22766520745485574,0.1975333615599854,131278.46884201647,-533.7303196923469,130744.73852232413,1339,1,461.48936170212767,42,5,17,35.14679462934945,0.6230158730158731,43.79844961240309,1024.8062015503858,24.400147655961568,0
1370,4,0,0,47,0.0,0.0,1.0,47,1350,800,550,0.5925925925925926,19,8,11,336.43747403202667,0.8326009867406722,0.22523669949180758,0.19759337095361773,131432.3123223612,-556.2301882957313,130876.08213406547,1340,2,462.48936170212767,40,7,18,35.02374463164849,0.6276041666666666,43.648373983739845,1025.4065040650419,25.635162601626046,0
1371,4,0,0,47,0.0,0.0,1.0,47,850,600,250,0.7058823529411765,11,6,5,334.28626308767485,0.8323697193956213,0.2221805295854935,0.19673185150693306,131510.47992473064,-607.570621819026,130902.9093029116,1341,3,463.48936170212767,40,7,18,35.00012384821163,0.6283854166666667,43.572154471544714,1025.711382113821,25.642784552845523,0
1372,4,1,0,48,0.020833333333333332,0.0,1.0,48,1650,1200,450,0.7272727272727273,21,12,9,327.90069432403817,0.8326499704491725,0.2251976459601326,0.1945043029769697,131811.58002842346,-955.7782777462828,130855.80175067717,1342,0,454.8125,41,7,14,34.86086287959295,0.6298272357723577,43.27876984126984,1026.884920634921,25.045973674022463,0
1373,4,0,0,48,0.0,0.0,1.0,48,950,600,350,0.631578947368421,13,6,7,330.4519588411487,0.8320220153664303,0.2321201512956701,0.19654394220563454,131913.47321625415,-881.7868756298768,131031.68634062428,1343,1,455.8125,41,7,15,34.692881860614825,0.6308434959349594,43.179563492063494,1027.2817460317465,25.055652342237718,0
1374,4,0,1,47,0.0,0.020833333333333332,0.9791666666666666,48,850,400,450,0.47058823529411764,13,4,9,330.2578217567628,0.8307845744680851,0.22952816547214905,0.19674460347801756,131974.50949462177,-882.8771933777996,131091.63230124398,1344,2,456.8125,42,6,15,34.63649723374828,0.6299603174603174,43.12015503875969,1027.5193798449616,24.464747139165752,0
1375,4,0,1,46,0.0,0.02127659574468085,0.9787234042553191,47,1450,1100,350,0.7586206896551724,18,11,7,331.76805724170026,0.8255858772741288,0.22510247901620106,0.19732672215610614,131913.47321625415,-647.0646534076546,131266.40856284648,1345,3,467.40425531914894,41,6,15,34.65908176404313,0.6308434959349594,43.179563492063494,1027.2817460317465,25.055652342237718,0
1376,4,0,0,46,0.0,0.0,1.0,46,950,600,350,0.631578947368421,13,6,7,344.2191457555396,0.8194645732689211,0.24531236787175126,0.19204322300890142,129439.78000217001,-218.82756032101207,129220.952441849,1346,4,478.3478260869565,39,7,17,36.84198740915142,0.6092414529914532,45.59895833333333,1017.6041666666656,26.092414529914503,8
1377,4,1,0,47,0.02127659574468085,0.0,1.0,47,1300,800,500,0.6153846153846154,18,8,10,338.5446607919104,0.8241211840888066,0.24757255796678468,0.1903483019875997,129744.38707325333,-615.1460977262273,129129.2409755271,1347,0,469.1489361702128,40,7,19,36.677057356608465,0.6106770833333334,45.29979674796748,1018.8008130081299,25.470020325203247,0
1378,4,0,0,47,0.0,0.0,1.0,47,900,600,300,0.6666666666666666,12,6,6,335.98843063912483,0.8246608078939254,0.2402549457264347,0.18928606642972703,129822.05119307281,-676.258551457475,129145.79264161534,1348,1,470.1489361702128,40,7,19,36.66338419093206,0.6114583333333334,45.22357723577235,1019.1056910569098,25.477642276422745,0
1379,4,0,0,47,0.0,0.0,1.0,47,1200,700,500,0.5833333333333334,17,7,10,333.2474041599579,0.8247378970089423,0.23589619600257916,0.18823974991738132,129925.63950029723,-740.5235805407078,129185.11591975651,1349,2,471.1489361702128,40,7,19,36.62820640616691,0.6125000000000002,45.121951219512184,1019.5121951219495,25.48780487804874,0
1380,4,0,0,47,0.0,0.0,1.0,47,1300,700,600,0.5384615384615384,19,7,12,329.9439244251422,0.8235044711686709,0.23012497749411853,0.18689550892643975,130034.82187145665,-819.1601119614726,129215.66175949517,1350,3,472.1489361702128,41,6,19,36.60180186752264,0.6120426829268294,45.01488095238094,1019.940476190474,24.876596980255464,0
1381,4,0,0,47,0.0,0.0,1.0,47,1650,1300,350,0.7878787878787878,20,13,7,334.3334549821823,0.8236971939562133,0.23165550365917742,0.18999745403020563,130161.33334120664,-696.54234378939,129464.79099741725,1351,4,473.1489361702128,41,6,19,36.36172143366387,0.6133130081300815,44.890873015873005,1020.4365079365062,24.888695315524544,0
1382,4,1,1,47,0.020833333333333332,0.020833333333333332,0.9791666666666666,48,1950,1400,550,0.717948717948718,25,14,11,330.60758933973057,0.8248005319148936,0.2438861113807722,0.18972639430576954,130541.23682169619,-968.3759093915442,129572.86091230465,1352,0,464.2708333333333,41,7,16,36.07244846778629,0.6171239837398375,44.5188492063492,1021.9246031746026,24.92499032133177,0
1383,4,1,1,47,0.020833333333333332,0.020833333333333332,0.9791666666666666,48,1600,1100,500,0.6875,21,11,10,332.8330761938489,0.8272754137115839,0.24394170787679004,0.19251304064986893,130845.55820302655,-890.0540713970781,129955.50413162947,1353,0,459.9583333333333,41,7,18,35.70806667959534,0.6201727642276422,44.22123015873016,1023.115079365079,24.954026325977537,0
1384,4,0,0,47,0.0,0.0,1.0,47,900,500,400,0.5555555555555556,13,5,8,339.9742506813549,0.8239670058587727,0.2415153706593589,0.1959233052895644,130703.86860499704,-512.8100419723719,130191.05856302466,1354,2,470.74468085106383,40,7,18,35.66864606108793,0.6203125,44.359756097560975,1022.5609756097563,25.564024390243908,0
1385,4,0,1,46,0.0,0.02127659574468085,0.9787234042553191,47,1050,700,350,0.6666666666666666,14,7,7,339.52289877051004,0.8239670058587727,0.24386982272943003,0.19599558154109498,130769.44464128237,-520.1558169564194,130249.28882432595,1355,3,471.74468085106383,41,6,18,35.61388619463305,0.619410569105691,44.29563492063492,1022.8174603174598,24.946767324816093,0
1386,4,1,0,47,0.02127659574468085,0.0,1.0,47,1050,700,350,0.6666666666666666,14,7,7,340.08162337323967,0.8294788775824853,0.2492719212005421,0.19800691472543458,131099.43000637766,-483.0986040249304,130616.33140235273,1356,0,466.70212765957444,41,6,20,35.26621379443961,0.6227134146341463,43.97321428571429,1024.1071428571436,24.978222996515697,0
1387,4,0,0,47,0.0,0.0,1.0,47,700,400,300,0.5714285714285714,10,4,6,340.37276140076386,0.8286694418748072,0.2556158591615467,0.19857000758329327,131175.63952664414,-470.2770691609787,130705.36245748316,1357,1,467.70212765957444,41,6,20,35.18182258376913,0.6234756097560974,43.89880952380953,1024.404761904763,24.985481997677148,0
1388,4,2,1,48,0.04081632653061224,0.02040816326530612,0.9795918367346939,49,1300,1000,300,0.7692307692307693,16,10,6,307.6043617387973,0.842155612244898,0.17339152299669203,0.17162598500753448,129442.18911415282,-1830.7575186582944,127611.43159549452,1358,0,449.57142857142856,43,6,14,37.771031081332616,0.6031976744186047,45.59659090909091,1017.6136363636358,23.665433403805483,7
1389,4,2,1,49,0.04,0.02,0.98,50,1350,900,450,0.6666666666666666,18,9,9,306.2649025132317,0.8469727891156462,0.19742844161744744,0.17240129167049156,129790.40745027408,-2049.950703017855,127740.45674725623,1359,0,441.5,44,6,16,37.45267302741177,0.6053503787878789,45.25462962962962,1018.9814814814794,23.158670033669985,0
1390,4,0,0,49,0.0,0.0,1.0,49,1000,500,500,0.5,15,5,10,311.50106916614703,0.8427579365079365,0.213495824870233,0.1754088438145947,129803.80980436452,-1713.194892820261,128090.61491154425,1360,1,451.265306122449,43,6,16,37.30572205185393,0.6068313953488373,45.241477272727266,1019.0340909090896,23.698467230443946,0
1391,4,1,0,50,0.02,0.0,1.0,50,1400,800,600,0.5714285714285714,20,8,12,312.36984589754314,0.8472789115646259,0.22865306122448992,0.17797816801139044,130262.5868055552,-1860.3605300161057,128402.2262755391,1361,0,443.22,42,8,17,36.81972789115645,0.6128472222222223,44.79166666666665,1020.8333333333305,24.30555555555549,0
1392,4,0,1,49,0.0,0.02,0.98,50,1200,700,500,0.5833333333333334,17,7,10,310.62685914933587,0.847908163265306,0.22931106471816398,0.17732317669099096,130336.78583768969,-1902.778716723787,128434.0071209659,1362,1,444.22,42,8,18,36.78927848421585,0.61359126984127,44.718992248062,1021.1240310077491,24.31247692875593,0
1393,4,0,0,49,0.0,0.0,1.0,49,1250,800,450,0.64,17,8,9,316.9715802094851,0.8471159297052154,0.2358401425086165,0.1811757296858984,130386.2635959375,-1534.2519980770626,128852.01159786044,1363,2,453.8775510204082,42,7,19,36.57732447817837,0.6140873015873016,44.670542635658904,1021.3178294573624,24.31709117755625,0
1394,4,1,1,49,0.02,0.02,0.98,50,1300,800,500,0.6153846153846154,18,8,10,315.2861754400234,0.8524149659863945,0.2369947227108602,0.18200994018854588,130770.59771184863,-1753.9676774850725,129016.63003436357,1364,0,445.78,43,7,17,36.232466901212845,0.6165213178294573,44.29450757575758,1022.8219696969699,23.786557434813254,0
1395,4,0,0,49,0.0,0.0,1.0,49,1350,1000,350,0.7407407407407407,17,10,7,319.24890509458356,0.8451672335600907,0.23548951555989484,0.18423576781155435,130757.64607182566,-1451.1529317649151,129306.49314006075,1365,4,455.8775510204082,42,7,17,36.144204958155676,0.6178075396825395,44.30717054263566,1022.7713178294578,24.351698043558518,0
1396,4,0,0,49,0.0,0.0,1.0,49,1300,900,400,0.6923076923076923,17,9,8,317.6697254395547,0.8448837868480726,0.23307100618024967,0.18355989553724028,130807.20364048143,-1489.302306802464,129317.90133367896,1366,5,456.8775510204082,42,7,17,36.13459473966721,0.6183035714285714,44.25872093023256,1022.9651162790705,24.35631229235882,0
1397,4,0,0,49,0.0,0.0,1.0,49,1150,900,250,0.782608695652174,14,9,5,307.09051160116894,0.8443877551020409,0.09407383081592835,0.17186517908506857,129562.67329724811,-1728.1944966005526,127834.47880064756,1367,6,457.8775510204082,43,6,15,37.662097324279934,0.6044089147286821,45.4782196969697,1018.0871212121217,23.67644467935167,8
1398,4,2,1,50,0.0392156862745098,0.0196078431372549,0.9803921568627451,51,1250,900,350,0.72,16,9,7,297.1903822582576,0.850686274509804,0.10505930767368699,0.16805721616197056,129968.6297532821,-2474.9146484080243,127493.71510487408,1368,0,440.88235294117646,46,5,16,37.50380368631543,0.6046195652173912,45.079787234042556,1019.6808510638303,22.166975023126746,0
1399,4,3,2,51,0.05660377358490566,0.03773584905660377,0.9622641509433962,53,1500,1000,500,0.6666666666666666,20,10,10,290.52507323135507,0.8579462989840348,0.13278710595657128,0.16666964727482997,130528.56445312499,-3015.3037968490653,127513.26065627592,1369,0,425.188679245283,47,6,13,37.109242269792745,0.6090425531914894,44.53125,1021.8749999999999,21.742021276595743,0
1400,4,0,1,50,0.0,0.0196078431372549,0.9803921568627451,51,800,500,300,0.625,11,5,6,297.7092877967517,0.8519934640522877,0.11988795518207351,0.1696250593260561,130262.58680555545,-2443.9236111111163,127818.66319444434,1370,1,442.8627450980392,45,6,18,37.19387755102042,0.6087962962962963,44.791666666666664,1020.8333333333325,22.685185185185166,0
1401,4,0,1,49,0.0,0.02,0.98,50,1950,1300,650,0.6666666666666666,26,13,13,290.4466430874668,0.8493197278911564,0.12375339981867661,0.16599100897693064,130380.76560356663,-2421.928583676257,127958.83701989037,1371,2,452.5,44,6,17,37.26012390450286,0.6112689393939392,44.67592592592593,1021.2962962962971,23.211279461279478,1
1402,4,0,0,49,0.0,0.0,1.0,49,1600,1000,600,0.625,22,10,12,290.6768132148739,0.8444586167800454,0.11771028886331991,0.16603065432781772,130359.27456381998,-2221.516299357211,128137.75826446277,1372,3,462.6734693877551,43,6,17,37.27590257171118,0.6124031007751938,44.696969696969695,1021.2121212121209,23.7491190979563,0
1403,4,0,0,49,0.0,0.0,1.0,49,1150,800,350,0.6956521739130435,15,8,7,290.70805090209325,0.843891723356009,0.11874149975125836,0.16656660441756177,130480.18470392864,-2213.6719646751476,128266.51273925349,1373,4,463.6734693877551,43,6,17,37.15329270553341,0.6136143410852712,44.57859848484849,1021.6856060606073,23.760130373502495,0
1404,4,0,0,49,0.0,0.0,1.0,49,1400,900,500,0.6428571428571429,19,9,10,290.8783209771868,0.8441043083900227,0.11677689419291859,0.16718533528369314,130601.15089101257,-2202.1913022267954,128398.95958878577,1374,5,464.6734693877551,43,6,12,37.027129269347164,0.6148255813953488,44.46022727272728,1022.1590909090924,23.77114164904866,0
1405,4,0,0,49,0.0,0.0,1.0,49,1100,800,300,0.7272727272727273,14,8,6,289.85914495603475,0.8423681972789115,0.12113366505968992,0.16712167145649867,130722.17312507179,-2221.796534234385,128500.3765908374,1375,6,465.6734693877551,43,6,12,36.931370960274094,0.6160368217054264,44.34185606060606,1022.6325757575761,23.782152924594794,0
1406,4,2,1,50,0.0392156862745098,0.0196078431372549,0.9803921568627451,51,1450,1100,350,0.7586206896551724,18,11,7,290.1584852705559,0.8493137254901961,0.15796497138717602,0.16974421418568097,131281.70700089275,-2581.4997505775996,128700.20725031516,1376,0,448.37254901960785,45,6,14,36.361292793589065,0.6189814814814815,43.79528985507247,1024.818840579711,22.773752012882465,0
1407,4,0,0,50,0.0,0.0,1.0,50,1450,900,550,0.6206896551724138,20,9,11,297.53641065901763,0.8415986394557823,0.16695581458389785,0.17394799032030364,131256.95408950615,-2189.2554012345718,129067.69868827157,1377,1,458.0,44,6,15,36.19714014638113,0.6200284090909092,43.81944444444444,1024.7222222222222,23.28914141414141,0
1408,4,0,0,50,0.0,0.0,1.0,50,1200,800,400,0.6666666666666666,16,8,8,296.15876841038556,0.8417006802721089,0.16323967838106412,0.17335702842594145,131304.39921982147,-2222.6101680384295,129081.78905178304,1378,2,459.0,44,6,15,36.18476526033667,0.620501893939394,43.77314814814814,1024.9074074074058,23.29335016835013,0
1409,4,0,1,49,0.0,0.02,0.98,50,1100,700,400,0.6363636363636364,15,7,8,294.3792969187528,0.8415306122448979,0.16482771362586623,0.17253145041394125,131352.3922194242,-2266.51288262289,129085.8793368013,1379,3,460.0,43,7,15,36.18215935334873,0.6223352713178295,43.72632575757575,1025.0946969696956,23.839411557434783,0
1410,4,1,3,47,0.02,0.06,0.94,50,1250,1000,250,0.8,15,10,5,294.6100693202122,0.841734693877551,0.15926308985132587,0.17310539558700905,131449.4835159119,-2254.731709854222,129194.75180605768,1380,0,460.56,43,7,16,36.078758426447514,0.6233042635658915,43.63162878787879,1025.4734848484845,23.848220577871732,0
1411,4,1,1,47,0.020833333333333332,0.020833333333333332,0.9791666666666666,48,900,600,300,0.6666666666666666,12,6,6,302.4765668878315,0.8373411643026004,0.15596059346059388,0.17762525143213265,131427.4654843457,-1649.2542891052356,129778.21119524048,1381,0,465.7291666666667,42,6,17,35.89920777420776,0.6245039682539684,43.65310077519379,1025.3875968992236,24.413990402362465,0
1412,4,0,0,47,0.0,0.0,1.0,47,1100,800,300,0.7272727272727273,14,8,6,307.11849696979914,0.8336416897934011,0.1595652039650437,0.18024245690987362,131404.40095308961,-1328.655576814052,130075.74537627556,1382,6,476.63829787234044,41,6,17,35.80339864537978,0.6257621951219512,43.67559523809524,1025.2976190476195,25.00725900116145,0
1413,4,0,0,47,0.0,0.0,1.0,47,1150,1000,150,0.8695652173913043,13,10,3,310.53907603336944,0.8326009867406722,0.16352871692188065,0.18273554394473573,131506.13667052472,-1232.4411651234489,130273.69550540127,1383,7,477.63829787234044,41,6,17,35.61343376213046,0.6267784552845528,43.57638888888889,1025.6944444444448,25.016937669376702,0
1414,4,0,0,47,0.0,0.0,1.0,47,1650,1200,450,0.7272727272727273,21,12,9,311.9061589892386,0.8315988282454517,0.1501209458458801,0.18415281441693418,131633.36167800464,-1188.5487528344604,130444.81292517018,1384,8,478.63829787234044,41,6,14,35.45050270688321,0.6280487804878048,43.452380952380956,1026.190476190477,25.029036004645782,0
1415,4,0,0,47,0.0,0.0,1.0,47,1300,700,600,0.5384615384615384,19,7,12,314.05793073451696,0.8310206598828245,0.1550319385365635,0.18604381941451137,131760.64819735757,-1123.904694979851,130636.74350237772,1385,9,479.63829787234044,41,6,14,35.26739701098335,0.629319105691057,43.32837301587301,1026.6865079365073,25.041134339914812,0
1416,4,0,0,47,0.0,0.0,1.0,47,1650,1000,650,0.6060606060606061,23,10,13,318.9360978363227,0.8295174221399938,0.1688237771864758,0.1896946176390076,131913.47321625415,-985.6063200743217,130927.86689617982,1386,10,480.63829787234044,41,6,14,34.98863270561724,0.6308434959349594,43.179563492063494,1027.2817460317465,25.055652342237718,0
1417,4,0,1,46,0.0,0.02127659574468085,0.9787234042553191,47,1100,800,300,0.7272727272727273,14,8,6,319.1798660188144,0.8291705211224174,0.1691609539441925,0.19009464475887639,131964.434573019,-975.9218907470396,130988.51268227198,1387,11,481.63829787234044,41,6,15,34.93118583244827,0.6313516260162602,43.129960317460316,1027.4801587301586,25.060491676345332,0
1418,4,1,1,46,0.02127659574468085,0.02127659574468085,0.9787234042553191,47,1250,900,350,0.72,16,9,7,322.57103493805766,0.8342584027135368,0.17697923253159442,0.19302114353914737,132142.87682665666,-874.9070924666105,131267.96973419006,1388,0,480.1063829787234,41,6,15,34.664865560272744,0.6331300813008129,42.95634920634921,1028.1746031746038,25.077429345722045,0
1419,4,0,0,46,0.0,0.0,1.0,46,1450,1100,350,0.7586206896551724,18,11,7,328.4027383458396,0.8303140096618358,0.1834908134226343,0.19607233150116998,132058.30379569027,-526.3382824377153,131531.96551325257,1389,13,491.54347826086956,40,6,15,34.59993573264781,0.6338541666666667,43.038617886178855,1027.8455284552833,25.696138211382085,0
1420,4,1,1,46,0.02127659574468085,0.02127659574468085,0.9787234042553191,47,1200,800,400,0.6666666666666666,16,8,8,324.7373561588358,0.8285923527597903,0.1905539463859327,0.19536982935495617,132346.95845930962,-804.3997228521059,131542.55873645752,1390,0,482.06382978723406,41,6,16,34.404325748810905,0.6351626016260162,42.757936507936506,1028.9682539682537,25.09678668215253,0
1421,4,0,0,46,0.0,0.0,1.0,46,1050,600,450,0.5714285714285714,15,6,9,329.13329004601576,0.82920692431562,0.18914052204818632,0.19855813548994045,132450.30369034666,-481.2391557604327,131969.0645345862,1391,1,490.3478260869565,40,6,16,34.18752262480665,0.6377604166666666,42.657520325203265,1029.3699186991894,25.734247967479735,0
1422,4,0,0,46,0.0,0.0,1.0,46,1350,1100,250,0.8148148148148148,16,11,5,328.0557862964756,0.828743961352657,0.18333769560497548,0.1984590616443099,132554.93511013628,-502.9173069931778,132052.0178031431,1392,2,491.3478260869565,40,6,17,34.110291456955835,0.6388020833333332,42.555894308943095,1029.7764227642285,25.744410569105714,0
1423,4,0,0,46,0.0,0.0,1.0,46,900,600,300,0.6666666666666666,12,6,6,329.1262897210407,0.8293679549114332,0.18070330462235318,0.19952297085002824,132633.43578557746,-469.36987738778953,132164.06590818966,1393,3,492.3478260869565,40,6,12,34.00400388055775,0.6395833333333333,42.47967479674797,1030.081300813009,25.752032520325223,0
1424,4,0,0,46,0.0,0.0,1.0,46,900,800,100,0.8888888888888888,10,8,2,328.81213281175076,0.8287640901771337,0.18193574121492118,0.19947148954594354,132659.60784131466,-475.9822815453781,132183.62555976928,1394,4,493.3478260869565,40,6,12,33.98585215875835,0.63984375,42.454268292682926,1030.182926829268,25.754573170731696,0
1425,4,0,0,46,0.0,0.0,1.0,46,850,500,350,0.5882352941176471,12,5,7,333.7194221350937,0.8284420289855072,0.18352080001029147,0.2027310497919541,132711.95969867468,-342.2882997884941,132369.6713988862,1395,5,494.3478260869565,40,6,12,33.80695827990927,0.6403645833333333,42.40345528455284,1030.386178861788,25.7596544715447,0
1426,4,0,0,46,0.0,0.0,1.0,46,1450,1000,450,0.6896551724137931,19,10,9,333.57565100409005,0.8270128824476651,0.18317531888629812,0.20335284878518559,132842.8845264062,-337.3696625685832,132505.51486383763,1396,6,495.3478260869565,40,6,13,33.67939175867508,0.6416666666666667,42.27642276422764,1030.894308943089,25.772357723577226,0
1427,4,1,2,45,0.02127659574468085,0.0425531914893617,0.9574468085106383,47,1350,1100,250,0.8148148148148148,16,11,5,326.71320410174945,0.8298257786000616,0.17756743656187557,0.2007559044459833,133139.2621429358,-700.3290147077447,132438.93312822806,1397,0,485.78723404255317,41,6,14,33.55953010349578,0.6430386178861789,41.9890873015873,1032.0436507936502,25.171796360820736,0
1428,4,0,0,45,0.0,0.0,1.0,45,1200,800,400,0.6666666666666666,16,8,8,335.138801312062,0.8210858585858586,0.17679920097857682,0.20495424779436247,132961.42713758687,-87.89333767360563,132873.53379991328,1398,22,508.22222222222223,39,6,14,33.520288354711646,0.6444978632478633,42.161458333333336,1031.3541666666672,26.444978632478644,0
1429,4,0,0,45,0.0,0.0,1.0,45,850,700,150,0.8235294117647058,10,7,3,333.69191373786697,0.8206649831649833,0.17564128458897255,0.2042161514111469,132988.28667534713,-124.57682291667084,132863.70985243047,1399,23,509.22222222222223,39,6,14,33.53068403689491,0.6447649572649572,42.135416666666664,1031.4583333333328,26.44764957264956,0
1430,4,0,0,45,0.0,0.0,1.0,45,1150,900,250,0.782608695652174,14,9,5,330.90531893108385,0.81986531986532,0.17380303489115456,0.2032411032021232,133122.62505425353,-189.80305989582894,132932.82199435768,1400,24,510.22222222222223,39,6,15,33.468023451431655,0.6461004273504274,42.005208333333336,1031.979166666667,26.46100427350428,0
1431,4,0,0,45,0.0,0.0,1.0,45,800,600,200,0.75,10,6,4,335.5222227087175,0.8189814814814815,0.18019957394326758,0.20652330602753985,133203.2606336806,-61.46918402777169,133141.7914496528,1401,25,511.22222222222223,39,6,15,33.26816347124119,0.6469017094017094,41.927083333333336,1032.291666666667,26.4690170940171,0
1432,4,0,0,45,0.0,0.0,1.0,45,1050,700,350,0.6666666666666666,14,7,7,334.10395662622034,0.8184343434343435,0.18165186978746295,0.20594766281586419,133257.03125,-95.65972222222126,133161.37152777778,1402,26,512.2222222222222,39,6,15,33.25094161958569,0.6474358974358975,41.875,1032.5,26.474358974358974,0
1433,4,0,0,45,0.0,0.0,1.0,45,1300,1000,300,0.7692307692307693,16,10,6,334.8098789378078,0.8178872053872054,0.18178436579162693,0.20713097750631554,133391.50526258672,-67.84125434028147,133323.66400824644,1403,27,513.2222222222222,39,6,16,33.098152162952516,0.6487713675213675,41.744791666666664,1033.0208333333328,26.487713675213662,0
1434,4,0,0,45,0.0,0.0,1.0,45,1050,700,350,0.6666666666666666,14,7,7,335.31507126693526,0.818476430976431,0.18111906121580645,0.20834886989241094,133552.96359592036,-43.535698784696365,133509.42789713567,1404,28,514.2222222222222,39,6,16,32.92361600994324,0.6503739316239315,41.58854166666668,1033.645833333335,26.50373931623936,0
1435,4,0,0,45,0.0,0.0,1.0,45,1000,800,200,0.8,12,8,4,335.31507126693526,0.8174663299663301,0.18111906121580645,0.20834886989241094,133552.96359592036,-43.535698784696365,133509.42789713567,1405,29,515.2222222222222,39,6,16,32.92361600994324,0.6503739316239315,41.58854166666668,1033.645833333335,26.50373931623936,0
1436,4,0,0,45,0.0,0.0,1.0,45,1100,800,300,0.7272727272727273,14,8,6,336.9404329006858,0.8168771043771044,0.18480003582784676,0.2095110812096749,133579.8828125003,1.6927083333633846,133581.57552083366,1406,30,516.2222222222222,39,6,16,32.85469568722289,0.6506410256410255,41.562500000000014,1033.7500000000023,26.506410256410316,0
1437,4,0,0,45,0.0,0.0,1.0,45,900,500,400,0.5555555555555556,13,5,8,335.6331173981179,0.8159090909090909,0.18597257206828988,0.2088500746192053,133606.80474175367,-31.42632378470057,133575.37841796898,1407,31,517.2222222222222,39,6,16,32.86156591099916,0.6509081196581196,41.53645833333334,1033.8541666666683,26.50908119658124,0
1438,4,1,0,46,0.021739130434782608,0.0,1.0,46,950,800,150,0.8421052631578947,11,8,3,335.6536777187567,0.8169082125603865,0.2080763633104421,0.21093794046397168,133971.50262947025,-206.3944865820231,133765.10814288823,1408,0,506.95652173913044,40,6,15,32.49668695396094,0.6528645833333332,41.18394308943091,1035.2642276422791,25.88160569105698,0
1439,4,0,0,46,0.0,0.0,1.0,46,1150,800,350,0.6956521739130435,15,8,7,332.8944130889416,0.815901771336554,0.20983810709838124,0.20972147122724594,134062.32407604257,-274.2802618732535,133788.0438141693,1409,1,507.95652173913044,41,5,16,32.47746830794776,0.6521849593495934,41.096230158730165,1035.6150793650804,25.25890437475806,0
1440,4,0,0,46,0.0,0.0,1.0,46,1200,700,500,0.5833333333333334,17,7,10,332.77349639448335,0.8157809983896941,0.20845288015890473,0.209938856547118,134113.69879259585,-274.10310767824865,133839.59568491761,1410,2,508.95652173913044,41,5,16,32.42934504996328,0.6526930894308942,41.04662698412699,1035.813492063493,25.263743708865682,0
1441,4,0,0,46,0.0,0.0,1.0,46,1500,1000,500,0.6666666666666666,20,10,10,334.05416825831617,0.8148752012882448,0.21075405332278785,0.21133832752623352,134216.47775140157,-232.88523163894172,133983.59251976263,1411,3,509.95652173913044,41,5,16,32.29366124142333,0.6537093495934958,40.94742063492064,1036.2103174603183,25.273422377080934,0
1442,4,0,0,46,0.0,0.0,1.0,46,750,600,150,0.8,9,6,3,333.83831558657,0.814633655394525,0.20517435835542508,0.21149841618756218,134267.88199365413,-235.24728757241564,134032.6347060817,1412,4,510.95652173913044,41,5,16,32.247993841932306,0.6542174796747966,40.89781746031747,1036.4087301587317,25.278261711188577,0
1443,4,0,0,46,0.0,0.0,1.0,46,900,500,400,0.5555555555555556,13,5,8,333.6410166826798,0.8136876006441224,0.21104022754977647,0.21199280751215405,134374.9061054024,-233.4039420707793,134141.5021633316,1413,5,511.95652173913044,42,4,17,32.146417445482875,0.6537698412698412,40.79457364341086,1036.821705426357,24.68623108157993,0
1444,4,0,0,46,0.0,0.0,1.0,46,1050,800,250,0.7619047619047619,13,8,5,329.1608137296755,0.8123590982286635,0.2035395893832621,0.20986697504325086,134500.5194718619,-345.53991271556004,134154.97955914633,1414,6,512.9565217391304,42,4,18,32.137435777673986,0.6550099206349206,40.67344961240311,1037.3062015503892,24.697766703580697,0
1445,4,0,0,46,0.0,0.0,1.0,46,1050,800,250,0.7619047619047619,13,8,5,330.155965226367,0.8118357487922706,0.2012397415749949,0.21079188549068079,134550.78125000017,-315.4513888888746,134235.3298611113,1415,7,513.9565217391304,42,4,18,32.061579651941095,0.6555059523809523,40.62500000000001,1037.5000000000014,24.702380952380985,0
1446,4,0,0,46,0.0,0.0,1.0,46,600,400,200,0.6666666666666666,8,4,4,329.28354065795384,0.8111714975845411,0.19846088904763404,0.21096203872775166,134676.4767742326,-330.6505768883799,134345.82619734423,1416,8,514.9565217391304,42,4,18,31.95909571819765,0.6567460317460316,40.50387596899226,1037.9844961240333,24.713916574381745,0
1447,4,0,0,46,0.0,0.0,1.0,46,1250,800,450,0.64,17,8,9,331.4407900619017,0.8106682769726248,0.19673132081901556,0.21308044073745688,134802.23098258843,-264.2084122047687,134538.02257038365,1417,9,515.9565217391304,42,4,15,31.777977356847398,0.6579861111111109,40.38275193798451,1038.4689922480638,24.725452196382474,0
1448,4,0,0,46,0.0,0.0,1.0,46,1250,1000,250,0.8,15,10,5,329.67408076180493,0.8096014492753624,0.19583064610991374,0.21223882712827585,134852.54909748535,-308.5219675800529,134544.0271299053,1418,10,516.9565217391304,42,4,15,31.77379730696272,0.6584821428571428,40.334302325581405,1038.6627906976762,24.730066445182768,0
1449,4,0,0,46,0.0,0.0,1.0,46,800,200,600,0.25,14,2,12,330.27391979226877,0.8077294685990338,0.19497510662796125,0.21336491059351168,134978.38546361416,-284.03190914005813,134694.3535544741,1419,11,517.9565217391304,42,4,15,31.633097103071,0.6597222222222221,40.21317829457365,1039.147286821707,24.7416020671835,0
1450,4,0,0,46,0.0,0.0,1.0,46,1400,1100,300,0.7857142857142857,17,11,6,332.2876481061513,0.8076288244766506,0.18993828186102668,0.2154147538689364,135104.28051386637,-221.30327579472248,134882.97723807165,1420,12,518.9565217391304,42,4,16,31.4556342622798,0.6609623015873016,40.09205426356589,1039.6317829457366,24.753137689184207,0
1451,4,0,0,46,0.0,0.0,1.0,46,1300,800,500,0.6153846153846154,18,8,10,335.0290429971435,0.8083333333333333,0.1921929112821832,0.21815613736358178,135264.02272906635,-136.52478262739783,135127.49794643896,1421,13,519.9565217391304,43,3,16,31.22562964648764,0.6610949612403101,39.938446969696976,1040.2462121212131,24.191772374911935,0
1452,4,0,0,46,0.0,0.0,1.0,46,1350,900,450,0.6666666666666666,18,9,9,333.6162165787246,0.8068035426731079,0.19027178858250582,0.21798110702735926,135387.1859575872,-166.52784951790716,135220.6581080693,1422,14,520.9565217391304,43,3,16,31.1400515620261,0.6623062015503877,39.82007575757576,1040.7196969696968,24.202783650458063,0
1453,4,0,0,46,0.0,0.0,1.0,46,1000,600,400,0.6,14,6,8,330.1752996135389,0.8047906602254429,0.18076658414471147,0.21632581906741638,135485.75689422633,-253.1899248163436,135232.56696941,1423,15,521.9565217391304,43,3,16,31.13175368382756,0.6632751937984496,39.72537878787879,1041.0984848484848,24.211592670894994,0
1454,4,0,0,46,0.0,0.0,1.0,46,1250,800,450,0.64,17,8,9,334.45951928989916,0.8032407407407408,0.180756490353009,0.22020196096600872,135660.1469549375,-125.19236959702232,135534.95458534046,1424,16,522.9565217391304,40,6,16,30.847193769713517,0.6695312500000001,39.55792682926829,1041.7682926829266,26.044207317073166,0
1455,4,0,0,46,0.0,0.0,1.0,46,1000,700,300,0.7,13,7,6,334.2977382452009,0.8037238325281804,0.1733512814533733,0.2207484420930156,135766.03837208336,-122.74408834027952,135643.29428374307,1425,17,523.9565217391304,40,6,16,30.74638387778319,0.6705729166666667,39.45630081300813,1042.174796747967,26.054369918699177,0
1456,4,0,0,46,0.0,0.0,1.0,46,1500,1200,300,0.8,18,12,6,334.6518090241927,0.8030797101449275,0.16849627438181836,0.22147472625613998,135845.48404554173,-107.81260327846678,135737.67144226326,1426,18,524.9565217391304,40,6,16,30.658388574770918,0.6713541666666667,39.38008130081301,1042.4796747967484,26.06199186991871,0
1457,4,0,0,46,0.0,0.0,1.0,46,1000,600,400,0.6,14,6,8,333.30882125877525,0.8023148148148148,0.16839670205824775,0.22124289286918192,135951.4477576179,-137.236639896881,135814.21111772102,1427,19,525.9565217391304,40,6,14,30.588376209965578,0.6723958333333333,39.27845528455285,1042.886178861789,26.072154471544724,0
1458,4,0,0,46,0.0,0.0,1.0,46,1500,1000,500,0.6666666666666666,20,10,10,333.2519071143675,0.8009259259259259,0.16160378021505517,0.22196392065369236,136073.2308693153,-130.66726111741195,135942.5636081979,1428,20,526.9565217391304,41,5,14,30.46922046844791,0.6720020325203251,39.16170634920635,1043.3531746031745,25.447638404955473,0
1459,4,0,0,46,0.0,0.0,1.0,46,1750,1300,450,0.7428571428571429,22,13,9,334.73911793063655,0.8003623188405797,0.16471877282688085,0.2131431871846706,134452.55107897162,-197.1565328285318,134255.3945461431,1429,21,527.9565217391304,43,3,16,32.040570976381794,0.6531007751937984,40.719696969696976,1037.121212121213,24.11909795630728,5
1460,4,0,0,46,0.0,0.0,1.0,46,950,800,150,0.8421052631578947,11,8,3,331.5543588236259,0.8005434782608696,0.16395332685095143,0.21154210838164403,134526.22034442466,-279.44905374767615,134246.771290677,1430,22,528.9565217391304,43,3,16,32.04976799026321,0.6538275193798448,40.648674242424256,1037.4053030303053,24.125704721635007,0
1461,4,0,0,46,0.0,0.0,1.0,46,1500,1100,400,0.7333333333333333,19,11,8,330.8106173309023,0.7993961352657005,0.16395230478406275,0.21225831455351896,134730.96305941365,-285.90890358763556,134445.05415582602,1431,23,529.9565217391304,41,5,17,31.865245261984395,0.658790650406504,40.45138888888889,1038.194444444445,25.321815718157197,0
1462,4,0,0,46,0.0,0.0,1.0,46,1350,1100,250,0.8148148148148148,16,11,5,329.75427131140157,0.799597423510467,0.16042107885885137,0.21233254739424173,134859.73816609956,-305.88506235829794,134553.85310374128,1432,24,530.9565217391304,41,5,15,31.764565425023875,0.6600609756097562,40.32738095238094,1038.6904761904746,25.33391405342621,0
1463,4,0,0,46,0.0,0.0,1.0,46,1350,1000,350,0.7407407407407407,17,10,7,330.111494010629,0.7996175523349437,0.1649123171111342,0.21332004316849704,134988.57478465914,-287.74398069413706,134700.83080396501,1433,25,531.9565217391304,41,5,15,31.627187748607795,0.6613313008130082,40.20337301587301,1039.1865079365073,25.3460123886953,0
1464,4,0,0,46,0.0,0.0,1.0,46,850,700,150,0.8235294117647058,10,7,3,330.3199585543835,0.7981280193236715,0.16707327698876018,0.2140644926216068,135091.6883680554,-275.30381944446447,134816.38454861092,1434,26,532.9565217391304,41,5,16,31.51928857715429,0.6623475609756098,40.10416666666666,1039.583333333332,25.355691056910533,0
1465,4,0,0,46,0.0,0.0,1.0,46,1400,1000,400,0.7142857142857143,18,10,8,332.89148588696276,0.7957326892109501,0.17016405951926727,0.21650337084608656,135220.63570798683,-197.24033131771796,135023.39537666913,1435,27,533.9565217391304,41,5,16,31.32431959811778,0.6636178861788617,39.98015873015873,1040.0793650793646,25.367789392179624,0
1466,4,0,1,45,0.0,0.021739130434782608,0.9782608695652174,46,950,600,350,0.631578947368421,13,6,7,332.9874632436588,0.7943639291465379,0.16870755736968057,0.217078712376877,135305.8346572472,-188.97067108346477,135116.86398616375,1436,28,534.9565217391304,42,4,17,31.237193815777225,0.6629464285714286,39.89825581395349,1040.4069767441863,24.771594684385388,0
1467,4,0,0,45,0.0,0.0,1.0,45,1250,900,350,0.72,16,9,7,340.7302304273969,0.7928030303030303,0.16484201157098366,0.22191908051314796,135272.23186728384,218.2677469135673,135490.4996141974,1437,29,545.9777777777778,41,4,17,31.069203382287487,0.6641260162601625,39.93055555555555,1040.277777777777,25.372628726287243,0
1468,4,0,1,44,0.0,0.022222222222222223,0.9777777777777777,45,1100,800,300,0.7272727272727273,14,8,6,337.2448249894988,0.7914141414141415,0.16553871572458978,0.22043834635294862,135401.2653238376,132.6752054988392,135533.94052933645,1438,30,546.9777777777778,41,4,17,31.031658087884864,0.6653963414634148,39.806547619047606,1040.7738095238074,25.384727061556276,0
1469,4,0,1,43,0.0,0.022727272727272728,0.9772727272727273,44,950,700,250,0.7368421052631579,12,7,5,341.12710972005516,0.7891340732910501,0.18090873600340718,0.22376365980740598,135527.84077764538,446.44412221558827,135974.28489986097,1439,31,556.0909090909091,40,4,17,30.804907606220294,0.6682291666666668,39.684959349593484,1041.2601626016244,26.03150406504061,0
1470,4,0,0,43,0.0,0.0,1.0,43,950,900,50,0.9473684210526315,10,9,1,344.4818957753016,0.7888058324104835,0.18136975464476435,0.2257768228376483,135498.08078342007,735.3271484374959,136233.40793185757,1440,32,561.7674418604652,39,4,17,30.747144405536115,0.6696047008547009,39.713541666666664,1041.1458333333328,26.696047008546994,0
1471,4,0,0,43,0.0,0.0,1.0,43,650,400,250,0.6153846153846154,9,4,5,347.7717317395882,0.788298265042451,0.1819383024209591,0.22827800408408797,135552.31255425338,828.2524956597133,136380.5650499131,1441,33,562.7674418604652,39,4,17,30.607619785935782,0.6701388888888891,39.66145833333333,1041.3541666666658,26.701388888888868,0
1472,4,0,1,42,0.0,0.023255813953488372,0.9767441860465116,43,1100,800,300,0.7272727272727273,14,8,6,348.7753239367987,0.7869139904023624,0.18215969426182999,0.2301549037377134,135742.20920138885,868.7065972222183,136610.91579861107,1442,34,563.7674418604652,39,4,17,30.392842862854863,0.6720085470085471,39.479166666666664,1042.083333333333,26.72008547008546,0
1473,4,0,0,42,0.0,0.0,1.0,42,1200,900,300,0.75,15,9,6,356.70167587284766,0.7876500193573365,0.18577578632929237,0.23577110771107707,135800.66568047315,1288.065006574601,137088.73068704773,1443,35,573.6904761904761,38,4,17,30.128254407544066,0.674342105263158,39.42307692307691,1042.3076923076906,27.429149797570805,0
1474,4,0,0,42,0.0,0.0,1.0,42,850,400,450,0.47058823529411764,13,4,9,360.96784656403776,0.7856900890437476,0.18846075015372032,0.23896365310528342,135856.35021732768,1407.9548359996925,137264.30505332738,1444,36,574.6904761904761,38,4,17,29.96174079387852,0.6748903508771931,39.36965811965811,1042.5213675213665,27.434772829509644,0
1475,4,0,1,41,0.0,0.023809523809523808,0.9761904761904762,42,650,500,150,0.7692307692307693,8,5,3,366.8351636811053,0.7851093689508324,0.19725173412942354,0.2436084944119012,135967.75353385916,1575.550624589067,137543.3041584482,1445,37,575.6904761904761,38,4,14,29.6980639213276,0.6759868421052633,39.262820512820504,1042.9487179487166,27.44601889338728,0
1476,4,0,0,41,0.0,0.0,1.0,41,1000,600,400,0.6,14,6,8,374.12880617887123,0.7823678861788618,0.2036862294611168,0.2485134919255183,135976.55047706986,1974.5488996614351,137951.0993767313,1446,38,587.829268292683,37,4,14,29.49914143537987,0.6779279279279279,39.25438596491228,1042.982456140351,28.188715030820294,0
1477,4,0,1,40,0.0,0.024390243902439025,0.975609756097561,41,800,500,300,0.625,11,5,6,373.5980956487158,0.7814024390243902,0.19960875105439757,0.24836049503188218,136005.1425077909,1962.2524478685777,137967.3949556595,1447,39,588.829268292683,37,4,14,29.484543081397398,0.6782094594594594,39.22697368421053,1043.0921052631581,28.191678520625896,0
1478,4,0,0,40,0.0,0.0,1.0,40,800,400,400,0.5,12,4,8,374.64410340107844,0.7782051282051282,0.18289031309098558,0.2500604892125851,136148.1477473838,2201.4201485072317,138349.56789589103,1448,40,570.975,37,3,16,29.31506969251243,0.679617117117117,39.08991228070175,1043.640350877193,28.206495969653865,0
1479,4,0,0,40,0.0,0.0,1.0,40,950,800,150,0.8421052631578947,11,8,3,373.2220779162914,0.7768162393162393,0.17368725057760992,0.24991706230090888,136262.6060422437,2171.2425938750293,138433.84863611872,1449,41,571.975,37,3,16,29.23843030175734,0.6807432432432432,38.98026315789473,1044.0789473684204,28.218349928876226,0
1480,4,0,0,40,0.0,0.0,1.0,40,950,700,250,0.7368421052631579,12,7,5,373.2220779162914,0.7768162393162393,0.17368725057760992,0.24991706230090888,136262.6060422437,2171.2425938750293,138433.84863611872,1450,42,572.975,37,3,16,29.23843030175734,0.6807432432432432,38.98026315789473,1044.0789473684204,28.218349928876226,0
1481,4,0,0,40,0.0,0.0,1.0,40,850,700,150,0.8235294117647058,10,7,3,368.4495950245368,0.7743055555555556,0.16229009235936154,0.2479228630927814,136434.38365650963,2053.8386811326454,138488.22233764228,1451,43,573.975,37,3,16,29.19246781416176,0.6824324324324325,38.815789473684205,1044.7368421052627,28.2361308677098,0
1482,4,0,1,39,0.0,0.025,0.975,40,1000,600,400,0.6,14,6,8,368.59916082743734,0.7737179487179487,0.15489928661351238,0.24883053831495291,136548.96218067108,2066.3665743305755,138615.32875500165,1452,44,574.975,37,3,16,29.07487061127431,0.6835585585585584,38.7061403508772,1045.175438596492,28.247984826932218,0
1483,4,0,0,39,0.0,0.0,1.0,39,1050,700,350,0.6666666666666666,14,7,7,374.033743772316,0.77046783625731,0.16834503355352393,0.25246597643279056,136544.31617005542,2414.436353583338,138958.75252363874,1453,45,586.8461538461538,36,3,16,28.937479797435635,0.685474537037037,38.7105855855856,1045.1576576576595,29.032157157157208,0
1484,4,0,1,38,0.0,0.02564102564102564,0.9743589743589743,39,1350,1100,250,0.8148148148148148,16,11,5,377.11988499326003,0.771536212325686,0.16110117272907987,0.25604455349542393,136750.365230095,2514.2564016719475,139264.62163176693,1454,46,587.8461538461538,36,3,17,28.652338142405966,0.6875,38.513513513513516,1045.9459459459463,29.054054054054063,0
1485,4,0,0,38,0.0,0.0,1.0,38,1050,800,250,0.7619047619047619,13,8,5,379.98397854090143,0.7712185870080607,0.15883229871536542,0.2582176840641102,136781.449599194,2794.9518818586985,139576.4014810527,1455,47,580.6842105263158,35,3,17,28.546599542671668,0.6898809523809524,38.48379629629629,1046.064814814814,29.887566137566118,0
1486,4,0,1,37,0.0,0.02631578947368421,0.9736842105263158,38,1250,1000,250,0.8,15,10,5,378.82762941498964,0.7713963963963965,0.16008383791336755,0.257876639300565,136841.9924554182,2767.905521261984,139609.89797668016,1456,48,581.6842105263158,35,3,17,28.51677728613569,0.6904761904761905,38.42592592592592,1046.296296296295,29.894179894179857,0
1487,4,0,0,37,0.0,0.0,1.0,37,900,600,300,0.6666666666666666,12,6,6,386.8095237583576,0.7701451451451451,0.15394550313198585,0.26333608863766134,136845.45245181417,3186.624858276651,140032.07731009083,1457,49,573.7837837837837,34,3,19,28.304556832404135,0.6927083333333333,38.42261904761905,1046.3095238095245,30.773809523809547,0
1488,4,1,0,38,0.02631578947368421,0.0,1.0,38,1700,1500,200,0.8823529411764706,19,15,4,374.88270193633326,0.7711296823138929,0.14456679088641744,0.2580846464357129,137235.84754640347,2689.4690661436916,139925.31661254718,1458,0,559.6578947368421,35,3,16,28.22970746345594,0.6943452380952381,38.04976851851852,1047.800925925926,29.937169312169317,0
1489,4,0,0,38,0.0,0.0,1.0,38,650,400,250,0.6153846153846154,9,4,5,376.38977269583296,0.7707444286391655,0.14727424924139387,0.25934802146027947,137266.16753472228,2733.11631944445,139999.28385416672,1459,1,560.6578947368421,35,3,16,28.160205434062295,0.6946428571428571,38.020833333333336,1047.916666666667,29.9404761904762,0
1490,4,0,0,38,0.0,0.0,1.0,38,600,300,300,0.5,9,3,6,376.2142741200414,0.7713371266002845,0.1478752092244744,0.2596796087218822,137326.81755829905,2732.8617969821653,140059.67935528123,1460,2,561.6578947368421,35,3,16,28.104755594817426,0.6952380952380952,37.96296296296296,1048.148148148148,29.947089947089943,0
1491,4,0,0,38,0.0,0.0,1.0,38,1100,800,300,0.7272727272727273,14,8,6,377.3343274417789,0.7705073494547179,0.15325897525270138,0.2613646029527918,137448.15779320983,2772.7816358024666,140220.9394290123,1461,3,562.6578947368421,35,3,16,27.955298013245038,0.6964285714285714,37.84722222222222,1048.6111111111109,29.96031746031745,0
1492,4,0,0,38,0.0,0.0,1.0,38,1050,800,250,0.7619047619047619,13,8,5,389.38440116646706,0.7689070649596965,0.1725475497289104,0.26900492153811517,137357.147593557,3096.946132330234,140454.0937258872,1462,4,563.6578947368421,35,3,14,27.729587611791978,0.6955357142857144,37.93402777777777,1048.263888888888,29.9503968253968,1
1493,4,0,1,37,0.0,0.02631578947368421,0.9736842105263158,38,650,300,350,0.46153846153846156,10,3,7,394.701986754967,0.768640350877193,0.17772743116068312,0.2733944954128439,137448.15779320974,3250.2121913580086,140698.36998456775,1463,5,564.6578947368421,35,3,14,27.49999999999999,0.6964285714285715,37.847222222222214,1048.6111111111102,29.960317460317434,0
1494,4,0,0,37,0.0,0.0,1.0,37,600,400,200,0.6666666666666666,8,4,4,391.08091428067615,0.7647022022022022,0.1288922725542445,0.26195042371630195,136272.70761245672,3259.213270002986,139531.9208824597,1464,6,566.4864864864865,33,4,17,28.762226134585298,0.6893939393939394,38.970588235294116,1044.1176470588234,31.639928698752225,6
1495,4,0,0,37,0.0,0.0,1.0,37,1150,1000,150,0.8695652173913043,13,10,3,388.6760833990916,0.7640765765765766,0.1213901063701579,0.2608108332855952,136336.692918589,3198.162365436364,139534.85528402534,1465,7,567.4864864864865,33,4,17,28.761343190174454,0.6900252525252526,38.90931372549019,1044.3627450980389,31.647355912061784,0
1496,4,0,0,37,0.0,0.0,1.0,37,500,100,400,0.2,9,1,8,393.27202208443333,0.7630755755755756,0.11607196639454687,0.2646127851830934,136432.69903702897,3331.0326857458567,139763.73172277483,1466,8,568.4864864864865,33,4,18,28.545821114369502,0.6909722222222223,38.81740196078431,1044.7303921568623,31.65849673202613,0
1497,4,0,0,37,0.0,0.0,1.0,37,1300,1200,100,0.9230769230769231,14,12,2,393.92488613414173,0.7609484484484484,0.11320240648572599,0.26650065056386674,136624.81264717886,3363.9827530276643,139988.79540020652,1467,9,569.4864864864865,33,4,19,28.337704645801576,0.6928661616161617,38.63357843137254,1045.465686274509,31.680778371954815,0
1498,4,0,0,37,0.0,0.0,1.0,37,1050,800,250,0.7619047619047619,13,8,5,396.3429151918224,0.7598848848848849,0.11327662323678256,0.2688704640895876,136720.92013888885,3437.6736111111054,140158.59374999994,1468,10,570.4864864864865,33,4,19,28.17895086321381,0.6938131313131313,38.541666666666664,1045.833333333333,31.691919191919183,0
1499,4,0,0,37,0.0,0.0,1.0,37,400,200,200,0.5,6,2,4,397.16457515180224,0.7581331331331331,0.11181894171584905,0.2699201284630399,136785.01057285652,3465.232122260661,140250.2426951172,1469,11,571.4864864864865,33,4,19,28.093759762574194,0.6944444444444444,38.48039215686274,1046.0784313725485,31.69934640522874,0
1500,4,0,0,37,0.0,0.0,1.0,37,850,700,150,0.8235294117647058,10,7,3,396.9871641681912,0.7560685685685685,0.11280405800953774,0.27103656028461404,136945.30236267298,3473.105446222608,140418.4078088956,1470,12,572.4864864864865,33,4,19,27.939131834679788,0.6960227272727273,38.32720588235294,1046.691176470588,31.717914438502667,0
1501,4,0,0,37,0.0,0.0,1.0,37,800,600,200,0.75,10,6,4,396.95820338111855,0.7561936936936937,0.04879182588160935,0.254736754355168,134736.11288265302,3296.9210600906986,138033.03394274373,1471,13,573.4864864864865,34,3,17,30.14323663188474,0.671875,40.44642857142857,1038.2142857142853,30.535714285714274,8
1502,4,0,0,37,0.0,0.0,1.0,37,1100,800,300,0.7272727272727273,14,8,6,395.53498188251183,0.7575075075075075,0.0411653993826695,0.25484037777426727,134881.20666420183,3270.0471268432766,138151.2537910451,1472,14,574.4864864864865,35,2,14,30.03493500464253,0.6711309523809523,40.30671296296296,1038.773148148148,29.6792328042328,0
1503,4,0,1,36,0.0,0.02702702702702703,0.972972972972973,37,650,400,250,0.6153846153846154,9,4,5,391.630321707661,0.7558183183183184,0.04210893896792767,0.2529537430425452,134971.39301483193,3171.7780135459475,138143.1710283779,1473,15,575.4864864864865,35,2,14,30.046131283879117,0.6720238095238095,40.219907407407405,1039.12037037037,29.68915343915343,0
1504,4,0,0,36,0.0,0.0,1.0,36,250,0,250,0.0,5,0,5,398.8240144209945,0.7534060846560847,0.04728559236755969,0.25637007205558854,134797.9184382087,3552.1293934240457,138350.04783163275,1474,66,592.0555555555555,34,2,14,30.032911077993045,0.6724877450980392,40.386904761904766,1038.4523809523816,30.542717086834756,0
1505,4,0,0,36,0.0,0.0,1.0,36,550,300,250,0.5454545454545454,8,3,5,398.8240144209945,0.7534060846560847,0.04728559236755969,0.25637007205558854,134797.9184382087,3552.1293934240457,138350.04783163275,1475,67,593.0555555555555,34,2,14,30.032911077993045,0.6724877450980392,40.386904761904766,1038.4523809523816,30.542717086834756,0
1506,4,0,0,36,0.0,0.0,1.0,36,1350,1100,250,0.8148148148148148,16,11,5,403.40200368093554,0.7536044973544974,0.05023044701628421,0.26019876468023095,134921.57206632657,3685.526502267579,138607.09856859414,1476,68,594.0555555555555,34,2,14,29.790210457965706,0.6737132352941175,40.267857142857146,1038.9285714285718,30.55672268907564,0
1507,4,0,0,36,0.0,0.0,1.0,36,500,400,100,0.8,6,4,2,400.86389574468353,0.7526455026455027,0.05176912307496484,0.2592253192482288,135014.34948979595,3624.4756235827713,138638.82511337873,1477,69,595.0555555555555,34,2,15,29.763268423062243,0.6746323529411764,40.17857142857143,1039.2857142857147,30.567226890756313,0
1508,4,0,0,36,0.0,0.0,1.0,36,900,600,300,0.6666666666666666,12,6,6,402.4204248409784,0.7522156084656085,0.051525503517945825,0.26090108167307086,135107.15880102044,3673.976048752836,138781.13484977328,1478,70,596.0555555555555,34,2,15,29.629947707927787,0.6755514705882353,40.089285714285715,1039.6428571428573,30.57773109243698,0
1509,4,0,0,36,0.0,0.0,1.0,36,700,600,100,0.8571428571428571,8,6,2,400.84088873918773,0.7528108465608466,0.04542708134579887,0.2603230604562681,135169.0493905896,3636.2563775510207,138805.3057681406,1479,71,597.0555555555555,34,2,16,29.60909177637855,0.6761642156862745,40.029761904761905,1039.8809523809525,30.584733893557427,0
1510,4,0,0,36,0.0,0.0,1.0,36,1150,600,550,0.5217391304347826,17,6,11,408.81198385335506,0.7530423280423281,0.03945194336409141,0.267102717701497,135385.77806122447,3869.4657029478417,139255.2437641723,1480,72,598.0555555555555,34,2,17,29.185016777243952,0.6783088235294117,39.82142857142857,1040.7142857142856,30.609243697478988,0
1511,4,0,1,35,0.0,0.027777777777777776,0.9722222222222222,36,350,100,250,0.2857142857142857,6,1,5,407.62153357594,0.7525462962962963,0.03662930344275406,0.26655460494049693,135416.75347222228,3839.7569444444543,139256.51041666674,1481,73,599.0555555555555,34,2,17,29.1850146784094,0.6786151960784313,39.79166666666667,1040.833333333334,30.612745098039234,0
1512,4,0,0,35,0.0,0.0,1.0,35,1200,700,500,0.5833333333333334,17,7,10,409.7077528984779,0.7487394957983192,0.05994180081075173,0.2678712813985198,135410.37589208476,4095.7361651768533,139506.1120572616,1482,74,613.9714285714285,33,2,17,29.13710801051847,0.6808712121212122,39.79779411764706,1040.8088235294117,31.539661319073083,0
1513,4,0,0,35,0.0,0.0,1.0,35,450,200,250,0.4444444444444444,7,2,5,412.9292548571832,0.7483193277310923,0.05620112671319277,0.27045751889065317,135474.15845167733,4188.248660371022,139662.40711204836,1483,75,614.9714285714285,33,2,17,28.989479105356104,0.6815025252525253,39.73651960784314,1041.053921568628,31.54708853238267,0
1514,4,0,0,35,0.0,0.0,1.0,35,950,600,350,0.631578947368421,13,6,7,412.5606285277151,0.7470588235294117,0.05333691961133713,0.2709381932943218,135569.86045030766,4186.157367358715,139756.01781766638,1484,76,615.9714285714285,33,2,17,28.903369420255732,0.6824494949494949,39.64460784313726,1041.4215686274515,31.558229352347016,0
1515,4,0,0,35,0.0,0.0,1.0,35,900,600,300,0.6666666666666666,12,6,6,408.9059956978152,0.7462184873949579,0.055959803048380996,0.2692571548742931,135665.59624002778,4094.89514249326,139760.49138252105,1485,77,616.9714285714285,33,2,17,28.90284966474533,0.6833964646464648,39.55269607843137,1041.7892156862738,31.569370172311327,0
1516,4,0,0,35,0.0,0.0,1.0,35,1000,600,400,0.6,14,6,8,412.21282319185934,0.7469187675070027,0.05571881979546278,0.27289451259868847,135857.16919273834,4200.41345275855,140057.58264549688,1486,78,617.9714285714285,33,2,17,28.625323263195018,0.685290404040404,39.368872549019606,1042.5245098039213,31.59165181224004,0
1517,4,0,0,35,0.0,0.0,1.0,35,650,500,150,0.7692307692307693,8,5,3,388.7320078521782,0.7461484593837534,0.024227100333295226,0.24527608414226262,134118.83680555553,3427.256944444441,137546.09374999997,1487,79,618.9714285714285,34,1,18,30.975127379994625,0.6657475490196079,41.041666666666664,1035.8333333333333,30.465686274509803,5
1518,4,0,0,35,0.0,0.0,1.0,35,1300,1100,200,0.8461538461538461,15,11,4,385.3699703327379,0.7469187675070027,0.025319529442649147,0.24438574884829917,134303.87081916095,3351.3357426303787,137655.20656179133,1488,80,619.9714285714285,34,1,18,30.87673710807396,0.6675857843137255,40.863095238095234,1036.5476190476186,30.486694677871135,0
1519,4,0,0,35,0.0,0.0,1.0,35,950,600,350,0.631578947368421,13,6,7,384.694473407053,0.7462184873949579,0.02161718878136787,0.244575829443462,134396.4356575963,3340.3132086167698,137736.74886621308,1489,81,620.9714285714285,34,1,18,30.801521239954077,0.6685049019607843,40.77380952380952,1036.9047619047612,30.497198879551803,0
1520,4,0,0,35,0.0,0.0,1.0,35,650,400,250,0.6153846153846154,9,4,5,385.4883672689833,0.7449579831932772,0.02504263413354324,0.2454952233660368,134458.16326530615,3366.411564625853,137824.574829932,1490,82,621.9714285714285,34,1,19,30.719123048668504,0.6691176470588236,40.714285714285715,1037.1428571428573,30.504201680672274,0
1521,4,0,0,35,0.0,0.0,1.0,35,700,600,100,0.8571428571428571,8,6,2,385.22535238744115,0.7442577030812324,0.025951369874243735,0.24553536908206092,134489.03238378675,3361.716978458036,137850.7493622448,1491,83,622.9714285714285,34,1,20,30.695034240024487,0.6694240196078431,40.6845238095238,1037.261904761904,30.507703081232467,0
1522,4,0,0,35,0.0,0.0,1.0,35,850,600,250,0.7058823529411765,11,6,5,385.3163658650667,0.7432072829131652,0.02616179001721175,0.24600967974461949,134550.78125,3368.923611111112,137919.70486111112,1492,84,623.9714285714285,34,1,20,30.630856760374826,0.6700367647058822,40.625,1037.5,30.514705882352942,0
1523,4,0,0,35,0.0,0.0,1.0,35,750,500,250,0.6666666666666666,10,5,5,387.64032462046845,0.7415266106442576,0.025894188389887107,0.24833475314958625,134674.32149943322,3441.03954081634,138115.36104024955,1493,85,624.9714285714285,34,1,20,30.446916695339677,0.6712622549019608,40.50595238095239,1037.9761904761915,30.528711484593867,0
1524,4,0,0,35,0.0,0.0,1.0,35,950,600,350,0.631578947368421,13,6,7,386.1676012512214,0.7379551820728291,0.03271387638149825,0.24865773586102616,134859.7381660997,3415.692318594098,138275.43048469382,1494,86,625.9714285714285,34,1,18,30.29966571155683,0.6731004901960784,40.32738095238095,1038.6904761904757,30.549719887955167,0
1525,4,0,0,35,0.0,0.0,1.0,35,850,600,250,0.7058823529411765,11,6,5,390.25545544127044,0.7379551820728291,0.004254622811323827,0.25236519451868816,135014.34948979583,3538.017290249423,138552.36678004524,1495,87,626.9714285714285,34,1,15,30.038898434516994,0.6746323529411765,40.17857142857142,1039.2857142857138,30.567226890756288,3
1526,4,0,0,35,0.0,0.0,1.0,35,600,300,300,0.5,9,3,6,389.89178943516515,0.7380252100840335,0.0049205803929268654,0.2527783962240011,135107.15880102027,3535.434382086155,138642.59318310642,1496,88,627.9714285714285,34,1,15,29.95558036566281,0.6755514705882353,40.08928571428571,1039.6428571428562,30.57773109243695,0
1527,4,0,0,35,0.0,0.0,1.0,35,1250,1100,150,0.88,14,11,3,387.9487109886864,0.7371148459383753,0.007853137822241951,0.2528175827986673,135292.87308673456,3497.3391439909124,138790.21223072548,1497,89,628.9714285714285,34,1,16,29.820583972231763,0.677389705882353,39.91071428571428,1040.3571428571418,30.598739495798288,0
1528,4,0,0,35,0.0,0.0,1.0,35,1050,1000,50,0.9523809523809523,11,10,1,385.8266757521311,0.7357843137254901,0.009653437035342494,0.2523023654525714,135416.75347222207,3449.479166666647,138866.23263888873,1498,90,629.9714285714285,34,1,17,29.752135041366422,0.6786151960784315,39.79166666666666,1040.8333333333321,30.61274509803918,0
1529,4,0,0,35,0.0,0.0,1.0,35,1050,700,350,0.6666666666666666,14,7,7,384.4590495624438,0.7350840336134453,0.010545228839306198,0.2520598836186753,135509.70096371853,3419.586167800417,138929.28713151894,1499,91,630.9714285714285,34,1,18,29.6950034301395,0.6795343137254903,39.702380952380935,1041.1904761904739,30.62324929971982,0
1530,4,0,0,35,0.0,0.0,1.0,35,1250,900,350,0.72,16,9,7,383.3600000000001,0.7357142857142857,0.008685714285714186,0.2522105263157893,135633.6805555554,3399.362244897934,139033.04280045332,1500,92,631.9714285714285,33,2,20,29.599999999999994,0.6830808080808082,39.58333333333332,1041.6666666666654,31.565656565656525,0
1531,4,0,0,35,0.0,0.0,1.0,35,850,800,50,0.9411764705882353,9,8,1,382.694419754809,0.7357142857142857,0.02548280271484349,0.24412878285090775,134519.90504535122,3296.0034013605164,137815.90844671172,1501,93,632.9714285714285,34,1,18,30.72976436385893,0.6697303921568629,40.65476190476189,1037.3809523809502,30.511204481792653,4
1532,4,0,0,35,0.0,0.0,1.0,35,650,400,250,0.6153846153846154,9,4,5,381.7680359994196,0.7348039215686274,0.029145152036718747,0.24374420759962928,134550.78124999985,3273.437499999986,137824.21874999985,1502,94,633.9714285714285,34,1,18,30.72289156626507,0.6700367647058825,40.62499999999999,1037.4999999999989,30.514705882352906,0
1533,4,0,0,35,0.0,0.0,1.0,35,1050,800,250,0.7619047619047619,13,8,5,382.4450968304617,0.7343837535014005,0.026381695404183114,0.24438353841453814,134581.66099773228,3294.019274376403,137875.68027210867,1503,95,634.9714285714285,34,1,18,30.674430166743164,0.670343137254902,40.59523809523809,1037.6190476190463,30.518207282913128,0
1534,4,0,0,35,0.0,0.0,1.0,35,900,600,300,0.6666666666666666,12,6,6,383.7666231798671,0.7355042016806722,0.026572739187418426,0.24606212898003232,134705.21541950098,3339.073129251684,138044.28854875267,1504,96,635.9714285714285,34,1,18,30.51653287461773,0.6715686274509804,40.47619047619047,1038.095238095237,30.532212885154028,0
1535,4,0,0,35,0.0,0.0,1.0,35,850,400,450,0.47058823529411764,13,4,9,381.43687649516403,0.7350840336134453,0.022875485170567478,0.2451933584132141,134797.91843820858,3283.3793934240302,138081.2978316326,1505,97,636.9714285714285,34,1,16,30.4843039474187,0.6724877450980392,40.38690476190476,1038.4523809523807,30.542717086834728,0
1536,4,0,0,35,0.0,0.0,1.0,35,1300,1100,200,0.8461538461538461,15,11,4,380.06853979623315,0.7349439775910364,0.027402909840761325,0.24556760058336904,134983.42013888876,3260.5902777777687,138244.01041666654,1506,98,637.9714285714285,34,1,17,30.334469393210384,0.6743259803921569,40.20833333333333,1039.1666666666656,30.56372549019605,0
1537,4,0,0,35,0.0,0.0,1.0,35,950,700,250,0.7368421052631579,12,7,5,378.83188174271015,0.7332633053221288,0.023690667015604072,0.24581854793022498,135138.10232426293,3238.924319727878,138377.0266439908,1507,99,638.9714285714285,34,1,17,30.212149835890383,0.6758578431372548,40.0595238095238,1039.761904761904,30.581232492997174,0
1538,4,0,0,35,0.0,0.0,1.0,35,800,600,200,0.75,10,6,4,378.64533434482837,0.7321428571428571,0.02547529138672333,0.24675477828780443,135292.8730867348,3245.6030328798324,138538.4761196146,1508,100,639.9714285714285,34,1,17,30.06255483083497,0.6773897058823529,39.91071428571429,1040.3571428571436,30.59873949579834,0
1539,4,0,0,35,0.0,0.0,1.0,35,1100,700,400,0.6363636363636364,15,7,8,375.66002650150784,0.7289215686274509,0.0329760815579665,0.24586611315338217,135447.73242630393,3176.459750566903,138624.19217687083,1509,101,640.9714285714285,34,1,17,29.985799786520282,0.678921568627451,39.761904761904766,1040.9523809523816,30.61624649859946,0
1540,4,0,0,35,0.0,0.0,1.0,35,850,700,150,0.8235294117647058,10,7,3,375.17055916947487,0.7280112044817927,0.03158341772565443,0.24597014321560917,135509.70096371876,3167.8500566893345,138677.5510204081,1510,102,641.9714285714285,34,1,17,29.936780623523134,0.6795343137254901,39.70238095238095,1041.1904761904757,30.623249299719873,0
1541,4,0,0,35,0.0,0.0,1.0,35,800,500,300,0.625,11,5,6,375.6043056101763,0.7281512605042016,0.03224900385394225,0.2466806655764131,135571.68367346935,3184.2616213151837,138755.94529478453,1511,103,642.9714285714285,34,1,17,29.86373075750646,0.6801470588235294,39.64285714285714,1041.428571428571,30.630252100840327,0
1542,4,0,0,35,0.0,0.0,1.0,35,650,500,150,0.7692307692307693,8,5,3,374.7439230250206,0.7287114845938375,0.03541799304569282,0.24675576150428563,135664.6843112245,3167.9032029478503,138832.58751417234,1512,104,643.9714285714285,34,1,18,29.793499790500142,0.6810661764705882,39.55357142857143,1041.7857142857144,30.640756302521012,0
1543,4,0,0,35,0.0,0.0,1.0,35,950,600,350,0.631578947368421,13,6,7,373.16065676350763,0.7275910364145658,0.03744247527660849,0.24635357385427945,135757.71683673467,3131.8877551020432,138889.60459183672,1513,105,644.9714285714285,34,1,18,29.74211788896506,0.6819852941176471,39.464285714285715,1042.142857142857,30.65126050420168,0
1544,4,0,0,35,0.0,0.0,1.0,35,650,600,50,0.9230769230769231,7,6,1,374.05087920071605,0.7259803921568627,0.04608884321114526,0.24758605813761678,135850.78125000003,3163.020833333334,139013.80208333337,1514,106,645.9714285714285,34,1,19,29.626298960831328,0.6829044117647058,39.375,1042.5000000000002,30.66176470588236,0
1545,4,0,0,35,0.0,0.0,1.0,35,500,200,300,0.4,8,2,6,373.3703087161467,0.7256302521008403,0.04310834176100253,0.24735076881512963,135881.80980725624,3146.846655328798,139028.65646258503,1515,107,646.9714285714285,34,1,16,29.61316320316663,0.6832107843137255,39.345238095238095,1042.6190476190475,30.665266106442573,0
1546,4,0,0,35,0.0,0.0,1.0,35,550,400,150,0.7272727272727273,7,4,3,374.53608139947033,0.7254201680672269,0.03874755381604689,0.24855576311055746,135943.8775510203,3183.177437641706,139127.054988662,1516,108,647.9714285714285,34,1,16,29.521023592085232,0.6838235294117647,39.28571428571428,1042.857142857142,30.672268907562998,0
1547,4,0,0,35,0.0,0.0,1.0,35,500,300,200,0.6,7,3,4,374.78528631333904,0.725,0.03645376424739477,0.24893812686817016,135974.91673752834,3192.2796201814035,139167.19635770973,1517,109,648.9714285714285,34,1,16,29.483649126812008,0.6841299019607843,39.25595238095238,1042.9761904761906,30.67577030812325,0
1548,4,0,0,35,0.0,0.0,1.0,35,750,500,250,0.6666666666666666,10,5,5,375.6632375459156,0.724719887955182,0.03370398147846232,0.24973909615912818,136005.95946712003,3218.4878117913645,139224.4472789114,1518,110,649.9714285714285,34,1,16,29.429877120900862,0.684436274509804,39.22619047619047,1043.095238095237,30.67927170868344,0
1549,4,0,0,35,0.0,0.0,1.0,35,550,200,350,0.36363636363636365,9,2,7,375.1569373985649,0.7235994397759103,0.03299863076220921,0.24983855618244852,136068.0555555555,3209.3749999999955,139277.4305555555,1519,111,650.9714285714285,34,1,17,29.381323216187432,0.6850490196078431,39.166666666666664,1043.333333333333,30.686274509803912,0
1550,4,0,0,35,0.0,0.0,1.0,35,1000,600,400,0.6,14,6,8,375.5700797613249,0.7240896358543417,0.038910074639027625,0.2505515463613219,136130.16581632633,3225.283446711996,139355.44926303832,1520,112,651.9714285714285,34,1,18,29.308787740512596,0.6856617647058825,39.10714285714285,1043.571428571427,30.693277310924326,0
1551,4,0,0,35,0.0,0.0,1.0,35,900,600,300,0.6666666666666666,12,6,6,375.0086136395845,0.721218487394958,0.046163870337188495,0.25105538485642404,136254.4288548752,3219.3168934240275,139473.74574829923,1521,113,652.9714285714285,34,1,18,29.19992398327632,0.6868872549019608,38.988095238095234,1044.0476190476186,30.70728291316525,0
1552,4,0,1,34,0.0,0.02857142857142857,0.9714285714285714,35,900,700,200,0.7777777777777778,11,7,4,373.3436164592855,0.719327731092437,0.04725650460776998,0.2508205888831368,136378.7485827662,3183.2270408163004,139561.9756235825,1522,114,653.9714285714285,34,1,18,29.119890205911418,0.6881127450980393,38.869047619047606,1044.5238095238076,30.721288515406105,0
1553,4,0,0,34,0.0,0.0,1.0,34,1000,600,400,0.6,14,6,8,378.3843363453959,0.7170974450386216,0.043398646831226406,0.25552177392635644,136560.7597588668,3534.4904904363725,140095.25024930318,1523,115,660.6764705882352,33,1,18,28.807475475827573,0.6922348484848484,38.69485294117647,1045.2205882352941,31.67335115864528,0
1554,4,0,0,34,0.0,0.0,1.0,34,850,500,350,0.5882352941176471,12,5,7,380.28281673261284,0.7169860368389781,0.040224812081925077,0.2570374347645953,136592.78432574024,3588.777753748573,140181.56207948882,1524,116,661.6764705882352,33,1,18,28.726064869089484,0.692550505050505,38.66421568627452,1045.3431372549032,31.6770647653001,0
1555,4,0,1,33,0.0,0.029411764705882353,0.9705882352941176,34,750,600,150,0.8,9,6,3,378.99399242581154,0.7162061794414736,0.040333868865797484,0.25639950431281505,136624.81264717894,3555.99664191657,140180.80928909552,1525,117,662.6764705882352,33,1,18,28.727948071738368,0.6928661616161615,38.63357843137255,1045.4656862745096,31.680778371954837,0
1556,4,0,0,33,0.0,0.0,1.0,33,650,500,150,0.7692307692307693,8,5,3,378.0137499508209,0.7130681818181819,0.03936694653994266,0.2559693106809844,136656.84472318334,3731.6332660515163,140388.47798923485,1526,118,669.7272727272727,33,0,18,28.721772933270817,0.6931818181818181,38.60294117647059,1045.5882352941173,31.684491978609618,0
1557,4,0,0,33,0.0,0.0,1.0,33,700,600,100,0.8571428571428571,8,6,2,380.1993627007675,0.7124368686868687,0.04094292350176465,0.25840457095782304,136786.9529416643,3801.277485102346,140588.23042676665,1527,119,670.7272727272727,32,1,18,28.535505934419646,0.6969401041666666,38.478535353535364,1046.0858585858598,32.69018308080812,0
1558,4,0,0,33,0.0,0.0,1.0,33,900,600,300,0.6666666666666666,12,6,6,381.1246515501553,0.70864898989899,0.044593601596858656,0.2600117067242174,136919.0663739672,3836.6462924701855,140755.71266643738,1528,120,671.7272727272727,32,1,19,28.380232838701897,0.6982421874999999,38.35227272727274,1046.590909090911,32.70596590909097,0
1559,4,0,0,33,0.0,0.0,1.0,33,900,800,100,0.8888888888888888,10,8,2,380.3063283545463,0.7084911616161617,0.04968776149289811,0.26043603476831195,137051.24357527323,3824.2910481073727,140875.5346233806,1529,121,672.7272727272727,32,1,16,28.2705796052896,0.6995442708333333,38.22601010101012,1047.0959595959619,32.72174873737381,0
1560,4,0,0,33,0.0,0.0,1.0,33,750,400,350,0.5333333333333333,11,4,7,381.3151320928671,0.7061237373737375,0.04165525601843245,0.2626169527998926,137249.6289441129,3867.0720781042855,141116.70102221717,1530,122,673.7272727272727,32,1,16,28.047555930433397,0.7014973958333333,38.036616161616166,1047.8535353535358,32.74542297979799,0
1561,4,0,0,33,0.0,0.0,1.0,33,600,300,300,0.5,9,3,6,384.9459214662473,0.7060448232323233,0.08075646980756446,0.24643734224708375,134649.0472910928,3766.520316804411,138415.56760789722,1531,123,674.7272727272727,32,1,18,30.542122871046217,0.67578125,40.53030303030303,1037.8787878787882,32.43371212121213,6
1562,4,0,1,32,0.0,0.030303030303030304,0.9696969696969697,33,750,500,250,0.6666666666666666,10,5,5,383.6678663757212,0.7047032828282829,0.0754185827143028,0.2465066041464008,134780.1244770941,3742.1605575961576,138522.28503469026,1532,124,675.7272727272727,32,1,17,30.44417761024644,0.6770833333333334,40.4040404040404,1038.3838383838379,32.449494949494934,0
1563,4,0,0,32,0.0,0.0,1.0,32,900,700,200,0.7777777777777778,11,7,4,395.84856258491516,0.7091733870967742,0.0746229461934027,0.25390994283906093,134719.69816419805,4265.719774034279,138985.41793823233,1533,125,670.9375,31,1,18,30.188474643588776,0.6790994623655915,40.46223958333333,1038.151041666666,33.488743279569874,0
1564,4,0,0,32,0.0,0.0,1.0,32,950,700,250,0.7368421052631579,12,7,5,397.0084777904427,0.7103914650537635,0.07995862587763303,0.25536609829488466,134821.09917534716,4305.023871527768,139126.12304687494,1534,126,671.9375,31,1,17,30.056837178201274,0.6801075268817205,40.36458333333333,1038.541666666666,33.50134408602148,0
1565,4,0,0,32,0.0,0.0,1.0,32,900,600,300,0.6666666666666666,12,6,6,394.8329704129324,0.7094674059139785,0.0768284657808973,0.254440826975313,134888.72104220916,4251.7028808593695,139140.42392306853,1535,127,672.9375,31,1,17,30.045646360825614,0.6807795698924732,40.299479166666664,1038.802083333333,33.509744623655905,0
1566,4,0,0,32,0.0,0.0,1.0,32,800,600,200,0.75,10,6,4,395.1780555176791,0.7086693548387097,0.07977581777165077,0.25490102707967344,134922.5383334689,4263.685268825946,139186.22360229483,1536,128,673.9375,31,1,17,30.002846012449343,0.6811155913978495,40.26692708333333,1038.932291666666,33.5139448924731,0
1567,4,0,0,32,0.0,0.0,1.0,32,1050,1000,50,0.9523809523809523,11,10,1,396.74539459680886,0.7081233198924731,0.0774674348697395,0.2571116258491008,135091.6883680555,4319.401041666662,139411.08940972216,1537,129,674.9375,31,1,17,29.792919171676687,0.6827956989247312,40.104166666666664,1039.583333333333,33.53494623655913,0
1568,4,0,0,32,0.0,0.0,1.0,32,900,700,200,0.7777777777777778,11,7,4,397.8806552258789,0.7064852150537635,0.08029062852134716,0.2585738643847921,135193.22925143767,4358.154127332895,139551.38337877058,1538,130,675.9375,31,1,17,29.661872417678723,0.6838037634408602,40.006510416666664,1039.973958333333,33.547547043010745,0
1569,4,0,0,32,0.0,0.0,1.0,32,550,300,250,0.5454545454545454,8,3,5,424.7307265438577,0.7056871639784946,0.07016982903768954,0.27169394694657195,134620.51474520168,5044.076875935174,139664.59162113685,1539,131,676.9375,30,2,19,29.538488106031174,0.6809027777777779,40.55779569892473,1037.7688172043006,34.59229390681002,3
1570,4,1,1,32,0.030303030303030304,0.030303030303030304,0.9696969696969697,33,600,500,100,0.8333333333333334,7,5,2,411.905760705572,0.7145675505050506,0.05623093954965119,0.26569087022390925,134922.5383334689,4515.074157714835,139437.61249118374,1540,0,657.3939393939394,31,2,17,29.568372185319788,0.6811155913978495,40.26692708333333,1038.932291666666,33.5139448924731,0
1571,4,0,0,32,0.0,0.0,1.0,32,800,300,500,0.375,13,3,10,419.8630964534798,0.7070732526881721,0.062305850375355964,0.26987207014971604,134794.92752052261,4919.083130997805,139714.01065152042,1541,133,678.9375,30,2,17,29.489710069893864,0.6826388888888889,40.38978494623656,1038.4408602150538,34.6146953405018,0
1572,4,0,0,32,0.0,0.0,1.0,32,750,600,150,0.8,9,6,3,420.7408782668707,0.7075772849462366,0.06056709368530022,0.2709571256038647,134864.7242455775,4948.62050526072,139813.3447508382,1542,134,679.9375,30,2,18,29.396890096618364,0.6833333333333333,40.32258064516129,1038.7096774193546,34.62365591397849,0
1573,4,0,0,32,0.0,0.0,1.0,32,600,500,100,0.8333333333333334,7,5,2,407.8464033176531,0.7093413978494624,0.04581464997992235,0.26065188016990487,134586.8079668211,4590.8357310495285,139177.64369787063,1543,135,680.9375,29,3,20,30.0103455583813,0.6835488505747125,40.590277777777786,1037.6388888888898,35.7806513409962,2
1574,4,0,0,32,0.0,0.0,1.0,32,950,800,150,0.8421052631578947,11,8,3,406.4233810968784,0.7090053763440861,0.04382025291047764,0.26025723452759003,134658.87586805565,4545.70312500002,139204.57899305568,1544,136,681.9375,29,3,20,29.97499330924662,0.6842672413793103,40.52083333333334,1037.9166666666677,35.79022988505751,0
1575,4,0,0,32,0.0,0.0,1.0,32,700,400,300,0.5714285714285714,10,4,6,408.39514697433066,0.7083753360215055,0.045595906902086814,0.2622991510979463,134767.01388888885,4607.638888888884,139374.65277777772,1545,137,682.9375,29,3,20,29.815409309791328,0.6853448275862069,40.416666666666664,1038.333333333333,35.80459770114941,0
1576,4,0,0,32,0.0,0.0,1.0,32,800,500,300,0.625,11,5,6,401.58386156740397,0.7083753360215055,0.030069362455726,0.2345803660328215,131224.81871097808,4139.553886287422,135364.3725972655,1546,138,683.9375,30,2,22,33.56426822335912,0.6468750000000001,43.8508064516129,1024.596774193548,34.1532258064516,7
1577,4,0,0,32,0.0,0.0,1.0,32,500,300,200,0.6,7,3,4,391.23216434251844,0.7083753360215055,0.030528661195178053,0.2151500999677687,128870.65463595928,3683.669026692717,132554.323662652,1547,139,684.9375,31,1,19,36.227772078310664,0.6202956989247311,46.15885416666667,1015.3645833333339,32.75369623655916,4
1578,4,1,1,32,0.030303030303030304,0.030303030303030304,0.9696969696969697,33,450,200,250,0.4444444444444444,7,2,5,381.4343684414389,0.7181976010101011,0.02482830290981397,0.2108367992593887,129073.05377002344,3246.579749515352,132319.6335195388,1548,0,665.1515151515151,32,1,19,36.269621852220006,0.6197916666666667,45.95959595959596,1016.1616161616159,31.755050505050498,0
1579,4,1,0,33,0.030303030303030304,0.0,1.0,33,350,100,250,0.2857142857142857,6,1,5,382.15722516662026,0.719302398989899,0.042752450894814276,0.21245765735063837,129300.69181654179,3282.7024883499407,132583.39430489173,1549,0,666.1212121212121,31,2,20,36.01878227286305,0.6246639784946237,45.73567708333333,1017.0572916666658,32.80829973118277,0
1580,4,2,1,34,0.05714285714285714,0.02857142857142857,0.9714285714285714,35,550,300,250,0.5454545454545454,8,3,5,362.48991965847114,0.7448879551820727,0.04321093669494691,0.2045584227760624,129887.55076172615,2416.5855680507293,132304.13632977687,1550,0,629.0,33,2,20,35.92159573615451,0.6256313131313131,45.159313725490186,1019.3627450980383,30.889780154486008,0
1581,4,0,0,34,0.0,0.0,1.0,34,550,500,50,0.9090909090909091,6,5,1,372.8444880529569,0.7311720142602496,0.04823966761425802,0.20982252570344198,129779.68606519721,2877.5281221303676,132657.21418732757,1551,1,648.5,32,2,20,35.76750309789344,0.6269531250000002,45.2651515151515,1018.9393939393922,31.841856060606005,0
1582,4,2,1,35,0.05555555555555555,0.027777777777777776,0.9722222222222222,36,1200,800,400,0.6666666666666666,16,8,8,354.6855476884629,0.75244708994709,0.03911564625850339,0.2020882771713338,130262.58680555565,2042.2448921028558,132304.83169765852,1552,0,613.4166666666666,32,4,21,35.73979591836734,0.6318359375,44.79166666666667,1020.8333333333342,31.901041666666693,0
1583,4,1,0,36,0.027777777777777776,0.0,1.0,36,550,300,250,0.5454545454545454,8,3,5,354.72523365727835,0.74619708994709,0.06437955523577332,0.20358249989456567,130544.21864487191,2061.465692281785,132605.6843371537,1553,0,614.3888888888889,33,3,19,35.45326677859056,0.6322601010101011,44.515931372549005,1021.9362745098019,30.967765894236422,0
1584,4,1,1,36,0.02702702702702703,0.02702702702702703,0.972972972972973,37,650,300,350,0.46153846153846156,10,3,7,345.73432823916585,0.7626376376376376,0.06565504051537596,0.19963369275745363,130779.59183673456,1642.9988662131345,132422.5907029477,1554,0,598.7567567567568,34,3,20,35.44479360645561,0.6323529411764707,44.28571428571428,1022.8571428571418,30.084033613445346,0
1585,4,0,0,36,0.0,0.0,1.0,36,600,400,200,0.6666666666666666,8,4,4,357.53123825089665,0.7517857142857144,0.0638782358581016,0.20602490690369354,130700.81218762013,2145.924644367545,132846.73683198768,1555,1,616.3333333333334,33,3,20,35.222914669223385,0.6338383838383839,44.36274509803921,1022.5490196078431,30.986333927510398,0
1586,4,1,1,36,0.02702702702702703,0.02702702702702703,0.972972972972973,37,800,600,200,0.75,10,6,4,348.7230215934392,0.7643268268268268,0.061855994165834316,0.20231582588801528,130962.30867346916,1733.9143990929506,132696.2230725621,1556,0,600.6486486486486,34,3,21,35.183569822439345,0.6341911764705883,44.10714285714285,1023.5714285714267,30.105042016806667,0
1587,4,0,0,36,0.0,0.0,1.0,36,750,500,250,0.6666666666666666,10,5,5,356.57872279393314,0.7505952380952381,0.056174318030605574,0.20647935751243693,130888.84833958093,2134.4356737793173,133023.28401336024,1557,3,618.3333333333334,33,3,21,35.05688622754491,0.6357323232323233,44.17892156862745,1023.2843137254903,31.0086155674391,0
1588,4,0,0,36,0.0,0.0,1.0,36,1100,800,300,0.7272727272727273,14,8,6,355.96791285244905,0.7505621693121693,0.06035423068225665,0.20662960222769328,130982.91710219627,2125.1431240388292,133108.0602262351,1558,4,619.3333333333334,33,3,21,34.97732850472883,0.6366792929292929,44.08700980392157,1023.6519607843137,31.019756387403447,0
1589,4,1,0,37,0.02702702702702703,0.0,1.0,37,600,300,300,0.5,9,3,6,347.6766474981823,0.7581331331331331,0.06438145462535694,0.20363917924893515,131328.1249999999,1731.94444444443,133060.06944444435,1559,0,603.5675675675676,34,3,22,34.84078590785908,0.6378676470588236,43.74999999999999,1024.9999999999993,30.14705882352939,0
1590,4,0,0,37,0.0,0.0,1.0,37,800,400,400,0.5,12,4,8,348.13756456010697,0.7581331331331331,0.062458417544344114,0.20423438051714152,131389.14399092947,1748.2993197278606,133137.44331065734,1560,1,604.5675675675676,34,3,22,34.76737885121537,0.6384803921568629,43.690476190476176,1025.2380952380931,30.1540616246498,0
1591,4,1,0,38,0.02631578947368421,0.0,1.0,38,500,300,200,0.6,7,3,4,339.1372974121121,0.7628911806543386,0.06719606865607863,0.2004979702300405,131684.26890432087,1331.8094135802344,133016.0783179011,1561,0,589.6315789473684,35,3,21,34.700608930987826,0.6392857142857145,43.40277777777777,1026.388888888888,29.3253968253968,0
1592,4,0,0,38,0.0,0.0,1.0,38,950,600,350,0.631578947368421,13,6,7,337.5367210323603,0.7622392128971076,0.06300128138199446,0.20017552065501976,131803.09070644696,1297.676611796955,133100.76731824392,1562,1,590.6315789473684,35,3,21,34.622031860535024,0.6404761904761906,43.287037037037024,1026.85185185185,29.33862433862428,0
1593,4,0,1,37,0.0,0.02631578947368421,0.9736842105263158,38,800,400,400,0.5,12,4,8,339.11887323943665,0.7599869606448554,0.06989177168272764,0.20158606831882103,131892.24222232928,1345.4297142918222,133237.6719366211,1563,2,591.6315789473684,35,3,21,34.491666666666674,0.6413690476190477,43.200231481481474,1027.1990740740732,29.34854497354495,0
1594,4,1,0,38,0.02631578947368421,0.0,1.0,38,800,400,400,0.5,12,4,8,340.79620160701216,0.7492887624466572,0.08214793741109494,0.20337837837837827,132040.89506172834,1399.8070987654196,133440.70216049376,1564,0,592.3684210526316,35,3,22,34.29898648648648,0.6428571428571429,43.05555555555555,1027.7777777777774,29.365079365079353,0
1595,4,0,0,38,0.0,0.0,1.0,38,450,200,250,0.4444444444444444,7,2,5,340.79620160701216,0.7492887624466572,0.08214793741109494,0.20337837837837827,132040.89506172834,1399.8070987654196,133440.70216049376,1565,1,593.3684210526316,35,3,22,34.29898648648648,0.6428571428571429,43.05555555555555,1027.7777777777774,29.365079365079353,0
1596,4,1,0,39,0.02564102564102564,0.0,1.0,39,1050,600,450,0.5714285714285714,15,6,9,336.30902190363724,0.7590530814215025,0.09177486181871664,0.20276583944332544,132427.78427479873,1107.81397355112,133535.59824834985,1566,0,579.1282051282051,35,4,23,34.02547415570299,0.6467261904761903,42.67939814814816,1029.282407407409,29.408068783068828,0
1597,4,0,0,39,0.0,0.0,1.0,39,900,600,300,0.6666666666666666,12,6,6,346.5854444985071,0.759952766531714,0.1066133353085692,0.19403179736479764,129575.43372741256,1266.6817980293722,130842.11552544193,1567,1,580.1282051282051,33,6,19,36.64389744824267,0.6224747474747474,45.46568627450981,1018.137254901961,30.852644087938213,6
1598,4,1,0,40,0.025,0.0,1.0,40,850,600,250,0.7058823529411765,11,6,5,346.74668510712485,0.7697649572649573,0.1249777728384085,0.18818013706839026,128344.14439777612,902.3985342948341,129246.54293207095,1568,0,566.6,36,4,17,37.89406905238201,0.603587962962963,46.677927927927925,1013.2882882882881,28.14689689689689,8
1599,4,3,2,41,0.06976744186046512,0.046511627906976744,0.9534883720930233,43,1250,900,350,0.72,16,9,7,327.5027721880628,0.790282392026578,0.12875025298287102,0.18078659379150036,129020.64252635694,-149.07638062658776,128871.56614573035,1569,0,528.0,40,3,18,37.69297455903436,0.6033854166666666,46.01117886178863,1015.9552845528477,25.398882113821195,0
1600,4,1,0,42,0.023809523809523808,0.0,1.0,42,1050,600,450,0.5714285714285714,15,6,9,358.60805755572096,0.7841898954703833,0.17652822253023004,0.19038711972185646,127461.32270361604,782.7614245333166,128244.08412814935,1570,0,541.4761904761905,36,6,16,38.49763949295566,0.5946180555555554,47.55067567567569,1009.7972972972993,28.04992492492498,4
1601,4,2,3,41,0.045454545454545456,0.06818181818181818,0.9318181818181819,44,1150,900,250,0.782608695652174,14,9,5,348.51233934276877,0.8032945736434108,0.17754061527825749,0.18705866376969046,127901.25739644993,115.033284023693,128016.29068047363,1571,0,517.8181818181819,38,6,16,38.30204372623574,0.5953947368421051,47.11538461538463,1011.5384615384635,26.61943319838062,0
1602,4,1,0,42,0.023809523809523808,0.0,1.0,42,800,500,300,0.625,11,5,6,360.07550150683886,0.7828348819202477,0.19822529145318146,0.19265541433423156,127774.23327043279,801.674224900597,128575.90749533338,1572,0,543.2857142857143,36,6,17,38.13975829806191,0.5978009259259258,47.240990990991,1011.0360360360377,28.08433433433438,0
1603,4,5,4,43,0.10638297872340426,0.0851063829787234,0.9148936170212766,47,1100,800,300,0.7272727272727273,14,8,6,327.2423103158307,0.8232346592661116,0.19316371134723354,0.179587703045853,128788.44024720766,-970.4588566843204,127817.98139052335,1573,0,486.3829787234043,40,7,15,37.935731210786294,0.6010416666666665,46.239837398374,1015.0406504065065,25.376016260162665,0
1604,4,1,0,44,0.022727272727272728,0.0,1.0,44,1550,1100,450,0.7096774193548387,20,11,9,349.2525346968593,0.8000792811839323,0.20944963144963213,0.19070755288937108,128588.99493113252,182.00648276391757,128771.00141389643,1574,0,520.5227272727273,37,7,18,37.580630630630644,0.6041666666666667,46.436403508771924,1014.2543859649112,27.412280701754355,0
1605,4,0,0,44,0.0,0.0,1.0,44,1200,600,600,0.5,18,6,12,347.7623961255034,0.8011363636363636,0.21137296893726565,0.1904256339494323,128700.23108071701,151.42014850721654,128851.65122922423,1575,1,521.5227272727273,37,7,18,37.504952813197896,0.6052927927927929,46.326754385964904,1014.6929824561392,27.424134660976737,0
1606,4,0,0,44,0.0,0.0,1.0,44,1200,700,500,0.5833333333333334,17,7,10,348.96370277418856,0.7991102889358703,0.2215295503632433,0.1918885919055215,128867.17547706973,193.99334410585882,129061.16882117558,1576,2,522.5227272727273,37,7,18,37.30426565874729,0.6069819819819819,46.162280701754376,1015.3508771929813,27.441915599810308,0
1607,4,1,0,45,0.022222222222222223,0.0,1.0,45,1200,700,500,0.5833333333333334,17,7,10,340.58275377637915,0.8044612794612795,0.22633931246030992,0.18900202727518617,129229.25954380182,-196.91575773315623,129032.34378606867,1577,0,511.8888888888889,37,8,19,37.1485091124771,0.6106418918918919,45.805921052631575,1016.7763157894726,27.480440967283045,0
1608,4,0,0,45,0.0,0.0,1.0,45,900,500,400,0.5555555555555556,13,5,8,342.20260933840166,0.803872053872054,0.22433953677756246,0.1905735779977004,129368.65790435509,-145.94153970453644,129222.71636465055,1578,1,512.8888888888889,37,8,19,36.965581662714676,0.6120495495495495,45.6688596491228,1017.3245614035079,27.495258416311025,0
1609,4,2,1,46,0.0425531914893617,0.02127659574468085,0.9787234042553191,47,1000,800,200,0.8,12,8,4,328.888538290227,0.8165279062596361,0.22410101111113545,0.18573757208577313,129917.22140842004,-854.3429904513998,129062.87841796863,1579,0,492.02127659574467,39,8,15,36.74783300977488,0.6140491452991453,45.13020833333333,1019.4791666666658,26.14049145299143,0
1610,4,3,1,48,0.061224489795918366,0.02040816326530612,0.9795918367346939,49,1550,1000,550,0.6451612903225806,21,10,11,318.6577764724513,0.8208262471655329,0.24661538742623312,0.18253371093319365,130470.1558781973,-1484.475604527645,128985.68027366966,1580,0,472.8775510204082,40,9,18,36.44952584634771,0.6179687500000002,44.58841463414633,1021.6463414634129,25.54115853658532,0
1611,4,0,1,47,0.0,0.020833333333333332,0.9791666666666666,48,1050,800,250,0.7619047619047619,13,8,5,329.8835188639827,0.8180592494089834,0.2547920065252851,0.18898934305011364,130475.3472222223,-991.6666666666601,129483.68055555565,1581,1,483.5625,39,9,19,36.15755845568242,0.6196581196581197,44.583333333333336,1021.6666666666673,26.196581196581214,0
1612,4,1,0,48,0.020833333333333332,0.0,1.0,48,1300,900,400,0.6923076923076923,17,9,8,339.1904320462762,0.8170619089834515,0.2515462991479316,0.1857253512401786,128698.84033203122,-832.5113932291672,127866.32893880205,1582,0,484.3958333333333,39,9,16,37.723817712076126,0.6017628205128205,46.328125,1014.6874999999998,26.0176282051282,5
1613,4,0,2,46,0.0,0.041666666666666664,0.9583333333333334,48,1600,1200,400,0.75,20,12,8,341.98064361938384,0.8178191489361702,0.25343502853138444,0.18779794662529004,128814.23017259905,-789.6053316478215,128024.62484095123,1583,1,485.3958333333333,40,8,17,37.53545566790136,0.6013020833333333,46.21443089430895,1015.1422764227648,25.37855691056912,0
1614,4,0,1,45,0.0,0.021739130434782608,0.9782608695652174,46,850,300,550,0.35294117647058826,14,3,11,355.8077481907463,0.8107286634460548,0.26603071963070524,0.19436356509337963,128604.67916757951,-48.29173971805346,128556.38742786145,1584,2,507.0652173913044,38,8,17,37.39840074432974,0.6025219298245614,46.420940170940156,1014.3162393162369,26.692532613585183,0
1615,4,1,1,45,0.021739130434782608,0.021739130434782608,0.9782608695652174,46,800,500,300,0.625,11,5,6,363.57689772507166,0.8116143317230274,0.25810259611638675,0.20034579438592098,128950.68825263517,180.8416204283941,129131.52987306357,1585,0,507.30434782608694,37,9,20,36.84810086724963,0.6078265765765767,46.08004385964911,1015.6798245614013,27.450806069227063,3
1616,4,1,1,45,0.021739130434782608,0.021739130434782608,0.9782608695652174,46,1250,800,450,0.64,17,8,9,366.313962239772,0.8113123993558776,0.2605810238292956,0.20242286750602065,129062.08070031164,255.44843124807116,129317.52913155971,1586,0,508.17391304347825,37,9,20,36.66493561382683,0.6089527027027027,45.9703947368421,1016.1184210526316,27.462660028449502,0
1617,4,2,1,46,0.0425531914893617,0.02127659574468085,0.9787234042553191,47,1400,900,500,0.6428571428571429,19,9,10,354.93300024829085,0.8156799259944495,0.25836816007079255,0.19808377482287345,129452.33298947745,-210.54386926747242,129241.78912020999,1587,0,498.3191489361702,37,10,18,36.556652479977025,0.6128941441441441,45.58662280701754,1017.6535087719292,27.504148885727815,0
1618,4,0,1,45,0.0,0.021739130434782608,0.9782608695652174,46,1150,800,350,0.6956521739130435,15,8,7,365.77950735746106,0.8093397745571659,0.2640040221119937,0.2041722920314626,129459.11864144565,270.6985279198309,129729.81716936547,1588,1,510.1521739130435,36,10,18,36.27379108111099,0.6148726851851851,45.579954954954964,1017.6801801801813,28.268893893893924,0
1619,4,0,0,45,0.0,0.0,1.0,45,900,600,300,0.6666666666666666,12,6,6,373.0802646490053,0.8066919191919192,0.27221274283041996,0.20797391290611325,129407.39300679443,655.8688861025402,130063.26189289698,1589,2,522.3111111111111,35,10,22,36.1407737079589,0.6163690476190475,45.63078703703704,1017.4768518518521,29.070767195767203,0
1620,4,1,1,45,0.021739130434782608,0.021739130434782608,0.9782608695652174,46,1200,800,400,0.6666666666666666,16,8,8,365.76917745298033,0.8086352657004832,0.26894396210006377,0.2059642368868711,129803.15778193736,295.59885053973085,130098.75663247709,1590,0,511.9347826086956,36,10,20,35.92385898994363,0.6183449074074074,45.24211711711712,1019.0315315315316,28.306431431431434,0
1621,4,0,0,45,0.0,0.0,1.0,45,1200,1100,100,0.9166666666666666,13,11,2,372.6706062015458,0.8046717171717173,0.2746222987186844,0.2102151671874738,129871.11418898107,679.8293705755436,130550.94355955662,1591,1,523.6666666666666,37,8,20,35.678876219162355,0.6171171171171171,45.17543859649122,1019.2982456140339,27.548601232811727,0
1622,4,1,0,46,0.021739130434782608,0.0,1.0,46,1200,900,300,0.75,15,9,6,365.25731202543795,0.8111312399355878,0.2766810835419986,0.20738450236878325,130126.2932372708,305.91601833589266,130432.2092556067,1592,0,513.2608695652174,38,8,21,35.60842059336825,0.6178728070175439,44.925213675213676,1020.2991452991454,26.849977507872246,0
1623,4,0,0,46,0.0,0.0,1.0,46,1600,1200,400,0.75,20,12,8,367.2810712430809,0.8105475040257649,0.27452568957707846,0.20941543504864196,130290.57167830471,370.7234869901901,130661.2951652949,1593,1,514.2608695652174,37,9,22,35.38992857909998,0.6213400900900901,44.764254385964904,1020.9429824561391,27.593053579895653,0
1624,4,1,1,46,0.02127659574468085,0.02127659574468085,0.9787234042553191,47,1150,800,350,0.6956521739130435,15,8,7,360.786942779302,0.8153715695343817,0.27490091236248926,0.2071601377327014,130562.68376981524,21.06230367448896,130583.74607348973,1594,0,504.29787234042556,38,9,15,35.27967976862499,0.6222587719298245,44.49786324786325,1022.0085470085475,26.894961763382828,0
1625,4,3,4,45,0.061224489795918366,0.08163265306122448,0.9183673469387755,49,700,400,300,0.5714285714285714,10,4,6,360.0474224820964,0.825857426303855,0.294880441012368,0.2096012637985031,131093.85456945284,-359.99911180512845,130733.85545764772,1595,0,484.6530612244898,40,9,16,34.76067612715425,0.6242187499999999,43.97865853658537,1024.0853658536596,25.60213414634149,0
1626,4,0,0,45,0.0,0.0,1.0,45,1300,1000,300,0.7692307692307693,16,10,6,384.28626716233873,0.8080387205387206,0.3071285287929937,0.22206465972663395,130809.21292914539,1053.6368293969665,131862.84975854235,1596,1,522.2666666666667,36,9,17,34.428895126963155,0.6284722222222222,44.25675675675676,1022.9729729729733,28.415915915915924,0
1627,4,0,0,45,0.0,0.0,1.0,45,1500,1000,500,0.6666666666666666,20,10,10,394.33396410411586,0.8080387205387206,0.3292495231998296,0.22485942881255203,130293.8642138839,1278.9408237070566,131572.80503759097,1597,2,523.2666666666667,33,12,19,34.696089905173444,0.6297348484848486,44.761029411764696,1020.9558823529397,30.938057040998174,1
1628,4,0,1,44,0.0,0.022222222222222223,0.9777777777777777,45,1350,700,650,0.5185185185185185,20,7,13,395.9480425474168,0.8080387205387206,0.3347833967736098,0.2268375234407158,130475.34722222188,1332.2916666666288,131807.63888888853,1598,3,524.2666666666667,34,11,19,34.47016041326808,0.6292892156862746,44.583333333333314,1021.6666666666639,30.049019607843057,0
1629,4,1,1,44,0.022222222222222223,0.022222222222222223,0.9777777777777777,45,1700,1300,400,0.7647058823529411,21,13,8,400.2423264697913,0.8066077441077442,0.3376949459651848,0.22983815202295357,130566.58340419493,1451.6546201813956,132018.23802437633,1599,0,525.0,34,11,17,34.26761793826442,0.6302083333333334,44.49404761904761,1022.0238095238088,30.05952380952379,0
1630,4,0,0,44,0.0,0.0,1.0,44,1050,900,150,0.8571428571428571,12,9,3,413.660410616205,0.8017309725158562,0.35305501646350756,0.23721461511127356,130512.91120001924,1997.6048875432534,132510.5160875625,1600,5,537.9318181818181,33,11,18,33.97947149596226,0.6319444444444444,44.54656862745098,1021.8137254901962,30.964052287581705,0
1631,4,2,1,45,0.043478260869565216,0.021739130434782608,0.9782608695652174,46,1400,1100,300,0.7857142857142857,17,11,6,388.83762921325024,0.8168478260869565,0.3300418215613383,0.22738548317035723,131267.12018140592,1013.3953336236473,132280.51551502958,1601,0,515.5,34,12,19,33.84787407063197,0.6372549019607843,43.80952380952381,1024.7619047619048,30.140056022408967,1
1632,4,0,0,45,0.0,0.0,1.0,45,1150,800,350,0.6956521739130435,15,8,7,385.8046816230807,0.810858585858586,0.31077127306518015,0.22708756576548417,131516.61169982693,1157.6458647184288,132674.25756454535,1602,1,527.9555555555555,33,12,20,33.672839506172835,0.6420454545454546,43.56617647058823,1025.7352941176466,31.082887700534744,4
1633,4,1,2,44,0.021739130434782608,0.043478260869565216,0.9565217391304348,46,1400,900,500,0.6428571428571429,19,9,10,378.16273049388997,0.8140499194847021,0.3028232898735512,0.22452924129186438,131847.23816609982,771.9423185941071,132619.18048469393,1603,0,517.4565217391304,34,12,18,33.53449441675361,0.6430759803921569,43.24404761904762,1027.0238095238099,30.20658263305323,0
1634,4,0,1,43,0.0,0.022727272727272728,0.9772727272727273,44,1300,900,400,0.6923076923076923,17,9,8,397.8445148812382,0.8118173009161381,0.2635238324893494,0.22386176434362234,129774.47041636251,1526.0122453534836,131300.482661716,1604,3,518.2727272727273,36,8,18,35.13598769525495,0.6180555555555556,45.27027027027028,1018.9189189189206,28.30330330330335,7
1635,4,1,0,44,0.022727272727272728,0.0,1.0,44,800,200,600,0.25,14,2,12,397.51843112593116,0.8109584214235377,0.2752224029560013,0.22466491107454312,129946.64216581451,1531.237064767476,131477.87923058198,1605,0,519.1818181818181,36,8,19,34.96866026065828,0.6197916666666666,45.101351351351354,1019.594594594595,28.322072072072086,0
1636,4,0,0,44,0.0,0.0,1.0,44,1750,1200,550,0.6857142857142857,23,12,11,394.6688646816244,0.8108483086680761,0.27676187799835383,0.2237115504559547,130061.48674011853,1466.2438621053495,131527.7306022239,1606,1,520.1818181818181,36,8,20,34.924238242437625,0.6209490740740742,44.98873873873874,1020.0450450450453,28.33458458458459,0
1637,4,1,0,45,0.022222222222222223,0.0,1.0,45,1600,1400,200,0.875,18,14,4,383.94286127005296,0.8205808080808081,0.2701416430594905,0.21959142908024723,130410.31867551855,1014.3328774963184,131424.65155301488,1607,0,509.6,35,10,21,34.8428942398489,0.6264880952380952,44.64699074074073,1021.4120370370359,29.183201058201025,0
1638,4,0,0,45,0.0,0.0,1.0,45,1250,900,350,0.72,16,9,7,385.0329113830453,0.8207491582491583,0.27301155676410627,0.22038265083441996,130439.87509645053,1044.7289737654207,131484.60407021595,1608,1,510.6,35,10,21,34.78501019714479,0.6267857142857144,44.61805555555555,1021.527777777777,29.186507936507915,0
1639,4,3,2,46,0.0625,0.041666666666666664,0.9583333333333334,48,1250,600,650,0.48,19,6,13,358.18422583653387,0.8342567966903073,0.2560967856779577,0.20848485045582965,131088.00048828122,-209.26920572916703,130878.73128255205,1609,0,479.625,39,9,18,34.814299155731874,0.625801282051282,43.984375,1024.0624999999998,26.258012820512814,0
1640,4,0,0,46,0.0,0.0,1.0,46,900,600,300,0.6666666666666666,12,6,6,374.09562425221947,0.8211956521739131,0.2743279868888777,0.21647817483163181,130863.12601587042,591.0645637007816,131454.1905795712,1610,1,501.4782608695652,38,8,18,34.6348456371167,0.6252741228070176,44.20405982905983,1023.1837606837607,26.925888439046336,0
1641,4,1,1,46,0.02127659574468085,0.02127659574468085,0.9787234042553191,47,1500,1400,100,0.9333333333333333,16,14,2,370.1036997333044,0.8268578476719086,0.27516951371800413,0.2154227040898828,131088.00048828142,303.2307942708478,131391.23128255227,1611,0,491.78723404255317,39,8,19,34.50914199979656,0.6258012820512819,43.98437500000001,1024.0625000000014,26.258012820512857,0
1642,4,0,0,46,0.0,0.0,1.0,46,400,200,200,0.5,6,2,4,377.543637431444,0.8203904991948471,0.27181287239690866,0.2190942210921057,130972.4633487654,689.5640432098746,131662.02739197528,1612,1,503.3478260869565,38,8,20,34.43577566711894,0.6263706140350876,44.09722222222222,1023.611111111111,26.93713450292397,0
1643,4,0,0,46,0.0,0.0,1.0,46,850,600,250,0.7058823529411765,11,6,5,375.01517761998,0.8199074074074074,0.2710003362177271,0.21782796487288217,131008.00781250013,625.9982638889022,131634.00607638902,1613,2,504.3478260869565,39,7,20,34.46445529778864,0.625,44.06250000000001,1023.750000000001,26.250000000000025,0
1644,4,0,0,46,0.0,0.0,1.0,46,1000,500,500,0.5,15,5,10,376.8085705175966,0.8198872785829308,0.2703468440771979,0.2190213743120911,131034.66932508697,674.9972873264074,131709.6666124134,1614,3,505.3478260869565,39,7,20,34.391532709329546,0.6252670940170939,44.03645833333334,1023.854166666668,26.252670940170976,0
1645,4,0,0,46,0.0,0.0,1.0,46,1200,900,300,0.75,15,9,6,379.70549815014795,0.8196457326892109,0.2752318530999982,0.2210115306284256,131088.0004882814,754.9669053819587,131842.96739366336,1615,4,506.3478260869565,39,7,20,34.26332095751534,0.6258012820512819,43.98437500000001,1024.0625000000011,26.25801282051285,0
1646,4,0,0,46,0.0,0.0,1.0,46,1150,800,350,0.6956521739130435,15,8,7,377.19701105449406,0.8187600644122384,0.27302544335802814,0.2203153088320668,131221.37586805562,699.2621527777869,131920.6380208334,1616,5,507.3478260869565,39,7,21,34.192422393927075,0.6271367521367521,43.85416666666667,1024.583333333334,26.271367521367537,0
1647,4,0,0,46,0.0,0.0,1.0,46,1200,900,300,0.75,15,9,6,378.0387565343236,0.8192632850241546,0.2700057888527021,0.22126849051405206,131301.43364800367,727.4061414930804,132028.83978949676,1617,6,508.3478260869565,39,7,21,34.0897830064031,0.6279380341880341,43.77604166666668,1024.895833333335,26.279380341880387,0
1648,4,1,1,46,0.02127659574468085,0.02127659574468085,0.9787234042553191,47,1300,1100,200,0.8461538461538461,15,11,4,369.0008162867821,0.825431699044095,0.26921555342339887,0.21772444128699323,131609.25116381986,312.79236008918315,131922.04352390906,1618,0,498.51063829787233,37,10,17,34.01011612167842,0.634572072072072,43.475877192982466,1026.096491228072,27.7323376007587,0
1649,4,0,0,46,0.0,0.0,1.0,46,1150,700,450,0.6086956521739131,16,7,9,374.0934378091406,0.8176932367149758,0.27627547367918637,0.2204392767426438,131559.0823086601,643.0778751724749,132202.16018383257,1619,8,510.3478260869565,36,10,18,33.930204903036945,0.6359953703703705,43.52477477477478,1025.9009009009014,28.497247247247262,0
1650,4,0,1,45,0.0,0.021739130434782608,0.9782608695652174,46,1550,1100,450,0.7096774193548387,20,11,9,344.0523395227926,0.8166867954911433,0.19771835360431078,0.19970480451804412,130981.34901258704,-184.44578116437444,130796.90323142266,1620,9,511.3478260869565,39,7,17,35.28384807163936,0.6247329059829059,44.08854166666668,1023.6458333333353,26.24732905982911,8
1651,4,0,0,45,0.0,0.0,1.0,45,850,700,150,0.8235294117647058,10,7,3,351.9187939383112,0.8106902356902357,0.20161447459986093,0.20407881633952904,130945.12473518869,216.41007378185643,131161.53480897055,1621,12,523.5111111111111,38,7,17,35.119171885873364,0.6260964912280702,44.12393162393162,1023.5042735042723,26.934322986954534,0
1652,4,1,1,45,0.021739130434782608,0.021739130434782608,0.9782608695652174,46,550,300,250,0.5454545454545454,8,3,5,344.50550471734925,0.8148550724637681,0.19792048956707498,0.2008015784164607,131141.34250217004,-164.21712239583806,130977.1253797742,1622,0,513.1086956521739,39,7,17,35.11061815654769,0.6263354700854702,43.932291666666664,1024.2708333333326,26.26335470085468,0
1653,4,0,2,43,0.0,0.044444444444444446,0.9555555555555556,45,1500,1100,400,0.7333333333333333,19,11,8,351.0821198332604,0.8109006734006734,0.19563054866280694,0.20410573325563186,131041.82287535531,201.28819237887907,131243.1110677342,1623,14,525.5111111111111,40,5,17,35.042803970223325,0.6236979166666667,44.02947154471545,1023.8821138211384,25.59705284552846,0
1654,4,3,0,46,0.06521739130434782,0.0,1.0,46,450,100,350,0.2222222222222222,8,1,7,336.7693870275675,0.8263083735909823,0.20821749092127528,0.19838402786740483,131547.2334082108,-338.84651585724896,131208.38689235356,1624,0,508.5652173913044,38,8,20,34.899413316670135,0.6321271929824562,43.536324786324776,1025.8547008546993,26.99617633828156,0
1655,4,0,2,44,0.0,0.043478260869565216,0.9565217391304348,46,1300,900,400,0.6923076923076923,17,9,8,337.5892767157099,0.8261272141706925,0.20830994332071784,0.19915278953179827,131602.03904594915,-314.5125648330927,131287.52648111605,1625,1,509.5652173913044,38,8,16,34.82316395946134,0.6326754385964912,43.482905982905976,1026.0683760683748,27.00179937022039,0
1656,4,1,2,43,0.022222222222222223,0.044444444444444446,0.9555555555555556,45,1550,1200,350,0.7741935483870968,19,12,7,346.20287270999563,0.8177609427609428,0.20641965019504416,0.20350283987405043,131465.04635336742,102.715341697692,131567.7616950651,1626,0,521.8222222222222,38,7,19,34.74038094245929,0.6313048245614037,43.61645299145298,1025.5341880341862,26.98774179037332,0
1657,4,1,1,43,0.022727272727272728,0.022727272727272728,0.9772727272727273,44,1350,1100,250,0.8148148148148148,16,11,5,359.4869763937429,0.8121256166314306,0.2226168259892598,0.20382313839711735,130071.7957849368,590.9172054204074,130662.7129903572,1627,0,533.3863636363636,38,6,17,35.81094644602708,0.6173245614035088,44.97863247863248,1020.08547008547,26.84435447593342,5
1658,4,2,2,43,0.044444444444444446,0.044444444444444446,0.9555555555555556,45,1300,800,500,0.6153846153846154,18,8,10,355.7150029975427,0.8222222222222223,0.25733652597596035,0.20517958150637458,130738.73842191815,301.4257956482566,131040.16421756642,1628,0,522.0888888888888,37,8,17,35.23093795790002,0.6258445945945947,44.325657894736835,1022.6973684210516,27.640469416785177,0
1659,4,1,1,43,0.022727272727272728,0.022727272727272728,0.9772727272727273,44,1100,700,400,0.6363636363636364,15,7,8,364.2871930369322,0.8166182170542636,0.266896558627455,0.21019417326311443,130751.61944038642,726.2280861943163,131477.84752658074,1629,0,533.4772727272727,36,8,18,34.998715407766284,0.6278935185185185,44.31306306306307,1022.7477477477485,28.40965965965968,0
1660,4,1,1,43,0.022727272727272728,0.022727272727272728,0.9772727272727273,44,950,700,250,0.7368421052631579,12,7,5,364.1177500743897,0.8183800211416491,0.2644846350832264,0.21103967555332,130924.43795146511,734.3823553283142,131658.8203067934,1630,0,534.4090909090909,36,8,18,34.82797828638498,0.6296296296296295,44.14414414414415,1023.4234234234244,28.428428428428457,0
1661,4,0,0,43,0.0,0.0,1.0,43,1000,700,300,0.7,13,7,6,371.0189875442819,0.8136766334440753,0.24066528286420663,0.2074451363923689,129525.18332315257,1011.2604756087276,130536.44379876129,1631,2,547.8372093023256,35,8,18,36.07317130945613,0.6175595238095237,45.515046296296305,1017.9398148148159,29.08399470899474,3
1662,4,0,1,42,0.0,0.023255813953488372,0.9767441860465116,43,1550,1300,250,0.8387096774193549,18,13,5,372.1546831938643,0.8120616463639719,0.24730108907594994,0.20917659779517192,129731.44531249997,1056.0329861111106,130787.47829861108,1632,3,548.8372093023256,35,8,18,35.83418541240628,0.6196428571428572,45.3125,1018.7499999999998,29.10714285714285,0
1663,4,0,0,42,0.0,0.0,1.0,42,1600,900,700,0.5625,23,9,14,384.52010819356735,0.8030149051490515,0.26102014587819,0.2163778833680959,129776.92920918351,1580.3677721088206,131357.29698129234,1633,5,562.8333333333334,34,8,18,35.47289402967636,0.6222426470588236,45.26785714285713,1018.9285714285701,29.968487394957943,0
1664,4,0,0,42,0.0,0.0,1.0,42,850,600,250,0.7058823529411765,11,6,5,384.52010819356735,0.802748741773132,0.26102014587819,0.2163778833680959,129776.92920918351,1580.3677721088206,131357.29698129234,1634,6,563.8333333333334,34,8,18,35.47289402967636,0.6222426470588236,45.26785714285713,1018.9285714285701,29.968487394957943,0
1665,4,1,0,43,0.023255813953488372,0.0,1.0,43,1000,800,200,0.8,12,8,4,376.8272574625129,0.807124400147656,0.2665435502380984,0.21389132482498666,130114.93866008628,1206.171098036655,131321.10975812294,1635,0,551.6976744186046,35,8,19,35.32484874267346,0.6235119047619049,44.936342592592574,1020.2546296296272,29.150132275132204,0
1666,4,1,0,44,0.022727272727272728,0.0,1.0,44,1050,900,150,0.8571428571428571,12,9,3,370.95674333436597,0.8179175475687104,0.27243589743589736,0.212187257187257,130414.54081632635,875.7981179225574,131290.3389342489,1636,0,540.1363636363636,34,10,20,35.17021173271173,0.6286764705882353,44.64285714285713,1021.42857142857,30.042016806722646,0
1667,4,0,0,44,0.0,0.0,1.0,44,1350,1000,350,0.7407407407407407,17,10,7,369.76459120982986,0.8159355179704018,0.28291749011857714,0.2126146399456521,130617.28395061726,859.5293209876513,131476.81327160491,1637,1,541.1363636363636,35,9,19,34.99490489130435,0.6285714285714286,44.44444444444444,1022.2222222222221,29.206349206349202,0
1668,4,0,0,44,0.0,0.0,1.0,44,1050,700,350,0.6666666666666666,14,7,7,369.82130594192506,0.8157152924594785,0.28090662167167313,0.21329902475867168,130735.62349965707,869.763803155003,131605.38730281207,1638,2,542.1363636363636,35,9,19,34.87343443488758,0.6297619047619047,44.3287037037037,1022.6851851851852,29.21957671957672,0
1669,4,0,0,44,0.0,0.0,1.0,44,700,400,300,0.5714285714285714,10,4,6,372.4183317254787,0.8151647286821706,0.2835650886052514,0.21529140837943148,130824.41332572451,944.2819519461666,131768.6952776707,1639,3,543.1363636363636,35,9,19,34.71699758645397,0.6306547619047618,44.24189814814815,1023.0324074074078,29.22949735449737,0
1670,4,0,0,44,0.0,0.0,1.0,44,850,500,350,0.5882352941176471,12,5,7,372.9373303711118,0.8150325933756166,0.2871470872488744,0.21608858945880552,130913.23329260976,964.4863468792923,131877.71963948905,1640,4,544.1363636363636,35,9,19,34.6136809168363,0.631547619047619,44.155092592592595,1023.3796296296299,29.239417989417998,0
1671,4,1,0,45,0.022222222222222223,0.0,1.0,45,1250,900,350,0.72,16,9,7,370.78863144306035,0.82243265993266,0.3080298562966508,0.21753279738097053,131390.93888168,745.6224824942518,132136.56136417424,1641,0,533.0222222222222,33,12,20,34.1849948203044,0.6407828282828283,43.68872549019607,1025.2450980392146,31.068033273915592,0
1672,4,0,0,45,0.0,0.0,1.0,45,800,500,300,0.625,11,5,6,372.70728149483244,0.8219276094276095,0.3080199702570643,0.21901787440651388,131453.7677816224,798.7552864282916,132252.52306805068,1642,1,534.0222222222222,33,12,20,34.07225940089229,0.6414141414141414,43.627450980392155,1025.490196078431,31.07546048722518,0
1673,4,0,0,45,0.0,0.0,1.0,45,1200,700,500,0.5833333333333334,17,7,10,373.03982351400117,0.8216329966329967,0.3095947287661345,0.21971867117020827,131541.75347222213,814.0624999999948,132355.81597222213,1643,2,535.0222222222222,34,11,20,33.97474952613052,0.6400122549019608,43.541666666666664,1025.8333333333328,30.171568627450966,0
1674,4,0,0,45,0.0,0.0,1.0,45,1150,800,350,0.6956521739130435,15,8,7,375.33120965546124,0.821422558922559,0.3114308182181489,0.22142229267764674,131602.8220663265,878.9292800453452,132481.75134637186,1644,3,536.0222222222222,34,11,18,33.85422709517733,0.640625,43.482142857142854,1026.0714285714282,30.178571428571416,0
1675,4,0,0,45,0.0,0.0,1.0,45,800,600,200,0.75,10,6,4,375.9334377452727,0.8213383838383839,0.30965729678176035,0.2221331162989716,131663.90483276636,899.3728741496518,132563.277706916,1645,4,537.0222222222222,34,11,18,33.77701736070835,0.6412377450980392,43.422619047619044,1026.3095238095232,30.18557422969186,0
1676,4,0,0,45,0.0,0.0,1.0,45,900,500,400,0.5555555555555556,13,5,8,375.56065544379163,0.8208333333333334,0.31129668290419854,0.22209080735503217,131694.4515306121,891.8509070294558,132586.30243764157,1646,5,538.0222222222222,34,11,18,33.755702466558404,0.6415441176470589,43.39285714285713,1026.4285714285702,30.189075630252063,0
1677,4,0,0,45,0.0,0.0,1.0,45,900,700,200,0.7777777777777778,11,7,4,377.8335406042765,0.8196969696969697,0.31696353824556023,0.224333789042883,131847.23816609956,963.261763038524,132810.49992913808,1647,6,539.0222222222222,34,11,19,33.54294656311579,0.643075980392157,43.244047619047606,1027.0238095238078,30.20658263305317,0
1678,4,0,0,45,0.0,0.0,1.0,45,950,700,250,0.7368421052631579,12,7,5,385.94122469086153,0.819486531986532,0.33583955785384,0.22681726678286385,131457.5760764208,1150.4234587162134,132607.99953513703,1648,7,540.0222222222222,32,13,21,33.7291204957728,0.6438802083333333,43.62373737373738,1025.5050505050508,32.04703282828284,1
1679,4,0,0,45,0.0,0.0,1.0,45,1100,700,400,0.6363636363636364,15,7,8,385.94122469086153,0.819486531986532,0.33583955785384,0.22681726678286385,131457.5760764208,1146.9795811651927,132604.555657586,1649,8,541.0222222222222,32,13,21,33.7291204957728,0.6438802083333333,43.62373737373738,1025.5050505050508,32.04703282828284,0
1680,4,0,0,45,0.0,0.0,1.0,45,950,500,450,0.5263157894736842,14,5,9,384.2116165680474,0.8185185185185185,0.34114735042735056,0.2263755898923412,131554.70623214473,1108.9692697173843,132663.6755018621,1650,9,542.0222222222222,32,13,16,33.67512820512821,0.6448567708333333,43.52904040404041,1025.8838383838388,32.05886994949496,0
1681,4,0,0,45,0.0,0.0,1.0,45,750,400,350,0.5333333333333333,11,4,7,385.53658348141846,0.8181397306397307,0.3447438579221527,0.22754217966256288,131619.47959710757,1148.824896694232,132768.30449380178,1651,10,543.0222222222222,32,13,16,33.57558139534885,0.6455078125,43.4659090909091,1026.1363636363646,32.066761363636395,0
1682,4,0,0,45,0.0,0.0,1.0,45,1700,1300,400,0.7647058823529411,21,13,8,382.61877756773765,0.8165404040404041,0.3482383252818033,0.22681010010458702,131786.1128826532,1084.7682823129421,132870.88116496612,1652,11,544.0222222222222,34,11,16,33.48188405797101,0.6424632352941175,43.30357142857144,1026.7857142857154,30.199579831932805,0
1683,4,0,0,45,0.0,0.0,1.0,45,1550,900,650,0.5806451612903226,22,9,13,382.9583505466703,0.8141835016835017,0.3504148365056128,0.2283604563132227,132011.15779588904,1110.955048653977,133122.112844543,1653,12,545.0222222222222,35,10,17,33.245696775162365,0.6425595238095239,43.08449074074074,1027.662037037037,29.361772486772484,0
1684,4,0,1,44,0.0,0.022222222222222223,0.9777777777777777,45,1400,1000,400,0.7142857142857143,18,10,8,381.66750864400063,0.8122053872053873,0.34367803158171184,0.2290262761187867,132249.14969403704,1095.0406968021118,133344.19039083915,1654,13,546.0222222222222,35,10,19,33.03854412812725,0.6449404761904762,42.85300925925925,1028.5879629629617,29.388227513227477,0
1685,4,1,0,45,0.022222222222222223,0.0,1.0,45,1300,700,600,0.5384615384615384,19,7,12,376.08442673958785,0.8171296296296297,0.34946466809421883,0.22809276271089257,132650.37035034585,977.7151469890907,133628.08549733495,1655,0,545.1111111111111,33,12,18,32.77767864223967,0.653409090909091,42.46323529411764,1030.147058823528,31.216577540106908,0
1686,4,0,0,45,0.0,0.0,1.0,45,1000,400,600,0.4,16,4,12,377.7900889874483,0.8168771043771044,0.34916709599862594,0.23009358714507067,132808.22167255377,1034.7259767877645,133842.94764934154,1656,1,546.1111111111111,33,12,19,32.57477806840247,0.6549873737373737,42.31004901960784,1030.7598039215682,31.235145573380855,0
1687,4,0,0,45,0.0,0.0,1.0,45,950,800,150,0.8421052631578947,11,8,3,368.4110960710705,0.8164983164983165,0.3182268618328987,0.20879787714947545,130055.90284475726,584.4633069182335,130640.3661516755,1657,2,547.1111111111111,35,10,21,35.599516812284875,0.6229166666666668,44.994212962962955,1020.0231481481472,29.143518518518494,5
1688,4,0,0,45,0.0,0.0,1.0,45,1050,700,350,0.6666666666666666,14,7,7,370.36503562040184,0.8176346801346802,0.3169274967868756,0.21070186349036782,130203.51750042857,644.5660793895622,130848.08357981814,1658,3,548.1111111111111,35,10,21,35.399656006653046,0.6244047619047619,44.84953703703703,1020.601851851851,29.160052910052887,0
1689,4,0,0,45,0.0,0.0,1.0,45,1300,1000,300,0.7692307692307693,16,10,6,372.8728313810735,0.8172138047138048,0.3244838216626511,0.21294961035864507,130353.74858276642,721.0876589576087,131074.83624172403,1659,4,549.1111111111111,34,11,21,35.1830263464677,0.6280637254901962,44.70238095238095,1021.190476190476,30.035014005602235,0
1690,4,1,0,46,0.021739130434782608,0.0,1.0,46,1200,900,300,0.75,15,9,6,370.2622624344948,0.8223429951690822,0.33643709966201674,0.21364179589771817,130751.6194403864,482.4780861943162,131234.09752658074,1660,0,538.1521739130435,36,10,21,34.84594068854145,0.6278935185185185,44.31306306306307,1022.7477477477483,28.409659659659678,0
1691,4,0,0,46,0.0,0.0,1.0,46,1200,600,600,0.5,18,6,12,374.7243866860108,0.8203099838969404,0.34313950650953795,0.21702488857971836,130895.62694028491,609.9567050158286,131505.58364530074,1661,1,539.1521739130435,36,10,21,34.58580939804115,0.6293402777777778,44.1722972972973,1023.3108108108111,28.425300300300307,0
1692,4,1,1,46,0.02127659574468085,0.02127659574468085,0.9787234042553191,47,1100,600,500,0.5454545454545454,16,6,10,369.2244006503689,0.8253546099290779,0.3416729454666305,0.21610146981083253,131300.02891514686,295.8348963142323,131595.86381146108,1662,0,528.6595744680851,37,10,21,34.31704914232729,0.6314752252252254,43.777412280701746,1024.890350877192,27.699739212897082,0
1693,4,1,1,46,0.02127659574468085,0.02127659574468085,0.9787234042553191,47,950,500,450,0.5263157894736842,14,5,9,368.0038149584985,0.8260484119642306,0.3377675013771857,0.21606113553084863,131419.6588010205,272.5961770615572,131692.25497808206,1663,0,529.6382978723404,34,13,21,34.22733077905492,0.6387867647058822,43.66071428571429,1025.3571428571436,30.157563025210106,0
1694,4,1,1,46,0.02127659574468085,0.02127659574468085,0.9787234042553191,47,1400,900,500,0.6428571428571429,19,9,10,337.92877402626897,0.8229263028060437,0.28888952869029483,0.19978349120433003,131684.26890432087,-484.11438649535245,131200.15451782552,1664,0,530.6170212765958,38,9,19,34.731619305367616,0.6334978070175439,43.40277777777777,1026.388888888888,27.01023391812863,4
1695,4,2,1,47,0.041666666666666664,0.020833333333333332,0.9791666666666666,48,1300,1000,300,0.7692307692307693,16,10,6,333.13550939663696,0.8314309988179669,0.2913287174414769,0.19835100117785617,131953.8686049969,-808.2961530834948,131145.5724519134,1665,0,520.5208333333334,40,8,20,34.5833333333333,0.6328125,43.14024390243902,1027.439024390243,25.685975609756078,0
1696,4,0,0,47,0.0,0.0,1.0,47,1050,800,250,0.7619047619047619,13,8,5,338.46521470135104,0.8275516497070613,0.29591417772958417,0.20083329386712556,131823.38271077056,-476.4740936281478,131346.9086171424,1666,1,532.5957446808511,40,7,20,34.57776678212106,0.6315104166666667,43.26727642276422,1026.9308943089418,25.673272357723544,0
1697,4,0,0,47,0.0,0.0,1.0,47,1200,700,500,0.5833333333333334,17,7,10,337.36147544404486,0.8277058279370952,0.29360674769101247,0.20065353694561064,131913.47321625394,-499.4952089632246,131413.97800729072,1667,2,533.5957446808511,41,6,20,34.5154313536134,0.6308434959349594,43.17956349206349,1027.281746031745,25.05565234223768,0
1698,4,0,0,47,0.0,0.0,1.0,47,1300,800,500,0.6153846153846154,18,8,10,339.2426159029847,0.8275516497070613,0.2981435107101993,0.20204346020167982,131964.434573019,-446.40800185815215,131518.02657116085,1668,3,534.5957446808511,41,6,20,34.415833896559505,0.6313516260162602,43.129960317460316,1027.4801587301586,25.060491676345332,0
1699,4,0,0,47,0.0,0.0,1.0,47,1550,900,650,0.5806451612903226,22,9,13,334.59859065913525,0.8268193031144002,0.2880902807722161,0.19994870798211978,132091.88102324252,-560.448554421785,131531.43246882074,1669,4,535.5957446808511,41,6,21,34.40696776684038,0.6326219512195121,43.00595238095237,1027.9761904761895,25.072590011614377,0
1700,4,0,0,47,0.0,0.0,1.0,47,1550,1200,350,0.7741935483870968,19,12,7,336.3285843050919,0.8277058279370952,0.2928728432485248,0.20166098516430794,132219.3889853393,-506.1680169753254,131713.22096836395,1670,5,536.5957446808511,41,6,21,34.23432928201666,0.6338922764227642,42.881944444444436,1028.4722222222206,25.08468834688343,0
1701,4,1,1,47,0.020833333333333332,0.020833333333333332,0.9791666666666666,48,1900,1600,300,0.8421052631578947,22,16,6,329.71019918190893,0.8329454787234042,0.2922343996840442,0.19876814864966524,132424.1522903035,-867.4401478305016,131556.712142473,1671,0,526.3958333333334,40,8,21,34.198920484465525,0.6375,42.6829268292683,1029.2682926829277,25.731707317073194,0
1702,4,1,0,48,0.020833333333333332,0.0,1.0,48,1000,600,400,0.6,14,6,8,331.74419839667485,0.8305444739952719,0.31008698368850296,0.20110999969788868,132633.43578557746,-799.9254329433462,131833.5103526341,1672,0,527.375,40,8,17,33.93658741120756,0.6395833333333333,42.47967479674797,1030.081300813009,25.752032520325223,0
1703,4,0,0,48,0.0,0.0,1.0,48,800,400,400,0.5,12,4,8,329.14413953879523,0.8302489657210401,0.30548842638258655,0.19981217285295272,132685.782479014,-865.4504593826255,131820.33201963137,1673,1,528.375,40,8,17,33.95105872295653,0.6401041666666667,42.428861788617894,1030.2845528455298,25.757113821138244,0
1704,4,1,1,48,0.02040816326530612,0.02040816326530612,0.9795918367346939,49,1400,1300,100,0.9285714285714286,15,13,2,320.9569016170872,0.8339002267573696,0.3021727351964263,0.1962745852477198,132960.14817964216,-1265.1045603426578,131695.0436192995,1674,0,518.5714285714286,41,8,17,33.88723226882135,0.641260162601626,42.16269841269841,1031.3492063492058,25.154858691444044,0
1705,4,0,1,47,0.0,0.020833333333333332,0.9791666666666666,48,1150,800,350,0.6956521739130435,15,8,7,328.8887427862296,0.8296764184397163,0.30512845784874143,0.2007764852171534,132895.27253123157,-858.4481789939673,132036.8243522376,1675,3,530.375,40,8,17,33.747700243117166,0.6421874999999999,42.22560975609757,1031.097560975611,25.777439024390276,0
1706,4,0,0,47,0.0,0.0,1.0,47,700,200,500,0.2857142857142857,12,2,10,334.3356038388677,0.8233888374961454,0.3036404420920866,0.20329330846821925,132746.64849175388,-523.6138237846825,132223.0346679692,1676,4,542.4468085106383,39,8,17,33.75629653964083,0.6423611111111109,42.369791666666686,1030.5208333333364,26.423611111111192,0
1707,4,0,0,47,0.0,0.0,1.0,47,1150,800,350,0.6956521739130435,15,8,7,338.19528656272445,0.8242368177613321,0.22252306168355496,0.19522919397881788,130769.44464128237,-540.7233082758621,130228.72133300651,1677,5,543.4468085106383,41,6,14,35.64783381829939,0.619410569105691,44.29563492063492,1022.8174603174598,24.946767324816093,7
1708,4,0,0,47,0.0,0.0,1.0,47,1400,1100,300,0.7857142857142857,17,11,6,339.9500143098936,0.8240055504162812,0.2213523461471052,0.19693977515780525,130906.34694617221,-499.67709647856475,130406.66984969364,1678,6,544.4468085106383,42,5,14,35.46460246820063,0.6192956349206348,44.16182170542636,1023.3527131782954,24.365540789959415,0
1709,4,0,0,47,0.0,0.0,1.0,47,1100,900,200,0.8181818181818182,13,9,4,338.24716866137175,0.824159728646315,0.21465917971110193,0.1963320378977328,130980.72907277227,-539.2278483864975,130441.50122438578,1679,7,545.4468085106383,42,5,14,35.43303515082671,0.6200396825396824,44.089147286821714,1023.6434108527149,24.372462163159877,0
1710,4,2,2,47,0.04081632653061224,0.04081632653061224,0.9591836734693877,49,1200,900,300,0.75,15,9,6,328.16058769174066,0.8304988662131519,0.21531530286488132,0.19284798152186058,131455.26389085746,-1170.9324186947579,130284.3314721627,1680,0,524.1428571428571,41,8,15,35.212807552158914,0.626270325203252,43.62599206349207,1025.4960317460332,25.0120983352691,0
1711,4,0,0,47,0.0,0.0,1.0,47,1350,800,550,0.5925925925925926,19,8,11,339.46005398789475,0.8277829170521122,0.21598913535536468,0.19844057882376925,131253.6442840724,-488.9261650441733,130764.71811902821,1681,1,545.3191489361702,42,5,16,35.126477541371166,0.6227678571428572,43.82267441860465,1024.709302325581,24.39784053156145,0
1712,4,0,0,47,0.0,0.0,1.0,47,1300,700,600,0.5384615384615384,19,7,12,343.14284206632954,0.8269734813444342,0.21288407872783344,0.20112038628257242,131354.16795764773,-385.30924538197996,130968.85871226575,1682,2,546.3191489361702,40,7,17,34.93068636198407,0.6268229166666666,43.72459349593497,1025.1016260162617,25.62754065040654,0
1713,4,0,0,47,0.0,0.0,1.0,47,1200,800,400,0.6666666666666666,16,8,8,342.7718670808161,0.8277829170521122,0.21180027705328364,0.2014508392960114,131458.3656078558,-387.95411544054116,131070.41149241527,1683,3,547.3191489361702,40,7,17,34.8350840683117,0.6278645833333333,43.6229674796748,1025.508130081301,25.637703252032527,0
1714,4,0,0,47,0.0,0.0,1.0,47,1650,1300,350,0.7878787878787878,20,13,7,346.6180512454247,0.8277058279370952,0.20120363823359222,0.2048760267182779,131675.9810107567,-271.74561324438366,131404.2353975123,1684,4,548.3191489361702,42,5,13,34.51700969284995,0.6269841269841269,43.4108527131783,1026.3565891472879,24.437061646363997,0
1715,4,1,0,48,0.020833333333333332,0.0,1.0,48,1300,1100,200,0.8461538461538461,15,11,4,341.2941089500316,0.8301381501182032,0.20825460103849824,0.2031102461875423,131935.47804931426,-594.2397160525613,131341.2383332617,1685,0,537.875,43,5,14,34.39228269886626,0.6281492248062015,43.158143939393945,1027.367424242425,23.892265680056394,0
1716,4,0,1,47,0.0,0.020833333333333332,0.9791666666666666,48,1050,800,250,0.7619047619047619,13,8,5,341.0657808052827,0.8301012115839244,0.20923178523160102,0.20336515677466657,132008.4545741507,-595.2866735537077,131413.167900597,1686,1,538.875,43,5,14,34.32470205184911,0.6288759689922481,43.08712121212122,1027.6515151515162,23.898872445384097,0
1717,4,0,0,47,0.0,0.0,1.0,47,1400,1200,200,0.8571428571428571,16,12,4,346.33173847386576,0.8270505704594511,0.21606798239454972,0.20659136210651394,132024.2971050416,-255.15913256416815,131769.13797247742,1687,2,551.2127659574468,42,5,14,34.173463134075035,0.6304563492063493,43.07170542635658,1027.7131782945723,24.469361387966007,0
1718,4,0,0,47,0.0,0.0,1.0,47,1000,700,300,0.7,13,7,6,343.7230985013803,0.8256629663891458,0.2187808262023727,0.20584590977972037,132173.7162730604,-313.76814043628065,131859.94813262412,1688,3,552.2127659574468,42,5,15,34.090141663525586,0.6319444444444444,42.92635658914728,1028.2945736434099,24.4832041343669,0
1719,4,0,0,47,0.0,0.0,1.0,47,1100,700,400,0.6363636363636364,15,7,8,342.659621740586,0.8258556891766882,0.21477874385288254,0.2053442442423962,132198.62768350745,-340.17364866896264,131858.45403483848,1689,4,553.2127659574468,42,5,15,34.09242595558906,0.6321924603174605,42.90213178294573,1028.391472868216,24.485511258767048,0
1720,4,0,1,46,0.0,0.02127659574468085,0.9787234042553191,47,1400,900,500,0.6428571428571429,19,9,10,341.7216139889798,0.8262025901942646,0.21018855521172397,0.20518759355808858,132273.37599903846,-359.86569316748694,131913.51030587096,1690,5,554.2127659574468,42,5,15,34.041384074353175,0.6329365079365079,42.82945736434108,1028.682170542635,24.4924326319675,0
1721,4,0,0,46,0.0,0.0,1.0,46,1400,800,600,0.5714285714285714,20,8,12,343.57908231766487,0.8196457326892109,0.2186550366964406,0.20684537555897456,132372.4797355282,-103.91697767071958,132268.5627578575,1691,6,566.6086956521739,41,5,15,33.89398357916385,0.6354166666666667,42.73313492063491,1029.0674603174584,25.099206349206302,0
1722,4,0,0,46,0.0,0.0,1.0,46,1200,700,500,0.5833333333333334,17,7,10,351.9569507569477,0.8195652173913044,0.1941263267325073,0.21174579427210327,132346.9584593096,116.08638825900431,132463.04484756858,1692,7,567.6086956521739,41,5,16,33.70412328062734,0.6351626016260162,42.757936507936506,1028.9682539682535,25.096786682152526,5
1723,4,0,1,45,0.0,0.021739130434782608,0.9782608695652174,46,1600,1300,300,0.8125,19,13,6,353.4104104337667,0.8182769726247987,0.19460548339506678,0.2135307915580071,132507.98000447458,165.96944552532307,132673.9494499999,1693,8,568.6086956521739,38,8,16,33.50476462246205,0.64172149122807,42.601495726495735,1029.5940170940185,27.09457939721101,0
1724,4,0,0,45,0.0,0.0,1.0,45,1250,900,350,0.72,16,9,7,355.1761763743733,0.819949494949495,0.188077455048409,0.21506899122166867,132590.4923661337,418.5968204398025,133009.0891865735,1694,9,568.3777777777777,38,7,16,33.3763399031812,0.6425438596491226,42.52136752136754,1029.9145299145323,27.103013945119272,0
1725,4,0,0,45,0.0,0.0,1.0,45,1400,1100,300,0.7857142857142857,17,11,6,353.1546360255021,0.8199915824915825,0.18656159270012407,0.21447250061901432,132700.5487983055,372.7628022500117,133073.31160055552,1695,10,569.3777777777777,38,7,15,33.317779621180705,0.6436403508771928,42.41452991452993,1030.3418803418826,27.11426000899691,0
1726,4,0,0,45,0.0,0.0,1.0,45,750,500,250,0.6666666666666666,10,5,5,353.23777072238624,0.8196548821548822,0.18454627133872425,0.2148380539967304,132755.59413580276,378.8580246913939,133134.45216049417,1696,11,570.3777777777777,38,7,16,33.260332434860764,0.644188596491228,42.36111111111113,1030.555555555558,27.119883040935736,0
1727,4,0,1,44,0.0,0.022222222222222223,0.9777777777777777,45,1200,800,400,0.6666666666666666,16,8,8,355.91398426803397,0.818855218855219,0.1909360967184801,0.21710303085881993,132865.71905361983,457.7534882022237,133323.47254182206,1697,12,571.3777777777777,38,7,16,33.08074265975822,0.6452850877192982,42.25427350427351,1030.9829059829071,27.131129104813347,0
1728,4,0,0,44,0.0,0.0,1.0,44,1100,600,500,0.5454545454545454,16,6,10,361.6772237401365,0.8209566596194503,0.185845371391,0.2205245951754062,132849.77709487543,809.7477108341116,133659.52480570955,1698,13,547.2954545454545,37,7,16,32.94822023682904,0.6469594594594594,42.26973684210527,1030.9210526315796,27.862731152204855,0
1729,4,0,0,44,0.0,0.0,1.0,44,1200,800,400,0.6666666666666666,16,8,8,366.0846247512609,0.820582276250881,0.18394403215831812,0.22422683266014748,133019.39058171763,939.2707371499126,133958.66131886753,1699,14,548.2954545454545,37,7,16,32.664133361678005,0.6486486486486486,42.10526315789475,1031.5789473684224,27.880512091038444,0
1730,4,0,1,43,0.0,0.022727272727272728,0.9772727272727273,44,1500,1100,400,0.7333333333333333,19,11,8,365.84997306548615,0.8193930584918957,0.1818423340740023,0.2244229626170943,133075.9524565252,937.1667243767404,134013.11918090194,1700,15,549.2954545454545,37,7,16,32.61335458731846,0.6492117117117115,42.05043859649123,1031.798245614036,27.886439070649622,0
1731,4,1,1,43,0.022727272727272728,0.022727272727272728,0.9772727272727273,44,950,600,350,0.631578947368421,13,6,7,359.92084420823915,0.8205382311486963,0.17778421154217328,0.22247075803422656,133358.94217451525,799.7326100338582,134158.6747845491,1701,0,540.6590909090909,37,7,17,32.482307147912245,0.652027027027027,41.776315789473685,1032.8947368421054,27.916073968705554,0
1732,4,0,0,43,0.0,0.0,1.0,43,1350,1100,250,0.8148148148148148,16,11,5,369.0501511041123,0.8180140273163529,0.18791285979820094,0.22791642665157016,133326.80389426605,1240.8554246814579,134567.6593189475,1702,17,554.2325581395348,36,7,17,32.27883182495548,0.6536458333333333,41.80743243243244,1032.7702702702716,28.688063063063098,0
1733,4,0,0,43,0.0,0.0,1.0,43,1050,600,450,0.5714285714285714,15,6,9,366.5921829458089,0.8173218899963086,0.18995850989850172,0.22747057689528333,133502.12358807013,1188.246242813602,134690.36983088372,1703,18,555.2325581395348,35,8,19,32.166372680778,0.6574404761904762,41.63773148148148,1033.449074074074,29.5271164021164,0
1734,4,1,1,43,0.022727272727272728,0.022727272727272728,0.9772727272727273,44,1050,700,350,0.6666666666666666,14,7,7,357.99001294683865,0.8227845313601128,0.17953926857029767,0.223530813658512,133734.17494775174,775.0998041960819,134509.2747519478,1704,0,543.5909090909091,36,8,17,32.15614226093268,0.6576967592592593,41.413288288288285,1034.3468468468463,28.731856856856844,0
1735,4,0,0,43,0.0,0.0,1.0,43,1400,1100,300,0.7857142857142857,17,11,6,367.0679818710961,0.8183370247323736,0.19014451935789434,0.2286579518005703,133646.82883897415,1211.494349078817,134858.32318805298,1705,20,557.2325581395348,36,7,19,32.008957743411024,0.6568287037037037,41.49774774774775,1034.0090090090096,28.72247247247249,0
1736,4,0,0,43,0.0,0.0,1.0,43,1200,900,300,0.75,15,9,6,379.8184166385168,0.8184293097083795,0.2064449559488848,0.22711591035731687,132116.03570329316,1442.1142077260888,133558.14991101925,1706,21,558.2325581395348,37,6,18,33.22045648464163,0.6396396396396395,42.98245614035087,1028.0701754385952,27.785680417259332,5
1737,4,0,1,42,0.0,0.023255813953488372,0.9767441860465116,43,950,600,350,0.631578947368421,13,6,7,377.1523133646423,0.8183370247323736,0.2083800267764171,0.2261949296266203,132228.7867420744,1374.0785626346483,133602.86530470903,1707,22,559.2325581395348,37,6,18,33.175195451314856,0.6407657657657657,42.872807017543856,1028.5087719298238,27.797534376481725,0
1738,4,0,0,42,0.0,0.0,1.0,42,1300,1100,200,0.8461538461538461,15,11,4,380.8712782916792,0.820993031358885,0.20556702751183709,0.2282228683306834,132195.26113951797,1669.875618862115,133865.13675838007,1708,23,559.9285714285714,36,6,18,33.11341071689297,0.642361111111111,42.90540540540541,1028.378378378379,28.566066066066085,0
1739,4,0,0,42,0.0,0.0,1.0,42,1350,700,650,0.5185185185185185,20,7,13,376.6612171798738,0.8206784746418893,0.20172804754085538,0.22621960676779435,132282.13168827633,1565.1097465709188,133847.24143484727,1709,24,560.9285714285714,36,6,18,33.134008392629084,0.6432291666666665,42.82094594594596,1028.7162162162178,28.575450450450496,0
1740,4,0,0,42,0.0,0.0,1.0,42,1300,1100,200,0.8461538461538461,15,11,4,368.9871116167903,0.8223722415795587,0.12750640264851043,0.22383913110546416,132658.90045450866,1389.9356281957812,134048.83608270445,1710,25,561.9285714285714,36,6,15,32.95187472671623,0.6469907407407407,42.454954954954964,1030.1801801801812,28.616116116116146,2
1741,4,0,0,42,0.0,0.0,1.0,42,1000,700,300,0.7,13,7,6,369.79336747954983,0.8209204413472706,0.12980013941342317,0.22537206963434087,132832.97444403867,1424.150586397211,134257.12503043588,1711,26,562.9285714285714,36,6,15,32.755944577962275,0.6487268518518519,42.28603603603604,1030.8558558558561,28.634884884884894,0
1742,4,0,0,42,0.0,0.0,1.0,42,1450,1300,150,0.896551724137931,16,13,3,367.8812704675618,0.8199283778552071,0.13217081480325632,0.22438061499870288,132861.99787202754,1375.4881148040058,134237.48598683154,1712,27,563.9285714285714,36,6,15,32.77603313307847,0.6490162037037037,42.25788288288289,1030.9684684684694,28.638013013013037,0
1743,4,0,0,42,0.0,0.0,1.0,42,750,400,350,0.5333333333333333,11,4,7,366.9924908098303,0.8184523809523809,0.13235370584136708,0.22436029578347316,132949.08717839472,1358.2633308984784,134307.3505092932,1713,28,564.9285714285714,36,6,15,32.71138166994249,0.6498842592592593,42.17342342342343,1031.306306306307,28.64739739739742,0
1744,4,0,0,42,0.0,0.0,1.0,42,1050,500,550,0.47619047619047616,16,5,11,369.59650494928394,0.8180168408826946,0.13394351410068528,0.22665616990263313,133065.2506391526,1436.0903132862522,134501.34095243886,1714,29,565.9285714285714,36,6,15,32.527468529433165,0.6510416666666667,42.06081081081081,1031.7567567567562,28.659909909909896,0
1745,4,0,0,42,0.0,0.0,1.0,42,1050,700,350,0.6666666666666666,14,7,7,370.19038688005617,0.8184039876113047,0.1311810188938083,0.22737431001131603,133123.35139193246,1456.1969909098257,134579.54838284227,1715,30,566.9285714285714,36,6,15,32.453759275425575,0.6516203703703705,42.0045045045045,1031.9819819819818,28.66616616616616,0
1746,4,0,1,41,0.0,0.023809523809523808,0.9761904761904762,42,850,500,350,0.5882352941176471,12,5,7,370.9422370549054,0.8186459543166861,0.13027196044211786,0.22854828154028034,133239.59094229358,1484.8383856829723,134724.42932797654,1716,31,567.9285714285714,36,6,16,32.3175719895288,0.6527777777777779,41.89189189189189,1032.4324324324318,28.67867867867866,0
1747,4,0,0,41,0.0,0.0,1.0,41,750,500,250,0.6666666666666666,10,5,5,377.81085328187055,0.8174288617886178,0.13235965562211405,0.23292678798393648,133263.0064327201,1869.6420342506553,135132.64846697077,1717,32,578.8048780487804,35,6,16,32.11675167208458,0.6550595238095239,41.86921296296295,1032.5231481481462,29.50066137566132,0
1748,4,0,0,41,0.0,0.0,1.0,41,950,800,150,0.8421052631578947,11,8,3,378.77889979521217,0.8171239837398374,0.13245337159253934,0.23427593074651892,133382.53821855708,1904.4982156635792,135287.03643422064,1718,33,579.8048780487804,35,6,17,31.971638655462183,0.65625,41.75347222222222,1032.986111111111,29.51388888888889,0
1749,4,0,0,41,0.0,0.0,1.0,41,1350,900,450,0.6666666666666666,18,9,9,377.26854580631027,0.816260162601626,0.12008344893122014,0.2346631372661532,133591.84777949232,1880.0004286693916,135471.8482081617,1719,34,580.8048780487804,35,6,17,31.80045529183459,0.6583333333333334,41.55092592592592,1033.7962962962952,29.537037037037006,0
1750,4,0,0,41,0.0,0.0,1.0,41,1050,800,250,0.7619047619047619,13,8,5,381.30079504005437,0.8159552845528455,0.12278661403135205,0.23755518151240193,133651.68065200606,1992.2984182098658,135643.97907021592,1720,35,581.8048780487804,35,6,17,31.636165211551372,0.6589285714285715,41.49305555555555,1034.027777777777,29.54365079365077,0
1751,4,0,0,41,0.0,0.0,1.0,41,1400,1200,200,0.8571428571428571,16,12,4,382.4296472439538,0.8135670731707317,0.13290472578030776,0.23903190119345857,133771.3865847907,2031.6288365912103,135803.01542138192,1721,36,582.8048780487804,35,6,13,31.486816588349367,0.6601190476190477,41.37731481481481,1034.49074074074,29.556878306878286,0
1752,4,0,0,41,0.0,0.0,1.0,41,750,600,150,0.8,9,6,3,377.87683844939465,0.8123983739837398,0.13218677641321852,0.23714754850897776,133921.0943528162,1921.1359471450412,135842.23029996123,1722,37,583.8048780487804,35,6,13,31.454419657832936,0.6616071428571428,41.23263888888888,1035.0694444444432,29.573412698412664,0
1753,4,0,0,41,0.0,0.0,1.0,41,900,600,300,0.6666666666666666,12,6,6,375.9028548935776,0.8127540650406504,0.12096950128714168,0.2361007818938313,133951.04595336074,1870.5161179698193,135821.56207133055,1723,38,584.8048780487804,35,6,13,31.475477042337506,0.6619047619047619,41.2037037037037,1035.185185185185,29.576719576719572,2
1754,4,0,0,41,0.0,0.0,1.0,41,550,400,150,0.7272727272727273,7,4,3,375.1685161269431,0.8126524390243902,0.12033174657702306,0.23602373736087404,134010.95920138867,1855.3385416666417,135866.2977430553,1724,39,585.8048780487804,35,6,13,31.43443997317236,0.6625000000000001,41.14583333333332,1035.416666666665,29.583333333333282,0
1755,4,0,0,41,0.0,0.0,1.0,41,450,200,250,0.4444444444444444,7,2,5,372.45544664858494,0.8121443089430894,0.12303062681945587,0.23469938990222064,134070.88584533578,1787.0863340191725,135857.97217935495,1725,40,586.8048780487804,35,6,13,31.444643123230513,0.6630952380952382,41.08796296296295,1035.6481481481458,29.58994708994702,0
1756,4,0,0,41,0.0,0.0,1.0,41,700,200,500,0.2857142857142857,12,2,10,371.00215349084004,0.8117378048780488,0.1278866330562749,0.23416567515818157,134130.8258852022,1752.5650505829813,135883.3909357852,1726,41,587.8048780487804,35,6,14,31.42225325884543,0.6636904761904763,41.03009259259259,1035.8796296296289,29.596560846560823,0
1757,4,0,1,40,0.0,0.024390243902439025,0.975609756097561,41,1150,900,250,0.782608695652174,14,9,5,371.54485120858715,0.8110264227642277,0.12915878991267027,0.2352767042235988,134250.74615269195,1776.0347007887428,136026.78085348068,1727,42,588.8048780487804,35,6,14,31.28815799270344,0.6648809523809525,40.91435185185185,1036.342592592592,29.60978835978834,0
1758,4,0,1,39,0.0,0.025,0.975,40,800,500,300,0.625,11,5,6,377.08181972881243,0.8073450854700854,0.1356285189015285,0.23832556841683736,134180.50063775489,2119.4054705215203,136299.9061082764,1728,43,602.05,34,6,14,31.215050365774253,0.6663602941176471,40.98214285714285,1036.0714285714268,30.4726890756302,0
1759,4,0,0,39,0.0,0.0,1.0,39,950,600,350,0.631578947368421,13,6,7,385.57921641399093,0.8023504273504274,0.13805492338036718,0.24278274058854132,134042.6834030181,2536.8145665128827,136579.497969531,1729,44,616.6153846153846,33,6,14,31.13313609467455,0.6672979797979798,41.115196078431374,1035.539215686275,31.37997623291742,0
1760,4,0,0,39,0.0,0.0,1.0,39,850,500,350,0.5882352941176471,12,5,7,387.09953415283064,0.8023504273504274,0.13763393886441677,0.24416158676565122,134106.1430699731,2582.485101883892,136688.62817185698,1730,45,617.6153846153846,33,6,14,31.030130935478766,0.6679292929292928,41.05392156862745,1035.7843137254904,31.387403446226983,0
1761,4,0,0,39,0.0,0.0,1.0,39,800,600,200,0.75,10,6,4,382.5120712464954,0.8025753486279802,0.1349406359459584,0.2418952552273089,134201.36072964736,2466.7280913591053,136668.08882100647,1731,46,618.6153846153846,33,6,14,31.053493987778438,0.6688762626262625,40.962009803921575,1036.1519607843145,31.398544266191347,0
1762,4,0,0,39,0.0,0.0,1.0,39,1300,1000,300,0.7692307692307693,16,10,6,380.727682966069,0.8021255060728745,0.12749827705031036,0.24123837029858777,134273.0229591836,2424.2913832199465,136697.31434240355,1732,47,619.6153846153846,34,5,15,31.027930928861323,0.6672794117647058,40.89285714285714,1036.4285714285709,30.483193277310907,0
1763,4,0,0,39,0.0,0.0,1.0,39,750,500,250,0.6666666666666666,10,5,5,379.22976921457223,0.8016756635177689,0.12341970651376921,0.24049188642034094,134303.87081916103,2386.405187074836,136690.27600623586,1733,48,620.6153846153846,34,5,15,31.035852379311677,0.6675857843137254,40.86309523809524,1036.5476190476193,30.486694677871157,0
1764,4,0,0,39,0.0,0.0,1.0,39,950,500,450,0.5263157894736842,14,5,9,380.1732308166843,0.8009446693657221,0.12643881185787054,0.24170137521265098,134396.43565759627,2418.785430838992,136815.22108843527,1734,49,621.6153846153846,34,5,15,30.91872368924607,0.6685049019607843,40.77380952380952,1036.904761904761,30.497198879551796,0
1765,4,0,0,39,0.0,0.0,1.0,39,1250,1000,250,0.8,15,10,5,378.2197061337721,0.8006072874493927,0.11883431160539604,0.2414787354546391,134550.78125,2378.039965986395,136928.8212159864,1735,50,622.6153846153846,33,6,15,30.814926372155288,0.6723484848484849,40.625,1037.5,31.439393939393938,0
1766,4,0,0,39,0.0,0.0,1.0,39,550,300,250,0.5454545454545454,8,3,5,379.3679214119252,0.7995389113810166,0.11697563663557276,0.24284708438681765,134646.1566014274,2416.086511197628,137062.24311262503,1736,51,623.6153846153846,33,6,17,30.689745936159326,0.6732954545454545,40.53308823529412,1037.8676470588243,31.450534759358312,0
1767,4,0,0,39,0.0,0.0,1.0,39,1200,900,300,0.75,15,9,6,382.3593533907394,0.798582995951417,0.11944020725890403,0.24540518499442018,134741.56574394472,2503.9395905421084,137245.50533448684,1737,52,624.6153846153846,33,6,17,30.516702077431535,0.6742424242424241,40.44117647058824,1038.2352941176478,31.46167557932266,0
1768,4,0,0,39,0.0,0.0,1.0,39,800,600,200,0.75,10,6,4,384.73178366357837,0.7983580746738642,0.12458016375882797,0.24736093586989108,134805.190611784,2572.76828623607,137377.95889802006,1738,53,625.6153846153846,33,6,14,30.39149162143026,0.6748737373737373,40.379901960784316,1038.4803921568632,31.469102792632217,0
1769,4,0,0,39,0.0,0.0,1.0,39,950,700,250,0.7368421052631579,12,7,5,383.20118142756996,0.7979644624381467,0.11840369792233862,0.2468095147249304,134868.8304978855,2536.3790369088856,137405.20953479438,1739,54,626.6153846153846,33,6,15,30.36760657542865,0.6755050505050504,40.318627450980394,1038.725490196079,31.476530005941786,0
1770,4,0,0,39,0.0,0.0,1.0,39,950,500,450,0.5263157894736842,14,5,9,379.8533634509404,0.7964462438146649,0.11859994739372182,0.2457312261958372,135027.99591803632,2458.1676819011905,137486.1635999375,1740,55,627.6153846153846,33,6,16,30.295538065479697,0.6770833333333334,40.16544117647059,1039.3382352941176,31.495098039215684,0
1771,4,0,0,39,0.0,0.0,1.0,39,1050,600,450,0.5714285714285714,15,6,9,377.5471877287706,0.795152946468736,0.11414278416797341,0.24498492850097195,135138.10232426305,2404.202097505671,137542.30442176873,1741,56,628.6153846153846,34,5,16,30.24554423326463,0.6758578431372548,40.05952380952381,1039.7619047619048,30.581232492997202,0
1772,4,0,0,39,0.0,0.0,1.0,39,700,600,100,0.8571428571428571,8,6,2,376.52373389240904,0.7953778677462888,0.11306710505285755,0.24441396136484125,135151.85613854596,2377.5763031550105,137529.43244170098,1742,57,629.6153846153846,35,4,16,30.258422380528348,0.6738095238095239,40.0462962962963,1039.814814814815,29.708994708994716,0
1773,4,0,0,39,0.0,0.0,1.0,39,1250,1000,250,0.8,15,10,5,378.4895381134147,0.7952654071075124,0.11813074726171435,0.24630597241312518,135242.1329116298,2437.5464838391636,137679.67939546896,1743,58,630.6153846153846,35,4,16,30.117229516709315,0.6747023809523809,39.95949074074074,1040.1620370370372,29.71891534391535,0
1774,4,0,0,39,0.0,0.0,1.0,39,1000,800,200,0.8,12,8,4,375.0479520209624,0.7944781826360774,0.11322100230766408,0.24447469475826186,135302.3341719179,2348.972666966743,137651.30683888463,1744,59,631.6153846153846,35,4,16,30.14668390996404,0.675297619047619,39.901620370370374,1040.393518518519,29.725529100529112,0
1775,4,0,0,39,0.0,0.0,1.0,39,900,500,400,0.5555555555555556,13,5,8,373.3465183148562,0.7931286549707602,0.11111681291801379,0.24438708775282503,135452.8959297839,2314.1734182098735,137767.06934799376,1745,60,632.6153846153846,35,4,16,30.04086057371582,0.6767857142857143,39.75694444444444,1040.972222222222,29.742063492063483,0
1776,4,0,0,39,0.0,0.0,1.0,39,1050,1000,50,0.9523809523809523,11,10,1,372.1536166162309,0.792004048582996,0.11925342635579339,0.24422072127616568,135543.2731722609,2288.5838638117366,137831.85703607264,1746,61,633.6153846153846,35,4,17,29.98186895631877,0.6776785714285714,39.67013888888889,1041.3194444444453,29.75198412698415,0
1777,4,0,0,39,0.0,0.0,1.0,39,500,300,200,0.6,7,3,4,373.0205431698336,0.7911043634727846,0.12337553175424087,0.24520174346130993,135603.5414121442,2316.5813346622103,137920.12274680642,1747,62,634.6153846153846,35,4,18,29.899271215320223,0.6782738095238094,39.61226851851852,1041.5509259259259,29.758597883597883,0
1778,4,0,0,39,0.0,0.0,1.0,39,850,500,350,0.5882352941176471,12,5,7,371.24003414001606,0.7903171390013496,0.12378123095673366,0.2446606008127574,135695.69160997725,2275.1379861679657,137970.82959614522,1748,63,635.6153846153846,34,5,19,29.853890539305297,0.6813725490196079,39.52380952380952,1041.9047619047612,30.644257703081212,0
1779,4,0,0,39,0.0,0.0,1.0,39,800,400,400,0.5,12,4,8,365.4589625903705,0.7903171390013496,0.1307131159743935,0.23180244114443035,134310.7263803155,2017.0117455418374,136327.73812585734,1749,64,636.6153846153846,35,4,15,31.38584933750186,0.6654761904761904,40.85648148148148,1036.574074074074,29.61640211640211,2
1780,4,0,1,38,0.0,0.02564102564102564,0.9743589743589743,39,1250,900,350,0.72,16,9,7,355.98599923543173,0.7900922177237967,0.08432811302157472,0.21314807600122787,132166.31063073198,1609.871231028313,133776.1818617603,1750,65,637.6153846153846,36,3,19,33.78235315591572,0.6420717592592593,42.93355855855855,1028.265765765765,28.562937937937917,8
1781,4,1,0,39,0.02564102564102564,0.0,1.0,39,850,600,250,0.7058823529411765,11,6,5,347.8671263256353,0.7947593342330185,0.0768108869180848,0.21005292396756645,132484.94059938306,1417.6340191542804,133902.57461853733,1751,0,623.6153846153846,36,3,20,33.670604535841896,0.6452546296296298,42.62387387387387,1029.5045045045038,28.597347347347327,0
1782,4,0,1,38,0.0,0.02564102564102564,0.9743589743589743,39,1300,1000,300,0.7692307692307693,16,10,6,342.062358089129,0.7947593342330185,0.07459412022817036,0.20248314651561683,131732.43344696038,1212.1413643372998,132944.57481129767,1752,1,624.6153846153846,36,3,19,34.57702574228463,0.6377314814814816,43.35585585585585,1026.576576576576,28.516016016015996,1
1783,4,2,0,40,0.05,0.0,1.0,40,650,400,250,0.6153846153846154,9,4,5,335.3766716721044,0.8005876068376069,0.08578096660620993,0.20009456038081655,132031.5039843987,856.0572724299439,132887.56125682866,1753,0,609.925,37,3,21,34.44768217219675,0.6387950450450453,43.06469298245612,1027.7412280701726,27.776789947842502,0
1784,4,1,1,40,0.024390243902439025,0.024390243902439025,0.975609756097561,41,1100,700,400,0.6363636363636364,15,7,8,326.959313551788,0.8061991869918699,0.08145956407632293,0.19625712411948923,132260.59701219926,448.7668018116432,132709.3638140109,1754,0,596.0243902439024,38,3,21,34.43385611411163,0.6392543859649125,42.84188034188033,1028.632478632476,27.06927575348621,0
1785,4,1,1,40,0.024390243902439025,0.024390243902439025,0.975609756097561,41,850,600,250,0.7058823529411765,11,6,5,325.3169403020809,0.8072662601626016,0.0806440861250397,0.19584436643779737,132371.2036132811,412.5189887152641,132783.72260199636,1755,0,597.0,39,2,21,34.365088403009764,0.6386217948717949,42.73437499999999,1029.0624999999989,26.38621794871792,0
1786,4,0,0,40,0.0,0.0,1.0,40,950,700,250,0.7368421052631579,12,7,5,329.58460203578136,0.7996527777777778,0.08332467802243548,0.19783295189529276,132260.59701219926,718.2112462560872,132978.80825845533,1756,3,612.925,38,2,21,34.36634468910124,0.6392543859649125,42.84188034188033,1028.632478632476,27.06927575348621,0
1787,4,1,1,40,0.024390243902439025,0.024390243902439025,0.975609756097561,41,750,600,150,0.8,9,6,3,321.6805286526711,0.8035060975609756,0.07953406433192622,0.19421764248728918,132480.48159105828,323.3496100883698,132803.83120114665,1757,0,598.9512195121952,38,3,21,34.349055624740565,0.6414473684210528,42.62820512820512,1029.4871794871776,27.091767881241516,0
1788,4,0,0,40,0.0,0.0,1.0,40,900,700,200,0.7777777777777778,11,7,4,326.9833687511395,0.7977297008547009,0.07948930869836013,0.19713127500303312,132425.49332493206,660.1867831835355,133085.6801081156,1758,5,614.925,38,2,23,34.26774098678292,0.6408991228070178,42.68162393162391,1029.2735042735012,27.086144849302663,0
1789,4,1,1,40,0.024390243902439025,0.024390243902439025,0.975609756097561,41,950,700,250,0.7368421052631579,12,7,5,319.7402490911936,0.8010670731707317,0.083584238936111,0.19414062638189034,132692.98095703113,285.4573567708201,132978.43831380195,1759,0,600.9024390243902,39,2,14,34.186065615205735,0.6418269230769231,42.42187499999999,1030.312499999999,26.41826923076921,0
1790,4,0,0,40,0.0,0.0,1.0,40,1200,600,600,0.5,18,6,12,328.33392159225957,0.7961805555555556,0.08152489626556125,0.19881526407973468,132590.4923661331,706.7912648841884,133297.28363101732,1760,7,616.925,38,2,23,34.06747060857538,0.6425438596491229,42.52136752136751,1029.9145299145277,27.10301394511915,0
1791,4,0,1,39,0.0,0.025,0.975,40,1050,600,450,0.5714285714285714,15,6,9,330.22209334162693,0.7943910256410256,0.08662537576448659,0.20098754160673002,132783.12108490372,769.5840410183089,133552.70512592202,1761,8,617.925,38,2,17,33.825714384437305,0.6444627192982457,42.334401709401696,1030.6623931623913,27.12269455690503,0
1792,4,0,0,39,0.0,0.0,1.0,39,1050,700,350,0.6666666666666666,14,7,7,337.14828122143905,0.7859311740890689,0.08960852208697245,0.20479524231660393,132708.5151801516,1148.4895592874711,133857.00473943906,1762,9,634.5641025641025,37,2,17,33.722087723032175,0.6455518018018018,42.406798245614034,1030.372807017544,27.84791370317686,0
1793,4,0,0,39,0.0,0.0,1.0,39,800,600,200,0.75,10,6,4,341.5047532820281,0.78621232568601,0.0968794326241138,0.20791092492558697,132793.26331178815,1269.9061249615163,134063.16943674965,1763,10,635.5641025641025,37,2,17,33.52482269503547,0.6463963963963963,42.32456140350877,1030.7017543859643,27.856804172593627,0
1794,4,0,0,39,0.0,0.0,1.0,39,1150,700,450,0.6086956521739131,16,7,9,343.4897474743628,0.7869995501574449,0.10373121507865735,0.20959338711884734,132878.03849501783,1328.4487775084751,134206.4872725263,1764,11,636.5641025641025,37,2,17,33.38861267680527,0.6472409909909909,42.242324561403514,1031.0307017543869,27.865694642010457,0
1795,4,0,0,39,0.0,0.0,1.0,39,1200,900,300,0.75,15,9,6,344.54954388217857,0.7858187134502924,0.1048534798534797,0.2110365956278345,133019.39058171754,1366.3540704832324,134385.74465220078,1765,12,637.5641025641025,37,2,17,33.21951176303853,0.6486486486486486,42.10526315789474,1031.5789473684217,27.880512091038426,0
1796,4,0,0,39,0.0,0.0,1.0,39,800,500,300,0.625,11,5,6,343.9978949294222,0.7852001799370221,0.10182293795471264,0.21101826540325072,133075.9524565252,1355.5695021545193,134431.52195867972,1766,13,638.5641025641025,37,2,18,33.177027984413755,0.6492117117117115,42.05043859649123,1031.798245614036,27.886439070649622,0
1797,4,0,0,39,0.0,0.0,1.0,39,850,600,250,0.7058823529411765,11,6,5,343.7090242755531,0.7856500224921278,0.09947987761185062,0.2110010194036028,133104.2379025277,1349.8255472837775,134454.06344981148,1767,14,639.5641025641025,37,2,18,33.15612492473347,0.6494932432432432,42.02302631578947,1031.907894736842,27.889402560455192,0
1798,4,0,0,39,0.0,0.0,1.0,39,1150,800,350,0.6956521739130435,15,8,7,338.8770826280255,0.7863810166441746,0.09998257194518878,0.20882634882365755,133245.71021852875,1230.783510310858,134476.49372883962,1768,15,640.5641025641025,37,2,18,33.13907179269327,0.6509009009009008,41.8859649122807,1032.456140350877,27.90422000948316,0
1799,4,0,0,39,0.0,0.0,1.0,39,500,400,100,0.8,6,4,2,338.8770826280255,0.7863810166441746,0.09998257194518878,0.20882634882365755,133245.71021852875,1230.783510310858,134476.49372883962,1769,16,641.5641025641025,37,2,18,33.13907179269327,0.6509009009009008,41.8859649122807,1032.456140350877,27.90422000948316,0
1800,4,0,0,39,0.0,0.0,1.0,39,1250,900,350,0.72,16,9,7,340.2168431677708,0.7855937921727396,0.1030430180382429,0.21077339337080223,133443.8977016965,1279.972323214814,134723.8700249113,1770,17,642.5641025641025,37,2,18,32.90607644416144,0.6528716216216217,41.69407894736841,1033.2236842105249,27.924964438122295,0
1801,4,0,0,39,0.0,0.0,1.0,39,1100,800,300,0.7272727272727273,14,8,6,338.38009027958674,0.7858187134502924,0.10130705260893724,0.21029051108167407,133559.51126379755,1238.7789015607896,134798.29016535834,1771,18,643.5641025641025,36,3,18,32.83786360169954,0.6559606481481481,41.582207207207205,1033.671171171171,28.71308808808808,0
1802,4,0,0,39,0.0,0.0,1.0,39,1350,1000,350,0.7407407407407407,17,10,7,334.66998455441217,0.7850877192982456,0.10720732476457662,0.20877032369822854,133698.9265927977,1149.0035395506145,134847.93013234832,1772,19,644.5641025641025,37,2,18,32.7943878993497,0.6554054054054055,41.44736842105262,1034.2105263157887,27.951635846372668,0
1803,4,0,0,39,0.0,0.0,1.0,39,1050,800,250,0.7619047619047619,13,8,5,332.70432916714697,0.7835132703553757,0.0999228269257948,0.2081828945637397,133812.35091566612,1103.9896891350952,134916.34060480123,1773,20,645.5641025641025,37,2,14,32.73191324007348,0.6565315315315317,41.3377192982456,1034.6491228070156,27.963489805595017,0
1804,4,0,0,39,0.0,0.0,1.0,39,900,600,300,0.6666666666666666,12,6,6,334.38176432473506,0.7853126405757985,0.11046367906204835,0.20971624408379874,133897.4507180092,1154.5731619344247,135052.02387994362,1774,21,646.5641025641025,37,2,14,32.60353762757355,0.6573761261261262,41.25548245614034,1034.978070175437,27.972380275011812,0
1805,4,0,0,39,0.0,0.0,1.0,39,1000,500,500,0.5,15,5,10,338.3277532397608,0.7850877192982456,0.11535881958417216,0.21284670045589976,134010.95920138867,1267.9253472221994,135278.88454861086,1775,22,647.5641025641025,37,2,14,32.38807847082495,0.6585022522522523,41.14583333333332,1035.416666666665,27.984234234234187,0
1806,4,0,0,39,0.0,0.0,1.0,39,650,300,350,0.46153846153846156,10,3,7,339.8153983042519,0.7847503373819164,0.12279244504525066,0.21427878854352192,134096.12212411495,1313.5854301323309,135409.7075542473,1776,23,648.5641025641025,37,2,16,32.2645387818477,0.659346846846847,41.06359649122806,1035.7456140350864,27.993124703650984,0
1807,4,0,0,39,0.0,0.0,1.0,39,1050,800,250,0.7619047619047619,13,8,5,337.6349066255796,0.7839068825910932,0.12616426756985644,0.21323359610952367,134152.91243459514,1258.9412126808113,135411.85364727594,1777,24,649.5641025641025,37,2,16,32.26432401919277,0.6599099099099099,41.008771929824555,1035.964912280701,27.999051683262188,0
1808,4,0,0,39,0.0,0.0,1.0,39,1450,1000,450,0.6896551724137931,19,10,9,336.0839246752507,0.7832321187584346,0.1261000249574098,0.21291322091357034,134266.5291243459,1224.9644121268032,135491.4935364727,1778,25,650.5641025641025,37,2,16,32.19115883763579,0.6610360360360361,40.89912280701754,1036.4035087719294,28.01090564248458,0
1809,4,0,0,39,0.0,0.0,1.0,39,600,500,100,0.8333333333333334,7,5,2,336.0839246752507,0.7832321187584346,0.1261000249574098,0.21291322091357034,134266.5291243459,1224.9644121268032,135491.4935364727,1779,26,651.5641025641025,37,2,16,32.19115883763579,0.6610360360360361,40.89912280701754,1036.4035087719294,28.01090564248458,0
1810,4,0,0,39,0.0,0.0,1.0,39,450,300,150,0.6666666666666666,6,3,3,336.4019258496348,0.782276203328835,0.12294021433977043,0.21328017471875213,134294.9408111148,1235.4153441443345,135530.35615525913,1780,27,652.5641025641025,37,2,16,32.154584964208894,0.6613175675675677,40.87171052631578,1036.5131578947355,28.01386913229015,0
1811,4,0,0,39,0.0,0.0,1.0,39,900,600,300,0.6666666666666666,12,6,6,338.6497876057268,0.7822199730094467,0.1259648608918762,0.2148721538271504,134323.35550361648,1297.7151623576478,135621.0706659741,1781,28,653.5641025641025,37,2,16,32.06799591002045,0.6615990990990992,40.844298245614034,1036.6228070175437,28.016832622095773,0
1812,4,0,0,39,0.0,0.0,1.0,39,800,500,300,0.625,11,5,6,340.4915459744332,0.7816576698155646,0.12782283100565883,0.21654529591662514,134408.61761551638,1352.9996008387247,135761.6172163551,1782,29,654.5641025641025,37,2,16,31.935228754714327,0.6624436936936937,40.762061403508774,1036.9517543859654,28.025723091512578,0
1813,4,1,1,39,0.025,0.025,0.975,40,1400,1100,300,0.7857142857142857,17,11,6,335.5311278358414,0.7824252136752137,0.12421280098785825,0.21536931970334913,134744.8281923442,1042.2168346847827,135787.04502702897,1783,0,639.175,38,2,17,31.728922274816497,0.6639254385964912,40.43803418803419,1038.247863247863,27.32231219073324,0
1814,4,0,0,39,0.0,0.0,1.0,39,550,400,150,0.7272727272727273,7,4,3,341.07729342106944,0.7799707602339182,0.13387063577177627,0.2187886052920521,134721.47680055417,1390.0873345644936,136111.56413511865,1784,31,656.5641025641025,37,2,17,31.608224193775524,0.6655405405405406,40.46052631578948,1038.1578947368432,28.05832147937414,0
1815,4,0,0,39,0.0,0.0,1.0,39,1400,1100,300,0.7857142857142857,17,11,6,341.03981301624833,0.7795209176788125,0.12831879962975568,0.21979667949088016,134892.28055747933,1400.7276277316198,136293.00818521096,1785,32,657.5641025641025,37,2,15,31.43911406656814,0.6672297297297296,40.29605263157895,1038.815789473685,28.076102418207704,0
1816,4,0,0,39,0.0,0.0,1.0,39,900,600,300,0.6666666666666666,12,6,6,341.38609562931185,0.7780026990553307,0.12914397339848427,0.22053960656298505,134977.72301333107,1415.9035712911677,136393.62658462222,1786,33,658.5641025641025,37,2,15,31.345076676866793,0.6680743243243243,40.213815789473685,1039.1447368421057,28.084992887624477,0
1817,4,0,0,39,0.0,0.0,1.0,39,1250,800,450,0.64,17,8,9,342.93916573198703,0.7776090868196132,0.12935194201016942,0.22206716469530327,135063.19252077572,1463.691712834726,136526.88423361044,1787,34,659.5641025641025,37,2,15,31.21967299578059,0.6689189189189189,40.131578947368425,1039.4736842105272,28.093883357041275,0
1818,4,0,0,39,0.0,0.0,1.0,39,950,600,350,0.631578947368421,13,6,7,342.689386789611,0.7773841655420604,0.12558450233800866,0.22208052468573508,135091.68836805568,1458.8975694444537,136550.58593750015,1788,35,660.5641025641025,37,2,15,31.197812291249146,0.6692004504504503,40.10416666666667,1039.5833333333344,28.096846846846876,0
1819,4,0,0,39,0.0,0.0,1.0,39,800,700,100,0.875,9,7,2,344.3583265994367,0.7780589293747189,0.1269557974894402,0.22333827994636538,135120.18722106816,1505.952312249935,136626.13953331808,1789,36,661.5641025641025,37,2,15,31.126080995570547,0.6694819819819819,40.07675438596492,1039.6929824561414,28.09981033665247,0
1820,4,0,0,39,0.0,0.0,1.0,39,900,600,300,0.6666666666666666,12,6,6,344.4121394563555,0.7776090868196132,0.12462787660509878,0.22354964534323218,135148.68907981314,1509.369830140057,136658.0589099532,1790,37,662.5641025641025,37,2,16,31.0963258814018,0.6697635135135135,40.049342105263165,1039.8026315789484,28.102773826458066,0
1821,4,0,0,39,0.0,0.0,1.0,39,1100,900,200,0.8181818181818182,13,9,4,346.38373385991713,0.7774403958614485,0.1243551893066861,0.22500707752927795,135177.19394429072,1564.6362342259313,136741.83017851665,1791,38,663.5641025641025,37,2,16,31.016712357655006,0.670045045045045,40.02192982456141,1039.9122807017557,28.105737316263667,0
1822,4,0,0,39,0.0,0.0,1.0,39,950,800,150,0.8421052631578947,11,8,3,346.3189386056192,0.7774403958614485,0.04549214226633591,0.21471774193548385,133472.22222222216,1445.5611341951321,134917.7833564173,1792,39,664.5641025641025,36,3,19,32.720094086021504,0.6550925925925927,41.666666666666664,1033.333333333333,28.703703703703695,5
1823,4,0,0,39,0.0,0.0,1.0,39,750,500,250,0.6666666666666666,10,5,5,345.8543905330311,0.7758097165991903,0.0522821043574937,0.21493550783362822,133559.5112637974,1438.4286736060183,134997.93993740343,1793,40,665.5641025641025,36,3,19,32.64471438428296,0.6559606481481483,41.5822072072072,1033.6711711711698,28.71308808808805,0
1824,4,0,0,39,0.0,0.0,1.0,39,1150,1100,50,0.9565217391304348,12,11,1,345.49990597427404,0.7757534862798021,0.0547395820241916,0.21505319571185136,133617.7198101817,1432.9819261829246,135050.70173636463,1794,41,666.5641025641025,36,3,19,32.5956232073485,0.6565393518518519,41.52590090090089,1033.8963963963954,28.719344344344318,0
1825,4,0,0,39,0.0,0.0,1.0,39,1050,700,350,0.6666666666666666,14,7,7,346.40413290911323,0.7761470985155196,0.05509498847186656,0.21646723570769466,133763.29665814442,1467.2317587857879,135230.5284169302,1795,42,667.5641025641025,36,3,16,32.42660933304303,0.6579861111111112,41.38513513513512,1034.4594594594578,28.734984984984937,0
1826,4,0,0,39,0.0,0.0,1.0,39,350,100,250,0.2857142857142857,6,1,5,350.2099494134855,0.7740103463787674,0.063113365757832,0.21936463702525663,133850.68081172367,1575.168031206857,135425.8488429305,1796,43,668.5641025641025,36,3,17,32.240767947183215,0.6588541666666667,41.30067567567566,1034.7972972972957,28.744369369369323,0
1827,4,1,0,40,0.025,0.0,1.0,40,1050,700,350,0.6666666666666666,14,7,7,344.75261353020386,0.7787660256410256,0.0686600338696024,0.2177287896145293,134152.91243459485,1249.9134349030048,135402.82586949784,1797,0,652.825,37,3,18,32.07998165396556,0.6599099099099102,41.00877192982454,1035.9649122806986,27.999051683262124,0
1828,4,0,0,40,0.0,0.0,1.0,40,1500,1300,200,0.8666666666666667,17,13,4,347.05094925026185,0.7776175213675214,0.06371377194838157,0.2202026626987901,134323.35550361636,1323.4096068020774,135646.76511041843,1798,1,653.825,37,3,18,31.8502750158663,0.6615990990990992,40.84429824561403,1036.6228070175428,28.01683262209575,0
1829,4,0,0,40,0.0,0.0,1.0,40,850,700,150,0.8235294117647058,10,7,3,344.0436288990662,0.7783119658119658,0.05792798984878944,0.21880434421644013,134408.6176155161,1248.485711949806,135657.1033274659,1799,2,654.825,37,3,18,31.843145289203765,0.6624436936936938,40.76206140350876,1036.951754385963,28.025723091512518,0
1830,4,0,0,40,0.0,0.0,1.0,40,800,500,300,0.625,11,5,6,343.024581950515,0.7782318376068376,0.0580090928314656,0.21832614374750778,134437.04433094774,1223.042186057226,135660.08651700497,1800,3,655.825,37,3,18,31.841210262916757,0.6627252252252254,40.73464912280701,1037.0614035087701,28.028686581318112,0
1831,4,0,0,40,0.0,0.0,1.0,40,1000,400,600,0.4,16,4,12,341.8180559057962,0.7772435897435898,0.06187300442888066,0.21790620517330064,134495.3649485898,1194.58883501348,135689.95378360327,1801,4,656.825,38,2,18,31.814338929515568,0.6614583333333335,40.678418803418786,1037.2863247863222,27.297008547008478,0
1832,4,0,0,40,0.0,0.0,1.0,40,1050,600,450,0.5714285714285714,15,6,9,344.1524013407753,0.7761217948717949,0.06351437024513928,0.2200715085330468,134607.667743921,1265.121832864546,135872.78957678552,1802,5,657.825,37,3,19,31.64183572837418,0.6644144144144146,40.57017543859648,1037.7192982456124,28.046467520151687,0
1833,4,0,0,40,0.0,0.0,1.0,40,800,300,500,0.375,13,3,10,345.65280543967566,0.776201923076923,0.0607844690966719,0.22120377305520808,134636.11549948042,1307.4702071791103,135943.58570665953,1803,6,658.825,37,3,19,31.574550977284723,0.664695945945946,40.542763157894726,1037.8289473684197,28.04943100995729,0
1834,4,0,0,40,0.0,0.0,1.0,40,1350,1100,250,0.8148148148148148,16,11,5,341.00701312302294,0.7762286324786325,0.0559888866021816,0.21888415809309966,134744.82819234382,1189.786279129183,135934.614471473,1804,7,659.825,38,2,20,31.586789119846312,0.6639254385964914,40.438034188034166,1038.24786324786,27.32231219073316,0
1835,4,0,0,40,0.0,0.0,1.0,40,1250,1000,250,0.8,15,10,5,338.0494151963171,0.7762286324786325,0.05120320855614979,0.2179835884196936,134911.2654320984,1121.334876543168,136032.60030864156,1805,8,660.825,38,2,17,31.49788324420676,0.6655701754385968,40.27777777777776,1038.888888888886,27.339181286549632,0
1836,4,0,0,40,0.0,0.0,1.0,40,1600,1000,600,0.625,22,10,12,337.2324308843672,0.7758814102564102,0.06402251002158543,0.21829236993173684,135050.04160502937,1108.6507642997833,136158.69236932916,1806,9,661.825,38,2,17,31.38105149552883,0.6669407894736843,40.14423076923076,1039.4230769230753,27.35323886639672,0
1837,4,0,0,40,0.0,0.0,1.0,40,850,500,350,0.5882352941176471,12,5,7,336.1067957177277,0.775267094017094,0.059763176821123976,0.21823398550504597,135161.1139076081,1085.7137802249756,136246.82768783305,1807,10,662.825,38,2,17,31.299873283331618,0.6680372807017545,40.03739316239315,1039.8504273504257,27.364484930274358,0
1838,4,0,0,40,0.0,0.0,1.0,40,1100,700,400,0.6363636363636364,15,7,8,335.0124999703231,0.7751602564102564,0.05863636363636382,0.21785883014102134,135216.66718030872,1059.8547419460567,136276.5219222548,1808,11,663.825,38,2,17,31.273112480739577,0.6685855263157896,39.98397435897434,1040.0641025641005,27.370107962213172,0
1839,4,0,0,40,0.0,0.0,1.0,40,750,500,250,0.6666666666666666,10,5,5,337.0938732729532,0.7753739316239316,0.06111481975967936,0.21955070528821027,135272.23186728387,1119.8881172839392,136392.1199845678,1809,12,664.825,38,2,17,31.163773920783246,0.6691337719298246,39.93055555555555,1040.2777777777771,27.37573099415203,0
1840,4,0,0,40,0.0,0.0,1.0,40,1200,900,300,0.75,15,9,6,338.29588436053825,0.7748931623931624,0.06390371586943178,0.22118647687519205,135411.19352217103,1161.8098929797611,136573.0034151508,1810,13,665.825,38,2,17,30.994448436323818,0.6705043859649124,39.797008547008545,1040.8119658119654,27.389788573999088,0
1841,4,0,0,40,0.0,0.0,1.0,40,650,200,450,0.3076923076923077,11,2,9,337.6974838894638,0.7728365384615384,0.06361467419189326,0.22130880837275194,135494.60475792593,1151.237421469777,136645.8421793957,1811,14,666.825,38,2,18,30.92718488113562,0.671326754385965,39.716880341880334,1041.1324786324774,27.3982231219073,0
1842,4,0,1,39,0.0,0.025,0.975,40,1250,1000,250,0.8,15,10,5,338.97588107939646,0.7730502136752136,0.06105068746152287,0.22231890558545048,135522.41421031466,1187.7659525896497,136710.18016290432,1812,15,667.825,38,2,18,30.866295574252685,0.6716008771929826,39.69017094017093,1041.2393162393146,27.4010346378767,0
1843,4,0,0,39,0.0,0.0,1.0,39,1100,800,300,0.7272727272727273,14,8,6,344.81841241438366,0.7716486729644625,0.06227491887630876,0.22649275802986246,135576.57764889172,1549.8600530932315,137126.43770198495,1813,16,680.3846153846154,37,2,18,30.66040218993471,0.6739864864864866,39.63815789473683,1041.4473684210507,28.14722617354191,0
1844,4,0,1,38,0.0,0.02564102564102564,0.9743589743589743,39,1000,600,400,0.6,14,6,8,345.17774268932067,0.7718735942420153,0.06434950167188891,0.22727191498899726,135662.23651748596,1565.5169138580884,137227.75343134406,1814,17,681.3846153846154,37,2,18,30.56597112584641,0.6748310810810811,39.55592105263157,1041.7763157894722,28.156116642958708,0
1845,4,0,0,38,0.0,0.0,1.0,38,750,500,250,0.6666666666666666,10,5,5,345.4094570220622,0.7649952584163111,0.07571655281075329,0.22780283006593982,135721.67342595948,1775.9099048372448,137497.58333079674,1815,18,694.2894736842105,36,2,18,30.500918620987793,0.6773726851851853,39.49887387387386,1042.0045045045026,28.944569569569516,0
1846,4,0,0,38,0.0,0.0,1.0,38,1150,1100,50,0.9565217391304348,12,11,1,346.2030648841181,0.7639580369843528,0.07611025511277414,0.22907803943047014,135839.041638767,1805.5785092524804,137644.6201480195,1816,19,695.2894736842105,36,2,19,30.363733751035262,0.6785300925925927,39.386261261261254,1042.4549549549538,28.95708208208205,0
1847,4,0,0,38,0.0,0.0,1.0,38,600,200,400,0.3333333333333333,10,2,8,344.2295761047539,0.7624466571834992,0.07750937819711212,0.22833566437894123,135927.10108757394,1758.0256777047157,137685.12676527866,1817,20,696.2894736842105,36,2,15,30.327798776097897,0.6793981481481483,39.301801801801794,1042.792792792792,28.966466466466443,0
1848,4,0,0,38,0.0,0.0,1.0,38,1100,800,300,0.7272727272727273,14,8,6,343.21426813594684,0.7628319108582267,0.08572442980089212,0.228603896066107,136073.9302435882,1740.5028761870008,137814.4331197752,1818,21,697.2894736842105,36,2,16,30.208670624212992,0.6808449074074074,39.16103603603604,1043.355855855856,28.982107107107108,0
1849,4,0,0,38,0.0,0.0,1.0,38,750,500,250,0.6666666666666666,10,5,5,343.55890271692294,0.7621799431009958,0.0826166971497384,0.2290227908327343,136103.30558599133,1751.9004646538417,137855.20605064518,1819,22,698.2894736842105,36,2,16,30.17056083171451,0.6811342592592593,39.13288288288288,1043.468468468468,28.985235235235223,0
1850,4,0,0,38,0.0,0.0,1.0,38,1000,800,200,0.8,12,8,4,343.5836415050863,0.7616465149359887,0.0791347704608949,0.22941881768509653,136162.06578199827,1756.6116792468174,137918.6774612451,1820,23,699.2894736842105,36,2,16,30.111674579197214,0.681712962962963,39.07657657657658,1043.6936936936943,28.99149149149151,0
1851,4,0,0,38,0.0,0.0,1.0,38,650,300,350,0.46153846153846156,10,3,7,343.5827218688155,0.7612612612612613,0.07981046044824014,0.22960838132675218,136191.4506356019,1758.6058609285083,137950.05649653042,1821,24,700.2894736842105,36,2,17,30.082578127809537,0.6820023148148149,39.04842342342343,1043.8063063063069,28.994619619619634,0
1852,4,0,0,38,0.0,0.0,1.0,38,800,600,200,0.75,10,6,4,343.25432983176404,0.7611130867709816,0.07880542780900468,0.22957919462773843,136220.83865960562,1751.678536644761,137972.51719625038,1822,25,701.2894736842105,36,2,17,30.06202804746494,0.6822916666666667,39.020270270270274,1043.9189189189194,28.997747747747763,0
1853,4,0,1,37,0.0,0.02631578947368421,0.9736842105263158,38,800,600,200,0.75,10,6,4,342.8537543653062,0.7601351351351351,0.08272176721324476,0.22988307044320197,136309.02175401745,1746.8119724454107,138055.83372646285,1823,26,702.2894736842105,36,2,17,29.98512707142602,0.6831597222222223,38.93581081081081,1044.2567567567562,29.007132132132117,0
1854,4,0,0,37,0.0,0.0,1.0,37,800,400,400,0.5,12,4,8,348.2518177019392,0.7598848848848849,0.07467261075508524,0.23322788771263483,136267.37618152003,2091.072289737652,138358.44847125767,1824,27,683.3243243243244,35,2,18,29.88547555703358,0.6848214285714286,38.97569444444444,1044.097222222222,29.8313492063492,0
1855,4,0,1,36,0.0,0.02702702702702703,0.972972972972973,37,750,500,250,0.6666666666666666,10,5,5,346.85983072566944,0.7586336336336337,0.0793591375308822,0.23309083933724267,136388.24755926355,2061.520892275376,138449.76845153893,1825,28,684.3243243243244,35,2,19,29.802054478301013,0.6860119047619048,38.8599537037037,1044.5601851851852,29.84457671957672,0
1856,4,0,0,36,0.0,0.0,1.0,36,750,600,150,0.8,9,6,3,352.5254792960624,0.7587632275132276,0.07504401129728833,0.2366263221013279,136347.66333616787,2413.205073696149,138760.86840986402,1826,29,688.8055555555555,34,2,19,29.694327292070376,0.6878063725490196,38.898809523809526,1044.4047619047624,30.71778711484595,0
1857,4,0,0,36,0.0,0.0,1.0,36,700,500,200,0.7142857142857143,9,5,4,355.2223150896643,0.7583664021164022,0.07744040611193403,0.23927753334934657,136472.0255810659,2495.581774376433,138967.6073554423,1827,30,689.8055555555555,34,2,21,29.500636132315535,0.689031862745098,38.77976190476191,1044.8809523809534,30.731792717086865,0
1858,4,0,0,36,0.0,0.0,1.0,36,1200,900,300,0.75,15,9,6,355.85821957397036,0.7570436507936509,0.08027749307216325,0.24055358168429813,136596.44451530612,2521.793509070293,139118.23802437642,1828,31,690.8055555555555,34,2,21,29.3607409938124,0.6902573529411764,38.660714285714285,1045.357142857143,30.745798319327733,0
1859,4,0,0,36,0.0,0.0,1.0,36,800,400,400,0.5,12,4,8,355.7086395454037,0.7564484126984128,0.08134130146082308,0.2413050500699904,136720.920138889,2526.5625000000105,139247.482638889,1829,32,691.8055555555555,34,2,22,29.241367861885784,0.6914828431372548,38.54166666666667,1045.8333333333342,30.75980392156865,0
1860,4,0,0,36,0.0,0.0,1.0,36,1000,800,200,0.8,12,8,4,356.9958833485846,0.7567791005291006,0.0832890861051061,0.24303925784281272,136845.45245181414,2570.6526360544285,139416.10508786858,1830,33,692.8055555555555,34,2,22,29.084414229908603,0.6927083333333333,38.42261904761905,1046.3095238095243,30.77380952380954,0
1861,4,0,0,36,0.0,0.0,1.0,36,950,800,150,0.8421052631578947,11,8,3,356.9958833485846,0.7566137566137566,0.0832890861051061,0.24303925784281272,136845.45245181414,2570.6526360544285,139416.10508786858,1831,34,693.8055555555555,34,2,22,29.084414229908603,0.6927083333333333,38.42261904761905,1046.3095238095243,30.77380952380954,0
1862,4,0,0,36,0.0,0.0,1.0,36,1050,700,350,0.6666666666666666,14,7,7,356.9958833485846,0.7566137566137566,0.0832890861051061,0.24303925784281272,136845.45245181414,2570.6526360544285,139416.10508786858,1832,35,694.8055555555555,34,2,22,29.084414229908603,0.6927083333333333,38.42261904761905,1046.3095238095243,30.77380952380954,0
1863,4,0,0,36,0.0,0.0,1.0,36,500,500,0,1.0,5,5,0,356.9958833485846,0.7566137566137566,0.0832890861051061,0.24303925784281272,136845.45245181414,2570.6526360544285,139416.10508786858,1833,36,695.8055555555555,34,2,22,29.084414229908603,0.6927083333333333,38.42261904761905,1046.3095238095243,30.77380952380954,0
1864,4,0,0,36,0.0,0.0,1.0,36,1050,800,250,0.7619047619047619,13,8,5,353.2882849434418,0.7534722222222223,0.08206191265892748,0.24153382746133287,136993.40820312515,2479.6332465277933,139473.04144965293,1834,37,696.8055555555555,35,1,16,29.035033167495857,0.6919642857142856,38.28125000000001,1046.8750000000011,29.910714285714317,0
1865,4,0,0,36,0.0,0.0,1.0,36,700,500,200,0.7142857142857143,9,5,4,354.85368925412826,0.7511243386243387,0.08672266430887099,0.24323607427055696,137084.29783950615,2528.9737654320957,139613.27160493826,1835,38,697.8055555555555,35,1,16,28.904177718832887,0.6928571428571428,38.19444444444444,1047.2222222222222,29.92063492063492,0
1866,4,0,0,36,0.0,0.0,1.0,36,1650,1600,50,0.9696969696969697,17,16,1,357.4881740454293,0.75,0.09595652760901885,0.24610953913561004,137235.8475464036,2612.0385105881505,139847.88605699173,1836,39,698.8055555555555,35,1,16,28.68535752420928,0.694345238095238,38.049768518518526,1047.800925925927,29.937169312169342,0
1867,4,0,0,36,0.0,0.0,1.0,36,850,700,150,0.8235294117647058,10,7,3,355.1524214720656,0.7483796296296297,0.09634822501901308,0.24557027738121917,137387.480977795,2558.699309842256,139946.18028763725,1837,40,699.8055555555555,35,1,19,28.596728490468827,0.6958333333333333,37.905092592592595,1048.3796296296302,29.95370370370372,0
1868,4,0,0,36,0.0,0.0,1.0,36,1150,1100,50,0.9565217391304348,12,11,1,356.2233531642009,0.7463955026455027,0.09328724134549349,0.2476080117392882,137569.55161179713,2601.0973936900014,140170.64900548712,1838,41,700.8055555555555,35,1,20,28.388864371874085,0.6976190476190476,37.73148148148149,1049.074074074075,29.973544973545,0
1869,4,0,0,36,0.0,0.0,1.0,36,1200,900,300,0.75,15,9,6,354.54904365175804,0.7453373015873016,0.09029309415282083,0.2473115944487802,137690.99901406033,2563.6424039780527,140254.64141803837,1839,42,701.8055555555555,35,1,21,28.312931921776215,0.6988095238095238,37.61574074074074,1049.537037037037,29.986772486772484,0
1870,4,0,0,36,0.0,0.0,1.0,36,900,600,300,0.6666666666666666,12,6,6,354.30839002267584,0.7436838624338625,0.08355379188712564,0.24801587301587305,137812.5,2565.625000000001,140378.125,1840,43,702.8055555555555,35,1,21,28.199404761904752,0.7,37.5,1050.0,30.0,0
1871,4,0,0,36,0.0,0.0,1.0,36,700,500,200,0.7142857142857143,9,5,4,354.30839002267544,0.7428571428571429,0.08355379188712542,0.24801587301587308,137812.50000000015,2565.6250000000155,140378.12500000017,1841,44,703.8055555555555,36,0,21,28.19940476190476,0.6979166666666666,37.50000000000001,1050.0000000000011,29.1666666666667,0
1872,4,0,0,36,0.0,0.0,1.0,36,550,300,250,0.5454545454545454,8,3,5,352.24092748456457,0.7420304232804233,0.08277330950253181,0.2467803642970373,137842.062396011,2510.7231809512323,140352.78557696223,1842,45,704.8055555555555,36,0,21,28.224530831099184,0.6982060185185185,37.47184684684685,1050.1126126126135,29.169794794794818,0
1873,4,0,0,36,0.0,0.0,1.0,36,700,400,300,0.5714285714285714,10,4,6,349.3413815276871,0.7415013227513229,0.08319633560868711,0.24516983186672245,137901.1966992331,2434.9189138462943,140336.1156130794,1843,46,705.8055555555555,36,0,21,28.242378757013707,0.6987847222222221,37.41554054054055,1050.3378378378386,29.176051051051072,0
1874,4,0,0,36,0.0,0.0,1.0,36,600,400,200,0.6666666666666666,8,4,4,352.16550697366614,0.7417989417989419,0.09297368107657467,0.2477906621466295,137989.92193206726,2519.0581628926225,140508.98009495987,1844,47,706.8055555555555,36,0,21,28.08078778135047,0.6996527777777778,37.33108108108108,1050.675675675676,29.185435435435448,0
1875,4,0,0,36,0.0,0.0,1.0,36,1200,800,400,0.6666666666666666,16,8,8,352.50040953165933,0.7406415343915345,0.09457537344521838,0.24909851044496886,138137.86072812666,2538.7304956983903,140676.59122382506,1845,48,707.8055555555555,36,0,18,27.926263167291545,0.7010995370370371,37.19031531531531,1051.238738738738,29.201076076076056,0
1876,4,0,0,36,0.0,0.0,1.0,36,950,700,250,0.7368421052631579,12,7,5,351.2845944126139,0.7405423280423281,0.09115252784918648,0.2484540131391032,138167.45799853903,2507.219888807725,140674.67788734674,1846,49,708.8055555555555,36,0,18,27.929073836046847,0.701388888888889,37.16216216216216,1051.351351351351,29.204204204204196,0
1877,4,0,0,36,0.0,0.0,1.0,36,700,500,200,0.7142857142857143,9,5,4,351.04466679405687,0.7388558201058202,0.09341433822217504,0.24936184277743614,138315.49190660255,2510.9831537618734,140826.4750603644,1847,50,709.8055555555555,36,0,18,27.789672768797054,0.7028356481481481,37.0213963963964,1051.9144144144145,29.219844844844847,0
1878,4,0,0,36,0.0,0.0,1.0,36,500,200,300,0.4,8,2,6,349.4646979103405,0.7386904761904762,0.09219415304836032,0.24845503865132412,138345.10819941558,2469.3462888564227,140814.454488272,1848,51,710.8055555555555,36,0,18,27.80208556340542,0.703125,36.99324324324324,1052.0270270270266,29.22297297297296,0
1879,4,0,0,36,0.0,0.0,1.0,36,900,600,300,0.6666666666666666,12,6,6,351.298155581488,0.737962962962963,0.09063451293759495,0.25019283275559634,138404.35029624225,2524.2385967048153,140928.58889294707,1849,52,711.8055555555555,36,0,18,27.69558005136986,0.7037037037037037,36.93693693693694,1052.2522522522527,29.22922922922924,0
1880,4,0,0,36,0.0,0.0,1.0,36,1050,700,350,0.6666666666666666,14,7,7,349.5027847275023,0.7361772486772488,0.0887985932896116,0.2506556781266565,138641.44549955364,2491.114256148047,141132.5597557017,1850,53,712.8055555555555,36,0,19,27.509712717422303,0.7060185185185186,36.711711711711715,1053.1531531531534,29.254254254254263,0
1881,4,0,0,36,0.0,0.0,1.0,36,750,500,250,0.6666666666666666,10,5,5,348.53125470449555,0.7356150793650794,0.08953916503355308,0.2506156716187975,138730.40851239747,2470.3766688986198,141200.7851812961,1851,54,713.8055555555555,36,0,20,27.447888829502936,0.7068865740740742,36.62725225225225,1053.4909909909904,29.263638638638625,0
1882,4,0,0,36,0.0,0.0,1.0,36,1000,700,300,0.7,13,7,6,347.14767403879523,0.7358465608465609,0.088321219894542,0.2498395106389976,138760.06919081244,2434.047053810568,141194.116244623,1852,55,714.8055555555555,36,0,20,27.455198090352006,0.7071759259259259,36.5990990990991,1053.6036036036037,29.266766766766768,0
1883,4,0,0,36,0.0,0.0,1.0,36,600,400,200,0.6666666666666666,8,4,4,348.5705057718514,0.7356150793650794,0.08776257822426459,0.25108346593589015,138789.73303962743,2475.601488312633,141265.33452794005,1853,56,715.8055555555555,36,0,20,27.388586085283755,0.7074652777777779,36.570945945945944,1053.716216216216,29.26989489489489,0
1884,4,0,0,36,0.0,0.0,1.0,36,1050,700,350,0.6666666666666666,14,7,7,348.57498464937237,0.7349537037037037,0.090818700953331,0.2515276238499211,138849.0702484579,2479.862506087168,141328.93275454507,1854,57,716.8055555555555,36,0,21,27.330199095344945,0.7080439814814815,36.51463963963964,1053.9414414414414,29.27615115115115,0
1885,4,0,0,36,0.0,0.0,1.0,36,800,400,400,0.5,12,4,8,346.79846133772617,0.7326058201058202,0.0869472334971162,0.25090627473290544,138938.0998397047,2436.7038491194053,141374.8036888241,1855,58,717.8055555555555,36,0,22,27.289619383322663,0.708912037037037,36.43018018018019,1054.2792792792802,29.285535535535562,0
1886,4,0,0,36,0.0,0.0,1.0,36,1000,700,300,0.7,13,7,6,347.0291943059122,0.7320767195767196,0.09197754995491025,0.25151558633750504,138997.4687525365,2447.2359183508033,141444.7046708873,1856,59,718.8055555555555,36,0,23,27.22527765912004,0.7094907407407407,36.37387387387388,1054.5045045045058,29.291791791791827,0
1887,4,0,0,36,0.0,0.0,1.0,36,850,500,350,0.5882352941176471,12,5,7,345.27004957417597,0.7305224867724868,0.09532915880978665,0.2513469381865156,139145.94651661805,2408.585570367674,141554.5320869857,1857,60,719.8055555555555,36,0,18,27.12602732415413,0.7109375,36.23310810810811,1055.0675675675682,29.30743243243245,0
1888,4,0,0,36,0.0,0.0,1.0,36,1000,700,300,0.7,13,7,6,344.44444811374774,0.7300595238095239,0.0950894603919894,0.2511897994765705,139205.35981505152,2389.70266719422,141595.06248224573,1858,61,720.8055555555555,36,0,18,27.089558211503576,0.7115162037037037,36.1768018018018,1055.2927927927926,29.313688688688686,0
1889,4,0,0,36,0.0,0.0,1.0,36,600,500,100,0.8333333333333334,7,5,2,342.6161672631527,0.7306216931216931,0.09365367287902493,0.2500777818995537,139235.0712198686,2340.8372899927044,141575.9085098613,1859,62,721.8055555555555,36,0,18,27.108674775928286,0.7118055555555556,36.14864864864865,1055.405405405406,29.316816816816836,0
1890,4,0,0,36,0.0,0.0,1.0,36,650,400,250,0.6153846153846154,9,4,5,342.3799751111109,0.7286044973544974,0.09285629629629621,0.2505708248763987,139324.22445672032,2340.3649003733544,141664.58935709368,1860,63,722.8055555555555,36,0,19,27.027555555555555,0.7126736111111112,36.06418918918919,1055.7432432432438,29.326201201201215,0
1891,4,0,0,36,0.0,0.0,1.0,36,850,300,550,0.35294117647058826,14,3,11,341.1419960482941,0.7283068783068783,0.08900976488433843,0.24988651210537555,139353.94854313775,2307.8968326434574,141661.8453757812,1861,64,723.8055555555555,36,0,19,27.031116680887383,0.712962962962963,36.03603603603604,1055.855855855856,29.32932932932933,0
1892,4,0,0,36,0.0,0.0,1.0,36,700,400,300,0.5714285714285714,10,4,6,339.8694042370472,0.7272156084656085,0.09259752875810001,0.24961904012053795,139443.13982479117,2278.4913714390245,141721.63119623018,1862,65,724.8055555555555,36,0,19,26.97737854071153,0.7138310185185185,35.951576576576585,1056.193693693695,29.338713713713748,0
1893,4,0,0,36,0.0,0.0,1.0,36,1150,800,350,0.6956521739130435,15,8,7,340.5848884644482,0.7245370370370371,0.09068627450980382,0.2512616818671686,139591.85536888245,2308.5752982712515,141900.4306671537,1863,66,725.8055555555555,36,0,21,26.812926257459495,0.7152777777777778,35.810810810810814,1056.7567567567573,29.35435435435437,0
1894,4,0,0,36,0.0,0.0,1.0,36,1000,800,200,0.8,12,8,4,341.90418289375646,0.7243716931216931,0.08770107595610965,0.25291210124694197,139681.12274013885,2351.5120272299396,142032.63476736879,1864,67,726.8055555555555,36,0,21,26.690724761194563,0.7161458333333333,35.726351351351354,1057.094594594595,29.36373873873875,0
1895,4,0,0,36,0.0,0.0,1.0,36,1050,700,350,0.6666666666666666,14,7,7,356.03042804608464,0.7234126984126985,0.09121528560338565,0.2619746283980891,139505.1658163265,2734.3840168767683,142239.5498332033,1865,68,727.8055555555555,34,2,19,26.489839230711432,0.71875,35.89285714285714,1056.428571428571,31.071428571428562,1
1896,4,0,0,36,0.0,0.0,1.0,36,750,600,150,0.8,9,6,3,351.54976312529374,0.7216931216931217,0.09083001677054403,0.25965547396225913,139630.9594671201,2617.446145124705,142248.4056122448,1866,69,728.8055555555555,34,2,19,26.484944056469168,0.7199754901960784,35.77380952380952,1056.9047619047612,31.085434173669448,0
1897,4,0,1,35,0.0,0.027777777777777776,0.9722222222222222,36,650,500,150,0.7692307692307693,8,5,3,352.0539120201281,0.7216931216931217,0.08461586586586578,0.2605198948948949,139693.87755102044,2635.955215419503,142329.83276643994,1867,70,729.8055555555555,34,2,19,26.41000375375375,0.7205882352941178,35.714285714285715,1057.1428571428573,31.092436974789923,0
1898,4,0,0,35,0.0,0.0,1.0,35,800,600,200,0.75,10,6,4,359.50391710065696,0.7194677871148459,0.08293135435992549,0.26544193331130705,139619.85774702046,3038.777153018079,142658.63490003854,1868,71,729.3428571428572,33,2,20,26.285656307977717,0.7222222222222222,35.7843137254902,1056.86274509804,32.026143790849694,0
1899,4,0,0,35,0.0,0.0,1.0,35,850,600,250,0.7058823529411765,11,6,5,357.6731611006092,0.719047619047619,0.07972836438923392,0.2643471306334836,139652.23899762105,2989.9715554113736,142642.21055303243,1869,72,730.3428571428572,33,2,20,26.302294685990326,0.7225378787878788,35.75367647058823,1056.9852941176466,32.02985739750444,0
1900,4,0,0,35,0.0,0.0,1.0,35,800,700,100,0.875,9,7,2,359.89013162177343,0.7181372549019608,0.08426071552737469,0.2670242429719933,139781.80154567945,3061.2181913206337,142843.01973700008,1870,73,731.3428571428572,33,2,21,26.116752617143746,0.7238005050505051,35.63112745098039,1057.4754901960778,32.04471182412357,0
1901,4,0,0,35,0.0,0.0,1.0,35,800,500,300,0.625,11,5,6,357.2993213391961,0.7162464985994397,0.08271251509986643,0.26614021062306104,139911.42416678666,2998.051380478645,142909.4755472653,1871,74,732.3428571428572,33,2,21,26.058317888721565,0.7250631313131313,35.50857843137254,1057.9656862745087,32.05956625074269,0
1902,4,0,0,35,0.0,0.0,1.0,35,1050,700,350,0.6666666666666666,14,7,7,357.7407154814309,0.7143557422969187,0.08953880764904398,0.26725335803612776,140008.68055555553,3017.361111111106,143026.04166666663,1872,75,733.3428571428572,33,2,21,25.951443569553792,0.726010101010101,35.416666666666664,1058.3333333333333,32.070707070707066,0
1903,4,0,0,35,0.0,0.0,1.0,35,750,400,350,0.5333333333333333,11,4,7,351.70298070778426,0.7143557422969187,0.06812812910124943,0.24552376729220382,137718.76594387754,2687.2200963718847,140405.98604024944,1873,76,734.3428571428572,34,1,22,28.36022267589128,0.7012867647058822,37.589285714285715,1049.642857142857,30.871848739495796,4
1904,4,0,0,35,0.0,0.0,1.0,35,600,300,300,0.5,9,3,6,351.70298070778426,0.7143557422969187,0.06812812910124943,0.24552376729220382,137718.76594387754,2687.2200963718847,140405.98604024944,1874,77,735.3428571428572,34,1,22,28.36022267589128,0.7012867647058822,37.589285714285715,1049.642857142857,30.871848739495796,0
1905,4,0,0,35,0.0,0.0,1.0,35,1100,800,300,0.7272727272727273,14,8,6,352.42867948109676,0.712955182072829,0.07071436668987996,0.2469240176094325,137843.75177154195,2716.018282312925,140559.77005385488,1875,78,736.3428571428572,34,1,23,28.217936363979902,0.7025122549019608,37.470238095238095,1050.1190476190475,30.88585434173669,0
1906,4,0,0,35,0.0,0.0,1.0,35,950,700,250,0.7368421052631579,12,7,5,357.0571959769687,0.7109943977591036,0.07870253471885036,0.2513067632928808,138000.06377551018,2854.783163265302,140854.84693877547,1876,79,737.3428571428572,34,1,23,27.942301155676404,0.7040441176470589,37.32142857142857,1050.7142857142856,30.90336134453781,0
1907,4,0,0,35,0.0,0.0,1.0,35,650,500,150,0.7692307692307693,8,5,3,357.0105671203639,0.7103641456582632,0.0825195423133569,0.25150297493786505,138031.33680555542,2855.729166666647,140887.06597222207,1877,80,738.3428571428572,34,1,23,27.912701559608767,0.7043504901960784,37.29166666666666,1050.8333333333321,30.906862745098003,0
1908,4,0,0,35,0.0,0.0,1.0,35,600,200,400,0.3333333333333333,10,2,8,357.1295734581352,0.7088235294117646,0.08241384889176517,0.25227633069082656,138125.17715419485,2865.717120181384,140990.89427437625,1878,81,739.3428571428572,34,1,18,27.817100792751972,0.7052696078431373,37.20238095238094,1051.190476190475,30.917366946778678,0
1909,4,0,0,35,0.0,0.0,1.0,35,750,400,350,0.5333333333333333,11,4,7,356.2232388400646,0.7067226890756302,0.09000663097798878,0.25232717471325494,138219.04939058947,2847.3674886621234,141066.4168792516,1879,82,740.3428571428572,34,1,18,27.748452771802704,0.7061887254901962,37.113095238095234,1051.5476190476184,30.927871148459364,0
1910,4,0,0,35,0.0,0.0,1.0,35,850,600,250,0.7058823529411765,11,6,5,355.050413334576,0.7057422969187674,0.0903872584687524,0.25195746199284974,138281.64859693882,2819.391298185946,141101.03989512476,1880,83,741.3428571428572,34,1,18,27.717647613657796,0.7068014705882353,37.05357142857143,1051.7857142857147,30.934873949579842,0
1911,4,0,0,35,0.0,0.0,1.0,35,750,600,150,0.8,9,6,3,357.1447043488944,0.703781512605042,0.09208935441114674,0.2541421012105901,138375.57397959186,2884.0206916099796,141259.59467120183,1881,84,742.3428571428572,34,1,19,27.57010447310854,0.7077205882352942,36.964285714285715,1052.1428571428573,30.94537815126051,0
1912,4,0,0,35,0.0,0.0,1.0,35,1000,800,200,0.8,12,8,4,359.5946962229833,0.7021708683473389,0.0883252011503537,0.2568284575124086,138500.85742630388,2960.8347505668935,141461.69217687077,1882,85,743.3428571428572,34,1,19,27.38233242856065,0.7089460784313726,36.845238095238095,1052.6190476190477,30.959383753501402,0
1913,4,0,0,35,0.0,0.0,1.0,35,600,500,100,0.8333333333333334,7,5,2,359.5946962229833,0.7021708683473389,0.0883252011503537,0.2568284575124086,138500.85742630388,2960.8347505668935,141461.69217687077,1883,86,744.3428571428572,34,1,19,27.38233242856065,0.7089460784313726,36.845238095238095,1052.6190476190477,30.959383753501402,0
1914,4,0,0,35,0.0,0.0,1.0,35,1000,1000,0,1.0,10,10,0,357.82269618215156,0.7013305322128851,0.08343399760989634,0.25650725854354217,138626.19756235814,2920.719954648508,141546.91751700666,1884,87,745.3428571428572,34,1,19,27.305656040394897,0.710171568627451,36.72619047619047,1053.0952380952372,30.97338935574227,0
1915,4,0,0,35,0.0,0.0,1.0,35,750,400,350,0.5333333333333333,11,4,7,356.6528782656326,0.7009103641456582,0.07955562014565065,0.25590494841979317,138657.54145408163,2890.5222505668908,141548.06370464852,1885,88,746.3428571428572,34,1,19,27.305630910666515,0.7104779411764706,36.69642857142857,1053.2142857142856,30.976890756302517,0
1916,4,0,0,35,0.0,0.0,1.0,35,950,600,350,0.631578947368421,13,6,7,356.4132350584843,0.7011904761904761,0.07726039783001815,0.255969505178366,138688.88888888885,2886.1111111111068,141574.99999999994,1886,89,747.3428571428572,34,1,20,27.28111814345992,0.7107843137254902,36.666666666666664,1053.333333333333,30.980392156862735,0
1917,4,0,0,35,0.0,0.0,1.0,35,650,400,250,0.6153846153846154,9,4,5,357.892083492455,0.6982492997198879,0.07460263671717438,0.25822482601130425,138845.6792091836,2938.353883219947,141784.03309240355,1887,90,748.3428571428572,34,1,21,27.088039835837193,0.7123161764705882,36.51785714285714,1053.9285714285709,30.99789915966385,0
1918,4,0,0,35,0.0,0.0,1.0,35,700,400,300,0.5714285714285714,10,4,6,344.6928670307279,0.6982492997198879,0.09742586180942325,0.23533347540443267,136945.3023626733,2445.6642614153825,139390.9666240887,1888,91,749.3428571428572,33,2,22,29.30753131951761,0.6960227272727272,38.327205882352956,1046.6911764705903,31.71791443850274,4
1919,4,0,0,35,0.0,0.0,1.0,35,700,300,400,0.42857142857142855,11,3,8,342.90756162689445,0.6974789915966386,0.09348825545431771,0.2349755504492234,137073.6033767063,2400.7150194636956,139474.31839617,1889,92,750.3428571428572,33,2,18,29.22749658669788,0.6972853535353534,38.20465686274511,1047.1813725490213,31.732768865121855,0
1920,4,0,0,35,0.0,0.0,1.0,35,650,400,250,0.6153846153846154,9,4,5,346.0336764109703,0.6973389355742297,0.09637217385492036,0.2379921077745283,137201.96446378814,2495.300034842391,139697.26449863054,1890,93,751.3428571428572,33,2,18,29.018866729052146,0.6985479797979798,38.082107843137265,1047.6715686274522,31.747623291740975,0
1921,4,0,0,35,0.0,0.0,1.0,35,850,800,50,0.9411764705882353,9,8,1,346.0336764109703,0.6973389355742297,0.09637217385492036,0.2379921077745283,137201.96446378814,2495.300034842391,139697.26449863054,1891,94,752.3428571428572,33,2,18,29.018866729052146,0.6985479797979798,38.082107843137265,1047.6715686274522,31.747623291740975,0
1922,4,0,0,35,0.0,0.0,1.0,35,650,400,250,0.6153846153846154,9,4,5,345.0074898521396,0.6963585434173669,0.09769951718261871,0.23772433889811814,137266.16753472228,2471.571180555561,139737.73871527784,1892,95,753.3428571428572,33,2,18,28.982355864811133,0.6991792929292928,38.020833333333336,1047.916666666667,31.755050505050516,0
1923,4,0,0,35,0.0,0.0,1.0,35,800,600,200,0.75,10,6,4,343.3118568029727,0.6962885154061624,0.09448313874830938,0.23699324545890446,137330.3856239188,2429.4299368031707,139759.81556072197,1893,96,754.3428571428572,33,2,18,28.963399781752997,0.699810606060606,37.95955882352942,1048.1617647058831,31.762477718360095,0
1924,4,0,0,35,0.0,0.0,1.0,35,950,800,150,0.8421052631578947,11,8,3,343.08221589025896,0.6960084033613445,0.09253482080229825,0.2370537378614924,137362.50030036524,2425.326196655134,139787.82649702037,1894,97,755.3428571428572,33,2,19,28.93772893772895,0.7001262626262625,37.92892156862745,1048.2843137254902,31.766191325014855,0
1925,4,0,0,35,0.0,0.0,1.0,35,650,400,250,0.6153846153846154,9,4,5,342.22435359269474,0.6932773109243697,0.08682029742308983,0.23718759487002755,137468.96435657612,2409.0454931973027,139878.00984977343,1895,98,756.3428571428572,34,1,19,28.85519544405344,0.6988357843137254,37.82738095238096,1048.6904761904775,30.843837535014046,0
1926,4,0,0,35,0.0,0.0,1.0,35,900,500,400,0.5555555555555556,13,5,8,340.55033894356274,0.6919467787114846,0.08321416411304017,0.23645303675584983,137531.39349489813,2367.272534013627,139898.66602891177,1896,99,757.3428571428572,34,1,19,28.837532629667454,0.6994485294117646,37.76785714285715,1048.928571428573,30.850840336134496,0
1927,4,0,1,34,0.0,0.02857142857142857,0.9714285714285714,35,850,700,150,0.8235294117647058,10,7,3,341.36425835651295,0.6920168067226891,0.0866447293770567,0.23744618854743105,137593.8368055557,2393.923611111131,139987.76041666683,1897,100,758.3428571428572,34,1,20,28.754633306857315,0.7000612745098038,37.70833333333334,1049.1666666666679,30.85784313725494,0
1928,4,0,1,33,0.0,0.029411764705882353,0.9705882352941176,34,500,300,200,0.6,7,3,4,341.2533020312843,0.6926619132501486,0.05441309917796544,0.23801337901169342,137687.52834467136,2597.2647392290432,140284.7930839004,1898,101,729.6470588235294,34,0,21,28.6652109800363,0.7009803921568627,37.61904761904763,1049.5238095238108,30.86834733893561,0
1929,4,0,0,33,0.0,0.0,1.0,33,500,500,0,1.0,5,5,0,339.82111363063757,0.6893150252525253,0.04184704184704202,0.23787477954144629,137812.49999999997,2766.3194444444453,140578.8194444444,1899,102,730.7272727272727,33,0,23,28.579695767195766,0.7045454545454546,37.5,1049.9999999999998,31.818181818181813,0
1930,4,0,0,33,0.0,0.0,1.0,33,650,300,350,0.46153846153846156,10,3,7,339.62369763181493,0.6884469696969697,0.04736196405779913,0.2384041533499007,137909.0242484861,2767.4345504133,140676.4587988994,1900,103,731.7272727272727,33,0,23,28.48984463112045,0.7054924242424243,37.408088235294116,1050.3676470588232,31.829322638146156,0
1931,4,0,0,33,0.0,0.0,1.0,33,550,400,150,0.7272727272727273,7,4,3,340.79746993379797,0.6885258838383839,0.046875662834598986,0.23945212395676368,137941.2065071126,2802.002835447901,140743.2093425605,1901,104,732.7272727272727,33,0,23,28.427340955047463,0.7058080808080809,37.377450980392155,1050.490196078431,31.833036244800937,0
1932,4,0,0,33,0.0,0.0,1.0,33,800,500,300,0.625,11,5,6,340.17077918214363,0.6865530303030304,0.04373531230674099,0.23968483414025304,138037.77581038536,2791.2835507977634,140829.0593611831,1902,105,733.7272727272727,33,0,25,28.348760932944607,0.7067550505050505,37.28553921568627,1050.8578431372543,31.844177064765283,0
1933,4,0,0,33,0.0,0.0,1.0,33,1350,1000,350,0.7407407407407407,17,10,7,339.62211648351126,0.6871843434343435,0.04059242618515291,0.24019935179818963,138166.5874453334,2784.8857710976426,140951.47321643104,1903,106,734.7272727272727,33,0,19,28.236464040097932,0.7080176767676768,37.162990196078425,1051.3480392156853,31.859031491384403,0
1934,4,0,0,33,0.0,0.0,1.0,33,900,600,300,0.6666666666666666,12,6,6,340.54702311626613,0.6871054292929294,0.03529997563327014,0.24130751489353258,138231.01579020088,2814.832185938101,141045.847976139,1904,107,735.7272727272727,33,0,19,28.148792875733207,0.70864898989899,37.10171568627451,1051.593137254902,31.866458704694004,0
1935,4,0,0,33,0.0,0.0,1.0,33,700,400,300,0.5714285714285714,10,4,6,341.7468634129043,0.6872632575757577,0.03673222967176115,0.2426148328100048,138295.45915333042,2852.4078779796214,141147.86703131004,1905,108,736.7272727272727,33,0,19,28.053880733232365,0.709280303030303,37.04044117647059,1051.8382352941176,31.873885918003563,0
1936,4,0,0,33,0.0,0.0,1.0,33,900,500,400,0.5555555555555556,13,5,8,340.97035128142113,0.6861584595959597,0.039830065912972445,0.24321041335588411,138456.63326605156,2841.9213763937014,141298.55464244526,1906,109,737.7272727272727,33,0,21,27.91589038969105,0.7108585858585859,36.88725490196079,1052.4509803921571,31.89245395127749,0
1937,4,0,0,33,0.0,0.0,1.0,33,1100,900,200,0.8181818181818182,13,9,4,341.40843848804894,0.6846590909090909,0.03406356933714361,0.24398489905260734,138521.1291930988,2858.456483083434,141379.58567618224,1907,110,738.7272727272727,33,0,22,27.840997283663178,0.711489898989899,36.825980392156865,1052.6960784313726,31.899881164587047,0
1938,4,0,1,32,0.0,0.030303030303030304,0.9696969696969697,33,650,600,50,0.9230769230769231,7,6,1,341.83707996770124,0.6823705808080809,0.03021486833892273,0.2449879923404886,138617.90124291152,2876.9477184256216,141494.84896133715,1908,111,739.7272727272727,33,0,22,27.734662903914042,0.7124368686868687,36.73406862745099,1053.0637254901972,31.91102198455143,0
1939,4,0,0,32,0.0,0.0,1.0,32,1050,800,250,0.7619047619047619,13,8,5,348.7448889809016,0.6783434139784946,0.03239658273381307,0.24987391530074907,138609.10238751146,3267.8432047750225,141876.94559228647,1909,112,753.65625,32,0,23,27.561450839328536,0.71484375,36.74242424242424,1053.030303030303,32.90719696969697,0
1940,4,0,0,32,0.0,0.0,1.0,32,800,200,600,0.25,14,2,12,347.9316743386732,0.6761172715053764,0.03399181948939223,0.250025319466628,138708.8391012397,3252.2397268135924,141961.0788280533,1910,113,754.65625,32,0,23,27.484867553637784,0.7158203125,36.64772727272727,1053.409090909091,32.91903409090909,0
1941,4,0,0,32,0.0,0.0,1.0,32,600,500,100,0.8333333333333334,7,5,2,348.07107078251033,0.6752772177419355,0.03546659676453001,0.2506171773666998,138775.3501715388,3260.73694648508,142036.0871180239,1911,114,755.65625,32,0,24,27.41586778510087,0.7164713541666666,36.58459595959597,1053.6616161616175,32.92692550505055,0
1942,4,0,0,32,0.0,0.0,1.0,32,750,500,250,0.6666666666666666,10,5,5,348.1712538459809,0.6751932123655915,0.0381761411285495,0.2511828397452379,138841.8771840884,3268.150093102753,142110.02727719114,1912,115,756.65625,32,0,24,27.347899444910354,0.7171223958333333,36.52146464646465,1053.9141414141418,32.93481691919193,0
1943,4,0,0,32,0.0,0.0,1.0,32,550,400,150,0.7272727272727273,7,4,3,347.23343640952635,0.6773773521505377,0.03817614112854928,0.25050626566208406,138841.8771840882,3242.108426436056,142083.98561052425,1913,116,757.65625,32,0,22,27.372608921368954,0.7171223958333334,36.521464646464636,1053.9141414141402,32.93481691919188,4
1944,4,0,0,32,0.0,0.0,1.0,32,850,700,150,0.8235294117647058,10,7,3,346.5300297608376,0.6762432795698925,0.035321856287425346,0.25073879969696655,138941.69759463315,3229.4941204979036,142171.19171513105,1914,117,758.65625,32,0,22,27.29316367265469,0.7180989583333334,36.426767676767675,1054.2929292929289,32.94665404040403,0
1945,4,0,0,32,0.0,0.0,1.0,32,300,300,0,1.0,3,3,0,346.5332482824679,0.6762432795698925,0.03728897270114939,0.25123660500478934,139008.26446280998,3234.197084481182,142242.46154729117,1915,118,759.65625,32,0,22,27.227759818007662,0.71875,36.36363636363637,1054.545454545455,32.95454545454547,0
1946,4,0,0,32,0.0,0.0,1.0,32,750,500,250,0.6666666666666666,10,5,5,346.9884578918353,0.6759492607526882,0.03469187716987898,0.2518153422042138,139041.5538752423,3249.162872410977,142290.7167476533,1916,119,760.65625,32,0,22,27.183097888982,0.7190755208333334,36.332070707070706,1054.671717171717,32.95849116161616,0
1947,4,0,0,32,0.0,0.0,1.0,32,1050,800,250,0.7619047619047619,13,8,5,346.4226895949769,0.6753192204301076,0.034062350406893316,0.25215226430798143,139141.4460259158,3240.350793286415,142381.7968192022,1917,120,761.65625,32,0,18,27.10003789692039,0.7200520833333333,36.237373737373744,1055.0505050505055,32.9703282828283,0
1948,4,0,0,32,0.0,0.0,1.0,32,850,500,350,0.5882352941176471,12,5,7,347.01689200420975,0.6743531586021506,0.03170609522670187,0.25333748473914325,139241.37404665354,3263.8217720130756,142505.1958186666,1918,121,762.65625,32,0,19,26.986381943613665,0.7210286458333333,36.142676767676775,1055.429292929294,32.98216540404044,0
1949,4,0,0,32,0.0,0.0,1.0,32,600,400,200,0.6666666666666666,8,4,4,347.4677204082879,0.6750252016129032,0.03317859705776871,0.2541712694955112,139308.0126549586,3281.0075183654694,142589.02017332407,1919,122,763.65625,32,0,19,26.909161583542648,0.7216796875,36.07954545454545,1055.6818181818176,32.9900568181818,0
1950,4,0,0,32,0.0,0.0,1.0,32,650,500,150,0.7692307692307693,8,5,3,347.2111425812642,0.6752352150537635,0.03379125807223193,0.25423639004067705,139341.33793745545,3276.173030813199,142617.51096826865,1920,123,764.65625,32,0,20,26.883271545882177,0.7220052083333333,36.04797979797981,1055.8080808080815,32.99400252525255,0
1951,4,0,0,32,0.0,0.0,1.0,32,550,400,150,0.7272727272727273,7,4,3,347.25636568802486,0.6743531586021506,0.036376748774363366,0.25452278582374693,139374.6672055147,3279.7480805529995,142654.4152860677,1921,124,765.65625,32,0,20,26.84941607875961,0.7223307291666667,36.01641414141414,1055.9343434343432,32.997948232323225,0
1952,4,0,0,32,0.0,0.0,1.0,32,600,500,100,0.8333333333333334,7,5,2,346.98050056709536,0.6732190860215054,0.03723547345767608,0.2545741146265951,139408.00045913682,3274.3715564738295,142682.37201561066,1922,125,766.65625,32,0,21,26.824037541846003,0.72265625,35.984848484848484,1056.060606060606,33.00189393939394,0
1953,4,0,0,32,0.0,0.0,1.0,32,750,600,150,0.8,9,6,3,347.9559267046831,0.6721270161290324,0.035747370308391035,0.255799585484304,139474.67892306906,3306.208231302923,142780.88715437197,1923,126,767.65625,32,0,21,26.732956809307503,0.7233072916666667,35.92171717171717,1056.3131313131312,33.00978535353535,0
1954,4,0,0,32,0.0,0.0,1.0,32,950,600,350,0.631578947368421,13,6,7,349.51361418716124,0.6705309139784946,0.03992889579349934,0.25745862002800757,139541.37332925215,3354.3219441893757,142895.69527344152,1924,127,768.65625,32,0,21,26.62648382727852,0.7239583333333333,35.85858585858586,1056.5656565656568,33.017676767676775,0
1955,4,0,0,32,0.0,0.0,1.0,32,700,500,200,0.7142857142857143,9,5,4,352.2407234412152,0.6690608198924731,0.044965505913272086,0.2602477578046261,139641.44483024694,3437.480709876552,143078.92554012348,1925,128,769.65625,32,0,21,26.45641699518178,0.7249348958333333,35.76388888888889,1056.9444444444448,33.0295138888889,0
1956,4,0,0,32,0.0,0.0,1.0,32,600,400,200,0.6666666666666666,8,4,4,350.9542764097282,0.6686827956989247,0.04114160296225511,0.25955735000903246,139674.8099683707,3403.894373023175,143078.7043413939,1926,129,770.65625,32,0,21,26.457736104475234,0.7252604166666666,35.73232323232324,1057.070707070708,33.03345959595963,0
1957,4,0,0,32,0.0,0.0,1.0,32,550,400,150,0.7272727272727273,7,4,3,346.4877378822376,0.6687668010752689,0.030636080498322782,0.2502145013703217,138875.1466687073,3223.7070834608708,142098.8537521682,1927,130,771.65625,32,0,21,27.359597109088003,0.7174479166666667,36.48989898989899,1054.0404040404042,32.93876262626263,4
1958,4,0,0,32,0.0,0.0,1.0,32,650,500,150,0.7692307692307693,8,5,3,347.467173437556,0.6670866935483871,0.033345808383233644,0.251416888925788,138941.69759463327,3255.5357871645856,142197.23338179785,1928,131,772.65625,32,0,22,27.268463073852296,0.7180989583333333,36.42676767676768,1054.2929292929298,32.946654040404056,0
1959,4,0,0,32,0.0,0.0,1.0,32,1100,700,400,0.6363636363636364,15,7,8,348.2370854155675,0.6665406586021506,0.029753531665269728,0.2527214921352073,139041.55387524242,3283.8850946332122,142325.43896987563,1929,132,773.65625,32,0,23,27.150175585617937,0.7190755208333333,36.33207070707071,1054.671717171718,32.95849116161619,0
1960,4,0,0,32,0.0,0.0,1.0,32,1100,800,300,0.7272727272727273,14,8,6,348.2942862622857,0.6644825268817205,0.0362838080421255,0.2535145519170436,139141.44602591582,3292.4341266197475,142433.88015253557,1930,133,774.65625,32,0,18,27.050672171693005,0.7200520833333333,36.237373737373744,1055.0505050505058,32.970328282828305,0
1961,4,0,0,32,0.0,0.0,1.0,32,500,300,200,0.6,7,3,4,348.709652620541,0.6636844758064516,0.03566246858920641,0.25406857602004035,139174.751380599,3306.315841495769,142481.06722209475,1931,134,775.65625,32,0,18,27.007049978062305,0.7203776041666666,36.20580808080808,1055.1767676767681,32.974273989899004,0
1962,4,0,0,32,0.0,0.0,1.0,32,1100,800,300,0.7272727272727273,14,8,6,350.01451023785523,0.6613743279569892,0.03897093996651546,0.256289083590976,139341.33793745536,3354.2980308131846,142695.63596826856,1932,135,776.65625,32,0,19,26.809276090249544,0.7220052083333334,36.0479797979798,1055.8080808080808,32.994002525252526,0
1963,4,0,0,32,0.0,0.0,1.0,32,850,600,250,0.7058823529411765,11,6,5,350.11892048708614,0.661080309139785,0.03414898386132692,0.2571329912093483,139441.33769832164,3364.2101252423267,142805.54782356397,1933,136,777.65625,32,0,20,26.708507670850768,0.7229817708333334,35.95328282828283,1056.186868686869,33.00583964646466,0
1964,4,0,0,32,0.0,0.0,1.0,32,750,600,150,0.8,9,6,3,351.37984683525326,0.6601982526881721,0.02834458652007643,0.25883332379554574,139541.37332925218,3406.4052775227083,142947.7786067749,1934,137,778.65625,32,0,21,26.577188894200127,0.7239583333333333,35.85858585858586,1056.565656565657,33.01767676767678,0
1965,4,0,0,32,0.0,0.0,1.0,32,750,500,250,0.6666666666666666,10,5,5,354.1398491797381,0.6594422043010754,0.03006272401433674,0.2613889362993306,139608.08367768597,3488.1571395775964,143096.24081726355,1935,138,779.65625,32,0,21,26.43891875746714,0.724609375,35.79545454545455,1056.818181818182,33.02556818181819,0
1966,4,0,0,32,0.0,0.0,1.0,32,950,600,350,0.631578947368421,13,6,7,355.3046591954754,0.6577620967741936,0.027099259436216272,0.2627747885852051,139674.80996837077,3525.4221508009678,143200.23211917173,1936,139,780.65625,32,0,21,26.342769549291297,0.7252604166666666,35.732323232323246,1057.0707070707087,33.03345959595965,0
1967,4,0,0,32,0.0,0.0,1.0,32,750,600,150,0.8,9,6,3,353.5612920472265,0.6567120295698925,0.02696641791044785,0.26227420911386395,139774.92929611786,3483.8009195490426,143258.7302156669,1937,140,781.65625,32,0,21,26.290796019900494,0.7262369791666666,35.63762626262627,1057.4494949494958,33.045296717171745,0
1968,4,0,0,32,0.0,0.0,1.0,32,1100,700,400,0.6363636363636364,15,7,8,355.0344327905848,0.6551159274193549,0.03286117078410311,0.26442964554242765,139908.4775309918,3534.4653925619905,143442.94292355378,1938,141,782.65625,32,0,22,26.12110633727175,0.7275390625,35.51136363636364,1057.954545454546,33.06107954545456,0
1969,4,0,0,32,0.0,0.0,1.0,32,750,600,150,0.8,9,6,3,354.60267371454927,0.6544858870967742,0.033718675417660826,0.26437459125693274,139941.8745536171,3524.7525762677433,143466.62712988484,1939,142,783.65625,32,0,23,26.09984089101034,0.7278645833333333,35.479797979797986,1058.080808080809,33.06502525252528,0
1970,4,0,0,32,0.0,0.0,1.0,32,900,700,200,0.7777777777777778,11,7,4,352.16115028261754,0.654233870967742,0.026322459446565194,0.26361777535441666,140075.50249974497,3465.8300173451753,143541.33251709014,1940,143,784.65625,32,0,23,26.03371501272264,0.7291666666666666,35.35353535353536,1058.585858585859,33.08080808080809,0
1971,4,0,0,32,0.0,0.0,1.0,32,500,400,100,0.8,6,4,2,353.9811079406247,0.6538138440860216,0.028529692344383406,0.2655174929508121,140142.34038618524,3521.5481838588084,143663.88857004404,1941,144,785.65625,32,0,23,25.92018443437474,0.7298177083333333,35.29040404040405,1058.838383838385,33.08869949494953,0
1972,4,0,0,32,0.0,0.0,1.0,32,1150,1000,150,0.8695652173913043,13,10,3,354.2128444272524,0.653309811827957,0.03245708154506399,0.2662309443598381,140209.19421487604,3532.7794995408617,143741.9737144169,1942,145,786.65625,32,0,23,25.848682641869342,0.73046875,35.22727272727273,1059.0909090909092,33.096590909090914,0
1973,4,0,0,32,0.0,0.0,1.0,32,800,600,200,0.75,10,6,4,354.9313000176925,0.6515877016129032,0.026662844036697386,0.26813126922128655,140376.39853395056,3564.7955246913552,143941.1940586419,1943,146,787.65625,32,0,17,25.66622979467017,0.7320963541666667,35.06944444444444,1059.722222222222,33.116319444444436,0
1974,4,0,0,32,0.0,0.0,1.0,32,450,300,150,0.6666666666666666,6,3,3,355.0602943709896,0.6520497311827957,0.027021796093377848,0.2690511039294971,140476.76895214772,3575.544587287009,144052.31353943472,1944,147,788.65625,32,0,18,25.564753057011284,0.7330729166666667,34.974747474747474,1060.10101010101,33.12815656565656,0
1975,4,0,0,32,0.0,0.0,1.0,32,850,400,450,0.47058823529411764,13,4,9,355.4110055198658,0.6500756048387097,0.025170407191332123,0.27014452808700007,140577.17524040904,3592.5350410672227,144169.71028147626,1945,148,789.65625,32,0,18,25.457395721712903,0.7340494791666667,34.8800505050505,1060.4797979797972,33.139993686868664,0
1976,4,0,0,32,0.0,0.0,1.0,32,1150,800,350,0.6956521739130435,15,8,7,361.9755588122349,0.6500756048387097,0.03927745404301297,0.2550992867056928,138044.60522204379,3593.754623252739,141638.35984529654,1946,149,790.65625,32,0,19,27.76918378789698,0.7093098958333333,37.27904040404041,1050.8838383838392,32.84011994949498,5
1977,4,0,0,32,0.0,0.0,1.0,32,1000,700,300,0.7,13,7,6,361.3360876956782,0.6502016129032259,0.030964748979102064,0.2553891567193735,138144.13867207445,3583.292521171336,141727.43119324578,1947,150,791.65625,32,0,20,27.687865321482906,0.7102864583333333,37.18434343434345,1051.2626262626275,32.85195707070711,0
1978,4,0,0,32,0.0,0.0,1.0,32,950,800,150,0.8421052631578947,11,8,3,360.34754838309857,0.647345430107527,0.031445078031212326,0.2556810117573436,138276.90573665968,3565.548796041239,141842.4545327009,1948,151,792.65625,32,0,20,27.58303321328532,0.7115885416666665,37.05808080808082,1051.767676767678,32.86773989898994,0
1979,4,0,0,32,0.0,0.0,1.0,32,450,300,150,0.6666666666666666,6,3,3,359.7623827289571,0.6484795026881721,0.03354564277997785,0.25551410149317527,138310.1074667128,3551.7547635445626,141861.86223025736,1949,152,793.65625,32,0,20,27.565718401152314,0.7119140624999999,37.02651515151516,1051.893939393941,32.87168560606066,0
1980,4,0,0,32,0.0,0.0,1.0,32,700,600,100,0.8571428571428571,8,6,2,361.70005542571374,0.6484795026881721,0.03230004200167991,0.2573908250950023,138376.52288350696,3610.1591993164166,141986.68208282336,1950,153,794.65625,32,0,20,27.449347973918947,0.7125651041666665,36.96338383838385,1052.146464646466,32.87957702020206,0
1981,4,0,0,32,0.0,0.0,1.0,32,500,200,300,0.4,8,2,6,360.4616089379602,0.6479754704301076,0.0310550389922013,0.2570100522239437,138442.9542425519,3580.6740064789474,142023.62824903085,1951,154,795.65625,32,0,21,27.41651669666068,0.7132161458333333,36.90025252525253,1052.398989898991,32.88746843434347,0
1982,4,0,0,32,0.0,0.0,1.0,32,700,500,200,0.7142857142857143,9,5,4,362.56889864598253,0.6467153897849462,0.03994408802014626,0.25952463912522333,138575.86478739433,3648.6597349760464,142224.52452237037,1952,155,796.65625,32,0,22,27.230233441259937,0.7145182291666666,36.77398989898991,1052.9040404040418,32.903251262626306,0
1983,4,0,0,32,0.0,0.0,1.0,32,950,600,350,0.631578947368421,13,6,7,362.55290256276385,0.6467573924731184,0.03336978667305868,0.26078805336066396,138742.09264360784,3660.2696791143835,142402.36232272224,1953,156,797.65625,32,0,22,27.067104106743376,0.7161458333333333,36.61616161616162,1053.5353535353538,32.92297979797981,0
1984,4,0,0,32,0.0,0.0,1.0,32,1000,800,200,0.8,12,8,4,363.7088543384976,0.6459593413978495,0.03521944278010802,0.2618766513765976,138775.35017153883,3694.764724262858,142470.11489580167,1954,157,798.65625,32,0,22,27.00394447773118,0.7164713541666666,36.58459595959597,1053.6616161616178,32.926925505050555,0
1985,4,0,0,32,0.0,0.0,1.0,32,1200,900,300,0.75,15,9,6,361.35543439203855,0.6443632392473119,0.0243330039525691,0.2612083568605309,138908.42013888902,3639.1262690031826,142547.5464078922,1955,158,799.65625,31,1,22,26.935111989459823,0.7204301075268816,36.45833333333334,1054.1666666666679,34.00537634408606,0
1986,4,0,0,32,0.0,0.0,1.0,32,1050,900,150,0.8571428571428571,12,9,3,359.8847303602033,0.6437331989247312,0.023021643818698312,0.2604098893410693,138942.7375793457,3600.6739298502607,142543.41150919595,1956,159,800.65625,31,1,22,26.940147585525505,0.720766129032258,36.42578125,1054.296875,34.009576612903224,0
1987,4,0,0,32,0.0,0.0,1.0,32,400,200,200,0.5,6,2,4,359.3415825317436,0.6429351478494624,0.026156149666584305,0.26028158634544374,138977.05925835512,3588.047281901051,142565.10654025618,1957,160,801.65625,31,1,23,26.920741746933405,0.7211021505376343,36.39322916666667,1054.427083333334,34.01377688172045,0
1988,4,0,0,32,0.0,0.0,1.0,32,600,400,200,0.6666666666666666,8,4,4,358.277481276114,0.6407930107526882,0.029136063448956806,0.26030545971460095,139080.04972669823,3565.849982367632,142645.89970906585,1958,161,802.65625,31,1,23,26.847637122988917,0.7221102150537634,36.29557291666667,1054.8177083333342,34.02637768817207,0
1989,4,0,0,32,0.0,0.0,1.0,32,550,300,250,0.5454545454545454,8,3,5,358.277481276114,0.6407930107526882,0.029136063448956806,0.26030545971460095,139080.04972669823,3565.849982367632,142645.89970906585,1959,162,803.65625,31,1,23,26.847637122988917,0.7221102150537634,36.29557291666667,1054.8177083333342,34.02637768817207,0
1990,4,0,0,32,0.0,0.0,1.0,32,500,300,200,0.6,7,3,4,357.12441128118263,0.6394909274193549,0.025450394866732395,0.2602640493725455,139183.07834201396,3541.1349826388987,142724.21332465287,1960,163,804.65625,31,1,20,26.77690029615005,0.7231182795698924,36.19791666666667,1055.208333333334,34.03897849462368,0
1991,4,0,0,32,0.0,0.0,1.0,32,500,300,200,0.6,7,3,4,357.4477639829794,0.6390288978494624,0.0268545650832821,0.2607663480721916,139217.4296908909,3552.5917900933214,142770.0214809842,1961,164,805.65625,31,1,20,26.734654534238125,0.7234543010752688,36.165364583333336,1055.338541666667,34.04317876344087,0
1992,4,0,0,32,0.0,0.0,1.0,32,750,400,350,0.5333333333333333,11,4,7,358.37544070458006,0.638608870967742,0.02546795978783778,0.26197923334463774,139286.14510430238,3583.346727159298,142869.4918314617,1962,165,806.65625,31,1,20,26.642741869166564,0.7241263440860215,36.10026041666667,1055.598958333334,34.051579301075286,0
1993,4,0,0,32,0.0,0.0,1.0,32,1000,800,200,0.8,12,8,4,358.37544070458006,0.638608870967742,0.02546795978783778,0.26197923334463774,139286.14510430238,3583.346727159298,142869.4918314617,1963,166,807.65625,31,1,20,26.642741869166564,0.7241263440860215,36.10026041666667,1055.598958333334,34.051579301075286,0
1994,4,0,1,31,0.0,0.03125,0.96875,32,450,400,50,0.8888888888888888,5,4,1,358.37544070458006,0.638608870967742,0.02546795978783778,0.26197923334463774,139286.14510430238,3583.346727159298,142869.4918314617,1964,167,808.65625,31,1,20,26.642741869166564,0.7241263440860215,36.10026041666667,1055.598958333334,34.051579301075286,0
1995,4,0,0,31,0.0,0.0,1.0,31,500,300,200,0.6,7,3,4,364.0890604641259,0.63584229390681,0.027488980993497503,0.2659712922627702,139262.86863004384,3940.8173994103277,143203.68602945417,1965,168,822.6774193548387,30,1,20,26.51481387155652,0.726736111111111,36.122311827956985,1055.5107526881714,35.18369175627238,0
1996,4,0,0,31,0.0,0.0,1.0,31,650,400,250,0.6153846153846154,9,4,5,364.7039921229794,0.6332437275985663,0.02660797582287633,0.26726814945131766,139369.291247543,3965.7073794658227,143334.99862700884,1966,169,823.6774193548387,30,1,21,26.394104293957913,0.7277777777777779,36.02150537634408,1055.913978494623,35.19713261648744,0
1997,4,0,1,30,0.0,0.03225806451612903,0.967741935483871,31,700,500,200,0.7142857142857143,9,5,4,364.43901392760455,0.6324372759856631,0.02873586811057538,0.2676412870507582,139440.26224129947,3963.49433460514,143403.7565759046,1967,170,824.6774193548387,30,1,22,26.3314456604734,0.7284722222222223,35.95430107526881,1056.1827956989239,35.20609318996413,0
1998,4,0,0,30,0.0,0.0,1.0,30,600,400,200,0.6666666666666666,8,4,4,363.66869497724747,0.6247605363984674,0.03878780167112028,0.2673594269248069,139475.75451280485,4144.593124927725,143620.34763773257,1968,171,840.6,30,0,22,26.31696144547653,0.7288194444444445,35.92069892473118,1056.3172043010745,35.210573476702486,0
1999,4,0,0,30,0.0,0.0,1.0,30,850,700,150,0.8235294117647058,10,7,3,363.964287846324,0.6236111111111111,0.03798922952974548,0.26814651047422233,139546.75260506984,4158.006886634275,143704.7594917041,1969,172,841.6,30,0,22,26.239505152016267,0.729513888888889,35.853494623655905,1056.5860215053756,35.219534050179185,0
2000,4,0,0,30,0.0,0.0,1.0,30,950,800,150,0.8421052631578947,11,8,3,363.5963897773794,0.6214080459770115,0.03797956674721248,0.2684467993257779,139617.7687630073,4152.903334200493,143770.6720972078,1970,173,842.6,30,0,22,26.17957522574081,0.7302083333333333,35.78629032258065,1056.8548387096778,35.228494623655926,0
2001,4,0,0,30,0.0,0.0,1.0,30,1200,900,300,0.75,15,9,6,360.38423116775874,0.6183429118773947,0.04372855508959228,0.26778692304618457,139830.92563085328,4078.572125390221,143909.4977562435,1971,174,843.6,30,0,23,26.055566145634774,0.7322916666666668,35.58467741935484,1057.6612903225805,35.25537634408602,0
2002,4,0,0,30,0.0,0.0,1.0,30,500,300,200,0.6,7,3,4,362.3353199744948,0.6192049808429119,0.04870622114936696,0.2698146928589636,139902.0140514798,4138.2882052838295,144040.30225676365,1972,175,844.6,30,0,23,25.934337017744454,0.7329861111111111,35.51747311827956,1057.9301075268806,35.26433691756269,0
2003,4,0,0,30,0.0,0.0,1.0,30,500,400,100,0.8,6,4,2,389.1437506037998,0.6192049808429119,0.014239107104528692,0.2598195376989259,136159.22225474054,4597.102085501228,140756.32434024176,1973,176,845.6,30,0,16,28.92573513629533,0.6961805555555556,39.07930107526882,1043.6827956989255,34.789426523297514,7
2004,4,0,0,30,0.0,0.0,1.0,30,550,200,350,0.36363636363636365,9,2,7,389.01783953761077,0.6205938697318008,0.01117692505794432,0.25999247348098864,136194.29449936422,4596.4020406983645,140790.69654006258,1974,177,846.6,30,0,16,28.894111082496337,0.6965277777777776,39.04569892473119,1043.8172043010763,34.79390681003588,0
2005,4,0,0,30,0.0,0.0,1.0,30,600,300,300,0.5,9,3,6,387.9255692323458,0.6196839080459771,0.008647697523711084,0.259519198641484,136229.37126040578,4569.371278471492,140798.74253887727,1975,178,847.6,30,0,16,28.8877086820308,0.6968749999999999,39.012096774193544,1043.9516129032254,34.79838709677418,0
2006,4,0,0,30,0.0,0.0,1.0,30,700,300,400,0.42857142857142855,11,3,8,390.1689803833537,0.6174808429118774,0.008113442313467889,0.26153777468492473,136299.53833174368,4635.970379523662,140935.50871126735,1976,179,848.6,30,0,16,28.759331960355258,0.6975694444444445,38.94489247311829,1044.2204301075278,34.80734767025093,0
2007,4,0,0,30,0.0,0.0,1.0,30,550,400,150,0.7272727272727273,7,4,3,389.363770830952,0.6166666666666667,0.007713427713427423,0.2612570379409759,136334.6286420397,4616.753020580434,140951.38166262012,1977,180,849.6,30,0,16,28.745441870441866,0.6979166666666666,38.911290322580655,1044.3548387096787,34.81182795698929,0
2008,4,0,0,30,0.0,0.0,1.0,30,500,400,100,0.8,6,4,2,394.09116151907386,0.6166666666666667,-0.03187799564270133,0.23589963893747393,132156.03863163383,4416.305353220044,136572.34398485388,1978,181,850.6,30,0,22,32.81318082788672,0.65625,42.94354838709678,1028.2258064516138,34.274193548387125,7
2009,4,1,0,31,0.03225806451612903,0.0,1.0,31,700,500,200,0.7142857142857143,9,5,4,383.28230390512635,0.6361111111111111,-0.035244015859806965,0.23172755804906273,132532.04345703125,3959.437391493055,136491.4808485243,1979,0,824.1290322580645,31,0,23,32.71160006744226,0.657258064516129,42.578125,1029.6875,33.215725806451616,0
2010,4,0,0,31,0.0,0.0,1.0,31,800,700,100,0.875,9,7,2,382.0840682052826,0.635573476702509,-0.03289025569074011,0.2312090968198608,132565.56404961486,3930.238003200964,136495.80205281582,1980,1,825.1290322580645,31,0,23,32.708649428920644,0.6575940860215054,42.54557291666667,1029.817708333334,33.21992607526884,0
2011,4,0,0,31,0.0,0.0,1.0,31,650,300,350,0.46153846153846156,10,3,7,383.16714108307565,0.6349462365591397,-0.03627910770360121,0.23207136952275115,132599.08888075093,3961.522759331602,136560.61164008253,1981,2,826.1290322580645,31,0,23,32.6469658659924,0.6579301075268817,42.513020833333336,1029.9479166666672,33.22412634408604,0
2012,4,1,2,30,0.03125,0.0625,0.9375,32,700,700,0,1.0,7,7,0,373.5256612304205,0.6560819892473119,-0.04572666585007368,0.22757190285710116,132820.66243240502,3522.38515202532,136343.04758443034,1982,0,801.28125,32,0,20,32.67214804834232,0.6575520833333333,42.29797979797981,1030.808080808082,32.21275252525256,0
2013,4,0,0,30,0.0,0.0,1.0,30,950,700,250,0.7368421052631579,12,7,5,391.1277861868957,0.61566091954023,-0.0360135752512728,0.23649802446549423,132536.36845661368,4367.73127673722,136904.0997333509,1983,186,855.6,30,0,22,32.50527563851542,0.6600694444444444,42.57392473118281,1029.7043010752702,34.323476702509005,0
2014,4,1,1,30,0.03225806451612903,0.03225806451612903,0.967741935483871,31,850,800,50,0.9411764705882353,9,8,1,381.28930460142647,0.6316308243727599,-0.045373980857851715,0.23238394338179322,132833.88137817383,3929.6276516384555,136763.5090298123,1984,0,828.9677419354839,31,0,20,32.45876489410972,0.6602822580645162,42.28515625,1030.859375,33.25352822580645,0
2015,4,0,0,30,0.0,0.0,1.0,30,750,400,350,0.5333333333333333,11,4,7,394.1802346185991,0.6172413793103448,0.00683992059195071,0.23260411927813157,131613.00154320974,4386.873240529739,135999.87478373948,1985,188,857.6,29,1,18,33.36040425915899,0.6537356321839081,43.472222222222214,1026.1111111111102,35.38314176245208,3
2016,4,0,0,30,0.0,0.0,1.0,30,750,600,150,0.8,9,6,3,396.13995168422673,0.616139846743295,0.004902358724574896,0.23441716436334029,131719.90981867287,4435.903742283953,136155.81356095683,1986,189,858.6,29,1,18,33.20183894827043,0.6548132183908046,43.36805555555556,1026.5277777777778,35.39750957854406,0
2017,4,1,1,30,0.03225806451612903,0.03225806451612903,0.967741935483871,31,750,500,250,0.6666666666666666,10,5,5,386.3056555172057,0.6378136200716846,0.0001856579252725865,0.23018758662736086,131983.3420951845,3997.1822970863786,135980.52439227086,1987,0,831.8709677419355,30,1,18,33.18781338565511,0.6545138888888888,43.11155913978495,1027.5537634408608,34.25179211469536,0
2018,4,0,0,30,0.0,0.0,1.0,30,500,300,200,0.6,7,3,4,394.521874120781,0.6174808429118774,-0.013785057015805569,0.22011238828065097,129440.63484579146,4213.432369349065,133654.06721514053,1988,191,860.6,30,0,17,35.56140756395017,0.6288194444444444,45.598118279569896,1017.6075268817207,33.920250896057354,8
2019,4,3,2,31,0.09090909090909091,0.06060606060606061,0.9393939393939394,33,900,700,200,0.7777777777777778,11,7,4,364.9736407669787,0.6763731060606061,-0.03092888539574412,0.20761615302646153,130200.043252595,2903.9167627835286,133103.96001537854,1989,0,783.2727272727273,33,0,19,35.540746077489594,0.6287878787878789,44.85294117647058,1020.5882352941164,30.92691622103383,0
2020,4,1,0,32,0.03125,0.0,1.0,32,550,300,250,0.5454545454545454,8,3,5,374.8638587083899,0.6593161962365592,-0.02029065090954063,0.21287946888422313,130133.72559241395,3356.486104734199,133490.21169714816,1990,0,808.71875,32,0,21,35.35582436167142,0.6305338541666667,44.91792929292929,1020.328282828282,31.885258838383812,0
2021,4,0,0,32,0.0,0.0,1.0,32,350,200,150,0.5714285714285714,5,2,3,379.07206885838224,0.6597782258064516,-0.021686355764473086,0.2158041270881101,130230.36552392616,3473.338817467611,133703.70434139378,1991,1,809.71875,32,0,21,35.15019379844961,0.6315104166666666,44.823232323232325,1020.707070707071,31.89709595959597,0
2022,4,1,0,33,0.030303030303030304,0.0,1.0,33,950,700,250,0.7368421052631579,12,7,5,369.5036245828999,0.6781881313131314,-0.01679909029147697,0.21240728688118304,130606.84479827466,3051.940509659744,133658.7853079344,1992,0,786.1515151515151,33,0,17,35.01216380929545,0.6328914141414141,44.4546568627451,1022.1813725490192,30.975193107546037,0
2023,4,0,0,33,0.0,0.0,1.0,33,850,600,250,0.7058823529411765,11,6,5,367.8841960717418,0.6807133838383839,-0.017278680431531468,0.21267986626086557,130826.15460399837,3025.7749423298624,133851.92954632823,1993,1,787.1515151515151,33,0,18,34.83119709311611,0.6351010101010102,44.24019607843137,1023.0392156862738,31.00118835412951,0
2024,4,0,1,32,0.0,0.030303030303030304,0.9696969696969697,33,900,800,100,0.8888888888888888,10,8,2,366.66221627632376,0.6825284090909092,-0.022454215245497622,0.21249105955056052,130920.20083922037,3000.6981990099825,133920.89903823036,1994,2,788.1515151515151,33,0,18,34.76716860256257,0.6360479797979799,44.14828431372548,1023.406862745097,31.01232917409385,0
2025,4,0,1,31,0.0,0.03125,0.96875,32,500,500,0,1.0,5,5,0,374.2659124821198,0.6655325940860216,-0.01642158375509184,0.21610321860425177,130778.6693481532,3389.1996033567957,134167.86895151,1995,3,813.65625,32,0,18,34.71613586799983,0.6370442708333334,44.28661616161616,1022.853535353535,31.96417297979797,0
2026,4,0,0,31,0.0,0.0,1.0,31,700,400,300,0.5714285714285714,10,4,6,384.4093642714888,0.6409498207885305,-0.0074622092403469065,0.21335706828421233,129235.55333347792,3737.023207258905,132972.57654073683,1996,4,840.7096774193549,30,1,19,36.02803480942939,0.626736111111111,45.7997311827957,1016.8010752688177,33.89336917562726,4
2027,4,2,2,31,0.06060606060606061,0.06060606060606061,0.9393939393939394,33,400,200,200,0.5,6,2,4,363.82678850421706,0.674084595959596,-0.014785264320407387,0.20424430778451752,129683.21352731851,2836.4454201101767,132519.6589474287,1997,0,790.6969696969697,32,1,16,36.09535762985001,0.6259765625,45.35984848484848,1018.560606060605,31.830018939393906,0
2028,4,1,0,32,0.03125,0.0,1.0,32,550,300,250,0.5454545454545454,8,3,5,371.38647563887633,0.6599042338709677,-0.047196502057613166,0.20054869684499307,128144.53124999988,3118.2291666666506,131262.76041666654,1998,0,816.375,32,0,20,37.474279835390945,0.6103515625,46.87499999999999,1012.4999999999991,31.64062499999997,7
2029,4,0,0,32,0.0,0.0,1.0,32,650,400,250,0.6153846153846154,9,4,5,370.86120871418115,0.6597782258064516,-0.04910714285714268,0.2007455206683644,128240.42986685032,3111.8801652892575,131352.31003213956,1999,1,817.375,32,0,20,37.38936674146098,0.611328125,46.78030303030303,1012.8787878787879,31.65246212121212,0
2030,4,0,0,32,0.0,0.0,1.0,32,800,700,100,0.875,9,7,2,369.42447449746754,0.6602402553763441,-0.05102907266608492,0.2001277892567982,128272.40404359244,3077.39309126619,131349.79713485864,2000,2,818.375,32,0,20,37.39301591258466,0.6116536458333334,46.74873737373737,1013.00505050505,31.656407828282813,0
2031,4,3,4,31,0.08571428571428572,0.11428571428571428,0.8857142857142857,35,750,400,350,0.5333333333333333,11,4,7,345.6342965223318,0.7103641456582632,-0.060938491837432496,0.19067455817577023,128995.5488709919,1917.057157707468,130912.60602869937,2001,0,749.1428571428571,35,0,16,37.258008621017055,0.612202380952381,46.035879629629626,1015.8564814814811,29.024470899470888,0
2032,4,1,1,31,0.03125,0.03125,0.96875,32,650,400,250,0.6153846153846154,9,4,5,373.2782886094954,0.6631384408602151,-0.0580479452054794,0.20335309752606823,128496.33487654309,3192.9783950617143,131689.3132716048,2002,0,820.25,32,0,16,37.0662100456621,0.6139322916666667,46.52777777777777,1013.8888888888879,31.684027777777747,0
2033,4,1,1,31,0.03125,0.03125,0.96875,32,350,100,250,0.2857142857142857,6,1,5,372.7724473715901,0.6637684811827957,-0.05406004856182267,0.20324070093966334,128528.34093778698,3182.3648415978023,131710.7057793848,2003,0,821.21875,32,0,16,37.0462893786577,0.6142578125,46.496212121212125,1014.0151515151517,31.68797348484849,0
2034,4,3,2,32,0.08823529411764706,0.058823529411764705,0.9411764705882353,34,800,700,100,0.875,9,7,2,374.3660767699256,0.6978980986333928,-0.035981779159914073,0.2086197680921207,129394.01113406816,2929.9342860422657,132323.94542011042,2004,0,773.8235294117648,32,2,19,36.12171134276494,0.623046875,45.643939393939405,1017.4242424242441,31.794507575757628,5
2035,4,3,2,33,0.08571428571428572,0.05714285714285714,0.9428571428571428,35,1150,900,250,0.782608695652174,14,9,5,363.06860207100584,0.7126750700280111,-0.014038461538461888,0.20521268812709023,129950.0192233756,2436.15436370626,132386.17358708187,2005,0,752.2857142857143,33,2,18,35.84334935897436,0.6262626262626263,45.09803921568627,1019.6078431372547,30.8972073677956,0
2036,4,0,0,33,0.0,0.0,1.0,33,450,300,150,0.6666666666666666,6,3,3,381.5124181552971,0.6758996212121212,-0.006045105789351579,0.21371254369444298,129598.82948133688,3288.7125651041733,132887.54204644106,2006,1,798.8484848484849,31,2,19,35.731031543051984,0.6276881720430108,45.442708333333336,1018.2291666666673,32.846102150537654,0
2037,4,1,0,34,0.029411764705882353,0.0,1.0,34,800,500,300,0.625,11,5,6,371.52346173462024,0.6889854426619133,0.0025347434664801938,0.21011368886336115,129972.73875114803,2857.5843663912046,132830.32311753923,2007,0,776.3235294117648,32,2,20,35.60472387320454,0.62890625,45.075757575757585,1019.6969696969712,31.86553030303035,0
2038,4,0,0,34,0.0,0.0,1.0,34,600,300,300,0.5,9,3,6,371.2115079557477,0.6879827688651219,0.0028803647248178965,0.21011039591861067,130004.92814827577,2851.86508392002,132856.79323219578,2008,1,777.3235294117648,32,2,21,35.57993892121663,0.6292317708333333,45.044191919191924,1019.8232323232329,31.869476010101028,0
2039,4,0,0,34,0.0,0.0,1.0,34,750,400,350,0.5333333333333333,11,4,7,370.21401088128584,0.6875742721330957,-0.0037711124053585454,0.21006525336522427,130101.52025303563,2833.0811269258515,132934.60137996147,2009,2,778.3235294117648,32,2,22,35.50716790429041,0.6302083333333333,44.94949494949496,1020.2020202020221,31.881313131313192,0
2040,4,1,0,35,0.02857142857142857,0.0,1.0,35,250,100,150,0.4,4,1,3,366.8066952252419,0.7065826330532212,0.04021412629423904,0.19927411591911193,128385.7160572562,2418.5480442176813,130804.26410147388,2010,0,757.0571428571428,34,1,17,37.343376796272366,0.6081495098039216,46.63690476190476,1013.4523809523806,29.807422969187666,8
2041,4,2,1,36,0.05405405405405406,0.02702702702702703,0.972972972972973,37,700,500,200,0.7142857142857143,9,5,4,356.0711156110914,0.7404904904904905,0.03414350464039906,0.19575226697253664,128858.14868922984,1776.5329518707963,130634.68164110064,2011,0,717.081081081081,36,1,18,37.133059745637375,0.6087962962962963,46.171171171171174,1015.315315315316,28.20320320320322,0
2042,4,0,0,36,0.0,0.0,1.0,36,800,700,100,0.875,9,7,2,363.69567209652587,0.7267195767195768,0.03444900596799316,0.1994526171741361,128760.50407503855,2165.927613811721,130926.43168885028,2012,1,738.0,35,1,18,37.03921484775914,0.6098214285714285,46.26736111111111,1014.9305555555553,28.998015873015866,0
2043,4,0,3,33,0.0,0.08333333333333333,0.9166666666666666,36,950,700,250,0.7368421052631579,12,7,5,381.6334030133074,0.728207671957672,-0.13003933136676482,0.21645539344654385,130085.41907793214,2728.9882330246937,132814.40731095683,2013,2,739.0,35,1,21,35.23230088495575,0.6232142857142857,44.96527777777778,1020.1388888888891,29.146825396825403,8
2044,4,0,1,32,0.0,0.030303030303030304,0.9696969696969697,33,600,500,100,0.8333333333333334,7,5,2,397.4042217662442,0.671796085858586,-0.08380634892032324,0.22401165349840277,129844.02101826367,3720.112424752602,133564.13344301627,2014,7,806.7878787878788,32,1,21,35.07624091509745,0.6276041666666665,45.202020202020215,1019.191919191921,31.84974747474753,0
2045,4,1,1,32,0.030303030303030304,0.030303030303030304,0.9696969696969697,33,650,500,150,0.7692307692307693,8,5,3,392.91824248119076,0.6749526515151516,-0.07019439255141147,0.22258019374215016,130037.12153096632,3618.7914498520713,133655.9129808184,2015,0,807.5454545454545,32,1,22,34.99370718824793,0.6295572916666665,45.01262626262627,1019.9494949494957,31.87342171717174,0
2046,4,1,2,31,0.030303030303030304,0.06060606060606061,0.9393939393939394,33,800,500,300,0.625,11,5,6,387.4039923700697,0.6780303030303031,-0.05586043512812422,0.22054745593800323,130230.36552392624,3490.352706356513,133720.71823028277,2016,0,808.1818181818181,32,1,22,34.937582467425365,0.6315104166666665,44.82323232323233,1020.7070707070717,31.89709595959599,0
2047,4,2,1,32,0.06060606060606061,0.030303030303030304,0.9696969696969697,33,400,300,100,0.75,5,3,2,396.7000453583424,0.6908933080808082,-0.021179191865648317,0.21660626210376643,128587.20119377963,3606.7210052561563,132193.9221990358,2017,0,802.4848484848485,30,3,20,36.379373177842574,0.6201388888888889,46.43817204301075,1014.247311827957,33.808243727598565,5
2048,4,2,2,32,0.058823529411764705,0.058823529411764705,0.9411764705882353,34,550,400,150,0.7272727272727273,7,4,3,389.1229454306379,0.7069221628045158,-0.01674208144796374,0.21434738519484262,128936.7675781248,3234.450954861082,132171.2185329859,2018,0,779.7647058823529,31,3,21,36.21367521367522,0.620967741935484,46.093749999999986,1015.6249999999984,32.762096774193495,0
2049,4,2,1,33,0.058823529411764705,0.029411764705882353,0.9705882352941176,34,450,400,50,0.8888888888888888,5,4,1,378.25853265251305,0.7127153891859774,0.004339440694310914,0.20976154992548426,129201.38888888879,2974.5768229166565,132175.96571180545,2019,0,780.3235294117648,30,4,22,36.21926229508198,0.6263888888888889,45.83333333333333,1016.6666666666658,33.888888888888864,0
2050,4,1,0,34,0.029411764705882353,0.0,1.0,34,750,400,350,0.5333333333333333,11,4,7,378.6744720404755,0.7056966726084374,0.023777327022763473,0.21090412648082096,129372.25627601451,2997.9941684009696,132370.2504444155,2020,0,781.2941176470588,30,4,23,36.0343176113093,0.628125,45.66532258064516,1017.3387096774188,33.911290322580626,0
2051,4,1,1,34,0.02857142857142857,0.02857142857142857,0.9714285714285714,35,550,300,250,0.5454545454545454,8,3,5,368.7115514673734,0.7232492997198879,0.017444686021230726,0.20636761781842444,129565.68611992715,2554.473029242602,132120.15914916975,2021,0,759.9428571428572,31,4,17,36.09063925480667,0.6273521505376345,45.47526041666666,1018.0989583333321,32.84190188172039,0
2052,4,0,0,34,0.0,0.0,1.0,34,700,600,100,0.8571428571428571,8,6,2,378.7894009374768,0.7055852644087939,0.02112271215934891,0.21151868317836103,129474.83090530703,3008.738727020476,132483.5696323275,2022,2,783.2941176470588,30,4,17,35.92676967776016,0.6291666666666667,45.56451612903226,1017.7419354838714,33.92473118279572,0
2053,4,2,3,33,0.05555555555555555,0.08333333333333333,0.9166666666666666,36,550,400,150,0.7272727272727273,7,4,3,360.468441181263,0.7287367724867725,0.0011867905056759387,0.20369367827422682,129940.55333958281,2167.893741710043,132108.44708129286,2023,0,740.7222222222222,32,4,17,35.91924664602683,0.6285807291666666,45.10732323232324,1019.570707070708,31.861584595959624,0
2054,4,2,3,32,0.05714285714285714,0.08571428571428572,0.9142857142857143,35,450,300,150,0.6666666666666666,6,3,3,368.6712183026429,0.7101540616246498,0.009074814287539867,0.20774583338047428,129830.9516906739,2572.987026638469,132403.93871731238,2024,0,762.7142857142857,31,4,18,35.821648353988344,0.630040322580645,45.21484375000001,1019.1406250000006,32.875504032258085,0
2055,4,1,1,32,0.030303030303030304,0.030303030303030304,0.9696969696969697,33,750,700,50,0.9333333333333333,8,7,1,385.51997896344653,0.6828440656565657,0.012096398995068203,0.2152302968270215,129466.28146701399,3382.367621527787,132848.64908854177,2025,0,809.7272727272727,31,2,18,35.76424428522687,0.6263440860215054,45.57291666666667,1017.7083333333342,32.829301075268845,0
2056,4,3,3,32,0.08571428571428572,0.08571428571428572,0.9142857142857143,35,400,200,200,0.5,6,2,4,365.27543356585727,0.7122549019607842,0.01930854533594295,0.20679062300238518,130012.50270328711,2498.074658785072,132510.5773620722,2026,0,764.3714285714286,33,2,19,35.723584074341105,0.6268939393939394,45.03676470588235,1019.8529411764699,30.90463458110515,0
2057,4,0,0,32,0.0,0.0,1.0,32,900,700,200,0.7777777777777778,11,7,4,398.5660665076407,0.6607022849462366,0.03516914191419107,0.22314397293387864,129577.44618236212,3929.0346066019138,133506.48078896405,2027,1,836.75,30,2,20,35.318756875687555,0.6302083333333334,45.46370967741935,1018.1451612903226,33.93817204301075,0
2058,4,2,1,33,0.058823529411764705,0.029411764705882353,0.9705882352941176,34,1000,800,200,0.8,12,8,4,379.7386227393174,0.6951500297088533,0.024027126931920995,0.21618359339610163,130230.36552392624,3090.6999285787347,133321.065452505,2028,0,788.4705882352941,32,2,22,35.133184891967666,0.6315104166666665,44.82323232323233,1020.7070707070717,31.89709595959599,0
2059,4,1,0,34,0.029411764705882353,0.0,1.0,34,800,600,200,0.75,10,6,4,381.7760026077805,0.6948529411764707,0.055767862115914335,0.21926168608984622,130571.48947855247,3169.8202326585256,133741.30971121098,2029,0,789.4411764705883,30,4,18,34.7344599333684,0.6402777777777777,44.48924731182796,1022.0430107526885,34.068100358422946,0
2060,4,0,0,34,0.0,0.0,1.0,34,900,600,300,0.6666666666666666,12,6,6,380.4395270940561,0.6943701723113488,0.05488262366090435,0.21868802747923627,130605.83457986468,3137.524388657643,133743.3589685223,2030,1,790.4411764705883,30,4,18,34.73372781065089,0.640625,44.45564516129032,1022.1774193548383,34.072580645161274,0
2061,4,0,1,33,0.0,0.029411764705882353,0.9705882352941176,34,750,500,250,0.6666666666666666,10,5,5,368.8318268126222,0.6943701723113488,0.028270900701231616,0.21190160667481767,130585.01882779846,2832.7822097235317,133417.80103752197,2031,2,791.4411764705883,32,2,16,35.051472102120655,0.6350911458333331,44.47601010101012,1022.0959595959617,31.940498737373805,2
2062,4,0,0,33,0.0,0.0,1.0,33,850,500,350,0.5882352941176471,12,5,7,378.70426487950726,0.6788194444444445,0.03528852949013528,0.21707029704232986,130495.30241224515,3283.8255140516676,133779.12792629682,2032,3,816.3333333333334,31,2,16,34.890324327768575,0.636760752688172,44.56380208333334,1021.7447916666678,32.95950940860219,0
2063,4,0,0,33,0.0,0.0,1.0,33,1100,800,300,0.7272727272727273,14,8,6,377.65361677958526,0.6783459595959597,0.03871067361513214,0.21702641959881017,130595.10125054268,3263.9424641927285,133859.0437147354,2033,4,817.3333333333334,31,2,16,34.81581740976647,0.637768817204301,44.46614583333334,1022.1354166666678,32.972110215053796,0
2064,4,1,0,34,0.029411764705882353,0.0,1.0,34,1000,600,400,0.6,14,6,8,371.03393964086695,0.6887997623291742,0.06871927967637603,0.2165877256292082,131198.73769258245,2935.836904397518,134134.57459697998,2034,0,794.2647058823529,32,2,18,34.373202694930555,0.6412760416666666,43.87626262626263,1024.49494949495,32.01546717171719,0
2065,4,0,0,34,0.0,0.0,1.0,34,1000,700,300,0.7,13,7,6,371.03393964086695,0.6887997623291742,0.06871927967637603,0.2165877256292082,131198.73769258245,2935.836904397518,134134.57459697998,2035,1,795.2647058823529,32,2,18,34.373202694930555,0.6412760416666666,43.87626262626263,1024.49494949495,32.01546717171719,0
2066,4,0,0,34,0.0,0.0,1.0,34,700,500,200,0.7142857142857143,9,5,4,370.81102518342254,0.6893939393939394,0.07484457197513139,0.21718931475029038,131328.125,2939.583333333334,134267.70833333334,2036,2,796.2647058823529,32,2,19,34.24796747967479,0.642578125,43.75,1025.0,32.03125,0
2067,4,1,1,34,0.02857142857142857,0.02857142857142857,0.9714285714285714,35,800,400,400,0.5,12,4,8,361.9793354251422,0.7006302521008403,0.06786012935815844,0.21323919893341783,131548.0392907776,2523.5343677912415,134071.57365856884,2037,0,774.4857142857143,33,2,19,34.25205570819895,0.642361111111111,43.53553921568628,1025.8578431372553,31.086601307189554,0
2068,4,2,2,34,0.05555555555555555,0.05555555555555555,0.9444444444444444,36,800,400,400,0.5,12,4,8,352.71922511240365,0.7217261904761906,0.070526193787668,0.20959101062464328,131877.8061224491,2103.1675170068193,133980.97363945591,2038,0,753.9166666666666,34,2,15,34.156959898006484,0.6433823529411764,43.21428571428572,1027.1428571428582,30.210084033613477,0
2069,4,0,0,34,0.0,0.0,1.0,34,450,200,250,0.4444444444444444,7,2,5,368.37536568047335,0.6882798573975045,0.07432036199095027,0.21704494895966975,131554.70623214464,2892.302603050703,134447.00883519536,2039,5,799.2647058823529,32,2,16,34.08128205128205,0.6448567708333334,43.5290404040404,1025.883838383838,32.05886994949494,0
2070,4,0,0,34,0.0,0.0,1.0,34,850,400,450,0.47058823529411764,13,4,9,364.54296646287526,0.6889111705288177,0.06691990449316276,0.21570118757956128,131716.66953627163,2803.277089072522,134519.94662534414,2040,6,800.2647058823529,32,2,18,34.01599015990159,0.6464843750000002,43.37121212121211,1026.5151515151501,32.07859848484844,0
2071,4,1,0,35,0.02857142857142857,0.0,1.0,35,800,500,300,0.625,11,5,6,366.87746795994747,0.7021008403361344,0.060424587509778194,0.2113784853917439,130694.93823581276,2614.8070378299203,133309.74527364268,2041,0,778.3714285714286,31,4,20,34.98994545608897,0.63877688172043,44.368489583333336,1022.5260416666671,32.98471102150539,7
2072,4,1,0,36,0.027777777777777776,0.0,1.0,36,950,600,350,0.631578947368421,13,6,7,354.7893545183825,0.7155753968253968,0.018096238619042415,0.20315645204587623,130455.9981921487,2058.4099957875083,132514.4081879362,2042,0,757.7222222222222,32,4,24,35.54103324681746,0.6337890625,44.60227272727273,1021.5909090909087,31.924715909090896,3
2073,4,1,1,36,0.02702702702702703,0.02702702702702703,0.972972972972973,37,650,500,150,0.7692307692307693,8,5,3,345.90853142301944,0.7307307307307307,0.012438133243502625,0.19932740236144136,130700.81218761996,1642.1051999230865,132342.91738754304,2043,0,738.2162162162163,33,4,20,35.52003435602429,0.6338383838383839,44.362745098039206,1022.5490196078416,30.98633392751035,0
2074,4,1,1,36,0.02702702702702703,0.02702702702702703,0.972972972972973,37,950,700,250,0.7368421052631579,12,7,5,344.54742702414103,0.7282282282282282,0.011263883208004533,0.19863506027767575,130718.71456916085,1607.7593537414814,132326.47392290234,2044,0,739.1891891891892,34,3,20,35.5367190531626,0.6317401960784315,44.34523809523809,1022.6190476190463,30.077030812324892,0
2075,4,0,0,36,0.0,0.0,1.0,36,550,400,150,0.7272727272727273,7,4,3,353.06285526058156,0.7150793650793651,0.016052417689304654,0.20262843427515392,130544.21864487205,2018.0629145040225,132562.28155937608,2045,3,760.7222222222222,33,3,20,35.49573789822921,0.632260101010101,44.51593137254901,1021.936274509803,30.967765894236454,0
2076,4,0,0,36,0.0,0.0,1.0,36,750,600,150,0.8,9,6,3,361.3959795486577,0.7150793650793651,0.03554879814653966,0.2012278788682469,129361.89746263112,2154.8671368957407,131516.76459952685,2046,4,761.7222222222222,32,4,22,36.48432005295603,0.6227213541666667,45.67550505050504,1017.2979797979779,31.790561868686808,4
2077,4,0,0,36,0.0,0.0,1.0,36,500,300,200,0.6,7,3,4,359.39536415051197,0.7149140211640213,0.03386734120292356,0.20024834316627832,129388.34372597063,2100.314182045352,131488.65790801597,2047,5,762.7222222222222,33,3,22,36.5082710993335,0.6205808080808082,45.64950980392156,1017.4019607843125,30.830362448009467,0
2078,4,2,3,35,0.05263157894736842,0.07894736842105263,0.9210526315789473,38,600,400,200,0.6666666666666666,8,4,4,340.7376125084823,0.744547178757705,0.032078456000790734,0.1921505377454378,129860.54202428798,1249.6742096826774,131110.21623397066,2048,0,723.5263157894736,36,2,18,36.503332965049914,0.618923611111111,45.18581081081082,1019.2567567567583,28.312687687687728,0
2079,4,2,2,35,0.05405405405405406,0.05405405405405406,0.9459459459459459,37,850,600,250,0.7058823529411765,11,6,5,341.713175051931,0.7384259259259259,0.026373815095022124,0.19366676602782426,130055.90284475738,1488.3630990654997,131544.2659438229,2049,0,711.7027027027027,35,2,19,36.28032924845872,0.6229166666666666,44.99421296296296,1020.0231481481482,29.14351851851852,0
2080,4,0,0,35,0.0,0.0,1.0,35,900,700,200,0.7777777777777778,11,7,4,360.8747564978607,0.7139355742296918,0.03465411182514844,0.20299815463621204,129762.65889321415,2365.6135861207226,132128.27247933488,2050,8,753.3714285714286,33,2,19,36.089728169352895,0.6243686868686869,45.28186274509804,1018.8725490196078,30.874925727866906,0
2081,4,0,0,35,0.0,0.0,1.0,35,800,600,200,0.75,10,6,4,361.28104999813525,0.7119047619047618,0.04058180069719919,0.20403917548774522,129918.78311526813,2387.438875672812,132306.22199094095,2051,9,754.3714285714286,33,2,20,35.9206585326762,0.6259469696969697,45.12867647058823,1019.4852941176467,30.89349376114081,0
2082,4,0,0,35,0.0,0.0,1.0,35,650,500,150,0.7692307692307693,8,5,3,360.60173775772694,0.7104341736694677,0.04801043705153307,0.2041447388857009,130012.50270328723,2376.5468810073103,132389.04958429455,2052,10,755.3714285714286,33,2,20,35.842746134743265,0.6268939393939394,45.036764705882355,1019.8529411764708,30.904634581105178,0
2083,4,1,0,36,0.027777777777777776,0.0,1.0,36,1000,700,300,0.7,13,7,6,349.99590241563965,0.7211640211640212,0.04748286803722368,0.20005938619560648,130387.71896626303,1927.2737648981213,132314.99273116115,2053,0,735.3611111111111,33,3,23,35.73264138868889,0.6306818181818181,44.669117647058826,1021.3235294117652,30.94919786096258,0
2084,4,1,1,36,0.02702702702702703,0.02702702702702703,0.972972972972973,37,550,300,250,0.5454545454545454,8,3,5,341.4042113382599,0.7326076076076076,0.04212249523839473,0.1960505119959172,130566.58340419496,1515.1962868480618,132081.77969104302,2054,0,716.4594594594595,34,3,17,35.77096680256259,0.6302083333333334,44.49404761904761,1022.0238095238091,30.059523809523796,0
2085,4,1,1,36,0.02702702702702703,0.02702702702702703,0.972972972972973,37,800,600,200,0.75,10,6,4,341.3272145207978,0.7324824824824825,0.05315399237150542,0.19646904278181035,130657.8514739228,1519.4160997732297,132177.26757369604,2055,0,717.4324324324324,34,3,18,35.68060083837913,0.6311274509803921,44.4047619047619,1022.3809523809515,30.070028011204457,0
2086,4,0,0,36,0.0,0.0,1.0,36,750,500,250,0.6666666666666666,10,5,5,351.8050999619632,0.7213293650793652,0.05720130060499451,0.20174352981312585,130512.91120001923,1983.0215542099206,132495.93275422914,2056,1,738.3055555555555,33,3,18,35.559586631486376,0.6319444444444444,44.54656862745098,1021.8137254901961,30.9640522875817,0
2087,4,0,0,36,0.0,0.0,1.0,36,950,700,250,0.7368421052631579,12,7,5,353.7819588749733,0.721660052910053,0.05151309304989482,0.20353442075413994,130638.16350682439,2043.4850778546815,132681.64858467906,2057,2,739.3055555555555,33,3,19,35.38220250939023,0.6332070707070707,44.42401960784314,1022.3039215686282,30.978906714200853,0
2088,4,0,0,36,0.0,0.0,1.0,36,900,500,400,0.5555555555555556,13,5,8,354.7414685946568,0.7211640211640212,0.04917448904866584,0.20458310680182515,130732.1421598663,2075.222420463277,132807.36458032957,2058,3,740.3055555555555,33,3,19,35.2625074895147,0.6341540404040404,44.33210784313725,1022.6715686274501,30.990047534165157,0
2089,4,0,0,36,0.0,0.0,1.0,36,600,500,100,0.8333333333333334,7,5,2,357.7635732388703,0.7216269841269842,0.05334917402127237,0.20666107583562957,130794.81336805545,2158.723958333324,132953.53732638876,2059,4,741.3055555555555,33,3,19,35.12177528852682,0.6347853535353536,44.27083333333333,1022.9166666666657,30.99747474747472,0
2090,4,1,0,37,0.02702702702702703,0.0,1.0,37,900,600,300,0.6666666666666666,12,6,6,348.50283995663517,0.7328578578578578,0.05637828415283441,0.2033130127340235,131175.639526644,1743.0165816326576,132918.65610827666,2060,0,722.2432432432432,34,3,20,34.973610304086776,0.6363357843137254,43.898809523809526,1024.404761904762,30.12955182072829,0
2091,4,0,0,37,0.0,0.0,1.0,37,1000,900,100,0.9,11,9,2,351.5635409304645,0.7351726726726726,0.06093560164880896,0.20575190508975993,131297.62081916098,1831.8912981859426,133129.51211734692,2061,1,723.2432432432432,34,3,21,34.77199248848106,0.6375612745098038,43.779761904761905,1024.8809523809523,30.143557422969185,0
2092,4,0,0,37,0.0,0.0,1.0,37,750,0,750,0.0,15,0,15,351.93794124444315,0.7357357357357357,0.06302753093717595,0.20664314065910552,131422.35145436839,1850.5059039547016,133272.8573583231,2062,2,724.2432432432432,33,4,22,34.63644376718058,0.6410984848484849,43.65808823529411,1025.3676470588225,31.07174688057038,0
2093,4,0,0,37,0.0,0.0,1.0,37,1000,500,500,0.5,15,5,10,351.93794124444315,0.7357357357357357,0.06302753093717595,0.20664314065910552,131422.35145436839,1850.5023608708013,133272.85381523918,2063,3,725.2432432432432,33,4,22,34.63644376718058,0.6410984848484849,43.65808823529411,1025.3676470588225,31.07174688057038,0
2094,4,0,0,37,0.0,0.0,1.0,37,700,500,200,0.7142857142857143,9,5,4,353.4629708137242,0.7344219219219219,0.06474861958732925,0.2080509891498502,131516.61169982684,1897.2504565551503,133413.862156382,2064,4,726.2432432432432,33,4,22,34.50219036240541,0.6420454545454546,43.566176470588225,1025.735294117646,31.082887700534727,0
2095,4,0,0,37,0.0,0.0,1.0,37,850,500,350,0.5882352941176471,12,5,7,354.6483637470156,0.7344219219219219,0.06018775583992997,0.20909268318943755,131579.47063629367,1932.8887927720023,133512.35942906566,2065,5,727.2432432432432,33,4,18,34.4083452779105,0.6426767676767677,43.50490196078431,1025.9803921568623,31.090314913844313,0
2096,4,1,0,38,0.02631578947368421,0.0,1.0,38,1050,900,150,0.8571428571428571,12,9,3,348.6225145824618,0.737375533428165,0.06769181991122353,0.20782524488092613,132000.11337868482,1603.6422902494323,133603.75566893426,2066,0,709.078947368421,34,4,19,34.13895968489341,0.6446078431372548,43.095238095238095,1027.6190476190477,30.224089635854344,0
2097,4,0,0,38,0.0,0.0,1.0,38,1050,800,250,0.7619047619047619,13,8,5,347.0119827828084,0.7370791844476056,0.06857222974043853,0.20719927104749433,132061.28826530612,1565.3698979591813,133626.6581632653,2067,1,710.078947368421,34,4,19,34.11874565670605,0.6452205882352942,43.035714285714285,1027.857142857143,30.23109243697479,0
2098,4,0,1,37,0.0,0.02631578947368421,0.9736842105263158,38,550,200,350,0.36363636363636365,9,2,7,348.9778346338701,0.7367532005689901,0.06923892640354912,0.20871001245831708,132122.47732426287,1621.563208616762,133744.04053287965,2068,2,711.078947368421,34,4,19,34.00662922649375,0.6458333333333334,42.97619047619047,1028.095238095237,30.238095238095205,0
2099,4,1,1,37,0.02631578947368421,0.02631578947368421,0.9736842105263158,38,600,400,200,0.6666666666666666,8,4,4,349.78695131849514,0.7319227121858701,0.06743772769007483,0.20956554703066935,132189.63162562152,1647.6416484482097,133837.27327406974,2069,0,711.7105263157895,35,3,20,33.91823766647909,0.6443452380952381,42.910879629629626,1028.356481481481,29.381613756613746,0
2100,4,0,0,37,0.0,0.0,1.0,37,1100,900,200,0.8181818181818182,13,9,4,361.14420479093485,0.7237862862862863,0.06883533985688262,0.2156375563046285,132061.28826530598,2138.6337868480564,134199.92205215403,2070,4,731.9459459459459,34,3,20,33.75559802331867,0.6452205882352942,43.03571428571428,1027.8571428571418,30.23109243697476,0
2101,4,0,0,37,0.0,0.0,1.0,37,1100,800,300,0.7272727272727273,14,8,6,360.8039828536406,0.7240365365365365,0.07022770802298361,0.21578276980083355,132122.47732426287,2134.063208616762,134256.54053287965,2071,5,732.9459459459459,34,3,20,33.70266905974987,0.6458333333333334,42.97619047619047,1028.095238095237,30.238095238095205,0
2102,4,0,0,37,0.0,0.0,1.0,37,450,200,250,0.4444444444444444,7,2,5,359.44038309486245,0.7247247247247247,0.06789609706951705,0.21531525861119408,132183.6805555554,2102.4305555555356,134286.11111111092,2072,6,733.9459459459459,34,3,20,33.67605348460291,0.6464460784313726,42.91666666666666,1028.333333333332,30.245098039215645,0
2103,4,0,0,37,0.0,0.0,1.0,37,950,600,350,0.631578947368421,13,6,7,360.77025903894395,0.7239114114114114,0.07162584410588146,0.21663765172727686,132275.51197562352,2144.214143990922,134419.72611961444,2073,7,734.9459459459459,34,3,20,33.549357713227636,0.6473651960784315,42.82738095238095,1028.6904761904757,30.255602240896344,0
2104,4,0,0,37,0.0,0.0,1.0,37,950,800,150,0.8421052631578947,11,8,3,360.7290249433105,0.722535035035035,0.07532818532818553,0.21768130815544603,132461.0726643599,2156.5674063743168,134617.64007073423,2074,8,735.9459459459459,33,4,20,33.36359126984125,0.6515151515151515,42.64705882352941,1029.4117647058827,31.19429590017826,0
2105,4,1,1,37,0.02631578947368421,0.02631578947368421,0.9736842105263158,38,900,700,200,0.7777777777777778,11,7,4,353.66790123034974,0.7324561403508772,0.07844269870609977,0.21498239838833627,132735.1473922903,1788.8321995464962,134523.9795918368,2075,0,717.5526315789474,34,4,18,33.269793592113366,0.6519607843137254,42.38095238095239,1030.476190476191,30.308123249299737,0
2106,4,1,1,37,0.02631578947368421,0.02631578947368421,0.9736842105263158,38,800,600,200,0.75,10,6,4,356.17818362101127,0.7338786154575628,0.07697778750410333,0.21686291939456487,132796.4923469386,1859.8426870748106,134656.33503401343,2076,0,718.5263157894736,34,4,18,33.143480018480005,0.6525735294117647,42.32142857142856,1030.7142857142844,30.31512605042013,0
2107,4,0,0,37,0.0,0.0,1.0,37,800,500,300,0.625,11,5,6,364.7166196999677,0.7229729729729729,0.08320658552663329,0.22101248655935307,132618.81134960108,2273.656916810839,134892.46826641192,2077,11,738.9459459459459,33,4,21,33.10219611342454,0.6530934343434343,42.493872549019606,1030.0245098039213,31.212863933452162,0
2108,4,0,0,37,0.0,0.0,1.0,37,750,500,250,0.6666666666666666,10,5,5,363.32375122196413,0.7234109109109109,0.08246361993685336,0.22035349587098332,132650.37035034588,2239.006031334083,134889.37638167996,2078,12,739.9459459459459,33,4,18,33.10631295106669,0.653409090909091,42.46323529411764,1030.1470588235281,31.216577540106915,0
2109,4,0,0,37,0.0,0.0,1.0,37,1400,1000,400,0.7142857142857143,18,10,8,357.81236751437723,0.7217842842842843,0.07850886229264598,0.21785790984103207,132796.49234693864,2103.2454648525886,134899.73781179122,2079,13,740.9459459459459,34,3,18,33.10137060137059,0.6525735294117647,42.32142857142856,1030.7142857142846,30.315126050420137,0
2110,4,0,0,37,0.0,0.0,1.0,37,1100,1000,100,0.9090909090909091,12,10,2,356.8315731453572,0.7223473473473473,0.08237283693298458,0.21797426562659272,132919.2247732427,2085.9552154195076,135005.1799886622,2080,14,741.9459459459459,34,3,18,33.003347956592016,0.6537990196078431,42.202380952380956,1031.1904761904766,30.329131652661076,0
2111,4,0,0,37,0.0,0.0,1.0,37,1200,800,400,0.6666666666666666,16,8,8,356.67774121061376,0.7224099099099099,0.08426843644937332,0.21859754634591091,133042.01388888893,2090.6250000000036,135132.63888888893,2081,15,742.9459459459459,34,3,18,32.88401992460959,0.6550245098039216,42.083333333333336,1031.666666666667,30.34313725490197,0
2112,4,0,0,37,0.0,0.0,1.0,37,1200,800,400,0.6666666666666666,16,8,8,354.9133197645754,0.7218468468468469,0.07554099260178426,0.21805411545280692,133134.14292800464,2050.21612811793,135184.35905612257,2082,16,743.9459459459459,34,3,20,32.837072711193144,0.6559436274509803,41.99404761904763,1032.0238095238105,30.353641456582665,0
2113,4,0,0,37,0.0,0.0,1.0,37,1150,800,350,0.6956521739130435,15,8,7,356.993248013022,0.7232232232232232,0.07816808162629463,0.22042109797245316,133318.49666950115,2118.7606292516994,135437.25729875284,2083,17,744.9459459459459,34,3,21,32.59846301633044,0.657781862745098,41.81547619047619,1032.7380952380954,30.374649859943982,0
2114,4,0,0,37,0.0,0.0,1.0,37,700,500,200,0.7142857142857143,9,5,4,356.2751976279076,0.7230980980980981,0.07599210180450156,0.22052469079992723,133410.721371882,2106.1862244897925,135516.9075963718,2084,18,745.9459459459459,34,3,21,32.52453522316971,0.6587009803921569,41.726190476190474,1033.0952380952376,30.385154061624636,0
2115,4,0,0,37,0.0,0.0,1.0,37,1000,700,300,0.7,13,7,6,360.06096491556247,0.7220970970970971,0.08333488983108883,0.223608676494772,133533.73724489793,2216.0572562358216,135749.79450113376,2085,19,746.9459459459459,34,3,21,32.30342471012825,0.6599264705882353,41.607142857142854,1033.5714285714282,30.399159663865536,0
2116,4,1,1,37,0.02631578947368421,0.02631578947368421,0.9736842105263158,38,1200,900,300,0.75,15,9,6,352.61831088668475,0.7309743954480796,0.0812372335603575,0.22093625211197246,133861.20119866685,1840.382131987312,135701.58333065416,2086,0,728.2631578947369,35,3,19,32.16793889572382,0.6610119047619047,41.29050925925926,1034.837962962963,29.566798941798943,0
2117,4,0,0,37,0.0,0.0,1.0,37,1050,800,250,0.7619047619047619,13,8,5,358.39377298350956,0.7223473473473473,0.08363138742885612,0.22406056742638109,133779.93905895695,2189.17942176871,135969.11848072565,2087,21,748.9459459459459,34,3,19,32.099875335634835,0.6623774509803921,41.36904761904762,1034.5238095238096,30.427170868347343,0
2118,4,1,1,37,0.02631578947368421,0.02631578947368421,0.9736842105263158,38,900,700,200,0.7777777777777778,11,7,4,351.15013391392256,0.7293741109530584,0.08310636320319054,0.22109361352060966,134040.92084887254,1813.6974612054132,135854.61831007796,2088,0,730.2105263157895,35,3,19,32.02621455981521,0.662797619047619,41.116898148148145,1035.532407407407,29.586640211640198,0
2119,4,0,0,37,0.0,0.0,1.0,37,1150,900,250,0.782608695652174,14,9,5,358.0660492304005,0.7227227227227228,0.09045260482372441,0.2253587913318398,134026.3676303856,2198.0583900226884,136224.42602040828,2089,23,750.9459459459459,34,3,19,31.8617306660535,0.664828431372549,41.13095238095239,1035.4761904761913,30.455182072829157,0
2120,4,0,0,37,0.0,0.0,1.0,37,1150,700,450,0.6086956521739131,16,7,9,357.1686646725004,0.7225975975975976,0.09489811635302736,0.22525034391502513,134100.85419077936,2179.3246045524716,136280.17879533183,2090,24,751.9459459459459,35,2,19,31.810467650016754,0.6633928571428571,41.05902777777778,1035.7638888888891,29.593253968253975,0
2121,4,0,0,37,0.0,0.0,1.0,37,1050,800,250,0.7619047619047619,13,8,5,359.8099605402179,0.7222222222222222,0.09832620824577964,0.22747307674830733,134190.77932098764,2256.6358024691344,136447.41512345677,2091,25,752.9459459459459,35,2,20,31.652144772117957,0.6642857142857144,40.97222222222222,1036.111111111111,29.6031746031746,0
2122,4,0,0,37,0.0,0.0,1.0,37,550,400,150,0.7272727272727273,7,4,3,360.67112405478144,0.7234109109109109,0.09693263016171527,0.2282041394814459,134220.76106235,2281.9105527692072,136502.6716151192,2092,26,753.9459459459459,35,2,20,31.599859451208157,0.6645833333333333,40.94328703703704,1036.2268518518522,29.60648148148149,0
2123,4,0,0,37,0.0,0.0,1.0,37,850,700,150,0.8235294117647058,10,7,3,358.4858968207872,0.7226601601601601,0.09327719679478452,0.2271932912972506,134280.734592014,2227.5499131944553,136508.28450520846,2093,27,754.9459459459459,35,2,20,31.596524288107204,0.6651785714285714,40.88541666666667,1036.4583333333342,29.613095238095262,0
2124,4,0,0,37,0.0,0.0,1.0,37,750,500,250,0.6666666666666666,10,5,5,359.1775213997473,0.7223473473473473,0.09683151172156634,0.22837980228675211,134400.72183909905,2254.743628900903,136655.46546799995,2094,28,755.9459459459459,35,2,20,31.45870539866799,0.6663690476190476,40.76967592592593,1036.9212962962972,29.62632275132278,0
2125,4,0,0,37,0.0,0.0,1.0,37,800,600,200,0.75,10,6,4,360.0430340962274,0.7213463463463463,0.1010339805386109,0.22968439249853992,134520.7626698602,2286.652708118996,136807.4153779792,2095,29,756.9459459459459,35,2,21,31.31636077950093,0.6675595238095238,40.65393518518518,1037.384259259259,29.639550264550255,0
2126,4,0,0,37,0.0,0.0,1.0,37,800,600,200,0.75,10,6,4,347.9089901826895,0.7214714714714715,0.07787076416518035,0.20520380558679607,131595.18771701402,1774.476487482873,133369.6642044969,2096,30,757.9459459459459,35,2,15,34.56535532994925,0.638392857142857,43.48958333333334,1026.0416666666679,29.315476190476225,8
2127,4,0,0,37,0.0,0.0,1.0,37,850,400,450,0.47058823529411764,13,4,9,348.7190767264854,0.7206581581581581,0.08617321798063671,0.20632351510921973,131713.96933138306,1786.234755444122,133500.20408682717,2097,31,758.9459459459459,35,2,16,34.4247989250949,0.6395833333333332,43.3738425925926,1026.5046296296312,29.32870370370375,0
2128,4,0,0,37,0.0,0.0,1.0,37,1050,800,250,0.7619047619047619,13,8,5,351.70209366607315,0.7205955955955956,0.08736027200687313,0.20841344508428433,131773.3802324461,1868.994743441371,133642.37497588748,2098,32,759.9459459459459,35,2,16,34.28834122421373,0.6401785714285714,43.31597222222223,1026.736111111112,29.335317460317487,0
2129,4,0,0,37,0.0,0.0,1.0,37,850,500,350,0.5882352941176471,12,5,7,351.02330392472754,0.7185935935935935,0.08284470653455234,0.20833643984776637,131832.8045294282,1855.2773223165364,133688.08185174473,2099,33,760.9459459459459,35,2,16,34.24586291746497,0.6407738095238094,43.258101851851855,1026.9675925925928,29.341931216931226,0
2130,4,0,0,37,0.0,0.0,1.0,37,1050,800,250,0.7619047619047619,13,8,5,352.18619773835974,0.7180305305305306,0.07929998264570748,0.2096818831202829,131951.69331114966,1894.3130304783872,133846.00634162806,2100,34,761.9459459459459,35,2,17,34.09618959107805,0.6419642857142858,43.14236111111111,1027.4305555555552,29.35515873015872,0
2131,4,0,0,37,0.0,0.0,1.0,37,850,700,150,0.8235294117647058,10,7,3,368.61087320949275,0.7180305305305306,0.10657496544271772,0.2036522879739546,129054.343559778,2122.877550582991,131177.221110361,2101,35,762.9459459459459,35,2,17,36.61448247712342,0.612797619047619,45.97800925925926,1016.0879629629634,29.03108465608467,5
2132,4,0,0,37,0.0,0.0,1.0,37,1000,700,300,0.7,13,7,6,370.01380476925766,0.7190315315315315,0.10506098855945178,0.20473164585247988,129113.15164448318,2154.729697145084,131267.88134162826,2102,36,763.9459459459459,35,2,17,36.51883327639223,0.6133928571428571,45.9201388888889,1016.3194444444457,29.03769841269845,0
2133,4,0,0,37,0.0,0.0,1.0,37,700,600,100,0.8571428571428571,8,6,2,369.0249952266032,0.7206581581581581,0.10421237587353915,0.20448874025711428,129171.97312510744,2133.5373531807577,131305.5104782882,2103,37,764.9459459459459,35,2,17,36.48395100383317,0.6139880952380952,45.86226851851853,1016.5509259259281,29.04431216931223,0
2134,4,0,0,37,0.0,0.0,1.0,37,750,300,450,0.4,12,3,9,365.1579888389045,0.7215965965965966,0.0999478120601589,0.20327524525266702,129352.72285997731,2046.8393750568669,131399.5622350342,2104,38,765.9459459459459,34,3,18,36.39799102789156,0.617953431372549,45.68452380952381,1017.2619047619046,29.91946778711484,0
2135,4,1,0,38,0.02631578947368421,0.0,1.0,38,600,300,300,0.5,9,3,6,359.4414543264707,0.7324561403508772,0.10165751802819911,0.20203088639729214,129731.44531250001,1726.1718750000005,131457.61718750003,2105,0,746.7631578947369,35,3,16,36.157975460122685,0.6196428571428572,45.3125,1018.7500000000001,29.10714285714286,0
2136,4,1,0,39,0.02564102564102564,0.0,1.0,39,400,100,300,0.25,7,1,6,350.06916746881814,0.7453891138101665,0.10055926036047502,0.1979935235121893,129975.3485537904,1300.0724119389824,131275.4209657294,2106,0,728.5897435897435,36,3,17,36.1489968709737,0.6200810185185185,45.073198198198206,1019.7072072072083,28.32520020020023,0
2137,4,1,0,40,0.025,0.0,1.0,40,1150,900,250,0.782608695652174,14,9,5,342.2273739091416,0.7554220085470086,0.1008054123711346,0.19527091334815716,130318.55955678668,919.7156817482297,131238.2752385349,2107,0,711.35,37,3,18,36.001038087056145,0.6216216216216216,44.73684210526316,1021.0526315789472,27.596017069701276,0
2138,4,0,0,40,0.0,0.0,1.0,40,300,100,200,0.3333333333333333,5,1,4,345.05768698119385,0.7564903846153846,0.09885656001717891,0.19716977279403924,130374.54433094799,997.3477416128082,131371.8920725608,2108,1,712.35,37,3,18,35.872074296757575,0.6221846846846846,44.68201754385965,1021.2719298245614,27.601944049312472,0
2139,4,0,0,40,0.0,0.0,1.0,40,500,300,200,0.6,7,3,4,348.06672114108886,0.75625,0.1044998390039713,0.19932007626745693,130458.54403518388,1081.65553343336,131540.19956861724,2109,2,713.35,37,3,18,35.71014901076883,0.6230292792792793,44.59978070175438,1021.6008771929822,27.61083451872925,0
2140,4,1,1,40,0.024390243902439025,0.024390243902439025,0.975609756097561,41,550,400,150,0.7272727272727273,7,4,3,339.18824744982993,0.7670223577235772,0.10147605708474261,0.1951709164069408,130644.58832137125,662.6217903060931,131307.21011167736,2110,0,696.9268292682926,38,3,12,35.74868498972376,0.6230811403508771,44.417735042735046,1022.3290598290605,26.903396311291065,0
2141,4,0,0,40,0.0,0.0,1.0,40,900,600,300,0.6666666666666666,12,6,6,350.80571268391196,0.7546474358974359,0.10873190348525497,0.2020545565643903,130682.67549871113,1168.8458227531526,131851.5213214643,2111,4,715.35,37,3,12,35.41320375335121,0.6252815315315314,44.38048245614035,1022.4780701754386,27.634542437174016,0
2142,4,0,2,38,0.0,0.05,0.95,40,800,600,200,0.75,10,6,4,353.2911515162402,0.7551816239316239,0.027238274493845083,0.2053517875962821,131034.669325087,1258.677842881964,132293.34716796895,2112,5,716.35,39,1,15,34.993492895174164,0.6252670940170939,44.03645833333334,1023.8541666666682,26.25267094017098,2
2143,4,0,0,38,0.0,0.0,1.0,38,1250,800,450,0.64,17,8,9,368.5447552777431,0.7345898530109056,0.050745233382395005,0.21350888895140785,130906.99932912063,2049.0176063788995,132956.01693549953,2113,6,754.7105263157895,37,1,16,34.73237883495838,0.6275337837837837,44.16118421052632,1023.3552631578958,27.658250355618804,0
2144,4,1,0,39,0.02564102564102564,0.0,1.0,39,1000,700,300,0.7,13,7,6,357.25449913015694,0.7446581196581197,0.05952696037150229,0.20880121274572436,131246.0064308022,1577.6452580539253,132823.65168885613,2114,0,736.3333333333334,38,1,17,34.67834428109687,0.629111842105263,43.83012820512821,1024.679487179488,26.965249662618106,0
2145,4,0,1,38,0.0,0.02564102564102564,0.9743589743589743,39,1300,1000,300,0.7692307692307693,16,10,6,349.44035691735303,0.7457827260458839,0.054282685179802836,0.1925559801383372,128950.68825263571,1217.1486004854326,130167.83685312115,2115,1,737.3333333333334,37,2,14,37.207055849436834,0.6078265765765765,46.08004385964914,1015.6798245614059,27.450806069227188,8
2146,4,4,3,39,0.09523809523809523,0.07142857142857142,0.9285714285714286,42,1250,1000,250,0.8,15,10,5,329.2150838150176,0.778721447928765,0.09038787516202995,0.18559292161780871,129847.94439693661,149.58037956906452,129997.52477650567,2116,0,685.3809523809524,40,2,12,36.80971017382922,0.6117187499999999,45.19817073170733,1019.2073170731729,25.480182926829322,0
2147,4,1,0,40,0.025,0.0,1.0,40,1200,900,300,0.75,15,9,6,345.6959872252203,0.7599626068376069,0.09811686949223675,0.19383377354298847,129636.22708013756,962.9447001242106,130599.17178026176,2117,0,720.575,38,2,13,36.60476989788783,0.612938596491228,45.40598290598292,1018.3760683760701,26.799370220422897,0
2148,4,0,0,40,0.0,0.0,1.0,40,650,500,150,0.7692307692307693,8,5,3,345.55975313257295,0.7599893162393162,0.09954631280814041,0.19389176731093702,129663.42872242317,961.2924839287064,130624.72120635187,2118,1,721.575,38,2,13,36.58060596524354,0.6132127192982456,45.379273504273506,1018.4829059829063,26.80218173639227,0
2149,4,2,2,40,0.047619047619047616,0.047619047619047616,0.9523809523809523,42,1150,800,350,0.6956521739130435,15,8,7,337.9543566564842,0.7774390243902439,0.11787845573011801,0.18931254076315976,129598.82948133697,361.07893534215054,129959.90841667913,2119,0,688.1666666666666,39,3,12,36.839833759590796,0.610844017094017,45.44270833333334,1018.229166666668,26.108440170940206,1
2150,4,1,0,41,0.024390243902439025,0.0,1.0,41,750,600,150,0.8,9,6,3,343.5880669264478,0.7770325203252032,0.11497051939580771,0.1930531654769408,129717.84056770054,713.900417305891,130431.74098500643,2120,0,681.2439024390244,38,3,13,36.575554972906836,0.6137609649122806,45.32585470085471,1018.6965811965828,26.807804768331124,0
2151,4,0,0,41,0.0,0.0,1.0,41,950,700,250,0.7368421052631579,12,7,5,344.5929024036216,0.7785569105691057,0.11057319758475992,0.1938868737594892,129772.26382725194,743.7202087442629,130515.9840359962,2121,1,682.2439024390244,38,3,13,36.494704833805194,0.6143092105263157,45.272435897435905,1018.9102564102575,26.813427800269935,0
2152,4,0,0,41,0.0,0.0,1.0,41,800,500,300,0.625,11,5,6,345.36410743245904,0.7792174796747967,0.10447921460346676,0.19472657121191847,129853.92011834322,769.3766436554924,130623.2967619987,2122,2,683.2439024390244,38,3,13,36.392164570230605,0.6151315789473684,45.19230769230769,1019.2307692307694,26.821862348178144,0
2153,4,0,0,41,0.0,0.0,1.0,41,900,700,200,0.7777777777777778,11,7,4,344.15528540317075,0.779369918699187,0.10676898929140188,0.19418010514675652,129881.14458917745,739.8564769157704,130621.00106609322,2123,3,684.2439024390244,38,3,13,36.39533766551376,0.6154057017543859,45.16559829059829,1019.3376068376069,26.824673864147552,0
2154,4,0,0,41,0.0,0.0,1.0,41,1250,1000,250,0.8,15,10,5,343.08208561762723,0.7802845528455284,0.10166754712091475,0.19388495692986954,129943.77170138908,716.2760416666913,130660.04774305577,2124,4,685.2439024390244,39,2,14,36.359147255142375,0.6143162393162392,45.10416666666668,1019.583333333335,26.143162393162434,0
2155,4,0,0,41,0.0,0.0,1.0,41,1150,900,250,0.782608695652174,14,9,5,343.18304551647594,0.7794715447154471,0.10452605802740678,0.1943380681695677,130023.4388563372,724.3679470486504,130747.80680338586,2125,5,686.2439024390244,39,2,14,36.27576771184421,0.6151175213675213,45.026041666666686,1019.8958333333366,26.151175213675295,0
2156,4,0,0,41,0.0,0.0,1.0,41,1350,1000,350,0.7407407407407407,17,10,7,341.20526296892615,0.7791158536585366,0.10120681153717825,0.19361322975189268,130103.13042534742,678.3745659722473,130781.50499131967,2126,6,687.2439024390244,39,2,14,36.24540535021443,0.6159188034188033,44.94791666666668,1020.208333333335,26.159188034188077,0
2157,4,0,0,41,0.0,0.0,1.0,41,1050,700,350,0.6666666666666666,14,7,7,339.3586005830903,0.7788617886178861,0.09815828770532598,0.1933554817275749,130262.58680555563,641.1458333333434,130903.73263888898,2127,7,688.2439024390244,40,1,15,36.13095238095238,0.6158854166666666,44.79166666666667,1020.833333333334,25.52083333333335,0
2158,4,0,0,41,0.0,0.0,1.0,41,600,300,300,0.5,9,3,6,338.32496141113296,0.7789634146341463,0.09964325631956927,0.1931726392573244,130344.3971893492,619.7526298487949,130964.14981919799,2128,8,689.2439024390244,38,3,15,36.074492571667726,0.6200657894736842,44.71153846153847,1021.1538461538468,26.872469635627546,0
2159,4,0,0,41,0.0,0.0,1.0,41,1200,900,300,0.75,15,9,6,337.7605545109096,0.7774390243902439,0.09535225959809535,0.1935293099333629,130480.80490037611,614.2538032361646,131095.05870361227,2129,9,690.2439024390244,38,3,15,35.95084352887866,0.621436403508772,44.57799145299145,1021.6880341880334,26.886527215474562,0
2160,4,2,1,42,0.046511627906976744,0.023255813953488372,0.9767441860465116,43,1050,600,450,0.5714285714285714,15,6,9,323.8970662778577,0.7897286821705426,0.10320992885104685,0.18808631552736133,130997.85175933783,-114.03602528976432,130883.81573404807,2130,0,659.0930232558139,41,2,13,35.783001421326325,0.6216971544715447,44.072420634920626,1023.7103174603162,24.968544328300396,0
2161,4,0,0,42,0.0,0.0,1.0,42,950,600,350,0.631578947368421,13,6,7,333.7031390081942,0.7845528455284553,0.10717516940859317,0.19339784168587243,130921.693909045,337.796044343654,131259.48995338866,2131,1,675.7857142857143,41,1,13,35.60892464779629,0.6209349593495934,44.14682539682539,1023.4126984126976,24.961285327138967,0
2162,4,0,1,41,0.0,0.023809523809523808,0.9761904761904762,42,1100,800,300,0.7272727272727273,14,8,6,334.78454126990306,0.7853997289972899,0.10924980279819008,0.19492277605917682,131099.4300063774,378.0125070861516,131477.44251346355,2132,2,676.7857142857143,41,1,13,35.4018332848978,0.6227134146341464,43.97321428571428,1024.1071428571415,24.978222996515647,0
2163,4,0,0,41,0.0,0.0,1.0,41,1300,1000,300,0.7692307692307693,16,10,6,338.8272324809591,0.7788109756097561,0.11064334563941203,0.19698120988145743,131041.82287535502,680.1076368232942,131721.9305121783,2133,3,694.0,40,1,13,35.3564929693962,0.6236979166666667,44.029471544715435,1023.882113821136,25.597052845528403,0
2164,4,0,0,41,0.0,0.0,1.0,41,1150,700,450,0.6086956521739131,16,7,9,338.858192926671,0.7784044715447155,0.10883998092734726,0.19726597401051743,131093.85456945244,684.4453326392695,131778.2999020917,2134,4,695.0,40,1,14,35.303165624689875,0.6242187500000002,43.97865853658535,1024.0853658536562,25.602134146341406,0
2165,4,0,1,40,0.0,0.024390243902439025,0.975609756097561,41,1400,1100,300,0.7857142857142857,17,11,6,335.7762820892458,0.779369918699187,0.10878972818291155,0.19626853636555708,131250.01161882782,614.128185108045,131864.13980393586,2135,5,696.0,40,1,14,35.22451155410096,0.6257812500000002,43.82621951219511,1024.6951219512175,25.617378048780438,0
2166,4,1,1,40,0.024390243902439025,0.024390243902439025,0.975609756097561,41,1100,700,400,0.6363636363636364,15,7,8,333.0603594374258,0.7794715447154471,0.1267591682477276,0.1963400019446041,131574.63480029593,564.5055071992356,132139.14030749517,2136,0,694.6829268292682,38,3,12,34.966937415391016,0.6324013157894737,43.50961538461539,1025.9615384615388,26.99898785425102,0
2167,4,0,1,39,0.0,0.025,0.975,40,1250,1000,250,0.8,15,10,5,362.15214889334186,0.7788194444444444,0.1139400428265529,0.21087911911869153,131103.44048168664,1509.464379458585,132612.90486114522,2137,1,700.35,37,3,13,34.69709136331192,0.6295045045045045,43.969298245614034,1024.1228070175437,27.678994784257938,3
2168,4,0,1,38,0.0,0.02564102564102564,0.9743589743589743,39,900,600,300,0.6666666666666666,12,6,6,368.0164187600607,0.772323436797121,0.12393538416415661,0.21393895648123265,131039.71370018699,1844.9532302573189,132884.6669304443,2138,8,719.2820512820513,36,3,14,34.6114716234052,0.6307870370370369,44.03153153153155,1023.8738738738764,28.44094094094101,0
2169,4,0,2,36,0.0,0.05263157894736842,0.9473684210526316,38,1100,800,300,0.7272727272727273,14,8,6,375.70427946855676,0.77041844476055,0.1348386789759204,0.2186994384695919,131090.96364883424,2250.2872085048284,133341.25085733907,2139,9,737.3157894736842,35,3,16,34.36275617842074,0.6333333333333331,43.981481481481495,1024.074074074076,29.259259259259313,0
2170,4,0,0,36,0.0,0.0,1.0,36,1200,1000,200,0.8333333333333334,14,10,4,389.8900865358287,0.7569113756613757,0.1431549350397514,0.22566365614649514,130870.9343112247,3005.0559807256486,133875.99029195035,2140,21,775.8888888888889,34,2,16,34.22290091138259,0.6332720588235292,44.196428571428584,1023.2142857142874,30.0945378151261,0
2171,4,1,1,36,0.02702702702702703,0.02702702702702703,0.972972972972973,37,700,400,300,0.5714285714285714,10,4,6,384.0817385824917,0.7644519519519519,0.1391531612950505,0.22426725263405156,131209.51753257908,2679.0359224965996,133888.5534550757,2141,0,755.8918918918919,35,2,16,34.02809158005725,0.6345238095238093,43.865740740740755,1024.5370370370388,29.272486772486822,0
2172,4,0,0,36,0.0,0.0,1.0,36,500,300,200,0.6,7,3,4,395.4361197368384,0.7550925925925926,0.14577359270453938,0.23014489187931575,131084.19075963733,3167.0847505669135,134251.27551020426,2142,23,777.8888888888889,34,2,16,33.86445981554679,0.6354166666666665,43.98809523809525,1024.0476190476202,30.119047619047652,0
2173,4,0,0,36,0.0,0.0,1.0,36,1300,900,400,0.6923076923076923,17,9,8,393.79729973673636,0.7530423280423281,0.1554045332507228,0.23028581223735253,131267.12018140606,3138.5274943310815,134405.64767573716,2143,24,778.8888888888889,34,2,16,33.72081203531598,0.6372549019607842,43.80952380952382,1024.761904761906,30.140056022409,0
2174,4,0,0,36,0.0,0.0,1.0,36,1100,700,400,0.6363636363636364,15,7,8,389.83223351880565,0.7546957671957673,0.1489951758119854,0.22905967663922217,131450.17715419523,3048.7032312925435,134498.88038548778,2144,25,779.8888888888889,34,2,18,33.63686053711014,0.6390931372549018,43.630952380952394,1025.4761904761924,30.161064425770366,0
2175,4,2,1,37,0.05263157894736842,0.02631578947368421,0.9736842105263158,38,700,400,300,0.5714285714285714,10,4,6,373.3028372794817,0.7695886676149835,0.14124797360055852,0.2221553675473394,131934.82069485035,2250.3285802694713,134185.14927511982,2145,0,739.7894736842105,36,2,17,33.57082830940115,0.6397569444444444,43.15878378378379,1027.3648648648657,28.537912912912937,0
2176,4,1,0,38,0.02631578947368421,0.0,1.0,38,1050,800,250,0.7619047619047619,13,8,5,375.42375016345386,0.7704777145566619,0.15839626448377264,0.22461460281732193,132137.36329234633,2321.5008927846684,134458.864185131,2146,0,740.7631578947369,36,2,18,33.311883899233294,0.6417824074074074,42.96171171171171,1028.1531531531525,28.559809809809792,0
2177,4,0,1,37,0.0,0.02631578947368421,0.9736842105263158,38,850,700,150,0.8235294117647058,10,7,3,378.4916763884256,0.7707147937411095,0.16302650308021205,0.22697074723936256,132224.21481870388,2409.152945174911,134633.3677638788,2147,1,741.7631578947369,36,2,18,33.14537026898794,0.642650462962963,42.877252252252255,1028.4909909909913,28.569194194194203,0
2178,4,0,0,37,0.0,0.0,1.0,37,700,600,100,0.8571428571428571,8,6,2,384.1941182690066,0.7638263263263263,0.16616008105369806,0.22981793620091487,132130.12695312503,2752.723524305556,134882.8504774306,2148,2,759.6216216216217,35,2,18,33.093760553866936,0.64375,42.96875,1028.1250000000002,29.375000000000007,0
2179,4,0,0,37,0.0,0.0,1.0,37,1300,1100,200,0.8461538461538461,15,11,4,385.7708003023527,0.7633883883883884,0.16201620162016206,0.23167100493833154,132278.91375171448,2805.8684842249413,135084.78223593943,2149,3,760.6216216216217,35,2,19,32.902977797779776,0.6452380952380954,42.82407407407406,1028.703703703702,29.391534391534346,0
2180,4,0,0,37,0.0,0.0,1.0,37,800,500,300,0.625,11,5,6,402.47101275220564,0.7633883883883884,0.2023869664056579,0.22665472823413663,129807.25623582749,3059.4483112174676,132866.70454704497,2150,4,761.6216216216217,34,3,18,34.984667056074755,0.6225490196078433,45.23809523809523,1019.0476190476177,29.97198879551817,6
2181,4,1,0,38,0.02631578947368421,0.0,1.0,38,1250,1000,250,0.8,15,10,5,393.3361099541862,0.7750118539592223,0.2106337271750809,0.22411010915994306,130262.58680555537,2647.395833333313,132909.98263888867,2151,0,742.5526315789474,35,3,19,34.75340136054421,0.625,44.79166666666666,1020.8333333333319,29.166666666666625,0
2182,4,0,0,38,0.0,0.0,1.0,38,500,200,300,0.4,8,2,6,394.7184807967097,0.7751007586533902,0.2093362443851896,0.22541107806274188,130351.21588059381,2690.4067804783576,133041.62266107218,2152,1,743.5526315789474,35,3,19,34.6278901734104,0.6258928571428573,44.70486111111109,1021.1805555555529,29.176587301587226,0
2183,4,0,0,38,0.0,0.0,1.0,38,900,700,200,0.7777777777777778,11,7,4,396.0929478232884,0.7766417733522997,0.21054122220698535,0.22688594746503318,130469.43486636208,2735.604611411157,133205.03947777324,2153,2,744.5526315789474,35,3,20,34.472475548506495,0.6270833333333334,44.58912037037036,1021.6435185185167,29.189814814814763,0
2184,4,0,0,38,0.0,0.0,1.0,38,1150,800,350,0.6956521739130435,15,8,7,396.3158472906637,0.7764046941678521,0.21410521547896488,0.22770756326765432,130587.70743580654,2750.7955836333795,133338.50301943993,2154,3,745.5526315789474,35,3,14,34.34645472388933,0.6282738095238096,44.47337962962962,1022.1064814814798,29.20304232804228,0
2185,4,0,0,38,0.0,0.0,1.0,38,1050,800,250,0.7619047619047619,13,8,5,397.37950328676914,0.7751896633475581,0.21559643959343644,0.22884292907661757,130676.44702717746,2785.628322187903,133462.07534936536,2155,4,746.5526315789474,35,3,16,34.22902045128668,0.6291666666666668,44.38657407407406,1022.4537037037023,29.212962962962923,0
2186,4,0,0,38,0.0,0.0,1.0,38,550,300,250,0.5454545454545454,8,3,5,396.3804191298574,0.7751303935514462,0.21373090943746886,0.22861732267829074,130735.6234996568,2764.208247599418,133499.83174725622,2156,5,747.5526315789474,35,3,16,34.194394145163706,0.629761904761905,44.32870370370369,1022.6851851851831,29.219576719576658,0
2187,4,0,0,38,0.0,0.0,1.0,38,1100,800,300,0.7272727272727273,14,8,6,393.8866128201558,0.7752785680417259,0.21485721429464455,0.2280518365385064,130883.62328800138,2710.661410108011,133594.2846981094,2157,6,748.5526315789474,35,3,16,34.10777909738717,0.6312500000000001,44.18402777777777,1023.2638888888877,29.236111111111075,0
2188,4,0,0,38,0.0,0.0,1.0,38,950,700,250,0.7368421052631579,12,7,5,394.083918252859,0.7753971076339498,0.21213627192486473,0.22851698944983795,130942.84664619755,2720.4940147033403,133663.3406609009,2158,7,749.5526315789474,35,3,16,34.042580760676984,0.6318452380952382,44.1261574074074,1023.4953703703691,29.24272486772483,0
2189,4,0,0,38,0.0,0.0,1.0,38,1000,600,400,0.6,14,6,8,393.7020911963194,0.7748340445708867,0.2103389195266907,0.22899950038223765,131061.33355034716,2719.824218749994,133781.15776909716,2159,8,750.5526315789474,35,3,17,33.9320532383859,0.6330357142857144,44.010416666666664,1023.9583333333328,29.255952380952365,0
2190,4,1,1,38,0.02564102564102564,0.02564102564102564,0.9743589743589743,39,1250,1000,250,0.8,15,10,5,382.1762348792289,0.7853126405757985,0.20238970640025444,0.2236775507161326,131299.26960321804,2235.8920998701306,133535.16170308818,2160,0,732.2820512820513,36,3,17,33.9859630809801,0.6333912037037037,43.77815315315315,1024.887387387387,28.469094094094082,0
2191,4,1,0,39,0.02564102564102564,0.0,1.0,39,700,600,100,0.8571428571428571,8,6,2,387.0780116607425,0.7809266756635178,0.22495771524418218,0.22826328571139345,131587.96623904322,2386.9616660579636,133974.92790510118,2161,0,733.2564102564103,36,3,13,33.567939852925036,0.6362847222222221,43.49662162162163,1026.0135135135145,28.500375375375402,0
2192,4,0,0,39,0.0,0.0,1.0,39,1000,700,300,0.7,13,7,6,389.83649095149406,0.780982905982906,0.22196532442254235,0.23076295139700148,131732.43344696064,2470.8219198928837,134203.25536685353,2162,1,734.2564102564103,36,3,14,33.35093059821559,0.6377314814814814,43.355855855855864,1026.5765765765777,28.51601601601605,0
2193,4,1,0,40,0.025,0.0,1.0,40,950,600,350,0.631578947368421,13,6,7,387.70289985905464,0.7846688034188034,0.24079564846416357,0.23183050950755738,132116.03570329343,2244.3540320098627,134360.3897353033,2163,0,716.875,37,3,15,33.0178114334471,0.6396396396396395,42.982456140350884,1028.0701754385975,27.785680417259393,0
2194,4,0,1,39,0.0,0.025,0.975,40,1200,800,400,0.6666666666666666,16,8,8,385.7269121666661,0.784241452991453,0.23901151631477902,0.2309927830331417,132172.40521121898,2196.4907471529878,134368.89595837198,2164,1,717.875,37,3,15,33.01165849150494,0.6402027027027026,42.92763157894738,1028.2894736842118,27.79160739687059,0
2195,4,0,0,39,0.0,0.0,1.0,39,850,600,250,0.7058823529411765,11,6,5,388.24663889310875,0.7869995501574449,0.24092570446851114,0.2329990012910422,132253.17166829016,2469.369876633419,134722.5415449236,2165,2,726.7435897435897,36,3,15,32.865301802788125,0.6429398148148147,42.849099099099114,1028.6036036036057,28.572322322322382,0
2196,4,0,0,39,0.0,0.0,1.0,39,1050,800,250,0.7619047619047619,13,8,5,388.8983630055919,0.7869433198380567,0.23892148856579198,0.23392786983423947,132340.06123944913,2493.3666352163264,134833.42787466545,2166,3,727.7435897435897,36,3,15,32.76079858450989,0.6438078703703702,42.764639639639654,1028.9414414414432,28.581706706706754,0
2197,4,0,0,39,0.0,0.0,1.0,39,600,300,300,0.5,9,3,6,387.12983924274624,0.7869995501574449,0.2354159300974794,0.23304298227932935,132369.0307706357,2448.8003205908844,134817.83109122657,2167,4,728.7435897435897,36,3,15,32.777048223535424,0.6440972222222221,42.7364864864865,1029.0540540540558,28.584834834834883,0
2198,4,0,0,39,0.0,0.0,1.0,39,600,300,300,0.5,9,3,6,386.12653005232346,0.7874493927125507,0.23745556141822877,0.2328015750342586,132427.78427479859,2426.7793353092607,134854.56361010784,2168,5,729.7435897435897,35,4,15,32.743567037745045,0.6467261904761905,42.67939814814815,1029.2824074074078,29.408068783068796,0
2199,4,0,0,39,0.0,0.0,1.0,39,800,300,500,0.375,13,3,10,345.51157347798005,0.7874493927125507,0.18606849514576496,0.19987405406838385,130850.90033712289,1246.2025935122674,132097.10293063516,2169,6,730.7435897435897,37,2,18,35.378375843961,0.6269707207207207,44.21600877192982,1023.1359649122801,27.65232337600757,6
2200,4,1,1,39,0.025,0.025,0.975,40,850,600,250,0.7058823529411765,11,6,5,340.51740818041344,0.7944978632478632,0.18537972042562112,0.1983110495028823,131109.19922017667,928.9929414128048,132038.19216158948,2170,0,713.45,38,2,18,35.24519264204743,0.6277412280701755,43.96367521367521,1024.1452991452984,26.951192082771012,0
2201,4,0,0,39,0.0,0.0,1.0,39,1000,700,300,0.7,13,7,6,350.56513625171397,0.785987404408457,0.19366386646900535,0.2041320681166462,131103.44048168653,1392.05909510617,132495.4995767927,2171,8,732.7435897435897,37,2,18,34.99375446109921,0.6295045045045045,43.96929824561403,1024.1228070175428,27.678994784257913,0
2202,4,0,0,39,0.0,0.0,1.0,39,1250,800,450,0.64,17,8,9,352.23239318848397,0.7840755735492578,0.2014530554481353,0.2064589745403846,131356.22409058546,1453.5834343259337,132809.8075249114,2172,9,733.7435897435897,37,2,19,34.695667094519905,0.6320382882882883,43.72258771929824,1025.109649122806,27.70566619250827,0
2203,4,1,1,39,0.025,0.025,0.975,40,800,500,300,0.625,11,5,6,347.1535704354756,0.7932158119658119,0.19321636817992527,0.2047950178416651,131602.0390459493,1137.2235462780327,132739.26259222731,2173,0,716.375,38,2,16,34.5778234763293,0.6326754385964912,43.48290598290598,1026.068376068376,27.00179937022042,0
2204,4,1,1,39,0.025,0.025,0.975,40,1150,900,250,0.782608695652174,14,9,5,346.7020873529623,0.7923611111111111,0.19554017485428843,0.20511783591670318,131711.68456424863,1132.9431934399852,132844.6277576886,2174,0,717.35,38,2,16,34.47886310019428,0.6337719298245614,43.376068376068375,1026.495726495726,27.013045434098057,0
2205,4,0,0,39,0.0,0.0,1.0,39,1000,800,200,0.8,12,8,4,354.4902693052098,0.7821637426900585,0.20256355456184472,0.20916266961905122,131609.25116381957,1530.8397776238744,133140.09094144346,2175,12,736.7435897435897,37,2,17,34.382346655268215,0.6345720720720721,43.47587719298245,1026.0964912280697,27.73233760075864,0
2206,4,1,0,40,0.025,0.0,1.0,40,1350,900,450,0.6666666666666666,18,9,9,344.3130842085319,0.7876068376068376,0.1918122270742364,0.20517987880530683,131985.99810979585,1088.901216305031,133074.8993261009,2176,0,719.3,38,2,20,34.26388022457892,0.636513157894737,43.10897435897434,1027.5641025641,27.041160593792107,0
2207,4,0,0,40,0.0,0.0,1.0,40,900,500,400,0.5555555555555556,13,5,8,347.3238098739721,0.7858440170940171,0.1979837871544381,0.20757451544145072,132095.80342793468,1176.0035429907016,133271.8069709254,2177,1,720.3,38,2,20,34.075989052864955,0.6376096491228072,43.00213675213674,1027.9914529914515,27.052406657669778,0
2208,4,0,0,40,0.0,0.0,1.0,40,1100,600,500,0.5454545454545454,16,6,10,344.93851470295533,0.7853632478632478,0.19503428215250374,0.20674832767936757,132205.65440317022,1120.564413032339,133326.21881620257,2178,2,721.3,38,2,20,34.02676778170232,0.6387061403508772,42.895299145299134,1028.4188034188019,27.063652721547417,0
2209,4,1,0,41,0.024390243902439025,0.0,1.0,41,1200,900,300,0.75,15,9,6,339.59872385544526,0.7911077235772358,0.19214086517291817,0.20533579049678655,132535.4812714587,801.9158859302918,133337.397157389,2179,0,704.6829268292682,38,3,21,33.83265891955454,0.6419956140350878,42.57478632478632,1029.7008547008536,27.09739091318036,0
2210,4,0,0,41,0.0,0.0,1.0,41,1150,700,450,0.6086956521739131,16,7,9,337.33095987568385,0.7901930894308943,0.19169183602228057,0.20456258585668843,132645.51487508227,749.0877712031656,133394.60264628544,2180,1,705.6829268292682,38,3,15,33.7805953121759,0.6430921052631577,42.46794871794872,1030.1282051282058,27.108636977058048,0
2211,4,0,1,40,0.0,0.024390243902439025,0.975609756097561,41,850,700,150,0.8235294117647058,10,7,3,337.78220106552305,0.7888719512195121,0.19235516079756398,0.20513674729697134,132700.5487983053,764.7766911388862,133465.3254894442,2181,2,706.6829268292682,38,3,15,33.713751209733196,0.6436403508771928,42.41452991452992,1030.341880341881,27.11426000899687,0
2212,4,1,0,41,0.024390243902439025,0.0,1.0,41,950,600,350,0.631578947368421,13,6,7,326.32872961036634,0.7891260162601627,0.15013082937974498,0.19602116889695675,132288.07259706687,433.8797346409458,132721.9523317078,2182,0,707.609756097561,38,3,19,34.42249108595562,0.6395285087719298,42.81517094017094,1028.7393162393155,27.072087269455672,3
2213,4,0,0,41,0.0,0.0,1.0,41,1150,800,350,0.6956521739130435,15,8,7,326.026211424267,0.7896849593495935,0.15025119520298236,0.19626777927740852,132370.51647308038,431.25159799837326,132801.76807107875,2183,1,708.609756097561,38,3,19,34.34753080011074,0.6403508771929826,42.735042735042725,1029.0598290598275,27.08052181736388,0
2214,4,1,2,40,0.023809523809523808,0.047619047619047616,0.9523809523809523,42,1100,900,200,0.8181818181818182,13,9,4,321.05572093977133,0.7935056136275649,0.14722094625631632,0.19455048432308816,132618.00219382337,115.55651435457514,132733.55870817794,2184,0,692.7142857142857,38,4,19,34.22730180133458,0.6428179824561404,42.49465811965811,1030.0213675213663,27.105825461088585,0
2215,4,0,0,40,0.0,0.0,1.0,40,1350,1100,250,0.8148148148148148,16,11,5,336.0442233383928,0.7844551282051282,0.15259299781181612,0.20260186024491483,132426.97934420896,900.2642845548114,133327.24362876377,2185,3,728.15,36,4,21,34.033096280087534,0.644675925925926,42.68018018018017,1029.2792792792784,28.591091091091066,0
2216,4,0,0,40,0.0,0.0,1.0,40,1250,1000,250,0.8,15,10,5,336.55484872815293,0.7844284188034188,0.15103653867191769,0.20306586615340222,132455.9583865959,915.7390075886497,133371.69739418456,2186,4,729.15,36,4,21,33.99085621558545,0.6449652777777779,42.65202702702702,1029.3918918918907,28.594219219219188,0
2217,4,1,0,41,0.024390243902439025,0.0,1.0,41,650,500,150,0.7692307692307693,8,5,3,324.33010592714356,0.7929369918699187,0.16798713695163237,0.18442372161497028,130184.79100568441,244.56941139533194,130429.36041707975,2187,0,712.3414634146342,40,1,19,36.59318362875921,0.6151041666666668,44.86788617886179,1020.5284552845526,25.513211382113816,4
2218,4,1,1,41,0.023809523809523808,0.023809523809523808,0.9761904761904762,42,850,600,250,0.7058823529411765,11,6,5,318.5602158979235,0.7972560975609756,0.16185862412277463,0.1821272837830403,130395.54172092023,-92.18714013907072,130303.35458078116,2188,0,696.3571428571429,39,3,19,36.52738823729388,0.6188568376068376,44.661458333333336,1021.3541666666674,26.188568376068396,0
2219,4,0,0,41,0.0,0.0,1.0,41,950,800,150,0.8421052631578947,11,8,3,325.3385318458148,0.79375,0.16423989098648062,0.18575780689261032,130344.3971893491,281.21096318211414,130625.6081525312,2189,2,714.3414634146342,38,3,19,36.40602113412848,0.6200657894736842,44.71153846153846,1021.153846153846,26.872469635627525,0
2220,4,0,0,41,0.0,0.0,1.0,41,950,600,350,0.631578947368421,13,6,7,322.5197995569245,0.7929369918699187,0.15307033430091677,0.18466672594989902,130453.51765103375,214.76847286143015,130668.28612389517,2190,3,715.3414634146342,38,3,20,36.36769678588858,0.6211622807017543,44.60470085470086,1021.5811965811972,26.88371569950519,0
2221,4,1,0,42,0.023809523809523808,0.0,1.0,42,650,400,250,0.6153846153846154,9,4,5,315.5371016380385,0.7963608207510646,0.15464067500727352,0.18226907871091425,130794.81336805575,-145.87673611109145,130648.93663194466,2191,0,699.2857142857143,39,3,17,36.20162932790224,0.6228632478632479,44.27083333333334,1022.9166666666682,26.22863247863252,0
2222,4,0,0,42,0.0,0.0,1.0,42,1200,800,400,0.6666666666666666,16,8,8,317.12728496832403,0.7961188540456833,0.14885799220812834,0.18379129616478826,130921.69390904512,-96.23173343410883,130825.46217561101,2192,1,700.2857142857143,41,1,17,36.03302313558227,0.6209349593495934,44.1468253968254,1023.4126984126985,24.961285327138988,0
2223,4,1,0,43,0.023255813953488372,0.0,1.0,43,1100,800,300,0.7272727272727273,14,8,6,312.67508341297423,0.800249169435216,0.15649458463906774,0.18278269801504682,131253.64428407222,-392.051165044187,130861.59311902802,2193,0,684.9767441860465,42,1,18,35.81264775413713,0.6227678571428572,43.82267441860464,1024.7093023255795,24.397840531561418,0
2224,4,1,1,43,0.022727272727272728,0.022727272727272728,0.9772727272727273,44,750,600,150,0.8,9,6,3,308.6449718204446,0.8048361522198731,0.16954509436680576,0.18201399740065474,131588.67076475648,-677.1003051309597,130911.57045962552,2194,0,670.3863636363636,40,4,13,35.57906596671951,0.6291666666666667,43.4959349593496,1026.016260162602,25.650406504065053,0
2225,4,1,1,43,0.022727272727272728,0.022727272727272728,0.9772727272727273,44,1150,800,350,0.6956521739130435,15,8,7,308.6449718204446,0.8047040169133193,0.16806836190750563,0.18201399740065474,131588.67076475648,-677.1636839843939,130911.50708077208,2195,0,671.0909090909091,40,4,13,35.57906596671951,0.6291666666666667,43.4959349593496,1026.016260162602,25.650406504065053,0
2226,4,2,2,43,0.044444444444444446,0.044444444444444446,0.9555555555555556,45,1100,900,200,0.8181818181818182,13,9,4,306.8980842321895,0.8111952861952862,0.18770151559030812,0.18302574867940427,132015.4057716837,-896.9449759070246,131118.4607957767,2196,0,657.1333333333333,41,4,14,35.19554252340959,0.631859756097561,43.080357142857146,1027.6785714285718,25.06533101045297,0
2227,4,0,0,43,0.0,0.0,1.0,43,1250,900,350,0.72,16,9,7,320.0272448543144,0.7990956072351421,0.18989448005247223,0.18989285433076009,131823.38271077067,-162.5852047392467,131660.79750603143,2197,1,688.6279069767442,40,3,14,35.05112980372752,0.6315104166666667,43.267276422764226,1026.9308943089427,25.67327235772357,0
2228,4,1,1,43,0.022727272727272728,0.022727272727272728,0.9772727272727273,44,1150,800,350,0.6956521739130435,15,8,7,314.0127352712594,0.8023035588442565,0.18272435924900865,0.18768231597142473,132098.99612590886,-503.846579983174,131595.1495459257,2198,0,673.9545454545455,42,2,14,34.92887328368997,0.6312003968253967,42.99903100775194,1028.003875968992,24.476282761166473,0
2229,4,1,1,43,0.022727272727272728,0.022727272727272728,0.9772727272727273,44,1350,1100,250,0.8148148148148148,16,11,5,313.35896795969967,0.8013786116983792,0.18306010928961758,0.1879091573968505,132223.54144131968,-513.3135027942909,131710.2279385254,2199,0,674.9318181818181,42,2,16,34.82075560580369,0.632440476190476,42.87790697674419,1028.4883720930238,24.487818383167234,0
2230,4,0,0,43,0.0,0.0,1.0,43,900,500,400,0.5555555555555556,13,5,8,319.3891889424039,0.7979420450350683,0.18769818383380943,0.19098846884074624,132117.37769471222,-160.6275785777187,131956.7501161345,2200,1,691.4418604651163,41,2,17,34.77224661455821,0.6328760162601625,42.9811507936508,1028.0753968253973,25.075009678668227,0
2231,4,0,0,43,0.0,0.0,1.0,43,900,600,300,0.6666666666666666,12,6,6,318.13968192729766,0.7960502030269472,0.19511735572782074,0.1908838091563787,132244.89795918373,-185.53004535146542,132059.36791383225,2201,2,692.4418604651163,41,2,17,34.67640817901233,0.6341463414634145,42.85714285714286,1028.5714285714291,25.087108013937296,0
2232,4,0,0,43,0.0,0.0,1.0,43,1100,900,200,0.8181818181818182,13,9,4,314.24305462703353,0.7958194905869325,0.19076404272684067,0.18905620432665857,132346.95845930974,-282.1775006298706,132064.78095867985,2202,3,693.4418604651163,41,2,17,34.67428332690578,0.6351626016260161,42.75793650793651,1028.9682539682547,25.09678668215255,0
2233,4,0,0,43,0.0,0.0,1.0,43,1300,800,500,0.6153846153846154,18,8,10,317.923743993277,0.7960963455149501,0.1916358110365135,0.19234970214917638,132558.85959201408,-171.25852800608976,132387.601064008,2203,4,694.4418604651163,39,4,18,34.36720277833974,0.6404914529914529,42.55208333333334,1029.7916666666683,26.404914529914574,0
2234,4,0,0,43,0.0,0.0,1.0,43,1000,800,200,0.8,12,8,4,340.4748685729906,0.7956810631229235,0.1746642890263288,0.1987450579087619,131197.94894118904,333.92088455945157,131531.8698257485,2204,5,695.4418604651163,40,3,17,35.15668915120855,0.6252604166666667,43.8770325203252,1024.4918699186987,25.61229674796747,5
2235,4,1,2,42,0.022727272727272728,0.045454545454545456,0.9545454545454546,44,1100,900,200,0.8181818181818182,13,9,4,339.4812458832228,0.8013125440451022,0.18324558994801676,0.19983810188380235,131519.8348696944,129.89712711853915,131649.73199681294,2205,0,680.6136363636364,38,6,17,34.85748012359823,0.6318530701754387,43.56303418803417,1025.7478632478612,26.993364822312138,0
2236,4,0,0,42,0.0,0.0,1.0,42,950,700,250,0.7368421052631579,12,7,5,351.87342885424346,0.7923441734417345,0.1974289963878466,0.2059572565290215,131302.08462431404,840.3429464934698,132142.42757080751,2206,10,713.8809523809524,40,2,18,34.759543877045104,0.6263020833333335,43.77540650406503,1024.8983739837383,25.62245934959346,0
2237,4,0,0,42,0.0,0.0,1.0,42,1000,700,300,0.7,13,7,6,349.71977786082977,0.7921022067363531,0.18971775880826902,0.2051449006214556,131385.84530476408,789.65605465506,132175.50135941914,2207,11,714.8809523809524,36,6,18,34.73015524311659,0.6342592592592593,43.69369369369369,1025.2252252252242,28.47847847847845,0
2238,4,1,1,42,0.023255813953488372,0.023255813953488372,0.9767441860465116,43,850,400,450,0.47058823529411764,13,4,9,342.11736180589423,0.8019564414913252,0.19444851598542234,0.20230957826057927,131693.64762474963,410.9366583948581,132104.5842831445,2208,0,699.2325581395348,37,6,15,34.61469127229997,0.6354166666666667,43.39364035087718,1026.4254385964887,27.74122807017537,0
2239,4,0,0,42,0.0,0.0,1.0,42,1200,900,300,0.75,15,9,6,349.3108472130744,0.7914730933023616,0.19619089408470747,0.2067738755321028,131732.43344696032,803.1135865595204,132535.54703351983,2209,13,716.8809523809524,36,6,16,34.39099751352934,0.6377314814814816,43.35585585585585,1026.5765765765755,28.516016016015985,0
2240,4,0,0,42,0.0,0.0,1.0,42,1050,700,350,0.6666666666666666,14,7,7,346.70316744875186,0.7918602400309718,0.1949859166387038,0.2057808533792777,131834.3685076174,741.47862803936,132575.84713565675,2210,14,717.8809523809524,37,5,16,34.35520321731083,0.6368243243243243,43.2565789473684,1026.9736842105235,27.756045519203337,0
2241,4,0,0,42,0.0,0.0,1.0,42,1000,600,400,0.6,14,6,8,344.5932033849216,0.7920296167247387,0.19442091969393038,0.20490189551923418,131903.6740836618,690.621918145923,132594.29600180773,2211,15,718.8809523809524,38,4,16,34.339573582943295,0.6356907894736843,43.18910256410255,1027.2435897435878,27.03272604588389,0
2242,4,0,0,42,0.0,0.0,1.0,42,950,800,150,0.8421052631578947,11,8,3,346.9438346456602,0.791352109949671,0.19854142530374608,0.20674757135204197,131985.99810979603,758.3456607494895,132744.34377054553,2212,16,719.8809523809524,38,4,17,34.196298606778946,0.636513157894737,43.10897435897435,1027.5641025641014,27.041160593792142,0
2243,4,1,0,43,0.023255813953488372,0.0,1.0,43,750,500,250,0.6666666666666666,10,5,5,341.5359776743978,0.7958194905869325,0.19772622377951699,0.20517088293870767,132290.8203125,436.4149305555553,132727.23524305556,2213,0,704.1162790697674,39,4,18,34.02862157418659,0.6378205128205128,42.8125,1028.75,26.378205128205128,0
2244,4,1,1,43,0.022727272727272728,0.022727272727272728,0.9772727272727273,44,1300,700,600,0.5384615384615384,19,7,12,337.3488240808026,0.8004756871035941,0.19757069147442907,0.20399502942323358,132539.1000716567,142.51211911357282,132681.61219077028,2214,0,689.0909090909091,37,7,18,33.886944059915514,0.6438626126126126,42.57127192982456,1029.7149122807018,27.830132764343293,0
2245,4,0,0,43,0.0,0.0,1.0,43,1300,900,400,0.6923076923076923,17,9,8,344.115566559313,0.7937892211148024,0.20004607073591796,0.20777498742285483,132482.6524146854,517.8685989920073,133000.5210136774,2215,2,706.1162790697674,37,6,19,33.76945982887776,0.6432995495495495,42.626096491228076,1029.4956140350885,27.824205784732122,0
2246,4,0,0,43,0.0,0.0,1.0,43,1250,1100,150,0.88,14,11,3,344.3396255807368,0.7935585086747877,0.19848261692884606,0.2088489853021968,132652.03145439006,535.4701687057794,133187.50162309583,2216,3,707.1162790697674,37,6,13,33.593555969487305,0.6449887387387386,42.461622807017555,1030.1535087719317,27.84198672356572,0
2247,4,0,0,43,0.0,0.0,1.0,43,1450,900,550,0.6206896551724138,20,9,11,343.2268550655577,0.7920358065706903,0.1959709211906393,0.20859628337160138,132728.07004026993,511.16761176861337,133239.23765203854,2217,4,708.1162790697674,38,5,15,33.545878693623656,0.6439144736842104,42.38782051282053,1030.448717948721,27.11707152496634,0
2248,4,0,0,43,0.0,0.0,1.0,43,950,700,250,0.7368421052631579,12,7,5,344.78957822826123,0.7905592469545958,0.19967025338424116,0.21000819764812312,132810.65088757424,558.3456607495345,133368.99654832378,2218,5,709.1162790697674,38,5,16,33.422730099502495,0.644736842105263,42.30769230769232,1030.769230769233,27.125506072874554,0
2249,4,0,0,43,0.0,0.0,1.0,43,600,400,200,0.6666666666666666,8,4,4,343.0057147014737,0.790328534514581,0.19889758427792215,0.2090753089800711,132838.18354381277,512.8512172182272,133351.034761031,2219,6,710.1162790697674,38,5,16,33.441073340933436,0.6450109649122806,42.28098290598292,1030.8760683760702,27.128317588843952,0
2250,4,0,1,42,0.0,0.023255813953488372,0.9767441860465116,43,1000,800,200,0.8,12,8,4,352.9567849927105,0.7903746770025839,0.152807506999723,0.20124804807514546,130290.57167830481,620.8360317341594,130911.40771003897,2220,7,711.1162790697674,37,6,17,35.75553556725021,0.6213400900900901,44.76425438596491,1020.9429824561399,27.593053579895674,8
2251,4,0,0,42,0.0,0.0,1.0,42,1350,1200,150,0.8888888888888888,15,12,3,363.626788019767,0.7848915989159891,0.16833350341871678,0.2070411909242123,130236.00396050338,1071.459960937491,131307.46392144088,2221,25,728.8809523809524,39,3,17,35.53859662550602,0.6172542735042736,44.81770833333333,1020.7291666666658,26.172542735042715,0
2252,4,0,0,42,0.0,0.0,1.0,42,950,800,150,0.8421052631578947,11,8,3,361.825737462624,0.7840931087882307,0.16123821791490367,0.20704966647431225,130430.54112803932,1038.6307716076037,131469.17189964693,2222,26,729.8809523809524,37,5,17,35.387147559753835,0.6227477477477478,44.62719298245614,1021.4912280701748,27.607871028923643,0
2253,4,0,0,42,0.0,0.0,1.0,42,1000,800,200,0.8,12,8,4,357.22425236414466,0.7842382888114595,0.15998058397431159,0.2049700044308963,130535.38795976693,926.081274198257,131461.46923396518,2223,27,730.8809523809524,38,4,15,35.39837079630597,0.621984649122807,44.52457264957265,1021.901709401709,26.892150247413394,0
2254,4,0,0,42,0.0,0.0,1.0,42,1350,900,450,0.6666666666666666,18,9,9,354.13815869449286,0.7848915989159891,0.15630085245510061,0.2037731834364163,130644.58832137121,853.2467903060921,131497.8351116773,2224,28,731.8809523809524,38,4,15,35.36659177204167,0.6230811403508771,44.417735042735046,1022.3290598290602,26.903396311291058,0
2255,4,1,0,43,0.023255813953488372,0.0,1.0,43,1350,1200,150,0.8888888888888888,15,12,3,347.61563468335174,0.7916666666666666,0.15744955005507366,0.20154502342521818,130937.79047070214,503.20462770178324,131440.99509840392,2225,0,715.8372093023256,40,3,16,35.236694469268194,0.6226562499999999,44.13109756097562,1023.475609756099,25.586890243902474,0
2256,4,1,1,43,0.022727272727272728,0.022727272727272728,0.9772727272727273,44,1150,900,250,0.782608695652174,14,9,5,345.5260301025644,0.7973264622973926,0.1554288405503672,0.20170985375179076,131201.0476210158,266.67542595740656,131467.7230469732,2226,0,700.5454545454545,41,3,16,35.02418821213002,0.623729674796748,43.87400793650793,1024.5039682539668,24.9879016647309,0
2257,4,1,0,44,0.022727272727272728,0.0,1.0,44,1200,900,300,0.75,15,9,6,349.51076019135866,0.7986918604651163,0.1619067942027963,0.20457765799076066,131302.70460325343,378.34162021290297,131681.04622346634,2227,0,701.5227272727273,41,3,17,34.81945519956119,0.6247459349593496,43.77480158730159,1024.9007936507942,24.9975803329462,0
2258,4,0,0,44,0.0,0.0,1.0,44,1150,1000,150,0.8695652173913043,13,10,3,344.48654598902556,0.7976568005637773,0.1555631487569724,0.20233446054391233,131434.9175347224,255.51707372765867,131690.43460845004,2228,1,702.5227272727273,39,5,17,34.81477719084384,0.6292735042735043,43.64583333333334,1025.416666666668,26.292735042735078,0
2259,4,0,0,44,0.0,0.0,1.0,44,1150,700,450,0.6086956521739131,16,7,9,350.7072955553108,0.7970621916842847,0.16200306445508983,0.20670952447182858,131568.46923828125,428.404405381945,131996.8736436632,2229,2,703.5227272727273,39,5,16,34.52053084915558,0.6306089743589745,43.515625,1025.9375,26.306089743589745,0
2260,4,0,0,44,0.0,0.0,1.0,44,1450,1100,350,0.7586206896551724,18,11,7,349.94834710743794,0.7967758985200846,0.15643447461629312,0.20727709790209795,131755.55555555562,421.52777777778357,132177.0833333334,2230,3,704.5227272727273,39,5,16,34.35132575757575,0.6324786324786325,43.333333333333336,1026.6666666666672,26.324786324786338,0
2261,4,0,0,44,0.0,0.0,1.0,44,1150,700,450,0.6086956521739131,16,7,9,354.24724439734683,0.7966878083157153,0.16527353871405004,0.21026632044030338,131835.77609592004,540.4920789930464,132376.26817491307,2231,4,705.5227272727273,39,5,16,34.16009483720458,0.6332799145299146,43.25520833333333,1026.9791666666658,26.332799145299123,0
2262,4,0,0,44,0.0,0.0,1.0,44,1100,800,300,0.7272727272727273,14,8,6,352.10655150830445,0.7973484848484849,0.1713952401075336,0.20979076855041037,131979.97352972758,494.2026695419305,132474.1761992695,2232,5,706.5227272727273,40,4,17,34.06974252464312,0.6330729166666667,43.11483739837398,1027.5406504065033,25.688516260162583,0
2263,4,0,1,43,0.0,0.022727272727272728,0.9772727272727273,44,1000,600,400,0.6,14,6,8,350.6128362193651,0.7961372445384074,0.17757381027277286,0.2094771906886516,132084.41904826797,462.0985565800552,132546.51760484802,2233,6,707.5227272727273,40,4,17,34.002924699291476,0.6341145833333335,43.01321138211381,1027.9471544715427,25.69867886178857,0
2264,4,0,0,43,0.0,0.0,1.0,43,800,400,400,0.5,12,4,8,356.35411558318157,0.7898671096345514,0.17539103478353169,0.21241289125245183,131996.2904188364,807.4842664930179,132803.7746853294,2234,7,724.7906976744187,39,4,17,33.944183983781045,0.6348824786324789,43.098958333333314,1027.6041666666636,26.348824786324705,0
2265,4,0,0,43,0.0,0.0,1.0,43,650,400,250,0.6153846153846154,9,4,5,354.2116153203599,0.7878829826504244,0.16680292046469214,0.21203292024422507,132156.9023980034,762.3019748263798,132919.2043728298,2235,8,725.7906976744187,39,4,17,33.83744048222063,0.6364850427350428,42.94270833333333,1028.229166666666,26.36485042735041,0
2266,4,0,1,42,0.0,0.023255813953488372,0.9767441860465116,43,1400,1000,400,0.7142857142857143,18,10,8,351.55169024790365,0.7868678479143595,0.16882486775228367,0.2108882982690035,132237.24500868045,697.645399305546,132934.89040798598,2236,9,726.7906976744187,39,4,17,33.824944298156765,0.6372863247863249,42.86458333333333,1028.5416666666658,26.372863247863226,0
2267,4,1,1,42,0.023255813953488372,0.023255813953488372,0.9767441860465116,43,1050,600,450,0.5714285714285714,15,6,9,350.2537915741897,0.7968807678110004,0.1631576152290095,0.21116051489522786,132425.49332493232,676.6038838780078,133102.09720881033,2237,0,696.4418604651163,38,5,17,33.66895024565774,0.6408991228070176,42.681623931623925,1029.2735042735032,27.086144849302716,0
2268,4,0,1,41,0.0,0.023809523809523808,0.9761904761904762,42,900,600,300,0.6666666666666666,12,6,6,355.0516549468148,0.7884243128145567,0.16612669164051175,0.21344158222213558,132317.61203342007,995.9174262152687,133313.52945963535,2238,11,714.0238095238095,39,3,17,33.654048968985194,0.6380876068376069,42.78645833333333,1028.854166666666,26.380876068376054,0
2269,4,0,0,41,0.0,0.0,1.0,41,1200,1000,200,0.8333333333333334,14,10,4,361.01052397869086,0.7847052845528455,0.17565518842068317,0.21717795102688858,132344.406467014,1355.5447048611202,133699.95117187512,2239,12,730.3170731707318,39,2,17,33.47379698994398,0.6383547008547008,42.76041666666667,1028.9583333333342,26.38354700854703,0
2270,4,0,0,41,0.0,0.0,1.0,41,1150,900,250,0.782608695652174,14,9,5,358.30128082355515,0.7828760162601626,0.17336090702193752,0.21617817637349215,132454.4330947985,1291.7403071137358,133746.17340191224,2240,13,731.3170731707318,37,4,17,33.43275102968328,0.6430180180180181,42.65350877192983,1029.3859649122815,27.821242294926527,0
2271,4,0,0,41,0.0,0.0,1.0,41,1200,800,400,0.6666666666666666,16,8,8,347.90674900431105,0.782469512195122,0.14879378937567234,0.2036354941212118,131302.08462431433,936.1762798268334,132238.26090414118,2241,14,732.3170731707318,40,1,17,34.86117997025286,0.6263020833333333,43.775406504065046,1024.8983739837406,25.622459349593516,2
2272,4,0,2,39,0.0,0.04878048780487805,0.9512195121951219,41,1300,1100,200,0.8461538461538461,15,11,4,348.44391661188394,0.7803353658536586,0.13942589918434978,0.205088299275387,131515.04041883693,965.1257373437597,132480.1661561807,2242,15,733.3170731707318,39,2,18,34.63248112792391,0.6300747863247863,43.56770833333334,1025.7291666666679,26.300747863247896,0
2273,4,1,1,39,0.025,0.025,0.975,40,1050,800,250,0.7619047619047619,13,8,5,356.2862154531371,0.7833333333333333,0.14713430504945335,0.21033368773370506,131629.44614517127,1379.5514418511182,133008.9975870224,2243,0,745.6,38,2,14,34.31589449939267,0.6329495614035088,43.45619658119658,1026.1752136752134,27.004610886189827,0
2274,4,0,0,39,0.0,0.0,1.0,39,700,400,300,0.5714285714285714,10,4,6,362.7534818254829,0.7778340080971661,0.14584104373476792,0.21325162259671518,131468.65051025298,1738.1421446983513,133206.79265495134,2244,17,765.7179487179487,37,2,18,34.31240867457857,0.6331644144144146,43.61293859649122,1025.5482456140337,27.71752015173064,0
2275,4,1,0,40,0.025,0.0,1.0,40,900,500,400,0.5555555555555556,13,5,8,358.8794069063504,0.7851228632478633,0.15685803757828776,0.20811529770961495,130945.12473518887,1398.7017404485373,132343.8264756374,2245,0,747.55,38,2,16,34.941066457898394,0.6260964912280702,44.123931623931625,1023.5042735042739,26.934322986954577,1
2276,4,0,0,40,0.0,0.0,1.0,40,850,500,350,0.5882352941176471,12,5,7,361.6419434709459,0.7843215811965812,0.16459311424100176,0.21046375398718972,131081.8463387573,1480.9387327416125,132562.78507149892,2246,1,748.55,38,2,16,34.73200312989045,0.6274671052631579,43.99038461538461,1024.038461538461,26.948380566801603,0
2277,4,1,1,40,0.024390243902439025,0.024390243902439025,0.975609756097561,41,950,700,250,0.7368421052631579,12,7,5,353.57744285083584,0.792530487804878,0.1567926544190743,0.20695112791251466,131301.43364800335,1085.0450303819387,132386.4786783853,2247,0,731.2682926829268,39,2,16,34.71654046820477,0.6279380341880343,43.776041666666664,1024.8958333333326,26.279380341880323,0
2278,4,0,0,40,0.0,0.0,1.0,40,950,500,450,0.5263157894736842,14,5,9,357.8964880213899,0.7827457264957265,0.16072992700729927,0.20902724239495313,131218.63928153997,1392.538032361753,132611.17731390172,2248,3,750.55,38,2,17,34.689563781717055,0.6288377192982456,43.85683760683761,1024.5726495726499,26.96243814664868,0
2279,4,0,0,40,0.0,0.0,1.0,40,1000,700,300,0.7,13,7,6,355.74369975625035,0.7830929487179488,0.15914248616913174,0.20852560878498405,131357.7852393047,1346.0778738542638,132703.86311315896,2249,4,751.55,35,5,18,34.60410315757782,0.6360119047619047,43.72106481481482,1025.1157407407409,29.289021164021168,0
2280,4,0,0,40,0.0,0.0,1.0,40,1150,600,550,0.5217391304347826,17,6,11,354.5280250903306,0.7824786324786325,0.1590946524651371,0.2084368447061098,131472.44953991153,1322.133577834595,132794.5831177461,2250,5,752.55,36,4,19,34.519463050400795,0.6351273148148149,43.609234234234236,1025.563063063063,28.487862862862862,0
2281,4,1,1,40,0.024390243902439025,0.024390243902439025,0.975609756097561,41,950,400,550,0.42105263157894735,15,4,11,347.2048640910242,0.7878556910569106,0.15770030377082267,0.20546978113907494,131721.78578985826,946.888946598938,132668.6747364572,2251,0,735.170731707317,37,4,14,34.455778679769296,0.6356981981981983,43.36622807017543,1026.535087719297,27.744191559981,0
2282,4,0,0,40,0.0,0.0,1.0,40,850,600,250,0.7058823529411765,11,6,5,355.97826673304024,0.7819177350427351,0.15935730313067564,0.21019562134728847,131637.38031173052,1372.0092961295718,133009.3896078601,2252,7,754.55,37,3,14,34.315787833457975,0.6348536036036037,43.4484649122807,1026.2061403508771,27.735301090564246,0
2283,4,0,0,40,0.0,0.0,1.0,40,450,200,250,0.4444444444444444,7,2,5,354.78344255397843,0.7808760683760684,0.16055864131595854,0.20995465165552105,131721.78578985826,1346.5417243767154,133068.327514235,2253,8,755.55,37,3,14,34.261286762087884,0.6356981981981983,43.36622807017543,1026.535087719297,27.744191559981,0
2284,4,0,0,40,0.0,0.0,1.0,40,1050,800,250,0.7619047619047619,13,8,5,354.01480047568504,0.7808226495726496,0.15883270911360814,0.21004878161557305,131821.37573964495,1333.343606180139,133154.71934582508,2254,9,756.55,38,2,15,34.18058156471077,0.6348684210526316,43.26923076923077,1026.9230769230767,27.024291497975703,0
2285,4,0,1,39,0.0,0.025,0.975,40,800,600,200,0.75,10,6,4,352.3487369699442,0.7811965811965812,0.15713022675265265,0.20936222232565144,131876.23844875433,1293.285210753145,133169.52365950748,2255,10,757.55,38,2,15,34.1680535330421,0.6354166666666667,43.21581196581196,1027.136752136751,27.029914529914503,0
2286,4,0,0,39,0.0,0.0,1.0,39,1300,1100,200,0.8461538461538461,15,11,4,356.18666014203717,0.7795209176788125,0.14001986912649755,0.2118801789759202,131918.83710612866,1597.5459997306716,133516.38310585934,2247,11,720.1538461538462,37,2,16,34.02655477283239,0.637668918918919,43.17434210526315,1027.3026315789461,27.764935988620167,0
2287,4,1,0,40,0.025,0.0,1.0,40,650,500,150,0.7692307692307693,8,5,3,339.626893790445,0.7867788461538462,0.13708017334777933,0.18289126194199573,128033.53555901808,697.5950532856182,128731.1306123037,2248,0,703.125,37,3,14,38.39156735283494,0.5985360360360361,46.984649122807014,1012.0614035087714,27.35301090564247,8
2288,4,2,1,41,0.047619047619047616,0.023809523809523808,0.9761904761904762,42,850,600,250,0.7058823529411765,11,6,5,325.8772752861701,0.8043457220286488,0.144031311154599,0.17753015743201803,128496.3348765432,-25.144809514036496,128471.19006702917,2249,0,670.5952380952381,38,4,11,38.26769406392695,0.6014254385964912,46.52777777777778,1013.8888888888888,26.6812865497076,0
2289,4,1,1,41,0.023809523809523808,0.023809523809523808,0.9761904761904762,42,600,400,200,0.6666666666666666,8,4,4,326.6860428876695,0.8016840882694541,0.1415477695502978,0.17821286891320462,128550.50131492446,-0.8690828402292823,128549.63223208423,2250,0,671.5714285714286,38,4,12,38.192030130636326,0.6019736842105262,46.47435897435898,1014.1025641025647,26.68690958164644,0
2290,4,4,1,44,0.08888888888888889,0.022222222222222223,0.9777777777777777,45,1450,1000,450,0.6896551724137931,19,10,9,308.59583775153783,0.8227272727272728,0.1634484103764382,0.17178836700891817,129352.72285997751,-1016.4576247165375,128336.26523526097,2251,0,627.7111111111111,41,4,16,37.83645406670568,0.6051829268292682,45.68452380952382,1017.2619047619063,24.81126596980259,0
2291,4,0,0,44,0.0,0.0,1.0,44,1700,1200,500,0.7058823529411765,22,12,10,312.7271219319318,0.8176752995066949,0.17400177986033483,0.17421876559046057,129382.2617675494,-707.7315296780714,128674.53023787132,2252,1,642.9772727272727,40,4,16,37.70144507708188,0.6070312499999999,45.655487804878064,1017.3780487804904,25.434451219512262,0
2292,4,1,2,43,0.022222222222222223,0.044444444444444446,0.9555555555555556,45,1500,1100,400,0.7333333333333333,19,11,8,306.7300735257933,0.8238636363636364,0.17482462977396707,0.17184920713257357,129605.14298311947,-1049.2409926933424,128555.90199042612,2253,0,629.6666666666666,41,4,12,37.628280072746165,0.6077235772357723,45.43650793650795,1018.2539682539706,24.835462640340747,0
2293,4,0,0,43,0.0,0.0,1.0,43,700,600,100,0.8571428571428571,8,6,2,319.34145632083045,0.8091085271317829,0.17640501891142546,0.17756548858294952,129307.3133680558,-341.362847222199,128965.95052083359,2254,3,659.9069767441861,39,4,17,37.60924484500887,0.6079059829059827,45.72916666666668,1017.0833333333353,26.07905982905988,0
2294,4,0,0,43,0.0,0.0,1.0,43,1000,700,300,0.7,13,7,6,317.48138749680965,0.8098006644518272,0.17557071049624162,0.1769834995332995,129408.11107806205,-383.0666683191164,129025.04440974293,2255,4,660.9069767441861,40,3,18,37.55430982820616,0.6072916666666666,45.63008130081301,1017.4796747967483,25.436991869918707,0
2295,4,0,0,43,0.0,0.0,1.0,43,1000,800,200,0.8,12,8,4,316.6231952199164,0.8106312292358804,0.1715766401664316,0.17696975018541783,129511.53413973181,-398.7288485689533,129112.80529116286,2256,5,661.9069767441861,40,3,13,37.47129592651757,0.6083333333333333,45.528455284552855,1017.88617886179,25.44715447154475,0
2296,4,2,1,44,0.044444444444444446,0.022222222222222223,0.9777777777777777,45,800,600,200,0.75,10,6,4,303.64236069348766,0.8241161616161616,0.16548184755749862,0.17158565624150818,129941.3017922603,-1108.8632744426193,128832.43851781769,2257,0,633.4444444444445,42,3,14,37.36694544763355,0.6096230158730158,45.10658914728683,1019.5736434108545,24.27556293835368,0
2297,4,0,0,44,0.0,0.0,1.0,44,900,600,300,0.6666666666666666,12,6,6,312.9179469286539,0.8156051797040169,0.17906047926968482,0.17679261905364355,129933.65698420574,-668.2853639140785,129265.37162029165,2258,1,648.8409090909091,41,3,15,37.13824965132498,0.6110264227642277,45.114087301587304,1019.5436507936508,24.866918312040266,0
2298,4,0,0,44,0.0,0.0,1.0,44,1400,1100,300,0.7857142857142857,17,11,6,312.25368431010395,0.8143278717406625,0.17793856275035091,0.17687493820342592,130034.821871457,-679.2295564058876,129355.59231505111,2259,2,649.8409090909091,41,3,15,37.052876665693994,0.6120426829268292,45.014880952380956,1019.9404761904768,24.87659698025553,0
2299,4,0,0,44,0.0,0.0,1.0,44,1200,900,300,0.75,15,9,6,312.0516009991591,0.8130946088794926,0.1774359284332685,0.17700858056676452,130089.5378883481,-681.0702857400341,129408.46760260807,2260,3,650.8409090909091,42,2,16,37.002714982269524,0.611111111111111,44.96124031007752,1020.1550387596903,24.28940568475453,0
2300,4,1,1,44,0.022222222222222223,0.022222222222222223,0.9777777777777777,45,1450,1100,350,0.7586206896551724,18,11,7,304.63277240721686,0.8180134680134681,0.1697855380527613,0.17390141688121635,130336.78583769007,-1058.913695841595,129277.87214184848,2261,0,637.3555555555556,42,3,16,36.9422961346239,0.6135912698412698,44.718992248062015,1021.1240310077521,24.312476928756002,0
2301,4,0,0,44,0.0,0.0,1.0,44,1350,800,550,0.5925925925925926,19,8,11,310.03748438150774,0.8137993305144469,0.1767161410018554,0.1766492643569057,130262.58680555563,-722.7430555555435,129539.84375000009,2262,5,652.8409090909091,42,2,16,36.87925170068029,0.6128472222222221,44.79166666666667,1020.833333333334,24.30555555555557,0
2302,4,0,0,44,0.0,0.0,1.0,44,950,400,550,0.42105263157894735,15,4,11,313.2993597958447,0.8136451726568006,0.18161732896607186,0.1793242639142753,130439.87509645062,-626.6541280864162,129813.2209683642,2263,6,653.8409090909091,41,3,19,36.616955585769325,0.6161077235772358,44.61805555555556,1021.5277777777777,24.91531165311653,0
2303,4,0,0,44,0.0,0.0,1.0,44,1200,800,400,0.6666666666666666,16,8,8,313.4968690926277,0.8133809020436927,0.16983695652173925,0.18026069972826092,130617.28395061725,-610.3780864197548,130006.90586419748,2264,7,654.8409090909091,41,3,12,36.43285778985508,0.6178861788617886,44.44444444444444,1022.222222222222,24.932249322493217,0
2304,4,0,1,43,0.0,0.022727272727272728,0.9772727272727273,44,1050,900,150,0.8571428571428571,12,9,3,311.29680802188955,0.8134249471458774,0.1724256535083073,0.17946574368510282,130718.71456916105,-661.5362811791376,130057.17828798191,2265,8,655.8409090909091,41,3,13,36.38678696158321,0.6189024390243902,44.345238095238095,1022.619047619048,24.94192799070849,0
2305,4,0,0,43,0.0,0.0,1.0,43,1150,900,250,0.782608695652174,14,9,5,318.7479148291731,0.8097083794758213,0.17334723304123933,0.18356741677712154,130677.89019639445,-269.33899712471714,130408.55119926973,2266,9,671.4186046511628,40,3,14,36.237492959613036,0.6200520833333333,44.38516260162602,1022.4593495934968,25.56148373983742,0
2306,4,0,1,42,0.0,0.023255813953488372,0.9767441860465116,43,850,600,250,0.7058823529411765,11,6,5,334.72257652377647,0.8096160944998154,0.15781265960706836,0.18526379235473212,129125.75511975623,44.26108985260635,129170.01620960883,2267,10,672.4186046511628,41,2,18,37.40269643728648,0.6028963414634145,45.907738095238095,1016.3690476190476,24.789488966318235,4
2307,4,1,0,43,0.023255813953488372,0.0,1.0,43,1250,900,350,0.72,16,9,7,353.99911705327554,0.8151531930601698,0.19920515293775187,0.18488363858510948,126795.93474915979,534.6863016176608,127330.62105077745,2268,0,673.1627906976744,38,5,19,39.297142958169786,0.584155701754386,48.21047008547008,1007.1581196581187,26.504161043634703,8
2308,4,2,1,44,0.044444444444444446,0.022222222222222223,0.9777777777777777,45,900,600,300,0.6666666666666666,12,6,6,340.3938704490357,0.8266414141414142,0.20399145206273306,0.17993364673994675,127285.57254395568,-333.51841650148737,126952.05412745419,2269,0,644.2,37,8,20,39.137486870223455,0.5909346846846848,47.724780701754376,1009.1008771929812,27.272996680891385,0
2309,4,0,1,43,0.0,0.022727272727272728,0.9772727272727273,44,950,400,550,0.42105263157894735,15,4,11,350.9655662322561,0.8220798097251586,0.21435385333576873,0.18515603900521513,127205.59030314113,128.95640573007285,127334.5467088712,2270,1,659.8409090909091,36,8,20,38.95284475701422,0.5920138888888888,47.80405405405406,1008.783783783785,28.021771771771807,0
2310,4,3,2,44,0.06521739130434782,0.043478260869565216,0.9565217391304348,46,1600,900,700,0.5625,23,9,14,335.65357724500615,0.8440619967793881,0.20052489206571011,0.17983029403391385,127828.3203125,-618.7934027777776,127209.52690972222,2271,0,619.1739130434783,39,7,18,38.70175800027468,0.592948717948718,47.1875,1011.25,25.92948717948718,0
2311,4,4,2,46,0.08333333333333333,0.041666666666666664,0.9583333333333334,48,850,700,150,0.8235294117647058,10,7,3,322.69984519644106,0.8480718085106382,0.20766681710293167,0.17515733023700134,128350.40655570429,-1315.8781097147853,127034.5284459895,2272,0,594.2916666666666,40,8,20,38.49684919600173,0.5966145833333333,46.671747967479675,1013.3130081300815,25.332825203252035,0
2312,4,0,0,46,0.0,0.0,1.0,46,850,500,350,0.5882352941176471,12,5,7,337.51630002201546,0.8399557165861514,0.20853462157809943,0.18225880201188843,128144.53125000015,-549.8263888888753,127594.70486111127,2273,1,621.1304347826087,39,7,20,38.33161865569274,0.596153846153846,46.87500000000001,1012.5000000000011,25.961538461538492,0
2313,4,0,0,46,0.0,0.0,1.0,46,1450,900,550,0.6206896551724138,20,9,11,339.46693678945354,0.8399355877616748,0.21048264353694068,0.18418217554411764,128333.90404704506,-486.9765413835935,127846.92750566146,2274,2,622.1304347826087,38,8,20,38.0889304794039,0.5997807017543859,46.68803418803419,1013.247863247863,26.664417453891133,0
2314,4,0,0,46,0.0,0.0,1.0,46,1300,1000,300,0.7692307692307693,16,10,6,336.5214229956575,0.8406400966183575,0.2060543294962971,0.183080003519656,128442.17985243635,-555.2909726787838,127886.88887975758,2275,3,623.1304347826087,38,8,14,38.053110947161336,0.6008771929824561,46.581196581196586,1013.6752136752144,26.6756635177688,0
2315,4,2,3,45,0.041666666666666664,0.0625,0.9375,48,900,600,300,0.6666666666666666,12,6,6,324.3664540961718,0.8516363770685579,0.20816863471096392,0.17858919976766108,128917.41569378368,-1236.7030000330271,127680.71269375065,2276,0,598.125,40,8,15,37.877555955835746,0.6023437499999998,46.11280487804879,1015.5487804878067,25.388719512195166,0
2316,4,3,3,45,0.0625,0.0625,0.9375,48,900,500,400,0.5555555555555556,13,5,8,323.74364787956097,0.8503619976359338,0.20970818233835575,0.1788606897610684,129053.65982362848,-1243.9394792981084,127809.72034433037,2277,0,598.8958333333334,42,6,16,37.75490336321443,0.6006944444444444,45.97868217054264,1016.0852713178302,24.19250645994834,0
2317,4,2,1,46,0.0425531914893617,0.02127659574468085,0.9787234042553191,47,1100,1000,100,0.9090909090909091,12,10,2,333.2928896866656,0.8398473635522664,0.2146736262754989,0.18390750818289528,129004.43558079477,-800.7477765758948,128203.68780421888,2278,0,612.468085106383,42,5,17,37.56239666793844,0.6001984126984126,46.02713178294575,1015.8914728682199,24.187892211148093,0
2318,4,0,1,45,0.0,0.021739130434782608,0.9782608695652174,46,800,500,300,0.625,11,5,6,337.095627466658,0.837157809983897,0.21306504732750908,0.18577478270796616,128955.22072742046,-505.9517907577441,128449.26893666272,2279,1,626.7826086956521,42,4,17,37.515900273484704,0.5997023809523809,46.07558139534885,1015.6976744186065,24.183277962347773,0
2319,4,0,0,45,0.0,0.0,1.0,45,1250,900,350,0.72,16,9,7,344.5972373176903,0.8278198653198654,0.2187231606069273,0.1895556141654639,128881.41605259638,-117.56401733666576,128763.85203525971,2280,2,641.4666666666667,42,3,18,37.4005948404746,0.5989583333333331,46.148255813953504,1015.4069767441891,24.17635658914736,0
2320,4,0,1,44,0.0,0.022222222222222223,0.9777777777777777,45,1400,1200,200,0.8571428571428571,16,12,4,344.59522408359743,0.8278198653198654,0.20870578761099434,0.19038069124028492,129053.65982362862,-105.74503485365051,128947.91478877497,2281,3,642.4666666666667,42,3,18,37.22522887659736,0.6006944444444443,45.97868217054265,1016.0852713178314,24.192506459948365,0
2321,4,1,0,45,0.022222222222222223,0.0,1.0,45,1250,900,350,0.72,16,9,7,344.31808170280107,0.8356902356902357,0.2104282662744683,0.19133472386041803,129282.865405161,-96.77633677906181,129186.08906838195,2282,0,640.2222222222222,38,7,20,36.99902825927094,0.609375,45.753205128205124,1016.987179487179,26.7628205128205,0
2322,4,1,0,46,0.021739130434782608,0.0,1.0,46,700,500,200,0.7142857142857143,9,5,4,339.6888359134572,0.8376610305958132,0.21260042170443327,0.1901557091762961,129572.314453125,-397.146267361111,129175.16818576389,2283,0,627.2826086956521,39,7,17,36.82260759839029,0.6105769230769231,45.46875,1018.125,26.10576923076923,0
2323,4,0,0,46,0.0,0.0,1.0,46,1250,800,450,0.64,17,8,9,334.90774085186996,0.8377616747181965,0.21354975807783028,0.18848424144052348,129781.98346757675,-507.0018227198343,129274.98164485692,2284,1,628.2826086956521,41,5,18,36.73155405186124,0.6095020325203253,45.26289682539682,1018.9484126984119,24.852400309717364,0
2324,4,0,0,46,0.0,0.0,1.0,46,950,400,550,0.42105263157894735,15,4,11,338.4312430070867,0.8368357487922705,0.2118248175182491,0.19095996825358635,129883.08930342934,-408.70092828801467,129474.38837514132,2285,2,629.2826086956521,41,5,18,36.539233576642346,0.6105182926829269,45.16369047619046,1019.3452380952351,24.862078977932565,0
2325,4,0,1,45,0.0,0.021739130434782608,0.9782608695652174,46,450,200,250,0.4444444444444444,7,2,5,337.8120323317983,0.8353462157809984,0.2136542634412919,0.19110456138351967,129984.23450688133,-417.9523140274786,129566.28219285385,2286,3,630.2826086956521,41,5,18,36.452455653922236,0.6115345528455285,45.06448412698412,1019.7420634920625,24.871757646147866,0
2326,4,0,0,45,0.0,0.0,1.0,45,950,700,250,0.7368421052631579,12,7,5,341.59886926428817,0.8324494949494949,0.21166932482722056,0.1929571991249622,129925.63950029704,-123.5096916518323,129802.1298086452,2287,4,645.1111111111111,40,5,18,36.415345893141954,0.6125000000000002,45.12195121951218,1019.5121951219479,25.4878048780487,0
2327,4,1,0,46,0.021739130434782608,0.0,1.0,46,1200,600,600,0.5,18,6,12,332.4658789357926,0.8389492753623189,0.21143176172216527,0.1895546095226431,130288.52390276948,-536.2659255403544,129752.25797722912,2288,0,632.0652173913044,40,6,19,36.28060919769064,0.6161458333333334,44.766260162601625,1020.9349593495931,25.523373983739827,0
2328,4,0,0,46,0.0,0.0,1.0,46,1150,900,250,0.782608695652174,14,9,5,333.9603394558328,0.8383252818035427,0.22285582067217646,0.19129933290880277,130470.15587819758,-485.62849081233674,129984.52738738524,2289,1,633.0652173913044,40,6,19,36.05868065917306,0.61796875,44.588414634146346,1021.6463414634153,25.54115853658538,0
2329,4,0,0,46,0.0,0.0,1.0,46,1250,900,350,0.72,16,9,7,335.72176428700607,0.8391505636070854,0.22350212484490517,0.19282431658677457,130574.00238160169,-432.6931100865779,130141.30927151511,2290,2,634.0652173913044,40,6,15,35.908654005501965,0.6190104166666666,44.486788617886184,1022.0528455284564,25.55132113821141,0
2330,4,0,1,45,0.0,0.021739130434782608,0.9782608695652174,46,1450,1000,450,0.6896551724137931,19,10,9,336.6535549558941,0.8377012882447665,0.23050996862928064,0.1940096260003557,130703.86860499719,-399.61559752791186,130304.25300746928,2291,3,635.0652173913044,40,6,16,35.75353640760618,0.6203124999999999,44.35975609756098,1022.5609756097574,25.564024390243937,0
2331,4,0,0,45,0.0,0.0,1.0,45,950,500,450,0.5263157894736842,14,5,9,344.10827383444536,0.8310185185185186,0.23580334998131347,0.19754513016909,130555.17713758699,-14.976671006924164,130540.20046658006,2292,9,650.1111111111111,39,6,16,35.71342115992254,0.6204594017094017,44.50520833333334,1021.9791666666681,26.204594017094053,0
2332,4,1,0,46,0.021739130434782608,0.0,1.0,46,1150,800,350,0.6956521739130435,15,8,7,344.44973332580645,0.8347423510466989,0.24529721127425952,0.1908939330333353,129176.76150959988,-301.01978922539934,128875.74172037448,2293,0,636.9565217391304,42,4,18,37.10362850697423,0.6019345238095237,45.85755813953489,1016.5697674418612,24.204042081949076,4
2333,4,3,3,46,0.061224489795918366,0.061224489795918366,0.9387755102040817,49,1200,800,400,0.6666666666666666,16,8,8,324.49459891418564,0.8505172902494331,0.23277316911802082,0.18244858968674785,129744.38707325346,-1379.7176942348365,128364.66937901863,2294,0,598.8979591836735,40,9,14,37.03491271820449,0.6106770833333333,45.299796747967484,1018.800813008131,25.470020325203272,0
2334,4,0,0,46,0.0,0.0,1.0,46,1100,700,400,0.6363636363636364,15,7,8,344.8865841731637,0.8355475040257649,0.252935883858028,0.19206829099391423,129368.65790435507,-276.49709526009354,129092.16080909497,2295,2,638.9565217391304,37,9,18,36.897319824674874,0.6120495495495495,45.6688596491228,1017.3245614035078,27.49525841631102,0
2335,4,3,2,47,0.061224489795918366,0.04081632653061224,0.9591836734693877,49,1300,1000,300,0.7692307692307693,16,10,6,333.36336525182094,0.8470804988662132,0.2676706763576353,0.1896926051831156,130211.9551524312,-1118.4208868732817,129093.53426555792,2296,0,600.7755102040817,41,8,17,36.3352125453603,0.6138211382113822,44.841269841269835,1020.6349206349195,24.893534649632183,0
2336,4,1,0,48,0.020833333333333332,0.0,1.0,48,1250,800,450,0.64,17,8,9,342.0241566014159,0.8395020685579196,0.2795068027210883,0.194874228761272,130262.58680555565,-689.3801965230448,129573.20660903261,2297,0,614.2708333333334,37,11,19,36.06292517006803,0.6210585585585585,44.79166666666667,1020.8333333333342,27.59009009009011,0
2337,4,1,1,48,0.02040816326530612,0.02040816326530612,0.9795918367346939,49,1100,800,300,0.7272727272727273,14,8,6,336.35779719745807,0.841234410430839,0.27889022610298864,0.19286126932832656,130508.09500328728,-1020.5169296515439,129487.57807363574,2298,0,602.7142857142857,38,11,14,35.959065244667514,0.6217105263157894,44.55128205128205,1021.7948717948715,26.889338731443985,0
2338,4,2,2,48,0.04,0.04,0.96,50,1450,1200,250,0.8275862068965517,17,12,5,327.22238386404916,0.8475340136054421,0.28076105315449573,0.1889554385307891,130781.8193225758,-1441.0522630378794,129340.76705953792,2299,0,591.62,40,10,15,35.91592151018382,0.62109375,44.28353658536585,1022.8658536585363,25.571646341463406,0
2339,4,1,1,48,0.02040816326530612,0.02040816326530612,0.9795918367346939,49,1250,900,350,0.72,16,9,7,343.61805230476836,0.8436791383219955,0.3052682760161374,0.19691469934660719,130486.54994806105,-830.2158806722812,129656.33406738876,2300,0,604.6326530612245,37,12,20,35.795413894254864,0.6233108108108107,44.57236842105264,1021.7105263157903,27.61379800853487,1
2340,4,0,1,47,0.0,0.020833333333333332,0.9791666666666666,48,1600,1200,400,0.75,20,12,8,350.50650463545895,0.8375073877068557,0.30885679290490997,0.20129828279156578,130570.58572108728,-446.83207813942636,130123.75364294785,2301,2,618.2291666666666,37,11,19,35.53434449093444,0.6241554054054053,44.49013157894737,1022.0394736842107,27.62268847795164,0
2341,4,0,1,46,0.0,0.02127659574468085,0.9787234042553191,47,950,300,650,0.3157894736842105,16,3,13,350.35622684525504,0.8365325316065371,0.31103848462615913,0.20173941581883836,130671.89554569375,-243.65754437868156,130428.23800131507,2302,3,628.2553191489362,38,9,19,35.43560606060608,0.6233552631578946,44.39102564102565,1022.4358974358985,26.906207827260488,0
2342,4,0,0,46,0.0,0.0,1.0,46,1000,700,300,0.7,13,7,6,355.4554406342314,0.8326690821256039,0.306443641450052,0.20473267349686275,130682.67549871115,90.37360053092823,130773.04909924208,2303,4,641.804347826087,37,9,19,35.29434763181412,0.6252815315315314,44.38048245614035,1022.4780701754387,27.63454243717402,0
2343,4,1,0,47,0.02127659574468085,0.0,1.0,47,1100,800,300,0.7272727272727273,14,8,6,347.57876800796294,0.8354918285538081,0.31315649832038583,0.2019919547495637,131027.14913662423,-291.54898549931545,130735.6001511249,2304,0,629.1276595744681,38,9,20,35.1473094716338,0.6269188596491229,44.043803418803414,1023.8247863247857,26.942757534862782,0
2344,4,0,0,47,0.0,0.0,1.0,47,750,400,350,0.5333333333333333,11,4,7,348.89708819378444,0.8356845513413506,0.31522115410220275,0.20348085654513381,131163.91354372093,-247.45849769891169,130916.45504602202,2305,1,630.1276595744681,38,9,20,34.975359824780966,0.6282894736842106,43.910256410256395,1024.358974358972,26.95681511470979,0
2345,4,0,0,47,0.0,0.0,1.0,47,1350,900,450,0.6666666666666666,18,9,9,347.97348210955766,0.8359158186864014,0.3120315931932647,0.20323177182890706,131218.6392815397,-267.8786343049428,130950.76064723477,2306,2,631.1276595744681,38,9,21,34.94373479318733,0.6288377192982457,43.856837606837594,1024.5726495726478,26.962438146648626,0
2346,4,0,0,47,0.0,0.0,1.0,47,1350,800,550,0.5925925925925926,19,8,11,348.2673482358052,0.8363783533765031,0.31091276117823563,0.2041348864361466,131356.22409058534,-250.53757524380666,131105.68651534154,2307,3,632.1276595744681,37,10,21,34.79728224052483,0.6320382882882885,43.72258771929823,1025.1096491228052,27.70566619250825,0
2347,4,0,0,47,0.0,0.0,1.0,47,950,500,450,0.5263157894736842,14,5,9,348.6635430105209,0.8351834720937403,0.31578181023970386,0.204817930542361,131440.53939673724,-234.29516774394006,131206.2442289933,2308,4,633.1276595744681,37,10,21,34.70202452238381,0.632882882882883,43.64035087719297,1025.4385964912265,27.71455666192504,0
2348,4,2,1,48,0.04081632653061224,0.02040816326530612,0.9795918367346939,49,1300,1100,200,0.8461538461538461,15,11,4,332.8015438852141,0.8399234693877551,0.31138279688269477,0.19795469395633197,131916.02105034734,-1019.6289062499931,130896.39214409734,2309,0,608.2448979591836,39,10,20,34.62997701615627,0.6340811965811965,43.177083333333336,1027.2916666666674,26.340811965811984,0
2349,4,0,0,48,0.0,0.0,1.0,48,1250,1000,250,0.8,15,10,5,341.48785950244473,0.8346077127659575,0.32051348727550133,0.202908793649969,131876.23844875421,-593.1731225802026,131283.06532617402,2310,1,621.9166666666666,38,10,22,34.44694369322515,0.6354166666666667,43.21581196581195,1027.1367521367501,27.02991452991448,0
2350,4,1,0,49,0.02040816326530612,0.0,1.0,49,1150,800,350,0.6956521739130435,15,8,7,332.64685872194906,0.8398880385487528,0.3218999106936129,0.19926515711790518,132183.68055555542,-1005.9027777777958,131177.7777777776,2311,0,610.204081632653,39,10,23,34.364870340356546,0.6367521367521368,42.91666666666666,1028.3333333333321,26.367521367521338,0
2351,4,0,0,49,0.0,0.0,1.0,49,1100,800,300,0.7272727272727273,14,8,6,333.7904045061434,0.8396045918367347,0.323968745222325,0.2008027780579588,132344.40646701382,-964.9414062500032,131379.46506076382,2312,1,611.204081632653,39,10,23,34.17400620908416,0.6383547008547009,42.760416666666664,1028.9583333333328,26.383547008546994,0
2352,4,0,0,49,0.0,0.0,1.0,49,900,500,400,0.5555555555555556,13,5,8,332.7667357756083,0.8401006235827665,0.3217032108248117,0.20062585521036028,132426.97934420916,-986.5087189173812,131440.47062529178,2313,2,612.204081632653,36,13,24,34.11743253099928,0.6446759259259258,42.68018018018019,1029.27927927928,28.591091091091112,0
2353,4,0,0,49,0.0,0.0,1.0,49,1000,600,400,0.6,14,6,8,332.6351250906624,0.8396754535147393,0.3237449414852893,0.20101010896919536,132513.92598257045,-984.2427309065827,131529.68325166387,2314,3,613.204081632653,36,13,24,34.03355025702722,0.6455439814814815,42.59572072072072,1029.6171171171172,28.600475475475477,0
2354,4,0,0,49,0.0,0.0,1.0,49,1600,1200,400,0.75,20,12,8,332.01624971393016,0.8401006235827665,0.3212567930539072,0.2014114490970185,132658.9004545088,-991.0178759840574,131667.88257852476,2315,4,614.204081632653,36,13,18,33.90404095612885,0.6469907407407407,42.45495495495497,1030.1801801801823,28.616116116116174,0
2355,4,0,0,49,0.0,0.0,1.0,49,1700,1200,500,0.7058823529411765,22,12,10,330.91047279791695,0.8391439909297053,0.31560196724527634,0.2016747315573993,132832.9744440389,-1008.8355247138697,131824.13891932502,2316,5,615.204081632653,36,13,21,33.758011069841956,0.6487268518518517,42.28603603603605,1030.8558558558582,28.63488488488495,0
2356,4,0,0,49,0.0,0.0,1.0,49,1150,600,550,0.5217391304347826,17,6,11,331.40817144229885,0.8384353741496599,0.32008147220451844,0.2026058767736033,132949.0871783948,-987.917224657062,131961.16995373776,2317,6,616.204081632653,36,13,21,33.62883999417631,0.6498842592592592,42.173423423423436,1031.306306306308,28.647397397397445,0
2357,4,0,0,49,0.0,0.0,1.0,49,1100,700,400,0.6363636363636364,15,7,8,332.09177933296456,0.8385416666666667,0.3206710631850993,0.2033396188963877,133007.16256797363,-965.8829437545339,132041.2796242191,2318,7,617.204081632653,36,13,21,33.553038573508005,0.6504629629629628,42.11711711711713,1031.5315315315336,28.65365365365371,0
2358,4,0,0,49,0.0,0.0,1.0,49,1350,1000,350,0.7407407407407407,17,10,7,332.90878065141976,0.8390376984126985,0.32238391637207453,0.20421588174249442,133075.95245652532,-939.5693867343551,132136.38306979096,2319,8,618.204081632653,37,12,21,33.46307120085016,0.6492117117117115,42.05043859649124,1031.798245614037,27.886439070649647,0
2359,4,0,0,49,0.0,0.0,1.0,49,1300,900,400,0.6923076923076923,17,9,8,335.77863988469784,0.8389668367346939,0.3297492856192461,0.2067959845255473,133223.9403558515,-853.2493014464123,132370.6910544051,2320,9,619.204081632653,38,11,23,33.240841353616894,0.6488486842105262,41.907051282051285,1032.3717948717954,27.16767881241567,0
2360,4,0,0,49,0.0,0.0,1.0,49,950,500,450,0.5263157894736842,14,5,9,334.29655227784934,0.8382227891156463,0.32379882748589206,0.20649487353801724,133334.25931633066,-885.3633620059895,132448.89595432466,2321,10,620.204081632653,38,11,23,33.16868383848833,0.6499451754385964,41.800213675213676,1032.7991452991455,27.1789248762933,0
2361,4,1,0,50,0.02,0.0,1.0,50,1450,1100,350,0.7586206896551724,18,11,7,324.73789358650356,0.8405442176870748,0.3083099173553716,0.20254270682457198,133693.11125721398,-1316.8847934472728,132376.2264637667,2322,0,608.78,38,12,25,33.056990358126725,0.6535087719298245,41.45299145299146,1034.1880341880355,27.215474583895674,0
2362,4,0,1,49,0.0,0.02,0.98,50,1300,800,500,0.6153846153846154,18,8,10,324.0768062360044,0.8398809523809524,0.3076497232008051,0.20313584037569138,133876.17323133702,-1322.767469618033,132553.40576171898,2323,1,609.78,39,11,17,32.891398255326294,0.6535790598290598,41.27604166666668,1034.895833333335,26.535790598290642,0
2363,4,0,0,49,0.0,0.0,1.0,49,1950,1500,450,0.7692307692307693,24,15,9,299.8403456104428,0.8377267573696145,0.20952968826080043,0.18366515071166722,133022.02109999402,-1821.2308229086896,131200.79027708533,2324,13,623.204081632653,42,7,16,34.36991201703297,0.6403769841269842,42.10271317829457,1031.5891472868218,24.56164636397195,5
2364,4,0,0,49,0.0,0.0,1.0,49,1350,1100,250,0.8148148148148148,16,11,5,300.3761307327845,0.8380102040816326,0.20659552901998235,0.1846108579593126,133147.000677919,-1801.1638235382538,131345.83685438073,2325,14,624.204081632653,42,7,18,34.23133195631082,0.6416170634920635,41.98158914728682,1032.0736434108526,24.57318198597268,0
2365,4,0,0,49,0.0,0.0,1.0,49,1350,900,450,0.6666666666666666,18,9,9,302.36051595835113,0.8375850340136055,0.201775583204024,0.1863559471731997,133252.142563777,-1741.9626843721237,131510.17987940487,2326,15,625.204081632653,43,6,18,34.075197193433006,0.6412306201550388,41.87973484848485,1032.4810606060607,24.0111874559549,0
2366,4,0,1,48,0.0,0.02040816326530612,0.9795918367346939,49,1350,900,450,0.6666666666666666,18,9,9,305.2123072822033,0.8373015873015873,0.20754007242511863,0.1883610758863851,133301.03346138936,-1662.9768028294366,131638.05665855992,2327,16,626.204081632653,43,6,18,33.952793061286876,0.6417151162790697,41.83238636363636,1032.6704545454538,24.015591966173346,0
2367,4,0,1,47,0.0,0.020833333333333332,0.9791666666666666,48,1500,1000,500,0.6666666666666666,20,10,10,312.57674136711836,0.8320035460992907,0.20822585436012897,0.19340572488188326,133397.13588613967,-1260.6315914007514,132136.50429473893,2328,19,639.9166666666666,42,6,19,33.66671356658225,0.6440972222222222,41.73934108527132,1033.042635658915,24.596253229974167,0
2368,4,0,1,46,0.0,0.02127659574468085,0.9787234042553191,47,1300,800,500,0.6153846153846154,18,8,10,311.62213034983876,0.8305195806352142,0.2107925439289262,0.19307831142800064,133447.75995932342,-1082.9449502123405,132364.81500911107,2329,20,649.8936170212766,43,4,19,33.64084028350595,0.6431686046511628,41.690340909090914,1033.238636363637,24.028805496828767,0
2369,4,0,0,46,0.0,0.0,1.0,46,1150,900,250,0.782608695652174,14,9,5,330.7614899253468,0.8275764895330113,0.23482913298045105,0.2030064014374526,133095.751953125,-390.865867481633,132704.88608564337,2330,21,663.2826086956521,39,7,21,33.49863718958206,0.6458333333333334,42.03125,1031.875,26.458333333333332,4
2370,4,0,0,46,0.0,0.0,1.0,46,1250,900,350,0.72,16,9,7,325.10423756820137,0.8277979066022545,0.20045048932461085,0.18913107954602765,131067.83743142316,-669.9479721788381,130397.88945924432,2331,22,664.2826086956521,40,6,18,35.68152871509859,0.6239583333333333,44.00406504065041,1023.9837398373988,25.599593495934972,8
2371,4,0,0,46,0.0,0.0,1.0,46,1300,1200,100,0.9230769230769231,14,12,2,324.7337317039359,0.8270330112721417,0.19035646826457886,0.18968513806715412,131223.97898902764,-677.4295227708374,130546.54946625681,2332,23,665.2826086956521,40,6,19,35.53362428089666,0.6255208333333333,43.85162601626016,1024.593495934959,25.614837398373975,0
2372,4,1,2,45,0.02127659574468085,0.0425531914893617,0.9574468085106383,47,1450,1100,350,0.7586206896551724,18,11,7,320.357656476332,0.8293632439099599,0.19414866613523762,0.18882121835041257,131568.46923828125,-970.1240829517192,130598.34515532953,2333,0,652.1063829787234,39,8,15,35.29895167022031,0.6306089743589745,43.515625,1025.9375,26.306089743589745,0
2373,4,0,0,45,0.0,0.0,1.0,45,1000,700,300,0.7,13,7,6,326.03965321998754,0.8233585858585859,0.17637488827795345,0.18846588783245993,130821.45317925328,-469.4037543402969,130352.04942491298,2334,30,681.5555555555555,39,6,14,35.9061577232461,0.623130341880342,44.24479166666666,1023.0208333333318,26.23130341880338,7
2374,4,0,0,45,0.0,0.0,1.0,45,1150,900,250,0.782608695652174,14,9,5,329.47223146451745,0.8219276094276095,0.18261705279106355,0.1912417967278093,130981.34901258675,-369.0565321180603,130612.29248046869,2335,31,682.5555555555555,39,6,15,35.65696974322445,0.6247329059829061,44.088541666666664,1023.6458333333329,26.24732905982905,0
2375,4,0,0,45,0.0,0.0,1.0,45,1150,600,550,0.5217391304347826,17,6,11,329.9431845078345,0.8200336700336701,0.18270449845757497,0.19231365342415732,131141.34250217007,-346.1615668402819,130795.18093532979,2336,32,683.5555555555555,39,6,15,35.48351215295435,0.6263354700854702,43.932291666666664,1024.2708333333328,26.263354700854688,0
2376,4,1,0,46,0.021739130434782608,0.0,1.0,46,1200,800,400,0.6666666666666666,16,8,8,302.59462172668634,0.8236714975845411,0.16634697357203754,0.1714702856451223,130049.99999999999,-1285.6282552083346,128764.37174479166,2337,0,669.6739130434783,39,7,15,37.28383714596949,0.6153846153846154,45.0,1019.9999999999999,26.15384615384615,6
2377,4,2,3,45,0.041666666666666664,0.0625,0.9375,48,1350,900,450,0.6666666666666666,18,9,9,291.13006262671183,0.8370456560283688,0.1724535885960552,0.16698874955570925,130522.0739659757,-2000.0464753123392,128522.02749066336,2338,0,642.7291666666666,40,8,11,37.10032322227745,0.6184895833333335,44.53760162601625,1021.849593495933,25.546239837398325,0
2378,4,2,1,46,0.0425531914893617,0.02127659574468085,0.9787234042553191,47,900,700,200,0.7777777777777778,11,7,4,297.25751075081905,0.8335260561208757,0.17351112654203793,0.169948098712057,130395.54172091992,-1647.789171006967,128747.75254991296,2339,0,655.5106382978723,39,8,16,37.07132840387557,0.6188568376068377,44.66145833333332,1021.3541666666649,26.188568376068332,0
2379,4,1,0,47,0.02127659574468085,0.0,1.0,47,1400,900,500,0.6428571428571429,19,9,10,299.8927201428372,0.8324853530681467,0.18301645786210496,0.1721619354781377,130555.1771375867,-1569.4905598958417,128985.68657769085,2340,0,656.4893617021277,39,8,13,36.84310552780892,0.6204594017094018,44.50520833333333,1021.9791666666657,26.204594017093992,0
2380,4,1,2,46,0.020833333333333332,0.041666666666666664,0.9583333333333334,48,1550,1300,250,0.8387096774193549,18,13,5,293.14964818832624,0.8382276891252954,0.1925180368016952,0.17008083275073846,130963.79469892247,-1921.6019317205455,129042.19276720192,2341,0,643.7916666666666,40,8,14,36.60415839290443,0.6229166666666668,44.105691056910565,1023.5772357723567,25.58943089430892,0
2381,4,0,0,46,0.0,0.0,1.0,46,850,600,250,0.7058823529411765,11,6,5,306.9135864128013,0.8248188405797102,0.20161612674648866,0.1769745089845381,130726.51855504418,-1175.6510702023565,129550.86748484183,2342,2,672.7391304347826,38,8,15,36.49098063797186,0.6239035087719298,44.337606837606835,1022.6495726495725,26.911830859199277,0
2382,4,0,0,46,0.0,0.0,1.0,46,1450,1200,250,0.8275862068965517,17,12,5,313.8746608224341,0.8238727858293076,0.20922494484643228,0.1817588573976589,130890.45606874146,-983.3604993059985,129907.09556943546,2343,3,673.7391304347826,38,8,15,36.147725690819236,0.625548245614035,44.17735042735043,1023.2905982905994,26.928699955015773,0
2383,4,0,0,46,0.0,0.0,1.0,46,650,400,250,0.6153846153846154,9,4,5,316.4528135773467,0.823792270531401,0.21146410093491874,0.1835119826919481,130945.12473518885,-912.4093706625708,130032.71536452627,2344,4,674.7391304347826,38,8,15,36.02666144745999,0.6260964912280702,44.123931623931625,1023.5042735042737,26.93432298695457,0
2384,4,0,0,46,0.0,0.0,1.0,46,1700,1200,500,0.7058823529411765,22,12,10,320.1083644919103,0.822584541062802,0.21899657180170817,0.18669093666353012,131163.9135437212,-802.6668310322177,130361.24671268898,2345,5,675.7391304347826,38,8,16,35.71260951188985,0.6282894736842106,43.91025641025641,1024.3589743589741,26.956815114709844,0
2385,4,0,0,46,0.0,0.0,1.0,46,1200,1100,100,0.9166666666666666,13,11,2,315.9495009584243,0.822524154589372,0.21067515022976302,0.1850561362756486,131328.12500000012,-901.3888888888737,130426.73611111124,2346,6,676.7391304347826,38,8,17,35.653794037940386,0.6299342105263157,43.75000000000001,1025.000000000001,26.97368421052634,0
2386,4,0,0,46,0.0,0.0,1.0,46,1200,800,400,0.6666666666666666,16,8,8,316.2337480228123,0.8226650563607085,0.20289628552400862,0.18562050640825256,131410.26925131492,-888.7276051939488,130521.54164612097,2347,7,677.7391304347826,38,8,17,35.56384807752422,0.6307565789473684,43.669871794871796,1025.320512820513,26.982118758434552,0
2387,4,0,0,46,0.0,0.0,1.0,46,1650,1400,250,0.8484848484848485,19,14,5,317.09960937499994,0.8222020933977456,0.20483695652173872,0.18652918198529414,131492.43918474694,-860.7597797501599,130631.67940499677,2348,8,678.7391304347826,38,8,17,35.45898437499999,0.631578947368421,43.58974358974359,1025.641025641026,26.990553306342793,0
2388,4,0,0,46,0.0,0.0,1.0,46,1400,700,700,0.5,21,7,14,318.5459948327221,0.8215982286634461,0.21030792007932253,0.18778374391520136,131574.63480029584,-817.4854125575366,130757.1493877383,2349,9,679.7391304347826,38,8,14,35.33921691138184,0.6324013157894737,43.50961538461538,1025.961538461538,26.998987854251002,0
2389,4,1,0,47,0.02127659574468085,0.0,1.0,47,1500,1100,400,0.7333333333333333,19,11,8,310.0992849569853,0.827358926919519,0.21708945145130398,0.18445109458659775,131916.02105034734,-1218.5872395833285,130697.433810764,2350,0,666.2553191489362,39,8,15,35.21302305144323,0.6340811965811965,43.177083333333336,1027.2916666666674,26.340811965811984,0
2390,4,0,0,47,0.0,0.0,1.0,47,1100,700,400,0.6363636363636364,15,7,8,311.47191954595826,0.8275901942645698,0.2155522296647423,0.1857909285514161,132023.0523003471,-1175.7052951388928,130847.34700520821,2351,1,667.2553191489362,39,8,16,35.07035948374893,0.6351495726495726,43.072916666666664,1027.7083333333326,26.351495726495706,0
2391,4,0,0,47,0.0,0.0,1.0,47,1150,900,250,0.782608695652174,14,9,5,312.94573785951223,0.8259713228492136,0.22928376840580666,0.1874636119022517,132183.6805555557,-1126.7361111111009,131056.94444444461,2352,2,668.2553191489362,39,8,16,34.87135332252836,0.6367521367521367,42.91666666666667,1028.3333333333346,26.3675213675214,0
2392,4,0,0,47,0.0,0.0,1.0,47,800,300,500,0.375,13,3,10,312.16540892457834,0.8257400555041627,0.22661707730166047,0.18726131517140285,132237.2450086807,-1144.0212673610908,131093.2237413196,2353,3,669.2553191489362,39,8,16,34.83770508405915,0.6372863247863247,42.86458333333334,1028.541666666668,26.372863247863286,0
2393,4,0,0,47,0.0,0.0,1.0,47,1200,900,300,0.75,15,9,6,316.08092918665403,0.8249306197964846,0.23076426014396878,0.19014905106612484,132344.40646701402,-1033.6914062499905,131310.71506076402,2354,4,670.2553191489362,39,8,16,34.629564014307874,0.6383547008547008,42.76041666666667,1028.9583333333344,26.383547008547037,0
2394,4,1,1,47,0.020833333333333332,0.020833333333333332,0.9791666666666666,48,1050,800,250,0.7619047619047619,13,8,5,312.0853188419094,0.8277002068557919,0.2336766156882093,0.18906065191050525,132607.2663118019,-1323.0438024654593,131284.22250933645,2355,0,657.2708333333334,40,8,16,34.46904292057228,0.6393229166666667,42.50508130081301,1029.9796747967484,25.74949186991871,0
2395,4,0,0,47,0.0,0.0,1.0,47,1300,700,600,0.5384615384615384,19,7,12,317.60030436002904,0.8240826395312981,0.2349573284258335,0.19201706474610947,132532.04345703137,-981.5565321180404,131550.48692491333,2356,6,672.2553191489362,39,8,16,34.402398415107065,0.6402243589743589,42.57812500000001,1029.687500000001,26.402243589743613,0
2396,4,1,0,48,0.020833333333333332,0.0,1.0,48,1250,800,450,0.64,17,8,9,310.2728937329689,0.8279218380614657,0.24148679282475838,0.18941208061460346,132895.27253123172,-1353.239845660622,131542.0326855711,2357,0,659.2291666666666,40,8,15,34.22756915697484,0.6421874999999999,42.225609756097576,1031.0975609756122,25.777439024390304,0
2397,4,0,0,48,0.0,0.0,1.0,48,900,400,500,0.4444444444444444,14,4,10,310.1348757350611,0.827589391252955,0.2440833990277229,0.18959329632285565,132947.67086390394,-1353.6581234714547,131594.0127404325,2358,1,660.2291666666666,40,8,15,34.17873801077389,0.6427083333333332,42.17479674796749,1031.3008130081316,25.78252032520329,0
2398,4,0,0,48,0.0,0.0,1.0,48,1450,1000,450,0.6896551724137931,19,10,9,314.0019924103974,0.825816341607565,0.25566801287102736,0.1924968736081133,133052.49851279007,-1244.2500743604905,131808.24843842958,2359,2,661.2291666666666,40,8,15,33.974216903073284,0.64375,42.07317073170732,1031.7073170731712,25.79268292682928,0
2399,4,0,0,48,0.0,0.0,1.0,48,1100,900,200,0.8181818181818182,13,9,4,298.2509418429453,0.8256501182033097,0.1879956103086946,0.17640269273826492,131700.84547390504,-1710.8338042250466,129990.01166968,2360,3,662.2291666666666,42,6,15,35.73310991535292,0.6272321428571428,43.386627906976756,1026.4534883720949,24.439368770764162,6
2400,4,0,0,48,0.0,0.0,1.0,48,1050,800,250,0.7619047619047619,13,8,5,297.3986914181126,0.8242833924349882,0.18584685903216114,0.17637173731694517,131803.09070644737,-1760.386659807939,130042.70404663944,2361,4,663.2291666666666,44,4,16,35.65242711151186,0.6254734848484848,43.287037037037045,1026.8518518518533,23.337542087542122,0
2401,4,0,1,47,0.0,0.020833333333333332,0.9791666666666666,48,1150,900,250,0.782608695652174,14,9,5,297.5575355219563,0.823470744680851,0.18653100775193776,0.17690800102253945,131898.1867283952,-1750.540123456775,130147.64660493843,2362,5,664.2291666666666,44,4,17,35.55300162249865,0.6264204545454545,43.19444444444445,1027.2222222222233,23.34595959595962,0
2402,4,0,0,47,0.0,0.0,1.0,47,1200,1000,200,0.8333333333333334,14,10,4,306.6971006169453,0.820613629355535,0.20095085671248358,0.18240406510376253,131911.15702479365,-1308.6461202938215,130602.51090449982,2363,13,679.2553191489362,43,4,18,35.305279006882984,0.6279069767441859,43.181818181818194,1027.2727272727293,23.890063424947193,0
2403,4,0,0,47,0.0,0.0,1.0,47,1400,900,500,0.6428571428571429,19,9,10,307.26807888970006,0.8204979956830095,0.203392754456583,0.18336965998256324,132040.89506172866,-1285.6095679012142,130755.28549382745,2364,14,680.2553191489362,44,3,18,35.160472972972954,0.627840909090909,43.055555555555564,1027.7777777777799,23.358585858585908,0
2404,4,0,1,46,0.0,0.02127659574468085,0.9787234042553191,47,1350,1100,250,0.8148148148148148,16,11,5,312.4021228334743,0.8196500154178229,0.21456694799160747,0.1870202465803632,132159.87761488362,-1142.5947359396253,131017.282878944,2365,15,681.2553191489362,44,3,18,34.909200060033015,0.6290246212121211,42.939814814814824,1028.2407407407425,23.369107744107783,0
2405,4,0,0,46,0.0,0.0,1.0,46,1850,1500,350,0.8108108108108109,22,15,7,308.36202899562477,0.8187399355877617,0.2072191603728648,0.18517063134214873,132276.2077899019,-1042.208035611796,131233.9997542901,2366,16,689.6739130434783,43,3,18,34.89645662646906,0.6315406976744187,42.82670454545455,1028.6931818181822,23.923097251585634,0
2406,4,0,0,46,0.0,0.0,1.0,46,800,400,400,0.5,12,4,8,310.5987319999737,0.8182769726247987,0.2105397963757436,0.18663410533449762,132300.56244260797,-981.52261248852,131319.03983011947,2367,17,690.6739130434783,43,3,18,34.81452503681885,0.6317829457364341,42.803030303030305,1028.7878787878794,23.92529950669487,0
2407,4,0,0,46,0.0,0.0,1.0,46,1250,900,350,0.72,16,9,7,309.06158672935857,0.8176932367149758,0.20637578130366063,0.1863199851425563,132424.15229030346,-1014.4486641808737,131409.7036261226,2368,18,691.6739130434783,40,6,18,34.73024453659822,0.6375,42.6829268292683,1029.2682926829275,25.731707317073187,0
2408,4,1,2,45,0.02127659574468085,0.0425531914893617,0.9574468085106383,47,1250,900,350,0.72,16,9,7,302.9983798432153,0.8191874807277212,0.20267247806388689,0.1842826211833325,132755.59413580244,-1355.0540123456874,131400.54012345677,2369,0,677.936170212766,41,6,15,34.55469451931715,0.6392276422764227,42.36111111111111,1030.5555555555552,25.13550135501354,0
2409,4,0,1,44,0.0,0.022222222222222223,0.9777777777777777,45,950,600,350,0.631578947368421,13,6,7,316.8795840319608,0.8156986531986532,0.21486050718531247,0.19212889064942146,132639.32427300364,-593.861219618037,132045.4630533856,2370,20,707.3777777777777,39,6,16,34.31348383726027,0.6412927350427349,42.47395833333334,1030.104166666668,26.41292735042739,0
2410,4,0,0,44,0.0,0.0,1.0,44,1150,800,350,0.6956521739130435,15,8,7,322.5100255546419,0.8167723749119098,0.21300540418187452,0.19514589681865638,132562.98539201193,-249.42163872451573,132313.56375328742,2371,21,718.5,38,6,20,34.2449942940139,0.6422697368421052,42.54807692307693,1029.807692307693,27.100202429149817,0
2411,4,0,1,43,0.0,0.022727272727272728,0.9772727272727273,44,1500,1200,300,0.8,18,12,6,323.390985358308,0.815957540521494,0.2170449832208441,0.19639689312314365,132700.5487983052,-217.16775330557266,132483.3810449996,2372,22,719.5,38,6,16,34.08444801603762,0.643640350877193,42.414529914529915,1030.3418803418801,27.114260008996848,0
2412,4,0,0,43,0.0,0.0,1.0,43,550,400,150,0.7272727272727273,7,4,3,332.7066243751816,0.8154761904761905,0.21792237499443012,0.20164167931486804,132623.79410010765,224.962969375184,132848.75706948285,2373,23,732.8837209302326,37,6,21,33.921474700163216,0.6447072072072072,42.489035087719294,1030.0438596491222,27.83902323376006,0
2413,4,0,0,43,0.0,0.0,1.0,43,1400,900,500,0.6428571428571429,19,9,10,337.0568501337179,0.8154761904761905,0.16725486974291104,0.19255737845331045,130366.35068618212,221.9467158842046,130588.29740206632,2374,24,733.8837209302326,40,3,21,36.084643579792356,0.6169270833333333,44.6900406504065,1021.2398373983737,25.530995934959343,5
2414,4,2,1,44,0.044444444444444446,0.022222222222222223,0.9777777777777777,45,1050,600,450,0.5714285714285714,15,6,9,323.66949416712964,0.8241582491582492,0.17376186567321295,0.1871469068683767,130831.98594585682,-530.7354576046891,130301.25048825213,2375,0,702.2222222222222,42,3,15,35.95614699753742,0.6185515873015872,44.23449612403102,1023.0620155038775,24.35861941675899,0
2415,4,0,0,44,0.0,0.0,1.0,44,1400,900,500,0.6428571428571429,19,9,10,342.772982355205,0.8218375616631431,0.15955477401344398,0.19517960786089575,130238.42047068705,128.44236039372012,130366.86283108077,2376,1,719.1818181818181,43,1,20,36.06830024430219,0.6111918604651162,44.815340909090914,1020.7386363636369,23.73810782241016,2
2416,4,1,1,44,0.022222222222222223,0.022222222222222223,0.9777777777777777,45,1300,1100,200,0.8461538461538461,15,11,4,338.4143711810572,0.8252104377104378,0.16042034696743168,0.19440994203914164,130581.79253472247,-161.83774893822286,130419.95478578424,2377,0,704.1777777777778,39,6,15,35.83197445305069,0.6207264957264957,44.47916666666668,1022.0833333333353,26.207264957265007,0
2417,4,1,1,44,0.022222222222222223,0.022222222222222223,0.9777777777777777,45,1250,700,550,0.56,18,7,11,337.2965700538678,0.8247474747474748,0.16349710855074395,0.19516677398289345,130859.79327781103,-172.28811388721428,130687.50516392381,2378,0,705.1555555555556,40,5,17,35.57951761356111,0.621875,44.20731707317074,1023.1707317073186,25.579268292682965,0
2418,4,0,0,44,0.0,0.0,1.0,44,1300,900,400,0.6923076923076923,17,9,8,343.85479324671564,0.8202078928823116,0.16696525289559228,0.19848972456728411,130768.17626953135,193.0528428819587,130961.2291124133,2379,1,722.1136363636364,39,5,18,35.5044004820586,0.6225961538461537,44.29687500000001,1022.8125000000008,26.225961538461558,0
2419,4,1,1,44,0.022222222222222223,0.022222222222222223,0.9777777777777777,45,1150,900,250,0.782608695652174,14,9,5,335.38558009187375,0.8263468013468014,0.16665564155145418,0.19537664024080403,131119.87428944436,-204.85697997221044,130915.01730947214,2380,0,707.0444444444445,40,5,19,35.36581332274921,0.6244791666666666,43.95325203252034,1024.1869918699208,25.60467479674802,0
2420,4,0,0,44,0.0,0.0,1.0,44,900,500,400,0.5555555555555556,13,5,8,339.84656764177134,0.8187764270613108,0.1628364006288725,0.1976740686342377,131061.33355034747,108.14887152780125,131169.48242187526,2381,3,724.1136363636364,39,5,19,35.31069854187861,0.6255341880341879,44.01041666666668,1023.9583333333353,26.25534188034193,0
2421,4,0,0,44,0.0,0.0,1.0,44,950,800,150,0.8421052631578947,11,8,3,339.84656764177134,0.8187764270613108,0.1628364006288725,0.1976740686342377,131061.33355034747,108.14887152780125,131169.48242187526,2382,4,725.1136363636364,39,5,19,35.31069854187861,0.6255341880341879,44.01041666666668,1023.9583333333353,26.25534188034193,0
2422,4,2,1,45,0.043478260869565216,0.021739130434782608,0.9782608695652174,46,950,400,550,0.42105263157894735,15,4,11,329.7458255841135,0.8302536231884058,0.07635028639526364,0.19243680533314345,131188.8956167295,-526.2292052286971,130662.66641150082,2383,0,694.5434782608696,45,1,18,35.44061302681992,0.6180555555555556,43.885869565217384,1024.4565217391291,22.76570048309176,5
2423,4,0,1,44,0.0,0.022222222222222223,0.9777777777777777,45,1100,700,400,0.6363636363636364,15,7,8,330.6404581255838,0.8227693602693603,0.07400309367403857,0.1927052027284093,131138.37877229083,-328.0692729766846,130810.30949931414,2384,1,710.9777777777778,44,1,18,35.46864641716385,0.618844696969697,43.93518518518518,1024.2592592592594,23.27861952861953,0
2424,4,1,1,44,0.022222222222222223,0.022222222222222223,0.9777777777777777,45,1050,900,150,0.8571428571428571,12,9,3,332.2795265931315,0.8225589225589226,0.06563447597244809,0.19413966427030604,131233.23473936907,-278.77657750342416,130954.45816186565,2385,0,711.8222222222222,44,1,20,35.331006385926855,0.6197916666666666,43.842592592592595,1024.6296296296302,23.287037037037052,0
2425,4,0,0,44,0.0,0.0,1.0,44,650,300,350,0.46153846153846156,10,3,7,361.4827219135609,0.8159134954193094,0.019826436546642512,0.2103356473489561,131075.36844269387,738.3267990934494,131813.69524178733,2386,3,729.0,37,7,15,34.74263393653853,0.629222972972973,43.99671052631579,1024.0131578947364,27.676031294452336,6
2426,4,0,0,44,0.0,0.0,1.0,44,950,700,250,0.7368421052631579,12,7,5,362.143781195339,0.815054615926709,0.02277349455506883,0.21122905956553775,131168.01757812512,700.3363715277914,131868.3539496529,2387,4,730.0,39,5,15,34.63197410345061,0.6266025641025641,43.90625000000001,1024.375000000001,26.266025641025664,0
2427,4,2,1,45,0.043478260869565216,0.021739130434782608,0.9782608695652174,46,1200,900,300,0.75,15,9,6,345.2967597937113,0.8246175523349437,0.03505960948320341,0.20399266141318498,131656.85609796178,-107.56986819938453,131549.2862297624,2388,0,699.2173913043479,38,8,14,34.57019050593378,0.6332236842105263,43.429487179487175,1026.2820512820506,27.007422402159225,0
2428,4,0,0,45,0.0,0.0,1.0,45,850,600,250,0.7058823529411765,11,6,5,355.6315639832762,0.8186868686868687,0.03034210870055709,0.2096814457587595,131581.12502164117,358.88025642504266,131940.0052780662,2389,1,715.7555555555556,37,8,14,34.38145684158028,0.6342905405405406,43.503289473684205,1025.9868421052624,27.72937411095304,0
2429,4,0,0,45,0.0,0.0,1.0,45,1150,800,350,0.6956521739130435,15,8,7,351.8179118510835,0.8191498316498317,0.03500676493626753,0.20819970232299875,131721.78578985823,268.416724376716,131990.20251423496,2390,2,716.7555555555556,37,8,15,34.33739229509366,0.6356981981981983,43.36622807017543,1026.5350877192968,27.744191559980994,0
2430,4,1,1,45,0.021739130434782608,0.021739130434782608,0.9782608695652174,46,1500,1100,400,0.7333333333333333,19,11,8,344.31142889957704,0.8239935587761675,0.04057912268024855,0.20566980510781058,132076.58420138908,-104.90451388886899,131971.6796875002,2391,0,702.1521739130435,39,7,16,34.172746926091065,0.6356837606837606,43.02083333333334,1027.9166666666683,26.35683760683765,0
2431,4,0,1,44,0.0,0.022222222222222223,0.9777777777777777,45,1150,700,450,0.6086956521739131,16,7,9,344.1391792250368,0.8220117845117846,0.03028993336934982,0.20614939182703643,132183.6805555555,97.91666666666282,132281.59722222216,2392,1,695.6666666666666,39,6,17,34.06942193408968,0.6367521367521367,42.916666666666664,1028.333333333333,26.36752136752136,0
2432,4,0,0,44,0.0,0.0,1.0,44,1050,700,350,0.6666666666666666,14,7,7,350.93808484082234,0.8175872093023256,0.03731505451522055,0.20973454983468257,132095.8034279347,471.4896541018136,132567.2930820365,2393,2,712.2727272727273,38,6,17,33.983102958497874,0.6376096491228072,43.00213675213674,1027.9914529914518,27.05240665766978,0
2433,4,0,0,44,0.0,0.0,1.0,44,1250,1100,150,0.88,14,11,3,352.6763315987593,0.8171908033826639,0.03617209370856078,0.21126339475381972,132183.68055555547,523.611111111107,132707.29166666657,2394,3,713.2727272727273,39,5,17,33.84994597514857,0.6367521367521367,42.916666666666664,1028.3333333333328,26.367521367521356,0
2434,4,0,0,44,0.0,0.0,1.0,44,1250,800,450,0.64,17,8,9,359.0428044987482,0.8176752995066949,0.03570376778516082,0.21599420358335136,132344.40646701373,703.4613715277592,133047.86783854148,2395,4,714.2727272727273,39,5,18,33.52441452385773,0.638354700854701,42.76041666666666,1028.958333333332,26.383547008546973,0
2435,4,0,0,44,0.0,0.0,1.0,44,500,300,200,0.6,7,3,4,360.0729470381475,0.8173229386892178,0.03841711987779428,0.2167678637288152,132371.2036132811,732.6578776041533,133103.86149088526,2396,5,715.2727272727273,39,5,18,33.47093582346392,0.6386217948717949,42.73437499999999,1029.0624999999989,26.38621794871792,0
2436,4,0,0,44,0.0,0.0,1.0,44,1250,900,350,0.72,16,9,7,359.50642503581935,0.8175651867512334,0.04157854081989254,0.21750798763183024,132558.8595920138,731.1523437499911,133290.0119357638,2397,6,716.2727272727273,39,5,18,33.29666531795806,0.6404914529914532,42.55208333333333,1029.7916666666658,26.40491452991451,0
2437,4,0,0,44,0.0,0.0,1.0,44,1000,800,200,0.8,12,8,4,359.6454411420341,0.8172788935870332,0.032331963860626534,0.21837035348900308,132692.98095703128,744.4851345486122,133437.4660915799,2398,7,717.2727272727273,39,5,12,33.15819516058369,0.6418269230769231,42.421875,1030.3125000000002,26.418269230769237,0
2438,4,0,0,44,0.0,0.0,1.0,44,1300,900,400,0.6923076923076923,17,9,8,361.06643908347405,0.8160896758280479,0.03972563720896005,0.2197042649626011,132773.48632812503,788.0099826388889,133561.4963107639,2399,8,718.2727272727273,39,5,12,33.04064753048984,0.6426282051282051,42.34375,1030.6250000000002,26.426282051282058,0
2439,4,0,0,44,0.0,0.0,1.0,44,800,600,200,0.75,10,6,4,362.1887516999754,0.8158474277660325,0.03963033732637622,0.22070319500141375,132827.170138889,821.7013888888989,133648.8715277779,2400,9,719.2727272727273,39,5,12,32.95776071139854,0.6431623931623931,42.29166666666667,1030.8333333333342,26.431623931623953,0
2440,4,0,0,44,0.0,0.0,1.0,44,800,500,300,0.625,11,5,6,366.0444933412024,0.816023608174771,0.03372470143436934,0.2236155011398665,132921.47040658677,931.0344578293402,133852.5048644161,2401,10,720.2727272727273,40,4,13,32.763583653625055,0.6424479166666668,42.20020325203252,1031.1991869918704,25.77997967479676,0
2441,4,0,0,44,0.0,0.0,1.0,44,700,300,400,0.42857142857142855,11,3,8,364.5625980361333,0.8149665257223397,0.03289397074499045,0.2230226526503144,132973.87390318263,895.4601882146856,133869.33409139732,2402,11,721.2727272727273,40,4,13,32.74912142411404,0.64296875,42.14939024390244,1031.40243902439,25.785060975609753,0
2442,4,0,2,42,0.0,0.045454545454545456,0.9545454545454546,44,1500,1300,200,0.8666666666666667,17,13,4,362.8986857980587,0.8148123678646935,0.0357348841680285,0.22299084632942734,133139.2621429359,863.2126519589369,134002.47479489486,2403,12,722.2727272727273,41,3,14,32.625905187606136,0.6430386178861789,41.989087301587304,1032.043650793651,25.171796360820757,0
2443,4,0,1,41,0.0,0.023809523809523808,0.9761904761904762,42,800,600,200,0.75,10,6,4,374.8163304720468,0.8059668989547039,0.04408031387029765,0.22971416689326443,133042.01388888896,1573.263888888894,134615.27777777787,2404,13,754.3095238095239,39,3,14,32.41619547657512,0.6452991452991453,42.083333333333336,1031.6666666666672,26.452991452991466,0
2444,4,0,0,41,0.0,0.0,1.0,41,600,500,100,0.8333333333333334,7,5,2,380.5172179486784,0.7994410569105691,0.04672375326260236,0.2326239838415829,132948.34270445252,1917.826699357153,134866.16940380968,2405,55,773.390243902439,38,3,14,32.36342760454436,0.6461074561403508,42.1741452991453,1031.3034188034192,27.139563652721556,0
2445,4,1,1,41,0.023809523809523808,0.023809523809523808,0.9761904761904762,42,850,500,350,0.5882352941176471,12,5,7,372.23169229329926,0.8050232288037166,0.050990201308094285,0.22895368336029187,133176.37939453125,1514.4938151041672,134690.8732096354,2406,0,755.952380952381,39,3,15,32.34780250277526,0.6466346153846154,41.953125,1032.1875,26.466346153846153,0
2446,4,0,0,41,0.0,0.0,1.0,41,750,600,150,0.8,9,6,3,381.0608587131972,0.8000508130081301,0.05118466177413872,0.23381739348488303,133086.10586054498,1942.7811564029491,135028.88701694793,2407,57,775.390243902439,38,3,16,32.21077517774556,0.6474780701754386,42.04059829059829,1031.837606837607,27.153621232568604,0
2447,4,0,0,41,0.0,0.0,1.0,41,1250,1000,250,0.8,15,10,5,379.9798576997778,0.8003556910569106,0.0496842976917502,0.23367189084898493,133168.79799702315,1920.292182591863,135089.090179615,2408,58,776.390243902439,38,3,16,32.15548769968602,0.6483004385964912,41.960470085470085,1032.1581196581196,27.162055780476834,0
2448,4,0,0,41,0.0,0.0,1.0,41,1050,800,250,0.7619047619047619,13,8,5,380.2004368792355,0.8,0.0465150307274691,0.23502415752867317,133361.8461903718,1940.8464369201529,135302.69262729195,2409,59,777.390243902439,38,3,16,31.9557216246035,0.6502192982456141,41.77350427350427,1032.9059829059827,27.181736392262703,0
2449,4,0,0,41,0.0,0.0,1.0,41,850,700,150,0.8235294117647058,10,7,3,378.5401031972792,0.7988821138211382,0.045017666596891326,0.23452026508782117,133444.62393390675,1902.828343012638,135347.4522769194,2410,60,778.390243902439,38,3,16,31.915434460414296,0.6510416666666666,41.69337606837607,1033.2264957264956,27.190170940170937,0
2450,4,0,0,41,0.0,0.0,1.0,41,1200,900,300,0.75,15,9,6,373.9417296462523,0.7984247967479675,0.04264134395838681,0.2328834015132837,133637.8718770545,1794.5553911900045,135432.4272682445,2411,61,779.390243902439,38,3,17,31.84025625129159,0.6529605263157894,41.506410256410255,1033.9743589743587,27.209851551956806,0
2451,4,0,0,41,0.0,0.0,1.0,41,950,700,250,0.7368421052631579,12,7,5,374.50417520071767,0.7984247967479675,0.04384649694208487,0.2334079788646326,133665.49014034984,1811.6568275622694,135477.1469679121,2412,62,780.390243902439,38,3,17,31.79800771429554,0.653234649122807,41.47970085470085,1034.081196581196,27.21266306792621,0
2452,4,0,1,40,0.0,0.024390243902439025,0.975609756097561,41,1250,700,550,0.56,18,7,11,375.0440124091081,0.7988313008130081,0.04434223418966665,0.2344448787706513,133775.99172921665,1834.3769404265963,135610.36866964324,2413,63,781.390243902439,38,3,16,31.673207339323213,0.6543311403508772,41.372863247863236,1034.508547008545,27.22390913180382,0
2453,4,0,0,40,0.0,0.0,1.0,40,1200,900,300,0.75,15,9,6,379.2131079601419,0.7969818376068376,0.04739059022994585,0.23746742533642048,133840.71451071478,2150.8306642428365,135991.54517495763,2414,64,791.875,37,3,17,31.500454770230654,0.6568130630630631,41.310307017543856,1034.758771929824,27.966453295400648,0
2454,4,0,0,40,0.0,0.0,1.0,40,800,600,200,0.75,10,6,4,378.02651841663726,0.7949519230769231,0.05264475178036987,0.2373751741373167,133941.82971957405,2126.712711848923,136068.54243142297,2415,65,792.875,38,2,17,31.42975711287715,0.6559758771929824,41.212606837606835,1035.149572649572,27.240778227620318,0
2455,4,0,0,40,0.0,0.0,1.0,40,800,500,300,0.625,11,5,6,378.9508355922705,0.7941773504273504,0.05515684655866271,0.2383135981651326,133997.13187824163,2155.6650184454675,136152.7968966871,2416,66,793.875,38,2,17,31.350393836205413,0.6565241228070176,41.159188034188034,1035.3632478632478,27.246401259559153,0
2456,4,0,0,40,0.0,0.0,1.0,40,1300,1000,300,0.7692307692307693,16,10,6,381.5148339855932,0.792815170940171,0.052230071156027735,0.2410129866552635,134163.1068398896,2237.04308660237,136400.14992649198,2417,67,794.875,38,2,17,31.117656663572927,0.6581688596491229,40.99893162393162,1036.0042735042728,27.2632703553756,0
2457,4,0,1,39,0.0,0.025,0.975,40,800,700,100,0.875,9,7,2,382.9467401829403,0.7926549145299145,0.05494123105474813,0.2422831332703413,134218.45465565397,2279.7039365548776,136498.15859220884,2418,68,795.875,38,2,17,31.02510568099804,0.658717105263158,40.94551282051281,1036.2179487179471,27.2688933873144,0
2458,4,0,0,39,0.0,0.0,1.0,39,450,200,250,0.4444444444444444,7,2,5,382.67956212137324,0.7872244714349977,0.0683267248215702,0.2422971117870314,134246.13284388918,2474.6502666374363,136720.78311052662,2419,69,813.7948717948718,38,1,17,31.00429553264604,0.6589912280701755,40.918803418803414,1036.3247863247857,27.271704903283833,0
2459,4,0,0,39,0.0,0.0,1.0,39,1200,800,400,0.6666666666666666,16,8,8,379.53462151712915,0.7867183985605039,0.06323834895263492,0.24066960117380287,134301.4977810649,2394.413625903992,136695.9114069689,2420,70,814.7948717948718,38,1,17,31.030328798185934,0.6595394736842106,40.865384615384606,1036.53846153846,27.277327935222633,0
2460,4,0,0,39,0.0,0.0,1.0,39,850,500,350,0.5882352941176471,12,5,7,380.5718462813749,0.7853126405757985,0.06941703325010917,0.24187621271517618,134384.5665885929,2428.596523668622,136813.1631122615,2421,71,815.7948717948718,38,1,17,30.92027305512622,0.6603618421052633,40.7852564102564,1036.8589743589732,27.285762483130874,0
2461,4,0,0,39,0.0,0.0,1.0,39,800,600,200,0.75,10,6,4,381.8658083940429,0.7845254161043635,0.07401478710843112,0.24306697718563752,134439.96006145436,2467.604805866012,136907.56486732038,2422,72,816.7948717948718,38,1,17,30.831272964527326,0.6609100877192983,40.7318376068376,1037.0726495726487,27.291385515069702,0
2462,4,0,0,39,0.0,0.0,1.0,39,900,700,200,0.7777777777777778,11,7,4,381.85409507686256,0.7839068825910932,0.07311971094418568,0.24324406528911943,134467.66107823787,2469.405407626545,136937.0664858644,2423,73,817.7948717948718,38,1,18,30.80384734239801,0.6611842105263158,40.7051282051282,1037.1794871794862,27.294197031039108,0
2463,4,0,0,39,0.0,0.0,1.0,39,1650,1100,550,0.6666666666666666,22,11,11,355.5283618163977,0.785706252811516,0.06329618952893123,0.21206221110695717,132021.60564280493,1638.6438128316993,133660.24945563663,2424,74,818.7948717948718,36,3,18,33.939887866169926,0.640625,43.07432432432432,1027.7027027027025,28.54729729729729,8
2464,4,0,0,39,0.0,0.0,1.0,39,1050,800,250,0.7619047619047619,13,8,5,356.8301788839383,0.7844129554655871,0.06976152779714684,0.2135288185957043,132144.2189543897,1630.6090575946316,133774.82801198435,2425,75,819.7948717948718,37,2,18,33.78290409157157,0.6399211711711712,42.955043859649116,1028.1798245614027,27.788643907064937,0
2465,4,0,0,39,0.0,0.0,1.0,39,450,300,150,0.6666666666666666,6,3,3,357.1578499586182,0.7836257309941521,0.06796047487026358,0.21388418371085047,132172.40521121878,1641.2824138196256,133813.6876250384,2426,76,820.7948717948718,37,2,18,33.74609014004407,0.6402027027027027,42.92763157894736,1028.28947368421,27.79160739687054,0
2466,4,0,0,39,0.0,0.0,1.0,39,1150,900,250,0.782608695652174,14,9,5,353.5543936140572,0.7826698155645524,0.07889546351084853,0.2129949639577366,132398.00347222202,1562.1715335487606,133960.17500577078,2427,77,821.7948717948718,36,3,20,33.611673414305,0.6443865740740742,42.70833333333332,1029.166666666665,28.587962962962916,0
2467,4,0,0,39,0.0,0.0,1.0,39,850,500,350,0.5882352941176471,12,5,7,352.2833471566854,0.782276203328835,0.07819376772445352,0.2125559126309742,132455.9583865959,1532.405674255317,133988.36406085122,2428,78,822.7948717948718,36,3,20,33.58608649673631,0.6449652777777779,42.65202702702702,1029.3918918918907,28.594219219219188,0
2468,4,0,0,39,0.0,0.0,1.0,39,850,500,350,0.5882352941176471,12,5,7,352.45360148379166,0.782276203328835,0.0809563076025559,0.21282237944285476,132484.94059938306,1538.9588913237462,134023.8994907068,2429,79,823.7948717948718,36,3,20,33.5525596149639,0.6452546296296298,42.62387387387387,1029.5045045045038,28.597347347347327,0
2469,4,0,0,39,0.0,0.0,1.0,39,650,600,50,0.9230769230769231,7,6,1,352.90934195772445,0.7814889788574,0.07803619744571089,0.2135907301259688,132571.9062601452,1557.1728400697893,134129.07910021496,2430,80,824.7948717948718,36,3,21,33.45338983050846,0.6461226851851853,42.53941441441441,1029.8423423423417,28.606731731731713,0
2470,4,1,1,39,0.025,0.025,0.975,40,600,400,200,0.6666666666666666,8,4,4,352.5047627579205,0.786965811965812,0.05797814207650309,0.2141712204007286,132716.9124360848,1374.375431174426,134091.2878672592,2431,0,805.15,36,4,18,33.31807832422587,0.6475694444444444,42.39864864864865,1030.4054054054059,28.622372372372386,2
2471,4,0,0,39,0.0,0.0,1.0,39,850,600,250,0.7058823529411765,11,6,5,362.0030542524528,0.7808142150247414,0.05693894313113712,0.2194328652913972,132629.89921932062,1802.4857205178098,134432.38493983843,2432,82,826.7948717948718,36,3,18,33.16091796946176,0.646701388888889,42.483108108108105,1030.0675675675673,28.612987987987978,0
2472,4,0,0,39,0.0,0.0,1.0,39,950,600,350,0.631578947368421,13,6,7,358.22892683038833,0.7798020692757535,0.05386852630947114,0.2177642596605426,132736.76155163127,1710.0295283164057,134446.79107994767,2433,83,827.7948717948718,37,2,19,33.150670355394766,0.6458333333333333,42.37938596491228,1030.482456140351,27.850877192982455,0
2473,4,0,0,39,0.0,0.0,1.0,39,1200,900,300,0.75,15,9,6,360.2438196114089,0.778115159694107,0.04635234324728166,0.2199826545211488,132906.3029008927,1775.7348414897015,134682.0377423824,2434,84,828.7948717948718,37,2,19,32.92836381681554,0.6475225225225224,42.21491228070176,1031.140350877194,27.86865813181605,0
2474,4,0,1,38,0.0,0.02564102564102564,0.9743589743589743,39,1200,900,300,0.75,15,9,6,361.1902881901058,0.7769343229869546,0.04286586429443573,0.22122905151643998,133019.39058171763,1809.0624038165784,134828.4529855342,2435,85,829.7948717948718,37,2,20,32.79035572562358,0.6486486486486486,42.10526315789475,1031.5789473684224,27.880512091038444,0
2475,4,0,0,38,0.0,0.0,1.0,38,1150,900,250,0.782608695652174,14,9,5,368.6332767983992,0.776463963963964,0.061631400846839046,0.2258895952341229,133036.20501836305,2208.314437748571,135244.51945611162,2436,86,850.1315789473684,36,2,20,32.58150493032056,0.6507523148148149,42.08896396396397,1031.644144144145,28.656781781781806,0
2476,4,0,0,38,0.0,0.0,1.0,38,1250,900,350,0.72,16,9,7,370.03487961862646,0.7764046941678521,0.06138437071187841,0.22781126537702795,133210.52629910302,2258.508212604478,135469.0345117075,2437,87,851.1315789473684,36,2,20,32.37018653867131,0.652488425925926,41.920045045045036,1032.3198198198186,28.675550550550515,0
2477,4,0,0,38,0.0,0.0,1.0,38,800,500,300,0.625,11,5,6,372.4915074612146,0.7751600284495022,0.06363834660268308,0.22968222137941335,133268.65875588427,2328.288719462707,135596.94747534697,2438,88,852.1315789473684,36,2,21,32.24838222997783,0.6530671296296295,41.86373873873874,1032.545045045045,28.681806806806808,0
2478,4,0,0,38,0.0,0.0,1.0,38,1150,800,350,0.6956521739130435,15,8,7,371.00337175487647,0.7742117117117118,0.06589133940510372,0.22912268837467836,133326.80389426596,2292.9387580147772,135619.74265228075,2439,89,853.1315789473684,36,2,21,32.228401119470796,0.6536458333333334,41.807432432432435,1032.7702702702709,28.68806306306308,0
2479,4,0,0,38,0.0,0.0,1.0,38,800,500,300,0.625,11,5,6,361.16299145967986,0.7742117117117118,0.04395902523954631,0.2068777239204795,130469.4348663621,1835.3314497359697,132304.76631609807,2440,90,854.1315789473684,35,3,21,35.36462463653186,0.6270833333333334,44.58912037037036,1021.6435185185169,29.189814814814767,4
2480,4,1,1,38,0.02564102564102564,0.02564102564102564,0.9743589743589743,39,1000,600,400,0.6,14,6,8,353.0968652864862,0.785987404408457,0.03232507988122291,0.20404147100906098,130809.21292914524,1437.6646071747298,132246.87753631998,2441,0,833.2051282051282,36,3,18,35.22654300601792,0.6284722222222223,44.25675675675675,1022.972972972972,28.41591591591589,0
2481,4,0,0,38,0.0,0.0,1.0,38,750,600,150,0.8,9,6,3,364.1774943894898,0.7747155049786629,0.03799051726191882,0.21004388645075267,130735.62349965706,1922.1943587105595,132657.8178583676,2442,92,856.1315789473684,35,3,19,35.01773049645391,0.6297619047619047,44.3287037037037,1022.6851851851851,29.219576719576718,0
2482,4,1,0,39,0.02564102564102564,0.0,1.0,39,1300,800,500,0.6153846153846154,18,8,10,356.6063550676521,0.7866059379217274,0.04493875192060992,0.20777288913134506,131126.20380092927,1552.0875182614966,132678.29131919076,2443,0,835.1538461538462,36,3,20,34.816061938794206,0.6316550925925927,43.94707207207207,1024.2117117117114,28.450325325325316,0
2483,4,0,0,39,0.0,0.0,1.0,39,1000,800,200,0.8,12,8,4,360.5790626538009,0.7857624831309042,0.04367907434178453,0.2107199030884349,131241.5683208545,1664.5923372696882,132906.1606581242,2444,1,836.1538461538462,36,3,20,34.59766641022823,0.6328125000000002,43.83445945945945,1024.6621621621612,28.46283783783781,0
2484,4,0,0,39,0.0,0.0,1.0,39,950,700,250,0.7368421052631579,12,7,5,363.01286244326997,0.7846378767431399,0.047182729580832694,0.21278656007015495,131357.78523930465,1736.9416583868233,133094.72689769146,2445,2,837.1538461538462,35,4,20,34.41780983026607,0.6360119047619048,43.72106481481481,1025.1157407407402,29.289021164021147,0
2485,4,0,0,39,0.0,0.0,1.0,39,850,400,450,0.47058823529411764,13,4,9,363.46732758154417,0.7839068825910932,0.049545246655203545,0.21321811839187532,131387.4488275891,1751.0089806241367,133138.45780821325,2446,3,838.1538461538462,35,4,20,34.376175961466096,0.6363095238095239,43.692129629629626,1025.231481481481,29.29232804232803,0
2486,4,0,0,39,0.0,0.0,1.0,39,1100,700,400,0.6363636363636364,15,7,8,363.94528625719096,0.7821075123706703,0.050101690404070975,0.21432870910946733,131535.817003708,1774.3681144975965,133310.1851182056,2447,4,839.1538461538462,35,4,21,34.213984166384584,0.637797619047619,43.5474537037037,1025.8101851851852,29.308862433862434,0
2487,4,1,1,39,0.025,0.025,0.975,40,1050,800,250,0.7619047619047619,13,8,5,352.13109465214495,0.788568376068376,0.05214113389626074,0.2089188973411132,131819.15181651246,1283.5244450531648,133102.67626156562,2448,0,819.15,36,4,17,34.23118397485104,0.638599537037037,43.2713963963964,1026.9144144144145,28.525400400400404,0
2488,4,0,0,39,0.0,0.0,1.0,39,1300,1100,200,0.8461538461538461,15,11,4,358.89882287110805,0.7799707602339182,0.063764497841577,0.21317725262103193,131862.5217013891,1665.0607638889135,133527.582465278,2449,6,841.1538461538462,35,4,17,34.01369168356998,0.6410714285714285,43.22916666666668,1027.083333333335,29.345238095238145,0
2489,4,0,0,39,0.0,0.0,1.0,39,1200,700,500,0.5833333333333334,17,7,10,358.5463842220595,0.7818263607737292,0.05585585585585551,0.21397122929380996,132040.89506172857,1668.5570987654492,133709.45216049402,2450,7,842.1538461538462,35,4,17,33.8429054054054,0.6428571428571427,43.055555555555564,1027.7777777777792,29.365079365079406,0
2490,4,0,0,39,0.0,0.0,1.0,39,900,500,400,0.5555555555555556,13,5,8,362.9607090989224,0.7818263607737292,0.05592149870308982,0.21780093327225702,132249.14969403733,1800.2490301354746,134049.39872417282,2451,8,843.1538461538462,35,4,18,33.51958384906793,0.644940476190476,42.85300925925927,1028.587962962964,29.38822751322754,0
2491,4,0,0,39,0.0,0.0,1.0,39,1150,900,250,0.782608695652174,14,9,5,359.82317983014383,0.7822199730094467,0.056597736764111284,0.21627266914001297,132311.09487866264,1721.7197772096617,134032.8146558723,2452,9,844.1538461538462,36,3,18,33.53788127553998,0.6435185185185184,42.7927927927928,1028.8288288288304,28.57857857857862,0
2492,4,1,1,39,0.025,0.025,0.975,40,1150,800,350,0.6956521739130435,15,8,7,351.8728098035321,0.7911858974358974,0.04779163857046553,0.21299076609740328,132576.73852237652,1330.0869668936934,133906.8254892702,2453,0,824.025,35,5,19,33.475219150370876,0.6482142857142856,42.53472222222222,1029.8611111111109,29.424603174603167,0
2493,4,0,0,39,0.0,0.0,1.0,39,1200,900,300,0.75,15,9,6,357.27398297189603,0.7810391363022943,0.05151263604501022,0.2159177549264936,132517.14677640592,1668.985768175573,134186.1325445815,2454,11,846.1538461538462,35,4,19,33.3960956235012,0.6476190476190476,42.59259259259259,1029.6296296296289,29.417989417989396,0
2494,4,0,0,39,0.0,0.0,1.0,39,800,600,200,0.75,10,6,4,353.2977856860141,0.7812640575798471,0.05187014820042335,0.206636119530503,131273.37643363295,1475.7186427058316,132749.09507633877,2455,12,847.1538461538462,38,1,21,34.75205031971086,0.6293859649122806,43.80341880341881,1024.7863247863256,26.968061178587515,5
2495,4,0,0,39,0.0,0.0,1.0,39,1050,700,350,0.6666666666666666,14,7,7,349.8236271945188,0.7812640575798471,0.034475651880003344,0.20236852234048683,130850.90033712288,1354.9587297943885,132205.85906691727,2456,13,848.1538461538462,37,2,18,35.268080412960394,0.6269707207207207,44.21600877192982,1023.13596491228,27.652323376007566,1
2496,4,1,0,40,0.025,0.0,1.0,40,1150,800,350,0.6956521739130435,15,8,7,344.5469911082803,0.7912126068376069,0.032650985709815394,0.20080072971155538,131136.5549551649,1036.5410868215522,132173.09604198646,2457,0,827.925,38,2,19,35.1143910156114,0.6280153508771928,43.93696581196582,1024.252136752138,26.954003598740474,0
2497,4,0,0,40,0.0,0.0,1.0,40,950,700,250,0.7368421052631579,12,7,5,338.7023196649302,0.7900106837606837,0.033923671104787,0.19824462362779616,131301.43364800367,894.4200303819691,132195.85367838564,2458,1,828.925,39,1,19,35.09767676254363,0.6279380341880341,43.77604166666668,1024.895833333335,26.279380341880387,0
2498,4,0,0,40,0.0,0.0,1.0,40,850,400,450,0.47058823529411764,13,4,9,340.66767874317026,0.7901709401709401,0.03535404856134372,0.19968038423635756,131356.22409058572,949.7694152287418,132305.99350581446,2459,2,829.925,37,3,19,34.99204460370093,0.6320382882882882,43.722587719298254,1025.1096491228082,27.70566619250833,0
2499,4,0,0,40,0.0,0.0,1.0,40,900,600,300,0.6666666666666666,12,6,6,342.38958231648616,0.7889155982905983,0.0387724550898203,0.2011323727276244,131440.53939673756,1000.7742767005319,132441.3136734381,2460,3,830.925,37,3,19,34.86286355859707,0.6328828828828829,43.640350877192986,1025.438596491229,27.71455666192511,0
2500,4,0,0,40,0.0,0.0,1.0,40,1050,900,150,0.8571428571428571,12,9,3,344.74632746906417,0.7905448717948718,0.043381960029924116,0.2032634773867695,131581.12502164117,1072.4219230917106,132653.5469447329,2461,4,831.925,37,3,17,34.66065957749993,0.6342905405405406,43.503289473684205,1025.9868421052624,27.72937411095304,0
2501,4,0,0,40,0.0,0.0,1.0,40,1000,600,400,0.6,14,6,8,342.7477431726686,0.7911057692307693,0.04423397169025867,0.202778344606096,131711.68456424863,1028.7765267733198,132740.46109102195,2462,5,832.925,38,2,18,34.5803410352484,0.6337719298245614,43.376068376068375,1026.495726495726,27.013045434098057,0
2502,4,0,0,40,0.0,0.0,1.0,40,1000,600,400,0.6,14,6,8,343.96769101093633,0.7908653846153846,0.0440875039017794,0.20394037497261622,131793.94866544302,1066.5720423332596,132860.52070777628,2463,6,833.925,38,2,18,34.466149897686684,0.6345942982456141,43.29594017094017,1026.816239316239,27.02147998200629,0
2503,4,0,0,40,0.0,0.0,1.0,40,900,700,200,0.7777777777777778,11,7,4,346.2384486019066,0.7900641025641025,0.051396255850233885,0.20588019068072552,131903.67408366204,1134.0246959237309,133037.69877958577,2464,7,834.925,38,2,18,34.297321892875715,0.6356907894736842,43.18910256410256,1027.2435897435896,27.032726045883937,0
2504,4,0,1,39,0.0,0.025,0.975,40,800,500,300,0.625,11,5,6,347.05186841015063,0.7887286324786325,0.052211768375090895,0.20696168147782004,132013.44515897796,1163.1025595368476,133176.5477185148,2465,8,835.925,38,2,19,34.16588695983643,0.6367872807017544,43.082264957264954,1027.6709401709397,27.043972109761572,0
2505,4,0,0,39,0.0,0.0,1.0,39,1350,1000,350,0.7407407407407407,17,10,7,355.9899995491692,0.7780589293747189,0.0512929961227897,0.2120777041179441,131975.1645337987,1596.3677525776911,133571.5322863764,2466,23,858.1538461538462,37,2,20,33.97482926048446,0.638231981981982,43.11951754385964,1027.52192982456,27.77086296823135,0
2506,4,0,0,39,0.0,0.0,1.0,39,1350,900,450,0.6666666666666666,18,9,9,361.91443467045525,0.7780589293747189,0.05802540188109484,0.2002949029540348,129121.9740125869,1546.221245659728,130668.19525824663,2467,24,859.1538461538462,39,0,20,36.715627241980116,0.6060363247863249,45.911458333333336,1016.3541666666674,26.06036324786327,5
2507,4,0,0,39,0.0,0.0,1.0,39,700,500,200,0.7142857142857143,9,5,4,365.0686367861428,0.7787899235267657,0.046237729261601856,0.20541921801250188,129774.47041636275,1685.373681985457,131459.8440983482,2468,25,860.1538461538462,36,3,18,35.970886752136764,0.6180555555555554,45.270270270270295,1018.9189189189225,28.3033033033034,4
2508,4,0,0,39,0.0,0.0,1.0,39,1500,1200,300,0.8,18,12,6,368.13161991392155,0.7787899235267657,0.04929876753081186,0.207446523052366,129831.84831791285,1759.04172753839,131590.89004545123,2469,26,861.1538461538462,36,3,18,35.8344843462247,0.6186342592592591,45.213963963963984,1019.1441441441469,28.309559559559638,0
2509,4,1,1,39,0.025,0.025,0.975,40,900,600,300,0.6666666666666666,12,6,6,356.78491814020043,0.7863782051282051,0.058154275891705964,0.20299229939174773,130206.62607725487,1291.1520852570375,131497.7781625119,2470,0,840.6,37,3,19,35.74299885403237,0.6204954954954953,44.84649122807019,1020.614035087722,27.584163110478972,0
2510,4,0,0,39,0.0,0.0,1.0,39,800,300,500,0.375,13,3,10,362.57154106160027,0.784131803868646,0.05722902644451744,0.20627657731583748,130205.11379200181,1641.7337523334493,131846.84754433527,2471,1,853.8461538461538,36,3,19,35.59688660855493,0.6223958333333333,44.84797297297299,1020.608108108111,28.350225225225305,0
2511,4,1,0,40,0.025,0.0,1.0,40,650,500,150,0.7692307692307693,8,5,3,357.4325781980074,0.7892094017094017,0.06659043315331203,0.2048632837644045,130492.60567577725,1328.4743780943259,131821.08005387158,2472,0,833.475,36,4,20,35.43641390205374,0.6252893518518519,44.56644144144145,1021.7342342342351,28.381506506506533,0
2512,4,0,0,40,0.0,0.0,1.0,40,900,600,300,0.6666666666666666,12,6,6,360.0073990945087,0.7889690170940171,0.0708691341705221,0.2071069181863088,130636.47050766999,1406.0191948705647,132042.48970254057,2473,1,834.475,36,4,20,35.22481089814203,0.626736111111111,44.425675675675684,1022.2972972972985,28.39714714714718,0
2513,4,0,0,40,0.0,0.0,1.0,40,600,200,400,0.3333333333333333,10,2,8,360.17412524985923,0.7879807692307692,0.07803964757709281,0.20751148840537584,130694.0386332279,1414.5222080188391,132108.56084124674,2474,2,835.475,36,4,20,35.16221549192365,0.6273148148148149,44.36936936936937,1022.5225225225231,28.40340340340342,0
2514,4,1,1,40,0.024390243902439025,0.024390243902439025,0.975609756097561,41,1100,800,300,0.7272727272727273,14,8,6,352.0301673636925,0.7924288617886179,0.07556951506948173,0.2040900361597952,130935.05333371802,1018.6177477685459,131953.67108148657,2475,0,816.0731707317074,37,4,20,35.126508820798534,0.6278153153153152,44.13377192982456,1023.4649122807014,27.66121384542436,0
2515,4,1,1,40,0.024390243902439025,0.024390243902439025,0.975609756097561,41,1300,1100,200,0.8461538461538461,15,11,4,352.49692505362145,0.7931910569105691,0.07501234271205304,0.20480795203644434,131019.2333819059,1036.7753780009164,132056.0087599068,2476,0,817.0487804878048,37,4,20,35.02943040234193,0.6286599099099099,44.051535087719294,1023.7938596491222,27.67010431484114,0
2516,4,0,0,40,0.0,0.0,1.0,40,1500,1300,200,0.8666666666666667,17,13,4,360.90862344307914,0.7887553418803419,0.0772798414023379,0.20988763635184865,131054.49631090638,1459.7395719190451,132514.23588282542,2477,5,838.475,38,2,20,34.77845019476908,0.6271929824561404,44.01709401709401,1023.9316239316224,26.94556905083217,0
2517,4,0,0,40,0.0,0.0,1.0,40,800,400,400,0.5,12,4,8,358.1992006192222,0.786965811965812,0.07786786943372626,0.20905490777466323,131191.27498584613,1398.5219656293168,132589.79695147544,2478,6,839.475,38,2,20,34.7094761358501,0.6285635964912282,43.883547008547,1024.4658119658106,26.959626630679228,0
2518,4,0,0,40,0.0,0.0,1.0,40,1100,700,400,0.6363636363636364,15,7,8,330.4191698167042,0.7878739316239316,0.10481952420016394,0.1822538316771777,128989.670138889,524.1319444444542,129513.80208333346,2479,7,840.475,39,1,17,37.65039649986326,0.6047008547008547,46.04166666666667,1015.8333333333344,26.047008547008573,8
2519,4,0,0,40,0.0,0.0,1.0,40,1100,900,200,0.8181818181818182,13,9,4,324.6031375796619,0.7866720085470086,0.10234447063646623,0.17964565021921525,129121.97401258699,382.6795789930751,129504.65359158006,2480,8,841.475,39,1,17,37.66366454852926,0.6060363247863247,45.91145833333334,1016.3541666666681,26.060363247863286,0
2520,4,1,2,39,0.024390243902439025,0.04878048780487805,0.9512195121951219,41,1100,700,400,0.6363636363636364,15,7,8,318.39966855877475,0.7960873983739838,0.08995447587321137,0.1773992905198834,129386.78521050359,39.36631944445398,129426.15152994804,2481,0,821.9268292682926,39,2,18,37.55257926350635,0.6087072649572649,45.65104166666667,1017.3958333333343,26.087072649572672,0
2521,4,2,2,39,0.04878048780487805,0.04878048780487805,0.9512195121951219,41,650,500,150,0.7692307692307693,8,5,3,319.1999005762649,0.7928861788617886,0.10257625849915719,0.1788068210964465,129598.8294813369,73.5866970486158,129672.41617838551,2482,0,821.9512195121952,39,2,17,37.317242114236976,0.610844017094017,45.442708333333336,1018.2291666666674,26.10844017094019,0
2522,4,1,1,39,0.025,0.025,0.975,40,1000,900,100,0.9,11,9,2,321.2552668406388,0.8002938034188034,0.10767415023080185,0.1801297178544099,129636.22708013728,329.2641445686259,129965.49122470591,2483,0,838.325,38,2,17,37.22701601622605,0.6129385964912281,45.4059829059829,1018.3760683760679,26.79937022042284,0
2523,4,1,0,40,0.025,0.0,1.0,40,1200,800,400,0.6666666666666666,16,8,8,320.6924207363422,0.79508547008547,0.11266486044371704,0.1803733506165708,129757.97661675367,322.4799262152978,130080.45654296897,2484,0,839.3,39,1,18,37.11798810619228,0.6124465811965811,45.28645833333334,1018.8541666666683,26.124465811965855,0
2524,4,0,0,40,0.0,0.0,1.0,40,700,400,300,0.5714285714285714,10,4,6,322.7001841033097,0.7935630341880342,0.11714183527488276,0.1821190312361587,129890.67382812513,383.14887152779363,130273.82269965293,2485,1,840.3,39,1,19,36.932437495742235,0.6137820512820513,45.15625000000001,1019.375000000001,26.13782051282054,0
2525,4,0,0,40,0.0,0.0,1.0,40,1050,800,250,0.7619047619047619,13,8,5,323.01414484563963,0.7942040598290598,0.11299795709908067,0.18279239757449814,129996.88042534742,398.1662326389091,130395.04665798633,2486,2,841.3,39,1,20,36.81690500510725,0.6148504273504274,45.05208333333334,1019.7916666666683,26.148504273504315,0
2526,4,0,0,40,0.0,0.0,1.0,40,650,400,250,0.6153846153846154,9,4,5,322.07499904408445,0.7940705128205128,0.11127080567752445,0.18263349540467422,130076.56385633702,378.88183593752,130455.44569227453,2487,3,842.3,39,1,20,36.760207120732495,0.6156517094017093,44.97395833333334,1020.1041666666683,26.156517094017136,0
2527,4,2,1,41,0.047619047619047616,0.023809523809523808,0.9761904761904762,42,950,700,250,0.7368421052631579,12,7,5,309.79457660095534,0.8029665118079752,0.11273124144755853,0.17793284162625964,130574.00238160152,-309.6435224129824,130264.35885918853,2488,0,803.1428571428571,40,2,15,36.57112790427895,0.6190104166666668,44.48678861788618,1022.052845528455,25.551321138211375,0
2528,4,1,1,41,0.023809523809523808,0.023809523809523808,0.9761904761904762,42,1000,700,300,0.7,13,7,6,307.43143257184147,0.8029907084785134,0.11518111518111596,0.1771692482553187,130703.86860499682,-363.50448641683045,130340.36411858,2489,0,804.1190476190476,40,2,15,36.50057145696681,0.6203125,44.35975609756097,1022.5609756097545,25.564024390243862,0
2529,4,1,1,41,0.023809523809523808,0.023809523809523808,0.9761904761904762,42,1000,700,300,0.7,13,7,6,308.50142816309057,0.8020470383275261,0.11849913235078602,0.17886689021476596,130937.79047070196,-321.1009278537873,130616.68954284818,2490,0,805.0952380952381,40,2,16,36.23750537847947,0.62265625,44.13109756097561,1023.4756097560976,25.586890243902438,0
2530,4,0,0,41,0.0,0.0,1.0,41,1250,1000,250,0.8,15,10,5,312.81062040684816,0.7960365853658536,0.12253488039795557,0.18136532861930743,130937.7904707021,-8.25370563155036,130929.53676507054,2491,1,825.5853658536586,40,1,17,36.12724654949858,0.6226562499999999,44.13109756097562,1023.4756097560986,25.586890243902467,0
2531,4,1,0,42,0.023809523809523808,0.0,1.0,42,1450,1200,250,0.8275862068965517,17,12,5,310.6049292430286,0.7997483546264034,0.13999924481637227,0.18229744800075162,131406.2616188283,-236.33254015464286,131169.92907867368,2492,0,806.9047619047619,40,2,20,35.71216176033304,0.6273437499999999,43.67378048780489,1025.3048780487825,25.632621951219562,0
2532,4,0,0,42,0.0,0.0,1.0,42,900,700,200,0.7777777777777778,11,7,4,308.9156892517643,0.8003048780487805,0.1434279675809298,0.18192502726413745,131536.54095611107,-273.2597577499869,131263.28119836107,2493,1,807.9047619047619,40,2,21,35.624504656231444,0.6286458333333332,43.54674796747969,1025.8130081300835,25.64532520325209,0
2533,4,0,1,41,0.0,0.023809523809523808,0.9761904761904762,42,850,500,350,0.5882352941176471,12,5,7,312.2896965493934,0.7999419279907085,0.14695312610534939,0.1842892499157935,131614.73954202203,-179.61458539889156,131435.12495662313,2494,2,808.9047619047619,40,2,14,35.45937737281703,0.6294270833333333,43.47052845528456,1026.1178861788626,25.652947154471565,0
2534,4,0,0,41,0.0,0.0,1.0,41,1100,900,200,0.8181818181818182,13,9,4,318.89080752299924,0.8006605691056911,0.15338393803781591,0.18844226244439863,131666.88484243854,197.47184628860288,131864.35668872713,2495,3,824.4878048780488,40,1,14,35.23760603360069,0.6299479166666666,43.41971544715448,1026.3211382113834,25.658028455284587,0
2535,4,1,1,41,0.023809523809523808,0.023809523809523808,0.9761904761904762,42,750,300,450,0.4,12,3,9,312.7352920604484,0.8053619821912504,0.14831449821307818,0.18575722769373654,131862.52170138914,-152.38715277775358,131710.1345486114,2496,0,805.8333333333334,41,1,14,35.19903651115619,0.6303353658536585,43.22916666666668,1027.0833333333353,25.05081300813013,0
2536,4,1,2,40,0.023809523809523808,0.047619047619047616,0.9523809523809523,42,700,500,200,0.7142857142857143,9,5,4,311.9441201589495,0.8066686024003097,0.15132852407159603,0.18578523591065235,131964.43457301927,-166.89411296923512,131797.54046005005,2497,0,806.8095238095239,41,1,15,35.1170504650639,0.6313516260162599,43.12996031746033,1027.4801587301608,25.060491676345386,0
2537,4,0,0,40,0.0,0.0,1.0,40,1050,700,350,0.6666666666666666,14,7,7,322.3581093795085,0.792094017094017,0.1509005580923386,0.19080115122733107,131728.8208007815,492.7707248264187,132221.59152560792,2498,6,847.775,39,1,15,35.08635633350247,0.6322115384615383,43.359375000000014,1026.562500000002,26.322115384615437,0
2538,4,0,0,40,0.0,0.0,1.0,40,900,700,200,0.7777777777777778,11,7,4,320.5410259065393,0.7907051282051282,0.14792279598255043,0.18999235672644388,131782.29302300367,448.3262803819692,132230.61930338564,2499,7,848.775,39,1,15,35.079237259477196,0.6327457264957264,43.30729166666668,1026.770833333335,26.32745726495731,0
2539,4,0,0,40,0.0,0.0,1.0,40,1000,600,400,0.6,14,6,8,323.5150113763068,0.7905982905982906,0.15005070993914815,0.19216012121508355,131862.52170138896,531.9010416666772,132394.42274305565,2500,8,849.775,39,1,16,34.92224475997296,0.6335470085470085,43.22916666666667,1027.083333333334,26.3354700854701,0
2540,4,0,1,39,0.0,0.025,0.975,40,700,400,300,0.5714285714285714,10,4,6,324.70804686100155,0.7901442307692308,0.15373440827502272,0.19300458409260646,131889.2700195314,565.1014539930704,132454.37147352446,2501,9,850.775,39,1,16,34.864723827874116,0.6338141025641024,43.20312500000001,1027.1875000000011,26.338141025641054,0
2541,4,0,0,39,0.0,0.0,1.0,39,1100,900,200,0.8181818181818182,13,9,4,334.58878648879937,0.7844691857849753,0.16320944972630413,0.19852267998335416,131821.3757396449,1021.1908284023624,132842.56656804724,2502,10,873.2564102564103,38,1,17,34.67930711610487,0.6348684210526316,43.26923076923077,1026.9230769230762,27.02429149797569,0
2542,4,1,1,39,0.025,0.025,0.975,40,950,600,350,0.631578947368421,13,6,7,328.59496870381633,0.7937767094017094,0.1587199878431771,0.19669866198152658,132156.90239800356,685.2186414930608,132842.12103949662,2503,0,852.4,39,1,18,34.49593506230371,0.6364850427350428,42.942708333333336,1028.2291666666672,26.36485042735044,0
2543,4,0,0,39,0.0,0.0,1.0,39,750,500,250,0.6666666666666666,10,5,5,338.27611395178974,0.7836257309941521,0.16805266805266839,0.20187445510026156,132040.89506172828,1133.2561728394965,133174.15123456778,2504,12,875.2564102564103,38,1,18,34.36373873873873,0.637061403508772,43.05555555555555,1027.777777777777,27.04678362573097,0
2544,4,2,2,39,0.04878048780487805,0.04878048780487805,0.9512195121951219,41,950,700,250,0.7368421052631579,12,7,5,326.3278638828843,0.7983231707317073,0.1605340840620364,0.19673608514691515,132425.49332493235,443.7901782452939,132869.28350317763,2505,0,833.5121951219512,38,3,19,34.28460833160332,0.6408991228070176,42.681623931623925,1029.2735042735035,27.086144849302723,0
2545,4,0,0,39,0.0,0.0,1.0,39,800,600,200,0.75,10,6,4,340.9989454335124,0.7818263607737292,0.17012151917616314,0.20438703914962553,132205.65440317022,1216.397746365673,133422.05214953588,2506,14,877.2564102564103,38,1,19,34.12805595955398,0.6387061403508772,42.895299145299134,1028.4188034188019,27.063652721547417,0
2546,4,0,0,39,0.0,0.0,1.0,39,750,400,350,0.5333333333333333,11,4,7,339.3977731491201,0.7816576698155646,0.1702583279398493,0.2035752250533692,132233.12428090058,1175.9255834976861,133409.04986439826,2507,15,878.2564102564103,38,1,19,34.141606938817915,0.6389802631578948,42.86858974358974,1028.5256410256397,27.066464237516836,0
2547,4,0,0,39,0.0,0.0,1.0,39,1150,900,250,0.782608695652174,14,9,5,338.1167896087596,0.7811515969410706,0.16914874351517484,0.20295439216665426,132260.59701219946,1143.905690700546,133404.5027029,2508,16,879.2564102564103,38,1,19,34.14693255781747,0.6392543859649124,42.841880341880334,1028.6324786324776,27.069275753486252,0
2548,4,0,0,39,0.0,0.0,1.0,39,1300,900,400,0.6923076923076923,17,9,8,339.79483894760375,0.7809266756635178,0.16796868759485628,0.20425869532243562,132315.5510355027,1192.0282708743994,133507.5793063771,2509,17,880.2564102564103,38,1,20,34.04854620976116,0.6398026315789475,42.788461538461526,1028.8461538461518,27.074898785425045,0
2549,4,0,0,39,0.0,0.0,1.0,39,750,500,250,0.6666666666666666,10,5,5,341.28820343884826,0.7819950517318939,0.16690231723054505,0.2057634683002026,132426.97934420896,1239.2045376777573,133666.1838818867,2510,18,881.2564102564103,36,3,21,33.89815827862874,0.644675925925926,42.68018018018017,1029.2792792792784,28.591091091091066,0
2550,4,0,0,39,0.0,0.0,1.0,39,1100,800,300,0.7272727272727273,14,8,6,338.03079951838953,0.7805330634278003,0.1603741839962316,0.2044281501849305,132542.9145361576,1160.7174742309699,133703.63201038857,2511,19,882.2564102564103,36,3,22,33.86555847185768,0.6458333333333335,42.56756756756756,1029.7297297297282,28.60360360360356,0
2551,4,0,0,39,0.0,0.0,1.0,39,1050,1000,50,0.9523809523809523,11,10,1,336.5967104806567,0.7794646873594242,0.15986680569103018,0.20419009996532111,132658.90045450832,1130.5099017936614,133789.410356302,2512,20,883.2564102564103,36,3,15,33.7860734586795,0.6469907407407409,42.45495495495494,1030.1801801801782,28.61611611611606,0
2552,4,0,0,39,0.0,0.0,1.0,39,1450,1100,350,0.7586206896551724,18,11,7,336.4025044874734,0.7790148448043185,0.15134778351457467,0.20495916686239365,132821.51870046533,1136.2983081332509,133957.8170085986,2513,21,884.2564102564103,37,2,17,33.62796067794205,0.646677927927928,42.29714912280701,1030.8114035087704,27.8597676623992,0
2553,4,0,0,39,0.0,0.0,1.0,39,1300,1000,300,0.7692307692307693,16,10,6,337.6974726965618,0.7787336932073774,0.1583594976452125,0.20683970202664395,133019.39058171725,1184.0624038165374,134203.45298553378,2514,22,885.2564102564103,37,2,17,33.396223072562364,0.6486486486486487,42.105263157894726,1031.5789473684194,27.880512091038362,0
2554,4,0,0,39,0.0,0.0,1.0,39,650,500,150,0.7692307692307693,8,5,3,337.1012354658119,0.7779464687359424,0.15427127872658786,0.20663097879464626,133047.6700162548,1170.1067876654156,134217.77680392022,2515,23,886.2564102564103,37,2,17,33.383263364863424,0.6489301801801803,42.07785087719297,1031.6885964912265,27.883475580843957,0
2555,4,0,0,39,0.0,0.0,1.0,39,1350,1200,150,0.8888888888888888,15,12,3,337.2538313427942,0.777046783625731,0.15521875893623105,0.20766807207929383,133217.4097438633,1185.6163675361427,134403.02611139943,2516,24,887.2564102564103,37,2,18,33.209306956983525,0.6506193693693694,41.913377192982445,1032.3464912280688,27.901256519677535,0
2556,4,0,0,39,0.0,0.0,1.0,39,1050,700,350,0.6666666666666666,14,7,7,336.8855678239522,0.7761470985155196,0.14834659217755441,0.20791535240930398,133302.32018505677,1181.525565558617,134483.84575061538,2517,25,888.2564102564103,37,2,19,33.13380406314149,0.6514639639639641,41.831140350877185,1032.67543859649,27.910146989094326,0
2557,4,0,0,39,0.0,0.0,1.0,39,1300,1000,300,0.7692307692307693,16,10,6,335.83692825041396,0.775472334682861,0.14431923349120845,0.20758424305242085,133358.942174515,1157.3714989227183,134516.31367343772,2518,26,889.2564102564103,37,2,19,33.1042108987969,0.6520270270270272,41.77631578947367,1032.8947368421032,27.91607396870549,0
2558,4,0,0,39,0.0,0.0,1.0,39,1050,900,150,0.8571428571428571,12,9,3,337.8642039542144,0.7741228070175439,0.14702233250620345,0.2094758064516128,133472.22222222207,1219.1453139427335,134691.36753616482,2519,27,890.2564102564103,36,3,19,32.938508064516114,0.6550925925925927,41.66666666666666,1033.3333333333321,28.70370370370367,0
2559,4,0,0,39,0.0,0.0,1.0,39,1400,1300,100,0.9285714285714286,15,13,2,338.35368979525566,0.7734480431848854,0.1328607855130024,0.2106051000684907,133617.71981018168,1242.009703960703,134859.72951414238,2520,28,891.2564102564103,36,3,19,32.78033438623244,0.6565393518518519,41.52590090090089,1033.8963963963952,28.71934434434431,0
2560,4,0,0,39,0.0,0.0,1.0,39,1250,1200,50,0.96,13,12,1,335.36905148450495,0.773110661268556,0.133853804549656,0.20907630684196907,133675.94103816632,1166.1547104536721,134842.09574862,2521,29,892.2564102564103,36,3,19,32.799284910523056,0.6571180555555557,41.46959459459458,1034.1216216216199,28.72560060060055,0
2561,4,0,1,38,0.0,0.02564102564102564,0.9743589743589743,39,900,600,300,0.6666666666666666,12,6,6,338.8607563200337,0.7710863697705803,0.13331993939241737,0.2122557252777635,133850.68081172393,1271.3485867624413,135122.02939848637,2522,30,893.2564102564103,36,3,17,32.53437080567345,0.6588541666666666,41.30067567567568,1034.7972972972975,28.744369369369377,0
2562,4,0,0,38,0.0,0.0,1.0,38,650,500,150,0.7692307692307693,8,5,3,341.9151758135543,0.7681958274063537,0.14213822411093702,0.214404312911978,133891.14610125188,1555.8829518175771,135447.02905306948,2523,31,911.8947368421053,35,3,17,32.41491463505554,0.6613095238095237,41.26157407407408,1034.953703703705,29.57010582010586,0
2563,4,0,0,38,0.0,0.0,1.0,38,1250,900,350,0.72,16,9,7,342.73127036780755,0.7689366998577525,0.14935026736394996,0.2157928695271482,134040.9208488727,1588.0030167609825,135628.92386563367,2524,32,912.8947368421053,35,3,17,32.24416471070378,0.662797619047619,41.11689814814815,1035.532407407408,29.58664021164023,0
2564,4,0,0,38,0.0,0.0,1.0,38,800,400,400,0.5,12,4,8,343.8986978283127,0.7694701280227596,0.15142826896271822,0.2168815677847478,134100.85419077936,1623.4218267746937,135724.27601755405,2525,33,913.8947368421053,35,3,17,32.15408146161581,0.6633928571428571,41.05902777777778,1035.7638888888891,29.593253968253975,0
2565,4,0,0,38,0.0,0.0,1.0,38,1150,1000,150,0.8695652173913043,13,10,3,344.0646604697205,0.7684921763869133,0.15122321103182323,0.21787517467085438,134250.7461526922,1638.18747856655,135888.93363125875,2526,34,914.8947368421053,35,3,19,32.00013029558484,0.6648809523809522,40.91435185185186,1036.342592592594,29.6097883597884,0
2566,4,0,0,38,0.0,0.0,1.0,38,1050,700,350,0.6666666666666666,14,7,7,344.3535353899859,0.7689366998577525,0.13356134780178297,0.20649907017181512,132224.214818704,1506.3751673971483,133730.58998610114,2527,35,915.8947368421053,36,2,17,34.023139530639824,0.6426504629629628,42.87725225225226,1028.4909909909923,28.56919419419423,5
2567,4,0,0,38,0.0,0.0,1.0,38,1250,1200,50,0.96,13,12,1,343.63932898945905,0.7696479374110953,0.13358928129122205,0.20670392027496304,132340.06123944905,1495.4499685496462,133835.5112079987,2528,36,916.8947368421053,36,2,18,33.92502097698006,0.6438078703703702,42.76463963963965,1028.9414414414425,28.581706706706736,0
2568,4,1,0,39,0.02564102564102564,0.0,1.0,39,550,200,350,0.36363636363636365,9,2,7,337.61555999328937,0.7753036437246964,0.1426660770923065,0.2046168110049655,132623.79410010797,1155.171302708548,133778.9654028165,2529,0,894.3589743589744,37,2,19,33.79506422539209,0.6447072072072071,42.48903508771931,1030.0438596491247,27.839023233760127,0
2569,4,0,0,39,0.0,0.0,1.0,39,1300,900,400,0.6923076923076923,17,9,8,336.2752376641014,0.7739541160593792,0.13906164757228612,0.204727152463896,132793.26331178827,1131.017236072643,133924.28054786092,2530,1,895.3589743589744,37,2,14,33.659574468085104,0.6463963963963963,42.324561403508774,1030.7017543859652,27.85680417259365,0
2570,4,0,0,39,0.0,0.0,1.0,39,1050,800,250,0.7619047619047619,13,8,5,337.8022650749922,0.7755285650022492,0.14245014245014231,0.20643471754582865,132934.57031250003,1181.1197916666674,134115.6901041667,2531,2,896.3589743589744,37,2,15,33.47853535353535,0.6478040540540541,42.1875,1031.2500000000002,27.871621621621628,0
2571,4,0,0,39,0.0,0.0,1.0,39,500,300,200,0.6,7,3,4,339.7109934734476,0.7734480431848854,0.14826502721071777,0.2082306669440825,133047.67001625482,1239.55123210986,134287.2212483647,2532,3,897.3589743589744,37,2,15,33.31595192546144,0.6489301801801803,42.07785087719297,1031.6885964912267,27.883475580843964,0
2572,4,0,0,39,0.0,0.0,1.0,39,1050,800,250,0.7619047619047619,13,8,5,347.58379235733116,0.7734480431848854,0.14937298734984172,0.20121910361529813,130878.94833025504,1298.9565298937666,132177.9048601488,2533,4,898.3589743589744,37,2,15,35.29700671524502,0.6272522522522525,44.18859649122805,1023.2456140350844,27.655286865813093,3
2573,4,0,0,39,0.0,0.0,1.0,39,1250,900,350,0.72,16,9,7,346.1188878296375,0.7735042735042735,0.1522090835427743,0.2008091869415573,130963.11034404769,1265.7612197983442,132228.87156384604,2534,5,899.3589743589744,37,2,16,35.24939742903052,0.6280968468468471,44.10635964912278,1023.574561403505,27.664177335229862,0
2574,4,1,1,39,0.025,0.025,0.975,40,1000,900,100,0.9,11,9,2,340.9957361000465,0.775400641025641,0.14713995202836627,0.1990144926027596,131191.27498584596,947.1330767404125,132138.40806258636,2535,0,877.85,38,2,16,35.15008516703167,0.6285635964912282,43.88354700854699,1024.4658119658093,26.959626630679193,0
2575,4,0,0,39,0.0,0.0,1.0,39,650,300,350,0.46153846153846156,10,3,7,349.2309709029973,0.7726045883940621,0.14409383313976964,0.20320673129365027,131075.36844269364,1355.1156365419804,132430.4840792356,2536,7,901.3589743589744,37,2,16,35.05628279259019,0.6292229729729731,43.99671052631577,1024.0131578947346,27.676031294452287,0
2576,4,0,0,39,0.0,0.0,1.0,39,1100,700,400,0.6363636363636364,15,7,8,353.1604780446615,0.7718173639226271,0.14798472075869373,0.20624571917808204,131215.75869498288,1468.0440135426056,132683.8027085255,2537,8,902.3589743589744,37,2,16,34.81378424657534,0.6306306306306307,43.85964912280701,1024.5614035087704,27.69084874348028,0
2577,4,0,0,39,0.0,0.0,1.0,39,1250,800,450,0.64,17,8,9,351.7244177213596,0.7710863697705803,0.14414840595380918,0.2066324224368194,131443.5782911289,1446.4312992523805,132890.0095903813,2538,9,903.3589743589744,36,3,17,34.62048832271762,0.634837962962963,43.637387387387385,1025.45045045045,28.484734734734722,0
2578,4,0,0,39,0.0,0.0,1.0,39,850,700,150,0.8235294117647058,10,7,3,352.70044972456606,0.7709739091318039,0.14346925216490436,0.20751910181468652,131501.3239590942,1476.1152199496787,132977.4391790439,2539,10,904.3589743589744,36,3,17,34.537174279022096,0.6354166666666667,43.58108108108108,1025.6756756756756,28.49099099099099,0
2579,4,1,1,39,0.025,0.025,0.975,40,450,300,150,0.6666666666666666,6,3,3,346.4018213928804,0.7800480769230769,0.13889274650144223,0.20484317435620683,131693.64762474992,1123.7838806171103,132817.43150536704,2540,0,882.725,37,3,14,34.50474931453192,0.6354166666666667,43.39364035087719,1026.4254385964912,27.74122807017544,0
2580,4,1,0,40,0.025,0.0,1.0,40,1450,1000,450,0.6896551724137931,19,10,9,346.3943175413658,0.7808493589743589,0.1532149911633227,0.2065695561333167,132013.44515897808,1145.7414484257508,133159.18660740383,2541,0,883.7,38,2,15,34.182780607824796,0.6367872807017543,43.08226495726496,1027.6709401709406,27.043972109761597,0
2581,4,1,1,40,0.024390243902439025,0.024390243902439025,0.975609756097561,41,1200,900,300,0.75,15,9,6,341.6028489901333,0.7897357723577236,0.15308785871092434,0.2053567461640627,132317.6120334203,840.0146484375199,133157.62668185783,2542,0,863.1219512195122,39,2,15,33.99997047011576,0.6380876068376067,42.78645833333334,1028.854166666668,26.380876068376104,0
2582,4,0,0,40,0.0,0.0,1.0,40,1450,1000,450,0.6896551724137931,19,10,9,350.885796520595,0.7792467948717948,0.16066531629791192,0.21046589178216635,132233.12428090078,1279.7450279421446,133512.86930884293,2543,2,885.7,38,2,15,33.846213773761285,0.6389802631578947,42.868589743589745,1028.5256410256413,27.06646423751688,0
2583,4,0,0,40,0.0,0.0,1.0,40,750,600,150,0.8,9,6,3,347.99545811861293,0.7798611111111111,0.15264797507788153,0.20918828100388534,132315.55103550298,1209.0421597633162,133524.5931952663,2544,3,886.7,38,2,16,33.8376168224299,0.6398026315789473,42.78846153846154,1028.846153846154,27.074898785425106,0
2584,4,0,0,40,0.0,0.0,1.0,40,650,400,250,0.6153846153846154,9,4,5,346.3596342673131,0.7792467948717948,0.15152891703872928,0.20835662945836925,132343.03232750745,1167.6568549565336,133510.68918246398,2545,4,887.7,38,2,16,33.85205759180425,0.6400767543859649,42.761752136752136,1028.9529914529912,27.077710301394507,0
2585,4,0,0,40,0.0,0.0,1.0,40,900,500,400,0.5555555555555556,13,5,8,345.3716363505922,0.7793269230769231,0.14960029069767478,0.20791372508305642,132370.51647308053,1143.404375776165,133513.92084885668,2546,5,888.7,38,2,16,33.84984080841638,0.6403508771929824,42.73504273504273,1029.0598290598286,27.080521817363913,0
2586,4,0,0,40,0.0,0.0,1.0,40,1000,800,200,0.8,12,8,4,344.9412926928749,0.7788461538461539,0.1540317559153177,0.20826154739276578,132480.48159105846,1139.59771531886,133620.07930637733,2547,6,889.7,38,2,16,33.75038916562888,0.6414473684210527,42.628205128205124,1029.487179487179,27.09176788124155,0
2587,4,1,1,40,0.024390243902439025,0.024390243902439025,0.975609756097561,41,550,400,150,0.7272727272727273,7,4,3,338.71156990224904,0.7835365853658537,0.14623296369451433,0.20565967697379653,132692.98095703122,788.9295789930545,133481.91053602428,2548,0,868.9756097560976,39,2,15,33.697405890877235,0.6418269230769231,42.421875,1030.3124999999998,26.418269230769226,0
2588,4,0,1,39,0.0,0.025,0.975,40,1000,700,300,0.7,13,7,6,346.910577653969,0.7788995726495727,0.14904833523493455,0.21021777995989388,132618.00219382334,1201.3175496749047,133819.31974349826,2549,8,891.7,38,2,16,33.56152542958891,0.6428179824561404,42.49465811965811,1030.021367521366,27.105825461088582,0
2589,4,0,0,39,0.0,0.0,1.0,39,1350,1100,250,0.8148148148148148,16,11,5,347.21931728096524,0.7792397660818714,0.1628299484627871,0.21133279203845265,132783.1210849041,1420.9729299072405,134204.09401481133,2550,9,910.1282051282051,38,1,15,33.387754396876396,0.6444627192982455,42.33440170940172,1030.6623931623944,27.122694556905117,0
2590,4,0,0,39,0.0,0.0,1.0,39,850,700,150,0.8235294117647058,10,7,3,347.25278717769254,0.7785650022492128,0.1635860771701616,0.21197575262820448,132893.25741699553,1429.5108070348583,134322.76822403038,2551,10,911.1282051282051,38,1,15,33.27634442026733,0.6455592105263157,42.22756410256411,1031.0897435897446,27.133940620782752,0
2591,4,1,0,40,0.025,0.0,1.0,40,900,700,200,0.7777777777777778,11,7,4,340.5181506386559,0.7865918803418803,0.16685753203511244,0.20974986892353764,133230.14458550353,1073.456488715287,134303.6010742188,2552,0,889.325,39,1,17,33.112303669323644,0.6471688034188035,41.90104166666667,1032.395833333334,26.47168803418805,0
2592,4,0,0,40,0.0,0.0,1.0,40,1000,800,200,0.8,12,8,4,341.44398331602946,0.7849626068376069,0.1713889449263668,0.2107768151055492,133310.8127170141,1103.6349826389142,134414.447699653,2553,1,890.325,39,1,17,33.00761549324189,0.6479700854700854,41.82291666666668,1032.708333333335,26.479700854700898,0
2593,4,0,0,40,0.0,0.0,1.0,40,800,500,300,0.625,11,5,6,340.3911265765036,0.7833600427350428,0.17211635410365012,0.21073652892545364,133418.40820312523,1082.8884548611409,134501.2966579864,2554,2,891.325,39,1,17,32.927085433891264,0.6490384615384615,41.718750000000014,1033.1250000000018,26.490384615384663,0
2594,4,0,0,40,0.0,0.0,1.0,40,900,700,200,0.7777777777777778,11,7,4,339.4243403808481,0.7814369658119658,0.1700589208186889,0.21075680801311458,133527.4273595588,1064.5026415484167,134591.9300011072,2555,3,892.325,38,2,17,32.84297257253118,0.6518640350877192,41.613247863247864,1033.5470085470088,27.198605488079178,0
2595,4,0,0,40,0.0,0.0,1.0,40,950,500,450,0.5263157894736842,14,5,9,343.65654291687645,0.7802350427350427,0.17806333298894517,0.21418233605231463,133665.49014034987,1187.0040497844927,134852.49419013437,2556,4,893.325,38,2,17,32.59548162688982,0.653234649122807,41.47970085470085,1034.0811965811963,27.21266306792622,0
2596,4,0,0,40,0.0,0.0,1.0,40,950,700,250,0.7368421052631579,12,7,5,342.47653355321864,0.7799145299145299,0.17558859975216867,0.21424694773445518,133803.62426035493,1164.9202827087315,134968.54454306368,2557,5,894.325,38,2,16,32.48786658405618,0.6546052631578948,41.34615384615384,1034.6153846153836,27.226720647773252,0
2597,4,0,0,40,0.0,0.0,1.0,40,1100,900,200,0.8181818181818182,13,9,4,341.2321369635505,0.7800213675213675,0.17166012801982267,0.2137887761079527,133858.89788333693,1135.3915552633434,134994.28943860027,2558,6,895.325,38,2,16,32.46481175579875,0.6551535087719298,41.29273504273504,1034.8290598290594,27.232343679712088,0
2598,4,1,0,41,0.024390243902439025,0.0,1.0,41,600,400,200,0.6666666666666666,8,4,4,335.631364579512,0.7864329268292682,0.17846292668214736,0.21223936322138606,134199.7734917533,808.3306206597031,135008.10411241298,2559,0,874.4634146341464,39,2,17,32.2694656680406,0.6567841880341881,40.96354166666666,1036.145833333332,26.56784188034184,0
2599,4,0,0,41,0.0,0.0,1.0,41,1100,1000,100,0.9090909090909091,12,10,2,335.5497801073142,0.7859756097560976,0.18110411881081356,0.21250062140596226,134253.74484592004,809.7629123263794,135063.50775824641,2560,1,875.4634146341464,39,2,17,32.217748014875866,0.6573183760683762,40.91145833333333,1036.3541666666658,26.57318376068374,0
2600,4,0,0,41,0.0,0.0,1.0,41,900,400,500,0.4444444444444444,14,4,10,337.8716297352104,0.7842479674796748,0.17952180124634598,0.2146034671828044,134361.72010633664,879.4026692708144,135241.12277560745,2561,2,876.4634146341464,39,2,17,32.04990538866004,0.6583867521367522,40.80729166666666,1036.770833333332,26.583867521367484,0
2601,4,0,0,41,0.0,0.0,1.0,41,600,300,300,0.5,9,3,6,339.950167516759,0.7837398373983739,0.18333721257855506,0.2162430618293503,134415.72401258667,938.9295789930452,135354.6535915797,2562,3,877.4634146341464,39,2,17,31.942177297840292,0.6589209401709402,40.75520833333333,1036.9791666666656,26.589209401709375,0
2602,4,0,0,41,0.0,0.0,1.0,41,1150,700,450,0.6086956521739131,16,7,9,342.68006769222075,0.7837906504065041,0.19209460220731978,0.2184640277899572,134496.7502170138,1017.8710937499898,135514.6213107638,2563,4,878.4634146341464,39,2,18,31.790603869585592,0.6597222222222223,40.67708333333333,1037.2916666666658,26.5972222222222,0
2603,4,0,0,41,0.0,0.0,1.0,41,850,500,350,0.5882352941176471,12,5,7,343.0213119726207,0.7835873983739837,0.19376079881062447,0.2191725645972426,134578.4936810576,1032.6691438495136,135611.1628249071,2564,5,879.4634146341464,38,3,18,31.70025912959912,0.662280701754386,40.59829059829059,1037.606837606836,27.30544309491674,0
2604,4,0,0,41,0.0,0.0,1.0,41,1350,900,450,0.6666666666666666,18,9,9,340.6013219260507,0.7841971544715447,0.1912456221834482,0.21812405026444145,134661.6480956422,973.1870708232568,135634.83516646543,2565,6,880.4634146341464,38,3,18,31.68017670269342,0.6631030701754387,40.51816239316238,1037.927350427348,27.31387764282495,0
2605,4,0,0,41,0.0,0.0,1.0,41,1100,900,200,0.8181818181818182,13,9,4,339.5176040237773,0.7823170731707317,0.18992773261065987,0.2182613168724279,134800.29585798792,953.4146942800552,135753.71055226796,2566,7,881.4634146341464,38,3,15,31.57021604938272,0.6644736842105264,40.38461538461537,1038.4615384615365,27.327935222672014,0
2606,4,0,0,41,0.0,0.0,1.0,41,1050,800,250,0.7619047619047619,13,8,5,341.90997740856227,0.7810467479674796,0.1895787139689582,0.2204729854324175,134911.26543209862,1025.501543209864,135936.76697530848,2567,8,882.4634146341464,38,3,15,31.397615864527626,0.6655701754385965,40.27777777777777,1038.8888888888878,27.339181286549678,0
2607,4,0,0,41,0.0,0.0,1.0,41,1000,700,300,0.7,13,7,6,344.48449301257364,0.7803861788617886,0.19118561456996175,0.22281550186345178,135022.28066330618,1102.616379940083,136124.89704324628,2568,9,883.4634146341464,38,3,16,31.220231976425435,0.6666666666666667,40.17094017094016,1039.3162393162384,27.350427350427324,0
2608,4,0,0,41,0.0,0.0,1.0,41,800,600,200,0.75,10,6,4,341.4593725911142,0.7795731707317073,0.19337764277766123,0.22153884093711457,135133.3415516106,1028.5092044707249,136161.85075608132,2569,10,884.4634146341464,38,3,16,31.18834771886561,0.667763157894737,40.064102564102555,1039.7435897435882,27.361673414304953,0
2609,4,0,0,41,0.0,0.0,1.0,41,1150,700,450,0.6086956521739131,16,7,9,344.40715003317996,0.7775914634146341,0.18626506084418337,0.22535653880277176,135438.99441385415,1129.2316138870551,136568.2260277412,2570,11,885.4634146341464,38,3,17,30.80780218276369,0.6707785087719298,39.77029914529914,1040.918803418803,27.3926000899685,0
2610,4,0,0,41,0.0,0.0,1.0,41,1050,700,350,0.6666666666666666,14,7,7,344.20971269660333,0.7770833333333333,0.18713826994212313,0.22576904777659093,135525.1953125,1129.8177083333342,136655.01302083334,2571,12,886.4634146341464,39,2,17,30.727290916366556,0.6698717948717949,39.6875,1041.25,26.69871794871795,0
2611,4,0,0,41,0.0,0.0,1.0,41,1500,1100,400,0.7333333333333333,19,11,8,342.3001596273387,0.7758130081300812,0.19026491126272993,0.22554805112741938,135689.33084958725,1089.3393246858757,136778.6701742731,2572,13,887.4634146341464,38,3,18,30.614019346458846,0.6732456140350876,39.52991452991453,1041.8803418803418,27.417903733693205,0
2612,4,0,0,41,0.0,0.0,1.0,41,700,400,300,0.5714285714285714,10,4,6,341.5980375060993,0.7760162601626016,0.19144578403643164,0.225260693698241,135717.16027695587,1072.1431213017672,136789.30339825765,2573,14,888.4634146341464,38,3,18,30.604685737721727,0.6735197368421053,39.503205128205124,1041.987179487179,27.420715249662607,0
2613,4,0,0,41,0.0,0.0,1.0,41,800,400,400,0.5,12,4,8,341.44810281418086,0.7754573170731708,0.19458689102524107,0.22551294806718555,135772.82769239883,1071.8748858572415,136844.70257825608,2574,15,889.4634146341464,38,3,18,30.55334871006322,0.6740679824561404,39.44978632478632,1042.2008547008534,27.426338281601403,0
2614,4,0,0,41,0.0,0.0,1.0,41,1200,700,500,0.5833333333333334,17,7,10,341.68016956922344,0.7755589430894309,0.1905019050190504,0.22584225842258418,135800.66568047332,1080.078895463504,136880.7445759368,2575,16,890.4634146341464,38,3,18,30.519680196801957,0.6743421052631579,39.42307692307692,1042.307692307692,27.42914979757084,0
2615,4,0,0,41,0.0,0.0,1.0,41,1400,1100,300,0.7857142857142857,17,11,6,341.79931552002813,0.775,0.19266742985117857,0.22627392950097927,135856.3502173278,1087.1215026663733,136943.47171999418,2576,17,891.4634146341464,38,3,18,30.46133087381293,0.674890350877193,39.36965811965812,1042.5213675213677,27.434772829509676,0
2616,4,0,0,41,0.0,0.0,1.0,41,850,500,350,0.5882352941176471,12,5,7,343.03230048271485,0.7746951219512195,0.19113895267628012,0.22762326886551879,135939.89842437362,1126.3552167798975,137066.2536411535,2577,18,892.4634146341464,38,3,16,30.346318683195022,0.6757127192982456,39.289529914529915,1042.8418803418806,27.44320737741791,0
2617,4,0,1,40,0.0,0.024390243902439025,0.975609756097561,41,1250,1000,250,0.8,15,10,5,342.27368518922844,0.7741869918699187,0.19311857395509624,0.22765396881387112,136023.47231353645,1111.4510281978241,137134.92334173428,2578,19,893.4634146341464,38,3,17,30.28322579543903,0.6765350877192982,39.20940170940171,1043.1623931623935,27.451641925326147,0
2618,4,0,0,40,0.0,0.0,1.0,40,850,600,250,0.7058823529411765,11,6,5,346.03514819784226,0.7719284188034188,0.18636100893326346,0.23040758818071863,136062.3355864304,1416.4700917589948,137478.80567818938,2579,20,872.625,37,3,17,30.146588719565607,0.6787725225225225,39.172149122807014,1043.3114035087715,28.197605500237067,0
2619,4,0,1,39,0.0,0.025,0.975,40,1250,600,650,0.48,19,6,13,348.2456245194244,0.7701388888888889,0.18877245508982088,0.23262807717897527,136176.75781249985,1484.5920138888741,137661.34982638873,2580,21,873.625,37,3,17,29.975465735196277,0.6798986486486487,39.06249999999999,1043.7499999999989,28.209459459459428,0
2620,4,0,0,39,0.0,0.0,1.0,39,950,500,450,0.5263157894736842,14,5,9,356.9525279401904,0.7695119208277104,0.19272554195929992,0.23795123193480622,136103.3055859915,1916.483797987189,138019.7893839787,2581,22,889.7435897435897,36,3,17,29.821165191740413,0.6811342592592593,39.13288288288289,1043.4684684684694,28.985235235235262,0
2621,4,0,0,39,0.0,0.0,1.0,39,750,600,150,0.8,9,6,3,355.3723033804664,0.7695681511470985,0.19314191797196,0.23709396223374982,136132.68409879494,1875.5571027108417,138008.2412015058,2582,23,890.7435897435897,36,3,17,29.8332344160282,0.681423611111111,39.10472972972974,1043.5810810810826,28.988363363363405,0
2622,4,0,0,39,0.0,0.0,1.0,39,950,800,150,0.8421052631578947,11,8,3,358.87981521506026,0.7691745389113811,0.19868267813029883,0.2398310747821482,136191.45063560197,1975.272527595175,138166.72316319714,2583,24,891.7435897435897,36,3,17,29.683398065235366,0.6820023148148149,39.04842342342343,1043.8063063063073,28.994619619619648,0
2623,4,0,0,39,0.0,0.0,1.0,39,1150,800,350,0.6956521739130435,15,8,7,357.7710280489014,0.7676563202878993,0.20710229314930628,0.24008455239692572,136338.4224596218,1955.5875131888668,138294.00997281066,2584,25,892.7435897435897,36,3,17,29.56653008410611,0.6834490740740741,38.90765765765766,1044.3693693693695,29.010260260260264,0
2624,4,0,0,39,0.0,0.0,1.0,39,800,600,200,0.75,10,6,4,359.4823259671442,0.7660818713450293,0.20752730076865045,0.2418359345900796,136426.64359883533,2008.5934329599884,138435.23703179532,2585,26,893.7435897435897,36,3,17,29.434353778161036,0.6843171296296297,38.8231981981982,1044.7072072072074,29.01964464464465,0
2625,4,0,0,39,0.0,0.0,1.0,39,450,400,50,0.8888888888888888,5,4,1,357.39775640236115,0.7661943319838057,0.20590194014054375,0.2408346972881268,136485.47354364488,1955.9204052024916,138441.39394884737,2586,27,894.7435897435897,36,3,17,29.43047921830658,0.6848958333333334,38.76689189189189,1044.9324324324316,29.02590090090088,0
2626,4,0,0,39,0.0,0.0,1.0,39,900,700,200,0.7777777777777778,11,7,4,356.5731385551785,0.7654071075123707,0.2038045890737108,0.2405165310381743,136520.31304103168,1935.8952995152163,138456.2083405469,2587,28,895.7435897435897,37,2,17,29.41749291784702,0.6832770270270271,38.73355263157894,1045.065789473683,28.24502133712657,0
2627,4,0,0,39,0.0,0.0,1.0,39,1450,1100,350,0.7586206896551724,18,11,7,355.4948525892145,0.7653508771929824,0.20038554294609678,0.24096335530514107,136692.2529648544,1918.678463565691,138610.93142842007,2588,29,896.7435897435897,37,2,18,29.275344273181645,0.6849662162162162,38.56907894736841,1045.7236842105249,28.262802275960134,0
2628,4,0,0,39,0.0,0.0,1.0,39,1000,600,400,0.6,14,6,8,354.28148006393906,0.7636077372919479,0.19963572607962976,0.2407515802118704,136781.44959919387,1891.8328933237497,138673.2824925176,2589,30,897.7435897435897,35,4,18,29.21876152541123,0.6898809523809525,38.48379629629628,1046.0648148148132,29.88756613756609,0
2629,4,0,0,39,0.0,0.0,1.0,39,900,500,400,0.5555555555555556,13,5,8,353.54146916248834,0.76259559154296,0.19682507273748118,0.24108008779541612,136902.54870756165,1880.1456404320875,138782.69434799373,2590,31,898.7435897435897,35,4,18,29.118281353682807,0.6910714285714287,38.36805555555555,1046.5277777777771,29.900793650793634,0
2630,4,0,0,39,0.0,0.0,1.0,39,1100,700,400,0.6363636363636364,15,7,8,358.03581236579043,0.7601776878092668,0.1985188460263072,0.2452043901947998,137053.99794506596,2014.0478984482095,139068.04584351418,2591,32,899.7435897435897,35,4,14,28.850839136361962,0.6925595238095238,38.223379629629626,1047.106481481481,29.91732804232803,0
2631,4,0,0,39,0.0,0.0,1.0,39,1000,800,200,0.8,12,8,4,359.286282180273,0.7596716149347729,0.20159151193633962,0.24627441523993238,137084.297839506,2050.5015432098576,139134.79938271586,2592,33,900.7435897435897,35,4,14,28.7881299734748,0.6928571428571428,38.194444444444436,1047.222222222221,29.920634920634885,0
2632,4,0,1,38,0.0,0.02564102564102564,0.9743589743589743,39,900,600,300,0.6666666666666666,12,6,6,360.15084943035913,0.7564664867296447,0.20706264897559934,0.24805356431898498,137251.41685181783,2086.242872940485,139337.65972475833,2593,34,901.7435897435897,36,3,14,28.600214938205266,0.6924189814814816,38.0349099099099,1047.8603603603588,29.10723223223219,0
2633,4,0,0,38,0.0,0.0,1.0,38,500,300,200,0.6,7,3,4,361.764796456772,0.7531709340919868,0.18881978552123035,0.2494882126364104,137296.49087202066,2333.8074149091153,139630.29828692978,2594,35,891.0,35,3,16,28.513367384502114,0.6949404761904763,37.991898148148145,1048.0324074074067,29.94378306878305,0
2634,4,0,0,38,0.0,0.0,1.0,38,500,300,200,0.6,7,3,4,364.52025246912837,0.7532598387861545,0.19060349637344265,0.2516078815823493,137326.8175582989,2411.681241426594,139738.4987997255,2595,36,892.0,35,3,16,28.41118227326266,0.6952380952380952,37.962962962962955,1048.148148148147,29.94708994708991,0
2635,4,0,0,38,0.0,0.0,1.0,38,950,500,450,0.5263157894736842,14,5,9,361.0388879582638,0.7530820293978189,0.18905014495616457,0.24985876898501966,137417.81771101232,2322.6352184070442,139740.45292941938,2596,37,893.0,35,3,16,28.412467343709746,0.6961309523809525,37.8761574074074,1048.4953703703688,29.95701058201054,0
2636,4,0,0,38,0.0,0.0,1.0,38,950,700,250,0.7368421052631579,12,7,5,361.584223175095,0.7518669985775249,0.19293405661582752,0.2508940452077114,137508.84800454383,2344.2059970850387,139853.0540016289,2597,38,894.0,35,3,17,28.308228499963207,0.6970238095238095,37.78935185185185,1048.8425925925922,29.966931216931204,0
2637,4,0,0,38,0.0,0.0,1.0,38,700,700,0,1.0,7,7,0,358.7151097116624,0.7516299193930773,0.1908634922846495,0.2497781247807933,137630.26861496907,2274.0113811728315,139904.2799961419,2598,39,895.0,35,3,18,28.263567174056917,0.6982142857142857,37.67361111111111,1049.305555555555,29.980158730158713,0
2638,4,0,0,38,0.0,0.0,1.0,38,800,500,300,0.625,11,5,6,361.680733951114,0.7514224751066857,0.19264481375491238,0.2520645053600886,137660.63214002494,2357.839693715717,140018.47183374065,2599,40,896.0,35,3,18,28.15578930921658,0.6985119047619047,37.64467592592593,1049.421296296297,29.98346560846563,0
2639,4,0,0,38,0.0,0.0,1.0,38,500,200,300,0.4,8,2,6,360.6477585178096,0.7503556187766715,0.19077423960165052,0.25178710715920066,137721.36923707562,2333.7806230709903,140055.1498601466,2600,41,897.0,35,3,18,28.12293251736686,0.6991071428571427,37.58680555555556,1049.6527777777778,29.990079365079367,0
2640,4,0,0,38,0.0,0.0,1.0,38,750,500,250,0.6666666666666666,10,5,5,360.4635676499314,0.7502074442863916,0.1906476038825735,0.25167647296367146,137723.83183436832,2328.884754687134,140052.71658905546,2601,42,898.0,36,2,18,28.125335264456595,0.697048611111111,37.58445945945947,1049.6621621621634,29.157282282282317,0
2641,4,0,0,38,0.0,0.0,1.0,38,1300,900,400,0.6923076923076923,17,9,8,356.8279163517257,0.7490220483641536,0.18734335839599003,0.24977954144620818,137812.50000000012,2235.0979780456278,140047.59797804576,2602,43,899.0,35,3,19,28.1332671957672,0.7,37.50000000000001,1050.000000000001,30.000000000000025,0
2642,4,0,0,38,0.0,0.0,1.0,38,1050,800,250,0.7619047619047619,13,8,5,354.5536142473305,0.7473032242769085,0.1894528078680615,0.24906568133968818,137934.0545696159,2181.003515089163,140115.05808470506,2603,44,900.0,35,3,19,28.073123255472314,0.7011904761904761,37.38425925925926,1050.4629629629628,30.01322751322751,0
2643,4,0,0,38,0.0,0.0,1.0,38,1100,900,200,0.8181818181818182,13,9,4,352.4539579654173,0.7461178283546704,0.18029214004173344,0.24846909459052727,138055.66272290814,2131.6529492455425,140187.31567215367,2604,45,901.0,35,3,15,28.00844346549191,0.7023809523809523,37.26851851851852,1050.9259259259263,30.02645502645504,0
2644,4,0,0,38,0.0,0.0,1.0,38,900,600,300,0.6666666666666666,12,6,6,352.3805167910598,0.7453769559032717,0.1758392955421022,0.24952275877215746,138207.74826656815,2140.3435517404037,140348.09181830855,2605,46,902.0,35,3,15,27.86059897266556,0.7038690476190477,37.123842592592595,1051.5046296296302,30.042989417989435,0
2645,4,0,0,38,0.0,0.0,1.0,38,750,600,150,0.8,9,6,3,351.5329593403194,0.7449620673304884,0.17961850936064971,0.24981102951088066,138329.47698313193,2125.4740815757946,140454.9510647077,2606,47,903.0,35,3,16,27.763069827997214,0.7050595238095239,37.008101851851855,1051.967592592593,30.056216931216944,0
2646,4,0,0,38,0.0,0.0,1.0,38,1000,500,500,0.5,15,5,10,351.5329593403194,0.7447546230440968,0.17961850936064971,0.24981102951088066,138329.47698313193,2125.4740815757946,140454.9510647077,2607,48,904.0,35,3,16,27.763069827997214,0.7050595238095239,37.008101851851855,1051.967592592593,30.056216931216944,0
2647,4,0,0,38,0.0,0.0,1.0,38,550,300,250,0.5454545454545454,8,3,5,350.9609643147264,0.7426801801801802,0.18495149003172218,0.2500734394631266,138420.8086848424,2116.060099451321,140536.8687842937,2608,49,905.0,35,3,16,27.688260742044292,0.7059523809523809,36.921296296296305,1052.314814814816,30.0661375661376,0
2648,4,0,0,38,0.0,0.0,1.0,38,1050,700,350,0.6666666666666666,14,7,7,349.592599141851,0.7413466097676624,0.18311814091771628,0.24962887885247378,138493.23721948313,2083.2421526256153,140576.47937210873,2609,50,906.0,36,2,16,27.653034841838746,0.7045717592592592,36.852477477477485,1052.590090090091,29.23861361361364,0
2649,4,0,0,38,0.0,0.0,1.0,38,800,500,300,0.625,11,5,6,351.6502674752096,0.7414651493598862,0.17997140138827117,0.251536216574272,138552.5110203109,2144.4055119308555,140696.91653224174,2610,51,907.0,36,2,16,27.540601490355474,0.7051504629629629,36.796171171171174,1052.8153153153157,29.24486986986988,0
2650,4,0,0,38,0.0,0.0,1.0,38,800,600,200,0.75,10,6,4,349.81584246879584,0.7419689426268373,0.17431677997388695,0.2508801962245536,138641.44549955364,2099.7948117036003,140741.24031125725,2611,52,908.0,36,2,17,27.501470273738246,0.7060185185185185,36.711711711711715,1053.1531531531534,29.254254254254263,0
2651,4,0,0,38,0.0,0.0,1.0,38,1000,700,300,0.7,13,7,6,350.3000193398059,0.7402797534376482,0.17658061795137225,0.2521372948191907,138763.97214768015,2121.8044254001315,140885.77657308028,2612,53,909.0,37,1,18,27.36833090505428,0.7052364864864864,36.59539473684211,1053.6184210526321,28.476173541963032,0
2652,4,0,0,38,0.0,0.0,1.0,38,1050,900,150,0.8571428571428571,12,9,3,350.0219676160796,0.7401908487434803,0.17604091377006803,0.2525834198743064,138850.6319252079,2120.1542782394736,140970.78620344738,2613,54,910.0,37,1,18,27.290539603273682,0.7060810810810809,36.51315789473685,1053.9473684210539,28.485064011379833,0
2653,4,0,0,38,0.0,0.0,1.0,38,800,600,200,0.75,10,6,4,348.9236570722779,0.7390350877192983,0.17475198040110707,0.2524500073289421,138938.9243210949,2095.8395626212473,141034.76388371616,2614,55,911.0,35,3,18,27.232796318659208,0.7110119047619048,36.42939814814815,1054.282407407408,30.122354497354518,0
2654,4,0,0,38,0.0,0.0,1.0,38,850,500,350,0.5882352941176471,12,5,7,350.5909825357741,0.7377904220009484,0.18162833821465085,0.254115707389295,138999.94273244598,2146.425298996915,141146.3680314429,2615,56,912.0,35,3,18,27.128951267698387,0.7116071428571429,36.37152777777778,1054.513888888889,30.128968253968253,0
2655,4,0,0,38,0.0,0.0,1.0,38,800,500,300,0.625,11,5,6,350.0705467319066,0.737375533428165,0.1750007217715157,0.254660258057568,139122.01974290542,2140.5043027691913,141262.52404567463,2616,57,913.0,35,3,18,27.022878954104947,0.7127976190476191,36.25578703703703,1054.976851851851,30.142195767195744,0
2656,4,0,0,38,0.0,0.0,1.0,38,1200,1000,200,0.8333333333333334,14,10,4,347.0373160122355,0.735004741583689,0.16183620989747638,0.25375411858804203,139294.50354070304,2068.0781288044927,141362.58166950752,2617,58,914.0,36,2,17,26.933761823483383,0.7123842592592593,36.09234234234235,1055.630630630632,29.323073073073108,0
2657,4,0,0,38,0.0,0.0,1.0,38,650,400,250,0.6153846153846154,9,4,5,347.68066087247234,0.7341453295400664,0.1616020161312952,0.25490238913222635,139383.67579995544,2092.2017033925945,141475.87750334802,2618,59,915.0,36,2,18,26.829387508442654,0.7132523148148149,36.00788288288289,1055.9684684684692,29.332457457457476,0
2658,4,0,0,38,0.0,0.0,1.0,38,1200,1000,200,0.8333333333333334,14,10,4,348.8309925594606,0.7336711711711712,0.16862471176341898,0.25665753264316077,139502.61653122722,2132.5672378459617,141635.1837690732,2619,60,916.0,36,2,18,26.68247876914331,0.7144097222222222,35.895270270270274,1056.4189189189192,29.344969969969977,0
2659,4,0,0,38,0.0,0.0,1.0,38,800,300,500,0.375,13,3,10,349.6645738426695,0.732604314841157,0.16839805471261005,0.25772998400359526,139562.10591926385,2159.9848581689766,141722.09077743284,2620,61,917.0,36,2,18,26.602188354826097,0.7149884259259259,35.83896396396396,1056.644144144144,29.351226226226224,0
2660,4,0,0,38,0.0,0.0,1.0,38,1400,1100,300,0.7857142857142857,17,11,6,349.469193565606,0.7324857752489331,0.16377788117113523,0.2589712911118766,139740.6501729771,2167.0104648567594,141907.66063783385,2621,62,918.0,36,2,18,26.432527425710944,0.716724537037037,35.67004504504505,1057.3198198198204,29.36999499499501,0
2661,4,0,0,38,0.0,0.0,1.0,38,750,700,50,0.9333333333333333,8,7,1,350.4735370542449,0.7320116168800379,0.1633450840390296,0.26018157995860997,139800.1902874159,2199.2534341774376,141999.44372159333,2622,63,919.0,36,2,19,26.34769992546055,0.7173032407407407,35.613738738738746,1057.5450450450458,29.376251251251272,0
2662,4,0,0,38,0.0,0.0,1.0,38,1000,800,200,0.8,12,8,4,348.3623941298673,0.7310929350403035,0.16064716055714023,0.25910963887207633,139863.66147516546,2144.647992651585,142008.30946781705,2623,64,920.0,37,1,19,26.341414429356266,0.7159346846846846,35.55372807017544,1057.7850877192984,28.588786154575633,0
2663,4,0,0,38,0.0,0.0,1.0,38,750,600,150,0.8,9,6,3,354.16894499211026,0.7310929350403035,0.1546702725192426,0.2560135516657256,138908.42013888905,2239.4097222222417,141147.8298611113,2624,65,921.0,37,1,20,27.124505928853758,0.706644144144144,36.45833333333334,1054.166666666668,28.49099099099103,3
2664,4,0,0,38,0.0,0.0,1.0,38,950,700,250,0.7368421052631579,12,7,5,354.602907987628,0.7304706021811285,0.1545149922005895,0.2567911360705316,138969.43185228037,2255.7929312414094,141225.2247835218,2625,66,922.0,35,3,20,27.053146725210397,0.7113095238095238,36.400462962962955,1054.398148148147,30.12566137566134,0
2665,4,0,0,38,0.0,0.0,1.0,38,400,200,200,0.5,6,2,4,343.73600300701844,0.7304706021811285,0.1364957337163133,0.24502005706335525,138433.97610025565,1916.9483250142007,140350.92442526986,2626,67,923.0,36,2,18,27.86539147494203,0.7039930555555556,36.90878378378378,1052.3648648648648,29.232357357357355,1
2666,4,0,0,38,0.0,0.0,1.0,38,1200,800,400,0.6666666666666666,16,8,8,350.632188667239,0.7304706021811285,0.10811998681463564,0.2462651295771371,137927.65562480772,2072.375153893514,140000.03077870124,2627,68,924.0,37,1,21,28.182411273486434,0.697072072072072,37.390350877192986,1050.4385964912287,28.390232337600775,1
2667,4,0,0,38,0.0,0.0,1.0,38,650,300,350,0.46153846153846156,10,3,7,351.7208119107314,0.729551920341394,0.10655656672726366,0.24765176638798972,138014.05390360497,2108.48301881348,140122.53692241845,2628,69,925.0,37,1,21,28.068693693693685,0.6979166666666666,37.30811403508772,1050.7675438596493,28.399122807017548,0
2668,4,0,0,38,0.0,0.0,1.0,38,850,500,350,0.5882352941176471,12,5,7,349.27448484948445,0.7293444760550024,0.10269911164307532,0.2465497210432372,138100.47923399517,2046.9947483841245,140147.4739823793,2629,70,926.0,37,1,17,28.047847555462823,0.6987612612612613,37.22587719298246,1051.0964912280708,28.408013276434346,0
2669,4,0,0,38,0.0,0.0,1.0,38,850,700,150,0.8235294117647058,10,7,3,353.25759201505,0.7291666666666666,0.10339678984695744,0.24978125311506635,138158.11114958447,2161.080332409968,140319.19148199444,2630,71,927.0,37,1,17,27.88642052565707,0.6993243243243243,37.171052631578945,1051.3157894736842,28.413940256045517,0
2670,4,0,0,38,0.0,0.0,1.0,38,1200,900,300,0.75,15,9,6,353.25759201505,0.7291666666666666,0.10339678984695744,0.24978125311506635,138158.11114958447,2161.080332409968,140319.19148199444,2631,72,928.0,37,1,17,27.88642052565707,0.6993243243243243,37.171052631578945,1051.3157894736842,28.413940256045517,0
2671,4,0,0,38,0.0,0.0,1.0,38,850,600,250,0.7058823529411765,11,6,5,351.94137328616097,0.7278627311522048,0.1051726124820962,0.24948039254897048,138244.58156596264,2130.797577139122,140375.37914310177,2632,73,929.0,37,1,18,27.83588346713933,0.7001689189189189,37.088815789473685,1051.6447368421057,28.422830725462315,0
2672,4,0,0,38,0.0,0.0,1.0,38,700,500,200,0.7142857142857143,9,5,4,352.43302514005256,0.7260550023707919,0.1036119065644101,0.25046240319953056,138331.07903393343,2150.488130963367,140481.5671648968,2633,74,930.0,37,1,18,27.737822250017363,0.7010135135135135,37.00657894736842,1051.9736842105258,28.431721194879074,0
2673,4,0,0,38,0.0,0.0,1.0,38,650,400,250,0.6153846153846154,9,4,5,350.60667990401646,0.7256104788999526,0.10285040960610448,0.24968367247828324,138402.07151955945,2104.9381574621925,140507.00967702165,2634,75,931.0,38,0,18,27.71601177784547,0.6998355263157895,36.93910256410256,1052.2435897435894,27.690620782726036,0
2674,4,0,0,38,0.0,0.0,1.0,38,1050,700,350,0.6666666666666666,14,7,7,349.2461882882496,0.7237434803224277,0.1027149176229245,0.249331409204046,138486.3987508218,2073.169378698223,140559.56812952002,2635,76,932.0,38,0,18,27.668874340235483,0.700657894736842,36.85897435897436,1052.5641025641023,27.69905533063427,0
2675,4,0,0,38,0.0,0.0,1.0,38,850,500,350,0.5882352941176471,12,5,7,346.21034384333177,0.7239212897107634,0.10331898347451718,0.24757305720117476,138542.63117283944,1992.9783950617168,140535.60956790115,2636,77,933.0,38,0,18,27.69349164467897,0.7012061403508772,36.80555555555555,1052.7777777777771,27.704678362573084,0
2676,4,0,0,38,0.0,0.0,1.0,38,750,500,250,0.6666666666666666,10,5,5,346.2470664822576,0.7236545756282599,0.10466234078346548,0.24780427307063532,138570.75166420118,1995.9432527942135,140566.6949169954,2637,78,934.0,38,0,19,27.664890918315574,0.7014802631578947,36.77884615384615,1052.8846153846152,27.707489878542507,0
2677,4,0,0,38,0.0,0.0,1.0,38,1000,700,300,0.7,13,7,6,345.3564731879741,0.724128733997155,0.10609879166822389,0.24757663681555328,138627.00120763012,1975.1464451384227,140602.14765276853,2638,79,935.0,38,0,19,27.633069561394613,0.7020285087719298,36.725427350427346,1053.0982905982899,27.71311291048131,0
2678,4,0,0,38,0.0,0.0,1.0,38,1300,1000,300,0.7692307692307693,16,10,6,343.8037185917244,0.7233878615457563,0.10721148713568907,0.2470775995127115,138711.39692453787,1937.8988147417554,140649.29573927962,2639,80,936.0,38,0,19,27.59106659905342,0.7028508771929824,36.64529914529914,1053.4188034188028,27.721547458389548,0
2679,4,0,0,38,0.0,0.0,1.0,38,1150,1000,150,0.8695652173913043,13,10,3,359.8372845673546,0.7233878615457563,0.03915545962698519,0.2386368602674715,135919.37543282547,2202.388828004324,138121.7642608298,2640,81,937.0,37,1,17,29.928583946722753,0.6773648648648649,39.30921052631579,1042.7631578947367,28.182788051209098,7
2680,4,0,0,38,0.0,0.0,1.0,38,1100,700,400,0.6363636363636364,15,7,8,360.70877385017803,0.7215801327643433,0.03757778576762427,0.24017802541528668,136062.3355864305,2215.775647314564,138278.11123374506,2641,82,938.0,37,1,17,29.763859695218084,0.6787725225225224,39.17214912280702,1043.3114035087724,28.197605500237092,0
2681,4,0,0,38,0.0,0.0,1.0,38,1000,800,200,0.8,12,8,4,359.66093551148975,0.7204243717401613,0.04121277136948254,0.24005980253845455,136148.14774738392,2193.4340373961345,138341.58178478005,2642,83,939.0,37,1,17,29.705995657350986,0.679617117117117,39.08991228070176,1043.640350877194,28.20649596965389,0
2682,4,0,1,37,0.0,0.02631578947368421,0.9736842105263158,38,600,400,200,0.6666666666666666,8,4,4,357.89972494149185,0.719387150308203,0.04421528034980837,0.23946333669486614,136233.98695993001,2151.6212921283504,138385.60825205836,2643,84,940.0,37,1,17,29.66676732135981,0.6804617117117118,39.00767543859649,1043.9692982456143,28.215386439070656,0
2683,4,0,0,37,0.0,0.0,1.0,37,550,200,350,0.36363636363636365,9,2,7,367.4844302223232,0.7187187187187187,0.047429239575102144,0.2455813398508087,136191.45063560194,2609.6475275951734,138801.0981631971,2644,85,953.1891891891892,36,1,18,29.4588592800374,0.6820023148148149,39.04842342342343,1043.806306306307,28.99461961961964,0
2684,4,0,0,37,0.0,0.0,1.0,37,700,400,300,0.5714285714285714,10,4,6,362.10931045030037,0.7187187187187187,0.01637653386351201,0.221624091308131,132991.11415291234,2231.464128385648,135222.578281298,2645,86,954.1891891891892,37,0,14,32.79505953013712,0.6483671171171171,42.132675438596486,1031.4692982456133,27.877548601232792,8
2685,4,0,0,37,0.0,0.0,1.0,37,700,600,100,0.8571428571428571,8,6,2,365.1976722256042,0.7184059059059059,0.019427291265760926,0.22402282240175564,133075.95245652492,2319.8056132656016,135395.75806979052,2646,87,955.1891891891892,37,0,14,32.630180658873535,0.6492117117117118,42.05043859649122,1031.7982456140337,27.88643907064956,0
2686,4,0,0,37,0.0,0.0,1.0,37,750,400,350,0.5333333333333333,11,4,7,364.27622033631064,0.7194069069069069,0.02269672987905036,0.22379685285935724,133132.52635426272,2299.402700831011,135431.92905509373,2647,88,956.1891891891892,37,0,15,32.59712778013882,0.6497747747747749,41.99561403508771,1032.0175438596482,27.89236605026076,0
2687,4,0,0,37,0.0,0.0,1.0,37,1150,900,250,0.782608695652174,14,9,5,364.80271906455545,0.7163413413413413,0.02093303494577392,0.22548829485486277,133358.9421745151,2329.9409433671763,135688.88311788227,2648,89,957.1891891891892,37,0,17,32.35624557678699,0.6520270270270271,41.77631578947368,1032.8947368421043,27.916073968705522,0
2688,4,0,0,37,0.0,0.0,1.0,37,650,500,150,0.7692307692307693,8,5,3,363.38217806899615,0.7156531531531531,0.021800616154256547,0.2249531459767462,133415.57618690346,2296.1685326254,135711.74471952886,2649,90,958.1891891891892,37,0,17,32.336110521474545,0.6525900900900903,41.721491228070164,1033.1140350877176,27.922000948316693,0
2689,4,0,0,37,0.0,0.0,1.0,37,350,100,250,0.2857142857142857,6,1,5,363.22840790842884,0.7144019019019019,0.02005231037489108,0.2252016129032257,133472.22222222216,2296.192578485683,135768.41480070783,2650,91,959.1891891891892,36,1,17,32.283266129032256,0.6550925925925927,41.666666666666664,1033.333333333333,28.703703703703695,0
2690,4,0,0,37,0.0,0.0,1.0,37,650,400,250,0.6153846153846154,9,4,5,361.29510149166725,0.7144019019019019,0.02166167038688327,0.22435496897770776,133530.41174620565,2248.7767328138953,135779.18847901953,2651,92,960.1891891891892,36,1,17,32.27486925256049,0.6556712962962963,41.61036036036036,1033.5585585585584,28.709959959959956,0
2691,4,0,0,37,0.0,0.0,1.0,37,800,500,300,0.625,11,5,6,360.76682235672314,0.7142767767767768,0.02211382496754477,0.22455594549539476,133617.7198101817,2240.968037294035,135858.68784747575,2652,93,961.1891891891892,36,1,18,32.20101296155103,0.6565393518518519,41.52590090090089,1033.8963963963954,28.719344344344318,0
2692,4,0,0,37,0.0,0.0,1.0,37,1250,800,450,0.64,17,8,9,326.9764202634866,0.7138388388388388,0.031913722900847485,0.18937123842793505,130895.62694028474,1195.579320874916,132091.20626115965,2653,94,962.1891891891892,36,1,16,35.807334653901194,0.6293402777777779,44.17229729729729,1023.3108108108097,28.425300300300268,8
2693,4,1,0,38,0.02631578947368421,0.0,1.0,38,900,700,200,0.7777777777777778,11,7,4,320.347700906112,0.7222913703176861,0.036598826404766305,0.1873572974135494,131271.9358360263,810.5325677131227,132082.46840373942,2654,0,937.8421052631579,37,1,17,35.597671017904275,0.6311936936936938,43.8048245614035,1024.7807017543846,27.696775723091477,0
2694,4,0,0,38,0.0,0.0,1.0,38,750,400,350,0.5333333333333333,11,4,7,318.78703994966975,0.7222913703176861,0.02716014635519226,0.18699239796294911,131384.32618690346,776.7240881809537,132161.05027508442,2655,1,938.8421052631579,37,1,17,35.52450980392156,0.6323198198198199,43.69517543859648,1025.2192982456124,27.70862968231385,0
2695,4,0,0,38,0.0,0.0,1.0,38,850,600,250,0.7058823529411765,11,6,5,315.97927351019473,0.7220246562351825,0.023176460659934728,0.1860280744926284,131524.88175448182,711.8273170590656,132236.70907154088,2656,2,939.8421052631579,37,1,17,35.455081952610016,0.6337274774774776,43.558114035087705,1025.7675438596466,27.7234471313418,0
2696,4,0,0,38,0.0,0.0,1.0,38,850,600,250,0.7058823529411765,11,6,5,317.07193354979535,0.7221431958274064,0.02721557071437042,0.18722247483233626,131637.3803117303,747.7037405740011,132385.0840523043,2657,3,940.8421052631579,37,1,15,35.313935783737584,0.6348536036036037,43.44846491228069,1026.2061403508753,27.7353010905642,0
2697,4,0,0,38,0.0,0.0,1.0,38,1450,1100,350,0.7586206896551724,18,11,7,320.1286576363512,0.7211356092935041,0.03690505631871188,0.18972688291815099,131778.0711372727,837.1874038165196,132615.25854108922,2658,4,941.8421052631579,37,1,17,35.09406592624233,0.6362612612612614,43.31140350877191,1026.7543859649097,27.750118539592155,0
2698,4,0,0,38,0.0,0.0,1.0,38,800,500,300,0.625,11,5,6,318.5918813687749,0.7203354670459934,0.03794552564160214,0.18937618938214956,131890.67790089233,803.8598414896574,132694.537742382,2659,5,942.8421052631579,37,1,17,35.020370765727286,0.6373873873873875,43.2017543859649,1027.1929824561382,27.761972498814547,0
2699,4,0,0,38,0.0,0.0,1.0,38,900,600,300,0.6666666666666666,12,6,6,319.48534088591356,0.7197131341868184,0.03696454346837097,0.19033039602300647,131975.16453379864,832.8260859110237,132807.99061970966,2660,6,943.8421052631579,37,1,17,34.912562693415865,0.638231981981982,43.11951754385964,1027.5219298245595,27.770862968231338,0
2700,4,1,0,39,0.02564102564102564,0.0,1.0,39,750,400,350,0.5333333333333333,11,4,7,311.1238784735695,0.7335245164192533,0.04034479268221225,0.18648060113241427,132205.65440317008,426.46719081010195,132632.12159398018,2661,0,920.6153846153846,38,1,18,34.89615797492901,0.6387061403508774,42.89529914529913,1028.4188034188007,27.06365272154739,0
2701,4,1,0,40,0.025,0.0,1.0,40,950,500,450,0.5263157894736842,14,5,9,303.84456852218057,0.7419070512820513,0.04860914424438589,0.18383154249756875,132558.8595920137,55.457899305531086,132614.31749131923,2662,0,898.575,39,1,19,34.72966821768156,0.6404914529914532,42.55208333333332,1029.7916666666652,26.404914529914493,0
2702,4,0,0,40,0.0,0.0,1.0,40,1000,600,400,0.6,14,6,8,301.4657695724763,0.7403311965811966,0.05037917087967658,0.18291389331728752,132666.1512586804,-1.1393229166866945,132665.0119357637,2663,1,899.575,39,1,13,34.683602965958876,0.6415598290598292,42.44791666666666,1030.208333333332,26.415598290598254,0
2703,4,0,1,39,0.0,0.025,0.975,40,1000,800,200,0.8,12,8,4,300.65877536971993,0.7407318376068376,0.049431416152835306,0.18281605806592727,132746.6484917533,-17.711046006964295,132728.93744574633,2664,2,900.575,39,1,13,34.62391337309208,0.6423611111111113,42.36979166666666,1030.520833333332,26.423611111111075,0
2704,4,0,0,39,0.0,0.0,1.0,39,1250,600,650,0.48,19,6,13,310.52632851935795,0.72953216374269,0.05302069625553307,0.18872252290921276,132728.07004026952,443.1120562130145,133171.18209648255,2665,4,924.6153846153846,38,1,14,34.38828408501814,0.6439144736842106,42.38782051282051,1030.4487179487176,27.117071524966253,0
2705,4,0,1,38,0.0,0.02564102564102564,0.9743589743589743,39,800,600,200,0.75,10,6,4,312.7940078928292,0.7309379217273955,0.0508941145210573,0.19080039040238958,132865.71905361974,511.9201548688751,133377.63920848863,2666,5,925.6153846153846,38,1,17,34.19214162348877,0.6452850877192982,42.254273504273506,1030.9829059829065,27.13112910481333,0
2706,4,0,0,38,0.0,0.0,1.0,38,750,600,150,0.8,9,6,3,319.1085238428286,0.7170163584637269,0.045214492642927206,0.1942233394013732,132783.1210849039,874.4451521294482,133657.56623703334,2667,13,950.8421052631579,38,0,17,34.11207283784251,0.6444627192982456,42.33440170940171,1030.6623931623928,27.122694556905074,0
2707,4,0,0,38,0.0,0.0,1.0,38,700,500,200,0.7142857142857143,9,5,4,317.36733872050263,0.7162162162162162,0.042754295064085124,0.1935900643901927,132865.71905361957,833.4479326466387,133699.1669862662,2668,14,951.8421052631579,38,0,17,34.07426597582038,0.6452850877192983,42.2542735042735,1030.982905982905,27.131129104813294,0
2708,4,1,0,39,0.02564102564102564,0.0,1.0,39,950,500,450,0.5263157894736842,14,5,9,310.22126590666596,0.7279014844804319,0.03891040517011635,0.19108781643262704,133230.14458550356,466.1648220486205,133696.30940755218,2669,0,928.4102564102565,39,0,18,33.89426310833081,0.6471688034188035,41.90104166666667,1032.3958333333342,26.471688034188055,0
2709,4,0,0,39,0.0,0.0,1.0,39,950,500,450,0.5263157894736842,14,5,9,308.7150295641922,0.7253148897885741,0.04054571218750325,0.19084901702983373,133364.60503472242,434.3315972222419,133798.93663194467,2670,1,929.4102564102565,39,0,19,33.79891085114966,0.6485042735042734,41.77083333333334,1032.9166666666683,26.48504273504278,0
2710,4,0,0,39,0.0,0.0,1.0,39,500,300,200,0.6,7,3,4,317.53783997577,0.7253148897885741,0.005797506554547471,0.19503083574953195,133122.62505425338,654.2941623263799,133776.91921657976,2671,2,930.4102564102565,39,0,16,33.812897446250126,0.6461004273504274,42.00520833333333,1031.9791666666658,26.46100427350425,1
2711,4,0,1,38,0.0,0.02564102564102564,0.9743589743589743,39,1100,900,200,0.8181818181818182,13,9,4,315.8643520608473,0.7254835807467387,0.009105771817636166,0.19470444388228347,133257.03125,618.229166666668,133875.26041666666,2672,3,931.4102564102565,39,0,16,33.72175141242938,0.6474358974358975,41.875,1032.5,26.474358974358974,0
2712,4,0,0,38,0.0,0.0,1.0,38,1100,800,300,0.7272727272727273,14,8,6,324.7018436234348,0.7140528686581318,0.007328551120116211,0.19997411822391647,133223.94035585134,1051.6118096646856,134275.55216551604,2673,19,956.8421052631579,38,0,17,33.52672565455862,0.6488486842105263,41.90705128205128,1032.3717948717942,27.167678812415637,0
2713,4,0,0,38,0.0,0.0,1.0,38,600,400,200,0.6666666666666666,8,4,4,324.42767381364877,0.7142603129445235,0.0044603956082258644,0.19995338263616697,133251.51581561824,1046.0958616407206,134297.61167725897,2674,20,957.8421052631579,38,0,17,33.50622585540838,0.6491228070175439,41.880341880341874,1032.4786324786314,27.17049032838504,0
2714,4,0,0,38,0.0,0.0,1.0,38,1400,1100,300,0.7857142857142857,17,11,6,324.2318110896399,0.7142010431484116,0.014221956131279745,0.20072481518801627,133417.0284991598,1051.608956096125,134468.6374552559,2675,21,958.8421052631579,38,0,17,33.34582902447432,0.6507675438596492,41.720085470085465,1033.119658119657,27.187359424201503,0
2715,4,1,0,39,0.02564102564102564,0.0,1.0,39,850,700,150,0.8235294117647058,10,7,3,318.5947148671108,0.7201417004048584,0.030779559480465846,0.19897141626606377,133741.45507812515,721.8641493055707,134463.3192274307,2676,0,935.2307692307693,39,0,15,33.167589795233305,0.6522435897435896,41.40625000000001,1034.3750000000011,26.522435897435926,0
2716,4,0,0,39,0.0,0.0,1.0,39,1200,900,300,0.75,15,9,6,318.35058606602684,0.7201417004048584,0.06423248417573557,0.19016244450965836,132076.58420138905,609.3315972222429,132685.9157986113,2677,1,936.2307692307693,39,0,16,34.83988650182409,0.6356837606837606,43.02083333333334,1027.916666666668,26.356837606837644,2
2717,4,0,0,39,0.0,0.0,1.0,39,1050,600,450,0.5714285714285714,15,6,9,317.9764145127264,0.7185110211426001,0.05505821367261676,0.19061209110407715,132210.4614257814,607.9616970486263,132818.42312283002,2678,2,937.2307692307693,39,0,16,34.7151532799892,0.6370192307692307,42.89062500000001,1028.4375000000011,26.37019230769234,0
2718,4,0,0,39,0.0,0.0,1.0,39,1150,600,550,0.5217391304347826,17,6,11,317.8336804999195,0.717948717948718,0.05525478740668577,0.19079681428186693,132264.0313042537,607.5927734375247,132871.62407769123,2679,3,938.2307692307693,39,0,16,34.665084388185655,0.6375534188034188,42.83854166666668,1028.6458333333353,26.375534188034237,0
2719,4,0,0,39,0.0,0.0,1.0,39,1100,600,500,0.5454545454545454,16,6,10,321.1869063325742,0.7167116509221773,0.054172277181484985,0.1939089917706068,132478.41932508687,710.066731770838,133188.4860568577,2680,4,939.2307692307693,39,0,18,34.36382761644575,0.639690170940171,42.630208333333336,1029.4791666666672,26.396901709401725,0
2720,4,0,0,39,0.0,0.0,1.0,39,1100,700,400,0.6363636363636364,15,7,8,321.5253935323948,0.7151934322986955,0.05104343360463104,0.19452876624609913,132558.85959201408,724.2078993055754,133283.06749131964,2681,5,940.2307692307693,39,0,19,34.27447906129881,0.6404914529914529,42.55208333333334,1029.7916666666683,26.404914529914574,0
2721,4,0,1,38,0.0,0.02564102564102564,0.9743589743589743,39,1200,1000,200,0.8333333333333334,14,10,4,321.4224007050249,0.7149685110211427,0.047911643462704934,0.19502254864863186,132666.15125868068,728.374565972232,133394.5258246529,2682,6,941.2307692307693,39,0,16,34.16961577350859,0.641559829059829,42.44791666666667,1030.2083333333344,26.415598290598318,0
2722,4,0,0,38,0.0,0.0,1.0,38,1100,900,200,0.8181818181818182,13,9,4,327.6792324512318,0.7123044096728307,0.04961236077746212,0.19841883171041919,132590.49236613335,1089.4301537730914,133679.92251990642,2683,7,963.578947368421,38,0,19,34.0843274550484,0.6425438596491229,42.521367521367516,1029.9145299145293,27.103013945119194,0
2723,4,0,0,38,0.0,0.0,1.0,38,1250,900,350,0.72,16,9,7,327.1422737060964,0.7123636794689426,0.038720869337522945,0.1992593848937132,132810.65088757395,1089.595660749505,133900.24654832346,2684,8,964.578947368421,38,0,17,33.87748756218906,0.6447368421052632,42.30769230769231,1030.7692307692307,27.125506072874494,0
2724,4,0,0,38,0.0,0.0,1.0,38,1100,800,300,0.7272727272727273,14,8,6,322.02149722119486,0.7132823613086771,0.038586497315271195,0.19715393504569662,133003.43940618378,965.9933386295534,133969.43274481333,2685,9,965.578947368421,38,0,18,33.81645952011048,0.6466557017543859,42.120726495726494,1031.517094017094,27.14518668466037,0
2725,4,0,0,38,0.0,0.0,1.0,38,800,600,200,0.75,10,6,4,321.9284457835734,0.7129267425320057,0.038365952159055805,0.19738812704329958,133058.54752218933,967.066280407629,134025.61380259696,2686,10,966.578947368421,38,0,18,33.763720617168914,0.647203947368421,42.06730769230769,1031.730769230769,27.150809716599184,0
2726,4,0,0,38,0.0,0.0,1.0,38,950,800,150,0.8421052631578947,11,8,3,323.10537651549043,0.7131045519203414,0.039633066515548654,0.1984027229347186,133113.6670524692,1001.9483024691446,134115.61535493835,2687,11,967.578947368421,38,0,18,33.67821893225662,0.6477521929824561,42.01388888888889,1031.944444444445,27.156432748538027,0
2727,4,0,0,38,0.0,0.0,1.0,38,1100,700,400,0.6363636363636364,15,7,8,324.16959222252206,0.7134898055950688,0.03782281791435094,0.19920345170925982,133141.23109796195,1032.067718606184,134173.29881656813,2688,12,968.578947368421,38,0,18,33.623188405797094,0.6480263157894737,41.98717948717949,1032.0512820512827,27.15924426450744,0
2728,4,1,1,38,0.02564102564102564,0.02564102564102564,0.9743589743589743,39,1250,1200,50,0.96,13,12,1,315.0632534051067,0.7231781376518219,0.03267492328889632,0.19519752720332642,133445.31385633687,608.7429470486167,134054.0568033855,2689,0,944.7179487179487,39,0,19,33.55439476425715,0.6493055555555556,41.692708333333336,1033.2291666666672,26.493055555555568,0
2729,4,0,0,38,0.0,0.0,1.0,38,850,800,50,0.9411764705882353,9,8,1,322.5778836625085,0.7155346135609294,0.03747692910770728,0.19925625567830466,133334.25931633054,1002.1366379939984,134336.39595432454,2690,14,970.578947368421,38,0,20,33.47125961173752,0.6499451754385965,41.80021367521367,1032.7991452991446,27.17892487629328,0
2730,4,0,0,38,0.0,0.0,1.0,38,700,500,200,0.7142857142857143,9,5,4,322.9300648871377,0.7160087719298246,0.04405016574946563,0.1997703645165536,133389.43591798152,1015.0918392504874,134404.52775723202,2691,15,971.578947368421,38,0,20,33.40702244285864,0.6504934210526316,41.74679487179487,1033.0128205128199,27.1845479082321,0
2731,4,1,1,38,0.02564102564102564,0.02564102564102564,0.9743589743589743,39,450,300,150,0.6666666666666666,6,3,3,316.14184469161006,0.7246401259559154,0.0481560421107019,0.19672149269995196,133606.80474175367,647.7403428819642,134254.54508463564,2692,0,947.6410256410256,39,0,20,33.36534424853065,0.6509081196581196,41.53645833333334,1033.8541666666683,26.50908119658124,0
2732,4,0,0,38,0.0,0.0,1.0,38,1500,1200,300,0.8,18,12,6,327.2423469444691,0.7132230915125652,0.05207409864953805,0.2036478579666641,133610.2564673278,1144.586780444155,134754.84324777196,2693,17,973.578947368421,38,0,20,33.07498880507045,0.6526864035087719,41.53311965811966,1033.8675213675215,27.207040035987408,0
2733,4,0,0,38,0.0,0.0,1.0,38,650,500,150,0.7692307692307693,8,5,3,328.1478870722191,0.713311996206733,0.0532352269390155,0.2043639157712313,133637.8718770545,1170.5970578566712,134808.4689349112,2694,18,974.578947368421,38,0,20,33.02399772680306,0.6529605263157894,41.506410256410255,1033.9743589743587,27.209851551956806,0
2734,4,1,0,39,0.02564102564102564,0.0,1.0,39,1050,800,250,0.7619047619047619,13,8,5,322.0352607736211,0.724246513720198,0.05759940542549269,0.20200393630345317,133903.125,824.3055555555559,134727.43055555556,2695,0,950.5641025641025,39,0,17,32.91733762748256,0.6538461538461539,41.25,1035.0,26.53846153846154,0
2735,4,0,0,39,0.0,0.0,1.0,39,850,700,150,0.8235294117647058,10,7,3,322.53885485953936,0.7254273504273504,0.05695712737966252,0.20291368463948248,134010.95920138896,844.748263888894,134855.70746527787,2696,1,951.5641025641025,39,0,17,32.79678068410462,0.65491452991453,41.145833333333336,1035.4166666666672,26.549145299145312,0
2736,4,0,0,39,0.0,0.0,1.0,39,950,600,350,0.631578947368421,13,6,7,322.53885485953936,0.7254273504273504,0.05695712737966252,0.20291368463948248,134010.95920138896,844.748263888894,134855.70746527787,2697,2,952.5641025641025,39,0,17,32.79678068410462,0.65491452991453,41.145833333333336,1035.4166666666672,26.549145299145312,0
2737,4,0,0,39,0.0,0.0,1.0,39,950,700,250,0.7368421052631579,12,7,5,324.82301674164125,0.7252586594691858,0.05754149329455971,0.20525347677969302,134172.79188368077,916.4822048611308,135089.2740885419,2698,3,953.5641025641025,39,0,17,32.57632884241572,0.6565170940170939,40.98958333333334,1036.0416666666683,26.565170940170983,0
2738,4,0,0,39,0.0,0.0,1.0,39,1250,700,550,0.56,18,7,11,324.54172310046425,0.7267768780926676,0.05420892076840644,0.20598464466172328,134334.72222222228,919.4444444444498,135254.16666666672,2699,4,954.5641025641025,39,0,19,32.42229367631297,0.6581196581196581,40.833333333333336,1036.666666666667,26.58119658119659,0
2739,4,0,1,38,0.0,0.02564102564102564,0.9743589743589743,39,900,500,400,0.5555555555555556,13,5,8,324.77388832367456,0.7260458839406209,0.05501680639802209,0.20658939669406914,134415.72401258684,930.9434678819497,135346.66748046878,2700,5,955.5641025641025,39,0,19,32.33561443160892,0.6589209401709402,40.755208333333336,1036.979166666667,26.58920940170941,0
2740,4,0,0,38,0.0,0.0,1.0,38,1400,1000,400,0.7142857142857143,18,10,8,332.7870295401048,0.7283665244191561,0.05646534427971783,0.21166650777957124,134412.26189823943,1346.131474176339,135758.39337241577,2701,6,966.8947368421053,38,0,20,32.13132770107837,0.6606359649122808,40.758547008547005,1036.9658119658118,27.28857399910031,0
2741,4,0,0,38,0.0,0.0,1.0,38,800,400,400,0.5,12,4,8,333.75034706795464,0.7284554291133238,0.05063397498793831,0.21276310700477793,134495.3649485899,1377.5749461246055,135872.9398947145,2702,7,967.8947368421053,38,0,20,32.023552030761834,0.6614583333333335,40.67841880341879,1037.2863247863233,27.29700854700851,0
2742,4,0,1,37,0.0,0.02631578947368421,0.9736842105263158,38,700,400,300,0.5714285714285714,10,4,6,336.84875986101235,0.7283961593172119,0.05526234509366157,0.21539249536076424,134606.20896568394,1468.3869119365686,136074.5958776205,2703,8,968.8947368421053,38,0,20,31.832767081917694,0.6625548245614037,40.571581196581185,1037.7136752136737,27.30825461088615,0
2743,4,0,0,37,0.0,0.0,1.0,37,550,400,150,0.7272727272727273,7,4,3,341.7843535655178,0.7294794794794794,0.03841178738167672,0.21872812079091425,134636.1154994804,1803.303540512443,136439.41903999285,2646,9,923.027027027027,37,0,20,31.674920760697297,0.664695945945946,40.542763157894726,1037.8289473684194,28.04943100995728,0
2744,4,0,0,37,0.0,0.0,1.0,37,700,500,200,0.7142857142857143,9,5,4,338.35496861372474,0.7287912912912913,0.03709401660610867,0.2172124201900581,134749.93657904342,1718.662112380718,136468.59869142415,2647,10,924.027027027027,37,0,20,31.650539479705703,0.6658220720720722,40.43311403508771,1038.2675438596482,28.06128496917968,0
2745,4,0,1,36,0.0,0.02702702702702703,0.972972972972973,37,1100,800,300,0.7272727272727273,14,8,6,339.9414085908057,0.7288538538538538,0.03881301337228682,0.21891672084165203,134863.80575032698,1769.15841893659,136632.96416926358,2648,11,925.027027027027,37,0,17,31.4959842007108,0.6669481981981982,40.3234649122807,1038.706140350877,28.07313892840208,0
2746,4,0,0,36,0.0,0.0,1.0,36,950,800,150,0.8421052631578947,11,8,3,345.78488700876136,0.7279431216931217,0.06027401385124942,0.22291164099621436,134901.51627556625,2129.381112531464,137030.8973880977,2649,12,947.6388888888889,36,0,17,31.306684733514,0.6692708333333333,40.28716216216217,1038.8513513513526,28.856981981982017,0
2747,4,0,0,36,0.0,0.0,1.0,36,550,500,50,0.9090909090909091,6,5,1,345.25514594157397,0.7282738095238096,0.057810411473573575,0.2229299672220367,134960.01649876233,2119.1280385114874,137079.14453727382,2650,13,948.6388888888889,36,0,17,31.26219247859542,0.669849537037037,40.23085585585586,1039.076576576577,28.863238238238253,0
2748,4,1,0,37,0.02702702702702703,0.0,1.0,37,1050,800,250,0.7619047619047619,13,8,5,335.5681019994367,0.7356731731731732,0.060400619844127146,0.21867240053369907,135291.2434595261,1679.885156971385,136971.12861649747,2651,0,923.972972972973,37,0,18,31.184566469926935,0.6711711711711711,39.91228070175439,1040.3508771929833,28.117591275486035,0
2749,4,0,0,37,0.0,0.0,1.0,37,750,500,250,0.6666666666666666,10,5,5,338.1176812849587,0.735985985985986,0.059948685383307554,0.2208585624965964,135376.81215614435,1754.658765196999,137131.47092134136,2652,1,924.972972972973,37,0,18,31.033237628630637,0.6720157657657657,39.83004385964913,1040.6798245614048,28.126481744902833,0
2750,4,0,0,37,0.0,0.0,1.0,37,1000,700,300,0.7,13,7,6,334.77057989834736,0.7332332332332332,0.05646214935314453,0.21936829925015938,135490.94583189065,1671.676501423524,137162.62233331418,2653,2,925.972972972973,37,0,18,31.006999297876078,0.6731418918918919,39.72039473684211,1041.1184210526321,28.138335704125193,0
2751,4,0,1,36,0.0,0.02702702702702703,0.972972972972973,37,700,400,300,0.5714285714285714,10,4,6,332.40680549863885,0.7327327327327328,0.05515255173041811,0.21816637400280414,135548.03070415911,1611.417575600198,137159.44827975932,2654,3,926.972972972973,37,0,18,31.01187655750939,0.673704954954955,39.6655701754386,1041.3377192982466,28.144262683736393,0
2752,4,0,0,36,0.0,0.0,1.0,36,850,500,350,0.5882352941176471,12,5,7,339.1732131739325,0.7296957671957672,0.046676758938870355,0.22277513319833295,135575.03449395348,1996.684015096192,137571.71850904968,2655,4,890.4166666666666,36,0,18,30.80891363898503,0.6759259259259258,39.63963963963965,1041.441441441442,28.928928928928947,0
2753,4,0,0,36,0.0,0.0,1.0,36,750,500,250,0.6666666666666666,10,5,5,337.75074420472794,0.7300595238095239,0.04500486539085302,0.22202250413287353,135604.3559395545,1960.0944271974772,137564.45036675196,2656,5,891.4166666666666,36,0,18,30.81684506433127,0.6762152777777778,39.61148648648649,1041.5540540540546,28.932057057057072,0
2754,4,1,0,37,0.02702702702702703,0.0,1.0,37,850,600,250,0.7058823529411765,11,6,5,332.69445743646907,0.7403653653653653,0.05032540426862209,0.22063628244217712,135919.37543282547,1643.9245729455176,137563.300005771,2657,0,868.2972972972973,37,0,18,30.636172450052587,0.6773648648648649,39.30921052631579,1042.7631578947367,28.182788051209098,0
2755,4,0,0,37,0.0,0.0,1.0,37,950,700,250,0.7368421052631579,12,7,5,332.0899682506364,0.7384884884884885,0.045976619747111425,0.22130028976702065,136090.936634349,1638.8869652200617,137729.82359956906,2658,1,869.2972972972973,37,0,18,30.481995236093603,0.6790540540540541,39.14473684210526,1043.4210526315787,28.20056899004267,0
2756,4,0,1,36,0.0,0.02702702702702703,0.972972972972973,37,1100,800,300,0.7272727272727273,14,8,6,338.5998169463185,0.7389264264264265,0.02611534276387384,0.2122600489588454,133879.81520371747,1677.1568212762709,135556.97202499374,2659,2,870.2972972972973,36,1,14,32.51201487123685,0.6591435185185184,41.272522522522536,1034.909909909912,28.74749749749755,7
2757,4,0,0,36,0.0,0.0,1.0,36,1150,900,250,0.782608695652174,14,9,5,347.7501013467862,0.7309193121693123,0.030014914243102098,0.21770909706164362,133831.2596450618,2107.966820987666,135939.22646604947,2660,9,895.4166666666666,35,1,15,32.323825503355714,0.6607142857142856,41.31944444444445,1034.7222222222229,29.56349206349208,0
2758,4,0,0,36,0.0,0.0,1.0,36,1200,900,300,0.75,15,9,6,344.0765316243536,0.7298611111111112,0.021294433266264345,0.21646333698392903,134010.95920138902,2022.0052083333517,136032.96440972236,2661,10,896.4166666666666,35,1,16,32.239268947015425,0.6624999999999999,41.14583333333334,1035.4166666666679,29.583333333333368,0
2759,4,0,0,36,0.0,0.0,1.0,36,800,600,200,0.75,10,6,4,345.5169864678478,0.728373015873016,0.01962044176258071,0.2179021502396597,134100.85419077936,2066.8246045524706,136167.67879533183,2662,11,897.4166666666666,35,1,16,32.11217733825008,0.6633928571428571,41.05902777777778,1035.7638888888891,29.593253968253975,0
2760,4,0,0,36,0.0,0.0,1.0,36,1100,800,300,0.7272727272727273,14,8,6,347.17305118557596,0.7270502645502646,0.017839195979899358,0.22002368530550845,134280.734592014,2123.730468750009,136404.465060764,2663,12,898.4166666666666,35,1,17,31.889656616415397,0.6651785714285714,40.88541666666667,1036.4583333333342,29.613095238095262,0
2761,4,0,0,36,0.0,0.0,1.0,36,1000,800,200,0.8,12,8,4,345.92713560100566,0.7267857142857144,0.013152345155248213,0.21959385921886673,134340.72151759698,2094.4201978309493,136435.14171542792,2664,13,899.4166666666666,35,1,17,31.862067842655662,0.6657738095238095,40.827546296296305,1036.6898148148157,29.61970899470902,0
2762,4,0,0,36,0.0,0.0,1.0,36,1300,900,400,0.6923076923076923,17,9,8,344.5559576629318,0.7232142857142858,0.00557539018433828,0.21980462978881563,134520.7626698603,2069.9860414523423,136590.74871131263,2665,14,900.4166666666666,35,1,20,31.718012012347067,0.6675595238095238,40.65393518518519,1037.3842592592598,29.63955026455028,0
2763,4,0,0,36,0.0,0.0,1.0,36,1150,700,450,0.6086956521739131,16,7,9,344.14583520862703,0.7207671957671958,0.0009074466371825629,0.22063216554583093,134700.9243853951,2071.352425197177,136772.27681059227,2666,15,901.4166666666666,35,1,22,31.54906251161408,0.6693452380952382,40.48032407407407,1038.0787037037028,29.659391534391506,0
2764,4,0,0,36,0.0,0.0,1.0,36,1000,700,300,0.7,13,7,6,343.01196430406475,0.72119708994709,-0.004767919948481358,0.2204515289209216,134791.05045438945,2046.9885973936755,136838.03905178313,2667,16,902.4166666666666,35,1,13,31.488705602615532,0.6702380952380953,40.39351851851851,1038.425925925925,29.669312169312143,0
2765,4,0,2,34,0.0,0.05555555555555555,0.9444444444444444,36,900,600,300,0.6666666666666666,12,6,6,340.800770346311,0.7203042328042328,0.0004918884805285018,0.22030598394093046,135001.46182966806,2001.7204378857853,137003.18226755384,2668,17,903.4166666666666,35,1,14,31.336660541262948,0.6723214285714286,40.190972222222214,1039.23611111111,29.692460317460284,0
2766,4,0,0,34,0.0,0.0,1.0,34,700,500,200,0.7142857142857143,9,5,4,351.8911837338431,0.7173573975044564,0.00817032028766218,0.22624627397273023,134805.19061178385,2687.3516195693865,137492.54223135323,2669,18,894.9705882352941,33,1,14,31.244099598772713,0.6748737373737375,40.37990196078431,1038.480392156862,31.469102792632185,0
2767,4,0,0,34,0.0,0.0,1.0,34,1100,900,200,0.8181818181818182,13,9,4,350.8913897835318,0.716131907308378,0.008295803870681295,0.2261981985699617,134900.65607278436,2667.0957384179023,137567.75181120227,2670,19,895.9705882352941,33,1,15,31.174919389721214,0.6758207070707072,40.287990196078425,1038.8480392156853,31.480243612596524,0
2768,4,0,0,34,0.0,0.0,1.0,34,950,600,350,0.631578947368421,13,6,7,350.7533840970852,0.7165032679738562,0.01124710322911926,0.2263080053557904,134932.48540224903,2665.605175893874,137598.0905781429,2671,20,896.9705882352941,33,1,16,31.14679169615475,0.6761363636363638,40.257352941176464,1038.9705882352932,31.48395721925131,0
2769,4,0,0,34,0.0,0.0,1.0,34,750,600,150,0.8,9,6,3,349.78325739776255,0.7134209744503862,0.008897734995908513,0.2264779839120471,135059.84026576288,2648.3341743559836,137708.17444011886,2672,21,897.9705882352941,33,1,18,31.04515444470644,0.6773989898989901,40.13480392156861,1039.4607843137233,31.4988116458704,0
2770,4,0,0,34,0.0,0.0,1.0,34,850,600,250,0.7058823529411765,11,6,5,349.59698957032293,0.7127153891859774,0.005717316986915133,0.22655701012414423,135091.68836805545,2645.529513888869,137737.21788194432,2673,22,898.9705882352941,33,1,19,31.018286573146277,0.6777146464646466,40.10416666666666,1039.5833333333323,31.502525252525224,0
2771,4,0,0,34,0.0,0.0,1.0,34,650,500,150,0.7692307692307693,8,5,3,350.58561469226686,0.7137923351158646,0.0013655709750315381,0.2278001168666595,135187.25520232588,2678.9413927335413,137866.19659505942,2674,23,899.9705882352941,33,1,19,30.897458559195528,0.6786616161616162,40.01225490196077,1039.9509803921555,31.513666072489563,0
2772,4,0,0,34,0.0,0.0,1.0,34,900,700,200,0.7777777777777778,11,7,4,352.5139393535803,0.7140894236482472,0.003027783551583063,0.2298650802697307,135314.7302119375,2740.0657199153884,138054.7959318529,2675,24,900.9705882352941,33,1,19,30.720455437769917,0.6799242424242425,39.88970588235293,1040.4411764705867,31.528520499108687,0
2773,4,0,0,34,0.0,0.0,1.0,34,950,700,250,0.7368421052631579,12,7,5,351.0139159540364,0.7130496137849079,0.00515363941148772,0.2292930903293595,135378.49024413666,2703.9467993079274,138082.43704344457,2676,25,901.9705882352941,33,1,19,30.69604726016642,0.6805555555555557,39.828431372549005,1040.6862745098022,31.53594771241825,0
2774,4,0,0,34,0.0,0.0,1.0,34,700,400,300,0.5714285714285714,10,4,6,351.0139159540364,0.7130496137849079,0.00515363941148772,0.2292930903293595,135378.49024413666,2703.9467993079274,138082.43704344457,2677,26,902.9705882352941,33,1,19,30.69604726016642,0.6805555555555557,39.828431372549005,1040.6862745098022,31.53594771241825,0
2775,4,0,0,34,0.0,0.0,1.0,34,1450,1100,350,0.7586206896551724,18,11,7,353.02437461433874,0.7113042186571599,0.005756356914897509,0.23163305877204882,135537.95602953172,2769.640432766222,138307.59646229795,2678,27,903.9705882352941,33,1,20,30.48514671844965,0.6821338383838385,39.675245098039206,1041.2990196078417,31.554515745692175,0
2776,4,0,0,34,0.0,0.0,1.0,34,1350,1000,350,0.7407407407407407,17,10,7,355.5200000000002,0.7096330956625074,0.009411764705882897,0.23389473684210516,135633.68055555533,2844.0972222221963,138477.77777777752,2679,28,904.9705882352941,33,1,20,30.325000000000006,0.6830808080808082,39.58333333333332,1041.666666666665,31.565656565656514,0
2777,4,0,0,34,0.0,0.0,1.0,34,650,500,150,0.7692307692307693,8,5,3,354.4073638031801,0.7102644087938206,0.005773048958499061,0.2337878831977067,135729.43887266907,2820.702524269497,138550.14139693856,2680,29,905.9705882352941,33,1,20,30.258805715629773,0.6840277777777779,39.491421568627445,1042.0343137254895,31.576797385620893,0
2778,4,0,0,34,0.0,0.0,1.0,34,1250,800,450,0.64,17,8,9,354.6568534181029,0.7091874628639335,0.009421172043606374,0.23416163675990245,135761.365820838,2829.739763552466,138591.10558439046,2681,30,906.9705882352941,33,1,20,30.22058247099405,0.6843434343434345,39.46078431372548,1042.1568627450968,31.58051099227566,0
2779,4,0,0,34,0.0,0.0,1.0,34,650,400,250,0.6153846153846154,9,4,5,352.8895855812547,0.7084447415329769,0.004723309497794537,0.23341203848788086,135825.23098087258,2786.261894463652,138611.49287533623,2682,31,907.9705882352941,33,1,20,30.20318990516499,0.6849747474747476,39.39950980392156,1042.4019607843125,31.587938205585225,0
2780,4,0,0,34,0.0,0.0,1.0,34,900,700,200,0.7777777777777778,11,7,4,354.59864208116124,0.7090389185977422,-0.0006775629857016519,0.23496302545377845,135889.11115916938,2837.2188581314686,138726.33001730085,2683,32,908.9705882352941,33,1,17,30.095204513399167,0.6856060606060607,39.33823529411764,1042.647058823528,31.595365418894787,0
2781,4,0,0,34,0.0,0.0,1.0,34,600,500,100,0.8333333333333334,7,5,2,353.713402770778,0.7091131907308378,0.001914702426211612,0.23479727438216208,135953.0063557285,2817.680099000378,138770.68645472886,2684,33,909.9705882352941,33,1,17,30.054837446141796,0.6862373737373737,39.27696078431372,1042.8921568627445,31.60279263220438,0
2782,4,0,0,34,0.0,0.0,1.0,34,1150,700,450,0.6086956521739131,16,7,9,354.86677467559554,0.7075906120023767,0.002276794660070136,0.23619865932864295,136048.87730980862,2855.845257833516,138904.72256764214,2685,34,910.9705882352941,33,1,17,29.929592975449307,0.6871843434343434,39.18504901960784,1043.259803921568,31.613933452168727,0
2783,4,0,0,34,0.0,0.0,1.0,34,500,200,300,0.4,8,2,6,377.6681512701788,0.7075906120023767,0.06052252160871752,0.2213926151741935,131360.48179076108,3133.4916223692658,134493.97341313036,2686,35,911.9705882352941,32,2,22,34.039495832820144,0.6429036458333335,43.71843434343434,1025.1262626262621,32.03519570707069,6
2784,4,0,0,34,0.0,0.0,1.0,34,550,300,250,0.5454545454545454,8,3,5,375.4132950162164,0.7074049316696376,0.05762118378309955,0.2202459765852499,131390.93888168002,3065.1810601691486,134456.11994184917,2687,36,912.9705882352941,33,1,22,34.06645947884292,0.6407828282828283,43.68872549019607,1025.2450980392148,31.0680332739156,0
2785,4,0,0,34,0.0,0.0,1.0,34,600,300,300,0.5,9,3,6,376.291682139337,0.7050653594771242,0.05605772001715015,0.2213060497416804,131485.1878634419,3095.3565035082606,134580.54436695017,2688,37,913.9705882352941,33,1,23,33.948575098578075,0.641729797979798,43.59681372549019,1025.6127450980389,31.079174093879967,0
2786,4,0,0,34,0.0,0.0,1.0,34,750,500,250,0.6666666666666666,10,5,5,374.1870641487004,0.7056595365418895,0.05413999311348028,0.2204306765650083,131548.03929077744,3044.714923346768,134592.7542141242,2689,38,914.9705882352941,33,1,23,33.93897085175009,0.6423611111111112,43.53553921568626,1025.8578431372537,31.086601307189504,0
2787,4,1,1,34,0.02857142857142857,0.02857142857142857,0.9714285714285714,35,850,600,250,0.7058823529411765,11,6,5,368.5166772735274,0.7172268907563025,0.04126101066295784,0.21897809170220336,131877.80612244888,2719.8341836734576,134597.64030612234,2690,0,889.8,34,1,21,33.75130389429763,0.6433823529411765,43.21428571428571,1027.1428571428564,30.210084033613423,0
2788,4,0,0,34,0.0,0.0,1.0,34,900,600,300,0.6666666666666666,12,6,6,376.074477135806,0.7039141414141414,0.049941724123404585,0.22282545752784869,131768.13755526708,3110.926686851195,134879.06424211827,2691,40,916.9705882352941,33,1,21,33.66803930930215,0.6445707070707072,43.32107843137254,1026.7156862745087,31.112596553772992,0
2789,4,0,0,34,0.0,0.0,1.0,34,800,700,100,0.875,9,7,2,376.0994753960165,0.7039141414141414,0.032037063035238456,0.2232091787406952,131831.0565647827,3116.3182429834646,134947.37480776614,2692,41,917.9705882352941,33,1,19,33.603818615751806,0.6452020202020202,43.259803921568626,1026.9607843137248,31.12002376708257,4
2790,4,0,0,34,0.0,0.0,1.0,34,550,400,150,0.7272727272727273,7,4,3,377.57818382301537,0.703357100415924,0.0350196873881401,0.22427234292138126,131862.52170138882,3157.6822916666624,135020.20399305547,2693,42,918.9705882352941,33,1,19,33.53406017579446,0.6455176767676768,43.229166666666664,1027.0833333333328,31.123737373737356,0
2791,4,0,0,34,0.0,0.0,1.0,34,750,600,150,0.8,9,6,3,376.8095411312116,0.702465834818776,0.03883335087165429,0.22455920414962413,131988.41979346893,3146.899179402159,135135.3189728711,2694,43,919.9705882352941,33,1,19,33.42662989465315,0.646780303030303,43.106617647058826,1027.5735294117653,31.138591800356526,0
2792,4,1,0,35,0.02857142857142857,0.0,1.0,35,1050,900,150,0.8571428571428571,12,9,3,367.51107732863403,0.7144257703081232,0.048362836977901225,0.22104371895277536,132336.75063775506,2727.044359410422,135063.79499716547,2695,0,894.6571428571428,34,1,20,33.31429094835897,0.6479779411764706,42.76785714285714,1028.9285714285709,30.26260504201679,0
2793,4,0,0,35,0.0,0.0,1.0,35,900,600,300,0.6666666666666666,12,6,6,368.8973004040112,0.7136554621848739,0.051827857473391914,0.22205767859974035,132367.37528344663,2765.993480725615,135133.36876417225,2696,1,895.6571428571428,34,1,20,33.2477730217492,0.6482843137254901,42.738095238095234,1029.0476190476184,30.266106442577012,0
2794,4,0,0,35,0.0,0.0,1.0,35,1000,800,200,0.8,12,8,4,369.4514503075797,0.7168067226890755,0.04879176783443229,0.22329738600351196,132520.55165816325,2791.982001133789,135312.53365929704,2697,2,896.6571428571428,34,1,20,33.079209542529,0.6498161764705883,42.589285714285715,1029.642857142857,30.28361344537815,0
2795,4,0,0,35,0.0,0.0,1.0,35,1000,800,200,0.8,12,8,4,371.7659537870768,0.717016806722689,0.04831811351288917,0.22506278979790056,132581.84700963701,2857.8833616779903,135439.730371315,2698,3,897.6571428571428,34,1,20,32.95789504103572,0.6504289215686274,42.5297619047619,1029.8809523809512,30.290616246498562,0
2796,4,0,0,35,0.0,0.0,1.0,35,650,500,150,0.7692307692307693,8,5,3,373.98364215793754,0.7164565826330531,0.04898902368573066,0.2271458542369789,132704.48022959183,2925.8609693877524,135630.3411989796,2699,4,898.6571428571428,34,1,19,32.77729636048527,0.6516544117647058,42.410714285714285,1030.357142857143,30.304621848739497,0
2797,4,0,0,35,0.0,0.0,1.0,35,700,300,400,0.42857142857142855,11,3,8,371.14201111119104,0.7169467787114845,0.03834160988566815,0.22615894962785377,132827.17013888885,2859.548611111106,135686.71874999994,2700,5,899.6571428571428,34,1,19,32.727027755322005,0.6528799019607843,42.291666666666664,1030.833333333333,30.318627450980383,0
2798,4,0,0,35,0.0,0.0,1.0,35,700,500,200,0.7142857142857143,9,5,4,370.64534521992545,0.7175770308123249,0.03971827733518052,0.22622687349892703,132888.53635204077,2850.9034863945503,135739.43983843533,2701,6,900.6571428571428,34,1,19,32.67809721741138,0.6534926470588236,42.232142857142854,1031.0714285714282,30.32563025210083,0
2799,4,0,0,35,0.0,0.0,1.0,35,700,400,300,0.5714285714285714,10,4,6,375.0076168356634,0.7160364145658262,0.04501904651968158,0.2292654188177383,132949.91673752837,2971.446286848079,135921.36302437645,2702,7,901.6571428571428,34,1,19,32.503895879025755,0.6541053921568627,42.17261904761905,1031.309523809524,30.332633053221297,0
2800,4,0,0,35,0.0,0.0,1.0,35,400,200,200,0.5,6,2,4,375.61923844452053,0.71484593837535,0.0445316105214586,0.2305855211641007,133103.4297052153,2999.2417800453404,136102.67148526065,2703,8,902.6571428571428,34,1,19,32.333727503461006,0.6556372549019608,42.02380952380952,1031.904761904761,30.350140056022383,0
2801,4,0,0,35,0.0,0.0,1.0,35,600,200,400,0.3333333333333333,10,2,8,374.1108695672126,0.7137955182072828,0.04659208857109931,0.23022820085289564,133195.58000283444,2965.982851473925,136161.56285430837,2704,9,903.6571428571428,34,1,19,32.28001383923424,0.6565563725490196,41.93452380952381,1032.2619047619046,30.360644257703076,0
2802,4,0,0,35,0.0,0.0,1.0,35,600,400,200,0.6666666666666666,8,4,4,378.7053812875776,0.7143557422969187,0.04703712243486291,0.23363374660657527,133287.7621882086,3095.358560090703,136383.12074829932,2705,10,904.6571428571428,34,1,19,32.06877834140343,0.6574754901960784,41.845238095238095,1032.6190476190475,30.37114845938375,0
2803,4,0,0,35,0.0,0.0,1.0,35,1100,800,300,0.7272727272727273,14,8,6,378.723106130843,0.7147058823529411,0.04747637704540186,0.23441933773205828,133410.7213718822,3105.1445578231405,136515.86592970532,2706,11,905.6571428571428,34,1,19,31.94476453868019,0.6587009803921567,41.72619047619048,1033.095238095239,30.385154061624675,0
2804,4,0,0,35,0.0,0.0,1.0,35,600,300,300,0.5,9,3,6,377.8616024973982,0.7137955182072828,0.05023041474654377,0.23427419354838705,133472.2222222223,3086.8055555555657,136559.02777777787,2707,12,906.6571428571428,35,0,19,31.90524193548386,0.657142857142857,41.66666666666667,1033.3333333333342,29.523809523809547,0
2805,4,0,0,35,0.0,0.0,1.0,35,1000,700,300,0.7,13,7,6,376.3561139598077,0.7131652661064425,0.05572826712723078,0.23431203223949348,133626.036352041,3058.195153061246,136684.23150510225,2708,13,907.6571428571428,34,1,21,31.789723661485326,0.6608455882352939,41.51785714285715,1033.928571428573,30.409663865546264,0
2806,4,1,0,36,0.027777777777777776,0.0,1.0,36,850,600,250,0.7058823529411765,11,6,5,375.70140164697744,0.7251653439153439,0.053860228261426446,0.2337099550073315,133595.26643990912,2841.57454648524,136436.84098639435,2709,0,883.4166666666666,34,2,21,31.837526869338244,0.6605392156862746,41.54761904761904,1033.8095238095223,30.40616246498595,3
2807,4,0,1,35,0.0,0.027777777777777776,0.9722222222222222,36,1000,800,200,0.8,12,8,4,363.0214956672566,0.7251984126984128,0.03412455706033701,0.2215883209552935,132891.02447041642,2448.4596928009173,135339.48416321733,2710,1,884.4166666666666,36,0,17,32.87211482452309,0.6493055555555556,42.22972972972973,1031.0810810810815,28.64114114114115,5
2808,4,0,0,35,0.0,0.0,1.0,35,1050,700,350,0.6666666666666666,14,7,7,372.4266471119915,0.711064425770308,0.032341381246490775,0.22668894685798255,132785.41512613595,2890.5653881601474,135675.9805142961,2711,16,910.6571428571428,35,0,17,32.73593954707093,0.6502976190476191,42.332175925925924,1030.671296296296,29.447751322751316,0
2809,4,0,0,35,0.0,0.0,1.0,35,1250,900,350,0.72,16,9,7,371.89886188190815,0.712955182072829,0.029084380610413296,0.22763479787716762,132994.2558299038,2892.0824759944912,135886.33830589827,2712,17,911.6571428571428,35,0,18,32.53945990424896,0.6523809523809525,42.12962962962962,1031.48148148148,29.470899470899425,0
2810,4,0,0,35,0.0,0.0,1.0,35,1050,900,150,0.8571428571428571,12,9,3,371.1502672227144,0.7133053221288514,0.030913664108685124,0.2280873144607125,133143.52823055958,2883.25121634942,136026.779446909,2713,18,912.6571428571428,35,0,18,32.408718365668555,0.6538690476190478,41.98495370370369,1032.0601851851832,29.487433862433804,0
2811,4,0,0,35,0.0,0.0,1.0,35,750,500,250,0.6666666666666666,10,5,5,371.6226934927988,0.7135854341736694,0.026749083222573633,0.22911168269863524,133263.00643272005,2904.7114786951,136167.71791141515,2714,19,913.6571428571428,35,0,18,32.27648712775102,0.6550595238095239,41.86921296296295,1032.5231481481458,29.50066137566131,0
2812,4,0,0,35,0.0,0.0,1.0,35,900,600,300,0.6666666666666666,12,6,6,368.54268758082867,0.7141456582633052,0.027431645002241378,0.22776142271269478,133352.6502486281,2829.2288237311204,136181.87907235924,2715,20,914.6571428571428,35,0,19,32.265986851934855,0.6559523809523811,41.7824074074074,1032.870370370369,29.510582010581974,0
2813,4,0,0,35,0.0,0.0,1.0,35,850,500,350,0.5882352941176471,12,5,7,366.27980618856554,0.7127450980392156,0.030907415937356575,0.2278491287207379,133595.26643990923,2786.7032435402066,136381.96968344942,2716,21,915.6571428571428,34,1,20,32.081030247197916,0.6605392156862746,41.547619047619044,1033.8095238095232,30.406162464985975,0
2814,4,0,0,35,0.0,0.0,1.0,35,650,600,50,0.9230769230769231,7,6,1,365.31264904286115,0.7120448179271708,0.02970639032815181,0.22743658472668427,133626.03635204068,2763.0562641723136,136389.092616213,2717,22,916.6571428571428,34,1,20,32.07517750911532,0.6608455882352942,41.51785714285713,1033.9285714285702,30.409663865546182,0
2815,4,0,0,35,0.0,0.0,1.0,35,650,400,250,0.6153846153846154,9,4,5,365.960049410314,0.7117647058823529,0.027354363343311094,0.22802933925236624,133656.80980725618,2782.61054421768,136439.42035147388,2718,23,917.6571428571428,34,1,20,32.027592294113134,0.6611519607843137,41.488095238095234,1034.0476190476186,30.41316526610643,0
2816,4,0,0,35,0.0,0.0,1.0,35,900,700,200,0.7777777777777778,11,7,4,367.15349442039513,0.7098039215686274,0.027617951668584828,0.22953696881390176,133779.93905895695,2823.55442176871,136603.49348072565,2719,24,918.6571428571428,34,1,17,31.873321825853473,0.6623774509803921,41.36904761904762,1034.5238095238096,30.427170868347343,0
2817,4,0,0,35,0.0,0.0,1.0,35,950,700,250,0.7368421052631579,12,7,5,365.5990934573866,0.7097338935574229,0.02949160340464707,0.2293303404414515,133903.125,2790.9722222222235,136694.09722222222,2720,25,919.6571428571428,34,1,17,31.790123456790127,0.6636029411764706,41.25,1035.0,30.441176470588236,0
2818,4,0,0,35,0.0,0.0,1.0,35,800,600,200,0.75,10,6,4,365.18710726191176,0.7086834733893557,0.03151236342725672,0.22926367492002336,133933.93034297053,2782.1889172335605,136716.11926020408,2721,26,920.6571428571428,34,1,17,31.76993482844546,0.6639093137254901,41.220238095238095,1035.1190476190477,30.44467787114846,0
2819,4,0,0,35,0.0,0.0,1.0,35,800,600,200,0.75,10,6,4,362.3916446337042,0.7077030812324929,0.027043808209727294,0.22789010364275675,133995.55165816328,2711.7736678004526,136707.32532596373,2722,27,921.6571428571428,34,1,17,31.780594841132945,0.6645220588235294,41.160714285714285,1035.357142857143,30.451680672268907,0
2820,4,0,0,35,0.0,0.0,1.0,35,700,600,100,0.8571428571428571,8,6,2,363.3108732989827,0.7066526610644257,0.03563218390804623,0.2290438114276195,134088.01020408163,2743.1264172335577,136831.13662131518,2723,28,922.6571428571428,34,1,18,31.664272030651333,0.6654411764705883,41.07142857142857,1035.7142857142856,30.462184873949575,0
2821,4,0,0,35,0.0,0.0,1.0,35,750,400,350,0.5333333333333333,11,4,7,362.5258671819305,0.7065826330532212,0.04122716304722518,0.22912582585942914,134180.50063775512,2728.7804705215503,136909.28110827666,2724,29,923.6571428571428,34,1,20,31.5920755295109,0.666360294117647,40.98214285714286,1036.071428571429,30.47268907563026,0
2822,4,0,0,35,0.0,0.0,1.0,35,1000,600,400,0.6,14,6,8,361.43496755098096,0.7030112044817927,0.037665672498763625,0.22943820016684172,134340.7215175969,2711.0868644976026,137051.8083820945,2725,30,924.6571428571428,35,0,20,31.46014755684566,0.6657738095238095,40.8275462962963,1036.689814814815,29.619708994709,0
2823,4,0,0,35,0.0,0.0,1.0,35,750,400,350,0.5333333333333333,11,4,7,358.8545857995224,0.701750700280112,0.03559070687098398,0.2281744665846645,134400.72183909902,2646.0630733453468,137046.78491244436,2726,31,925.6571428571428,35,0,20,31.467076868698154,0.6663690476190476,40.76967592592593,1036.921296296297,29.62632275132277,0
2824,4,0,0,35,0.0,0.0,1.0,35,650,300,350,0.46153846153846156,10,3,7,359.46752409643886,0.7013305322128851,0.03374623367927687,0.22894019071984276,134460.73555652,2666.8535397376445,137127.58909625764,2727,32,926.6571428571428,35,0,20,31.3912370271175,0.6669642857142857,40.71180555555555,1037.1527777777771,29.63293650793649,0
2825,4,0,0,35,0.0,0.0,1.0,35,1050,600,450,0.5714285714285714,15,6,9,360.4020716296915,0.7001400560224089,0.03256630002024452,0.23050488992146712,134614.36106305252,2703.1192012820748,137317.4802643346,2728,33,927.6571428571428,33,2,20,31.21358841127381,0.672979797979798,40.56372549019607,1037.7450980392146,31.44682115270347,0
2826,4,0,0,35,0.0,0.0,1.0,35,600,500,100,0.8333333333333334,7,5,2,360.8593798132808,0.7001400560224089,0.03471339190852829,0.23140346755475405,134709.75894187327,2722.256013312183,137432.01495518544,2729,34,928.6571428571428,33,2,21,31.10649569118169,0.6739267676767677,40.47181372549019,1038.1127450980387,31.45796197266784,0
2827,4,0,0,35,0.0,0.0,1.0,35,650,400,250,0.6153846153846154,9,4,5,363.58408362055184,0.6995098039215686,0.036755407934447204,0.23355935864419516,134773.37630058144,2800.2909037389386,137573.66720432037,2730,35,929.6571428571428,33,2,21,30.972279594004473,0.6745580808080809,40.41053921568627,1038.3578431372546,31.46538918597741,0
2828,4,0,0,35,0.0,0.0,1.0,35,650,400,250,0.6153846153846154,9,4,5,364.0139574142238,0.6999299719887955,0.03810872313527214,0.23424588375744468,134837.0086775519,2816.5106269223406,137653.51930447423,2731,36,930.6571428571428,33,2,17,30.897615535889866,0.6751893939393939,40.349264705882355,1038.6029411764707,31.47281639928699,0
2829,4,0,0,35,0.0,0.0,1.0,35,1000,700,300,0.7,13,7,6,362.3332493559368,0.6992296918767507,0.03246048596367057,0.23377939787211818,134932.48540224915,2778.1051758938875,137710.59057814305,2732,37,931.6571428571428,33,2,17,30.846013210662885,0.6761363636363636,40.25735294117647,1038.9705882352941,31.483957219251337,0
2830,4,0,0,35,0.0,0.0,1.0,35,700,400,300,0.5714285714285714,10,4,6,369.16458571573065,0.6981792717086834,-0.02470669427191141,0.23156687649441265,133903.12499999988,2886.4583333333194,136789.5833333332,2733,38,932.6571428571428,34,1,19,31.697866344605472,0.6636029411764707,41.24999999999999,1034.999999999999,30.441176470588207,7
2831,4,0,0,35,0.0,0.0,1.0,35,1050,800,250,0.7619047619047619,13,8,5,363.12204994777477,0.6967787114845938,-0.028042632158047365,0.22873270908730553,134057.18714569142,2735.8241213151746,136793.0112670066,2734,39,933.6571428571428,34,1,19,31.70000383185807,0.6651348039215688,41.10119047619047,1035.5952380952367,30.458683473389314,0
2832,4,0,0,35,0.0,0.0,1.0,35,1200,1000,200,0.8333333333333334,14,10,4,357.1789487422959,0.6954481792717087,-0.027928046218487657,0.22593645129745205,134211.33786848054,2587.4929138321777,136798.83078231273,2735,40,934.6571428571428,34,1,19,31.69974532781863,0.6666666666666667,40.95238095238094,1036.1904761904748,30.476190476190435,0
2833,4,0,0,35,0.0,0.0,1.0,35,1100,800,300,0.7272727272727273,14,8,6,361.009876767208,0.6955182072829131,-0.034038922253946446,0.22874468610882873,134273.02295918346,2694.7774943310415,136967.8004535145,2736,41,935.6571428571428,34,1,19,31.538833371621106,0.667279411764706,40.89285714285713,1036.4285714285697,30.483193277310875,0
2834,4,1,1,35,0.027777777777777776,0.027777777777777776,0.9722222222222222,36,700,600,100,0.8571428571428571,8,6,2,351.6542010281925,0.705191798941799,-0.035184771963751915,0.22433285436410572,134520.76266986007,2260.958263674536,136781.7209335346,2737,0,910.6388888888889,35,1,19,31.533921863959247,0.6675595238095239,40.653935185185176,1037.3842592592578,29.639550264550223,0
2835,4,0,0,35,0.0,0.0,1.0,35,850,700,150,0.8235294117647058,10,7,3,359.50469326071254,0.6947478991596638,-0.03408233557487261,0.22856101301465714,134396.43565759613,2663.2298752834213,137059.66553287956,2738,43,937.6571428571428,34,1,19,31.454506314580946,0.6685049019607844,40.77380952380951,1036.90476190476,30.497198879551767,0
2836,4,0,0,35,0.0,0.0,1.0,35,400,0,400,0.0,8,0,8,356.7593773109676,0.6944677871148459,-0.03789190607372406,0.22719939291908983,134458.16326530604,2593.8421201813935,137052.00538548743,2739,44,938.6571428571428,34,1,19,31.464024716865627,0.6691176470588236,40.71428571428571,1037.1428571428564,30.50420168067225,0
2837,4,0,0,35,0.0,0.0,1.0,35,1000,800,200,0.8,12,8,4,356.9674840634277,0.6918767507002801,-0.04275224545990941,0.2281032691419964,134581.6609977323,2608.2553854875146,137189.91638321982,2740,45,939.6571428571428,34,1,19,31.33533157411657,0.670343137254902,40.59523809523809,1037.6190476190466,30.518207282913135,0
2838,4,0,0,35,0.0,0.0,1.0,35,550,300,250,0.5454545454545454,8,3,5,356.6733116110241,0.6916666666666667,-0.042590012946787215,0.22810867625189243,134612.5442885486,2602.5403911564476,137215.08467970506,2741,46,940.6571428571428,34,1,20,31.312139115138997,0.6706495098039216,40.56547619047618,1037.7380952380943,30.52170868347336,0
2839,4,0,0,35,0.0,0.0,1.0,35,1150,900,250,0.782608695652174,14,9,5,354.7122015350913,0.6917366946778711,-0.034968310378146406,0.2280143355925276,134797.91843820855,2562.893282312921,137360.81172052148,2742,47,941.6571428571428,34,1,18,31.178111505980358,0.6724877450980392,40.38690476190476,1038.4523809523805,30.54271708683472,0
2840,4,0,0,35,0.0,0.0,1.0,35,900,600,300,0.6666666666666666,12,6,6,355.3098406504399,0.6923669467787115,-0.034001603849238005,0.2295706587000512,134983.42013888893,2592.187500000007,137575.60763888893,2743,48,942.6571428571428,34,1,18,30.97767976476878,0.6743259803921569,40.208333333333336,1039.166666666667,30.563725490196088,0
2841,4,0,0,35,0.0,0.0,1.0,35,750,500,250,0.6666666666666666,10,5,5,354.7902652592711,0.6912464985994398,-0.03138897524420359,0.22962741334163808,135045.2823837869,2582.5503117913877,137627.83269557828,2744,49,943.6571428571428,34,1,18,30.92954224411102,0.6749387254901961,40.148809523809526,1039.4047619047622,30.570728291316534,0
2842,4,0,0,35,0.0,0.0,1.0,35,650,400,250,0.6153846153846154,9,4,5,357.76708326641216,0.6899859943977591,-0.03129672343001044,0.23195099763664292,135107.15880102056,2667.3788265306293,137774.53762755118,2745,50,944.6571428571428,34,1,18,30.79053589831674,0.6755514705882353,40.08928571428572,1039.6428571428582,30.577731092437006,0
2843,4,0,0,35,0.0,0.0,1.0,35,900,500,400,0.5555555555555556,13,5,8,355.72651550874895,0.6876050420168067,-0.033011803943367,0.23161984295942262,135261.91184807266,2623.2497165533023,137885.16156462597,2746,51,945.6571428571428,34,1,19,30.689469367513535,0.6770833333333333,39.9404761904762,1040.238095238096,30.59523809523812,0
2844,4,0,0,35,0.0,0.0,1.0,35,500,300,200,0.6,7,3,4,355.72651550874895,0.6876050420168067,-0.033011803943367,0.23161984295942262,135261.91184807266,2623.2497165533023,137885.16156462597,2747,52,946.6571428571428,34,1,19,30.689469367513535,0.6770833333333333,39.9404761904762,1040.238095238096,30.59523809523812,0
2845,4,0,0,35,0.0,0.0,1.0,35,400,300,100,0.75,5,3,2,353.43432703737244,0.6873249299719888,-0.03474991827394558,0.2305235834557191,135323.83786848083,2565.617913832213,137889.45578231305,2748,53,947.6571428571428,34,1,19,30.68745232646835,0.6776960784313726,39.88095238095239,1040.4761904761913,30.602240896358566,0
2846,4,0,1,34,0.0,0.02857142857142857,0.9714285714285714,35,1200,900,300,0.75,15,9,6,351.53182594113713,0.6880952380952381,-0.03815623927713585,0.22987604743480658,135416.75347222228,2520.659722222233,137937.4131944445,2749,54,948.6571428571428,34,1,20,30.644515612489993,0.6786151960784313,39.79166666666667,1040.833333333334,30.612745098039234,0
2847,4,0,0,34,0.0,0.0,1.0,34,750,600,150,0.8,9,6,3,355.56504961548774,0.6837121212121212,-0.015339547639163786,0.23267870041864053,135442.26529459833,2831.7071559015894,138273.97245049992,2750,55,974.6764705882352,33,1,20,30.51418648457735,0.6811868686868687,39.767156862745104,1040.9313725490204,31.54337492572789,0
2848,4,0,0,34,0.0,0.0,1.0,34,750,500,250,0.6666666666666666,10,5,5,356.5342662825819,0.6825237670825907,-0.013269558235155188,0.23414437363751023,135569.86045030763,2867.0601451364937,138436.92059544413,2751,56,975.6764705882352,33,1,20,30.362045971601173,0.6824494949494949,39.64460784313726,1041.4215686274513,31.55822935234701,0
2849,4,0,0,34,0.0,0.0,1.0,34,900,600,300,0.6666666666666666,12,6,6,352.73865920215525,0.6843062982768866,-0.01299042665043415,0.23289515200738556,135761.36582083814,2777.656430219147,138539.0222510573,2752,57,976.6764705882352,33,1,21,30.270558952649743,0.6843434343434343,39.46078431372549,1042.156862745098,31.580510992275695,0
2850,4,0,0,34,0.0,0.0,1.0,34,850,600,250,0.7058823529411765,11,6,5,355.2374390739079,0.6830436720142603,-0.014920213501479429,0.2353863030872904,135889.11115916952,2854.579969242595,138743.69112841212,2753,58,977.6764705882352,33,1,17,30.07855351825733,0.6856060606060606,39.338235294117645,1042.647058823529,31.59536541889482,0
2851,4,0,0,34,0.0,0.0,1.0,34,1350,1100,250,0.8148148148148148,16,11,5,354.8667746755956,0.6829322638146168,-0.022674663663186045,0.23619865932864298,136048.87730980862,2855.845257833516,138904.72256764214,2754,59,978.6764705882352,33,1,18,29.929592975449314,0.6871843434343434,39.18504901960784,1043.259803921568,31.613933452168727,0
2852,4,0,0,34,0.0,0.0,1.0,34,400,200,200,0.5,6,2,4,352.6103118775235,0.6836749851455735,-0.018116818071914453,0.23511956191363437,136112.81005202315,2798.956080593991,138911.76613261714,2755,60,979.6764705882352,33,1,18,29.925009786651014,0.6878156565656566,39.123774509803916,1043.5049019607834,31.621360665478285,0
2853,4,0,0,34,0.0,0.0,1.0,34,400,200,200,0.5,6,2,4,350.63605324281576,0.6824866310160428,-0.014970059880239361,0.23422488356620083,136176.7578125,2749.696180555555,138926.45399305556,2756,61,980.6764705882352,33,1,18,29.913090485695278,0.6884469696969697,39.0625,1043.75,31.62878787878788,0
2854,4,0,0,34,0.0,0.0,1.0,34,1000,600,400,0.6,14,6,8,350.3983840995029,0.6797385620915033,-0.01055868891389422,0.2349130315430264,136304.69838824018,2752.189212081902,139056.88760032208,2757,62,981.6764705882352,33,1,18,29.792449047451406,0.689709595959596,38.93995098039216,1044.240196078432,31.64364230540703,0
2855,4,0,0,34,0.0,0.0,1.0,34,700,400,300,0.5714285714285714,10,4,6,348.948739776664,0.6798128342245989,-0.017271604171411825,0.23436486281453958,136368.69120350343,2717.136588091112,139085.82779159455,2758,63,982.6764705882352,33,1,19,29.766880793147948,0.6903409090909092,38.87867647058823,1044.4852941176468,31.65106951871657,0
2856,4,0,0,34,0.0,0.0,1.0,34,1050,800,250,0.7619047619047619,13,8,5,348.73439340906936,0.6789587046939989,-0.016708642401241924,0.2346456751233082,136432.69903702897,2715.7549079680794,139148.45394499705,2759,64,983.6764705882352,33,1,19,29.709066471163254,0.6909722222222223,38.81740196078431,1044.7303921568623,31.65849673202613,0
2857,4,0,0,34,0.0,0.0,1.0,34,1100,900,200,0.8181818181818182,13,9,4,346.910431238098,0.6790701128936424,-0.015630173270058112,0.2340547593036788,136528.738946559,2672.648740868898,139201.3876874279,2760,65,984.6764705882352,33,1,19,29.661604909318328,0.6919191919191918,38.72549019607843,1045.0980392156862,31.66963755199049,0
2858,4,0,0,34,0.0,0.0,1.0,34,1000,900,100,0.9,11,9,2,347.8413579477631,0.6781045751633987,-0.015678001158269117,0.23553829095319956,136656.84472318334,2706.9804882737385,139363.8252114571,2761,66,985.6764705882352,33,1,20,29.51047038599781,0.6931818181818181,38.60294117647059,1045.5882352941173,31.684491978609618,0
2859,4,0,0,34,0.0,0.0,1.0,34,750,500,250,0.6666666666666666,10,5,5,347.49408164899654,0.6781417112299466,-0.014225050151315033,0.23551763293970523,136688.88055375344,2699.7154039311918,139388.59595768462,2762,67,986.6764705882352,33,1,21,29.48784620492989,0.6934974747474747,38.57230392156863,1045.710784313726,31.688205585264424,0
2860,4,0,0,34,0.0,0.0,1.0,34,900,700,200,0.7777777777777778,11,7,4,346.45377986299246,0.6763963161021985,-0.017178400358385915,0.23524128966830862,136752.9634785899,2675.716220924638,139428.67969951453,2763,68,987.6764705882352,33,1,21,29.451645186487017,0.6941287878787878,38.5110294117647,1045.9558823529405,31.695632798573957,0
2861,4,0,0,34,0.0,0.0,1.0,34,900,500,400,0.5555555555555556,13,5,8,346.0104599635056,0.6762477718360071,-0.0180218977599238,0.2353698244389199,136817.0614216887,2668.026870674732,139485.08829236345,2764,69,988.6764705882352,33,1,21,29.399842840966777,0.694760101010101,38.44975490196078,1046.2009803921562,31.703060011883522,0
2862,4,0,0,34,0.0,0.0,1.0,34,700,500,200,0.7142857142857143,9,5,4,346.48036705884704,0.6757278669043375,-0.017928122179893924,0.23612097799804427,136881.1743830498,2685.3279087370283,139566.50229178683,2765,70,989.6764705882352,33,1,21,29.32415485810205,0.6953914141414141,38.388480392156865,1046.4460784313726,31.71048722519311,0
2863,4,0,0,34,0.0,0.0,1.0,34,1150,800,350,0.6956521739130435,15,8,7,344.37593189656167,0.6743909685086156,-0.017366061282257705,0.23511709307182516,136945.302362673,2632.1332240003876,139577.4355866734,2766,71,990.6764705882352,33,1,21,29.315824649728768,0.6960227272727273,38.32720588235294,1046.6911764705883,31.717914438502675,0
2864,4,0,0,34,0.0,0.0,1.0,34,800,600,200,0.75,10,6,4,343.6846848742441,0.6717543077837196,-0.008096497025776639,0.2352918227215979,137041.5224913495,2619.81449442522,139661.33698577472,2767,72,991.6764705882352,33,1,17,29.238842072409472,0.696969696969697,38.23529411764706,1047.058823529412,31.729055258467028,0
2865,4,0,0,34,0.0,0.0,1.0,34,400,300,100,0.75,5,3,2,343.7040300453557,0.6707887700534759,-0.011749562919012524,0.2357379326458757,137105.68801662832,2624.7555026912846,139730.4435193196,2768,73,992.6764705882352,33,1,17,29.174955144707074,0.69760101010101,38.17401960784314,1047.3039215686283,31.736482471776615,0
2866,4,0,0,34,0.0,0.0,1.0,34,900,600,300,0.6666666666666666,12,6,6,341.92122719556534,0.668597742127154,-0.008803919275044203,0.2351636823246089,137201.96446378806,2582.452812620155,139784.4172764082,2769,74,993.6764705882352,33,1,18,29.126579132062236,0.6985479797979798,38.08210784313726,1047.6715686274515,31.747623291740954,0
2867,4,0,0,34,0.0,0.0,1.0,34,750,400,350,0.5333333333333333,11,4,7,341.92122719556534,0.668597742127154,-0.008803919275044203,0.2351636823246089,137201.96446378806,2582.452812620155,139784.4172764082,2770,75,994.6764705882352,33,1,18,29.126579132062236,0.6985479797979798,38.08210784313726,1047.6715686274515,31.747623291740954,0
2868,4,0,0,34,0.0,0.0,1.0,34,1000,500,500,0.5,15,5,10,342.58366360070045,0.6673722519310755,-0.013577835250096149,0.2362722170252573,137298.27470203768,2607.2291906958912,139905.50389273357,2771,76,995.6764705882352,33,1,18,29.01416822575615,0.6994949494949495,37.990196078431374,1048.0392156862747,31.758764111705293,0
2869,4,0,0,34,0.0,0.0,1.0,34,700,500,200,0.7142857142857143,9,5,4,341.50235320273976,0.6670008912655971,-0.01582335061684237,0.2359621267606007,137362.50030036527,2581.9234188773567,139944.42371924262,2772,77,996.6764705882352,33,1,19,28.979132569558104,0.7001262626262627,37.92892156862745,1048.2843137254904,31.76619132501486,0
2870,4,0,0,34,0.0,0.0,1.0,34,500,200,300,0.4,8,2,6,341.50235320273976,0.6670008912655971,-0.01582335061684237,0.2359621267606007,137362.50030036527,2581.9234188773567,139944.42371924262,2773,78,997.6764705882352,33,1,19,28.979132569558104,0.7001262626262627,37.92892156862745,1048.2843137254904,31.76619132501486,0
2871,4,0,0,34,0.0,0.0,1.0,34,600,500,100,0.8333333333333334,7,5,2,340.3881392333113,0.6670008912655971,-0.016247102906110644,0.23549083599589737,137406.54939058967,2554.3119331065873,139960.86132369627,2774,79,998.6764705882352,34,0,20,28.964885886226863,0.6982230392156863,37.886904761904766,1048.4523809523816,30.83683473389358,0
2872,4,0,0,34,0.0,0.0,1.0,34,600,400,200,0.6666666666666666,8,4,4,364.75765576703486,0.6670008912655971,0.012180288542757767,0.23092475588742106,134242.17864229032,2993.1724773242713,137235.35111961458,2775,80,999.6764705882352,34,0,18,31.4725732337737,0.6669730392156863,40.92261904761905,1036.3095238095243,30.479691876750714,8
2873,4,0,0,34,0.0,0.0,1.0,34,850,600,250,0.7058823529411765,11,6,5,364.02593585108093,0.6696375519904932,0.014418855946511933,0.23143546724546843,134396.43565759642,2984.757653061229,137381.19331065766,2776,81,1000.6764705882352,34,0,18,31.337303865288945,0.6685049019607843,40.773809523809526,1036.9047619047622,30.497198879551828,0
2874,4,1,0,35,0.02857142857142857,0.0,1.0,35,650,500,150,0.7692307692307693,8,5,3,357.93436629872804,0.682142857142857,0.015827704855358782,0.2292825283547853,134670.88906035668,2640.6678669410153,137311.5569272977,2777,0,973.0571428571428,35,0,19,31.2211938745168,0.669047619047619,40.50925925925926,1037.962962962963,29.65608465608466,0
2875,4,0,0,35,0.0,0.0,1.0,35,900,700,200,0.7777777777777778,11,7,4,359.02506683370444,0.6827030812324929,0.010778786430960752,0.23036157721733388,134730.9630594135,2674.358603395056,137405.32166280856,2778,1,974.0571428571428,35,0,20,31.132943143812714,0.6696428571428572,40.451388888888886,1038.194444444444,29.662698412698397,0
2876,4,0,0,35,0.0,0.0,1.0,35,900,600,300,0.6666666666666666,12,6,6,357.823984620305,0.6827030812324929,0.01352780077702076,0.2299711167631356,134791.05045438945,2646.294152949232,137437.3446073387,2779,2,975.0571428571428,35,0,15,31.104175954822402,0.6702380952380953,40.39351851851851,1038.425925925925,29.669312169312143,0
2877,4,0,0,35,0.0,0.0,1.0,35,700,500,200,0.7142857142857143,9,5,4,356.8881167071929,0.6831932773109243,0.015589626020920067,0.22955964668198142,134821.09917534713,2623.209635416657,137444.3088107638,2780,3,976.0571428571428,35,0,15,31.098503844867942,0.6705357142857142,40.36458333333333,1038.5416666666658,29.672619047619023,0
2878,4,0,0,35,0.0,0.0,1.0,35,950,900,50,0.9473684210526315,10,9,1,357.2308959409221,0.682282913165266,0.019026393708809763,0.22997059255192515,134851.15124528468,2634.599515603575,137485.75076088824,2781,4,977.0571428571428,35,0,15,31.059635242552556,0.6708333333333333,40.33564814814815,1038.6574074074078,29.675925925925938,0
2879,4,0,1,34,0.0,0.02857142857142857,0.9714285714285714,35,550,300,250,0.5454545454545454,8,3,5,356.5989711439236,0.6816526610644257,0.01879506565857536,0.22975418277219772,134881.2066642018,2619.6999046210553,137500.90656882286,2782,5,978.0571428571428,35,0,15,31.046077065923868,0.6711309523809523,40.30671296296296,1038.7731481481478,29.679232804232793,0
2880,4,0,0,34,0.0,0.0,1.0,34,800,600,200,0.75,10,6,4,364.7450299050669,0.6686348781937018,0.023253539461880246,0.23406485693907933,134736.11288265302,3028.8655045351434,137764.97838718817,2783,88,1007.6764705882352,34,0,20,30.97934105416046,0.671875,40.44642857142857,1038.2142857142853,30.535714285714274,0
2881,4,0,0,34,0.0,0.0,1.0,34,1150,800,350,0.6956521739130435,15,8,7,363.96088702063236,0.6672979797979799,0.02017529074667146,0.23435857854280537,134859.73816609956,3016.73398526075,137876.4721513603,2784,89,1008.6764705882352,34,0,17,30.87631327602675,0.6731004901960785,40.32738095238094,1038.6904761904746,30.549719887955135,0
2882,4,0,0,34,0.0,0.0,1.0,34,1000,700,300,0.7,13,7,6,365.50242806663977,0.6688948306595366,0.027120813961323487,0.23635823681642704,135014.3494897958,3069.6145124716454,138083.96400226746,2785,90,1009.6764705882352,34,0,18,30.68203512791142,0.6746323529411765,40.17857142857142,1039.2857142857135,30.56722689075628,0
2883,4,0,0,34,0.0,0.0,1.0,34,1250,1100,150,0.88,14,11,3,368.2331561277101,0.6685234699940583,0.03653739948005774,0.23894118763888683,135138.1023242628,3152.46598639453,138290.56831065734,2786,91,1010.6764705882352,34,0,19,30.487653614227913,0.675857843137255,40.059523809523796,1039.761904761903,30.581232492997145,0
2884,4,0,0,34,0.0,0.0,1.0,34,700,500,200,0.7142857142857143,9,5,4,364.7111421576968,0.667706476530006,0.044767277476337464,0.23746989271042843,135261.91184807234,3066.3052721088143,138328.21712018116,2787,92,1011.6764705882352,34,0,19,30.455815594720374,0.6770833333333335,39.940476190476176,1040.2380952380934,30.59523809523804,0
2885,4,0,0,34,0.0,0.0,1.0,34,800,400,400,0.5,12,4,8,363.3770402526065,0.6664438502673797,0.04051689325615815,0.23700860685132674,135323.83786848062,3034.7151360544053,138358.55300453503,2788,93,1012.6764705882352,34,0,19,30.428823417238743,0.6776960784313726,39.88095238095237,1040.4761904761895,30.602240896358513,0
2886,4,0,0,34,0.0,0.0,1.0,34,750,500,250,0.6666666666666666,10,5,5,362.93999828308915,0.6664438502673797,0.03999208558674261,0.23314561072423148,134773.3763005814,2983.28410101785,137756.66040159925,2789,94,1013.6764705882352,33,1,21,30.98899937054958,0.6745580808080809,40.41053921568627,1038.3578431372543,31.465389185977404,1
2887,4,0,0,34,0.0,0.0,1.0,34,700,400,300,0.5714285714285714,10,4,6,362.5160837111102,0.665515448603684,0.04214274805980933,0.23307748811592935,134805.190611784,2973.8099529027363,137779.00056468672,2790,95,1014.6764705882352,33,1,17,30.96825584139722,0.6748737373737373,40.379901960784316,1038.4803921568632,31.469102792632217,0
2888,4,0,0,34,0.0,0.0,1.0,34,700,500,200,0.7142857142857143,9,5,4,343.43892813068663,0.665515448603684,-0.019016669058700586,0.20067745108084323,131236.6230867347,2214.3530328798206,133450.97611961453,2791,96,1015.6764705882352,34,0,19,35.04172959993803,0.6369485294117647,43.839285714285715,1024.6428571428573,30.136554621848745,7
2889,4,0,0,34,0.0,0.0,1.0,34,1000,900,100,0.9,11,9,2,359.8416482937069,0.6664067142008319,-0.05005495293161899,0.21194500911461878,131541.75347222228,2666.8402777777897,134208.59375000006,2792,97,1016.6764705882352,34,0,20,34.3132277281343,0.6400122549019608,43.54166666666667,1025.833333333334,30.171568627451,8
2890,4,0,0,34,0.0,0.0,1.0,34,700,500,200,0.7142857142857143,9,5,4,357.8321068469701,0.667483660130719,-0.04538010099631473,0.2112679973301975,131633.36167800458,2620.5286281179224,134253.8903061225,2793,98,1017.6764705882352,34,0,17,34.27228344934263,0.6409313725490196,43.452380952380956,1026.1904761904766,30.182072829131666,0
2891,4,1,0,35,0.02857142857142857,0.0,1.0,35,700,500,200,0.7142857142857143,9,5,4,349.3425858290725,0.678361344537815,-0.03196911196911156,0.2084786399302529,132040.89506172837,2225.5015432098808,134266.39660493826,2794,0,989.5714285714286,35,0,18,34.07939189189191,0.6428571428571428,43.05555555555556,1027.7777777777776,29.36507936507936,0
2892,4,1,0,36,0.027777777777777776,0.0,1.0,36,550,300,250,0.5454545454545454,8,3,5,340.24124916931146,0.6927248677248677,-0.023619318596337147,0.2048171630374948,132369.0307706357,1807.480876146441,134176.51164678214,2795,0,963.0555555555555,36,0,19,33.983320566134104,0.6440972222222221,42.7364864864865,1029.0540540540558,28.584834834834883,0
2893,4,0,0,36,0.0,0.0,1.0,36,450,200,250,0.4444444444444444,7,2,5,376.6837327036377,0.692228835978836,-0.08790130251330053,0.2178339727315433,130838.01442912495,2656.9103309390302,133494.92476006396,2796,1,964.0555555555555,36,0,17,34.59411117226197,0.6287615740740742,44.228603603603595,1023.0855855855846,28.419044044044014,5
2894,4,0,0,36,0.0,0.0,1.0,36,700,200,500,0.2857142857142857,12,2,10,378.04117564099397,0.6931878306878307,-0.07961658841940544,0.21910957935110656,130924.43795146485,2698.9656886616167,133623.40364012646,2797,2,965.0555555555555,36,0,17,34.4717392899061,0.6296296296296298,44.144144144144136,1023.4234234234224,28.4284284284284,0
2895,4,0,0,36,0.0,0.0,1.0,36,1100,900,200,0.8181818181818182,13,9,4,383.1509030936523,0.691931216931217,-0.08272853896341903,0.22307133884338473,131097.3705969481,2846.015187484764,133943.38578443287,2798,3,966.0555555555555,36,0,17,34.16561285829484,0.6313657407407409,43.975225225225216,1024.0990990990977,28.447197197197156,0
2896,4,0,0,36,0.0,0.0,1.0,36,1200,1000,200,0.8333333333333334,14,10,4,385.57660925825434,0.6912367724867725,-0.08801131019994346,0.22498976359347903,131183.87972009165,2916.287106363116,134100.16682645475,2799,4,967.0555555555555,36,0,17,34.01579275218937,0.6322337962962963,43.890765765765764,1024.4369369369365,28.45658158158157,0
2897,4,1,1,36,0.02702702702702703,0.02702702702702703,0.972972972972973,37,950,600,350,0.631578947368421,13,6,7,374.3357237814248,0.7062687687687688,-0.08208713819782243,0.2200823393465096,131472.44953991144,2443.0461711711587,133915.4957110826,2800,0,941.8918918918919,36,1,17,34.01161194685407,0.6351273148148149,43.60923423423423,1025.5630630630624,28.487862862862844,0
2898,4,1,0,37,0.02702702702702703,0.0,1.0,37,550,400,150,0.7272727272727273,7,4,3,375.08317056683705,0.7030780780780781,-0.0704838757528109,0.22102248925380885,131559.08230866006,2469.1195418391408,134028.2018504992,2801,0,942.8648648648649,36,1,17,33.90482070984265,0.6359953703703705,43.52477477477478,1025.9009009009012,28.497247247247255,0
2899,4,0,0,37,0.0,0.0,1.0,37,1000,700,300,0.7,13,7,6,374.6827339186409,0.7048923923923924,-0.07875738603069637,0.22189465133967282,131749.92696069911,2472.8845654431707,134222.8115261423,2802,1,943.8648648648649,37,0,18,33.7221643703941,0.6359797297297298,43.338815789473664,1026.6447368421025,27.747155049786553,0
2900,4,1,2,36,0.02631578947368421,0.05263157894736842,0.9473684210526316,38,1250,900,350,0.72,16,9,7,367.20233747260824,0.7145566619250829,-0.07702702702702735,0.2191368788142981,132040.89506172802,2097.145061728356,134138.0401234564,2803,0,920.0,38,0,18,33.620495495495476,0.637061403508772,43.055555555555536,1027.7777777777749,27.046783625730917,0
2901,4,0,0,36,0.0,0.0,1.0,36,1050,900,150,0.8571428571428571,12,9,3,378.2274443809538,0.7041005291005291,-0.0637713464396209,0.22491465108494532,131905.89871966562,2778.0861943024147,134683.98491396804,2804,3,966.9722222222222,36,0,18,33.47356208433824,0.6394675925925926,43.18693693693694,1027.2522522522524,28.53478478478479,0
2902,4,0,0,36,0.0,0.0,1.0,36,900,600,300,0.6666666666666666,12,6,6,378.5587389754176,0.704133597883598,-0.06138508371385054,0.22562694272702064,131992.67415641993,2793.3960565295038,134786.07021294945,2805,4,967.9722222222222,36,0,18,33.377397260273966,0.6403356481481481,43.10247747747748,1027.5900900900901,28.54416916916917,0
2903,4,0,0,36,0.0,0.0,1.0,36,850,300,550,0.35294117647058826,14,3,11,373.83438974004844,0.7020833333333334,-0.05933167804676165,0.22349274027091712,132108.41912436092,2677.334048575616,134785.75317293653,2806,5,968.9722222222222,36,0,18,33.381942162339804,0.6414930555555556,42.98986486486487,1028.0405405405413,28.556681681681702,0
2904,4,1,0,37,0.02702702702702703,0.0,1.0,37,700,500,200,0.7142857142857143,9,5,4,361.60862632811234,0.70995995995996,-0.05158791176296629,0.2180146995144426,132426.97934420922,2177.6646579011594,134604.64400211038,2807,0,943.7567567567568,36,1,20,33.37527352297594,0.6446759259259258,42.68018018018019,1029.2792792792804,28.591091091091123,0
2905,4,0,0,37,0.0,0.0,1.0,37,1200,900,300,0.75,15,9,6,362.2078631222758,0.7087712712712713,-0.0562644428815432,0.21938762358386343,132600.90115453303,2205.8178110543113,134806.71896558735,2808,1,944.7567567567568,36,1,21,33.18481667760041,0.646412037037037,42.51126126126127,1029.9549549549558,28.609859859859885,0
2906,4,1,2,36,0.02631578947368421,0.05263157894736842,0.9473684210526316,38,900,700,200,0.7777777777777778,11,7,4,353.05935137875423,0.7170163584637269,-0.04518793794354026,0.21559546366011692,132906.30290089242,1784.7626192674509,134691.06552015987,2809,0,920.8684210526316,37,1,16,33.11356869417269,0.6475225225225225,42.214912280701746,1031.1403508771916,27.86865813181599,0
2907,4,1,0,37,0.02702702702702703,0.0,1.0,37,1200,600,600,0.5,18,6,12,361.116181189504,0.7092092092092092,-0.03022021803415098,0.22076782291945793,132949.08717839472,2202.0133308984787,135151.1005092932,2810,0,946.6756756756756,36,1,18,32.86288854917375,0.6498842592592593,42.17342342342343,1031.306306306307,28.64739739739742,0
2908,4,0,0,37,0.0,0.0,1.0,37,1100,900,200,0.8181818181818182,13,9,4,360.48154116054235,0.7093968968968969,-0.031199103033163977,0.22072265488172244,133007.16256797337,2189.3253895787702,135196.48795755213,2811,1,947.6756756756756,36,1,18,32.820915211062605,0.650462962962963,42.11711711711712,1031.5315315315315,28.653653653653652,0
2909,4,0,0,37,0.0,0.0,1.0,37,700,500,200,0.7142857142857143,9,5,4,359.4626663380522,0.7095845845845846,-0.030593072609879424,0.22061328946119022,133094.29943034242,2168.4863495251875,135262.7857798676,2812,2,948.6756756756756,36,1,18,32.75969478700572,0.6513310185185186,42.03265765765765,1031.8693693693685,28.663038038038014,0
2910,4,1,0,38,0.02631578947368421,0.0,1.0,38,750,300,450,0.4,12,3,9,368.785075482984,0.7186462778568041,0.04707891344174797,0.20981977277479316,130206.62607725461,2004.1878828789536,132210.81396013356,2813,0,924.6842105263158,37,1,19,35.43681062884973,0.6204954954954955,44.84649122807018,1020.6140350877199,27.584163110478915,8
2911,4,0,1,37,0.0,0.02631578947368421,0.9736842105263158,38,850,700,150,0.8235294117647058,10,7,3,367.6239421437751,0.7176979611190137,0.04607500387786523,0.20977868160364707,130321.6695066015,1981.897224015273,132303.56673061676,2814,1,925.6842105263158,35,3,19,35.34959948613315,0.6255952380952381,44.7337962962963,1021.0648148148148,29.17328042328042,0
2912,4,0,0,37,0.0,0.0,1.0,37,1050,800,250,0.7619047619047619,13,8,5,374.58253136061546,0.7027027027027027,0.04813765858176655,0.2140935067650048,130384.1429280046,2367.924461451253,132752.06738945586,2815,2,951.5945945945946,34,3,19,35.108501379337135,0.6283700980392157,44.67261904761905,1021.3095238095243,30.038515406162478,0
2913,4,0,0,37,0.0,0.0,1.0,37,500,200,300,0.4,8,2,6,374.58253136061546,0.7027027027027027,0.04813765858176655,0.2140935067650048,130384.1429280046,2367.924461451253,132752.06738945586,2816,3,952.5945945945946,34,3,19,35.108501379337135,0.6283700980392157,44.67261904761905,1021.3095238095243,30.038515406162478,0
2914,4,1,1,37,0.02631578947368421,0.02631578947368421,0.9736842105263158,38,850,600,250,0.7058823529411765,11,6,5,365.80644695746867,0.7180832147937412,0.045406877320097294,0.21049956651305007,130646.86381440748,1958.2930116169268,132605.1568260244,2817,0,928.5,35,3,16,35.0660638137288,0.6288690476190477,44.41550925925925,1022.3379629629621,29.20965608465606,0
2915,4,0,0,37,0.0,0.0,1.0,37,900,600,300,0.6666666666666666,12,6,6,373.99496581776344,0.703516016016016,0.04895972393642456,0.21459711140238527,130536.16780045358,2363.973922902498,132900.14172335606,2818,5,954.5945945945946,34,3,16,34.96912861136999,0.6299019607843137,44.523809523809526,1021.9047619047624,30.0560224089636,0
2916,4,0,0,37,0.0,0.0,1.0,37,800,600,200,0.75,10,6,4,371.9637095236101,0.7043918918918919,0.04765772061369544,0.2137670957141713,130597.00255102055,2315.469104308407,132912.47165532896,2819,6,955.5945945945946,34,3,17,34.959284494137734,0.6305147058823529,44.46428571428572,1022.1428571428582,30.063025210084067,0
2917,4,0,0,37,0.0,0.0,1.0,37,650,300,350,0.46153846153846156,10,3,7,369.84342380651543,0.7031406406406406,0.048899755501222275,0.2130506483617816,130688.28125000017,2266.8402777777933,132955.12152777796,2820,7,956.5945945945946,34,3,17,34.92087747894593,0.6314338235294117,44.37500000000001,1022.5000000000014,30.073529411764746,0
2918,4,0,0,37,0.0,0.0,1.0,37,800,700,100,0.875,9,7,2,373.94389870270356,0.7045795795795796,0.05322361467612868,0.21592244473478708,130779.59183673482,2380.8460884353867,133160.4379251702,2821,8,957.5945945945946,34,3,17,34.72343459031657,0.6323529411764706,44.28571428571429,1022.8571428571438,30.084033613445406,0
2919,4,2,0,39,0.05128205128205128,0.0,1.0,39,900,600,300,0.6666666666666666,12,6,6,358.4262481999262,0.7195793972109762,0.074818327691891,0.21043798744007977,131419.6588010207,1623.146967120223,133042.80576814094,2822,0,909.4358974358975,34,5,19,34.47284144123227,0.6387867647058822,43.660714285714306,1025.3571428571454,30.15756302521016,0
2920,4,0,0,39,0.0,0.0,1.0,39,700,400,300,0.5714285714285714,10,4,6,359.8416482937068,0.7214349977507872,0.0692370180591142,0.211945009114619,131541.7534722224,1666.8402777778035,133208.5937500002,2823,1,910.4358974358975,34,5,19,34.3132277281343,0.6400122549019607,43.54166666666668,1025.8333333333348,30.171568627451023,0
2921,4,0,1,38,0.0,0.02564102564102564,0.9743589743589743,39,1150,800,350,0.6956521739130435,15,8,7,360.130933387394,0.7223346828609987,0.05323196052979107,0.21480750967930465,132021.60564280508,1709.0128134891768,133730.61845629427,2824,2,911.4358974358975,36,3,17,33.82163598509753,0.640625,43.07432432432433,1027.7027027027036,28.547297297297323,1
2922,4,0,0,38,0.0,0.0,1.0,38,1050,900,150,0.8571428571428571,12,9,3,364.0828999254869,0.7143788525367473,0.051718412751120324,0.21659516218087263,131921.96609224955,2006.1063957475883,133928.07248799715,2825,3,936.3684210526316,35,3,17,33.82060237344148,0.6416666666666667,43.17129629629629,1027.314814814814,29.35185185185183,0
2923,4,0,0,38,0.0,0.0,1.0,38,1000,700,300,0.7,13,7,6,367.4214755295838,0.7136379800853485,0.04829302987197748,0.2192676547515257,132040.89506172828,2102.932098765421,134143.8271604937,2826,4,937.3684210526316,35,3,17,33.61486486486486,0.6428571428571428,43.05555555555555,1027.777777777777,29.36507936507934,0
2924,4,0,0,38,0.0,0.0,1.0,38,1400,900,500,0.6428571428571429,19,9,10,367.1128931427709,0.7127785680417259,0.04700581240334878,0.2196002578981303,132130.12695312512,2101.334635416682,134231.4615885418,2827,5,938.3684210526316,35,3,18,33.532801418439725,0.6437499999999999,42.96875000000001,1028.125000000001,29.375000000000025,0
2925,4,0,0,38,0.0,0.0,1.0,38,500,200,300,0.4,8,2,6,368.6898782279796,0.7118006164058795,0.050836916734780635,0.22106465977961073,132219.38898533973,2149.5900848765687,134368.9790702163,2828,6,939.3684210526316,35,3,18,33.40226198514518,0.6446428571428571,42.88194444444446,1028.472222222224,29.384920634920686,0
2926,4,0,0,38,0.0,0.0,1.0,38,1200,900,300,0.75,15,9,6,367.22798643045996,0.7099632527264106,0.04741815727303411,0.22070923403518314,132308.68115837194,2117.490113811736,134426.17127218368,2829,7,940.3684210526316,35,3,19,33.34985656429296,0.6455357142857142,42.79513888888889,1028.8194444444448,29.39484126984128,0
2927,4,0,0,38,0.0,0.0,1.0,38,1100,900,200,0.8181818181818182,13,9,4,366.0115720631379,0.7110301090564248,0.053590453867462085,0.22049965438925656,132398.0034722224,2091.8402777777974,134489.8437500002,2830,8,941.3684210526316,36,2,19,33.29116059379217,0.644386574074074,42.70833333333334,1029.166666666668,28.587962962963005,0
2928,4,0,0,38,0.0,0.0,1.0,38,750,500,250,0.6666666666666666,10,5,5,376.1931608094833,0.7106448553816975,0.09568434166812345,0.22646828280730885,132370.51647308056,2359.376597998388,134729.89307107896,2831,9,942.3684210526316,38,0,18,33.05691099114062,0.6403508771929824,42.73504273504273,1029.0598290598289,27.080521817363916,1
2929,4,0,0,38,0.0,0.0,1.0,38,350,300,50,0.8571428571428571,4,3,1,378.14093002671746,0.7107337600758653,0.09940336671638605,0.22780685296731504,132398.00347222216,2413.0322476075594,134811.03571982973,2832,10,943.3684210526316,34,4,18,32.97908232118759,0.6485906862745099,42.70833333333333,1029.166666666666,30.269607843137237,0
2930,4,0,0,38,0.0,0.0,1.0,38,1250,1100,150,0.88,14,11,3,373.9043725259795,0.7105559506875296,0.09397756120586909,0.22594895426338604,132513.92598257045,2309.507269093418,134823.43325166387,2833,11,944.3684210526316,36,2,18,32.97126216777863,0.6455439814814815,42.59572072072072,1029.6171171171172,28.600475475475477,0
2931,4,0,0,38,0.0,0.0,1.0,38,650,500,150,0.7692307692307693,8,5,3,373.0692415088532,0.710941204362257,0.09288806004512562,0.22561806510297328,132542.91453615788,2289.536918675442,134832.45145483332,2834,12,945.3684210526316,36,2,18,32.96355533683289,0.6458333333333334,42.56756756756757,1029.7297297297305,28.603603603603624,0
2932,4,0,0,38,0.0,0.0,1.0,38,800,500,300,0.625,11,5,6,374.4384520418172,0.7100817923186344,0.09004677978974995,0.22697074359353886,132629.8992193207,2332.3468316289354,134962.24605094964,2835,13,946.3684210526316,36,2,16,32.84068547064613,0.6467013888888888,42.48310810810811,1030.067567567568,28.612987987988,0
2933,4,0,0,38,0.0,0.0,1.0,38,1050,700,350,0.6666666666666666,14,7,7,376.8617200107586,0.7108226647700332,0.08120169304379843,0.2293243657937807,132774.93709926138,2407.558233909584,135182.49533317095,2836,14,947.3684210526316,36,2,16,32.63221153846155,0.6481481481481481,42.34234234234234,1030.6306306306303,28.62862862862862,0
2934,4,0,0,38,0.0,0.0,1.0,38,500,200,300,0.4,8,2,6,375.7255683083899,0.7109708392603129,0.08659411771291636,0.22909025896468735,132849.7770948752,2383.0115997229714,135232.78869459816,2837,15,948.3684210526316,37,1,16,32.58615188257816,0.6469594594594594,42.26973684210525,1030.9210526315778,27.862731152204805,0
2935,4,1,0,39,0.02564102564102564,0.0,1.0,39,700,500,200,0.7142857142857143,9,5,4,365.6392445009942,0.7217161493477283,0.08523829618954326,0.2248530070734632,133168.79799702318,1938.3477381474179,135107.1457351706,2838,0,925.025641025641,38,1,18,32.52553220853602,0.6483004385964912,41.960470085470085,1032.1581196581199,27.162055780476837,0
2936,4,0,0,39,0.0,0.0,1.0,39,1000,800,200,0.8,12,8,4,362.8627170957417,0.7205915429599641,0.07913058244184112,0.2236419195161508,133251.51581561824,1870.4014171962754,135121.9172328145,2839,1,926.025641025641,38,1,18,32.514141832229576,0.6491228070175439,41.880341880341874,1032.4786324786314,27.17049032838504,0
2937,4,0,0,39,0.0,0.0,1.0,39,950,700,250,0.7368421052631579,12,7,5,361.94752017187886,0.721097615834458,0.08147511499466864,0.22340898658884917,133306.6752958579,1850.004109138717,135156.6794049966,2840,2,927.025641025641,38,1,18,32.48241258017795,0.649671052631579,41.82692307692307,1032.692307692307,27.176113360323868,0
2938,4,0,0,39,0.0,0.0,1.0,39,700,300,400,0.42857142857142855,11,3,8,359.69132349968845,0.719804318488529,0.08119746506509684,0.2226770229348261,133417.02849915982,1797.789511651681,135214.8180108115,2841,3,928.025641025641,38,1,18,32.42998104102033,0.6507675438596492,41.720085470085465,1033.1196581196573,27.187359424201507,0
2939,4,0,0,39,0.0,0.0,1.0,39,1200,1000,200,0.8333333333333334,14,10,4,359.3262226847037,0.7198605488079173,0.08147229114971077,0.22278225806451604,133472.22222222204,1792.03671743734,135264.2589396594,2842,4,929.025641025641,36,3,19,32.38407258064516,0.6550925925925927,41.66666666666666,1033.333333333332,28.703703703703663,0
2940,4,0,0,39,0.0,0.0,1.0,39,1000,800,200,0.8,12,8,4,355.88864924763345,0.7192420152946469,0.08468665502401995,0.2209885644142417,133528.88028047077,1704.2825677131284,135233.16284818389,2843,5,930.025641025641,37,2,19,32.41610085578895,0.6537162162162162,41.61184210526315,1033.5526315789461,27.933854907539086,0
2941,4,0,0,39,0.0,0.0,1.0,39,900,700,200,0.7777777777777778,11,7,4,358.26717156435075,0.7189046333783177,0.09100007615069106,0.22280625946627283,133585.55036164966,1771.8634579870622,135357.4138196367,2844,6,931.025641025641,37,2,19,32.297853910338006,0.6542792792792793,41.557017543859644,1033.7719298245606,27.939781887150286,0
2942,4,0,0,39,0.0,0.0,1.0,39,650,500,150,0.7692307692307693,8,5,3,359.0172879792755,0.7191295546558705,0.09680085252604331,0.2239584034537385,133698.92659279777,1800.0452062172947,135498.97179901507,2845,7,932.025641025641,37,2,20,32.16488196211478,0.6554054054054055,41.44736842105263,1034.2105263157891,27.951635846372678,0
2943,4,0,0,39,0.0,0.0,1.0,39,1100,600,500,0.5454545454545454,16,6,10,359.01474371630604,0.7180049482681062,0.09525828563352401,0.2243009994847437,133755.6327427669,1804.0488419513565,135559.68158471826,2846,8,933.025641025641,37,2,15,32.10815490071372,0.6559684684684686,41.392543859649116,1034.4298245614027,27.957562825983857,0
2944,4,0,0,39,0.0,0.0,1.0,39,1000,700,300,0.7,13,7,6,361.49823065386886,0.7199730094466937,0.08969740438271945,0.22654849275638825,133869.08111149556,1878.6871922129542,135747.76830370852,2847,9,934.025641025641,37,2,15,31.930317157589887,0.6570945945945947,41.28289473684209,1034.8684210526292,27.969416785206192,0
2945,4,0,0,39,0.0,0.0,1.0,39,800,500,300,0.625,11,5,6,359.8801666709262,0.7195793972109762,0.09278298678649621,0.2259804883262864,133941.8297195739,1840.601600737799,135782.4313203117,2848,10,935.025641025641,38,1,15,31.899361819245204,0.6559758771929826,41.21260683760683,1035.149572649571,27.240778227620286,0
2946,4,0,0,39,0.0,0.0,1.0,39,1050,900,150,0.8571428571428571,12,9,3,360.4880647951961,0.7197480881691408,0.09057835845577067,0.2267027797488802,133997.13187824152,1860.8733517787864,135858.0052300203,2849,11,936.025641025641,38,1,15,31.828285694630754,0.6565241228070176,41.15918803418803,1035.363247863247,27.24640125955913,0
2947,4,0,0,39,0.0,0.0,1.0,39,850,700,150,0.8235294117647058,10,7,3,362.7134155615773,0.7204790823211876,0.08828929182911494,0.22885927692540162,134118.83680555577,1929.3402777778024,136048.17708333358,2850,12,937.025641025641,39,0,17,31.64890050951999,0.6559829059829059,41.04166666666668,1035.833333333335,26.559829059829106,0
2948,4,0,0,39,0.0,0.0,1.0,39,950,800,150,0.8421052631578947,11,8,3,359.037885626084,0.7195793972109762,0.0859855865887229,0.22720794441528516,134226.7578125,1838.498263888889,136065.25607638888,2851,13,938.025641025641,39,0,17,31.63617477549926,0.657051282051282,40.9375,1036.25,26.57051282051282,0
2949,4,0,0,39,0.0,0.0,1.0,39,850,200,650,0.23529411764705882,15,2,13,360.6415279710294,0.7192982456140351,0.08534124904338936,0.22872809718545023,134307.72705078125,1887.3887803819443,136195.1158311632,2852,14,939.025641025641,39,0,17,31.513687904063243,0.6578525641025641,40.859375,1036.5625,26.578525641025642,0
2950,4,0,0,39,0.0,0.0,1.0,39,900,600,300,0.6666666666666666,12,6,6,388.95005444951096,0.7192982456140351,0.11251807340788189,0.2398980393270279,133279.0941289541,2574.2953130279357,135853.38944198206,2853,15,940.025641025641,38,1,14,31.813028108294546,0.6493969298245613,41.85363247863249,1032.5854700854718,27.173301844354523,3
2951,4,0,0,39,0.0,0.0,1.0,39,950,700,250,0.7368421052631579,12,7,5,387.35608139180334,0.7185672514619883,0.11406795707137007,0.23962546071512164,133389.4359179818,2533.8418392505155,135923.27775723234,2854,16,941.025641025641,38,1,17,31.74319991726136,0.6504934210526314,41.74679487179488,1033.0128205128221,27.18454790823216,0
2952,4,0,0,39,0.0,0.0,1.0,39,950,700,250,0.7368421052631579,12,7,5,386.0987390714777,0.7191857849752586,0.10553913924952107,0.2395744017490775,133502.12358807013,2509.077362494773,136011.2009505649,2855,17,942.025641025641,35,4,17,31.662396871616828,0.6574404761904762,41.63773148148148,1033.449074074074,29.5271164021164,0
2953,4,1,1,39,0.025,0.025,0.975,40,850,700,150,0.8235294117647058,10,7,3,375.9313117126661,0.728258547008547,0.10588939690833876,0.2349187094824867,133763.2966581448,2057.162314341386,135820.45897248617,2856,0,919.45,36,4,14,31.662992597430875,0.657986111111111,41.385135135135144,1034.4594594594607,28.73498498498502,0
2954,4,0,0,39,0.0,0.0,1.0,39,1050,800,250,0.7619047619047619,13,8,5,384.0912550395693,0.7187359424201529,0.10619265791679577,0.23890690041876286,133591.84777949256,2462.292095336086,136054.13987482863,2857,19,944.025641025641,35,4,18,31.624123003433347,0.6583333333333332,41.55092592592593,1033.796296296297,29.537037037037056,0
2955,4,0,0,39,0.0,0.0,1.0,39,800,400,400,0.5,12,4,8,378.2026331590933,0.7191857849752586,0.1088892238467678,0.23633805361900917,133763.2966581448,2317.926203230275,136081.22286137508,2858,20,945.025641025641,36,3,16,31.60425284853763,0.657986111111111,41.385135135135144,1034.4594594594607,28.73498498498502,0
2956,4,0,0,39,0.0,0.0,1.0,39,1600,1400,200,0.875,18,14,4,375.6411902430006,0.7189046333783177,0.117755684988061,0.23585340305421207,133938.09349890446,2262.532972161367,136200.62647106583,2859,21,946.025641025641,36,3,16,31.495231360603434,0.6597222222222221,41.216216216216225,1035.1351351351364,28.753753753753788,0
2957,4,0,0,39,0.0,0.0,1.0,39,1000,700,300,0.7,13,7,6,377.3081431463867,0.718454790823212,0.1163746702141304,0.23727572285142848,133996.38447569212,2311.5854029705592,136307.96987866267,2860,22,947.025641025641,36,3,16,31.393662533536368,0.6603009259259258,41.15990990990992,1035.360360360362,28.760010010010053,0
2958,4,0,0,39,0.0,0.0,1.0,39,1050,700,350,0.6666666666666666,14,7,7,379.20873182250483,0.7180049482681062,0.1256100858231528,0.2394194319859452,134142.16739966313,2373.576236709679,136515.74363637282,2861,23,948.025641025641,36,3,16,31.19836395260354,0.6617476851851851,41.01914414414414,1035.9234234234232,28.775650650650643,0
2959,4,0,0,39,0.0,0.0,1.0,39,950,800,150,0.8421052631578947,11,8,3,375.7093782893179,0.7196918578497526,0.1296816322891945,0.23815627532884853,134288.0295836377,2290.6544213132056,136578.6840049509,2862,24,949.025641025641,36,3,16,31.142936042300445,0.6631944444444444,40.87837837837838,1036.4864864864865,28.79129129129129,0
2960,4,0,0,39,0.0,0.0,1.0,39,1000,800,200,0.8,12,8,4,374.98348469778693,0.7196356275303644,0.12826919594980413,0.23788580128484693,134317.21153163293,2273.3472070042976,136590.55873863722,2863,25,950.025641025641,36,3,16,31.13253666485606,0.6634837962962963,40.85022522522522,1036.5990990990988,28.794419419419413,0
2961,4,0,0,39,0.0,0.0,1.0,39,1450,1200,250,0.8275862068965517,17,12,5,374.67137626812473,0.7177800269905533,0.12789620018535697,0.23921326330964887,134550.78125,2282.668183386089,136833.4494333861,2864,26,951.025641025641,35,4,16,30.906961178045506,0.6678571428571429,40.625,1037.5,29.642857142857142,0
2962,4,0,0,39,0.0,0.0,1.0,39,550,300,250,0.5454545454545454,8,3,5,376.36742386944206,0.7168803418803419,0.130300665254395,0.2412894513713386,134700.92438539525,2339.407980752748,137040.332366148,2865,27,952.025641025641,35,4,17,30.71284888690675,0.669345238095238,40.480324074074076,1038.078703703704,29.659391534391542,0
2963,4,0,0,39,0.0,0.0,1.0,39,550,200,350,0.36363636363636365,9,2,7,387.13129612039137,0.7168803418803419,0.10538409316413433,0.2236252545824847,130794.81336805546,2341.986695173173,133136.80006322864,2866,28,953.025641025641,37,2,16,34.370756958587904,0.6264076576576577,44.27083333333333,1022.9166666666658,27.646396396396373,8
2964,4,0,0,39,0.0,0.0,1.0,39,750,400,350,0.5333333333333333,11,4,7,384.98344980629474,0.7173864147548359,0.10660357397041587,0.22270803286686516,130850.90033712292,2275.086204409043,133125.98654153195,2867,29,954.025641025641,37,2,16,34.36874843710928,0.6269707207207207,44.21600877192982,1023.1359649122803,27.652323376007576,0
2965,4,0,0,39,0.0,0.0,1.0,39,1200,1000,200,0.8333333333333334,14,10,4,389.90237089806953,0.7194107062528116,0.11131984268231121,0.22637615265574437,130991.17036011054,2414.7535780239828,133405.9239381345,2868,30,955.025641025641,37,2,17,34.10052485004285,0.6283783783783785,44.07894736842104,1023.6842105263137,27.667140825035506,0
2966,4,1,1,39,0.025,0.025,0.975,40,800,600,200,0.75,10,6,4,380.07265374003185,0.727323717948718,0.10728026274632474,0.2221375272407461,131246.006430802,1976.6035913872297,133222.6100221892,2869,0,932.125,38,2,17,34.09381190699614,0.6291118421052633,43.8301282051282,1024.6794871794862,26.965249662618056,0
2967,4,0,0,39,0.0,0.0,1.0,39,750,400,350,0.5333333333333333,11,4,7,388.84968076880693,0.7186797121007648,0.11417291242035699,0.22645887240885673,131109.19922017667,2396.3540525239155,133505.55327270058,2870,32,957.025641025641,38,1,17,34.00771089783712,0.6277412280701755,43.96367521367521,1024.1452991452984,26.951192082771012,0
2968,4,1,0,40,0.025,0.0,1.0,40,1300,1000,300,0.7692307692307693,16,10,6,379.99863453578996,0.7272970085470085,0.12054249064671385,0.22371851643060467,131524.88175448184,1996.2203516123564,133521.10210609421,2871,0,934.075,37,3,19,33.81335738464279,0.6337274774774776,43.558114035087705,1025.7675438596468,27.723447131341807,0
2969,4,0,0,40,0.0,0.0,1.0,40,900,700,200,0.7777777777777778,11,7,4,379.87252538534653,0.7283386752136752,0.119305555555556,0.22447012863679516,131665.51246537355,2003.222145275421,133668.73461064897,2872,1,935.075,37,3,16,33.67432336182335,0.6351351351351353,43.421052631578924,1026.3157894736808,27.73826458036975,0
2970,4,0,0,40,0.0,0.0,1.0,40,650,400,250,0.6153846153846154,9,4,5,378.7000552024733,0.7277777777777777,0.11556724708898658,0.2239425910770906,131693.64762474954,1974.4783250615108,133668.12594981104,2873,2,936.075,37,3,16,33.67595609443435,0.6354166666666669,43.39364035087717,1026.425438596488,27.74122807017535,0
2971,4,0,0,40,0.0,0.0,1.0,40,900,700,200,0.7777777777777778,11,7,4,379.4961984114382,0.7283386752136752,0.1144680623798342,0.22457922942654085,131721.78578985803,1997.5833910433532,133719.36918090138,2874,3,937.075,37,3,16,33.62707398703981,0.6356981981981984,43.36622807017542,1026.535087719295,27.744191559980948,0
2972,4,0,0,40,0.0,0.0,1.0,40,400,200,200,0.5,6,2,4,379.6242293842205,0.728792735042735,0.11397789170137873,0.22482110434689714,131749.92696069894,2003.0928987764903,133753.01985947543,2875,4,938.075,37,3,17,33.59533536259746,0.63597972972973,43.33881578947366,1026.644736842101,27.747155049786517,0
2973,4,0,0,40,0.0,0.0,1.0,40,900,500,400,0.5555555555555556,13,5,8,380.4591971797816,0.7266292735042735,0.11781596925704552,0.22615112685153443,131890.67790089207,2035.8042859340721,133926.48218682615,2876,5,939.075,37,3,18,33.43162894961568,0.6373873873873876,43.20175438596488,1027.1929824561362,27.76197249881449,0
2974,4,0,0,40,0.0,0.0,1.0,40,1400,1000,400,0.7142857142857143,18,10,8,382.34684949802863,0.7257211538461539,0.12254588134869904,0.22794877057859517,132003.33275623235,2094.2116805170426,134097.5444367494,2877,6,940.075,37,3,18,33.26931284677762,0.6385135135135137,43.092105263157876,1027.6315789473656,27.773826458036908,0
2975,4,0,0,40,0.0,0.0,1.0,40,1200,1000,200,0.8333333333333334,14,10,4,379.16137637013867,0.7253472222222223,0.12301621160409582,0.22672302709479683,132116.03570329305,2018.6595875653738,134134.69529085842,2878,7,941.075,37,3,18,33.23734357224117,0.6396396396396398,42.98245614035086,1028.0701754385943,27.785680417259307,0
2976,4,0,0,40,0.0,0.0,1.0,40,900,600,300,0.6666666666666666,12,6,6,376.78336629762,0.7253472222222223,0.12222626220652444,0.22583540996144968,132205.65440317008,1962.578301921212,134168.2327050913,2879,8,942.075,38,2,19,33.208021677401476,0.6387061403508774,42.89529914529913,1028.4188034188007,27.06365272154739,0
2977,4,0,0,40,0.0,0.0,1.0,40,1000,600,400,0.6,14,6,8,376.81590641621244,0.7249198717948718,0.12595045185416076,0.22601911097002284,132233.1242809002,1965.5089168309748,134198.63319773116,2880,9,943.075,38,2,20,33.179469201204924,0.638980263157895,42.868589743589716,1028.5256410256368,27.066464237516758,0
2978,4,0,0,40,0.0,0.0,1.0,40,1050,900,150,0.8571428571428571,12,9,3,375.8553115661654,0.724465811965812,0.12218009970918176,0.22560691644382994,132260.5970121992,1942.169579589405,134202.76659178862,2881,10,944.075,38,2,20,33.17645582329316,0.6392543859649125,42.84188034188032,1028.6324786324756,27.0692757534862,0
2979,4,0,0,40,0.0,0.0,1.0,40,1350,1200,150,0.8888888888888888,15,12,3,373.551443229688,0.7255074786324787,0.1254048582995957,0.22504196701886023,132398.00347222187,1891.564394769483,134289.56786699136,2882,11,945.075,37,3,20,33.09716599190283,0.6424549549549552,42.708333333333314,1029.1666666666638,27.81531531531524,0
2980,4,0,0,40,0.0,0.0,1.0,40,800,600,200,0.75,10,6,4,371.4782206824043,0.7257478632478632,0.11997198007472054,0.22428346707366176,132480.48159105825,1842.7227153188455,134323.2043063771,2883,12,946.075,38,2,20,33.06740348692404,0.6414473684210528,42.62820512820512,1029.4871794871774,27.09176788124151,0
2981,4,0,0,40,0.0,0.0,1.0,40,950,800,150,0.8421052631578947,11,8,3,369.657424819359,0.7263087606837607,0.11798163709928411,0.22367406891612038,132562.98539201167,1800.5783612754549,134363.56375328713,2884,13,947.075,38,2,20,33.0311754331362,0.6422697368421054,42.54807692307691,1029.807692307691,27.100202429149764,0
2982,4,0,0,40,0.0,0.0,1.0,40,600,400,200,0.6666666666666666,8,4,4,367.9968390460634,0.7254273504273504,0.11687822393041358,0.2228037200029654,132585.67843966998,1758.2221137152578,134343.90055338523,2885,14,948.075,39,1,20,33.05108138633221,0.6407585470085471,42.52604166666666,1029.895833333332,26.407585470085433,0
2983,4,0,0,40,0.0,0.0,1.0,40,900,600,300,0.6666666666666666,12,6,6,368.72438704528196,0.7251602564102564,0.11505721049516726,0.22383999017156062,132685.7824790135,1784.8967628395515,134470.67924185304,2886,15,949.075,40,0,16,32.93158578286315,0.6401041666666668,42.42886178861787,1030.284552845526,25.757113821138148,0
2984,4,0,0,40,0.0,0.0,1.0,40,900,600,300,0.6666666666666666,12,6,6,366.05108479267926,0.7259348290598291,0.11350705058672728,0.2226829064716589,132764.32188388167,1719.704809471843,134484.02669335352,2887,16,950.075,40,0,16,32.92143279755446,0.6408854166666669,42.35264227642275,1030.5894308943066,25.764735772357664,0
2985,4,0,0,40,0.0,0.0,1.0,40,450,300,150,0.6666666666666666,6,3,3,365.46423903763656,0.7248931623931624,0.10074183976261142,0.2286817347187755,133812.35091566615,1786.372550692368,135598.72346635853,2888,17,951.075,37,3,15,31.88453793980499,0.6565315315315317,41.3377192982456,1034.6491228070158,27.96348980559502,2
2986,4,0,0,40,0.0,0.0,1.0,40,650,400,250,0.6153846153846154,9,4,5,364.29591489914725,0.7243856837606838,0.0972634311751619,0.22812611472483424,133840.7145107148,1751.5251086872804,135592.2396194021,2889,18,952.075,37,3,15,31.88634717954151,0.6568130630630631,41.310307017543856,1034.7587719298242,27.966453295400655,0
2987,4,0,0,40,0.0,0.0,1.0,40,1100,700,400,0.6363636363636364,15,7,8,363.5134511234178,0.7229700854700855,0.09155369625079479,0.22851491381539987,133982.57757194497,1740.893832717733,135723.4714046627,2890,19,953.075,37,3,15,31.76454494104357,0.6582207207207208,41.173245614035075,1035.3070175438577,27.981270744428585,0
2988,4,0,0,40,0.0,0.0,1.0,40,750,500,250,0.6666666666666666,10,5,5,350.52330791835186,0.7234775641025641,0.08298489200978842,0.21324068421518355,132765.01092884337,1309.8507473453242,134074.8616761887,2891,20,954.075,37,3,11,33.32080983792602,0.6461148648648649,42.35197368421052,1030.592105263157,27.85384068278803,2
2989,4,0,0,40,0.0,0.0,1.0,40,750,500,250,0.6666666666666666,10,5,5,350.0224715075234,0.7238514957264958,0.08338562161012497,0.21357957816906148,132878.0384950175,1302.0598886195555,134180.09838363706,2892,21,955.075,37,3,12,33.22022670069837,0.6472409909909911,42.2423245614035,1031.0307017543844,27.86569464201039,0
2990,4,0,2,38,0.0,0.05,0.95,40,750,400,350,0.5333333333333333,11,4,7,348.2501785532091,0.7233173076923077,0.07651515151515165,0.21281955356029428,132934.57031249985,1258.8975694444293,134193.4678819443,2893,22,956.075,37,3,12,33.20917508417509,0.6478040540540542,42.18749999999999,1031.2499999999989,27.871621621621593,0
2991,4,0,0,38,0.0,0.0,1.0,38,1100,900,200,0.8181818181818182,13,9,4,351.3907986786024,0.7206910858226647,0.07820316699053165,0.21491032306280194,132964.41139671204,1744.494143304172,134708.90554001622,2894,23,959.9473684210526,35,3,14,33.09825403059889,0.6520833333333333,42.15856481481481,1031.36574074074,29.46759259259257,0
2992,4,0,0,38,0.0,0.0,1.0,38,700,300,400,0.42857142857142855,11,3,8,351.6037051080902,0.7196834992887624,0.07714042764265105,0.21538445523219293,133024.1036120756,1754.35353973765,134778.45715181323,2895,24,960.9473684210526,35,3,15,33.032859306630755,0.6526785714285714,42.10069444444444,1031.597222222222,29.47420634920634,0
2993,4,0,0,38,0.0,0.0,1.0,38,1300,1200,100,0.9230769230769231,14,12,2,350.4526731617633,0.718794452347084,0.07438096979923192,0.21606000672260475,133263.0064327203,1740.475367584016,135003.48180030432,2896,25,961.9473684210526,35,3,16,32.82295052871502,0.6550595238095238,41.86921296296296,1032.5231481481478,29.500661375661366,0
2994,4,0,0,38,0.0,0.0,1.0,38,750,600,150,0.8,9,6,3,349.98229443339676,0.7192389758179232,0.07257636357200958,0.21594343229147767,133292.88435570992,1730.0298996913589,135022.91425540127,2897,26,962.9473684210526,35,3,16,32.8051445864156,0.6553571428571429,41.84027777777778,1032.6388888888891,29.50396825396826,0
2995,4,0,0,38,0.0,0.0,1.0,38,1200,900,300,0.75,15,9,6,356.0744016649325,0.7165718349928877,0.08319185059422751,0.22076612903225798,133472.22222222204,1905.2083333333135,135377.43055555536,2898,27,963.9473684210526,35,3,16,32.46807795698924,0.6571428571428573,41.66666666666666,1033.333333333332,29.523809523809483,0
2996,4,0,0,38,0.0,0.0,1.0,38,950,600,350,0.631578947368421,13,6,7,355.6435583968381,0.716986723565671,0.08488831260682539,0.22085514440081794,133532.02830289767,1897.9611411179571,135429.98944401563,2899,28,964.9473684210526,35,3,18,32.41927958193355,0.6577380952380952,41.60879629629629,1033.5648148148139,29.530423280423253,0
2997,4,0,0,38,0.0,0.0,1.0,38,1050,700,350,0.6666666666666666,14,7,7,357.97717081865585,0.715119724988146,0.0907165788001063,0.2232048863408715,133681.6021117326,1970.9923428926527,135652.59445462524,2900,29,965.9473684210526,35,3,18,32.20912609587763,0.6592261904761905,41.46412037037037,1034.1435185185178,29.546957671957653,0
2998,4,0,0,38,0.0,0.0,1.0,38,600,600,0,1.0,6,6,0,358.7444417701397,0.7146159317211949,0.09103060851950806,0.22422781961828708,133771.38658479063,1997.948281035639,135769.33486582627,2901,30,966.9473684210526,35,3,16,32.09936973222941,0.6601190476190477,41.3773148148148,1034.4907407407393,29.556878306878264,0
2999,4,0,0,38,0.0,0.0,1.0,38,950,800,150,0.8421052631578947,11,8,3,359.08955755495924,0.7145270270270271,0.09261897892734994,0.22462572113252477,133801.3214404363,2009.3314632630247,135810.65290369932,2902,31,967.9473684210526,35,3,16,32.060470037662675,0.6604166666666667,41.348379629629626,1034.6064814814808,29.560185185185166,0
3000,4,0,0,38,0.0,0.0,1.0,38,650,500,150,0.7692307692307693,8,5,3,359.42729157094334,0.71399359886202,0.09240400520370406,0.22520248170538187,133861.20119866656,2022.673798653949,135883.8749973205,2903,32,968.9473684210526,35,3,16,31.99178410319502,0.6610119047619047,41.290509259259245,1034.8379629629608,29.56679894179888,0
3001,4,0,0,38,0.0,0.0,1.0,38,1200,900,300,0.75,15,9,6,357.10971227050607,0.7141417733522997,0.09017512475284817,0.22429699905529535,133951.04595336062,1967.0438957475817,135918.0898491082,2904,33,969.9473684210526,35,3,17,31.9618366129994,0.661904761904762,41.203703703703695,1035.185185185184,29.576719576719544,0
3002,4,0,0,38,0.0,0.0,1.0,38,1150,900,250,0.782608695652174,14,9,5,355.9452128814995,0.7134009009009009,0.09186410371032627,0.22429561724391942,134070.88584533596,1944.3780006858542,136015.26384602181,2905,34,970.9473684210526,35,3,17,31.87211294888987,0.6630952380952382,41.087962962962955,1035.6481481481471,29.58994708994706,0
3003,4,0,0,38,0.0,0.0,1.0,38,1050,800,250,0.7619047619047619,13,8,5,357.08798102431274,0.7136379800853485,0.08889738312261097,0.22538345769870202,134130.82588520212,1979.301161694078,136110.1270468962,2906,35,971.9473684210526,35,3,17,31.782588454376146,0.6636904761904763,41.03009259259258,1035.8796296296282,29.596560846560806,0
3004,4,0,0,38,0.0,0.0,1.0,38,850,700,150,0.8235294117647058,10,7,3,358.51619719828386,0.71399359886202,0.08466205728799236,0.2266551551778979,134190.7793209875,2021.9135802468973,136212.6929012344,2907,36,972.9473684210526,35,3,17,31.685656836461124,0.6642857142857144,40.972222222222214,1036.11111111111,29.60317460317457,0
3005,4,0,0,38,0.0,0.0,1.0,38,850,600,250,0.7058823529411765,11,6,5,361.11188771868973,0.7156235182550972,0.0923799674468071,0.2292331097304256,134340.7215175969,2102.4063089420465,136443.12782653893,2908,37,973.9473684210526,35,3,17,31.46852089613337,0.6657738095238095,40.8275462962963,1036.689814814815,29.619708994709,0
3006,4,0,0,38,0.0,0.0,1.0,38,750,500,250,0.6666666666666666,10,5,5,362.72981300222204,0.7148233760075865,0.09110803014904145,0.23063849500971673,134400.721839099,2150.2297400120133,136550.951579111,2909,38,974.9473684210526,35,3,17,31.366619228336507,0.6663690476190476,40.76967592592593,1036.9212962962968,29.626322751322764,0
3007,4,0,1,37,0.0,0.02631578947368421,0.9736842105263158,38,1250,1100,150,0.88,14,11,3,362.73608490185643,0.7154457088667615,0.09332065102515297,0.23159303882195442,134550.78125,2161.284722222222,136712.06597222222,2910,39,975.9473684210526,35,3,17,31.21653279785809,0.6678571428571429,40.625,1037.5,29.642857142857142,0
3008,4,0,0,37,0.0,0.0,1.0,37,950,800,150,0.8421052631578947,11,8,3,363.41751261204354,0.7132132132132132,0.10008310283665933,0.23222485629960196,134581.66099773246,2381.8664965986395,136963.5274943311,2911,40,997.5135135135135,34,3,17,31.1680147621233,0.6703431372549019,40.595238095238095,1037.6190476190477,30.518207282913167,0
3009,4,0,0,37,0.0,0.0,1.0,37,1000,700,300,0.7,13,7,6,363.4676689672586,0.7139014014014013,0.09837589883461417,0.23304691716135986,134705.21541950112,2392.1981292516975,137097.4135487528,2912,41,998.5135135135135,34,3,17,31.043339067278264,0.6715686274509804,40.476190476190474,1038.095238095238,30.53221288515406,0
3010,4,0,0,37,0.0,0.0,1.0,37,800,600,200,0.75,10,6,4,363.7786347007851,0.7136511511511512,0.09708160172556424,0.23344470001659667,134736.11288265316,2402.823837868492,137138.93672052165,2913,42,999.5135135135135,34,3,17,31.004424186828732,0.671875,40.44642857142858,1038.2142857142865,30.535714285714306,0
3011,4,0,0,37,0.0,0.0,1.0,37,750,500,250,0.6666666666666666,10,5,5,366.6256108546416,0.7144644644644644,0.09601209601209582,0.2356724541993397,134797.9184382087,2484.07383786849,137281.9922760772,2914,43,1000.5135135135135,34,3,15,30.868823799151663,0.6724877450980392,40.386904761904766,1038.4523809523816,30.542717086834756,0
3012,4,0,0,37,0.0,0.0,1.0,37,850,400,450,0.47058823529411764,13,4,9,365.2482327731298,0.7140890890890891,0.09646093084488472,0.23518751519893424,134859.73816609985,2451.456207483,137311.19437358284,2915,44,1001.5135135135135,34,3,15,30.84288443170965,0.6731004901960784,40.327380952380956,1038.6904761904768,30.549719887955202,0
3013,4,0,0,37,0.0,0.0,1.0,37,1050,700,350,0.6666666666666666,14,7,7,364.43209287700995,0.7128378378378378,0.10040644240621321,0.23586779858481646,135045.2823837869,2442.9669784580533,137488.24936224494,2916,45,1002.5135135135135,34,3,15,30.67899820562744,0.6749387254901961,40.148809523809526,1039.4047619047622,30.570728291316534,0
3014,4,0,0,37,0.0,0.0,1.0,37,900,700,200,0.7777777777777778,11,7,4,363.59329215608466,0.7124624624624625,0.09653614690821333,0.23613289271252041,135169.0493905896,2429.3119331065764,137598.36132369615,2917,46,1003.5135135135135,34,3,15,30.577418431597017,0.6761642156862745,40.029761904761905,1039.8809523809525,30.584733893557427,0
3015,4,0,0,37,0.0,0.0,1.0,37,1100,800,300,0.7272727272727273,14,8,6,381.8740527880015,0.7130255255255256,0.13875415656174184,0.2306177938904076,132489.90929705213,2718.8917233559982,135208.80102040814,2918,47,1004.5135135135135,34,3,21,32.790336879432616,0.6495098039215687,42.61904761904761,1029.5238095238092,30.280112044817916,4
3016,4,0,0,37,0.0,0.0,1.0,37,750,400,350,0.5333333333333333,11,4,7,383.55112675940984,0.7117117117117117,0.13723144020219524,0.23219739661271188,132581.84700963707,2770.383361677992,135352.23037131506,2919,48,1005.5135135135135,34,3,22,32.654461911917686,0.6504289215686274,42.5297619047619,1029.8809523809516,30.290616246498576,0
3017,4,0,0,37,0.0,0.0,1.0,37,1100,900,200,0.8181818181818182,13,9,4,383.46848060030175,0.7122747747747747,0.13527565693943555,0.23290664558565677,132704.4802295917,2777.5970804988497,135482.07731009054,2920,49,1006.5135135135135,34,3,14,32.532977084536874,0.651654411764706,42.41071428571428,1030.3571428571418,30.304621848739462,0
3018,4,0,0,37,0.0,0.0,1.0,37,1150,800,350,0.6956521739130435,15,8,7,383.4237937378921,0.7120870870870871,0.13200029974521632,0.23306996900247148,132735.1473922902,2778.7627551020387,135513.91014739225,2921,50,1007.5135135135135,34,3,15,32.50322512322858,0.6519607843137255,42.38095238095238,1030.4761904761904,30.308123249299715,0
3019,4,0,0,37,0.0,0.0,1.0,37,800,500,300,0.625,11,5,6,385.01620274192476,0.7110235235235235,0.12874114155721328,0.23499826158899303,132888.5363520408,2832.847930838996,135721.3842828798,2922,51,1008.5135135135135,34,3,16,32.30766270253626,0.6534926470588236,42.232142857142854,1031.0714285714284,30.325630252100837,0
3020,4,0,0,37,0.0,0.0,1.0,37,950,700,250,0.7368421052631579,12,7,5,388.92267298951566,0.7115865865865866,0.12722417708567302,0.2379679405918901,132980.612244898,2943.8350340136108,135924.4472789116,2923,52,1009.5135135135135,34,3,16,32.11420821791321,0.6544117647058822,42.142857142857146,1031.4285714285718,30.336134453781522,0
3021,4,0,0,37,0.0,0.0,1.0,37,1150,900,250,0.782608695652174,14,9,5,386.2100748645792,0.7112112112112112,0.13117258451207015,0.23728243366414173,133134.14292800464,2883.549461451264,136017.69238945591,2924,53,1010.5135135135135,34,3,18,32.02959780059216,0.6559436274509803,41.99404761904763,1032.0238095238105,30.353641456582665,0
3022,4,0,0,37,0.0,0.0,1.0,37,1750,1600,150,0.9142857142857143,19,16,3,388.89783986246874,0.7115865865865866,0.13555572863930188,0.24012019649871288,133318.49666950112,2969.455073696144,136287.95174319728,2925,54,1011.5135135135135,34,3,18,31.774735830931785,0.657781862745098,41.81547619047619,1032.7380952380952,30.374649859943975,0
3023,4,1,0,38,0.02631578947368421,0.0,1.0,38,650,500,150,0.7692307692307693,8,5,3,375.7801220591931,0.7207207207207207,0.1285744583082964,0.23411573294817503,133651.68065200606,2444.728973765421,136096.40962577148,2926,0,985.8684210526316,35,3,19,31.778878441907317,0.6589285714285715,41.49305555555555,1034.027777777777,29.54365079365077,0
3024,4,0,0,38,0.0,0.0,1.0,38,950,700,250,0.7368421052631579,12,7,5,376.58945959287615,0.7228544333807492,0.1336399288666954,0.23538157970916984,133771.38658479083,2475.378836591225,136246.76542138206,2927,1,986.8684210526316,35,3,15,31.63785708958006,0.6601190476190476,41.37731481481482,1034.490740740741,29.556878306878318,0
3025,4,0,0,38,0.0,0.0,1.0,38,650,300,350,0.46153846153846156,10,3,7,375.3149131675457,0.7226469890943575,0.1292773091435666,0.23515701742333736,133861.20119866673,2448.021020876187,136309.22221954292,2928,2,987.8684210526316,35,3,16,31.58075625396116,0.6610119047619047,41.29050925925925,1034.8379629629621,29.56679894179892,0
3026,4,0,0,38,0.0,0.0,1.0,38,700,400,300,0.5714285714285714,10,4,6,375.9322854428266,0.7216394025604552,0.13011352601564297,0.2359271879800136,133921.0943528162,2469.0526138117075,136390.14696662792,2929,3,988.8684210526316,35,3,16,31.504738342837967,0.6616071428571428,41.23263888888888,1035.0694444444432,29.573412698412664,0
3027,4,0,0,38,0.0,0.0,1.0,38,650,300,350,0.46153846153846156,10,3,7,373.26725133422786,0.7219653864390707,0.12382828579829441,0.23559533846553882,134130.82588520242,2413.328939471885,136544.1548246743,2930,4,989.8684210526316,35,3,16,31.363594040968326,0.663690476190476,41.030092592592595,1035.8796296296302,29.596560846560863,0
3028,4,0,0,38,0.0,0.0,1.0,38,950,500,450,0.5263157894736842,14,5,9,375.42440754819165,0.7202465623518255,0.11957607890622235,0.2377333907486922,134250.7461526921,2480.2013674554255,136730.9475201475,2931,5,990.8684210526316,35,3,16,31.187644255826072,0.6648809523809524,40.914351851851855,1036.342592592593,29.60978835978837,0
3029,4,1,1,38,0.02564102564102564,0.02564102564102564,0.9743589743589743,39,900,700,200,0.7777777777777778,11,7,4,365.51148764393054,0.7274516419253262,0.12626617935562878,0.23375007119939234,134610.82845721874,2040.6957304526682,136651.5241876714,2932,0,966.4358974358975,35,4,17,31.084560190348725,0.668452380952381,40.567129629629626,1037.731481481481,29.649470899470888,0
3030,4,0,0,38,0.0,0.0,1.0,38,900,600,300,0.6666666666666666,12,6,6,366.1122358810306,0.7255808440018966,0.1364020418940326,0.23490892388074708,134730.9630594135,2265.330825617278,136996.29388503078,2933,1,976.0263157894736,35,3,17,30.948996655518407,0.6696428571428572,40.451388888888886,1038.194444444444,29.662698412698397,0
3031,4,0,0,38,0.0,0.0,1.0,38,1000,600,400,0.6,14,6,8,355.15328036134514,0.7255808440018966,0.13797054009819942,0.21830850533277868,133152.40652392263,1872.490948859902,135024.89747278253,2934,2,977.0263157894736,36,2,17,32.81255682851427,0.6519097222222222,41.976351351351354,1032.094594594595,28.669294294294307,4
3032,4,1,0,39,0.02564102564102564,0.0,1.0,39,700,500,200,0.7142857142857143,9,5,4,349.24557752341286,0.7353238866396762,0.14578163771712127,0.21653225806451623,133472.2222222223,1522.916666666676,134995.138888889,2935,0,952.9487179487179,37,2,19,32.64448924731182,0.6531531531531531,41.66666666666667,1033.3333333333342,27.92792792792795,0
3033,4,0,0,39,0.0,0.0,1.0,39,900,400,500,0.4444444444444444,14,4,10,348.30822575723244,0.7342555105713001,0.14968462109652347,0.21644704312547325,133557.21381819402,1503.8152364188995,135061.0290546129,2936,1,953.9487179487179,37,2,19,32.58360294897635,0.6539977477477477,41.584429824561404,1033.6622807017543,27.936818397344712,0
3034,4,0,0,39,0.0,0.0,1.0,39,1200,800,400,0.6666666666666666,16,8,8,347.1538605164224,0.7345366621682411,0.14558643208839395,0.21639180823069243,133670.57802641182,1480.8514398660925,135151.4294662779,2937,2,954.9487179487179,37,2,19,32.499977909730305,0.6551238738738739,41.474780701754376,1034.1008771929812,27.94867235656706,0
3035,4,0,0,39,0.0,0.0,1.0,39,700,400,300,0.5714285714285714,10,4,6,350.57792353100257,0.7348740440845705,0.14762751205405444,0.21902994242327659,133755.6327427669,1578.354397506911,135333.98714027382,2938,3,955.9487179487179,37,2,15,32.326337361317215,0.6559684684684686,41.392543859649116,1034.4298245614027,27.957562825983857,0
3036,4,0,0,39,0.0,0.0,1.0,39,750,500,250,0.6666666666666666,10,5,5,350.57792353100257,0.7348740440845705,0.14762751205405444,0.21902994242327659,133755.6327427669,1578.354397506911,135333.98714027382,2939,4,956.9487179487179,37,2,15,32.326337361317215,0.6559684684684686,41.392543859649116,1034.4298245614027,27.957562825983857,0
3037,4,0,0,39,0.0,0.0,1.0,39,900,400,500,0.4444444444444444,14,4,10,349.75422443859725,0.7340868196131354,0.14789450083567712,0.21868330732791025,133783.99032635035,1558.3031557786892,135342.29348212905,2940,5,957.9487179487179,37,2,15,32.31926779720897,0.65625,41.36513157894736,1034.53947368421,27.96052631578946,0
3038,4,0,0,39,0.0,0.0,1.0,39,900,800,100,0.8888888888888888,10,8,2,350.35158225517443,0.7330746738641476,0.15317775368638964,0.21939402002269925,133840.71451071466,1578.2612197983772,135418.97573051305,2941,6,958.9487179487179,37,2,15,32.247072692592994,0.6568130630630632,41.31030701754385,1034.758771929823,27.966453295400623,0
3039,4,0,0,39,0.0,0.0,1.0,39,950,600,350,0.631578947368421,13,6,7,351.0189241597243,0.7338618983355826,0.15851803563667977,0.22032038856833744,133925.82333025534,1602.0996845182976,135527.92301477364,2942,7,959.9487179487179,37,2,15,32.14468573446329,0.6576576576576577,41.22807017543859,1035.0877192982446,27.97534376481742,0
3040,4,0,0,39,0.0,0.0,1.0,39,1050,600,450,0.5714285714285714,15,6,9,351.2827467825062,0.7336369770580298,0.15745756590827042,0.22099686727962695,134010.95920138867,1615.1475694444193,135626.10677083308,2943,8,960.9487179487179,37,2,16,32.052733065057005,0.6585022522522523,41.14583333333332,1035.416666666665,27.984234234234187,0
3041,4,0,0,39,0.0,0.0,1.0,39,950,700,250,0.7368421052631579,12,7,5,352.53818035966003,0.7333558254610887,0.15844276060882567,0.22237200120929734,134107.77043839925,1655.6218724888424,135763.3923108881,2944,9,961.9487179487179,38,1,16,31.923457108475166,0.6576206140350878,41.05235042735042,1035.7905982905968,27.257647323436757,0
3042,4,0,0,39,0.0,0.0,1.0,39,1400,1000,400,0.7142857142857143,18,10,8,353.2585822085242,0.7313315339631129,0.16297118688871315,0.22366894565422193,134246.132843889,1684.7197110818656,135930.85255497086,2945,10,962.9487179487179,38,1,17,31.766537800687278,0.6589912280701755,40.91880341880341,1036.3247863247843,27.271704903283798,0
3043,4,0,0,39,0.0,0.0,1.0,39,950,500,450,0.5263157894736842,14,5,9,352.424866627044,0.7302069275753487,0.1599558159385026,0.22364803668294309,134329.18453000547,1668.1889884213228,135997.3735184268,2946,11,963.9487179487179,38,1,17,31.70518568140438,0.6598135964912282,40.838675213675195,1036.6452991452961,27.280139451192003,0
3044,4,0,0,39,0.0,0.0,1.0,39,1050,700,350,0.6666666666666666,14,7,7,353.7760413736493,0.7293072424651372,0.16168164550608455,0.22501639957880948,134412.2618982391,1710.367585287421,136122.62948352654,2947,12,964.9487179487179,38,1,17,31.587205508620094,0.6606359649122808,40.75854700854699,1036.9658119658093,27.288573999100244,0
3045,4,0,0,39,0.0,0.0,1.0,39,1000,700,300,0.7,13,7,6,363.54810168195615,0.7295883940620783,0.172027145862234,0.2127832177812693,131300.74929003205,1746.8276307619158,133047.57692079397,2948,13,965.9487179487179,38,1,18,34.461760311338125,0.6296600877192983,43.7767094017094,1024.8931623931617,26.970872694556885,8
3046,4,1,1,39,0.025,0.025,0.975,40,1100,900,200,0.8181818181818182,13,9,4,356.9546456406992,0.7387553418803419,0.17005651267420174,0.2108183853353008,131645.74361100968,1398.320512860538,133044.06412387022,2949,0,942.775,36,4,14,34.282298182084205,0.6368634259259259,43.44031531531532,1026.238738738739,28.506631631631635,0
3047,4,0,0,39,0.0,0.0,1.0,39,1300,900,400,0.6923076923076923,17,9,8,364.48696778905907,0.7322312190733243,0.16459184588202302,0.21531685165793382,131654.57182623885,1797.2751361025373,133451.8469623414,2950,15,967.9487179487179,35,4,15,34.08013326566671,0.6389880952380952,43.43171296296296,1026.273148148148,29.322089947089943,0
3048,4,0,0,39,0.0,0.0,1.0,39,650,200,450,0.3076923076923077,11,2,9,364.48696778905907,0.7322312190733243,0.16459184588202302,0.21531685165793382,131654.57182623885,1797.2751361025373,133451.8469623414,2951,16,968.9487179487179,35,4,15,34.08013326566671,0.6389880952380952,43.43171296296296,1026.273148148148,29.322089947089943,0
3049,4,0,0,39,0.0,0.0,1.0,39,700,500,200,0.7142857142857143,9,5,4,361.2700108449239,0.7329622132253711,0.18152769456528417,0.2120935073608467,131417.1157648532,1697.5056798696664,133114.62144472287,2952,17,969.9487179487179,35,4,21,34.40251439214358,0.6366071428571429,43.663194444444436,1025.3472222222208,29.295634920634882,5
3050,4,0,0,39,0.0,0.0,1.0,39,500,200,300,0.4,8,2,6,361.2700108449239,0.7329622132253711,0.18152769456528417,0.2120935073608467,131417.1157648532,1695.4125675154141,133112.52833236862,2953,18,970.9487179487179,35,4,21,34.40251439214358,0.6366071428571429,43.663194444444436,1025.3472222222208,29.295634920634882,0
3051,4,0,0,39,0.0,0.0,1.0,39,1350,900,450,0.6666666666666666,18,9,9,360.3850210701712,0.7334120557804769,0.17880419054233943,0.2117381489841986,131446.78605109727,1674.2905521261864,133121.07660322345,2954,19,971.9487179487179,35,4,21,34.39522197140708,0.6369047619047619,43.63425925925925,1025.462962962962,29.29894179894177,0
3052,4,0,0,39,0.0,0.0,1.0,39,750,500,250,0.6666666666666666,10,5,5,359.2480319995748,0.7335807467386415,0.17648386368765534,0.2113981447264428,131506.13667052455,1648.6641589505966,133154.80082947513,2955,20,972.9487179487179,35,4,21,34.36442112389979,0.6375000000000001,43.57638888888888,1025.6944444444432,29.30555555555552,0
3053,4,0,0,39,0.0,0.0,1.0,39,1500,1300,200,0.8666666666666667,17,13,4,339.1094048838465,0.7344242015294647,0.06466391224304546,0.19349936904228027,130320.07250071003,1041.566527817215,131361.63902852725,2956,21,973.9487179487179,36,3,18,36.07909635675159,0.6235532407407408,44.73536036036035,1021.0585585585574,28.362737737737703,7
3054,4,0,0,39,0.0,0.0,1.0,39,1250,900,350,0.72,16,9,7,337.83522901152867,0.7318376068376069,0.06986479878112561,0.1933440607169448,130435.08193582091,1013.113155385108,131448.19509120603,2957,22,974.9487179487179,36,3,19,35.995204497850295,0.6247106481481481,44.622747747747745,1021.5090090090087,28.37525025025024,0
3055,4,1,1,39,0.025,0.025,0.975,40,800,600,200,0.75,10,6,4,330.3975054296806,0.7450854700854701,0.06975546975546987,0.19016211979174932,130654.64854570618,633.5939904585812,131288.24253616476,2958,0,951.55,37,3,16,35.96319533819535,0.625,44.407894736842096,1022.36842105263,27.63157894736838,0
3056,4,2,2,39,0.04878048780487805,0.04878048780487805,0.9512195121951219,41,900,700,200,0.7777777777777778,11,7,4,326.7280041492153,0.75005081300813,0.0640154794032286,0.18947059804778926,130945.12473518866,356.68785155963377,131301.8125867483,2959,0,929.2926829268292,38,3,16,35.763743910925555,0.6260964912280702,44.12393162393162,1023.5042735042721,26.934322986954527,0
3057,4,0,0,39,0.0,0.0,1.0,39,600,400,200,0.6666666666666666,8,4,4,339.32624706508767,0.7304318488529015,0.07563834323001806,0.19564581902209913,130722.82745160705,1071.5372889781688,131794.3647405852,2960,25,977.9487179487179,36,3,17,35.66604265315861,0.6276041666666666,44.34121621621622,1022.6351351351354,28.40653153153154,0
3058,4,0,0,39,0.0,0.0,1.0,39,750,400,350,0.5333333333333333,11,4,7,329.5359657134986,0.7298695456590194,0.046187171861805876,0.18971826459815191,130665.25298524885,811.7800655385254,131477.03305078737,2961,26,978.9487179487179,36,3,16,35.974501597092186,0.6270254629629629,44.39752252252253,1022.4099099099107,28.400275275275295,5
3059,4,0,0,39,0.0,0.0,1.0,39,800,600,200,0.75,10,6,4,329.28933222069134,0.7297008547008548,0.04388342934598466,0.18971745790379946,130694.03863322799,807.2305413521863,131501.26917458017,2962,27,979.9487179487179,36,3,16,35.951725403817925,0.6273148148148147,44.36936936936938,1022.5225225225239,28.40340340340344,0
3060,4,0,0,39,0.0,0.0,1.0,39,900,700,200,0.7777777777777778,11,7,4,330.2416576278157,0.7288573999100315,0.04406813146493982,0.1909767956428204,130838.01442912518,841.6325531612828,131679.64698228647,2963,28,980.9487179487179,36,3,16,35.78196661163091,0.6287615740740741,44.22860360360361,1023.0855855855864,28.419044044044067,0
3061,4,0,1,38,0.0,0.02564102564102564,0.9743589743589743,39,1350,900,450,0.6666666666666666,18,9,9,328.3108288826681,0.728463787674314,0.041330286874841304,0.19057122825948,130982.06948502573,800.5663602792149,131782.63584530493,2964,29,981.9487179487179,36,3,17,35.6859644297763,0.6302083333333333,44.087837837837846,1023.6486486486499,28.43468468468472,0
3062,4,0,0,38,0.0,0.0,1.0,38,950,700,250,0.7368421052631579,12,7,5,337.5010971005414,0.7232989568515884,0.051590370908052074,0.19615865341336342,131031.70680084026,1244.668960048017,132276.37576088827,2965,30,1005.4736842105264,35,3,17,35.40065189539528,0.6327380952380952,44.039351851851855,1023.8425925925931,29.252645502645517,0
3063,4,0,0,38,0.0,0.0,1.0,38,1000,600,400,0.6,14,6,8,345.9303311950628,0.724158368895211,0.06374394229685598,0.20143324771582813,131103.4404816865,1470.5313173283917,132573.9717990149,2966,31,1006.4736842105264,37,1,18,35.112419700214126,0.6295045045045047,43.96929824561403,1024.1228070175425,27.678994784257906,7
3064,4,0,0,38,0.0,0.0,1.0,38,1400,800,600,0.5714285714285714,20,8,12,349.21702533079684,0.7234767662399242,0.06374882405628735,0.203793545763,131187.67463305994,1562.5938990843076,132750.26853214426,2967,32,1007.4736842105264,37,1,19,34.9431615469692,0.6303490990990992,43.88706140350876,1024.451754385963,27.68788525367468,0
3065,4,0,0,38,0.0,0.0,1.0,38,950,700,250,0.7368421052631579,12,7,5,346.84149971902264,0.7234174964438123,0.06096984033116515,0.2027038033067081,131243.84576263832,1504.1624586410985,132748.00822127942,2968,33,1008.4736842105264,37,1,19,34.94727572677011,0.6309121621621623,43.83223684210525,1024.6710526315774,27.693812233285875,0
3066,4,0,0,38,0.0,0.0,1.0,38,650,400,250,0.6153846153846154,9,4,5,345.83120518304173,0.7226469890943575,0.06855416173945095,0.20271522066884176,131357.78523930462,1485.5783390823608,132843.36357838698,2969,34,1009.4736842105264,35,3,19,34.858139513002904,0.6360119047619048,43.72106481481481,1025.11574074074,29.289021164021143,0
3067,4,0,0,38,0.0,0.0,1.0,38,600,300,300,0.5,9,3,6,348.7198529301303,0.7238323850165955,0.06723759958650422,0.2047255915909891,131417.11576485337,1565.5514564043172,132982.6672212577,2970,35,1010.4736842105264,35,3,19,34.72422113105316,0.6366071428571429,43.66319444444444,1025.3472222222222,29.29563492063492,0
3068,4,0,0,38,0.0,0.0,1.0,38,1050,900,150,0.8571428571428571,12,9,3,349.1584670495138,0.7242769084874348,0.06989426161340151,0.20514217626383882,131446.78605109727,1579.1516632372957,133025.93771433458,2971,36,1011.4736842105264,35,3,19,34.68303235515425,0.6369047619047619,43.63425925925925,1025.462962962962,29.29894179894177,0
3069,4,0,0,38,0.0,0.0,1.0,38,1000,600,400,0.6,14,6,8,350.74651537745285,0.7231804172593647,0.07508150382726564,0.2065559047036787,131535.81700370798,1627.1458922753743,133162.96289598336,2972,37,1012.4736842105264,35,3,20,34.55247000639362,0.6377976190476191,43.5474537037037,1025.810185185185,29.30886243386243,0
3070,4,0,0,38,0.0,0.0,1.0,38,850,700,150,0.8235294117647058,10,7,3,349.60964026695376,0.7242176386913229,0.07577736355325482,0.20636744810964142,131624.87809713653,1603.465256344315,133228.34335348086,2973,38,1013.4736842105264,35,3,15,34.4917850966238,0.6386904761904761,43.46064814814815,1026.1574074074078,29.31878306878308,0
3071,4,1,0,39,0.02564102564102564,0.0,1.0,39,800,500,300,0.625,11,5,6,342.3795291670063,0.7353801169590644,0.07318217972608032,0.20375267088001278,131934.82069485018,1234.3563580472335,133169.1770528974,2974,0,988.4615384615385,36,3,18,34.36506631590486,0.6397569444444444,43.15878378378378,1027.3648648648643,28.537912912912898,0
3072,4,0,0,39,0.0,0.0,1.0,39,950,600,350,0.631578947368421,13,6,7,344.0318859072997,0.7354363472784525,0.0673213909378294,0.20504839705448138,131992.67415641993,1281.937723196171,133274.6118796161,2975,1,989.4615384615385,36,3,18,34.26438356164383,0.6403356481481481,43.10247747747748,1027.5900900900901,28.54416916916917,0
3073,4,0,1,38,0.0,0.02564102564102564,0.9743589743589743,39,1300,1000,300,0.7692307692307693,16,10,6,341.06100585341045,0.7347053531264058,0.07028249143613263,0.20439688012135057,132200.59447378045,1217.6935451292754,133418.28801890972,2976,2,990.4615384615385,37,2,18,34.13154831716247,0.6404842342342343,42.90021929824562,1028.3991228070179,27.79457088667616,0
3074,4,0,1,37,0.0,0.02631578947368421,0.9736842105263158,38,850,700,150,0.8235294117647058,10,7,3,344.0990742867205,0.7275960170697013,0.07959287179841823,0.20618850041905093,132195.26113951812,1497.6533966399084,133692.91453615803,2977,3,1016.2105263157895,36,2,18,34.05880420499343,0.6423611111111109,42.90540540540542,1028.3783783783801,28.566066066066114,0
3075,4,0,0,37,0.0,0.0,1.0,37,800,500,300,0.625,11,5,6,350.33721603756163,0.7180305305305306,0.08458524227249575,0.2099264735469171,132195.26113951812,1862.5839521954638,134057.8450917136,2978,4,1043.5405405405406,36,1,18,33.89842495254782,0.6423611111111109,42.90540540540542,1028.3783783783801,28.566066066066114,0
3076,4,0,0,37,0.0,0.0,1.0,37,500,400,100,0.8,6,4,2,356.42716597677924,0.7180305305305306,0.0572337042925275,0.20354413497819562,130351.21588059411,1898.2807862409059,132249.496666835,2979,5,1044.5405405405406,35,2,20,35.60544882692962,0.6258928571428571,44.70486111111111,1021.1805555555554,29.176587301587297,5
3077,4,0,0,37,0.0,0.0,1.0,37,1100,900,200,0.8181818181818182,13,9,4,354.08793899366935,0.7176551551551551,0.05467874400573258,0.20267056741622064,130439.8750964505,1837.4373070987547,132277.31240354927,2980,6,1045.5405405405406,35,2,20,35.575288919102654,0.6267857142857143,44.61805555555555,1021.5277777777768,29.18650793650791,0
3078,4,0,0,37,0.0,0.0,1.0,37,1200,900,300,0.75,15,9,6,352.3314016257932,0.7163413413413413,0.05851723282915966,0.20212696198532346,130528.56445312501,1797.8624131944446,132326.42686631947,2981,7,1046.5405405405406,35,2,16,35.53028372409107,0.6276785714285715,44.53125,1021.8750000000001,29.196428571428573,0
3079,4,0,0,37,0.0,0.0,1.0,37,850,500,350,0.5882352941176471,12,5,7,352.8178166351609,0.7166541541541541,0.057505875440658105,0.20287024456521735,130617.28395061713,1816.8209876543037,132434.10493827143,2982,8,1047.5405405405406,35,2,16,35.42798913043479,0.6285714285714286,44.444444444444436,1022.2222222222209,29.20634920634917,0
3080,4,1,1,37,0.02631578947368421,0.02631578947368421,0.9736842105263158,38,1000,900,100,0.9,11,9,2,345.1960911192289,0.727773826458037,0.056159273376044094,0.1997739926056886,130866.8190995048,1434.942882071253,132301.76198157607,2983,0,1020.9473684210526,36,2,16,35.37034998899406,0.6290509259259259,44.20045045045045,1023.1981981981974,28.42217217217215,0
3081,4,0,0,37,0.0,0.0,1.0,37,600,400,200,0.6666666666666666,8,4,4,368.7214888076992,0.7172797797797797,0.09004092769440653,0.20631515366110198,129554.63927469142,2153.9158950617343,131708.55516975315,2984,10,1049.5405405405406,35,2,16,36.101637107776256,0.6178571428571428,45.486111111111114,1018.0555555555561,29.087301587301603,3
3082,4,2,1,38,0.05128205128205128,0.02564102564102564,0.9743589743589743,39,1450,1200,250,0.8275862068965517,17,12,5,348.8781289916363,0.7377980206927576,0.09236424184351466,0.19796711444635504,130103.13042534732,1278.027343750009,131381.15776909734,2985,0,996.6666666666666,39,0,18,36.04970730379144,0.6159188034188035,44.94791666666667,1020.2083333333342,26.159188034188055,0
3083,4,0,0,38,0.0,0.0,1.0,38,600,300,300,0.5,9,3,6,357.7549534172445,0.7283961593172119,0.09234369573247037,0.20269949793913533,130044.55133912251,1704.8164812988384,131749.36782042135,2986,1,1023.8947368421053,38,0,18,35.88278167661744,0.6170504385964912,45.005341880341874,1019.9786324786313,26.84154295996398,0
3084,4,1,0,39,0.02564102564102564,0.0,1.0,39,700,400,300,0.5714285714285714,10,4,6,349.3854958644897,0.7393724696356275,0.09824746865760448,0.19964273058170898,130374.54433094797,1310.5602206105423,131685.10455155853,2987,0,998.6153846153846,37,2,19,35.7615775535037,0.6221846846846846,44.68201754385965,1021.2719298245613,27.60194404931247,0
3085,4,0,0,39,0.0,0.0,1.0,39,900,600,300,0.6666666666666666,12,6,6,346.1851936143352,0.7400472334682862,0.09436095499822583,0.1988165243178816,130570.58572108728,1240.3206996383533,131810.90642072563,2988,1,999.6153846153846,37,2,16,35.64475825197582,0.6241554054054053,44.49013157894737,1022.0394736842107,27.62268847795164,0
3086,4,0,0,39,0.0,0.0,1.0,39,900,600,300,0.6666666666666666,12,6,6,347.3394335685199,0.7403846153846154,0.09395109395109413,0.19991314065388158,130654.64854570654,1276.3023237919597,131930.9508694985,2989,2,1000.6153846153846,37,2,16,35.53017303017305,0.6249999999999998,44.40789473684212,1022.3684210526329,27.631578947368457,0
3087,4,1,0,40,0.025,0.0,1.0,40,900,700,200,0.7777777777777778,11,7,4,341.31477109163933,0.752991452991453,0.117556532663317,0.1940618269921034,130180.80210387896,886.526134122282,131067.32823800124,2990,0,976.575,38,2,19,36.163892378559474,0.618421052631579,44.87179487179487,1020.51282051282,26.855600539811054,1
3088,4,1,2,39,0.024390243902439025,0.04878048780487805,0.9512195121951219,41,900,700,200,0.7777777777777778,11,7,4,333.0860450502865,0.7641260162601626,0.05502879731208532,0.19360749478410813,131034.66932508699,547.8862173066841,131582.55554239367,2991,0,953.7317073170732,39,2,17,35.510669956251924,0.6252670940170939,44.03645833333334,1023.8541666666681,26.252670940170976,4
3089,4,0,0,39,0.0,0.0,1.0,39,1000,700,300,0.7,13,7,6,343.7694329809485,0.7412843004948269,0.06877771351455597,0.19878841124550511,130835.7988165681,1195.4696745562192,132031.26849112433,2992,5,1003.6153846153846,38,1,17,35.43820488721804,0.625,44.23076923076923,1023.0769230769234,26.923076923076934,0
3090,4,0,0,39,0.0,0.0,1.0,39,900,700,200,0.7777777777777778,11,7,4,343.2507372605714,0.7410593792172739,0.06811725742497421,0.19862914264317175,130863.12601587041,1183.7728970341166,132046.89891290452,2993,6,1004.6153846153846,38,1,17,35.42384532386622,0.6252741228070176,44.20405982905983,1023.1837606837606,26.925888439046332,0
3091,4,1,2,38,0.025,0.05,0.95,40,900,600,300,0.6666666666666666,12,6,6,336.66295352291877,0.7536057692307693,0.07196368629844407,0.1959581702832337,131088.0004882814,826.494683159738,131914.49517144114,2994,0,980.475,39,1,17,35.36527735394839,0.6258012820512819,43.98437500000001,1024.0625000000011,26.25801282051285,0
3092,4,0,0,38,0.0,0.0,1.0,38,850,500,350,0.5882352941176471,12,5,7,352.71898898205524,0.7278330962541489,0.07141084221808569,0.2038951776457604,130822.8553497229,1628.7410549399751,132451.59640466288,2995,10,1032.8947368421052,37,1,17,35.22240085744909,0.6266891891891893,44.243421052631575,1023.0263157894728,27.649359886201967,0
3093,4,0,0,38,0.0,0.0,1.0,38,400,300,100,0.75,5,3,2,353.47228803158976,0.7272700331910859,0.0691272442170694,0.20447922626303552,130850.90033712289,1650.4334266312662,132501.33376375417,2996,11,1033.8947368421052,37,1,17,35.17475350980604,0.6269707207207207,44.21600877192982,1023.1359649122801,27.65232337600757,0
3094,4,0,0,38,0.0,0.0,1.0,38,650,400,250,0.6153846153846154,9,4,5,350.4727624644889,0.7286628733997155,0.059001939295539874,0.20348343969953137,130991.17036011058,1581.7674669128724,132572.93782702344,2997,12,1034.8947368421052,37,1,18,35.10961153956011,0.6283783783783785,44.07894736842104,1023.684210526314,27.667140825035514,0
3095,4,1,1,38,0.02564102564102564,0.02564102564102564,0.9743589743589743,39,900,700,200,0.7777777777777778,11,7,4,337.64353155314967,0.7409469185784976,0.040195487715069866,0.1951078343163193,130808.47447083435,1033.327055482514,131841.80152631685,2998,0,1009.3333333333334,38,1,17,35.62249782419496,0.6247258771929824,44.25747863247864,1022.9700854700862,26.920265407107532,1
3096,4,0,0,38,0.0,0.0,1.0,38,1000,600,400,0.6,14,6,8,345.7555728466159,0.7287814129919393,0.04717204719743995,0.19943489350280685,130738.73842191831,1440.7294792628504,132179.46790118117,2999,14,1036.8947368421052,37,1,17,35.48557503305814,0.6258445945945945,44.32565789473684,1022.6973684210529,27.640469416785216,0
3097,4,0,0,38,0.0,0.0,1.0,38,800,400,400,0.5,12,4,8,332.07761947292255,0.728959222380275,0.07951840606996097,0.18907098224302357,130234.60493853869,1049.599516197285,131284.20445473597,3000,15,1037.8947368421052,37,1,17,36.345091667561874,0.620777027027027,44.81907894736842,1020.7236842105256,27.587126600284474,6
3098,4,0,0,38,0.0,0.0,1.0,38,1150,900,250,0.782608695652174,14,9,5,333.36109954185787,0.728959222380275,0.08023630504833568,0.1899383009017561,130262.58680555546,1084.8958333333285,131347.4826388888,3001,16,1038.8947368421052,37,1,17,36.2840136054422,0.6210585585585586,44.791666666666664,1020.8333333333326,27.59009009009007,0
3099,4,0,0,38,0.0,0.0,1.0,38,650,400,250,0.6153846153846154,9,4,5,335.9740737571415,0.7283961593172119,0.07738226403367521,0.19211777145781284,130402.54122662733,1162.3746008387102,131564.91582746606,3002,17,1039.8947368421052,37,1,18,36.07566201467168,0.6224662162162162,44.65460526315789,1021.3815789473678,27.60490753911805,0
3100,4,1,0,39,0.02564102564102564,0.0,1.0,39,1000,700,300,0.7,13,7,6,328.16235681135026,0.7410593792172739,0.08416642557887855,0.1892271132167616,130726.51855504417,779.9044853531968,131506.42304039738,3003,0,1014.2051282051282,38,1,17,35.947729488786734,0.6239035087719298,44.337606837606835,1022.6495726495724,26.911830859199274,0
3101,4,0,0,39,0.0,0.0,1.0,39,450,400,50,0.8888888888888888,5,4,1,328.16235681135026,0.7410593792172739,0.08416642557887855,0.1892271132167616,130726.51855504417,779.9044853531968,131506.42304039738,3004,1,1015.2051282051282,38,1,17,35.947729488786734,0.6239035087719298,44.337606837606835,1022.6495726495724,26.911830859199274,0
3102,4,0,0,39,0.0,0.0,1.0,39,750,500,250,0.6666666666666666,10,5,5,329.1832219677543,0.7420152946468737,0.08263298570380262,0.1900844491628034,130781.15297866902,810.1922620352108,131591.34524070422,3005,2,1016.2051282051282,38,1,17,35.86645254508737,0.6244517543859649,44.284188034188034,1022.863247863248,26.917453891138106,0
3103,4,0,0,39,0.0,0.0,1.0,39,1000,700,300,0.7,13,7,6,331.91048104857475,0.7414529914529915,0.07640110176909398,0.1923394130649905,130917.78897518065,890.5972633135879,131808.38623849425,3006,3,1017.2051282051282,38,1,17,35.658732644326115,0.6258223684210527,44.150641025641015,1023.3974358974347,26.93151147098512,0
3104,4,1,0,40,0.025,0.0,1.0,40,1200,600,600,0.5,18,6,12,328.6538969879152,0.7509882478632479,0.08374758564603035,0.19209556652823087,131248.0590820314,627.0372178819603,131875.09629991336,3007,0,992.75,39,1,18,35.408936498254896,0.627403846153846,43.82812500000001,1024.6875000000011,26.274038461538492,0
3105,4,0,1,39,0.0,0.025,0.975,40,750,600,150,0.8,9,6,3,325.0214843749999,0.7531517094017094,0.011531249999999549,0.19118910845588216,131492.43918474668,547.5979676456429,132040.03715239232,3008,1,993.75,38,2,19,35.25585937499998,0.6315789473684212,43.58974358974358,1025.641025641024,26.990553306342736,6
3106,4,2,1,40,0.04878048780487805,0.024390243902439025,0.975609756097561,41,1250,900,350,0.72,16,9,7,313.936572517635,0.7550813008130082,0.025169050474083132,0.18712895999314003,131996.2904188367,87.69259982637993,132083.98301866307,3009,0,970.439024390244,39,2,19,35.03389508362899,0.6348824786324787,43.09895833333333,1027.6041666666658,26.348824786324766,0
3107,4,0,1,39,0.0,0.025,0.975,40,600,300,300,0.5,9,3,6,317.56295472913854,0.7455128205128205,0.06254715057600224,0.182055816653309,130501.9544813367,288.51725260416026,130790.47173394085,3010,1,995.55,39,1,16,36.44537754443199,0.6199252136752137,44.557291666666664,1021.7708333333325,26.199252136752115,3
3108,4,0,0,39,0.0,0.0,1.0,39,900,800,100,0.8888888888888888,10,8,2,322.57162545243585,0.7392600089968512,0.06301239812378867,0.1845665655865193,130426.23325525962,614.3604125575248,131040.59366781714,3011,2,1022.0512820512821,38,1,19,36.39394414810168,0.6208881578947368,44.631410256410255,1021.4743589743583,26.880904183535744,0
3109,4,0,0,39,0.0,0.0,1.0,39,900,600,300,0.6666666666666666,12,6,6,323.2168717540192,0.7391475483580747,0.06315497802907388,0.1852971534211088,130501.9544813367,636.0866970486045,131138.0411783853,3012,3,1023.0512820512821,39,0,16,36.30095235667925,0.6199252136752137,44.557291666666664,1021.7708333333325,26.199252136752115,0
3110,4,1,0,40,0.025,0.0,1.0,40,1200,900,300,0.75,15,9,6,301.871767741538,0.7463408119658119,0.03102632661456184,0.16344103950549646,128250.02170138896,-243.31325954860665,128006.70844184035,3013,0,998.45,39,1,21,39.12655971479501,0.5972222222222222,46.770833333333336,1012.9166666666673,25.97222222222224,6
3111,4,2,2,40,0.047619047619047616,0.047619047619047616,0.9523809523809523,42,850,700,150,0.8235294117647058,10,7,3,290.39652626242616,0.7699138598528843,0.03238877710708721,0.15860117972794024,128596.93877551006,-931.1791383220067,127665.75963718805,3014,0,951.8571428571429,41,1,16,39.06494522691706,0.5975609756097562,46.42857142857142,1014.2857142857131,24.738675958188125,0
3112,4,0,0,40,0.0,0.0,1.0,40,1000,800,200,0.8,12,8,4,300.1050353746206,0.7469551282051282,0.02980846369835577,0.1629982250956272,128376.15258774527,-294.73403727940786,128081.41855046585,3015,2,1000.45,40,0,17,39.043070597673484,0.596875,46.64634146341463,1013.4146341463404,25.33536585365851,0
3113,4,0,0,40,0.0,0.0,1.0,40,1100,800,300,0.7272727272727273,14,8,6,303.3372155965011,0.7478632478632479,0.02547604730406916,0.16539337361868242,128530.68300118974,-202.37209994051483,128328.31090124922,3016,3,1001.45,40,0,17,38.80411906193624,0.5984375,46.49390243902439,1014.0243902439022,25.350609756097555,0
3114,4,1,0,41,0.024390243902439025,0.0,1.0,41,1050,600,450,0.5714285714285714,15,6,9,301.84390594487064,0.7566056910569106,0.043045813043882664,0.16579542080160298,128823.44148596944,-423.08584892289554,128400.35563704654,3017,0,978.0,41,0,18,38.5447205120688,0.5998475609756098,46.205357142857146,1015.1785714285718,24.76045296167248,0
3115,4,0,0,41,0.0,0.0,1.0,41,950,800,150,0.8421052631578947,11,8,3,301.1193907165764,0.7576219512195121,0.04242030114411888,0.1660291567876697,128974.5540143141,-432.6521754535116,128541.90183886059,3018,1,979.0,41,0,19,38.40981785330598,0.6013719512195121,46.05654761904762,1015.7738095238099,24.77497096399536,0
3116,4,0,0,41,0.0,0.0,1.0,41,1100,900,200,0.8181818181818182,13,9,4,300.2353660111477,0.7577235772357723,0.04379958286111574,0.16606971325152245,129100.54878432857,-447.8898966994177,128652.65888762915,3019,2,980.0,41,0,19,38.304535988546164,0.6026422764227641,45.932539682539684,1016.2698412698414,24.787069299264424,0
3117,4,0,0,41,0.0,0.0,1.0,41,950,500,450,0.5263157894736842,14,5,9,298.64305339015755,0.7572154471544715,0.03921645092337789,0.1659367593156751,129278.89034511537,-478.31212208978326,128800.57822302559,3020,3,981.0,40,1,22,38.16432663802006,0.6059895833333333,45.75711382113821,1016.9715447154474,25.424288617886184,0
3118,4,2,0,43,0.046511627906976744,0.0,1.0,43,900,700,200,0.7777777777777778,11,7,4,298.9198481516427,0.7757936507936508,0.10929750120035164,0.15336875939376962,126068.74296304147,-988.7495996612896,125079.99336338018,3021,0,936.3255813953489,41,2,17,41.42865668938718,0.5719004065040652,48.93353174603173,1004.2658730158712,24.494289585752956,6
3119,4,4,4,43,0.0851063829787234,0.0851063829787234,0.9148936170212766,47,1050,800,250,0.7619047619047619,13,8,5,273.5072308571876,0.8112087573234659,0.10447901139127391,0.1428429732222202,126795.34995438195,-2464.1109896817916,124331.23896470015,3022,0,857.5531914893617,45,2,13,41.32444089696314,0.5738425925925925,48.21105072463768,1007.1557971014493,22.38123993558776,0
3120,4,5,4,44,0.10416666666666667,0.08333333333333333,0.9166666666666666,48,950,700,250,0.7368421052631579,12,7,5,271.76353892692754,0.8137005023640662,0.10506426038277716,0.14289259030124582,127069.667058058,-2693.419518007145,124376.24754005086,3023,0,840.5833333333334,46,2,15,41.08872622292561,0.5754076086956521,47.93882978723404,1008.2446808510642,21.918362627197048,0
3121,4,2,1,45,0.043478260869565216,0.021739130434782608,0.9782608695652174,46,1200,800,400,0.6666666666666666,16,8,8,280.9388498141025,0.7999396135265701,0.1109248968275216,0.1472054647340818,126928.67905521269,-2068.160579561033,124860.51847565165,3024,0,878.0869565217391,44,2,17,41.00125578118779,0.576467803030303,48.07870370370371,1007.6851851851857,22.90193602693604,0
3122,4,1,1,45,0.021739130434782608,0.021739130434782608,0.9782608695652174,46,1050,900,150,0.8571428571428571,12,9,3,282.71049792497337,0.7994363929146538,0.11461986632751753,0.14881779992105987,127115.88653760616,-2012.4958605503027,125103.39067705585,3025,0,879.0652173913044,43,3,19,40.765662660030664,0.5796996124031009,47.89299242424242,1008.4280303030303,23.451814658210004,0
3123,4,1,1,45,0.021739130434782608,0.021739130434782608,0.9782608695652174,46,1150,700,450,0.6086956521739131,16,7,9,283.32981345514906,0.8055354267310789,0.11169921890941192,0.14958353976963104,127235.28340937766,-1990.090177341613,125245.19323203605,3026,0,867.1521739130435,43,3,19,40.62832426005884,0.5809108527131783,47.774621212121204,1008.9015151515134,23.462825933756125,0
3124,4,1,0,46,0.021739130434782608,0.0,1.0,46,1050,800,250,0.7619047619047619,13,8,5,285.3091812776985,0.8048913043478261,0.12546700383391807,0.15116281672068888,127378.63363751132,-1931.5412649219606,125447.09237258935,3027,0,868.1304347826087,43,3,13,40.432301438399,0.5823643410852715,47.63257575757575,1009.4696969696956,23.476039464411528,0
3125,4,1,1,46,0.02127659574468085,0.02127659574468085,0.9787234042553191,47,1250,1000,250,0.8,15,10,5,277.0538845785951,0.8101295097132284,0.13152007019083145,0.14766058683584443,127617.73003472213,-2328.602430555566,125289.12760416657,3028,0,850.6382978723404,45,2,14,40.397336769759455,0.582175925925926,47.39583333333333,1010.4166666666658,22.453703703703685,0
3126,4,0,0,46,0.0,0.0,1.0,46,1250,800,450,0.64,17,8,9,281.8589886024589,0.8032608695652174,0.13351361261343841,0.14991709930103442,127535.8807013028,-2010.5731310014096,125525.30757030139,3029,1,870.0652173913044,44,2,14,40.35925993827723,0.5826231060606062,47.47685185185183,1010.0925925925898,22.956649831649766,0
3127,4,2,4,44,0.041666666666666664,0.08333333333333333,0.9166666666666666,48,600,400,200,0.6666666666666666,8,4,4,274.86872625684,0.8153073286052009,0.13497392866532287,0.14760127225020214,127920.2278950377,-2567.745979201276,125352.48191583641,3030,0,834.7708333333334,46,2,14,40.14510852101771,0.5840126811594204,47.096631205673745,1011.6134751773027,21.9915972864631,0
3128,4,2,0,46,0.043478260869565216,0.0,1.0,46,1500,1000,500,0.6666666666666666,20,10,10,285.02103926255376,0.8041867954911434,0.14109238981168604,0.15283676052355777,127863.4355709875,-1911.246141975323,125952.18942901217,3031,0,871.7391304347826,44,2,16,39.94609997253503,0.5859375,47.15277777777777,1011.3888888888875,22.986111111111082,0
3129,4,2,0,48,0.041666666666666664,0.0,1.0,48,700,500,200,0.7142857142857143,9,5,4,275.5197915977661,0.8131833628841607,0.15243816122783516,0.149379004799855,128305.07742760166,-2529.573719267096,125775.50370833457,3032,0,836.375,45,3,18,39.73802339442705,0.5891203703703705,46.71648550724637,1013.1340579710128,22.514090177133617,0
3130,4,0,0,48,0.0,0.0,1.0,48,800,500,300,0.625,11,5,6,275.73915000864736,0.8117796985815603,0.14657817900131076,0.1497558063250846,128373.91369985281,-2520.4572306238356,125853.45646922897,3033,1,837.375,45,3,13,39.66265939697292,0.5898148148148148,46.64855072463767,1013.405797101448,22.520128824476622,0
3131,4,2,5,45,0.04,0.1,0.9,50,1050,600,450,0.5714285714285714,15,6,9,265.07787577406657,0.8225,0.023671232876712356,0.14440809650378236,128496.33487654304,-3182.3762660739008,125313.95861046914,3034,0,804.84,47,3,9,39.80878995433789,0.5886524822695036,46.52777777777777,1013.8888888888875,21.5721040189125,7
3132,4,2,2,45,0.0425531914893617,0.0425531914893617,0.9574468085106383,47,1100,700,400,0.6363636363636364,15,7,8,275.5527672041956,0.8137141535615171,0.04210070022073298,0.1499130295470173,128442.76843264257,-2321.447946203547,126121.32048643901,3035,0,851.7659574468086,45,2,10,39.59757468799335,0.5905092592592593,46.58061594202898,1013.677536231882,22.526167471819598,0
3133,4,2,1,46,0.0425531914893617,0.02127659574468085,0.9787234042553191,47,900,800,100,0.8888888888888888,10,8,2,278.47808506724607,0.8153715695343817,0.08292689409544596,0.1529105291204614,128810.30545217617,-2225.8305601502107,126584.47489202596,3036,0,852.1702127659574,45,2,12,39.15103283661999,0.5942129629629631,46.21829710144926,1015.1268115941999,22.55837359098222,0
3134,4,0,0,46,0.0,0.0,1.0,46,750,500,250,0.6666666666666666,10,5,5,282.8425528797485,0.807890499194847,0.08406061567756229,0.15499771897810208,128731.13854595326,-1917.8712277092015,126813.26731824406,3037,1,871.5869565217391,44,2,12,39.120475973236005,0.5946969696969698,46.29629629629629,1014.8148148148141,23.063973063973048,0
3135,4,0,1,45,0.0,0.021739130434782608,0.9782608695652174,46,1700,1300,400,0.7647058823529411,21,13,8,282.7970685442968,0.8081723027375202,0.08007755195901978,0.15552420529873406,128872.12362825782,-1911.0682441701022,126961.05538408771,3038,2,872.5869565217391,44,2,13,38.97881330172047,0.5961174242424243,46.157407407407405,1015.3703703703698,23.07659932659931,0
3136,4,2,1,46,0.0425531914893617,0.02127659574468085,0.9787234042553191,47,1450,1100,350,0.7586206896551724,18,11,7,276.4713786616499,0.8179155103299414,0.0765608650156957,0.15331594634873338,129201.38888888911,-2255.902777777758,126945.48611111136,3039,0,854.8510638297872,45,2,16,38.8063524590164,0.5981481481481481,45.83333333333334,1016.6666666666684,22.59259259259263,0
3137,4,4,4,46,0.08,0.08,0.92,50,750,400,350,0.5333333333333333,11,4,7,260.47037142960016,0.838078231292517,0.07991468616697106,0.14602358011770747,129629.86115040784,-3247.0523835571303,126382.8087668507,3040,0,804.48,46,4,9,38.78097704651635,0.6012228260869563,45.41223404255321,1018.3510638297906,22.138066604995448,0
3138,4,2,3,45,0.041666666666666664,0.0625,0.9375,48,1250,900,350,0.72,16,9,7,270.3604781002643,0.820848108747045,0.0727063246619366,0.15118733958465486,129531.07424554232,-2595.983367626842,126935.09087791547,3041,0,838.9583333333334,44,4,9,38.62883542538353,0.6027462121212119,45.50925925925928,1017.9629629629669,23.135521885521975,0
3139,4,0,0,45,0.0,0.0,1.0,45,1400,1100,300,0.7857142857142857,17,11,6,288.7364074490545,0.8026515151515152,0.06669051723203356,0.1602197855953094,129226.60506621661,-1537.5148612685505,127689.09020494806,3042,6,895.8444444444444,41,4,18,38.469098611246636,0.6039126016260161,45.80853174603176,1016.7658730158754,24.799167634533546,0
3140,4,1,1,45,0.021739130434782608,0.021739130434782608,0.9782608695652174,46,1250,1000,250,0.8,15,10,5,284.61920573977807,0.8089774557165862,0.0693069306930687,0.15902341154737434,129497.10053482406,-1828.5276200348144,127668.57291478924,3043,0,877.3478260869565,42,4,9,38.30029036557503,0.60515873015873,45.54263565891475,1017.8294573643445,24.23403469915106,0
3141,4,0,0,45,0.0,0.0,1.0,45,1250,900,350,0.72,16,9,7,288.7083273960638,0.8009680134680135,0.06009860555661373,0.16110599650974858,129447.79178685205,-1525.4689096207837,127922.32287723126,3044,8,897.8444444444444,42,3,11,38.24608804672127,0.6046626984126983,45.591085271317844,1017.635658914731,24.229420450350737,0
3142,4,1,1,45,0.021739130434782608,0.021739130434782608,0.9782608695652174,46,850,500,350,0.5882352941176471,12,5,7,282.7993033013016,0.8071859903381643,0.06613026880488104,0.1589048996384538,129719.65449245565,-1863.0744170095825,127856.58007544607,3045,0,879.304347826087,44,2,11,38.12185663212748,0.6046401515151514,45.32407407407408,1018.7037037037055,23.152356902356942,0
3143,4,3,3,45,0.0625,0.0625,0.9375,48,1250,900,350,0.72,16,9,7,273.20352561812024,0.818040780141844,0.06880937189848324,0.15522027277143588,130151.84284728272,-2488.411533685356,127663.43131359736,3046,0,843.6041666666666,47,1,13,37.93075641570964,0.6052748226950353,44.90017361111112,1020.3993055555572,21.710623522458665,0
3144,4,0,2,43,0.0,0.044444444444444446,0.9555555555555556,45,1300,1000,300,0.7692307692307693,16,10,6,286.20050239441315,0.8003787878787879,0.056863042051592094,0.16110672781844115,129790.40745027464,-1570.7840363511446,128219.62341392349,3047,11,900.8444444444444,44,1,14,37.96380433136452,0.6053503787878787,45.25462962962964,1018.9814814814838,23.158670033670088,0
3145,4,1,0,44,0.022727272727272728,0.0,1.0,44,1300,900,400,0.6923076923076923,17,9,8,296.76318104087795,0.7938028541226216,0.08136781502460799,0.16793708337515573,129996.8804253471,-1084.3424479166763,128912.53797743043,3048,0,921.4318181818181,43,1,17,37.48616785835888,0.6087693798449614,45.05208333333333,1019.7916666666656,23.716085271317805,0
3146,4,0,0,44,0.0,0.0,1.0,44,800,500,300,0.625,11,5,6,299.0664224808714,0.7945075757575758,0.08164983164983153,0.16965995626047553,130093.469540935,-1018.6822952536664,129074.78724568133,3049,1,922.4318181818181,43,1,18,37.32991815959652,0.6097383720930232,44.95738636363637,1020.1704545454552,23.724894291754772,0
3147,4,1,1,44,0.022222222222222223,0.022222222222222223,0.9777777777777777,45,950,600,350,0.631578947368421,13,6,7,294.64262783702,0.7970117845117846,0.09063495076021155,0.16819848386492495,130336.78583768992,-1319.2256792467251,129017.5601584432,3050,0,902.9111111111112,42,3,18,37.197325551970636,0.61359126984127,44.71899224806201,1021.124031007751,24.312476928755977,0
3148,4,0,0,44,0.0,0.0,1.0,44,1050,600,450,0.5714285714285714,15,6,9,301.5338859289898,0.79217318534179,0.09095546859126724,0.17191607867563574,130287.90632282967,-942.7562633850212,129345.15005944466,3051,3,924.4318181818181,41,3,19,37.07072118031939,0.6145833333333335,44.76686507936506,1020.9325396825366,24.900793650793574,0
3149,4,1,1,44,0.022222222222222223,0.022222222222222223,0.9777777777777777,45,1050,900,150,0.8571428571428571,12,9,3,296.5518675033122,0.8001683501683502,0.09256800893440387,0.17015429786125819,130534.75320743921,-1257.9350324499987,129276.81817498921,3052,0,904.8666666666667,42,3,12,36.94904071053795,0.615575396825397,44.5251937984496,1021.8992248061995,24.330933923957133,0
3150,4,0,0,44,0.0,0.0,1.0,44,600,200,400,0.3333333333333333,10,2,8,300.66053599012025,0.7918208245243129,0.09088752803174094,0.17185260571235678,130386.2635959375,-959.5992202992829,129426.66437563823,3053,5,926.4318181818181,42,2,19,36.993793485136,0.6140873015873017,44.670542635658904,1021.3178294573624,24.31709117755625,0
3151,4,0,0,44,0.0,0.0,1.0,44,1000,800,200,0.8,12,8,4,297.4762711431516,0.7919529598308669,0.09393350176334225,0.17035808401207164,130460.49783854597,-1038.2195143020565,129422.27832424392,3054,6,927.4318181818181,42,2,19,37.00026083657405,0.6148313492063494,44.59786821705425,1021.6085271317797,24.32401255075666,0
3152,4,0,0,44,0.0,0.0,1.0,44,950,500,450,0.5263157894736842,14,5,9,299.5443655959792,0.7926797040169133,0.09994310639104897,0.17187132097797572,130534.75320743934,-979.8100324499841,129554.94317498936,3055,7,928.4318181818181,42,2,12,36.87258992350971,0.615575396825397,44.52519379844961,1021.8992248062006,24.330933923957154,0
3153,4,0,0,44,0.0,0.0,1.0,44,1300,900,400,0.6923076923076923,17,9,8,291.503581526428,0.7929439746300212,0.10892807912330271,0.16790097119360642,130683.32732407907,-1167.8644800492787,129515.4628440298,3056,8,929.4318181818181,42,2,14,36.92842589082639,0.6170634920634921,44.37984496124031,1022.4806201550387,24.344776670358062,5
3154,4,0,0,44,0.0,0.0,1.0,44,1200,800,400,0.6666666666666666,16,8,8,291.7887603822222,0.7929219520789289,0.1154963961869333,0.16860503247701805,130807.20364048131,-1166.3856401358128,129640.8180003455,3057,9,930.4318181818181,42,2,14,36.79647785039941,0.6183035714285714,44.258720930232556,1022.9651162790695,24.356312292358798,0
3155,4,0,0,44,0.0,0.0,1.0,44,1050,700,350,0.6666666666666666,14,7,7,291.5428461061916,0.7917107117688513,0.11723020375136683,0.16889654403332371,130906.3469461722,-1167.038207589675,129739.30873858252,3058,10,931.4318181818181,42,2,14,36.703042641164046,0.6192956349206349,44.16182170542636,1023.3527131782953,24.36554078995941,0
3156,4,0,0,44,0.0,0.0,1.0,44,700,400,300,0.5714285714285714,10,4,6,291.54456489074676,0.7914244186046512,0.11798729579452938,0.16900624008650206,130931.1386410072,-1165.5476308515006,129765.5910101557,3059,11,932.4318181818181,42,2,14,36.6780676008332,0.6195436507936507,44.13759689922481,1023.4496124031011,24.36784791435955,0
3157,4,0,0,44,0.0,0.0,1.0,44,950,700,250,0.7368421052631579,12,7,5,290.62429912193824,0.78884778012685,0.13111370781982923,0.16915022447280098,131085.57610910252,-1180.66926365931,129904.90684544321,3060,12,933.4318181818181,43,1,15,36.54637506935454,0.6196705426356589,43.98674242424243,1024.0530303030314,23.815186751233288,0
3158,4,1,1,44,0.022222222222222223,0.022222222222222223,0.9777777777777777,45,950,600,350,0.631578947368421,13,6,7,286.24224359423295,0.7943602693602694,0.1292257656518201,0.16755237410600565,131304.3992198218,-1483.0268347050655,129821.37238511673,3061,0,913.6666666666666,44,1,15,36.43885325383203,0.6205018939393939,43.77314814814815,1024.9074074074083,23.293350168350187,0
3159,4,0,0,44,0.0,0.0,1.0,44,950,700,250,0.7368421052631579,12,7,5,292.0410783329275,0.7883192389006343,0.13826440171047882,0.17072806637712626,131255.33679300098,-1133.6099812040873,130121.72681179689,3062,14,935.4318181818181,43,1,15,36.33954425037735,0.6213662790697675,43.82102272727273,1024.7159090909088,23.83060253699788,0
3160,4,0,0,44,0.0,0.0,1.0,44,1150,900,250,0.782608695652174,14,9,5,295.12856104170805,0.7873722692036645,0.14190687361419085,0.17286101432442896,131328.125,-1048.2235350665744,130279.90146493343,3063,15,936.4318181818181,41,3,15,36.18733062330623,0.625,43.75,1025.0,25.0,0
3161,4,1,1,44,0.022222222222222223,0.022222222222222223,0.9777777777777777,45,1500,1100,400,0.7333333333333333,19,11,8,286.74376702420193,0.791456228956229,0.13411552346570388,0.16899579460788075,131565.5006858711,-1454.8825445816176,130110.6181412895,3064,0,916.6,44,1,13,36.1640719013237,0.6231060606060606,43.51851851851852,1025.9259259259263,23.316498316498325,0
3162,4,0,0,44,0.0,0.0,1.0,44,1150,600,550,0.5217391304347826,17,6,11,292.36881750143533,0.7877906976744187,0.137041404722136,0.1720068800846305,131498.0426154299,-1110.814555354679,130387.22806007523,3065,17,938.4318181818181,43,1,16,36.087484227372045,0.6237887596899225,43.584280303030305,1025.6628787878792,23.852625088090214,0
3163,4,0,0,44,0.0,0.0,1.0,44,1150,700,450,0.6086956521739131,16,7,9,291.26166610022307,0.7871520436927414,0.13551194052394,0.1716827470364426,131570.89807879936,-1135.6882030532531,130435.2098757461,3066,18,939.4318181818181,43,1,14,36.04278198264724,0.6245155038759691,43.51325757575758,1025.9469696969697,23.8592318534179,0
3164,4,0,0,44,0.0,0.0,1.0,44,1550,1200,350,0.7741935483870968,19,12,7,298.0705600413939,0.7864032769556025,0.14002012747400183,0.17636926150920892,131716.66953627174,-947.827708907262,130768.84182736448,3067,19,940.4318181818181,43,1,14,35.72186346863468,0.625968992248062,43.37121212121212,1026.515151515151,23.87244538407328,0
3165,4,1,1,44,0.022222222222222223,0.022222222222222223,0.9777777777777777,45,900,600,300,0.6666666666666666,12,6,6,292.1644308646205,0.790909090909091,0.13424657534246576,0.17391934146318805,131945.7475994511,-1290.0291495199108,130655.7184499312,3068,0,920.5111111111111,44,1,14,35.64385063686612,0.6268939393939394,43.14814814814814,1027.4074074074058,23.350168350168314,0
3166,4,0,0,44,0.0,0.0,1.0,44,1200,900,300,0.75,15,9,6,297.0532483186645,0.7858967582804792,0.1303122434963233,0.17734961261005405,132057.11680010325,-954.4008981864105,131102.71590191685,3069,21,942.4318181818181,43,1,15,35.40668570726614,0.6293604651162792,43.03977272727273,1027.8409090909088,23.90327695560253,0
3167,4,0,0,44,0.0,0.0,1.0,44,1150,900,250,0.782608695652174,14,9,5,297.06768962919966,0.7863372093023256,0.12782206739465418,0.17758627965939378,132105.78799357207,-951.1277548209364,131154.66023875112,3070,22,943.4318181818181,43,1,16,35.3575595676738,0.6298449612403101,42.99242424242424,1028.030303030303,23.907681465821,0
3168,4,1,1,44,0.022222222222222223,0.022222222222222223,0.9777777777777777,45,1450,1200,250,0.8275862068965517,17,12,5,293.9324762752601,0.7916666666666667,0.13139623667723077,0.177310885603185,132447.8708930503,-1213.2082050469305,131234.6626880034,3071,0,923.4444444444445,42,3,18,35.095821958643185,0.6346726190476191,42.65988372093023,1029.360465116279,24.50858250276855,0
3169,4,0,0,44,0.0,0.0,1.0,44,1400,1000,400,0.7142857142857143,18,10,8,297.49709059319144,0.7863151867512332,0.1333271991166738,0.1792238570158981,132398.0034722221,-922.3958333333433,131475.60763888876,3072,24,945.4318181818181,41,3,19,35.05398110661269,0.6356707317073171,42.70833333333333,1029.1666666666656,25.101626016260138,0
3170,4,0,0,44,0.0,0.0,1.0,44,900,500,400,0.5555555555555556,13,5,8,296.4613790557535,0.7853021494009866,0.13355996355225352,0.17884205052805208,132449.05832703438,-946.7939027462994,131502.2644242881,3073,25,946.4318181818181,41,3,19,35.02955538422,0.6361788617886179,42.65873015873015,1029.3650793650781,25.10646535036776,0
3171,4,0,0,44,0.0,0.0,1.0,44,1400,900,500,0.6428571428571429,19,9,10,298.1244386271719,0.7846634954193094,0.13593225831880806,0.18021162192844578,132525.65906281475,-898.1724576404886,131627.48660517426,3074,26,947.4318181818181,41,3,19,34.91013504833477,0.6369410569105691,42.584325396825385,1029.6626984126967,25.11372435152919,0
3172,4,0,0,44,0.0,0.0,1.0,44,1300,1000,300,0.7692307692307693,16,10,6,298.404455854551,0.7832320295983087,0.13922260555857147,0.18074883667922675,132602.2819428696,-886.1776423532574,131716.10430051634,3075,27,948.4318181818181,41,3,19,34.82630193283246,0.6377032520325204,42.509920634920626,1029.9603174603162,25.12098335269064,0
3173,4,2,1,45,0.043478260869565216,0.021739130434782608,0.9782608695652174,46,1250,800,450,0.64,17,8,9,287.72093815564523,0.7934581320450886,0.14261316478324781,0.176520683679274,133081.0950413221,-1541.9564967860547,131539.13854453605,3076,0,908.1521739130435,43,3,17,34.623562163485076,0.6395348837209303,42.04545454545454,1031.8181818181804,23.99577167019024,0
3174,4,1,0,46,0.021739130434782608,0.0,1.0,46,1250,1000,250,0.8,15,10,5,292.6151065642064,0.7940619967793882,0.14850486149330444,0.18023106733124197,133227.7004777894,-1403.1124454774817,131824.5880323119,3077,0,909.1304347826087,43,3,18,34.35111294563692,0.6409883720930232,41.9034090909091,1032.3863636363649,24.008985200845697,0
3175,4,0,0,46,0.0,0.0,1.0,46,1300,800,500,0.6153846153846154,18,8,10,289.47934742105474,0.7926731078904993,0.15060332215848593,0.17888675593889206,133349.9333265181,-1479.5896643996712,131870.34366211842,3078,1,910.1304347826087,43,3,18,34.310248005867784,0.6421996124031008,41.78503787878788,1032.8598484848492,24.019996476391842,0
3176,4,0,0,46,0.0,0.0,1.0,46,1000,700,300,0.7,13,7,6,286.25327689213685,0.7925925925925926,0.14382972110315517,0.17735999455821158,133447.7599593234,-1560.028283545675,131887.7316757777,3079,2,911.1304347826087,43,3,18,34.29614227232459,0.6431686046511628,41.690340909090914,1033.2386363636367,24.02880549682876,0
3177,4,0,0,46,0.0,0.0,1.0,46,1150,800,350,0.6956521739130435,15,8,7,289.1220213385463,0.7909621578099839,0.14238692398187824,0.1800017745752885,133626.03635204086,-1473.1495695299404,132152.8867825109,3080,3,912.1304347826087,41,5,18,34.04456918057956,0.6478658536585366,41.517857142857146,1033.9285714285718,25.217770034843213,0
3178,4,0,0,46,0.0,0.0,1.0,46,1450,900,550,0.6206896551724138,20,9,11,287.39406238173865,0.7903985507246377,0.1407494145199062,0.1795161858352871,133747.7195349587,-1512.3399097109666,132235.37962524773,3081,4,913.1304347826087,42,4,12,33.968188914910236,0.6475694444444444,41.40019379844961,1034.3992248062007,24.628552971576205,0
3179,4,0,0,46,0.0,0.0,1.0,46,1150,700,450,0.6086956521739131,16,7,9,290.11710089045897,0.7879830917874396,0.14695538196635227,0.18195776597833196,133898.11051206366,-1430.7736727059541,132467.3368393577,3082,5,914.1304347826087,42,4,12,33.74820553631059,0.6490575396825395,41.254844961240316,1034.9806201550396,24.64239571797713,0
3180,4,0,0,46,0.0,0.0,1.0,46,700,500,200,0.7142857142857143,9,5,4,303.4684436969181,0.7874798711755234,0.10561570406389986,0.18739088487379774,133322.0706763414,-1108.1917402800445,132213.87893606134,3083,6,915.1304347826087,42,4,15,33.9768249202477,0.6433531746031746,41.81201550387596,1032.7519379844948,24.589331856773686,5
3181,4,0,2,44,0.0,0.043478260869565216,0.9565217391304348,46,1250,800,450,0.64,17,8,9,302.2339513002025,0.7855273752012882,0.10482203801034884,0.18725860678175812,133447.19109616306,-1133.5456290186885,132313.64546714438,3084,7,916.1304347826087,42,4,16,33.88391322016943,0.644593253968254,41.690891472868216,1033.236434108527,24.60086747877445,0
3182,4,0,1,43,0.0,0.022727272727272728,0.9772727272727273,44,1550,1100,450,0.7096774193548387,20,11,9,312.3706648776559,0.7717362579281184,0.11082146661057779,0.19217134119699297,133183.59116803834,-479.47061520918646,132704.12055282915,3085,9,957.5227272727273,40,4,16,33.88529257326638,0.6450520833333333,41.94613821138212,1032.2154471544725,25.805386178861813,0
3183,4,0,0,43,0.0,0.0,1.0,43,950,600,350,0.631578947368421,13,6,7,318.51594819201205,0.7649040236249538,0.1113424616374139,0.19563158702655103,133122.62505425367,-119.66417100692405,133002.96088324673,3086,38,980.5813953488372,39,4,17,33.78766276370242,0.6461004273504274,42.00520833333334,1031.9791666666683,26.461004273504315,0
3184,4,0,0,43,0.0,0.0,1.0,43,750,700,50,0.9333333333333333,8,7,1,318.1443026315187,0.7641196013289037,0.11475871389154779,0.19610984624898115,133257.03125000015,-121.00694444442973,133136.0243055557,3087,39,981.5813953488372,39,4,18,33.66290018832391,0.6474358974358974,41.87500000000001,1032.5000000000011,26.474358974359003,0
3185,4,0,0,43,0.0,0.0,1.0,43,900,700,200,0.7777777777777778,11,7,4,316.9378292038545,0.7631506090808416,0.11431547486387372,0.19550744871797224,133283.9206271703,-151.45670572914685,133132.46392144114,3088,40,982.5813953488372,39,4,18,33.667175258078615,0.6477029914529915,41.84895833333334,1032.604166666668,26.47702991452995,0
3186,4,0,0,43,0.0,0.0,1.0,43,1300,900,400,0.6923076923076923,17,9,8,318.595137924894,0.7625968992248062,0.1167902380918886,0.19724260786136727,133418.40820312526,-98.70876736108164,133319.69943576417,3089,41,983.5813953488372,39,4,18,33.49003495328361,0.6490384615384615,41.718750000000014,1033.125000000002,26.490384615384666,0
3187,4,0,0,43,0.0,0.0,1.0,43,1100,900,200,0.8181818181818182,13,9,4,321.3287793143705,0.7622277593207826,0.12158088907431397,0.19951340102360374,133526.04709201408,-18.847656249981526,133507.1994357641,3090,42,984.5813953488372,39,4,19,33.311916280319814,0.6501068376068375,41.61458333333334,1033.5416666666683,26.501068376068417,0
3188,4,0,0,43,0.0,0.0,1.0,43,1250,1000,250,0.8,15,10,5,318.86505661595436,0.7609357696566998,0.12658506485447218,0.19928564362825976,133768.39328342033,-69.1867404513701,133699.20654296895,3091,43,985.5813953488372,39,4,15,33.13372688215351,0.6525106837606837,41.38020833333334,1034.4791666666683,26.52510683760688,0
3189,4,0,0,43,0.0,0.0,1.0,43,1300,1000,300,0.7692307692307693,16,10,6,321.6065783217603,0.7590900701365817,0.1316011804601549,0.20188279019477806,133930.079481337,14.558919270852414,133944.63840060783,3092,44,986.5813953488372,39,4,16,32.90155060212674,0.6541132478632479,41.22395833333334,1035.104166666668,26.541132478632516,0
3190,4,0,1,42,0.0,0.023255813953488372,0.9767441860465116,43,300,100,200,0.3333333333333333,5,1,4,320.72480849349665,0.7596437799926171,0.12678267665316612,0.2016245333090996,133983.99658203137,-5.60167100692945,133978.39491102443,3093,45,987.5813953488372,39,4,16,32.87061491766443,0.6546474358974359,41.17187500000001,1035.312500000001,26.546474358974383,0
3191,4,0,0,42,0.0,0.0,1.0,42,1250,1000,250,0.8,15,10,5,325.6330455907828,0.7497338366240806,0.1328354398059497,0.20586631526332516,134190.7793209875,339.39043209874933,134530.16975308623,3094,46,1009.5238095238095,38,4,17,32.53742180518319,0.6584429824561404,40.972222222222214,1036.11111111111,27.266081871344998,0
3192,4,0,0,42,0.0,0.0,1.0,42,1250,800,450,0.64,17,8,9,324.31450714054495,0.7482578397212544,0.1389089285100833,0.20580926506113173,134329.18453000562,312.98065508800386,134642.16518509362,3095,47,1010.5238095238095,38,4,18,32.43369748187846,0.6598135964912282,40.8386752136752,1036.6452991452973,27.28013945119203,0
3193,4,0,0,42,0.0,0.0,1.0,42,1200,700,500,0.5833333333333334,17,7,10,321.79813358043344,0.7477981029810298,0.13717864079527753,0.20454525042526403,134388.720703125,249.20789930555628,134637.92860243056,3096,48,1011.5238095238095,39,3,18,32.43963900609471,0.6586538461538463,40.78125,1036.875,26.58653846153846,0
3194,4,1,0,43,0.023255813953488372,0.0,1.0,43,1250,800,450,0.64,17,8,9,317.86957761254246,0.7541989664082687,0.14240481962569485,0.20400554282448247,134739.9753146702,-33.95453559027237,134706.02077907993,3097,0,988.9767441860465,39,4,19,32.192171666499455,0.6621260683760684,40.442708333333336,1038.2291666666672,26.6212606837607,0
3195,4,0,0,43,0.0,0.0,1.0,43,1500,1100,400,0.7333333333333333,19,11,8,315.48004092518266,0.7545219638242894,0.13902171631172577,0.2029249037434885,134821.0991753473,-93.32682291666168,134727.77235243065,3098,1,989.9767441860465,39,4,14,32.173604145770646,0.6629273504273505,40.364583333333336,1038.5416666666672,26.629273504273517,0
3196,4,0,0,43,0.0,0.0,1.0,43,1000,700,300,0.7,13,7,6,313.98195738520894,0.7545219638242894,0.12627057780439466,0.1976754045830501,134037.9245334201,-182.90201822917183,133855.0225151909,3099,2,990.9767441860465,39,4,16,32.99142021258759,0.6551816239316239,41.119791666666664,1035.520833333333,26.55181623931623,1
3197,4,0,1,42,0.0,0.023255813953488372,0.9767441860465116,43,1150,800,350,0.6956521739130435,15,8,7,320.9547346514044,0.7543373938722776,0.14591147786946657,0.19899193548387098,133472.22222222234,-32.29166666665813,133439.93055555568,3100,3,991.9767441860465,41,2,20,33.37533602150537,0.646341463414634,41.66666666666667,1033.3333333333344,25.20325203252035,3
3198,4,0,0,42,0.0,0.0,1.0,42,900,600,300,0.6666666666666666,12,6,6,326.3014753827368,0.7465882694541232,0.15041735757848307,0.20202075509993309,133419.72061107802,307.01033610946024,133726.7309471875,3101,53,1016.5238095238095,40,2,20,33.289682930028206,0.6473958333333333,41.71747967479675,1033.130081300813,25.82825203252032,0
3199,4,1,1,42,0.023255813953488372,0.023255813953488372,0.9767441860465116,43,700,300,400,0.42857142857142855,11,3,8,319.3903901426949,0.7563215208564046,0.14206549118387923,0.19874292301982754,133606.8047417536,-65.43344586811938,133541.3712958855,3102,0,993.8604651162791,39,4,20,33.281381192275404,0.6509081196581196,41.53645833333334,1033.8541666666679,26.509081196581228,0
3200,4,0,0,42,0.0,0.0,1.0,42,650,600,50,0.9230769230769231,7,6,1,321.4306639633604,0.7465398761130468,0.13933136676499513,0.19956958806516334,133524.73416121356,183.78879139401317,133708.52295260757,3103,55,1018.5238095238095,40,2,20,33.31059488692233,0.6484375,41.61585365853659,1033.5365853658536,25.83841463414634,0
3201,4,0,0,42,0.0,0.0,1.0,42,1350,1000,350,0.7407407407407407,17,10,7,319.6464653096823,0.745838172667441,0.13654023488880473,0.19888461722296027,133603.52143441417,141.17867588738102,133744.70011030155,3104,56,1019.5238095238095,40,2,20,33.27803990956453,0.64921875,41.53963414634147,1033.8414634146352,25.84603658536588,0
3202,4,0,0,42,0.0,0.0,1.0,42,1200,1000,200,0.8333333333333334,14,10,4,316.4926229183974,0.7460801393728222,0.13125655136268377,0.1973424589961772,133682.3319452707,61.89437504132093,133744.22632031204,3105,57,1020.5238095238095,40,2,20,33.28092243186584,0.6499999999999999,41.463414634146346,1034.146341463415,25.853658536585375,0
3203,4,0,0,42,0.0,0.0,1.0,42,1200,800,400,0.6666666666666666,16,8,8,321.3272516028357,0.7459349593495935,0.13201167326093644,0.20121488781181282,133840.02267995258,201.28932844208248,134041.31200839466,3106,58,1021.5238095238095,40,2,18,32.99859228704249,0.6515624999999999,41.310975609756106,1034.756097560977,25.868902439024424,0
3204,4,0,0,42,0.0,0.0,1.0,42,800,300,500,0.375,13,3,10,322.8206505615673,0.7461527293844367,0.13382658905486622,0.20258338422486544,133918.90290377772,246.35747157779156,134165.26037535552,3107,59,1022.5238095238095,40,2,19,32.88127965963019,0.6523437499999998,41.23475609756099,1035.0609756097579,25.876524390243947,0
3205,4,0,0,42,0.0,0.0,1.0,42,850,400,450,0.47058823529411764,13,4,9,324.96266031165936,0.7460075493612079,0.13337493631004982,0.20421928566285505,133971.50262947023,307.1471800846414,134278.64980955486,3108,60,1023.5238095238095,40,2,19,32.77338765092767,0.6528645833333332,41.18394308943091,1035.264227642279,25.881605691056972,0
3206,4,0,0,42,0.0,0.0,1.0,42,1200,700,500,0.5833333333333334,17,7,10,322.02275368833256,0.744410569105691,0.12615005770731424,0.20295200264921456,134076.73306439637,235.15175738649737,134311.88482178285,3109,61,1024.5238095238096,40,2,19,32.74457854970072,0.6539062499999999,41.08231707317074,1035.6707317073185,25.89176829268296,0
3207,4,0,0,42,0.0,0.0,1.0,42,750,300,450,0.4,12,3,9,320.3829617525172,0.7437088656600852,0.12681596083597246,0.20235340223699896,134155.68300118993,196.239011170617,134351.92201236053,3110,62,1025.5238095238096,40,2,19,32.70837420704991,0.6546874999999999,41.00609756097562,1035.9756097560987,25.899390243902467,0
3208,4,0,0,42,0.0,0.0,1.0,42,950,700,250,0.7368421052631579,12,7,5,320.7803398187545,0.7437572590011614,0.1195986141073413,0.20318744754482373,134260.9857310465,213.65692544122317,134474.64265648773,3111,63,1026.5238095238096,40,2,19,32.59319637837486,0.6557291666666666,40.904471544715456,1036.3821138211397,25.90955284552849,0
3209,4,0,0,42,0.0,0.0,1.0,42,1050,700,350,0.6666666666666666,14,7,7,321.5585340671517,0.7442653890824622,0.11318451505688043,0.20412063509763662,134339.98988903785,239.63404306301948,134579.62393210086,3112,64,1027.5238095238096,40,2,20,32.49436329771593,0.6565104166666667,40.82825203252034,1036.6869918699208,25.91717479674802,0
3210,4,1,0,43,0.023255813953488372,0.0,1.0,43,1400,900,500,0.6428571428571429,19,9,10,316.4759814225916,0.7505537098560354,0.11310450997003074,0.20249703773731248,134629.8706127306,-78.41066825301337,134551.45994447757,3113,0,1004.6046511627907,40,3,21,32.33777255516386,0.6593749999999999,40.54878048780488,1037.8048780487811,25.945121951219527,0
3211,4,0,0,43,0.0,0.0,1.0,43,1200,800,400,0.6666666666666666,16,8,8,315.2341084187142,0.7500461424880029,0.1120778579056787,0.20184864885770099,134656.2388975644,-110.35211762177076,134545.88677994264,3114,1,1005.6046511627907,40,3,21,32.343785697966645,0.6596354166666667,40.523373983739845,1037.9065040650416,25.947662601626043,0
3212,4,0,0,43,0.0,0.0,1.0,43,1250,600,650,0.48,19,6,13,321.14754488383426,0.7492617201919527,0.11235985743353005,0.20638274299515844,134788.1190511601,57.374702558005055,134845.4937537181,3115,2,1006.6046511627907,40,3,16,32.059233705226085,0.6609375,40.396341463414636,1038.4146341463418,25.960365853658544,0
3213,4,0,0,43,0.0,0.0,1.0,43,1700,1400,300,0.8235294117647058,20,14,6,320.77011839797837,0.7488464377999261,0.1187042994362364,0.206740993080967,134893.66964934897,53.97167691189506,134947.64132626087,3116,3,1007.6046511627907,40,3,17,31.96414595969478,0.6619791666666668,40.29471544715447,1038.8211382113825,25.970528455284562,0
3214,4,0,1,42,0.0,0.023255813953488372,0.9767441860465116,43,950,700,250,0.7368421052631579,12,7,5,323.1581933803569,0.7482927279438907,0.1257897106782071,0.20888847569579824,134999.2615589265,125.22349461298504,135124.48505353948,3117,4,1008.6046511627907,40,3,18,31.797216246169885,0.6630208333333334,40.193089430894304,1039.227642276422,25.98069105691055,0
3215,4,0,0,42,0.0,0.0,1.0,42,600,400,200,0.6666666666666666,8,4,4,327.83263709523357,0.7416037553232675,0.11042953204336503,0.20241623678300028,133318.49666950127,341.2308673469545,133659.72753684822,3118,70,1033.5238095238096,41,1,18,33.35134486071086,0.6448170731707317,41.8154761904762,1032.7380952380963,25.18873403019747,2
3216,4,0,0,42,0.0,0.0,1.0,42,1100,700,400,0.6363636363636364,15,7,8,330.46267803687874,0.741869918699187,0.10384736055893451,0.2050320300766949,133498.4769007374,423.3414151899542,133921.81831592738,3119,71,1034.5238095238096,40,2,18,33.10346805651162,0.6481770833333331,41.64126016260165,1033.434959349597,25.835873983739923,0
3217,4,0,0,42,0.0,0.0,1.0,42,1250,900,350,0.72,16,9,7,330.6917912756509,0.7417731320170344,0.103146517626022,0.20575703930563952,133603.5214344145,436.3175647763013,134039.8389991908,3120,72,1035.5238095238096,40,2,19,32.99256201055081,0.6492187499999998,41.539634146341484,1033.8414634146377,25.846036585365944,0
3218,4,0,0,42,0.0,0.0,1.0,42,800,500,300,0.625,11,5,6,332.6775015071929,0.7416037553232675,0.10580190401303047,0.2071395899837324,133629.7890227381,491.12486780358853,134120.9138905417,3121,73,1036.5238095238096,40,2,19,32.914987549963946,0.6494791666666665,41.51422764227644,1033.9430894308969,25.84857723577242,0
3219,4,0,0,42,0.0,0.0,1.0,42,750,400,350,0.5333333333333333,11,4,7,332.0891054704916,0.7424990321331785,0.11127097984718115,0.20721464294133637,133708.6072794801,480.6343570295745,134189.24163650966,3122,74,1037.5238095238096,40,2,16,32.85144607120633,0.6502604166666666,41.438008130081315,1034.2479674796768,25.856199186991923,0
3220,4,0,0,42,0.0,0.0,1.0,42,750,700,50,0.9333333333333333,8,7,1,331.7281122351821,0.7412891986062717,0.11189266194539904,0.2075340421416149,133805.5981217722,477.4156942870036,134283.01381605922,3123,75,1038.5238095238096,41,1,16,32.76390753348036,0.6496443089430892,41.344246031746046,1034.6230158730184,25.23470770421996,0
3221,4,0,0,42,0.0,0.0,1.0,42,1000,700,300,0.7,13,7,6,333.39207301327775,0.7387485481997678,0.10957675507661091,0.20915691507802378,133908.25897778125,528.7904108402937,134437.04938862156,3124,76,1039.5238095238096,41,1,18,32.61835442026903,0.6506605691056908,41.2450396825397,1035.019841269844,25.24438637243522,0
3222,4,0,0,42,0.0,0.0,1.0,42,950,500,450,0.5263157894736842,14,5,9,335.63366806954446,0.7379742547425474,0.11110274488329108,0.21085715390160784,133959.60416863547,592.2706640526989,134551.87483268816,3125,77,1040.5238095238096,41,1,18,32.50908401213863,0.6511686991869916,41.19543650793653,1035.2182539682572,25.24922570654286,0
3223,4,0,0,42,0.0,0.0,1.0,42,900,500,400,0.5555555555555556,13,5,8,332.6995312331919,0.7380468447541618,0.10402855004277134,0.2096634781733704,134073.6734571243,521.2496619794819,134594.92311910377,3126,78,1041.5238095238096,42,0,18,32.47119043163673,0.6507936507936506,41.08527131782947,1035.6589147286847,24.658545588778207,0
3224,4,0,1,41,0.0,0.023809523809523808,0.9761904761904762,42,1050,800,250,0.7619047619047619,13,8,5,328.23812799145634,0.7390873015873016,0.10233308844809508,0.20784527998038083,134249.3514230668,413.1511590349392,134662.50258210173,3127,79,1042.5238095238096,42,0,18,32.41156303568645,0.6525297619047618,40.91569767441862,1036.3372093023277,24.67469545957923,0
3225,4,0,0,41,0.0,0.0,1.0,41,1050,800,250,0.7619047619047619,13,8,5,331.79051591447194,0.739430894308943,0.09768240142908846,0.20990623493196042,134216.47775140172,706.3508794721841,134922.8286308739,3128,80,1044.6097560975609,41,0,18,32.352301739269194,0.6537093495934958,40.94742063492065,1036.2103174603194,25.273422377080962,0
3226,4,0,0,41,0.0,0.0,1.0,41,1000,700,300,0.7,13,7,6,333.77880543027817,0.7397865853658536,0.10116466332127394,0.2119069572749947,134345.00681059487,768.3031777526065,135113.3099883475,3129,81,1045.6097560975609,41,0,18,32.172647527910684,0.6549796747967478,40.82341269841271,1036.7063492063512,25.285520712350028,0
3227,4,0,0,41,0.0,0.0,1.0,41,850,500,350,0.5882352941176471,12,5,7,333.12473766997647,0.7397357723577236,0.09385671898034964,0.2123873327486145,134499.32287729924,761.0103300579701,135260.3332073572,3130,82,1046.6097560975609,41,0,18,32.035832695740886,0.6565040650406504,40.674603174603185,1037.3015873015888,25.300038714672898,0
3228,4,0,0,41,0.0,0.0,1.0,41,800,600,200,0.75,10,6,4,332.7365687650198,0.7389227642276422,0.09246743069840346,0.2124395015961282,134550.78125000012,753.9930555555699,135304.77430555568,3131,83,1047.6097560975609,41,0,18,31.994645247657306,0.6570121951219511,40.62500000000001,1037.500000000001,25.30487804878051,0
3229,4,0,0,41,0.0,0.0,1.0,41,950,500,450,0.5263157894736842,14,5,9,332.2821452020687,0.7383130081300813,0.08553910122177188,0.21263430556606708,134633.92710387916,747.2900230111924,135381.21712689035,3132,84,1048.6097560975609,38,3,19,31.923641136504013,0.662828947368421,40.5448717948718,1037.820512820514,27.311066126855632,0
3230,4,0,0,41,0.0,0.0,1.0,41,1050,900,150,0.8571428571428571,12,9,3,334.9015404672158,0.740040650406504,0.0874603609599498,0.2150965564031706,134767.01388888896,826.7361111111206,135593.7500000001,3133,85,1049.6097560975609,39,2,19,31.723180845371857,0.6623931623931624,40.41666666666667,1038.333333333334,26.62393162393164,0
3231,4,0,0,41,0.0,0.0,1.0,41,1250,700,550,0.56,18,7,11,337.55325179254396,0.740650406504065,0.09190611761713252,0.21744709475938317,134875.19531250015,905.512152777792,135780.70746527793,3134,86,1050.6097560975609,39,2,15,31.546663992512368,0.6634615384615383,40.31250000000001,1038.7500000000011,26.634615384615415,0
3232,4,0,1,40,0.0,0.024390243902439025,0.975609756097561,41,800,600,200,0.75,10,6,4,337.38049789689785,0.740040650406504,0.09021504692688764,0.21766061358497168,134929.3023003473,904.5030381944538,135833.80533854177,3135,87,1051.6097560975609,39,2,15,31.497309671813383,0.6639957264957265,40.26041666666667,1038.9583333333342,26.639957264957285,0
3233,4,0,0,40,0.0,0.0,1.0,40,1250,1000,250,0.8,15,10,5,337.4964389273629,0.7412660256410256,0.0694667201283079,0.218061170643742,134983.42013888905,1111.284722222242,136094.7048611113,3136,88,1002.775,39,1,16,31.440457097032866,0.6645299145299145,40.20833333333334,1039.166666666668,26.645299145299184,0
3234,4,0,0,40,0.0,0.0,1.0,40,1250,1000,250,0.8,15,10,5,337.80232938525484,0.7394764957264958,0.0679165414287144,0.21907765104575885,135118.76220703128,1128.6865234375002,136247.44873046878,3137,89,1003.775,39,1,17,31.297903516681675,0.6658653846153846,40.078125,1039.6875000000002,26.65865384615385,0
3235,4,0,1,39,0.0,0.025,0.975,40,1100,900,200,0.8181818181818182,13,9,4,336.8393804276445,0.7392628205128206,0.0665756786537115,0.21878123193293286,135172.91802300353,1106.312391493066,136279.2304144966,3138,90,1004.775,39,1,18,31.26909496143444,0.6663995726495726,40.02604166666667,1039.895833333334,26.66399572649574,0
3236,4,0,0,39,0.0,0.0,1.0,39,900,600,300,0.6666666666666666,12,6,6,342.4229270465742,0.7364484930274404,0.06377059028107124,0.22216399506781753,135133.34155161094,1454.5508711374205,136587.89242274835,3139,91,1028.871794871795,38,1,18,31.163301479654727,0.6677631578947367,40.06410256410257,1039.7435897435907,27.36167341430502,0
3237,4,0,0,39,0.0,0.0,1.0,39,1300,1000,300,0.7692307692307693,16,10,6,341.9066989185403,0.7358861898335582,0.06004587312998555,0.22268531955651025,135272.23186728396,1450.0964506172877,136722.32831790124,3140,92,1029.871794871795,38,1,18,31.038607031597685,0.6691337719298245,39.93055555555556,1040.2777777777778,27.375730994152047,0
3238,4,0,0,39,0.0,0.0,1.0,39,1300,1200,100,0.9230769230769231,14,12,2,344.9127895743974,0.7352114260008997,0.06504642976560016,0.2249903320606201,135327.80796853322,1535.2583506830401,136863.06631921625,3141,93,1030.871794871795,38,1,19,30.905166512646748,0.6696820175438596,39.87713675213676,1040.4914529914538,27.38135402609089,0
3239,4,0,0,39,0.0,0.0,1.0,39,650,500,150,0.7692307692307693,8,5,3,344.0653483145801,0.7358299595141701,0.06453684548531591,0.22495869954903625,135411.1935221712,1518.0598929797757,136929.25341515098,3142,94,1031.871794871795,38,1,19,30.844325258331622,0.6705043859649122,39.79700854700855,1040.8119658119667,27.389788573999123,0
3240,4,0,0,39,0.0,0.0,1.0,39,1200,700,500,0.5833333333333334,17,7,10,342.5780453145963,0.7358299595141701,0.07851070721230125,0.21020449565745694,133086.105860545,1318.4756008473942,134404.5814613924,3143,95,1032.871794871795,38,1,18,33.203475529785315,0.6474780701754386,42.04059829059829,1031.8376068376072,27.15362123256861,3
3241,4,0,0,39,0.0,0.0,1.0,39,1150,900,250,0.782608695652174,14,9,5,344.19302886754684,0.7336369770580298,0.0823739842576523,0.211821213052117,133196.36774965294,1369.0522499817332,134565.41999963467,3144,96,1033.871794871795,38,1,18,33.051300627889326,0.6485745614035088,41.93376068376068,1032.2649572649568,27.164867296446232,0
3242,4,0,0,39,0.0,0.0,1.0,39,1100,800,300,0.7272727272727273,14,8,6,341.78347944876157,0.7317251461988304,0.08006089975677244,0.21111954605950012,133334.25931633054,1314.289415771777,134648.54873210232,3145,97,1034.871794871795,38,1,19,32.97537153891244,0.6499451754385965,41.80021367521367,1032.7991452991446,27.17892487629328,0
3243,4,0,0,39,0.0,0.0,1.0,39,600,200,400,0.3333333333333333,10,2,8,343.429251956804,0.7312753036437247,0.08281820568510012,0.2124515314888252,133389.43591798155,1361.9668392504873,134751.40275723205,3146,98,1035.871794871795,38,1,19,32.87762436653222,0.6504934210526316,41.74679487179487,1033.01282051282,27.18454790823211,0
3244,4,0,0,39,0.0,0.0,1.0,39,1450,1100,350,0.7586206896551724,18,11,7,344.0761253741624,0.730825461088619,0.08243841646116778,0.21300999567017592,133417.02849915982,1381.1228449850148,134798.15134414483,3147,99,1036.871794871795,38,1,19,32.83329024474318,0.6507675438596492,41.720085470085465,1033.1196581196573,27.187359424201507,0
3245,4,1,0,40,0.025,0.0,1.0,40,850,500,350,0.5882352941176471,12,5,7,344.02965387070515,0.7422809829059829,0.09462146380751069,0.215327444984103,133822.27783203125,1207.7663845486118,135030.04421657987,3148,0,1011.925,39,1,16,32.42904543776637,0.6530448717948718,41.328125,1034.6875,26.53044871794872,0
3246,4,0,1,39,0.0,0.025,0.975,40,850,600,250,0.7058823529411765,11,6,5,343.4282143236845,0.7413995726495727,0.09822866344605474,0.21542315262122028,133903.125,1197.222222222223,135100.34722222222,3149,1,1012.925,39,1,16,32.36379495437466,0.653846153846154,41.25,1035.0,26.53846153846154,0
3247,4,0,0,39,0.0,0.0,1.0,39,950,600,350,0.631578947368421,13,6,7,350.4526823116077,0.7420715249662618,0.09774565479263497,0.21940104901020815,133831.25964506168,1580.3047839506148,135411.5644290123,3150,2,1022.8205128205128,38,1,16,32.25391498881432,0.6548793859649124,41.31944444444444,1034.722222222222,27.229532163742682,0
3248,4,0,0,39,0.0,0.0,1.0,39,750,600,150,0.8,9,6,3,354.53954460931703,0.7421839856050383,0.1069099493954988,0.2224597867989031,133914.18292059313,1695.5746858791717,135609.7576064723,3151,3,1023.8205128205128,38,1,16,32.06522674098543,0.6557017543859649,41.23931623931624,1035.0427350427346,27.237966711650913,0
3249,4,0,0,39,0.0,0.0,1.0,39,850,500,350,0.5882352941176471,12,5,7,357.8967987184138,0.7403283850652272,0.1045114552492532,0.22507319119923072,133997.13187824152,1791.428907334342,135788.56078557586,3152,4,1024.820512820513,38,1,16,31.89535823616414,0.6565241228070176,41.15918803418803,1035.363247863247,27.24640125955913,0
3250,4,0,0,39,0.0,0.0,1.0,39,1050,500,550,0.47619047619047616,16,5,11,358.86930559849174,0.7399347728295097,0.10322515819061118,0.22670720888524895,134163.1068398896,1829.4041977134807,135992.51103760308,3153,5,1025.820512820513,38,1,18,31.704178268192916,0.6581688596491229,40.99893162393162,1036.0042735042728,27.2632703553756,0
3251,4,0,1,38,0.0,0.02564102564102564,0.9743589743589743,39,750,600,150,0.8,9,6,3,358.37030529867684,0.7389788573999101,0.0999785862142808,0.2267340894384778,134218.45465565412,1819.9817143326698,136038.4363699868,3154,6,1026.820512820513,38,1,18,31.66176925456233,0.6587171052631579,40.94551282051282,1036.2179487179483,27.268893387314428,0
3252,4,0,0,38,0.0,0.0,1.0,38,950,600,350,0.631578947368421,13,6,7,361.9465171622201,0.7388276434329066,0.10894697859875624,0.22911966066310352,134238.12044330925,2117.404032971661,136355.5244762809,3155,7,1047.3947368421052,37,1,18,31.549461256304454,0.6607545045045047,40.92653508771929,1036.293859649121,28.007942152678947,0
3253,4,0,0,38,0.0,0.0,1.0,38,700,600,100,0.8571428571428571,8,6,2,360.64117353590296,0.7375829777145567,0.10604542139226214,0.22864795529409035,134294.9408111148,2086.4570108110006,136381.39782192578,3156,8,1048.3947368421052,37,1,18,31.526477485101726,0.6613175675675677,40.87171052631578,1036.5131578947355,28.01386913229015,0
3254,4,0,1,37,0.0,0.02631578947368421,0.9736842105263158,38,1350,1000,350,0.7407407407407407,17,10,7,361.2036225846812,0.7370791844476056,0.11131890640306352,0.22953907628768438,134380.19390581705,2107.722568482598,136487.91647429965,3157,9,1049.3947368421052,37,1,18,31.42669557247603,0.6621621621621623,40.78947368421052,1036.842105263157,28.022759601706944,0
3255,4,0,0,37,0.0,0.0,1.0,37,750,500,250,0.6666666666666666,10,5,5,363.2762526840627,0.7347972972972973,0.10234406412058727,0.23119633800743133,134433.97102761536,2367.3338456699853,136801.30487328535,3158,10,1047.2972972972973,36,1,18,31.319225757411235,0.6646412037037037,40.73761261261261,1037.0495495495488,28.806931931931913,0
3256,4,0,0,37,0.0,0.0,1.0,37,1000,700,300,0.7,13,7,6,356.6781671820686,0.7347972972972973,0.073798087433401,0.2164581247400855,132673.81660997713,2069.750917319663,134743.5675272968,3159,11,1048.2972972972973,34,3,15,33.25389030120945,0.6513480392156864,42.440476190476176,1030.2380952380936,30.301120448179223,5
3257,4,0,0,37,0.0,0.0,1.0,37,950,700,250,0.7368421052631579,12,7,5,354.08759671187033,0.7340465465465466,0.07185552395032424,0.21518374563315879,132725.77649444848,1999.3102441272044,134725.0867385757,3160,12,1049.2972972972973,35,2,15,33.26839735669625,0.6497023809523811,42.39004629629628,1030.439814814813,29.441137566137513,0
3258,4,0,0,37,0.0,0.0,1.0,37,800,700,100,0.875,9,7,2,354.7791543273361,0.7347347347347347,0.06762522684373118,0.2161192303994016,132815.23946544903,2024.0156678669134,134839.25513331595,3161,13,1050.2972972972973,35,2,15,33.160696908451214,0.6505952380952382,42.303240740740726,1030.7870370370354,29.451058201058153,0
3259,4,1,0,38,0.02631578947368421,0.0,1.0,38,700,500,200,0.7142857142857143,9,5,4,346.418447926431,0.742798719772404,0.06709190853374869,0.2126076515974471,133094.29943034242,1621.2641273029674,134715.5635576454,3162,0,1023.6315789473684,36,2,16,33.09619302266362,0.6513310185185186,42.03265765765765,1031.8693693693685,28.663038038038014,0
3260,4,0,0,38,0.0,0.0,1.0,38,950,500,450,0.5263157894736842,14,5,9,347.6940206501406,0.742769084874348,0.06319924647935826,0.21355683681219073,133123.35139193234,1657.2386575764795,134780.5900495088,3163,1,1024.6315789473683,36,2,16,33.0341553906591,0.6516203703703705,42.004504504504496,1031.9819819819809,28.666166166166136,0
3261,4,0,0,38,0.0,0.0,1.0,38,900,400,500,0.4444444444444444,14,4,10,355.83151370730377,0.7423245614035088,0.10494084856372843,0.20242492150051178,130201.83000283432,1666.895926711305,131868.72592954562,3164,2,1025.6315789473683,34,4,20,35.7721917648431,0.6265318627450981,44.85119047619047,1020.5952380952369,30.017507002801086,6
3262,4,1,0,39,0.02564102564102564,0.0,1.0,39,800,700,100,0.875,9,7,2,344.21250682612896,0.7525303643724697,0.1076383143630959,0.19807355523095763,130646.86381440764,1194.056900505832,131840.92071491346,3165,0,1000.3076923076923,35,4,16,35.61797143288425,0.6288690476190476,44.41550925925926,1022.3379629629635,29.2096560846561,0
3263,4,1,1,39,0.025,0.025,0.975,40,1200,1000,200,0.8333333333333334,14,10,4,333.62034083049156,0.7579326923076923,0.10466222906810407,0.19350831383588654,130953.25213304539,737.7337218975949,131690.985854943,3166,0,976.275,36,4,16,35.57917996112518,0.6299189814814814,44.115990990991,1023.5360360360376,28.4315565565566,0
3264,4,0,0,39,0.0,0.0,1.0,39,900,600,300,0.6666666666666666,12,6,6,344.4761997644393,0.7515182186234818,0.10378220354467427,0.19944427518778055,130883.62328800155,1217.2586323302498,132100.8819203318,3167,2,1002.3076923076923,35,4,16,35.37177638276213,0.63125,44.18402777777778,1023.2638888888889,29.23611111111111,0
3265,4,0,0,39,0.0,0.0,1.0,39,450,200,250,0.4444444444444444,7,2,5,343.0491392737243,0.7515182186234818,0.029926479915724835,0.19378316506482934,129927.00277970158,1114.2692943982906,131041.27207409986,3168,3,1003.3076923076923,37,2,19,36.37699863769988,0.6176801801801801,45.120614035087726,1019.5175438596502,27.55452821242298,5
3266,4,1,0,40,0.025,0.0,1.0,40,800,500,300,0.625,11,5,6,336.3378724581811,0.7568910256410256,0.039231131581701995,0.19136603309070926,130208.06081753617,758.7804304551285,130966.8412479913,3169,0,979.2,38,2,20,36.263259360061404,0.6186951754385963,44.84508547008548,1020.6196581196597,26.85841205578052,0
3267,4,1,1,40,0.024390243902439025,0.024390243902439025,0.975609756097561,41,350,100,250,0.2857142857142857,6,1,5,329.68033754371527,0.7657520325203252,0.0414015650630597,0.18853724221447052,130406.32482144331,398.514479816484,130804.8393012598,3170,0,956.2926829268292,36,5,20,36.23254318265344,0.6244212962962962,44.650900900900915,1021.3963963963984,28.372122122122178,0
3268,4,1,0,41,0.024390243902439025,0.0,1.0,41,950,600,350,0.631578947368421,13,6,7,328.6778960555413,0.7615853658536585,0.04688777046500614,0.18824279501362856,130463.84222059928,376.116234477754,130839.95845507704,3171,0,957.2682926829268,36,5,21,36.199983465608476,0.6249999999999998,44.59459459459461,1021.6216216216241,28.378378378378446,0
3269,4,0,1,40,0.0,0.024390243902439025,0.975609756097561,41,800,500,300,0.625,11,5,6,308.50085818176484,0.7608739837398374,-0.019893942392233077,0.1684729588399241,128593.16541883691,-265.77962239582484,128327.38579644109,3172,1,958.2682926829268,39,2,14,38.609706103864966,0.6006944444444444,46.43229166666667,1014.2708333333343,26.006944444444468,7
3270,4,0,1,39,0.0,0.025,0.975,40,1000,900,100,0.9,11,9,2,317.11879513498076,0.7539529914529914,-0.01649899926261411,0.173111484888808,128577.58881446779,154.87400924099856,128732.46282370879,3173,2,983.15,38,2,14,38.40702798553322,0.6022478070175439,46.447649572649574,1014.2094017094014,26.689721097615827,0
3271,4,0,0,39,0.0,0.0,1.0,39,500,200,300,0.4,8,2,6,322.89763925718376,0.7468511021142601,-0.007864800856365317,0.17582518095240998,128477.80687326868,497.0361072637684,128974.84298053246,3174,3,1009.0769230769231,37,2,14,38.362084505011154,0.6030405405405406,46.546052631578945,1013.8157894736842,27.400426742532005,0
3272,4,0,0,39,0.0,0.0,1.0,39,700,300,400,0.42857142857142855,11,3,8,323.4383437361081,0.7456702654071076,-0.011671393442396427,0.17648856880326053,128561.1934080679,516.3238929285935,129077.5173009965,3175,4,1010.0769230769231,37,2,14,38.26348343965111,0.6038851351351351,46.463815789473685,1014.1447368421057,27.409317211948803,0
3273,4,2,0,41,0.04878048780487805,0.0,1.0,41,550,400,150,0.7272727272727273,7,4,3,312.6286484266894,0.7657520325203252,0.00767586353464722,0.17278710852138005,129069.04432508693,-129.86382378471353,128939.18050130221,3176,0,961.7560975609756,39,2,16,38.021634204681355,0.6055021367521367,45.96354166666667,1016.1458333333344,26.055021367521395,0
3274,4,3,2,42,0.06818181818181818,0.045454545454545456,0.9545454545454546,44,1150,700,450,0.6086956521739131,16,7,9,293.7836839125259,0.7829677589852009,0.024635375592600095,0.16561869398306472,129847.94439693641,-1170.4228756392845,128677.52152129712,3177,0,897.1136363636364,40,4,15,37.712508724698374,0.6117187499999999,45.19817073170732,1019.2073170731711,25.48018292682928,0
3275,4,1,0,43,0.023255813953488372,0.0,1.0,43,800,700,100,0.875,9,7,2,306.16787533954886,0.7740863787375415,0.05036977908283369,0.17314138253603978,129970.3247070314,-641.4523654513741,129328.87234158002,3178,0,918.953488372093,39,4,17,37.273236115367595,0.6145833333333333,45.07812500000001,1019.6875000000011,26.145833333333364,0
3276,4,0,0,43,0.0,0.0,1.0,43,1500,1000,500,0.6666666666666666,20,10,10,309.5129902664272,0.7760243632336655,0.0626202088606691,0.17562979297041653,130103.13042534732,-546.2782118055454,129556.85221354177,3179,1,919.953488372093,39,4,18,37.053723368048466,0.6159188034188035,44.94791666666667,1020.2083333333342,26.159188034188055,0
3277,4,0,1,42,0.0,0.023255813953488372,0.9767441860465116,43,950,700,250,0.7368421052631579,12,7,5,307.30542356306114,0.776578073089701,0.06289678348763594,0.17497302995319222,130236.00396050356,-595.5539279513832,129640.45003255218,3180,2,920.953488372093,39,4,18,36.97581811069155,0.6172542735042735,44.817708333333336,1020.7291666666673,26.17254273504275,0
3278,4,0,0,42,0.0,0.0,1.0,42,1650,1200,450,0.7272727272727273,21,12,9,310.7015047224022,0.770591366627952,0.06627154367030874,0.1772760764556416,130317.12420784938,-302.0546835050019,130015.06952434438,3181,3,943.6666666666666,38,4,18,36.80722681455129,0.6197916666666666,44.738247863247864,1021.0470085470087,26.869658119658123,0
3279,4,1,1,42,0.023255813953488372,0.023255813953488372,0.9767441860465116,43,750,300,450,0.4,12,3,9,303.2437931296052,0.7770856404577334,0.06964891069862245,0.17396617605856302,130528.564453125,-683.6046006944445,129844.95985243056,3182,0,922.6976744186046,39,4,15,36.78431872239212,0.6201923076923077,44.53125,1021.875,26.201923076923077,0
3280,4,0,0,42,0.0,0.0,1.0,42,800,400,400,0.5,12,4,8,309.5933442348796,0.7712446767324816,0.07130903820580636,0.17714075189884387,130426.23325525955,-324.18125410915457,130102.0520011504,3183,5,945.6666666666666,38,4,18,36.725368685283954,0.620888157894737,44.63141025641025,1021.4743589743578,26.88090418353573,0
3281,4,0,0,42,0.0,0.0,1.0,42,1100,900,200,0.8181818181818182,13,9,4,308.0895421821795,0.7711962833914053,0.0634821055147281,0.17665278066129284,130508.0950032873,-358.3641518737677,130149.73085141352,3184,6,946.6666666666666,38,4,15,36.68117419489754,0.6217105263157894,44.55128205128205,1021.7948717948716,26.88933873144399,0
3282,4,0,0,42,0.0,0.0,1.0,42,1350,1200,150,0.8888888888888888,15,12,3,306.74031190926263,0.7718737901664731,0.0636645962732918,0.17637567934782608,130617.28395061727,-386.88271604938507,130230.4012345679,3185,7,947.6666666666666,38,4,15,36.60552536231884,0.6228070175438596,44.44444444444444,1022.2222222222222,26.900584795321635,0
3283,4,0,0,42,0.0,0.0,1.0,42,1050,1000,50,0.9523809523809523,11,10,1,306.61583498829964,0.7711962833914053,0.06529589065624153,0.17705307624716413,130781.15297866902,-380.0855157425675,130401.06746292645,3186,8,948.6666666666666,38,4,16,36.44353631362717,0.6244517543859649,44.284188034188034,1022.863247863248,26.917453891138106,0
3284,4,0,0,42,0.0,0.0,1.0,42,1550,1300,250,0.8387096774193549,18,13,5,306.8642687809912,0.7721157568718544,0.0622302628710929,0.17861353619810078,131088.00048828122,-354.7553168402791,130733.24517144094,3187,9,949.6666666666666,39,3,18,36.12817024378667,0.625801282051282,43.984375,1024.0624999999998,26.258012820512814,0
3285,4,1,0,43,0.023255813953488372,0.0,1.0,43,850,300,550,0.35294117647058826,14,3,11,303.48186574456366,0.7771317829457364,0.06870412990363994,0.17800169980083413,131381.515842014,-625.3987630208244,130756.11707899316,3188,0,928.5581395348837,39,4,19,35.9196132222448,0.6287393162393162,43.69791666666667,1025.2083333333342,26.287393162393183,0
3286,4,0,0,43,0.0,0.0,1.0,43,1150,900,250,0.782608695652174,14,9,5,317.89610478437817,0.7772240679217423,0.1605059159526725,0.17764782326185846,129504.14540816336,-298.50814023524845,129205.6372679281,3189,1,929.5581395348837,41,2,13,37.44639376218326,0.6067073170731707,45.53571428571429,1017.8571428571436,24.825783972125453,6
3287,4,0,1,42,0.0,0.023255813953488372,0.9767441860465116,43,1100,800,300,0.7272727272727273,14,8,6,318.8465599392797,0.7777316352897748,0.1607926820980521,0.17886769313314996,129655.65653344667,-331.9479875283499,129323.70854591833,3190,2,930.5581395348837,41,2,14,37.26865380868886,0.6082317073170731,45.38690476190476,1018.4523809523806,24.84030197444831,0
3288,4,0,1,41,0.0,0.023809523809523808,0.9761904761904762,42,450,300,150,0.6666666666666666,6,3,3,326.4471781791046,0.7724303135888502,0.16075082473796343,0.1827783627742579,129579.88989866768,60.197881235816794,129640.0877799035,3191,13,953.6666666666666,41,1,15,37.15196579947384,0.6074695121951219,45.46130952380952,1018.1547619047609,24.83304297328685,0
3289,4,0,1,40,0.0,0.024390243902439025,0.975609756097561,41,1000,500,500,0.5,15,5,10,327.24009403460593,0.771849593495935,0.16122074738472403,0.18381298060981024,129706.17992567384,289.01250314939614,129995.19242882324,3192,14,953.5121951219512,41,0,15,37.0037170497338,0.608739837398374,45.33730158730158,1018.6507936507926,24.845141308555917,0
3290,4,0,0,40,0.0,0.0,1.0,40,1400,1100,300,0.7857142857142857,17,11,6,326.62732621495877,0.7693910256410257,0.15700039888312767,0.18401229366761826,129822.05119307282,480.6858929869704,130302.73708605979,3193,15,937.9,40,0,16,36.9018830607632,0.6114583333333334,45.22357723577235,1019.1056910569099,25.47764227642275,0
3291,4,0,0,40,0.0,0.0,1.0,40,900,700,200,0.7777777777777778,11,7,4,328.99006443668554,0.7673611111111112,0.16201415188359558,0.18608152799085154,129977.44914568058,552.2578739507042,130529.70701963129,3194,16,938.9,40,0,16,36.684231944721304,0.6130208333333333,45.07113821138212,1019.7154471544724,25.49288617886181,0
3292,4,0,0,40,0.0,0.0,1.0,40,800,400,400,0.5,12,4,8,328.89055127477184,0.7670138888888889,0.16673224424743505,0.18664399345661029,130107.01844346951,558.1938041179218,130665.21224758743,3195,17,939.9,40,0,17,36.5555583225421,0.6143229166666667,44.94410569105691,1020.2235772357725,25.50558943089431,0
3293,4,1,0,41,0.024390243902439025,0.0,1.0,41,950,800,150,0.8421052631578947,11,8,3,323.12451495183234,0.7734756097560975,0.17496295427243802,0.18514318373183727,130480.8049003758,232.58821066557584,130713.39311104138,3196,0,917.9512195121952,38,3,18,36.32468019101399,0.621436403508772,44.577991452991434,1021.6880341880309,26.886527215474498,0
3294,4,1,0,42,0.023809523809523808,0.0,1.0,42,1200,1000,200,0.8333333333333334,14,10,4,321.17835914070406,0.7793021680216802,0.18383279992241341,0.18552773451539464,130794.81336805531,1.6927083333077348,130796.50607638863,3197,0,897.0714285714286,39,3,13,36.057365919891375,0.622863247863248,44.27083333333332,1022.9166666666647,26.228632478632427,0
3295,4,0,0,42,0.0,0.0,1.0,42,1550,1300,250,0.8387096774193549,18,13,5,320.4755320553213,0.7807781649245064,0.18721610602909666,0.18550566596225176,130874.74093966975,-11.56955295142751,130863.17138671831,3198,1,898.0714285714286,39,3,13,35.99471054328277,0.62366452991453,44.192708333333314,1023.2291666666636,26.23664529914522,0
3296,4,1,0,43,0.023255813953488372,0.0,1.0,43,1150,700,450,0.6086956521739131,16,7,9,313.6785274078104,0.7868678479143595,0.18595884959733144,0.1831032562129781,131197.94894118892,-369.2041154405633,130828.74482574836,3199,0,878.1627906976744,40,3,14,35.843004992890904,0.6252604166666668,43.877032520325194,1024.4918699186978,25.612296747967445,0
3297,4,0,0,43,0.0,0.0,1.0,43,1000,800,200,0.8,12,8,4,342.9276797292575,0.7866371354743448,0.1935154300109625,0.18601680995107206,128324.66310562522,201.21579417016335,128525.87889979538,3200,1,879.1627906976744,40,3,21,38.01069876295553,0.5963541666666665,46.69715447154473,1013.2113821138233,25.330284552845583,6
3298,4,1,0,44,0.022727272727272728,0.0,1.0,44,1150,800,350,0.6956521739130435,15,8,7,342.00538401549187,0.7975246652572234,0.20210888104363578,0.18666956971651757,128571.78411005615,-5.551520376661784,128566.2325896795,3201,0,860.1590909090909,41,3,15,37.78194186311911,0.5973069105691056,46.45337301587302,1014.1865079365086,24.736256291134357,0
3299,4,1,0,45,0.022222222222222223,0.0,1.0,45,850,500,350,0.5882352941176471,12,5,7,335.86262108532986,0.8024831649831651,0.20662827569384756,0.1845219025228635,128832.22467287147,-346.01426822303785,128486.21040464843,3202,0,842.0222222222222,42,3,16,37.672401450797004,0.5984623015873014,46.1967054263566,1015.2131782945756,24.171742340347038,0
3300,4,1,1,45,0.021739130434782608,0.021739130434782608,0.9782608695652174,46,1250,1000,250,0.8,15,10,5,333.022850206561,0.8051328502415459,0.21964939472488654,0.18492429258910437,129254.34570312528,-588.9572500243831,128665.3884531009,3203,0,824.695652173913,39,7,18,37.31518472990508,0.6073717948717947,45.781250000000014,1016.8750000000022,26.073717948718006,0
3301,4,1,1,45,0.021739130434782608,0.021739130434782608,0.9782608695652174,46,1150,700,450,0.6086956521739131,16,7,9,332.384538599045,0.8091384863123994,0.22233685335372044,0.18492700649459978,129330.57089240898,-602.5035734350859,128728.0673189739,3204,0,825.5434782608696,40,6,18,37.253971425716855,0.6065104166666665,45.70630081300815,1017.1747967479704,25.42936991869926,0
3302,4,0,0,45,0.0,0.0,1.0,45,1000,600,400,0.6,14,6,8,338.43901132870707,0.7999158249158249,0.22052875368454572,0.18805805734787553,129280.82817925367,-249.26486545136834,129031.56331380231,3205,2,844.8888888888889,39,6,19,37.15057274061934,0.6076388888888888,45.75520833333334,1016.9791666666683,26.076388888888932,0
3303,4,1,1,45,0.021739130434782608,0.021739130434782608,0.9782608695652174,46,1200,800,400,0.6666666666666666,16,8,8,334.06647830272027,0.8031602254428342,0.22396642565121883,0.18696525025903105,129563.26116233735,-543.4515252164582,129019.8096371209,3206,0,827.5,40,6,13,36.97490350702069,0.6088541666666667,45.47764227642277,1018.08943089431,25.45223577235775,0
3304,4,1,1,45,0.021739130434782608,0.021739130434782608,0.9782608695652174,46,900,400,500,0.4444444444444444,14,4,10,332.0405097987656,0.8052536231884059,0.22142237264601206,0.18607639307514728,129614.99851279007,-592.513963249384,129022.48454954069,3207,0,828.4782608695652,40,6,13,36.973968729208245,0.609375,45.426829268292686,1018.2926829268298,25.457317073170746,0
3305,4,1,0,46,0.021739130434782608,0.0,1.0,46,1400,1100,300,0.7857142857142857,17,11,6,335.90025360794124,0.8041062801932367,0.23513766598603203,0.18936164381304332,129847.9443969363,-476.80850931985447,129371.13588761644,3208,0,829.4565217391304,40,6,15,36.63937082460863,0.6117187500000001,45.198170731707314,1019.2073170731703,25.480182926829258,0
3306,4,1,0,47,0.02127659574468085,0.0,1.0,47,800,200,600,0.25,14,2,12,332.47194859012114,0.8087419056429231,0.24855449477135738,0.18881689625893933,130136.0261263068,-746.6843624023875,129389.3417639044,3209,0,812.7872340425532,41,6,16,36.43483633122671,0.6130589430894309,44.915674603174594,1020.3373015872999,24.88627564847073,0
3307,4,2,2,47,0.04081632653061224,0.04081632653061224,0.9591836734693877,49,1550,1200,350,0.7741935483870968,19,12,7,321.0911469552468,0.8204010770975056,0.24535237554266232,0.1847927310280194,130651.91436975324,-1409.5808570036577,129242.33351274958,3210,0,780.5714285714286,40,9,14,36.20381875414182,0.6197916666666667,44.410569105691046,1022.3577235772341,25.55894308943085,0
3308,4,0,0,47,0.0,0.0,1.0,47,2000,1600,400,0.8,24,16,8,351.73230551886945,0.806159420289855,0.23939313225156944,0.19265206092188195,128711.08596280315,-342.13978534603143,128368.94617745711,3211,1,814.5957446808511,40,7,13,37.393173092972795,0.6002604166666667,46.3160569105691,1014.7357723577229,25.368394308943074,7
3309,4,2,2,47,0.04081632653061224,0.04081632653061224,0.9591836734693877,49,950,500,450,0.5263157894736842,14,5,9,338.02112066337935,0.8224914965986395,0.24541885687670462,0.18733385288184715,129177.32119669716,-1067.067424959821,128110.25377173733,3212,0,782.3061224489796,43,6,16,37.266437664958865,0.6005329457364341,45.85700757575758,1016.5719696969702,23.64120859760396,0
3310,4,2,2,47,0.04081632653061224,0.04081632653061224,0.9591836734693877,49,550,300,250,0.5454545454545454,8,3,5,341.0303508226285,0.8187003968253969,0.2500245667368477,0.18924373248321055,129227.86593967007,-985.8661409908805,128241.99979867919,3213,0,783.2244897959183,39,10,16,37.1385488167196,0.6071047008547009,45.807291666666664,1016.7708333333327,26.07104700854699,0
3311,4,1,0,48,0.020833333333333332,0.0,1.0,48,850,500,350,0.5882352941176471,12,5,7,353.0636925557651,0.8135896867612293,0.26810109289617556,0.1957898658718329,129201.38888888851,-476.7361111111508,128724.65277777736,3214,0,800.5208333333334,38,10,17,36.85963114754097,0.6085526315789476,45.833333333333314,1016.6666666666637,26.754385964912203,0
3312,4,1,1,48,0.02040816326530612,0.02040816326530612,0.9795918367346939,49,1300,900,400,0.6923076923076923,17,9,8,344.5647569111819,0.8227040816326531,0.26070295016747425,0.19197740905599026,129386.78521050327,-883.5747612847427,128503.21044921852,3215,0,785.1632653061224,39,10,17,36.88707296679294,0.6087072649572651,45.65104166666666,1017.3958333333317,26.087072649572608,0
3313,4,1,1,48,0.02040816326530612,0.02040816326530612,0.9795918367346939,49,1050,800,250,0.7619047619047619,13,8,5,354.0412374296778,0.8218891723356009,0.28833275303536565,0.19879861752143715,129692.6239031824,-616.6925895631194,129075.93131361928,3216,0,786.1428571428571,40,9,15,36.33497123283115,0.6101562500000002,45.35060975609755,1018.5975609756078,25.464939024390198,0
3314,4,1,1,48,0.02040816326530612,0.02040816326530612,0.9795918367346939,49,950,600,350,0.631578947368421,13,6,7,355.0067338290703,0.8268494897959184,0.290051293456957,0.20057197380766062,129933.65698420536,-574.5353639141244,129359.12162029123,3217,0,782.1836734693877,41,8,16,36.0654657649768,0.6110264227642279,45.11408730158728,1019.5436507936479,24.86691831204019,0
3315,4,1,0,49,0.02040816326530612,0.0,1.0,49,1300,1100,200,0.8461538461538461,15,11,4,361.82158034188114,0.8259637188208617,0.30054864921175195,0.20548508855970365,130136.0261263065,-382.7954735135276,129753.23065279298,3218,0,783.0612244897959,41,8,17,35.68617322962242,0.6130589430894311,44.91567460317458,1020.3373015872976,24.886275648470672,0
3316,4,2,2,49,0.0392156862745098,0.0392156862745098,0.9607843137254902,51,1150,800,350,0.6956521739130435,15,8,7,351.59155332799065,0.837843137254902,0.29552001841221975,0.20139885388069995,130470.15587819721,-1025.3745107481338,129444.78136744908,3219,0,753.3137254901961,40,11,17,35.60835903047181,0.6179687500000002,44.588414634146325,1021.6463414634122,25.541158536585307,0
3317,4,0,0,49,0.0,0.0,1.0,49,1300,1000,300,0.7692307692307693,16,10,6,362.1018493824105,0.8259282879818595,0.3044657885419688,0.20618572818240857,130238.42047068664,-368.0854173841033,129870.33505330254,3220,2,785.0612244897959,43,6,17,35.57505721000711,0.6111918604651164,44.81534090909089,1020.7386363636335,23.738107822410083,0
3318,4,1,1,49,0.02,0.02,0.98,50,1300,700,600,0.5384615384615384,19,7,12,354.31456445040226,0.8271938775510204,0.3039824722307145,0.2036841722877445,130608.41064453125,-744.6963643896355,129863.71428014162,3221,0,770.34,39,11,12,35.398727028771354,0.6209935897435898,44.453125,1022.1875,26.209935897435898,0
3319,4,1,1,49,0.02,0.02,0.98,50,1400,900,500,0.6428571428571429,19,9,10,335.0834533965361,0.831547619047619,0.2422644738092974,0.18899425449212678,129867.21543364285,-1263.6940546644914,128603.52137897836,3222,0,771.32,42,8,15,36.640642329752524,0.6088789682539681,45.179263565891475,1019.2829457364344,24.2686415651532,6
3320,4,1,1,49,0.02,0.02,0.98,50,1250,600,650,0.48,19,6,13,334.9252148204988,0.8283503401360544,0.2538242280285039,0.18962280182817368,130015.40927716179,-1290.9122235743039,128724.49705358749,3223,0,772.14,42,8,16,36.49445764053841,0.6103670634920635,45.03391472868217,1019.864341085271,24.28248431155407,0
3321,4,0,1,48,0.0,0.02040816326530612,0.9795918367346939,49,1150,900,250,0.782608695652174,14,9,5,339.9750242217784,0.8228812358276644,0.26427548736727347,0.19207934710979757,129933.65698420577,-965.1603639140784,128968.49662029168,3224,1,788.795918367347,41,8,16,36.44860286724402,0.6110264227642277,45.114087301587304,1019.5436507936511,24.86691831204027,0
3322,4,0,0,48,0.0,0.0,1.0,48,1200,700,500,0.5833333333333334,17,7,10,348.6916657969242,0.8195737293144207,0.26929689057205497,0.1972250380274149,129977.4491456806,-535.5893482715176,129441.85979740908,3225,2,805.9166666666666,40,8,17,36.18198126370343,0.6130208333333333,45.07113821138212,1019.7154471544725,25.492886178861813,0
3323,4,0,1,47,0.0,0.020833333333333332,0.9791666666666666,48,1400,900,500,0.6428571428571429,19,9,10,345.23660344439526,0.8199246453900709,0.2689282631072154,0.19592030876078495,130107.01844346953,-616.458973659855,129490.55946980967,3226,3,806.9166666666666,40,8,18,36.138642627087705,0.6143229166666667,44.94410569105691,1020.2235772357726,25.505589430894315,0
3324,4,2,1,48,0.04081632653061224,0.02040816326530612,0.9795918367346939,49,1050,800,250,0.7619047619047619,13,8,5,341.4840895038714,0.8264597505668935,0.2832086191514884,0.19552520142730645,130453.5176510336,-890.1610085980328,129563.35664243557,3227,0,749.795918367347,38,11,20,35.88335773548073,0.6211622807017544,44.60470085470085,1021.5811965811961,26.88371569950516,0
3325,4,2,0,50,0.04,0.0,1.0,50,1150,800,350,0.6956521739130435,15,8,7,335.05588187784895,0.8343197278911565,0.2745773465198733,0.18378346683555716,128768.51343692618,-1368.1483802541006,127400.36505667208,3228,0,735.76,43,7,17,37.757743982086225,0.5964147286821705,46.2594696969697,1014.9621212121219,23.603770260747023,6
3326,4,2,1,51,0.038461538461538464,0.019230769230769232,0.9807692307692307,52,1100,800,300,0.7272727272727273,14,8,6,326.1891964525669,0.8395393413775766,0.2797919293820943,0.18088673621460505,129201.38888888876,-1969.0014491506076,127232.38743973816,3229,0,708.4230769230769,42,10,20,37.542691256830615,0.6021825396825398,45.83333333333333,1016.6666666666656,24.20634920634918,0
3327,4,1,0,52,0.019230769230769232,0.0,1.0,52,800,400,400,0.5,12,4,8,329.613921966637,0.8376853946706887,0.30569268857214027,0.1839322746277162,129447.79178685162,-1866.4411318430489,127581.35065500857,3230,0,709.2884615384615,42,10,14,37.20541325461816,0.6046626984126984,45.59108527131782,1017.6356589147276,24.22942045035066,0
3328,4,1,3,50,0.018867924528301886,0.05660377358490566,0.9433962264150944,53,1600,1200,400,0.75,20,12,8,322.61540191614927,0.8455188679245282,0.30555336422537227,0.18127756138311935,129719.65449245549,-2230.0883058984864,127489.566186557,3231,0,696.8867924528302,44,9,15,37.10783645397805,0.6046401515151516,45.324074074074076,1018.7037037037043,23.152356902356914,0
3329,4,0,1,49,0.0,0.02,0.98,50,1250,1000,250,0.8,15,10,5,344.3773866399274,0.8308163265306122,0.3157488299531983,0.1919529607271246,129403.18720080607,-1087.2937137818274,128315.89348702425,3232,2,739.48,41,9,21,36.87516250650026,0.6056910569105691,45.634920634920626,1017.4603174603161,24.81610530391015,0
3330,4,1,0,50,0.02,0.0,1.0,50,1350,1000,350,0.7407407407407407,17,10,7,343.3111160253837,0.8331292517006802,0.31195273978974747,0.19190073770966465,129514.47289837307,-1107.2483535640392,128407.22454480904,3233,0,738.78,43,7,16,36.78917806307564,0.6039244186046511,45.52556818181819,1017.8977272727284,23.67204016913322,0
3331,4,0,1,49,0.0,0.02,0.98,50,1400,800,600,0.5714285714285714,20,8,12,343.1975828415658,0.8335374149659863,0.30883846368455226,0.19230868203727763,129610.88266363926,-1103.571671975438,128507.31099166382,3234,1,739.78,43,7,16,36.69412024551286,0.6048934108527132,45.43087121212121,1018.2765151515154,23.680849189570125,0
3332,4,0,0,49,0.0,0.0,1.0,49,1350,1000,350,0.7407407407407407,17,10,7,345.5595820755659,0.8360260770975056,0.30010154570818903,0.19392294539221938,129669.75509472072,-838.274724325477,128831.48037039525,3235,2,747.469387755102,42,7,16,36.574184187993524,0.6068948412698414,45.37306201550387,1018.5077519379834,24.250184569951983,0
3333,4,0,2,47,0.0,0.04081632653061224,0.9591836734693877,49,1650,1200,450,0.7272727272727273,21,12,9,349.12845878324845,0.8364512471655329,0.303197247315089,0.1970827403671564,129900.32717982386,-729.6197952536686,129170.70738457018,3236,3,748.469387755102,43,6,17,36.24912912215514,0.6078003875968992,45.146780303030305,1019.4128787878792,23.707276250880913,0
3334,4,1,1,47,0.020833333333333332,0.020833333333333332,0.9791666666666666,48,1300,900,400,0.6923076923076923,17,9,8,352.7984388518807,0.8315972222222222,0.3061339291373524,0.19886034189946816,129842.52467550003,-438.351999579374,129404.17267592065,3237,0,764.7083333333334,42,6,18,36.214307219369964,0.6086309523809526,45.20348837209301,1019.1860465116259,24.266334440753,0
3335,4,0,0,47,0.0,0.0,1.0,47,900,500,400,0.5555555555555556,13,5,8,362.35393167344427,0.8228492136910268,0.31565601110443575,0.20379928139574327,129756.71315980091,3.57103489543681,129760.28419469635,3238,5,781.9787234042553,41,6,18,36.05809802012334,0.6092479674796749,45.28769841269841,1018.8492063492059,24.84998064266356,0
3336,4,1,0,48,0.020833333333333332,0.0,1.0,48,1050,600,450,0.5714285714285714,15,6,9,357.3847086549551,0.8276447990543735,0.3202172225917834,0.20208271301322353,129966.0019398623,-310.4276523346024,129655.57428752769,3239,0,766.6666666666666,42,6,19,35.971997845988156,0.6098710317460319,45.08236434108527,1019.6705426356582,24.277870062753767,0
3337,4,1,1,48,0.02040816326530612,0.02040816326530612,0.9795918367346939,49,700,400,300,0.5714285714285714,10,4,6,350.5140141524553,0.8302154195011338,0.3191686769344957,0.19946357151716804,130214.25637769743,-671.6156594352675,129542.64071826216,3240,0,752.0,43,6,19,35.8952650460815,0.6109496124031009,44.83901515151515,1020.6439393939394,23.735905567300914,0
3338,4,1,0,49,0.02040816326530612,0.0,1.0,49,1200,900,300,0.75,15,9,6,352.8956147887024,0.8335104875283447,0.33657514671402256,0.2019881125891754,130439.8750964505,-593.6500819431783,129846.22501450732,3241,0,752.9795918367347,41,8,20,35.6057387264899,0.6161077235772358,44.61805555555555,1021.5277777777768,24.915311653116508,0
3339,4,0,0,49,0.0,0.0,1.0,49,900,700,200,0.7777777777777778,11,7,4,356.14138938637007,0.8339710884353742,0.3388547652070537,0.20424589703115886,130515.89269967253,-503.577727387242,130012.3149722853,3242,1,753.9795918367347,41,8,19,35.445792880258935,0.616869918699187,44.5436507936508,1021.8253968253973,24.922570654277983,0
3340,4,0,0,49,0.0,0.0,1.0,49,1450,900,550,0.6206896551724138,20,9,11,357.59581344793907,0.8343253968253969,0.3374696353143227,0.2059689423309309,130683.32732407909,-453.6378522925311,130229.68947178655,3243,2,754.9795918367347,42,7,19,35.238975233762964,0.6170634920634921,44.37984496124031,1022.4806201550388,24.344776670358065,0
3341,4,0,0,49,0.0,0.0,1.0,49,1750,1500,250,0.8571428571428571,20,15,5,359.08086513516434,0.8350694444444444,0.33688260714044027,0.20722244568079043,130757.6460718255,-409.48626509826266,130348.15980672723,3244,3,755.9795918367347,42,7,19,35.125730301594814,0.6178075396825398,44.30717054263565,1022.7713178294564,24.351698043558486,0
3342,4,2,1,50,0.0392156862745098,0.0196078431372549,0.9803921568627451,51,1300,1000,300,0.7692307692307693,16,10,6,356.065055636015,0.8427450980392158,0.34860395771211783,0.20816545011747348,131256.95408950595,-852.7970679012515,130404.1570216047,3245,0,727.2941176470588,44,7,20,34.69775006776903,0.6200284090909092,43.819444444444436,1024.7222222222206,23.289141414141376,0
3343,4,0,0,50,0.0,0.0,1.0,50,1450,1100,350,0.7586206896551724,18,11,7,361.71659063634814,0.8385544217687074,0.35166682074512323,0.21092659627565374,131158.31723664197,-511.57213111226116,130646.74510552971,3246,1,742.84,43,7,21,34.65272641829219,0.6203972868217055,43.915719696969695,1024.337121212121,23.821793516560955,0
3344,4,0,0,50,0.0,0.0,1.0,50,800,600,200,0.75,10,6,4,312.9672770704813,0.8392006802721088,0.2710160155918988,0.18256682336672048,131172.46368784978,-1789.4622425974023,129383.00144525238,3247,2,743.84,47,3,15,35.88687752450358,0.6154698581560283,43.90190972222223,1024.3923611111122,21.79558215130026,4
3345,4,0,0,50,0.0,0.0,1.0,50,1150,700,450,0.6086956521739131,16,7,9,312.30552089104964,0.8391666666666666,0.2710771405849608,0.183032707401554,131351.33707631007,-1795.4658384197867,129555.87123789029,3248,3,744.84,45,5,15,35.723818886041634,0.6196759259259259,43.727355072463766,1025.0905797101445,22.779790660225434,0
3346,4,0,0,50,0.0,0.0,1.0,50,850,600,250,0.7058823529411765,11,6,5,311.4923271411938,0.8390816326530612,0.2742660307366185,0.18311091006711305,131467.42822542536,-1809.7809677588737,129657.6472576665,3249,4,745.84,45,5,15,35.62790731908378,0.6208333333333333,43.61413043478261,1025.54347826087,22.789855072463777,0
3347,4,0,0,50,0.0,0.0,1.0,50,1700,1200,500,0.7058823529411765,22,12,10,311.2624695346029,0.8386054421768707,0.27772055646763993,0.18350690575262152,131578.13305574417,-1808.9330736633005,129769.19998208087,3250,5,746.84,46,4,14,35.52251648953022,0.620697463768116,43.50620567375886,1025.9751773049645,22.303808202281836,0
3348,4,0,1,49,0.0,0.02,0.98,50,1350,1000,350,0.7407407407407407,17,10,7,308.45802434701557,0.8383843537414966,0.274087767795439,0.18217908621638013,131646.35833207582,-1878.5248792817229,129767.83345279409,3251,6,747.84,46,4,14,35.52590848882748,0.6213768115942029,43.43971631205674,1026.241134751773,22.309589885908107,0
3349,4,1,0,50,0.02,0.0,1.0,50,1700,1300,400,0.7647058823529411,21,13,8,311.0626648726841,0.839625850340136,0.2900638701881586,0.18481907872896994,131873.90363286537,-1795.7904217594817,130078.1132111059,3252,0,748.58,46,4,16,35.23055843259107,0.6236413043478262,43.21808510638297,1027.1276595744669,22.328862164662322,0
3350,4,0,1,49,0.0,0.02,0.98,50,1200,800,400,0.6666666666666666,16,8,8,307.82345614953255,0.8390816326530612,0.2811665228645386,0.18333370281464947,131964.9767680196,-1875.616952115097,130089.3598159045,3253,1,749.58,46,4,16,35.222354040839804,0.6245471014492754,43.12943262411347,1027.4822695035452,22.336571076164027,0
3351,4,0,0,49,0.0,0.0,1.0,49,1000,700,300,0.7,13,7,6,312.0184951350334,0.8379039115646258,0.28682268181474635,0.18567228603470853,131932.30561462915,-1566.9361084856303,130365.36950614351,3254,2,765.3877551020408,45,4,16,35.14738729207075,0.6254629629629631,43.16123188405796,1027.3550724637669,22.83011272141704,0
3352,4,0,0,49,0.0,0.0,1.0,49,1400,1200,200,0.8571428571428571,16,12,4,314.99077662128525,0.8360615079365079,0.28473595994619205,0.18813238595254425,132071.92882272616,-1479.7121140516888,130592.21670867447,3255,3,766.3877551020408,45,4,16,34.930898249324386,0.6268518518518519,43.02536231884057,1027.8985507246364,22.842190016103032,0
3353,4,0,1,48,0.0,0.02040816326530612,0.9795918367346939,49,1150,900,250,0.782608695652174,14,9,5,337.66522836463815,0.8360615079365079,0.3053453919066518,0.1920481639568088,130193.2459452453,-1007.6535752730413,129185.59236997226,3256,4,767.3877551020408,45,4,17,36.24439735510784,0.6081018518518517,44.85960144927537,1020.5615942028992,22.679146537842204,3
3354,4,0,0,48,0.0,0.0,1.0,48,1350,1100,250,0.8148148148148148,16,11,5,339.7311262825955,0.8361591312056738,0.2935224661344946,0.19345020331298207,130238.95747599455,-750.7544581618602,129488.2030178327,3257,5,779.4791666666666,44,4,17,36.145379777455254,0.6098484848484849,44.81481481481482,1020.740740740741,23.198653198653204,0
3355,4,0,1,47,0.0,0.020833333333333332,0.9791666666666666,48,1150,800,350,0.6956521739130435,15,8,7,338.44146639052815,0.8362884160756501,0.29257796438624695,0.19332436933819952,130361.5235431316,-776.0466755377247,129585.47686759387,3258,6,780.4791666666666,42,6,17,36.05417971344528,0.6138392857142857,44.69476744186047,1021.2209302325596,24.31478405315618,0
3356,4,0,0,47,0.0,0.0,1.0,47,1350,900,450,0.6666666666666666,18,9,9,343.9130480900576,0.8283610854147394,0.3006502445134327,0.19646176010205618,130363.87963750312,-433.23215860418406,129930.64747889894,3259,14,797.9574468085107,41,6,17,35.91210090020076,0.6153455284552847,44.692460317460316,1021.2301587301585,24.908052651955085,0
3357,4,0,0,47,0.0,0.0,1.0,47,1400,900,500,0.6428571428571429,19,9,10,341.1468096782782,0.8276672833795867,0.2978723404255321,0.19513597513597522,130414.54081632658,-501.8990929705145,129912.64172335606,3260,15,798.9574468085107,41,6,17,35.93142968142969,0.6158536585365852,44.642857142857146,1021.4285714285718,24.912891986062725,0
3358,4,1,0,48,0.020833333333333332,0.0,1.0,48,750,200,550,0.26666666666666666,13,2,11,335.796890184122,0.829510195035461,0.3009759332954334,0.1936612228963509,130732.87080854508,-820.0617075296038,129912.80910101547,3261,0,783.2916666666666,42,6,14,35.746123112879786,0.617559523809524,44.331395348837205,1022.6744186046504,24.349390919158346,0
3359,4,0,0,48,0.0,0.0,1.0,48,1100,900,200,0.8181818181818182,13,9,4,336.859683590319,0.8293624408983451,0.3019801407277112,0.19446400013142873,130770.59771184847,-789.7315663739771,129980.8661454745,3262,1,784.2916666666666,43,5,14,35.6808204487239,0.6165213178294575,44.29450757575757,1022.8219696969686,23.786557434813222,0
3360,4,0,0,48,0.0,0.0,1.0,48,1100,600,500,0.5454545454545454,16,6,10,321.98994565886653,0.8301196808510638,0.22363679630133237,0.18413017576790877,130404.40779321006,-1174.5961728235493,129229.8116203865,3263,2,785.2916666666666,44,4,16,36.4308539570302,0.6115056818181819,44.652777777777786,1021.3888888888903,23.21338383838387,4
3361,4,0,1,47,0.0,0.020833333333333332,0.9791666666666666,48,1450,1000,450,0.6896551724137931,19,10,9,327.5050404653479,0.8297687647754137,0.13892127470575177,0.18332953970002183,129571.08126201852,-967.9789897275139,128603.102272291,3264,3,786.2916666666666,42,6,12,37.13397417594618,0.6059027777777777,45.46996124031008,1018.1201550387598,24.240956072351423,6
3362,4,1,0,48,0.020833333333333332,0.0,1.0,48,1350,1000,350,0.7407407407407407,17,10,7,334.2972259763983,0.8285497931442081,0.1611882859443723,0.18836160973602106,129827.93578541107,-919.7762425390093,128908.15954287206,3265,0,787.2083333333334,43,5,14,36.70050486278883,0.6070736434108526,45.21780303030304,1019.128787878789,23.700669485553234,0
3363,4,0,0,48,0.0,0.0,1.0,48,850,500,350,0.5882352941176471,12,5,7,337.1466131101095,0.8277002068557919,0.16114632673911045,0.1905542038507377,129948.59931882768,-837.6539722509006,129110.94534657677,3266,1,788.2083333333334,43,5,14,36.50554549394757,0.6082848837209303,45.09943181818183,1019.6022727272742,23.7116807610994,0
3364,4,2,2,48,0.04,0.04,0.96,50,1300,1100,200,0.8461538461538461,15,11,4,324.30449770624017,0.8372108843537415,0.16848664688427317,0.18523833174068308,130359.27456382013,-1544.0224331381878,128815.25213068194,3267,0,757.64,43,7,15,36.41737759643916,0.6124031007751938,44.6969696969697,1021.212121212122,23.749119097956328,0
3365,4,2,3,47,0.04,0.06,0.94,50,1000,600,400,0.6,14,6,8,322.1346436014014,0.8392517006802721,0.173686118158753,0.1847753600200139,130522.6508916324,-1590.8264746227687,128931.82441700963,3268,0,756.82,44,6,14,36.30768998429384,0.6126893939393939,44.53703703703704,1021.8518518518521,23.22390572390573,0
3366,4,1,0,48,0.020833333333333332,0.0,1.0,48,900,600,300,0.6666666666666666,12,6,6,332.4208968610537,0.8339797576832151,0.18015682831925606,0.1896436919450417,130312.0504796135,-936.3102615528037,129375.7402180607,3269,0,788.8541666666666,42,6,16,36.25794818259466,0.613343253968254,44.74321705426356,1021.0271317829449,24.31016980435583,0
3367,4,1,1,48,0.02040816326530612,0.02040816326530612,0.9795918367346939,49,1100,900,200,0.8181818181818182,13,9,4,326.1053799506856,0.8386125283446713,0.1813025376910078,0.18743245320488267,130601.15089101224,-1282.05241333794,129319.0984776743,3270,0,773.734693877551,43,6,15,36.12693780495338,0.6148255813953489,44.460227272727266,1022.1590909090895,23.771141649048595,0
3368,4,0,0,48,0.0,0.0,1.0,48,500,300,200,0.6,7,3,4,333.3388640568401,0.8336473108747045,0.18139521100047462,0.19113965859050416,130509.99907044321,-899.1890323598585,129610.81003808335,3271,2,790.8541666666666,42,6,15,36.03425794215268,0.6153273809523812,44.54941860465115,1021.8023255813932,24.328626799556982,0
3369,4,1,2,47,0.02040816326530612,0.04081632653061224,0.9591836734693877,49,1800,1300,500,0.7222222222222222,23,13,10,330.22168108253555,0.8370535714285714,0.18606364867954395,0.1906319816874646,130770.5977118485,-1163.3426774850896,129607.2550343634,3272,0,775.6938775510204,43,6,15,35.850557818720475,0.6165213178294575,44.29450757575757,1022.8219696969688,23.78655743481323,0
3370,4,0,1,46,0.0,0.02127659574468085,0.9787234042553191,47,1500,1000,500,0.6666666666666666,20,10,10,339.5139975492509,0.8260484119642306,0.18574674653997136,0.19471014336065035,130515.89269967226,-537.605505165051,129978.28719450721,3273,4,809.5957446808511,41,6,15,35.8705501618123,0.6168699186991871,44.543650793650784,1021.8253968253952,24.92257065427793,0
3371,4,0,0,46,0.0,0.0,1.0,46,1550,1300,250,0.8387096774193549,18,13,5,344.3082310763572,0.824134460547504,0.1918898815959036,0.19735889140488566,130496.11363110582,-213.82279066693343,130282.29084043889,3274,5,827.3260869565217,40,6,15,35.768102247861556,0.6182291666666667,44.5630081300813,1021.7479674796748,25.54369918699187,0
3372,4,1,0,47,0.02127659574468085,0.0,1.0,47,1200,800,400,0.6666666666666666,16,8,8,339.0074123009525,0.823427382053654,0.2018760363987364,0.19647193625261952,130921.69390904512,-523.3150667674415,130398.37884227769,3275,0,810.7021276595744,41,6,16,35.473213131704796,0.6209349593495934,44.1468253968254,1023.4126984126985,24.961285327138988,0
3373,4,0,0,47,0.0,0.0,1.0,47,1150,800,350,0.6956521739130435,15,8,7,342.8583000870816,0.8235430157261794,0.201853402234476,0.1989658009166765,130972.46334876539,-419.00077160493987,130553.46257716045,3276,1,811.7021276595744,41,6,16,35.32338308457712,0.6214430894308943,44.09722222222222,1023.6111111111109,24.966124661246607,0
3374,4,1,1,47,0.020833333333333332,0.020833333333333332,0.9791666666666666,48,850,400,450,0.47058823529411764,13,4,9,344.27293624898147,0.8263704196217494,0.2301655393083324,0.19720659989236541,130470.15587819758,-615.5667624172759,129854.5891157803,3277,0,795.7708333333334,40,8,18,35.79528498955537,0.61796875,44.588414634146346,1021.6463414634153,25.54115853658538,1
3375,4,0,0,47,0.0,0.0,1.0,47,1400,1100,300,0.7857142857142857,17,11,6,353.149373650445,0.8221554116558741,0.23958891421902995,0.20245717160357826,130501.95448133716,-182.66330295135023,130319.29117838581,3278,1,812.0425531914893,39,8,15,35.53634842151765,0.6199252136752136,44.557291666666686,1021.7708333333362,26.19925213675221,0
3376,4,0,1,46,0.0,0.02127659574468085,0.9787234042553191,47,1050,800,250,0.7619047619047619,13,8,5,349.9328388399197,0.8214616096207215,0.24284890451764518,0.2013036858367512,130635.03146701407,-257.302517361092,130377.72894965297,3279,2,813.0425531914893,39,8,15,35.48374770735685,0.6212606837606837,44.42708333333334,1022.2916666666681,26.212606837606874,0
3377,4,2,0,48,0.041666666666666664,0.0,1.0,48,1300,800,500,0.6153846153846154,18,8,10,358.08734993246094,0.830895390070922,0.24878825318380482,0.20235204597150133,129941.30179226006,-292.0989515259798,129649.20284073407,3280,0,797.0208333333334,42,6,17,35.9791785465374,0.6096230158730158,45.10658914728682,1019.5736434108526,24.275562938353634,2
3378,4,1,0,49,0.02040816326530612,0.0,1.0,49,1050,900,150,0.8571428571428571,12,9,3,357.93812060065176,0.8319515306122449,0.26911704110454693,0.20451467392837047,130371.67302441775,-465.0181522394213,129906.65487217832,3281,0,781.734693877551,38,11,19,35.546125815113164,0.6203399122807016,44.68482905982908,1021.2606837606863,26.875281151597008,0
3379,4,1,1,49,0.02,0.02,0.98,50,1400,900,500,0.6428571428571429,19,9,10,351.38323504370385,0.8331972789115646,0.263679713888336,0.20304383719574834,130807.80805902627,-807.2658470486557,130000.54221197762,3282,0,767.08,40,10,17,35.27178952248495,0.6213541666666664,44.25813008130084,1022.9674796748012,25.57418699187003,0
3380,4,0,1,48,0.0,0.02040816326530612,0.9795918367346939,49,1200,600,600,0.5,18,6,12,356.4262129789586,0.8326601473922902,0.26302746037290126,0.2053215790259079,130688.28125000058,-483.85416666660717,130204.42708333397,3283,2,783.734693877551,39,10,17,35.263854930725344,0.6217948717948716,44.37500000000003,1022.5000000000047,26.217948717948836,0
3381,4,0,0,48,0.0,0.0,1.0,48,1500,1200,300,0.8,18,12,6,357.09504148388146,0.8330193557919622,0.24749287314192547,0.20655992328944034,130848.09570312557,-254.9587673610522,130593.13693576452,3284,3,776.8333333333334,39,9,18,35.08492839204508,0.6233974358974357,44.21875000000003,1023.1250000000045,26.233974358974475,0
3382,4,1,0,49,0.02040816326530612,0.0,1.0,49,1700,1200,500,0.7058823529411765,22,12,10,352.9844643336065,0.8383290816326531,0.24441581435052728,0.20620042690257306,131226.45817586317,-535.8197908792872,130690.63838498387,3285,0,761.9591836734694,41,8,20,34.807481280661,0.6239837398373982,43.84920634920636,1024.6031746031765,24.99032133178479,0
3383,4,0,0,49,0.0,0.0,1.0,49,1600,1200,400,0.75,20,12,8,351.73316066415885,0.8383999433106576,0.24891804652563598,0.20646935250285908,131412.4312889541,-555.4205680393583,130857.01072091474,3286,1,762.9591836734694,37,12,20,34.65170837343598,0.6326013513513514,43.667763157894726,1025.3289473684197,27.71159317211945,0
3384,4,0,0,49,0.0,0.0,1.0,49,950,700,250,0.7368421052631579,12,7,5,355.0440335792704,0.8372661564625851,0.2463030112622342,0.20887307484908743,131496.7646295011,-462.57165666361794,131034.19297283748,3287,2,763.9591836734694,37,12,20,34.48168341529471,0.633445945945946,43.58552631578946,1025.6578947368398,27.720483641536212,0
3385,4,0,0,49,0.0,0.0,1.0,49,1150,800,350,0.6956521739130435,15,8,7,353.5384076395104,0.8375850340136055,0.24640212112327742,0.20886162015898727,131656.85609796166,-490.8489480605091,131166.00714990115,3288,3,764.9591836734694,38,11,17,34.358734124505524,0.6332236842105264,43.42948717948717,1026.2820512820497,27.007422402159204,0
3386,4,0,0,49,0.0,0.0,1.0,49,1700,1400,300,0.8235294117647058,20,14,6,353.35629152697715,0.8359552154195011,0.2421845142551402,0.20965806630600625,131821.37573964483,-484.01750493098484,131337.35823471384,3289,4,765.9591836734694,38,11,17,34.19748751560548,0.6348684210526316,43.26923076923076,1026.9230769230758,27.02429149797568,0
3387,4,0,1,48,0.0,0.02040816326530612,0.9795918367346939,49,900,500,400,0.5555555555555556,13,5,8,353.0545292981662,0.8355654761904762,0.2383883696437108,0.2101494763106703,131942.77479383664,-483.4011501736299,131459.373643663,3290,5,766.9591836734694,39,10,19,34.08287285815673,0.6343482905982907,43.15104166666666,1027.395833333332,26.34348290598287,0
3388,4,0,0,48,0.0,0.0,1.0,48,1300,900,400,0.6923076923076923,17,9,8,355.70772784394995,0.833591903073286,0.2463151190599986,0.21181679372602233,131958.55391418267,-212.26452352256393,131746.28939066012,3291,6,782.2291666666666,38,10,19,33.998821531316075,0.6362390350877194,43.13568376068375,1027.4572649572629,27.038349077822705,0
3389,4,0,2,46,0.0,0.041666666666666664,0.9583333333333334,48,900,600,300,0.6666666666666666,12,6,6,350.8257567601512,0.8333518026004728,0.25165669089354514,0.2066955781012574,131553.00188519515,-367.3721712583053,131185.62971393685,3292,7,783.2291666666666,37,11,19,34.53309819010973,0.6340090090090091,43.53070175438595,1025.8771929824538,27.7264106211474,1
3390,4,0,0,46,0.0,0.0,1.0,46,1400,1100,300,0.7857142857142857,17,11,6,362.7439097370895,0.8276167471819647,0.25643295928059673,0.21358980438236236,131530.2015486769,342.3559116548778,131872.5574603318,3293,8,794.5217391304348,36,10,19,34.25046657152266,0.6357060185185187,43.55292792792792,1025.788288288287,28.494119119119084,0
3391,4,0,1,45,0.0,0.021739130434782608,0.9782608695652174,46,950,800,150,0.8421052631578947,11,8,3,362.6699624496093,0.826731078904992,0.2578655519128814,0.21386964581737136,131587.96623904296,344.6005549468224,131932.56679398977,3294,9,795.5217391304348,36,10,17,34.194014561153175,0.6362847222222223,43.496621621621614,1026.0135135135124,28.500375375375345,0
3392,4,0,0,45,0.0,0.0,1.0,45,1550,1100,450,0.7096774193548387,20,11,9,365.10770252574747,0.8252946127946128,0.2690327593553401,0.21551563852152322,131624.87809713656,611.4513674554269,132236.32946459198,3295,10,812.7111111111111,35,10,17,34.09419881194074,0.6386904761904761,43.46064814814815,1026.157407407408,29.318783068783087,0
3393,4,0,0,45,0.0,0.0,1.0,45,1250,700,550,0.56,18,7,11,363.8078254609642,0.8249579124579125,0.27051338306274664,0.21535533356507464,131732.4334469605,585.0580310039791,132317.49147796448,3296,11,813.7111111111111,36,9,17,34.018941056018704,0.6377314814814814,43.35585585585586,1026.5765765765768,28.516016016016025,0
3394,4,0,0,45,0.0,0.0,1.0,45,1150,900,250,0.782608695652174,14,9,5,367.5574097808838,0.8247474747474748,0.2752357973239741,0.21790562174135897,131790.2425229284,688.0960352244197,132478.3385581528,3297,12,814.7111111111111,36,9,17,33.86433428383418,0.6383101851851851,43.29954954954955,1026.8018018018024,28.52227227227229,0
3395,4,0,0,45,0.0,0.0,1.0,45,1200,800,400,0.6666666666666666,16,8,8,366.32930324715306,0.824452861952862,0.27166179337231977,0.21750802380299714,131848.0642804967,659.9619044720375,132508.02618496874,3298,13,815.7111111111111,36,9,18,33.837490862573105,0.6388888888888888,43.24324324324324,1027.0270270270269,28.528528528528525,0
3396,4,0,0,45,0.0,0.0,1.0,45,1350,900,450,0.6666666666666666,18,9,9,361.8492224668528,0.8245791245791246,0.26699869560061695,0.21540833637321508,131946.99931709733,548.9838219451843,132495.9831390425,3299,14,816.7111111111111,37,8,18,33.85272145144076,0.6379504504504505,43.14692982456139,1027.4122807017525,27.767899478425743,0
3397,4,1,0,46,0.021739130434782608,0.0,1.0,46,1150,900,250,0.782608695652174,14,9,5,356.513276691326,0.8296900161030596,0.2710674728063325,0.21415261018470194,132288.07259706678,232.490845752042,132520.56344281882,3300,0,799.9347826086956,38,8,19,33.64619032782912,0.63952850877193,42.81517094017093,1028.7393162393146,27.072087269455647,0
3398,4,1,0,47,0.02127659574468085,0.0,1.0,47,800,400,400,0.5,12,4,8,350.5106209939206,0.8351449275362318,0.2782442891286554,0.2123993021371708,132618.00219382343,-103.15068211702896,132514.8515117064,3301,0,783.8936170212766,38,9,20,33.46882239048509,0.6428179824561404,42.49465811965812,1030.021367521367,27.105825461088603,0
3399,4,0,0,47,0.0,0.0,1.0,47,1400,1200,200,0.8571428571428571,16,12,4,347.4039937130266,0.834913660191181,0.27586800042341464,0.21160061435247998,132810.6508875741,-172.20989480603652,132638.44099276807,3302,1,784.8936170212766,38,9,17,33.35535862354892,0.644736842105263,42.307692307692314,1030.7692307692319,27.125506072874522,0
3400,4,0,1,46,0.0,0.02127659574468085,0.9787234042553191,47,1000,600,400,0.6,14,6,8,346.5650166871448,0.834759481961147,0.27353418956955244,0.21186777112609326,132948.34270445266,-184.9510784206094,132763.39162603204,3303,2,785.8936170212766,38,9,18,33.2388031354674,0.6461074561403508,42.17414529914531,1031.3034188034203,27.139563652721588,0
3401,4,0,0,46,0.0,0.0,1.0,46,1250,900,350,0.72,16,9,7,354.780124477094,0.827536231884058,0.2779534475186647,0.2168100760693354,132934.57031250015,232.50868055557217,133167.0789930557,3304,3,803.9130434782609,37,9,19,33.04082491582491,0.647804054054054,42.18750000000001,1031.2500000000011,27.871621621621653,0
3402,4,0,0,46,0.0,0.0,1.0,46,1450,900,550,0.6206896551724138,20,9,11,356.45193655538964,0.8260064412238326,0.27938431973983247,0.2189899234242381,133132.52635426287,291.0693674976928,133423.59572176056,3305,4,804.9130434782609,37,9,19,32.79899773338998,0.6497747747747746,41.99561403508772,1032.0175438596493,27.892366050260794,0
3403,4,0,0,46,0.0,0.0,1.0,46,1550,1300,250,0.8387096774193549,18,13,5,356.7741272206602,0.8247987117552336,0.2769713422995421,0.22002239397753465,133274.0136989264,309.7439837257436,133583.75768265215,3306,5,805.9130434782609,37,9,19,32.64873367314431,0.6511824324324325,41.85855263157894,1032.5657894736828,27.907183499288724,0
3404,4,0,0,46,0.0,0.0,1.0,46,1250,900,350,0.72,16,9,7,363.12052828519745,0.8241545893719807,0.2783397866930035,0.22461973059585316,133387.25767784307,487.13029489842023,133874.38797274148,3307,6,806.9130434782609,37,9,19,32.37127604995931,0.6523085585585586,41.748903508771924,1033.0043859649115,27.919037458511124,0
3405,4,0,0,46,0.0,0.0,1.0,46,1050,800,250,0.7619047619047619,13,8,5,363.9204396586845,0.8237520128824477,0.2792904995278984,0.22529517615233555,133417.02849916002,510.63673387391884,133927.66523303394,3308,7,807.9130434782609,38,8,19,32.32075146501206,0.6507675438596492,41.72008547008547,1033.1196581196589,27.18735942420155,0
3406,4,1,1,46,0.02127659574468085,0.02127659574468085,0.9787234042553191,47,1550,1000,550,0.6451612903225806,21,10,11,354.62058897951533,0.8267422139993832,0.2682542367148124,0.22172599450110847,133783.99032635035,88.53431766049388,133872.52464401085,3309,0,791.7021276595744,37,10,16,32.19340664193606,0.65625,41.36513157894736,1034.53947368421,27.96052631578946,0
3407,4,0,1,45,0.0,0.021739130434782608,0.9782608695652174,46,1350,800,550,0.5925925925925926,19,8,11,362.4303723943474,0.821658615136876,0.2715592334494772,0.2261250366895168,133705.0564077591,491.7546769742723,134196.81108473337,3310,9,809.9130434782609,36,10,16,32.07049397502904,0.6574074074074074,41.44144144144144,1034.2342342342342,28.72872872872873,0
3408,4,0,0,45,0.0,0.0,1.0,45,1550,1300,250,0.8387096774193549,18,13,5,371.9837235080218,0.8167087542087542,0.27357007858350735,0.23212615595444672,133711.52692043872,947.7023319615591,134659.22925240028,3311,10,828.3555555555556,35,10,17,31.816994926887485,0.6595238095238096,41.43518518518517,1034.2592592592573,29.550264550264494,0
3409,4,0,0,45,0.0,0.0,1.0,45,1050,700,350,0.6666666666666666,14,7,7,371.9837235080218,0.8163720538720539,0.27357007858350735,0.23212615595444672,133711.52692043872,947.7023319615591,134659.22925240028,3312,11,829.3555555555556,35,10,17,31.816994926887485,0.6595238095238096,41.43518518518517,1034.2592592592573,29.550264550264494,0
3410,4,0,0,45,0.0,0.0,1.0,45,1000,600,400,0.6,14,6,8,369.154542588172,0.8146464646464647,0.2710216256524982,0.23110935649427547,133831.25964506157,880.8834876543036,134712.14313271586,3313,12,830.3555555555556,35,10,17,31.770134228187914,0.6607142857142858,41.319444444444436,1034.722222222221,29.56349206349203,0
3411,4,0,0,45,0.0,0.0,1.0,45,1450,1100,350,0.7586206896551724,18,11,7,370.4563736885523,0.8143518518518519,0.26851851851851904,0.2325980182339596,133938.09349890417,923.6440832724506,134861.73758217663,3314,13,831.3555555555556,36,9,18,31.62940600522193,0.6597222222222223,41.21621621621621,1035.135135135134,28.753753753753724,0
3412,4,0,0,45,0.0,0.0,1.0,45,1050,800,250,0.7619047619047619,13,8,5,369.22458674374957,0.8140993265993266,0.2692040017398871,0.23256091093804931,134054.68813408,899.2573654735792,134953.94549955358,3315,14,832.3555555555556,36,9,19,31.544512106713068,0.6608796296296295,41.1036036036036,1035.5855855855852,28.766266266266257,0
3413,4,0,0,45,0.0,0.0,1.0,45,1050,800,250,0.7619047619047619,13,8,5,367.851134215501,0.8131734006734007,0.26988888888888907,0.2324334089823219,134171.33349565775,871.0154411167839,135042.34893677454,3316,15,833.3555555555556,36,9,19,31.46331521739129,0.6620370370370371,40.99099099099099,1036.0360360360355,28.778778778778765,0
3414,4,0,1,44,0.0,0.022222222222222223,0.9777777777777777,45,1000,700,300,0.7,13,7,6,365.6899736165199,0.8120791245791246,0.26932251678014385,0.23180513203625672,134288.0295836376,821.5571990909697,135109.58678272858,3317,16,834.3555555555556,36,9,19,31.4025604809503,0.6631944444444444,40.87837837837837,1036.4864864864858,28.791291291291273,0
3415,4,0,0,44,0.0,0.0,1.0,44,1000,400,600,0.4,16,4,12,367.0458000438345,0.8126761804087386,0.26280152453172967,0.233222269220399,134375.5849388239,1064.3988160457611,135439.98375486964,3318,17,842.8636363636364,36,8,19,31.279868578255652,0.6640625,40.79391891891891,1036.8243243243237,28.80067567567566,0
3416,4,0,0,44,0.0,0.0,1.0,44,1200,800,400,0.6666666666666666,16,8,8,368.1190886256784,0.8113768498942918,0.26224592542868175,0.23427841652756543,134433.97102761548,1097.5421790033333,135531.5132066188,3319,18,843.8636363636364,36,8,20,31.19366923661637,0.6646412037037037,40.737612612612615,1037.0495495495497,28.80693193193194,0
3417,4,0,0,44,0.0,0.0,1.0,44,1500,1100,400,0.7333333333333333,19,11,8,359.49901431428617,0.8116411205073996,0.244906984139603,0.21808335430683645,132658.9004545087,757.4375050726594,133416.33795958135,3320,19,844.8636363636364,36,8,17,33.196235971432735,0.6469907407407407,42.454954954954964,1030.1801801801814,28.61611611611615,4
3418,4,0,0,44,0.0,0.0,1.0,44,750,600,150,0.8,9,6,3,359.49901431428617,0.8109143763213531,0.244906984139603,0.21808335430683645,132658.9004545087,738.1487906825932,133397.04924519127,3321,20,845.8636363636364,36,8,17,33.196235971432735,0.6469907407407407,42.454954954954964,1030.1801801801814,28.61611611611615,0
3419,4,0,0,44,0.0,0.0,1.0,44,1050,500,550,0.47619047619047616,16,5,11,363.05563879189526,0.8098352713178295,0.24094485451167746,0.22075230236442756,132745.92318247305,838.8311876065293,133584.75437007958,3322,21,846.8636363636364,36,8,17,33.01711106254324,0.6478587962962963,42.3704954954955,1030.5180180180184,28.62550050050051,0
3420,4,0,0,44,0.0,0.0,1.0,44,1500,1100,400,0.7333333333333333,19,11,8,352.9701811719908,0.8090865045806906,0.20620859907318811,0.20659200414782808,131300.7492900319,469.0498529841233,131769.79914301602,3323,22,847.8636363636364,38,6,18,34.7327912714132,0.6296600877192984,43.77670940170939,1024.8931623931605,26.970872694556856,4
3421,4,2,2,44,0.043478260869565216,0.043478260869565216,0.9565217391304348,46,1450,1100,350,0.7586206896551724,18,11,7,338.1343416289924,0.821719001610306,0.20236759222387146,0.20004893807705398,131711.6845642485,-292.74554386735645,131418.93902038116,3324,0,811.9565217391304,38,8,14,34.69873195947821,0.6337719298245614,43.37606837606837,1026.4957264957252,27.013045434098032,0
3422,4,0,0,44,0.0,0.0,1.0,44,900,500,400,0.5555555555555556,13,5,8,352.71502019145476,0.8087561663143059,0.20294810614380143,0.207214385410541,131443.5782911289,472.4248741985176,131916.00316532742,3325,24,849.8636363636364,36,8,18,34.59509297898822,0.634837962962963,43.637387387387385,1025.45045045045,28.484734734734722,0
3423,4,0,0,44,0.0,0.0,1.0,44,1100,600,500,0.5454545454545454,16,6,10,353.1743923126847,0.8067741367159972,0.20507440194013937,0.20795510921630533,131530.20154867697,490.619800543781,132020.82134922076,3326,25,850.8636363636364,36,8,20,34.49587404398581,0.6357060185185186,43.552927927927925,1025.7882882882877,28.494119119119105,0
3424,4,1,0,45,0.022222222222222223,0.0,1.0,45,1150,900,250,0.782608695652174,14,9,5,346.47334488107344,0.8117845117845118,0.2090601757944559,0.20579681810405925,131862.52170138882,137.36979166666106,131999.89149305547,3327,0,832.9333333333333,37,8,15,34.33274171737661,0.6371058558558559,43.229166666666664,1027.0833333333328,27.759009009008995,0
3425,4,0,0,45,0.0,0.0,1.0,45,1050,700,350,0.6666666666666666,14,7,7,348.6915825046218,0.8118265993265994,0.21371279497213358,0.20757561169430125,131946.9993170974,201.76159972297685,132148.76091682038,3328,1,833.9333333333333,37,8,15,34.190679473496985,0.6379504504504505,43.1469298245614,1027.4122807017532,27.76789947842576,0
3426,4,0,0,45,0.0,0.0,1.0,45,900,600,300,0.6666666666666666,12,6,6,350.16954262380347,0.8111111111111111,0.21367758455137098,0.2089203770218275,132031.50398439908,246.6822724299858,132278.18625682907,3329,2,834.9333333333333,37,8,16,34.06760108823216,0.638795045045045,43.064692982456144,1027.7412280701758,27.776789947842587,0
3427,4,2,0,47,0.0425531914893617,0.0,1.0,47,1350,800,550,0.5925925925925926,19,8,11,346.1559847335924,0.8240440949737896,0.2427471336489646,0.19937643963191798,130682.67549871127,-337.04613438749095,130345.62936432377,3330,0,800.3617021276596,37,10,15,35.53205987488829,0.6252815315315314,44.380482456140356,1022.4780701754396,27.634542437174044,5
3428,4,1,0,48,0.020833333333333332,0.0,1.0,48,1650,1300,350,0.7878787878787878,20,13,7,338.3037606084609,0.8299719267139479,0.2392670179832337,0.19660187616197014,131027.14913662462,-734.604541054828,130292.5445955698,3331,0,784.6666666666666,38,10,18,35.38470903335768,0.6269188596491226,44.043803418803435,1023.8247863247889,26.942757534862864,0
3429,4,2,2,48,0.04,0.04,0.96,50,1200,800,400,0.6666666666666666,16,8,8,324.1500347073755,0.8394387755102041,0.23370378285958515,0.191260783404264,131609.25116381995,-1466.7354881003848,130142.51567571957,3332,0,754.24,37,13,13,35.160646861865075,0.6345720720720719,43.47587719298247,1026.0964912280726,27.73233760075872,0
3430,4,0,0,48,0.0,0.0,1.0,48,1000,700,300,0.7,13,7,6,339.7419989969399,0.8287160165484634,0.24019582290797903,0.1987076374621129,131273.37643363304,-680.184135071933,130593.1922985611,3333,2,786.6666666666666,38,10,19,35.09934494022798,0.6293859649122806,43.803418803418815,1024.7863247863263,26.968061178587533,0
3431,4,0,0,48,0.0,0.0,1.0,48,1350,1100,250,0.8148148148148148,16,11,5,339.91306962073674,0.8291962174940898,0.24098006019563556,0.19971019872942497,131446.78605109744,-663.8696494955385,130782.9164016019,3334,3,787.6666666666666,35,13,19,34.92005267118134,0.6369047619047619,43.63425925925926,1025.4629629629633,29.298941798941808,0
3432,4,0,2,46,0.0,0.041666666666666664,0.9583333333333334,48,1400,1100,300,0.7857142857142857,17,11,6,332.7486473299158,0.830359781323877,0.1453384433600342,0.19955731963833337,132227.50521012687,-796.8659450229685,131430.6392651039,3335,4,788.6666666666666,43,5,18,34.318221925544,0.6310562015503877,42.87405303030303,1028.503787878788,23.918692741367163,7
3433,4,1,1,46,0.02127659574468085,0.02127659574468085,0.9787234042553191,47,650,400,250,0.6153846153846154,9,4,5,351.174184252862,0.823350292938637,0.19970126464633076,0.2088150761651985,131903.67408366175,-115.09460432308447,131788.57947933866,3336,0,806.2340425531914,38,9,18,34.1705668226729,0.6356907894736844,43.18910256410255,1027.2435897435873,27.032726045883877,3
3434,4,0,0,46,0.0,0.0,1.0,46,1600,1100,500,0.6875,21,11,10,355.66107284745544,0.8164049919484703,0.20022526190088485,0.2110255698894899,131821.37573964463,176.74638395788855,131998.12212360252,3337,7,824.7608695652174,38,8,18,34.13831668747398,0.6348684210526319,43.26923076923075,1026.9230769230744,27.024291497975643,0
3435,4,0,0,46,0.0,0.0,1.0,46,1150,800,350,0.6956521739130435,15,8,7,352.90000782745966,0.8161030595813205,0.1976621178461868,0.21020565683635592,131969.5312499996,114.40972222217894,132083.94097222178,3338,8,825.7608695652174,39,7,18,34.05988104893212,0.6346153846153848,43.12499999999998,1027.4999999999968,26.346153846153765,0
3436,4,0,0,46,0.0,0.0,1.0,46,1350,1000,350,0.7407407407407407,17,10,7,354.10256177270185,0.8158212560386474,0.19938583390666764,0.21188908488523497,132142.87682665608,158.42624086666484,132301.30306752273,3339,9,826.7608695652174,41,5,18,33.854367683005265,0.6331300813008132,42.95634920634918,1028.174603174599,25.077429345721928,0
3437,4,0,0,46,0.0,0.0,1.0,46,1400,900,500,0.6428571428571429,19,9,10,355.3911030476408,0.8162842190016103,0.197900414020173,0.21353635206886212,132298.29679894497,203.52752614021568,132501.82432508518,3340,10,827.7608695652174,42,4,18,33.664759348215114,0.633184523809524,42.805232558139515,1028.7790697674386,24.494739756367586,0
3438,4,0,0,46,0.0,0.0,1.0,46,1300,1000,300,0.7692307692307693,16,10,6,354.86567555606564,0.8148752012882448,0.2023411371237458,0.21378493137158072,132398.00347222204,196.88917808422644,132594.89265030628,3341,11,828.7608695652174,37,9,19,33.57793522267206,0.642454954954955,42.70833333333332,1029.1666666666652,27.815315315315274,0
3439,4,0,0,46,0.0,0.0,1.0,46,1100,900,200,0.8181818181818182,13,9,4,352.3704610317441,0.813365539452496,0.19551232891543435,0.21305812443061123,132535.48127145856,140.31772773756856,132675.79899919612,3342,12,829.7608695652174,38,8,19,33.50388220239331,0.6419956140350879,42.57478632478631,1029.7008547008525,27.097390913180327,0
3440,4,0,0,46,0.0,0.0,1.0,46,900,600,300,0.6666666666666666,12,6,6,352.2559462091938,0.8125201288244767,0.1943154636274096,0.21342566152674639,132612.49999999974,142.70833333330467,132755.20833333305,3343,13,830.7608695652174,39,7,19,33.42940938511326,0.6410256410256412,42.499999999999986,1029.999999999998,26.41025641025636,0
3441,4,0,0,46,0.0,0.0,1.0,46,550,200,350,0.36363636363636365,9,2,7,351.46814768899316,0.8118961352657005,0.19405652042040855,0.2134052454752504,132692.98095703113,127.47124565970753,132820.45220269085,3344,14,831.7608695652174,39,7,18,33.3688243521046,0.6418269230769231,42.42187499999999,1030.312499999999,26.41826923076921,0
3442,4,0,0,46,0.0,0.0,1.0,46,1650,1400,250,0.8484848484848485,19,14,5,347.9514471111266,0.8108695652173913,0.18863153202578475,0.21211655525812892,132842.8845264061,44.57478187584678,132887.45930828195,3345,15,832.7608695652174,40,6,18,33.308893598843305,0.6416666666666668,42.27642276422763,1030.8943089430882,25.772357723577205,0
3443,4,0,1,45,0.0,0.021739130434782608,0.9782608695652174,46,1500,1200,300,0.8,18,12,6,345.75680837713276,0.8091988727858294,0.1884436315976581,0.2118151696944039,133026.28772762563,-1.0510650076101626,133025.23666261803,3346,16,833.7608695652174,40,6,18,33.18145995468427,0.6434895833333334,42.09857723577235,1031.6056910569098,25.790142276422745,0
3444,4,0,0,45,0.0,0.0,1.0,45,1150,900,250,0.782608695652174,14,9,5,348.8785172550597,0.8047138047138047,0.20065300077417625,0.21366381919461072,133015.14892578125,281.22558593749926,133296.37451171875,3347,17,852.2888888888889,39,6,18,33.11212511360194,0.6450320512820513,42.109375,1031.5625,26.450320512820515,0
3445,4,0,0,45,0.0,0.0,1.0,45,1150,700,450,0.6086956521739131,16,7,9,347.85919467928676,0.8040824915824917,0.19111514866031865,0.21365412533711686,133122.62505425356,261.5858289930606,133384.21088324662,3348,18,853.2888888888889,39,6,19,33.03062228727162,0.6461004273504274,42.005208333333336,1031.9791666666672,26.461004273504287,0
3446,4,0,0,45,0.0,0.0,1.0,45,850,600,250,0.7058823529411765,11,6,5,351.59443107830856,0.8040404040404041,0.18786309263556822,0.21657255478042964,133230.14458550335,368.59537760416214,133598.7399631075,3349,19,854.2888888888889,39,6,19,32.826426024955445,0.6471688034188035,41.901041666666664,1032.3958333333326,26.471688034188016,0
3447,4,0,0,45,0.0,0.0,1.0,45,1200,900,300,0.75,15,9,6,354.60270467164173,0.8040824915824917,0.19554479852987328,0.21921698376084803,133364.6050347224,458.2899305555754,133822.89496527796,3350,20,855.2888888888889,39,6,19,32.61395724082292,0.6485042735042734,41.77083333333334,1032.916666666668,26.48504273504277,0
3448,4,0,0,45,0.0,0.0,1.0,45,1150,1000,150,0.8695652173913043,13,10,3,353.40138975077923,0.8042508417508418,0.19697241173362778,0.2194354970763184,133527.42735955887,437.7990825206526,133965.22644207953,3351,21,856.2888888888889,38,7,19,32.48182413341604,0.6518640350877192,41.61324786324787,1033.5470085470095,27.198605488079195,0
3449,4,0,1,44,0.0,0.022222222222222223,0.9777777777777777,45,1400,1000,400,0.7142857142857143,18,10,8,349.9815776350963,0.8028198653198654,0.194941040037661,0.2177988248729793,133610.2564673279,352.2256693330585,133962.48213666098,3352,22,857.2888888888889,38,7,19,32.487255003272374,0.6526864035087718,41.533119658119666,1033.8675213675224,27.207040035987433,0
3450,4,0,0,44,0.0,0.0,1.0,44,1050,800,250,0.7619047619047619,13,8,5,360.86642141796307,0.7985597251585624,0.20572183438114755,0.2244227322644165,133585.55036164963,841.3079024315066,134426.85826408112,3353,23,877.2045454545455,37,7,19,32.23067812190638,0.6542792792792793,41.557017543859644,1033.7719298245604,27.939781887150282,0
3451,4,0,0,44,0.0,0.0,1.0,44,1300,900,400,0.6923076923076923,17,9,8,363.56211795191666,0.7974806201550388,0.20451653944020354,0.22679351167476702,133698.92659279777,921.5729839950727,134620.49957679285,3354,24,878.2045454545455,37,7,20,32.04737418716426,0.6554054054054055,41.44736842105263,1034.2105263157891,27.951635846372678,0
3452,4,0,0,44,0.0,0.0,1.0,44,850,600,250,0.7058823529411765,11,6,5,363.56211795191666,0.7973264622973926,0.20451653944020354,0.22679351167476702,133698.92659279777,921.5729839950727,134620.49957679285,3355,25,879.2045454545455,37,7,20,32.04737418716426,0.6554054054054055,41.44736842105263,1034.2105263157891,27.951635846372678,0
3453,4,0,0,44,0.0,0.0,1.0,44,1100,800,300,0.7272727272727273,14,8,6,361.4334993368005,0.796313424947146,0.2045743604567134,0.22598575654358594,133783.99032635035,870.8031557786903,134654.79348212905,3356,26,880.2045454545455,37,7,15,32.01720102455396,0.65625,41.36513157894736,1034.53947368421,27.96052631578946,0
3454,4,0,0,44,0.0,0.0,1.0,44,950,800,150,0.8421052631578947,11,8,3,359.75589961971417,0.7969741014799154,0.20516198329592417,0.22528310714739494,133840.7145107148,829.997330909503,134670.71184162432,3357,27,881.2045454545455,37,7,16,32.00379269541873,0.6568130630630631,41.310307017543856,1034.7587719298242,27.966453295400655,0
3455,4,1,1,44,0.022222222222222223,0.022222222222222223,0.9777777777777777,45,1050,700,350,0.6666666666666666,14,7,7,352.43310155627057,0.8001262626262626,0.20145336175870532,0.22213826310055174,134080.10651800717,450.8535594272794,134530.96007743446,3358,0,862.6,38,7,17,31.953828828828826,0.6573464912280702,41.07905982905983,1035.6837606837607,27.254835807467387,0
3456,4,1,2,43,0.022222222222222223,0.044444444444444446,0.9555555555555556,45,950,500,450,0.5263157894736842,14,5,9,352.7226621791354,0.8008838383838385,0.19799479793292263,0.2228242120619594,134163.10683988975,464.47364215793993,134627.5804820477,3359,0,863.5777777777778,38,7,18,31.863376989446905,0.6581688596491228,40.998931623931625,1036.004273504274,27.263270355375628,0
3457,4,0,0,43,0.0,0.0,1.0,43,1050,500,550,0.47619047619047616,16,5,11,364.0442797055512,0.794250645994832,0.2165451106143217,0.22929802713508562,134054.6881340801,1160.3684765847054,135215.0566106648,3360,30,901.7441860465116,36,7,19,31.678628389154724,0.6608796296296295,41.10360360360361,1035.5855855855862,28.766266266266282,0
3458,4,0,0,43,0.0,0.0,1.0,43,1150,1000,150,0.8695652173913043,13,10,3,362.51394169108846,0.7931432262827611,0.21847221093936575,0.22876881811327393,134124.51577648887,1124.401378308709,135248.9171547976,3361,31,902.7441860465116,37,6,20,31.64838484880563,0.6596283783783784,41.036184210526315,1035.8552631578943,27.996088193456604,0
3459,4,0,0,43,0.0,0.0,1.0,43,950,700,250,0.7368421052631579,12,7,5,361.61630413482266,0.7918973791066815,0.21878676018210896,0.2287332044226288,134209.7147680056,1106.4842066789824,135316.19897468458,3362,32,903.7441860465116,37,6,20,31.586419753086425,0.6604729729729729,40.953947368421055,1036.184210526316,28.004978662873405,0
3460,4,1,0,44,0.022727272727272728,0.0,1.0,44,750,600,150,0.8,9,6,3,355.06378336422296,0.7960491543340381,0.2242527250252837,0.22617842578083183,134467.66107823802,748.9192965154493,135216.58037475345,3363,0,884.1818181818181,38,6,21,31.49850638648537,0.6611842105263158,40.705128205128204,1037.179487179487,27.294197031039133,0
3461,4,0,0,44,0.0,0.0,1.0,44,900,500,400,0.5555555555555556,13,5,8,356.2863280839441,0.794793868921776,0.2220366990578606,0.22784028544715768,134609.20538359293,791.935266717611,135401.14065031052,3364,1,885.1818181818181,36,8,22,31.32551094230421,0.6663773148148149,40.56869369369369,1037.7252252252244,28.82570070070068,0
3462,4,0,0,44,0.0,0.0,1.0,44,1000,800,200,0.8,12,8,4,354.55682929674293,0.7944855532064835,0.21792347732554807,0.2270794956781437,134664.56626077235,749.248326408105,135413.81458718044,3365,2,886.1818181818181,37,7,22,31.315145432776944,0.6649774774774776,40.51535087719297,1037.9385964912267,28.052394499762883,0
3463,4,0,0,44,0.0,0.0,1.0,44,700,500,200,0.7142857142857143,9,5,4,355.25262958554396,0.7931421775898521,0.21940891807812002,0.22788156483170227,134721.4768005537,772.031779008895,135493.5085795626,3366,3,887.1818181818181,37,7,22,31.240318265033103,0.6655405405405406,40.46052631578946,1038.1578947368398,28.058321479374047,0
3464,4,0,0,44,0.0,0.0,1.0,44,1000,500,500,0.5,15,5,10,356.34075139103714,0.791622621564482,0.22138635896093262,0.22942680695520912,134855.77493790604,810.9216341587805,135666.69657206483,3367,4,888.1818181818181,38,6,18,31.078138928889793,0.6650219298245617,40.331196581196565,1038.6752136752111,27.333558254610818,0
3465,4,0,0,44,0.0,0.0,1.0,44,750,400,350,0.5333333333333333,11,4,7,356.88001004487217,0.7903232910500353,0.22383500817948154,0.2303024616911992,134939.01495954738,831.4074028416524,135770.42236238904,3368,5,889.1818181818181,38,6,19,30.98114824335903,0.6658442982456143,40.25106837606835,1038.9957264957231,27.34199280251903,0
3466,4,0,0,44,0.0,0.0,1.0,44,950,500,450,0.5263157894736842,14,5,9,354.9355987461857,0.7908738548273432,0.22306802237650092,0.22967233490852362,135037.54882812474,785.9266493055278,135823.47547743027,3369,6,890.1818181818181,39,5,20,30.933470301329574,0.6650641025641028,40.156249999999986,1039.374999999998,26.650641025640972,0
3467,4,0,0,44,0.0,0.0,1.0,44,1050,600,450,0.5714285714285714,15,6,9,363.210512110338,0.79217318534179,0.12195644194298327,0.22302926487436467,133113.66705246916,872.2825038580334,133985.9495563272,3370,7,891.1818181818181,38,6,18,32.643562135486775,0.6477521929824561,42.01388888888889,1031.9444444444448,27.15643274853802,8
3468,4,0,1,43,0.0,0.022727272727272728,0.9772727272727273,44,1250,800,450,0.64,17,8,9,360.424476065073,0.7922612755461593,0.12077377647711973,0.22164614024600074,133168.79799702318,799.458849258529,133968.2568462817,3371,8,892.1818181818181,38,6,18,32.660093848117846,0.6483004385964912,41.960470085470085,1032.1581196581199,27.162055780476837,0
3469,4,0,0,43,0.0,0.0,1.0,43,1650,1300,350,0.7878787878787878,20,13,7,360.8116627241928,0.7858988556662975,0.12304737331093274,0.22204855320007325,133196.36774965297,1011.7605833150656,134208.12833296804,3372,42,913.7441860465116,38,5,18,32.6224297936935,0.6485745614035088,41.93376068376068,1032.264957264957,27.16486729644624,0
3470,4,0,0,43,0.0,0.0,1.0,43,1050,700,350,0.6666666666666666,14,7,7,361.26952334129714,0.7851144333702473,0.12095910682274758,0.22282513995492256,133279.0941289538,1029.934961465392,134309.02909041918,3373,43,914.7441860465116,38,5,18,32.527590963959284,0.6493969298245614,41.85363247863247,1032.585470085469,27.173301844354448,0
3471,4,0,0,43,0.0,0.0,1.0,43,1100,800,300,0.7272727272727273,14,8,6,359.3660068720733,0.7848375784422296,0.11466775690820374,0.2224756265334793,133417.02849915982,989.1089560961256,134406.13745525593,3374,44,915.7441860465116,38,5,18,32.43838331609789,0.6507675438596492,41.720085470085465,1033.1196581196573,27.187359424201507,0
3472,4,0,0,43,0.0,0.0,1.0,43,950,600,350,0.631578947368421,13,6,7,360.76431109171676,0.7834994462901439,0.12140590844719479,0.22401609989133855,133528.88028047077,1034.5023153206957,134563.38259579145,3375,45,916.7441860465116,37,6,19,32.290119527547915,0.6537162162162162,41.61184210526315,1033.5526315789461,27.933854907539086,0
3473,4,0,0,43,0.0,0.0,1.0,43,800,400,400,0.5,12,4,8,358.26857926185403,0.7831303063861204,0.12483030872399348,0.2232892194897283,133665.49014034972,977.6290497844777,134643.1191901342,3376,46,917.7441860465116,38,5,19,32.217730826187264,0.6532346491228072,41.479700854700845,1034.0811965811952,27.21266306792619,0
3474,4,0,0,43,0.0,0.0,1.0,43,900,500,400,0.5555555555555556,13,5,8,358.72469361731316,0.7821613141380583,0.11755464431648677,0.22390804377235352,133720.7352276461,993.7859549638254,134714.52118260993,3377,47,918.7441860465116,38,5,17,32.15060427641773,0.6537828947368423,41.426282051282044,1034.2948717948705,27.21828609986501,0
3475,4,0,0,43,0.0,0.0,1.0,43,850,400,450,0.47058823529411764,13,4,9,360.6416286243823,0.7816998892580288,0.12210022765914563,0.2256106932557178,133803.62426035476,1051.0313938198271,134854.6556541746,3378,48,919.7441860465116,38,5,17,32.01801941346552,0.6546052631578949,41.34615384615383,1034.6153846153825,27.226720647773224,0
3476,4,0,0,43,0.0,0.0,1.0,43,1200,800,400,0.6666666666666666,16,8,8,362.7965446300582,0.7812384643779993,0.12105792471443277,0.22781177711734488,133941.82971957405,1118.7266007378128,135060.55632031185,3379,49,920.7441860465116,38,5,18,31.823889634293202,0.6559758771929824,41.212606837606835,1035.149572649572,27.240778227620318,0
3477,4,0,0,43,0.0,0.0,1.0,43,900,700,200,0.7777777777777778,11,7,4,365.5340317648979,0.7808693244739756,0.12201022391820926,0.2297032923347509,133969.47937212346,1194.0807856673132,135163.56015779078,3380,50,921.7441860465116,38,5,18,31.725361197110423,0.65625,41.18589743589743,1035.2564102564093,27.243589743589716,0
3478,4,0,0,43,0.0,0.0,1.0,43,800,600,200,0.75,10,6,4,365.2704413613059,0.7797157622739018,0.12299453693506956,0.2300562955240503,134052.44545118322,1193.079183103199,135245.5246342864,3381,51,922.7441860465116,38,5,18,31.64912823687197,0.6570723684210528,41.10576923076922,1035.5769230769213,27.25202429149793,0
3479,4,0,0,43,0.0,0.0,1.0,43,1150,1000,150,0.8695652173913043,13,10,3,357.4299720280052,0.779485049833887,0.143409205467538,0.2195907896036279,133132.5263542627,918.9601465903794,134051.48650085306,3382,52,923.7441860465116,37,6,18,32.7737639892336,0.6497747747747749,41.99561403508771,1032.017543859648,27.892366050260755,2
3480,4,0,0,43,0.0,0.0,1.0,43,1300,1000,300,0.7692307692307693,16,10,6,345.87679707059317,0.7796696197858988,0.0881486325716534,0.20897897764070866,132507.9800044743,589.5635347845742,133097.54353925886,3383,53,924.7441860465116,38,5,18,33.69867870360763,0.6417214912280702,42.60149572649572,1029.5940170940162,27.094579397210953,5
3481,4,0,1,42,0.0,0.023255813953488372,0.9767441860465116,43,1050,700,350,0.6666666666666666,14,7,7,347.78573486589335,0.7787006275378368,0.08758933871255725,0.21028600455693075,132535.48127145867,618.7899499598044,133154.2712214185,3384,54,925.7441860465116,38,5,18,33.62190461368195,0.6419956140350878,42.57478632478632,1029.7008547008534,27.09739091318035,0
3482,4,0,1,41,0.0,0.023809523809523808,0.9761904761904762,42,800,300,500,0.375,13,3,10,353.5010214859002,0.7768341076267905,0.10113028713348071,0.2144055582220807,132652.03145438977,978.5257242613052,133630.55717865107,3385,55,946.1904761904761,37,5,14,33.357614866063514,0.6449887387387387,42.46162280701754,1030.1535087719294,27.84198672356566,0
3483,4,0,0,41,0.0,0.0,1.0,41,850,500,350,0.5882352941176471,12,5,7,353.38883409209075,0.7764227642276422,0.10896566064797164,0.21454243152677752,132687.90486009658,1178.084799326353,133865.98965942292,3386,56,962.0487804878048,36,5,14,33.32445258133859,0.6472800925925927,42.4268018018018,1030.2927927927926,28.61924424424424,0
3484,4,0,0,41,0.0,0.0,1.0,41,1400,1100,300,0.7857142857142857,17,11,6,353.50754244292636,0.7755589430894309,0.10708262844507166,0.21561369427481625,132861.99787202742,1193.5436703595471,134055.54154238696,3387,57,963.0487804878048,36,5,15,33.146504642271985,0.6490162037037037,42.25788288288288,1030.9684684684685,28.638013013013012,0
3485,4,0,0,41,0.0,0.0,1.0,41,950,800,150,0.8421052631578947,11,8,3,353.2811016957362,0.7747459349593496,0.10594495549672756,0.21597785910077089,132949.08717839443,1193.6799975651168,134142.76717595954,3388,58,964.0487804878048,36,5,15,33.06489772148214,0.6498842592592593,42.173423423423415,1031.3063063063048,28.647397397397356,0
3486,4,0,0,41,0.0,0.0,1.0,41,900,800,100,0.8888888888888888,10,8,2,352.61445167195126,0.7734756097560975,0.10030797241291234,0.21641032958272502,133094.29943034227,1186.1946828585073,134280.49411320078,3389,59,965.0487804878048,36,5,15,32.936356360726116,0.6513310185185187,42.032657657657644,1031.8693693693674,28.663038038037982,0
3487,4,0,0,41,0.0,0.0,1.0,41,1450,1100,350,0.7586206896551724,18,11,7,364.9684157654707,0.7734756097560975,0.10878017383477845,0.20975558395596267,130598.60365689434,1333.408893189804,131932.01255008415,3390,60,966.0487804878048,37,4,16,35.13641564757205,0.6244369369369369,44.46271929824561,1022.1491228070169,27.62565196775721,5
3488,4,0,0,41,0.0,0.0,1.0,41,950,500,450,0.5263157894736842,14,5,9,364.09064968482477,0.7754065040650406,0.11396586673641496,0.2097063192285974,130682.67549871112,1316.0680449753736,131998.7435436865,3391,61,967.0487804878048,37,4,16,35.073614834673805,0.6252815315315315,44.38048245614035,1022.4780701754385,27.634542437174012,0
3489,4,2,2,41,0.046511627906976744,0.046511627906976744,0.9534883720930233,43,1050,700,350,0.6666666666666666,14,7,7,346.68367670012213,0.7849298634182355,0.10328560787883756,0.20235216381873605,131194.69536675359,496.6118706597272,131691.3072374133,3392,0,923.0232558139535,39,4,16,35.00095322826638,0.6268696581196581,43.880208333333336,1024.4791666666674,26.2686965811966,0
3490,4,1,0,42,0.023809523809523808,0.0,1.0,42,1200,800,400,0.6666666666666666,16,8,8,349.627316428196,0.7849883855981417,0.10677292814936146,0.20419768358991486,131218.63928154,775.524143472864,131994.16342501287,3393,0,945.9761904761905,38,4,19,34.90137295794228,0.6288377192982456,43.85683760683761,1024.57264957265,26.962438146648687,0
3491,4,1,1,42,0.023255813953488372,0.023255813953488372,0.9767441860465116,43,900,700,200,0.7777777777777778,11,7,4,341.82478806529684,0.793235511258767,0.105925743546891,0.2006530818078209,131412.4312889542,384.09660909230007,131796.52789804648,3394,0,924.953488372093,37,6,19,34.905691904609135,0.6326013513513513,43.66776315789473,1025.3289473684204,27.711593172119468,0
3492,4,0,0,42,0.0,0.0,1.0,42,950,600,350,0.631578947368421,13,6,7,349.9012225723385,0.7836091753774681,0.10469652990246026,0.2054062302721562,131414.71021274655,796.433553485918,132211.14376623248,3395,2,947.9761904761905,36,6,19,34.69636646531208,0.6345486111111112,43.66554054054054,1025.337837837838,28.481606606606608,0
3493,4,1,0,43,0.023255813953488372,0.0,1.0,43,700,500,200,0.7142857142857143,9,5,4,341.96343779677153,0.7896825396825397,0.10606241303915764,0.20206930415263744,131665.51246537376,404.9582563865616,132070.47072176033,3396,0,926.9069767441861,37,6,15,34.64699074074075,0.6351351351351353,43.42105263157894,1026.3157894736826,27.738264580369798,0
3494,4,0,0,43,0.0,0.0,1.0,43,650,500,150,0.7692307692307693,8,5,3,341.6033060966664,0.7895902547065338,0.10735134114654477,0.2021548768443105,131721.78578985843,399.3195021545086,132121.10529201294,3397,1,927.9069767441861,37,6,15,34.59953357544683,0.6356981981981982,43.36622807017544,1026.5350877192984,27.74419155998104,0
3495,4,1,1,43,0.022727272727272728,0.022727272727272728,0.9772727272727273,44,900,600,300,0.6666666666666666,12,6,6,336.80955542495315,0.7996168076109937,0.10855331531906076,0.20129077902477638,132095.80342793488,98.22576521295343,132194.02919314784,3398,0,907.7954545454545,38,6,16,34.34620314556919,0.6376096491228069,43.00213675213676,1027.9914529914533,27.052406657669824,0
3496,4,0,0,43,0.0,0.0,1.0,43,1150,900,250,0.782608695652174,14,9,5,342.83516759844645,0.7905592469545958,0.10352572136204508,0.20424083633598486,131975.16453379884,449.1455303554968,132424.31006415433,3399,1,929.7906976744187,37,6,17,34.31275121829759,0.6382319819819819,43.11951754385965,1027.5219298245613,27.770862968231388,0
3497,4,0,0,43,0.0,0.0,1.0,43,1050,600,450,0.5714285714285714,15,6,9,342.64660515498724,0.7905592469545958,0.0992353913099564,0.2045840303645127,132059.6782182979,449.96008387195525,132509.63830216986,3400,2,930.7906976744187,37,6,18,34.2325403598606,0.6390765765765766,43.03728070175438,1027.8508771929821,27.779753437648164,0
3498,4,0,0,43,0.0,0.0,1.0,43,1200,800,400,0.6666666666666666,16,8,8,344.677526346546,0.7900978220745662,0.10097938796312622,0.20625661547872126,132144.21895438983,509.4285020390902,132653.6474564289,3401,3,931.7906976744187,37,6,18,34.09528189541788,0.6399211711711712,42.95504385964912,1028.1798245614036,27.788643907064962,0
3499,4,0,1,42,0.0,0.023255813953488372,0.9767441860465116,43,1050,600,450,0.5714285714285714,15,6,9,345.02912611590597,0.7900978220745662,0.07335523910392361,0.20479483169034973,131835.77609591975,497.4365234374617,132333.21261935722,3402,4,932.7906976744187,39,4,19,34.39676522297731,0.6332799145299146,43.255208333333314,1026.9791666666636,26.332799145299067,8
3500,4,0,0,42,0.0,0.0,1.0,42,1350,900,450,0.6666666666666666,18,9,9,349.7344923090832,0.7830768486256291,0.08198085726175619,0.20750913210338917,131821.37573964478,820.4963839579027,132641.8721236027,3403,5,955.8571428571429,38,4,19,34.290470245526414,0.6348684210526316,43.26923076923076,1026.9230769230755,27.02429149797567,0
3501,4,1,1,42,0.023255813953488372,0.023255813953488372,0.9767441860465116,43,1250,900,350,0.72,16,9,7,345.7594621264167,0.7867755629383536,0.08303661689056896,0.2066808074939796,132103.35422091998,535.1969401041475,132638.55116102414,3404,0,934.6046511627907,39,4,19,34.10859340696456,0.6359508547008548,42.99479166666666,1028.020833333332,26.35950854700851,0
3502,4,0,0,42,0.0,0.0,1.0,42,950,600,350,0.631578947368421,13,6,7,352.41051862673476,0.7805603948896632,0.08082368082368108,0.2103095030514385,132040.89506172843,906.5200617283988,132947.41512345683,3405,7,957.8571428571429,38,4,19,34.00056306306307,0.6370614035087719,43.05555555555556,1027.777777777778,27.046783625731003,0
3503,4,0,0,42,0.0,0.0,1.0,42,850,500,350,0.5882352941176471,12,5,7,352.48935580272075,0.7774148277197057,0.07957120101312931,0.211274130694707,132205.6544031705,920.2171908101466,133125.87159398067,3406,8,958.8571428571429,38,4,19,33.832632107486674,0.6387061403508771,42.89529914529915,1028.418803418804,27.06365272154747,0
3504,4,3,2,43,0.06666666666666667,0.044444444444444446,0.9555555555555556,45,950,600,350,0.631578947368421,13,6,7,330.75093560970106,0.7956649831649832,0.07979959114703328,0.20182031457092947,132878.03849501794,-209.53358972067085,132668.50490529728,3407,0,895.8666666666667,37,8,20,33.71696533021376,0.6472409909909909,42.24232456140352,1031.0307017543878,27.86569464201048,0
3505,4,0,0,43,0.0,0.0,1.0,43,1000,500,500,0.5,15,5,10,345.96793605037743,0.7818383167220376,0.07421927636714032,0.20971296958600444,132629.89921932085,577.1384982956181,133207.03771761648,3408,1,938.5348837209302,36,7,20,33.57384934951353,0.6467013888888888,42.48310810810812,1030.067567567569,28.61298798798803,0
3506,4,0,0,43,0.0,0.0,1.0,43,1000,600,400,0.6,14,6,8,348.56182224645073,0.7807308970099668,0.07088829341072889,0.2120474153588605,132765.01092884367,655.3628279855525,133420.3737568292,3409,2,939.5348837209302,37,6,20,33.3713471291272,0.6461148648648647,42.351973684210535,1030.5921052631593,27.85384068278809,0
3507,4,0,0,43,0.0,0.0,1.0,43,1450,1200,250,0.8275862068965517,17,12,5,343.9154827190103,0.7801310446659283,0.07040052229135507,0.21001176620062217,132906.30290089303,541.7070637119547,133448.00996460498,3410,3,940.5348837209302,37,6,20,33.349283992627264,0.6475225225225223,42.214912280701775,1031.1403508771964,27.86865813181612,0
3508,4,0,0,43,0.0,0.0,1.0,43,1350,1000,350,0.7407407407407407,17,10,7,343.29941073394684,0.7789774824658545,0.07536080002570533,0.21043023814955755,133047.6700162552,535.0373432210145,133582.70735947622,3411,4,941.5348837209302,37,6,20,33.22339869628371,0.6489301801801801,42.07785087719299,1031.6885964912296,27.883475580844046,0
3509,4,0,0,43,0.0,0.0,1.0,43,1150,900,250,0.782608695652174,14,9,5,343.7571035416918,0.7789313399778516,0.06907320158415242,0.21135111793846828,133160.8178117307,554.9954072407065,133715.8132189714,3412,5,942.5348837209302,37,6,20,33.098175395729314,0.6500563063063062,41.96820175438597,1032.1271929824575,27.895329540066417,0
3510,4,0,0,43,0.0,0.0,1.0,43,800,500,300,0.625,11,5,6,348.00536651691664,0.7799926172019195,0.06715162593091195,0.21428845819207146,133217.40974386354,672.0747008695057,133889.48444473304,3413,6,943.5348837209302,37,6,20,32.93182421667553,0.6506193693693694,41.91337719298246,1032.3464912280706,27.901256519677585,0
3511,4,0,0,43,0.0,0.0,1.0,43,1250,1000,250,0.8,15,10,5,346.9024025124991,0.7793466223698782,0.06813106422300907,0.2138051542015814,133251.5158156185,645.0541949740834,133896.57001059258,3414,7,944.5348837209302,38,5,20,32.92610892660045,0.6491228070175438,41.88034188034189,1032.4786324786337,27.170490328385096,0
3512,4,0,1,42,0.0,0.023255813953488372,0.9767441860465116,43,1150,800,350,0.6956521739130435,15,8,7,346.353508257346,0.7787006275378368,0.06857434259268169,0.21410138860818567,133361.84619037196,638.0686591423905,133999.91484951435,3415,8,945.5348837209302,38,5,20,32.82973900151704,0.650219298245614,41.77350427350428,1032.9059829059838,27.18173639226273,0
3513,4,0,1,41,0.0,0.023809523809523808,0.9761904761904762,42,1150,900,250,0.782608695652174,14,9,5,348.478012695611,0.7755758807588076,0.07761030322329576,0.21556213772851934,133387.25767784307,896.5052948984201,134283.76297274148,3416,9,964.9047619047619,37,5,20,32.749420620599366,0.6523085585585586,41.748903508771924,1033.0043859649115,27.919037458511124,0
3514,4,2,1,42,0.046511627906976744,0.023255813953488372,0.9767441860465116,43,1100,900,200,0.8181818181818182,13,9,4,336.90566898974475,0.7867294204503507,0.09584184266351481,0.20604256973456067,132962.84072984013,359.2140129655436,133322.05474280566,3417,0,941.4186046511628,37,6,22,33.473314905379546,0.6480855855855854,42.160087719298254,1031.3596491228084,27.874585111427255,1
3515,4,0,0,42,0.0,0.0,1.0,42,900,600,300,0.6666666666666666,12,6,6,346.64735406753204,0.7789634146341463,0.09704038906660428,0.21142948211114324,132861.99787202766,811.2520036929088,133673.24987572056,3418,1,964.8333333333334,36,6,22,33.32332058984163,0.6490162037037035,42.257882882882896,1030.9684684684703,28.638013013013065,0
3516,4,0,0,42,0.0,0.0,1.0,42,550,400,150,0.7272727272727273,7,4,3,346.39958481418535,0.7783343012001549,0.0920581184313849,0.21160647085680456,132920.05423920567,808.690320387987,133728.74455959364,3419,2,965.8333333333334,36,6,22,33.271449892614044,0.6495949074074072,42.20157657657659,1031.1936936936956,28.644269269269323,0
3517,4,0,0,42,0.0,0.0,1.0,42,1000,700,300,0.7,13,7,6,346.1157597896155,0.7778503677893922,0.09573461440477482,0.2117618065406208,132978.12328798423,805.1648354435879,133783.2881234278,3420,3,966.8333333333334,36,6,22,33.220511700695134,0.6501736111111109,42.14527027027029,1031.4189189189215,28.650525525525595,0
3518,4,0,1,41,0.0,0.023809523809523808,0.9761904761904762,42,800,600,200,0.75,10,6,4,348.3950226539095,0.778552071234998,0.09932329185767319,0.21365429702510855,133065.25063915283,871.8542021751696,133937.104841328,3421,4,967.8333333333334,36,6,22,33.07433784472095,0.6510416666666665,42.06081081081082,1031.756756756758,28.659909909909945,0
3519,4,0,0,41,0.0,0.0,1.0,41,950,500,450,0.5263157894736842,14,5,9,357.23278187262343,0.7788617886178861,0.10911597675869067,0.21935864209203246,133113.6670524691,1310.5131172839451,134424.18016975303,3422,5,988.7317073170732,35,6,22,32.79777927321668,0.6535714285714285,42.013888888888886,1031.9444444444443,29.48412698412698,0
3520,4,0,0,41,0.0,0.0,1.0,41,450,300,150,0.6666666666666666,6,3,3,358.1108718109841,0.7787601626016261,0.11268144979307815,0.2200740622976253,133143.5282305598,1336.028994127227,134479.55722468704,3423,6,989.7317073170732,35,6,22,32.745154386751906,0.6538690476190476,41.9849537037037,1032.060185185185,29.487433862433857,0
3521,4,0,0,41,0.0,0.0,1.0,41,1250,800,450,0.64,17,8,9,355.63199374712525,0.7770325203252032,0.11590154514110562,0.21911519614742245,133239.59094229378,1276.852274571876,134516.44321686565,3424,7,990.7317073170732,36,5,22,32.712741783013364,0.6527777777777778,41.891891891891895,1032.4324324324334,28.678678678678708,0
3522,4,0,0,41,0.0,0.0,1.0,41,1050,700,350,0.6666666666666666,14,7,7,360.2473868458595,0.7771341463414634,0.12088245146676435,0.22300334189770002,133414.04537983926,1412.4122433243967,134826.45762316365,3425,8,991.7317073170732,36,5,22,32.418610566092575,0.654513888888889,41.72297297297297,1033.1081081081077,28.697447447447434,0
3523,4,1,0,42,0.023809523809523808,0.0,1.0,42,1200,900,300,0.75,15,9,6,353.88930628374493,0.7831736353077816,0.12508152069666645,0.22105996997120486,133749.1514314058,1066.5169280215027,134815.6683594273,3426,0,969.0952380952381,34,8,20,32.24718993363257,0.6620710784313726,41.39880952380952,1034.4047619047612,30.423669467787096,0
3524,4,0,0,42,0.0,0.0,1.0,42,850,700,150,0.8235294117647058,10,7,3,361.05416428455607,0.7831736353077816,0.13492979419119044,0.2210978327579984,133011.31129535142,1204.8575680272027,134216.1688633786,3427,1,970.0952380952381,34,8,20,32.8019811502212,0.654718137254902,42.113095238095234,1031.5476190476186,30.339635854341722,1
3525,4,0,0,42,0.0,0.0,1.0,42,850,600,250,0.7058823529411765,11,6,5,358.709497363912,0.7826655052264808,0.13208222485763477,0.21991309900288222,133053.95474322687,1145.5434456447053,134199.49818887157,3428,2,971.0952380952381,35,7,20,32.819628300052365,0.6529761904761905,42.07175925925925,1031.7129629629617,29.477513227513192,0
3526,4,1,2,41,0.023255813953488372,0.046511627906976744,0.9534883720930233,43,1450,1200,250,0.8275862068965517,17,12,5,342.02431885829543,0.785345145810262,0.14833438089251993,0.1968539968539969,130654.64854570648,345.78588432006586,131000.43443002655,3429,0,949.4883720930233,37,6,17,35.666023166023166,0.625,44.40789473684211,1022.3684210526325,27.631578947368446,8
3527,4,0,0,41,0.0,0.0,1.0,41,1400,900,500,0.6428571428571429,19,9,10,344.0930327666407,0.78130081300813,0.16265390949729475,0.19890879775171966,130822.8553497229,803.0466104955306,131625.90196021844,3430,1,972.4878048780488,37,4,18,35.44301536262951,0.6266891891891893,44.243421052631575,1023.0263157894728,27.649359886201967,0
3528,4,0,0,41,0.0,0.0,1.0,41,750,600,150,0.8,9,6,3,345.04470357152854,0.7808434959349594,0.16582208210889715,0.1998088374128236,130890.45606874133,832.611722916208,131723.06779165755,3431,2,973.4878048780488,38,3,18,35.35032539848264,0.6255482456140351,44.177350427350426,1023.2905982905984,26.928699955015748,0
3529,4,0,0,41,0.0,0.0,1.0,41,1000,700,300,0.7,13,7,6,343.6323499287401,0.7797256097560976,0.16514588319160906,0.19927348137514092,130945.12473518871,799.3961848929687,131744.52092008168,3432,3,974.4878048780488,38,3,18,35.33120215727209,0.6260964912280702,44.12393162393162,1023.5042735042725,26.93432298695454,0
3530,4,0,0,41,0.0,0.0,1.0,41,950,600,350,0.631578947368421,13,6,7,344.6807474756205,0.7796239837398374,0.16657335396392425,0.2004502599397053,131054.49631090641,834.3923496968234,131888.88866060323,3433,4,975.4878048780488,38,3,18,35.19385607957708,0.6271929824561404,44.01709401709401,1023.9316239316227,26.945569050832177,0
3531,4,2,0,43,0.046511627906976744,0.0,1.0,43,850,500,350,0.5882352941176471,12,5,7,323.2738405581065,0.7952657807308969,0.15642479412143362,0.17855113481335058,129042.58355034729,-243.07884780891033,128799.50470253838,3434,0,931.0697674418604,39,4,19,37.7780910395735,0.6052350427350428,45.989583333333336,1016.0416666666672,26.05235042735044,8
3532,4,0,0,43,0.0,0.0,1.0,43,1200,900,300,0.75,15,9,6,324.69256730231746,0.7956349206349206,0.15990695767813712,0.1798155545820665,129148.44292534713,-213.2921006944494,128935.15082465268,3435,1,932.0697674418604,39,4,19,37.63450502152081,0.6063034188034189,45.885416666666664,1016.4583333333326,26.06303418803417,0
3533,4,1,0,44,0.022727272727272728,0.0,1.0,44,900,700,200,0.7777777777777778,11,7,4,328.13157150126636,0.8059152572233967,0.19630773756987363,0.17619576801466094,127918.62643494882,-405.17201672337137,127513.45441822545,3436,0,911.8636363636364,41,3,16,38.799708247523796,0.5907012195121952,47.09821428571428,1011.6071428571415,24.67334494773516,6
3534,4,1,1,44,0.022222222222222223,0.022222222222222223,0.9777777777777777,45,1300,1000,300,0.7692307692307693,16,10,6,321.70907649301057,0.8126262626262627,0.19575265041302914,0.17417025341693843,128247.44824715784,-747.9277754255575,127499.52047173228,3437,0,892.5777777777778,40,5,16,38.62684358382661,0.5955729166666668,46.77337398373984,1012.9065040650412,25.32266260162603,0
3535,4,1,2,43,0.022222222222222223,0.044444444444444446,0.9555555555555556,45,1000,800,200,0.8,12,8,4,322.97232721232916,0.8116582491582492,0.1936431516772541,0.1751922797773081,128324.66310562503,-710.9369836076297,127613.7261220174,3438,0,893.5555555555555,40,5,17,38.51617352056172,0.5963541666666666,46.69715447154472,1013.2113821138217,25.330284552845544,0
3536,4,4,2,45,0.0851063829787234,0.0425531914893617,0.9574468085106383,47,1800,1600,200,0.8888888888888888,20,16,4,309.58328926374435,0.8313675609004008,0.20815244098069652,0.17018959626996413,128856.81918905125,-1421.6164142779805,127435.20277477328,3439,0,856.3617021276596,42,5,14,38.31440478462809,0.5987103174603174,46.17248062015504,1015.3100775193808,24.174049464747164,0
3537,4,1,1,45,0.021739130434782608,0.021739130434782608,0.9782608695652174,46,950,600,350,0.631578947368421,13,6,7,312.9515842481256,0.8219605475040258,0.21721287666912814,0.17204127490828233,128856.81918905122,-1134.8108587224253,127722.0083303288,3440,0,875.9565217391304,42,4,15,38.228908188585606,0.5987103174603174,46.17248062015504,1015.3100775193806,24.174049464747156,0
3538,4,2,1,46,0.0425531914893617,0.02127659574468085,0.9787234042553191,47,1250,1000,250,0.8,15,10,5,309.2401766503376,0.8238513721862473,0.22237244053436345,0.17117456503290754,129129.19253795069,-1413.613137769725,127715.57940018096,3441,0,858.1914893617021,43,4,16,38.046697878816126,0.600048449612403,45.90435606060607,1016.382575757577,23.63680408738551,0
3539,4,0,0,46,0.0,0.0,1.0,46,1100,800,300,0.7272727272727273,14,8,6,315.67206999412736,0.8198671497584541,0.22880196369486416,0.17440133434975882,129053.65982362848,-1052.2728126314419,128001.38701099703,3442,1,877.8478260869565,42,4,16,37.95993864835652,0.6006944444444444,45.97868217054264,1016.0852713178302,24.19250645994834,0
3540,4,1,1,46,0.02127659574468085,0.02127659574468085,0.9787234042553191,47,1200,900,300,0.75,15,9,6,312.17075947388577,0.8285538082022817,0.23017228060862727,0.17374809835587976,129345.842121499,-1324.4020460284728,128021.44007547053,3443,0,860.1489361702128,43,4,17,37.75251349841743,0.6022286821705427,45.691287878787875,1017.2348484848478,23.656624383368555,0
3541,4,1,0,47,0.02127659574468085,0.0,1.0,47,1600,1100,500,0.6875,21,11,10,333.44753916457483,0.8356845513413506,0.24577661452919797,0.1787152583724329,127843.36911848062,-852.6396926711527,126990.72942580948,3444,0,856.0,41,6,16,38.74215224641947,0.5899390243902438,47.172619047619044,1011.309523809523,24.66608594657373,7
3542,4,2,2,47,0.04081632653061224,0.04081632653061224,0.9591836734693877,49,1550,1100,450,0.7096774193548387,20,11,9,323.7713813680313,0.8449900793650794,0.24589667395237336,0.1758522992920482,128376.15258774527,-1486.0322232204503,126890.12036452482,3445,0,822.0204081632653,40,9,12,38.443475063511166,0.596875,46.64634146341463,1013.4146341463404,25.33536585365851,0
3543,4,1,0,48,0.020833333333333332,0.0,1.0,48,1050,700,350,0.6666666666666666,14,7,7,328.5914542840463,0.8415890957446809,0.25562295301116267,0.1787007178314654,128427.65239771294,-1159.954185669911,127267.69821204303,3446,0,840.125,40,8,14,38.26887407258873,0.5973958333333333,46.59552845528455,1013.6178861788613,25.340447154471534,0
3544,4,0,1,47,0.0,0.020833333333333332,0.9791666666666666,48,1550,1300,250,0.8387096774193549,18,13,5,324.78899643879106,0.841478280141844,0.24807011966480785,0.17727271279197848,128571.78411005584,-1248.259853710024,127323.52425634582,3447,1,841.125,41,7,14,38.2184575630115,0.5973069105691058,46.453373015873005,1014.1865079365062,24.7362562911343,0
3545,4,1,2,46,0.020833333333333332,0.041666666666666664,0.9583333333333334,48,1450,1100,350,0.7586206896551724,18,11,7,319.53125,0.8430112293144207,0.22770996093750018,0.17629310344827595,128999.74804736722,-1354.5720545162344,127645.17599285099,3448,0,841.9375,41,7,15,37.916666666666664,0.6016260162601625,46.03174603174604,1015.8730158730168,24.77739063104919,1
3546,4,0,0,46,0.0,0.0,1.0,46,900,600,300,0.6666666666666666,12,6,6,333.90107703734714,0.8338768115942029,0.23662696517901338,0.18307249260410113,128751.69406467036,-601.9341362846958,128149.75992838567,3449,3,879.4565217391304,39,7,16,37.804171370898764,0.6022970085470085,46.27604166666668,1014.8958333333352,26.02297008547013,0
3547,4,0,0,46,0.0,0.0,1.0,46,1050,600,450,0.5714285714285714,15,6,9,338.72657282780864,0.8328703703703704,0.24946371311215843,0.18646218850922125,128910.32036675356,-466.9297960069345,128443.39057074662,3450,4,880.4565217391304,39,7,16,37.520194378910666,0.6038995726495726,46.11979166666667,1015.520833333334,26.038995726495745,0
3548,4,1,1,46,0.02127659574468085,0.02127659574468085,0.9787234042553191,47,1800,1300,500,0.7222222222222222,23,13,10,327.7922643775874,0.8367637989515879,0.23921629281405643,0.18263246127643462,129386.78521050359,-917.2743055555458,128469.51090494804,3451,0,862.7021276595744,39,8,18,37.31367956725025,0.6087072649572649,45.65104166666667,1017.3958333333343,26.087072649572672,0
3549,4,1,1,46,0.02127659574468085,0.02127659574468085,0.9787234042553191,47,1650,1200,450,0.7272727272727273,21,12,9,328.10946550602426,0.8383441258094356,0.23720028746270572,0.18317882731393478,129466.28146701399,-904.1775173611027,128562.10394965288,3452,0,863.6808510638298,39,8,14,37.22492323439101,0.6095085470085471,45.57291666666667,1017.7083333333342,26.09508547008549,0
3550,4,1,1,46,0.02127659574468085,0.02127659574468085,0.9787234042553191,47,1150,700,450,0.6086956521739131,16,7,9,329.7620723869415,0.8392691951896392,0.23960612929707326,0.18422556942783339,129492.78564453125,-859.6381293402771,128633.14751519097,3453,0,864.6595744680851,39,8,14,37.15597601746666,0.609775641025641,45.546875,1017.8125,26.09775641025641,0
3551,4,0,0,46,0.0,0.0,1.0,46,950,600,350,0.631578947368421,13,6,7,338.3569967139937,0.8320450885668277,0.24401917151660424,0.18880201486237766,129445.89548405634,-440.2151134122474,129005.68037064408,3454,8,884.4565217391304,38,8,14,36.98490813648295,0.6110197368421053,45.59294871794871,1017.6282051282035,26.779689608636932,0
3552,4,0,0,46,0.0,0.0,1.0,46,1400,1000,400,0.7142857142857143,18,10,8,334.9822467826639,0.8317834138486313,0.23969147402798785,0.18782651625484442,129636.22708013744,-514.8330776535823,129121.39400248385,3455,9,885.4565217391304,38,8,14,36.877535319625125,0.612938596491228,45.40598290598291,1018.3760683760692,26.799370220422873,0
3553,4,0,0,46,0.0,0.0,1.0,46,1250,900,350,0.72,16,9,7,349.58571710702176,0.8317834138486313,0.12124840808627013,0.1937344004554866,129175.56023407016,-166.9042908067256,129008.65594326344,3456,10,886.4565217391304,40,6,17,36.974324369355855,0.6049479166666667,45.85873983739837,1016.5650406504051,25.414126016260127,8
3554,4,0,1,45,0.0,0.021739130434782608,0.9782608695652174,46,1350,1100,250,0.8148148148148148,16,11,5,350.68897245868226,0.8309178743961353,0.11740348969635095,0.1951614635572399,129340.77222077918,-128.31575269112972,129212.45646808806,3457,11,887.4565217391304,37,9,17,36.77812062089037,0.6117680180180182,45.69627192982455,1017.2149122806994,27.49229492650539,0
3555,4,0,0,45,0.0,0.0,1.0,45,1150,700,450,0.6086956521739131,16,7,9,356.60940023180086,0.825925925925926,0.11950340600270581,0.19901935319009859,129452.33298947733,232.78376519696332,129685.1167546743,3458,12,907.2888888888889,37,8,15,36.514002621843915,0.6128941441441442,45.586622807017534,1017.6535087719283,27.50414888572779,0
3556,4,0,0,45,0.0,0.0,1.0,45,1200,1100,100,0.9166666666666666,13,11,2,358.00019599013063,0.826851851851852,0.12067156348373609,0.20045486884758723,129581.83235627107,278.06427606102847,129859.89663233211,3459,13,908.2888888888889,38,7,15,36.3468433018538,0.6123903508771932,45.45940170940169,1018.16239316239,26.793747188483948,0
3557,4,1,1,45,0.021739130434782608,0.021739130434782608,0.9782608695652174,46,1350,1100,250,0.8148148148148148,16,11,5,354.5019267574192,0.8349235104669888,0.11563362642410469,0.20037846936096776,129951.54303200774,13.614477989257892,129965.157509997,3460,0,889.5217391304348,40,6,15,36.06016811189739,0.6127604166666669,45.09654471544714,1019.6138211382088,25.49034552845522,0
3558,4,0,0,45,0.0,0.0,1.0,45,1600,1200,400,0.75,20,12,8,360.12481951280455,0.8260101010101011,0.12238799191588945,0.20323999329598016,129890.67382812459,355.3710937499562,130246.04492187455,3461,15,910.2888888888889,39,6,15,35.97869405272837,0.6137820512820515,45.15624999999998,1019.3749999999967,26.13782051282043,0
3559,4,0,1,44,0.0,0.022222222222222223,0.9777777777777777,45,750,500,250,0.6666666666666666,10,5,5,359.78268511904804,0.8249579124579125,0.12579575897924933,0.20332291697143406,129943.7717013887,350.30381944442547,130294.07552083312,3462,16,911.2888888888889,39,6,15,35.93345593243427,0.6143162393162395,45.10416666666666,1019.5833333333318,26.143162393162353,0
3560,4,0,0,44,0.0,0.0,1.0,44,1250,1100,150,0.88,14,11,3,359.4486731290196,0.8234452078928823,0.12435449715793023,0.20313415777060279,129943.7717013887,541.62326388887,130485.39496527758,3463,17,927.4318181818181,39,5,15,35.94196975888843,0.6143162393162395,45.10416666666666,1019.5833333333318,26.143162393162353,0
3561,4,1,1,44,0.022222222222222223,0.022222222222222223,0.9777777777777777,45,1550,1300,250,0.8387096774193549,18,13,5,356.01204137633096,0.8274410774410775,0.14068647969861914,0.2029863405365282,130289.85407991796,277.7326343231557,130567.58671424112,3464,0,907.8,38,7,16,35.67828240546952,0.6195175438596492,44.76495726495725,1020.9401709401691,26.86684660368866,0
3562,4,0,0,44,0.0,0.0,1.0,44,800,500,300,0.625,11,5,6,360.8965608246365,0.8272110641296688,0.14016311306574636,0.2053463706713001,130209.423828125,598.4266493055554,130807.85047743056,3465,1,923.7954545454545,39,5,16,35.63524869020889,0.6169871794871795,44.84375,1020.625,26.169871794871796,0
3563,4,0,0,44,0.0,0.0,1.0,44,1400,1100,300,0.7857142857142857,17,11,6,362.3725641063541,0.8270569062720226,0.12270580659010433,0.20751230361271647,130458.54403518373,654.9411237111224,131113.48515889485,3466,2,924.7954545454545,37,7,17,35.344777467711346,0.6230292792792793,44.599780701754376,1021.6008771929811,27.61083451872922,0
3564,4,1,0,45,0.022222222222222223,0.0,1.0,45,1800,1300,500,0.7222222222222222,23,13,10,355.71188309118673,0.8335437710437711,0.1333890281258705,0.20569426283099052,130835.79881656797,307.96967455620484,131143.76849112418,3467,0,905.2222222222222,38,7,16,35.1327537593985,0.625,44.230769230769226,1023.0769230769224,26.923076923076906,0
3565,4,1,0,46,0.021739130434782608,0.0,1.0,46,1100,800,300,0.7272727272727273,14,8,6,352.63856685643543,0.8373792270531402,0.14249242943347817,0.20582791127792552,131194.69536675367,52.86187065974141,131247.55723741342,3468,0,886.5217391304348,39,7,17,34.848436705643124,0.626869658119658,43.88020833333334,1024.4791666666683,26.268696581196625,0
3566,4,0,0,46,0.0,0.0,1.0,46,1350,900,450,0.6666666666666666,18,9,9,354.56911772989565,0.8371376811594203,0.15235950984767754,0.20753156153149602,131301.43364800367,111.08669704863465,131412.5203450523,3469,1,887.5217391304348,39,7,19,34.69113138191552,0.6279380341880341,43.77604166666668,1024.895833333335,26.279380341880387,0
3567,4,0,0,46,0.0,0.0,1.0,46,1050,900,150,0.8571428571428571,12,9,3,363.49880802596334,0.837157809983897,0.1326717451762791,0.2103279309888164,130859.79327781107,313.4784876752867,131173.27176548637,3470,2,888.5217391304348,40,6,16,34.90928353860416,0.621875,44.20731707317074,1023.170731707319,25.579268292682976,7
3568,4,0,0,46,0.0,0.0,1.0,46,1350,1000,350,0.7407407407407407,17,10,7,363.40867596040823,0.8369363929146538,0.1322132817626136,0.21084401983140746,130963.79469892266,318.6758460572506,131282.4705449799,3471,3,889.5217391304348,40,6,16,34.80626985702938,0.6229166666666666,44.10569105691057,1023.5772357723583,25.589430894308958,0
3569,4,0,0,46,0.0,0.0,1.0,46,1500,1100,400,0.7333333333333333,19,11,8,365.33205318621805,0.8363727858293076,0.13371107382116065,0.21296597825702115,131145.8965913975,382.35993373655197,131528.25652513406,3472,4,890.5217391304348,40,6,19,34.57270893276449,0.6247395833333333,43.92784552845529,1024.2886178861804,25.60721544715451,0
3570,4,1,1,46,0.02127659574468085,0.02127659574468085,0.9787234042553191,47,1300,800,500,0.6153846153846154,18,8,10,359.2232838055121,0.8417745914276904,0.1289838264133436,0.2109757237251236,131432.3123223613,42.83588224604799,131475.14820460737,3473,0,872.5531914893617,40,7,20,34.43962669309548,0.6276041666666665,43.64837398373985,1025.406504065043,25.635162601626075,0
3571,4,0,0,46,0.0,0.0,1.0,46,1250,900,350,0.72,16,9,7,364.1040250581996,0.8347826086956522,0.1312560625983481,0.2131160239531021,131302.08462431448,361.5235020490725,131663.60812636354,3474,6,892.5217391304348,40,6,20,34.44616592298794,0.6263020833333333,43.77540650406505,1024.898373983742,25.622459349593548,0
3572,4,0,0,46,0.0,0.0,1.0,46,1300,1100,200,0.8461538461538461,15,11,4,365.60910697008353,0.8345209339774557,0.132371714173392,0.21459096242734277,131408.21533203148,408.8106331771041,131817.0259652086,3475,7,893.5217391304348,39,7,20,34.30028531274342,0.6290064102564101,43.671875000000014,1025.3125000000018,26.29006410256415,0
3573,4,0,0,46,0.0,0.0,1.0,46,1050,800,250,0.7619047619047619,13,8,5,362.98275891864705,0.8345813204508857,0.13201360213747826,0.21334717979427403,131461.62245008722,343.6604817708736,131805.2829318581,3476,8,894.5217391304348,39,7,20,34.313632131369545,0.6295405982905982,43.619791666666686,1025.5208333333367,26.29540598290607,0
3574,4,0,0,46,0.0,0.0,1.0,46,1350,1100,250,0.8148148148148148,16,11,5,359.741771482176,0.8331119162640902,0.13199466946725535,0.21262961454192475,131675.35942925367,273.82541232640995,131949.18484158008,3477,9,895.5217391304348,39,7,16,34.180896681213845,0.6316773504273503,43.41145833333334,1026.3541666666683,26.31677350427355,0
3575,4,0,0,46,0.0,0.0,1.0,46,1100,800,300,0.7272727272727273,14,8,6,358.969964282011,0.8334742351046699,0.1300422521545066,0.21291972971673084,131809.03320312517,263.0967881944604,132072.12999131964,3478,10,896.5217391304348,39,7,17,34.06581794819775,0.6330128205128205,43.28125000000001,1026.8750000000014,26.33012820512824,0
3576,4,0,1,45,0.0,0.021739130434782608,0.9782608695652174,46,1100,700,400,0.6363636363636364,15,7,8,359.7810400028195,0.8309983896940419,0.12280338232830434,0.2140024497290596,131916.0210503473,292.1766493055617,132208.19769965287,3479,11,897.5217391304348,39,7,18,33.937081727844244,0.6340811965811965,43.177083333333336,1027.2916666666672,26.34081196581198,0
3577,4,0,0,45,0.0,0.0,1.0,45,1250,900,350,0.72,16,9,7,367.0203005974119,0.8297138047138047,0.12063492063492087,0.2176083966096065,131793.9486654429,674.2109312221346,132468.15959666503,3480,12,917.3555555555556,38,7,18,33.874380050636425,0.6345942982456141,43.29594017094016,1026.8162393162381,27.021479982006266,0
3578,4,0,0,45,0.0,0.0,1.0,45,1350,900,450,0.6666666666666666,18,9,9,369.83105738108213,0.8288299663299664,0.13048542814334185,0.2201354085063132,131942.77479383672,759.3071831597181,132702.08197699644,3481,13,918.3555555555556,39,6,18,33.65196948190206,0.6343482905982907,43.151041666666664,1027.3958333333328,26.343482905982892,0
3579,4,0,0,45,0.0,0.0,1.0,45,1150,600,550,0.5217391304347826,17,6,11,367.6479122218739,0.8286195286195287,0.12435039607985332,0.21935240922122784,132032.19112507437,708.2718826426046,132740.463007717,3482,14,919.3555555555556,40,5,18,33.61782688948218,0.6335937500000001,43.0640243902439,1027.7439024390244,25.69359756097561,0
3580,4,0,2,43,0.0,0.044444444444444446,0.9555555555555556,45,1350,1100,250,0.8148148148148148,16,11,5,362.26138788826864,0.8282828282828283,0.13540400630204852,0.2172101682034515,132219.38898533932,579.5958719135635,132798.9848572529,3483,15,920.3555555555556,41,4,19,33.56755007877559,0.6338922764227642,42.881944444444436,1028.4722222222208,25.084688346883436,0
3581,4,0,0,43,0.0,0.0,1.0,43,1200,900,300,0.75,15,9,6,377.23317673165093,0.824796973052787,0.17169663479512232,0.21766402230475565,130751.61944038635,1276.7055167498565,132028.3249571362,3484,16,938.6511627906976,36,7,18,34.66770351611245,0.6278935185185186,44.31306306306306,1022.7477477477479,28.409659659659663,3
3582,4,0,0,43,0.0,0.0,1.0,43,900,500,400,0.5555555555555556,13,5,8,373.8496239860889,0.8240125507567367,0.1725260952010741,0.21658215646568377,130906.99932912039,1187.9064952677586,132094.90582438814,3485,17,939.6511627906976,37,6,18,34.59665970213221,0.6275337837837839,44.16118421052631,1023.3552631578938,27.65825035561875,0
3583,4,1,1,43,0.022727272727272728,0.022727272727272728,0.9772727272727273,44,1400,800,600,0.5714285714285714,20,8,12,365.1912485596788,0.8266164552501762,0.1724983649444083,0.2134399308309492,131246.00643080196,785.9785913872287,132031.98502218918,3486,0,919.2727272727273,38,6,19,34.475028672714004,0.6291118421052633,43.8301282051282,1024.679487179486,26.96524966261805,0
3584,4,0,0,43,0.0,0.0,1.0,43,950,600,350,0.631578947368421,13,6,7,377.66968980045266,0.8229051310446659,0.17618463269354723,0.22039774589666644,131187.67463306023,1309.121676862116,132496.79630992236,3487,19,941.6511627906976,37,6,19,34.21445199614685,0.6303490990990991,43.887061403508774,1024.4517543859654,27.68788525367474,0
3585,4,0,0,43,0.0,0.0,1.0,43,950,400,550,0.42105263157894735,15,4,11,375.983892674517,0.8222591362126246,0.1725967664861423,0.21957459332191775,131215.758694983,1267.0023468759537,132482.76104185896,3488,20,942.6511627906976,37,6,19,34.22918450342466,0.6306306306306306,43.859649122807014,1024.5614035087713,27.690848743480306,0
3586,4,0,1,42,0.0,0.023255813953488372,0.9767441860465116,43,1100,700,400,0.6363636363636364,15,7,8,379.4037940379403,0.8211517165005536,0.17734921535261883,0.22222222222222218,131328.125,1365.3258694983072,132693.4508694983,3489,21,943.6511627906976,36,7,20,34.02777777777777,0.6336805555555556,43.75,1025.0,28.47222222222222,0
3587,4,0,0,42,0.0,0.0,1.0,42,850,500,350,0.5882352941176471,12,5,7,388.2470716097089,0.8178474641889276,0.18250654107797004,0.2270596627023363,131270.41737683638,1793.0710271081994,133063.4884039446,3490,22,965.9761904761905,36,6,21,33.85966117216117,0.6331018518518519,43.80630630630631,1024.7747747747753,28.46596596596598,0
3588,4,0,0,42,0.0,0.0,1.0,42,1000,700,300,0.7,13,7,6,389.4486371857812,0.8171457607433217,0.18610461435425685,0.22793389369953693,131299.2696032183,1826.8643220923827,133126.13392531069,3491,23,966.9761904761905,36,6,21,33.79962824598029,0.6333912037037036,43.77815315315316,1024.887387387389,28.46909409409414,0
3589,4,0,0,42,0.0,0.0,1.0,42,1250,900,350,0.72,16,9,7,393.823294098381,0.8166134339914828,0.19650313573121347,0.23156391566063406,131476.4596863212,1955.7016604121372,133432.16134673334,3492,24,967.9761904761905,35,7,21,33.50790448783056,0.637202380952381,43.605324074074076,1025.5787037037042,29.30224867724869,0
3590,4,1,1,42,0.023255813953488372,0.023255813953488372,0.9767441860465116,43,1750,1400,350,0.8,21,14,7,393.245325683138,0.8230435585086747,0.19526415931686314,0.23313464756689561,131790.2425229284,1765.179368557755,133555.42189148616,3493,0,946.4418604651163,36,7,18,33.20492432550998,0.6383101851851851,43.29954954954955,1026.8018018018024,28.52227227227229,0
3591,4,0,0,42,0.0,0.0,1.0,42,1700,1200,500,0.7058823529411765,22,12,10,400.4565507792001,0.815016453735966,0.20806893219520117,0.2371194663158545,131743.67310742434,2151.5233839163034,133895.19649134064,3494,26,969.9761904761905,35,7,19,33.06698609545284,0.6398809523809523,43.3449074074074,1026.6203703703686,29.332010582010533,0
3592,4,0,0,42,0.0,0.0,1.0,42,500,300,200,0.6,7,3,4,399.50263853112295,0.8150648470770422,0.2083111375719402,0.2368442820628597,131790.2425229284,2130.10992411331,133920.35244704172,3495,27,970.9761904761905,36,6,19,33.04429882284126,0.6383101851851851,43.29954954954955,1026.8018018018024,28.52227227227229,0
3593,4,0,0,42,0.0,0.0,1.0,42,1000,400,600,0.4,16,4,12,394.51247247319463,0.8136130468447541,0.19874804381846656,0.2352017106882174,132003.33275623262,2015.3922360726294,134018.72499230524,3496,28,971.9761904761905,37,5,19,32.95676838810641,0.6385135135135136,43.09210526315789,1027.6315789473679,27.773826458036968,0
3594,4,0,0,42,0.0,0.0,1.0,42,1100,900,200,0.8181818181818182,13,9,4,399.85814482405175,0.8125967866821525,0.19902892897773472,0.2390988498641777,132116.0357032932,2165.5345875653898,134281.5702908586,3497,29,972.9761904761905,37,5,19,32.70540031285551,0.6396396396396395,42.98245614035087,1028.0701754385955,27.785680417259336,0
3595,4,0,0,42,0.0,0.0,1.0,42,800,400,400,0.5,12,4,8,400.50401330876053,0.8116773132017034,0.19868689638363368,0.23984205854467136,132172.40521121875,2187.1157471529596,134359.52095837172,3498,30,973.9761904761905,37,5,19,32.63178005260539,0.6402027027027027,42.92763157894736,1028.2894736842097,27.791607396870532,0
3596,4,0,0,42,0.0,0.0,1.0,42,550,400,150,0.7272727272727273,7,4,3,399.1443937788973,0.8116531165311653,0.19487257589603013,0.23938455330217748,132228.78674207442,2155.6757848568727,134384.46252693128,3499,31,974.9761904761905,37,5,19,32.60971926083866,0.6407657657657657,42.872807017543856,1028.508771929824,27.797534376481728,0
3597,4,1,1,42,0.023255813953488372,0.023255813953488372,0.9767441860465116,43,1200,800,400,0.6666666666666666,16,8,8,388.81779738060254,0.8145071982281284,0.19200419225348875,0.2347802049969265,132484.9405993831,1702.7169707327953,134187.65757011587,3500,0,953.2790697674419,36,7,19,32.61663202800261,0.6452546296296298,42.62387387387387,1029.504504504504,28.597347347347334,0
3598,4,0,0,42,0.0,0.0,1.0,42,1300,1100,200,0.8461538461538461,15,11,4,393.95686688059675,0.8098625629113434,0.1902192531688942,0.23808697607131682,132517.14677640577,2041.2079903977817,134558.35476680356,3501,33,976.9761904761905,35,7,19,32.45185101918465,0.6476190476190478,42.59259259259258,1029.6296296296277,29.417989417989364,0
3599,4,0,0,42,0.0,0.0,1.0,42,950,700,250,0.7368421052631579,12,7,5,394.214871859614,0.8088463027487418,0.1904440877474589,0.23899947953341694,132636.3436642659,2057.4438443072477,134693.78750857315,3502,34,977.9761904761905,35,7,19,32.324906367041194,0.648809523809524,42.47685185185184,1030.092592592591,29.431216931216888,0
3600,4,1,0,43,0.023255813953488372,0.0,1.0,43,1150,800,350,0.6956521739130435,15,8,7,386.5801895442517,0.8167681801402731,0.19283178514654842,0.23633520533019048,132949.0871783945,1679.0966642317833,134628.18384262628,3503,0,956.2093023255813,36,7,20,32.20635873917158,0.6498842592592593,42.173423423423415,1031.3063063063053,28.64739739739737,0
3601,4,0,0,43,0.0,0.0,1.0,43,1350,1000,350,0.7407407407407407,17,10,7,387.892345683721,0.816952750092285,0.19309942114349554,0.23750627583308034,133007.16256797325,1718.492056245423,134725.65462421867,3504,1,957.2093023255813,36,7,20,32.114037481804964,0.650462962962963,42.11711711711711,1031.5315315315306,28.653653653653627,0
3602,4,0,1,42,0.0,0.023255813953488372,0.9767441860465116,43,1000,500,500,0.5,15,5,10,388.6439561166209,0.8170450350682908,0.1943710499843052,0.23822481974601215,133047.67001625494,1741.6345654432064,134789.30458169815,3505,2,958.2093023255813,37,6,20,32.05386243667412,0.6489301801801801,42.07785087719298,1031.6885964912276,27.88347558084399,0
3603,4,0,0,42,0.0,0.0,1.0,42,800,500,300,0.625,11,5,6,389.1057024626399,0.814677700348432,0.1965216062617987,0.23928390779704417,133168.79799702315,1963.3477381474172,135132.14573517058,3506,3,961.3571428571429,38,4,20,31.920004830417835,0.6483004385964912,41.960470085470085,1032.1581196581196,27.162055780476834,0
3604,4,0,0,42,0.0,0.0,1.0,42,750,700,50,0.9333333333333333,8,7,1,391.8141974416765,0.8140485869144406,0.19657456276518692,0.241306602286738,133223.94035585134,2039.8062541091301,135263.74660996048,3507,4,962.3571428571429,38,4,20,31.79460312532339,0.6488486842105263,41.90705128205128,1032.3717948717942,27.167678812415637,0
3605,4,0,0,42,0.0,0.0,1.0,42,1050,600,450,0.5714285714285714,15,6,9,388.0071167648282,0.8129355400696864,0.19725674484131095,0.23967187206169924,133334.25931633054,1946.9283046606647,135281.1876209912,3508,5,963.3571428571429,38,4,20,31.781878211096156,0.6499451754385965,41.80021367521367,1032.7991452991446,27.17892487629328,0
3606,4,0,0,42,0.0,0.0,1.0,42,1500,1000,500,0.6666666666666666,20,10,10,389.27333189127353,0.8124032133178475,0.1977463304626994,0.24116991625371587,133444.62393390667,1989.2866763459563,135433.9106102526,3509,6,964.3571428571429,38,4,20,31.63818805363112,0.6510416666666667,41.69337606837606,1033.2264957264947,27.190170940170912,0
3607,4,0,0,42,0.0,0.0,1.0,42,950,600,350,0.631578947368421,13,6,7,389.02685906466075,0.8113869531552458,0.1963138157997104,0.24214614190323047,133617.7198101818,1996.1820777645007,135613.9018879463,3510,7,965.3571428571429,36,6,20,31.470564208691865,0.6565393518518519,41.5259009009009,1033.8963963963963,28.719344344344343,0
3608,4,1,1,42,0.023255813953488372,0.023255813953488372,0.9767441860465116,43,1450,1200,250,0.8275862068965517,17,12,5,385.86554884342513,0.8127076411960132,0.19395772476268802,0.24256607937281116,133982.57757194538,1739.8521660511099,135722.42973799648,3511,0,943.8837209302326,37,6,20,31.186012850384817,0.6582207207207207,41.173245614035096,1035.3070175438609,27.981270744428674,0
3609,4,0,0,42,0.0,0.0,1.0,42,1000,400,600,0.4,16,4,12,380.5801389461229,0.809427022841657,0.14752567693744156,0.22893359127374474,132341.5858725762,1684.6294052016017,134026.21527777778,3512,9,967.3571428571429,37,5,17,32.973234583688544,0.6418918918918919,42.76315789473684,1028.9473684210527,27.809388335704128,8
3610,4,1,0,43,0.023255813953488372,0.0,1.0,43,800,500,300,0.625,11,5,6,372.9906627094195,0.8150609080841639,0.14889364403790517,0.22631151252737158,132666.1512586805,1296.6832042070598,133962.83446288755,3513,0,945.8372093023256,35,8,16,32.8414644421975,0.6491071428571429,42.447916666666664,1030.208333333333,29.4345238095238,0
3611,4,0,1,42,0.0,0.023255813953488372,0.9767441860465116,43,950,800,150,0.8421052631578947,11,8,3,348.3606655661132,0.8155684754521964,0.14006419750688348,0.2017290480527347,130890.4560687413,532.7093791662073,131423.16544790752,3514,1,946.8372093023256,38,5,15,35.26549558014896,0.6255482456140351,44.177350427350426,1023.2905982905982,26.92869995501574,7
3612,4,0,1,41,0.0,0.023809523809523808,0.9761904761904762,42,950,600,350,0.631578947368421,13,6,7,347.5278708936958,0.8065960123886953,0.15769570117861909,0.20192082952921156,131019.23338190564,706.5670446675537,131725.8004265732,3515,12,970.3571428571429,37,5,15,35.15661258077183,0.6286599099099102,44.05153508771928,1023.7938596491201,27.670104314841083,0
3613,4,0,0,41,0.0,0.0,1.0,41,1200,700,500,0.5833333333333334,17,7,10,354.43646014568014,0.797510162601626,0.16863927548206425,0.2060445201818747,131039.71370018648,1089.0504524794833,132128.76415266597,3516,48,994.7317073170732,36,5,16,34.95907574424401,0.6307870370370372,44.03153153153152,1023.8738738738723,28.440940940940898,0
3614,4,0,0,41,0.0,0.0,1.0,41,1350,1100,250,0.8148148148148148,16,11,5,355.545683335538,0.7964939024390244,0.16511144003260614,0.2073104830525674,131155.04017531034,1126.3216764061222,132281.36185171647,3517,49,995.7317073170732,36,5,16,34.81406662269129,0.6319444444444446,43.91891891891891,1024.3243243243235,28.45345345345343,0
3615,4,0,0,41,0.0,0.0,1.0,41,900,500,400,0.5555555555555556,13,5,8,356.06169932388127,0.7943597560975609,0.16308580402582407,0.2083934100029995,131299.269603218,1150.1282109812419,132449.39781419924,3518,50,996.7317073170732,36,5,17,34.65507453393399,0.6333912037037038,43.77815315315315,1024.8873873873868,28.469094094094075,0
3616,4,0,0,41,0.0,0.0,1.0,41,1200,1000,200,0.8333333333333334,14,10,4,352.6830606926966,0.7949695121951219,0.16439668629669657,0.20705230183410203,131417.11576485337,1069.7212934711142,132486.83705832448,3519,51,997.7317073170732,35,6,18,34.62262952929224,0.6366071428571429,43.66319444444444,1025.3472222222222,29.29563492063492,0
3617,4,1,0,42,0.023809523809523808,0.0,1.0,42,1150,800,350,0.6956521739130435,15,8,7,349.54072406894437,0.7979819976771196,0.17988721804511276,0.20753980491593568,131848.0642804967,817.2535711387027,132665.3178516354,3520,0,974.952380952381,36,6,16,34.268548976608194,0.6388888888888888,43.24324324324324,1027.0270270270269,28.528528528528525,0
3618,4,0,0,42,0.0,0.0,1.0,42,1000,800,200,0.8,12,8,4,350.25874740136163,0.798030391018196,0.18186801140100894,0.20828293962159206,131905.8987196656,840.2389720801904,132746.1376917458,3521,1,975.952380952381,36,6,16,34.19183475845941,0.6394675925925926,43.18693693693694,1027.2522522522522,28.534784784784783,0
3619,4,0,0,42,0.0,0.0,1.0,42,1150,900,250,0.782608695652174,14,9,5,349.5610389889703,0.7974980642663569,0.18877029339343077,0.20882154213948462,132079.4781267756,833.9679206233427,132913.44604739893,3522,2,976.952380952381,36,6,17,34.03492915571136,0.6412037037037036,43.018018018018026,1027.9279279279292,28.553553553553588,0
3620,4,0,0,42,0.0,0.0,1.0,42,950,800,150,0.8421052631578947,11,8,3,347.5040458558321,0.7972077042198994,0.19248422260470477,0.20791034984690346,132137.36329234645,783.6536705624607,132921.0169629089,3523,3,977.952380952381,36,6,18,34.02952719970793,0.6417824074074073,42.961711711711715,1028.1531531531534,28.559809809809817,0
3621,4,0,0,42,0.0,0.0,1.0,42,1100,900,200,0.8181818181818182,13,9,4,348.1045152044742,0.7971593108788231,0.1948229735438145,0.2084290051365283,132166.31063073225,801.5378976950083,132967.84852842725,3524,4,978.952380952381,36,6,18,33.984959661227315,0.6420717592592593,42.933558558558566,1028.2657657657671,28.562937937937974,0
3622,4,0,0,42,0.0,0.0,1.0,42,1050,800,250,0.7619047619047619,13,8,5,347.30779759177403,0.7962156407278358,0.19332561668048376,0.2082706576103528,132224.21481870388,784.5001673971333,133008.71498610103,3525,5,979.952380952381,36,6,19,33.94717872915072,0.642650462962963,42.877252252252255,1028.4909909909913,28.569194194194203,0
3623,4,0,0,42,0.0,0.0,1.0,42,850,600,250,0.7058823529411765,11,6,5,338.3383102027731,0.7962156407278358,0.18950179259457678,0.1994513685007505,131574.6348002956,503.3479207757812,132077.9827210714,3526,6,980.952380952381,38,4,15,34.83156305321255,0.6324013157894738,43.50961538461537,1025.9615384615363,26.998987854250956,2
3624,4,0,0,42,0.0,0.0,1.0,42,1450,1200,250,0.8275862068965517,17,12,5,341.9917530463815,0.7955623306233063,0.1952499863747399,0.20276883026087403,131793.94866544288,614.488708999912,132408.4373744428,3527,7,981.952380952381,38,4,15,34.516873027433846,0.6345942982456141,43.29594017094016,1026.816239316238,27.02147998200626,0
3625,4,0,0,42,0.0,0.0,1.0,42,1400,1100,300,0.7857142857142857,17,11,6,340.9736639075552,0.79551393728223,0.1929054305029354,0.2027496461639542,131903.67408366184,595.135807034827,132498.80989069666,3528,8,982.952380952381,38,4,16,34.43252730109206,0.6356907894736843,43.189102564102555,1027.243589743588,27.032726045883894,0
3626,4,0,0,42,0.0,0.0,1.0,42,1150,900,250,0.782608695652174,14,9,5,338.03996538986655,0.7948364305071622,0.18775149598348917,0.20187973352054017,132068.34781804716,528.8759451018922,132597.22376314906,3529,9,983.952380952381,38,4,17,34.34219415861136,0.6373355263157896,43.028846153846146,1027.8846153846139,27.049595141700365,0
3627,4,0,0,42,0.0,0.0,1.0,42,600,300,300,0.5,9,3,6,337.38767360318957,0.7934088269454123,0.18217525946593094,0.20222252466402862,132205.65440317037,520.9116352545761,132726.56603842493,3530,10,984.952380952381,38,4,17,34.220903455918005,0.6387061403508772,42.89529914529914,1028.4188034188028,27.06365272154744,0
3628,4,0,0,42,0.0,0.0,1.0,42,1400,1200,200,0.8571428571428571,16,12,4,338.38896479422596,0.7914972899728997,0.17855660321413747,0.20430551784192733,132480.48159105846,565.9866042077499,133046.4681952662,3531,11,985.952380952381,38,4,17,33.91902760481527,0.6414473684210527,42.628205128205124,1029.487179487179,27.09176788124155,0
3629,4,0,0,42,0.0,0.0,1.0,42,1550,1200,350,0.7741935483870968,19,12,7,338.40138430499235,0.7920538133952768,0.17607588622006243,0.2050614548136034,132618.0021938235,575.6231052304756,133193.62529905397,3532,12,986.952380952381,38,4,17,33.78064170383432,0.6428179824561404,42.49465811965812,1030.0213675213674,27.105825461088617,0
3630,4,0,0,42,0.0,0.0,1.0,42,1050,600,450,0.5714285714285714,15,6,9,332.9676477212459,0.7920538133952768,0.16531895777178818,0.2025098316468562,132755.59413580253,440.6635802469205,133196.25771604944,3533,13,987.952380952381,38,4,15,33.782569631626245,0.644188596491228,42.361111111111114,1030.5555555555559,27.11988304093568,0
3631,4,0,1,41,0.0,0.023809523809523808,0.9761904761904762,42,1050,800,250,0.7619047619047619,13,8,5,333.6783124180092,0.7917150600077429,0.16887289741767342,0.20324042665460565,132810.65088757398,463.20677186061556,133273.8576594346,3534,14,988.952380952381,38,4,15,33.709058872305135,0.6447368421052632,42.30769230769231,1030.769230769231,27.125506072874497,0
3632,4,0,0,41,0.0,0.0,1.0,41,1050,600,450,0.5714285714285714,15,6,9,331.9026437979226,0.7889227642276423,0.15712260324343985,0.20260546586298236,132893.25741699542,621.5246959237329,133514.78211291914,3535,15,996.1951219512196,38,3,16,33.672028805305146,0.6455592105263158,42.2275641025641,1031.0897435897436,27.133940620782727,0
3633,4,1,0,42,0.023809523809523808,0.0,1.0,42,1200,1000,200,0.8333333333333334,14,10,4,330.92559466304107,0.7992886178861789,0.15122765900976054,0.18263328378704916,129011.37689248659,148.90617010007207,129160.28306258666,3536,0,973.452380952381,38,4,18,37.61546079153083,0.6066337719298246,46.02029914529914,1015.9188034188028,26.73470535312639,7
3634,4,1,0,43,0.023255813953488372,0.0,1.0,43,1200,800,400,0.6666666666666666,16,8,8,331.5548942501857,0.8066168327796235,0.13291776552385448,0.17670782825421996,127617.73003472228,-116.92636994118925,127500.8036647811,3537,0,951.7906976744187,39,4,17,39.02061855670103,0.5908119658119659,47.395833333333336,1010.4166666666672,25.90811965811967,4
3635,4,1,0,44,0.022727272727272728,0.0,1.0,44,900,700,200,0.7777777777777778,11,7,4,328.5682756310939,0.811531007751938,0.13434982738780232,0.17640607419805318,127913.11905115996,-394.36140855311476,127518.75764260684,3538,0,931.1363636363636,40,4,18,38.79428705378073,0.5921875000000001,47.103658536585364,1011.585365853658,25.28963414634145,0
3636,4,1,0,45,0.022222222222222223,0.0,1.0,45,1000,700,300,0.7,13,7,6,320.0426283937654,0.8196969696969697,0.13341562092847847,0.173050858356184,128197.2710503473,-793.8634062169417,127403.40764413036,3539,0,911.4222222222222,39,6,19,38.72017074675991,0.5966880341880341,46.82291666666667,1012.708333333334,25.966880341880362,0
3637,4,2,1,46,0.0425531914893617,0.02127659574468085,0.9787234042553191,47,900,400,500,0.4444444444444444,14,4,10,307.94705636006995,0.8278985507246376,0.14111976825492012,0.16818646924280725,128596.93877551006,-1479.790249433118,127117.14852607694,3540,0,873.5957446808511,41,6,14,38.619913928012515,0.5975609756097562,46.42857142857142,1014.2857142857131,24.738675958188125,0
3638,4,2,2,46,0.041666666666666664,0.041666666666666664,0.9583333333333334,48,1100,900,200,0.8181818181818182,13,9,4,306.1639809815374,0.8329639479905437,0.15559305727824935,0.1686234726572512,128930.61682178041,-1705.217816687717,127225.3990050927,3541,0,856.3541666666666,42,6,15,38.32629679101865,0.5994543650793652,46.09980620155038,1015.6007751937974,24.18097083794756,0
3639,4,1,0,47,0.02127659574468085,0.0,1.0,47,1400,1000,400,0.7142857142857143,18,10,8,313.7375184010784,0.8320613629355534,0.14759144446823047,0.1727665936456072,128924.1733296327,-1310.329959530115,127613.84337010258,3542,0,875.4893617021277,41,6,17,38.14054817492104,0.6008638211382114,46.10615079365079,1015.5753968253962,24.77013162988771,0
3640,4,1,1,47,0.020833333333333332,0.020833333333333332,0.9791666666666666,48,1100,700,400,0.6363636363636364,15,7,8,306.4951584234173,0.8375997340425532,0.14515894966878373,0.17019372790269618,129254.345703125,-1675.9406149612628,127578.40508816374,3543,0,858.2291666666666,39,9,19,37.989568394454686,0.6073717948717949,45.78125,1016.875,26.07371794871795,0
3641,4,2,2,47,0.04081632653061224,0.04081632653061224,0.9591836734693877,49,1000,700,300,0.7,13,7,6,299.8391080378932,0.8450963718820862,0.1391749111027334,0.1674784532626604,129485.67450137154,-2035.026170764756,127450.64833060678,3544,0,841.5510204081633,40,9,16,37.92457147611915,0.6080729166666667,45.55386178861789,1017.7845528455285,25.444613821138212,0
3642,4,0,0,47,0.0,0.0,1.0,47,1500,1200,300,0.8,18,12,6,313.42381080354767,0.8328707986432315,0.1400418555981866,0.17380774962742165,129201.38888888879,-1301.041666666676,127900.34722222212,3545,2,878.3617021276596,38,9,20,37.86714480874316,0.6085526315789473,45.83333333333333,1016.6666666666658,26.75438596491226,0
3643,4,0,0,47,0.0,0.0,1.0,47,1400,1000,400,0.7142857142857143,18,10,8,324.8100949937564,0.8327551649707061,0.16782656649381766,0.1691045681837683,126667.22888518823,-1154.0799595301198,125513.14892565811,3546,3,879.3617021276596,41,6,14,40.16406737623599,0.5779979674796749,48.338293650793645,1006.6468253968245,24.552361595044502,8
3644,4,0,1,46,0.0,0.02127659574468085,0.9787234042553191,47,1500,1200,300,0.8,18,12,6,321.7007569052179,0.833872957138452,0.161884738295621,0.16792747194956922,126774.66540660094,-1243.2988364581654,125531.36657014277,3547,4,880.3617021276596,42,5,15,40.13218031367268,0.5776289682539684,48.23158914728681,1007.0736434108508,23.977943890734544,0
3645,4,4,3,47,0.08,0.06,0.94,50,1250,700,550,0.56,18,7,11,311.06835599426046,0.8531462585034013,0.2004141898370091,0.16604109278506318,127678.93024006959,-2055.434900997545,125623.49533907205,3548,0,826.38,42,8,13,39.47567114093961,0.5868055555555556,47.33527131782945,1010.6589147286811,24.063307493540027,0
3646,4,2,4,45,0.04081632653061224,0.08163265306122448,0.9183673469387755,49,1050,600,450,0.5714285714285714,15,6,9,314.807661725111,0.8549461451247166,0.2063396403623774,0.16803704768643318,127678.93024006959,-1761.138903912034,125917.79133615755,3549,0,844.0612244897959,42,7,13,39.381192074145105,0.5868055555555556,47.33527131782945,1010.6589147286811,24.063307493540027,0
3647,4,0,0,45,0.0,0.0,1.0,45,1300,1000,300,0.7692307692307693,16,10,6,335.1422844157011,0.8378367003367004,0.21205771333827172,0.1776084938555221,127388.43831041343,-461.3495552998844,126927.08875511355,3550,2,911.6,38,7,13,39.16463823332274,0.590186403508772,47.62286324786324,1009.5085470085468,26.56601439496176,0
3648,4,2,0,47,0.0425531914893617,0.0,1.0,47,800,500,300,0.625,11,5,6,321.9030139674752,0.8466312056737588,0.22240471789813965,0.1729793807943594,127948.38543544534,-1162.605819211603,126785.77961623373,3551,0,873.7659574468086,42,5,16,38.92686683906397,0.5895337301587302,47.068798449612395,1011.7248062015484,24.088685861941627,0
3649,4,2,2,47,0.04081632653061224,0.04081632653061224,0.9591836734693877,49,1250,900,350,0.72,16,9,7,312.8165095886511,0.8563988095238095,0.2237778605659988,0.17037996563383936,128488.14791967123,-1761.0567461390553,126727.09117353217,3552,0,839.0612244897959,42,7,13,38.60707572716558,0.5949900793650793,46.53585271317829,1013.8565891472863,24.13944259874491,0
3650,4,2,2,47,0.04081632653061224,0.04081632653061224,0.9591836734693877,49,1100,600,500,0.5454545454545454,16,6,10,315.19414264255226,0.8585955215419502,0.20119204729362705,0.17000579977854072,128097.66053669398,-1722.899408607785,126374.76112808619,3553,0,840.0204081632653,44,5,19,38.94440379279855,0.5883049242424243,46.92129629629629,1012.3148148148139,23.00715488215486,4
3651,4,0,0,47,0.0,0.0,1.0,47,650,500,150,0.7692307692307693,8,5,3,327.4636251514481,0.8540703052728954,0.19737064738991195,0.17553866747332625,127850.36886492696,-1026.7309469082427,126823.63791801872,3554,1,874.4893617021277,42,5,19,38.886293954201385,0.5885416666666666,47.1656976744186,1011.3372093023253,24.079457364341078,0
3652,4,0,0,47,0.0,0.0,1.0,47,1150,800,350,0.6956521739130435,15,8,7,327.7525758028928,0.85395467160037,0.20093226505351258,0.17590792487436502,127899.37245545643,-1016.1302468301136,126883.24220862631,3555,2,875.4893617021277,42,5,19,38.82895072963565,0.5890376984126984,47.117248062015506,1011.5310077519382,24.084071613141386,0
3653,4,4,1,50,0.0784313725490196,0.0196078431372549,0.9803921568627451,51,1400,1200,200,0.8571428571428571,16,12,4,313.78170232804507,0.8680065359477125,0.23742548268623476,0.17256419998642655,128872.123628258,-2111.9876600705766,126760.13596818743,3556,0,807.7450980392157,44,7,16,38.192291324700584,0.5961174242424242,46.15740740740741,1015.3703703703713,23.07659932659935,0
3654,4,1,4,47,0.0196078431372549,0.0784313725490196,0.9215686274509804,51,1600,1100,500,0.6875,21,11,10,288.8451260748978,0.865359477124183,0.059221268578605546,0.16168422395825946,129570.00892669595,-2699.9449050412277,126870.06402165473,3557,0,808.7254901960785,45,6,16,38.11906880189798,0.6018518518518519,45.47101449275362,1018.1159420289846,22.62479871175521,5
3655,4,2,2,47,0.04081632653061224,0.04081632653061224,0.9591836734693877,49,1300,900,400,0.6923076923076923,17,9,8,331.08791301503635,0.854875283446712,0.04442906390171841,0.18326800259878212,129129.19253795056,-1245.6849189081563,127883.5076190424,3558,0,842.469387755102,43,6,18,37.49155641479548,0.6000484496124031,45.90435606060606,1016.382575757576,23.63680408738549,3
3656,4,0,1,46,0.0,0.02127659574468085,0.9787234042553191,47,1150,700,450,0.6086956521739131,16,7,9,341.36344960141105,0.8465926611162503,0.053374959586964144,0.1882676464716882,128984.86036680729,-593.8566237660693,128391.00374304122,3559,1,879.2765957446809,43,4,18,37.377353873403564,0.5985949612403101,46.046401515151516,1015.814393939394,23.623590556730093,0
3657,4,3,3,46,0.061224489795918366,0.061224489795918366,0.9387755102040817,49,1050,900,150,0.8571428571428571,12,9,3,329.3058980459114,0.856469671201814,0.06464011608238263,0.18381656984569428,129459.8174449732,-1272.7157500826079,128187.10169489059,3560,0,844.1020408163265,40,9,15,37.201043539045344,0.6078125000000001,45.579268292682926,1017.682926829268,25.4420731707317,0
3658,4,0,0,46,0.0,0.0,1.0,46,1150,700,450,0.6086956521739131,16,7,9,343.86946284275456,0.8454106280193237,0.040595293750973704,0.1913324959919942,129333.80126953125,-305.21104600694446,129028.59022352431,3561,1,855.6304347826087,39,7,20,36.958632019115896,0.608173076923077,45.703125,1017.1875,26.08173076923077,0
3659,4,0,0,46,0.0,0.0,1.0,46,1550,1200,350,0.7741935483870968,19,12,7,339.11286208065394,0.8442431561996779,0.04578298243428458,0.18957728193662182,129519.29253472213,-415.6684027777872,129103.62413194435,3562,2,856.6304347826087,39,7,17,36.89111747851002,0.6100427350427351,45.52083333333333,1017.9166666666658,26.100427350427328,0
3660,4,2,1,47,0.041666666666666664,0.020833333333333332,0.9791666666666666,48,1500,1000,500,0.6666666666666666,20,10,10,326.4238893109644,0.8514332151300236,0.06265084006312094,0.18517980829631459,130093.46954093469,-1106.8767396981389,128986.59280123655,3563,0,821.8958333333334,43,5,18,36.632186175314835,0.6097383720930234,44.95738636363635,1020.1704545454527,23.724894291754712,0
3661,4,2,1,48,0.04081632653061224,0.02040816326530612,0.9795918367346939,49,1550,1100,450,0.7096774193548387,20,11,9,322.75817044398065,0.8525368480725624,0.07642154007869428,0.18537857910651737,130574.00238160181,-1370.7953684658105,129203.207013136,3564,0,806.0816326530612,40,9,19,36.23989095489046,0.6190104166666666,44.48678861788619,1022.0528455284573,25.55132113821143,0
3662,4,0,0,48,0.0,0.0,1.0,48,1200,800,400,0.6666666666666666,16,8,8,330.21617004063614,0.8496971040189125,0.08047852093529118,0.1891799179765519,130475.34722222267,-982.9861111110622,129492.3611111116,3565,1,823.875,39,9,21,36.14906199021208,0.6196581196581195,44.58333333333336,1021.6666666666704,26.196581196581292,0
3663,4,1,3,46,0.02040816326530612,0.061224489795918366,0.9387755102040817,49,950,500,450,0.5263157894736842,14,5,9,323.62376023971194,0.8521116780045351,0.07638055222088869,0.18675169283557733,130755.83316808812,-1336.8611193733518,129418.97204871477,3566,0,808.0408163265306,40,9,19,36.034172959724444,0.6208333333333331,44.30894308943091,1022.7642276422791,25.56910569105698,0
3664,4,2,0,48,0.041666666666666664,0.0,1.0,48,950,600,350,0.631578947368421,13,6,7,328.11757624718297,0.8510084219858156,0.10537058703835589,0.19071955392865553,131034.66932508702,-1001.0443793402569,130033.62494574676,3567,0,817.8958333333334,39,9,21,35.63784464340218,0.6252670940170939,44.03645833333334,1023.8541666666683,26.252670940170983,0
3665,4,1,1,48,0.02040816326530612,0.02040816326530612,0.9795918367346939,49,1550,1200,350,0.7741935483870968,19,12,7,320.9205605155703,0.853670634920635,0.10836675425252307,0.18771853851222256,131277.286666982,-1374.083915973761,129903.20275100823,3568,0,802.1836734693877,41,8,22,35.57760567925137,0.624491869918699,43.79960317460319,1024.8015873015904,24.99516066589245,0
3666,4,1,0,49,0.02040816326530612,0.0,1.0,49,600,300,300,0.5,9,3,6,317.8851706256673,0.8544855442176871,0.11249688997199359,0.1865898460241304,131410.26925131507,-1445.2953017169868,129964.97394959808,3569,0,803.1632653061224,38,11,23,35.521517140773156,0.6307565789473684,43.6698717948718,1025.320512820514,26.98211875843458,0
3667,4,1,1,49,0.02,0.02,0.98,50,1700,1300,400,0.7647058823529411,21,13,8,306.85605410670127,0.8571428571428571,0.1395907420284095,0.17743365288295015,130833.79937743742,-1963.1748661462088,128870.62451129121,3570,0,788.08,40,10,17,36.384349855965034,0.6216145833333333,44.232723577235774,1023.0691056910573,25.57672764227643,8
3668,4,0,0,49,0.0,0.0,1.0,49,1450,900,550,0.6206896551724138,20,9,11,311.8872448237118,0.8500212585034014,0.14785900116481598,0.18128561380084374,131034.669325087,-1626.3916015624802,129408.27772352452,3571,1,804.6122448979592,39,10,17,36.05328195475974,0.6252670940170939,44.03645833333334,1023.8541666666682,26.25267094017098,0
3669,4,0,1,48,0.0,0.02040816326530612,0.9795918367346939,49,1400,1000,400,0.7142857142857143,18,10,8,310.6311335563584,0.8498086734693878,0.1418442071702557,0.18093159390557584,131114.67013888908,-1654.340277777758,129460.32986111133,3572,2,805.6122448979592,39,10,19,36.00488201790074,0.6260683760683761,43.95833333333334,1024.1666666666683,26.260683760683804,0
3670,4,0,0,48,0.0,0.0,1.0,48,1450,1100,350,0.7586206896551724,18,11,7,319.45838854618546,0.8435098995271867,0.1461977154091243,0.1863317789420634,131168.01757812503,-1219.4552951388866,129948.56228298614,3573,3,823.3333333333334,39,9,19,35.725120330825014,0.6266025641025641,43.90625,1024.3750000000002,26.266025641025646,0
3671,4,0,0,48,0.0,0.0,1.0,48,1250,900,350,0.72,16,9,7,318.81776343814283,0.8425864361702128,0.14378408527516107,0.18660923646393932,131302.0846243144,-1227.712609062054,130074.37201525233,3574,4,824.3333333333334,40,8,19,35.606511320442884,0.6263020833333333,43.775406504065046,1024.898373983741,25.622459349593527,0
3672,4,2,1,49,0.04,0.02,0.98,50,1600,1300,300,0.8125,19,13,6,311.007245452563,0.8495748299319728,0.16401622718052744,0.18473080964832975,131862.521701389,-1797.9523235590468,130064.56937782995,3575,0,792.32,39,11,18,35.243407707910755,0.6335470085470085,43.22916666666667,1027.0833333333342,26.335470085470106,0
3673,4,0,0,49,0.0,0.0,1.0,49,1150,800,350,0.6956521739130435,15,8,7,338.1227179356701,0.8449900793650794,0.17818552410517086,0.19497052145061655,130726.51855504427,-949.9132229801203,129776.60533206415,3576,1,809.4897959183673,38,11,18,35.693080512606215,0.6239035087719298,44.33760683760684,1022.6495726495732,26.911830859199295,3
3674,4,0,2,47,0.0,0.04081632653061224,0.9591836734693877,49,1350,1000,350,0.7407407407407407,17,10,7,338.23966302029703,0.845344387755102,0.1673535863856941,0.1959237293343986,130901.38888888902,-944.7916666666574,129956.59722222236,3577,2,810.4897959183673,39,10,18,35.51336862106404,0.6239316239316239,44.16666666666667,1023.3333333333344,26.239316239316267,0
3675,4,0,1,46,0.0,0.02127659574468085,0.9787234042553191,47,1300,900,400,0.6923076923076923,17,9,8,336.9133890014747,0.8408109774899784,0.1368078175895766,0.19515549136500537,130901.38888888911,-579.513888888863,130321.87500000025,3578,3,844.4042553191489,39,8,21,35.547299131378935,0.6239316239316238,44.16666666666668,1023.3333333333351,26.239316239316285,2
3676,4,1,1,46,0.02127659574468085,0.02127659574468085,0.9787234042553191,47,1950,1800,150,0.9230769230769231,21,18,3,334.5289754825833,0.8436247301880974,0.15598799027454535,0.19539352748495764,131221.37586805545,-620.5295138888936,130600.84635416656,3579,0,844.9148936170212,39,8,21,35.285346346753435,0.6271367521367521,43.854166666666664,1024.5833333333326,26.2713675213675,0
3677,4,0,0,46,0.0,0.0,1.0,46,1200,800,400,0.6666666666666666,16,8,8,342.70379184270126,0.8366143317230273,0.15222831186846442,0.20029689625614505,131246.00643080176,-204.2991863905621,131041.7072444112,3580,5,864.2826086956521,38,8,22,35.051089563132116,0.6291118421052633,43.83012820512819,1024.6794871794843,26.96524966261801,0
3678,4,1,1,46,0.02127659574468085,0.02127659574468085,0.9787234042553191,47,1250,800,450,0.64,17,8,9,336.67259158178894,0.8409266111625038,0.1548621332101885,0.19791946882869077,131468.65051025298,-547.5703799564812,130921.0801302965,3581,0,846.8723404255319,37,10,22,34.98108895541537,0.6331644144144146,43.61293859649122,1025.5482456140337,27.71752015173064,0
3679,4,0,0,46,0.0,0.0,1.0,46,750,600,150,0.8,9,6,3,342.38878974155597,0.8362117552334943,0.1580063626723225,0.20054200542005407,131328.12499999988,-206.9444444444581,131121.18055555542,3582,7,866.2826086956521,36,10,22,34.97628726287263,0.6336805555555556,43.74999999999999,1024.999999999999,28.472222222222197,0
3680,4,0,0,46,0.0,0.0,1.0,46,1350,900,450,0.6666666666666666,18,9,9,340.77243496670144,0.8349838969404187,0.15035078509044042,0.2008044555334186,131559.0823086601,-233.65823593863712,131325.42407272145,3583,8,867.2826086956521,36,10,19,34.78480607391145,0.6359953703703705,43.52477477477478,1025.9009009009014,28.497247247247262,0
3681,4,1,1,46,0.02127659574468085,0.02127659574468085,0.9787234042553191,47,1950,1500,450,0.7692307692307693,24,15,9,329.6130045593868,0.8348751156336724,0.14476259678921033,0.19621816090987626,131946.9993170975,-701.7106224992287,131245.28869459828,3584,0,849.8085106382979,37,10,20,34.680718605478496,0.6379504504504505,43.146929824561404,1027.412280701754,27.767899478425786,0
3682,4,0,0,46,0.0,0.0,1.0,46,1300,900,400,0.6923076923076923,17,9,8,335.75241348570717,0.8321256038647343,0.14789329926638461,0.19950474028684928,131876.97991488117,-344.3971420744992,131532.58277280667,3585,10,869.2826086956521,36,10,21,34.59347476519388,0.6391782407407407,43.215090090090094,1027.13963963964,28.53165665665667,0
3683,4,0,0,46,0.0,0.0,1.0,46,1000,700,300,0.7,13,7,6,337.7841696378308,0.8311594202898551,0.15527099463966665,0.20132466021849807,131992.67415641993,-282.992832359384,131709.68132406054,3586,11,870.2826086956521,36,10,21,34.42488584474886,0.6403356481481481,43.10247747747748,1027.5900900900901,28.54416916916917,0
3684,4,0,1,45,0.0,0.021739130434782608,0.9782608695652174,46,1350,1100,250,0.8148148148148148,16,11,5,335.39531800140577,0.8315217391304348,0.14924964399167462,0.2005123679132178,132108.41912436092,-338.29095142438524,131770.12817293653,3587,12,871.2826086956521,36,10,22,34.36986526454159,0.6414930555555556,42.98986486486487,1028.0405405405413,28.556681681681702,0
3685,4,0,0,45,0.0,0.0,1.0,45,800,200,600,0.25,14,2,12,335.1514257708871,0.8304713804713805,0.1401997370011019,0.2008552857702971,132200.59447378045,-138.55645487072456,132062.03801890972,3588,13,819.8222222222222,37,8,22,34.283483491488084,0.6404842342342343,42.90021929824562,1028.3991228070179,27.79457088667616,0
3686,4,0,0,45,0.0,0.0,1.0,45,1650,1300,350,0.7878787878787878,20,13,7,337.3800372734411,0.8300505050505051,0.14319619128828243,0.202644014705469,132285.18029586034,-73.92418821174584,132211.2561076486,3589,14,820.8222222222222,37,8,22,34.14117458963973,0.6413288288288288,42.817982456140356,1028.7280701754394,27.803461356092956,0
3687,4,0,0,45,0.0,0.0,1.0,45,1300,1100,200,0.8461538461538461,15,11,4,335.8520873969414,0.8303451178451179,0.1360323886639676,0.2023304038708405,132398.00347222236,-106.77083333331439,132291.23263888905,3590,15,821.8222222222222,37,8,22,34.06713900134955,0.6424549549549547,42.70833333333334,1029.1666666666679,27.81531531531535,0
3688,4,0,1,44,0.0,0.022222222222222223,0.9777777777777777,45,950,600,350,0.631578947368421,13,6,7,339.105047131141,0.8290824915824916,0.1373192477710352,0.20526236118182956,132576.73852237663,-8.51176697529587,132568.22675540132,3591,16,822.8222222222222,35,10,23,33.803944706675665,0.6482142857142856,42.53472222222223,1029.8611111111118,29.42460317460319,0
3689,4,0,1,43,0.0,0.022727272727272728,0.9772727272727273,44,1150,800,350,0.6956521739130435,15,8,7,338.7693869628831,0.8275854474982383,0.14846994535519098,0.20582602195952088,132716.91243608497,192.08541311584145,132908.99784920082,3592,17,838.3409090909091,36,8,19,33.67190346083788,0.6475694444444443,42.39864864864866,1030.4054054054072,28.622372372372425,0
3690,4,0,0,43,0.0,0.0,1.0,43,1250,700,550,0.56,18,7,11,339.7879426686722,0.826781100036914,0.1266232320683871,0.20717809578280527,132849.77709487543,428.15048861189064,133277.92758348733,3593,18,802.1627906976744,37,6,19,33.512373253917595,0.6469594594594594,42.26973684210527,1030.9210526315796,27.862731152204855,0
3691,4,0,0,43,0.0,0.0,1.0,43,900,500,400,0.5555555555555556,13,5,8,351.6425408156517,0.8266888150609081,0.06277179050860249,0.20596205962059624,131328.12500000017,639.0206602031544,131967.14566020333,3594,19,803.1627906976744,35,8,18,34.7391598915989,0.6357142857142857,43.75000000000001,1025.0000000000014,29.285714285714324,8
3692,4,1,2,42,0.022727272727272728,0.045454545454545456,0.9545454545454546,44,1250,900,350,0.72,16,9,7,342.8796522784195,0.8276515151515151,0.057490446114087934,0.20219912698438078,131587.96623904322,223.7672216135198,131811.73346065675,3595,0,785.8863636363636,36,8,16,34.70164270295979,0.6362847222222221,43.49662162162163,1026.0135135135145,28.500375375375402,0
3693,4,1,1,42,0.023255813953488372,0.023255813953488372,0.9767441860465116,43,900,600,300,0.6666666666666666,12,6,6,351.476462615178,0.8262273901808785,0.05656535975149013,0.20714676626469017,131565.5006858712,648.4353566529651,132213.93604252418,3596,0,803.7674418604652,35,8,17,34.50379813477738,0.638095238095238,43.518518518518526,1025.925925925927,29.312169312169342,0
3694,4,0,0,42,0.0,0.0,1.0,42,1750,1300,450,0.7428571428571429,22,13,9,357.74446428338655,0.8207026713124274,0.05563434760185659,0.2108408863968048,131565.50068587135,1013.3659122085348,132578.86659807988,3597,22,823.9047619047619,35,7,17,34.34303549939832,0.6380952380952379,43.51851851851853,1025.9259259259281,29.312169312169374,0
3695,4,0,1,41,0.0,0.023809523809523808,0.9761904761904762,42,650,500,150,0.7692307692307693,8,5,3,356.18883067490606,0.820097754548974,0.05862494251431927,0.2102067762376779,131616.8533398264,976.0906176446802,132592.94395747109,3598,23,824.9047619047619,36,6,18,34.331101843722564,0.6365740740740741,43.46846846846847,1026.1261261261268,28.503503503503524,0
3696,4,0,0,41,0.0,0.0,1.0,41,850,500,350,0.5882352941176471,12,5,7,354.5824756668523,0.8165650406504065,0.0606545446762059,0.20989440572591087,131732.43344696064,1142.0024754484389,132874.4359224091,3599,24,842.0243902439024,36,5,18,34.255704256252734,0.6377314814814814,43.355855855855864,1026.5765765765777,28.51601601601605,0
3697,4,0,0,41,0.0,0.0,1.0,41,750,500,250,0.6666666666666666,10,5,5,354.04383478228664,0.8166158536585366,0.06045614208677619,0.2102935066839366,131862.52170138896,1137.0225694444543,132999.54427083343,3600,25,843.0243902439024,37,4,18,34.138353617308994,0.6371058558558558,43.22916666666667,1027.083333333334,27.759009009009027,0
3698,4,1,1,41,0.023809523809523808,0.023809523809523808,0.9761904761904762,42,850,400,450,0.47058823529411764,13,4,9,350.2705927639682,0.8212591947348045,0.0635893502371061,0.20967380358842533,132156.90239800367,858.1353081597421,133015.03770616342,3601,0,823.9285714285714,39,3,18,33.93874734069497,0.6364850427350426,42.94270833333334,1028.2291666666683,26.36485042735047,0
3699,4,0,0,41,0.0,0.0,1.0,41,1150,900,250,0.782608695652174,14,9,5,357.18092341992684,0.8121443089430894,0.0695459085125043,0.21346551833208333,132095.80342793505,1236.4202096574131,133332.22363759245,3602,27,845.0243902439024,38,3,19,33.82266334095476,0.6376096491228069,43.002136752136764,1027.9914529914547,27.05240665766986,0
3700,4,0,0,41,0.0,0.0,1.0,41,1250,1000,250,0.8,15,10,5,356.79392282592534,0.8115853658536586,0.07425761387560836,0.21400966324269063,132233.1242809008,1235.9950279421455,133469.11930884296,3603,28,846.0243902439024,38,3,19,33.69429728887502,0.6389802631578947,42.868589743589745,1028.5256410256416,27.066464237516882,0
3701,4,0,0,41,0.0,0.0,1.0,41,1050,700,350,0.6666666666666666,14,7,7,358.81506723159794,0.8116869918699187,0.07284154444534496,0.21600667047342198,132370.51647308064,1299.3071535539582,133669.8236266346,3604,29,847.0243902439024,38,3,19,33.50398844130676,0.6403508771929824,42.73504273504274,1029.0598290598296,27.080521817363934,0
3702,4,0,0,41,0.0,0.0,1.0,41,1000,700,300,0.7,13,7,6,356.93851309944523,0.811229674796748,0.06903846533550317,0.21538362336154232,132459.27047902485,1255.974424478306,133715.24490350316,3605,30,848.0243902439024,34,7,20,33.462954396515165,0.649203431372549,42.64880952380952,1029.4047619047612,30.276610644257683,0
3703,4,0,0,41,0.0,0.0,1.0,41,1300,900,400,0.6923076923076923,17,9,8,371.2105230788603,0.811229674796748,0.0536506729924906,0.2107452054453197,130122.70752779685,1460.5836651661903,131583.29119296305,3606,31,849.0243902439024,37,4,19,35.4602140426294,0.6196509009009009,44.92872807017543,1020.2850877192969,27.575272641062078,7
3704,4,2,2,41,0.046511627906976744,0.046511627906976744,0.9534883720930233,43,850,400,450,0.47058823529411764,13,4,9,355.69813180828515,0.8215208564045773,0.05646621602404256,0.2043389970317855,130581.7925347223,689.5399305555666,131271.33246527787,3607,0,810.4883720930233,39,4,18,35.39033836119039,0.6207264957264957,44.47916666666667,1022.083333333334,26.207264957264975,0
3705,4,1,0,42,0.023809523809523808,0.0,1.0,42,900,400,500,0.4444444444444444,14,4,10,361.9655105642395,0.8174603174603174,0.06587202007528248,0.2075442531796395,130508.09500328732,1047.8858481262332,131555.98085141357,3608,0,830.7619047619048,38,4,19,35.30491948975323,0.6217105263157894,44.55128205128205,1021.7948717948718,26.889338731443996,0
3706,4,0,1,41,0.0,0.023809523809523808,0.9761904761904762,42,1050,700,350,0.6666666666666666,14,7,7,362.8767212751012,0.8176780874951607,0.06881487566275868,0.20821330767824478,130535.3879597669,1073.6507186427018,131609.0386784096,3609,1,831.7619047619048,38,4,19,35.25396410524482,0.621984649122807,44.52457264957265,1021.9017094017088,26.89215024741339,0
3707,4,0,0,41,0.0,0.0,1.0,41,900,700,200,0.7777777777777778,11,7,4,364.28393263203617,0.8167174796747968,0.07224860998227811,0.20941524492783659,130608.41064453125,1315.7090928819443,131924.1197374132,3610,2,849.609756097561,39,2,19,35.143962940317266,0.6209935897435898,44.453125,1022.1875,26.209935897435898,0
3708,4,1,2,40,0.023809523809523808,0.047619047619047616,0.9523809523809523,42,1300,800,500,0.6153846153846154,18,8,10,353.21691717615397,0.8210656213704994,0.07316911667328818,0.20437861621434025,130859.79327781091,844.3785527794375,131704.17183059035,3611,0,830.3571428571429,40,2,19,35.172286783207525,0.621875,44.207317073170735,1023.1707317073177,25.579268292682944,0
3709,4,0,0,40,0.0,0.0,1.0,40,900,700,200,0.7777777777777778,11,7,4,361.84287983539974,0.8146901709401709,0.08355187545711074,0.20850079487685788,130699.20562358458,1458.5153910073775,132157.72101459195,3612,4,871.1,38,2,19,35.11432103925052,0.6236293859649124,44.36431623931624,1022.5427350427346,26.909019343229858,0
3710,4,1,0,41,0.024390243902439025,0.0,1.0,41,1050,700,350,0.6666666666666666,14,7,7,354.6160765304013,0.8184959349593496,0.09599269458967852,0.20612190515773599,131034.66932508688,1093.4000651041722,132128.06939019106,3613,0,850.829268292683,39,2,20,34.9595796452674,0.625267094017094,44.036458333333336,1023.8541666666673,26.252670940170958,0
3711,4,1,1,41,0.023809523809523808,0.023809523809523808,0.9761904761904762,42,1100,700,400,0.6363636363636364,15,7,8,347.24563569598905,0.8253000387146728,0.09942394409424637,0.20324853371991,131302.08462431424,718.8151687157076,132020.89979302994,3614,0,831.547619047619,40,2,20,34.878119319120806,0.6263020833333334,43.77540650406504,1024.89837398374,25.6224593495935,0
3712,4,0,0,41,0.0,0.0,1.0,41,1450,1200,250,0.8275862068965517,17,12,5,351.38360243441616,0.8169715447154472,0.10981309569242881,0.20609758135634818,131381.5158420138,1033.0620659722174,132414.577907986,3615,2,852.829268292683,39,2,20,34.69188173135542,0.6287393162393162,43.697916666666664,1025.2083333333326,26.287393162393144,0
3713,4,1,1,41,0.023809523809523808,0.023809523809523808,0.9761904761904762,42,1300,1100,200,0.8461538461538461,15,11,4,346.1814810649842,0.8186217576461479,0.11418766675151559,0.2049897609448108,131745.12215777647,721.5443023332689,132466.66646010973,3616,0,833.5,40,2,19,34.45852306473965,0.6307291666666668,43.34349593495935,1026.6260162601627,25.665650406504067,0
3714,4,0,0,41,0.0,0.0,1.0,41,1400,1100,300,0.7857142857142857,17,11,6,353.58880737724405,0.8130589430894309,0.1278613820725898,0.20987549981530673,131835.77609592,1123.1309678819355,132958.90706380195,3617,4,854.829268292683,39,2,19,34.17699986475978,0.6332799145299146,43.25520833333333,1026.9791666666656,26.332799145299116,0
3715,4,1,0,42,0.023809523809523808,0.0,1.0,42,1150,900,250,0.782608695652174,14,9,5,333.5572119584262,0.8180410375532327,0.07177363699102801,0.19625575494298098,131501.32395909424,475.62965137328905,131976.95361046752,3618,0,835.452380952381,36,6,19,35.02804311228222,0.6354166666666667,43.58108108108108,1025.6756756756758,28.490990990990994,4
3716,4,1,1,42,0.023255813953488372,0.023255813953488372,0.9767441860465116,43,1250,900,350,0.72,16,9,7,324.53230767739745,0.8248431155407899,0.06831472950992712,0.19247910458510598,131806.21831957888,-44.92476050325541,131761.29355907562,3619,0,817.0,37,6,16,34.952727353621654,0.6365427927927929,43.283991228070164,1026.8640350877174,27.753082029397767,0
3717,4,0,0,42,0.0,0.0,1.0,42,1150,1000,150,0.8695652173913043,13,10,3,329.6842004378168,0.8163472706155633,0.06442515589258235,0.19545257084473447,131790.24252292843,289.832146335532,132080.07466926397,3620,2,837.452380952381,36,6,16,34.83654127367112,0.6383101851851851,43.29954954954955,1026.8018018018026,28.522272272272296,0
3718,4,0,0,42,0.0,0.0,1.0,42,1300,600,700,0.46153846153846156,20,6,14,331.863433148932,0.8165650406504065,0.0721122732302042,0.19764503681794104,131963.74584043506,358.788349159977,132322.53418959503,3621,3,838.452380952381,36,6,16,34.606075551658634,0.6400462962962963,43.130630630630634,1027.4774774774778,28.54104104104105,0
3719,4,0,0,42,0.0,0.0,1.0,42,950,700,250,0.7368421052631579,12,7,5,334.0811617026488,0.8139759969028262,0.07625880892394221,0.19972671415739915,132108.41912436104,426.9868263534071,132535.40595071446,3622,4,839.452380952381,36,6,17,34.40364041333481,0.6414930555555554,42.98986486486488,1028.0405405405422,28.556681681681727,0
3720,4,0,0,42,0.0,0.0,1.0,42,1350,1100,250,0.8148148148148148,16,11,5,332.83991252994844,0.8129355400696864,0.06516397603817681,0.19961882222064706,132228.78674207465,402.2035626346799,132630.99030470932,3623,5,840.452380952381,37,5,17,34.314587775408675,0.6407657657657657,42.87280701754387,1028.508771929826,27.797534376481785,0
3721,4,0,0,42,0.0,0.0,1.0,42,1200,900,300,0.75,15,9,6,332.7467144197383,0.812862950058072,0.06723659302791796,0.20001040495838615,132313.38158135218,405.36859899202636,132718.7501803442,3624,6,841.452380952381,37,5,17,34.232010906248895,0.6416103603603602,42.79057017543861,1028.8377192982475,27.806424845898583,0
3722,4,1,0,43,0.023255813953488372,0.0,1.0,43,1350,800,550,0.5925925925925926,19,8,11,322.5922790618947,0.8162144702842377,0.06200560357203,0.19580601124454544,132680.2718144045,-39.64669417511814,132640.62512022938,3625,0,822.8604651162791,37,6,13,34.125337022846615,0.6452702702702702,42.434210526315795,1030.2631578947373,27.84495021337128,0
3723,4,0,0,43,0.0,0.0,1.0,43,900,600,300,0.6666666666666666,12,6,6,321.2797513980712,0.8161683277962347,0.06510044195449827,0.19530317617329074,132736.76155163138,-70.8732494613555,132665.88830217003,3626,1,823.8604651162791,37,6,13,34.10255728169114,0.6458333333333333,42.37938596491229,1030.4824561403518,27.85087719298248,0
3724,4,0,0,43,0.0,0.0,1.0,43,1250,700,550,0.56,18,7,11,329.96854630334417,0.814922480620155,0.0828874930331327,0.20006492669489703,132639.32427300353,153.36100260417095,132792.68527560768,3627,2,824.8604651162791,39,4,15,33.976408972932894,0.6412927350427351,42.473958333333336,1030.104166666667,26.41292735042736,1
3725,4,1,0,44,0.022727272727272728,0.0,1.0,44,950,600,350,0.631578947368421,13,6,7,324.37599606105795,0.8189085623678647,0.08903848738742837,0.1978830114275064,132869.07723783783,-180.09214505255082,132688.98509278527,3628,0,807.0909090909091,40,4,16,33.89025792672909,0.6419270833333334,42.2510162601626,1030.995934959349,25.774898373983724,0
3726,4,0,0,44,0.0,0.0,1.0,44,500,500,0,1.0,5,5,0,324.37599606105795,0.8189085623678647,0.08903848738742837,0.1978830114275064,132869.07723783783,-180.09214505255082,132688.98509278527,3629,1,808.0909090909091,40,4,16,33.89025792672909,0.6419270833333334,42.2510162601626,1030.995934959349,25.774898373983724,0
3727,4,0,0,44,0.0,0.0,1.0,44,1450,1000,450,0.6896551724137931,19,10,9,324.97634997693945,0.8161997885835095,0.0986922808305648,0.19936464539672932,133078.71187991629,-150.51319072639302,132928.19868918989,3630,2,809.0909090909091,40,4,16,33.664926622673114,0.6440104166666666,42.04776422764229,1031.8089430894327,25.795223577235816,0
3728,4,0,0,44,0.0,0.0,1.0,44,1150,700,450,0.6086956521739131,16,7,9,324.5775899900113,0.8161116983791403,0.0971705037774353,0.19954055713913801,133157.3674730652,-156.0205152356172,133001.3469578296,3631,3,810.0909090909091,40,4,17,33.596519298936585,0.6447916666666667,41.971544715447166,1032.1138211382133,25.802845528455332,0
3729,4,0,1,43,0.0,0.022727272727272728,0.9772727272727273,44,900,500,400,0.5555555555555556,13,5,8,327.3635774510414,0.8155611346018323,0.10280405193782505,0.20167899231807962,133236.04630387024,-76.67424730647775,133159.37205656376,3632,4,811.0909090909091,40,4,17,33.445918233421935,0.6455729166666666,41.89532520325204,1032.4186991869933,25.810467479674834,0
3730,4,0,0,43,0.0,0.0,1.0,43,1200,900,300,0.75,15,9,6,337.2604210975818,0.814922480620155,0.1076417323481309,0.20774319661268706,133230.14458550353,386.65093315973195,133616.79551866325,3633,5,829.0697674418604,39,4,17,33.19638532943195,0.6471688034188035,41.90104166666667,1032.395833333334,26.47168803418805,0
3731,4,0,0,43,0.0,0.0,1.0,43,1100,800,300,0.7272727272727273,14,8,6,339.4905283684592,0.8144610557401255,0.11071024766480075,0.2095709276615757,133310.812717014,451.55164930556487,133762.36436631955,3634,6,830.0697674418604,39,4,17,33.05804922332056,0.6479700854700854,41.82291666666667,1032.7083333333342,26.479700854700877,0
3732,4,0,0,43,0.0,0.0,1.0,43,950,700,250,0.7368421052631579,12,7,5,342.6189719127766,0.814830195644149,0.11415211370655487,0.21196209260505375,133391.50526258704,540.4920789930793,133931.99734158014,3635,7,831.0697674418604,39,4,17,32.896478269637996,0.6487713675213674,41.74479166666668,1033.0208333333353,26.487713675213726,0
3733,4,0,0,43,0.0,0.0,1.0,43,1300,1100,200,0.8461538461538461,15,11,4,342.95342827955056,0.813999630860096,0.11318550567874519,0.21310689907544333,133555.03420857998,560.6557832275341,134115.6899918075,3636,8,832.0697674418604,38,5,18,32.72416020671835,0.6521381578947367,41.58653846153847,1033.6538461538469,27.2014170040486,0
3734,4,0,0,43,0.0,0.0,1.0,43,1050,700,350,0.6666666666666666,14,7,7,343.80950073335464,0.8131690660760428,0.11274876174866821,0.21395784814126512,133610.2564673278,587.2951137774885,134197.55158110528,3637,9,833.0697674418604,38,5,18,32.6467827494747,0.6526864035087719,41.53311965811966,1033.8675213675215,27.207040035987408,0
3735,4,1,1,43,0.022727272727272728,0.022727272727272728,0.9772727272727273,44,700,500,200,0.7142857142857143,9,5,4,335.0996373255548,0.8171687808315715,0.11439127053117959,0.2100451039009079,133876.17323133693,172.37141927084338,134048.54465060777,3638,0,815.1136363636364,39,5,14,32.60621120617346,0.6535790598290598,41.27604166666667,1034.8958333333344,26.535790598290625,0
3736,4,0,0,43,0.0,0.0,1.0,43,1100,700,400,0.6363636363636364,15,7,8,342.15215685551937,0.8112310815799187,0.10710065992334528,0.2140440237072898,133803.62426035493,556.2397271531761,134359.8639875081,3639,11,835.0697674418604,38,5,14,32.496256712102436,0.6546052631578948,41.34615384615384,1034.6153846153836,27.226720647773252,0
3737,4,0,0,43,0.0,0.0,1.0,43,1100,700,400,0.6363636363636364,15,7,8,340.28606662980854,0.8098468069398301,0.11730402916688143,0.21376503983356737,133957.03667534713,516.7426215277735,134473.7792968749,3640,12,836.0697674418604,39,4,15,32.39124236935668,0.654380341880342,41.197916666666664,1035.2083333333328,26.543803418803407,0
3738,4,0,0,43,0.0,0.0,1.0,43,800,600,200,0.75,10,6,4,338.6346367014943,0.809016242155777,0.11817331172832479,0.2132686618039693,134050.42158272178,478.8231624694189,134529.24474519122,3641,13,837.0697674418604,40,3,15,32.34073438011123,0.6536458333333334,41.10772357723577,1035.569105691056,25.8892276422764,0
3739,4,0,1,42,0.0,0.023255813953488372,0.9767441860465116,43,1400,1000,400,0.7142857142857143,18,10,8,336.92952766806314,0.810077519379845,0.11302654027571268,0.21311001638359614,134208.3292021944,443.7497934430535,134652.07899563745,3642,14,838.0697674418604,40,3,16,32.22730319079378,0.6552083333333334,40.95528455284553,1036.1788617886175,25.904471544715438,0
3740,4,0,0,42,0.0,0.0,1.0,42,850,400,450,0.47058823529411764,13,4,9,342.32707822449277,0.8055555555555556,0.11251448879692694,0.21567907552014598,134064.89257812488,778.8085937499867,134843.70117187488,3643,18,858.6904761904761,39,3,16,32.23068799034398,0.6554487179487181,41.09374999999999,1035.624999999999,26.554487179487158,0
3741,4,1,2,41,0.023255813953488372,0.046511627906976744,0.9534883720930233,43,950,500,450,0.5263157894736842,14,5,9,335.1279609233873,0.8104005167958656,0.11631326614125825,0.21273430798876616,134339.9898890376,404.2173763963258,134744.2072654339,3644,0,839.6976744186046,40,3,16,32.14268208999119,0.6565104166666667,40.828252032520325,1036.6869918699185,25.917174796747965,0
3742,4,0,0,41,0.0,0.0,1.0,41,900,500,400,0.5555555555555556,13,5,8,345.75871371333125,0.8041158536585366,0.12384480170196044,0.21875497484054765,134218.454655654,1081.4400476659882,135299.89470332,3645,20,877.3414634146342,38,3,17,31.988478193628207,0.658717105263158,40.94551282051281,1036.2179487179474,27.268893387314403,0
3743,4,0,0,41,0.0,0.0,1.0,41,1300,1200,100,0.9230769230769231,14,12,2,350.77211859613124,0.8029979674796748,0.1308958173069672,0.22243079049801745,134301.49778106515,1221.8441814595765,135523.34196252472,3646,21,878.3414634146342,38,3,17,31.775664811379105,0.6595394736842104,40.86538461538462,1036.5384615384621,27.277327935222687,0
3744,4,0,0,41,0.0,0.0,1.0,41,900,700,200,0.7777777777777778,11,7,4,348.29030832080895,0.8017784552845528,0.132642523499511,0.22169534576197333,134439.9600614545,1164.8270280882489,135604.78708954275,3647,22,879.3414634146342,38,3,18,31.70177878506919,0.6609100877192982,40.73183760683761,1037.0726495726499,27.291385515069734,0
3745,4,0,0,41,0.0,0.0,1.0,41,1250,900,350,0.72,16,9,7,346.2847373429459,0.8016260162601626,0.12537956704868214,0.22108948614972723,134550.78125000012,1118.5763888889026,135669.35763888902,3648,23,880.3414634146342,38,3,18,31.64323962516733,0.6620065789473684,40.62500000000001,1037.500000000001,27.30263157894739,0
3746,4,2,1,42,0.046511627906976744,0.023255813953488372,0.9767441860465116,43,900,600,300,0.6666666666666666,12,6,6,332.2376355866059,0.807954964931709,0.1290223327606983,0.2148240369570687,135010.48312717024,371.11273871528624,135381.59586588552,3649,0,840.3488372093024,39,4,16,31.550169556646946,0.6647970085470085,40.18229166666667,1039.2708333333342,26.647970085470106,0
3747,4,0,0,42,0.0,0.0,1.0,42,1100,900,200,0.8181818181818182,13,9,4,340.3204623462643,0.8042247386759582,0.13445550953262253,0.2197846491885633,134966.76734056525,786.3905325443561,135753.1578731096,3650,1,861.3571428571429,38,4,16,31.38366234834464,0.6661184210526316,40.224358974358964,1039.1025641025626,27.34480431848849,0
3748,4,0,0,42,0.0,0.0,1.0,42,1100,600,500,0.5454545454545454,16,6,10,339.21107886170586,0.8040311653116531,0.12835417767600243,0.22008014796547468,135133.34155161073,767.7453155818498,135901.0868671926,3651,2,862.3571428571429,38,4,16,31.24678894369093,0.6677631578947368,40.06410256410256,1039.7435897435894,27.361673414304985,0
3749,4,0,0,42,0.0,0.0,1.0,42,950,800,150,0.8421052631578947,11,8,3,339.0953418883539,0.8034504452187379,0.1322365395716536,0.22034406261289965,135188.88911717437,768.3845149390036,135957.27363211339,3652,3,863.3571428571429,38,4,16,31.194567152934734,0.6683114035087719,40.01068376068376,1039.9572649572651,27.36729644624382,0
3750,4,0,0,42,0.0,0.0,1.0,42,750,100,650,0.13333333333333333,14,1,13,338.86434267724934,0.8026519550909795,0.13246019517205987,0.2203636857690729,135216.66718030896,764.0214086127515,135980.6885889217,3653,4,864.3571428571429,38,4,16,31.172958397534675,0.6685855263157894,39.98397435897436,1040.064102564102,27.37010796221321,0
3751,4,0,0,42,0.0,0.0,1.0,42,800,500,300,0.625,11,5,6,342.02628009889617,0.8011033681765389,0.13907509815713937,0.2231074308026222,135327.8079685331,857.1333506830242,136184.94131921613,3654,5,865.3571428571429,38,4,16,30.9802512236027,0.6696820175438596,39.87713675213675,1040.4914529914527,27.38135402609086,0
3752,4,0,0,42,0.0,0.0,1.0,42,950,400,550,0.42105263157894735,15,4,11,322.6532929513891,0.8016114982578397,0.09774184288584853,0.20498781547932896,134370.72000385777,271.0310570987434,134641.7510609565,3655,6,866.3571428571429,41,1,14,32.43539294485377,0.6552337398373984,40.7986111111111,1036.8055555555536,25.287940379403747,5
3753,4,0,0,42,0.0,0.0,1.0,42,1150,600,550,0.5217391304347826,17,6,11,324.1198543463656,0.8013453348819203,0.10359670939353394,0.20635499131162624,134447.8743464977,315.44509007304964,134763.31943657075,3656,7,867.3571428571429,41,1,16,32.320563101843,0.6559959349593496,40.72420634920634,1037.1031746031733,25.295199380565204,0
3754,4,0,0,42,0.0,0.0,1.0,42,1000,800,200,0.8,12,8,4,326.9302108030519,0.7995547812620983,0.10374832663989308,0.2087323653588712,134550.7812499997,397.8217907533091,134948.60304075302,3657,8,868.3571428571429,39,3,16,32.145247657295855,0.6602564102564104,40.624999999999986,1037.4999999999977,26.602564102564045,0
3755,4,1,1,42,0.023255813953488372,0.023255813953488372,0.9767441860465116,43,1500,1200,300,0.8,18,12,6,322.6418118889662,0.8037098560354374,0.1043035140292381,0.2076052322474236,134833.97822381248,100.6158076656398,134934.5940314781,3658,0,849.1395348837209,41,2,15,31.974858311841306,0.6598069105691058,40.35218253968253,1038.5912698412683,25.3314943863724,0
3756,4,0,0,42,0.0,0.0,1.0,42,950,600,350,0.631578947368421,13,6,7,328.22689403667533,0.7983207510646535,0.10896172112771918,0.21077901799954196,134761.73785651728,446.4853303258643,135208.22318684316,3659,10,870.3571428571429,40,2,16,31.90169162506934,0.6606770833333333,40.421747967479675,1038.3130081300812,25.957825203252032,0
3757,4,0,0,42,0.0,0.0,1.0,42,700,400,300,0.5714285714285714,10,4,6,327.90652687358323,0.7974496709252806,0.11351171254292902,0.21087959711272158,134814.50282776446,441.3110788882207,135255.81390665268,3660,11,871.3571428571429,40,2,15,31.857528460058056,0.6611979166666667,40.37093495934959,1038.516260162601,25.962906504065025,0
3758,4,0,0,42,0.0,0.0,1.0,42,950,700,250,0.7368421052631579,12,7,5,327.90652687358323,0.7974496709252806,0.11351171254292902,0.21087959711272158,134814.50282776446,441.3110788882207,135255.81390665268,3661,12,872.3571428571429,40,2,15,31.857528460058056,0.6611979166666667,40.37093495934959,1038.516260162601,25.962906504065025,0
3759,4,0,0,42,0.0,0.0,1.0,42,1000,700,300,0.7,13,7,6,326.5887672669787,0.797691637630662,0.11328450761969999,0.21033798300162504,134867.27812685902,409.2276216207285,135276.50574847974,3662,13,873.3571428571429,40,2,15,31.839268825620454,0.66171875,40.32012195121951,1038.719512195122,25.96798780487805,0
3760,4,0,1,41,0.0,0.023809523809523808,0.9761904761904762,42,900,700,200,0.7777777777777778,11,7,4,326.9043670096229,0.7957801006581494,0.11284118345132388,0.21094697693726291,134937.0327558105,422.3010558389856,135359.3338116495,3663,14,874.3571428571429,41,1,15,31.761732550367597,0.6608231707317074,40.25297619047618,1038.988095238094,25.34117305458766,0
3761,4,0,0,41,0.0,0.0,1.0,41,1600,1500,100,0.9375,17,15,2,332.5944844864703,0.791869918699187,0.1154099393106609,0.21467462180490357,134946.46044021408,776.4896886773711,135722.95012889145,3664,15,894.2682926829268,40,1,16,31.604557902973404,0.6625000000000001,40.24390243902439,1039.024390243902,25.975609756097548,0
3762,4,0,0,41,0.0,0.0,1.0,41,1000,800,200,0.8,12,8,4,326.9209058835898,0.7909044715447154,0.10890383363808254,0.21209434293563767,135131.3095400389,635.4500256130541,135766.75956565194,3665,16,895.2682926829268,40,1,16,31.5682728961001,0.6643229166666667,40.0660569105691,1039.735772357723,25.993394308943074,0
3763,4,0,0,41,0.0,0.0,1.0,41,1000,700,300,0.7,13,7,6,327.2848537299094,0.7890752032520325,0.11276020945401832,0.21342307850234468,135316.28515599176,657.3941189106913,135973.67927490245,3666,17,896.2682926829268,40,1,17,31.375146512990803,0.6661458333333334,39.888211382113816,1040.4471544715443,26.011178861788608,0
3764,4,0,0,41,0.0,0.0,1.0,41,1100,600,500,0.5454545454545454,16,6,10,327.62834666325006,0.7871951219512195,0.11756418393466217,0.2141525847254923,135401.26532383772,672.2585388321875,136073.5238626699,3667,18,897.2682926829268,41,0,17,31.281872557430198,0.6653963414634148,39.80654761904761,1040.7738095238083,25.384727061556298,0
3765,4,0,0,41,0.0,0.0,1.0,41,1350,1000,350,0.7407407407407407,17,10,7,326.02545732047264,0.7859247967479674,0.11613074118737776,0.2140268433704189,135556.1866673751,638.953550170053,136195.14021754515,3668,19,898.2682926829268,41,0,18,31.16991759550348,0.6669207317073171,39.65773809523809,1041.3690476190461,25.399245063879174,0
3766,4,0,0,41,0.0,0.0,1.0,41,1350,1000,350,0.7407407407407407,17,10,7,324.68270305742845,0.7858231707317073,0.11591347840328559,0.21345295550406646,135607.84679902048,605.9044509007242,136213.75124992122,3669,20,899.2682926829268,41,0,18,31.153661459821556,0.6674288617886179,39.60813492063492,1041.56746031746,25.40408439798683,0
3767,4,0,0,41,0.0,0.0,1.0,41,1350,1100,250,0.8148148148148148,16,11,5,324.6604977356983,0.7858231707317073,0.12888584070374964,0.21233542897886462,135422.04231112427,593.2399926978046,136015.28230382208,3670,21,900.2682926829268,40,1,19,31.338483694590895,0.6671875,39.786585365853654,1040.8536585365848,26.021341463414622,2
3768,4,0,0,41,0.0,0.0,1.0,41,500,400,100,0.8,6,4,2,324.9036664313056,0.7861280487804878,0.1289082961114656,0.21280774673416208,135474.93638046135,603.2607079119553,136078.1970883733,3671,22,901.2682926829268,40,1,19,31.279692177534812,0.6677083333333333,39.735772357723576,1041.0569105691056,26.02642276422764,0
3769,4,0,0,41,0.0,0.0,1.0,41,1300,1100,200,0.8461538461538461,15,11,4,323.13026862464284,0.786229674796748,0.12994010123533783,0.2124286159803698,135607.21673813538,563.7592744067699,136170.97601254215,3672,23,902.2682926829268,40,1,19,31.194710053013296,0.6690104166666667,39.608739837398375,1041.5650406504067,26.039126016260166,0
3770,4,0,0,41,0.0,0.0,1.0,41,1050,800,250,0.7619047619047619,13,8,5,325.9195527826568,0.7858739837398374,0.13349572879323812,0.21489731026884765,135713.08749958692,646.3097569237904,136359.3972565107,3673,24,903.2682926829268,40,1,19,31.017141324490385,0.6700520833333332,39.50711382113821,1041.9715447154474,26.049288617886184,0
3771,4,0,0,41,0.0,0.0,1.0,41,850,700,150,0.8235294117647058,10,7,3,329.85489265926117,0.7850609756097561,0.13743856069739402,0.21813808085145364,135818.99957242727,760.1123050102611,136579.11187743754,3674,25,904.2682926829268,40,1,19,30.809650320106595,0.6710937499999999,39.40548780487806,1042.378048780489,26.059451219512226,0
3772,4,0,0,41,0.0,0.0,1.0,41,650,300,350,0.46153846153846156,10,3,7,330.498295088301,0.7842479674796748,0.1397885766730549,0.21872590393650296,135845.48404554182,779.3401744993259,136624.82422004113,3675,26,905.2682926829268,40,1,19,30.766637421199732,0.6713541666666666,39.38008130081302,1042.4796747967491,26.061991869918728,0
3773,4,0,0,41,0.0,0.0,1.0,41,800,500,300,0.625,11,5,6,332.27110593655607,0.7833333333333333,0.14433112179913676,0.22088281291015635,136004.4451054268,838.0694774935688,136842.51458292035,3676,27,906.2682926829268,40,1,16,30.562930306573143,0.6729166666666666,39.22764227642277,1043.08943089431,26.07723577235775,0
3774,4,0,0,41,0.0,0.0,1.0,41,800,600,200,0.75,10,6,4,342.6990053036831,0.7835365853658537,0.15595168277405103,0.20912668030184095,132880.8648003474,950.2433176246984,133831.1081179721,3677,28,907.2682926829268,39,2,18,33.40615949350037,0.6436965811965811,42.23958333333334,1031.041666666668,26.436965811965848,8
3775,4,0,0,41,0.0,0.0,1.0,41,1450,1000,450,0.6896551724137931,19,10,9,344.1356071157614,0.7826219512195122,0.15584927410574867,0.21060758848332967,132988.28667534742,953.2009548611354,133941.48763020855,3678,29,908.2682926829268,39,2,18,33.261378172759734,0.6447649572649572,42.13541666666668,1031.458333333335,26.447649572649617,0
3776,4,0,0,41,0.0,0.0,1.0,41,1000,700,300,0.7,13,7,6,344.4577697833893,0.7827235772357723,0.14845892856263498,0.21141255684474966,133095.7519531253,969.1731770833637,134064.92513020866,3679,30,909.2682926829268,39,2,19,33.14531597011912,0.6458333333333333,42.031250000000014,1031.8750000000023,26.458333333333393,0
3777,4,1,2,40,0.023809523809523808,0.047619047619047616,0.9523809523809523,42,1000,700,300,0.7,13,7,6,339.3137204509135,0.7849641889276036,0.14721234356184665,0.20963193561961319,133340.98755907547,648.8853154537858,133989.87287452925,3680,0,888.5952380952381,40,2,19,33.03240512971892,0.6466145833333332,41.79369918699188,1032.825203252034,25.820630081300852,0
3778,4,0,1,39,0.0,0.025,0.975,40,650,500,150,0.7692307692307693,8,5,3,352.8567570695572,0.7813568376068376,0.14852484472049676,0.21683182400075857,133141.23109796195,1395.9566074950726,134537.18770545704,3681,32,896.025,38,2,19,32.88302277432711,0.6480263157894737,41.98717948717949,1032.0512820512827,27.15924426450744,0
3779,4,0,0,39,0.0,0.0,1.0,39,600,300,300,0.5,9,3,6,355.209707629152,0.7767656320287899,0.1477470878154039,0.21843927341853853,133168.79799702327,1660.5699603696544,134829.3679573929,3682,33,918.5641025641025,38,1,19,32.794655487699686,0.6483004385964912,41.96047008547009,1032.1581196581205,27.162055780476855,0
3780,4,1,0,40,0.025,0.0,1.0,40,850,600,250,0.7058823529411765,11,6,5,364.2442609614982,0.7854433760683761,0.178253336091859,0.22499356362394898,133334.25931633054,1720.381670501852,135054.64098683238,3683,0,896.575,38,2,19,32.39543464018481,0.6499451754385965,41.80021367521367,1032.7991452991446,27.17892487629328,2
3781,4,0,0,40,0.0,0.0,1.0,40,600,300,300,0.5,9,3,6,364.6914843051946,0.7848023504273505,0.17568576038725325,0.22545391261660291,133364.6050347223,1727.3871527777837,135091.9921875001,3684,1,897.575,39,1,19,32.35343552507732,0.6485042735042735,41.770833333333336,1032.9166666666672,26.48504273504275,0
3782,4,0,0,40,0.0,0.0,1.0,40,1050,600,450,0.5714285714285714,15,6,9,362.7924620981147,0.7857371794871795,0.17652263789452438,0.22444247327679367,133391.50526258678,1678.6865234374966,135070.19178602428,3685,2,898.575,39,1,19,32.3754873785755,0.6487713675213675,41.744791666666664,1033.0208333333333,26.487713675213673,0
3783,4,0,0,40,0.0,0.0,1.0,40,950,700,250,0.7368421052631579,12,7,5,363.85040432503826,0.7848290598290598,0.17678445407803278,0.22542362026858537,133445.31385633667,1710.8262803819357,135156.1401367186,3686,3,899.575,39,1,20,32.29418708203112,0.6493055555555556,41.69270833333333,1033.2291666666656,26.49305555555553,0
3784,4,0,0,40,0.0,0.0,1.0,40,1150,700,450,0.6086956521739131,16,7,9,363.4027476498132,0.7840811965811966,0.1764108290663473,0.22584115238169483,133559.5112637974,1707.1868116268527,135266.69807542427,3687,4,900.575,36,4,20,32.191233612957106,0.6559606481481483,41.5822072072072,1033.6711711711698,28.71308808808805,0
3785,4,1,1,40,0.024390243902439025,0.024390243902439025,0.975609756097561,41,1050,800,250,0.7619047619047619,13,8,5,354.21543571486586,0.7872459349593496,0.16496143078689296,0.22225642106253968,133914.18292059287,1286.894130323588,135201.07705091644,3688,0,879.5853658536586,38,3,16,32.07361340489953,0.6557017543859651,41.239316239316224,1035.0427350427326,27.23796671165086,0
3786,4,0,0,40,0.0,0.0,1.0,40,850,600,250,0.7058823529411765,11,6,5,357.5874960587363,0.7826121794871795,0.16869127516778537,0.2238678021544187,133831.25964506157,1571.2770061728224,135402.53665123438,3689,6,902.575,38,2,17,32.069351230425056,0.6548793859649124,41.319444444444436,1034.722222222221,27.229532163742658,0
3787,4,0,0,40,0.0,0.0,1.0,40,750,400,350,0.5333333333333333,11,4,7,359.5561246754668,0.7823985042735043,0.16967953349158837,0.22577701179394655,133941.82971957407,1631.9210451822573,135573.75076475632,3690,7,903.575,38,2,17,31.907747617573182,0.6559758771929824,41.212606837606835,1035.1495726495723,27.240778227620325,0
3788,4,0,0,40,0.0,0.0,1.0,40,1000,800,200,0.8,12,8,4,354.25257021370487,0.7803952991452991,0.16522277227722837,0.22362193494740093,134135.4372123601,1503.5646778435025,135639.0018902036,3691,8,904.575,38,2,17,31.851407797029697,0.6578947368421053,41.025641025641015,1035.8974358974342,27.260458839406162,0
3789,4,0,1,39,0.0,0.025,0.975,40,900,600,300,0.6666666666666666,12,6,6,355.46468114656045,0.7803952991452991,0.1726397515527951,0.21843440329998584,133141.23109796204,1465.401051939532,134606.63214990156,3692,9,905.575,38,2,18,32.815734989648035,0.6480263157894736,41.987179487179496,1032.0512820512834,27.159244264507457,1
3790,4,0,0,39,0.0,0.0,1.0,39,850,400,450,0.47058823529411764,13,4,9,361.89393653835253,0.7710301394511921,0.17818182809148908,0.22182801621429074,133047.6700162552,1829.82900988768,134877.49902614288,3693,44,929.5641025641025,37,2,18,32.74380469054452,0.6489301801801801,42.07785087719299,1031.6885964912296,27.883475580844046,0
3791,4,0,0,39,0.0,0.0,1.0,39,900,700,200,0.7777777777777778,11,7,4,360.3054159264849,0.7708052181736392,0.17414098476797735,0.22102177078671623,133075.9524565253,1789.5972799323113,134865.54973645761,3694,45,930.5641025641025,37,2,18,32.75637619553668,0.6492117117117115,42.05043859649124,1031.7982456140367,27.88643907064964,0
3792,4,0,0,39,0.0,0.0,1.0,39,1150,800,350,0.6956521739130435,15,8,7,363.2185125259523,0.7689496176338282,0.1726305984630907,0.2235711465299497,133203.2606336807,1876.378038194464,135079.63867187517,3695,46,931.5641025641025,39,0,18,32.55339724184326,0.6469017094017093,41.92708333333334,1032.291666666668,26.46901709401713,0
3793,4,0,0,39,0.0,0.0,1.0,39,950,600,350,0.631578947368421,13,6,7,363.9788428571755,0.7677125506072875,0.16799203486041625,0.22485048142859165,133337.70751953125,1906.4208984375005,135244.12841796875,3696,47,932.5641025641025,39,0,18,32.39882753403934,0.6482371794871795,41.796875,1032.8125,26.482371794871796,0
3794,4,0,0,39,0.0,0.0,1.0,39,1450,1100,350,0.7586206896551724,18,11,7,359.9099223839149,0.7670940170940171,0.1640115614707267,0.22282063734105312,133418.40820312515,1803.7217881944584,135222.1299913196,3697,48,933.5641025641025,39,0,18,32.42295153592795,0.6490384615384615,41.71875000000001,1033.1250000000011,26.490384615384645,0
3795,4,0,0,39,0.0,0.0,1.0,39,900,500,400,0.5555555555555556,13,5,8,361.27731529656586,0.7672627080521818,0.16129032258064502,0.22399193548387097,133472.2222222223,1844.0972222222317,135316.31944444453,3698,49,934.5641025641025,39,0,18,32.3336693548387,0.6495726495726495,41.66666666666667,1033.3333333333342,26.49572649572652,0
3796,4,0,0,39,0.0,0.0,1.0,39,1450,1100,350,0.7586206896551724,18,11,7,362.3966942148757,0.7678812415654521,0.1590803136257679,0.2260309278350516,133693.11125721398,1889.988311783201,135583.0995689972,3699,50,935.5641025641025,38,1,18,32.08333333333333,0.6535087719298245,41.45299145299146,1034.1880341880355,27.215474583895674,0
3797,4,0,0,39,0.0,0.0,1.0,39,1200,700,500,0.5833333333333334,17,7,10,358.37099174048603,0.7687246963562754,0.14558510469291086,0.2241902250655602,133803.6242603552,1790.2675049309819,135593.8917652862,3700,51,936.5641025641025,38,1,17,32.07675030978933,0.6546052631578947,41.346153846153854,1034.615384615386,27.226720647773313,0
3798,4,0,0,39,0.0,0.0,1.0,39,1400,1000,400,0.7142857142857143,18,10,8,356.545712909246,0.7690620782726046,0.13847185678171603,0.22430787255176637,134010.95920138905,1756.206597222241,135767.1657986113,3701,52,937.5641025641025,39,0,17,31.91649899396379,0.6549145299145298,41.14583333333334,1035.416666666668,26.549145299145337,0
3799,4,0,0,39,0.0,0.0,1.0,39,600,400,200,0.6666666666666666,8,4,4,359.0000365049703,0.7688371569950517,0.14173094329988611,0.22634986448756655,134091.86333550364,1827.7967664930752,135919.6601019967,3702,53,938.5641025641025,39,0,17,31.77203811726844,0.655715811965812,41.06770833333334,1035.729166666668,26.55715811965816,0
3800,4,0,0,39,0.0,0.0,1.0,39,1350,1000,350,0.7407407407407407,17,10,7,356.72476586888683,0.7688371569950517,0.13254755996691503,0.2211693548387096,133472.22222222204,1724.1373697916479,135196.3595920137,3703,54,939.5641025641025,37,2,18,32.45127688172043,0.6531531531531533,41.66666666666666,1033.333333333332,27.92792792792789,1
3801,4,0,0,39,0.0,0.0,1.0,39,850,600,250,0.7058823529411765,11,6,5,357.6114656403693,0.7686122357174989,0.13394817384207358,0.2218886151191887,133500.54974848012,1748.265451869789,135248.8152003499,3704,55,940.5641025641025,37,2,18,32.39997789566756,0.6534346846846848,41.639254385964904,1033.442982456139,27.930891417733484,0
3802,4,0,0,39,0.0,0.0,1.0,39,950,700,250,0.7368421052631579,12,7,5,357.2924528692463,0.7677687809266757,0.13194739075095496,0.22220008216696896,133585.55036164954,1745.8217913203807,135331.3721529699,3705,56,941.5641025641025,37,2,18,32.323044830999855,0.6542792792792793,41.55701754385964,1033.7719298245597,27.939781887150264,0
3803,4,0,0,39,0.0,0.0,1.0,39,850,700,150,0.8235294117647058,10,7,3,355.54445619730177,0.7671502474134053,0.13169409160500467,0.22128242095606301,133613.88991083778,1701.1355657509773,135315.02547658875,3706,57,942.5641025641025,37,2,18,32.339833669176635,0.6545608108108109,41.52960526315788,1033.881578947367,27.942745376955862,0
3804,4,0,0,39,0.0,0.0,1.0,39,1200,1000,200,0.8333333333333334,14,10,4,358.0433958422813,0.7672064777327936,0.13341380135273329,0.22335088026351793,133698.92659279748,1774.003539550599,135472.9301323481,3707,58,943.5641025641025,37,2,18,32.19006219960417,0.6554054054054055,41.447368421052616,1034.210526315787,27.951635846372625,0
3805,4,0,0,39,0.0,0.0,1.0,39,1300,1100,200,0.8461538461538461,15,11,4,354.69917299680714,0.7675438596491229,0.12195567413901243,0.22239293778770658,133886.53897518056,1697.88892998025,135584.42790516082,3708,59,944.5641025641025,38,1,15,32.088752967895104,0.6554276315789475,41.26602564102563,1034.9358974358956,27.235155195681465,0
3806,4,0,0,39,0.0,0.0,1.0,39,600,300,300,0.5,9,3,6,358.58399868908936,0.7675438596491229,0.12888525449161237,0.22516658219692706,133941.82971957407,1805.8793785155908,135747.70909808966,3709,60,945.5641025641025,38,1,15,31.932905012557185,0.6559758771929824,41.212606837606835,1035.1495726495723,27.240778227620325,0
3807,4,0,1,38,0.0,0.02564102564102564,0.9743589743589743,39,1050,900,150,0.8571428571428571,12,9,3,362.8926738222202,0.7685560053981106,0.11218918988848392,0.2233705837005097,133203.26063368068,1867.6974826389082,135070.95811631958,3710,61,946.5641025641025,39,0,19,32.56180625630677,0.6469017094017093,41.92708333333334,1032.2916666666679,26.469017094017126,6
3808,4,0,0,38,0.0,0.0,1.0,38,850,400,450,0.47058823529411764,13,4,9,364.20040310569607,0.768640350877193,0.11988727639066599,0.22463285871196909,133279.094128954,2108.059961465421,135387.1540904194,3711,62,961.1578947368421,38,0,19,32.45193136747715,0.6493969298245613,41.853632478632484,1032.585470085471,27.173301844354498,0
3809,4,0,0,38,0.0,0.0,1.0,38,800,500,300,0.625,11,5,6,364.2457562862998,0.7683143669985776,0.11292657704239906,0.22549657255368263,133417.02849916008,2119.317289429487,135536.34578858956,3712,63,962.1578947368421,38,0,19,32.312349189934515,0.650767543859649,41.72008547008548,1033.1196581196593,27.18735942420156,0
3810,4,0,0,38,0.0,0.0,1.0,38,700,500,200,0.7142857142857143,9,5,4,362.2195401967289,0.7684032716927454,0.10832920718005079,0.2247434004055781,133499.82336410639,2071.248927058242,135571.07229116463,3713,64,963.1578947368421,38,0,19,32.28165167648783,0.6515899122807016,41.639957264957275,1033.4401709401723,27.195793972109797,0
3811,4,0,0,38,0.0,0.0,1.0,38,850,600,250,0.7058823529411765,11,6,5,358.494297504546,0.7677216690374585,0.10776527925850177,0.22293000145591207,133582.64391116973,1977.7232175469567,135560.3671287167,3714,65,964.1578947368421,38,0,19,32.29489630701393,0.6524122807017543,41.55982905982907,1033.7606837606852,27.20422852001803,0
3812,4,0,0,38,0.0,0.0,1.0,38,900,600,300,0.6666666666666666,12,6,6,360.5415626932946,0.7684625414888573,0.11229139591410586,0.2247058458022151,133665.49014034998,2038.3929386733967,135703.8830790234,3715,66,965.1578947368421,38,0,19,32.15896959052244,0.6532346491228069,41.47970085470086,1034.0811965811972,27.212663067926243,0
3813,4,0,0,38,0.0,0.0,1.0,38,1500,1100,400,0.7333333333333333,19,11,8,358.26510695260293,0.7679291133238502,0.11304624211504333,0.22462874375727257,133886.53897518065,1993.3750410913756,135879.91401627203,3716,67,966.1578947368421,38,0,17,31.996490141426662,0.6554276315789473,41.266025641025635,1034.9358974358963,27.235155195681482,0
3814,4,0,0,38,0.0,0.0,1.0,38,850,500,350,0.5882352941176471,12,5,7,354.1402902334536,0.7676031294452347,0.10483415513608585,0.2228784216196515,134024.78723792822,1892.715410183354,135917.50264811158,3717,68,967.1578947368421,38,0,17,31.96493671756775,0.6567982456140351,41.13247863247863,1035.4700854700852,27.24921277552856,0
3815,4,0,0,38,0.0,0.0,1.0,38,1000,600,400,0.6,14,6,8,353.60542164983855,0.7680180180180181,0.10923658155289262,0.22321342241646042,134135.4372123602,1886.2035667324055,136021.64077909262,3718,69,968.1578947368421,38,0,17,31.868167285478556,0.6578947368421053,41.02564102564102,1035.8974358974351,27.260458839406187,0
3816,4,0,0,38,0.0,0.0,1.0,38,900,600,300,0.6666666666666666,12,6,6,352.8020757714064,0.7677216690374585,0.10667419218286978,0.22304266824192281,134190.77932098752,1868.5570987654157,136059.33641975294,3719,70,969.1578947368421,38,0,17,31.833668453976752,0.6584429824561404,40.972222222222214,1036.1111111111102,27.266081871345005,0
3817,4,0,0,38,0.0,0.0,1.0,38,1400,900,500,0.6428571428571429,19,9,10,355.0568669092164,0.7667437174016122,0.11579760839502162,0.2256599144305134,134384.56658859274,1942.8326347797183,136327.39922337246,3720,71,970.1578947368421,38,0,19,31.58165893869139,0.6603618421052633,40.785256410256395,1036.858974358972,27.285762483130846,0
3818,4,0,1,37,0.0,0.02631578947368421,0.9736842105263158,38,900,600,300,0.6666666666666666,12,6,6,356.66264016742446,0.7665066382171646,0.1184983005458855,0.2273695058033826,134495.3649485898,1993.8943905690357,136489.25933915883,3721,72,971.1578947368421,38,0,20,31.429386823222433,0.6614583333333335,40.678418803418786,1037.2863247863222,27.297008547008478,0
3819,4,0,0,37,0.0,0.0,1.0,37,650,500,150,0.7692307692307693,8,5,3,349.01462030065807,0.7647022022022022,0.08769680496435672,0.22707494431907022,135234.21269044327,2039.7434787627017,137273.95616920598,3722,73,932.7297297297297,37,0,18,30.891577060931898,0.6706081081081081,39.9671052631579,1040.131578947369,28.11166429587484,3
3820,4,0,0,37,0.0,0.0,1.0,37,900,500,400,0.5555555555555556,13,5,8,343.3591758855028,0.7645770770770771,0.016425424251418352,0.20577416681342686,132200.59447378045,1678.4574340181648,133879.05190779862,3723,74,933.7297297297297,37,0,17,34.07246241603584,0.6404842342342343,42.90021929824562,1028.3991228070179,27.79457088667616,6
3821,4,1,0,38,0.02631578947368421,0.0,1.0,38,1300,1100,200,0.8461538461538461,15,11,4,335.1128008449016,0.7744191559981034,0.02407091826702512,0.20232750306650815,132480.48159105843,1279.181048652195,133759.66263971062,3724,0,910.1315789473684,38,0,19,34.003346824408474,0.6414473684210527,42.628205128205124,1029.4871794871788,27.091767881241548,0
3822,4,0,0,38,0.0,0.0,1.0,38,500,300,200,0.6,7,3,4,334.35903680875816,0.7736486486486487,0.023427004947521146,0.20216765349829438,132535.48127145888,1262.8871721820424,133798.3684436409,3725,1,911.1315789473684,38,0,20,33.96754167531298,0.6419956140350876,42.574786324786324,1029.700854700855,27.097390913180394,0
3823,4,0,0,38,0.0,0.0,1.0,38,950,700,250,0.7368421052631579,12,7,5,336.51753585509886,0.7732337600758653,0.01895064424546833,0.20377066869617796,132590.49236613343,1323.8051537731064,133914.29751990654,3726,2,912.1315789473684,38,0,20,33.856760027662524,0.6425438596491228,42.52136752136752,1029.9145299145302,27.103013945119216,0
3824,4,1,1,38,0.02564102564102564,0.02564102564102564,0.9743589743589743,39,600,400,200,0.6666666666666666,8,4,4,329.1919974732984,0.7804206027890239,0.020514892724206923,0.20102847519976444,132907.71620008687,950.431315104177,133858.14751519106,3727,0,889.7179487179487,39,0,16,33.72741775263496,0.6439636752136751,42.21354166666667,1031.145833333334,26.439636752136767,0
3825,4,0,0,38,0.0,0.0,1.0,38,1050,900,150,0.8571428571428571,12,9,3,336.2927279027747,0.7729374110953059,0.022764467137994293,0.20483284335896285,132810.65088757407,1332.6512163050756,134143.30210387913,3728,1,914.0526315789474,38,0,16,33.641687396351585,0.644736842105263,42.307692307692314,1030.7692307692316,27.125506072874515,0
3826,4,0,0,38,0.0,0.0,1.0,38,850,700,150,0.8235294117647058,10,7,3,335.33399554350456,0.7722854433380749,0.02595036814835039,0.20454949791370555,132865.71905361983,1310.8784882022258,134176.59754182206,3729,2,915.0526315789474,38,0,16,33.611183074265995,0.6452850877192982,42.25427350427351,1030.9829059829071,27.131129104813347,0
3827,4,0,0,38,0.0,0.0,1.0,38,1100,500,600,0.45454545454545453,17,5,12,336.90617683856453,0.7724039829302988,0.034444408099179036,0.2061148435487646,132975.889628534,1360.0797172912726,134335.9693458253,3730,3,916.0526315789474,38,0,16,33.46022374145432,0.6463815789473684,42.147435897435905,1031.4102564102575,27.142375168690986,0
3828,4,0,0,38,0.0,0.0,1.0,38,650,400,250,0.6153846153846154,9,4,5,351.15491343758015,0.7724039829302988,0.06156060666284269,0.19431969508375682,129117.79495854481,1477.3408666309997,130595.1358251758,3731,4,917.0526315789474,37,1,15,36.993270579350515,0.6095157657657657,45.91557017543859,1016.3377192982446,27.468587008060663,8
3829,4,0,0,38,0.0,0.0,1.0,38,450,200,250,0.4444444444444444,7,2,5,349.0767536986376,0.7716927453769559,0.0633015231423395,0.19344235406694985,129173.52123970841,1418.29469163589,130591.8159313443,3732,5,918.0526315789474,37,1,15,36.989335023190606,0.6100788288288288,45.86074561403509,1016.55701754386,27.47451398767189,0
3830,4,1,1,38,0.02564102564102564,0.02564102564102564,0.9743589743589743,39,1100,800,300,0.7272727272727273,14,8,6,345.2250189811982,0.7825011246063878,0.06333196158015242,0.19370394973206356,129663.42872242298,1152.611928373134,130816.04065079612,3733,0,895.4871794871794,38,1,15,36.58912899052415,0.6132127192982457,45.3792735042735,1018.4829059829049,26.80218173639223,0
3831,4,1,2,37,0.02564102564102564,0.05128205128205128,0.9487179487179487,39,900,500,400,0.5555555555555556,13,5,8,331.7413519556685,0.7877305443094917,0.04865022601763025,0.18956067190890166,130374.544330948,860.743647997497,131235.2879789455,3734,0,891.5641025641025,37,2,17,36.2120642760003,0.6221846846846846,44.68201754385965,1021.2719298245615,27.601944049312475,1
3832,4,1,1,37,0.02631578947368421,0.02631578947368421,0.9736842105263158,38,900,600,300,0.6666666666666666,12,6,6,337.66819141578003,0.779486723565671,0.05492369291475652,0.19310532762554397,130406.32482144317,1206.8135703270987,131613.13839177028,3735,0,915.9736842105264,36,2,19,36.02857405365674,0.6244212962962963,44.65090090090091,1021.3963963963972,28.372122122122146,0
3833,4,0,0,37,0.0,0.0,1.0,37,550,400,150,0.7272727272727273,7,4,3,347.16997514498183,0.7693943943943944,0.06225316122153246,0.19795645447665688,130292.12648158851,1646.7028624399713,131938.8293440285,3736,9,941.7297297297297,35,2,19,35.90165986471678,0.625297619047619,44.762731481481474,1020.9490740740729,29.169973544973512,0
3834,4,0,0,37,0.0,0.0,1.0,37,1150,800,350,0.6956521739130435,15,8,7,345.14854633606785,0.7695820820820821,0.0682157513120134,0.19723706154516693,130377.57087746535,1599.9258126369657,131977.4966901023,3737,10,942.7297297297297,36,1,19,35.86668871981476,0.6241319444444444,44.679054054054056,1021.2837837837842,28.368993993994007,0
3835,4,1,1,37,0.02631578947368421,0.02631578947368421,0.9736842105263158,38,800,400,400,0.5,12,4,8,339.8754939248773,0.7793089141773353,0.07204875322490434,0.19547558481564656,130626.62459843412,1279.3577110264628,131905.98230946058,3738,0,918.8947368421053,37,1,12,35.74928939182666,0.6247184684684685,44.435307017543856,1022.2587719298244,27.628615457562823,0
3836,4,1,1,37,0.02631578947368421,0.02631578947368421,0.9736842105263158,38,700,500,200,0.7142857142857143,9,5,4,340.84200993322725,0.7792496443812233,0.07291942994214673,0.19631573456623497,130682.67549871118,1308.429156086485,131991.10465479767,3739,0,919.8684210526316,37,1,12,35.667895442359246,0.6252815315315315,44.38048245614035,1022.4780701754389,27.634542437174026,0
3837,4,0,0,37,0.0,0.0,1.0,37,1000,800,200,0.8,12,8,4,346.721793441553,0.7688938938938938,0.07444866353957291,0.19901962526768457,130550.14209733372,1652.9158804074236,132203.05797774115,3740,13,945.7297297297297,36,1,13,35.65174471992653,0.6258680555555556,44.51013513513513,1021.9594594594587,28.38776276276274,0
3838,4,0,0,37,0.0,0.0,1.0,37,800,600,200,0.75,10,6,4,345.8940596557279,0.7675175175175175,0.08132515775687588,0.19928414096916294,130694.03863322776,1641.2583191299332,132335.2969523577,3741,14,946.7297297297297,36,1,14,35.5272577092511,0.6273148148148149,44.369369369369366,1022.522522522522,28.403403403403388,0
3839,4,0,0,37,0.0,0.0,1.0,37,700,400,300,0.5714285714285714,10,4,6,349.0710263740309,0.76758008008008,0.0864162632300911,0.2015646619552017,130780.41459956573,1730.330710778338,132510.74531034406,3742,15,947.7297297297297,36,1,16,35.358637014202344,0.6281828703703705,44.284909909909906,1022.86036036036,28.412787787787778,0
3840,4,1,0,38,0.02631578947368421,0.0,1.0,38,600,300,300,0.5,9,3,6,345.93202366769845,0.7773530109056425,0.10363761346412836,0.20158147430317958,131131.51552641182,1472.5181065327647,132604.0336329446,3743,0,923.7631578947369,37,1,17,35.08401580844306,0.6297860360360361,43.941885964912274,1024.2324561403498,27.681958274063508,0
3841,4,1,0,39,0.02564102564102564,0.0,1.0,39,1050,800,250,0.7619047619047619,13,8,5,343.83593750000017,0.7875618533513271,0.12298076923076962,0.20225643382352934,131492.43918474676,1242.365220249824,132734.8044049966,3744,0,901.0512820512821,38,1,18,34.77343749999999,0.631578947368421,43.589743589743584,1025.6410256410247,26.990553306342758,0
3842,4,0,0,39,0.0,0.0,1.0,39,1000,700,300,0.7,13,7,6,344.0860366572264,0.7858187134502924,0.12838398804041695,0.20313130805732382,131629.44614517127,1258.3708862955607,132887.81703146684,3745,1,902.0512820512821,38,1,14,34.62888252646191,0.6329495614035088,43.45619658119658,1026.1752136752134,27.004610886189827,0
3843,4,0,1,38,0.0,0.02564102564102564,0.9743589743589743,39,850,500,350,0.5882352941176471,12,5,7,343.73632921774197,0.7873931623931624,0.12358824910864885,0.20336321743374766,131711.6845642485,1254.8181934399697,132966.5027576885,3746,2,903.0512820512821,38,1,14,34.55497155148487,0.6337719298245614,43.37606837606837,1026.4957264957252,27.013045434098032,0
3844,4,0,0,38,0.0,0.0,1.0,38,800,600,200,0.75,10,6,4,362.03598489673846,0.7909850640113798,0.13711536176785066,0.21270814497248677,131446.7860510973,1931.1650270695714,133377.95107816687,3747,3,920.3947368421053,35,3,17,34.35289691497366,0.6369047619047619,43.63425925925925,1025.4629629629621,29.298941798941776,2
3845,4,2,1,39,0.05,0.025,0.975,40,1250,1000,250,0.8,15,10,5,349.02452101650493,0.8065705128205128,0.1350010396091068,0.20813805751133047,132013.44515897796,1215.1858928701813,133228.63105184815,3748,0,875.325,38,2,16,34.115206015871365,0.6367872807017544,43.082264957264954,1027.6709401709397,27.043972109761572,0
3846,4,0,0,39,0.0,0.0,1.0,39,850,600,250,0.7058823529411765,11,6,5,352.23852548015896,0.799876293297346,0.1361007797126912,0.20953160287134032,131918.8371061288,1493.3793330640196,133412.21643919282,3749,1,898.7692307692307,37,2,16,34.12795300103177,0.637668918918919,43.17434210526316,1027.3026315789475,27.764935988620202,0
3847,4,1,0,40,0.025,0.0,1.0,40,1050,700,350,0.6666666666666666,14,7,7,343.9536223855943,0.803926282051282,0.14053085393725318,0.2061580055469322,132205.6544031704,1094.5227463656872,133300.1771495361,3750,0,877.275,38,2,17,34.05208982616525,0.6387061403508772,42.89529914529914,1028.418803418803,27.06365272154745,0
3848,4,1,1,40,0.024390243902439025,0.024390243902439025,0.975609756097561,41,850,500,350,0.5882352941176471,12,5,7,337.14369420909077,0.8111280487804878,0.14018947123247427,0.20325671777286472,132425.49332493235,729.4238302651625,133154.9171551975,3751,0,856.8536585365854,38,3,17,34.006297142066266,0.6408991228070176,42.681623931623925,1029.2735042735035,27.086144849302723,0
3849,4,0,0,40,0.0,0.0,1.0,40,850,600,250,0.7058823529411765,11,6,5,341.4402844895661,0.8021367521367522,0.14126518533900967,0.20539733790874526,132343.03232750748,1037.4485216232006,133380.4808491307,3752,2,879.275,38,2,17,33.978602083549646,0.6400767543859649,42.761752136752136,1028.9529914529915,27.07771030139451,0
3850,4,0,0,40,0.0,0.0,1.0,40,1150,700,450,0.6086956521739131,16,7,9,341.82228937239904,0.8007211538461538,0.1474997337309618,0.20639031993038315,132482.65241468544,1057.1161243773547,133539.7685390628,3753,3,880.275,37,3,18,33.82848279902012,0.6432995495495495,42.626096491228076,1029.4956140350887,27.824205784732126,0
3851,4,0,0,40,0.0,0.0,1.0,40,1150,1100,50,0.9565217391304348,12,11,1,343.12158812893756,0.8020566239316239,0.15056431005110693,0.2076416208574089,132567.32840874133,1097.3424515235636,133664.6708602649,3754,4,881.275,37,3,19,33.70998367404884,0.6441441441441441,42.543859649122815,1029.8245614035102,27.833096254148924,0
3852,4,0,0,40,0.0,0.0,1.0,40,1100,700,400,0.6363636363636364,15,7,8,347.9410450823137,0.8006944444444445,0.1503431946365863,0.21135113126299315,132708.51518015168,1234.9478926208205,133943.4630727725,3755,5,882.275,37,3,15,33.44407346316202,0.6455518018018017,42.40679824561404,1030.3728070175446,27.84791370317688,0
3853,4,0,0,40,0.0,0.0,1.0,40,1000,800,200,0.8,12,8,4,345.8789851652321,0.8003739316239317,0.15226837570471252,0.21073288007377508,132821.51870046568,1188.034419244404,134009.5531197101,3756,6,883.275,37,3,16,33.38374906924796,0.6466779279279278,42.29714912280703,1030.811403508773,27.85976766239927,0
3854,4,0,0,40,0.0,0.0,1.0,40,1250,1100,150,0.88,14,11,3,344.86447374878645,0.8,0.1622294148109784,0.2111392830719427,133003.43940618393,1173.6322275184561,134177.07163370238,3757,7,884.275,38,2,16,33.227386500949414,0.6466557017543859,42.1207264957265,1031.5170940170951,27.1451866846604,0
3855,4,0,1,39,0.0,0.025,0.975,40,1100,1000,100,0.9090909090909091,12,10,2,341.77307974229365,0.8014155982905983,0.15608695652173887,0.2100208619790433,133141.23109796204,1100.8177186061985,134242.04881656825,3758,8,885.275,38,2,18,33.168995859213254,0.6480263157894736,41.987179487179496,1032.0512820512834,27.159244264507457,0
3856,4,0,0,39,0.0,0.0,1.0,39,1400,1000,400,0.7142857142857143,18,10,8,357.12074847968603,0.7909919028340081,0.16579907220510615,0.21956744646892812,133160.81781173078,1710.898185018498,134871.7159967493,3759,9,908.7179487179487,37,2,18,32.75335086228267,0.6500563063063061,41.96820175438598,1032.1271929824582,27.895329540066438,0
3857,4,0,0,39,0.0,0.0,1.0,39,950,700,250,0.7368421052631579,12,7,5,358.72812154737784,0.7892487629329735,0.16711185172478515,0.22122742112715527,133274.0136989268,1761.82731705912,135035.84101598593,3760,10,909.7179487179487,37,2,18,32.59829298077945,0.6511824324324322,41.85855263157896,1032.565789473686,27.90718349928881,0
3858,4,0,0,39,0.0,0.0,1.0,39,1150,700,450,0.6086956521739131,16,7,9,362.90322580645164,0.7871682411156096,0.1716294458229939,0.22500000000000014,133472.22222222228,1887.5000000000095,135359.72222222228,3761,11,910.7179487179487,37,2,19,32.29166666666667,0.653153153153153,41.66666666666667,1033.333333333334,27.927927927927943,0
3859,4,0,0,39,0.0,0.0,1.0,39,1050,600,450,0.5714285714285714,15,6,9,361.9451822816559,0.7881241565452092,0.17221784534924622,0.22475865243444132,133530.41174620582,1866.1378439250207,135396.54959013083,3762,12,911.7179487179487,36,3,20,32.25807183845427,0.6556712962962963,41.61036036036037,1033.5585585585598,28.709959959959992,0
3860,4,0,0,39,0.0,0.0,1.0,39,950,500,450,0.5263157894736842,14,5,9,362.0661343892717,0.7875618533513271,0.17247995442091946,0.2253646901578242,133617.71981018194,1875.690259516287,135493.41006969824,3763,13,912.7179487179487,36,3,20,32.16742911084487,0.6565393518518519,41.52590090090091,1033.8963963963974,28.719344344344375,0
3861,4,0,0,39,0.0,0.0,1.0,39,1200,900,300,0.75,15,9,6,365.0272990293679,0.7871682411156096,0.17460131332082596,0.2277452930900623,133705.0564077592,1961.1991214187296,135666.25552917793,3764,14,913.7179487179487,36,3,18,32.00334821428572,0.6574074074074073,41.44144144144145,1034.234234234235,28.728728728728747,0
3862,4,0,0,39,0.0,0.0,1.0,39,1250,900,350,0.72,16,9,7,369.98997166207306,0.7867183985605039,0.17668840391661234,0.2317544546423167,133850.68081172372,2104.681920095761,135955.36273181948,3765,15,914.7179487179487,36,3,19,31.729060108100285,0.6588541666666667,41.30067567567567,1034.7972972972962,28.744369369369338,0
3863,4,0,0,39,0.0,0.0,1.0,39,650,300,350,0.46153846153846156,10,3,7,368.10129759721343,0.7866059379217274,0.17718813649172782,0.23075381479661594,133879.81520371718,2056.266739712684,135936.08194342986,3766,16,915.7179487179487,36,3,19,31.748730504171196,0.6591435185185186,41.27252252252252,1034.9099099099096,28.74749749749749,0
3864,4,0,0,39,0.0,0.0,1.0,39,1000,700,300,0.7,13,7,6,368.2386612903434,0.7858749437696806,0.17815409157588857,0.23157224705221718,133996.38447569183,2068.529847414976,136064.91432310682,3767,17,916.7179487179487,36,3,19,31.628417083605264,0.6603009259259259,41.159909909909906,1035.3603603603597,28.760010010009992,0
3865,4,0,0,39,0.0,0.0,1.0,39,950,900,50,0.9473684210526315,10,9,1,367.5846602688948,0.7866621682411157,0.18015064590407093,0.23189600172519176,134113.00447406867,2059.5766374482614,136172.58111151692,3768,18,917.7179487179487,36,3,19,31.52859317242879,0.6614583333333334,41.0472972972973,1035.8108108108108,28.77252252252252,0
3866,4,0,1,38,0.0,0.02564102564102564,0.9743589743589743,39,1050,800,250,0.7619047619047619,13,8,5,365.86859229717766,0.7856500224921278,0.17525408330755576,0.23136473661349374,134200.50276205264,2019.9498062251455,136220.45256827777,3769,19,918.7179487179487,36,3,19,31.485481650545225,0.6623263888888888,40.96283783783784,1036.148648648649,28.781906906906915,0
3867,4,0,0,38,0.0,0.0,1.0,38,850,600,250,0.7058823529411765,11,6,5,371.1197806337889,0.7859767662399242,0.1704676137566441,0.23431234468429807,134142.16739966313,2356.5623478207913,136498.7297474839,3770,20,935.2105263157895,36,2,19,31.407852302786527,0.6617476851851851,41.01914414414414,1035.9234234234232,28.775650650650643,0
3868,4,0,0,38,0.0,0.0,1.0,38,1050,900,150,0.8571428571428571,12,9,3,371.900729355305,0.7843764817449028,0.16696214621090366,0.2355541921718425,134258.8508060425,2386.1929074344544,136645.04371347695,3771,21,936.2105263157895,36,2,19,31.270826542069603,0.6629050925925927,40.90653153153153,1036.3738738738737,28.78816316316316,0
3869,4,0,0,38,0.0,0.0,1.0,38,850,500,350,0.5882352941176471,12,5,7,374.0140755517175,0.7844357515410147,0.16647988793275958,0.23727081774318118,134317.21153163293,2447.3055403376316,136764.51707197056,3772,22,937.2105263157895,36,2,19,31.157658881042913,0.6634837962962963,40.85022522522522,1036.5990990990988,28.794419419419413,0
3870,4,1,0,39,0.02564102564102564,0.0,1.0,39,700,500,200,0.7142857142857143,9,5,4,364.34896211351446,0.7913292847503374,0.16146637833384836,0.23262279888785903,134550.78124999988,2004.687499999987,136555.46874999988,3773,0,914.1538461538462,37,2,20,31.17469879518071,0.6638513513513514,40.62499999999999,1037.499999999999,28.040540540540515,0
3871,4,0,0,39,0.0,0.0,1.0,39,650,500,150,0.7692307692307693,8,5,3,362.73846788387414,0.7908794421952317,0.1588957969306628,0.23213790388917274,134636.1154994804,1967.539651623554,136603.65515110394,3774,1,915.1538461538462,37,2,21,31.131251100545864,0.664695945945946,40.542763157894726,1037.8289473684194,28.04943100995728,0
3872,4,0,0,39,0.0,0.0,1.0,39,1000,800,200,0.8,12,8,4,366.0554557801833,0.7906545209176788,0.1612332821541822,0.23499519395135954,134749.9365790434,2065.1898901584955,136815.1264692019,3775,2,916.1538461538462,37,2,22,30.93152656035484,0.6658220720720722,40.43311403508771,1038.267543859648,28.061284969179674,0
3873,4,0,0,39,0.0,0.0,1.0,39,800,700,100,0.875,9,7,2,368.9474767296413,0.7904858299595142,0.1646646036889945,0.2372234590703619,134806.8651532201,2147.3305488227047,136954.1957020428,3776,3,917.1538461538462,37,2,18,30.799611973392462,0.6663851351351353,40.378289473684205,1038.4868421052622,28.06721194879087,0
3874,4,0,0,39,0.0,0.0,1.0,39,950,800,150,0.8421052631578947,11,8,3,368.93898802974496,0.7894736842105263,0.16573042828846973,0.2381516246982192,134949.23918898098,2157.60714835331,137106.84633733428,3777,4,918.1538461538462,37,2,19,30.657714225411542,0.6677927927927929,40.241228070175424,1039.0350877192964,28.082029397818822,0
3875,4,0,0,39,0.0,0.0,1.0,39,700,500,200,0.7142857142857143,9,5,4,368.93898802974496,0.7894736842105263,0.16573042828846973,0.2381516246982192,134949.23918898098,2157.60714835331,137106.84633733428,3778,5,919.1538461538462,37,2,19,30.657714225411542,0.6677927927927929,40.241228070175424,1039.0350877192964,28.082029397818822,0
3876,4,0,1,38,0.0,0.02564102564102564,0.9743589743589743,39,900,600,300,0.6666666666666666,12,6,6,368.3259449162352,0.7884615384615384,0.16580114681380542,0.23850614465887332,135063.19252077542,2149.4556017235864,137212.648122499,3779,6,920.1538461538462,37,2,20,30.55995077355837,0.668918918918919,40.13157894736841,1039.4736842105249,28.093883357041214,0
3877,4,0,0,38,0.0,0.0,1.0,38,650,200,450,0.3076923076923077,11,2,9,376.72612893495267,0.7815315315315315,0.16575581594350086,0.24305421437439648,134930.76480196402,2566.3889396152845,137497.1537415793,3780,30,945.2105263157895,36,2,20,30.473887202832575,0.6695601851851853,40.259009009009006,1038.9639639639631,28.860110110110085,0
3878,4,0,0,38,0.0,0.0,1.0,38,850,700,150,0.8235294117647058,10,7,3,376.864418349098,0.7802868658131816,0.16233914327580434,0.24412880321266828,135077.05498995612,2581.1471522197858,137658.2021421759,3781,31,946.2105263157895,36,2,21,30.324224533275565,0.6710069444444444,40.11824324324324,1039.5270270270266,28.87575075075074,0
3879,4,0,0,38,0.0,0.0,1.0,38,1250,1000,250,0.8,15,10,5,372.28586203345776,0.78007942152679,0.16040208793964128,0.24214311420711365,135223.42443795133,2468.35382679976,137691.77826475108,3782,32,947.2105263157895,36,2,21,30.297206582936337,0.6724537037037038,39.97747747747747,1040.090090090089,28.891391391391362,0
3880,4,0,0,38,0.0,0.0,1.0,38,850,600,250,0.7058823529411765,11,6,5,370.4580592567605,0.7791903745851114,0.16555593529277735,0.2417395810404285,135340.57706355004,2427.6015035305554,137768.17856708058,3783,33,948.2105263157895,36,2,21,30.227949134199136,0.6736111111111112,39.86486486486486,1040.5405405405404,28.9039039039039,0
3881,4,0,0,38,0.0,0.0,1.0,38,1200,700,500,0.5833333333333334,17,7,10,355.42110998059286,0.7810573731626363,0.06658349722605439,0.22710978267826218,134580.80317911968,1966.8887296134844,136547.69190873316,3784,34,949.2105263157895,35,3,18,31.376301357129567,0.6681547619047619,40.596064814814824,1037.6157407407422,29.646164021164065,6
3882,4,0,0,38,0.0,0.0,1.0,38,1050,600,450,0.5714285714285714,15,6,9,356.57954893740947,0.7807017543859649,0.06885655106484645,0.21948467888010725,133203.26063368047,1899.51171874999,135102.77235243047,3785,35,950.2105263157895,35,3,18,32.72473091153718,0.6544642857142857,41.92708333333333,1032.291666666666,29.494047619047603,4
3883,4,0,0,38,0.0,0.0,1.0,38,1100,900,200,0.8181818181818182,13,9,4,354.82314142653183,0.7800201517306781,0.07066320509794655,0.21857889651413415,133233.13185871052,1854.8396776405978,135087.9715363511,3786,36,951.2105263157895,35,3,18,32.740097159940206,0.6547619047619049,41.898148148148145,1032.4074074074072,29.49735449735449,0
3884,4,1,1,38,0.02564102564102564,0.02564102564102564,0.9743589743589743,39,1300,900,400,0.6923076923076923,17,9,8,343.2546339231369,0.7912730544309492,0.06242789421784933,0.21331985678947035,133559.5112637977,1368.9842291616035,134928.4954929593,3787,0,927.7948717948718,36,3,19,32.711896720775684,0.6559606481481481,41.58220720720721,1033.671171171172,28.713088088088114,0
3885,4,0,0,38,0.0,0.0,1.0,38,600,400,200,0.6666666666666666,8,4,4,352.4973985431839,0.7787458511142722,0.07003395585738525,0.21854838709677418,133472.2222222223,1809.7222222222317,135281.94444444453,3788,38,953.2105263157895,36,2,21,32.56048387096774,0.6550925925925926,41.66666666666667,1033.3333333333342,28.703703703703727,0
3886,4,0,0,38,0.0,0.0,1.0,38,800,600,200,0.75,10,6,4,354.1144971147627,0.778242057847321,0.059959690964057843,0.22008326887487428,133561.93636670508,1859.2435860339276,135421.179952739,3789,39,954.2105263157895,35,3,21,32.42882935841452,0.6580357142857144,41.5798611111111,1033.680555555554,29.533730158730116,0
3887,4,0,0,38,0.0,0.0,1.0,38,1000,800,200,0.8,12,8,4,352.9017271160979,0.777619724988146,0.0570980743394538,0.21950684029254774,133591.8477794924,1828.9587620027396,135420.80654149514,3790,40,955.2105263157895,35,3,21,32.43021346469623,0.6583333333333334,41.550925925925924,1033.7962962962958,29.537037037037024,0
3888,4,0,0,38,0.0,0.0,1.0,38,1400,1100,300,0.7857142857142857,17,11,6,354.13071686934825,0.7769677572309152,0.06389294633180986,0.22098548086204556,133711.5269204388,1870.271776406018,135581.7986968448,3791,41,956.2105263157895,35,3,17,32.27861086242912,0.6595238095238096,41.435185185185176,1034.259259259258,29.550264550264515,0
3889,4,0,0,38,0.0,0.0,1.0,38,850,700,150,0.8235294117647058,10,7,3,353.55316385807095,0.7768492176386913,0.06177644828114137,0.22098308941003034,133771.38658479063,1859.0593921467514,135630.44597693736,3792,42,957.2105263157895,35,3,17,32.23362795554559,0.6601190476190477,41.3773148148148,1034.4907407407393,29.556878306878264,0
3890,4,0,0,38,0.0,0.0,1.0,38,1050,800,250,0.7619047619047619,13,8,5,351.96612765190804,0.7769084874348032,0.06305192511480051,0.22034854210140417,133831.25964506142,1820.8140432098448,135652.07368827128,3793,43,958.2105263157895,35,3,17,32.21476510067114,0.6607142857142858,41.31944444444443,1034.72222222222,29.563492063491996,0
3891,4,0,0,38,0.0,0.0,1.0,38,950,600,350,0.631578947368421,13,6,7,352.2940737112441,0.7768195827406353,0.06400732285921151,0.22073309832181007,133861.2011986666,1831.7015764317284,135692.9027750983,3794,44,959.2105263157895,35,3,17,32.176327219177566,0.6610119047619047,41.290509259259245,1034.837962962961,29.566798941798886,0
3892,4,0,0,38,0.0,0.0,1.0,38,800,600,200,0.75,10,6,4,355.4426824237422,0.7768195827406353,0.06613948664765346,0.20854007090179114,131392.84256708508,1802.7455777524933,133195.5881448376,3795,45,960.2105263157895,32,6,21,34.57640599343184,0.6432291666666666,43.68686868686869,1025.252525252526,32.03914141414144,5
3893,4,0,0,38,0.0,0.0,1.0,38,1000,800,200,0.8,12,8,4,357.42757819199505,0.7779753437648175,0.05912710497158802,0.21023781445717424,131489.9488094327,1799.6267919089876,133289.5756013417,3796,46,961.2105263157895,32,6,21,34.427448807911695,0.6442057291666667,43.592171717171716,1025.6313131313132,32.050978535353536,0
3894,4,1,1,38,0.02564102564102564,0.02564102564102564,0.9743589743589743,39,1050,800,250,0.7619047619047619,13,8,5,349.02583490863253,0.7855375618533513,0.050330732069862494,0.20689675780666367,131786.1128826531,1399.351615646263,133185.46449829938,3797,0,937.5384615384615,34,5,16,34.34420289855071,0.6424632352941178,43.30357142857143,1026.7857142857147,30.199579831932784,0
3895,4,0,0,38,0.0,0.0,1.0,38,950,700,250,0.7368421052631579,12,7,5,356.6790287369124,0.7771752015173068,0.056556166535742136,0.21081064683638956,131673.7872002354,1793.0557057381654,133466.84290597358,3798,48,963.2105263157895,33,5,17,34.26106965174129,0.6436237373737375,43.412990196078425,1026.3480392156857,31.10145573380866,0
3896,4,1,1,38,0.02564102564102564,0.02564102564102564,0.9743589743589743,39,850,700,150,0.8235294117647058,10,7,3,346.68765721087107,0.787280701754386,0.054142289635247476,0.20608526173787525,131892.24222232925,1345.0824920696007,133237.32471439886,3799,0,939.4871794871794,35,4,17,34.297300469483574,0.6413690476190477,43.200231481481474,1027.199074074073,29.348544973544943,0
3897,4,0,0,38,0.0,0.0,1.0,38,700,500,200,0.7142857142857143,9,5,4,348.9866460267529,0.776463963963964,0.042156850409552415,0.20474209541793914,131390.93888168,1571.7044708773112,132962.6433525573,3800,50,965.2105263157895,33,5,20,34.74380428719421,0.6407828282828283,43.68872549019607,1025.2450980392146,31.068033273915592,2
3898,4,1,1,38,0.02564102564102564,0.02564102564102564,0.9743589743589743,39,1100,700,400,0.6363636363636364,15,7,8,341.8993207674918,0.782557354925776,0.04071995884590107,0.20234714090446676,131725.0017715419,1207.337726757361,132932.33949829926,3801,0,941.4358974358975,34,5,16,34.588696895898565,0.6418504901960784,43.363095238095234,1026.5476190476186,30.192577030812313,0
3899,4,1,1,38,0.02564102564102564,0.02564102564102564,0.9743589743589743,39,750,300,450,0.4,12,3,9,341.3770337967987,0.7824448942869996,0.044433347006961776,0.20252532967889847,131816.67375283435,1199.8370181405783,133016.51077097494,3802,0,942.4102564102565,34,5,16,34.509766983538135,0.6427696078431373,43.27380952380952,1026.904761904761,30.20308123249297,0
3900,4,0,0,38,0.0,0.0,1.0,38,1000,800,200,0.8,12,8,4,350.1367049379346,0.774626600284495,0.041007220591197324,0.20722229284006935,131725.00177154198,1624.3516156462638,133349.35338718825,3803,53,968.2105263157895,34,4,16,34.377295218214854,0.6418504901960784,43.36309523809524,1026.5476190476193,30.19257703081233,0
3901,4,0,0,38,0.0,0.0,1.0,38,950,800,150,0.8421052631578947,11,8,3,351.58428658815626,0.7740931721194879,0.03405859885047624,0.20858088418909457,131816.67375283438,1668.9342403628004,133485.6079931972,3804,54,969.2105263157895,34,4,17,34.247720071102854,0.6427696078431373,43.27380952380952,1026.9047619047612,30.203081232492977,0
3902,4,0,0,38,0.0,0.0,1.0,38,1100,700,400,0.6363636363636364,15,7,8,350.4517569066592,0.7762565196775724,0.02504770556066993,0.2090843135711946,132030.69905045338,1654.0780895691457,133684.77714002252,3805,55,970.2105263157895,34,4,19,34.06116066257383,0.6449142156862746,43.06547619047618,1027.7380952380943,30.227591036414537,0
3903,4,0,0,38,0.0,0.0,1.0,38,1000,500,500,0.5,15,5,10,347.83567904955834,0.7759601706970128,0.02412153719562382,0.20785889886456282,132091.88102324252,1589.2538265305957,133681.1348497731,3806,56,971.2105263157895,34,4,19,34.06678247442579,0.6455269607843138,43.00595238095237,1027.9761904761895,30.234593837534984,0
3904,4,0,0,38,0.0,0.0,1.0,38,1300,1100,200,0.8461538461538461,15,11,4,346.63465453427875,0.7747451398767188,0.02230657681480852,0.2076442542210193,132183.6805555555,1563.8888888888844,133747.56944444438,3807,57,972.2105263157895,34,4,19,34.00526742301459,0.6464460784313726,42.916666666666664,1028.333333333333,30.245098039215677,0
3905,4,0,0,38,0.0,0.0,1.0,38,950,600,350,0.631578947368421,13,6,7,347.50477196232157,0.7732930298719772,0.030438383358604604,0.20901069896105376,132336.75063775497,1597.53047052152,133934.28110827648,3808,58,973.2105263157895,34,4,20,33.828917428362054,0.6479779411764708,42.76785714285713,1028.9285714285702,30.26260504201677,0
3906,4,0,0,38,0.0,0.0,1.0,38,1200,800,400,0.6666666666666666,16,8,8,348.7871514623545,0.7709815078236131,0.038134768002337394,0.2106362629781031,132489.90929705193,1642.155612244872,134132.0649092968,3809,59,974.2105263157895,34,4,21,33.6419306968856,0.6495098039215688,42.619047619047606,1029.5238095238076,30.28011204481787,0
3907,4,0,0,38,0.0,0.0,1.0,38,1050,900,150,0.8571428571428571,12,9,3,349.49380199806245,0.77041844476055,0.03848494067538799,0.2114070900198066,132551.19756235802,1665.1643990929433,134216.36196145095,3810,60,975.2105263157895,34,4,21,33.5621387283237,0.6501225490196079,42.559523809523796,1029.7619047619028,30.287114845938316,0
3908,4,0,0,38,0.0,0.0,1.0,38,1150,700,450,0.6086956521739131,16,7,9,350.15314778644887,0.7714556661925083,0.04092587298594341,0.21232482044822268,132643.1565334466,1689.0837585033864,134332.24029194997,3811,61,976.2105263157895,34,4,16,33.4527524172734,0.6510416666666667,42.47023809523809,1030.1190476190466,30.297619047619015,0
3909,4,0,0,38,0.0,0.0,1.0,38,700,400,300,0.5714285714285714,10,4,6,350.15314778644887,0.7715742057847321,0.04092587298594341,0.21232482044822268,132643.1565334466,1689.0837585033864,134332.24029194997,3812,62,977.2105263157895,34,4,16,33.4527524172734,0.6510416666666667,42.47023809523809,1030.1190476190466,30.297619047619015,0
3910,4,0,0,38,0.0,0.0,1.0,38,750,600,150,0.8,9,6,3,343.897403171538,0.7715742057847321,0.0563351070764051,0.20555159723886962,132100.37964034645,1485.7955032578989,133586.17514360434,3813,63,978.2105263157895,35,3,19,34.159442317796284,0.6434523809523809,42.99768518518519,1028.00925925926,29.371693121693145,4
3911,4,1,0,39,0.02564102564102564,0.0,1.0,39,1050,700,350,0.6666666666666666,14,7,7,333.35930102641237,0.778621232568601,0.06011642692177932,0.20098740773070428,132427.78427479864,1029.541618441367,133457.32589324002,3814,0,954.1025641025641,35,4,20,34.10137655084524,0.6467261904761905,42.67939814814815,1029.2824074074083,29.40806878306881,0
3912,4,0,0,39,0.0,0.0,1.0,39,700,200,500,0.2857142857142857,12,2,10,334.5733956303017,0.778115159694107,0.06096770009080288,0.20203872057919442,132487.35592689048,1065.348910108026,133552.7048369985,3815,1,955.1025641025641,35,4,20,34.01032883642495,0.6473214285714286,42.62152777777778,1029.5138888888891,29.41468253968255,0
3913,4,0,1,38,0.0,0.02564102564102564,0.9743589743589743,39,800,600,200,0.75,10,6,4,334.4391622435467,0.7778340080971661,0.06057357276869446,0.20227771763975777,132546.94097490152,1065.7775795181847,133612.7185544197,3816,2,956.1025641025641,35,4,21,33.95397793263648,0.6479166666666666,42.56365740740741,1029.7453703703711,29.42129629629632,0
3914,4,0,0,38,0.0,0.0,1.0,38,1250,1100,150,0.88,14,11,3,341.9399942525386,0.7757823613086771,0.05320055254334233,0.2066693927526351,132520.5516581634,1462.8153344671368,133983.36699263053,3817,3,965.1315789473684,34,4,22,33.787383897945816,0.6498161764705882,42.58928571428572,1029.6428571428582,30.283613445378183,0
3915,4,0,0,38,0.0,0.0,1.0,38,1200,700,500,0.5833333333333334,17,7,10,339.6669399323151,0.7765825035561877,0.0547358690231472,0.20613448093788614,132673.81660997742,1412.9818594104438,134086.79846938787,3818,4,966.1315789473684,34,4,16,33.69203066019568,0.6513480392156862,42.4404761904762,1030.238095238096,30.301120448179297,0
3916,4,0,0,38,0.0,0.0,1.0,38,1000,800,200,0.8,12,8,4,339.2804367212083,0.7769973921289711,0.05347674871096375,0.20623675984963363,132735.14739229047,1406.8877551020673,134142.03514739254,3819,5,967.1315789473684,34,4,17,33.64044208256315,0.6519607843137254,42.380952380952394,1030.4761904761922,30.30812324929977,0
3917,4,0,0,38,0.0,0.0,1.0,38,1400,1000,400,0.7142857142857143,18,10,8,341.6386083052748,0.775841631104789,0.04428495481127026,0.20877914951989032,132934.57031250015,1483.1163194444594,134417.6866319446,3820,6,968.1315789473684,35,3,18,33.379629629629626,0.6517857142857142,42.18750000000001,1031.2500000000011,29.464285714285747,0
3918,4,0,0,38,0.0,0.0,1.0,38,1000,700,300,0.7,13,7,6,341.5482402844167,0.7759009009009009,0.04150524425966129,0.20905754927298906,132994.25582990394,1484.79080932784,134479.0466392318,3821,7,969.1315789473684,35,3,18,33.32211250748056,0.6523809523809523,42.129629629629626,1031.481481481481,29.470899470899457,0
3919,4,0,0,38,0.0,0.0,1.0,38,1100,1000,100,0.9090909090909091,12,10,2,338.8777635786822,0.7754267425320057,0.0428483735974452,0.20825451535707165,133143.5282305598,1423.8762163494487,134567.40444690926,3822,8,970.1315789473684,35,3,20,33.241397517849805,0.6538690476190476,41.9849537037037,1032.060185185185,29.487433862433857,0
3920,4,0,0,38,0.0,0.0,1.0,38,700,500,200,0.7142857142857143,9,5,4,340.4894528343623,0.7741820768136558,0.041869247108803354,0.20974902757475902,133233.1318587105,1472.895233196153,134706.02709190664,3823,9,971.1315789473684,35,3,20,33.11005231689087,0.6547619047619049,41.898148148148145,1032.407407407407,29.497354497354483,0
3921,4,1,2,37,0.02564102564102564,0.05128205128205128,0.9487179487179487,39,650,400,250,0.6153846153846154,9,4,5,330.38501560874096,0.780195681511471,0.04114971050454952,0.20483870967741943,133472.22222222228,1019.4444444444542,134491.66666666674,3824,0,947.2051282051282,37,2,20,33.131720430107535,0.6531531531531531,41.66666666666667,1033.333333333334,27.927927927927943,0
3922,4,0,0,37,0.0,0.0,1.0,37,1200,1000,200,0.8333333333333334,14,10,4,345.75952999993393,0.7666416416416416,0.05068627569748174,0.21368130510522224,133352.6502486282,1821.5899348422442,135174.24018347045,3825,11,997.4054054054054,35,2,20,32.8542880621545,0.655952380952381,41.782407407407405,1032.8703703703698,29.51058201058199,0
3923,4,0,1,36,0.0,0.02702702702702703,0.972972972972973,37,850,700,150,0.8235294117647058,10,7,3,343.3922996878252,0.7662037037037037,0.04642545771578033,0.21290322580645166,133472.22222222228,1766.666666666676,135238.88888888896,3826,12,998.4054054054054,35,2,20,32.795698924731184,0.657142857142857,41.66666666666667,1033.333333333334,29.52380952380954,0
3924,4,0,0,36,0.0,0.0,1.0,36,800,400,400,0.5,12,4,8,348.5360200467727,0.7667989417989418,0.04891436545428918,0.2159132132752279,133441.47002551035,2101.831774376428,135543.30179988677,3827,13,1019.9444444444445,34,2,20,32.693618696470395,0.6590073529411764,41.69642857142858,1033.2142857142867,30.388655462184904,0
3925,4,0,0,36,0.0,0.0,1.0,36,600,200,400,0.3333333333333333,10,2,8,347.9448491155047,0.7670634920634921,0.04905913978494625,0.21572580645161293,133472.22222222228,2088.1944444444543,135560.41666666674,3828,14,1020.9444444444445,34,2,20,32.678091397849464,0.6593137254901961,41.66666666666667,1033.333333333334,30.392156862745114,0
3926,4,0,0,36,0.0,0.0,1.0,36,1050,800,250,0.7619047619047619,13,8,5,347.70973750603696,0.7670965608465609,0.05024443932529654,0.2159381932065389,133533.73724489802,2086.1961451247257,135619.93339002275,3829,15,1021.9444444444445,34,2,20,32.6225716040851,0.6599264705882353,41.60714285714286,1033.5714285714291,30.39915966386556,0
3927,4,0,0,36,0.0,0.0,1.0,36,1100,900,200,0.8181818181818182,13,9,4,347.12553499431556,0.7669973544973545,0.04903164735078169,0.21629357223533907,133656.8098072563,2079.138321995471,135735.94812925177,3830,16,1022.9444444444445,34,2,21,32.514486913807666,0.6611519607843137,41.48809523809524,1034.0476190476195,30.413165266106457,0
3928,4,0,0,36,0.0,0.0,1.0,36,850,700,150,0.8235294117647058,10,7,3,345.494814883113,0.7663359788359789,0.04604261796042586,0.2154568167185645,133687.58680555565,2037.673611111117,135725.26041666677,3831,17,1023.9444444444445,34,2,21,32.52585280687615,0.6614583333333333,41.458333333333336,1034.1666666666674,30.41666666666669,0
3929,4,0,1,35,0.0,0.027777777777777776,0.9722222222222222,36,1100,1100,0,1.0,11,11,0,345.416407891827,0.7666997354497355,0.047819971870604716,0.21594738018560986,133779.93905895698,2041.9571995464887,135821.89625850346,3832,18,1024.9444444444443,34,2,19,32.43551016494054,0.6623774509803921,41.36904761904762,1034.5238095238099,30.42717086834735,0
3930,4,0,0,35,0.0,0.0,1.0,35,950,600,350,0.631578947368421,13,6,7,345.7434408213162,0.765266106442577,0.05112954900188926,0.21705698324486256,133933.93034297056,2261.355583900227,136195.2859268708,3833,19,1043.6285714285714,34,1,20,32.273097565650744,0.6639093137254901,41.220238095238095,1035.119047619048,30.444677871148468,0
3931,4,0,0,35,0.0,0.0,1.0,35,350,200,150,0.5714285714285714,5,2,3,346.3849791955748,0.7647759103641456,0.05473448854108476,0.21773813344373957,133981.0009028848,2281.8012420696036,136262.80214495442,3834,20,1044.6285714285714,35,0,20,32.20945127631825,0.662202380952381,41.17476851851851,1035.300925925925,29.580026455026427,0
3932,4,0,0,35,0.0,0.0,1.0,35,650,400,250,0.6153846153846154,9,4,5,345.96929480862127,0.7637955182072829,0.05840106021172331,0.21783161721694091,134040.92084887243,2274.80857231651,136315.72942118894,3835,21,1045.6285714285714,35,0,20,32.16033772959279,0.6627976190476191,41.11689814814814,1035.532407407406,29.586640211640173,0
3933,4,0,0,35,0.0,0.0,1.0,35,350,200,150,0.5714285714285714,5,2,3,349.32193127555337,0.7635154061624649,0.053784517158819156,0.2204817549306206,134130.8258852022,2370.9678283607595,136501.79371356298,3836,22,1046.6285714285714,35,0,20,31.98370577281192,0.6636904761904763,41.03009259259259,1035.8796296296289,29.596560846560823,0
3934,4,0,0,35,0.0,0.0,1.0,35,400,200,200,0.5,6,2,4,366.39203487250825,0.7635154061624649,0.024539403877688493,0.2196868840672814,132219.3889853396,2688.826195987666,134908.21518132728,3837,23,1047.6285714285714,35,0,19,33.46134368669818,0.6446428571428571,42.88194444444445,1028.472222222223,29.38492063492066,4
3935,4,0,0,35,0.0,0.0,1.0,35,700,500,200,0.7142857142857143,9,5,4,366.89898268735993,0.7626750700280112,0.028471764535678012,0.2201641633452105,132249.14969403722,2704.415696802126,134953.56539083933,3838,24,1048.6285714285714,35,0,19,33.418312328869874,0.6449404761904761,42.85300925925926,1028.587962962963,29.388227513227516,0
3936,4,0,0,35,0.0,0.0,1.0,35,900,700,200,0.7777777777777778,11,7,4,366.20763540428374,0.7607142857142857,0.02660796632228446,0.22044360774404093,132368.22601862554,2694.8510105881205,135063.07702921366,3839,25,1049.6285714285714,35,0,20,33.31611086117048,0.6461309523809524,42.73726851851851,1029.050925925925,29.401455026455,0
3937,4,0,0,35,0.0,0.0,1.0,35,1050,800,250,0.7619047619047619,13,8,5,366.529470710399,0.7606442577030812,0.0180349716597894,0.22168679136032757,132546.94097490137,2716.472023962614,135263.412998864,3840,26,1050.6285714285714,35,0,21,33.127856768199024,0.6479166666666667,42.563657407407405,1029.74537037037,29.421296296296287,0
3938,4,0,0,35,0.0,0.0,1.0,35,850,700,150,0.8235294117647058,10,7,3,368.56911483665846,0.7600840336134453,0.01572102880261994,0.22309714175623038,132576.73852237655,2772.73823302469,135349.47675540124,3841,27,1051.6285714285714,35,0,21,33.04534726904922,0.6482142857142856,42.53472222222222,1029.861111111111,29.424603174603174,0
3939,4,1,1,35,0.027777777777777776,0.027777777777777776,0.9722222222222222,36,600,500,100,0.8333333333333334,7,5,2,358.68396899908316,0.7679232804232805,0.01347316291602918,0.21860140161235758,132832.97444403882,2329.011697508337,135161.98614154715,3842,0,1023.3888888888889,36,0,17,33.04224928992788,0.6487268518518519,42.286036036036045,1030.8558558558573,28.634884884884926,0
3940,4,0,0,35,0.0,0.0,1.0,35,950,600,350,0.631578947368421,13,6,7,384.69165179456616,0.7584733893557423,0.07456445993031346,0.22531939605110354,131328.12500000038,3105.701140329562,134433.82614032994,3843,29,1053.6285714285714,34,1,21,33.892276422764226,0.6378676470588234,43.75000000000002,1025.000000000003,30.1470588235295,5
3941,4,2,1,36,0.05405405405405406,0.02702702702702703,0.972972972972973,37,800,700,100,0.875,9,7,2,366.84472491743315,0.7791541541541541,0.06760044716249092,0.2185118578856019,131969.53125000023,2282.465277777806,134251.99652777804,3844,0,997.6216216216217,34,3,15,33.70167612868344,0.6443014705882352,43.125000000000014,1027.5000000000018,30.220588235294173,0
3942,4,0,0,36,0.0,0.0,1.0,36,1000,800,200,0.8,12,8,4,375.04302087582323,0.7661375661375662,0.06503127650551344,0.22332107152151284,131956.93963860045,2697.90585351787,134654.84549211833,3845,1,1026.3333333333333,33,3,16,33.50379691475828,0.6464646464646465,43.13725490196078,1027.4509803921562,31.134878193701702,0
3943,4,0,0,36,0.0,0.0,1.0,36,1000,600,400,0.6,14,6,8,375.2581640111381,0.763888888888889,0.06672971025680652,0.22442725099724267,132122.47732426284,2716.0076530612077,134838.48497732406,3846,2,1027.3333333333333,34,2,18,33.331162189285166,0.6458333333333334,42.97619047619047,1028.0952380952367,30.238095238095198,0
3944,4,0,0,36,0.0,0.0,1.0,36,950,700,250,0.7368421052631579,12,7,5,371.82382758916384,0.7610449735449736,0.07076260288065916,0.22309429655349794,132244.89795918346,2634.3608276643804,134879.25878684784,3847,3,1028.3333333333333,34,2,19,33.295958719135825,0.6470588235294118,42.85714285714285,1028.5714285714268,30.252100840336084,0
3945,4,0,1,35,0.0,0.027777777777777776,0.9722222222222222,36,700,300,400,0.42857142857142855,11,3,8,371.82382758916384,0.7610449735449736,0.07076260288065916,0.22309429655349794,132244.89795918346,2634.3608276643804,134879.25878684784,3848,4,1029.3333333333333,34,2,19,33.295958719135825,0.6470588235294118,42.85714285714285,1028.5714285714268,30.252100840336084,0
3946,4,0,0,35,0.0,0.0,1.0,35,700,600,100,0.8571428571428571,8,6,2,377.82809589980286,0.7563725490196078,0.08441768927992643,0.2263300341458041,132183.6805555555,2988.541666666663,135172.22222222216,3849,5,1056.7714285714285,34,1,19,33.2033360345759,0.6464460784313726,42.916666666666664,1028.333333333333,30.245098039215677,0
3947,4,0,0,35,0.0,0.0,1.0,35,950,800,150,0.8421052631578947,11,8,3,378.00618834047,0.755812324929972,0.07931108576717771,0.22735612288285856,132336.75063775497,3004.8221371881873,135341.57277494317,3850,6,1057.7714285714285,34,1,19,33.044322958849165,0.6479779411764707,42.76785714285713,1028.9285714285702,30.26260504201677,0
3948,4,0,0,35,0.0,0.0,1.0,35,350,200,150,0.5714285714285714,5,2,3,378.0118277470905,0.7563025210084033,0.07797291000530282,0.22754929996610582,132368.22601862566,3007.351010588137,135375.5770292138,3851,7,1058.7714285714285,35,0,19,33.01243298466614,0.6461309523809524,42.73726851851852,1029.0509259259259,29.401455026455025,0
3949,4,1,1,35,0.027777777777777776,0.027777777777777776,0.9722222222222222,36,900,500,400,0.5555555555555556,13,5,8,369.34037720407673,0.7652447089947091,0.07252352257109673,0.2243796164401641,132713.4996155322,2603.3008485540295,135316.80046408623,3852,0,1030.3333333333333,33,3,13,32.887825087218516,0.6540404040404042,42.40196078431371,1030.3921568627427,31.224004753416445,0
3950,4,0,0,35,0.0,0.0,1.0,35,400,300,100,0.75,5,3,2,378.5567168512201,0.7539915966386554,0.07254256288096417,0.22904366340048554,132560.48489949974,3036.332389552047,135596.8172890518,3853,9,1060.7714285714285,32,3,20,32.8045814941965,0.6549479166666669,42.55050505050503,1029.7979797979774,32.181186868686794,0
3951,4,0,0,35,0.0,0.0,1.0,35,750,700,50,0.9333333333333333,8,7,1,377.75797816328276,0.7543417366946779,0.07048809961645564,0.22875811639776486,132592.99314164347,3017.6122015610304,135610.6053432045,3854,10,1061.7714285714285,32,3,20,32.79238690695106,0.6552734375000002,42.51893939393938,1029.9242424242404,32.185132575757514,0
3952,4,0,0,35,0.0,0.0,1.0,35,750,400,350,0.5333333333333333,11,4,7,376.1309965177485,0.7537114845938375,0.07262094444347156,0.22816749446753187,132658.02158261882,2979.3587707886572,135637.38035340747,3855,11,1062.7714285714285,32,3,14,32.768772725415694,0.6559244791666669,42.45580808080806,1030.1767676767654,32.19302398989892,0
3953,4,0,0,35,0.0,0.0,1.0,35,950,600,350,0.631578947368421,13,6,7,388.8385613845322,0.7533613445378151,0.09800664451827235,0.2259467316153362,131023.24263038544,3189.3778344671136,134212.62046485255,3856,12,1063.7714285714285,34,1,16,34.095203488372086,0.6348039215686274,44.047619047619044,1023.8095238095234,30.11204481792716,4
3954,4,0,1,34,0.0,0.02857142857142857,0.9714285714285714,35,1150,600,550,0.5217391304347826,17,6,11,384.01697705998157,0.7533613445378151,0.09350951163639998,0.2242096407447897,131206.12953514734,3077.0762471655203,134283.20578231287,3857,13,1064.7714285714285,34,1,16,34.03318421256487,0.6366421568627452,43.86904761904761,1024.523809523809,30.1330532212885,0
3955,4,0,0,34,0.0,0.0,1.0,34,800,700,100,0.875,9,7,2,368.5358385207653,0.745840760546643,0.09479959735159427,0.20469279705791918,129263.69214965403,2727.660635332567,131991.3527849866,3858,44,1096.7058823529412,33,1,18,36.40284807584156,0.6193181818181819,45.77205882352941,1016.9117647058828,30.815508021390386,5
3956,4,2,1,35,0.05555555555555555,0.027777777777777776,0.9722222222222222,36,900,600,300,0.6666666666666666,12,6,6,353.85220767842964,0.7761904761904762,0.09461095973357558,0.1997904003353594,129908.37191358021,1993.6728395061668,131902.04475308637,3859,0,1036.7222222222222,35,1,18,36.12057220708447,0.6214285714285714,45.138888888888886,1019.4444444444441,29.126984126984116,0
3957,4,1,0,36,0.027777777777777776,0.0,1.0,36,500,400,100,0.8,6,4,2,354.8394474666144,0.7681216931216932,0.09924597770716703,0.20095406240847072,130026.38996056237,2027.6984739368947,132054.08843449928,3860,0,1037.6944444444443,35,1,19,35.97556362535935,0.6226190476190476,45.023148148148145,1019.907407407407,29.14021164021163,0
3958,4,0,1,35,0.0,0.027777777777777776,0.9722222222222222,36,800,600,200,0.75,10,6,4,351.85554152536315,0.7675595238095239,0.0977751313749955,0.20002000706828654,130173.98787133474,1960.4877989968982,132134.47567033165,3861,1,1038.6944444444443,35,1,19,35.901879891119435,0.624107142857143,44.878472222222214,1020.4861111111101,29.156746031746003,0
3959,4,0,0,35,0.0,0.0,1.0,35,600,400,200,0.6666666666666666,8,4,4,349.9309432735845,0.7686274509803921,0.11437901962744546,0.19922363264460236,130232.2066326529,2114.4557823129066,132346.6624149658,3862,2,1062.4285714285713,34,1,19,35.891940751108,0.6268382352941178,44.82142857142856,1020.7142857142844,30.021008403361307,0
3960,4,3,2,36,0.07894736842105263,0.05263157894736842,0.9473684210526316,38,850,600,250,0.7058823529411765,11,6,5,326.7689141995234,0.7985715979137031,0.09939546713134484,0.18930690727648358,130906.99932912047,955.2676063788856,131862.26693549936,3863,0,979.4736842105264,37,1,16,35.8011670059645,0.6275337837837838,44.161184210526315,1023.3552631578945,27.65825035561877,0
3961,4,0,0,36,0.0,0.0,1.0,36,1050,800,250,0.7619047619047619,13,8,5,340.2515514055462,0.7772486772486773,0.11809800518199909,0.19594408116796583,130676.44702717768,1692.5727666323778,132369.01979381006,3864,1,1034.888888888889,35,1,16,35.689287600935785,0.6291666666666667,44.386574074074076,1022.453703703704,29.212962962962973,0
3962,4,0,0,36,0.0,0.0,1.0,36,1000,700,300,0.7,13,7,6,340.6403849365061,0.7770171957671959,0.07864345175284337,0.18731926777069388,128868.76594387753,1602.1131433540484,130470.87908723157,3865,2,1035.888888888889,34,2,17,37.51392308594208,0.6130514705882353,46.160714285714285,1015.3571428571427,29.863445378151255,8
3963,4,1,1,36,0.02702702702702703,0.02702702702702703,0.972972972972973,37,950,700,250,0.7368421052631579,12,7,5,331.8826561919033,0.7884134134134134,0.07570768217545742,0.1837700811271939,129142.56071030519,1172.0352151920415,130314.59592549723,3866,0,1008.8648648648649,35,2,17,37.45777347604949,0.6136904761904762,45.8912037037037,1016.435185185185,29.041005291005284,0
3964,4,1,1,36,0.02702702702702703,0.02702702702702703,0.972972972972973,37,900,600,300,0.6666666666666666,12,6,6,333.3647665281002,0.7899774774774775,0.08393234477222178,0.18527996226960247,129289.65627411258,1220.1232156635676,130509.77948977615,3867,0,1009.8378378378378,35,2,20,37.27061283714577,0.6151785714285715,45.74652777777777,1017.0138888888883,29.057539682539666,0
3965,4,1,0,37,0.02702702702702703,0.0,1.0,37,700,500,200,0.7142857142857143,9,5,4,334.6886265372766,0.7884134134134134,0.10180087969238483,0.18685187892966812,129466.28146701383,1266.1783854166624,130732.45985243049,3868,0,1010.7027027027027,35,2,15,37.05753155919482,0.6169642857142856,45.572916666666664,1017.7083333333328,29.07738095238094,0
3966,4,2,3,36,0.05128205128205128,0.07692307692307693,0.9230769230769231,39,600,400,200,0.6666666666666666,8,4,4,319.99933744196426,0.8081421502474134,0.10089845624369187,0.1807626876995979,129927.00277970133,515.3109610649286,130442.31374076626,3869,0,959.8205128205128,37,2,16,36.964490571449055,0.6176801801801801,45.12061403508771,1019.5175438596483,27.554528212422927,0
3967,4,1,0,37,0.02702702702702703,0.0,1.0,37,1000,700,300,0.7,13,7,6,338.02479338842977,0.7896021021021021,0.1131449631449628,0.18970779220779208,129672.49657064467,1366.5037722908016,131039.00034293547,3870,0,1012.6216216216217,35,2,17,36.76325757575758,0.6190476190476191,45.37037037037037,1018.5185185185181,29.10052910052909,0
3968,4,0,0,37,0.0,0.0,1.0,37,850,500,350,0.5882352941176471,12,5,7,338.2658012712286,0.787474974974975,0.11715396174332815,0.19019830354883824,129745.78622118753,1377.7124675351156,131123.49868872264,3871,1,1013.6216216216217,36,1,17,36.68274013485134,0.6177662037037037,45.29842342342343,1018.8063063063073,28.3001751751752,0
3969,4,0,0,37,0.0,0.0,1.0,37,1450,1000,450,0.6896551724137931,19,10,9,337.7316056048168,0.7880380380380381,0.12573209392294893,0.19087527822384598,129946.64216581451,1377.4176203230315,131324.05978613754,3872,2,1014.6216216216217,36,1,18,36.49261836389073,0.6197916666666666,45.101351351351354,1019.594594594595,28.322072072072086,0
3970,4,0,0,37,0.0,0.0,1.0,37,900,600,300,0.6666666666666666,12,6,6,334.93483105685146,0.7866616616616616,0.13021787519469097,0.18985229660281372,130061.48674011863,1312.4244176609188,131373.91115777954,3873,3,1015.6216216216217,36,1,18,36.44752336792523,0.6209490740740741,44.988738738738746,1020.0450450450461,28.334584584584615,0
3971,4,0,0,37,0.0,0.0,1.0,37,1350,1100,250,0.8148148148148148,16,11,5,336.0266555601834,0.7877252252252253,0.13127413127413123,0.19145704793545315,130262.58680555539,1354.3402777777578,131616.92708333314,3874,4,1016.6216216216217,36,1,18,36.21598639455781,0.6229745370370372,44.79166666666666,1020.833333333332,28.356481481481445,0
3972,4,1,0,38,0.02631578947368421,0.0,1.0,38,900,600,300,0.6666666666666666,12,6,6,329.90751582442397,0.7911036036036037,0.13524842353658428,0.18974261382054936,130626.62459843411,1018.9410443597961,131645.5656427939,3875,0,990.8421052631579,37,1,16,36.00403571811647,0.6247184684684686,44.435307017543856,1022.2587719298243,27.62861545756282,0
3973,4,0,0,38,0.0,0.0,1.0,38,850,600,250,0.7058823529411765,11,6,5,327.1646365648865,0.790303461356093,0.1325156732293904,0.18871147589614715,130738.73842191833,954.6183681517404,131693.35679007007,3876,1,991.8421052631579,37,1,16,35.96089757335334,0.6258445945945945,44.32565789473684,1022.697368421053,27.64046941678522,0
3974,4,1,0,39,0.02564102564102564,0.0,1.0,39,650,200,450,0.3076923076923077,11,2,9,326.4389584299743,0.7967836257309941,0.15322578488706373,0.19051875668807206,131191.27498584625,765.1886322959974,131956.46361814224,3877,0,967.3846153846154,38,1,18,35.52290819341607,0.6285635964912281,43.883547008547005,1024.4658119658116,26.959626630679253,0
3975,4,0,0,39,0.0,0.0,1.0,39,1000,600,400,0.6,14,6,8,328.1699859696813,0.7966149347728295,0.154348709394581,0.19193942106226744,131273.37643363292,815.9964204836099,132089.37285411652,3878,1,968.3846153846154,38,1,18,35.39581595774258,0.6293859649122806,43.80341880341881,1024.7863247863254,26.96806117858751,0
3976,4,0,0,39,0.0,0.0,1.0,39,750,500,250,0.6666666666666666,10,5,5,324.40298550144405,0.7958839406207827,0.1494364459070341,0.1902865692872337,131384.32618690384,724.3049468996777,132108.63113380352,3879,2,969.3846153846154,37,2,18,35.38057040998218,0.6323198198198197,43.6951754385965,1025.2192982456154,27.70862968231393,0
3977,4,1,1,39,0.025,0.025,0.975,40,1050,700,350,0.6666666666666666,14,7,7,317.2751571179942,0.7987713675213676,0.14409743910056227,0.18743820167745714,131656.85609796192,354.28994082840927,132011.14603879032,3880,0,946.125,38,2,14,35.28914220278991,0.6332236842105262,43.42948717948718,1026.2820512820517,27.007422402159257,0
3978,4,0,0,39,0.0,0.0,1.0,39,800,600,200,0.75,10,6,4,322.50110891401505,0.7939721097615835,0.14285322855530191,0.19028785480563398,131609.2511638197,688.8258887350013,132298.0770525547,3881,4,971.3846153846154,37,2,14,35.202945786136645,0.634572072072072,43.47587719298246,1026.0964912280706,27.732337600758665,0
3979,4,0,0,39,0.0,0.0,1.0,39,800,700,100,0.875,9,7,2,325.277393545562,0.7939721097615835,0.1585213944835393,0.1796392574110509,129038.51290269563,594.6622287968454,129633.17513149248,3882,5,972.3846153846154,38,1,18,37.73133543638274,0.6069078947368421,45.993589743589745,1016.0256410256413,26.737516869095824,6
3980,4,0,1,38,0.0,0.02564102564102564,0.9743589743589743,39,900,600,300,0.6666666666666666,12,6,6,325.47280267942335,0.7949280251911831,0.15372217999924542,0.1802414577818411,129147.08547921678,606.7727737599375,129753.85825297672,3883,6,973.3846153846154,38,1,19,37.61605703874991,0.6080043859649124,45.88675213675213,1016.4529914529905,26.748762932973435,0
3981,4,0,0,38,0.0,0.0,1.0,38,750,500,250,0.6666666666666666,10,5,5,331.65828935164893,0.7881993835941205,0.1641720278687877,0.1835307871045033,129117.79495854478,964.5974001615721,130082.39235870635,3884,7,999.7894736842105,37,1,19,37.4886494407883,0.6095157657657657,45.91557017543859,1016.3377192982442,27.468587008060656,0
3982,4,3,2,39,0.07317073170731707,0.04878048780487805,0.9512195121951219,41,1050,900,150,0.8571428571428571,12,9,3,313.4552645816879,0.8147865853658537,0.1593868986071405,0.17624167287893555,129744.38707325328,-66.18776439289405,129678.19930886039,3885,0,927.560975609756,40,1,16,37.316084788029926,0.6106770833333334,45.29979674796748,1018.8008130081296,25.47002032520324,0
3983,4,1,0,40,0.025,0.0,1.0,40,1150,900,250,0.782608695652174,14,9,5,318.1113365594058,0.8081997863247863,0.1750664417867731,0.1791642605388985,129811.04736328124,258.87315538194343,130069.92051866317,3886,0,951.725,39,1,17,37.12999165218579,0.6129807692307693,45.234375,1019.0624999999999,26.12980769230769,0
3984,4,2,1,41,0.047619047619047616,0.023809523809523808,0.9761904761904762,42,450,400,50,0.8888888888888888,5,4,1,307.36408843654254,0.8209446380178087,0.17336888098941006,0.1748983264289351,130211.9551524312,-395.5042202066145,129816.45093222459,3887,0,907.3571428571429,41,1,18,36.99860679108346,0.6138211382113821,44.841269841269835,1020.6349206349195,24.893534649632183,0
3985,4,0,0,41,0.0,0.0,1.0,41,750,500,250,0.6666666666666666,10,5,5,313.32811671164325,0.8134654471544716,0.17495300226852084,0.1781676641006979,130184.79100568459,-41.88892193798691,130142.9020837466,3888,1,930.4878048780488,40,1,18,36.873879705238,0.6151041666666666,44.867886178861795,1020.528455284554,25.513211382113848,0
3986,4,1,0,42,0.023809523809523808,0.0,1.0,42,1000,700,300,0.7,13,7,6,306.90146421145505,0.8163472706155633,0.1821998932090676,0.17606452420551894,130528.56445312499,-388.0720142710199,130140.49243885397,3889,0,909.3095238095239,39,3,14,36.690876656472994,0.6201923076923077,44.53125,1021.8749999999999,26.201923076923073,0
3987,4,0,0,42,0.0,0.0,1.0,42,1050,700,350,0.6666666666666666,14,7,7,307.60616368067315,0.8148228803716608,0.18715799278146505,0.17719848020478207,130688.28124999999,-359.89583333333485,130328.38541666666,3890,1,910.3095238095239,39,3,15,36.51181744091279,0.6217948717948718,44.375,1022.4999999999999,26.217948717948715,0
3988,4,0,1,41,0.0,0.023809523809523808,0.9761904761904762,42,800,500,300,0.625,11,5,6,308.85578916832617,0.8141695702671312,0.1874663484625798,0.17804094434911663,130714.9102105034,-325.58865017362206,130389.32156032977,3891,2,911.3095238095239,39,3,15,36.453027910767034,0.6220619658119659,44.34895833333333,1022.604166666666,26.220619658119638,0
3989,4,0,1,40,0.0,0.024390243902439025,0.975609756097561,41,650,300,350,0.46153846153846156,10,3,7,316.0719223084835,0.8088414634146341,0.19301531780850523,0.18232632980168562,130741.54188368047,64.74609374999449,130806.28797743047,3892,3,933.7560975609756,39,2,16,36.24168194472738,0.6223290598290598,44.322916666666664,1022.7083333333327,26.223290598290582,0
3990,4,0,0,40,0.0,0.0,1.0,40,800,400,400,0.5,12,4,8,322.24501470587904,0.8015758547008547,0.19853432960601936,0.1854216804402019,130644.58832137122,419.91345697275784,131064.50177834398,3893,4,957.975,38,2,17,36.181723969763475,0.6230811403508771,44.417735042735046,1022.3290598290603,26.90339631129106,0
3991,4,1,0,41,0.024390243902439025,0.0,1.0,41,1400,1100,300,0.7857142857142857,17,11,6,318.20578432857695,0.8103150406504065,0.20268697242788036,0.1847021997989916,130981.34901258688,135.80457899306472,131117.15359157996,3894,0,935.5853658536586,39,2,19,35.945291034903846,0.624732905982906,44.08854166666667,1023.645833333334,26.247329059829077,0
3992,4,0,0,41,0.0,0.0,1.0,41,1200,700,500,0.5833333333333334,17,7,10,318.3209164132056,0.8097560975609757,0.2014738356946133,0.18515352712081723,131061.33355034729,143.91276041667706,131205.24631076396,3895,1,936.5853658536586,39,2,19,35.86173279077654,0.625534188034188,44.01041666666667,1023.9583333333339,26.255341880341895,0
3993,4,0,0,41,0.0,0.0,1.0,41,950,700,250,0.7368421052631579,12,7,5,321.6293368213077,0.8078252032520326,0.20619129330780916,0.18785903544978508,131221.37586805545,240.9288194444394,131462.30468749988,3896,2,937.5853658536586,39,2,19,35.615765216212566,0.6271367521367521,43.854166666666664,1024.5833333333326,26.2713675213675,0
3994,4,1,0,42,0.023809523809523808,0.0,1.0,42,1500,1100,400,0.7333333333333333,19,11,8,317.5697640441233,0.8168554006968641,0.20254375254375323,0.18765486057152703,131665.51246537364,-37.27264639123126,131628.2398189824,3897,0,916.2380952380952,37,5,16,35.27288105413105,0.6351351351351353,43.42105263157893,1026.3157894736817,27.738264580369776,0
3995,4,1,1,42,0.023255813953488372,0.023255813953488372,0.9767441860465116,43,1150,900,250,0.782608695652174,14,9,5,309.3849557414436,0.8213824289405685,0.19399920182853836,0.18396637906332558,131903.67408366175,-438.1975262985215,131465.47655736323,3898,0,895.9069767441861,38,5,17,35.243759750390005,0.6356907894736843,43.18910256410255,1027.2435897435873,27.032726045883877,0
3996,4,0,0,42,0.0,0.0,1.0,42,1050,800,250,0.7619047619047619,13,8,5,321.55361457249336,0.8167828106852497,0.2013643202797779,0.1911366917078118,131890.6779008924,81.98484148967222,131972.66274238206,3899,2,918.2380952380952,37,5,17,34.94431397665812,0.6373873873873874,43.201754385964904,1027.192982456139,27.761972498814565,0
3997,4,2,1,43,0.045454545454545456,0.022727272727272728,0.9772727272727273,44,1100,700,400,0.6363636363636364,15,7,8,310.0250226503956,0.8284443269908387,0.20365310665857117,0.18703707410446926,132451.61132812485,-587.337239583349,131864.2740885415,3900,0,877.4545454545455,39,5,19,34.677949807731224,0.639423076923077,42.65624999999999,1029.3749999999989,26.39423076923074,0
3998,4,0,0,43,0.0,0.0,1.0,43,1100,700,400,0.6363636363636364,15,7,8,316.79896933452466,0.8207825765965301,0.2133838597168758,0.19113074950144912,132452.9860312111,-207.8061080064328,132245.17992320468,3901,1,898.7209302325581,38,5,19,34.50224874589172,0.6411732456140351,42.65491452991453,1029.3803418803411,27.088956365272136,0
3999,4,0,0,43,0.0,0.0,1.0,43,1050,700,350,0.6666666666666666,14,7,7,317.6575343474448,0.8197212993724621,0.21418609477021677,0.19206921681560052,132535.48127145882,-179.82116115129242,132355.66011030754,3902,2,899.7209302325581,38,5,19,34.39748045929309,0.6419956140350876,42.574786324786324,1029.7008547008545,27.09739091318038,0
4000,4,1,0,44,0.022727272727272728,0.0,1.0,44,1700,1200,500,0.7058823529411765,22,12,10,312.0906029996938,0.8225643058491896,0.22079889807162534,0.19072203516647968,132934.57031250015,-502.4739583333183,132432.09635416683,3903,0,880.25,39,5,18,34.141414141414145,0.6442307692307692,42.18750000000001,1031.2500000000011,26.442307692307722,0
4001,4,2,1,45,0.043478260869565216,0.021739130434782608,0.9782608695652174,46,900,600,300,0.6666666666666666,12,6,6,300.16028702173423,0.827536231884058,0.22033579751910737,0.1853302839796117,133318.49666950112,-1196.616354875284,132121.88031462583,3904,0,842.9347826086956,41,5,19,34.06580211335253,0.6448170731707317,41.81547619047619,1032.7380952380952,25.188734030197445,0
4002,4,0,0,45,0.0,0.0,1.0,45,1100,700,400,0.6363636363636364,15,7,8,305.21199782402573,0.8232744107744108,0.22339906596230996,0.18803206100025957,133236.04630387016,-866.9520250842687,132369.0942787859,3905,1,862.6666666666666,40,5,19,34.01766085900843,0.6455729166666666,41.895325203252035,1032.4186991869926,25.810467479674816,0
4003,4,1,1,45,0.021739130434782608,0.021739130434782608,0.9782608695652174,46,1500,1100,400,0.7333333333333333,19,11,8,298.1919875130075,0.8273148148148148,0.2221248246844323,0.18487903225806457,133472.2222222221,-1239.9305555555609,132232.29166666654,3906,0,844.8913043478261,41,5,19,33.96337365591398,0.646341463414634,41.666666666666664,1033.3333333333326,25.203252032520307,0
4004,4,0,1,44,0.0,0.022222222222222223,0.9777777777777777,45,900,600,300,0.6666666666666666,12,6,6,304.2830751588932,0.8226430976430977,0.22738641829550832,0.18812245595589985,133367.22932778124,-883.7218669442682,132483.50746083696,3907,3,864.6666666666666,40,5,20,33.910738882329774,0.6468749999999999,41.768292682926834,1032.926829268294,25.823170731707346,0
4005,4,0,0,44,0.0,0.0,1.0,44,1200,900,300,0.75,15,9,6,308.4773765761538,0.8224982381959126,0.2273316684276243,0.19059691201984194,133344.11144376735,-573.2716639896744,132770.83977977769,3908,4,877.7727272727273,41,3,20,33.82550107258347,0.6450711382113821,41.7906746031746,1032.8373015873017,25.19115369725126,0
4006,4,0,0,44,0.0,0.0,1.0,44,1150,800,350,0.6956521739130435,15,8,7,306.40393497014196,0.8206923890063426,0.22434269929107065,0.19010504055591082,133498.4769007372,-619.0467611454228,132879.43013959177,3909,5,878.7727272727273,40,4,21,33.72504671059099,0.6481770833333333,41.64126016260163,1033.4349593495951,25.83587398373988,0
4007,4,0,0,44,0.0,0.0,1.0,44,1000,600,400,0.6,14,6,8,304.65262139258226,0.8202299154334038,0.21775462052693673,0.18942093305656185,133577.25642805232,-661.0677341529259,132916.1886938994,3910,6,879.7727272727273,40,4,21,33.69175186787259,0.6489583333333333,41.565040650406516,1033.7398373983758,25.843495934959396,0
4008,4,0,0,44,0.0,0.0,1.0,44,1050,700,350,0.6666666666666666,14,7,7,307.37658543063935,0.8198555320648344,0.21593254411436202,0.19152215289386162,133656.05919302357,-583.4513806265893,133072.60781239698,3911,7,880.7727272727273,40,4,21,33.54279279279278,0.6497395833333333,41.48882113821139,1034.0447154471562,25.851117886178905,0
4009,4,0,0,44,0.0,0.0,1.0,44,950,900,50,0.9473684210526315,10,9,1,308.39277924105807,0.8189526074700494,0.21740421806747845,0.19242877463741578,133708.6072794801,-553.046198525981,133155.5610809541,3912,8,881.7727272727273,40,4,14,33.46414300219451,0.6502604166666666,41.438008130081315,1034.2479674796768,25.856199186991923,0
4010,4,0,0,44,0.0,0.0,1.0,44,1150,700,450,0.6086956521739131,16,7,9,309.00428928909275,0.8182258632840028,0.21687112730129798,0.1934982579053841,133840.02267995258,-528.5717826690277,133311.45089728356,3913,9,882.7727272727273,40,4,16,33.31737379689647,0.6515624999999999,41.310975609756106,1034.756097560977,25.868902439024424,0
4011,4,0,0,44,0.0,0.0,1.0,44,1350,1100,250,0.8148148148148148,16,11,5,309.4120895376994,0.8189085623678647,0.21707033027834055,0.19444669686123067,133971.5026294701,-509.51948658203855,133461.98314288806,3914,10,883.7727272727273,40,4,17,33.17586139197016,0.6528645833333333,41.183943089430905,1035.264227642278,25.88160569105695,0
4012,4,0,0,44,0.0,0.0,1.0,44,1000,900,100,0.9,11,9,2,312.1218126568896,0.8188865398167724,0.22003657262277887,0.19677244710977843,134088.0102040818,-429.64143990928693,133658.3687641725,3915,11,884.7727272727273,41,3,17,32.989703065134094,0.6524390243902438,41.07142857142858,1035.714285714287,25.261324041811875,0
4013,4,0,1,43,0.0,0.022727272727272728,0.9772727272727273,44,1100,800,300,0.7272727272727273,14,8,6,312.3166535216957,0.8178294573643411,0.22066915080705551,0.1971711303551119,134139.38984158495,-421.20693184679396,133718.18290973816,3916,12,885.7727272727273,41,3,17,32.933505714103305,0.6529471544715446,41.021825396825406,1035.9126984127,25.26616337591951,0
4014,4,0,1,42,0.0,0.023255813953488372,0.9767441860465116,43,750,600,150,0.8,9,6,3,318.78559413157836,0.8086932447397563,0.2252283706781859,0.20091181136641428,134076.7330643964,-51.65379816905812,134025.07926622735,3917,13,906.9302325581396,40,3,17,32.82839433487063,0.6539062499999999,41.08231707317074,1035.6707317073187,25.89176829268297,0
4015,4,0,0,42,0.0,0.0,1.0,42,1200,900,300,0.75,15,9,6,321.4743234770946,0.8006436314363143,0.2239871022010369,0.20246127047166884,134050.42158272225,218.75371802501672,134269.17530074727,3918,14,929.1190476190476,40,2,17,32.78500163559044,0.6536458333333333,41.10772357723579,1035.5691056910596,25.889227642276488,0
4016,4,0,0,42,0.0,0.0,1.0,42,1250,900,350,0.72,16,9,7,316.25453594817844,0.7990950445218737,0.21345922169613019,0.20032073028568514,134260.98573104668,92.12914766346188,134353.11487871013,3919,15,930.1190476190476,40,2,18,32.710457932928016,0.6557291666666665,40.90447154471546,1036.382113821141,25.909552845528527,0
4017,4,0,0,42,0.0,0.0,1.0,42,1000,600,400,0.6,14,6,8,316.45110079735986,0.7979336043360433,0.20610031546919072,0.20131340601847028,134419.01728468525,107.40919756761093,134526.42648225286,3920,16,931.1190476190476,40,2,19,32.5481020514831,0.6572916666666666,40.752032520325216,1036.9918699187008,25.92479674796752,0
4018,4,0,0,42,0.0,0.0,1.0,42,950,800,150,0.8421052631578947,11,8,3,316.02160302779356,0.7967721641502129,0.2077302800406855,0.20133061676040367,134471.71512492586,99.19339513518946,134570.90852006106,3921,17,932.1190476190476,40,2,19,32.50681788490429,0.6578124999999999,40.70121951219513,1037.1951219512212,25.92987804878053,0
4019,4,0,0,42,0.0,0.0,1.0,42,950,600,350,0.631578947368421,13,6,7,316.9303720907726,0.7956107239643825,0.2060623446165617,0.20234785295026275,134550.78125000012,128.64583333334843,134679.42708333346,3922,18,933.1190476190476,40,2,20,32.40461847389559,0.6585937499999999,40.62500000000001,1037.500000000001,25.93750000000002,0
4020,4,0,0,42,0.0,0.0,1.0,42,1800,1400,400,0.7777777777777778,22,14,8,316.29508183149994,0.7952719705768486,0.20230171160085053,0.20296925602956062,134735.3592438364,123.2262955251623,134858.58553936155,3923,19,934.1190476190476,40,2,20,32.2376256199426,0.6604166666666667,40.44715447154472,1038.2113821138216,25.95528455284554,0
4021,4,0,0,42,0.0,0.0,1.0,42,1000,500,500,0.5,15,5,10,315.9856924567537,0.7944492837785521,0.2072779796850246,0.20336106907481252,134840.88918633087,121.55834820543049,134962.4475345363,3924,20,935.1190476190476,40,2,17,32.14081865622961,0.6614583333333334,40.34552845528455,1038.6178861788617,25.96544715447154,0
4022,4,0,0,42,0.0,0.0,1.0,42,1350,900,450,0.6666666666666666,18,9,9,316.46381836550484,0.7932636469221835,0.2110583304226339,0.20441203681536857,134972.85970858936,142.80531181834886,135115.6650204077,3925,21,936.1190476190476,40,2,17,31.997351263243672,0.6627604166666667,40.21849593495934,1039.1260162601616,25.97815040650404,0
4023,4,0,1,41,0.0,0.023809523809523808,0.9761904761904762,42,1300,1000,300,0.7692307692307693,16,10,6,317.7039527810506,0.7919812233836624,0.208918679886422,0.2059639693884756,135104.89477989287,184.6718223279692,135289.56660222085,3926,22,937.1190476190476,40,2,18,31.834066471163254,0.6640625,40.09146341463414,1039.6341463414628,25.990853658536572,0
4024,4,0,0,41,0.0,0.0,1.0,41,1050,800,250,0.7619047619047619,13,8,5,322.39029529605307,0.791869918699187,0.1944036569485197,0.20939637722449567,135172.9180230034,515.687391493052,135688.60541449647,3927,23,939.2682926829268,39,2,19,31.644733547029936,0.6663995726495726,40.026041666666664,1039.895833333333,26.66399572649572,0
4025,4,0,0,41,0.0,0.0,1.0,41,1000,600,400,0.6,14,6,8,323.4614580982172,0.7905487804878049,0.19436967852554532,0.21056623993277682,135254.17209201385,549.9023437499957,135804.07443576385,3928,24,940.2682926829268,39,2,19,31.53623406101876,0.6672008547008548,39.947916666666664,1040.208333333333,26.672008547008538,0
4026,4,0,0,41,0.0,0.0,1.0,41,1100,900,200,0.8181818181818182,13,9,4,326.89604810078265,0.7899390243902439,0.19795865059040985,0.21360486700947795,135389.6497938367,651.6682942708246,136041.3180881075,3929,25,941.2682926829268,39,2,20,31.312452040169493,0.6685363247863249,39.81770833333333,1040.7291666666658,26.685363247863226,0
4027,4,1,1,41,0.023809523809523808,0.023809523809523808,0.9761904761904762,42,1050,900,150,0.8571428571428571,12,9,3,320.0110645602682,0.7926587301587301,0.19615781932087084,0.21101322866159256,135715.07297091992,286.28472222219875,136001.3576931421,3930,0,919.8333333333334,39,3,21,31.16908677396781,0.6717414529914532,39.50520833333332,1041.979166666665,26.717414529914485,0
4028,4,0,0,41,0.0,0.0,1.0,41,750,500,250,0.6666666666666666,10,5,5,326.99438467409425,0.7886178861788617,0.20360169594894595,0.21480222457106382,135579.43250868042,666.7426215277586,136246.17513020817,3931,27,943.2682926829268,39,2,21,31.12164099486563,0.670405982905983,39.63541666666666,1041.4583333333321,26.704059829059798,0
4029,4,0,0,41,0.0,0.0,1.0,41,1250,1000,250,0.8,15,10,5,327.04000000000013,0.7878556910569106,0.2033170731707321,0.215157894736842,135633.68055555533,671.5386284721983,136305.21918402752,3932,28,944.2682926829268,38,3,21,31.066666666666663,0.6726973684210528,39.58333333333332,1041.666666666665,27.41228070175434,0
4030,4,0,0,41,0.0,0.0,1.0,41,900,600,300,0.6666666666666666,12,6,6,332.17761344640263,0.7851626016260163,0.20967858884124446,0.219390157018934,135772.82769239886,820.1387747461303,136592.966467145,3933,29,945.2682926829268,38,3,21,30.79489150862806,0.6740679824561404,39.44978632478632,1042.2008547008536,27.42633828160141,0
4031,4,0,0,41,0.0,0.0,1.0,41,900,700,200,0.7777777777777778,11,7,4,332.8439791976258,0.7844512195121951,0.20813333008455004,0.22064690276610796,135905.08355034704,847.0377604166479,136752.1213107637,3934,30,946.2682926829268,39,2,15,30.646436896436892,0.6736111111111113,39.32291666666666,1042.708333333332,26.736111111111075,0
4032,4,0,0,41,0.0,0.0,1.0,41,900,700,200,0.7777777777777778,11,7,4,332.05219657306174,0.7838414634146341,0.20531459809204589,0.22045799682291065,135959.3967013888,829.1232638888796,136788.51996527766,3935,31,947.2682926829268,39,2,15,30.613264083100276,0.6741452991452992,39.27083333333333,1042.9166666666658,26.74145299145297,0
4033,4,0,0,41,0.0,0.0,1.0,41,800,500,300,0.625,11,5,6,332.8238409107218,0.7825711382113821,0.20619912610150704,0.22130796433465932,136013.720703125,853.7217881944453,136867.44249131944,3936,32,948.2682926829268,39,2,16,30.53932827375008,0.6746794871794872,39.21875,1043.125,26.746794871794872,0
4034,4,0,0,41,0.0,0.0,1.0,41,1250,900,350,0.72,16,9,7,333.34528547695055,0.7817581300813008,0.20242441945377587,0.22267465069860284,136176.75781249997,878.7760416666677,137055.53385416663,3937,33,949.2682926829268,39,2,18,30.364271457085824,0.6762820512820513,39.0625,1043.7499999999998,26.762820512820507,0
4035,4,0,0,41,0.0,0.0,1.0,41,1200,1000,200,0.8333333333333334,14,10,4,334.7693898764959,0.7817581300813008,0.20667099816762957,0.2241411886928602,136258.31298828122,923.0224609375007,137181.33544921872,3938,34,950.2682926829268,39,2,19,30.246370847051782,0.6770833333333334,38.984375,1044.0624999999998,26.77083333333333,0
4036,4,0,0,41,0.0,0.0,1.0,41,700,400,300,0.5714285714285714,10,4,6,337.07334001613765,0.7808434959349594,0.20916349199398643,0.22620463902287793,136339.89257812497,991.3085937500009,137331.20117187497,3939,35,951.2682926829268,39,2,19,30.105475763016173,0.6778846153846154,38.90625,1044.3749999999998,26.77884615384615,0
4037,4,0,0,41,0.0,0.0,1.0,41,1150,900,250,0.782608695652174,14,9,5,339.52161709479117,0.7795223577235773,0.21529960014398708,0.22819857749507805,136394.29253472216,1061.7621527777733,137456.05468749994,3940,36,952.2682926829268,39,2,19,29.98770110357664,0.6784188034188035,38.854166666666664,1044.583333333333,26.784188034188027,0
4038,4,0,0,41,0.0,0.0,1.0,41,1350,800,550,0.5925925925925926,19,8,11,335.9831523262587,0.7792174796747967,0.18367880729745645,0.2124096878266006,134190.77932098747,817.5588348765264,135008.33815586398,3941,37,953.2682926829268,38,3,17,32.26932529043789,0.6584429824561404,40.972222222222214,1036.1111111111097,27.266081871344994,7
4039,4,0,1,40,0.0,0.024390243902439025,0.975609756097561,41,900,400,500,0.4444444444444444,14,4,10,338.53124067394646,0.7766768292682927,0.1843432883468279,0.21483117254802492,134329.18453000573,894.9250995324618,135224.1096295382,3942,38,954.2682926829268,38,3,18,32.06525473221341,0.6598135964912281,40.83867521367521,1036.6452991452984,27.280139451192063,0
4040,4,0,0,40,0.0,0.0,1.0,40,500,300,200,0.6,7,3,4,344.4886419907414,0.7698985042735043,0.18908167583580204,0.21823771073032752,134266.5291243459,1250.6588565712466,135517.18798091714,3943,39,977.325,37,3,18,31.973391874735515,0.6610360360360361,40.89912280701754,1036.4035087719294,28.01090564248458,0
4041,4,0,0,40,0.0,0.0,1.0,40,1000,600,400,0.6,14,6,8,345.11221963998446,0.7701655982905983,0.1890363867146183,0.2189725452668733,134323.35550361648,1271.3262734687578,135594.68177708524,3944,40,978.325,37,3,18,31.900518299132635,0.6615990990990992,40.844298245614034,1036.6228070175437,28.016832622095773,0
4042,4,0,0,40,0.0,0.0,1.0,40,1200,800,400,0.6666666666666666,16,8,8,355.6400140032352,0.7701655982905983,0.15776485204427448,0.20798128692104614,131268.81456832966,1409.1945120696932,132678.00908039935,3945,41,979.325,35,5,19,34.69665311347038,0.6351190476190478,43.80787037037036,1024.7685185185167,29.279100529100475,7
4043,4,1,1,40,0.024390243902439025,0.024390243902439025,0.975609756097561,41,1350,900,450,0.6666666666666666,18,9,9,352.57735431650985,0.7770833333333333,0.1498407178973662,0.20811922925234233,131624.87809713668,1081.603652263398,132706.4817494001,3946,0,956.4146341463414,35,6,17,34.41565155274832,0.6386904761904761,43.46064814814816,1026.157407407409,29.318783068783112,0
4044,4,0,0,40,0.0,0.0,1.0,40,1300,1000,300,0.7692307692307693,16,10,6,362.80985018915584,0.7674679487179488,0.1549953585518682,0.21386424684884725,131572.2859977325,1547.1442743764273,133119.43027210893,3947,43,981.325,34,6,18,34.206264021041235,0.6403186274509803,43.511904761904766,1025.9523809523816,30.175070028011223,0
4045,4,0,0,40,0.0,0.0,1.0,40,1000,800,200,0.8,12,8,4,361.8102424706848,0.7669337606837607,0.15731445973381453,0.2135692150296336,131624.87809713668,1524.645811899886,133149.52390903656,3948,44,982.325,35,5,18,34.17879163846906,0.6386904761904761,43.46064814814816,1026.157407407409,29.318783068783112,0
4046,4,0,1,39,0.0,0.025,0.975,40,1200,1000,200,0.8333333333333334,14,10,4,360.90008184795414,0.7661057692307692,0.1632565085089599,0.21419842315965873,131832.80452942822,1515.6939889832029,133348.49851841142,3949,45,983.325,35,5,18,33.99228464630527,0.6407738095238094,43.258101851851855,1026.967592592593,29.34193121693123,0
4047,4,1,0,40,0.025,0.0,1.0,40,1300,900,400,0.6923076923076923,17,9,8,353.6154695577566,0.7704326923076923,0.16923942394239422,0.21236042523171245,132278.91375171486,1355.1740397805406,133634.0877914954,3950,0,961.0,35,5,19,33.72993549354936,0.6452380952380952,42.82407407407408,1028.703703703705,29.39153439153443,0
4048,4,0,0,40,0.0,0.0,1.0,40,850,500,350,0.5882352941176471,12,5,7,351.4523949757749,0.7681891025641026,0.16773984928579488,0.21156149246646003,132368.22601862566,1304.2260105881355,133672.4520292138,3951,1,962.0,35,5,19,33.695708206800894,0.6461309523809524,42.73726851851852,1029.0509259259259,29.401455026455025,0
4049,4,0,0,40,0.0,0.0,1.0,40,1000,600,400,0.6,14,6,8,351.08030303937903,0.7701655982905983,0.16303769657724354,0.21202112155618374,132489.90929705222,1302.9228501135563,133792.83214716578,3952,2,963.0,34,6,19,33.58290934320073,0.6495098039215685,42.61904761904762,1029.5238095238099,30.280112044817937,0
4050,4,1,1,40,0.024390243902439025,0.024390243902439025,0.975609756097561,41,950,800,150,0.8421052631578947,11,8,3,344.6284174046976,0.776270325203252,0.1556768128328181,0.2096018735362996,132755.59413580244,950.2700617283874,133705.86419753084,3953,0,940.4878048780488,35,6,16,33.48214285714286,0.65,42.36111111111111,1030.5555555555552,29.444444444444436,0
4051,4,1,1,40,0.024390243902439025,0.024390243902439025,0.975609756097561,41,850,500,350,0.5882352941176471,12,5,7,342.68790046037645,0.7816565040650406,0.15749316711671502,0.2087536553693646,132815.2394654491,902.8351123113707,133718.07457776048,3954,0,941.4634146341464,35,6,16,33.47228460214087,0.6505952380952382,42.30324074074073,1030.787037037036,29.451058201058174,0
4052,4,0,1,39,0.0,0.025,0.975,40,1100,800,300,0.7272727272727273,14,8,6,349.2055419533423,0.7690170940170941,0.16159029649595702,0.21238566567981956,132755.59413580244,1271.7978395061652,134027.3919753086,3955,5,966.0,35,5,17,33.36421832884097,0.65,42.36111111111111,1030.5555555555552,29.444444444444436,0
4053,4,0,0,39,0.0,0.0,1.0,39,1400,1100,300,0.7857142857142857,17,11,6,355.52451006366465,0.76102114260009,0.18116933501548949,0.2164649232159781,132796.49234693873,1642.4815759637154,134438.97392290246,3956,6,990.3589743589744,34,5,18,33.16032378532378,0.6525735294117647,42.32142857142857,1030.7142857142853,30.315126050420158,0
4054,4,0,0,39,0.0,0.0,1.0,39,1000,600,400,0.6,14,6,8,353.09404818416016,0.7595591542959964,0.1787173565464557,0.2153376378362554,132857.85147392287,1582.2633219954598,134440.11479591834,3957,7,991.3589743589744,34,5,18,33.16132602001539,0.6531862745098038,42.26190476190476,1030.9523809523807,30.32212885154061,0
4055,4,0,0,39,0.0,0.0,1.0,39,1050,600,450,0.5714285714285714,15,6,9,352.36763666468,0.7609649122807017,0.17319530269668748,0.21560121497618553,132980.61224489793,1571.6128117913754,134552.2250566893,3958,8,992.3589743589744,34,5,18,33.056805940289316,0.6544117647058822,42.14285714285714,1031.428571428571,30.336134453781504,0
4056,4,0,0,39,0.0,0.0,1.0,39,1250,1000,250,0.8,15,10,5,353.08917139270466,0.7606275303643725,0.1688828134708591,0.2163982149426574,133042.0138888888,1595.1388888888798,134637.15277777766,3959,9,993.3589743589744,34,5,18,32.97657512116317,0.6550245098039216,42.08333333333333,1031.6666666666658,30.343137254901936,0
4057,4,0,0,39,0.0,0.0,1.0,39,800,400,400,0.5,12,4,8,342.2757032814369,0.7613022941970311,0.13929527475687986,0.19963211939053185,131166.40082963472,1180.403307060507,132346.80413669522,3960,10,994.3589743589744,32,7,22,35.14241546489174,0.6409505208333334,43.907828282828284,1024.3686868686868,32.011521464646464,5
4058,4,1,0,40,0.025,0.0,1.0,40,650,400,250,0.6153846153846154,9,4,5,335.0296410655025,0.7729166666666667,0.1376120205520377,0.19703886620359742,131485.18786344197,810.2870590638306,132295.4749225058,3961,0,970.475,33,7,23,35.00654697893019,0.6417297979797979,43.5968137254902,1025.6127450980396,31.07917409387999,0
4059,4,0,1,39,0.0,0.025,0.975,40,1100,1000,100,0.9090909090909091,12,10,2,334.2646290933393,0.7730235042735043,0.13632537313432858,0.1975628982820549,131673.78720023547,802.7779279604022,132476.56512819589,3962,1,971.475,33,7,17,34.83619402985076,0.6436237373737373,43.41299019607843,1026.3480392156862,31.101455733808674,0
4060,4,1,1,39,0.025,0.025,0.975,40,1300,900,400,0.6923076923076923,17,9,8,335.09301359377696,0.7683760683760684,0.1382414369256475,0.19870802271070462,131799.59518274217,833.0247080449809,132632.61989078714,3963,0,972.425,33,7,18,34.68828320802007,0.6448863636363636,43.29044117647059,1026.8382352941173,31.116310160427798,0
4061,4,0,0,39,0.0,0.0,1.0,39,800,500,300,0.625,11,5,6,343.98688265643375,0.7571974808816915,0.14642549526270443,0.20301970917565978,131619.47959710742,1255.0748966942067,132874.55449380164,3964,14,998.3589743589744,32,7,18,34.64147286821705,0.6455078125,43.465909090909086,1026.1363636363633,32.06676136363635,0
4062,4,0,0,39,0.0,0.0,1.0,39,1400,1000,400,0.7142857142857143,18,10,8,343.25586096238857,0.7573661718398561,0.14489024278718055,0.20327847090205234,131749.07415378516,1244.7283759310114,132993.80252971617,3965,15,999.3589743589744,32,7,18,34.5296294018776,0.6468098958333335,43.33964646464646,1026.641414141413,32.082544191919155,0
4063,4,0,0,39,0.0,0.0,1.0,39,700,400,300,0.5714285714285714,10,4,6,345.56324181225847,0.7569725596041386,0.14977334770794348,0.20516871597816858,131846.31191970204,1312.2477935924903,133158.55971329453,3966,16,1000.3589743589744,32,7,18,34.372438734529965,0.6477864583333334,43.244949494949495,1027.0202020202019,32.09438131313131,0
4064,4,0,0,39,0.0,0.0,1.0,39,850,600,250,0.7058823529411765,11,6,5,343.6561633164963,0.7566914080071975,0.14955174850200503,0.20446200263180916,131925.46323829785,1267.3997080449903,133192.86294634282,3967,17,1001.3589743589744,33,6,19,34.341698477076626,0.6461489898989898,43.16789215686275,1027.3284313725496,31.131164587046957,0
4065,4,0,0,39,0.0,0.0,1.0,39,800,500,300,0.625,11,5,6,342.40172583870464,0.7546671165092218,0.15111877549273234,0.2042233906744933,132019.90370290267,1240.768574586687,133260.67227748936,3968,18,1002.3589743589744,33,6,20,34.2788576198426,0.6470959595959596,43.07598039215686,1027.696078431372,31.14230540701127,0
4066,4,0,0,39,0.0,0.0,1.0,39,1300,1000,300,0.7692307692307693,16,10,6,342.18317711060104,0.755229419703104,0.148868976101598,0.20426265526168064,132051.3913669022,1237.152927960403,133288.5442948626,3969,19,1003.3589743589744,33,6,21,34.25278705138903,0.6474116161616161,43.0453431372549,1027.8186274509808,31.146019013666084,0
4067,4,0,0,39,0.0,0.0,1.0,39,1250,700,550,0.56,18,7,11,338.88387311443796,0.7537112010796222,0.14977398262500707,0.20316570297263203,132214.2874858276,1161.0579648526025,133375.3454506802,3970,20,1004.3589743589744,34,5,22,34.17375660763207,0.6467524509803921,42.88690476190476,1028.4523809523805,30.248599439775898,0
4068,4,1,0,40,0.025,0.0,1.0,40,900,700,200,0.7777777777777778,11,7,4,331.13192223091545,0.7627136752136752,0.15487050526072377,0.20013696683264784,132520.5516581634,776.4845521542117,133297.0362103176,3971,0,980.225,34,6,23,34.06559525185956,0.6498161764705882,42.58928571428572,1029.6428571428582,30.283613445378183,0
4069,4,1,0,41,0.024390243902439025,0.0,1.0,41,1150,900,250,0.782608695652174,14,9,5,323.7348412545443,0.771849593495935,0.15869677726753673,0.19736524510980338,132845.06715374233,401.3153452932131,133246.38249903554,3972,0,957.2926829268292,35,6,19,33.930826877736614,0.6508928571428572,42.27430555555556,1030.902777777778,29.454365079365086,0
4070,4,0,0,41,0.0,0.0,1.0,41,700,500,200,0.7142857142857143,9,5,4,322.01263681583634,0.7716463414634146,0.15818760589132097,0.19694266346368705,132964.41139671227,363.244143304203,133327.65554001648,3973,1,958.2926829268292,35,6,19,33.855744772378706,0.6520833333333332,42.158564814814824,1031.365740740742,29.467592592592627,0
4071,4,0,0,41,0.0,0.0,1.0,41,600,400,200,0.6666666666666666,8,4,4,323.4794284114615,0.7709857723577236,0.15923430941735917,0.1983146922186913,133053.9547432271,408.0434456447198,133461.99818887183,3974,2,959.2926829268292,35,6,20,33.728311270660356,0.6529761904761904,42.07175925925926,1031.7129629629635,29.477513227513242,0
4072,4,0,0,41,0.0,0.0,1.0,41,1250,900,350,0.72,16,9,7,324.36000741634143,0.7685467479674797,0.1673423998637893,0.19984761747264923,133239.59094229384,443.51894123855664,133683.1098835324,3975,3,960.2926829268292,36,5,21,33.519897105875515,0.6527777777777777,41.8918918918919,1032.4324324324339,28.67867867867872,0
4073,4,0,0,41,0.0,0.0,1.0,41,1150,700,450,0.6086956521739131,16,7,9,326.6338097575642,0.7686991869918699,0.1650037760735219,0.20187906355096918,133355.88121905702,511.70790723157245,133867.5891262886,3976,4,961.2926829268292,36,5,21,33.344917502543964,0.6539351851851851,41.77927927927929,1032.882882882884,28.69119119119122,0
4074,4,0,0,41,0.0,0.0,1.0,41,1150,900,250,0.782608695652174,14,9,5,326.15764828303855,0.7690548780487805,0.16227380015735648,0.20221774193548414,133472.22222222242,506.5972222222466,133978.81944444467,3977,5,962.2926829268292,36,5,21,33.24092741935484,0.6550925925925926,41.66666666666668,1033.3333333333348,28.703703703703745,0
4075,4,0,0,41,0.0,0.0,1.0,41,1450,1000,450,0.6896551724137931,19,10,9,326.33997822192475,0.7672256097560975,0.16843222420943005,0.20351151405698945,133687.58680555568,525.5208333333534,134213.10763888902,3978,6,963.2926829268292,34,7,21,33.02108514638731,0.6614583333333333,41.45833333333334,1034.1666666666679,30.416666666666703,0
4076,4,0,0,41,0.0,0.0,1.0,41,1050,700,350,0.6666666666666666,14,7,7,327.60409278986344,0.7669715447154472,0.1672706449702317,0.2046406874371764,133749.1514314059,563.3538832199586,134312.50531462586,3979,7,964.2926829268292,34,7,19,32.92692868377643,0.6620710784313726,41.398809523809526,1034.404761904762,30.423669467787114,0
4077,4,0,0,41,0.0,0.0,1.0,41,750,500,250,0.6666666666666666,10,5,5,327.5314426459439,0.7666158536585366,0.16689538659280245,0.2049370603337582,133810.73022959198,565.4443027211054,134376.17453231307,3980,8,965.2926829268292,34,7,19,32.867334023702696,0.6626838235294117,41.33928571428572,1034.6428571428582,30.430672268907596,0
4078,4,1,0,42,0.023809523809523808,0.0,1.0,42,1300,800,500,0.6153846153846154,18,8,10,331.4736099641105,0.7764953542392566,0.16506611667902038,0.19566211890424756,131624.87809713627,384.9951599724054,132009.87325710867,3981,0,943.2857142857143,35,7,18,34.957045642529515,0.6386904761904763,43.46064814814814,1026.1574074074058,29.318783068783024,6
4079,4,0,0,42,0.0,0.0,1.0,42,1200,900,300,0.75,15,9,6,329.93626769042197,0.7757694541231127,0.16021830989696606,0.19521045751476646,131713.9693313827,291.4430887774113,132005.4124201601,3982,1,944.2857142857143,35,7,18,34.90681493591912,0.6395833333333334,43.37384259259258,1026.5046296296282,29.328703703703663,0
4080,4,1,1,42,0.023255813953488372,0.023255813953488372,0.9767441860465116,43,1050,800,250,0.7619047619047619,13,8,5,311.20730109563516,0.7840070136581764,0.12109788568092106,0.18293195855584832,131465.0463533677,-417.42354719116975,131047.62280617654,3983,0,923.3023255813954,38,5,24,35.63760982046741,0.6313048245614035,43.616452991452995,1025.5341880341884,26.98774179037338,5
4081,4,0,1,41,0.0,0.023809523809523808,0.9761904761904762,42,1150,900,250,0.782608695652174,14,9,5,314.6520718797039,0.7748741773132017,0.12854902440017923,0.1848383276519467,131440.5393967375,-128.3923899661371,131312.14700677135,3984,1,946.2380952380952,37,5,24,35.573941402908474,0.6328828828828829,43.640350877192986,1025.4385964912285,27.714556661925094,0
4082,4,0,0,41,0.0,0.0,1.0,41,750,500,250,0.6666666666666666,10,5,5,322.66674526523633,0.7755589430894309,0.12367080402629238,0.18956150854098325,131443.57829112888,282.4943186429615,131726.07260977186,3985,2,891.0487804878048,36,5,24,35.36541840544697,0.634837962962963,43.637387387387385,1025.4504504504498,28.484734734734715,0
4083,4,0,0,41,0.0,0.0,1.0,41,1100,700,400,0.6363636363636364,15,7,8,323.4758899610831,0.7742886178861789,0.1245136811890677,0.19046812421819687,131530.20154867697,309.3698005437804,131839.57134922076,3986,3,892.0487804878048,36,5,25,35.25748344128519,0.6357060185185186,43.552927927927925,1025.7882882882877,28.494119119119105,0
4084,4,0,0,41,0.0,0.0,1.0,41,1400,1100,300,0.7857142857142857,17,11,6,327.5653798412389,0.776270325203252,0.11895461209987257,0.19390168848264497,131732.43344696035,430.19691989285366,132162.6303668532,3987,4,893.0487804878048,36,5,18,34.949082199795235,0.6377314814814816,43.35585585585585,1026.5765765765757,28.516016016015993,0
4085,4,0,1,40,0.0,0.024390243902439025,0.975609756097561,41,900,600,300,0.6666666666666666,12,6,6,327.3788746517175,0.776829268292683,0.12030879685853257,0.19408586339885278,131790.24252292814,429.06825744661353,132219.31078037474,3988,5,894.0487804878048,36,5,19,34.89571909044381,0.6383101851851853,43.29954954954954,1026.8018018018001,28.522272272272225,0
4086,4,0,0,40,0.0,0.0,1.0,40,1100,600,500,0.5454545454545454,16,6,10,335.18212996753476,0.7680021367521368,0.12466170500676599,0.1981596752368064,131684.26890432087,827.6427469135666,132511.91165123443,3989,17,917.275,35,5,19,34.80209742895805,0.6392857142857145,43.40277777777777,1026.388888888888,29.3253968253968,0
4087,4,0,0,40,0.0,0.0,1.0,40,550,400,150,0.7272727272727273,7,4,3,336.87295762796975,0.7680555555555556,0.12342164599774552,0.19947016916956536,131743.67310742437,876.1761616940814,132619.84926911845,3990,18,918.275,35,5,20,34.6988913942127,0.6398809523809526,43.3449074074074,1026.6203703703688,29.33201058201054,0
4088,4,0,1,39,0.0,0.025,0.975,40,1150,900,250,0.782608695652174,14,9,5,337.80256298353527,0.7679220085470085,0.12072957746478874,0.20080359989811591,131892.24222232914,910.7074920695861,132802.9497143987,3991,19,919.275,35,5,21,34.52546948356808,0.6413690476190478,43.20023148148147,1027.199074074072,29.348544973544918,0
4089,4,1,1,39,0.025,0.025,0.975,40,1250,900,350,0.72,16,9,7,331.4000663134804,0.7742521367521368,0.13966516601012935,0.1985495339983325,132189.6316256214,761.5305373370842,132951.1621629585,3992,0,918.075,35,5,22,34.390944475708125,0.6443452380952381,42.91087962962962,1028.3564814814802,29.381613756613717,0
4090,4,0,0,39,0.0,0.0,1.0,39,750,600,150,0.8,9,6,3,338.28639030746353,0.7664754835807468,0.14290337041292234,0.20247952550835477,132153.0771683672,1141.1174886621127,133294.1946570293,3993,21,942.6153846153846,34,5,23,34.25065609200725,0.646139705882353,42.94642857142856,1028.2142857142844,30.241596638655423,0
4091,4,0,0,39,0.0,0.0,1.0,39,950,600,350,0.631578947368421,13,6,7,335.9341345777131,0.7668128654970761,0.13715367406642542,0.20188753762312905,132306.12953514734,1089.2290249433038,133395.35856009065,3994,22,943.6153846153846,34,5,24,34.15731312196251,0.647671568627451,42.797619047619044,1028.8095238095234,30.25910364145657,0
4092,4,0,0,39,0.0,0.0,1.0,39,850,700,150,0.8235294117647058,10,7,3,328.9768120270488,0.7665879442195231,0.11452774398636079,0.20112393243403873,132949.91673752855,947.4879535147603,133897.4046910433,3995,23,944.6153846153846,34,5,22,33.69069606371927,0.6541053921568626,42.17261904761906,1031.3095238095254,30.332633053221336,1
4093,4,0,0,39,0.0,0.0,1.0,39,1300,1100,200,0.8461538461538461,15,11,4,317.0455911422403,0.7672627080521818,0.04638920515823908,0.19171765269908456,132539.10007165687,604.187466335811,133143.28753799267,3996,24,945.6153846153846,37,2,21,34.40960760302418,0.6438626126126126,42.57127192982457,1029.7149122807032,27.83013276434333,5
4094,4,0,0,39,0.0,0.0,1.0,39,1500,1300,200,0.8666666666666667,17,13,4,319.9718159845378,0.7684435447593343,0.05236247755932788,0.194508093571972,132736.76155163138,694.4045283164207,133431.1660799478,3997,25,946.6153846153846,37,2,17,34.13625239412641,0.6458333333333333,42.37938596491229,1030.4824561403518,27.85087719298248,0
4095,4,0,0,39,0.0,0.0,1.0,39,800,600,200,0.75,10,6,4,322.47254122408094,0.76889338731444,0.0477476150737155,0.19662041715880746,132849.77709487546,768.0810441674456,133617.85813904292,3998,26,947.6153846153846,37,2,18,33.958643551017495,0.6469594594594594,42.26973684210527,1030.9210526315799,27.862731152204862,0
4096,4,0,0,39,0.0,0.0,1.0,39,750,600,150,0.8,9,6,3,323.23830297156707,0.7697368421052632,0.05079120957032246,0.1972361948631828,132878.03849501783,790.2543330640315,133668.29282808185,3999,27,948.6153846153846,37,2,18,33.91060920273672,0.6472409909909909,42.242324561403514,1031.0307017543869,27.865694642010457,0
4097,4,1,1,39,0.025,0.025,0.975,40,800,600,200,0.75,10,6,4,314.6278681783684,0.7784989316239316,0.04451547779273235,0.19319711244341134,133113.66705246916,376.2538580247003,133489.92091049385,4000,0,925.875,38,2,19,33.896926873037245,0.6477521929824561,42.01388888888889,1031.9444444444448,27.15643274853802,0
4098,4,0,0,39,0.0,0.0,1.0,39,800,700,100,0.875,9,7,2,325.7334714127126,0.7694556905083221,0.04991961633832043,0.19981433937376947,133075.95245652503,869.4583910433942,133945.41084756842,4001,29,950.6153846153846,37,2,19,33.64815798795609,0.6492117117117117,42.050438596491226,1031.7982456140346,27.886439070649583,0
4099,4,0,0,39,0.0,0.0,1.0,39,1150,900,250,0.782608695652174,14,9,5,326.4267253910747,0.7695681511470985,0.05171798413749329,0.20039151419800413,133104.23790252768,889.7561028393342,133993.994005367,4002,30,951.6153846153846,37,2,19,33.601968441185846,0.6494932432432432,42.02302631578947,1031.9078947368419,27.889402560455185,0
4100,4,0,1,38,0.0,0.02564102564102564,0.9743589743589743,39,1050,900,150,0.8571428571428571,12,9,3,326.4267253910747,0.7692869995501574,0.05171798413749329,0.20039151419800413,133104.23790252768,889.7561028393342,133993.994005367,4003,31,952.6153846153846,37,2,19,33.601968441185846,0.6494932432432432,42.02302631578947,1031.9078947368419,27.889402560455185,0
4101,4,0,0,38,0.0,0.0,1.0,38,800,600,200,0.75,10,6,4,325.85068797630043,0.7657361308677099,0.040665790871230234,0.20064645044453014,133217.4097438634,1081.7969230917129,134299.2066669551,4004,32,912.3421052631579,37,1,20,33.50360683306781,0.6506193693693694,41.91337719298245,1032.3464912280695,27.901256519677553,0
4102,4,0,0,38,0.0,0.0,1.0,38,1150,700,450,0.6086956521739131,16,7,9,326.1114222921434,0.7642543859649122,0.038201060566268374,0.20141924502096395,133330.62967691984,1096.12825580948,134426.75793272932,4005,33,913.3421052631579,37,1,20,33.38365272321902,0.6517454954954955,41.80372807017544,1032.7850877192984,27.913110478899956,0
4103,4,0,0,38,0.0,0.0,1.0,38,850,700,150,0.8235294117647058,10,7,3,329.2235603354693,0.7636320531057373,0.03964405813940508,0.20380712125366554,133415.57618690355,1184.7101992920807,134600.28638619563,4006,34,914.3421052631579,37,1,20,33.218354206467126,0.6525900900900901,41.72149122807017,1033.1140350877185,27.922000948316718,0
4104,4,0,0,38,0.0,0.0,1.0,38,650,400,250,0.6153846153846154,9,4,5,326.3412687904173,0.7630689900426743,0.03462030361946078,0.20249045461052467,133501.3153990139,1113.4097534309085,134614.7251524448,4007,35,915.3421052631579,36,2,21,33.20711198285568,0.6553819444444444,41.638513513513516,1033.4459459459463,28.706831831831842,0
4105,4,0,0,38,0.0,0.0,1.0,38,650,500,150,0.7692307692307693,8,5,3,321.5527673820784,0.7631578947368421,0.028950717906347956,0.19997358119249567,133585.55036164966,990.960680209284,134576.51104185893,4008,36,916.3421052631579,37,1,21,33.24671192193466,0.6542792792792793,41.557017543859644,1033.7719298245606,27.939781887150286,0
4106,4,0,0,38,0.0,0.0,1.0,38,1150,900,250,0.782608695652174,14,9,5,318.90499885652457,0.7622392128971076,0.020216084692698644,0.19878341336522698,133670.5780264119,925.6431065327738,134596.2211329447,4009,37,917.3421052631579,37,1,22,33.2302822252854,0.6551238738738738,41.47478070175438,1034.1008771929821,27.948672356567084,0
4107,4,0,1,37,0.0,0.02631578947368421,0.9736842105263158,38,1200,1000,200,0.8333333333333334,14,10,4,317.6362184685386,0.763839497392129,0.02645524781747688,0.19860157198480202,133783.99032635035,898.9281557786896,134682.91848212905,4010,38,918.3421052631579,37,1,16,33.14995142201025,0.65625,41.36513157894736,1034.53947368421,27.96052631578946,0
4108,4,0,0,37,0.0,0.0,1.0,37,600,400,200,0.6666666666666666,8,4,4,322.8272412102856,0.7581331331331331,0.038780723231942815,0.20141612658119973,133705.05640775897,1232.7268991964784,134937.78330695545,4011,39,943.1081081081081,36,1,16,33.0944668263647,0.6574074074074074,41.441441441441434,1034.234234234233,28.728728728728697,0
4109,4,0,0,37,0.0,0.0,1.0,37,650,500,150,0.7692307692307693,8,5,3,321.35057269013686,0.7560685685685685,0.03477130411508478,0.20128769001020233,133850.68081172393,1202.5985867624408,135053.27939848637,4012,40,944.1081081081081,36,1,18,32.98735807305837,0.6588541666666666,41.30067567567568,1034.7972972972975,28.744369369369377,0
4110,4,0,0,37,0.0,0.0,1.0,37,900,700,200,0.7777777777777778,11,7,4,320.87656538663407,0.7552552552552553,0.03136687601439525,0.20146840089029663,133938.0934989044,1195.5190832724647,135133.61258217687,4013,41,945.1081081081081,36,1,18,32.91245104438643,0.6597222222222222,41.21621621621622,1035.1351351351357,28.75375375375377,0
4111,4,0,0,37,0.0,0.0,1.0,37,700,400,300,0.5714285714285714,10,4,6,321.271701678687,0.753566066066066,0.03381171033988095,0.20203639023487335,133996.38447569186,1209.8492918594204,135206.23376755128,4014,42,946.1081081081081,36,1,18,32.84411028931914,0.6603009259259259,41.159909909909906,1035.36036036036,28.760010010009996,0
4112,4,0,0,37,0.0,0.0,1.0,37,650,400,250,0.6153846153846154,9,4,5,322.92926262918,0.7541916916916916,0.03236660603193209,0.20356274355041568,134083.84471887417,1259.9194211102927,135343.76413998447,4015,43,947.1081081081081,36,1,18,32.71401906418761,0.6611689814814815,41.07545045045045,1035.6981981981974,28.76939439439437,0
4113,4,0,0,37,0.0,0.0,1.0,37,1250,1100,150,0.88,14,11,3,322.8863421550095,0.7545670670670671,0.027878965922444543,0.2040215898232202,134171.33349565772,1264.418218894563,135435.7517145523,4016,44,948.1081081081081,36,1,19,32.62794384057971,0.6620370370370371,40.99099099099099,1036.0360360360353,28.778778778778758,0
4114,4,0,1,36,0.0,0.02702702702702703,0.972972972972973,37,550,400,150,0.7272727272727273,7,4,3,322.8863421550095,0.7545670670670671,0.027878965922444543,0.2040215898232202,134171.33349565772,1264.418218894563,135435.7517145523,4017,45,949.1081081081081,36,1,19,32.62794384057971,0.6620370370370371,40.99099099099099,1036.0360360360353,28.778778778778758,0
4115,4,0,0,36,0.0,0.0,1.0,36,500,300,200,0.6,7,3,4,330.6287309841251,0.7518518518518519,0.03636346705404736,0.20851279165447043,134100.8541907792,1667.519048996901,135768.37323977612,4018,46,972.3333333333334,35,1,20,32.497695273214866,0.6633928571428572,41.05902777777777,1035.763888888888,29.593253968253943,0
4116,4,0,0,36,0.0,0.0,1.0,36,850,600,250,0.7058823529411765,11,6,5,332.53805703311184,0.751388888888889,0.040951512218127206,0.21040376145706324,134220.7610623497,1726.7022194358449,135947.46328178555,4019,47,973.3333333333334,35,1,21,32.32866543802823,0.6645833333333334,40.943287037037024,1036.2268518518497,29.60648148148142,0
4117,4,0,0,36,0.0,0.0,1.0,36,800,600,200,0.75,10,6,4,334.4363720724078,0.7504960317460317,0.04182174581906617,0.21212550625215873,134310.72638031538,1783.6784122084896,136094.40479252386,4020,48,974.3333333333334,35,1,21,32.18977966354026,0.6654761904761906,40.856481481481474,1036.574074074073,29.616402116402085,0
4118,4,0,0,36,0.0,0.0,1.0,36,900,700,200,0.7777777777777778,11,7,4,336.57202938400025,0.7508597883597884,0.042914635810048285,0.21400630314061433,134400.72183909887,1847.1047400119987,136247.82657911087,4021,49,975.3333333333334,35,1,21,32.04470830077762,0.6663690476190476,40.769675925925924,1036.9212962962958,29.62632275132274,0
4119,4,0,0,36,0.0,0.0,1.0,36,1300,900,400,0.6923076923076923,17,9,8,343.7913796806941,0.7508597883597884,0.051215082049354876,0.2035667248176073,131743.67310742463,1858.467828360776,133602.1409357854,4022,50,976.3333333333334,35,1,15,34.52132656895904,0.6398809523809523,43.34490740740741,1026.620370370371,29.332010582010597,7
4120,4,0,0,36,0.0,0.0,1.0,36,950,700,250,0.7368421052631579,12,7,5,345.0972371707911,0.7513558201058201,0.05321700038819399,0.20481924986063085,131832.80452942822,1899.0273223165343,133731.83185174476,4023,51,977.3333333333334,35,1,16,34.398009880160785,0.6407738095238094,43.258101851851855,1026.967592592593,29.34193121693123,0
4121,4,0,0,36,0.0,0.0,1.0,36,750,500,250,0.6666666666666666,10,5,5,345.3713469549692,0.7514219576719577,0.05349921752738651,0.20530279331717025,131892.2422223294,1910.3602698473915,133802.60249217678,4024,52,978.3333333333334,35,1,17,34.33110328638498,0.6413690476190477,43.20023148148148,1027.1990740740741,29.348544973544975,0
4122,4,0,1,35,0.0,0.027777777777777776,0.9722222222222222,36,1050,900,150,0.8571428571428571,12,9,3,345.0007016708702,0.7518518518518519,0.05634419908867905,0.20524304477417207,131921.96609224976,1902.6341735253936,133824.60026577514,4025,53,979.3333333333334,35,1,17,34.31068799759652,0.6416666666666666,43.171296296296305,1027.3148148148157,29.351851851851876,0
4123,4,1,0,36,0.027777777777777776,0.0,1.0,36,750,600,150,0.8,9,6,3,343.27295993806774,0.7545634920634922,0.06367501955737254,0.1935250758780171,129849.38298396791,1714.756408607697,131564.1393925756,4026,0,978.8333333333334,35,1,18,36.45005299417064,0.6208333333333332,45.19675925925927,1019.2129629629642,29.120370370370406,4
4124,4,0,0,36,0.0,0.0,1.0,36,750,500,250,0.6666666666666666,10,5,5,342.21916103591786,0.7538029100529101,0.06018255680456197,0.19307649911872718,129878.87577428427,1689.4079807527633,131568.28375503703,4027,1,979.8333333333334,35,1,18,36.4469787290413,0.6211309523809523,45.16782407407408,1019.3287037037048,29.123677248677282,0
4125,4,0,0,36,0.0,0.0,1.0,36,850,600,250,0.7058823529411765,11,6,5,338.7482546211182,0.753207671957672,0.06046530694617891,0.19140688742510784,129937.87140185623,1603.2454293124272,131541.11683116865,4028,2,980.8333333333334,35,1,18,36.47559787338707,0.6217261904761904,45.10995370370371,1019.5601851851859,29.130291005291024,0
4126,4,1,0,37,0.02702702702702703,0.0,1.0,37,1050,900,150,0.8571428571428571,12,9,3,330.1378877594182,0.7659534534534534,0.059987834259678685,0.18796292805599052,130233.8487135786,1199.0255458161023,131432.8742593947,4029,0,955.2972972972973,36,1,19,36.39535525154456,0.6226851851851851,44.81981981981983,1020.7207207207219,28.353353353353388,0
4127,4,0,0,37,0.0,0.0,1.0,37,350,100,250,0.2857142857142857,6,1,5,331.90994062756874,0.7657657657657657,0.059813619045915534,0.18925129067481392,130291.32806793298,1248.997392662954,131540.32546059592,4030,1,956.2972972972973,36,1,19,36.29196080594161,0.6232638888888888,44.76351351351352,1020.9459459459473,28.35960960960965,0
4128,4,1,1,37,0.02631578947368421,0.02631578947368421,0.9736842105263158,38,1100,800,300,0.7272727272727273,14,8,6,324.4232740823315,0.7725225225225225,0.06370329384929851,0.18645337614028962,130598.60365689459,873.84531779011,131472.4489746847,4031,0,932.1052631578947,37,1,16,36.17249517270973,0.6244369369369368,44.462719298245624,1022.1491228070188,27.625651967757264,0
4129,4,0,0,37,0.0,0.0,1.0,37,1150,1000,150,0.8695652173913043,13,10,3,333.09090909090907,0.7648898898898899,0.06641352095897557,0.19119544592030363,130550.14209733384,1297.013102629661,131847.1551999635,4032,3,958.2972972972973,36,1,17,36.0,0.6258680555555556,44.51013513513514,1021.9594594594596,28.387762762762765,0
4130,4,0,0,37,0.0,0.0,1.0,37,1100,800,300,0.7272727272727273,14,8,6,355.7737145869376,0.7648898898898899,0.09290540540540526,0.18609701993778288,126858.71056241434,1628.910158594539,128487.62072100889,4033,4,959.2972972972973,35,2,17,39.1879212622549,0.5904761904761904,48.14814814814815,1007.4074074074081,28.783068783068803,7
4131,4,3,1,39,0.075,0.025,0.975,40,950,700,250,0.7368421052631579,12,7,5,329.2234444323883,0.7898504273504273,0.10422092013888928,0.175585837030607,127645.42936288081,404.987918884816,128050.41728176562,4034,0,888.275,37,3,14,39.051197193287045,0.5945945945945945,47.368421052631575,1010.526315789473,27.311522048364132,0
4132,4,2,2,39,0.04878048780487805,0.04878048780487805,0.9512195121951219,41,750,600,150,0.8,9,6,3,321.70400677246244,0.7961890243902439,0.09972487557575205,0.17266970159419912,127901.25739644967,29.269395134774953,127930.52679158445,4035,0,867.560975609756,38,3,15,38.979985213350226,0.5953947368421053,47.11538461538461,1011.5384615384612,26.61943319838056,0
4133,4,2,1,40,0.04878048780487805,0.024390243902439025,0.975609756097561,41,800,500,300,0.625,11,5,6,323.8054976853715,0.7955284552845528,0.1030296632534573,0.1743837111753,128036.38100162554,91.7768144130487,128128.1578160386,4036,0,868.5121951219512,38,3,17,38.788970407122,0.5967653508771928,46.981837606837615,1012.0726495726508,26.633490778227653,0
4134,4,2,2,40,0.047619047619047616,0.047619047619047616,0.9523809523809523,42,1400,1200,200,0.8571428571428571,16,12,4,318.3433463326161,0.8064750290360047,0.10738253349194604,0.17307297000902763,128415.10662073578,-223.93539064210685,128191.17123009368,4037,0,848.7857142857143,38,4,12,38.54133726854291,0.6006030701754386,46.60790598290599,1013.5683760683773,26.672852001799402,0
4135,4,1,0,41,0.024390243902439025,0.0,1.0,41,650,500,150,0.7692307692307693,8,5,3,324.94986975506447,0.7956808943089431,0.11022067363530774,0.1762052110643661,128311.11495844886,138.93601877502044,128450.05097722387,4038,0,870.4634146341464,37,4,18,38.47988816738816,0.6013513513513512,46.71052631578948,1013.157894736843,27.38264580369846,0
4136,4,0,0,41,0.0,0.0,1.0,41,900,700,200,0.7777777777777778,11,7,4,323.4001171041508,0.7960365853658536,0.10387362042847847,0.17560892375302967,128366.66690712541,102.75902200678735,128469.42592913221,4039,1,871.4634146341464,37,4,19,38.46254418235592,0.6019144144144143,46.65570175438597,1013.3771929824574,27.38857278330966,0
4137,4,1,0,42,0.023809523809523808,0.0,1.0,42,1000,600,400,0.6,14,6,8,316.9964119567004,0.8067411924119241,0.10572592213628629,0.17316248188244646,128604.67916758006,-246.55562860688266,128358.12353897317,4040,0,851.6904761904761,38,4,14,38.38257495962361,0.6025219298245613,46.420940170940185,1014.3162393162414,26.6925326135853,0
4138,4,2,1,43,0.045454545454545456,0.022727272727272728,0.9772727272727273,44,800,500,300,0.625,11,5,6,310.6099061014473,0.8209126145172657,0.11855761453382185,0.17213467538685787,129175.56023407062,-775.3582730186741,128400.20196105195,4041,0,813.9318181818181,40,4,16,37.964860541837446,0.6049479166666665,45.85873983739839,1016.565040650409,25.414126016260223,0
4139,4,0,1,42,0.0,0.023255813953488372,0.9767441860465116,43,1100,800,300,0.7272727272727273,14,8,6,316.66395631989343,0.8147840531561461,0.11731610503856071,0.17501738775640616,129069.04432508718,-425.69715711801655,128643.34716796916,4042,1,833.7441860465116,39,4,16,37.91912267213395,0.6055021367521366,45.963541666666686,1016.1458333333363,26.055021367521444,0
4140,4,2,2,42,0.045454545454545456,0.045454545454545456,0.9545454545454546,44,1050,700,350,0.6666666666666666,14,7,7,310.90957925512066,0.8246564482029599,0.1197727039937424,0.17276096882571135,129280.82817925366,-761.002604166647,128519.82557508702,4043,0,815.5681818181819,39,5,17,37.85049421284442,0.6076388888888888,45.75520833333334,1016.9791666666682,26.07638888888893,0
4141,4,0,0,42,0.0,0.0,1.0,42,1200,1000,200,0.8333333333333334,14,10,4,317.1090495021539,0.8148470770421989,0.11232993197278929,0.17633634061101078,129310.02995105549,-198.9238622251558,129111.10608883033,4044,1,845.1666666666666,38,4,19,37.66325280112044,0.6096491228070176,45.72649572649572,1017.0940170940163,26.765632028789902,0
4142,4,0,0,42,0.0,0.0,1.0,42,700,300,400,0.42857142857142855,11,3,8,316.62246847461216,0.81431475029036,0.11068778624427522,0.17655224764357164,129418.71667031912,-204.62529220543513,129214.09137811368,4045,2,846.1666666666666,38,4,20,37.56540494190115,0.6107456140350878,45.61965811965811,1017.5213675213665,26.77687809266754,0
4143,4,0,0,42,0.0,0.0,1.0,42,1000,700,300,0.7,13,7,6,316.41681447442517,0.8146293070073558,0.1141842482768276,0.17680369451600272,129500.26167223672,-204.78794561327976,129295.47372662344,4046,3,847.1666666666666,38,4,13,37.48797277911899,0.6115679824561404,45.53952991452991,1017.8418803418795,26.785312640575775,0
4144,4,0,0,42,0.0,0.0,1.0,42,1150,900,250,0.782608695652174,14,9,5,319.03349231953064,0.8134920634920635,0.11916752851597012,0.17876003617268982,129609.02829142041,-130.0758136094393,129478.95247781098,4047,4,848.1666666666666,38,4,13,37.31114258734654,0.6126644736842104,45.43269230769232,1018.2692307692331,26.796558704453503,0
4145,4,0,2,40,0.0,0.047619047619047616,0.9523809523809523,42,950,700,250,0.7368421052631579,12,7,5,318.5055354515185,0.8126693766937669,0.11777438248026506,0.17920868976997842,129772.26382725194,-133.36312458906912,129638.90070266287,4048,5,849.1666666666666,38,4,13,37.159221977561096,0.6143092105263157,45.272435897435905,1018.9102564102575,26.813427800269935,0
4146,4,2,2,40,0.047619047619047616,0.047619047619047616,0.9523809523809523,42,1250,900,350,0.72,16,9,7,317.3382607797451,0.8109998064266357,0.11330804027433228,0.17958043774761326,129996.88042534744,-149.4032118055357,129847.4772135419,4049,0,849.7619047619048,39,3,15,36.961610486891374,0.6148504273504273,45.05208333333334,1019.7916666666684,26.14850427350432,0
4147,4,2,1,41,0.047619047619047616,0.023809523809523808,0.9761904761904762,42,1050,700,350,0.6666666666666666,14,7,7,319.8969041967607,0.8084833526906697,0.1331807268733174,0.18201799461787824,130209.4238281251,-69.28168402776257,130140.14214409734,4050,0,850.5238095238095,39,3,18,36.68138055385455,0.6169871794871794,44.84375000000001,1020.6250000000008,26.169871794871817,0
4148,4,0,0,41,0.0,0.0,1.0,41,1300,900,400,0.6923076923076923,17,9,8,328.6881715378831,0.7989329268292683,0.13047784863446332,0.1871446240091142,130235.32238476156,361.36199685880507,130596.68438162036,4051,1,872.0243902439024,38,3,19,36.430857930360794,0.618969298245614,44.818376068376075,1020.7264957264963,26.861223571749903,0
4149,4,0,0,41,0.0,0.0,1.0,41,1050,900,150,0.8571428571428571,12,9,3,328.6963765097874,0.7982215447154472,0.13300149328023858,0.18728049359278598,130262.58680555565,363.3680555555645,130625.95486111121,4052,2,873.0243902439024,38,3,20,36.40306122448979,0.6192434210526315,44.79166666666667,1020.8333333333342,26.86403508771932,0
4150,4,0,0,41,0.0,0.0,1.0,41,1100,800,300,0.7272727272727273,14,8,6,328.07935982364916,0.7979166666666667,0.13731230720080467,0.18746816916548878,130374.54433094797,354.6394082794732,130729.18373922745,4053,3,874.0243902439024,37,4,20,36.30556152029205,0.6221846846846846,44.68201754385965,1021.2719298245613,27.60194404931247,0
4151,4,2,1,42,0.046511627906976744,0.023255813953488372,0.9767441860465116,43,1050,700,350,0.6666666666666666,14,7,7,317.01927871913733,0.809939091915836,0.13998939474282235,0.18363192182410423,130901.38888888902,-300.3472222222131,130601.0416666668,4054,0,834.3255813953489,39,4,18,36.05625678610204,0.6239316239316239,44.16666666666667,1023.3333333333344,26.239316239316267,0
4152,4,1,1,42,0.023255813953488372,0.023255813953488372,0.9767441860465116,43,500,200,300,0.4,8,2,6,318.0398987155665,0.8113695090439276,0.14551806076900875,0.18447816084882881,130954.6929253474,-270.23654513886993,130684.45638020852,4055,0,835.3023255813954,39,4,18,35.97640613338761,0.624465811965812,44.11458333333334,1023.541666666668,26.244658119658155,0
4153,4,0,1,41,0.0,0.023809523809523808,0.9761904761904762,42,1450,1200,250,0.8275862068965517,17,12,5,323.33258625484933,0.801490514905149,0.13536639727115962,0.1878080766969656,131008.00781249997,71.83159722222067,131079.8394097222,4056,2,856.1904761904761,39,3,19,35.787206620539955,0.625,44.0625,1023.7499999999998,26.249999999999993,0
4154,4,0,0,41,0.0,0.0,1.0,41,750,300,450,0.4,12,3,9,328.79648979806495,0.7980691056910569,0.13210660609425084,0.19039980527725886,130890.45606874114,407.2645006939692,131297.7205694351,4057,3,877.9268292682926,38,3,19,35.76599150831768,0.6255482456140351,44.17735042735042,1023.2905982905968,26.928699955015706,0
4155,4,0,0,41,0.0,0.0,1.0,41,1000,700,300,0.7,13,7,6,330.1550714418531,0.7976117886178862,0.1323096270311408,0.19159392728554778,130972.46334876533,448.24459876541414,131420.70794753075,4058,4,878.9268292682926,38,3,20,35.64846223428311,0.6263706140350878,44.097222222222214,1023.6111111111104,26.937134502923957,0
4156,4,1,1,41,0.023809523809523808,0.023809523809523808,0.9761904761904762,42,1400,1100,300,0.7857142857142857,17,11,6,325.0162770574206,0.8033536585365854,0.13696829753554396,0.18996940685762603,131248.05908203125,131.55110677083346,131379.6101888021,4059,0,858.9761904761905,39,3,20,35.502122090068106,0.6274038461538463,43.828125,1024.6875,26.27403846153846,0
4157,4,0,0,41,0.0,0.0,1.0,41,850,300,550,0.35294117647058826,14,3,11,333.34455929736964,0.7976117886178862,0.14078573827039897,0.19441044005737085,131163.91354372108,544.5553911899896,131708.46893491107,4060,6,880.9268292682926,38,3,20,35.373644138506464,0.6282894736842106,43.9102564102564,1024.3589743589732,26.956815114709823,0
4158,4,0,0,41,0.0,0.0,1.0,41,1050,800,250,0.7619047619047619,13,8,5,333.4442508415919,0.7966971544715448,0.14197761621031924,0.1948850584900492,131246.00643080214,552.6452580539108,131798.65168885604,4061,7,881.9268292682926,38,3,20,35.28829110624543,0.6291118421052632,43.830128205128204,1024.6794871794873,26.96524966261809,0
4159,4,1,1,41,0.023809523809523808,0.023809523809523808,0.9761904761904762,42,950,700,250,0.7368421052631579,12,7,5,325.9508617350677,0.8019260549748355,0.13422956934049557,0.19187334295023806,131519.83486969452,173.82638432316423,131693.66125401767,4062,0,861.9047619047619,38,4,20,35.20444918932054,0.6318530701754387,43.56303418803418,1025.7478632478621,26.993364822312163,0
4160,4,0,0,41,0.0,0.0,1.0,41,950,600,350,0.631578947368421,13,6,7,332.0506616651849,0.796900406504065,0.141146834327319,0.19520237828752182,131468.650510253,530.8504780316839,131999.50098828468,4063,9,883.9268292682926,37,4,20,35.09958925834847,0.6331644144144146,43.61293859649122,1025.548245614034,27.717520151730646,0
4161,4,1,0,42,0.023809523809523808,0.0,1.0,42,1400,1100,300,0.7857142857142857,17,11,6,324.7111522581792,0.8020954316686024,0.14851970750847143,0.19266195033985292,131821.37573964495,160.7741617356962,131982.14990138065,4064,0,863.8571428571429,38,4,19,34.932896379525594,0.6348684210526316,43.26923076923077,1026.9230769230767,27.024291497975703,0
4162,4,0,0,42,0.0,0.0,1.0,42,950,600,350,0.631578947368421,13,6,7,326.1664569546904,0.801829268292683,0.1477230517792143,0.19394498971053453,131903.67408366187,204.51080703482788,132108.1848906967,4065,1,864.8571428571429,38,4,19,34.81279251170048,0.6356907894736843,43.189102564102555,1027.2435897435882,27.0327260458839,0
4163,4,0,0,42,0.0,0.0,1.0,42,950,600,350,0.631578947368421,13,6,7,324.98893448523114,0.8019986449864499,0.14514004437049355,0.19338450457982562,131931.11257213817,175.23034005405054,132106.34291219222,4066,2,865.8571428571429,38,4,19,34.81545514420411,0.6359649122807018,43.16239316239316,1027.350427350427,27.035537561853342,0
4164,4,0,0,42,0.0,0.0,1.0,42,1250,800,450,0.64,17,8,9,329.2524350397208,0.801490514905149,0.15513060347814056,0.19677434347529157,132095.8034279349,298.57298743517646,132394.3764153701,4067,3,866.8571428571429,38,4,19,34.54041952470035,0.6376096491228069,43.00213675213676,1027.9914529914536,27.05240665766983,0
4165,4,0,0,42,0.0,0.0,1.0,42,1250,800,450,0.64,17,8,9,329.13812160103316,0.8008130081300813,0.15260715853240936,0.19730301606357023,132210.4614257814,303.1005859375149,132513.56201171892,4068,4,867.8571428571429,39,3,19,34.42817532664844,0.6370192307692307,42.89062500000001,1028.4375000000011,26.37019230769234,0
4166,4,0,0,42,0.0,0.0,1.0,42,1100,700,400,0.6363636363636364,15,7,8,332.4581057711519,0.801659891598916,0.15277071682765686,0.19404898933289483,131194.69536675338,329.3402777777683,131524.03564453116,4069,5,868.8571428571429,39,3,15,35.36529825453313,0.6268696581196582,43.88020833333333,1024.4791666666658,26.26869658119656,5
4167,4,0,0,42,0.0,0.0,1.0,42,500,300,200,0.6,7,3,4,331.0180463858337,0.8009097948122338,0.1545517234864595,0.1933559642909602,131223.97898902762,287.50103278471676,131511.48002181234,4070,6,869.8571428571429,40,2,15,35.37265258215964,0.6255208333333333,43.85162601626016,1024.5934959349588,25.61483739837397,0
4168,4,2,2,42,0.045454545454545456,0.045454545454545456,0.9545454545454546,44,1300,1100,200,0.8461538461538461,15,11,4,325.59546313799655,0.8114869626497534,0.1637549407114629,0.19300761990138954,131786.1128826529,-218.16659677455314,131567.94628587834,4071,0,831.2727272727273,41,3,16,34.945652173913054,0.6295731707317074,43.30357142857142,1026.785714285713,25.043554006968613,0
4169,4,0,0,42,0.0,0.0,1.0,42,1050,800,250,0.7619047619047619,13,8,5,340.953454943253,0.7983933410762679,0.18432626272878005,0.20152455858163587,131675.3594292534,579.033745659712,132254.39317491313,4072,1,871.3571428571429,39,3,16,34.66298335532326,0.6316773504273505,43.41145833333333,1026.354166666666,26.31677350427349,0
4170,4,0,0,42,0.0,0.0,1.0,42,1250,900,350,0.72,16,9,7,345.90113925883577,0.7988530778164924,0.18543988560220726,0.20502390437007478,131782.29302300338,716.7290581597161,132499.0220811631,4073,2,872.3571428571429,39,3,16,34.428261641473064,0.6327457264957266,43.307291666666664,1026.7708333333328,26.32745726495725,0
4171,4,0,0,42,0.0,0.0,1.0,42,1200,1000,200,0.8333333333333334,14,10,4,346.4754986774145,0.7992886178861789,0.1788043819373033,0.20623342446924187,131942.77479383672,742.9877387152728,132685.762532552,4074,3,873.3571428571429,39,3,17,34.25185457433505,0.6343482905982907,43.151041666666664,1027.3958333333328,26.343482905982892,0
4172,4,0,1,41,0.0,0.023809523809523808,0.9761904761904762,42,1350,1000,350,0.7407407407407407,17,10,7,347.5195499979076,0.7984901277584204,0.18046103596607632,0.20805933768513782,132162.78029777252,785.8299871108479,132948.61028488338,4075,4,874.3571428571429,40,2,17,34.00354977927126,0.6348958333333332,42.9369918699187,1028.2520325203254,25.706300813008134,0
4173,4,1,1,41,0.023809523809523808,0.023809523809523808,0.9761904761904762,42,1250,900,350,0.72,16,9,7,347.4424899060936,0.7969899341850561,0.18982226362190802,0.20858913895785763,132267.29811124335,791.0558777843888,133058.35398902773,4076,0,874.8333333333334,40,2,17,33.90037377329908,0.6359375,42.83536585365854,1028.6585365853662,25.716463414634156,0
4174,4,0,0,41,0.0,0.0,1.0,41,800,600,200,0.75,10,6,4,354.86845241309135,0.7923272357723578,0.19193943332402585,0.2124261063535252,132156.90239800364,1179.6630859375198,133336.56548394117,4077,6,897.170731707317,39,2,17,33.820556005808264,0.6364850427350428,42.94270833333334,1028.229166666668,26.364850427350465,0
4175,4,0,0,41,0.0,0.0,1.0,41,1200,900,300,0.75,15,9,6,353.8492233250971,0.792479674796748,0.18990499809798567,0.212266538949697,132237.2450086807,1158.409288194463,133395.65429687517,4078,7,898.170731707317,39,2,17,33.76586658564582,0.6372863247863247,42.86458333333334,1028.541666666668,26.372863247863286,0
4176,4,0,0,41,0.0,0.0,1.0,41,650,500,150,0.7692307692307693,8,5,3,355.24307002082975,0.7927337398373984,0.19284964495214552,0.21325381862952558,132264.03130425356,1197.1761067708421,133461.2074110244,4079,8,899.170731707317,39,2,17,33.70305907172995,0.6375534188034189,42.83854166666667,1028.6458333333342,26.37553418803421,0
4177,4,1,1,41,0.023809523809523808,0.023809523809523808,0.9761904761904762,42,1300,1000,300,0.7692307692307693,16,10,6,348.7030251461512,0.7978610143244289,0.1855482933914303,0.21099488131724756,132562.98539201193,845.1584394004835,133408.14383141242,4080,0,878.7380952380952,38,4,18,33.57065048241519,0.6422697368421052,42.54807692307693,1029.807692307693,27.100202429149817,0
4178,4,0,0,41,0.0,0.0,1.0,41,800,400,400,0.5,12,4,8,353.5100105362123,0.7904979674796748,0.19079976103275387,0.2136074001888699,132510.87474030486,1168.7841451215888,133679.65888542644,4081,10,901.170731707317,37,4,19,33.49929002484913,0.643581081081081,42.59868421052632,1029.605263157896,27.827169274537727,0
4179,4,1,0,42,0.023809523809523808,0.0,1.0,42,1250,900,350,0.72,16,9,7,351.8251703120919,0.7945702671312428,0.1964933315570554,0.21476690187741948,132893.25741699556,951.0385848126376,133844.2960018082,4082,0,880.6904761904761,38,4,17,33.15848098642628,0.6455592105263157,42.22756410256411,1031.0897435897448,27.133940620782756,0
4180,4,0,0,42,0.0,0.0,1.0,42,1200,1000,200,0.8333333333333334,14,10,4,351.59398983576284,0.794618660472319,0.19205954600609654,0.21510065765997838,132975.889628534,950.7047172912719,133926.5943458253,4083,1,881.6904761904761,38,4,18,33.081494717215655,0.6463815789473684,42.147435897435905,1031.4102564102575,27.142375168690986,0
4181,4,0,0,42,0.0,0.0,1.0,42,900,700,200,0.7777777777777778,11,7,4,350.73118374650323,0.794812233836624,0.19493338855525622,0.2152072282480135,133086.1058605451,935.4894897362979,134021.5953502814,4084,2,882.6904761904761,38,4,18,32.993157658590455,0.6474780701754386,42.0405982905983,1031.8376068376078,27.15362123256863,0
4182,4,1,1,42,0.023255813953488372,0.023255813953488372,0.9767441860465116,43,1200,900,300,0.75,15,9,6,342.9443507867337,0.8022332964193429,0.19479822057964746,0.21216338906750118,133391.50526258704,549.1726345486359,133940.67789713567,4085,0,863.1395348837209,39,4,18,32.88807519074989,0.6487713675213674,41.74479166666668,1033.0208333333353,26.487713675213726,0
4183,4,0,0,42,0.0,0.0,1.0,42,1200,800,400,0.6666666666666666,16,8,8,354.7969003287464,0.7920296167247387,0.20929780246293506,0.21981043069053874,133444.62393390693,1069.147787457096,134513.77172136403,4086,4,884.6904761904761,38,4,18,32.528737117843725,0.6510416666666665,41.693376068376075,1033.226495726497,27.190170940170972,0
4184,4,0,0,42,0.0,0.0,1.0,42,1250,1000,250,0.8,15,10,5,354.48275391787763,0.7895857530003871,0.21840256204316888,0.22028404226656798,133557.21381819417,1068.7486455430276,134625.9624637372,4087,5,885.6904761904761,37,5,18,32.42404352745661,0.6539977477477477,41.58442982456141,1033.6622807017554,27.93681839734474,0
4185,4,0,0,42,0.0,0.0,1.0,42,800,600,200,0.75,10,6,4,354.69320301563357,0.7894647696476965,0.21855870052730442,0.22058360936882568,133585.5503616499,1076.3773468759791,134661.92770852588,4088,6,886.6904761904761,37,5,18,32.390220619431496,0.6542792792792792,41.55701754385966,1033.7719298245627,27.939781887150342,0
4186,4,0,0,42,0.0,0.0,1.0,42,950,500,450,0.5263157894736842,14,5,9,352.18153494795257,0.7891744096012389,0.21345909721607148,0.21933158913940085,133637.87187705477,1012.9581689678116,134650.83004602257,4089,7,887.6904761904761,38,4,18,32.40274333539989,0.6529605263157894,41.50641025641027,1033.9743589743607,27.20985155195686,0
4187,4,0,0,42,0.0,0.0,1.0,42,1100,900,200,0.8181818181818182,13,9,4,350.800205129976,0.7887146728610144,0.20967583231246767,0.21863459017727258,133665.49014035016,977.9762720067437,134643.4664123569,4090,8,888.6904761904761,38,4,18,32.41080345765747,0.6532346491228068,41.479700854700866,1034.0811965811986,27.21266306792628,0
4188,4,0,0,42,0.0,0.0,1.0,42,1200,800,400,0.6666666666666666,16,8,8,351.03517858145955,0.7888598528842431,0.21142847307259127,0.2194366452036331,133775.99172921706,992.0158293155293,134768.00755853258,4091,9,889.6904761904761,38,4,17,32.29414093428345,0.654331140350877,41.37286324786326,1034.5085470085485,27.223909131803907,0
4189,4,0,0,42,0.0,0.0,1.0,42,900,600,300,0.6666666666666666,12,6,6,349.28844420490447,0.7884485094850948,0.20803091992683043,0.21850835230492885,133803.6242603552,947.211949375426,134750.83620973062,4092,10,890.6904761904761,38,4,17,32.31167389508467,0.6546052631578946,41.346153846153854,1034.615384615386,27.226720647773313,0
4190,4,0,0,42,0.0,0.0,1.0,42,1000,700,300,0.7,13,7,6,346.11271335357605,0.788133952768099,0.20479926074476018,0.21717227765346164,133914.1829205933,869.8802414347404,134784.06316202803,4093,11,891.6904761904761,38,4,17,32.283280002752555,0.6557017543859648,41.239316239316246,1035.042735042736,27.237966711650948,0
4191,4,0,0,42,0.0,0.0,1.0,42,1100,800,300,0.7272727272727273,14,8,6,321.8530673385267,0.7874322493224932,0.14584011281050047,0.18993281244401555,131614.739542022,72.1215257122197,131686.86106773422,4094,12,892.6904761904761,40,2,16,35.21404872734478,0.6294270833333333,43.47052845528456,1026.1178861788624,25.65294715447156,6
4192,4,1,0,43,0.023255813953488372,0.0,1.0,43,1450,1100,350,0.7586206896551724,18,11,7,315.56199308888193,0.7919896640826873,0.15217659778466852,0.18793994033476424,131964.434573019,-271.40800185815414,131693.02657116085,4095,0,872.9069767441861,41,2,17,35.024118148756074,0.6313516260162602,43.129960317460316,1027.4801587301586,25.060491676345332,0
4193,4,1,0,44,0.022727272727272728,0.0,1.0,44,1150,900,250,0.782608695652174,14,9,5,306.7265376808721,0.7997048978153629,0.1539281494546143,0.18441802814810282,132323.21994621702,-682.5913782224777,131640.62856799454,4096,0,854.0454545454545,42,2,19,34.891418660136864,0.6334325396825398,42.78100775193798,1028.875968992247,24.497046880767783,0
4194,4,0,0,44,0.0,0.0,1.0,44,1200,900,300,0.75,15,9,6,307.39891853364105,0.7995287174066245,0.15238902467870385,0.18556594401533383,132474.58944515287,-655.4697679899173,131819.11967716296,4097,1,855.0454545454545,41,3,19,34.722523368989116,0.6364329268292683,42.63392857142856,1029.4642857142842,25.108885017421567,0
4195,4,1,1,44,0.022222222222222223,0.022222222222222223,0.9777777777777777,45,900,700,200,0.7777777777777778,11,7,4,304.06606187222286,0.804882154882155,0.14918724666750305,0.18501410950074124,132772.23799651433,-925.6936932876935,131846.54430322663,4098,0,837.0222222222222,42,3,13,34.510545944590696,0.6378968253968256,42.34496124031006,1030.6201550387573,24.53857511997041,0
4196,4,0,0,44,0.0,0.0,1.0,44,550,300,250,0.5454545454545454,8,3,5,310.91734947912187,0.7984496124031009,0.14855795750045986,0.18845620780161823,132627.82782383767,-552.7414611678215,132075.08636266986,4099,3,857.0454545454545,41,3,13,34.47853462390445,0.6379573170731708,42.48511904761904,1030.0595238095223,25.123403019744444,0
4197,4,0,0,44,0.0,0.0,1.0,44,1250,900,350,0.72,16,9,7,309.45870674461463,0.7989341085271319,0.145541200567197,0.18795544609646567,132704.48022959154,-586.6886337868793,132117.79159580465,4100,4,858.0454545454545,41,3,14,34.43938956287308,0.6387195121951221,42.41071428571427,1030.3571428571406,25.13066202090587,0
4198,4,0,0,44,0.0,0.0,1.0,44,650,300,350,0.46153846153846156,10,3,7,307.9299844759615,0.799088266384778,0.1425261859134226,0.18740976032341877,132781.15477961994,-622.5402140022916,132158.61456561767,4101,5,859.0454545454545,41,3,15,34.40207190297429,0.6394817073170733,42.33630952380951,1030.65476190476,25.13792102206732,0
4199,4,0,2,42,0.0,0.045454545454545456,0.9545454545454546,44,950,700,250,0.7368421052631579,12,7,5,306.6217732884399,0.7988680408738549,0.14384756657483955,0.18737997256515773,132934.57031249988,-647.8732638889028,132286.69704861098,4102,6,860.0454545454545,41,3,16,34.282407407407405,0.6410060975609757,42.18749999999999,1031.249999999999,25.152439024390222,0
4200,4,0,0,42,0.0,0.0,1.0,42,1100,900,200,0.8181818181818182,13,9,4,317.0067503547435,0.7918844367015099,0.13715084740051897,0.19275647088257383,132746.64849175338,16.316731770828767,132762.96522352422,4103,8,895.0,39,3,16,34.202740152970115,0.6423611111111112,42.369791666666664,1030.5208333333328,26.423611111111097,0
4201,4,0,0,42,0.0,0.0,1.0,42,1250,900,350,0.72,16,9,7,318.2018112327064,0.7902148664343787,0.13880148947839355,0.1941776527485408,132880.8648003474,56.58637152779767,132937.4511718752,4104,9,896.0,39,3,18,34.03760018859029,0.6436965811965811,42.23958333333334,1031.041666666668,26.436965811965848,0
4202,4,1,1,42,0.023255813953488372,0.023255813953488372,0.9767441860465116,43,950,700,250,0.7368421052631579,12,7,5,311.71853702368605,0.7954042081949059,0.13742280132680906,0.19109701617539016,133052.4985127901,-305.0139632493784,132747.48454954074,4105,0,876.1395348837209,40,3,18,34.0331133438403,0.64375,42.07317073170732,1031.7073170731715,25.792682926829286,0
4203,4,0,0,42,0.0,0.0,1.0,42,800,500,300,0.625,11,5,6,315.76804528644607,0.7892953929539296,0.13697207477498274,0.19352516834882208,133042.01388888905,2.0833333333524138,133044.0972222224,4106,11,898.0,39,3,18,33.93914916532042,0.6452991452991452,42.08333333333334,1031.666666666668,26.45299145299149,0
4204,4,1,1,42,0.023255813953488372,0.023255813953488372,0.9767441860465116,43,1450,1000,450,0.6896551724137931,19,10,9,308.7165186017553,0.7925895164267257,0.13391486216530968,0.19072863091487186,133340.98755907547,-367.086906768437,132973.90065230703,4107,0,878.0930232558139,40,3,18,33.82244416018891,0.6466145833333332,41.79369918699188,1032.825203252034,25.820630081300852,0
4205,4,0,0,42,0.0,0.0,1.0,42,650,500,150,0.7692307692307693,8,5,3,314.49659661653794,0.7877710027100271,0.13381899324013924,0.19361554111701795,133209.8174449734,-21.193155529098533,133188.6242894443,4108,13,900.0,40,2,18,33.80422655378355,0.6453125,41.92073170731708,1032.317073170733,25.807926829268325,0
4206,4,0,0,42,0.0,0.0,1.0,42,1000,600,400,0.6,14,6,8,314.959174028773,0.7877951993805652,0.12867359324400907,0.19431087840354402,133288.51176754938,-3.9120852336297958,133284.59968231575,4109,14,901.0,40,2,18,33.713668274119996,0.6460937499999999,41.844512195121965,1032.6219512195146,25.815548780487866,0
4207,4,0,0,42,0.0,0.0,1.0,42,900,500,400,0.5555555555555556,13,5,8,314.69709437402867,0.7862466124661247,0.1279492513258742,0.19456090433197262,133367.2293277812,-5.944089166492148,133361.2852386147,4110,15,902.0,40,2,18,33.641815886134054,0.6468749999999999,41.768292682926834,1032.9268292682937,25.823170731707343,0
4208,4,0,0,42,0.0,0.0,1.0,42,1200,900,300,0.75,15,9,6,316.15747945665714,0.786657955865273,0.12776692936984002,0.19615652279406678,133498.47690073735,41.30839364800369,133539.78529438536,4111,16,903.0,40,2,19,33.47305536434262,0.6481770833333331,41.64126016260165,1033.4349593495965,25.835873983739912,0
4209,4,0,0,42,0.0,0.0,1.0,42,850,500,350,0.5882352941176471,12,5,7,313.7989397982866,0.7861982191250484,0.12251618429736943,0.19524627612036566,133603.52143441446,-15.071324112587888,133588.45011030187,4112,17,904.0,40,2,19,33.42917526786593,0.6492187499999998,41.539634146341484,1033.8414634146375,25.846036585365937,0
4210,4,0,0,42,0.0,0.0,1.0,42,1300,1200,100,0.9230769230769231,14,12,2,316.50795945661747,0.7857384823848238,0.12954748569369778,0.19749242816615573,133708.6072794801,63.96769036290857,133772.574969843,4113,18,905.0,40,2,17,33.25431528610266,0.6502604166666666,41.438008130081315,1034.2479674796768,25.856199186991923,0
4211,4,0,0,42,0.0,0.0,1.0,42,1000,800,200,0.8,12,8,4,309.27908883646097,0.786319202477739,0.09499215328039723,0.191346435667841,133393.47367844882,-148.83760079977375,133244.63607764905,4114,19,906.0,40,2,19,33.7555336940482,0.6471354166666666,41.742886178861795,1033.028455284554,25.825711382113848,2
4212,4,0,0,42,0.0,0.0,1.0,42,800,400,400,0.5,12,4,8,296.24089490114443,0.7862224157955865,0.05395545314900141,0.18366935483870972,133472.2222222223,-492.01388888887925,132980.20833333343,4115,20,907.0,41,1,19,34.013776881720425,0.646341463414634,41.66666666666667,1033.3333333333342,25.203252032520346,2
4213,4,0,0,42,0.0,0.0,1.0,42,950,500,450,0.5263157894736842,14,5,9,294.77621825234525,0.7858836624080526,0.05489535047057159,0.18302039924458824,133524.73416121388,-528.0167641615128,132996.71739705236,4116,21,908.0,40,2,20,33.99930350704688,0.6484374999999998,41.6158536585366,1033.5365853658561,25.838414634146403,0
4214,4,0,0,42,0.0,0.0,1.0,42,1650,1300,350,0.7878787878787878,20,13,7,294.29758595065056,0.7859320557491289,0.07749101181304541,0.1785038628803477,132653.37616528085,-592.0863252708612,132061.28984001,4117,22,909.0,41,1,16,34.88098677452491,0.6382113821138211,42.460317460317455,1030.1587301587297,25.125822686798283,2
4215,4,0,0,42,0.0,0.0,1.0,42,900,700,200,0.7777777777777778,11,7,4,320.41333678131457,0.7857868757259001,0.09250120536600615,0.18615017039994014,131015.81090124922,-1.637845275155513,131014.17305597407,4118,23,910.0,40,2,19,35.854054993051406,0.6234375,44.05487804878049,1023.7804878048778,25.594512195121943,8
4216,4,1,1,42,0.023255813953488372,0.023255813953488372,0.9767441860465116,43,800,600,200,0.75,10,6,4,313.2948056646711,0.7927279438907345,0.09101471727343102,0.18301520095614948,131226.45817586296,-377.4864575459841,130848.97171831699,4119,0,889.8139534883721,41,2,19,35.82413503743865,0.6239837398373984,43.84920634920635,1024.6031746031747,24.99032133178475,0
4217,4,2,0,44,0.045454545454545456,0.0,1.0,44,750,700,50,0.9333333333333333,8,7,1,308.25432335919544,0.8038231148696265,0.09772748747992055,0.18113578590285223,131452.30647384483,-695.8516427798688,130756.45483106496,4120,0,870.5454545454545,42,2,21,35.72612523229078,0.624751984126984,43.628875968992254,1025.484496124032,24.416297526762666,0
4218,4,1,2,43,0.022222222222222223,0.044444444444444446,0.9555555555555556,45,850,700,150,0.8235294117647058,10,7,3,299.50654605886757,0.8106060606060607,0.10416423249187745,0.17733208442513318,131740.97262576068,-1108.5432628845056,130632.42936287618,4121,0,852.1777777777778,43,2,16,35.66062863204501,0.6262112403100775,43.34753787878789,1026.6098484848503,23.874647639182566,0
4219,4,0,0,43,0.0,0.0,1.0,43,1200,800,400,0.6666666666666666,16,8,8,310.0546389863699,0.7930509413067552,0.1013621551602002,0.18269373343350723,131557.01929209183,-442.02717545351345,131114.9921166383,4122,1,892.7674418604652,41,2,16,35.57471472778262,0.6272865853658536,43.526785714285715,1025.892857142857,25.02177700348432,0
4220,4,0,0,43,0.0,0.0,1.0,43,1250,1000,250,0.8,15,10,5,306.96028768148324,0.7920819490586932,0.10073922192845153,0.18123271779550582,131633.36167800447,-518.7570861678075,131114.60459183666,4123,2,893.7674418604652,41,2,16,35.57738785769529,0.6280487804878049,43.45238095238095,1026.1904761904757,25.02903600464575,0
4221,4,1,1,43,0.022727272727272728,0.022727272727272728,0.9772727272727273,44,1400,1300,100,0.9285714285714286,15,13,2,299.3197234117474,0.7993084918957012,0.10009561705156456,0.17796345417206585,131899.8456842287,-903.9549343489011,130995.89074987979,4124,0,874.4318181818181,42,2,16,35.50608433166681,0.6292162698412698,43.19282945736434,1027.2286821705425,24.457825765965296,0
4222,4,0,1,42,0.0,0.023255813953488372,0.9767441860465116,43,1100,800,300,0.7272727272727273,14,8,6,316.60458622584713,0.7923588039867109,0.02613326254074888,0.18605694188837868,131455.26389085714,-266.81542227029456,131188.44846858684,4125,4,895.7674418604652,41,2,17,35.50907339331205,0.6262703252032521,43.625992063492056,1025.4960317460307,25.01209833526904,8
4223,4,1,1,42,0.023255813953488372,0.023255813953488372,0.9767441860465116,43,1000,600,400,0.6,14,6,8,315.63395619791737,0.7915743816906607,0.03417234595657992,0.18656221339555457,131675.98101075637,-287.71783546663585,131388.26317528973,4126,0,896.6511627906976,42,1,14,35.312027945619334,0.6269841269841271,43.410852713178286,1026.3565891472854,24.437061646363937,0
4224,4,0,0,42,0.0,0.0,1.0,42,950,700,250,0.7368421052631579,12,7,5,319.0705861267375,0.7831494386372435,0.030356580781509823,0.1883476871283252,131626.25912655497,-0.38647016404877377,131625.87265639091,4127,32,919.0,42,0,15,35.27384324834748,0.6264880952380952,43.4593023255814,1026.162790697675,24.432447397563692,0
4225,4,0,1,41,0.0,0.023809523809523808,0.9761904761904762,42,1100,800,300,0.7272727272727273,14,8,6,349.68763015410246,0.7838269454123112,-0.051992225461613195,0.19924062648315138,130262.5868055555,871.9178159365379,131134.50462149203,4128,33,920.0,37,5,19,35.867346938775505,0.6210585585585586,44.791666666666664,1020.8333333333329,27.59009009009008,7
4226,4,1,1,41,0.023809523809523808,0.023809523809523808,0.9761904761904762,42,1800,1400,400,0.7777777777777778,22,14,8,347.1435328555152,0.7853997289972899,-0.039154517907602715,0.1990788050880336,130514.55886667049,661.4570108110174,131176.0158774815,4129,0,920.1904761904761,37,5,18,35.67699949923097,0.6235923423423423,44.54495614035088,1021.8201754385963,27.61676149834044,0
4227,4,2,1,42,0.046511627906976744,0.023255813953488372,0.9767441860465116,43,800,400,400,0.5,12,4,8,339.45688155225133,0.7980343300110742,-0.0267237862097105,0.1962946315063021,130835.79881656825,282.6224523340106,131118.42126890225,4130,0,899.7441860465116,38,5,19,35.5485066833751,0.6249999999999998,44.23076923076924,1023.0769230769246,26.923076923076962,0
4228,4,0,0,42,0.0,0.0,1.0,42,800,500,300,0.625,11,5,6,345.4917378835469,0.78902922957801,-0.03384399336141941,0.19899385149870763,130682.67549871124,629.9569338642773,131312.6324325755,4131,1,922.1666666666666,37,5,19,35.54903932082217,0.6252815315315314,44.380482456140356,1022.4780701754394,27.634542437174037,0
4229,4,0,0,42,0.0,0.0,1.0,42,1300,1000,300,0.7692307692307693,16,10,6,343.66042948220706,0.7896341463414634,-0.0308893414799728,0.19851443632442797,130794.81336805562,589.8003472222275,131384.61371527784,4132,2,923.1666666666666,37,5,19,35.482433808553964,0.6264076576576576,44.270833333333336,1022.9166666666672,27.646396396396412,0
4230,4,3,1,44,0.06666666666666667,0.022222222222222223,0.9777777777777777,45,900,700,200,0.7777777777777778,11,7,4,321.7169847295723,0.8094696969696971,-0.0007854289389941371,0.18922493617965172,131488.33007812515,-538.5091145833189,130949.82096354183,4133,0,862.5555555555555,39,6,22,35.3447254384183,0.6298076923076923,43.59375000000001,1025.6250000000011,26.29807692307695,0
4231,4,0,2,42,0.0,0.045454545454545456,0.9545454545454546,44,900,600,300,0.6666666666666666,12,6,6,340.66239921894726,0.8059593023255814,0.020486111111111205,0.1987197328777187,131171.92147531197,151.9228966822452,131323.84437199423,4134,1,882.0,40,4,14,35.178158068783056,0.6250000000000002,43.902439024390226,1024.3902439024362,25.609756097560904,5
4232,4,0,1,41,0.0,0.023809523809523808,0.9761904761904762,42,900,500,400,0.5555555555555556,13,5,8,345.02092548374935,0.7918844367015099,-0.014683063358324144,0.2036429680611392,131621.90890842004,682.4625651041622,132304.3714735242,4135,2,924.952380952381,39,3,13,34.612497039217686,0.6311431623931625,43.463541666666664,1026.1458333333326,26.311431623931604,5
4233,4,0,0,41,0.0,0.0,1.0,41,1250,700,550,0.56,18,7,11,350.68072789825965,0.7833841463414634,-0.0007567196962960931,0.20702448626077316,131629.44614517107,1031.9819974066572,132661.42814257773,4136,3,948.390243902439,38,3,13,34.4596998091272,0.6329495614035088,43.45619658119657,1026.1752136752118,27.004610886189784,0
4234,4,0,0,41,0.0,0.0,1.0,41,1000,600,400,0.6,14,6,8,351.1800958533939,0.7830284552845529,-0.003335287801832454,0.20791679242484648,131739.10307774472,1052.8301692964926,132791.93324704122,4137,4,949.390243902439,38,3,13,34.336299302737004,0.634046052631579,43.349358974358964,1026.6025641025626,27.015856950067437,0
4235,4,1,1,41,0.023809523809523808,0.023809523809523808,0.9761904761904762,42,1250,1100,150,0.88,14,11,3,350.0306338497897,0.7883517228029423,0.005681571443047151,0.2092339385501861,132103.35422092007,848.0441623263846,132951.39838324644,4138,0,927.7619047619048,39,3,16,33.99882206910529,0.6359508547008548,42.994791666666664,1028.0208333333328,26.359508547008534,0
4236,4,0,0,41,0.0,0.0,1.0,41,1200,900,300,0.75,15,9,6,349.1635372594659,0.7886686991869919,0.00011363832872612889,0.20930732260854318,132210.46142578125,1032.6144748263898,133243.07590060763,4139,1,930.4878048780488,39,2,17,33.91330311624296,0.6370192307692308,42.890625,1028.4375,26.370192307692307,0
4237,4,0,1,40,0.0,0.024390243902439025,0.975609756097561,41,1450,1200,250,0.8275862068965517,17,12,5,349.2519742639676,0.7859247967479674,0.0010285981454063453,0.21103449410158678,132510.87474030486,1056.2027649132567,133567.07750521813,4140,2,931.4878048780488,37,4,18,33.608892438764634,0.643581081081081,42.59868421052632,1029.605263157896,27.827169274537727,0
4238,4,0,1,39,0.0,0.025,0.975,40,1050,500,550,0.47619047619047616,16,5,11,354.7468390628696,0.7777510683760683,-0.008838328593305356,0.214207107180499,132484.94059938332,1399.722780212665,133884.663379596,4141,3,955.6,36,4,18,33.493537154524915,0.6452546296296295,42.62387387387388,1029.5045045045058,28.597347347347384,0
4239,4,0,0,39,0.0,0.0,1.0,39,1000,800,200,0.8,12,8,4,359.90678892143586,0.7795771479982007,-0.004336455927594907,0.2169932931442937,132427.78427479864,1732.3317204646883,134160.11599526333,4142,4,975.0,35,4,18,33.41825499456502,0.6467261904761905,42.67939814814815,1029.2824074074083,29.40806878306881,0
4240,4,0,0,39,0.0,0.0,1.0,39,700,500,200,0.7142857142857143,9,5,4,363.5824015654841,0.7804768331084121,-9.222353832827324e-05,0.21990432540639776,132546.94097490134,1838.347023962616,134385.28799886396,4143,5,976.0,35,4,18,33.20372503840247,0.6479166666666667,42.563657407407405,1029.7453703703698,29.42129629629628,0
4241,4,0,0,39,0.0,0.0,1.0,39,700,300,400,0.42857142857142855,11,3,8,363.5416798640342,0.7796333783175888,0.0023042934748174204,0.22075361760911522,132695.9622020746,1848.1026020233041,134544.0648040979,4144,6,977.0,35,4,16,33.05483786415039,0.6494047619047618,42.418981481481474,1030.3240740740728,29.43783068783065,0
4242,4,0,0,39,0.0,0.0,1.0,39,1000,600,400,0.6,14,6,8,362.21948568497737,0.7799707602339182,-0.000767577955384624,0.22058515984528296,132803.9541864501,1820.8359964694662,134624.79018291956,4145,7,978.0,36,3,17,32.98030700316837,0.6484375,42.3141891891892,1030.7432432432445,28.63175675675679,0
4243,4,0,0,39,0.0,0.0,1.0,39,700,600,100,0.8571428571428571,8,6,2,362.6049331686593,0.7798582995951417,-0.000896343478821171,0.22099104914952808,132832.97444403885,1833.1783641750037,134666.15280821384,4146,8,979.0,36,3,17,32.94120056805766,0.6487268518518519,42.286036036036045,1030.8558558558575,28.63488488488493,0
4244,4,0,0,39,0.0,0.0,1.0,39,1200,1100,100,0.9166666666666666,13,11,2,363.0214956672564,0.7797458389563653,0.004856000268844474,0.22158832095529352,132891.02447041657,1848.459692800931,134739.4841632175,4147,9,980.0,36,3,18,32.87211482452308,0.6493055555555556,42.22972972972974,1031.0810810810826,28.641141141141183,0
4245,4,0,0,39,0.0,0.0,1.0,39,650,400,250,0.6153846153846154,9,4,5,363.37929835224026,0.7788461538461539,0.007005989533018342,0.22197893495740284,132920.0542392057,1860.079209276877,134780.13344848258,4148,10,981.0,36,3,18,32.83371555458485,0.6495949074074073,42.20157657657659,1031.1936936936959,28.64426926926933,0
4246,4,0,0,39,0.0,0.0,1.0,39,1250,1000,250,0.8,15,10,5,362.0944419832281,0.7799707602339182,0.00905076150655737,0.22205550719212447,133065.25063915286,1836.4375355085028,134901.68817466137,4149,11,982.0,36,3,18,32.720976133304234,0.6510416666666665,42.06081081081082,1031.7567567567583,28.659909909909953,0
4247,4,0,1,38,0.0,0.02564102564102564,0.9743589743589743,39,950,600,350,0.631578947368421,13,6,7,361.5635353970109,0.7782838506522717,0.0015719708094532603,0.2225958985214508,133210.52629910325,1832.8137681600635,135043.3400672633,4150,12,983.0,36,3,18,32.58881495218356,0.6524884259259258,41.92004504504505,1032.3198198198206,28.67555055055057,0
4248,4,0,1,37,0.0,0.02631578947368421,0.9736842105263158,38,900,600,300,0.6666666666666666,12,6,6,367.9926963005096,0.7701813655761024,0.005702344690798,0.22596576310023023,133113.66705246907,2196.971450617277,135310.63850308635,4151,80,1009.5526315789474,35,3,18,32.52018842530282,0.6535714285714285,42.013888888888886,1031.9444444444441,29.484126984126974,0
4249,4,0,1,36,0.0,0.02702702702702703,0.972972972972973,37,1050,800,250,0.7619047619047619,13,8,5,366.58889483345706,0.7645145145145145,0.029298969446918344,0.22618991145948153,133292.8843557099,2372.738233024693,135665.62258873458,4152,88,1035.6756756756756,35,2,18,32.37642905178211,0.6553571428571427,41.84027777777778,1032.638888888889,29.503968253968253,0
4250,4,0,0,36,0.0,0.0,1.0,36,1300,1000,300,0.7692307692307693,16,10,6,372.06101695779915,0.7605820105820106,0.03277239895497175,0.2299146284277682,133349.23469387754,2722.8103741496584,136072.0450680272,4153,89,1058.0555555555557,34,2,18,32.1785673121254,0.6580882352941178,41.785714285714285,1032.8571428571427,30.378151260504197,0
4251,4,0,1,35,0.0,0.027777777777777776,0.9722222222222222,36,1400,800,600,0.5714285714285714,20,8,12,371.1120631240855,0.7587962962962963,0.03177711228851554,0.23047174048950686,133533.73724489778,2711.196145124697,136244.9333900225,4154,90,1059.0555555555557,34,2,18,32.01787222606159,0.6599264705882353,41.60714285714285,1033.571428571427,30.399159663865504,0
4252,4,1,1,35,0.027777777777777776,0.027777777777777776,0.9722222222222222,36,1250,900,350,0.72,16,9,7,365.9269766049743,0.766468253968254,0.01573690403110284,0.22838890608793194,133718.36734693867,2586.231575963709,136304.59892290237,4155,0,1022.25,34,2,16,31.966745319214233,0.661764705882353,41.42857142857142,1034.2857142857135,30.420168067226868,0
4253,4,0,0,35,0.0,0.0,1.0,35,850,600,250,0.7058823529411765,11,6,5,375.1496941814899,0.7569327731092437,0.024144296722838687,0.23318995360507472,133567.21460796308,3021.5399425701426,136588.75455053322,4156,92,1052.4571428571428,33,2,18,31.87993973523019,0.6625631313131315,41.57475490196077,1033.7009803921553,31.324272133095615,0
4254,4,0,0,35,0.0,0.0,1.0,35,1250,1000,250,0.8,15,10,5,374.1185971477206,0.7566526610644257,0.025509720246562617,0.2327481184025199,133598.88624567463,2996.365580545935,136595.25182622057,4157,93,1053.4571428571428,33,2,18,31.87480243401296,0.662878787878788,41.54411764705882,1033.823529411764,31.327985739750424,0
4255,4,0,0,35,0.0,0.0,1.0,35,950,700,250,0.7368421052631579,12,7,5,369.55835783582444,0.7552521008403361,0.02861542105886561,0.2312958647300122,133820.69283749035,2890.9110978950393,136711.60393538538,4158,94,1054.4571428571428,33,2,16,31.770278139681793,0.6650883838383839,41.3296568627451,1034.6813725490192,31.353980986333916,0
4256,4,0,0,35,0.0,0.0,1.0,35,900,600,300,0.6666666666666666,12,6,6,368.9570764193206,0.7565126050420168,0.026971157912543564,0.23131718710921745,133884.09994052752,2879.49721861782,136763.59715914534,4159,95,1055.4571428571428,33,2,16,31.722296230511137,0.665719696969697,41.26838235294117,1034.926470588234,31.361408199643453,0
4257,4,0,0,35,0.0,0.0,1.0,35,850,600,250,0.7058823529411765,11,6,5,366.0190519373791,0.7549719887955182,0.02736418511066474,0.23026768204161685,134010.9592013888,2810.1128472222144,136821.072048611,4160,96,1056.4571428571428,33,2,16,31.671277665995973,0.6669823232323233,41.14583333333333,1035.4166666666658,31.3762626262626,0
4258,4,0,0,35,0.0,0.0,1.0,35,850,500,350,0.5882352941176471,12,5,7,368.09411435173865,0.7550420168067227,0.0264277261200343,0.23177311969241352,134042.68340301793,2868.0645665128695,136910.7479695308,4161,97,1057.4571428571428,33,2,16,31.585798816568058,0.6672979797979799,41.11519607843137,1035.5392156862736,31.379976232917382,0
4259,4,0,0,35,0.0,0.0,1.0,35,800,600,200,0.75,10,6,4,369.8166657515989,0.7563725490196078,0.027050593125823807,0.23366443140986679,134169.6177551903,2923.6321366781995,137093.2498918685,4162,98,1058.4571428571428,33,2,16,31.414123491838186,0.6685606060606061,40.99264705882353,1036.0294117647059,31.39483065953654,0
4260,4,0,0,35,0.0,0.0,1.0,35,900,700,200,0.7777777777777778,11,7,4,366.93213509269026,0.7567927170868347,0.03177304964538985,0.2330514912075195,134360.13192041518,2860.2100153786946,137220.34193579387,4163,99,1059.4571428571428,33,2,16,31.29826635145784,0.6704545454545454,40.80882352941176,1036.7647058823527,31.417112299465234,0
4261,4,0,0,35,0.0,0.0,1.0,35,850,600,250,0.7058823529411765,11,6,5,366.00136327414486,0.7551820728291316,0.03468809073724022,0.23327074840002734,134487.21645520956,2844.5009131103457,137331.71736831992,4164,100,1060.4571428571428,33,2,18,31.195356805293,0.6717171717171717,40.68627450980392,1037.2549019607845,31.43196672608438,0
4262,4,0,0,35,0.0,0.0,1.0,35,950,700,250,0.7368421052631579,12,7,5,364.63743265822967,0.7547619047619047,0.03302907084647977,0.23301019942016846,134582.56927924367,2814.7685085063567,137397.33778775003,4165,101,1061.4571428571428,33,2,18,31.135462186528084,0.6726641414141414,40.594362745098046,1037.6225490196089,31.443107546048754,0
4263,4,0,0,35,0.0,0.0,1.0,35,900,700,200,0.7777777777777778,11,7,4,367.3770471237466,0.7549019607843137,0.03022432113341167,0.235376973459768,134677.95589436757,2895.5179498269845,137573.47384419455,4166,102,1062.4571428571428,33,2,19,30.969106650924832,0.6736111111111112,40.502450980392155,1037.9901960784314,31.454248366013072,0
4264,4,0,0,35,0.0,0.0,1.0,35,1000,700,300,0.7,13,7,6,364.4478837069771,0.7532913165266106,0.03244883509221497,0.23431952705105644,134805.19061178388,2825.8932862360534,137631.08389801995,4167,103,1063.4571428571428,33,2,15,30.918102430965305,0.6748737373737375,40.37990196078431,1038.4803921568623,31.469102792632192,0
4265,4,0,0,35,0.0,0.0,1.0,35,1050,800,250,0.7619047619047619,13,8,5,364.5848898229358,0.7531512605042017,0.0355879081993733,0.23523216863918167,134932.48540224903,2838.8690647827616,137771.3544670318,4168,104,1064.4571428571428,33,2,15,30.78752850515058,0.6761363636363638,40.257352941176464,1038.9705882352932,31.48395721925131,0
4266,4,1,1,35,0.027777777777777776,0.027777777777777776,0.9722222222222222,36,1050,800,250,0.7619047619047619,13,8,5,355.24469292194107,0.7589616402116403,0.028890796921707596,0.23071095856305968,135169.04939058944,2403.617488662118,137572.66687925157,4169,0,1035.861111111111,34,2,15,30.794457164663235,0.6761642156862746,40.0297619047619,1039.8809523809514,30.584733893557395,0
4267,4,0,1,34,0.0,0.02857142857142857,0.9714285714285714,35,1300,900,400,0.6923076923076923,17,9,8,362.6376418520523,0.7521708683473389,0.03391383433826278,0.23480095253351957,135059.8402657631,2795.5563965782353,137855.39666234134,4170,106,1066.4571428571428,33,2,16,30.711113731038278,0.6773989898989898,40.134803921568626,1039.460784313725,31.498811645870457,0
4268,4,0,0,34,0.0,0.0,1.0,34,1250,900,350,0.72,16,9,7,373.2447789611472,0.7485888294711824,0.04081632653061251,0.24155275317674235,135042.4701561065,3280.77938475665,138323.24954086315,4171,107,1094.5882352941176,32,2,16,30.45280612244898,0.6796875,40.15151515151515,1039.393939393939,32.481060606060595,0
4269,4,0,0,34,0.0,0.0,1.0,34,1400,1200,200,0.8571428571428571,16,12,4,371.50007276834157,0.7484402852049912,0.04168214153072625,0.24129925862145563,135173.73864911727,3243.4107489031585,138417.1493980204,4172,108,1095.5882352941176,32,2,17,30.367188764772546,0.6809895833333335,40.02525252525252,1039.8989898989887,32.4968434343434,0
4270,4,0,0,34,0.0,0.0,1.0,34,400,200,200,0.5,6,2,4,369.92693868695494,0.7482917409387998,0.040936549419476664,0.24071549138255363,135239.3968089988,3205.7392102846325,138445.13601928344,4173,109,1096.5882352941176,32,2,17,30.342619567856282,0.6816406250000001,39.9621212121212,1040.151515151513,32.50473484848478,0
4271,4,0,0,34,0.0,0.0,1.0,34,950,700,250,0.7368421052631579,12,7,5,367.6552731384236,0.7466206179441474,0.033930062742243194,0.23989288249673338,135337.9139405415,3151.5395431588313,138489.45348370034,4174,110,1097.5882352941176,32,2,19,30.30351292318894,0.6826171875000002,39.86742424242423,1040.530303030301,32.516571969696905,0
4272,4,0,0,34,0.0,0.0,1.0,34,750,600,150,0.8,9,6,3,367.306239353467,0.7469548425430779,0.035442568194470336,0.23988415410073483,135370.76095551465,3144.5050249974383,138515.26598051208,4175,111,1098.5882352941176,32,2,20,30.279867346113416,0.6829427083333335,39.83585858585858,1040.656565656565,32.52051767676765,0
4273,4,0,0,34,0.0,0.0,1.0,34,1100,700,400,0.6363636363636364,15,7,8,365.96591972800513,0.7477718360071302,0.027564614594625336,0.24032539059845406,135567.926742169,3122.6481991633295,138690.5749413323,4176,112,1099.5882352941176,32,2,20,30.118412544455218,0.6848958333333335,39.646464646464636,1041.4141414141402,32.54419191919188,0
4274,4,1,0,35,0.02857142857142857,0.0,1.0,35,850,700,150,0.8235294117647058,10,7,3,359.58073487561427,0.7528711484593837,0.004902477596204324,0.22146904352566255,133226.3038548753,2581.122448979593,135807.42630385488,4177,0,1069.142857142857,34,1,19,32.62415436654367,0.6568627450980392,41.904761904761905,1032.3809523809525,30.36414565826331,7
4275,4,0,1,34,0.0,0.02857142857142857,0.9714285714285714,35,1000,700,300,0.7,13,7,6,360.0181823553782,0.7496498599439776,0.0010669828097216172,0.22247277422473377,133349.23469387766,2601.6298185941173,135950.86451247177,4178,1,1070.142857142857,34,1,19,32.48953050560936,0.6580882352941175,41.78571428571429,1032.8571428571436,30.37815126050422,0
4276,4,0,0,34,0.0,0.0,1.0,34,950,500,450,0.5263157894736842,14,5,9,360.3017689906346,0.7410130718954249,0.03202087286527533,0.22338709677419377,133472.22222222242,2818.0555555555798,136290.277777778,4179,2,1098.235294117647,34,0,20,32.35887096774194,0.659313725490196,41.66666666666668,1033.3333333333348,30.392156862745143,0
4277,4,0,0,34,0.0,0.0,1.0,34,950,600,350,0.631578947368421,13,6,7,358.84952857326886,0.739007724301842,0.02850528547122999,0.22324886600620203,133598.88624567486,2788.379469434853,136387.2657151097,4180,3,1099.235294117647,33,1,20,32.26944049312471,0.6628787878787877,41.54411764705883,1033.8235294117658,31.327985739750478,0
4278,4,1,1,34,0.02857142857142857,0.02857142857142857,0.9714285714285714,35,900,500,400,0.5555555555555556,13,5,8,351.9853957437096,0.7445378151260503,0.022820335863813934,0.22079083914832703,133903.12500000015,2426.388888888904,136329.51388888905,4181,0,1068.8,34,1,18,32.14237788513151,0.6636029411764706,41.25000000000001,1035.0000000000011,30.441176470588267,0
4279,4,0,0,34,0.0,0.0,1.0,34,750,400,350,0.5333333333333333,11,4,7,366.85833124170813,0.7381535947712419,0.022747446283902795,0.2124318353584093,130888.84833958095,2814.644007112651,133703.4923466936,4182,5,1101.235294117647,33,1,18,34.7939121756487,0.6357323232323232,44.17892156862745,1023.2843137254904,31.008615567439104,7
4280,4,0,0,34,0.0,0.0,1.0,34,1150,1000,150,0.8695652173913043,13,10,3,366.6767560811169,0.7375594177064766,0.010836654508583177,0.21301930600150557,131014.28086553248,2807.9783016147608,133822.25916714725,4183,6,1102.235294117647,33,1,18,34.671514643683665,0.6369949494949495,44.056372549019606,1023.7745098039215,31.023469994058228,0
4281,4,1,0,35,0.02857142857142857,0.0,1.0,35,900,700,200,0.7777777777777778,11,7,4,358.3200714676806,0.7497899159663866,0.016158733845413442,0.21004044488823687,131358.63272392293,2413.6869331065755,133772.3196570295,4184,0,1071.7142857142858,34,1,20,34.537219835094646,0.6381740196078431,43.720238095238095,1025.1190476190477,30.150560224089638,0
4282,4,0,0,35,0.0,0.0,1.0,35,600,300,300,0.5,9,3,6,359.12509853641313,0.7484593837535013,0.023284354373279692,0.21101661656157333,131450.17715419506,2441.411564625862,133891.58871882092,4185,1,1072.7142857142858,34,1,21,34.4240964321647,0.6390931372549019,43.63095238095239,1025.476190476191,30.161064425770324,0
4283,4,0,0,35,0.0,0.0,1.0,35,850,500,350,0.5882352941176471,12,5,7,359.17257651114835,0.7474089635854341,0.025865499403103787,0.21138189338934815,131511.22448979603,2447.0450680272206,133958.26955782325,4186,2,1073.7142857142858,34,1,21,34.36121750232126,0.6397058823529411,43.57142857142858,1025.7142857142865,30.168067226890777,0
4284,4,1,1,35,0.027777777777777776,0.027777777777777776,0.9722222222222222,36,1450,1200,250,0.8275862068965517,17,12,5,351.7020936660729,0.7607473544973545,0.02075113666253281,0.2084134450842843,131773.38023244613,2068.9947434413707,133842.3749758875,4187,0,1044.861111111111,35,1,17,34.28834122421372,0.6401785714285714,43.31597222222223,1026.7361111111122,29.33531746031749,0
4285,4,0,0,35,0.0,0.0,1.0,35,800,500,300,0.625,11,5,6,358.7524935133545,0.7460784313725489,0.022003512608941067,0.2121511659171565,131694.45153061225,2449.1425736961514,134143.5941043084,4188,4,1075.7142857142858,34,1,18,34.1870119075234,0.6415441176470588,43.392857142857146,1026.4285714285716,30.189075630252105,0
4286,4,0,0,35,0.0,0.0,1.0,35,450,300,150,0.6666666666666666,6,3,3,360.0215659424657,0.7461484593837534,0.021901558953628664,0.21307247516279224,131725.001771542,2484.76828231293,134209.77005385494,4189,5,1076.7142857142858,34,1,18,34.12361320499438,0.6418504901960784,43.36309523809524,1026.5476190476195,30.192577030812338,0
4287,4,0,0,35,0.0,0.0,1.0,35,750,600,150,0.8,9,6,3,359.3038455051441,0.7462184873949579,0.020176252319109356,0.2128184315684316,131755.5555555556,2468.0555555555607,134223.61111111115,4190,6,1077.7142857142858,34,1,18,34.111201298701296,0.642156862745098,43.333333333333336,1026.666666666667,30.19607843137256,0
4288,4,0,0,35,0.0,0.0,1.0,35,350,200,150,0.5714285714285714,5,2,3,357.9602072268174,0.7470588235294117,0.018087830329967414,0.2121219103746893,131773.3802324461,2433.9252989969264,134207.30553144304,4191,7,1078.7142857142858,35,0,18,34.127705444707466,0.6401785714285714,43.31597222222223,1026.736111111112,29.335317460317487,0
4289,4,1,1,35,0.027777777777777776,0.027777777777777776,0.9722222222222222,36,1400,1100,300,0.7857142857142857,17,11,6,349.5610389889703,0.7546296296296297,0.015087885870094242,0.2088215421394845,132079.4781267756,2033.9679206233418,134113.44604739893,4192,0,1049.7222222222222,36,0,19,34.03492915571136,0.6412037037037037,43.018018018018026,1027.9279279279292,28.553553553553588,0
4290,4,0,0,35,0.0,0.0,1.0,35,1000,900,100,0.9,11,9,2,356.8448247254597,0.7485994397759103,0.020858816712804984,0.21228918661281368,131921.96609224967,2415.134173525379,134337.10026577505,4193,9,1080.7142857142858,35,0,19,34.00649692053477,0.6416666666666666,43.1712962962963,1027.314814814815,29.35185185185186,0
4291,4,0,0,35,0.0,0.0,1.0,35,700,500,200,0.7142857142857143,9,5,4,358.4358543898529,0.747829131652661,0.024100806256940333,0.21340275515886795,131951.69331114963,2459.2435860339424,134410.93689718356,4194,10,1081.7142857142858,35,0,19,33.93566238594119,0.6419642857142858,43.14236111111111,1027.430555555555,29.355158730158713,0
4292,4,0,0,35,0.0,0.0,1.0,35,1300,1000,300,0.7692307692307693,16,10,6,357.010370427608,0.7465686274509803,0.029404292949593902,0.2138932664362303,132189.63162562152,2438.613870670432,134628.24549629196,4195,11,1082.7142857142858,35,0,19,33.73253141999625,0.6443452380952381,42.910879629629626,1028.356481481481,29.381613756613746,0
4293,4,2,1,36,0.05405405405405406,0.02702702702702703,0.972972972972973,37,600,500,100,0.8333333333333334,7,5,2,353.84313573058245,0.7608233233233234,0.020285337902413048,0.21821485325310377,133274.01369892657,2031.6189837257575,135305.63268265233,4196,0,1025.1351351351352,37,0,18,32.72439471169161,0.6511824324324325,41.858552631578945,1032.5657894736842,27.90718349928876,2
4294,4,0,0,36,0.0,0.0,1.0,36,850,500,350,0.5882352941176471,12,5,7,363.5184609866141,0.7548611111111112,0.02814140091875439,0.2237994447188917,133210.5262991034,2484.89710149341,135695.4234005968,4197,1,1054.611111111111,36,0,18,32.538362241373044,0.6524884259259258,41.92004504504506,1032.3198198198218,28.675550550550604,0
4295,4,0,0,36,0.0,0.0,1.0,36,700,400,300,0.5714285714285714,10,4,6,363.0859786958503,0.7515211640211641,0.03854726946746112,0.22440866553897204,133355.88121905716,2483.930129453807,135839.81134851096,4198,2,1055.611111111111,36,0,20,32.403646969036195,0.6539351851851851,41.779279279279294,1032.882882882885,28.69119119119125,0
4296,4,0,0,36,0.0,0.0,1.0,36,1000,800,200,0.8,12,8,4,361.78880389317453,0.7520502645502646,0.03692962103634967,0.21360407462734002,131633.3616780045,2344.034735576717,133977.3964135812,4199,3,1056.611111111111,34,2,19,34.17077532869296,0.6409313725490196,43.45238095238095,1026.190476190476,30.182072829131645,8
4297,4,0,0,36,0.0,0.0,1.0,36,1150,1000,150,0.8695652173913043,13,10,3,369.7699695665274,0.752910052910053,0.05606624776976199,0.21384946961337387,130840.48327664396,2488.9314058956884,133329.41468253965,4200,4,1057.611111111111,34,2,17,34.76844309983709,0.6329656862745099,44.226190476190474,1023.095238095238,30.09103641456582,5
4298,4,1,1,36,0.02702702702702703,0.02702702702702703,0.972972972972973,37,1050,700,350,0.6666666666666666,14,7,7,361.40665505823773,0.7613238238238238,0.05562968911743105,0.21086422570339228,131179.87403817294,2081.8558974194057,133261.72993559236,4201,0,1030.0,35,2,17,34.63885907430423,0.6342261904761906,43.894675925925924,1024.4212962962958,29.26917989417988,0
4299,4,0,0,36,0.0,0.0,1.0,36,700,400,300,0.5714285714285714,10,4,6,369.95673336938887,0.7498015873015873,0.059463824289405665,0.21497485857950976,131023.24263038555,2494.586167800461,133517.828798186,4202,6,1059.611111111111,34,2,17,34.57848837209303,0.6348039215686274,44.04761904761905,1023.8095238095242,30.11204481792718,0
4300,4,0,0,36,0.0,0.0,1.0,36,1250,800,450,0.64,17,8,9,371.2653729868544,0.7509920634920635,0.06180087318194727,0.216077451856084,131084.19075963713,2533.4041950113296,133617.59495464846,4203,7,1060.611111111111,34,2,17,34.48325970704487,0.6354166666666667,43.988095238095234,1024.0476190476186,30.119047619047606,0
4301,4,0,1,35,0.0,0.027777777777777776,0.9722222222222222,36,1400,1100,300,0.7857142857142857,17,11,6,370.4805340736334,0.7486772486772487,0.058943089430894435,0.2169957413859853,131328.125,2531.1295351473923,133859.2545351474,4204,8,1061.611111111111,33,3,17,34.25643631436314,0.6401515151515151,43.75,1025.0,31.060606060606062,0
4302,4,1,1,35,0.027777777777777776,0.027777777777777776,0.9722222222222222,36,900,600,300,0.6666666666666666,12,6,6,371.01014088188646,0.752910052910053,0.05075941636462633,0.21819985024880587,131485.18786344188,2556.4676146193724,134041.65547806126,4205,0,1062.361111111111,33,3,17,34.08399549926316,0.641729797979798,43.59681372549019,1025.6127450980387,31.07917409387996,0
4303,4,0,0,35,0.0,0.0,1.0,35,900,600,300,0.6666666666666666,12,6,6,381.10364992510085,0.7395658263305321,0.06522771650219039,0.2237847245872556,131425.20732897156,3017.325241046835,134442.5325700184,4206,22,1093.7142857142858,32,3,18,33.885913064893494,0.6435546875,43.65530303030303,1025.378787878788,32.043087121212125,0
4304,4,1,1,35,0.027777777777777776,0.027777777777777776,0.9722222222222222,36,650,400,250,0.6153846153846154,9,4,5,370.9402648944884,0.754431216931217,0.06361664876049478,0.21960187978947907,131736.68368235775,2573.288068291042,134309.97175064878,4207,0,1064.3055555555557,33,3,17,33.831597429469575,0.6442550505050505,43.35171568627451,1026.593137254902,31.108882947118246,0
4305,4,2,2,35,0.05405405405405406,0.05405405405405406,0.9459459459459459,37,1150,700,450,0.6086956521739131,16,7,9,361.06728876942896,0.7568818818818819,0.060082387219933864,0.21496943812248265,131951.69331114952,2128.688030478373,134080.3813416279,4208,0,1036.4864864864865,35,2,17,33.8680719837783,0.6419642857142858,43.1423611111111,1027.430555555554,29.35515873015869,0
4306,4,0,0,35,0.0,0.0,1.0,35,1000,700,300,0.7,13,7,6,373.62589989098893,0.7374649859943977,0.07150645433907266,0.22076962871557312,131663.90483276625,2838.6089852607497,134502.513818027,4209,25,1096.7142857142858,34,1,17,33.836223562618414,0.6412377450980393,43.42261904761904,1026.3095238095223,30.18557422969183,0
4307,4,0,0,35,0.0,0.0,1.0,35,800,400,400,0.5,12,4,8,353.0393121005794,0.7374649859943977,0.07407531101277454,0.19804926655871832,129655.65653344656,2154.708758503383,131810.36529194994,4210,26,1097.7142857142858,34,1,16,36.39806156243912,0.6210171568627452,45.38690476190475,1018.4523809523797,29.95448179271705,5
4308,4,0,0,35,0.0,0.0,1.0,35,750,500,250,0.6666666666666666,10,5,5,354.99142938247894,0.7376050420168067,0.07293057409879844,0.19991622602065912,129807.25623582759,2216.0926870748235,132023.34892290243,4211,27,1098.7142857142858,34,1,17,36.194265965732086,0.6225490196078431,45.238095238095234,1019.0476190476185,29.97198879551819,0
4309,4,0,0,35,0.0,0.0,1.0,35,600,400,200,0.6666666666666666,8,4,4,352.6344484373392,0.7371848739495798,0.06682571195008413,0.19905133697883556,129898.25857426297,2161.3201530612155,132059.5787273242,4212,28,1099.7142857142858,34,1,17,36.16187862509245,0.623468137254902,45.14880952380952,1019.4047619047614,29.982492997198865,0
4310,4,1,0,36,0.027777777777777776,0.0,1.0,36,1100,700,400,0.6363636363636364,15,7,8,343.69012911286967,0.7479497354497355,0.07380952380952399,0.19582344565733267,130262.58680555552,1753.993055555552,132016.57986111107,4213,0,1070.138888888889,35,1,19,36.020408163265294,0.625,44.791666666666664,1020.833333333333,29.166666666666657,0
4311,4,1,1,36,0.02702702702702703,0.02702702702702703,0.972972972972973,37,1600,1300,300,0.8125,19,13,6,336.20408514476725,0.7648273273273273,0.0687825330839873,0.19312584030214613,130578.9150637124,1380.2329356383405,131959.14799935074,4214,0,1042.1891891891892,36,1,14,35.89136183340677,0.6261574074074074,44.48198198198198,1022.0720720720724,28.3908908908909,0
4312,4,0,0,36,0.0,0.0,1.0,36,800,500,300,0.625,11,5,6,344.52967890558045,0.7470568783068784,0.07761854411338964,0.19734999842307316,130469.43486636225,1790.1185003000624,132259.55336666232,4215,2,1072.138888888889,35,1,21,35.78945753559155,0.6270833333333334,44.58912037037037,1021.6435185185181,29.189814814814802,0
4313,4,1,1,36,0.02702702702702703,0.02702702702702703,0.972972972972973,37,700,500,200,0.7142857142857143,9,5,4,329.0146830543768,0.7565065065065065,0.017998152507524345,0.18815656843021444,130406.3248214433,1195.2685653974152,131601.59338684072,4216,0,1044.1351351351352,36,1,20,36.24954061006983,0.6244212962962962,44.650900900900915,1021.3963963963982,28.372122122122175,4
4314,4,0,0,36,0.0,0.0,1.0,36,350,300,50,0.8571428571428571,4,3,1,336.3598500624739,0.7473214285714286,0.023922902494331044,0.19164689131466564,130262.58680555575,1563.0208333333587,131825.6076388891,4217,4,1074.138888888889,36,0,20,36.20748299319728,0.622974537037037,44.79166666666668,1020.833333333335,28.356481481481527,0
4315,4,0,0,36,0.0,0.0,1.0,36,850,400,450,0.47058823529411764,13,4,9,337.23653203288825,0.7464616402116403,0.027626674725496292,0.1927315517265678,130380.7656035666,1593.8314471879405,131974.59705075453,4218,5,1075.138888888889,35,1,20,36.06546539740104,0.6261904761904761,44.67592592592593,1021.2962962962969,29.179894179894195,0
4316,4,0,0,36,0.0,0.0,1.0,36,700,500,200,0.7142857142857143,9,5,4,337.87635388394085,0.7458333333333333,0.028419747491912783,0.19353890822411077,130469.43486636235,1616.5073891889663,132085.94225555132,4219,6,1076.138888888889,35,1,21,35.95939069521544,0.6270833333333332,44.589120370370374,1021.6435185185189,29.189814814814827,0
4317,4,0,0,36,0.0,0.0,1.0,36,1050,900,150,0.8571428571428571,12,9,3,339.5615043363021,0.7476190476190476,0.027740040504673047,0.19539718357019922,130646.86381440764,1672.5291227280538,132319.39293713568,4220,7,1077.138888888889,35,1,16,35.736843843163875,0.6288690476190476,44.41550925925926,1022.3379629629635,29.2096560846561,0
4318,4,0,0,36,0.0,0.0,1.0,36,1350,1100,250,0.8148148148148148,16,11,5,335.7789675457732,0.7492063492063492,0.03635953026196992,0.19667053813395285,131328.12499999994,1619.4444444444434,132947.56944444438,4221,8,1078.138888888889,36,0,19,35.14566395663959,0.6336805555555556,43.75,1024.9999999999995,28.47222222222221,4
4319,4,0,0,36,0.0,0.0,1.0,36,600,600,0,1.0,6,6,0,333.56337243628224,0.7483465608465609,0.040632549967054565,0.1959631012519217,131443.57829112894,1568.9526519762946,133012.53094310523,4222,9,1079.138888888889,36,0,19,35.086069624423445,0.634837962962963,43.637387387387385,1025.4504504504503,28.48473473473473,0
4320,4,0,0,36,0.0,0.0,1.0,36,600,400,200,0.6666666666666666,8,4,4,334.3653408233371,0.7489087301587302,0.034864785743038196,0.19688001871750332,131530.20154867697,1595.8281338771153,133126.02968255407,4223,10,1080.138888888889,36,0,19,34.97822666227541,0.6357060185185186,43.552927927927925,1025.7882882882877,28.494119119119105,0
4321,4,0,0,36,0.0,0.0,1.0,36,850,500,350,0.5882352941176471,12,5,7,333.97401270138454,0.7481150793650794,0.03779009500115871,0.19694739350953475,131587.96623904296,1589.3922216134895,133177.35846065645,4224,11,1081.138888888889,36,0,16,34.93007536677275,0.6362847222222223,43.496621621621614,1026.0135135135124,28.500375375375345,0
4322,4,0,0,36,0.0,0.0,1.0,36,1050,800,250,0.7619047619047619,13,8,5,332.4234224177025,0.7478505291005292,0.04814713232157031,0.19662813078113928,131703.53366457668,1556.2678810567268,133259.8015456334,4225,12,1082.138888888889,36,0,17,34.853492411775456,0.6374421296296298,43.384009009009006,1026.4639639639634,28.51288788788787,0
4323,4,0,0,36,0.0,0.0,1.0,36,1000,500,500,0.5,15,5,10,337.3143933376145,0.7454695767195768,0.05353596276394845,0.20012816869523162,131819.15181651257,1692.899445053178,133512.05126156576,4226,13,1083.138888888889,36,0,17,34.61157107870016,0.638599537037037,43.271396396396405,1026.9144144144154,28.52540040040043,0
4324,4,0,0,36,0.0,0.0,1.0,36,900,700,200,0.7777777777777778,11,7,4,338.43187281222174,0.7452711640211641,0.05824412047693883,0.20140339045439662,131934.82069485035,1730.1896913805822,133665.01038623092,4227,14,1084.138888888889,36,0,18,34.46645840184149,0.6397569444444444,43.15878378378379,1027.3648648648657,28.537912912912937,0
4325,4,0,0,36,0.0,0.0,1.0,36,1350,1200,150,0.8888888888888888,15,12,3,340.0768715423378,0.7449074074074075,0.06486960333114156,0.20284585161407692,132021.60564280508,1779.4989246002879,133801.10456740536,4228,15,1085.138888888889,36,0,19,34.33687632405581,0.640625,43.07432432432433,1027.7027027027036,28.547297297297323,0
4326,4,0,1,35,0.0,0.027777777777777776,0.9722222222222222,36,600,500,100,0.8333333333333334,7,5,2,339.4012894916529,0.7452711640211641,0.06339858539376486,0.2025974865395889,132050.54029959004,1763.6247311500608,133814.16503074009,4229,16,1086.138888888889,36,0,19,34.325125086738986,0.6409143518518519,43.04617117117117,1027.8153153153146,28.550425425425406,0
4327,4,0,0,35,0.0,0.0,1.0,35,850,600,250,0.7058823529411765,11,6,5,355.15593360966545,0.738095238095238,0.08923378587214792,0.20588506818896113,130931.84700963716,2300.7010104078113,133232.54802004498,4230,17,1116.8857142857144,34,1,17,35.04977511535031,0.6338848039215685,44.13690476190476,1023.4523809523807,30.101540616246492,8
4328,4,1,0,36,0.027777777777777776,0.0,1.0,36,1000,800,200,0.8,12,8,4,344.5095392399472,0.7464285714285714,0.09553335089634074,0.20194050225335614,131357.78523930462,1850.802013674544,133208.58725297917,4231,0,1086.8333333333333,35,1,18,34.89201102705958,0.6360119047619048,43.72106481481481,1025.11574074074,29.289021164021143,0
4329,4,1,1,36,0.02702702702702703,0.02702702702702703,0.972972972972973,37,550,300,250,0.5454545454545454,8,3,5,336.73263016631984,0.7565065065065065,0.0897005433879885,0.19872459365773995,131616.85333982625,1463.9378398668887,133080.79117969313,4232,0,1058.4324324324325,36,1,17,34.83021473514779,0.6365740740740742,43.468468468468465,1026.1261261261257,28.50350350350349,0
4330,4,1,1,36,0.02702702702702703,0.02702702702702703,0.972972972972973,37,1150,900,250,0.782608695652174,14,9,5,334.2294747998876,0.755005005005005,0.09268696139377286,0.19799675904812056,131761.33639974432,1407.7044527635724,133169.0408525079,4233,0,1059.4054054054054,36,1,17,34.74895799056708,0.6380208333333334,43.3277027027027,1026.6891891891892,28.519144144144143,0
4331,4,0,1,35,0.0,0.027777777777777776,0.9722222222222222,36,1250,1000,250,0.8,15,10,5,342.45814038113144,0.7456018518518519,0.09311146189599273,0.20261916257773535,131713.96933138274,1821.3041998885362,133535.2735312713,4234,3,1089.8333333333333,35,1,17,34.58547092870298,0.6395833333333334,43.37384259259259,1026.5046296296287,29.328703703703678,0
4332,4,0,0,35,0.0,0.0,1.0,35,750,500,250,0.6666666666666666,10,5,5,346.2650939044795,0.7336134453781512,0.10910235802939683,0.2046025616552788,131663.90483276648,2118.122874149666,133782.02770691615,4235,4,1121.3714285714286,34,1,17,34.5382399566949,0.6412377450980392,43.42261904761905,1026.309523809524,30.185574229691884,0
4333,4,0,0,35,0.0,0.0,1.0,35,750,500,250,0.6666666666666666,10,5,5,381.32953303597765,0.7329831932773109,0.16649585860452665,0.2056084349654352,128084.27047902472,2768.463010204054,130852.73348922878,4236,5,1122.3714285714286,34,1,17,37.28438982319965,0.6050857843137256,46.934523809523796,1012.261904761903,29.77240896358538,6
4334,4,3,2,36,0.07894736842105263,0.05263157894736842,0.9473684210526316,38,750,600,150,0.8,9,6,3,353.58687672095266,0.7624762920815552,0.1455034490009286,0.19368822772841965,128715.26668137722,1502.4199987701309,130217.68668014735,4237,0,1034.6842105263158,36,2,17,37.341859948951274,0.6073495370370372,46.31193693693693,1014.7522522522515,28.187562562562544,0
4335,4,4,1,39,0.1,0.025,0.975,40,1050,800,250,0.7619047619047619,13,8,5,338.63986593604926,0.7817574786324787,0.1478052695671428,0.1884740547751281,129344.54038075222,762.0760540946156,130106.61643484684,4238,0,983.85,36,4,20,37.080704085021566,0.6137152777777779,45.69256756756756,1017.2297297297284,28.256381381381345,0
4336,4,1,4,36,0.025,0.1,0.9,40,700,500,200,0.7142857142857143,9,5,4,337.88886527913553,0.7842147435897436,0.15467142383007015,0.18887924881002474,129516.42679419252,752.4316968995668,130268.85849109209,4239,0,984.825,36,4,11,36.92517608880038,0.6154513888888891,45.52364864864863,1017.9054054054029,28.275150150150083,0
4337,4,1,0,37,0.02702702702702703,0.0,1.0,37,1200,1000,200,0.8333333333333334,14,10,4,364.0783476974059,0.7591341341341341,0.16780727512434823,0.20073268314367945,128972.51136271383,1991.219767064333,130963.73112977817,4240,0,1065.5675675675675,36,1,18,36.813100517368795,0.6099537037037039,46.058558558558545,1015.765765765764,28.215715715715664,0
4338,4,4,4,37,0.0975609756097561,0.0975609756097561,0.9024390243902439,41,700,500,200,0.7142857142857143,9,5,4,334.4331949096903,0.7973069105691057,0.14294977305601275,0.18797451989751524,129731.44531249974,477.90906404712507,130209.35437654686,4241,0,962.5121951219512,37,4,12,36.794904567143824,0.6157094594594597,45.312499999999986,1018.749999999998,27.53378378378373,0
4339,4,2,2,37,0.05128205128205128,0.05128205128205128,0.9487179487179487,39,600,300,300,0.5,9,3,6,349.35804822151994,0.7803643724696356,0.1520029863978909,0.19489568273880725,129436.8355624142,1243.9600480109648,130680.79561042516,4242,0,1012.8205128205128,35,4,12,36.714247801031235,0.6166666666666667,45.60185185185185,1017.592592592592,29.07407407407406,0
4340,4,0,0,37,0.0,0.0,1.0,37,1150,800,350,0.6956521739130435,15,8,7,363.8350684995486,0.7608233233233234,0.1629699113430132,0.2020818874437252,129263.69214965405,2006.1328575547896,131269.82500720883,4243,3,1068.5675675675675,33,4,19,36.522354784285355,0.6193181818181819,45.77205882352941,1016.9117647058829,30.81550802139039,0
4341,4,2,0,39,0.05128205128205128,0.0,1.0,39,800,500,300,0.625,11,5,6,358.8850043054565,0.7798582995951417,0.16093219867623332,0.19193269951834782,127756.25673284124,1369.9609495229745,129126.21768236422,4244,0,1014.7179487179487,37,2,17,38.18826825741143,0.5957207207207205,47.25877192982458,1010.9649122807048,27.323376007586614,6
4342,4,1,1,39,0.025,0.025,0.975,40,750,500,250,0.6666666666666666,10,5,5,349.68771387706073,0.7860042735042735,0.1586217813423385,0.18870391666850986,128117.48940755379,960.2223957192246,129077.711803273,4245,0,990.325,38,2,19,38.05117313915859,0.5975877192982454,46.90170940170942,1012.3931623931646,26.64192532613591,0
4343,4,2,2,39,0.04878048780487805,0.04878048780487805,0.9512195121951219,41,1100,800,300,0.7272727272727273,14,8,6,342.22939660482064,0.7964939024390244,0.1549453607394542,0.18590451142201592,128381.94580078148,587.2151692708624,128969.16097005234,4246,0,966.9268292682926,39,2,14,37.96992239695757,0.5985576923076922,46.640625000000014,1013.4375000000018,25.98557692307697,0
4344,4,6,4,41,0.13333333333333333,0.08888888888888889,0.9111111111111111,45,900,500,400,0.5555555555555556,13,5,8,323.4870672218911,0.828409090909091,0.17095284552845458,0.1796176835874534,129251.82370401885,-632.5275647006347,128619.29613931822,4247,0,881.8444444444444,41,4,16,37.560162601625976,0.6041666666666665,45.783730158730165,1016.8650793650811,24.801587301587343,0
4345,4,2,1,42,0.046511627906976744,0.023255813953488372,0.9767441860465116,43,750,400,350,0.5333333333333333,11,4,7,337.44066211782814,0.8141842008121077,0.1976619362218326,0.1870067314614052,129176.1751720363,117.8588159800893,129294.03398801638,4248,0,923.8139534883721,41,2,18,37.28235499821088,0.6034044715447153,45.85813492063492,1016.5674603174594,24.79432830042584,0
4346,4,2,1,43,0.045454545454545456,0.022727272727272728,0.9772727272727273,44,1150,600,550,0.5217391304347826,17,6,11,334.15102705310443,0.819062720225511,0.20732242034492865,0.18709176162826008,129579.88989866771,-140.14688051147488,129439.74301815624,4249,0,903.6818181818181,41,3,15,36.95587303907238,0.6074695121951219,45.46130952380952,1018.1547619047611,24.833042973286858,0
4347,4,1,1,43,0.022727272727272728,0.022727272727272728,0.9772727272727273,44,1150,700,450,0.6086956521739131,16,7,9,337.2788087209794,0.8204941860465117,0.21586924956617137,0.18945179474546053,129706.17992567405,-50.5708301839216,129655.60909549013,4250,0,904.6590909090909,41,3,16,36.74806843267107,0.608739837398374,45.33730158730159,1018.6507936507943,24.84514130855596,0
4348,4,1,1,43,0.022727272727272728,0.022727272727272728,0.9772727272727273,44,1100,800,300,0.7272727272727273,14,8,6,334.7553945335395,0.8177413671599718,0.20455872594558766,0.18888586923844675,129883.08930342953,-104.18703939910958,129778.90226403042,4251,0,905.5909090909091,41,3,16,36.632907542579076,0.6105182926829269,45.16369047619047,1019.3452380952367,24.8620789779326,0
4349,4,1,0,44,0.022727272727272728,0.0,1.0,44,1500,1000,500,0.6666666666666666,20,10,10,334.0078685652656,0.8156272022551093,0.20813067479892533,0.18886430956003686,129966.0019398623,-118.06654122349318,129847.9353986388,4252,0,906.5681818181819,42,2,17,36.567914726472175,0.6098710317460319,45.08236434108527,1019.6705426356582,24.277870062753767,0
4350,4,0,1,43,0.0,0.022727272727272728,0.9772727272727273,44,650,400,250,0.6153846153846154,9,4,5,326.51782724690304,0.815054615926709,0.1814934118083733,0.18567655549413425,130186.64301658148,-298.0100165798798,129888.6330000016,4253,1,907.5681818181819,41,3,15,36.535493827160515,0.6135670731707317,44.86607142857142,1020.5357142857131,24.89111498257837,1
4351,4,1,3,41,0.022727272727272728,0.06818181818181818,0.9318181818181819,44,1250,900,350,0.72,16,9,7,328.5001711575141,0.8172788935870332,0.17013668150031802,0.18790209790209778,130414.5408163263,-231.760204081655,130182.78061224465,4254,0,908.5227272727273,41,3,15,36.25437062937062,0.6158536585365855,44.64285714285713,1021.4285714285696,24.912891986062675,0
4352,4,1,1,41,0.023809523809523808,0.023809523809523808,0.9761904761904762,42,1050,800,250,0.7619047619047619,13,8,5,340.35818408996283,0.8035472319008904,0.1826044703595726,0.1939250118652112,130262.58680555534,467.1874999999787,130729.77430555533,4255,0,952.3095238095239,39,3,17,36.10544217687073,0.6175213675213677,44.79166666666666,1020.8333333333317,26.175213675213634,0
4353,4,0,0,41,0.0,0.0,1.0,41,1100,500,600,0.45454545454545453,17,5,12,344.3154055453149,0.7952235772357723,0.18736977570780788,0.19576790201005012,130180.8021038788,764.6511341222667,130945.45323800106,4256,1,976.4146341463414,38,3,18,36.087337730318254,0.618421052631579,44.87179487179486,1020.5128205128187,26.855600539811018,0
4354,4,0,0,41,0.0,0.0,1.0,41,1600,1300,300,0.8125,19,13,6,346.5796292081722,0.7941056910569105,0.19761710378610053,0.1981639506716583,130398.95171305428,838.7240667689397,131237.6757798232,4257,2,977.4146341463414,38,3,19,35.80849023709903,0.6206140350877192,44.65811965811966,1021.3675213675214,26.878092667566353,0
4355,4,0,0,41,0.0,0.0,1.0,41,1100,600,500,0.5454545454545454,16,6,10,346.80739896266317,0.7943089430894309,0.20092235015636062,0.19857319454377162,130453.51765103362,848.4490284169697,131301.9666794506,4258,3,978.4146341463414,38,3,19,35.74740291431361,0.6211622807017544,44.60470085470085,1021.5811965811962,26.883715699505164,0
4356,4,1,1,41,0.023809523809523808,0.023809523809523808,0.9761904761904762,42,850,400,450,0.47058823529411764,13,4,9,340.20382426347055,0.7996031746031746,0.20336907550473082,0.19638220755102995,130768.17626953138,497.56673177084707,131265.74300130224,4259,0,956.0952380952381,39,3,15,35.59775689988797,0.6225961538461537,44.29687500000001,1022.812500000001,26.225961538461565,0
4357,4,0,0,41,0.0,0.0,1.0,41,1050,800,250,0.7619047619047619,13,8,5,349.8879487205156,0.7954268292682927,0.21538132213419137,0.20161213469018993,130699.2056235846,946.0153910073757,131645.22101459198,4260,5,980.4146341463414,38,3,15,35.41993173823704,0.6236293859649122,44.36431623931624,1022.5427350427348,26.90901934322986,0
4358,4,0,0,41,0.0,0.0,1.0,41,1450,900,550,0.6206896551724138,20,9,11,348.1000022299444,0.7957317073170732,0.212379055062746,0.2010078058715011,130781.15297866901,904.9839287018776,131686.13690737088,4261,6,981.4146341463414,38,3,15,35.382720562634915,0.6244517543859649,44.284188034188034,1022.8632478632479,26.917453891138102,0
4359,4,1,0,42,0.023809523809523808,0.0,1.0,42,1150,900,250,0.782608695652174,14,9,5,341.366826388792,0.8021922183507549,0.217478404526934,0.1984207295431958,131034.669325087,546.1778428819637,131580.84716796895,4262,0,959.0238095238095,39,3,16,35.29871214433481,0.6252670940170939,44.03645833333334,1023.8541666666682,26.25267094017098,0
4360,4,0,0,42,0.0,0.0,1.0,42,1050,800,250,0.7619047619047619,13,8,5,345.51922575657306,0.8002564847077043,0.22487256567768932,0.20195321591012533,131248.05908203125,669.7455512152787,131917.80463324653,4263,1,960.0238095238095,39,3,16,34.97689420893904,0.6274038461538461,43.828125,1024.6875,26.27403846153846,0
4361,4,0,1,41,0.0,0.023809523809523808,0.9761904761904762,42,1150,900,250,0.782608695652174,14,9,5,346.4282503630519,0.7992886178861789,0.22910074413833859,0.2031911108506053,131381.51584201382,702.8537326388841,132084.3695746527,4264,2,961.0238095238095,39,3,19,34.81888843730948,0.6287393162393162,43.697916666666664,1025.2083333333328,26.287393162393148,0
4362,4,0,0,41,0.0,0.0,1.0,41,1100,700,400,0.6363636363636364,15,7,8,354.60224555682845,0.7928861788617886,0.2362256764829238,0.20784413843114055,131355.5035635365,1115.7913059756122,132471.29486951212,4265,3,985.0487804878048,38,3,19,34.635660934514505,0.6302083333333333,43.7232905982906,1025.1068376068383,26.976495726495745,0
4363,4,1,1,41,0.023809523809523808,0.023809523809523808,0.9761904761904762,42,1050,900,150,0.8571428571428571,12,9,3,349.1939446533069,0.7996031746031746,0.2400115024188907,0.20639519716071,131675.35942925356,796.0476345486172,132471.40706380218,4266,0,962.5714285714286,39,3,18,34.45154183159106,0.6316773504273505,43.411458333333336,1026.3541666666672,26.316773504273517,0
4364,4,0,0,41,0.0,0.0,1.0,41,900,400,500,0.4444444444444444,14,4,10,355.4916501901497,0.7942581300813009,0.24282046006964286,0.20956330980822635,131574.6348002958,1154.7368096646856,132729.3716099605,4267,1,986.609756097561,38,3,18,34.39159637613246,0.6324013157894737,43.50961538461538,1025.9615384615379,26.998987854251,0
4365,4,0,0,41,0.0,0.0,1.0,41,1700,1400,300,0.8235294117647058,20,14,6,369.77006657585224,0.7944613821138211,0.25240977244799123,0.2095071113115528,130044.55133912282,1419.8846930016962,131464.4360321245,4268,2,987.609756097561,38,3,17,35.57640270940261,0.6170504385964912,45.00534188034189,1019.9786324786338,26.84154295996405,8
4366,4,1,0,42,0.023809523809523808,0.0,1.0,42,750,400,350,0.5333333333333333,11,4,7,363.97383816578275,0.8002806813782424,0.2651423175502501,0.20817039026656073,130410.31867551866,1093.9193585013006,131504.23803401997,4269,0,965.0714285714286,35,7,19,35.35280925401322,0.6264880952380951,44.64699074074074,1021.4120370370368,29.183201058201053,0
4367,4,0,0,42,0.0,0.0,1.0,42,1000,600,400,0.6,14,6,8,370.3913806380052,0.8011517615176151,0.2616459334271588,0.2128123801180366,130587.70743580667,1273.712250300061,131861.41968610673,4270,1,966.0714285714286,35,7,15,35.008893858755144,0.6282738095238096,44.473379629629626,1022.1064814814808,29.20304232804231,0
4368,4,0,0,42,0.0,0.0,1.0,42,700,400,300,0.5714285714285714,10,4,6,368.13194820238255,0.8013937282229965,0.25575897742772047,0.2118377523434293,130646.8638144073,1219.0569005058012,131865.9207149131,4271,2,967.0714285714286,35,7,15,35.00662760858901,0.6288690476190477,44.415509259259245,1022.3379629629608,29.20965608465602,0
4369,4,2,3,41,0.045454545454545456,0.06818181818181818,0.9318181818181819,44,1200,800,400,0.6666666666666666,16,8,8,350.5658364201066,0.8139755109231854,0.23653054471489354,0.20428168920774875,131131.51552641182,394.04588431054304,131525.56141072235,4272,0,924.0681818181819,37,7,15,34.96536327302573,0.6297860360360361,43.941885964912274,1024.2324561403498,27.681958274063508,0
4370,4,0,0,41,0.0,0.0,1.0,41,850,400,450,0.47058823529411764,13,4,9,354.80600909094255,0.7957825203252032,0.23082275272111374,0.19906113810288387,129659.7526580636,1000.811876065266,130660.56453412888,4273,4,992.5365853658536,36,5,15,36.34891456582632,0.6168981481481481,45.38288288288289,1018.4684684684695,28.29079079079082,5
4371,4,0,0,41,0.0,0.0,1.0,41,700,500,200,0.7142857142857143,9,5,4,356.6122281923687,0.796290650406504,0.23270762444524729,0.20036734262286757,129717.10519641264,1051.74118375132,130768.84638016396,4274,5,993.5365853658536,36,5,15,36.24461087773603,0.6174768518518519,45.32657657657658,1018.6936936936937,28.297047047047048,0
4372,4,0,0,41,0.0,0.0,1.0,41,950,600,350,0.631578947368421,13,6,7,358.1481841139147,0.7961890243902439,0.23420302634272328,0.2017351044336195,129815.23762119107,1098.6183248691825,130913.85594606026,4275,6,994.5365853658536,37,4,15,36.10573129617674,0.6165540540540541,45.23026315789473,1019.0789473684206,27.542674253200556,0
4373,4,2,0,43,0.046511627906976744,0.0,1.0,43,1050,600,450,0.5714285714285714,15,6,9,345.61378800910205,0.8063861203396087,0.24127345422962332,0.19805838109894294,130486.54994806093,421.1290974145871,130907.67904547551,4276,0,949.2325581395348,37,6,17,35.74443728983329,0.6233108108108107,44.57236842105263,1021.7105263157894,27.613798008534847,0
4374,4,2,1,44,0.044444444444444446,0.022222222222222223,0.9777777777777777,45,800,700,100,0.875,9,7,2,333.99577295178693,0.8174242424242425,0.24623122228839978,0.1940411428325431,131015.8109012491,-248.25459382644004,130767.55630742267,4277,0,908.0,40,5,15,35.50641916484679,0.6234375000000001,44.05487804878048,1023.7804878048769,25.594512195121922,0
4375,4,0,0,44,0.0,0.0,1.0,44,950,500,450,0.5263157894736842,14,5,9,343.8917150273084,0.8129184284707541,0.2477240345650682,0.1994734351746361,130954.69292534732,206.84678819445037,131161.53971354177,4278,1,929.6363636363636,39,5,15,35.314895854535585,0.624465811965812,44.114583333333336,1023.5416666666674,26.24465811965814,0
4376,4,0,0,44,0.0,0.0,1.0,44,900,700,200,0.7777777777777778,11,7,4,347.6222629413835,0.8115750528541227,0.2550299541665164,0.20223105781740058,131067.83743142303,312.4196493489237,131380.25708077196,4279,2,930.6363636363636,40,4,15,35.10507641921397,0.6239583333333334,44.0040650406504,1023.9837398373978,25.599593495934947,0
4377,4,1,1,44,0.022222222222222223,0.022222222222222223,0.9777777777777777,45,1000,800,200,0.8,12,8,4,343.97188287040285,0.8204545454545455,0.2520816248915507,0.20161712432322232,131356.2240905856,37.602330155149474,131393.82642074075,4280,0,910.9333333333333,37,8,15,34.90736531536349,0.6320382882882882,43.72258771929825,1025.1096491228072,27.705666192508303,0
4378,4,1,1,44,0.022222222222222223,0.022222222222222223,0.9777777777777777,45,1450,1000,450,0.6896551724137931,19,10,9,342.37837782962055,0.8187289562289563,0.2516420190238149,0.20168817079263904,131547.23340821094,7.78567645554412,131555.01908466648,4281,0,911.9111111111112,38,7,15,34.755563077136706,0.6321271929824561,43.53632478632478,1025.8547008547005,26.99617633828159,0
4379,4,1,0,45,0.022222222222222223,0.0,1.0,45,1650,1300,350,0.7878787878787878,20,13,7,346.4246075617125,0.8203282828282829,0.2615331252167885,0.2052491047267603,131766.5244448096,129.43330411278038,131895.95774892237,4282,0,912.8888888888889,38,7,13,34.43071453347208,0.6343201754385965,43.32264957264957,1026.7094017094007,27.01866846603686,0
4380,4,0,0,45,0.0,0.0,1.0,45,1050,700,350,0.6666666666666666,14,7,7,338.8581929266708,0.8199074074074074,0.2559094968740703,0.19726597401051765,131093.85456945264,-114.04512959315059,130979.80943985948,4283,1,913.8888888888889,40,5,16,35.3031656246899,0.62421875,43.978658536585364,1024.085365853658,25.60213414634145,2
4381,4,1,1,45,0.021739130434782608,0.021739130434782608,0.9782608695652174,46,1200,800,400,0.6666666666666666,16,8,8,335.25061077708204,0.8235708534621579,0.26238419486174,0.1971850366613592,131488.33007812515,-383.27312843915877,131105.056949686,4284,0,895.0,39,7,18,34.997714808043874,0.6298076923076923,43.59375000000001,1025.6250000000011,26.29807692307695,0
4382,4,0,0,45,0.0,0.0,1.0,45,750,300,450,0.4,12,3,9,336.904296875,0.826473063973064,0.25961111111111124,0.19817899816176468,131492.4391847469,-139.92644641682799,131352.5127383301,4285,1,854.9111111111112,38,7,19,34.951171875,0.631578947368421,43.58974358974359,1025.6410256410259,26.990553306342786,0
4383,4,0,0,45,0.0,0.0,1.0,45,1450,1200,250,0.8275862068965517,17,12,5,335.40821535913824,0.8247474747474748,0.2578246943654985,0.19810801784881488,131648.63281250012,-168.79340277776416,131479.83940972236,4286,2,855.9111111111112,39,6,12,34.832182974692124,0.6314102564102564,43.43750000000001,1026.250000000001,26.314102564102587,0
4384,4,0,0,45,0.0,0.0,1.0,45,950,600,350,0.631578947368421,13,6,7,334.0542845063496,0.8249158249158249,0.25764047045362015,0.19740282148798283,131666.88484243845,-203.22259815585477,131463.6622442826,4287,3,856.9111111111112,40,5,12,34.84854110968082,0.6299479166666666,43.41971544715447,1026.3211382113827,25.65802845528457,0
4385,4,0,1,44,0.0,0.022222222222222223,0.9777777777777777,45,1200,1100,100,0.9166666666666666,13,11,2,334.6509044687367,0.8246212121212122,0.262803845223168,0.19816198340815833,131745.12215777658,-182.27514211116215,131562.8470156654,4288,4,857.9111111111112,40,5,12,34.75446281264438,0.6307291666666666,43.34349593495936,1026.6260162601636,25.665650406504092,0
4386,4,0,0,44,0.0,0.0,1.0,44,1000,500,500,0.5,15,5,10,340.3021531940426,0.8220577871740663,0.2697091130437983,0.2017052509942082,131782.29302300359,169.15961371528783,131951.45263671887,4289,5,872.7954545454545,39,5,13,34.57198353116228,0.6327457264957265,43.30729166666667,1026.7708333333344,26.327457264957292,0
4387,4,0,0,44,0.0,0.0,1.0,44,1050,700,350,0.6666666666666666,14,7,7,345.96227369868035,0.8222780126849895,0.26992957356980884,0.20578286750400412,131916.02105034736,327.59331597224,132243.6143663196,4290,6,873.7954545454545,39,5,13,34.29197931454067,0.6340811965811965,43.17708333333334,1027.2916666666679,26.340811965811998,0
4388,4,0,0,44,0.0,0.0,1.0,44,1650,1400,250,0.8484848484848485,19,14,5,346.46991261265464,0.8226744186046512,0.26885992795083746,0.20681298413484953,132049.81689453122,350.25770399305463,132400.07459852428,4291,7,874.7954545454545,39,5,13,34.144222323570155,0.6354166666666666,43.046875,1027.8124999999998,26.35416666666666,0
4389,4,1,1,44,0.022222222222222223,0.022222222222222223,0.9777777777777777,45,1150,800,350,0.6956521739130435,15,8,7,345.08761777970153,0.8250000000000001,0.2804110728822329,0.20819022215500663,132451.61132812497,141.94064670138738,132593.55197482635,4292,0,856.3333333333334,39,6,15,33.7756358362005,0.639423076923077,42.65625,1029.3749999999998,26.394230769230763,0
4390,4,1,1,44,0.022222222222222223,0.022222222222222223,0.9777777777777777,45,900,600,300,0.6666666666666666,12,6,6,326.241599559245,0.8251683501683502,0.21263788731930555,0.19599665948594908,132293.4340195157,-368.0756948575393,131925.35832465815,4293,0,857.0888888888888,40,5,14,34.4193503243439,0.6361979166666666,42.809959349593505,1028.7601626016276,25.71900406504069,6
4391,4,0,1,43,0.0,0.022727272727272728,0.9772727272727273,44,1400,1100,300,0.7857142857142857,17,11,6,333.7341186373945,0.8176532769556025,0.22102289991989132,0.2000581028115969,132210.46142578154,24.62836371530703,132235.08978949685,4294,2,877.5681818181819,39,5,14,34.31000793409634,0.6370192307692306,42.890625000000014,1028.4375000000023,26.370192307692367,0
4392,4,0,1,42,0.0,0.023255813953488372,0.9767441860465116,43,1150,700,450,0.6086956521739131,16,7,9,344.28191982471475,0.8153377630121816,0.22578385090766795,0.2063547795910775,132205.65440317048,503.2033019212574,132708.85770509174,4295,11,898.9302325581396,38,5,15,34.04364914467762,0.6387061403508771,42.89529914529915,1028.4188034188037,27.063652721547466,0
4393,4,1,0,43,0.023255813953488372,0.0,1.0,43,1050,800,250,0.7619047619047619,13,8,5,345.031060991001,0.8160760428202288,0.23086338386215988,0.20786017576774976,132398.0034722224,536.2847222222422,132934.28819444464,4296,0,899.4651162790698,39,4,16,33.83097165991903,0.6388888888888888,42.70833333333334,1029.166666666668,26.388888888888925,0
4394,4,0,0,43,0.0,0.0,1.0,43,1100,700,400,0.6363636363636364,15,7,8,350.07809794881865,0.8164451827242525,0.23835882191132973,0.21167206449377113,132535.4812714588,679.5538388487073,133215.0351103075,4297,1,900.4651162790698,38,5,17,33.56289340803764,0.6419956140350876,42.574786324786324,1029.7008547008543,27.097390913180377,0
4395,4,0,0,43,0.0,0.0,1.0,43,1150,800,350,0.6956521739130435,15,8,7,349.20151432484715,0.8153377630121816,0.24130952352235968,0.2116060213454336,132618.0021938234,662.0814385637957,133280.0836323872,4298,2,901.4651162790698,38,5,19,33.50253258652283,0.6428179824561404,42.49465811965811,1030.0213675213665,27.105825461088592,0
4396,4,0,1,42,0.0,0.023255813953488372,0.9767441860465116,43,1100,800,300,0.7272727272727273,14,8,6,346.8239129856405,0.8153839055001846,0.23872111107092508,0.21078239702246385,132728.0700402695,606.6537228796819,133334.72376314917,4299,3,902.4651162790698,38,5,13,33.45321410057025,0.6439144736842106,42.38782051282051,1030.4487179487173,27.117071524966246,0
4397,4,0,0,42,0.0,0.0,1.0,42,1050,600,450,0.5714285714285714,15,6,9,348.2680985326433,0.8192508710801394,0.2417970274200989,0.2115497945643987,132708.51518015156,843.62844817636,133552.14362832793,4300,4,916.6428571428571,37,5,13,33.43564878862048,0.6455518018018018,42.406798245614034,1030.3728070175437,27.847913703176857,0
4398,4,0,1,41,0.0,0.023809523809523808,0.9761904761904762,42,1750,1300,450,0.7428571428571429,22,13,9,346.5997909137411,0.8192266744096013,0.23289114588731152,0.21126603806233002,132838.18354381237,808.3373283292959,133646.52087214167,4301,5,917.6428571428571,38,4,13,33.348447162054775,0.6450109649122808,42.280982905982896,1030.876068376067,27.128317588843867,0
4399,4,0,0,41,0.0,0.0,1.0,41,1300,900,400,0.6923076923076923,17,9,8,357.0615934913543,0.8104674796747967,0.24272950677160798,0.2172182470695945,132765.01092884337,1281.0572724299673,134046.06820127333,4302,18,940.9024390243902,37,4,13,33.15235220058872,0.6461148648648649,42.35197368421052,1030.592105263157,27.85384068278803,0
4400,4,0,0,41,0.0,0.0,1.0,41,1500,1100,400,0.7333333333333333,19,11,8,358.2844191843212,0.8089430894308943,0.24544822649417442,0.21878614792268547,132906.3029008926,1323.6515081563552,134229.95440904895,4303,19,941.9024390243902,37,4,14,32.97887423791294,0.6475225225225225,42.21491228070175,1031.140350877193,27.868658131816026,0
4401,4,0,0,41,0.0,0.0,1.0,41,1050,700,350,0.6666666666666666,14,7,7,356.67442052308087,0.8081808943089431,0.24343583854586548,0.21862863991541817,133047.67001625508,1290.9401209987786,134338.61013725385,4304,20,942.9024390243902,37,4,15,32.87842756934849,0.6489301801801801,42.077850877192986,1031.6885964912287,27.88347558084402,0
4402,4,0,0,41,0.0,0.0,1.0,41,1200,800,400,0.6666666666666666,16,8,8,349.8327585362732,0.8089430894308943,0.2116631361019361,0.21123983345697592,132484.94059938347,1070.1907366992912,133555.13133608276,4305,21,943.9024390243902,36,5,19,33.62001385546562,0.6452546296296295,42.62387387387389,1029.504504504507,28.597347347347416,3
4403,4,1,1,41,0.023809523809523808,0.023809523809523808,0.9761904761904762,42,1300,1000,300,0.7692307692307693,16,10,6,345.55220996944666,0.8129355400696864,0.2070068533742606,0.2105337865147619,132821.5187004659,779.3538636888632,133600.87256415476,4306,0,922.4047619047619,37,5,18,33.39217015920292,0.6466779279279278,42.297149122807035,1030.811403508775,27.85976766239932,0
4404,4,0,1,40,0.0,0.024390243902439025,0.975609756097561,41,1350,900,450,0.6666666666666666,18,9,9,351.6119937758892,0.807520325203252,0.21763315218115586,0.21379410996964568,132745.92318247329,1135.0117431621147,133880.9349256354,4307,23,945.9024390243902,36,5,18,33.31193312206317,0.6478587962962962,42.37049549549551,1030.5180180180203,28.625500500500564,0
4405,4,0,0,40,0.0,0.0,1.0,40,1200,800,400,0.6666666666666666,16,8,8,354.487569353697,0.8069978632478633,0.20478154014199923,0.2162114388696268,132861.9978720275,1419.5853370262278,134281.58320905373,4308,24,938.2,36,4,18,33.12124522119061,0.6490162037037037,42.25788288288289,1030.9684684684692,28.638013013013033,0
4406,4,0,0,40,0.0,0.0,1.0,40,1100,700,400,0.6363636363636364,15,7,8,353.25677681993847,0.8064102564102564,0.20766353609260668,0.21579535058973845,132920.05423920555,1390.9819870546396,134311.03622626018,4309,25,939.2,36,4,18,33.09467256379456,0.6495949074074073,42.201576576576585,1031.1936936936947,28.644269269269298,0
4407,4,0,0,40,0.0,0.0,1.0,40,1150,900,250,0.782608695652174,14,9,5,352.32088357740116,0.8058760683760684,0.20272077284139312,0.21589375347508835,133036.2050183629,1374.2866599707786,134410.4916783337,4310,26,940.2,36,4,18,33.00221955390605,0.6507523148148149,42.08896396396396,1031.6441441441439,28.656781781781774,0
4408,4,0,0,40,0.0,0.0,1.0,40,850,400,450,0.47058823529411764,13,4,9,352.24062052417855,0.8053418803418804,0.20062141491395824,0.2167315818048768,133189.11227493064,1382.923110957207,134572.03538588784,4311,27,941.2,37,3,19,32.8508958289073,0.6503378378378379,41.940789473684205,1032.2368421052624,27.898293029871958,0
4409,4,0,0,40,0.0,0.0,1.0,40,1200,900,300,0.75,15,9,6,354.16880145170217,0.8047275641025641,0.20269459488159658,0.21841569111137393,133274.01369892657,1440.2995392813132,134714.3132382079,4312,28,942.2,37,3,19,32.7159879296308,0.6511824324324325,41.858552631578945,1032.5657894736842,27.90718349928876,0
4410,4,0,0,40,0.0,0.0,1.0,40,850,600,250,0.7058823529411765,11,6,5,356.8046505144572,0.8045138888888889,0.19776345113021376,0.2210499817092523,133443.8977016966,1522.6806565481625,134966.57835824476,4313,29,943.2,37,3,19,32.477603558668505,0.6528716216216216,41.69407894736842,1033.2236842105258,27.92496443812232,0
4411,4,0,0,40,0.0,0.0,1.0,40,750,600,150,0.8,9,6,3,357.700312174818,0.8050747863247864,0.20000000000000018,0.22177419354838707,133472.22222222216,1548.6141168436388,135020.8363390658,4314,30,944.2,36,4,19,32.42607526881721,0.6550925925925927,41.666666666666664,1033.333333333333,28.703703703703695,0
4412,4,0,0,40,0.0,0.0,1.0,40,900,500,400,0.5555555555555556,13,5,8,361.27676439735905,0.8041132478632479,0.20933551198257105,0.2246965241983575,133588.61395178965,1652.4924417660945,135241.10639355573,4315,31,945.2,36,4,19,32.21700254175745,0.65625,41.554054054054056,1033.783783783784,28.71621621621622,0
4413,4,0,0,40,0.0,0.0,1.0,40,1450,1200,250,0.8275862068965517,17,12,5,360.15636915224036,0.8041666666666667,0.20701526555708694,0.22484149769775513,133727.278164916,1632.5461920975522,135359.82435701357,4316,32,946.2,37,3,16,32.10703116717905,0.6556869369369369,41.41995614035087,1034.3201754385955,27.954599336178255,0
4414,4,0,0,40,0.0,0.0,1.0,40,1350,1100,250,0.8148148148148148,16,11,5,359.8771402042511,0.8037660256410256,0.21535812672176324,0.2255325663511104,133869.08111149594,1635.2844144352198,135504.36552593115,4317,33,947.2,37,3,17,31.97225754043936,0.6570945945945945,41.28289473684211,1034.8684210526321,27.969416785206274,0
4415,4,0,0,40,0.0,0.0,1.0,40,1000,600,400,0.6,14,6,8,361.9344629857476,0.8040331196581196,0.21819313486598158,0.22699663761611097,133897.45071800935,1692.42038415666,135589.871102166,4318,34,948.2,37,3,17,31.89062665536603,0.6573761261261261,41.25548245614035,1034.9780701754382,27.972380275011844,0
4416,4,0,0,40,0.0,0.0,1.0,40,1700,1400,300,0.8235294117647058,20,14,6,362.6863253838453,0.8026175213675214,0.2222998729351977,0.22834731046166873,134039.343836565,1722.8474145890982,135762.19125115412,4319,35,949.2,37,3,17,31.7291401948327,0.6587837837837838,41.118421052631575,1035.5263157894728,27.987197724039806,0
4417,4,0,0,40,0.0,0.0,1.0,40,1100,900,200,0.8181818181818182,13,9,4,362.79590790743043,0.8029647435897436,0.22474592420071993,0.22876970267647412,134096.12212411495,1729.9048745767748,135826.02699869173,4320,36,950.2,37,3,17,31.669489731103113,0.6593468468468469,41.06359649122806,1035.7456140350864,27.993124703650984,0
4418,4,0,0,40,0.0,0.0,1.0,40,1000,400,600,0.4,16,4,12,384.0554940557057,0.8012286324786325,0.2579001803330858,0.2386612486791785,133557.21381819405,2258.6763475300104,135815.89016572406,4321,37,951.2,37,3,19,31.65983787701991,0.6539977477477477,41.584429824561404,1033.6622807017545,27.936818397344716,2
4419,4,1,0,41,0.024390243902439025,0.0,1.0,41,1300,900,400,0.6923076923076923,17,9,8,378.49303645199313,0.8008638211382114,0.26160235596164005,0.237846791389093,133969.47937212363,1941.3030078895508,135910.78238001317,4322,0,928.9756097560976,38,3,17,31.389963880288956,0.65625,41.18589743589744,1035.2564102564106,27.24358974358975,0
4420,4,0,0,41,0.0,0.0,1.0,41,1250,1100,150,0.88,14,11,3,378.7428763211582,0.8009146341463415,0.2506167344383001,0.2396234284043647,134218.45465565412,1966.8567143326698,136185.3113699868,4323,1,929.9756097560976,38,3,18,31.13400866068667,0.6587171052631579,40.94551282051282,1036.2179487179483,27.268893387314428,0
4421,4,0,0,41,0.0,0.0,1.0,41,950,600,350,0.631578947368421,13,6,7,359.7301234077426,0.8005081300813008,0.2158236175439392,0.2148332412976966,132068.3478180474,1309.2147435897432,133377.56256163714,4324,2,930.9756097560976,38,3,14,33.78481966531544,0.6373355263157894,43.02884615384615,1027.8846153846157,27.04959514170041,6
4422,4,0,1,40,0.0,0.024390243902439025,0.975609756097561,41,1050,800,250,0.7619047619047619,13,8,5,362.6665764154489,0.7995426829268293,0.22341422874025163,0.21737412606320722,132205.65440317037,1389.3144130323544,133594.96881620272,4325,3,931.9756097560976,38,3,15,33.570970981369896,0.6387061403508772,42.89529914529914,1028.4188034188028,27.06365272154744,0
4423,4,0,0,40,0.0,0.0,1.0,40,1350,900,450,0.6666666666666666,18,9,9,370.29305097381285,0.79508547008547,0.2370601407549584,0.22175020638776594,132172.40521121878,1788.5046360418485,133960.90984726063,4326,4,955.05,37,3,15,33.408420416577805,0.6402027027027027,42.92763157894736,1028.28947368421,27.79160739687054,0
4424,4,0,1,39,0.0,0.025,0.975,40,1450,1300,150,0.896551724137931,16,13,3,368.05248970446485,0.7935630341880342,0.23549014384656441,0.22156334931856295,132369.7931695327,1743.8063875422963,134113.599557075,4327,5,956.05,37,3,16,33.26707068016338,0.6421734234234235,42.735745614035075,1029.0570175438577,27.812351825509666,0
4425,4,0,0,39,0.0,0.0,1.0,39,1200,800,400,0.6666666666666666,16,8,8,388.2935991233955,0.7936347278452542,0.1889055472263872,0.2257712097518221,131047.29940943349,2394.7864968066892,133442.0859062402,4328,44,981.4358974358975,37,2,14,34.084743342614395,0.6289414414414415,44.024122807017534,1023.9035087719284,27.673067804646713,8
4426,4,0,0,39,0.0,0.0,1.0,39,1250,900,350,0.72,16,9,7,387.63633843937123,0.7941970310391363,0.18910290722730516,0.22588340844430232,131131.51552641197,2366.2681065327806,133497.78363294475,4329,45,982.4358974358975,37,2,14,34.01614298968703,0.629786036036036,43.94188596491228,1024.232456140351,27.68195827406354,0
4427,4,0,0,39,0.0,0.0,1.0,39,1150,1000,150,0.8695652173913043,13,10,3,385.22897398353405,0.7941970310391363,0.13781938438668861,0.21055395043705566,128627.12762188223,2160.7146611241633,130787.8422830064,4330,46,983.4358974358975,34,5,15,36.629356882994955,0.6106004901960783,46.39880952380953,1014.4047619047631,29.8354341736695,6
4428,4,0,0,39,0.0,0.0,1.0,39,1050,500,550,0.47619047619047616,16,5,11,382.2351520009124,0.7939158794421952,0.13107362474451145,0.20961976534684154,128760.50407503838,2043.3581693672622,130803.86224440564,4331,47,984.4358974358975,35,4,16,36.568807731782414,0.6098214285714286,46.2673611111111,1014.9305555555538,28.998015873015824,0
4429,4,0,0,39,0.0,0.0,1.0,39,1150,1000,150,0.8695652173913043,13,10,3,378.4773175542403,0.7932973459289249,0.1270216962524653,0.20848326814428514,128936.76757812515,1959.9283854166822,130896.69596354183,4332,48,985.4358974358975,35,4,16,36.483974358974365,0.6116071428571428,46.09375000000001,1015.6250000000011,29.017857142857174,0
4430,4,1,1,39,0.025,0.025,0.975,40,1150,900,250,0.782608695652174,14,9,5,367.93535514079406,0.7978899572649573,0.11587486157253579,0.20433310313169592,129258.6399744341,1511.7647208019068,130770.40469523601,4333,0,961.775,36,4,16,36.42326504245108,0.6128472222222221,45.77702702702704,1016.8918918918936,28.246996996997044,0
4431,4,0,0,39,0.0,0.0,1.0,39,1050,900,150,0.8571428571428571,12,9,3,375.7451492550225,0.7926788124156545,0.12604185825180925,0.20821259595626915,129171.97312510731,1907.1484642918545,131079.12158939918,4334,50,987.4358974358975,35,4,16,36.313166533834305,0.6139880952380952,45.862268518518526,1016.5509259259271,29.044312169312203,0
4432,4,0,1,38,0.0,0.02564102564102564,0.9743589743589743,39,950,600,350,0.631578947368421,13,6,7,376.395062080323,0.7926788124156545,0.12196196897392086,0.2088838041930285,129230.80800165058,1928.3676000943306,131159.1756017449,4335,51,988.4358974358975,35,4,16,36.23660121419086,0.6145833333333333,45.80439814814816,1016.7824074074091,29.050925925925974,0
4433,4,1,2,37,0.02564102564102564,0.05128205128205128,0.9487179487179487,39,1400,1000,400,0.7142857142857143,18,10,8,372.0498031232845,0.7950404858299596,0.14114757910378328,0.2084308748352383,129602.41280131516,1843.7104334064168,131446.12323472157,4336,0,987.2051282051282,36,3,15,35.96825923468259,0.6163194444444443,45.43918918918921,1018.243243243246,28.28453453453461,0
4434,4,1,1,37,0.02631578947368421,0.02631578947368421,0.9736842105263158,38,750,600,150,0.8,9,6,3,382.4925382694704,0.7940670934091987,0.14128321257845067,0.21418121318628472,129584.09857521013,2312.9901566786807,131897.0887318888,4337,0,979.8157894736842,35,3,15,35.721102838088754,0.6181547619047618,45.45717592592593,1018.1712962962969,29.090608465608483,0
4435,4,0,0,37,0.0,0.0,1.0,37,700,500,200,0.7142857142857143,9,5,4,390.0536681404289,0.7844719719719719,0.14518964448772542,0.2176356889859263,129443.56575963732,2697.987528344685,132141.553287982,4338,54,1007.2972972972973,34,3,15,35.6720870379036,0.6188725490196078,45.5952380952381,1017.6190476190487,29.92997198879555,0
4436,4,0,0,37,0.0,0.0,1.0,37,1050,800,250,0.7619047619047619,13,8,5,388.3724906808934,0.7855980980980981,0.14891733839102317,0.21703168596873465,129504.14540816331,2659.1695011337993,132163.3149092971,4339,55,1008.2972972972973,34,3,15,35.65302144249515,0.619485294117647,45.53571428571429,1017.8571428571432,29.93697478991598,0
4437,4,1,1,37,0.02631578947368421,0.02631578947368421,0.9736842105263158,38,950,900,50,0.9473684210526315,10,9,1,379.3724768728441,0.7887031768610716,0.14181120527869773,0.21387669854944083,129849.38298396778,2252.2564086076823,132101.63939257545,4340,0,982.7368421052631,35,3,15,35.53022560375501,0.6208333333333333,45.19675925925926,1019.2129629629632,29.120370370370377,0
4438,4,0,0,37,0.0,0.0,1.0,37,850,400,450,0.47058823529411764,13,4,9,386.0385386414448,0.7853478478478478,0.1423838235805046,0.21689637394319403,129716.28578514747,2615.0970804988733,132331.38286564633,4341,57,1010.2972972972973,34,3,15,35.496036383467725,0.6216299019607843,45.327380952380956,1018.6904761904768,29.961484593837554,0
4439,4,1,0,38,0.02631578947368421,0.0,1.0,38,1150,900,250,0.782608695652174,14,9,5,376.3090268467229,0.7916963015647226,0.14114832535885125,0.21295175565487956,129996.88042534728,2183.7999131944493,132180.68033854172,4342,0,984.6842105263158,35,3,16,35.45816309159005,0.6223214285714285,45.052083333333336,1019.7916666666671,29.136904761904773,0
4440,4,0,0,38,0.0,0.0,1.0,38,950,600,350,0.631578947368421,13,6,7,378.49512043907515,0.7903923660502608,0.1414783413440006,0.21483802232263033,130114.93866008664,2249.573875814477,132364.51253590113,4343,1,985.6842105263158,35,3,16,35.28230761958782,0.6235119047619048,44.936342592592595,1020.2546296296301,29.15013227513229,0
4441,4,1,1,38,0.02564102564102564,0.02564102564102564,0.9743589743589743,39,950,800,150,0.8421052631578947,11,8,3,357.2100814641355,0.7997076023391814,0.1139317014203689,0.2041464869714719,130380.76560356624,1520.2944155092277,131901.06001907546,4344,0,961.3846153846154,35,4,17,35.55549259595044,0.6261904761904764,44.67592592592591,1021.296296296294,29.179894179894116,3
4442,4,0,0,38,0.0,0.0,1.0,38,1300,900,400,0.6923076923076923,17,9,8,363.30219896653495,0.7918741109530584,0.13185498711814536,0.20780885780885755,130414.54081632625,1875.9778911564267,132290.51870748267,4345,1,987.6315789473684,34,4,18,35.36567599067598,0.6286764705882355,44.642857142857125,1021.4285714285691,30.042016806722618,0
4443,4,0,0,38,0.0,0.0,1.0,38,850,600,250,0.7058823529411765,11,6,5,364.3542710990404,0.7912517780938834,0.13262139970688702,0.20890131655598246,130505.75573979563,1910.0659013605064,132415.82164115613,4346,2,988.6315789473684,34,4,13,35.24627169987184,0.6295955882352944,44.55357142857141,1021.785714285712,30.052521008403293,0
4444,4,0,0,38,0.0,0.0,1.0,38,1050,700,350,0.6666666666666666,14,7,7,365.3500650118257,0.7897700331910859,0.13495119438858105,0.2096366950575873,130536.1678004532,1938.279478458011,132474.44727891122,4347,3,989.6315789473684,34,4,13,35.18998524386454,0.6299019607843139,44.523809523809504,1021.9047619047594,30.056022408963514,0
4445,4,2,3,37,0.05,0.075,0.925,40,1300,1000,300,0.7692307692307693,16,10,6,347.3252804443622,0.8050747863247864,0.12098199935712017,0.20121581889430312,130906.99932912011,1093.4620508232863,132000.4613799434,4348,0,941.1,37,3,13,35.27525536626307,0.627533783783784,44.161184210526294,1023.3552631578916,27.65825035561869,0
4446,4,1,1,37,0.02631578947368421,0.02631578947368421,0.9736842105263158,38,1200,1000,200,0.8333333333333334,14,10,4,360.18625536573177,0.791429587482219,0.13085233736145296,0.20790110637929218,130765.21675936607,1819.966751328832,132585.18351069491,4349,0,991.5,35,3,14,35.08979763117195,0.630059523809524,44.2997685185185,1022.8009259259231,29.22288359788352,0
4447,4,0,0,37,0.0,0.0,1.0,37,1000,600,400,0.6,14,6,8,368.1216889986328,0.781468968968969,0.14139634395746192,0.21222585963075521,130718.71456916087,2224.0787981859257,132942.7933673468,4350,66,1019.2972972972973,34,3,15,34.93403181994568,0.6317401960784315,44.34523809523809,1022.6190476190466,30.0770308123249,0
4448,4,1,0,38,0.02631578947368421,0.0,1.0,38,900,700,200,0.7777777777777778,11,7,4,361.3502865547384,0.7922593646277857,0.14659614217547046,0.21002001543122303,131031.70680084013,1869.6689600480026,132901.37576088813,4351,0,993.4473684210526,35,3,16,34.79020649634486,0.6327380952380952,44.03935185185185,1023.842592592592,29.252645502645485,0
4449,4,0,0,38,0.0,0.0,1.0,38,300,100,200,0.3333333333333333,5,1,4,361.3502865547384,0.7922593646277857,0.14659614217547046,0.21002001543122303,131031.70680084013,1869.6689600480026,132901.37576088813,4352,1,994.4473684210526,35,3,16,34.79020649634486,0.6327380952380952,44.03935185185185,1023.842592592592,29.252645502645485,0
4450,4,1,1,38,0.02564102564102564,0.02564102564102564,0.9743589743589743,39,1350,600,750,0.4444444444444444,21,6,15,351.4338069469844,0.7979644624381467,0.13761801323607759,0.20568482810446967,131299.26960321798,1428.600433203465,132727.87003642146,4353,0,969.9230769230769,36,3,16,34.77365124711571,0.6333912037037037,43.77815315315315,1024.8873873873865,28.46909409409407,0
4451,4,0,0,38,0.0,0.0,1.0,38,1150,800,350,0.6956521739130435,15,8,7,355.3030208669185,0.7913406827880513,0.13381454087092992,0.20746321508667293,131209.51753257876,1723.827589163223,132933.345121742,4354,3,996.4473684210526,35,3,16,34.765213134508215,0.6345238095238095,43.86574074074073,1024.5370370370363,29.27248677248675,0
4452,4,0,0,38,0.0,0.0,1.0,38,1200,900,300,0.75,15,9,6,358.045081771123,0.7905701754385965,0.14105737368363225,0.20955423081665522,131299.269603218,1802.211544314576,133101.48114753258,4355,4,997.4473684210526,36,2,17,34.60425594257041,0.6333912037037037,43.77815315315315,1024.8873873873868,28.469094094094075,0
4453,4,0,0,38,0.0,0.0,1.0,38,1050,700,350,0.6666666666666666,14,7,7,357.85151550203227,0.7897107633949739,0.1390179558175184,0.20992375657728485,131387.4488275891,1803.4427065798216,133190.8915341689,4356,5,998.4473684210526,35,3,17,34.52011364491608,0.6363095238095238,43.692129629629626,1025.231481481481,29.29232804232803,0
4454,4,0,0,38,0.0,0.0,1.0,38,1400,1000,400,0.7142857142857143,18,10,8,360.8982507223145,0.7880808440018966,0.14896839254534444,0.2123692096879913,131506.13667052463,1892.0669367283892,133398.20360725303,4357,6,999.4473684210526,35,3,17,34.32210561949897,0.6375,43.576388888888886,1025.6944444444441,29.305555555555546,0
4455,4,0,0,38,0.0,0.0,1.0,38,800,600,200,0.75,10,6,4,359.06404358195715,0.7881401137980085,0.1454968649059467,0.2116185958983025,131565.50068587108,1848.0881344307284,133413.5888203018,4358,7,1000.4473684210526,35,3,15,34.30919073405536,0.638095238095238,43.51851851851852,1025.925925925926,29.312169312169317,0
4456,4,0,0,38,0.0,0.0,1.0,38,1250,800,450,0.64,17,8,9,359.06404358195715,0.7881401137980085,0.1454968649059467,0.2116185958983025,131565.50068587108,1848.0881344307284,133413.5888203018,4359,8,1001.4473684210526,35,3,15,34.30919073405536,0.638095238095238,43.51851851851852,1025.925925925926,29.312169312169317,0
4457,4,0,0,38,0.0,0.0,1.0,38,1050,800,250,0.7619047619047619,13,8,5,362.0149807617879,0.7870436225699383,0.14488908220965646,0.2077979728281607,130550.1420973336,1852.2214359629647,132402.36353329656,4360,9,1002.4473684210526,36,2,17,35.261019283746535,0.6258680555555557,44.51013513513512,1021.9594594594578,28.387762762762716,2
4458,4,0,0,38,0.0,0.0,1.0,38,850,600,250,0.7058823529411765,11,6,5,362.5686443146638,0.7869843527738265,0.14540220221148914,0.20842530617126018,130607.69120049082,1870.8507071260242,132478.54190761683,4361,10,1003.4473684210526,36,2,17,35.18852594469539,0.6264467592592593,44.45382882882882,1022.184684684683,28.394019019018973,0
4459,4,0,0,38,0.0,0.0,1.0,38,950,600,350,0.631578947368421,13,6,7,363.3298080365992,0.7870139876718825,0.14791108637423056,0.2090182507830319,130636.4705076696,1892.8247504260758,132529.29525809566,4362,11,1004.4473684210526,36,2,17,35.13989865609165,0.6267361111111112,44.42567567567566,1022.2972972972955,28.397147147147095,0
4460,4,1,0,39,0.02564102564102564,0.0,1.0,39,850,700,150,0.8235294117647058,10,7,3,353.8846741133252,0.7926225820962663,0.14663633266290854,0.20486673565915287,130878.94833025514,1463.2107956293914,132342.15912588453,4363,0,979.6666666666666,37,2,18,35.13582297471067,0.6272522522522523,44.188596491228054,1023.2456140350852,27.655286865813114,0
4461,4,1,1,39,0.025,0.025,0.975,40,1100,900,200,0.8181818181818182,13,9,4,346.6504146546467,0.8002670940170941,0.14928571428571447,0.20245904242010093,131218.6392815397,1097.3991434728352,132316.03842501255,4364,0,956.15,38,2,18,34.977624261383376,0.6288377192982457,43.856837606837594,1024.5726495726478,26.962438146648626,0
4462,4,0,0,39,0.0,0.0,1.0,39,900,700,200,0.7777777777777778,11,7,4,352.52547468773366,0.7904295996401259,0.1501357110904371,0.20572426670877506,131187.67463305983,1449.399454639849,132637.07408769967,4365,2,981.6666666666666,37,2,18,34.85842787826892,0.6303490990990992,43.88706140350875,1024.4517543859622,27.687885253674654,0
4463,4,0,0,39,0.0,0.0,1.0,39,750,500,250,0.6666666666666666,10,5,5,354.0185564912028,0.7887989203778678,0.1571490098290147,0.20720171869275314,131300.0289151468,1496.5293407586785,132796.5582559055,4366,3,982.6666666666666,37,2,18,34.70665721621911,0.6314752252252254,43.777412280701746,1024.8903508771916,27.69973921289707,0
4464,4,0,0,39,0.0,0.0,1.0,39,950,700,250,0.7368421052631579,12,7,5,355.4558609053734,0.7886864597390914,0.1562045797339917,0.20850139896268768,131384.3261869037,1540.2657548476504,132924.59194175134,4367,4,983.6666666666666,37,2,18,34.58467023172906,0.6323198198198199,43.69517543859649,1025.2192982456143,27.708629682313898,0
4465,4,0,0,39,0.0,0.0,1.0,39,1100,800,300,0.7272727272727273,14,8,6,356.4812659586519,0.7868870895186685,0.1660218361249286,0.2101466910375039,131574.63480029604,1580.7784763313803,133155.41327662743,4368,5,984.6666666666666,38,1,13,34.366213683223975,0.6324013157894736,43.509615384615394,1025.96153846154,26.99898785425105,0
4466,4,0,0,39,0.0,0.0,1.0,39,900,600,300,0.6666666666666666,12,6,6,354.9672772049304,0.787280701754386,0.1641666332972942,0.2095550520930153,131629.4461451714,1544.82921962891,133174.2753648003,4369,6,985.6666666666666,38,1,14,34.349731042859645,0.6329495614035088,43.456196581196586,1026.1752136752143,27.00461088618985,0
4467,4,0,0,39,0.0,0.0,1.0,39,950,900,50,0.9473684210526315,10,9,1,351.21279688097127,0.785987404408457,0.16526469403381272,0.20823603891567047,131793.94866544317,1457.5442645554965,133251.49292999867,4370,7,986.6666666666666,38,1,15,34.28016508861374,0.634594298245614,43.29594017094018,1026.8162393162402,27.02147998200632,0
4468,4,1,0,40,0.025,0.0,1.0,40,1100,800,300,0.7272727272727273,14,8,6,345.34431456847915,0.7919070512820513,0.16836946611285586,0.20672490776867575,132156.90239800364,1127.926974826409,133284.82937283005,4371,0,962.975,39,1,16,34.06538091378787,0.6364850427350428,42.94270833333334,1028.229166666668,26.364850427350465,0
4469,4,0,1,39,0.0,0.025,0.975,40,1000,600,400,0.6,14,6,8,331.49531661466045,0.791559829059829,0.14378800162140326,0.19801427266062144,132076.58420138876,756.7735460069355,132833.3577473957,4372,1,963.975,39,1,18,34.50209431157954,0.6356837606837608,43.02083333333333,1027.9166666666656,26.35683760683758,1
4470,4,1,1,39,0.025,0.025,0.975,40,1200,900,300,0.75,15,9,6,330.1172589150343,0.7895833333333333,0.14460486322188437,0.19747014215099315,132130.12695312488,723.6870659722078,132853.8140190971,4373,0,964.725,39,1,18,34.48370482944949,0.6362179487179489,42.96874999999999,1028.124999999999,26.362179487179464,0
4471,4,0,0,39,0.0,0.0,1.0,39,1000,800,200,0.8,12,8,4,337.79526677954914,0.786493477282951,0.15191681456491368,0.2018798793138394,132095.8034279345,1124.2674318795764,133220.0708598141,4374,3,990.4615384615385,38,1,18,34.32087057437816,0.6376096491228072,43.002136752136735,1027.9914529914502,27.052406657669742,0
4472,4,0,0,39,0.0,0.0,1.0,39,1300,1100,200,0.8461538461538461,15,11,4,339.3977731491201,0.786774628879892,0.15589168284712107,0.20357522505336925,132233.12428090058,1175.9255834976861,133409.04986439826,4375,4,991.4615384615385,38,1,18,34.141606938817915,0.6389802631578948,42.86858974358974,1028.5256410256397,27.066464237516836,0
4473,4,0,0,39,0.0,0.0,1.0,39,950,600,350,0.631578947368421,13,6,7,341.2078915859206,0.7874493927125507,0.15847794705631868,0.2049737918067245,132290.82031249988,1227.7343749999857,133518.55468749988,4376,5,992.4615384615385,39,0,18,34.0370595382746,0.637820512820513,42.81249999999999,1028.749999999999,26.378205128205106,0
4474,4,0,0,39,0.0,0.0,1.0,39,1000,700,300,0.7,13,7,6,341.6612824259165,0.7866059379217274,0.15865352168247537,0.205537767832107,132344.4064670137,1243.3919270833142,133587.79839409702,4377,6,993.4615384615385,39,0,18,33.97153607342918,0.6383547008547009,42.76041666666666,1028.9583333333317,26.383547008546966,0
4475,4,0,0,39,0.0,0.0,1.0,39,1200,700,500,0.5833333333333334,17,7,10,340.76939467947375,0.7866059379217274,0.16298141804214716,0.20529278167275597,132398.00347222213,1223.4592013888791,133621.462673611,4378,7,994.4615384615385,37,2,18,33.940620782726064,0.642454954954955,42.70833333333333,1029.1666666666658,27.815315315315292,0
4476,4,0,0,39,0.0,0.0,1.0,39,1450,1300,150,0.896551724137931,16,13,3,340.19030027891125,0.787280701754386,0.16054968996145536,0.20584396135520544,132562.98539201173,1219.3283612754701,133782.3137532872,4379,8,995.4615384615385,38,1,18,33.789812221184775,0.6422697368421053,42.54807692307692,1029.8076923076915,27.100202429149775,0
4477,4,0,0,39,0.0,0.0,1.0,39,1550,1200,350,0.7741935483870968,19,12,7,337.9947708181664,0.7871682411156096,0.15459584479802246,0.20541648169761903,132728.0700402695,1172.2787228796808,133900.34876314917,4380,9,996.4615384615385,38,1,17,33.68066355624676,0.6439144736842106,42.38782051282051,1030.4487179487173,27.117071524966246,0
4478,4,0,0,39,0.0,0.0,1.0,39,950,700,250,0.7368421052631579,12,7,5,338.90714338753986,0.7869995501574449,0.15545669090445213,0.2064252600633197,132810.65088757395,1202.0956607495048,134012.74654832346,4381,10,997.4615384615385,38,1,17,33.57431592039801,0.6447368421052632,42.30769230769231,1030.7692307692307,27.125506072874494,0
4479,4,0,0,39,0.0,0.0,1.0,39,1600,1400,200,0.875,18,14,4,337.47663621967683,0.7868308591992803,0.15574745607885632,0.20676868016098984,133030.99203740235,1178.9703411498342,134209.96237855218,4382,11,998.4615384615385,38,1,17,33.390292736813024,0.6469298245614035,42.0940170940171,1031.623931623932,27.147998200629793,0
4480,4,0,0,39,0.0,0.0,1.0,39,1100,900,200,0.8181818181818182,13,9,4,338.0963595965007,0.7863810166441746,0.1323291327557541,0.20216782318729537,132116.0357032933,1159.53478845663,133275.57049174994,4383,12,999.4615384615385,37,2,17,34.29278654721272,0.6396396396396395,42.98245614035088,1028.0701754385966,27.785680417259368,6
4481,4,0,0,39,0.0,0.0,1.0,39,750,500,250,0.6666666666666666,10,5,5,337.7834284612061,0.7858187134502924,0.13464135920949727,0.20228180026240059,132172.40521121898,1129.129636041877,133301.53484726086,4384,13,1000.4615384615385,37,2,17,34.24415298215681,0.6402027027027026,42.92763157894738,1028.2894736842118,27.79160739687059,0
4482,4,0,0,39,0.0,0.0,1.0,39,1600,1100,500,0.6875,21,11,10,337.4986655797207,0.7836257309941521,0.1382059269909739,0.20287841133162984,132315.55103550298,1131.2643819855393,133446.8154174885,4385,14,1001.4615384615385,38,1,17,34.107606438213914,0.6398026315789473,42.78846153846154,1028.846153846154,27.074898785425106,0
4483,4,0,0,39,0.0,0.0,1.0,39,1250,1100,150,0.88,14,11,3,337.41486157829473,0.7835695006747638,0.13237073639758212,0.20342410440818584,132426.2167806441,1136.54040299269,133562.7571836368,4386,15,1002.4615384615385,37,2,18,33.99859291218351,0.6427364864864864,42.68092105263158,1029.2763157894742,27.818278805120926,0
4484,4,1,1,39,0.025,0.025,0.975,40,1000,600,400,0.6,14,6,8,330.91366629617016,0.7856036324786325,0.12208108668602247,0.20096545325946275,132700.54879830533,782.48502447222,133483.03382277756,4387,0,978.375,38,2,13,33.89067468546939,0.6436403508771928,42.41452991452992,1030.3418803418813,27.114260008996876,0
4485,4,0,0,39,0.0,0.0,1.0,39,550,200,350,0.36363636363636365,9,2,7,336.44442735245184,0.7823886639676114,0.1258110922754807,0.2037538688666396,132595.5597515582,1122.207434018164,133717.76718557638,4388,17,1004.4615384615385,37,2,19,33.8535567266404,0.6444256756756757,42.516447368421055,1029.934210526316,27.83605974395449,0
4486,4,0,0,39,0.0,0.0,1.0,39,800,500,300,0.625,11,5,6,337.1413859409664,0.7816014394961763,0.12272758286595398,0.20448310657943056,132652.0314543898,1144.4979464835287,133796.52940087332,4389,18,1005.4615384615385,37,2,13,33.77893826503459,0.6449887387387387,42.46162280701754,1030.1535087719296,27.841986723565665,0
4487,4,0,0,39,0.0,0.0,1.0,39,1200,1000,200,0.8333333333333334,14,10,4,339.4082224442478,0.7805330634278003,0.1250651324063392,0.20647882736268505,132765.01092884352,1212.3072724299823,133977.3182012735,4390,19,1006.4615384615385,37,2,14,33.60718782139945,0.6461148648648649,42.35197368421053,1030.5921052631581,27.853840682788057,0
4488,4,0,0,39,0.0,0.0,1.0,39,1350,800,550,0.5925925925925926,19,8,11,338.6006604204139,0.7798582995951417,0.1201487976617508,0.20654212219070767,132865.71905361974,1197.6840437577669,134063.4030973775,4391,20,1007.4615384615385,38,1,14,33.52698618307427,0.6452850877192982,42.254273504273506,1030.9829059829065,27.13112910481333,0
4489,4,0,0,39,0.0,0.0,1.0,39,1150,1000,150,0.8695652173913043,13,10,3,339.6432219710512,0.7785087719298246,0.12413921310865872,0.20794263209451505,133003.43940618393,1234.7433386295688,134238.1827448135,4392,21,1008.4615384615385,38,1,14,33.36203176247195,0.6466557017543859,42.1207264957265,1031.5170940170951,27.1451866846604,0
4490,4,0,1,38,0.0,0.02564102564102564,0.9743589743589743,39,1050,700,350,0.6666666666666666,14,7,7,335.9002696630033,0.7790148448043185,0.12969382547602648,0.2121970628613772,134163.10683988954,1213.0847532690368,135376.19159315858,4393,22,1009.4615384615385,38,1,15,32.2990787528789,0.6581688596491229,40.99893162393162,1036.0042735042725,27.263270355375592,3
4491,4,0,0,38,0.0,0.0,1.0,38,1150,800,350,0.6956521739130435,15,8,7,341.4337440509547,0.7707444286391655,0.1419202781461384,0.21529927545429334,134096.12212411492,1556.988207910109,135653.11033202504,4394,43,1036.4473684210527,37,1,15,32.222633919119204,0.6593468468468469,41.06359649122806,1035.7456140350862,27.993124703650977,0
4492,4,0,0,38,0.0,0.0,1.0,38,1250,800,450,0.64,17,8,9,344.1336332301384,0.7705369843527738,0.1469634770596724,0.21750626758472075,134181.312098434,1635.260488804236,135816.57258723822,4395,44,1037.4473684210527,37,1,15,32.06765707129504,0.6601914414414415,40.9813596491228,1036.0745614035077,28.002015173067775,0
4493,4,0,0,38,0.0,0.0,1.0,38,1200,800,400,0.6666666666666666,16,8,8,342.5272468262813,0.7684329065908013,0.14838052397759816,0.2173323886909841,134323.35550361648,1601.881829024314,135925.2373326408,4396,45,1038.4473684210527,37,1,16,31.967509343487766,0.6615990990990992,40.844298245614034,1036.6228070175437,28.016832622095773,0
4494,4,0,0,38,0.0,0.0,1.0,38,850,600,250,0.7058823529411765,11,6,5,341.1373792334575,0.7669215267899478,0.14622696637967958,0.21695603197113694,134408.61761551624,1570.3607119498206,135978.97832746606,4397,46,1039.4473684210527,37,1,16,31.91848630643968,0.6624436936936937,40.76206140350877,1036.9517543859643,28.025723091512546,0
4495,4,0,0,38,0.0,0.0,1.0,38,1000,600,400,0.6,14,6,8,341.9972404761181,0.7662102892366051,0.14768168438857998,0.21784187863054555,134465.47405211214,1597.3642130270791,136062.83826513923,4398,47,1040.4473684210527,37,1,17,31.83949589456249,0.6630067567567568,40.70723684210526,1037.1710526315785,28.031650071123742,0
4496,4,0,0,38,0.0,0.0,1.0,38,900,700,200,0.7777777777777778,11,7,4,345.3304344501627,0.7645211000474158,0.14929518725498392,0.22099746869985024,134636.1154994804,1698.7896516235533,136334.90515110394,4399,48,1041.4473684210527,37,1,18,31.58291512590244,0.664695945945946,40.542763157894726,1037.8289473684194,28.04943100995728,0
4497,4,0,0,38,0.0,0.0,1.0,38,950,600,350,0.631578947368421,13,6,7,344.5550676655141,0.7630689900426743,0.1394674578638757,0.221669080924981,134828.03397116298,1691.1364736284606,136519.17044479144,4400,49,1042.4473684210527,38,0,14,31.411806055618417,0.6647478070175439,40.35790598290598,1038.5683760683762,27.33074673864148,0
4498,4,0,0,38,0.0,0.0,1.0,38,600,400,200,0.6666666666666666,8,4,4,344.7542991184554,0.7630986249407302,0.14272566831602762,0.2219669732469949,134855.7749379063,1698.4216341588094,136554.19657206512,4401,50,1043.4473684210527,38,0,15,31.379002948638824,0.6650219298245614,40.33119658119658,1038.6752136752134,27.333558254610878,0
4499,4,0,0,38,0.0,0.0,1.0,38,1150,900,250,0.782608695652174,14,9,5,341.44093681643665,0.7615279753437648,0.1364551481531593,0.22033929067948535,134939.01495954767,1614.7407361750134,136553.75569572268,4402,51,1044.4473684210527,38,0,15,31.382176520994,0.6658442982456141,40.25106837606837,1038.9957264957254,27.34199280251909,0
4500,4,0,0,38,0.0,0.0,1.0,38,850,500,350,0.5882352941176471,12,5,7,339.8350162478744,0.7611130867709816,0.13347275354006438,0.21963954837495522,134994.5225751516,1575.173154540145,136569.69572969177,4403,52,1045.4473684210527,38,0,15,31.368655974778104,0.6663925438596492,40.197649572649574,1039.209401709402,27.34761583445795,0
4501,4,0,0,38,0.0,0.0,1.0,38,1000,700,300,0.7,13,7,6,337.60515476927145,0.7599573257467994,0.12865857615679133,0.21903822441430337,135133.34155161073,1524.3425378040727,136657.6840894148,4404,53,1046.4473684210527,38,0,15,31.288532675709007,0.6677631578947368,40.06410256410256,1039.7435897435894,27.361673414304985,0
4502,4,1,0,39,0.02564102564102564,0.0,1.0,39,850,700,150,0.8235294117647058,10,7,3,316.885767831608,0.7652384165542061,0.10766797887015889,0.19463033489818612,133122.62505425356,636.933051215283,133759.55810546884,4405,0,1020.5897435897435,39,0,16,33.829720567948584,0.6461004273504274,42.005208333333336,1031.9791666666672,26.461004273504287,6
4503,4,0,0,39,0.0,0.0,1.0,39,400,300,100,0.75,5,3,2,316.885767831608,0.7652384165542061,0.10766797887015889,0.19463033489818612,133122.62505425356,636.933051215283,133759.55810546884,4406,1,1021.5897435897435,39,0,16,33.829720567948584,0.6461004273504274,42.005208333333336,1031.9791666666672,26.461004273504287,0
4504,4,0,0,39,0.0,0.0,1.0,39,750,600,150,0.8,9,6,3,313.6910295586615,0.7666441745389114,0.10660042950658499,0.19308559645505202,133203.26063368062,556.9335937500052,133760.19422743062,4407,2,1022.5897435897435,39,0,16,33.831567440296006,0.6469017094017094,41.927083333333336,1032.2916666666672,26.469017094017108,0
4505,4,0,0,39,0.0,0.0,1.0,39,750,600,150,0.8,9,6,3,313.9101087145575,0.7663067926225822,0.10078433807247378,0.19349981328225688,133257.03124999985,566.1458333333189,133823.17708333317,4408,3,1023.5897435897435,39,0,16,33.772195318805494,0.6474358974358976,41.87499999999999,1032.4999999999989,26.474358974358946,0
4506,4,0,0,39,0.0,0.0,1.0,39,1400,1000,400,0.7142857142857143,18,10,8,316.36424409630524,0.7664192532613585,0.10402206591338614,0.19600355635173322,133445.31385633667,643.4651692708237,134088.77902560748,4409,4,1024.5897435897436,39,0,17,33.52078922606447,0.6493055555555556,41.69270833333333,1033.2291666666656,26.49305555555553,0
4507,4,0,0,39,0.0,0.0,1.0,39,550,400,150,0.7272727272727273,7,4,3,317.40712316748966,0.7656320287899235,0.10276052610494757,0.19693533889585127,133499.1333007811,674.7151692708192,134173.84847005192,4410,5,1025.5897435897436,39,0,17,33.44011440378994,0.6498397435897437,41.64062499999999,1033.4374999999989,26.498397435897406,0
4508,4,0,0,39,0.0,0.0,1.0,39,1000,800,200,0.8,12,8,4,317.77015190498173,0.7647323436797121,0.1087237362932647,0.19759091400407508,133579.8828125,689.5399305555557,134269.42274305556,4411,6,1026.5897435897436,39,0,18,33.35012763670562,0.6506410256410258,41.5625,1033.75,26.506410256410255,0
4509,4,0,0,39,0.0,0.0,1.0,39,850,600,250,0.7058823529411765,11,6,5,316.7588998561261,0.7630454340980657,0.10889751596913899,0.19739269296119047,133660.65673828125,667.6405164930561,134328.2972547743,4412,7,1027.5897435897436,39,0,18,33.295662502938114,0.6514423076923077,41.484375,1034.0625,26.514423076923077,0
4510,4,0,0,39,0.0,0.0,1.0,39,1100,900,200,0.8181818181818182,13,9,4,320.1629051349488,0.7624269005847953,0.11071263513112273,0.20009677853336533,133768.39328342007,765.5354817708245,134533.92876519088,4413,8,1028.5897435897436,39,0,12,33.100161950793805,0.6525106837606838,41.38020833333333,1034.479166666666,26.52510683760682,0
4511,4,0,0,39,0.0,0.0,1.0,39,650,400,250,0.6153846153846154,9,4,5,318.80257356954405,0.7624831309041835,0.11173415120253649,0.19939213858266444,133795.33420138882,730.8593749999965,134526.19357638882,4414,9,1029.5897435897436,39,0,12,33.10847093569606,0.6527777777777778,41.354166666666664,1034.5833333333328,26.527777777777764,0
4512,4,0,0,39,0.0,0.0,1.0,39,950,500,450,0.5263157894736842,14,5,9,317.49736153572877,0.7637201979307243,0.10095379660597015,0.19915743587241164,133903.12500000003,702.777777777779,134605.9027777778,4415,10,1030.5897435897436,39,0,12,33.03475577026301,0.6538461538461539,41.25,1035.0000000000002,26.538461538461544,0
4513,4,0,0,39,0.0,0.0,1.0,39,900,700,200,0.7777777777777778,11,7,4,317.8093483641905,0.7632703553756186,0.09720835558444985,0.19979172127714673,133983.99658203125,716.2733289930558,134700.2699110243,4416,11,1031.5897435897436,39,0,13,32.94607522554249,0.6546474358974359,41.171875,1035.3125,26.546474358974358,0
4514,4,0,0,39,0.0,0.0,1.0,39,700,400,300,0.5714285714285714,10,4,6,318.83910262177494,0.7642825011246064,0.09223650306036424,0.2007333451021572,134037.92453342007,747.3063151041623,134785.23084852422,4417,12,1032.5897435897436,39,0,13,32.865678335512854,0.6551816239316239,41.119791666666664,1035.5208333333328,26.551816239316224,0
4515,4,0,0,39,0.0,0.0,1.0,39,1200,600,600,0.5,18,6,12,318.8552625159848,0.764451192082771,0.09549960681182412,0.2013343229029504,134145.81298828125,754.6196831597229,134900.43267144097,4418,13,1033.5897435897436,39,0,13,32.757771912183664,0.65625,41.015625,1035.9375,26.5625,0
4516,4,0,0,39,0.0,0.0,1.0,39,1100,1000,100,0.9090909090909091,12,10,2,318.941972321209,0.7637764282501125,0.09217160001237246,0.20183427103380325,134226.7578125,762.1093750000005,134988.8671875,4419,14,1034.5897435897436,39,0,13,32.67490952955369,0.657051282051282,40.9375,1036.25,26.57051282051282,0
4517,4,0,0,39,0.0,0.0,1.0,39,1250,1000,250,0.8,15,10,5,320.0184034490958,0.76417004048583,0.09502019952180718,0.2031137213727935,134334.7222222223,797.9166666666721,135132.638888889,4420,15,1035.5897435897436,39,0,14,32.53952304394426,0.6581196581196581,40.833333333333336,1036.6666666666672,26.581196581196593,0
4518,4,0,0,39,0.0,0.0,1.0,39,900,700,200,0.7777777777777778,11,7,4,322.6277331180298,0.7628205128205129,0.1030070328051651,0.20552810867922094,134469.73876953122,876.7333984375005,135346.47216796872,4421,16,1036.5897435897436,39,0,14,32.3374887014161,0.6594551282051282,40.703125,1037.1874999999998,26.594551282051277,0
4519,4,0,1,38,0.0,0.02564102564102564,0.9743589743589743,39,1050,800,250,0.7619047619047619,13,8,5,323.6766071750691,0.7624269005847953,0.0994848108012083,0.20650194304013522,134523.76437717007,908.4391276041614,135432.20350477422,4422,17,1037.5897435897436,39,0,14,32.256522575894486,0.6599893162393162,40.651041666666664,1037.3958333333328,26.599893162393148,0
4520,4,0,0,38,0.0,0.0,1.0,38,900,600,300,0.6666666666666666,12,6,6,327.30514713184954,0.763809862494073,0.10212412985492136,0.20849595592887102,134467.66107823802,1202.391518737671,135670.0525969757,4423,18,1051.8684210526317,38,0,14,32.218273588792755,0.6611842105263158,40.705128205128204,1037.179487179487,27.294197031039133,0
4521,4,0,0,38,0.0,0.0,1.0,38,1000,600,400,0.6,14,6,8,326.2850599183886,0.7631282598387862,0.10050729232720368,0.20832046133250953,134550.78124999997,1180.3819444444441,135731.1631944444,4424,19,1052.8684210526317,38,0,16,32.161981258366815,0.6620065789473684,40.625,1037.4999999999998,27.302631578947363,0
4522,4,0,0,38,0.0,0.0,1.0,38,850,700,150,0.8235294117647058,10,7,3,327.70892727870404,0.7625948316737791,0.1076495923287375,0.2098676485506005,134661.64809564245,1225.9648486010628,135887.6129442435,4425,20,1053.8684210526317,38,0,17,32.01471092811802,0.6631030701754386,40.51816239316239,1037.9273504273501,27.313877642825002,0
4523,4,0,0,38,0.0,0.0,1.0,38,800,600,200,0.75,10,6,4,327.15624445544654,0.7625059269796112,0.10476489639410302,0.20999368451902434,134744.8281923442,1216.5223902403377,135961.35058258454,4426,21,1054.8684210526317,38,0,17,31.946302394182624,0.6639254385964912,40.43803418803419,1038.247863247863,27.32231219073324,0
4524,4,0,1,37,0.0,0.02631578947368421,0.9736842105263158,38,1450,1200,250,0.8275862068965517,17,12,5,326.20607702561153,0.7614687055476529,0.09998159167077225,0.20986428026247322,134828.03397116298,1196.344806961794,136024.37877812478,4427,22,1055.8684210526317,38,0,12,31.88822309090285,0.6647478070175439,40.35790598290598,1038.5683760683762,27.33074673864148,0
4525,4,0,0,37,0.0,0.0,1.0,37,800,500,300,0.625,11,5,6,335.1413967389307,0.7598223223223223,0.10952352415767086,0.21548704470566293,134806.86515322034,1635.8722154893992,136442.73736870973,4428,23,1081.3513513513512,37,0,12,31.67729120473024,0.6663851351351351,40.37828947368422,1038.486842105264,28.06721194879092,0
4526,4,0,0,37,0.0,0.0,1.0,37,500,300,200,0.6,7,3,4,335.2929972836012,0.7599474474474475,0.11254793644996375,0.21575375477379574,134835.3339489075,1641.8686518929098,136477.2026008004,4429,24,1082.3513513513512,37,0,13,31.64502393018018,0.6666666666666665,40.350877192982466,1038.5964912280713,28.07017543859652,0
4527,4,0,0,37,0.0,0.0,1.0,37,1150,900,250,0.782608695652174,14,9,5,333.63936070894596,0.7606356356356356,0.10948884286439697,0.21502716349364326,134892.2805574793,1601.0748499538413,136493.35540743315,4430,25,1083.3513513513512,37,0,14,31.631306734219972,0.6672297297297296,40.29605263157895,1038.8157894736848,28.0761024182077,0
4528,4,0,0,37,0.0,0.0,1.0,37,1150,800,350,0.6956521739130435,15,8,7,334.3118830126359,0.7603228228228228,0.11032114735818443,0.21596957841245762,134977.72301333115,1624.9313490689601,136602.65436240012,4431,26,1084.3513513513512,37,0,14,31.52885494706481,0.6680743243243242,40.21381578947369,1039.1447368421063,28.084992887624495,0
4529,4,0,0,37,0.0,0.0,1.0,37,800,600,200,0.75,10,6,4,330.546034869919,0.7612612612612613,0.09964826670163074,0.2143801301393008,135120.18722106828,1532.6884233610606,136652.87564442932,4432,27,1085.3513513513512,37,0,15,31.48509456514096,0.6694819819819818,40.076754385964925,1039.6929824561423,28.099810336652496,0
4530,4,0,0,37,0.0,0.0,1.0,37,850,600,250,0.7058823529411765,11,6,5,329.7270695427036,0.7599474474474475,0.10589693541723033,0.21435649449023622,135205.7018145008,1516.1959689520036,136721.8977834528,4433,28,1086.3513513513512,37,0,15,31.42143296432964,0.6703265765765765,39.99451754385966,1040.021929824563,28.10870080606927,0
4531,4,0,0,37,0.0,0.0,1.0,37,750,400,350,0.5333333333333333,11,4,7,341.41034020659015,0.7599474474474475,0.1166237076577532,0.21729872124319832,134437.04433094786,1779.6394082794623,136216.68373922733,4434,29,1087.3513513513512,37,0,16,31.883061958130686,0.6627252252252254,40.734649122807014,1037.061403508771,28.028686581318137,1
4532,4,0,0,37,0.0,0.0,1.0,37,1300,1000,300,0.7692307692307693,16,10,6,340.88562617125217,0.7596971971971972,0.12049466229785488,0.21747261693905698,134522.34251163813,1771.346592220681,136293.6891038588,4435,30,1088.3513513513512,37,0,18,31.81162579713209,0.6635698198198199,40.65241228070175,1037.3903508771925,28.03757705073493,0
4533,4,0,0,37,0.0,0.0,1.0,37,750,600,150,0.8,9,6,3,340.4783793809779,0.7604479479479479,0.11874525127537194,0.2173823499124704,134550.78124999997,1762.3293946214217,136313.1106446214,4436,31,1089.3513513513512,36,1,18,31.793842034805905,0.6657986111111112,40.625,1037.4999999999998,28.81944444444444,0
4534,4,0,0,37,0.0,0.0,1.0,37,900,500,400,0.5555555555555556,13,5,8,341.8012808146016,0.7584459459459459,0.11927654335463433,0.21945736832246726,134755.32119957806,1811.908276519772,136567.22947609783,4437,32,1090.3513513513512,36,1,18,31.555721258134483,0.6678240740740741,40.42792792792793,1038.288288288289,28.841341341341362,0
4535,4,0,0,37,0.0,0.0,1.0,37,950,800,150,0.8421052631578947,11,8,3,343.93770735129766,0.7580705705705706,0.117662229568541,0.22118504443470496,134813.78971877292,1873.5091510429484,136687.2988698159,4438,33,1091.3513513513512,36,1,15,31.442022699342168,0.6684027777777777,40.37162162162163,1038.5135135135142,28.847597597597616,0
4536,4,0,0,37,0.0,0.0,1.0,37,800,500,300,0.625,11,5,6,343.14026007045237,0.7576951951951952,0.11279623074939638,0.22102833511800649,134872.27091956823,1856.0212239266332,136728.29214349485,4439,34,1092.3513513513512,36,1,16,31.404488291413706,0.6689814814814814,40.31531531531532,1038.738738738739,28.85385385385386,0
4537,4,0,0,37,0.0,0.0,1.0,37,550,500,50,0.9090909090909091,6,5,1,343.53272963623954,0.7567567567567568,0.11578407675968672,0.22145977853908524,134901.51627556607,1868.6172236425602,136770.13349920863,4440,35,1093.3513513513512,36,1,16,31.365176151761517,0.6692708333333334,40.28716216216216,1038.8513513513512,28.856981981981978,0
4538,4,0,0,37,0.0,0.0,1.0,37,650,300,350,0.46153846153846156,10,3,7,345.74651890887606,0.7567567567567568,0.11555773311807016,0.21120752992985833,132920.05423920538,1791.3292092768465,134711.38344848223,4441,36,1094.3513513513512,36,1,16,33.28828582869208,0.6495949074074074,42.20157657657658,1031.1936936936934,28.64426926926926,7
4539,4,0,0,37,0.0,0.0,1.0,37,800,600,200,0.75,10,6,4,344.81718269574185,0.7566941941941941,0.1192953678490194,0.21129566626593244,133036.2050183629,1774.6338821929999,134810.83890055591,4442,37,1095.3513513513512,36,1,17,33.19574828075536,0.6507523148148149,42.08896396396396,1031.6441441441439,28.656781781781774,0
4540,4,0,0,37,0.0,0.0,1.0,37,500,400,100,0.8,6,4,2,344.75971201145575,0.7554429429429429,0.1195866315901235,0.2117545576992616,133123.35139193258,1779.113657576506,134902.46504950908,4443,38,1096.3513513513512,36,1,17,33.109859231776525,0.6516203703703705,42.00450450450451,1031.9819819819827,28.666166166166185,0
4541,4,0,0,37,0.0,0.0,1.0,37,750,400,350,0.5333333333333333,11,4,7,343.9692050905796,0.7547547547547547,0.11835048750070021,0.21176398274448255,133210.52629910322,1764.0637681600624,134974.59006726329,4444,39,1097.3513513513512,36,1,18,33.04288934947821,0.6524884259259258,41.92004504504505,1032.3198198198204,28.675550550550568,0
4542,4,0,0,37,0.0,0.0,1.0,37,1200,800,400,0.6666666666666666,16,8,8,346.05194154886664,0.7551301301301301,0.11893306148184557,0.21404817665729994,133384.96171424826,1831.624994927384,135216.58670917564,4445,40,1098.3513513513512,36,1,19,32.814373705439884,0.654224537037037,41.75112612612614,1032.9954954954972,28.694319319319366,0
4543,4,0,0,37,0.0,0.0,1.0,37,550,300,250,0.5454545454545454,8,3,5,344.22238682017525,0.7541291291291291,0.11939366630442083,0.213585452592884,133501.3153990142,1790.82828605636,135292.14368507054,4446,41,1099.3513513513512,36,1,19,32.74513275943481,0.6553819444444443,41.63851351351353,1033.4459459459486,28.706831831831906,0
4544,4,0,0,37,0.0,0.0,1.0,37,850,700,150,0.8235294117647058,10,7,3,343.4178797669641,0.7546296296296297,0.11607663449023242,0.21325367391753725,133530.4117462059,1771.3461772583678,135301.75792346426,4447,42,1100.3513513513512,36,1,19,32.73679814048087,0.6556712962962962,41.610360360360374,1033.5585585585604,28.709959959960013,0
4545,4,0,0,37,0.0,0.0,1.0,37,400,200,200,0.5,6,2,4,341.95475561819006,0.7553803803803804,0.11690020993866712,0.21251203126739146,133559.51126379782,1734.2620069393952,135293.7732707372,4448,43,1101.3513513513512,36,1,19,32.74548788902204,0.6559606481481481,41.58220720720722,1033.671171171173,28.71308808808814,0
4546,4,0,0,37,0.0,0.0,1.0,37,950,500,450,0.5263157894736842,14,5,9,342.4326351213444,0.7558183183183184,0.11510922687393266,0.21297639501449492,133588.6139517898,1749.0202195438872,135337.6341713337,4449,44,1102.3513513513512,36,1,19,32.70402142338417,0.65625,41.55405405405406,1033.783783783785,28.716216216216253,0
4547,4,0,0,37,0.0,0.0,1.0,37,750,500,250,0.6666666666666666,10,5,5,344.3591166753442,0.7543793793793794,0.12183789668819633,0.21501961160183825,133734.174947752,1810.516470862778,135544.6914186148,4450,45,1103.3513513513512,36,1,15,32.50861912538559,0.6576967592592592,41.4132882882883,1034.3468468468484,28.7318568568569,0
4548,4,0,0,37,0.0,0.0,1.0,37,1100,700,400,0.6363636363636364,15,7,8,344.95079705902475,0.7542542542542543,0.1232159455929589,0.21589972230097548,133821.54959013074,1832.370038957885,135653.91962908863,4451,46,1104.3513513513512,36,1,15,32.405946161660125,0.6585648148148149,41.32882882882883,1034.6846846846852,28.741241241241255,0
4549,4,0,0,37,0.0,0.0,1.0,37,1200,900,300,0.75,15,9,6,344.43527465748457,0.7541291291291291,0.12159515336881976,0.21591815648719537,133879.81520371724,1822.586184157128,135702.40138787436,4452,47,1105.3513513513512,36,1,15,32.3610355458832,0.6591435185185186,41.27252252252252,1034.90990990991,28.747497497497502,0
4550,4,0,0,37,0.0,0.0,1.0,37,1150,600,550,0.5217391304347826,17,6,11,345.241046583946,0.7536286286286287,0.11813815120319382,0.21710986198993168,133996.38447569197,1852.2104029705456,135848.59487866252,4453,48,1106.3513513513512,36,1,15,32.22368754985136,0.6603009259259258,41.15990990990991,1035.3603603603608,28.76001001001002,0
4551,4,0,0,37,0.0,0.0,1.0,37,1300,1000,300,0.7692307692307693,16,10,6,347.5320510212944,0.7532532532532532,0.1191293511867677,0.21889758501313866,134054.6881340801,1917.6601432513714,135972.34827733148,4454,49,1107.3513513513512,36,1,16,32.106124039437454,0.6608796296296295,41.10360360360361,1035.5855855855862,28.766266266266282,0
4552,4,0,0,37,0.0,0.0,1.0,37,1150,900,250,0.782608695652174,14,9,5,346.46354825435475,0.7510635635635635,0.11975784065774309,0.21909354690641353,134200.50276205258,1899.1164728918116,136099.6192349444,4455,50,1108.3513513513512,36,1,17,31.988144404593708,0.6623263888888888,40.96283783783784,1036.1486486486485,28.781906906906904,0
4553,4,0,0,37,0.0,0.0,1.0,37,850,600,250,0.7058823529411765,11,6,5,345.39202801896397,0.7505005005005005,0.12270381867252467,0.21876413171772374,134258.85080604255,1874.3873518789123,136133.23815792147,4456,51,1109.3513513513512,36,1,17,31.957649679452366,0.6629050925925926,40.906531531531535,1036.3738738738741,28.78816316316317,0
4554,4,0,0,37,0.0,0.0,1.0,37,1150,1000,150,0.8695652173913043,13,10,3,346.14217205915025,0.7503128128128128,0.12494788944930146,0.2197644714466578,134346.39665002847,1900.5907089522016,136246.98735898067,4457,52,1110.3513513513512,36,1,18,31.850830979795784,0.6637731481481481,40.822072072072075,1036.711711711712,28.797547547547556,0
4555,4,0,0,37,0.0,0.0,1.0,37,750,500,250,0.6666666666666666,10,5,5,344.8734761059225,0.7493743743743744,0.12306410004314228,0.21948443963092204,134433.9710276155,1872.5421790033329,136306.51320661884,4458,53,1111.3513513513512,36,1,18,31.79634053643176,0.6646412037037037,40.737612612612615,1037.04954954955,28.806931931931942,0
4556,4,0,0,37,0.0,0.0,1.0,37,900,400,500,0.4444444444444444,14,4,10,343.6610517502186,0.7498123123123123,0.12014424586349448,0.2190631105654854,134492.36979800754,1843.957851432524,136336.32764944006,4459,54,1112.3513513513512,36,1,18,31.76953280497957,0.6652199074074073,40.68130630630631,1037.2747747747753,28.813188188188203,0
4557,4,0,0,37,0.0,0.0,1.0,37,1200,1000,200,0.8333333333333334,14,10,4,344.87260929398474,0.7498123123123123,0.1265855590798377,0.21398890706496954,133501.31539901387,1808.1893971674292,135309.5047961813,4460,55,1113.3513513513512,36,1,18,32.72833351494677,0.6553819444444444,41.63851351351351,1033.4459459459458,28.706831831831828,1
4558,4,0,0,37,0.0,0.0,1.0,37,1050,800,250,0.7619047619047619,13,8,5,343.0609360780591,0.746433933933934,0.1248863452456268,0.2142090209297739,133734.1749477519,1775.7942486405418,135509.96919639243,4461,56,1114.3513513513512,36,1,16,32.542188350571585,0.6576967592592593,41.41328828828829,1034.3468468468475,28.731856856856876,0
4559,4,0,0,37,0.0,0.0,1.0,37,850,700,150,0.8235294117647058,10,7,3,342.83491349329915,0.7462462462462462,0.1274501150399261,0.21423683777887384,133763.29665814462,1771.745647674706,135535.04230581934,4462,57,1115.3513513513512,36,1,16,32.51891465273243,0.6579861111111112,41.38513513513514,1034.4594594594596,28.73498498498499,0
4560,4,0,0,37,0.0,0.0,1.0,37,850,600,250,0.7058823529411765,11,6,5,345.3460095162917,0.7468093093093093,0.1283908786357364,0.2163179605620454,133850.68081172396,1844.959697873553,135695.64050959752,4463,58,1116.3513513513512,36,1,17,32.36659774367902,0.6588541666666666,41.30067567567568,1034.7972972972977,28.74436936936938,0
4561,4,0,0,37,0.0,0.0,1.0,37,1350,800,550,0.5925925925925926,19,8,11,348.5014667350018,0.7443068068068068,0.12103829392075549,0.21968252156009685,134083.84471887437,1945.683309999196,136029.52802887358,4464,59,1117.3513513513512,36,1,17,32.05189192127867,0.6611689814814814,41.075450450450454,1035.698198198199,28.769394394394414,0
4562,4,0,0,37,0.0,0.0,1.0,37,700,500,200,0.7142857142857143,9,5,4,349.13784116261127,0.7446196196196196,0.12012012012012008,0.22025856399270916,134113.00447406867,1964.784970781595,136077.78944485026,4465,60,1118.3513513513512,36,1,17,32.006278538812786,0.6614583333333334,41.0472972972973,1035.8108108108108,28.77252252252252,0
4563,4,0,0,37,0.0,0.0,1.0,37,1000,800,200,0.8,12,8,4,350.3445570629191,0.7436186186186187,0.12453992956112336,0.22154778484782964,134200.5027620527,2003.2831395584933,136203.78590161118,4466,61,1119.3513513513512,36,1,18,31.88761185378402,0.6623263888888888,40.962837837837846,1036.1486486486497,28.781906906906936,0
4564,4,0,0,37,0.0,0.0,1.0,37,750,700,50,0.9333333333333333,8,7,1,349.20643689675563,0.7427427427427428,0.12634929584082122,0.22135647694199326,134288.02958363784,1978.8488657576659,136266.8784493955,4467,62,1120.3513513513512,36,1,18,31.829684557438792,0.6631944444444444,40.878378378378386,1036.4864864864876,28.791291291291323,0
4565,4,0,0,37,0.0,0.0,1.0,37,1100,700,400,0.6363636363636364,15,7,8,349.7163120475382,0.7423048048048048,0.12849357121265048,0.2225665181510562,134433.97102761563,2002.7505123366811,136436.7215399523,4468,63,1121.3513513513512,36,1,19,31.670784015636883,0.6646412037037036,40.73761261261262,1037.0495495495509,28.80693193193197,0
4566,4,0,0,37,0.0,0.0,1.0,37,900,300,600,0.3333333333333333,15,3,12,348.0427933962175,0.7402402402402403,0.12378683503303556,0.2220339482524902,134521.57393880386,1963.852873143433,136485.42681194728,4469,64,1122.3513513513512,36,1,20,31.6267730496454,0.6655092592592592,40.65315315315316,1037.3873873873888,28.816316316316357,0
4567,4,0,0,37,0.0,0.0,1.0,37,1050,600,450,0.5714285714285714,15,6,9,348.05344946590463,0.7391141141141141,0.12836664789789776,0.22275420765817905,134638.42220598992,1972.273455888335,136610.69566187824,4470,65,1123.3513513513512,36,1,20,31.50996455439815,0.6666666666666665,40.54054054054055,1037.8378378378388,28.828828828828858,0
4568,4,1,1,37,0.02631578947368421,0.02631578947368421,0.9736842105263158,38,500,300,200,0.6,7,3,4,341.807366977395,0.7437766714082503,0.1304013331481737,0.22046458829889834,134920.75837036394,1623.3818338334847,136544.14020419744,4471,0,1094.7631578947369,37,1,16,31.390831134564646,0.6675112612612613,40.26864035087719,1038.9254385964912,28.079065908013273,0
4569,4,0,0,37,0.0,0.0,1.0,37,550,400,150,0.7272727272727273,7,4,3,345.78488700876153,0.7412412412412412,0.12308503625576783,0.2229116409962144,134901.51627556622,1929.381112531464,136830.89738809768,4472,1,1069.7027027027027,36,1,16,31.306684733513997,0.6692708333333333,40.28716216216217,1038.8513513513524,28.85698198198201,0
4570,4,0,0,37,0.0,0.0,1.0,37,1050,700,350,0.6666666666666666,14,7,7,345.2551459415739,0.7411786786786787,0.1255774035659154,0.22292996722203698,134960.01649876256,1919.1280385115165,136879.1445372741,4473,2,1070.7027027027027,36,1,16,31.262192478595434,0.6698495370370369,40.23085585585587,1039.0765765765786,28.863238238238296,0
4571,4,0,0,37,0.0,0.0,1.0,37,1050,800,250,0.7619047619047619,13,8,5,342.4660975269062,0.7403028028028028,0.1280138209715671,0.22166634503319435,135047.7906115578,1849.8579660742143,136897.64857763203,4474,3,1071.7027027027027,36,1,16,31.247291440953422,0.6707175925925924,40.14639639639641,1039.4144144144168,28.87262262262269,0
4572,4,0,0,37,0.0,0.0,1.0,37,850,500,350,0.5882352941176471,12,5,7,341.51936617935235,0.7401776776776777,0.12839228568835326,0.22123265047028817,135077.0549899564,1826.2860411087036,136903.34103106512,4475,4,1072.7027027027027,36,1,16,31.242777958328833,0.6710069444444443,40.118243243243256,1039.5270270270287,28.875750750750797,0
4573,4,0,0,37,0.0,0.0,1.0,37,700,400,300,0.5714285714285714,10,4,6,343.1333384298183,0.7404904904904905,0.12741605463364336,0.2226387992777596,135135.59325795423,1873.905451059199,137009.49870901342,4476,5,1073.7027027027027,36,1,16,31.142595400555972,0.671585648148148,40.06193693693695,1039.7522522522547,28.882007007007076,0
4574,4,0,0,37,0.0,0.0,1.0,37,900,700,200,0.7777777777777778,11,7,4,342.114601927682,0.7384259259259259,0.12790139641590526,0.22251904671859676,135223.4244379516,1852.3816045775677,137075.80604252915,4477,6,1074.7027027027027,36,1,17,31.081727298975025,0.6724537037037036,39.977477477477485,1040.090090090091,28.89139139139142,0
4575,4,0,0,37,0.0,0.0,1.0,37,1150,800,350,0.6956521739130435,15,8,7,342.3000337597196,0.7382382382382382,0.13120058038339244,0.2231834870787616,135311.28415155032,1863.4114266293482,137174.69557817967,4478,7,1075.7027027027027,36,1,17,30.989555146660894,0.6733217592592592,39.893018018018026,1040.427927927929,28.900775775775806,0
4576,4,0,0,37,0.0,0.0,1.0,37,700,500,200,0.7142857142857143,9,5,4,346.012716906763,0.7370495495495496,0.13303813498597594,0.22597197999543447,135369.87314595006,1967.939518910809,137337.81266486086,4479,8,1076.7027027027027,36,1,17,30.834731089708903,0.6739004629629629,39.836711711711715,1040.6531531531534,28.90703203203204,0
4577,4,0,0,37,0.0,0.0,1.0,37,750,400,350,0.5333333333333333,11,4,7,346.7027204753813,0.7366741741741741,0.12811231828973058,0.22697733343303306,135457.78041555075,1992.7161959256612,137450.4966114764,4480,9,1077.7027027027027,36,1,17,30.72939203807874,0.6747685185185185,39.752252252252255,1040.9909909909916,28.916416416416432,0
4578,4,0,0,37,0.0,0.0,1.0,37,800,500,300,0.625,11,5,6,346.27402998887595,0.7368618618618619,0.12437986932308176,0.22688188570142886,135487.08917955132,1983.132076333105,137470.22125588442,4481,10,1078.7027027027027,36,1,17,30.711420587705067,0.6750578703703705,39.72409909909911,1041.1036036036048,28.91954454454458,0
4579,4,0,0,37,0.0,0.0,1.0,37,950,800,150,0.8421052631578947,11,8,3,369.46774031875475,0.738551051051051,0.09932822996406854,0.2234892275354703,132551.19756235814,2414.5440151955463,134965.74157755368,4482,11,1079.7027027027027,34,3,18,33.04792870905588,0.6501225490196079,42.5595238095238,1029.7619047619037,30.287114845938344,7
4580,4,0,0,37,0.0,0.0,1.0,37,900,600,300,0.6666666666666666,12,6,6,368.47716554263536,0.7381131131131131,0.1020673973407129,0.2234360836328258,132643.15653344677,2375.1948696145128,135018.3514030613,4483,12,1080.7027027027027,34,3,15,32.98085442428444,0.6510416666666667,42.470238095238095,1030.119047619048,30.297619047619058,0
4581,4,0,1,36,0.0,0.02702702702702703,0.972972972972973,37,1000,700,300,0.7,13,7,6,364.90396778546113,0.7387387387387387,0.10358897858897831,0.2161354270729271,131755.55555555562,2215.6250000000055,133971.18055555562,4484,13,1081.7027027027027,34,3,16,33.967464826839816,0.642156862745098,43.333333333333336,1026.6666666666672,30.196078431372566,5
4582,4,0,0,36,0.0,0.0,1.0,36,1350,1000,350,0.7407407407407407,17,10,7,368.85640888352214,0.7351521164021164,0.11878811986210591,0.2189105316178409,131831.05656478272,2525.3460207612425,134356.40258554395,4485,14,1106.1666666666667,33,3,16,33.789777247414484,0.6452020202020202,43.259803921568626,1026.960784313725,31.12002376708258,0
4583,4,0,0,36,0.0,0.0,1.0,36,1050,900,150,0.8571428571428571,12,9,3,367.149031597809,0.7351521164021164,0.11400021204410549,0.21862055972414984,131956.93963860045,2489.572520184536,134446.512158785,4486,15,1107.1666666666667,33,3,16,33.70656409033079,0.6464646464646465,43.13725490196078,1027.4509803921562,31.134878193701702,0
4584,4,0,0,36,0.0,0.0,1.0,36,1150,900,250,0.782608695652174,14,9,5,367.34141503951383,0.733234126984127,0.11747857644269644,0.21964555458064694,132114.37795859747,2506.216509275251,134620.59446787272,4487,16,1108.1666666666667,33,3,19,33.542809035641895,0.6480429292929295,42.98406862745097,1028.0637254901944,31.15344622697559,0
4585,4,0,0,36,0.0,0.0,1.0,36,550,300,250,0.5454545454545454,8,3,5,367.34141503951383,0.733234126984127,0.11747857644269644,0.21964555458064694,132114.37795859747,2506.216509275251,134620.59446787272,4488,17,1109.1666666666667,33,3,19,33.542809035641895,0.6480429292929295,42.98406862745097,1028.0637254901944,31.15344622697559,0
4586,4,1,1,36,0.02702702702702703,0.02702702702702703,0.972972972972973,37,900,500,400,0.5555555555555556,13,5,8,357.9998829741576,0.7487487487487487,0.10737638019831741,0.21532310289113718,132336.75063775497,2075.3082482992977,134412.05888605426,4489,0,1080.162162162162,34,3,19,33.558949438852245,0.6479779411764707,42.76785714285713,1028.9285714285702,30.26260504201677,0
4587,4,0,0,36,0.0,0.0,1.0,36,1300,900,400,0.6923076923076923,17,9,8,368.6398260980285,0.7306878306878307,0.12658952271313795,0.22189739209642623,132366.4745080017,2559.110828767773,134925.58533676947,4490,19,1111.1666666666667,33,3,19,33.25530447382,0.6505681818181819,42.73897058823529,1029.0441176470586,31.183155080213897,0
4588,4,0,0,36,0.0,0.0,1.0,36,750,500,250,0.6666666666666666,10,5,5,369.28977691816016,0.731117724867725,0.12741790373369422,0.22247457292386688,132398.003472222,2578.6458333333094,134976.6493055553,4491,20,1112.1666666666667,33,3,19,33.20681511470986,0.6508838383838385,42.70833333333332,1029.1666666666647,31.18686868686863,0
4589,4,0,0,36,0.0,0.0,1.0,36,400,200,200,0.5,6,2,4,369.2739999138966,0.7303571428571429,0.1232984085406994,0.22265127963221948,132429.5361910082,2580.5569071991436,135010.09309820735,4492,21,1113.1666666666667,33,3,19,33.17545243481365,0.651199494949495,42.67769607843137,1029.289215686274,31.190582293523455,0
4590,4,0,0,36,0.0,0.0,1.0,36,1150,900,250,0.782608695652174,14,9,5,367.1471439855281,0.7287037037037037,0.1191935419889727,0.2221121274953482,132555.70461180768,2533.4896734428767,135089.19428525056,4493,22,1114.1666666666667,33,3,20,33.10313280971082,0.6524621212121213,42.555147058823515,1029.7794117647038,31.20543672014254,0
4591,4,0,0,36,0.0,0.0,1.0,36,650,300,350,0.46153846153846156,10,3,7,369.7724863485485,0.7292989417989418,0.11666534501671899,0.22445323413229207,132681.93310565632,2612.425659602057,135294.3587652584,4494,23,1115.1666666666667,33,3,18,32.90846417667815,0.6537247474747476,42.43259803921568,1030.269607843136,31.2202911467617,0
4592,4,0,0,36,0.0,0.0,1.0,36,650,400,250,0.6153846153846154,9,4,5,370.4771894065645,0.7291997354497355,0.12578354360072996,0.22393880182690296,132524.1568747595,2619.4354334870914,135143.5923082466,4495,24,1116.1666666666667,33,3,18,33.04917479965086,0.6521464646464648,42.585784313725476,1029.6568627450963,31.201723113487766,2
4593,4,0,0,36,0.0,0.0,1.0,36,1100,700,400,0.6363636363636364,15,7,8,366.59571930340604,0.7290674603174604,0.12976841938298067,0.2223379232658318,132650.37035034588,2525.811586889639,135176.18193723552,4496,25,1117.1666666666667,33,3,16,33.022047743675145,0.653409090909091,42.46323529411764,1030.1470588235281,31.216577540106915,0
4594,4,0,0,36,0.0,0.0,1.0,36,550,400,150,0.7272727272727273,7,4,3,366.1741776385349,0.7295965608465609,0.13261765988660268,0.22226904775502948,132681.9331056563,2516.939548490945,135198.87265414724,4497,26,1118.1666666666667,33,3,16,33.00114487926728,0.6537247474747476,42.43259803921568,1030.2696078431359,31.220291146761692,0
4595,4,1,0,37,0.02702702702702703,0.0,1.0,37,800,700,100,0.875,9,7,2,360.4015464379224,0.737424924924925,0.13134542505575464,0.22069819080456474,133011.31129535113,2187.4964569160616,135198.8077522672,4498,0,1088.918918918919,34,3,17,32.81881130986728,0.6547181372549021,42.11309523809522,1031.5476190476163,30.339635854341655,0
4596,4,0,0,37,0.0,0.0,1.0,37,1100,900,200,0.8181818181818182,13,9,4,360.12944561457635,0.7369244244244244,0.13301200612309216,0.22125883515469577,133134.14292800432,2189.1050170067765,135323.2479450111,4499,1,1089.918918918919,34,3,18,32.7024935594263,0.6559436274509804,41.994047619047606,1032.0238095238078,30.353641456582583,0
4597,4,1,0,38,0.02631578947368421,0.0,1.0,38,950,600,350,0.631578947368421,13,6,7,350.28721478149185,0.7439544807965861,0.12515183320164658,0.21682827178499228,133412.42953746536,1746.5336719821262,135158.96320944748,4500,0,1062.2105263157894,35,3,19,32.677477780267395,0.6565476190476192,41.72453703703702,1033.101851851849,29.517195767195687,0
4598,4,1,1,38,0.02564102564102564,0.02564102564102564,0.9743589743589743,39,700,400,300,0.5714285714285714,10,4,6,341.97957514356153,0.7541048133153396,0.11187795943893519,0.21336551753522193,133705.05640775897,1344.8796769742564,135049.93608473323,4501,0,1035.948717948718,36,3,14,32.5992668408827,0.6574074074074074,41.441441441441434,1034.234234234233,28.728728728728697,0
4599,4,1,1,38,0.02564102564102564,0.02564102564102564,0.9743589743589743,39,1000,700,300,0.7,13,7,6,341.97957514356153,0.7513495276653172,0.11187795943893519,0.21336551753522193,133705.05640775897,1344.8796769742564,135049.93608473323,4502,0,1036.923076923077,36,3,14,32.5992668408827,0.6574074074074074,41.441441441441434,1034.234234234233,28.728728728728697,0
4600,4,0,0,38,0.0,0.0,1.0,38,1150,700,450,0.6086956521739131,16,7,9,354.2178269440156,0.743361782835467,0.1352719735055159,0.20429952473089558,130735.62349965701,1661.7776920438928,132397.40119170092,4503,3,1065.2105263157894,35,3,16,35.27237060510036,0.6297619047619047,44.3287037037037,1022.6851851851848,29.219576719576708,6
4601,4,0,0,38,0.0,0.0,1.0,38,1400,1100,300,0.7857142857142857,17,11,6,353.8052046436396,0.7443397344713134,0.13195999047392237,0.20468835137760302,130854.01663237308,1659.3664266117946,132513.38305898488,4504,4,1066.2105263157894,35,3,16,35.16308446455505,0.6309523809523809,44.21296296296296,1023.1481481481479,29.232804232804227,0
4602,4,0,0,38,0.0,0.0,1.0,38,800,500,300,0.625,11,5,6,355.56152873230985,0.7448138928402086,0.13357851888880967,0.20633767454780502,130972.46334876542,1713.75385802469,132686.2172067901,4505,5,1067.2105263157894,35,3,17,34.998303934871096,0.6321428571428571,44.09722222222222,1023.6111111111111,29.246031746031747,0
4603,4,0,0,38,0.0,0.0,1.0,38,1200,1100,100,0.9166666666666666,13,11,2,353.1350398245724,0.7461770981507824,0.14181270031932147,0.20603811717121215,131179.87403817286,1664.8420085305029,132844.71604670337,4506,6,1068.2105263157894,35,3,17,34.850699544307616,0.6342261904761906,43.89467592592592,1024.4212962962952,29.26917989417986,0
4604,4,1,0,39,0.02564102564102564,0.0,1.0,39,1050,800,250,0.7619047619047619,13,8,5,345.76927742992933,0.7550607287449393,0.14252333817551222,0.20344099346458624,131501.3239590942,1293.8235532830126,132795.1475123772,4507,0,1041.7948717948718,36,3,18,34.71490264968526,0.6354166666666667,43.58108108108108,1025.6756756756756,28.49099099099099,0
4605,4,0,0,39,0.0,0.0,1.0,39,950,600,350,0.631578947368421,13,6,7,345.9660812551406,0.7553418803418803,0.14886540149929117,0.20417376505160875,131616.85333982625,1306.9933954224443,132923.8467352487,4508,1,1042.7948717948718,36,3,15,34.593347600234125,0.6365740740740742,43.468468468468465,1026.1261261261257,28.50350350350349,0
4606,4,0,0,39,0.0,0.0,1.0,39,700,300,400,0.42857142857142855,11,3,8,345.41536468444656,0.7558479532163743,0.14951309343935226,0.20400325459295932,131645.7436110097,1294.4925077104167,132940.23611872012,4509,2,1043.7948717948718,36,3,15,34.57834961044661,0.6368634259259259,43.44031531531532,1026.2387387387391,28.50663163163164,0
4607,4,0,0,39,0.0,0.0,1.0,39,900,600,300,0.6666666666666666,12,6,6,345.84459620030555,0.7550607287449393,0.15328348047242057,0.20441165043901333,131674.6370525931,1307.7923362551728,132982.42938884828,4510,3,1044.7948717948718,36,3,15,34.538210445468515,0.6371527777777778,43.41216216216216,1026.3513513513512,28.509759759759756,0
4608,4,0,0,39,0.0,0.0,1.0,39,1000,600,400,0.6,14,6,8,347.66346332126835,0.7566914080071975,0.1479168776228892,0.2057987098465379,131732.4334469605,1359.7108087817574,133092.14425574226,4511,4,1045.7948717948718,36,3,15,34.43327665642825,0.6377314814814815,43.35585585585586,1026.5765765765768,28.516016016016025,0
4609,4,0,1,38,0.0,0.02564102564102564,0.9743589743589743,39,950,900,50,0.9473684210526315,10,9,1,347.66346332126835,0.7561291048133154,0.1479168776228892,0.2057987098465379,131732.4334469605,1359.7108087817574,133092.14425574226,4512,5,1046.7948717948718,36,3,15,34.43327665642825,0.6377314814814815,43.35585585585586,1026.5765765765768,28.516016016016025,0
4610,4,0,0,38,0.0,0.0,1.0,38,750,600,150,0.8,9,6,3,354.88557635505373,0.7477181128496918,0.1558110819570917,0.20948172569666484,131624.87809713645,1742.3541452331895,133367.23224236965,4513,6,1074.9736842105262,35,3,15,34.356436574178495,0.6386904761904761,43.460648148148145,1026.1574074074072,29.318783068783063,0
4611,4,1,1,38,0.02564102564102564,0.02564102564102564,0.9743589743589743,39,700,400,300,0.5714285714285714,10,4,6,342.708500529905,0.7583220872694557,0.1530704306107138,0.20394844424881414,131934.82069485018,1243.0369136027887,133177.85760845296,4514,0,1048.3846153846155,36,3,15,34.35661697541015,0.6397569444444444,43.15878378378378,1027.3648648648643,28.537912912912898,0
4612,4,0,0,38,0.0,0.0,1.0,38,900,700,200,0.7777777777777778,11,7,4,351.7020936660731,0.7455844001896633,0.16139223608564834,0.20841344508428425,131773.38023244598,1668.9947434413561,133442.37497588733,4515,8,1076.9736842105262,35,3,15,34.28834122421373,0.6401785714285715,43.31597222222222,1026.736111111111,29.33531746031746,0
4613,4,0,0,38,0.0,0.0,1.0,38,700,500,200,0.7142857142857143,9,5,4,350.1555344768742,0.7442211948790897,0.1618858254309974,0.20774680018832897,131819.15181651246,1631.4411117198304,133450.59292823228,4516,9,1077.9736842105262,36,2,15,34.28190225536426,0.6385995370370371,43.2713963963964,1026.9144144144145,28.525400400400404,0
4614,4,0,0,38,0.0,0.0,1.0,38,550,500,50,0.9090909090909091,6,5,1,350.1555344768742,0.7442211948790897,0.1618858254309974,0.20774680018832897,131819.15181651246,1631.4411117198304,133450.59292823228,4517,10,1078.9736842105262,36,2,15,34.28190225536426,0.6385995370370371,43.2713963963964,1026.9144144144145,28.525400400400404,0
4615,4,1,0,39,0.02564102564102564,0.0,1.0,39,1450,1000,450,0.6896551724137931,19,10,9,341.69537782341456,0.7483130904183536,0.15876820800473013,0.2049533583991286,132233.12428090078,1236.689472386589,133469.81375328737,4518,0,1052.2820512820513,38,1,17,34.082528305806576,0.6389802631578947,42.868589743589745,1028.5256410256413,27.06646423751688,0
4616,4,1,0,40,0.025,0.0,1.0,40,750,500,250,0.6666666666666666,10,5,5,341.02457309454445,0.7584401709401709,0.12622448979591927,0.1943046986236355,130262.58680555543,904.7861193293824,131167.3729248848,4519,0,1026.95,37,3,18,36.08843537414966,0.6210585585585586,44.791666666666664,1020.8333333333323,27.590090090090065,4
4617,4,0,1,39,0.0,0.025,0.975,40,700,400,300,0.5714285714285714,10,4,6,340.6312363586709,0.759107905982906,0.12300236279669274,0.19422029649329947,130290.57167830467,876.2077033317759,131166.77938163644,4520,1,1027.95,37,3,18,36.07012762682134,0.6213400900900901,44.764254385964904,1020.9429824561388,27.593053579895642,0
4618,4,1,0,40,0.025,0.0,1.0,40,750,500,250,0.6666666666666666,10,5,5,337.59278549045007,0.7637553418803419,0.12543410041840986,0.1930255400292285,130398.95171305418,804.3490667689251,131203.3007798231,4521,0,1028.875,38,2,19,36.03796199442119,0.6206140350877194,44.65811965811965,1021.3675213675206,26.87809266756633,0
4619,4,1,2,39,0.024390243902439025,0.04878048780487805,0.9512195121951219,41,500,400,100,0.8,6,4,2,332.9216589431226,0.7753048780487805,0.12238609395773059,0.1916496236086067,130661.65500216992,500.01898871525714,131161.67399088517,4522,0,1004.7560975609756,39,2,16,35.89159874341994,0.6215277777777779,44.40104166666666,1022.3958333333316,26.215277777777732,0
4620,4,0,0,39,0.0,0.0,1.0,39,650,500,150,0.7692307692307693,8,5,3,345.557887837886,0.7548920377867746,0.12183892853996015,0.19717126541338179,130318.55955678652,1206.5212373037696,131525.0807940903,4523,4,1057.2564102564102,37,2,18,35.916022336769764,0.6216216216216217,44.73684210526315,1021.0526315789459,27.59601706970124,0
4621,4,0,0,39,0.0,0.0,1.0,39,800,500,300,0.625,11,5,6,346.3893204837466,0.7552856500224921,0.12290293630212079,0.19793068288255286,130374.54433094784,1232.0699638350138,131606.61429478286,4524,5,1058.2564102564102,37,2,18,35.83807529883331,0.6221846846846848,44.682017543859644,1021.2719298245603,27.60194404931244,0
4622,4,2,2,39,0.04878048780487805,0.04878048780487805,0.9512195121951219,41,750,600,150,0.8,9,6,3,332.00666885741805,0.7717987804878049,0.1117608772339509,0.19151830051951393,130741.54188368045,481.41276041666106,131222.9546440971,4525,0,1007.5853658536586,39,2,16,35.83426699259866,0.6223290598290598,44.322916666666664,1022.7083333333325,26.223290598290575,0
4623,4,0,0,39,0.0,0.0,1.0,39,950,600,350,0.631578947368421,13,6,7,348.1411865614618,0.7536549707602339,0.11782380083699961,0.19965093646561605,130514.5588666704,1287.4986774776694,131802.05754414806,4526,7,1060.2564102564102,37,2,16,35.651513932110014,0.6235923423423424,44.54495614035087,1021.8201754385956,27.61676149834042,0
4624,4,2,0,41,0.04878048780487805,0.0,1.0,41,700,500,200,0.7142857142857143,9,5,4,339.0482076140109,0.7640243902439025,0.12976532858216983,0.19707302381065112,131034.66932508671,685.4139539930445,131720.08327907976,4527,0,1009.4878048780488,39,2,18,35.35806033167159,0.6252670940170941,44.03645833333333,1023.8541666666658,26.25267094017092,0
4625,4,0,0,41,0.0,0.0,1.0,41,900,600,300,0.6666666666666666,12,6,6,338.31843600858195,0.7630081300813009,0.12857784360571722,0.1969217610657411,131088.0004882812,669.8974609374991,131757.8979492187,4528,1,1010.4878048780488,39,2,18,35.32289441562406,0.6258012820512822,43.984375,1024.0624999999995,26.25801282051281,0
4626,4,0,1,40,0.0,0.024390243902439025,0.975609756097561,41,350,200,150,0.5714285714285714,5,2,3,341.97316867367437,0.7630081300813009,0.0845611627471774,0.19156376640602668,129598.82948133672,663.8644748263783,130262.6939561631,4529,2,1011.4878048780488,39,2,14,36.73753196930945,0.6108440170940173,45.44270833333333,1018.229166666666,26.108440170940153,8
4627,4,0,0,40,0.0,0.0,1.0,40,800,500,300,0.625,11,5,6,348.6217379479835,0.7565438034188035,0.0808761804826863,0.1952035935748694,129581.83235627123,1035.0087205054879,130616.84107677672,4530,3,1037.725,38,2,14,36.5855631339629,0.6123903508771931,45.459401709401696,1018.1623931623914,26.793747188483984,0
4628,4,2,1,41,0.047619047619047616,0.023809523809523808,0.9761904761904762,42,1350,1000,350,0.7407407407407407,17,10,7,335.56313891267473,0.7742692605497483,0.0791713517129482,0.19017770893656197,130055.18297846829,328.3450864234045,130383.5280648917,4531,0,989.2619047619048,40,2,16,36.43788814718872,0.6138020833333334,44.99491869918698,1020.0203252032504,25.50050813008126,0
4629,4,0,0,41,0.0,0.0,1.0,41,1250,900,350,0.72,16,9,7,342.0450502430509,0.7652439024390244,0.08415755250504509,0.1935619099352294,129996.88042534728,692.9578993055597,130689.83832465284,4532,1,1014.390243902439,39,2,17,36.33171603677222,0.6148504273504274,45.052083333333336,1019.7916666666671,26.148504273504283,0
4630,4,0,1,40,0.0,0.024390243902439025,0.975609756097561,41,1250,1000,250,0.8,15,10,5,346.5633475319644,0.7664126016260162,0.08301345720132058,0.19719092213229902,130209.42382812512,825.1627604166811,131034.5865885418,4533,2,1015.390243902439,39,2,17,36.00096958562974,0.6169871794871794,44.84375000000001,1020.6250000000009,26.169871794871817,0
4631,4,1,1,40,0.024390243902439025,0.024390243902439025,0.975609756097561,41,1200,900,300,0.75,15,9,6,342.25263038112064,0.772510162601626,0.08214103479946933,0.19568990110308107,130398.95171305432,725.8876952411638,131124.8394082955,4534,0,1016.219512195122,38,3,17,35.91897663877266,0.6206140350877192,44.65811965811966,1021.3675213675217,26.87809266756636,0
4632,4,1,0,41,0.024390243902439025,0.0,1.0,41,1000,800,200,0.8,12,8,4,339.03868949522297,0.7717987804878049,0.08340147179067858,0.1910803305311784,129837.58680555534,639.7882195558236,130477.37502511116,4535,0,1017.1951219512196,39,2,17,36.56991005723628,0.6132478632478634,45.20833333333332,1019.1666666666649,26.132478632478588,4
4633,4,0,0,41,0.0,0.0,1.0,41,1100,800,300,0.7272727272727273,14,8,6,339.7419657173436,0.7727642276422764,0.08320791013386275,0.19199736492155645,129943.77170138882,629.4704861111072,130573.24218749993,4536,1,1018.1951219512196,39,2,17,36.44428551968398,0.6143162393162394,45.104166666666664,1019.5833333333327,26.143162393162378,0
4634,4,2,0,43,0.046511627906976744,0.0,1.0,43,950,600,350,0.631578947368421,13,6,7,333.4699451266898,0.7819767441860465,0.11516736079341339,0.19143789535622924,130555.17713758691,108.0268012152834,130663.2039388022,4537,0,971.7906976744187,39,4,15,35.98522491760948,0.6204594017094017,44.505208333333336,1021.9791666666675,26.20459401709404,0
4635,4,0,0,43,0.0,0.0,1.0,43,1000,600,400,0.6,14,6,8,333.4286710001264,0.780454042081949,0.11355814901544403,0.19154579156049428,130581.7925347223,107.94270833334338,130689.73524305565,4538,1,972.7906976744187,39,4,15,35.959369479548855,0.6207264957264957,44.47916666666667,1022.083333333334,26.207264957264975,0
4636,4,0,1,42,0.0,0.023255813953488372,0.9767441860465116,43,950,700,250,0.7368421052631579,12,7,5,334.25036636771637,0.7803156146179402,0.11669371749458013,0.19241450709085825,130661.65500217008,134.74121093749483,130796.39621310758,4539,2,973.7906976744187,39,4,16,35.85763712005434,0.6215277777777778,44.401041666666664,1022.3958333333328,26.215277777777764,0
4637,4,1,1,42,0.023255813953488372,0.023255813953488372,0.9767441860465116,43,900,700,200,0.7777777777777778,11,7,4,330.2209630787995,0.7799003322259136,0.11329512622554816,0.19075116808434162,130794.81336805546,38.23784722221268,130833.05121527768,4540,0,974.3023255813954,41,2,16,35.82612016293278,0.6196646341463414,44.27083333333333,1022.9166666666658,24.949186991869897,0
4638,4,0,0,42,0.0,0.0,1.0,42,1200,800,400,0.6666666666666666,16,8,8,333.6649288029798,0.7719705768486256,0.1121475423801006,0.19228731464006787,130703.86860499714,322.25940247208723,131026.12800746923,4541,4,998.5,40,2,17,35.82993771947262,0.6203124999999999,44.35975609756098,1022.5609756097571,25.564024390243926,0
4639,4,0,0,42,0.0,0.0,1.0,42,1250,1000,250,0.8,15,10,5,335.1873033923312,0.7723335269066977,0.108113926146713,0.1935548025613205,130781.81932257593,367.28107029546936,131149.1003928714,4542,5,999.5,40,2,17,35.71224540486837,0.62109375,44.28353658536586,1022.8658536585373,25.57164634146343,0
4640,4,0,0,42,0.0,0.0,1.0,42,1550,1300,250,0.8387096774193549,18,13,5,335.2387827499031,0.771486643437863,0.10601289761337407,0.19450028916227158,130963.79469892294,380.8286238350538,131344.62332275798,4543,6,1000.5,40,2,18,35.52712139263966,0.6229166666666666,44.10569105691059,1023.5772357723605,25.58943089430901,0
4641,4,0,1,41,0.0,0.023809523809523808,0.9761904761904762,42,1300,1000,300,0.7692307692307693,16,10,6,336.36325025479186,0.7728416569879984,0.10154728822851067,0.19568106868171428,131067.83743142347,417.28076046007993,131485.11819188355,4544,7,1001.5,40,2,18,35.393302567156276,0.6239583333333332,44.004065040650424,1023.9837398374013,25.599593495935032,0
4642,4,0,0,41,0.0,0.0,1.0,41,1150,900,250,0.782608695652174,14,9,5,343.8731033358619,0.7636686991869919,0.10490683661415345,0.19973905789508656,131008.00781250057,810.0260416667245,131818.0338541673,4545,8,1026.6097560975609,39,2,19,35.26149776149777,0.6249999999999998,44.06250000000003,1023.7500000000045,26.250000000000117,0
4643,4,0,0,41,0.0,0.0,1.0,41,1450,1000,450,0.6896551724137931,19,10,9,346.13868107781366,0.7629573170731707,0.1083790288564126,0.20133391923046845,131061.3335503476,873.0794270833723,131934.41297743097,4546,9,1027.6097560975609,39,2,20,35.149626992200766,0.6255341880341878,44.010416666666686,1023.9583333333363,26.255341880341955,0
4644,4,1,1,41,0.023809523809523808,0.023809523809523808,0.9761904761904762,42,700,300,400,0.42857142857142855,11,3,8,341.7286625146949,0.7736885404568331,0.10739197990016192,0.19974783212380742,131250.01161882837,570.3781851081029,131820.38980393647,4547,0,1004.1190476190476,40,2,20,35.07202717445206,0.6257812499999998,43.82621951219514,1024.695121951222,25.61737804878055,0
4645,4,0,0,41,0.0,0.0,1.0,41,700,400,300,0.5714285714285714,10,4,6,347.34533116193444,0.7634654471544715,0.10366163651468718,0.20273835798086837,131194.69536675382,913.972981770868,132108.6683485247,4548,11,1029.6097560975609,39,2,20,34.98400694797492,0.626869658119658,43.88020833333335,1024.4791666666695,26.268696581196654,0
4646,4,0,0,41,0.0,0.0,1.0,41,850,500,350,0.5882352941176471,12,5,7,351.1511182446963,0.7634654471544715,0.09628035389956624,0.19652692193158455,129563.26116233706,899.2568081168442,130462.5179704539,4549,12,1030.6097560975609,40,1,16,36.540061223131694,0.6088541666666667,45.477642276422756,1018.0894308943076,25.45223577235769,5
4647,4,1,1,41,0.023809523809523808,0.023809523809523808,0.9761904761904762,42,1750,1400,350,0.8,21,14,7,343.4388104803974,0.7713414634146342,0.09694944720615006,0.1935846414058317,129842.5246755002,518.592444865083,130361.11712036528,4550,0,1007.047619047619,42,0,16,36.452787285288714,0.6086309523809523,45.20348837209302,1019.1860465116274,24.266334440753035,0
4648,4,0,0,41,0.0,0.0,1.0,41,1000,800,200,0.8,12,8,4,356.28111625469495,0.7635162601626017,0.11189309322999774,0.20064252336448593,129807.25623582756,1049.5748299319632,130856.83106575953,4551,14,1032.6097560975609,41,0,17,36.16140965732087,0.6097560975609757,45.238095238095234,1019.0476190476182,24.854819976771175,0
4649,4,0,0,41,0.0,0.0,1.0,41,1100,900,200,0.8181818181818182,13,9,4,352.0703249708589,0.7634146341463415,0.11484016747524439,0.19878432194508483,129908.37191358018,947.3765432098693,130855.74845679005,4552,15,1033.6097560975609,41,0,17,36.16598546775657,0.6107723577235773,45.138888888888886,1019.4444444444439,24.864498644986437,0
4650,4,0,1,40,0.0,0.024390243902439025,0.975609756097561,41,850,700,150,0.8235294117647058,10,7,3,351.4080455419462,0.7638719512195122,0.1159912688621052,0.19892481873189463,130009.52695893169,937.2787540942254,130946.80571302591,4553,16,1034.6097560975609,41,0,18,36.08017185473412,0.6117886178861789,45.03968253968254,1019.8412698412695,24.874177313201695,0
4651,4,2,2,40,0.047619047619047616,0.047619047619047616,0.9523809523809523,42,1150,700,450,0.6086956521739131,16,7,9,342.67505741978977,0.7764469608981804,0.10462965531910973,0.1962662814966068,130465.21183704947,541.6808390022534,131006.89267605172,4554,0,934.452380952381,41,1,19,35.84110183207096,0.6163617886178863,44.59325396825396,1021.6269841269828,24.917731320170315,0
4652,4,0,0,40,0.0,0.0,1.0,40,1050,800,250,0.7619047619047619,13,8,5,352.5455837805175,0.7573985042735043,0.10518313924554601,0.20113716526080974,130314.46358194527,1188.3577277083764,131502.82130965363,4555,18,982.175,40,0,19,35.74180518230981,0.61640625,44.74085365853659,1021.0365853658536,25.52591463414634,0
4653,4,1,1,40,0.024390243902439025,0.024390243902439025,0.975609756097561,41,1650,1100,550,0.6666666666666666,22,11,11,343.68976227244525,0.7686991869918699,0.09266540884374197,0.197492226474791,130591.93244716866,776.6220434933228,131368.55449066198,4556,0,959.1951219512196,41,0,16,35.68691562328126,0.6176321138211381,44.46924603174603,1022.1230158730157,24.929829655439406,0
4654,4,0,0,40,0.0,0.0,1.0,40,600,500,100,0.8333333333333334,7,5,2,357.2119777249178,0.7583600427350428,0.11114419732265235,0.19420458639978772,128415.1066207356,1207.769904956833,129622.87652569244,4557,20,984.175,38,2,16,37.55643687853555,0.6006030701754386,46.60790598290598,1013.5683760683759,26.672852001799367,5
4655,4,5,4,41,0.1111111111111111,0.08888888888888889,0.9111111111111111,45,1350,1200,150,0.8888888888888888,15,12,3,327.0345225111534,0.7955808080808081,0.13308634753501702,0.18240310480679167,129428.42306193305,-529.6877905981108,128898.73527133494,4558,0,875.7111111111111,41,4,14,37.29069172272593,0.6059451219512195,45.610119047619044,1017.5595238095233,24.81852497096398,0
4656,4,0,0,41,0.0,0.0,1.0,41,1200,1000,200,0.8333333333333334,14,10,4,349.0684861740473,0.7698678861788618,0.12822941279853173,0.19206455472748246,128891.61544054469,798.4002164716812,129690.01565701637,4559,1,960.7317073170732,40,1,18,37.27669635708567,0.6020833333333333,46.13821138211382,1015.447154471545,25.386178861788625,0
4657,4,0,0,41,0.0,0.0,1.0,41,950,500,450,0.5263157894736842,14,5,9,349.70529170154475,0.7695121951219512,0.12414456044130318,0.19304272783767762,129020.6425263566,823.8402860400486,129844.48281239666,4560,2,961.7317073170732,40,1,18,37.12905538328165,0.6033854166666668,46.011178861788615,1015.955284552845,25.398882113821124,0
4658,4,0,0,41,0.0,0.0,1.0,41,1200,1000,200,0.8333333333333334,14,10,4,350.59371221923493,0.7689532520325203,0.12320694035691826,0.19429301403484775,129175.56023407013,857.6278380923911,130033.18807216252,4561,3,962.7317073170732,40,1,18,36.94870705455032,0.6049479166666667,45.85873983739837,1016.5650406504049,25.41412601626012,0
4659,4,1,2,40,0.023809523809523808,0.047619047619047616,0.9523809523809523,42,900,600,300,0.6666666666666666,12,6,6,356.70666159218536,0.7822057684862563,0.14525655223329648,0.18705349327395082,126960.75439453126,662.1065332283,127622.86092775957,4562,0,940.7857142857143,39,3,17,39.05953919035312,0.5841346153846154,48.046875,1007.8125000000001,25.841346153846157,6
4660,4,1,0,41,0.024390243902439025,0.0,1.0,41,1050,600,450,0.5714285714285714,15,6,9,355.5293696918359,0.7821138211382114,0.14582983418561768,0.18716350923152503,127118.94729573035,838.9038415881575,127957.8511373185,4563,0,940.3414634146342,38,3,18,38.926704806300094,0.5874451754385963,47.889957264957275,1008.4401709401726,26.5378992352677,0
4661,4,1,1,41,0.023809523809523808,0.023809523809523808,0.9761904761904762,42,1450,1000,450,0.6896551724137931,19,10,9,351.0705034927174,0.7911827332559039,0.13818957215572936,0.1861365054623319,127407.31336805595,545.7899305555951,127953.10329861155,4564,0,918.9285714285714,39,3,14,38.743293437886905,0.5886752136752136,47.604166666666686,1009.5833333333366,25.886752136752218,0
4662,4,0,0,41,0.0,0.0,1.0,41,750,500,250,0.6666666666666666,10,5,5,355.99468296001913,0.7807926829268292,0.14324363396047102,0.1885335069846562,127361.47636788689,868.0016801811917,128229.47804806808,4565,2,942.3414634146342,38,3,14,38.66603161162856,0.5899122807017543,47.64957264957266,1009.4017094017115,26.56320287899241,0
4663,4,1,1,41,0.023809523809523808,0.023809523809523808,0.9761904761904762,42,950,500,450,0.5263157894736842,14,5,9,346.3165217737166,0.7885936895083236,0.14258719360760064,0.18481644082775633,127670.3613281255,442.8710937500438,128113.23242187554,4566,0,920.8809523809524,39,3,15,38.5938466295609,0.5913461538461536,47.34375000000002,1010.625000000004,25.91346153846164,0
4664,4,4,3,42,0.08888888888888889,0.06666666666666667,0.9333333333333333,45,900,800,100,0.8888888888888888,10,8,2,328.8078087894566,0.8078282828282829,0.1531652039628939,0.17878815233644924,128420.90778730485,-553.9616352906794,127866.94615201418,4567,0,860.3333333333334,41,4,14,38.27026442856677,0.5957825203252032,46.602182539682545,1013.5912698412707,24.72173828881148,0
4665,4,1,0,43,0.023255813953488372,0.0,1.0,43,750,300,450,0.4,12,3,9,391.10182798304953,0.7995570321151716,0.21601562992374124,0.20988448883907107,127894.85857427282,1462.746118376555,129357.60469264937,4568,0,900.6279069767442,37,6,18,37.23159439927731,0.5971283783783784,47.12171052631579,1011.5131578947365,27.3381934566145,8
4666,4,1,0,44,0.022727272727272728,0.0,1.0,44,650,500,150,0.7692307692307693,8,5,3,383.22626524791434,0.8041754756871037,0.2125369354157871,0.20680251079095868,128117.48940755342,1019.5973957191798,129137.0868032726,4569,0,881.1363636363636,38,6,19,37.20231813704795,0.5975877192982457,46.9017094017094,1012.3931623931618,26.641925326135837,0
4667,4,1,1,44,0.022222222222222223,0.022222222222222223,0.9777777777777777,45,1400,1000,400,0.7142857142857143,18,10,8,374.7289908322724,0.810942760942761,0.19586264780666007,0.20394863213253434,128458.27880245112,627.4167966443213,129085.69559909544,4570,0,862.5333333333333,36,9,13,37.0683829519366,0.6047453703703705,46.56531531531532,1013.738738738739,28.159409409409417,0
4668,4,1,1,44,0.022222222222222223,0.022222222222222223,0.9777777777777777,45,950,300,650,0.3157894736842105,16,3,13,375.3050867761816,0.8103114478114478,0.19567599585369444,0.2045549032283742,128515.36502718943,646.4940447204033,129161.85907190983,4571,0,863.5111111111111,36,9,13,36.995363171923586,0.6053240740740742,46.50900900900901,1013.9639639639646,28.165665665665685,0
4669,4,1,1,44,0.022222222222222223,0.022222222222222223,0.9777777777777777,45,1100,800,300,0.7272727272727273,14,8,6,378.2024709660461,0.8113215488215488,0.2075241371656864,0.20717218637538254,128715.26668137732,736.0863819901007,129451.35306336742,4572,0,864.4888888888889,36,9,14,36.71739170643287,0.6073495370370371,46.31193693693694,1014.7522522522523,28.187562562562565,0
4670,4,2,1,45,0.043478260869565216,0.021739130434782608,0.9782608695652174,46,1100,800,300,0.7272727272727273,14,8,6,370.1376571175421,0.8181763285024155,0.21041475160179446,0.2039941278966071,128957.11343277447,346.3767669296512,129303.49019970412,4573,0,846.5869565217391,38,8,16,36.674950036814984,0.6060855263157894,46.07371794871795,1015.7051282051281,26.72908232118758,0
4671,4,0,1,44,0.0,0.022222222222222223,0.9777777777777777,45,1300,1100,200,0.8461538461538461,15,11,4,363.0497471526544,0.8110269360269361,0.17438007084904616,0.1964779429395717,128232.43694540882,401.7884098888538,128634.22535529768,4574,1,866.2888888888889,35,10,19,37.5953462461433,0.6044642857142858,46.788194444444436,1012.847222222221,28.93849206349203,8
4672,4,1,1,44,0.022222222222222223,0.022222222222222223,0.9777777777777777,45,850,600,250,0.7058823529411765,11,6,5,354.247129219728,0.8111531986531987,0.1891863206091795,0.19293931665851247,128486.82032962017,103.21744886778635,128590.03777848795,4575,0,867.1111111111111,36,9,17,37.558313895368215,0.6050347222222223,46.53716216216216,1013.8513513513514,28.16253753753754,0
4673,4,2,0,46,0.043478260869565216,0.0,1.0,46,950,600,350,0.631578947368421,13,6,7,350.90082695704916,0.8115338164251208,0.22689858138091168,0.18670609560376467,127550.26989051425,-248.50096336475008,127301.76892714949,4576,0,849.2173913043479,38,8,17,38.601048827780716,0.5918311403508771,47.462606837606835,1010.1495726495724,26.582883490778222,3
4674,4,2,2,46,0.041666666666666664,0.041666666666666664,0.9583333333333334,48,1600,1400,200,0.875,18,14,4,340.13611193856633,0.8295656028368794,0.23141295824348163,0.18321375997873576,128044.10450522802,-889.5152273872548,127154.58927784077,4577,0,814.7916666666666,41,7,17,38.36788538195124,0.5919715447154472,46.97420634920635,1012.1031746031747,24.68544328300426,0
4675,4,0,0,46,0.0,0.0,1.0,46,1250,800,450,0.64,17,8,9,357.6738279432595,0.8134863123993559,0.2399473996924364,0.1917871732592305,127861.72251966425,-53.44165179456351,127808.28086786969,4578,2,851.2173913043479,40,6,18,38.11084874062164,0.5916666666666668,47.15447154471545,1011.3821138211384,25.28455284552846,0
4676,4,2,0,48,0.041666666666666664,0.0,1.0,48,1000,700,300,0.7,13,7,6,345.82348105646685,0.8252437943262411,0.2459036720412655,0.18765442093028817,128338.88942992063,-721.9176135986676,127616.97181632197,4579,0,816.7083333333334,37,11,20,37.92282130361072,0.601632882882883,46.68311403508771,1013.2675438596482,27.385609293504004,0
4677,4,2,3,47,0.04,0.06,0.94,50,1500,1100,400,0.7333333333333333,19,11,8,332.565759060651,0.8330102040816326,0.23789663461538457,0.1820359944331983,128685.30636525869,-1440.7346817370712,127244.57168352162,4580,0,785.0,40,10,16,37.90564903846152,0.6000000000000001,46.34146341463414,1014.6341463414627,25.36585365853657,0
4678,4,3,3,47,0.06,0.06,0.94,50,1200,500,700,0.4166666666666667,19,5,14,335.42584630026795,0.8386054421768707,0.24596971177332638,0.18447520348647184,128873.80248685111,-1354.4791469828833,127519.32333986824,4581,0,785.92,41,9,16,37.64116186288875,0.6003556910569106,46.15575396825396,1015.3769841269833,24.765292295780082,0
4679,4,1,2,46,0.020833333333333332,0.041666666666666664,0.9583333333333334,48,1350,1000,350,0.7407407407407407,17,10,7,352.11178526704634,0.8260564420803782,0.2619353182751549,0.1926724038483722,128672.41753472202,-538.5850694444655,128133.83246527755,4582,0,819.6458333333334,39,9,17,37.4229979466119,0.6014957264957266,46.35416666666666,1014.5833333333317,26.01495726495722,0
4680,4,0,0,46,0.0,0.0,1.0,46,1000,800,200,0.8,12,8,4,351.078046898741,0.8294082125603865,0.25222309758125294,0.192793766381062,128814.23017259875,-155.23033164784897,128658.9998409509,4583,1,816.5652173913044,40,6,18,37.30457670103781,0.6013020833333336,46.21443089430893,1015.1422764227623,25.378556910569056,0
4681,4,1,2,45,0.02127659574468085,0.0425531914893617,0.9574468085106383,47,950,600,350,0.631578947368421,13,6,7,344.86725365150056,0.8340271353684859,0.2504940434259506,0.1901505552039692,128974.55401431376,-504.1799532313198,128470.37406108245,4584,0,800.1702127659574,41,6,18,37.29886951850768,0.6013719512195124,46.056547619047606,1015.7738095238071,24.774970963995298,0
4682,4,0,0,45,0.0,0.0,1.0,45,1000,600,400,0.6,14,6,8,355.29827506107443,0.8289983164983166,0.24690764660725684,0.19485798314305014,128762.65290377723,149.82969379995768,128912.48259757718,4585,3,836.5555555555555,40,5,18,37.25009178598845,0.6007812500000002,46.26524390243901,1014.9390243902416,25.37347560975604,0
4683,4,0,0,45,0.0,0.0,1.0,45,1000,500,500,0.5,15,5,10,381.62899102989815,0.8283670033670034,0.30933730824172456,0.19951322763076787,126836.65242522923,716.3978030054228,127553.05022823466,4586,4,837.5555555555555,36,9,17,38.55948388298863,0.5882523148148149,48.17004504504504,1007.3198198198194,27.981106106106093,6
4684,4,3,2,46,0.0625,0.041666666666666664,0.9583333333333334,48,900,600,300,0.6666666666666666,12,6,6,362.7094550490037,0.8498263888888888,0.3032172326245641,0.19273144904880432,127496.3146162063,-350.9194385493901,127145.39517765692,4587,0,786.1458333333334,38,10,15,38.35819316619063,0.5912828947368423,47.516025641025635,1009.9358974358963,26.577260458839376,0
4685,4,1,0,47,0.02127659574468085,0.0,1.0,47,1050,600,450,0.5714285714285714,15,6,9,373.642257413115,0.840541165587419,0.33024786137310813,0.19913900532457232,127617.73003472228,136.67534722222655,127754.40538194451,4588,0,803.8510638297872,37,10,17,37.957474226804116,0.5943130630630631,47.395833333333336,1010.4166666666671,27.30855855855857,0
4686,4,1,1,47,0.020833333333333332,0.020833333333333332,0.9791666666666666,48,850,500,350,0.5882352941176471,12,5,7,367.7388989413753,0.8476285460992907,0.32993657087925277,0.19714947376155803,127854.65630425364,-196.5738932291476,127658.0824110245,4589,0,788.0833333333334,39,9,17,37.86360164108902,0.593215811965812,47.16145833333334,1011.3541666666681,25.93215811965816,0
4687,4,1,1,47,0.020833333333333332,0.020833333333333332,0.9791666666666666,48,1000,700,300,0.7,13,7,6,362.8184600638283,0.8447658096926713,0.30266776677667795,0.1928666550865613,127512.49999999999,-346.2375217013882,127166.2624782986,4590,0,789.0625,39,9,14,38.338833883388354,0.5897435897435898,47.5,1009.9999999999999,25.897435897435894,4
4688,4,2,1,48,0.04081632653061224,0.02040816326530612,0.9795918367346939,49,1300,1100,200,0.8461538461538461,15,11,4,355.443448150954,0.8480371315192744,0.2964838706448747,0.19062314328768906,127868.45243016162,-709.9992716994458,127158.45315846217,4591,0,773.9183673469388,41,8,16,38.16035229687755,0.5901930894308944,47.14781746031745,1011.408730158728,24.668505613627513,0
4689,4,3,0,51,0.058823529411764705,0.0,1.0,51,1050,900,150,0.8571428571428571,12,9,3,329.4667575744088,0.8579738562091505,0.26056670023269923,0.1724972479989276,126896.6755678745,-1815.8492470198403,125080.82632085466,4592,0,744.5098039215686,42,9,17,39.81154228377252,0.5788690476190477,48.110465116279066,1007.5581395348835,23.989479512735322,4
4690,4,4,3,52,0.07272727272727272,0.05454545454545454,0.9454545454545454,55,1800,1600,200,0.8888888888888888,20,16,4,317.68463665821946,0.8744388327721662,0.2911704475732879,0.17040263373923947,127875.39080183329,-2875.1905871183617,125000.20021471493,4593,0,691.290909090909,46,9,16,39.10801414088294,0.5835597826086957,47.14095744680851,1011.436170212765,21.987742830712282,0
4691,4,0,0,52,0.0,0.0,1.0,52,1600,1100,500,0.6875,21,11,10,335.0942772787475,0.8620695072900955,0.29314234152943897,0.17854241961258252,127606.03566529484,-1847.989540466398,125758.04612482844,4594,1,732.1538461538462,44,8,16,38.94317418132945,0.5833333333333334,47.407407407407405,1010.3703703703696,22.962962962962948,0
4692,4,0,0,52,0.0,0.0,1.0,52,1900,1300,600,0.6842105263157895,25,13,12,337.40641226904955,0.860844017094017,0.2973901098901095,0.18061166774402065,127793.20987654322,-1776.3503086419746,126016.85956790124,4595,2,733.1538461538462,44,8,18,38.69333791208791,0.5852272727272728,47.22222222222222,1011.1111111111112,22.979797979797983,0
4693,4,1,1,52,0.018867924528301886,0.018867924528301886,0.9811320754716981,53,1200,900,300,0.75,15,9,6,332.4178557896779,0.8642960812772134,0.305863962551129,0.17940291521782825,128121.60428645478,-2082.018204552641,126039.58608190213,4596,0,720.3018867924528,45,8,19,38.48407071068563,0.5872685185185187,46.89764492753622,1012.4094202898528,22.497987117552285,0
4694,4,1,0,53,0.018867924528301886,0.0,1.0,53,1700,1200,500,0.7058823529411765,22,12,10,331.2950949388402,0.8629656507014998,0.3087499196022867,0.18017106199127544,128427.65239771297,-2090.4994853706044,126337.15291234237,4597,0,720.7169811320755,40,13,17,38.20036260945123,0.5973958333333333,46.59552845528455,1013.6178861788616,25.34044715447154,0
4695,4,2,4,51,0.03636363636363636,0.07272727272727272,0.9272727272727272,55,1450,900,550,0.6206896551724138,20,9,11,321.03549221064003,0.8698933782267115,0.3145603775876724,0.176485303640246,128856.81918905122,-2726.477525389092,126130.34166366213,4598,0,695.4727272727273,42,13,18,38.023716358083604,0.5987103174603174,46.17248062015504,1015.3100775193806,24.174049464747156,0
4696,4,1,1,51,0.019230769230769232,0.019230769230769232,0.9807692307692307,52,1750,1200,550,0.6857142857142857,23,12,11,331.5801553776268,0.8671757164404222,0.3142090155619519,0.1825920414524347,128924.17332963255,-1850.2605150856857,127073.91281454687,4599,0,726.5192307692307,41,11,18,37.687534596724305,0.6008638211382115,46.106150793650784,1015.575396825395,24.770131629887683,0
4697,4,0,0,51,0.0,0.0,1.0,51,1400,1000,400,0.7142857142857143,18,10,8,338.1766150534919,0.8618627450980393,0.31529568784470774,0.18582972411355253,128840.02267995237,-1485.863449335716,127354.15923061666,4600,2,741.7647058823529,40,11,18,37.60573073073071,0.6015625,46.1890243902439,1015.243902439024,25.3810975609756,0
4698,4,2,1,52,0.03773584905660377,0.018867924528301886,0.9811320754716981,53,1100,600,500,0.5454545454545454,16,6,10,329.43276208969803,0.868922351233672,0.31675334421988266,0.18292476234570004,129253.05394441127,-2082.949757089054,127170.10418732221,4601,0,714.7358490566038,40,13,19,37.40776367512824,0.6057291666666667,45.782520325203244,1016.869918699186,25.42174796747965,0
4699,4,1,2,51,0.018867924528301886,0.03773584905660377,0.9622641509433962,53,1500,1400,100,0.9333333333333333,16,14,2,327.3506037592444,0.8667150459603289,0.314464152074454,0.182126303114301,129330.57089240858,-2132.711906768464,127197.85898564011,4602,0,715.7169811320755,40,13,19,37.38198121690478,0.6065104166666667,45.70630081300813,1017.1747967479671,25.429369918699177,0
4700,4,0,0,51,0.0,0.0,1.0,51,1300,800,500,0.6153846153846154,18,8,10,332.68705663968626,0.8624836601307191,0.31922902330364655,0.18473782974497238,129254.34570312485,-1599.750434027792,127654.59526909706,4603,2,743.9215686274509,39,12,21,37.32372123198798,0.6073717948717949,45.78124999999999,1016.8749999999989,26.07371794871792,0
4701,4,2,1,52,0.03773584905660377,0.018867924528301886,0.9811320754716981,53,1150,800,350,0.6956521739130435,15,8,7,322.90994117260664,0.8690432994678278,0.32796411989468677,0.1814405244012618,129719.10609526144,-2222.4822163632225,127496.62387889822,4604,0,716.811320754717,42,11,17,37.10089096039824,0.6073908730158731,45.324612403100765,1018.7015503875947,24.254798818752256,0
4702,4,1,1,52,0.018867924528301886,0.018867924528301886,0.9811320754716981,53,1100,700,400,0.6363636363636364,15,7,8,326.3940222845031,0.8650520077406869,0.33435992731929876,0.18409322897644417,129867.21543364256,-2122.4234383450776,127744.79199529748,4605,0,717.7924528301887,42,11,17,36.86206705326868,0.6088789682539684,45.17926356589146,1019.2829457364321,24.268641565153146,0
4703,4,0,0,52,0.0,0.0,1.0,52,1250,1000,250,0.8,15,10,5,333.40090271989254,0.8612996480643539,0.33521734042319795,0.18780810358356206,129817.8362647225,-1743.723240039681,128074.11302468283,4606,2,732.5961538461538,42,10,17,36.733582136857805,0.6083829365079365,45.227713178294564,1019.0891472868202,24.264027316352863,0
4704,4,0,1,51,0.0,0.019230769230769232,0.9807692307692307,52,1300,900,400,0.6923076923076923,17,9,8,334.40865850308666,0.8608597285067873,0.33414741152383765,0.18873278366161325,129891.90853915017,-1712.6042230034373,128179.30431614674,4607,3,733.5961538461538,42,10,18,36.632802598225595,0.6091269841269842,45.155038759689916,1019.3798449612393,24.270948689553318,0
4705,4,0,0,51,0.0,0.0,1.0,51,1300,900,400,0.6923076923076923,17,9,8,338.7373916290425,0.8597058823529412,0.33257854039819557,0.19129662358181163,129916.60399202252,-1398.477686887824,128518.12630513469,4608,4,748.7843137254902,42,9,18,36.49744162468715,0.609375,45.130813953488364,1019.4767441860449,24.27325581395345,0
4706,4,0,0,51,0.0,0.0,1.0,51,1100,600,500,0.5454545454545454,16,6,10,338.20870221774527,0.8583986928104576,0.3368018687619454,0.1916030570260487,130040.11646685892,-1403.8601946998406,128636.25627215908,4609,5,749.7843137254902,42,9,19,36.3856957375388,0.6106150793650793,45.00968992248062,1019.9612403100772,24.28479143595422,0
4707,4,0,0,51,0.0,0.0,1.0,51,1500,1200,300,0.8,18,12,6,336.3598500624739,0.8576470588235295,0.3230092036814727,0.19164689131466553,130262.58680555563,-1436.5988935460537,128825.98791200959,4610,6,750.7843137254902,40,11,19,36.20748299319728,0.6158854166666666,44.79166666666667,1020.833333333334,25.52083333333335,0
4708,4,0,0,51,0.0,0.0,1.0,51,2050,1600,450,0.7804878048780488,25,16,9,338.46218602867935,0.8579084967320262,0.3246438929941866,0.1929733893782133,130288.5239027697,-1380.4522770837334,128908.07162568596,4611,7,751.7843137254902,40,11,19,36.12756320923749,0.6161458333333333,44.76626016260163,1020.9349593495949,25.523373983739873,0
4709,4,1,1,51,0.019230769230769232,0.019230769230769232,0.9807692307692307,52,1400,1000,400,0.7142857142857143,18,10,8,335.3256974263667,0.8627450980392156,0.32452623090363275,0.19255994062912093,130566.58340419494,-1643.5338718820974,128923.04953231284,4612,0,738.3076923076923,41,11,16,35.92627645117452,0.6173780487804879,44.49404761904761,1022.023809523809,24.927409988385584,0
4710,4,0,0,51,0.0,0.0,1.0,51,1300,900,400,0.6923076923076923,17,9,8,347.3016152403042,0.8571568627450982,0.332112474988006,0.1990747114952122,130496.11363110592,-1135.6977906669185,129360.415840439,4613,9,753.7843137254902,40,11,16,35.69164014322659,0.6182291666666666,44.56300813008131,1021.7479674796756,25.54369918699189,0
4711,4,1,0,52,0.019230769230769232,0.0,1.0,52,1500,1100,400,0.7333333333333333,19,11,8,342.2630194075713,0.8615353192559074,0.3477925218125939,0.19840735515822014,130931.13864100722,-1437.422630851503,129493.71601015571,4614,0,740.2692307692307,42,10,18,35.380373035409974,0.6195436507936507,44.13759689922481,1023.4496124031012,24.367847914359555,0
4712,4,2,0,54,0.037037037037037035,0.0,1.0,54,1300,700,600,0.5384615384615384,19,7,12,340.20872902151734,0.8670364546936874,0.3732583497158575,0.2007289722914749,131607.9117555588,-1843.3651462175967,129764.54660934121,4615,0,713.8148148148148,41,13,17,34.75005237036322,0.6277947154471544,43.477182539682545,1026.0912698412706,25.026616337591964,0
4713,4,0,0,54,0.0,0.0,1.0,54,1200,800,400,0.6666666666666666,16,8,8,340.63784453278265,0.8663813184253436,0.3751087481875297,0.2012506283090599,131658.81406092536,-1830.4050729087876,129828.40898801657,4616,1,714.8148148148148,41,13,18,34.687751731915576,0.6283028455284553,43.42757936507937,1026.289682539683,25.03145567169959,0
4714,4,1,1,54,0.01818181818181818,0.01818181818181818,0.9818181818181818,55,1600,1100,500,0.6875,21,11,10,350.7056114864717,0.8701459034792368,0.37870292778588843,0.19830602631231312,129966.00193986262,-1867.4969904864995,128098.50494937612,4617,0,702.8,42,13,16,36.14225981184073,0.6098710317460316,45.08236434108528,1019.6705426356608,24.277870062753827,7
4715,4,0,1,53,0.0,0.018518518518518517,0.9814814814814815,54,1400,1000,400,0.7142857142857143,18,10,8,353.7451115268984,0.8676187980433264,0.3776742909037145,0.19989828482739147,129941.3017922602,-1606.7799411093001,128334.5218511509,4618,1,716.5185185185185,42,12,16,36.089859342330364,0.6096230158730158,45.106589147286826,1019.5736434108537,24.27556293835366,0
4716,4,1,0,54,0.018518518518518517,0.0,1.0,54,1100,600,500,0.5454545454545454,16,6,10,352.71595191995453,0.8636006289308177,0.3807549478836978,0.2005833912322336,130188.40889970576,-1616.0942851991847,128572.31461450657,4619,0,716.8333333333334,42,12,17,35.86529940498799,0.6121031746031745,44.86434108527133,1020.5426356589164,24.29863418235515,0
4717,4,2,2,54,0.03571428571428571,0.03571428571428571,0.9642857142857143,56,1550,1000,550,0.6451612903225806,21,10,11,338.6365240009934,0.8693858225108225,0.3694030393897929,0.19480532511991516,130635.0314670141,-2352.3357748275903,128282.6956921865,4620,0,692.1964285714286,39,17,14,35.772450920453785,0.6212606837606838,44.42708333333334,1022.2916666666683,26.21260683760688,0
4718,4,1,0,55,0.01818181818181818,0.0,1.0,55,1250,800,450,0.64,17,8,9,345.94590419088667,0.8640572390572391,0.37504863182466597,0.1990101467602209,130635.03146701423,-1961.4691840277405,128673.56228298649,4621,0,705.7636363636364,39,16,15,35.58564295903812,0.6212606837606836,44.42708333333335,1022.2916666666694,26.212606837606906,0
4719,4,0,1,54,0.0,0.01818181818181818,0.9818181818181818,55,1450,900,550,0.6206896551724138,20,9,11,345.0061305257554,0.8626543209876544,0.37102323523302916,0.1994932059737383,130833.79937743755,-1972.3074269614476,128861.4919504761,4622,1,706.7636363636364,40,15,15,35.40859574186287,0.6216145833333333,44.23272357723578,1023.0691056910583,25.57672764227646,0
4720,4,0,0,54,0.0,0.0,1.0,54,1250,700,550,0.56,18,7,11,348.6080595675523,0.8592476123922665,0.37389297466816807,0.20089887144150714,130703.86860499717,-1687.1155975279103,129016.75300746926,4623,2,720.7962962962963,40,14,15,35.44793116014046,0.6203124999999999,44.35975609756098,1022.5609756097573,25.564024390243933,0
4721,4,1,0,55,0.01818181818181818,0.0,1.0,55,1600,1100,500,0.6875,21,11,10,344.6001620340937,0.8635802469135803,0.36972279947870823,0.20077043300451386,131124.83071932485,-1962.8724174855033,129161.95830183935,4624,0,708.6727272727272,41,14,17,35.1248708510913,0.6229674796747966,43.9484126984127,1024.2063492063498,24.98064266356951,0
4722,4,1,0,56,0.017857142857142856,0.0,1.0,56,2050,1500,550,0.7317073170731707,26,15,11,341.9789067264272,0.8630140692640693,0.36806438242608497,0.20137026740041342,131531.57675107085,-2203.6375661375587,129327.93918493329,4625,0,697.0,41,15,19,34.78159252095423,0.6270325203252032,43.551587301587304,1025.793650793651,25.019357336430513,0
4723,4,1,0,57,0.017543859649122806,0.0,1.0,57,950,500,450,0.5263157894736842,14,5,9,337.0001087328121,0.8653665413533834,0.3707820892359246,0.1997121449738747,131775.4529475394,-2518.3316056727226,129257.12134186667,4626,0,685.7543859649123,42,15,18,34.66363092991064,0.6279761904761904,43.3139534883721,1026.744186046513,24.446290143964596,0
4724,4,0,0,57,0.0,0.0,1.0,57,1050,600,450,0.5714285714285714,15,6,9,334.5289929763252,0.8646616541353382,0.3719741765507063,0.1988974680057221,131899.84568422884,-2575.135489904438,129324.7101943244,4627,1,686.7543859649123,42,15,18,34.60188504229161,0.6292162698412698,43.19282945736435,1027.2286821705436,24.457825765965325,0
4725,4,1,1,57,0.017241379310344827,0.017241379310344827,0.9827586206896551,58,1500,1100,400,0.7333333333333333,19,11,8,329.47950278551394,0.8664045170397258,0.37712897265910006,0.1972436592147246,132159.87761488376,-2891.205847050723,129268.67176783305,4628,0,675.8965517241379,44,14,19,34.470208614738105,0.6290246212121211,42.93981481481483,1028.2407407407436,23.369107744107808,0
4726,4,0,0,57,0.0,0.0,1.0,57,1400,800,600,0.5714285714285714,20,8,12,332.8498457337425,0.8654187552213868,0.3802063641328408,0.19923283489399005,132154.46815455705,-2602.48113234617,129551.98702221087,4629,1,688.3333333333334,43,14,20,34.38900656965679,0.630329457364341,42.945075757575765,1028.219696969698,23.912085976039485,0
4727,4,1,1,57,0.017241379310344827,0.017241379310344827,0.9827586206896551,58,1600,1100,500,0.6875,21,11,10,327.4243972423722,0.8667700141157492,0.37457373625793866,0.19700418660284175,132350.36115397833,-2933.0525548696605,129417.30859910867,4630,0,677.448275862069,44,14,21,34.33178859593869,0.6309185606060606,42.75462962962964,1028.9814814814836,23.385942760942807,0
4728,4,0,0,57,0.0,0.0,1.0,57,1600,900,700,0.5625,23,9,14,337.01884330337174,0.8636956975772765,0.3783635418382143,0.20277113794764343,132349.27847365718,-2479.1598513544336,129870.11862230275,4631,3,690.3333333333334,43,14,21,34.08606356218176,0.632267441860465,42.75568181818183,1028.9772727272739,23.929704016913345,0
4729,4,1,0,58,0.017241379310344827,0.0,1.0,58,1700,1100,600,0.6470588235294118,23,11,12,335.57436032452705,0.865068562210123,0.39014014626084426,0.20059257189841068,132103.35422092027,-2710.9613760115253,129392.39284490874,4632,0,679.4137931034483,39,19,19,34.37035582801364,0.6359508547008547,42.99479166666667,1028.0208333333344,26.359508547008573,3
4730,4,0,1,57,0.0,0.017241379310344827,0.9827586206896551,58,1900,1600,300,0.8421052631578947,22,16,6,332.5731630341697,0.8644888082274652,0.38813464598859815,0.199248539771626,132188.90587819752,-2807.5034908123416,129381.40238738517,4633,1,680.4137931034483,40,18,19,34.36151464242186,0.63515625,42.91158536585366,1028.3536585365855,25.708841463414636,0
4731,4,0,1,56,0.0,0.017543859649122806,0.9824561403508771,57,1150,700,450,0.6086956521739131,16,7,9,341.0748734657219,0.8621553884711779,0.3962911025918552,0.20416919805822584,132156.90239800359,-2384.9202473958267,129771.98215060776,4634,2,693.2631578947369,39,18,19,34.17513001046837,0.6364850427350428,42.942708333333336,1028.2291666666674,26.364850427350447,0
4732,4,0,1,55,0.0,0.017857142857142856,0.9821428571428571,56,1150,800,350,0.6956521739130435,15,8,7,347.57048936741774,0.8586715367965368,0.3980633881241922,0.20757142633171494,132068.3478180474,-2019.3879437869825,130048.95987426041,4635,3,706.5,38,18,19,34.09728718428436,0.6373355263157894,43.02884615384615,1027.8846153846157,27.04959514170041,0
4733,4,0,1,54,0.0,0.01818181818181818,0.9818181818181818,55,1450,1000,450,0.6896551724137931,19,10,9,346.47639007220096,0.8548821548821549,0.3943096803445931,0.20736870510291439,132150.72320841553,-1842.5788954635084,130308.14431295202,4636,4,719.1090909090909,38,17,19,34.042497921862,0.6381578947368421,42.94871794871795,1028.2051282051284,27.05802968960864,0
4734,4,1,0,55,0.01818181818181818,0.0,1.0,55,1950,1300,650,0.6666666666666666,26,13,13,339.8696428550957,0.8546576879910214,0.3876678562230971,0.20533444682027904,132505.23003472216,-1993.0989583333367,130512.13107638882,4637,0,718.2545454545455,39,16,20,33.8560636719277,0.639957264957265,42.604166666666664,1029.583333333333,26.39957264957264,0
4735,4,0,0,55,0.0,0.0,1.0,55,1350,800,550,0.5925925925925926,19,8,11,343.34197916208694,0.8535634118967452,0.39051383399209505,0.20832221925846894,132666.15125868068,-1890.028211805547,130776.12304687513,4638,1,719.2545454545455,39,16,17,33.60507246376811,0.641559829059829,42.44791666666667,1030.2083333333344,26.415598290598318,0
4736,4,0,1,54,0.0,0.01818181818181818,0.9818181818181818,55,1600,1000,600,0.625,22,10,12,346.92466961713416,0.8529180695847363,0.39371583444347436,0.21125043728378762,132800.32687717033,-1785.6580946180368,131014.6687825523,4639,2,720.2545454545455,39,16,17,33.3780739430689,0.6428952991452991,42.31770833333334,1030.7291666666683,26.428952991453034,0
4737,4,0,2,52,0.0,0.037037037037037035,0.962962962962963,54,1300,600,700,0.46153846153846156,20,6,14,352.7146336747483,0.850687165152574,0.39415410536450346,0.20774723160460046,131541.75347222213,-1509.1986762152826,130032.55479600685,4640,8,734.5555555555555,39,15,17,34.496005957216354,0.6303418803418804,43.541666666666664,1025.8333333333328,26.30341880341879,3
4738,4,2,3,51,0.037037037037037035,0.05555555555555555,0.9444444444444444,54,950,500,450,0.5263157894736842,14,5,9,347.6424144037782,0.8554478220358723,0.39234607984608005,0.20591127622377625,131755.55555555545,-1639.236111111119,130116.31944444432,4641,0,730.0185185185185,39,15,17,34.41051136363636,0.6324786324786326,43.33333333333333,1026.6666666666658,26.324786324786302,0
4739,4,2,1,52,0.03773584905660377,0.018867924528301886,0.9811320754716981,53,1000,600,400,0.6,14,6,8,355.3318183731008,0.8524733913884857,0.40411749464113256,0.21083021223470666,131821.37573964507,-1231.9341715976261,130589.44156804745,4642,0,743.8301886792453,38,15,18,34.14676966292134,0.6348684210526315,43.269230769230774,1026.9230769230776,27.024291497975724,0
4740,4,0,0,52,0.0,0.0,1.0,52,1450,900,550,0.6206896551724138,20,9,11,362.3620210169324,0.8484477124183005,0.41339375215683694,0.21443952217196732,131721.78578985852,-853.8054978454768,130867.98029201305,4643,1,759.1346153846154,37,15,18,34.06679484440646,0.6356981981981982,43.366228070175445,1026.535087719299,27.744191559981058,0
4741,4,0,0,52,0.0,0.0,1.0,52,1450,1200,250,0.8275862068965517,17,12,5,366.63948929252007,0.8469865510306686,0.4157986319452778,0.2180110506832147,131903.67408366204,-727.7808596318255,131175.8932240302,4644,2,760.1346153846154,38,14,18,33.77340093603743,0.6356907894736842,43.18910256410256,1027.2435897435896,27.032726045883937,0
4742,4,0,1,51,0.0,0.019230769230769232,0.9807692307692307,52,1550,900,650,0.5806451612903226,22,9,13,367.6609943380493,0.8473007792860733,0.41583089399683293,0.21909315015758088,131985.99810979603,-694.7793392505107,131291.21877054553,4645,3,761.1346153846154,38,14,19,33.66409336660428,0.636513157894737,43.10897435897435,1027.5641025641014,27.041160593792142,0
4743,4,0,0,51,0.0,0.0,1.0,51,1600,1400,200,0.875,18,14,4,374.19022875299385,0.8447712418300655,0.40508202033541774,0.22346891314913425,132068.34781804736,-316.2629437869831,131752.08487426038,4646,4,775.4313725490196,38,13,19,33.41323666978483,0.6373355263157894,43.02884615384615,1027.8846153846155,27.049595141700408,0
4744,4,0,0,51,0.0,0.0,1.0,51,1550,1000,550,0.6451612903225806,21,10,11,372.7511022941397,0.8440196078431373,0.40617818199599043,0.22309431644768685,132150.72320841564,-348.13445101905234,131802.5887573966,4647,5,776.4313725490196,38,13,19,33.36710307564423,0.638157894736842,42.948717948717956,1028.2051282051293,27.058029689608667,0
4745,4,0,0,51,0.0,0.0,1.0,51,1400,1000,400,0.7142857142857143,18,10,8,371.9412660979608,0.844967320261438,0.4058273776800436,0.2235826711937182,132315.55103550313,-357.2772846811114,131958.27375082203,4648,6,777.4313725490196,38,13,19,33.22170301142264,0.6398026315789472,42.78846153846155,1028.8461538461552,27.074898785425138,0
4746,4,0,0,51,0.0,0.0,1.0,51,1450,1100,350,0.7586206896551724,18,11,7,377.5144800524561,0.8450980392156864,0.4098363117263095,0.2277795288554126,132455.95838659603,-199.14018373283233,132256.81820286319,4649,7,778.4313725490196,36,15,19,32.936768406082486,0.6449652777777779,42.652027027027025,1029.3918918918916,28.594219219219212,0
4747,4,0,0,51,0.0,0.0,1.0,51,1500,800,700,0.5333333333333333,22,8,14,375.71358264301284,0.8452287581699347,0.40780109900009043,0.2268674750675313,132484.9405993832,-244.72166423179186,132240.2189351514,4650,8,779.4313725490196,36,15,19,32.953903230511195,0.6452546296296295,42.623873873873876,1029.504504504505,28.59734734734736,0
4748,4,1,1,51,0.019230769230769232,0.019230769230769232,0.9807692307692307,52,1250,900,350,0.72,16,9,7,369.6733616988053,0.8499245852187027,0.4015543405307185,0.22472123242208078,132736.76155163115,-586.1510272391629,132150.610524392,4651,0,765.4230769230769,37,15,19,32.85583812158615,0.6458333333333334,42.379385964912274,1030.48245614035,27.85087719298243,0
4749,4,0,0,51,0.0,0.0,1.0,51,1150,800,350,0.6956521739130435,15,8,7,375.3956057548351,0.8457516339869282,0.40706402843177947,0.2279795479785659,132700.54879830507,-236.9594199722547,132463.5893783328,4652,10,781.4313725490196,38,13,19,32.744884556892025,0.6436403508771931,42.41452991452991,1030.3418803418792,27.114260008996823,0
4750,4,0,0,51,0.0,0.0,1.0,51,1450,1000,450,0.6896551724137931,19,10,9,377.4311433366518,0.8453921568627452,0.4095978013847057,0.22955238389819277,132755.59413580224,-178.78086419755226,132576.81327160468,4653,11,782.4313725490196,38,13,19,32.63701707097933,0.6441885964912282,42.3611111111111,1030.5555555555536,27.119883040935623,0
4751,4,1,0,52,0.019230769230769232,0.0,1.0,52,1700,1300,400,0.7647058823529411,21,13,8,366.63269907736395,0.8490918803418802,0.4010584105980832,0.22502252274227807,133095.751953125,-640.5490451388883,132455.20290798612,4654,0,768.3653846153846,39,13,20,32.57327209098862,0.6458333333333334,42.03125,1031.875,26.458333333333332,0
4752,4,0,0,52,0.0,0.0,1.0,52,1000,700,300,0.7,13,7,6,368.39946722037905,0.8489976118652588,0.40174585180641476,0.2262699021545131,133122.62505425356,-591.5391710069384,132531.08588324662,4655,1,769.3653846153846,39,13,20,32.50069395377006,0.6461004273504274,42.005208333333336,1031.9791666666672,26.461004273504287,0
4753,4,0,0,52,0.0,0.0,1.0,52,1400,1000,400,0.7142857142857143,18,10,8,373.5145307764014,0.8477564102564101,0.4073539454895385,0.23024104658306524,133257.03125,-445.31250000000045,132811.71875,4656,2,770.3653846153846,39,13,20,32.23365617433415,0.6474358974358975,41.875,1032.5,26.474358974358974,0
4754,4,0,0,52,0.0,0.0,1.0,52,1250,800,450,0.64,17,8,9,375.2285810620036,0.8473793363499245,0.4058895649804741,0.23198438551789582,133367.22932778118,-391.3607558331598,132975.86857194803,4657,3,771.3653846153846,40,12,22,32.078700970746425,0.646875,41.768292682926834,1032.9268292682934,25.823170731707336,0
4755,4,0,0,52,0.0,0.0,1.0,52,1250,800,450,0.64,17,8,9,374.6097814776272,0.8470965309200602,0.40601736972704683,0.23225806451612907,133472.2222222223,-399.999999999991,133072.2222222223,4658,4,772.3653846153846,40,12,22,31.989247311827953,0.6479166666666667,41.66666666666667,1033.3333333333342,25.833333333333353,0
4756,4,0,0,52,0.0,0.0,1.0,52,1600,1100,500,0.6875,21,11,10,372.62499030080426,0.8458081950729008,0.4017415776164448,0.2320907304185327,133642.23246575875,-440.3128847337582,133201.919581025,4659,5,773.3653846153846,37,15,22,31.86991869918698,0.6548423423423423,41.502192982456144,1033.991228070176,27.945708866761514,0
4757,4,0,0,52,0.0,0.0,1.0,52,1600,1200,400,0.75,20,12,8,379.45780801146435,0.8457296380090497,0.4073115246000554,0.23707317621060642,133755.63274276713,-249.07615804861467,133506.55658471852,4660,6,774.3653846153846,37,15,20,31.579482015405272,0.6559684684684683,41.39254385964913,1034.4298245614045,27.957562825983906,0
4758,4,0,0,52,0.0,0.0,1.0,52,1450,1100,350,0.7586206896551724,18,11,7,374.14972184660127,0.8455253896430366,0.3934237796888773,0.23458824307624784,133886.5389751809,-381.27773668637656,133505.26123849454,4661,7,775.3653846153846,38,14,20,31.585501187158048,0.6554276315789472,41.26602564102565,1034.9358974358984,27.235155195681536,0
4759,4,0,0,52,0.0,0.0,1.0,52,1400,1200,200,0.8571428571428571,16,12,4,376.54918574892883,0.8454154097536449,0.3953679447487497,0.23662526653094168,133969.4793721236,-310.7803254437846,133658.69904667983,4662,8,776.3653846153846,38,14,20,31.440273477812177,0.65625,41.18589743589744,1035.2564102564104,27.243589743589748,0
4760,4,0,0,52,0.0,0.0,1.0,52,1150,800,350,0.6956521739130435,15,8,7,375.513824132433,0.8455096782302663,0.3942387059906669,0.2363298690578922,134024.7872379282,-334.3679231499822,133690.4193147782,4663,9,777.3653846153846,38,14,20,31.411645343238405,0.6567982456140351,41.13247863247863,1035.470085470085,27.24921277552855,0
4761,4,0,0,52,0.0,0.0,1.0,52,1450,1000,450,0.6896551724137931,19,10,9,373.6670271296932,0.8449440673705378,0.3908987052551409,0.2358773108756188,134135.43721236024,-375.60198882315035,133759.83522353708,4664,10,778.3653846153846,38,14,20,31.348623143564353,0.6578947368421053,41.02564102564102,1035.8974358974353,27.260458839406194,0
4762,4,1,2,51,0.018867924528301886,0.03773584905660377,0.9622641509433962,53,1100,600,500,0.5454545454545454,16,6,10,368.04242900182874,0.8465469279148524,0.38941273466448023,0.23411261218614762,134415.72401258702,-705.8620876735935,133709.86192491342,4665,0,764.6603773584906,39,14,20,31.213900050226016,0.6589209401709402,40.75520833333334,1036.9791666666683,26.589209401709443,0
4763,4,0,0,51,0.0,0.0,1.0,51,1700,1400,300,0.8235294117647058,20,14,6,371.8515368757003,0.8429084967320263,0.38722308088614166,0.23633393355459534,134384.566588593,-205.77847633136508,134178.78811226165,4666,12,773.9411764705883,38,13,21,31.146316331787737,0.6603618421052632,40.78525641025641,1036.8589743589741,27.2857624831309,0
4764,4,0,0,51,0.0,0.0,1.0,51,1900,1400,500,0.7368421052631579,24,14,10,370.67718289925244,0.842843137254902,0.3859334010824098,0.23596304558471598,134442.73003472228,-233.0295138888799,134209.7005208334,4667,13,774.9411764705883,39,12,21,31.11858845587251,0.6591880341880341,40.72916666666667,1037.083333333334,26.59188034188036,0
4765,4,0,0,51,0.0,0.0,1.0,51,1200,900,300,0.75,15,9,6,369.1688790795953,0.8420588235294119,0.38520679885570064,0.2355254879406592,134523.7643771702,-267.6025390624922,134256.1618381077,4668,14,775.9411764705883,39,12,21,31.07668524282893,0.6599893162393162,40.65104166666667,1037.395833333334,26.59989316239318,0
4766,4,0,0,51,0.0,0.0,1.0,51,1150,900,250,0.782608695652174,14,9,5,369.6250917299097,0.8411111111111111,0.38650489781711506,0.23636026136026142,134607.66774392137,-249.12026717353484,134358.54747674783,4669,15,776.9411764705883,37,14,21,30.98099816849816,0.6644144144144144,40.5701754385965,1037.7192982456154,28.04646752015177,0
4767,4,0,1,50,0.0,0.0196078431372549,0.9803921568627451,51,1350,900,450,0.6666666666666666,18,9,9,372.6496330601248,0.8401307189542484,0.3874847784487685,0.23904110608490964,134721.4768005543,-159.21822099104716,134562.25857956323,4670,16,777.9411764705883,37,14,22,30.78879735248556,0.6655405405405403,40.46052631578949,1038.1578947368441,28.058321479374165,0
4768,4,0,0,50,0.0,0.0,1.0,50,1050,700,350,0.6666666666666666,14,7,7,374.97612000696387,0.837108843537415,0.3827852494577002,0.2407576480824659,134755.32119957815,106.00549874200814,134861.32669832016,4671,17,792.56,36,14,22,30.694595083152578,0.667824074074074,40.42792792792794,1038.2882882882898,28.841341341341383,0
4769,4,0,0,50,0.0,0.0,1.0,50,1550,1200,350,0.7741935483870968,19,12,7,374.28255702262913,0.836751700680272,0.3859720264555997,0.24089379088762808,134843.02873397057,93.8787182452802,134936.90745221585,4672,18,793.56,36,14,18,30.624977411543593,0.6686921296296295,40.34346846846847,1038.626126126127,28.850725725725752,0
4770,4,0,1,49,0.0,0.02,0.98,50,1300,600,700,0.46153846153846156,20,6,14,373.45424901403476,0.8358333333333333,0.3866514905149052,0.24074880832665782,134901.5162755662,75.90889030924257,134977.42516587544,4673,19,794.56,36,14,18,30.58807588075881,0.6692708333333333,40.28716216216217,1038.8513513513522,28.856981981982003,0
4771,4,0,0,49,0.0,0.0,1.0,49,1100,900,200,0.8181818181818182,13,9,4,374.84209813042605,0.8351757369614513,0.38226765725256184,0.24203415251570626,134960.01649876242,317.7391496226145,135277.75564838503,4674,20,803.3877551020408,36,13,18,30.493614753802255,0.669849537037037,40.230855855855864,1039.0765765765777,28.86323823823827,0
4772,4,0,1,48,0.0,0.02040816326530612,0.9795918367346939,49,1050,700,350,0.6666666666666666,14,7,7,370.1054900114913,0.8346442743764173,0.37864549936984515,0.23955635854180002,135047.79061155766,196.3857438519783,135244.17635540964,4675,21,804.3877551020408,36,13,18,30.52907186710005,0.6707175925925926,40.146396396396405,1039.4144144144157,28.872622622622657,0
4773,4,0,0,48,0.0,0.0,1.0,48,1000,800,200,0.8,12,8,4,370.5607608001574,0.8354942375886525,0.3705327321309291,0.24014262290815397,135091.6883680555,411.9357638888823,135503.62413194438,4676,22,799.9166666666666,35,13,18,30.473446893787568,0.6732142857142858,40.104166666666664,1039.583333333333,29.702380952380945,0
4774,4,0,0,48,0.0,0.0,1.0,48,1150,800,350,0.6956521739130435,15,8,7,370.7431991493338,0.8343491430260047,0.3716050756901166,0.24066162580618597,135151.85613854593,421.3263031550089,135573.18244170095,4677,23,800.9166666666666,35,13,18,30.40868952211339,0.6738095238095239,40.0462962962963,1039.8148148148148,29.70899470899471,0
4775,4,0,0,48,0.0,0.0,1.0,48,1500,1200,300,0.8,18,12,6,368.430715809776,0.8333887411347517,0.36857476635513997,0.23996052707958437,135272.23186728384,367.6890432098654,135639.9209104937,4678,24,801.9166666666666,35,13,18,30.34879839786382,0.675,39.93055555555555,1040.277777777777,29.722222222222197,0
4776,4,0,0,48,0.0,0.0,1.0,48,1150,600,550,0.5217391304347826,17,6,11,369.822602297337,0.8331855791962175,0.37105204626334554,0.24167477033849194,135392.66117969799,414.25325788749126,135806.91443758548,4679,25,802.9166666666666,35,13,18,30.192578588374857,0.6761904761904762,39.8148148148148,1040.7407407407388,29.73544973544968,0
4777,4,0,0,48,0.0,0.0,1.0,48,1400,800,600,0.5714285714285714,20,8,12,368.8665274761068,0.8330193557919622,0.3695217024863051,0.2411350605236365,135405.34106648187,389.2995921821978,135794.64065866405,4680,26,803.9166666666666,37,11,18,30.204821604157893,0.6722972972972973,39.80263157894736,1040.7894736842095,28.129445234708363,0
4778,4,0,0,48,0.0,0.0,1.0,48,1700,1600,100,0.9411764705882353,18,16,2,333.77894893446444,0.8334072104018913,0.2954872701093003,0.20960988741346845,133945.20147564294,-637.1738385754904,133308.02763706745,4681,27,804.9166666666666,40,8,17,32.571462464821,0.6526041666666667,41.20934959349594,1035.1626016260175,25.87906504065044,4
4779,4,0,0,48,0.0,0.0,1.0,48,1250,700,550,0.56,18,7,11,326.5760212952999,0.8334072104018913,0.2588344140957619,0.20391967759162996,133734.88519565103,-862.3469413047468,132872.5382543463,4682,28,805.9166666666666,40,8,15,32.967757254208436,0.6505208333333332,41.412601626016276,1034.3495934959374,25.858739837398435,1
4780,4,0,0,48,0.0,0.0,1.0,48,950,500,450,0.5263157894736842,14,5,9,323.0194846437576,0.8330747635933806,0.2589068890593049,0.20250836921897142,133882.59007306644,-950.6629503653097,132931.92712270113,4683,29,806.9166666666666,41,7,16,32.91235301635992,0.6504065040650406,41.26984126984128,1034.9206349206363,25.241966705381373,0
4781,4,0,0,48,0.0,0.0,1.0,48,1350,900,450,0.6666666666666666,18,9,9,325.8191756717762,0.8307845744680851,0.2672486747141849,0.2051206607757543,134036.64040847853,-865.6584624590257,133170.9819460195,4684,30,807.9166666666666,41,7,17,32.68625854250495,0.651930894308943,41.12103174603176,1035.5158730158755,25.25648470770428,0
4782,4,0,1,47,0.0,0.020833333333333332,0.9791666666666666,48,1000,300,700,0.3,17,3,14,325.90637290851777,0.8296394799054373,0.25978819510949336,0.20575056504901734,134139.38984158495,-856.6235985134618,133282.7662430715,4685,31,808.9166666666666,41,7,18,32.581561642086456,0.6529471544715446,41.021825396825406,1035.9126984127,25.26616337591951,0
4783,4,0,1,46,0.0,0.02127659574468085,0.9787234042553191,47,1400,900,500,0.6428571428571429,19,9,10,326.2759588044538,0.8323311748381128,0.2622124488322697,0.20666846135949196,134260.98573104638,-638.7736301143473,133622.21210093203,4686,32,809.5744680851063,40,7,19,32.45080734784599,0.6557291666666667,40.90447154471545,1036.3821138211385,25.909552845528463,0
4784,4,0,0,46,0.0,0.0,1.0,46,1050,900,150,0.8571428571428571,12,9,3,331.3470212810429,0.832427536231884,0.25282637101390937,0.20983905249682358,134253.74484592033,-303.0843098958147,133950.66053602452,4687,33,819.1086956521739,39,7,19,32.326636680403396,0.6573183760683761,40.91145833333334,1036.3541666666683,26.573183760683804,0
4785,4,0,0,46,0.0,0.0,1.0,46,1000,700,300,0.7,13,7,6,327.6114934808215,0.8314210950080515,0.24543770911409846,0.20824040907459113,134388.720703125,-394.5421006944433,133994.17860243056,4688,34,820.1086956521739,39,7,19,32.288945817426836,0.6586538461538461,40.78125,1036.875,26.58653846153846,0
4786,4,0,0,46,0.0,0.0,1.0,46,1150,1000,150,0.8695652173913043,13,10,3,339.8514380620808,0.8314210950080515,0.2100802084816471,0.19784419071932968,131093.8545694531,-269.45006666621407,130824.40450278689,4689,35,821.1086956521739,40,6,18,35.27773642949291,0.6242187499999998,43.978658536585385,1024.0853658536616,25.60213414634154,8
4787,4,0,0,46,0.0,0.0,1.0,46,1300,800,500,0.6153846153846154,18,8,10,341.01285228246024,0.831400966183575,0.20601913768259728,0.19865477024870765,131119.8742894444,-257.287535527766,130862.58675391662,4690,36,822.1086956521739,40,6,18,35.22172884831646,0.6244791666666665,43.95325203252034,1024.186991869921,25.604674796748025,0
4788,4,0,1,45,0.0,0.021739130434782608,0.9782608695652174,46,1550,1100,450,0.7096774193548387,20,11,9,341.06682530239857,0.8305958132045089,0.20607988688582468,0.199767711962834,131328.12500000047,-241.6666666666232,131086.45833333384,4691,37,823.1086956521739,40,6,20,35.01016260162601,0.6265624999999999,43.75000000000002,1025.0000000000036,25.625000000000092,0
4789,4,0,1,44,0.0,0.022222222222222223,0.9777777777777777,45,1250,700,550,0.56,18,7,11,338.94116541788503,0.8295454545454546,0.19258394917671495,0.19236594620074637,130110.7213718818,-180.02409297055112,129930.69727891125,4692,38,814.6,41,4,17,36.29545896538312,0.6128048780487806,44.940476190476176,1020.2380952380929,24.8838559814169,4
4790,4,2,1,45,0.043478260869565216,0.021739130434782608,0.9782608695652174,46,1000,700,300,0.7,13,7,6,325.73570899638594,0.8401368760064413,0.1882440772887779,0.18725509738614712,130608.41064453113,-690.8810431724929,129917.52960135863,4693,0,783.5434782608696,39,7,14,36.12905074900642,0.6209935897435899,44.45312499999999,1022.1874999999991,26.209935897435873,0
4791,4,2,1,46,0.0425531914893617,0.02127659574468085,0.9787234042553191,47,1200,1000,200,0.8333333333333334,14,10,4,324.44194270428443,0.842468393462843,0.20037924539457586,0.18874578606745762,131067.8374314229,-895.2192395399792,130172.61819188292,4694,0,767.8297872340426,40,7,16,35.698483194389304,0.6239583333333334,44.004065040650396,1023.9837398373968,25.59959349593492,0
4792,4,0,0,46,0.0,0.0,1.0,46,800,500,300,0.625,11,5,6,330.2156900171788,0.8368357487922705,0.1967310389470276,0.19197478805095655,131041.82287535531,-545.5868076211201,130496.2360677342,4695,1,785.5217391304348,40,6,16,35.57692307692308,0.6236979166666667,44.02947154471545,1023.8821138211384,25.59705284552846,0
4793,4,0,0,46,0.0,0.0,1.0,46,1200,800,400,0.6666666666666666,16,8,8,331.6910255719341,0.8369565217391305,0.2029210114044102,0.19324933115150397,131124.83071932485,-501.41408415216915,130623.41663517267,4696,2,786.5217391304348,41,5,18,35.45541133927418,0.6229674796747966,43.9484126984127,1024.2063492063498,24.98064266356951,0
4794,4,0,0,46,0.0,0.0,1.0,46,650,300,350,0.46153846153846156,10,3,7,330.1156274087638,0.8373590982286635,0.20176590960766005,0.1925860999221973,131175.63952664388,-539.3742913832311,130636.26523526065,4697,3,787.5217391304348,41,5,18,35.44450900639164,0.6234756097560975,43.89880952380952,1024.404761904761,24.9854819976771,0
4795,4,0,0,46,0.0,0.0,1.0,46,1100,800,300,0.7272727272727273,14,8,6,332.730166036881,0.8374194847020934,0.19878477931987115,0.19463242455785693,131278.46884201674,-463.93865302565234,130814.53018899109,4698,4,788.5217391304348,42,4,18,35.273851172465974,0.623015873015873,43.798449612403104,1024.8062015503879,24.400147655961614,0
4796,4,0,0,46,0.0,0.0,1.0,46,1200,700,500,0.5833333333333334,17,7,10,330.1631206161393,0.8382648953301127,0.19762140733399414,0.19390837526291335,131432.31232236128,-521.1607438512708,130911.15157851,4699,5,789.5217391304348,40,6,19,35.18458870168484,0.6276041666666665,43.64837398373985,1025.4065040650428,25.63516260162607,0
4797,4,1,1,46,0.02127659574468085,0.02127659574468085,0.9787234042553191,47,1650,1300,350,0.7878787878787878,20,13,7,327.82112389012696,0.8428923835954363,0.20032821812109547,0.19380784844384313,131684.26890432098,-766.2229938271588,130918.04591049382,4700,0,773.7021276595744,41,6,14,34.99097880018043,0.6285569105691057,43.40277777777778,1026.388888888889,25.03387533875339,0
4798,4,0,0,46,0.0,0.0,1.0,46,1200,800,400,0.6666666666666666,16,8,8,334.0417606117047,0.8370169082125604,0.1865690916917775,0.1975305493078582,131692.96136558938,-399.881252708182,131293.0801128812,4701,7,791.5217391304348,40,6,17,34.822607260726066,0.6302083333333333,43.394308943089435,1026.422764227643,25.660569105691074,3
4799,4,0,0,46,0.0,0.0,1.0,46,750,500,250,0.6666666666666666,10,5,5,336.6858751068718,0.8367149758454107,0.18115511849299426,0.20005197764286622,131875.5693225759,-319.8717074823152,131555.69761509358,4702,8,792.5217391304348,40,6,18,34.570924441806,0.63203125,43.21646341463415,1027.134146341464,25.6783536585366,0
4800,4,0,0,46,0.0,0.0,1.0,46,950,400,550,0.42105263157894735,15,4,11,336.0958242712949,0.8364734299516908,0.17901346062873635,0.2001135914830853,131953.86860499688,-330.17115308349526,131623.69745191338,4703,9,793.5217391304348,40,6,18,34.50729475766568,0.6328125,43.14024390243902,1027.4390243902428,25.68597560975607,0
4801,4,0,0,46,0.0,0.0,1.0,46,1500,1300,200,0.8666666666666667,17,13,4,334.1175792355832,0.8368156199677939,0.17105619542646355,0.19934696630144266,132032.19112507434,-377.1447840240614,131655.04634105027,4704,10,794.5217391304348,40,6,18,34.47934177131745,0.6335937500000001,43.0640243902439,1027.7439024390242,25.693597560975604,0
4802,4,0,0,46,0.0,0.0,1.0,46,1300,800,500,0.6153846153846154,18,8,10,332.39627908198463,0.8360104669887278,0.17015232004401093,0.19873054132348433,132110.53688280782,-417.38982252627954,131693.14706028154,4705,11,795.5217391304348,40,6,18,34.44481514432581,0.6343750000000001,42.98780487804878,1028.0487804878046,25.701219512195117,0
4803,4,0,0,46,0.0,0.0,1.0,46,1250,900,350,0.72,16,9,7,331.0993529953974,0.8361111111111111,0.16632003231434278,0.1982285948880137,132162.78029777252,-448.1977906669279,131714.5825071056,4706,12,796.5217391304348,40,6,18,34.42565230282664,0.6348958333333334,42.9369918699187,1028.2520325203254,25.706300813008134,0
4804,4,0,0,46,0.0,0.0,1.0,46,1050,600,450,0.5714285714285714,15,6,9,331.16279365698574,0.8345209339774557,0.17497176039067286,0.1989531727115529,132293.4340195154,-437.8673615242335,131855.56665799118,4707,13,797.5217391304348,40,6,19,34.29278211333924,0.6361979166666667,42.80995934959349,1028.7601626016253,25.719004065040632,0
4805,4,0,0,46,0.0,0.0,1.0,46,900,600,300,0.6666666666666666,12,6,6,331.72104252400567,0.8338768115942029,0.18117659688674181,0.19956479830989626,132345.7135819451,-419.6283834027538,131926.08519854237,4708,14,798.5217391304348,40,6,19,34.22592592592592,0.6367187500000002,42.759146341463406,1028.963414634145,25.724085365853625,0
4806,4,0,0,46,0.0,0.0,1.0,46,1300,800,500,0.6153846153846154,18,8,10,328.5484164889019,0.8331723027375202,0.18189621872183337,0.19834299517476608,132476.457672351,-495.0139219380121,131981.443750413,4709,15,799.5217391304348,40,6,19,34.1763326752221,0.6380208333333335,42.632113821138205,1029.4715447154463,25.736788617886155,0
4807,4,0,0,46,0.0,0.0,1.0,46,850,500,350,0.5882352941176471,12,5,7,329.3655158132747,0.8319847020933978,0.18574052064069613,0.19925138935736778,132554.93511013602,-468.19508477098617,132086.74002536503,4710,16,800.5217391304348,40,6,20,34.07657324254086,0.6388020833333334,42.55589430894308,1029.7764227642265,25.74441056910566,0
4808,4,0,0,46,0.0,0.0,1.0,46,900,600,300,0.6666666666666666,12,6,6,330.7415991660682,0.8313607085346216,0.18542931297054976,0.20036258861614467,132607.26631180177,-428.2521357988067,132179.01417600297,4711,17,801.5217391304348,40,6,21,33.98865318204242,0.6393229166666667,42.505081300813,1029.9796747967473,25.749491869918682,0
4809,4,0,0,46,0.0,0.0,1.0,46,850,600,250,0.7058823529411765,11,6,5,330.43719290874515,0.8300120772946861,0.18421233170397033,0.20087728633661114,132738.13950029737,-427.67635831846763,132310.4631419789,4712,18,802.5217391304348,40,6,18,33.865261341222876,0.640625,42.3780487804878,1030.4878048780483,25.76219512195121,0
4810,4,0,0,46,0.0,0.0,1.0,46,1400,900,500,0.6428571428571429,19,9,10,332.48127505966625,0.8284822866344606,0.1903084531063861,0.20296961592992604,132895.27253123125,-362.9620678828883,132532.31046334837,4713,19,803.5217391304348,40,6,19,33.65509396149551,0.6421875000000001,42.225609756097555,1031.0975609756085,25.777439024390212,0
4811,4,0,1,45,0.0,0.021739130434782608,0.9782608695652174,46,1850,1200,650,0.6486486486486487,25,12,13,331.6172196793141,0.8270330112721417,0.19955802240723575,0.20329577380340555,133052.49851278996,-375.5000743605053,132676.99843842944,4714,20,804.5217391304348,40,6,19,33.51987293144207,0.64375,42.073170731707314,1031.7073170731703,25.792682926829258,0
4812,4,0,0,45,0.0,0.0,1.0,45,1100,800,300,0.7272727272727273,14,8,6,337.1317349327556,0.8251683501683502,0.2044273901286926,0.20646973228442045,133015.14892578125,-31.274414062501023,132983.87451171875,4715,21,820.7777777777778,39,6,19,33.41506361708573,0.6450320512820513,42.109375,1031.5625,26.450320512820515,0
4813,4,0,0,45,0.0,0.0,1.0,45,800,300,500,0.375,13,3,10,338.1110963033216,0.8250000000000001,0.2039374053508325,0.2073678271755047,133068.88156467024,-1.5869140624893134,133067.29465060774,4716,22,821.7777777777778,39,6,19,33.33596247686353,0.6455662393162394,42.05729166666667,1031.7708333333342,26.455662393162413,0
4814,4,1,0,46,0.021739130434782608,0.0,1.0,46,1100,900,200,0.8181818181818182,13,9,4,330.318123196732,0.8280394524959742,0.20802747976660996,0.20421857689608197,133367.22932778118,-389.2774224998258,132977.95190528137,4717,0,804.8913043478261,40,6,20,33.238431391840486,0.646875,41.768292682926834,1032.9268292682934,25.823170731707336,0
4815,4,1,3,44,0.02127659574468085,0.06382978723404255,0.9361702127659575,47,1300,800,500,0.6153846153846154,18,8,10,320.69071349661033,0.8325238976256552,0.19549375294056115,0.19981800427605692,133656.05919302328,-827.5072914601192,132828.55190156316,4718,0,788.7446808510638,40,7,20,33.1986076986077,0.6497395833333334,41.48882113821138,1034.044715447154,25.851117886178848,0
4816,4,1,1,44,0.022222222222222223,0.022222222222222223,0.9777777777777777,45,1600,1500,100,0.9375,17,15,2,334.8289165314582,0.8300505050505051,0.20624978466838906,0.2080584307926693,133555.03420858,-56.38251972385501,133498.65168885616,4719,0,803.9555555555555,38,7,20,32.93410852713178,0.6521381578947367,41.58653846153847,1033.653846153847,27.201417004048608,0
4817,4,0,0,44,0.0,0.0,1.0,44,1400,1100,300,0.7857142857142857,17,11,6,344.2818284797613,0.8263521846370684,0.21098866650590797,0.21361792188424958,133500.5497484804,392.3626740920402,133892.91242257244,4720,3,823.2272727272727,37,7,20,32.74436339522547,0.6534346846846846,41.63925438596492,1033.4429824561412,27.930891417733545,0
4818,4,0,0,44,0.0,0.0,1.0,44,800,500,300,0.625,11,5,6,345.38344926008455,0.8248106060606061,0.21086193428932365,0.21462951721653376,133557.21381819405,425.69023641889936,133982.90405461294,4721,4,824.2272727272727,37,7,20,32.659183727590964,0.6539977477477477,41.584429824561404,1033.6622807017545,27.936818397344716,0
4819,4,0,1,43,0.0,0.022727272727272728,0.9772727272727273,44,1250,800,450,0.64,17,8,9,345.14966198978533,0.8243701550387598,0.20523963786770016,0.2148129480463159,133613.88991083798,423.35778797322735,134037.2476988112,4722,5,825.2272727272727,37,7,22,32.608508325379155,0.6545608108108107,41.5296052631579,1033.8815789473688,27.942745376955912,0
4820,4,0,0,43,0.0,0.0,1.0,43,600,500,100,0.8333333333333334,7,5,2,349.53108989722136,0.8236895533407161,0.21944856721695083,0.217733681644253,133646.82883897418,742.7443490788179,134389.573188053,4723,6,842.5348837209302,36,7,22,32.46229035068612,0.6568287037037037,41.49774774774775,1034.0090090090098,28.722472472472493,0
4821,4,0,0,43,0.0,0.0,1.0,43,1100,1100,0,1.0,11,11,0,350.9540050457327,0.8240586932447397,0.22257508186259223,0.21879230334928496,133675.94103816673,782.8213771203821,134458.7624152871,4724,7,843.5348837209302,36,7,22,32.39636647428219,0.6571180555555556,41.469594594594604,1034.121621621623,28.72560060060064,0
4822,4,0,0,43,0.0,0.0,1.0,43,1400,1100,300,0.7857142857142857,17,11,6,341.5755725001728,0.8240586932447397,0.17735163624452843,0.20364161994094246,132003.3327562325,432.0547178111092,132435.38747404361,4725,8,844.5348837209302,37,6,17,34.3167591407028,0.6385135135135136,43.09210526315788,1027.6315789473667,27.77382645803694,5
4823,4,1,1,43,0.022727272727272728,0.022727272727272728,0.9772727272727273,44,850,300,550,0.35294117647058826,14,3,11,334.89761256208976,0.8273431994362227,0.1727617951668592,0.20104036012465848,132264.03130425335,58.98166232638394,132323.01296657973,4726,0,826.3181818181819,39,5,18,34.22626582278482,0.6375534188034189,42.838541666666664,1028.6458333333326,26.37553418803417,0
4824,4,1,1,43,0.022727272727272728,0.022727272727272728,0.9772727272727273,44,1650,1200,450,0.7272727272727273,21,12,9,334.16988541409773,0.8279378083157153,0.17323477716736146,0.20117393650249063,132371.20361328125,46.89398871527871,132418.09760199653,4727,0,827.2954545454545,39,5,19,34.13733255727637,0.6386217948717949,42.734375,1029.0625,26.38621794871795,0
4825,4,0,0,43,0.0,0.0,1.0,43,1450,1000,450,0.6896551724137931,19,10,9,339.7805386355766,0.8237356958287191,0.1770668547290528,0.20410148512301726,132288.07259706687,389.7825124187241,132677.8551094856,4728,11,847.5348837209302,38,5,19,34.07653096548621,0.6395285087719298,42.81517094017094,1028.7393162393155,27.072087269455672,0
4826,4,0,0,43,0.0,0.0,1.0,43,1450,1300,150,0.896551724137931,16,13,3,338.8107646470823,0.8240125507567367,0.1745562558864011,0.2036671450406617,132315.55103550287,365.9866042077474,132681.53763971062,4729,12,848.5348837209302,38,5,19,34.0738577362409,0.6398026315789473,42.78846153846153,1028.8461538461531,27.07489878542508,0
4827,4,0,0,43,0.0,0.0,1.0,43,1450,1100,350,0.7586206896551724,18,11,7,338.93099601672634,0.8220745662606127,0.17335819392833174,0.20434666763232173,132427.78427479847,376.8532112602008,132804.63748605867,4730,13,849.5348837209302,35,8,19,33.958005360021,0.6467261904761905,42.679398148148145,1029.282407407407,29.40806878306877,0
4828,4,0,0,43,0.0,0.0,1.0,43,1200,800,400,0.6666666666666666,16,8,8,365.0010365342853,0.8223052787006275,0.12775719527151375,0.21076315415390393,130780.4145995656,1083.963951947734,131864.37855151333,4731,14,850.5348837209302,36,7,14,34.9512826158758,0.6281828703703705,44.2849099099099,1022.860360360359,28.41278778778775,8
4829,4,0,0,43,0.0,0.0,1.0,43,800,500,300,0.625,11,5,6,363.08283928857554,0.8223514211886305,0.12371529866506248,0.2099686565841315,130838.01442912496,901.0075531612514,131739.0219822862,4732,15,851.5348837209302,36,7,14,34.94198312236286,0.6287615740740742,44.228603603603595,1023.0855855855847,28.419044044044018,0
4830,4,2,0,45,0.044444444444444446,0.0,1.0,45,850,600,250,0.7058823529411765,11,6,5,356.17866664792166,0.8305555555555556,0.14216658736259036,0.20940730259280968,131472.44953991144,367.36884688741765,131839.81838679887,4733,0,814.6444444444444,36,9,16,34.477142125105225,0.6351273148148149,43.60923423423423,1025.5630630630624,28.487862862862844,0
4831,4,0,0,45,0.0,0.0,1.0,45,1050,700,350,0.6666666666666666,14,7,7,361.68044694104975,0.8291666666666667,0.14236758984865694,0.21328611987572188,131587.96623904307,518.5588882801711,132106.52512732326,4734,1,815.6444444444444,36,9,14,34.21939596824351,0.6362847222222222,43.49662162162162,1026.0135135135133,28.50037537537537,0
4832,4,0,0,45,0.0,0.0,1.0,45,1600,1300,300,0.8125,19,13,6,365.65705513126034,0.8280303030303031,0.1475468204799546,0.21638946587476987,131721.7857898584,633.0000577100643,132354.78584756848,4735,2,816.6444444444444,37,8,14,33.98223314106672,0.6356981981981982,43.36622807017544,1026.5350877192982,27.744191559981033,0
4833,4,0,0,45,0.0,0.0,1.0,45,1400,900,500,0.6428571428571429,19,9,10,349.89773632797096,0.82739898989899,0.12184646216210049,0.19377424012987154,129148.44292534704,39.48086791126093,129187.9237932583,4736,3,817.6444444444444,39,6,21,36.994004919040776,0.6063034188034189,45.88541666666666,1016.4583333333319,26.063034188034152,7
4834,4,2,1,46,0.0425531914893617,0.02127659574468085,0.9787234042553191,47,1450,900,550,0.6206896551724138,20,9,11,335.37484935172256,0.8355303731113166,0.12629380180228456,0.18830764509536616,129690.63321827717,-700.9721323348425,128989.66108594232,4737,0,783.8085106382979,38,9,16,36.812329557373594,0.6134868421052633,45.35256410256409,1018.5897435897414,26.804993252361616,0
4835,4,1,0,47,0.02127659574468085,0.0,1.0,47,850,600,250,0.7058823529411765,11,6,5,338.206807128687,0.8383826703669441,0.13107667738042927,0.19055846031899246,129826.69850107732,-618.3453639783993,129208.35313709892,4738,0,784.7872340425532,38,9,17,36.60215081944298,0.614857456140351,45.21901709401708,1019.1239316239302,26.81905083220869,0
4836,4,0,0,47,0.0,0.0,1.0,47,1000,800,200,0.8,12,8,4,339.59714601786345,0.838459759481961,0.13206562699286906,0.1917417732131627,129908.37191358008,-576.6975308642186,129331.67438271586,4739,1,785.7872340425532,38,9,18,36.483878292461384,0.6156798245614037,45.13888888888888,1019.4444444444431,26.827485380116922,0
4837,4,1,0,48,0.020833333333333332,0.0,1.0,48,1000,800,200,0.8,12,8,4,333.24856097131243,0.8438977541371159,0.13605967078189263,0.18974765002244068,130236.65229030304,-919.7646077070906,129316.88768259595,4740,0,770.3958333333334,40,8,19,36.31313885570156,0.6156250000000001,44.81707317073169,1020.7317073170705,25.518292682926763,0
4838,4,0,0,48,0.0,0.0,1.0,48,1550,1100,450,0.7096774193548387,20,11,9,334.6814691284292,0.8441193853427896,0.13846526106518775,0.19095825674390404,130317.1242078491,-877.0495195814422,129440.07468826766,4741,1,771.3958333333334,38,10,19,36.19511004150535,0.6197916666666667,44.73824786324785,1021.0470085470065,26.869658119658066,0
4839,4,2,2,48,0.04,0.04,0.96,50,1050,700,350,0.6666666666666666,14,7,7,320.3474080696957,0.8547278911564625,0.12949021166650088,0.18473673165646676,130729.8495955614,-1624.206304944158,129105.64329061724,4742,0,741.5,40,10,16,36.1441667494783,0.6205729166666667,44.33434959349593,1022.6626016260154,25.566565040650385,0
4840,4,0,0,48,0.0,0.0,1.0,48,950,700,250,0.7368421052631579,12,7,5,334.28187854908606,0.8438977541371159,0.12805148980658654,0.19180600889754082,130535.38795976681,-872.877059135091,129662.51090063172,4743,3,773.3958333333334,38,10,16,35.984492071789504,0.6219846491228072,44.52457264957264,1021.9017094017081,26.892150247413372,0
4841,4,0,0,48,0.0,0.0,1.0,48,900,600,300,0.6666666666666666,12,6,6,334.85750743899274,0.8435653073286051,0.12403303366088192,0.19227172365914785,130562.68376981514,-856.0210296588591,129706.66274015627,4744,4,774.3958333333334,38,10,16,35.94218238204751,0.6222587719298246,44.49786324786324,1022.0085470085467,26.894961763382806,0
4842,4,0,1,47,0.0,0.020833333333333332,0.9791666666666666,48,1050,900,150,0.8571428571428571,12,9,3,333.5405032018466,0.8426972517730497,0.11707728080259172,0.19192117108469442,130644.58832137108,-884.9476541383672,129759.64066723271,4745,5,775.3958333333334,38,10,16,35.89303131640366,0.6230811403508772,44.41773504273504,1022.3290598290591,26.90339631129103,0
4843,4,1,1,47,0.020833333333333332,0.020833333333333332,0.9791666666666666,48,700,500,200,0.7142857142857143,9,5,4,330.8184531111687,0.8413859338061466,0.10774916422900094,0.19075868874578958,130726.51855504418,-950.6510702023576,129775.86748484183,4746,0,776.2708333333334,38,10,16,35.8798230951386,0.6239035087719298,44.337606837606835,1022.6495726495725,26.911830859199277,0
4844,4,1,1,47,0.020833333333333332,0.020833333333333332,0.9791666666666666,48,1050,700,350,0.6666666666666666,14,7,7,329.8469686436207,0.8414228723404256,0.11296218926258605,0.19046772483679278,130781.15297866902,-972.4466268536778,129808.70635181534,4747,0,777.25,38,10,16,35.84947949307149,0.6244517543859649,44.284188034188034,1022.863247863248,26.917453891138106,0
4845,4,2,1,48,0.04081632653061224,0.02040816326530612,0.9795918367346939,49,1350,900,450,0.6666666666666666,18,9,9,323.98587169485074,0.8409155328798186,0.11623500208585447,0.18884132047276075,131141.3425021705,-1302.4115668402387,129838.93093533027,4748,0,762.3469387755102,39,10,17,35.63605969693889,0.62633547008547,43.932291666666686,1024.2708333333362,26.263354700854773,0
4846,4,0,1,47,0.0,0.020833333333333332,0.9791666666666666,48,1200,1100,100,0.9166666666666666,13,11,2,329.295962181595,0.8376366725768322,0.115528761362095,0.19127190994803306,131008.00781250026,-971.9184027777478,130036.08940972251,4749,1,779.2291666666666,39,9,17,35.634581467914806,0.6249999999999998,44.062500000000014,1023.750000000002,26.250000000000053,0
4847,4,0,0,47,0.0,0.0,1.0,47,950,800,150,0.8421052631578947,11,8,3,336.45145433557497,0.8300955905026209,0.1165160657062847,0.19524781247662912,130972.46334876555,-586.8248456789981,130385.63850308655,4750,2,796.5744680851063,38,9,19,35.48733604703754,0.6263706140350876,44.09722222222223,1023.6111111111121,26.937134502924003,0
4848,4,0,0,47,0.0,0.0,1.0,47,1050,800,250,0.7619047619047619,13,8,5,334.7453132098294,0.8294017884674684,0.11577362980854611,0.19467227438125037,131054.49631090669,-626.0243169698153,130428.47199393687,4751,3,797.5744680851063,38,9,19,35.44818621313301,0.6271929824561402,44.017094017094024,1023.9316239316249,26.945569050832233,0
4849,4,1,1,47,0.020833333333333332,0.020833333333333332,0.9791666666666666,48,900,700,200,0.7777777777777778,11,7,4,330.70773983129214,0.8339243498817966,0.11839720132818288,0.19343060311892138,131274.74500868074,-917.28515624998,130357.45985243075,4752,0,781.9375,39,9,19,35.32941993630143,0.6276709401709402,43.80208333333334,1024.7916666666683,26.276709401709443,0
4850,4,0,2,45,0.0,0.0425531914893617,0.9574468085106383,47,950,500,450,0.5263157894736842,14,5,9,337.0226678634412,0.8292861547949429,0.11815265113137441,0.19659655625367456,131171.92147531267,-558.4178151232367,130613.50366018944,4753,5,799.5744680851063,40,7,19,35.27137070105821,0.6249999999999998,43.90243902439026,1024.3902439024419,25.609756097561046,0
4851,4,2,1,46,0.0425531914893617,0.02127659574468085,0.9787234042553191,47,1050,600,450,0.5714285714285714,15,6,9,333.4764712707452,0.838613937711995,0.11747964698638502,0.19277171480520786,130822.85534972313,-668.8417124273175,130154.01363729582,4754,0,797.1489361702128,37,10,15,35.71454090746693,0.6266891891891891,44.24342105263158,1023.0263157894748,27.64935988620202,3
4852,4,0,0,46,0.0,0.0,1.0,46,950,600,350,0.631578947368421,13,6,7,341.10602129390384,0.8335950080515299,0.12292194208961815,0.1969654158558506,130780.41459956583,-278.00262255497944,130502.41197701085,4755,1,815.4782608695652,36,10,16,35.562314213365624,0.6281828703703705,44.28490990990991,1022.8603603603608,28.4127877877878,0
4853,4,0,0,46,0.0,0.0,1.0,46,750,600,150,0.8,9,6,3,346.1375566496279,0.8335950080515299,0.0912187190317213,0.1933492729913064,129487.77113261906,-225.94148202256434,129261.8296505965,4756,2,816.4782608695652,36,10,15,36.74439403997935,0.6151620370370371,45.5518018018018,1017.7927927927924,28.27202202202201,3
4854,4,2,3,45,0.041666666666666664,0.0625,0.9375,48,1350,900,450,0.6666666666666666,18,9,9,335.5212644459272,0.84836731678487,0.10472955283275764,0.19036794736744828,130099.04308431932,-869.8009122288202,129229.2421720905,4757,0,783.4166666666666,38,10,16,36.39451775054979,0.6175986842105264,44.951923076923066,1020.192307692306,26.84716599190279,0
4855,4,0,0,45,0.0,0.0,1.0,45,900,600,300,0.6666666666666666,12,6,6,357.4178089221158,0.8380050505050506,0.0999608719249756,0.20104466274385838,129760.92470689729,275.7730784893722,130036.69778538667,4758,1,774.0666666666667,35,10,17,36.179545798780715,0.6199404761904761,45.28356481481482,1018.8657407407408,29.110449735449738,0
4856,4,1,1,45,0.021739130434782608,0.021739130434782608,0.9782608695652174,46,1300,900,400,0.6923076923076923,17,9,8,352.87386447567565,0.8383856682769727,0.10205989008934924,0.20019136799278572,130094.74068944286,-18.59322099107675,130076.14746845177,4759,0,758.2173913043479,37,9,18,35.95630911435941,0.6193693693693694,44.95614035087719,1020.175438596491,27.572309151256512,0
4857,4,1,1,45,0.021739130434782608,0.021739130434782608,0.9782608695652174,46,1250,1100,150,0.88,14,11,3,349.78707358948964,0.8420692431561997,0.11015325182327329,0.1926425774559028,128929.21095521527,-174.4102090282282,128754.80074618704,4760,0,759.195652173913,34,12,21,37.22013831907162,0.6136642156862746,46.10119047619047,1015.5952380952369,29.870448179271676,3
4858,4,2,1,46,0.0425531914893617,0.02127659574468085,0.9787234042553191,47,1050,800,250,0.7619047619047619,13,8,5,333.82383977665745,0.8503700277520814,0.10456618242957205,0.18664848511352194,129525.18332315233,-752.2811910579672,128772.90213209437,4761,0,739.2553191489362,35,12,17,37.01973185522077,0.617559523809524,45.51504629629629,1017.9398148148141,29.083994708994688,0
4859,4,1,0,47,0.02127659574468085,0.0,1.0,47,1050,700,350,0.6666666666666666,14,7,7,336.6798847103351,0.8485584335491828,0.12175733127729726,0.1893797460131041,129760.92470689728,-662.421365955071,129098.5033409422,4762,0,740.2340425531914,35,12,18,36.70777481161727,0.6199404761904761,45.28356481481482,1018.8657407407406,29.110449735449734,0
4860,4,0,1,46,0.0,0.02127659574468085,0.9787234042553191,47,1300,800,500,0.6153846153846154,18,8,10,334.57458518573395,0.847132284921369,0.11683654619346706,0.1893344039866088,129996.88042534718,-701.2695312500102,129295.61089409716,4763,1,741.2340425531914,35,12,19,36.52217398706162,0.6223214285714285,45.05208333333333,1019.7916666666662,29.13690476190475,0
4861,4,0,0,46,0.0,0.0,1.0,46,1300,800,500,0.6153846153846154,18,8,10,344.9494809878475,0.8403784219001611,0.11910951566141503,0.19471340841786006,129898.25857426293,-238.3326247165641,129659.92594954636,4764,2,758.2826086956521,34,12,19,36.35773093541983,0.623468137254902,45.14880952380952,1019.404761904761,29.982492997198854,0
4862,4,0,0,46,0.0,0.0,1.0,46,950,600,350,0.631578947368421,13,6,7,346.3551106011599,0.8401972624798713,0.11782573170050914,0.19611528304825754,130019.64462868478,-193.40632086167767,129826.2383078231,4765,3,759.2826086956521,34,12,19,36.19873740321388,0.6246936274509804,45.029761904761905,1019.8809523809522,29.99649859943977,0
4863,4,1,1,46,0.02127659574468085,0.02127659574468085,0.9787234042553191,47,950,500,450,0.5263157894736842,14,5,9,339.53264092961984,0.8441643539932161,0.11557251871563601,0.19330783475521743,130233.05047850228,-556.3256869427235,129676.72479155955,4766,0,744.1063829787234,35,12,19,36.15642835544468,0.6247023809523808,44.820601851851855,1020.717592592593,29.1633597883598,0
4864,4,0,0,46,0.0,0.0,1.0,46,1000,600,400,0.6,14,6,8,346.26712862497254,0.839633655394525,0.11743087154357723,0.1966769754436474,130141.08737244895,-187.28387188208717,129953.80350056686,4767,5,761.2826086956521,34,12,19,36.0778108349862,0.6259191176470589,44.910714285714285,1020.3571428571425,30.010504201680664,0
4865,4,0,0,46,0.0,0.0,1.0,46,1100,600,500,0.5454545454545454,16,6,10,355.220763937858,0.8393317230273752,0.18974923092143392,0.19115640993483884,128005.79415060383,-105.9368026700783,127899.85734793375,4768,6,762.2826086956521,37,9,16,38.02540452197782,0.5982545045045047,47.01206140350876,1011.9517543859633,27.350047415836848,6
4866,4,1,1,46,0.02127659574468085,0.02127659574468085,0.9787234042553191,47,1800,1400,400,0.7777777777777778,22,14,8,355.0416212667017,0.8442028985507246,0.18710360407194893,0.19351057856449055,128515.36502718944,-274.18900198627585,128241.17602520317,4769,0,747.0425531914893,36,11,14,37.50902376721455,0.6053240740740742,46.50900900900901,1013.9639639639647,28.165665665665685,0
4867,4,3,3,46,0.061224489795918366,0.061224489795918366,0.9387755102040817,49,1550,1200,350,0.7741935483870968,19,12,7,340.30676510127137,0.8584892290249433,0.18142263055283636,0.18821047620907064,129095.50781250012,-1013.5850694444297,128081.9227430557,4770,0,717.4897959183673,39,10,15,37.29158124914583,0.6057692307692307,45.93750000000001,1016.2500000000009,26.05769230769233,0
4868,4,1,1,46,0.02127659574468085,0.02127659574468085,0.9787234042553191,47,1150,1000,150,0.8695652173913043,13,10,3,357.3480907907858,0.8429694727104532,0.19611529242730508,0.1969454086462606,128957.1134327742,-183.48434418148878,128773.62908859272,4771,0,749.0,38,9,17,36.999710739455146,0.6060855263157896,46.073717948717935,1015.7051282051259,26.729082321187523,0
4869,4,1,0,47,0.02127659574468085,0.0,1.0,47,1050,800,250,0.7619047619047619,13,8,5,365.16272363903636,0.8421600370027752,0.23201148437481156,0.20325618607115192,129348.51794249393,47.344839270526904,129395.86278176446,4772,0,749.6808510638298,35,12,18,36.40215515606631,0.6157738095238094,45.688657407407405,1017.2453703703698,29.064153439153422,0
4870,4,2,1,48,0.04081632653061224,0.02040816326530612,0.9795918367346939,49,1000,700,300,0.7,13,7,6,351.11227121207384,0.8477891156462585,0.2413513851610114,0.19847981823714742,129954.95158366038,-674.2443588411808,129280.7072248192,4773,0,720.0408163265306,37,12,17,36.14311126644443,0.6179617117117117,45.093201754385966,1019.6271929824563,27.55749170222855,0
4871,4,1,1,48,0.02040816326530612,0.02040816326530612,0.9795918367346939,49,750,300,450,0.4,12,3,9,349.20399624714145,0.8481079931972789,0.2440556618176073,0.19810938909045153,130094.74068944289,-714.0793321021862,129380.6613573407,4774,0,721.0204081632653,37,12,17,36.04990685010032,0.6193693693693694,44.95614035087719,1020.1754385964912,27.57230915125652,0
4872,4,4,2,50,0.07692307692307693,0.038461538461538464,0.9615384615384616,52,1150,600,550,0.5217391304347826,17,6,11,329.5986370851351,0.8534125188536953,0.25359239329827576,0.19019958048307362,130755.833168088,-1780.6111193733666,128975.22204871463,4775,0,680.3461538461538,40,12,16,35.88140070217276,0.6208333333333333,44.308943089430905,1022.7642276422781,25.569105691056954,0
4873,4,0,0,50,0.0,0.0,1.0,50,1200,800,400,0.6666666666666666,16,8,8,341.41956440067895,0.8443707482993197,0.2572017149430095,0.19562584148374443,130480.80490037627,-1090.260085652709,129390.54481472356,4776,1,708.56,38,12,19,35.85738436334484,0.6214364035087719,44.577991452991455,1021.6880341880346,26.886527215474597,0
4874,4,0,0,50,0.0,0.0,1.0,50,1300,900,400,0.6923076923076923,17,9,8,341.5060806031745,0.8439795918367347,0.26188166422747194,0.1960892657292899,130562.68376981524,-1082.409918547733,129480.2738512675,4777,2,709.56,38,12,16,35.77230991706738,0.6222587719298245,44.49786324786325,1022.0085470085475,26.894961763382828,0
4875,4,0,1,49,0.0,0.02,0.98,50,1400,1000,400,0.7142857142857143,18,10,8,335.73688781613373,0.8429931972789115,0.23860065874837844,0.1880239172179902,129589.12854658272,-1298.4298573930844,128290.69868918964,4778,3,710.56,40,10,16,36.90612835612338,0.6091145833333333,45.452235772357724,1018.191056910569,25.454776422764226,5
4876,4,0,0,49,0.0,0.0,1.0,49,950,400,550,0.42105263157894735,15,4,11,341.97316867367454,0.8391794217687075,0.2537293178140825,0.1915637664060267,129598.8294813367,-936.1355251736206,128662.69395616307,4779,4,725.7142857142857,39,10,18,36.737531969309465,0.6108440170940173,45.44270833333333,1018.2291666666657,26.108440170940145,0
4877,4,1,0,50,0.02,0.0,1.0,50,1700,1200,500,0.7058823529411765,22,12,10,335.86433531469,0.8419557823129251,0.2517448928749384,0.1900958039979081,130003.35784131452,-1267.3017259898345,128736.05611532468,4780,0,712.18,40,10,20,36.482727121740595,0.6132812500000002,45.04573170731707,1019.8170731707303,25.495426829268258,0
4878,4,1,0,51,0.0196078431372549,0.0,1.0,51,1550,1100,450,0.7096774193548387,20,11,9,328.83144264566306,0.8462091503267974,0.2548239534516248,0.18774226163397964,130342.35161675327,-1627.3509036479204,128715.00071310534,4781,0,699.1960784313726,39,12,23,36.31892022850148,0.6183226495726497,44.71354166666666,1021.1458333333317,26.18322649572645,0
4879,4,1,1,51,0.019230769230769232,0.019230769230769232,0.9807692307692307,52,1400,1000,400,0.7142857142857143,18,10,8,340.11691283847136,0.8535696329813977,0.26791001451378804,0.1890104473682933,129285.00987082536,-1557.3215737054052,127727.68829711995,4782,0,686.7307692307693,37,15,20,37.10366127583107,0.611204954954955,45.751096491228054,1016.9956140350855,27.4863679468942,6
4880,4,0,0,51,0.0,0.0,1.0,51,1600,1200,400,0.75,20,12,8,352.82514664419904,0.851764705882353,0.27857034286582794,0.19594164047952772,129258.63997443402,-1078.860279198108,128179.7796952359,4783,1,701.156862745098,36,15,20,36.80740125507566,0.6128472222222222,45.77702702702703,1016.8918918918929,28.246996996997026,0
4881,4,1,1,51,0.019230769230769232,0.019230769230769232,0.9807692307692307,52,1500,1200,300,0.8,18,12,6,347.1296626980307,0.8576231774761186,0.28395516824334455,0.1944177350913098,129591.85157933226,-1402.9648545706182,128188.88672476164,4784,0,688.6538461538462,37,15,14,36.613360614545215,0.6143018018018017,45.44956140350878,1018.2017543859661,27.518966334755838,0
4882,4,2,4,49,0.03773584905660377,0.07547169811320754,0.9245283018867925,53,1350,900,450,0.6666666666666666,18,9,9,339.4772278076431,0.8616956942428641,0.28860174919736226,0.19194138994052984,129962.83512309153,-1776.1154028782225,128186.71972021331,4785,0,675.7358490566038,38,15,14,36.43170229114278,0.6162280701754386,45.085470085470085,1019.6581196581196,26.83310841205578,0
4883,4,1,0,50,0.02,0.0,1.0,50,1150,600,550,0.5217391304347826,17,6,11,352.59708051739767,0.8529251700680271,0.2896926818483305,0.1981113782832536,129717.10519641277,-852.4254829153286,128864.67971349745,4786,0,685.42,36,14,15,36.34686601812956,0.6174768518518519,45.326576576576585,1018.6936936936949,28.29704704704708,0
4884,4,0,0,50,0.0,0.0,1.0,50,1300,900,400,0.6923076923076923,17,9,8,354.4004675566961,0.852312925170068,0.29394850259697214,0.19956252837091143,129803.15778193748,-799.5400383491435,129003.61774358833,4787,1,686.42,36,14,16,36.213485836372335,0.6183449074074073,45.242117117117125,1019.0315315315327,28.306431431431463,0
4885,4,0,0,50,0.0,0.0,1.0,50,1250,800,450,0.64,17,8,9,354.45210376549807,0.8517517006802721,0.29522959458006226,0.20036778801917127,129954.95158366038,-787.4388032856231,129167.51278037476,4788,2,687.42,37,13,17,36.057976664157444,0.6179617117117117,45.093201754385966,1019.6271929824563,27.55749170222855,0
4886,4,0,0,50,0.0,0.0,1.0,50,1300,900,400,0.6923076923076923,17,9,8,356.2052922329583,0.8517517006802721,0.30284008796732653,0.20210364441666753,130099.04308431932,-731.6064677843744,129367.43661653495,4789,3,688.42,38,12,18,35.866975599539224,0.6175986842105263,44.951923076923066,1020.192307692306,26.84716599190279,0
4887,4,0,0,50,0.0,0.0,1.0,50,1400,1100,300,0.7857142857142857,17,11,6,356.2950127650474,0.8513095238095237,0.3030492907439528,0.20286663742502628,130236.00396050357,-719.5122612847158,129516.49169921885,4790,4,689.42,39,11,20,35.725690546654405,0.6172542735042735,44.817708333333336,1020.7291666666674,26.172542735042754,0
4888,4,0,0,50,0.0,0.0,1.0,50,1100,700,400,0.6363636363636364,15,7,8,358.7347072751452,0.8517687074829932,0.31010297862916625,0.19936819331703626,129287.27027280675,-724.0256508355724,128563.24462197119,4791,5,690.42,36,14,17,36.628003543350694,0.6131365740740741,45.74887387387388,1017.0045045045058,28.250125125125162,2
4889,4,1,0,51,0.0196078431372549,0.0,1.0,51,1050,600,450,0.5714285714285714,15,6,9,350.9850370412902,0.8562091503267975,0.3091049236064918,0.19643737606560457,129563.94184989613,-1104.999014119728,128458.9428357764,4792,0,677.8627450980392,37,14,16,36.54359630227966,0.6140202702702702,45.47697368421053,1018.0921052631579,27.516002844950215,0
4890,4,2,3,50,0.03773584905660377,0.05660377358490566,0.9433962264150944,53,1400,800,600,0.5714285714285714,20,8,12,339.09222029472744,0.8633284954039671,0.31074949569291843,0.19228315653423664,130076.56385633688,-1778.4098307291622,128298.15402560773,4793,0,653.2452830188679,39,14,17,36.326223663160754,0.6156517094017094,44.973958333333336,1020.1041666666673,26.15651709401711,0
4891,4,1,1,50,0.0196078431372549,0.0196078431372549,0.9803921568627451,51,700,400,300,0.5714285714285714,10,4,6,356.1220200422101,0.8648692810457517,0.3224339956436386,0.20131177291018296,129954.95158366028,-944.036025507861,129010.91555815242,4794,0,676.1176470588235,37,14,18,36.01540936301393,0.6179617117117118,45.09320175438596,1019.6271929824555,27.55749170222853,0
4892,4,0,1,49,0.0,0.02,0.98,50,1200,700,500,0.5833333333333334,17,7,10,347.65867175708917,0.8633333333333333,0.332016008004002,0.19166290260408736,128969.02394614636,-1032.5600874149138,127936.46385873145,4795,1,690.26,40,10,17,37.23361680840421,0.6028645833333335,46.06199186991869,1015.7520325203243,25.393800813008106,3
4893,4,1,3,47,0.02,0.06,0.94,50,1500,1100,400,0.7333333333333333,19,11,8,354.2896942973496,0.8637755102040816,0.3442507247825659,0.19634126382583825,129175.56023407004,-846.8860507965121,128328.67418327353,4796,0,691.2,40,10,17,36.85477690026325,0.6049479166666668,45.85873983739836,1016.5650406504042,25.414126016260106,0
4894,4,0,1,46,0.0,0.02127659574468085,0.9787234042553191,47,1200,800,400,0.6666666666666666,16,8,8,369.46452204771356,0.8556506321307431,0.3447493336377012,0.20362314267290446,128957.11343277406,129.01565581849735,129086.12908859256,4797,3,709.7446808510638,38,9,17,36.69204270537497,0.6060855263157896,46.07371794871793,1015.7051282051248,26.729082321187494,0
4895,4,1,1,46,0.02127659574468085,0.02127659574468085,0.9787234042553191,47,1450,1000,450,0.6896551724137931,19,10,9,374.45283950617295,0.8599676225716928,0.34634042553191513,0.2035069779924853,128401.20525931334,229.41956404469408,128630.62482335804,4798,0,708.531914893617,36,11,16,37.133796296296296,0.6041666666666667,46.62162162162162,1013.5135135135133,28.15315315315315,6
4896,4,2,0,48,0.041666666666666664,0.0,1.0,48,650,200,450,0.3076923076923077,11,2,9,376.2946210427309,0.8651189420803782,0.3758255947881799,0.20706265510853994,128895.0100631924,100.49979320558384,128995.50985639798,4799,0,694.7291666666666,37,11,18,36.58206007270633,0.6072635135135136,46.13486842105262,1015.4605263157885,27.444879089615903,0
4897,4,1,1,48,0.02040816326530612,0.02040816326530612,0.9795918367346939,49,1350,800,550,0.5925925925925926,19,8,11,373.82935088748786,0.8689767573696145,0.37237421866994524,0.20716641881379871,129174.91455078125,-142.1251085069446,129032.78944227431,4800,0,681.530612244898,39,10,18,36.35885251221095,0.6065705128205128,45.859375,1016.5625,26.065705128205128,0
4898,4,3,3,48,0.058823529411764705,0.058823529411764705,0.9411764705882353,51,750,500,250,0.6666666666666666,10,5,5,360.8093084892562,0.8741176470588237,0.3694517454558921,0.2025886894662286,129690.63321827716,-841.2743241751194,128849.35889410204,4801,0,655.7450980392157,38,13,16,36.16464757709251,0.6134868421052633,45.35256410256409,1018.5897435897413,26.804993252361612,0
4899,4,0,0,48,0.0,0.0,1.0,48,1350,1000,350,0.7407407407407407,17,10,7,378.77194582431446,0.8717494089834515,0.37616530241018675,0.21193880632765055,129554.63927469119,214.33256172837218,129768.97183641956,4802,1,689.2916666666666,35,13,17,35.845839017735344,0.6178571428571429,45.4861111111111,1018.0555555555541,29.087301587301546,0
4900,4,0,1,47,0.0,0.020833333333333332,0.9791666666666666,48,1650,1200,450,0.7272727272727273,21,12,9,383.2107438016534,0.8708628841607565,0.37808712121212196,0.21506725417439698,129672.4965706445,338.3787722907881,130010.87534293528,4803,2,690.2916666666666,35,13,17,35.61268939393941,0.6190476190476191,45.37037037037036,1018.5185185185167,29.100529100529048,0
4901,4,1,1,47,0.020833333333333332,0.020833333333333332,0.9791666666666666,48,950,700,250,0.7368421052631579,12,7,5,383.09170576963965,0.8742796985815603,0.36830579197523994,0.21540277576742892,129745.78622118743,340.90691197954396,130086.69313316698,4804,0,679.5416666666666,36,12,17,35.54101728012968,0.6177662037037037,45.29842342342342,1018.8063063063065,28.30017517517518,0
4902,4,1,0,48,0.020833333333333332,0.0,1.0,48,1250,700,550,0.56,18,7,11,384.12204998464244,0.8741873522458629,0.4041055243849816,0.2124130763280227,129089.93632656184,318.285404471236,129408.22173103307,4805,0,680.5208333333334,37,11,19,36.18409221694719,0.6092342342342343,45.94298245614034,1016.2280701754371,27.465623518255057,3
4903,4,0,1,47,0.0,0.020833333333333332,0.9791666666666666,48,1000,700,300,0.7,13,7,6,380.70308345232183,0.8748522458628841,0.39586929162171947,0.2108194494386511,129145.65659626026,233.22993613418032,129378.88653239445,4806,1,681.5208333333334,37,11,19,36.21404171161453,0.6097972972972974,45.888157894736835,1016.4473684210516,27.471550497866257,0
4904,4,1,0,48,0.020833333333333332,0.0,1.0,48,1050,700,350,0.6666666666666666,14,7,7,380.92035171381474,0.8748337765957447,0.40772030333222675,0.21200576321816925,129344.54038075233,254.00558574970322,129598.54596650203,4807,0,682.25,36,12,20,36.00547990700764,0.6137152777777779,45.692567567567565,1017.2297297297292,28.256381381381367,0
4905,4,0,0,48,0.0,0.0,1.0,48,1150,900,250,0.782608695652174,14,9,5,385.2723023573393,0.8740580673758865,0.4110380926028403,0.21473999085740653,129401.82317029868,370.98766841165525,129772.81083871034,4808,1,683.25,36,12,20,35.8363309352518,0.6142939814814815,45.63626126126126,1017.454954954955,28.26263763763764,0
4906,4,1,0,49,0.02040816326530612,0.0,1.0,49,1250,900,350,0.72,16,9,7,379.70164532221844,0.8767715419501134,0.41829267221309596,0.21357068331319906,129759.37307633094,53.96949061247102,129813.34256694341,4809,0,670.2857142857143,37,12,18,35.61352059118955,0.6159909909909911,45.28508771929823,1018.8596491228052,27.53674727358933,0
4907,4,0,0,49,0.0,0.0,1.0,49,1250,900,350,0.72,16,9,7,378.7930348679031,0.8770549886621315,0.41363295156737645,0.21397434010946306,129927.00277970135,43.088738842707016,129970.09151854405,4810,1,671.2857142857143,37,12,18,35.46596042159602,0.6176801801801803,45.12061403508771,1019.5175438596484,27.55452821242293,0
4908,4,1,2,48,0.02,0.04,0.96,50,1100,500,600,0.45454545454545453,17,5,12,371.6545194565797,0.8790646258503401,0.40482412060301565,0.21131214106245508,130180.80210387883,-323.5433103221758,129857.25879355666,4811,0,658.84,38,12,18,35.389839824120585,0.618421052631579,44.87179487179486,1020.512820512819,26.855600539811025,0
4909,4,1,1,48,0.02040816326530612,0.02040816326530612,0.9795918367346939,49,1200,700,500,0.5833333333333334,17,7,10,380.19281760450843,0.8738307823129252,0.41704057509528636,0.21599965571596766,130150.67737188343,96.47054863032233,130247.14792051376,4812,0,673.0612244897959,37,12,18,35.20264703775341,0.6199324324324326,44.90131578947367,1020.3947368421034,27.57823613086766,0
4910,4,1,0,49,0.02040816326530612,0.0,1.0,49,1550,1300,250,0.8387096774193549,18,13,5,379.5320610924801,0.877905328798186,0.42108669068000304,0.21675273102871462,130353.74858276639,94.82964931124152,130448.57823207763,4813,0,674.0408163265306,34,15,21,35.01301779746638,0.6280637254901962,44.70238095238095,1021.1904761904758,30.03501400560223,0
4911,4,0,1,48,0.0,0.02040816326530612,0.9795918367346939,49,1250,900,350,0.72,16,9,7,378.94409397905906,0.8781179138321996,0.41831977546263244,0.2167560217560217,130414.5408163265,83.96400226756697,130498.50481859407,4814,1,675.0408163265306,34,15,21,34.966249028749026,0.6286764705882353,44.64285714285714,1021.4285714285711,30.04201680672268,0
4912,4,0,0,48,0.0,0.0,1.0,48,1450,1100,350,0.7586206896551724,18,11,7,382.92283249217314,0.8791740543735225,0.4122706422018352,0.21967678285077274,130528.56445312477,396.4735243055288,130925.0379774303,4815,2,686.5208333333334,35,13,17,34.74876826367652,0.6276785714285715,44.531249999999986,1021.8749999999982,29.19642857142852,0
4913,4,0,1,47,0.0,0.020833333333333332,0.9791666666666666,48,1500,1100,400,0.7333333333333333,19,11,8,382.9865857496422,0.8771793735224586,0.41721473124197406,0.22147887533644153,130838.01442912495,421.84088649458613,131259.85531561953,4816,3,687.5208333333334,36,12,17,34.43290221977618,0.6287615740740742,44.228603603603595,1023.0855855855846,28.419044044044014,0
4914,4,1,2,46,0.020833333333333332,0.041666666666666664,0.9583333333333334,48,1650,1300,350,0.7878787878787878,20,13,7,383.58368839118117,0.874501329787234,0.41160269101041247,0.22298867614147158,131039.71370018649,452.93934136837197,131492.65304155485,4817,0,688.4375,36,12,18,34.21299860683383,0.6307870370370372,44.03153153153152,1023.8738738738724,28.4409409409409,0
4915,4,1,1,46,0.02127659574468085,0.02127659574468085,0.9787234042553191,47,1300,900,400,0.6923076923076923,17,9,8,387.2923949262449,0.8756167129201357,0.4102573967911973,0.22544494146759292,131090.9636488339,754.1066529492267,131845.07030178313,4818,0,699.8085106382979,35,12,19,34.06607896323085,0.6333333333333333,43.981481481481474,1024.074074074073,29.259259259259228,0
4916,4,0,0,46,0.0,0.0,1.0,46,800,400,400,0.5,12,4,8,397.0916503361524,0.8713969404186795,0.41646027718528544,0.23110841516857808,131084.19075963722,1210.4875283446763,132294.6782879819,4819,10,716.0217391304348,34,12,19,33.82207626133458,0.6354166666666666,43.98809523809524,1024.0476190476193,30.119047619047624,0
4917,4,1,0,47,0.02127659574468085,0.0,1.0,47,1150,700,450,0.6086956521739131,16,7,9,387.81485840471714,0.8744218316373727,0.4095535059218107,0.2275329949599932,131392.84256708508,791.8995992183343,132184.74216630342,4820,0,701.7659574468086,32,15,20,33.74666461412149,0.6432291666666666,43.68686868686869,1025.252525252526,32.03914141414144,0
4918,4,1,1,47,0.020833333333333332,0.020833333333333332,0.9791666666666666,48,1500,1200,300,0.8,18,12,6,382.6003982817144,0.8775856973995272,0.4039816141356254,0.22631786271240398,131705.23356401388,478.0949634755866,132183.32852748947,4821,0,688.125,33,15,19,33.564151544094244,0.6439393939393939,43.38235294117647,1026.4705882352944,31.105169340463465,0
4919,4,0,0,47,0.0,0.0,1.0,47,1200,800,400,0.6666666666666666,16,8,8,391.1399763313612,0.8751541782300338,0.41673846153846195,0.23045774530038482,131554.7062321445,891.2609363840224,132445.96716852853,4822,2,703.7659574468086,32,15,19,33.4974358974359,0.6448567708333335,43.529040404040394,1025.883838383837,32.058869949494905,0
4920,4,1,1,47,0.020833333333333332,0.020833333333333332,0.9791666666666666,48,1900,1500,400,0.7894736842105263,23,15,8,384.00100250055533,0.8765698877068557,0.40094470962609385,0.22789861196562697,131831.05656478275,524.6515763167981,132355.70814109955,4823,0,690.0833333333334,33,15,19,33.40095465393794,0.6452020202020202,43.259803921568626,1026.9607843137253,31.120023767082586,0
4921,4,1,0,48,0.020833333333333332,0.0,1.0,48,900,500,400,0.5555555555555556,13,5,8,383.4762304368253,0.8792294621749409,0.4131719184430027,0.22860268101731193,132000.11337868482,523.7811791383199,132523.89455782314,4824,0,691.0625,34,14,20,33.24355112758726,0.6446078431372548,43.095238095238095,1027.6190476190477,30.224089635854344,0
4922,4,0,0,48,0.0,0.0,1.0,48,1200,700,500,0.5833333333333334,17,7,10,384.8074602464014,0.8791555851063829,0.41537333024476863,0.2297667781305277,132061.28826530612,563.6337868480716,132624.9220521542,4825,1,692.0625,34,14,21,33.14753686973979,0.6452205882352942,43.035714285714285,1027.857142857143,30.23109243697479,0
4923,4,0,0,48,0.0,0.0,1.0,48,1200,800,400,0.6666666666666666,16,8,8,387.72915174474235,0.8770500886524822,0.4187345262210216,0.2324805156817667,132219.38898533958,653.0623070987774,132872.45129243835,4826,2,693.0625,35,13,21,32.91272788656314,0.6446428571428571,42.88194444444445,1028.4722222222229,29.384920634920654,0
4924,4,0,0,48,0.0,0.0,1.0,48,1000,600,400,0.6,14,6,8,392.2372109033092,0.8755171394799054,0.4283906882591093,0.23629900266614004,132398.0034722223,786.6464120370422,133184.64988425936,4827,3,694.0625,32,16,21,32.6163967611336,0.6533203125,42.708333333333336,1029.1666666666672,32.16145833333335,0
4925,4,0,0,48,0.0,0.0,1.0,48,1350,900,450,0.6666666666666666,18,9,9,391.5899291833097,0.8751846926713948,0.42758155506499906,0.2365203172267191,132495.48037190083,776.7791551882543,133272.25952708907,4828,4,695.0625,32,16,21,32.53464557272506,0.654296875,42.61363636363637,1029.5454545454547,32.17329545454546,0
4926,4,1,0,49,0.02040816326530612,0.0,1.0,49,1300,800,500,0.6153846153846154,18,8,10,396.4331350072929,0.874078798185941,0.4322998663390234,0.24185583501206342,132871.38848339583,738.5112242768228,133609.89970767265,4829,0,681.8571428571429,33,16,19,32.03066187249892,0.6556186868686869,42.24877450980392,1031.0049019607845,31.24257278669044,1
4927,4,0,2,47,0.0,0.04081632653061224,0.9591836734693877,49,1650,1400,250,0.8484848484848485,19,14,5,397.56879105528253,0.8737599206349207,0.4342907593272627,0.2427535419404318,132902.97752066524,767.615220107665,133670.5927407729,4830,1,682.8571428571429,33,16,19,31.969534902147224,0.6559343434343433,42.21813725490197,1031.1274509803932,31.246286393345247,0
4928,4,0,0,47,0.0,0.0,1.0,47,1000,800,200,0.8,12,8,4,403.9159503572162,0.8710299105766265,0.44155451541276136,0.24608729990420267,132820.66243240502,1329.6768186919862,134150.339251097,4831,2,707.7234042553191,32,15,19,31.888984158092438,0.6575520833333333,42.29797979797981,1030.808080808082,32.21275252525256,0
4929,4,1,0,48,0.020833333333333332,0.0,1.0,48,1000,400,600,0.4,16,4,12,392.7998792520452,0.8711214539007092,0.4351066144473452,0.24229368832926326,133282.33882401016,870.657319300286,134152.99614331045,4832,0,693.9583333333334,33,15,20,31.71038056808291,0.6597222222222221,41.85049019607844,1032.5980392156875,31.290849673202654,0
4930,4,0,0,48,0.0,0.0,1.0,48,1050,600,450,0.5714285714285714,15,6,9,390.9007118844884,0.869422281323877,0.43054072756030015,0.2419451542721175,133408.9127378894,829.9277921953205,134238.8405300847,4833,1,694.9583333333334,33,15,20,31.632068011071574,0.6609848484848484,41.727941176470594,1033.0882352941187,31.305704099821778,0
4931,4,1,1,48,0.02040816326530612,0.02040816326530612,0.9795918367346939,49,1300,1000,300,0.7692307692307693,16,10,6,381.6855075487288,0.8706420068027211,0.4268066857162196,0.23868067072047178,133788.99491782015,413.0791041907084,134202.07402201087,4834,0,681.7551020408164,33,16,20,31.488391376451084,0.6647727272727272,41.360294117647065,1034.5588235294124,31.350267379679163,0
4932,4,1,3,46,0.02040816326530612,0.061224489795918366,0.9387755102040817,49,1050,600,450,0.5714285714285714,15,6,9,382.41637517313427,0.8697562358276644,0.42840228679679315,0.23996201372305273,133915.80912389458,442.31966070741544,134358.12878460198,4835,0,682.4489795918367,33,16,20,31.342252742915782,0.6660353535353536,41.23774509803921,1035.0490196078426,31.365121806298262,0
4933,4,0,0,46,0.0,0.0,1.0,46,1250,800,450,0.64,17,8,9,397.63457615517007,0.8643317230273753,0.43427615621731963,0.24765617013711416,133640.46096801758,1428.0136108398428,135068.47457885742,4836,2,690.7173913043479,31,15,21,31.225207782395174,0.6683467741935484,41.50390625,1033.984375,33.35433467741935,0
4934,4,1,1,46,0.02127659574468085,0.02127659574468085,0.9787234042553191,47,1500,900,600,0.6,21,9,12,386.0285544318858,0.8680234350909651,0.4184327970939288,0.24274801735747423,133994.61789613302,945.1497296194234,134939.76762575243,4837,0,677.0,32,15,20,31.169715447154466,0.6692708333333334,41.16161616161616,1035.353535353535,32.35479797979797,0
4935,4,0,0,46,0.0,0.0,1.0,46,1150,600,550,0.5217391304347826,17,6,11,394.63209926126405,0.8614734299516909,0.42741601875324897,0.2477177603172926,133929.26263901638,1370.557213549636,135299.81985256603,4838,4,692.7173913043479,32,14,20,31.01264536065707,0.6686197916666667,41.224747474747474,1035.1010101010097,32.34690656565655,0
4936,4,0,0,46,0.0,0.0,1.0,46,1450,1000,450,0.6896551724137931,19,10,9,394.12641284949456,0.8619363929146538,0.4225662778366912,0.2478402289390991,133994.6178961329,1362.1636185082953,135356.7815146412,4839,5,693.7173913043479,32,14,22,30.96011178861788,0.6692708333333335,41.16161616161615,1035.3535353535342,32.354797979797944,0
4937,4,0,0,46,0.0,0.0,1.0,46,1350,900,450,0.6666666666666666,18,9,9,396.23112579491146,0.8599838969404187,0.42371695673372467,0.2500523196939578,134125.3762371186,1428.9297648199054,135554.3060019385,4840,6,694.7173913043479,32,14,22,30.774368194376724,0.6705729166666667,41.03535353535353,1035.8585858585852,32.37058080808079,0
4938,4,0,0,46,0.0,0.0,1.0,46,1150,600,550,0.5217391304347826,17,6,11,397.846773366164,0.859219001610306,0.42032163742690054,0.25196962313190385,134256.19834710742,1482.6790633608775,135738.8774104683,4841,7,695.7173913043479,32,14,22,30.601242690058466,0.671875,40.90909090909091,1036.363636363636,32.386363636363626,0
4939,4,0,0,46,0.0,0.0,1.0,46,1000,700,300,0.7,13,7,6,397.1745221504213,0.8593196457326893,0.4203472328886113,0.25176877624191546,134288.91383851125,1467.2270367819478,135756.1408752932,4842,8,696.7173913043479,32,14,22,30.585840743898988,0.6722005208333335,40.877525252525245,1036.489898989898,32.39030934343431,0
4940,4,0,0,46,0.0,0.0,1.0,46,1350,900,450,0.6666666666666666,18,9,9,398.74522541451984,0.8582729468599034,0.4182301728016091,0.2541266118526207,134485.29048375168,1525.0734937761492,136010.36397752783,4843,9,697.7173913043479,32,14,22,30.348194359910732,0.6741536458333334,40.688131313131315,1037.2474747474748,32.41398358585859,0
4941,4,0,0,46,0.0,0.0,1.0,46,1400,1100,300,0.7857142857142857,17,11,6,400.1548362123192,0.8582729468599034,0.42055177230661767,0.2554834723509422,134550.78125,1568.245108917457,136119.02635891744,4844,10,698.7173913043479,31,15,22,30.245983935742974,0.6774193548387097,40.625,1037.5,33.46774193548387,0
4942,4,1,1,46,0.02127659574468085,0.02127659574468085,0.9787234042553191,47,900,700,200,0.7777777777777778,11,7,4,387.91490910587714,0.86054579093432,0.4051734170569663,0.24991197785544642,134878.47421500355,1064.2742130904967,135942.74842809406,4845,0,684.8297872340426,32,15,19,30.235555690612216,0.6780598958333334,40.30934343434343,1038.762626262626,32.461332070707066,0
4943,4,0,0,46,0.0,0.0,1.0,46,850,600,250,0.7058823529411765,11,6,5,397.45941750699484,0.8587962962962963,0.4146249025242805,0.25494319676454286,134719.69816419805,1509.122551812057,136228.82071601012,4846,12,700.7173913043479,31,15,23,30.146666875705503,0.6790994623655915,40.46223958333333,1038.151041666666,33.488743279569874,0
4944,4,0,0,46,0.0,0.0,1.0,46,1250,800,450,0.64,17,8,9,397.97426381451265,0.8584541062801933,0.4188870960708211,0.255987316789077,134821.09917534728,1531.0655381944498,136352.16471354172,4847,13,701.7173913043479,31,15,20,30.031761952524242,0.6801075268817204,40.364583333333336,1038.541666666667,33.50134408602152,0
4945,4,0,0,46,0.0,0.0,1.0,46,1000,600,400,0.6,14,6,8,398.0506432800502,0.8579911433172303,0.42265687161433063,0.2565143806210212,134888.7210422093,1538.5084364149411,136427.22947862424,4848,14,702.7173913043479,31,15,20,29.962083228879415,0.680779569892473,40.29947916666667,1038.8020833333342,33.50974462365594,0
4946,4,0,0,46,0.0,0.0,1.0,46,1300,800,500,0.6153846153846154,18,8,10,392.70943699478926,0.8580112721417069,0.3704206868058424,0.246857759235305,133981.00090288496,1323.1206865140618,135304.12158939903,4849,15,703.7173913043479,35,11,18,31.010457425004663,0.6622023809523809,41.17476851851852,1035.300925925926,29.58002645502646,3
4947,4,0,0,46,0.0,0.0,1.0,46,1100,600,500,0.5454545454545454,16,6,10,389.4465216441432,0.8572262479871176,0.36404663589992703,0.24580721923237558,134130.8258852025,1247.356717249677,135378.18260245217,4850,16,704.7173913043479,35,11,18,30.944599627560525,0.663690476190476,41.0300925925926,1035.879629629631,29.596560846560884,0
4948,4,0,0,46,0.0,0.0,1.0,46,1250,800,450,0.64,17,8,9,389.4223499507606,0.855012077294686,0.36066356085161,0.24645560276801265,134229.67519884772,1254.4071098125405,135484.08230866026,4851,17,705.7173913043479,36,10,18,30.846102296602208,0.6626157407407407,40.9346846846847,1036.2612612612631,28.785035035035087,0
4949,4,0,0,46,0.0,0.0,1.0,46,1000,700,300,0.7,13,7,6,390.49403103490044,0.8544685990338164,0.35812058663769664,0.2477255379515,134317.2115316332,1290.0138736709941,135607.2254053042,4852,18,706.7173913043479,36,10,19,30.73058120586638,0.6634837962962962,40.85022522522524,1036.5990990991008,28.79441941941947,0
4950,4,0,0,46,0.0,0.0,1.0,46,950,500,450,0.5263157894736842,14,5,9,393.3018355220798,0.8535829307568438,0.35956554788085304,0.25030522483226236,134433.97102761565,1374.6255123366818,135808.59653995233,4853,19,707.7173913043479,36,10,19,30.540775328483004,0.6646412037037036,40.73761261261262,1037.049549549551,28.806931931931974,0
4951,4,0,0,46,0.0,0.0,1.0,46,1450,900,550,0.6206896551724138,20,9,11,392.6948674871921,0.8532206119162641,0.35811924556205454,0.250939429661438,134582.56927924344,1370.1290210458951,135952.69830028934,4854,20,708.7173913043479,33,13,20,30.407636510373614,0.6726641414141415,40.59436274509803,1037.6225490196068,31.44310754604869,0
4952,4,1,1,46,0.02127659574468085,0.02127659574468085,0.9787234042553191,47,1500,1300,200,0.8666666666666667,17,13,4,382.6408721750165,0.8577705827937094,0.3574536334010139,0.24722962051929814,134983.42013888882,930.0347222222142,135913.45486111104,4855,0,694.6170212765958,34,13,19,30.267642341619883,0.6743259803921569,40.20833333333333,1039.166666666666,30.56372549019606,0
4953,4,0,0,46,0.0,0.0,1.0,46,1100,600,500,0.5454545454545454,16,6,10,370.33418936586133,0.8572061191626409,0.3097613274006452,0.23406607058983428,134181.31209843414,738.3854888042496,134919.6975872384,4856,1,710.1521739130435,37,9,17,31.38901382862385,0.6601914414414414,40.98135964912281,1036.0745614035088,28.002015173067807,2
4954,4,1,1,46,0.02127659574468085,0.02127659574468085,0.9787234042553191,47,1450,1100,350,0.7586206896551724,18,11,7,363.702343103453,0.8590810977489978,0.30458664757968656,0.2325827266966216,134609.20538359293,392.552617857514,135001.75800145045,4857,0,696.0212765957447,36,11,19,31.133116295894368,0.6663773148148149,40.56869369369369,1037.7252252252244,28.82570070070068,0
4955,4,0,0,46,0.0,0.0,1.0,46,1400,900,500,0.6428571428571429,19,9,10,359.99118011626973,0.854669887278583,0.3050392742560011,0.22456592664395889,133698.92659279783,426.08687288396237,134125.01346568178,4858,1,712.1086956521739,37,9,17,32.139701724625375,0.6554054054054055,41.44736842105263,1034.2105263157896,27.951635846372692,3
4956,4,0,0,46,0.0,0.0,1.0,46,1550,1100,450,0.7096774193548387,20,11,9,363.12774416505124,0.8534219001610306,0.3009613960440036,0.2276775700794079,133886.5389751808,523.5833744247229,134410.12234960552,4859,2,713.1086956521739,38,8,13,31.8706771962424,0.6554276315789473,41.26602564102564,1034.9358974358975,27.23515519568151,0
4957,4,0,0,46,0.0,0.0,1.0,46,850,700,150,0.8235294117647058,10,7,3,367.3331325664857,0.8536030595813204,0.2981888919303377,0.23066044857010232,133941.8297195741,640.2543785155931,134582.0840980897,4860,3,714.1086956521739,38,8,13,31.706488457701163,0.6559758771929824,41.212606837606835,1035.1495726495725,27.24077822762033,0
4958,4,0,0,46,0.0,0.0,1.0,46,1550,1100,450,0.7096774193548387,20,11,9,367.9710764836217,0.8518317230273752,0.30376925215956097,0.23193183455346078,134080.10651800703,667.5202260939313,134747.62674410097,4861,4,715.1086956521739,38,8,14,31.55151812117461,0.6573464912280702,41.07905982905982,1035.6837606837596,27.25483580746736,0
4959,4,0,0,46,0.0,0.0,1.0,46,1000,600,400,0.6,14,6,8,367.8426900548967,0.8515901771336554,0.30327163151097714,0.23220069809715344,134135.43721236024,668.1480111768518,134803.58522353708,4862,5,716.1086956521739,38,8,15,31.49945853960395,0.6578947368421053,41.02564102564102,1035.8974358974353,27.260458839406194,0
4960,4,0,0,46,0.0,0.0,1.0,46,1450,1000,450,0.6896551724137931,19,10,9,367.4247813086687,0.851207729468599,0.30042765502494606,0.23246268453442742,134218.454655654,663.0372698882115,134881.4919255422,4863,6,717.1086956521739,38,8,15,31.42720899061759,0.658717105263158,40.94551282051281,1036.2179487179474,27.268893387314403,0
4961,4,0,0,46,0.0,0.0,1.0,46,1550,1000,550,0.6451612903225806,21,10,11,367.2878153210543,0.8501409017713366,0.28929869291881927,0.233080030873786,134329.18453000573,667.4945439769072,134996.67907398264,4864,7,718.1086956521739,38,8,15,31.319995534027285,0.6598135964912281,40.83867521367521,1036.6452991452984,27.280139451192063,0
4962,4,0,0,46,0.0,0.0,1.0,46,1050,700,350,0.6666666666666666,14,7,7,347.57825292247486,0.8495772946859904,0.25329458840609576,0.2205723864033205,134329.18453000564,144.28418803416403,134473.4687180398,4865,8,719.1086956521739,38,8,15,31.830791164244726,0.6598135964912282,40.8386752136752,1036.6452991452975,27.28013945119204,2
4963,4,0,0,46,0.0,0.0,1.0,46,1050,700,350,0.6666666666666666,14,7,7,347.96369963512905,0.8485507246376812,0.2589209722359098,0.22131950646517434,134412.2618982394,154.11758528745065,134566.37948352686,4866,9,720.1086956521739,38,8,15,31.73788550037777,0.6606359649122808,40.758547008547005,1036.9658119658116,27.288573999100304,0
4964,4,0,0,46,0.0,0.0,1.0,46,1200,800,400,0.6666666666666666,16,8,8,348.27222297606875,0.8483494363929147,0.2544143264653591,0.222020683708119,134495.36494859005,168.19994612462017,134663.56489471468,4867,10,721.1086956521739,38,8,16,31.64696844851856,0.6614583333333334,40.6784188034188,1037.2863247863245,27.297008547008538,0
4965,4,0,0,46,0.0,0.0,1.0,46,1050,700,350,0.6666666666666666,14,7,7,344.5873825788709,0.8464573268921095,0.248991714376519,0.22034083258647608,134606.20896568405,76.720245269917,134682.92921095397,4868,11,722.1086956521739,38,8,16,31.632005216376673,0.6625548245614036,40.57158119658119,1037.7136752136746,27.308254610886173,0
4966,4,0,0,46,0.0,0.0,1.0,46,1400,900,500,0.6428571428571429,19,9,10,344.34727937814375,0.8452495974235105,0.24762479871175525,0.22136610817166372,134800.29585798807,83.62302761340206,134883.91888560148,4869,12,723.1086956521739,38,8,13,31.444830246913583,0.6644736842105263,40.38461538461538,1038.4615384615377,27.327935222672043,0
4967,4,0,0,46,0.0,0.0,1.0,46,1000,700,300,0.7,13,7,6,347.00722039367923,0.8447061191626409,0.24474298542972872,0.22341749646803644,134855.77493790636,159.18552304769915,135014.96046095405,4870,13,724.1086956521739,38,8,14,31.32050161146539,0.6650219298245614,40.33119658119658,1038.6752136752139,27.333558254610892,0
4968,4,0,0,46,0.0,0.0,1.0,46,1050,600,450,0.5714285714285714,15,6,9,346.4139666561815,0.8443438003220612,0.23976982097186705,0.2233772819472617,134911.26543209862,147.02932098764143,135058.29475308626,4871,14,725.1086956521739,38,8,14,31.28063725490196,0.6655701754385965,40.27777777777777,1038.8888888888878,27.339181286549678,0
4969,4,0,0,46,0.0,0.0,1.0,46,1300,1000,300,0.7692307692307693,16,10,6,347.71683041937615,0.8435587761674719,0.24525923343078593,0.22456134745410697,134966.7673405654,186.04331032214824,135152.81065088755,4872,15,726.1086956521739,38,8,15,31.191522722599213,0.6661184210526316,40.22435897435897,1039.1025641025637,27.34480431848852,0
4970,4,0,0,46,0.0,0.0,1.0,46,1350,1000,350,0.7407407407407407,17,10,7,350.33945346446706,0.8423309178743962,0.24694946227430936,0.22712546446787,135105.57204918182,266.56245434290406,135372.13450352472,4873,16,727.1086956521739,38,8,15,30.985167677182893,0.6674890350877192,40.090811965811966,1039.636752136752,27.35886189833558,0
4971,4,0,0,46,0.0,0.0,1.0,46,1050,700,350,0.6666666666666666,14,7,7,349.3246880837025,0.8421497584541063,0.24955912129063096,0.22723172706943154,135227.08468967033,247.63183593751918,135474.71652560786,4874,17,728.1086956521739,39,7,16,30.890606743448505,0.6669337606837606,39.97395833333334,1040.1041666666683,26.66933760683765,0
4972,4,0,0,46,0.0,0.0,1.0,46,1200,800,400,0.6666666666666666,16,8,8,356.3891117259261,0.841243961352657,0.2529385142280227,0.23287662624288613,135389.64979383684,450.2794053819481,135839.92919921878,4875,18,729.1086956521739,39,7,16,30.545094751943413,0.6685363247863249,39.817708333333336,1040.729166666667,26.685363247863254,0
4973,4,0,0,46,0.0,0.0,1.0,46,1700,1300,400,0.7647058823529411,21,13,8,359.0400000000003,0.8385668276972625,0.24417391304347857,0.2362105263157895,135633.68055555542,539.8030598958226,136173.48361545123,4876,19,730.1086956521739,38,8,17,30.233333333333338,0.6726973684210527,39.58333333333333,1041.6666666666656,27.41228070175436,0
4974,4,0,1,45,0.0,0.021739130434782608,0.9782608695652174,46,1450,1100,350,0.7586206896551724,18,11,7,359.3474591832186,0.8377214170692432,0.24421151915294925,0.23695139315818964,135715.0729709202,553.7733289930613,136268.84629991328,4877,20,731.1086956521739,39,7,17,30.14439418174547,0.6717414529914529,39.505208333333336,1041.9791666666672,26.717414529914542,0
4975,4,0,0,45,0.0,0.0,1.0,45,1500,1100,400,0.7333333333333333,19,11,8,363.46994842904087,0.834385521885522,0.2507731400768014,0.23931097009666286,135661.50427578713,861.775992585288,136523.28026837241,4878,21,747.1777777777778,38,7,17,30.090289884798153,0.6729714912280702,39.55662393162393,1041.7735042735042,27.415092217723792,0
4976,4,0,0,45,0.0,0.0,1.0,45,900,700,200,0.7777777777777778,11,7,4,363.41149767726074,0.8344276094276095,0.2521237808768573,0.23945871117220585,135689.33084958722,862.2125885747643,136551.54343816199,4879,22,748.1777777777778,38,7,18,30.064132143833742,0.6732456140350876,39.52991452991453,1041.8803418803416,27.417903733693198,0
4977,4,0,0,45,0.0,0.0,1.0,45,1250,900,350,0.72,16,9,7,363.02484974691555,0.8343434343434344,0.2543627601763556,0.23939022039091729,135717.16027695587,853.7403435239893,136570.90062047986,4880,23,749.1777777777778,38,7,18,30.046524146416484,0.6735197368421053,39.503205128205124,1041.987179487179,27.420715249662607,0
4978,4,0,0,45,0.0,0.0,1.0,45,1600,1300,300,0.8125,19,13,6,367.2486909370941,0.8335016835016835,0.2589449227825611,0.24274242742427415,135800.66568047318,974.5233399079335,136775.1890203811,4881,24,750.1777777777778,38,7,18,29.853423534235326,0.674342105263158,39.42307692307691,1042.3076923076908,27.429149797570812,0
4979,4,0,0,45,0.0,0.0,1.0,45,1000,900,100,0.9,11,9,2,366.9199298545295,0.8334175084175085,0.2603272193189192,0.24309379466736938,135884.19676610766,971.7239891518551,136855.92075525952,4882,25,751.1777777777778,38,7,15,29.77892202069883,0.6751644736842106,39.34294871794871,1042.628205128204,27.437584345479053,0
4980,4,0,0,45,0.0,0.0,1.0,45,1050,700,350,0.6666666666666666,14,7,7,371.1411723898718,0.8320707070707071,0.26220174091141857,0.24704795830859555,136051.33598372777,1098.8504684418122,137150.18645216958,4883,26,752.1777777777778,38,7,15,29.50268817204301,0.6768092105263158,39.18269230769231,1043.2692307692305,27.454453441295538,0
4981,4,0,0,45,0.0,0.0,1.0,45,1150,800,350,0.6956521739130435,15,8,7,373.45343165367734,0.8307659932659933,0.261807261807262,0.24917302734925698,136134.94411571344,1168.0124095989618,137302.95652531242,4884,27,753.1777777777778,38,7,16,29.35925982800984,0.6776315789473684,39.10256410256411,1043.5897435897443,27.462887989203796,0
4982,4,0,0,45,0.0,0.0,1.0,45,1150,800,350,0.6956521739130435,15,8,7,376.73319259970515,0.8303030303030303,0.26169554736889955,0.2521532026085152,136246.46157498736,1265.7128899116187,137512.17446489897,4885,28,754.1777777777778,38,7,16,29.162829171783322,0.6787280701754386,38.9957264957265,1044.0170940170951,27.47413405308145,0
4983,4,0,0,45,0.0,0.0,1.0,45,1000,700,300,0.7,13,7,6,370.9253988003205,0.829419191919192,0.2493489799762858,0.24911379596589545,136367.09120008702,1116.4035373264087,137483.49473741342,4886,29,755.1777777777778,39,6,16,29.194612047471832,0.6781517094017093,38.88020833333334,1044.4791666666683,26.781517094017136,0
4984,4,0,0,45,0.0,0.0,1.0,45,1100,700,400,0.6363636363636364,15,7,8,371.83563964139444,0.8283670033670034,0.2512905727262653,0.2503027829263887,136448.70334201408,1147.2981770833526,137596.00151909742,4887,30,756.1777777777778,39,6,17,29.089813891658363,0.6789529914529913,38.80208333333334,1044.7916666666683,26.789529914529957,0
4985,4,0,0,45,0.0,0.0,1.0,45,850,500,350,0.5882352941176471,12,5,7,371.4502443734356,0.8268939393939394,0.2578344738998517,0.25081640323304544,136557.55750868062,1144.8676215277883,137702.4251302084,4888,31,757.1777777777778,39,6,17,28.991844395721223,0.6800213675213675,38.69791666666667,1045.208333333334,26.80021367521369,0
4986,4,0,0,45,0.0,0.0,1.0,45,1400,1100,300,0.7857142857142857,17,11,6,368.0769005255619,0.826936026936027,0.2617165880764205,0.24930876703613986,136666.45507812515,1060.7530381944594,137727.2081163196,4889,32,758.1777777777778,39,6,18,28.97198977219897,0.6810897435897436,38.59375000000001,1045.6250000000011,26.810897435897466,0
4987,4,0,0,45,0.0,0.0,1.0,45,1200,800,400,0.6666666666666666,16,8,8,367.08469752082806,0.8252525252525253,0.2590178061931545,0.24963329287571076,136806.93969538706,1043.968516755157,137850.9082121422,4890,33,759.1777777777778,37,8,18,28.858675715333824,0.6860923423423423,38.459429824561404,1046.1622807017545,28.274656235182555,0
4988,4,0,0,45,0.0,0.0,1.0,45,1300,900,400,0.6923076923076923,17,9,8,366.7893886338621,0.8239057239057239,0.25761480705430406,0.2502505156905085,136921.67451764003,1044.2834574099666,137965.95797505,4891,34,760.1777777777778,37,8,18,28.752728304522435,0.6872184684684685,38.34978070175438,1046.6008771929824,28.28651019440493,0
4989,4,0,0,45,0.0,0.0,1.0,45,1200,900,300,0.75,15,9,6,367.6237783984972,0.8229377104377105,0.2568818155025052,0.2519893899204244,137084.29783950612,1079.0895061728374,138163.38734567896,4892,35,761.1777777777778,38,7,15,28.569849690539343,0.6869517543859649,38.19444444444444,1047.222222222222,27.558479532163734,0
4990,4,0,1,44,0.0,0.022222222222222223,0.9777777777777777,45,1150,700,450,0.6086956521739131,16,7,9,367.456687210348,0.8226430976430977,0.2539812075668446,0.25207683028152866,137112.2699453029,1076.5640979984,138188.8340433013,4893,36,762.1777777777778,38,7,15,28.546533374137173,0.6872258771929824,38.167735042735046,1047.3290598290605,27.56129104813317,0
4991,4,0,0,44,0.0,0.0,1.0,44,1300,1100,200,0.8461538461538461,15,11,4,374.9669254731841,0.8231809372797745,0.25180333641026675,0.2575168252369034,137151.2884373076,1485.439390004614,138636.72782731222,4894,37,773.3636363636364,37,7,16,28.31124166928365,0.6894707207207207,38.13048245614035,1047.4780701754382,28.310218112849682,0
4992,4,0,0,44,0.0,0.0,1.0,44,1250,900,350,0.72,16,9,7,376.1526269816489,0.8209126145172657,0.24900596421471177,0.2591846183174924,137266.16753472228,1526.6059027777837,138792.77343750006,4895,38,774.3636363636364,37,7,17,28.16641815772035,0.6905968468468469,38.020833333333336,1047.916666666667,28.322072072072082,0
4993,4,0,1,43,0.0,0.022727272727272728,0.9772727272727273,44,1100,900,200,0.8181818181818182,13,9,4,372.1448812641887,0.8190186751233263,0.2464398771781393,0.2576988775908354,137438.57635282015,1429.4125355878766,138867.98888840803,4896,39,775.3636363636364,37,7,17,28.100818257868866,0.692286036036036,37.85635964912281,1048.574561403509,28.33985301090565,0
4994,4,0,0,43,0.0,0.0,1.0,43,1400,1000,400,0.7142857142857143,18,10,8,375.71650547760464,0.8154761904761905,0.2291627657316906,0.26098428400625556,137546.58110390796,1735.7041585504444,139282.2852624584,3588,40,680.5348837209302,36,7,17,27.900339953480053,0.6953125,37.75337837837838,1048.9864864864865,29.138513513513512,0
4995,4,0,0,43,0.0,0.0,1.0,43,1200,900,300,0.75,15,9,6,374.47756451583206,0.8135843484680694,0.2333067172372496,0.26123734291074513,137694.28211995782,1712.6838832075389,139406.96600316535,3589,41,681.5348837209302,36,7,18,27.78679363376252,0.6967592592592593,37.612612612612615,1049.5495495495497,29.15415415415416,0
4996,4,0,0,43,0.0,0.0,1.0,43,900,700,200,0.7777777777777778,11,7,4,376.9841269841269,0.8113233665559246,0.23514211886304892,0.26388888888888895,137812.50000000012,1790.6250000000152,139603.12500000015,3590,42,682.5348837209302,36,7,18,27.60416666666667,0.6979166666666666,37.50000000000001,1050.000000000001,29.166666666666693,0
4997,4,0,0,43,0.0,0.0,1.0,43,1000,600,400,0.6,14,6,8,379.21559031762604,0.8081856773717239,0.23623220917769605,0.26682363934113523,137989.92193206731,1865.585940670414,139855.50787273774,3591,43,683.5348837209302,36,7,20,27.370266166488033,0.6996527777777777,37.33108108108109,1050.6756756756765,29.18543543543546,0
4998,4,0,0,43,0.0,0.0,1.0,43,1350,1000,350,0.7407407407407407,17,10,7,382.9777125842269,0.8068936877076411,0.24220924004434452,0.2706356507928656,138137.86072812663,1980.7443845872785,140118.6051127139,3592,44,684.5348837209302,36,7,15,27.12529012676308,0.7010995370370371,37.19031531531531,1051.2387387387378,29.20107607607605,0
4999,4,0,0,43,0.0,0.0,1.0,43,750,500,250,0.6666666666666666,10,5,5,381.4412371345976,0.8068475452196382,0.23805822921025865,0.26978298408247003,138167.45799853906,1940.5532221410585,140108.0112206801,3593,45,685.5348837209302,36,7,15,27.136443159097396,0.7013888888888888,37.16216216216216,1051.3513513513512,29.204204204204203,0
5000,4,0,1,42,0.0,0.023255813953488372,0.9767441860465116,43,650,200,450,0.3076923076923077,11,2,9,379.91385202062474,0.8053709856035437,0.2401615284454881,0.2698688434771601,138315.49190660255,1909.5942648729838,140225.08617147553,3594,46,686.5348837209302,36,7,15,27.030474966991402,0.7028356481481481,37.0213963963964,1051.9144144144145,29.219844844844847,0
